3979
1 2 7 7
1 3 7 10
1 4 7 10
1 5 3 4
1 7 9 3
1 8 6 3
1 10 8 3
1 12 10 4
1 13 2 4
1 14 1 5
1 16 7 9
1 17 2 7
1 18 6 8
1 20 4 2
1 21 8 6
1 23 3 1
1 24 8 8
1 25 3 1
1 26 1 5
1 27 1 2
1 31 6 9
1 33 5 8
1 34 2 10
1 35 6 8
1 37 10 6
1 38 8 2
1 39 3 9
1 40 1 10
1 41 5 4
1 42 8 5
1 43 2 10
1 44 5 5
1 45 4 2
1 46 4 3
1 47 1 5
1 49 7 2
1 52 2 10
1 53 8 8
1 54 3 2
1 55 9 4
1 57 3 4
1 59 9 5
1 60 3 5
1 61 3 9
1 62 3 7
1 63 2 7
1 66 8 7
1 67 9 9
1 69 3 2
1 70 9 10
1 71 9 10
1 72 9 5
1 73 9 4
1 74 10 4
1 75 8 5
1 76 1 8
1 77 9 7
1 78 1 5
1 79 10 3
1 80 5 2
1 82 10 7
1 83 6 2
1 84 6 7
1 85 9 8
1 86 1 9
1 87 8 7
1 88 5 8
1 89 10 9
1 90 3 5
1 92 3 6
1 93 4 7
1 94 8 2
1 96 9 3
1 97 5 3
1 98 7 4
1 99 2 1
1 100 9 7
2 3 4 3
2 4 2 8
2 5 3 4
2 6 3 8
2 9 1 2
2 10 9 7
2 11 10 1
2 13 2 2
2 14 2 5
2 15 1 6
2 16 3 5
2 17 9 1
2 18 9 4
2 20 4 8
2 22 8 3
2 23 7 7
2 25 10 7
2 27 8 6
2 29 2 2
2 30 2 2
2 31 4 5
2 32 3 3
2 33 2 7
2 34 1 1
2 35 9 2
2 36 2 4
2 37 7 6
2 38 5 8
2 41 6 1
2 42 1 7
2 43 3 10
2 44 5 6
2 45 2 9
2 47 9 4
2 48 9 1
2 49 5 7
2 50 5 2
2 51 2 1
2 52 4 5
2 55 10 1
2 56 10 4
2 57 6 5
2 58 4 10
2 59 10 10
2 60 6 7
2 61 3 6
2 62 8 9
2 64 3 7
2 65 5 9
2 66 4 3
2 67 7 9
2 68 1 4
2 69 1 1
2 70 6 6
2 74 6 2
2 75 2 2
2 76 5 1
2 78 1 1
2 79 7 4
2 82 2 3
2 83 3 4
2 85 5 9
2 86 9 9
2 87 3 3
2 88 3 2
2 89 8 6
2 90 6 6
2 91 1 10
2 94 2 7
2 95 7 3
2 96 1 2
2 98 5 10
2 99 4 3
2 100 3 4
3 6 2 1
3 7 1 9
3 8 10 9
3 9 2 8
3 10 3 5
3 11 1 1
3 12 4 9
3 13 10 7
3 15 3 3
3 16 8 3
3 17 3 1
3 18 6 10
3 20 7 6
3 21 7 4
3 22 8 5
3 23 2 2
3 25 6 2
3 26 6 3
3 27 4 10
3 28 7 2
3 29 10 1
3 31 1 3
3 33 9 10
3 34 4 10
3 35 9 10
3 36 6 1
3 37 1 6
3 38 10 4
3 39 6 9
3 40 8 5
3 41 5 5
3 42 4 6
3 43 6 4
3 44 4 10
3 45 1 2
3 46 4 1
3 47 4 5
3 48 10 1
3 49 10 4
3 50 6 6
3 51 6 2
3 52 3 7
3 53 8 4
3 54 10 10
3 55 9 6
3 56 1 5
3 57 5 8
3 58 6 3
3 60 1 10
3 61 1 1
3 62 9 10
3 63 1 1
3 64 10 2
3 65 6 4
3 66 2 7
3 67 6 10
3 68 10 9
3 69 8 3
3 70 9 2
3 71 8 10
3 72 3 5
3 73 10 1
3 75 2 10
3 76 6 6
3 77 6 5
3 78 2 1
3 79 6 2
3 80 6 4
3 81 5 4
3 82 1 1
3 83 1 2
3 87 5 1
3 88 10 1
3 90 10 5
3 91 5 8
3 92 10 10
3 93 6 3
3 94 7 9
3 95 2 3
3 97 5 4
3 98 5 2
3 100 5 1
4 6 7 6
4 7 7 10
4 9 5 5
4 10 5 1
4 12 3 10
4 13 3 9
4 14 8 6
4 16 9 1
4 17 1 9
4 18 7 7
4 20 7 5
4 21 9 1
4 23 1 10
4 24 1 9
4 26 2 1
4 27 8 7
4 29 10 8
4 30 10 7
4 31 4 1
4 32 9 7
4 34 4 3
4 35 9 4
4 36 1 7
4 40 6 3
4 42 1 7
4 44 7 6
4 45 7 2
4 47 5 1
4 48 9 5
4 49 9 7
4 52 4 4
4 55 10 1
4 56 5 8
4 57 7 7
4 58 8 4
4 59 4 4
4 60 8 9
4 61 7 4
4 62 3 1
4 63 6 2
4 64 7 9
4 65 4 3
4 67 4 9
4 69 7 3
4 71 5 1
4 73 1 10
4 74 6 9
4 75 8 4
4 77 3 6
4 78 5 3
4 79 3 2
4 80 7 4
4 81 2 8
4 83 3 6
4 84 10 2
4 85 8 6
4 86 1 4
4 87 4 4
4 89 2 8
4 90 4 7
4 91 6 5
4 92 3 10
4 93 8 3
4 94 6 9
4 95 8 9
4 96 1 9
4 97 8 8
4 100 6 6
5 6 3 2
5 7 3 3
5 8 7 6
5 9 8 5
5 10 5 5
5 12 2 3
5 13 6 3
5 16 9 1
5 17 5 10
5 18 3 2
5 19 5 8
5 20 8 3
5 21 6 10
5 22 6 2
5 23 1 6
5 24 5 1
5 26 3 1
5 27 8 8
5 28 8 5
5 29 1 9
5 30 6 10
5 31 9 7
5 32 9 1
5 33 4 7
5 34 10 3
5 35 8 6
5 37 5 3
5 38 4 7
5 39 6 8
5 41 7 10
5 43 2 4
5 44 10 4
5 45 2 7
5 47 8 7
5 48 9 4
5 49 4 4
5 51 4 7
5 52 4 10
5 54 5 1
5 55 7 3
5 56 9 4
5 57 3 1
5 58 6 4
5 59 8 10
5 60 1 3
5 61 2 3
5 63 4 1
5 64 3 10
5 65 1 2
5 67 7 8
5 68 5 1
5 69 9 6
5 71 8 2
5 72 3 2
5 73 9 7
5 74 3 1
5 75 2 9
5 76 2 5
5 77 5 6
5 78 7 9
5 79 1 5
5 80 5 7
5 81 8 2
5 82 7 2
5 83 7 2
5 84 6 5
5 85 5 6
5 86 3 5
5 87 4 4
5 88 7 5
5 89 3 6
5 90 9 10
5 91 6 8
5 92 3 4
5 93 5 4
5 94 8 5
5 97 3 7
5 99 4 3
5 100 8 8
6 8 3 1
6 9 7 3
6 10 4 2
6 11 9 9
6 12 1 4
6 14 8 8
6 15 8 1
6 16 1 7
6 17 9 3
6 18 7 8
6 19 7 1
6 21 2 1
6 22 7 2
6 23 2 3
6 24 5 6
6 25 8 6
6 26 9 10
6 27 7 9
6 29 6 3
6 30 3 2
6 31 5 7
6 32 4 2
6 34 6 9
6 35 9 10
6 36 3 8
6 37 2 9
6 38 7 6
6 39 8 5
6 40 7 10
6 41 1 8
6 42 5 2
6 44 2 9
6 46 1 9
6 47 2 8
6 48 2 6
6 49 1 8
6 50 8 6
6 51 7 2
6 52 8 2
6 53 2 9
6 55 5 7
6 57 4 4
6 59 10 10
6 60 9 10
6 61 2 5
6 62 4 3
6 63 4 10
6 65 9 9
6 66 5 6
6 67 5 1
6 68 2 6
6 69 10 2
6 70 3 5
6 71 5 8
6 72 7 4
6 73 7 6
6 74 6 2
6 75 10 3
6 78 2 9
6 79 10 4
6 80 4 1
6 81 2 1
6 82 9 10
6 83 8 5
6 84 3 5
6 85 10 5
6 86 6 4
6 87 2 1
6 88 6 6
6 89 5 5
6 90 1 1
6 91 6 9
6 93 8 8
6 95 2 4
6 96 3 9
6 97 8 7
6 98 5 5
6 99 9 8
7 8 2 2
7 9 6 1
7 10 10 9
7 11 4 5
7 13 2 6
7 14 7 3
7 15 7 2
7 17 10 2
7 18 9 7
7 19 9 6
7 21 1 8
7 22 10 2
7 23 5 5
7 24 4 1
7 25 9 1
7 26 8 5
7 27 1 4
7 29 2 7
7 30 9 9
7 31 9 10
7 32 8 3
7 33 3 10
7 34 6 6
7 35 5 9
7 36 1 6
7 38 9 6
7 39 9 5
7 40 6 8
7 41 1 1
7 42 10 6
7 43 4 1
7 44 6 8
7 45 1 8
7 48 1 4
7 50 8 8
7 51 9 6
7 52 7 8
7 53 10 1
7 54 6 4
7 56 3 3
7 57 10 7
7 58 6 2
7 59 8 10
7 60 8 5
7 61 10 4
7 62 5 3
7 63 9 4
7 65 3 10
7 66 6 7
7 67 5 1
7 70 6 5
7 71 5 9
7 72 9 2
7 75 2 9
7 76 5 3
7 77 1 2
7 78 6 3
7 80 2 3
7 82 6 5
7 83 1 8
7 84 4 8
7 85 7 1
7 86 8 4
7 87 10 10
7 88 1 5
7 90 9 6
7 91 10 1
7 92 6 4
7 94 6 10
7 95 1 5
7 96 10 3
7 97 5 9
7 98 4 8
7 99 3 1
7 100 4 2
8 9 3 2
8 11 1 7
8 14 3 1
8 15 9 7
8 16 6 8
8 18 8 7
8 19 1 1
8 21 1 9
8 22 4 5
8 23 6 2
8 24 8 8
8 26 3 5
8 27 10 10
8 28 3 3
8 29 4 5
8 30 3 9
8 31 6 7
8 32 6 4
8 33 8 10
8 34 6 4
8 35 7 5
8 37 8 9
8 38 4 1
8 39 4 5
8 40 6 6
8 41 9 1
8 42 4 3
8 43 8 8
8 44 2 1
8 45 4 3
8 46 5 8
8 47 2 10
8 48 5 1
8 49 6 10
8 50 2 1
8 51 1 8
8 52 4 6
8 53 5 5
8 54 1 5
8 56 7 7
8 57 6 6
8 58 8 3
8 59 4 5
8 60 3 2
8 61 9 5
8 62 4 9
8 63 5 4
8 64 10 4
8 65 5 10
8 66 3 2
8 67 6 4
8 69 4 1
8 70 2 9
8 72 1 7
8 73 10 9
8 75 5 9
8 76 8 1
8 78 4 4
8 79 1 4
8 81 4 7
8 83 10 7
8 85 9 7
8 86 6 7
8 87 8 9
8 88 6 3
8 89 1 9
8 90 7 3
8 91 2 9
8 92 7 9
8 93 7 2
8 94 1 1
8 95 4 2
8 96 9 6
8 97 5 10
8 98 4 6
8 99 5 6
9 10 2 4
9 11 1 10
9 12 2 3
9 13 4 8
9 14 6 2
9 15 9 4
9 16 4 1
9 17 6 7
9 18 2 2
9 19 2 5
9 20 1 2
9 22 6 9
9 23 8 4
9 24 8 9
9 25 5 6
9 26 8 1
9 28 3 5
9 29 1 10
9 30 1 6
9 32 9 7
9 34 9 6
9 35 10 5
9 36 10 2
9 37 7 8
9 38 9 5
9 39 6 5
9 40 5 10
9 41 2 3
9 42 9 7
9 43 3 1
9 44 6 8
9 45 3 9
9 47 5 6
9 48 1 9
9 50 4 4
9 51 8 4
9 52 9 5
9 55 5 4
9 56 5 5
9 57 5 9
9 58 6 10
9 59 1 6
9 60 8 7
9 61 9 6
9 62 3 2
9 64 6 6
9 65 6 10
9 66 4 5
9 67 8 1
9 68 8 7
9 69 1 8
9 70 1 6
9 71 3 1
9 72 5 5
9 73 9 6
9 74 1 9
9 75 10 7
9 76 7 8
9 77 5 2
9 78 3 3
9 79 5 4
9 80 7 8
9 81 1 10
9 82 2 5
9 83 6 2
9 85 4 6
9 86 8 1
9 87 3 1
9 88 7 7
9 90 8 2
9 91 10 7
9 92 4 1
9 93 10 6
9 94 3 9
9 95 1 1
9 96 6 2
9 97 8 1
9 99 1 9
10 11 6 4
10 12 5 2
10 13 5 5
10 14 9 3
10 15 5 8
10 17 5 10
10 18 7 4
10 19 8 2
10 20 6 9
10 21 5 5
10 22 8 10
10 23 9 1
10 24 10 2
10 25 1 2
10 27 9 8
10 28 5 2
10 29 8 5
10 30 9 6
10 31 7 6
10 32 10 6
10 33 9 3
10 34 2 4
10 36 2 10
10 37 10 7
10 41 7 4
10 42 4 8
10 43 8 10
10 44 10 9
10 45 7 6
10 46 5 4
10 47 9 5
10 48 3 3
10 50 6 8
10 51 3 5
10 52 5 9
10 53 1 7
10 54 1 5
10 55 1 2
10 56 1 9
10 57 8 4
10 59 9 2
10 60 10 7
10 61 6 3
10 63 8 2
10 64 6 8
10 65 4 1
10 66 5 3
10 68 7 1
10 69 7 10
10 70 1 1
10 71 9 6
10 74 1 5
10 75 7 1
10 76 6 1
10 78 1 6
10 80 2 2
10 81 9 6
10 83 7 3
10 85 9 8
10 86 4 2
10 87 9 7
10 88 5 5
10 89 8 3
10 90 1 8
10 91 5 7
10 92 9 2
10 93 6 2
10 94 4 4
10 95 8 7
10 96 9 2
10 98 10 1
10 99 10 3
10 100 3 5
11 12 10 6
11 13 4 2
11 14 1 3
11 15 6 8
11 16 5 9
11 17 10 1
11 18 1 2
11 19 8 1
11 23 10 10
11 24 5 2
11 26 8 6
11 27 4 6
11 28 2 2
11 29 2 3
11 30 1 5
11 32 10 6
11 33 3 6
11 34 9 2
11 36 4 6
11 37 9 1
11 38 9 1
11 39 4 5
11 40 7 2
11 41 8 9
11 42 6 3
11 43 1 9
11 44 8 9
11 45 3 6
11 46 9 5
11 47 9 7
11 48 10 10
11 49 5 2
11 50 1 4
11 51 9 9
11 53 3 7
11 54 10 7
11 55 6 1
11 56 6 6
11 57 4 7
11 58 4 7
11 59 4 5
11 60 9 9
11 61 10 5
11 62 10 4
11 64 6 3
11 67 4 7
11 68 2 3
11 69 2 8
11 70 6 7
11 71 7 5
11 72 7 5
11 73 2 2
11 74 3 1
11 75 3 8
11 76 7 9
11 77 8 8
11 78 10 9
11 79 5 4
11 80 10 6
11 81 9 6
11 82 6 7
11 84 4 4
11 85 6 8
11 86 7 9
11 87 5 6
11 88 10 6
11 89 4 9
11 90 3 9
11 91 8 10
11 92 2 6
11 93 1 6
11 94 4 5
11 95 3 1
11 96 2 10
11 98 7 8
11 99 4 4
12 13 7 1
12 14 6 9
12 15 2 5
12 16 1 4
12 17 7 1
12 18 8 1
12 20 9 2
12 22 5 1
12 23 7 6
12 24 2 7
12 25 9 9
12 27 6 8
12 28 6 4
12 29 8 9
12 30 6 1
12 31 1 10
12 35 6 10
12 36 3 1
12 37 10 9
12 39 1 1
12 40 9 9
12 41 5 3
12 42 10 7
12 43 7 10
12 45 7 6
12 46 5 2
12 47 5 10
12 48 6 8
12 50 7 8
12 52 4 6
12 53 7 3
12 54 7 1
12 56 4 6
12 58 2 4
12 59 9 1
12 60 9 2
12 61 2 8
12 62 5 1
12 63 1 1
12 65 9 4
12 67 10 9
12 69 7 7
12 70 3 1
12 71 6 3
12 72 4 6
12 73 3 9
12 74 5 2
12 75 6 1
12 76 5 2
12 77 8 7
12 78 9 4
12 79 3 4
12 80 6 9
12 81 3 3
12 82 1 9
12 83 8 5
12 84 5 7
12 86 10 6
12 88 3 6
12 89 2 1
12 90 8 8
12 91 9 5
12 92 8 8
12 93 2 5
12 94 6 6
12 96 7 4
12 97 9 2
12 99 10 7
12 100 5 4
13 14 5 6
13 15 10 3
13 16 7 1
13 17 9 7
13 18 1 1
13 20 5 1
13 21 5 9
13 23 8 4
13 24 10 1
13 25 9 7
13 26 2 5
13 27 1 7
13 28 6 2
13 29 9 3
13 31 1 6
13 32 5 5
13 33 10 10
13 34 4 6
13 35 4 1
13 37 1 3
13 39 10 2
13 40 1 8
13 41 8 9
13 42 5 3
13 43 2 3
13 45 3 8
13 46 2 3
13 49 9 8
13 50 9 5
13 51 7 4
13 52 6 6
13 53 10 10
13 54 1 8
13 55 4 5
13 56 6 8
13 57 5 6
13 58 5 2
13 59 8 4
13 60 9 10
13 62 9 5
13 63 7 2
13 65 7 3
13 66 7 7
13 69 7 8
13 70 7 10
13 72 4 2
13 73 6 9
13 75 3 9
13 76 6 9
13 77 1 1
13 78 1 3
13 79 1 9
13 81 10 8
13 82 7 5
13 86 2 6
13 87 6 8
13 88 1 4
13 89 6 4
13 90 6 5
13 91 5 8
13 92 9 7
13 93 10 7
13 94 8 9
13 95 8 1
13 96 5 6
13 98 3 5
13 99 10 7
13 100 8 7
14 15 2 2
14 18 2 1
14 19 9 4
14 20 5 2
14 21 10 2
14 22 1 2
14 23 4 10
14 24 10 7
14 26 8 5
14 27 3 1
14 28 4 6
14 29 10 6
14 32 7 2
14 33 2 6
14 34 10 3
14 35 2 4
14 38 5 10
14 40 7 10
14 41 2 3
14 42 7 7
14 43 6 5
14 46 1 6
14 47 2 7
14 48 4 10
14 49 3 2
14 50 1 6
14 51 8 1
14 52 7 6
14 53 4 8
14 54 6 5
14 55 10 7
14 56 3 3
14 57 5 2
14 58 6 3
14 62 4 3
14 63 1 9
14 64 2 3
14 67 7 10
14 68 9 2
14 69 3 1
14 70 5 7
14 71 4 6
14 72 10 7
14 73 4 10
14 74 9 2
14 76 9 3
14 77 5 4
14 78 2 7
14 79 7 9
14 80 5 4
14 81 2 3
14 82 9 7
14 83 4 5
14 84 3 6
14 85 8 10
14 86 5 7
14 87 10 1
14 88 6 2
14 89 7 1
14 90 8 8
14 91 1 1
14 92 3 3
14 93 1 9
14 94 4 8
14 95 2 4
14 96 8 5
14 97 10 2
14 98 10 3
14 99 10 8
15 18 3 6
15 19 2 10
15 20 8 5
15 21 9 2
15 24 2 7
15 25 5 4
15 26 1 3
15 27 3 10
15 28 3 8
15 30 5 7
15 31 1 3
15 32 1 8
15 33 3 6
15 34 7 7
15 35 3 1
15 37 3 2
15 38 5 4
15 39 6 6
15 40 10 10
15 41 1 9
15 43 3 2
15 44 10 4
15 48 2 8
15 49 9 8
15 50 6 2
15 51 7 5
15 52 7 8
15 53 6 6
15 54 5 5
15 56 1 1
15 60 9 7
15 62 10 6
15 64 8 10
15 65 7 3
15 66 5 9
15 67 10 8
15 68 4 1
15 69 3 10
15 70 8 4
15 71 4 5
15 72 5 8
15 73 5 1
15 74 10 2
15 75 4 2
15 76 2 8
15 77 9 1
15 78 1 3
15 79 2 9
15 81 10 1
15 82 8 9
15 83 5 6
15 84 4 2
15 85 1 1
15 86 1 1
15 87 1 3
15 88 9 8
15 89 6 4
15 90 4 7
15 91 3 2
15 92 2 1
15 93 9 2
15 94 1 7
15 95 2 4
15 96 5 7
15 98 2 5
15 100 2 2
16 17 4 5
16 19 3 9
16 20 1 7
16 21 10 3
16 22 8 10
16 23 5 7
16 24 8 4
16 25 10 4
16 26 8 10
16 27 9 3
16 29 9 10
16 31 5 1
16 32 8 1
16 33 3 5
16 34 5 8
16 35 6 2
16 36 10 5
16 39 5 2
16 40 2 6
16 41 6 4
16 42 7 7
16 43 2 1
16 44 10 4
16 45 5 3
16 46 5 8
16 47 5 7
16 48 5 1
16 52 5 8
16 53 3 4
16 54 6 2
16 55 9 3
16 56 3 6
16 57 3 2
16 58 7 1
16 59 8 2
16 61 3 10
16 62 6 1
16 63 10 7
16 64 1 7
16 65 8 5
16 66 10 8
16 69 1 9
16 70 3 3
16 73 1 9
16 74 5 6
16 75 5 4
16 76 7 5
16 77 1 4
16 78 5 7
16 79 7 7
16 81 7 8
16 83 10 9
16 84 2 2
16 85 7 8
16 87 6 3
16 88 8 2
16 89 1 8
16 90 6 9
16 91 3 5
16 94 2 1
16 95 5 3
16 96 4 2
16 97 9 10
16 98 3 10
16 99 5 5
16 100 6 9
17 18 1 6
17 19 9 5
17 20 8 5
17 21 3 9
17 22 1 7
17 24 5 4
17 25 5 4
17 26 6 7
17 27 2 7
17 28 8 6
17 29 4 10
17 30 9 4
17 31 8 3
17 33 2 10
17 34 1 1
17 35 10 9
17 36 3 1
17 38 9 2
17 39 7 6
17 40 9 3
17 41 7 8
17 43 5 6
17 44 3 9
17 45 4 6
17 46 9 7
17 48 4 9
17 49 4 2
17 50 10 2
17 51 2 8
17 52 9 7
17 53 3 6
17 54 8 2
17 55 3 9
17 56 3 7
17 57 7 9
17 58 3 2
17 59 7 10
17 61 10 2
17 62 8 2
17 64 8 2
17 65 1 10
17 66 8 9
17 67 5 4
17 68 9 8
17 70 3 7
17 72 8 6
17 73 10 6
17 75 6 3
17 76 5 5
17 77 8 10
17 78 2 5
17 79 2 10
17 80 6 6
17 81 7 8
17 82 9 2
17 84 7 9
17 85 6 1
17 86 10 4
17 87 7 4
17 88 5 10
17 89 1 7
17 90 9 4
17 91 9 2
17 92 5 2
17 93 8 7
17 94 10 4
17 95 6 10
17 96 2 8
17 97 6 10
17 98 4 8
17 99 8 8
17 100 1 8
18 19 1 6
18 20 9 8
18 21 10 1
18 22 2 8
18 23 2 6
18 24 10 2
18 25 10 1
18 26 9 7
18 27 7 10
18 29 4 5
18 30 6 5
18 33 7 7
18 34 2 4
18 35 7 8
18 36 7 6
18 37 9 7
18 38 4 4
18 39 1 5
18 41 7 8
18 42 9 1
18 43 3 5
18 44 2 10
18 46 10 1
18 47 6 10
18 48 7 1
18 49 9 3
18 51 3 5
18 52 3 6
18 53 1 1
18 55 4 5
18 56 1 4
18 57 7 5
18 58 4 3
18 59 5 2
18 60 9 4
18 61 2 8
18 63 7 2
18 64 7 4
18 65 1 7
18 67 7 9
18 68 4 3
18 69 2 2
18 70 9 6
18 71 5 5
18 72 1 8
18 73 2 4
18 74 7 8
18 75 8 1
18 76 3 5
18 79 3 9
18 80 5 8
18 82 6 2
18 83 10 9
18 84 7 7
18 85 6 8
18 86 5 5
18 87 5 9
18 88 9 3
18 89 4 1
18 90 2 9
18 92 2 4
18 95 8 8
18 96 3 3
18 97 5 1
18 98 3 5
18 99 4 3
19 21 10 6
19 22 2 3
19 23 1 10
19 24 9 7
19 26 10 9
19 27 10 6
19 28 7 8
19 29 5 8
19 30 2 1
19 31 9 10
19 32 6 3
19 33 2 9
19 34 4 1
19 35 5 1
19 36 3 3
19 37 3 4
19 38 1 2
19 39 1 4
19 40 3 10
19 41 10 5
19 43 4 8
19 44 10 6
19 45 1 6
19 46 2 2
19 47 1 1
19 48 7 3
19 49 3 4
19 51 9 5
19 52 5 7
19 53 6 2
19 54 6 6
19 56 9 7
19 59 6 1
19 60 8 10
19 62 7 1
19 63 7 10
19 64 3 7
19 65 10 2
19 66 6 10
19 67 4 2
19 68 3 3
19 69 8 1
19 70 3 5
19 71 4 7
19 74 10 9
19 75 1 4
19 76 7 2
19 77 8 5
19 78 9 10
19 80 7 7
19 82 9 10
19 83 6 2
19 84 7 7
19 86 6 8
19 87 1 3
19 88 8 3
19 89 5 3
19 90 7 7
19 91 6 7
19 92 2 2
19 93 10 1
19 94 2 7
19 95 7 7
19 98 7 3
19 99 10 5
20 22 4 10
20 23 2 9
20 24 2 8
20 25 6 5
20 26 1 8
20 28 1 4
20 29 4 7
20 30 4 5
20 31 7 8
20 34 4 7
20 35 3 1
20 36 4 9
20 37 9 10
20 38 7 7
20 40 1 8
20 41 1 6
20 43 10 7
20 44 6 4
20 45 3 6
20 47 1 1
20 48 6 3
20 49 10 2
20 50 5 4
20 52 9 2
20 53 4 3
20 54 5 8
20 55 5 1
20 56 10 9
20 57 3 1
20 58 4 5
20 59 2 6
20 60 9 9
20 61 10 10
20 63 7 3
20 64 9 4
20 65 8 1
20 66 2 7
20 67 3 2
20 68 7 5
20 69 3 9
20 70 4 1
20 71 5 2
20 72 9 1
20 73 7 5
20 74 9 8
20 75 1 9
20 76 8 10
20 77 6 1
20 78 6 9
20 79 8 8
20 80 2 6
20 81 4 1
20 82 2 2
20 83 9 8
20 84 7 2
20 85 4 1
20 86 6 10
20 87 10 2
20 90 5 7
20 91 10 1
20 94 2 7
20 95 10 4
20 96 2 6
20 97 10 4
20 98 4 9
20 99 4 4
21 23 4 1
21 25 6 7
21 26 7 4
21 27 2 7
21 28 9 8
21 29 10 5
21 30 10 4
21 31 1 9
21 32 10 2
21 33 8 9
21 34 8 9
21 35 4 10
21 36 5 5
21 37 3 4
21 38 9 10
21 39 5 8
21 40 7 4
21 41 1 4
21 42 7 3
21 43 4 1
21 45 4 6
21 46 10 8
21 48 5 3
21 49 6 3
21 50 1 1
21 52 10 1
21 53 10 10
21 54 7 10
21 56 7 9
21 57 6 3
21 58 7 1
21 60 1 8
21 61 9 2
21 62 9 9
21 65 2 4
21 66 2 5
21 67 6 2
21 68 2 5
21 71 1 1
21 72 10 10
21 74 1 6
21 76 10 4
21 77 7 9
21 78 3 7
21 79 1 3
21 80 1 6
21 81 1 2
21 82 5 10
21 83 9 5
21 85 8 9
21 87 10 4
21 88 9 10
21 89 9 1
21 90 9 7
21 91 2 8
21 92 2 1
21 93 8 2
21 95 4 9
21 97 7 10
21 99 5 9
21 100 8 2
22 23 6 4
22 24 5 4
22 25 7 3
22 26 1 2
22 27 6 2
22 29 2 6
22 30 1 9
22 31 9 4
22 32 5 4
22 33 4 5
22 34 4 3
22 35 8 3
22 36 5 6
22 37 5 5
22 38 8 2
22 39 1 10
22 40 8 2
22 41 3 10
22 42 9 5
22 43 3 6
22 44 7 3
22 45 3 1
22 47 4 10
22 48 2 9
22 49 4 2
22 50 2 6
22 51 4 5
22 52 10 5
22 53 7 9
22 54 4 2
22 57 1 8
22 58 3 2
22 59 6 2
22 60 1 9
22 61 7 6
22 62 4 5
22 63 8 4
22 64 8 8
22 65 6 9
22 66 9 6
22 67 2 5
22 70 2 2
22 71 1 7
22 72 10 3
22 75 9 8
22 76 8 9
22 77 4 7
22 78 2 6
22 79 3 10
22 80 4 1
22 81 4 10
22 82 9 10
22 83 3 9
22 84 4 7
22 85 10 7
22 86 9 8
22 87 10 2
22 88 3 4
22 89 8 1
22 90 4 3
22 91 2 5
22 92 6 4
22 93 6 10
22 94 8 9
22 95 2 4
22 96 10 5
22 98 9 5
22 99 2 6
22 100 1 4
23 24 6 8
23 25 9 5
23 26 9 8
23 27 5 8
23 29 8 1
23 30 5 1
23 31 8 1
23 32 9 4
23 33 10 7
23 34 7 9
23 35 7 1
23 36 3 7
23 37 1 1
23 38 5 2
23 39 8 2
23 40 2 7
23 41 10 7
23 42 10 10
23 43 2 2
23 45 2 8
23 46 9 8
23 47 3 4
23 48 2 10
23 49 10 5
23 50 7 1
23 52 2 4
23 53 2 8
23 56 7 5
23 57 7 2
23 58 9 1
23 59 7 8
23 60 1 1
23 61 8 8
23 62 8 10
23 63 7 9
23 64 4 3
23 65 2 10
23 66 10 1
23 67 1 8
23 68 1 7
23 69 6 4
23 70 7 5
23 71 7 4
23 72 7 9
23 73 7 5
23 74 4 9
23 75 4 4
23 76 9 6
23 77 9 4
23 78 8 2
23 79 5 2
23 80 6 10
23 81 10 2
23 82 5 9
23 83 1 3
23 85 3 6
23 86 3 8
23 87 5 8
23 89 7 10
23 91 8 1
23 92 10 4
23 93 9 4
23 94 10 9
23 95 1 4
23 96 10 5
23 97 5 7
23 98 2 6
23 99 3 9
24 25 10 4
24 26 3 8
24 27 10 3
24 28 10 6
24 29 6 2
24 32 9 10
24 33 3 6
24 34 10 7
24 35 10 6
24 36 2 7
24 37 10 4
24 38 8 7
24 40 5 5
24 41 7 3
24 42 4 7
24 43 3 8
24 44 8 4
24 46 8 9
24 47 4 10
24 48 4 3
24 49 3 10
24 51 2 6
24 53 1 5
24 55 4 7
24 56 5 3
24 57 6 6
24 58 10 2
24 59 10 3
24 60 6 9
24 61 10 7
24 63 2 7
24 64 3 2
24 65 4 2
24 67 10 8
24 68 10 2
24 69 10 8
24 71 2 7
24 72 5 2
24 73 8 8
24 74 10 8
24 75 3 9
24 76 2 6
24 77 1 6
24 78 1 2
24 79 4 5
24 81 9 5
24 84 6 4
24 85 1 3
24 86 7 5
24 87 6 3
24 88 9 4
24 89 6 8
24 90 5 3
24 91 3 5
24 93 10 1
24 94 3 8
24 95 5 9
24 96 9 2
24 98 10 7
24 99 7 4
25 26 1 8
25 27 2 3
25 28 7 9
25 30 2 1
25 31 5 2
25 32 8 5
25 33 9 10
25 34 6 9
25 35 6 4
25 38 6 9
25 39 2 1
25 42 9 5
25 43 1 8
25 44 1 2
25 45 4 4
25 46 4 5
25 47 2 2
25 48 4 9
25 49 9 2
25 50 9 10
25 51 3 4
25 52 1 7
25 53 8 6
25 54 5 9
25 55 2 8
25 57 3 2
25 58 3 10
25 59 6 6
25 63 1 2
25 65 3 6
25 66 7 5
25 67 3 7
25 68 5 10
25 70 6 4
25 71 10 3
25 72 10 6
25 74 8 9
25 76 1 3
25 78 7 6
25 79 3 7
25 80 3 10
25 81 10 7
25 82 7 4
25 83 4 8
25 84 1 2
25 85 10 2
25 86 6 6
25 87 8 5
25 88 10 10
25 89 10 9
25 90 2 1
25 91 1 9
25 92 1 1
25 93 8 8
25 94 6 2
25 95 5 8
25 96 6 10
25 98 7 1
25 99 3 1
25 100 1 7
26 27 1 5
26 28 1 2
26 29 2 1
26 31 7 9
26 32 6 4
26 33 5 1
26 34 2 1
26 35 8 6
26 36 1 8
26 37 4 1
26 38 9 8
26 39 7 10
26 40 2 10
26 41 8 5
26 42 10 9
26 43 4 7
26 45 1 7
26 46 9 8
26 47 7 4
26 48 3 10
26 50 9 10
26 52 9 8
26 53 2 9
26 56 6 4
26 57 3 6
26 59 5 10
26 60 1 2
26 61 1 6
26 62 3 10
26 63 1 7
26 64 6 7
26 65 5 8
26 66 10 10
26 68 6 3
26 70 7 10
26 71 8 7
26 72 10 3
26 73 1 6
26 74 9 6
26 75 8 4
26 76 1 6
26 78 8 7
26 79 4 3
26 80 4 7
26 82 6 8
26 83 6 1
26 84 8 1
26 85 1 5
26 86 6 3
26 87 5 1
26 88 1 6
26 89 1 4
26 91 10 6
26 93 6 2
26 94 6 6
26 95 10 10
26 97 3 10
26 98 3 8
26 99 4 6
26 100 10 1
27 28 8 7
27 29 7 6
27 31 1 4
27 32 6 7
27 34 9 6
27 35 5 10
27 36 9 1
27 37 6 6
27 38 5 4
27 39 10 4
27 40 6 10
27 41 7 5
27 42 5 1
27 43 6 3
27 44 8 2
27 45 8 4
27 46 9 7
27 47 5 1
27 48 6 8
27 49 6 10
27 50 8 6
27 51 5 5
27 52 10 6
27 54 4 2
27 55 6 8
27 56 7 5
27 57 9 9
27 58 1 2
27 59 3 5
27 60 8 7
27 62 6 9
27 63 8 7
27 64 4 4
27 65 1 2
27 66 1 8
27 67 7 4
27 69 6 5
27 70 7 5
27 71 6 6
27 72 10 9
27 73 3 2
27 75 7 6
27 77 2 7
27 79 10 6
27 80 5 6
27 81 7 10
27 83 3 7
27 84 2 7
27 85 6 7
27 87 5 4
27 88 3 6
27 89 6 8
27 91 1 3
27 92 3 6
27 93 1 1
27 95 7 5
27 96 6 2
27 97 8 8
27 98 9 8
27 99 1 4
28 29 6 8
28 30 3 7
28 31 7 9
28 32 2 3
28 33 8 4
28 34 2 9
28 35 8 6
28 36 7 3
28 37 10 4
28 38 3 6
28 39 4 8
28 40 2 5
28 41 9 5
28 42 10 10
28 43 5 1
28 44 9 3
28 47 4 4
28 48 8 5
28 49 8 3
28 50 5 5
28 51 7 3
28 52 8 10
28 53 1 5
28 54 8 7
28 56 3 9
28 59 10 2
28 60 1 4
28 61 9 1
28 62 1 8
28 63 6 7
28 64 9 1
28 65 5 9
28 66 5 4
28 67 8 3
28 68 10 7
28 69 3 7
28 70 1 2
28 71 5 2
28 72 1 1
28 74 5 7
28 75 9 4
28 76 9 2
28 77 8 4
28 78 3 2
28 79 5 4
28 81 2 1
28 83 6 9
28 84 4 2
28 85 6 2
28 86 9 2
28 87 5 1
28 88 6 8
28 89 1 5
28 92 1 2
28 93 10 3
28 94 6 9
28 95 4 1
28 96 2 5
28 97 9 4
28 98 9 3
28 99 4 10
28 100 8 6
29 30 5 9
29 31 6 8
29 32 8 9
29 35 3 8
29 36 2 8
29 37 1 8
29 38 9 5
29 39 4 5
29 41 4 9
29 43 4 5
29 45 6 4
29 46 8 6
29 47 3 5
29 48 6 5
29 49 3 6
29 50 9 8
29 52 6 9
29 53 6 8
29 54 4 10
29 55 9 6
29 56 6 10
29 57 3 3
29 59 2 5
29 60 8 5
29 61 1 8
29 62 9 8
29 65 2 8
29 66 4 1
29 67 1 4
29 69 7 10
29 70 10 5
29 71 3 4
29 72 3 4
29 73 7 6
29 74 7 8
29 75 4 3
29 76 8 3
29 78 9 1
29 79 5 4
29 80 9 1
29 81 9 5
29 82 3 9
29 83 3 1
29 84 4 6
29 85 10 8
29 86 5 9
29 87 5 8
29 88 9 9
29 89 10 4
29 90 2 2
29 91 10 10
29 92 10 2
29 93 10 4
29 94 10 5
29 95 9 7
29 97 8 1
29 99 6 5
29 100 7 9
30 31 7 6
30 32 3 9
30 33 7 10
30 34 3 9
30 36 8 7
30 38 9 3
30 39 5 2
30 40 4 1
30 41 7 2
30 42 2 4
30 43 6 8
30 44 3 5
30 45 3 8
30 46 3 2
30 47 4 2
30 48 2 8
30 49 7 2
30 51 8 3
30 52 5 6
30 54 5 3
30 56 9 9
30 58 4 1
30 60 7 7
30 61 10 1
30 62 6 10
30 64 1 7
30 65 8 7
30 67 6 2
30 68 7 9
30 69 8 3
30 71 5 4
30 72 8 7
30 74 1 4
30 77 10 4
30 78 5 3
30 79 9 5
30 80 1 7
30 81 3 2
30 82 2 6
30 83 7 9
30 85 9 3
30 86 7 7
30 88 4 10
30 89 5 3
30 91 4 5
30 92 9 4
30 93 2 6
30 94 5 8
30 95 2 6
30 96 4 9
30 97 4 10
30 99 3 9
30 100 4 8
31 33 3 7
31 34 4 8
31 35 9 1
31 37 5 9
31 38 9 2
31 39 9 6
31 40 8 2
31 41 3 7
31 42 10 2
31 43 7 4
31 45 2 9
31 47 8 4
31 48 5 4
31 49 6 1
31 50 3 7
31 51 1 7
31 52 10 2
31 53 3 9
31 54 3 8
31 55 3 6
31 56 7 1
31 57 10 7
31 58 10 5
31 59 8 9
31 61 3 9
31 62 6 2
31 63 7 6
31 64 4 2
31 65 6 1
31 66 2 6
31 67 10 6
31 69 9 7
31 70 7 3
31 71 6 1
31 72 9 5
31 73 4 7
31 75 10 7
31 76 8 9
31 77 6 4
31 78 7 9
31 79 4 7
31 80 10 2
31 81 2 2
31 82 6 3
31 83 7 3
31 84 3 1
31 88 3 1
31 89 9 3
31 90 10 10
31 92 10 10
31 93 3 9
31 94 5 4
31 95 3 7
31 96 5 9
31 97 7 7
31 98 5 8
31 99 7 7
32 34 6 4
32 35 2 8
32 36 2 4
32 37 5 6
32 38 9 3
32 39 4 3
32 40 10 3
32 42 7 6
32 44 10 6
32 45 3 4
32 46 8 1
32 47 5 7
32 50 2 4
32 51 2 8
32 52 1 8
32 53 3 8
32 54 9 1
32 55 8 7
32 56 7 2
32 58 4 8
32 62 6 4
32 63 1 2
32 64 1 3
32 65 5 5
32 66 10 9
32 67 2 2
32 68 1 1
32 69 6 8
32 70 4 7
32 71 3 9
32 72 2 7
32 73 8 7
32 74 5 8
32 75 7 6
32 76 6 3
32 77 4 7
32 78 6 7
32 79 10 5
32 80 4 2
32 81 10 9
32 82 2 9
32 83 9 7
32 84 8 8
32 85 6 2
32 86 6 2
32 87 4 8
32 88 5 7
32 89 9 10
32 90 7 10
32 91 10 2
32 92 4 10
32 93 10 7
32 94 4 10
32 95 1 1
32 96 10 5
32 97 2 10
32 98 1 5
32 99 4 6
32 100 4 9
33 34 4 6
33 35 5 6
33 36 9 9
33 37 10 5
33 39 7 4
33 40 9 5
33 41 7 5
33 42 5 8
33 43 9 4
33 44 9 7
33 48 2 7
33 49 7 4
33 50 7 9
33 51 1 6
33 52 1 6
33 53 6 4
33 54 8 1
33 55 7 9
33 57 10 4
33 58 2 4
33 60 7 6
33 61 3 2
33 62 5 5
33 63 1 7
33 64 3 10
33 65 5 2
33 67 7 3
33 68 2 10
33 69 8 9
33 70 6 1
33 71 6 3
33 72 7 7
33 73 5 1
33 74 5 6
33 75 6 10
33 76 5 6
33 77 5 6
33 78 1 7
33 79 7 2
33 80 4 7
33 81 9 2
33 82 7 6
33 83 8 10
33 84 8 9
33 85 10 10
33 86 6 1
33 87 9 10
33 88 6 5
33 89 6 4
33 90 7 2
33 91 2 3
33 92 6 1
33 93 6 1
33 94 1 2
33 95 1 3
33 96 5 5
33 97 2 4
33 98 6 7
33 99 6 3
34 35 8 10
34 37 8 7
34 38 8 9
34 39 1 8
34 40 8 7
34 43 8 5
34 44 7 5
34 45 2 10
34 47 6 4
34 48 6 1
34 50 10 7
34 52 6 7
34 53 10 7
34 54 4 4
34 56 8 5
34 57 3 4
34 58 5 5
34 59 9 5
34 60 8 1
34 62 4 4
34 63 3 10
34 64 9 10
34 65 1 8
34 67 1 1
34 68 6 3
34 70 7 1
34 71 10 10
34 72 2 9
34 73 6 2
34 74 6 4
34 75 1 4
34 76 7 3
34 78 7 5
34 79 3 8
34 80 2 8
34 81 10 6
34 85 10 3
34 86 5 5
34 87 1 8
34 88 4 10
34 89 5 4
34 90 5 9
34 91 8 5
34 92 9 8
34 93 3 10
34 94 7 3
34 95 1 4
34 96 9 5
34 97 7 7
34 98 3 5
34 100 7 2
35 36 9 10
35 37 1 9
35 38 7 3
35 39 10 9
35 40 7 9
35 41 2 2
35 42 9 1
35 43 8 4
35 45 9 6
35 46 5 9
35 48 2 8
35 49 3 1
35 50 7 5
35 51 7 3
35 52 5 5
35 53 1 6
35 54 5 2
35 56 10 1
35 58 5 8
35 59 9 4
35 60 10 4
35 61 6 2
35 62 1 10
35 64 6 2
35 65 1 9
35 66 1 9
35 67 10 6
35 68 4 2
35 69 10 8
35 70 7 8
35 71 9 10
35 72 2 5
35 73 6 5
35 74 1 5
35 75 4 8
35 76 1 3
35 77 4 8
35 78 7 7
35 80 1 3
35 81 3 8
35 82 10 7
35 83 10 10
35 84 3 1
35 85 7 8
35 86 2 10
35 87 6 3
35 88 6 6
35 89 4 1
35 90 3 4
35 91 9 4
35 92 6 2
35 94 2 3
35 95 6 3
35 96 7 5
35 97 7 2
35 98 10 9
35 99 7 5
35 100 10 8
36 37 3 3
36 38 6 4
36 40 10 1
36 42 5 5
36 43 7 1
36 44 7 9
36 45 8 6
36 46 9 3
36 47 8 10
36 49 8 4
36 50 1 4
36 51 8 3
36 52 4 5
36 54 7 7
36 55 3 3
36 56 6 6
36 57 5 2
36 58 5 3
36 59 10 10
36 60 5 2
36 61 3 7
36 62 4 8
36 63 5 9
36 64 8 4
36 65 3 9
36 66 1 7
36 67 8 4
36 68 4 8
36 69 1 6
36 70 3 7
36 72 6 8
36 73 2 7
36 74 1 10
36 75 8 4
36 77 4 4
36 79 10 9
36 80 8 5
36 81 1 5
36 82 2 7
36 83 1 3
36 84 3 5
36 85 1 2
36 86 9 2
36 87 9 7
36 88 6 10
36 90 1 2
36 91 9 3
36 92 5 3
36 93 5 5
36 95 3 7
36 96 4 5
36 97 2 4
36 98 5 10
36 99 6 7
36 100 2 5
37 38 4 8
37 39 10 7
37 40 9 10
37 41 3 9
37 42 6 9
37 43 9 7
37 44 1 10
37 46 3 2
37 48 10 7
37 49 10 3
37 50 8 10
37 51 7 2
37 52 1 5
37 53 1 6
37 54 8 9
37 55 10 4
37 56 5 3
37 57 1 6
37 58 6 4
37 59 5 7
37 61 2 7
37 63 5 4
37 64 4 4
37 67 7 10
37 69 7 7
37 71 7 3
37 72 6 8
37 73 3 1
37 75 4 1
37 77 2 8
37 78 5 4
37 79 2 10
37 80 8 2
37 81 6 1
37 82 8 3
37 83 3 8
37 84 7 9
37 86 2 6
37 87 2 5
37 88 3 8
37 89 4 4
37 90 8 1
37 91 2 2
37 92 3 4
37 94 5 5
37 95 6 7
37 96 9 2
37 97 4 6
37 98 5 4
37 99 3 8
38 39 5 9
38 40 10 7
38 41 4 3
38 42 10 10
38 43 6 10
38 44 2 3
38 45 4 10
38 46 6 9
38 47 3 1
38 48 3 5
38 49 7 10
38 50 9 4
38 51 3 10
38 52 5 7
38 53 8 4
38 54 8 1
38 55 6 1
38 56 6 5
38 57 1 2
38 58 8 4
38 59 6 4
38 60 5 2
38 61 2 7
38 62 7 8
38 64 8 6
38 65 7 9
38 66 6 4
38 68 7 1
38 69 6 7
38 70 7 6
38 71 2 7
38 72 9 7
38 73 5 7
38 74 3 10
38 75 7 6
38 76 10 9
38 77 5 3
38 78 6 3
38 80 8 10
38 81 6 3
38 82 10 4
38 84 2 3
38 85 7 2
38 86 7 5
38 88 10 2
38 89 6 5
38 90 6 2
38 91 8 6
38 92 5 2
38 93 5 5
38 96 3 4
38 100 3 10
39 40 3 8
39 41 9 6
39 43 2 9
39 44 4 10
39 45 9 4
39 47 1 8
39 48 3 7
39 49 10 10
39 53 6 2
39 54 8 1
39 55 8 5
39 56 3 2
39 57 6 5
39 58 2 6
39 59 4 5
39 60 4 9
39 61 4 2
39 63 8 5
39 64 5 1
39 65 3 2
39 66 3 7
39 67 2 4
39 69 5 4
39 70 10 6
39 71 2 10
39 73 10 3
39 74 6 1
39 75 3 1
39 76 2 10
39 77 10 5
39 78 6 2
39 79 5 10
39 81 1 8
39 82 1 9
39 83 4 7
39 84 10 7
39 90 1 8
39 91 10 9
39 92 1 4
39 95 3 1
39 96 7 10
39 97 6 7
39 98 2 3
39 99 6 9
39 100 10 4
40 41 7 9
40 42 7 2
40 43 7 8
40 44 4 6
40 45 1 7
40 46 7 3
40 47 10 10
40 48 3 1
40 49 1 3
40 50 10 9
40 52 5 7
40 53 2 2
40 54 6 3
40 55 9 3
40 56 7 9
40 57 9 9
40 60 8 8
40 61 10 2
40 62 7 5
40 64 3 7
40 65 5 1
40 66 1 7
40 67 7 5
40 68 7 9
40 69 9 3
40 71 1 10
40 72 5 5
40 74 10 2
40 75 5 7
40 76 8 9
40 77 4 5
40 78 7 1
40 80 1 10
40 82 5 5
40 83 10 4
40 84 5 3
40 85 4 4
40 86 8 1
40 87 3 2
40 88 6 9
40 89 3 10
40 90 5 7
40 91 3 6
40 93 7 4
40 94 6 4
40 95 7 7
40 96 9 7
40 97 6 6
40 98 2 9
40 99 9 4
40 100 6 10
41 42 5 2
41 43 10 9
41 44 2 3
41 45 4 8
41 46 4 4
41 47 9 7
41 48 6 5
41 49 5 2
41 51 5 8
41 53 1 8
41 55 1 8
41 56 6 4
41 57 2 8
41 58 8 6
41 59 1 8
41 60 5 7
41 61 10 1
41 62 4 6
41 63 1 8
41 64 5 5
41 65 6 6
41 66 1 7
41 67 6 8
41 70 5 5
41 71 1 7
41 73 2 5
41 74 2 3
41 76 4 6
41 77 9 10
41 78 8 2
41 79 10 6
41 80 3 3
41 81 6 9
41 82 7 7
41 84 4 6
41 85 1 7
41 86 4 9
41 87 10 5
41 88 4 10
41 90 9 3
41 91 6 1
41 93 3 5
41 94 1 1
41 95 9 7
41 96 4 7
41 97 6 3
41 99 2 8
42 43 2 1
42 44 7 1
42 45 10 8
42 46 4 6
42 48 7 3
42 49 10 5
42 50 6 7
42 51 5 3
42 52 8 3
42 53 7 6
42 56 8 5
42 57 7 5
42 58 8 5
42 59 7 8
42 60 10 9
42 61 10 10
42 63 6 2
42 64 3 8
42 65 1 4
42 66 5 6
42 67 3 7
42 68 6 2
42 69 7 4
42 70 6 4
42 71 9 9
42 72 10 2
42 73 1 7
42 76 9 4
42 77 6 1
42 79 8 8
42 80 9 3
42 81 8 1
42 83 6 10
42 84 1 10
42 86 3 8
42 89 7 7
42 91 6 10
42 92 7 5
42 93 2 2
42 94 10 2
42 95 10 10
42 96 2 4
42 97 6 10
42 99 5 5
43 44 3 6
43 45 8 8
43 46 8 7
43 47 9 6
43 48 4 6
43 49 9 10
43 50 1 10
43 51 7 2
43 52 9 8
43 55 1 9
43 56 1 6
43 57 7 6
43 58 7 1
43 59 8 1
43 60 2 9
43 61 8 4
43 62 1 2
43 63 6 5
43 65 7 2
43 66 8 8
43 67 3 1
43 68 1 1
43 69 2 1
43 71 4 3
43 72 9 7
43 73 4 9
43 74 9 10
43 75 7 5
43 76 5 2
43 79 10 8
43 80 3 2
43 81 9 5
43 83 6 4
43 84 4 1
43 86 2 4
43 87 7 9
43 89 8 9
43 91 3 3
43 93 1 10
43 94 10 5
43 95 6 6
43 96 1 3
43 97 1 2
43 98 8 7
43 99 6 7
43 100 1 5
44 45 7 4
44 46 6 8
44 47 8 8
44 48 8 2
44 49 10 10
44 50 9 7
44 53 8 6
44 54 9 2
44 55 4 1
44 56 2 10
44 57 9 8
44 58 9 3
44 59 1 4
44 60 2 3
44 61 2 10
44 62 1 3
44 63 1 6
44 64 4 2
44 65 9 6
44 66 5 6
44 67 2 2
44 68 8 1
44 69 6 1
44 70 10 9
44 72 7 5
44 73 10 5
44 74 8 4
44 76 3 2
44 77 1 10
44 79 1 6
44 80 10 7
44 82 7 4
44 83 1 6
44 84 10 4
44 85 9 4
44 86 8 1
44 87 9 4
44 88 2 6
44 89 1 9
44 90 7 8
44 92 2 5
44 94 2 8
44 95 4 9
44 96 1 2
44 98 1 8
44 99 7 3
44 100 4 2
45 46 2 1
45 51 9 1
45 53 4 6
45 54 6 2
45 55 4 6
45 56 4 2
45 58 8 4
45 59 9 10
45 60 9 3
45 61 9 3
45 63 5 4
45 64 9 2
45 66 9 6
45 67 6 1
45 68 10 9
45 69 8 4
45 70 6 5
45 71 5 7
45 72 6 10
45 73 4 2
45 74 10 5
45 76 7 9
45 77 6 2
45 78 6 1
45 79 1 4
45 80 9 2
45 81 9 2
45 83 5 2
45 86 4 7
45 87 7 4
45 88 7 2
45 89 10 3
45 90 5 9
45 91 5 1
45 92 2 8
45 93 3 9
45 94 5 4
45 95 6 6
45 96 4 3
45 97 8 1
45 98 8 5
45 100 3 10
46 47 8 7
46 49 8 3
46 50 4 9
46 52 2 3
46 53 7 5
46 55 3 3
46 56 7 5
46 57 10 3
46 58 9 9
46 59 9 8
46 60 6 6
46 61 7 5
46 62 3 3
46 63 10 9
46 64 4 10
46 65 2 6
46 66 9 8
46 68 9 5
46 70 2 5
46 71 2 7
46 73 3 3
46 74 1 3
46 75 2 2
46 76 6 7
46 77 7 10
46 78 7 4
46 79 3 10
46 80 8 9
46 81 1 9
46 82 8 4
46 83 4 8
46 84 5 4
46 87 3 1
46 88 7 2
46 90 8 10
46 92 4 6
46 93 6 6
46 94 6 3
46 95 10 8
46 96 8 6
46 97 4 2
46 99 6 8
46 100 2 10
47 48 6 2
47 51 4 10
47 52 6 9
47 53 1 10
47 54 8 3
47 55 7 2
47 56 2 3
47 57 1 8
47 60 2 8
47 63 2 1
47 64 8 1
47 65 6 2
47 66 8 4
47 68 2 3
47 69 9 1
47 70 1 3
47 71 8 2
47 72 5 4
47 73 10 2
47 75 8 7
47 76 5 2
47 77 1 9
47 78 4 10
47 79 4 7
47 80 3 10
47 82 5 10
47 83 2 6
47 84 1 3
47 85 10 10
47 87 3 6
47 89 4 2
47 90 4 2
47 91 8 4
47 92 10 10
47 93 8 1
47 94 8 1
47 95 10 5
47 96 6 3
47 97 10 5
47 98 8 10
47 100 8 2
48 50 1 4
48 52 7 10
48 53 4 2
48 54 2 6
48 55 5 1
48 57 10 8
48 58 9 1
48 59 2 6
48 60 8 1
48 61 4 9
48 62 2 9
48 63 3 8
48 65 6 1
48 66 2 3
48 67 1 6
48 69 3 5
48 70 7 7
48 71 9 6
48 72 1 9
48 73 7 3
48 74 6 1
48 75 2 10
48 76 1 1
48 77 6 10
48 78 1 9
48 79 6 3
48 81 2 9
48 82 1 9
48 83 1 5
48 85 2 6
48 86 3 3
48 87 6 9
48 90 9 7
48 91 3 10
48 94 7 1
48 95 5 7
48 96 3 5
48 97 4 4
48 98 7 7
48 99 7 9
48 100 2 5
49 50 6 4
49 51 7 4
49 52 5 4
49 55 8 7
49 56 7 4
49 58 7 4
49 60 1 2
49 62 10 7
49 63 6 9
49 67 5 8
49 68 2 3
49 69 1 2
49 70 1 1
49 71 7 5
49 72 5 3
49 73 10 9
49 74 2 7
49 77 1 6
49 78 4 3
49 79 4 6
49 80 6 10
49 81 2 1
49 82 3 10
49 83 3 7
49 84 4 6
49 85 9 8
49 87 4 2
49 88 3 6
49 89 7 9
49 90 5 10
49 91 10 2
49 93 4 10
49 94 2 4
49 95 8 4
49 96 4 7
49 97 6 6
49 98 10 10
49 100 6 5
50 51 8 9
50 52 6 7
50 53 2 7
50 55 2 3
50 57 1 5
50 59 6 1
50 61 7 7
50 62 10 3
50 63 9 4
50 64 8 8
50 65 8 1
50 66 10 2
50 67 6 7
50 68 8 2
50 69 1 4
50 70 8 6
50 71 10 9
50 72 5 3
50 73 3 3
50 75 5 8
50 76 7 6
50 78 6 7
50 79 8 2
50 80 8 1
50 81 8 3
50 82 6 7
50 83 1 7
50 84 5 5
50 85 9 9
50 86 3 2
50 87 9 1
50 88 6 6
50 90 5 2
50 91 5 6
50 92 2 4
50 93 8 4
50 94 10 8
50 95 4 6
50 96 7 8
50 97 7 8
50 98 1 6
50 99 6 1
51 52 4 1
51 53 2 4
51 54 9 10
51 55 9 3
51 56 1 10
51 57 7 1
51 59 6 9
51 60 4 4
51 61 3 3
51 62 9 6
51 63 3 6
51 64 1 5
51 65 3 9
51 66 5 1
51 68 6 7
51 69 7 8
51 70 10 6
51 71 10 7
51 72 1 2
51 73 9 2
51 75 4 9
51 77 3 6
51 78 2 10
51 80 9 5
51 82 4 5
51 83 9 4
51 84 2 2
51 86 5 7
51 87 2 6
51 90 3 6
51 91 3 8
51 92 4 10
51 93 9 9
51 94 7 4
51 95 10 3
51 96 3 4
51 98 4 5
52 53 5 6
52 54 7 4
52 56 1 7
52 57 9 6
52 58 7 9
52 59 2 9
52 60 2 3
52 61 2 6
52 62 4 9
52 63 9 10
52 64 9 5
52 65 2 2
52 66 10 3
52 67 3 5
52 68 4 1
52 69 5 8
52 70 7 6
52 71 4 6
52 72 4 1
52 74 7 7
52 75 8 7
52 76 8 9
52 77 7 9
52 78 1 1
52 79 1 7
52 81 9 2
52 82 8 8
52 83 2 2
52 84 4 1
52 85 10 6
52 86 9 6
52 87 6 10
52 88 9 3
52 90 5 6
52 91 5 3
52 94 1 10
52 95 10 10
52 96 2 10
52 97 7 9
52 98 3 10
52 100 5 10
53 54 4 2
53 55 6 5
53 56 9 1
53 57 4 2
53 58 3 9
53 59 1 4
53 60 7 2
53 63 7 6
53 64 8 6
53 65 4 5
53 67 6 5
53 68 9 4
53 69 4 1
53 70 9 7
53 72 3 10
53 73 8 7
53 74 4 9
53 75 5 8
53 76 7 2
53 77 5 5
53 78 10 10
53 82 2 10
53 83 2 5
53 85 10 8
53 86 9 2
53 87 4 3
53 88 7 9
53 89 1 3
53 91 5 9
53 92 10 7
53 93 1 6
53 94 1 4
53 95 7 2
53 96 5 5
53 97 9 7
53 98 7 3
53 99 7 4
53 100 7 9
54 55 7 2
54 56 9 4
54 57 7 3
54 58 2 1
54 59 3 3
54 60 7 2
54 61 9 7
54 63 10 7
54 64 6 10
54 65 5 5
54 66 4 8
54 67 1 2
54 68 2 7
54 69 3 7
54 70 4 9
54 71 7 9
54 72 5 7
54 74 10 6
54 75 4 5
54 77 7 10
54 78 3 6
54 79 9 8
54 80 4 8
54 82 8 3
54 83 1 6
54 84 5 1
54 85 4 10
54 86 6 2
54 87 1 4
54 88 1 10
54 89 9 7
54 90 4 9
54 91 9 7
54 93 8 4
54 94 1 2
54 95 4 5
54 96 9 8
54 97 6 9
54 98 5 6
54 99 10 4
54 100 6 8
55 56 8 4
55 57 10 8
55 58 4 3
55 59 10 8
55 60 5 9
55 61 10 1
55 62 1 1
55 63 2 6
55 64 7 4
55 65 6 4
55 66 1 2
55 67 2 5
55 68 3 6
55 69 4 9
55 70 6 4
55 71 3 1
55 72 10 9
55 73 8 6
55 75 7 4
55 78 4 8
55 79 5 4
55 80 3 5
55 81 6 4
55 82 4 4
55 83 4 4
55 84 3 10
55 85 3 10
55 86 4 6
55 87 5 3
55 88 7 3
55 89 6 2
55 92 10 3
55 93 3 9
55 95 8 4
55 96 1 10
55 97 9 10
55 98 9 2
55 99 3 10
56 57 8 8
56 58 4 9
56 59 10 6
56 62 2 5
56 63 10 3
56 64 6 4
56 65 1 2
56 67 8 5
56 68 6 5
56 71 2 8
56 72 4 9
56 73 3 2
56 75 6 5
56 76 2 5
56 77 6 10
56 78 3 8
56 79 10 10
56 80 5 6
56 82 10 5
56 83 6 6
56 84 5 5
56 85 10 3
56 86 7 2
56 87 10 5
56 89 2 1
56 90 2 5
56 91 8 3
56 92 2 4
56 94 8 9
56 96 7 6
56 97 1 1
56 99 10 1
56 100 10 10
57 58 5 1
57 60 5 1
57 61 2 8
57 62 9 8
57 63 9 2
57 64 5 3
57 65 2 1
57 68 6 5
57 69 1 4
57 70 1 6
57 71 4 9
57 72 5 10
57 74 4 6
57 75 7 7
57 76 7 7
57 77 8 2
57 79 3 1
57 80 3 4
57 82 7 1
57 83 3 1
57 84 8 10
57 85 10 2
57 87 4 3
57 89 10 1
57 91 5 10
57 92 9 6
57 93 5 10
57 95 7 8
57 96 4 3
57 97 4 2
57 98 4 1
57 99 4 7
57 100 1 8
58 59 4 6
58 61 9 8
58 62 1 7
58 63 9 3
58 64 1 4
58 65 9 2
58 67 2 1
58 68 10 5
58 69 4 1
58 71 8 4
58 72 5 6
58 74 7 9
58 75 7 8
58 76 8 10
58 80 6 8
58 81 2 7
58 82 7 7
58 84 3 6
58 87 10 5
58 89 3 3
58 92 5 3
58 93 9 8
58 94 9 3
58 95 3 4
58 96 1 2
58 98 3 9
58 99 1 3
58 100 9 7
59 61 10 4
59 62 7 6
59 63 5 3
59 65 10 10
59 66 2 4
59 67 10 2
59 68 3 5
59 69 2 7
59 70 5 6
59 71 9 7
59 72 3 6
59 73 7 2
59 75 4 9
59 77 2 1
59 79 9 7
59 80 6 9
59 82 7 9
59 83 4 2
59 85 1 3
59 86 6 3
59 89 7 10
59 90 2 7
59 91 5 5
59 92 4 8
59 93 2 1
59 94 2 10
59 95 6 5
59 96 6 5
59 97 9 5
59 98 8 3
59 100 7 4
60 61 2 4
60 62 2 5
60 63 5 9
60 64 4 1
60 65 3 7
60 66 3 1
60 67 10 2
60 68 7 2
60 69 4 3
60 70 10 6
60 71 10 5
60 73 1 4
60 76 4 4
60 79 5 1
60 80 1 4
60 83 6 8
60 84 10 10
60 85 1 5
60 86 7 6
60 87 2 4
60 89 5 3
60 92 1 9
60 94 2 1
60 95 6 1
60 96 9 1
60 97 7 5
60 98 10 9
60 99 9 7
61 62 10 7
61 65 7 9
61 66 2 6
61 67 10 7
61 68 5 1
61 69 4 5
61 70 10 4
61 71 6 2
61 72 6 7
61 74 9 4
61 75 6 2
61 76 5 4
61 77 1 4
61 80 3 4
61 81 10 7
61 82 8 7
61 86 6 7
61 88 6 3
61 89 8 9
61 90 10 10
61 92 5 10
61 93 3 8
61 94 9 5
61 95 2 7
61 99 1 4
61 100 7 5
62 63 3 5
62 64 4 1
62 65 7 1
62 67 2 9
62 68 10 6
62 69 5 1
62 71 1 9
62 72 4 4
62 73 3 6
62 75 8 9
62 76 8 4
62 78 10 6
62 80 8 5
62 81 7 10
62 82 3 2
62 83 10 5
62 86 10 3
62 87 4 2
62 88 5 8
62 89 2 4
62 90 9 7
62 92 4 9
62 93 3 9
62 94 5 5
62 95 10 2
62 96 2 2
62 97 6 1
62 98 5 4
62 99 5 3
62 100 4 8
63 64 5 8
63 65 8 1
63 66 6 7
63 67 6 4
63 68 7 4
63 69 8 10
63 71 10 6
63 72 8 5
63 75 5 5
63 77 2 5
63 78 1 5
63 79 7 1
63 83 3 9
63 84 3 6
63 85 3 9
63 86 5 1
63 87 5 3
63 88 5 1
63 89 9 10
63 92 2 2
63 93 5 8
63 94 10 4
63 95 10 4
63 96 3 6
63 97 9 7
63 98 1 3
63 99 2 10
63 100 3 2
64 65 3 4
64 66 5 4
64 67 1 10
64 68 1 9
64 69 2 8
64 70 9 2
64 71 4 5
64 72 10 3
64 74 9 7
64 75 7 7
64 77 2 2
64 78 3 3
64 79 5 1
64 80 1 9
64 81 3 6
64 82 9 10
64 83 3 4
64 84 1 4
64 86 6 8
64 87 10 5
64 89 10 10
64 90 8 6
64 91 9 5
64 92 4 1
64 93 8 6
64 94 5 5
64 95 5 2
64 96 4 2
64 98 1 6
64 99 1 8
64 100 8 7
65 68 5 9
65 71 10 6
65 72 3 4
65 73 1 5
65 74 10 6
65 75 4 7
65 76 8 9
65 79 2 9
65 80 6 7
65 81 10 6
65 83 9 1
65 84 1 4
65 86 7 7
65 87 2 3
65 89 9 4
65 91 2 8
65 92 5 4
65 93 10 9
65 94 3 5
65 95 1 4
65 96 7 10
65 97 3 4
65 98 1 5
65 99 6 7
65 100 7 10
66 67 8 5
66 69 8 5
66 70 9 10
66 71 10 2
66 72 10 8
66 73 1 2
66 74 1 10
66 75 7 9
66 76 7 2
66 77 1 5
66 80 7 1
66 81 4 7
66 82 2 5
66 83 6 2
66 84 7 2
66 85 7 6
66 86 1 7
66 87 9 4
66 88 10 10
66 89 4 7
66 91 2 4
66 92 10 9
66 93 8 2
66 94 3 9
66 95 3 10
66 96 8 8
66 97 3 4
66 98 5 5
66 99 2 10
67 68 4 2
67 69 10 2
67 71 5 6
67 72 2 6
67 73 6 5
67 74 9 6
67 75 1 6
67 78 4 9
67 79 7 9
67 80 1 1
67 83 6 3
67 85 3 4
67 86 5 6
67 89 6 2
67 90 4 9
67 91 10 7
67 93 8 4
67 94 9 9
67 97 9 4
67 98 10 10
67 99 3 2
68 69 5 9
68 71 9 8
68 73 4 10
68 74 4 3
68 76 4 4
68 77 4 5
68 78 6 8
68 79 10 6
68 80 10 7
68 81 7 5
68 82 9 4
68 83 9 2
68 84 7 10
68 85 5 7
68 87 5 10
68 88 8 8
68 89 10 7
68 90 9 6
68 91 10 4
68 92 5 1
68 94 3 9
68 95 5 8
68 96 9 2
68 97 7 1
68 98 2 9
68 99 4 10
68 100 10 5
69 70 4 7
69 71 9 6
69 73 5 8
69 74 4 4
69 76 5 1
69 78 3 6
69 79 3 2
69 82 1 3
69 84 4 8
69 85 7 7
69 86 3 5
69 87 6 8
69 89 7 8
69 90 8 4
69 91 1 7
69 92 5 7
69 93 9 3
69 94 1 10
69 95 4 9
69 96 8 9
69 97 10 5
69 98 8 6
69 99 3 4
70 71 7 4
70 72 6 6
70 73 6 3
70 74 9 9
70 75 9 4
70 76 7 10
70 77 10 1
70 78 6 1
70 79 8 6
70 80 1 5
70 81 3 9
70 82 1 7
70 85 2 4
70 86 1 3
70 87 5 8
70 88 9 2
70 89 6 5
70 90 2 5
70 91 1 8
70 92 6 6
70 93 7 5
70 94 7 7
70 95 10 9
70 98 10 9
70 99 2 1
70 100 4 1
71 72 3 1
71 73 8 2
71 74 1 1
71 75 3 2
71 77 10 6
71 78 2 2
71 79 8 10
71 80 5 8
71 83 10 10
71 84 6 2
71 85 1 6
71 86 9 8
71 87 4 7
71 89 9 8
71 92 5 6
71 94 3 1
71 95 2 1
71 96 1 10
71 97 6 1
71 99 10 2
72 73 1 9
72 75 4 3
72 76 7 4
72 77 3 3
72 79 7 6
72 80 5 10
72 81 6 5
72 82 7 7
72 83 1 10
72 84 5 2
72 85 6 7
72 86 2 5
72 87 3 1
72 88 2 3
72 89 5 5
72 90 8 6
72 91 9 3
72 93 6 5
72 95 10 3
72 96 9 1
72 98 10 7
72 99 6 3
72 100 2 9
73 74 10 5
73 75 6 4
73 76 5 4
73 77 8 9
73 78 2 3
73 79 9 3
73 80 3 5
73 83 7 2
73 84 7 5
73 85 1 6
73 86 1 2
73 87 8 10
73 88 7 3
73 89 2 10
73 90 8 7
73 91 4 8
73 92 1 1
73 93 3 2
73 95 3 3
73 96 8 3
73 98 1 1
73 99 2 1
73 100 7 2
74 75 6 8
74 76 6 2
74 77 5 1
74 78 1 8
74 79 5 10
74 80 1 3
74 81 6 7
74 83 2 7
74 84 1 6
74 86 3 4
74 87 6 8
74 88 8 1
74 89 10 9
74 91 5 1
74 92 10 2
74 93 8 7
74 94 7 1
74 96 8 1
74 97 4 2
74 98 5 2
74 99 9 10
74 100 3 8
75 76 6 8
75 77 8 2
75 79 2 5
75 81 5 9
75 82 3 6
75 83 9 6
75 84 5 7
75 85 4 9
75 86 6 3
75 88 6 3
75 89 2 2
75 91 6 1
75 92 5 10
75 93 9 3
75 94 1 4
75 95 5 1
75 96 10 2
75 97 6 5
75 98 10 8
75 99 2 4
75 100 4 9
76 77 1 4
76 78 8 7
76 79 9 3
76 81 7 8
76 82 4 2
76 83 5 4
76 85 9 3
76 87 6 6
76 91 8 10
76 92 1 8
76 93 7 2
76 94 9 2
76 95 3 6
76 96 10 4
76 100 6 7
77 78 10 9
77 80 8 6
77 81 6 7
77 82 8 6
77 84 9 8
77 85 10 5
77 86 5 7
77 88 7 8
77 89 7 1
77 90 5 9
77 91 8 6
77 92 6 9
77 93 6 3
77 94 2 1
77 95 8 8
77 96 9 6
77 97 5 5
77 99 1 5
77 100 9 8
78 80 5 10
78 81 7 5
78 82 2 7
78 83 10 5
78 84 6 5
78 85 3 7
78 86 3 8
78 87 6 9
78 88 2 4
78 89 1 6
78 90 8 6
78 91 7 6
78 93 6 7
78 94 9 1
78 95 6 9
78 97 9 9
78 98 9 8
78 100 3 5
79 80 2 3
79 81 3 9
79 82 8 8
79 83 7 5
79 84 7 5
79 86 3 7
79 87 3 1
79 89 9 3
79 90 5 9
79 91 7 2
79 92 3 3
79 93 6 5
79 95 6 7
79 96 3 9
79 97 3 5
79 98 2 6
79 99 8 9
79 100 4 3
80 81 1 3
80 82 3 6
80 83 7 1
80 84 5 10
80 85 4 9
80 86 3 8
80 87 7 4
80 88 8 7
80 89 6 1
80 90 2 4
80 93 4 8
80 94 3 1
80 95 6 2
80 96 7 10
80 97 1 2
80 98 9 7
80 99 2 1
80 100 6 5
81 82 1 3
81 83 9 10
81 84 9 2
81 85 3 5
81 86 6 3
81 87 1 4
81 89 6 9
81 90 9 4
81 94 3 9
81 95 2 4
81 96 8 3
81 98 1 10
81 99 4 2
82 84 5 7
82 86 3 4
82 87 9 8
82 88 2 2
82 90 8 2
82 91 9 1
82 92 6 7
82 93 7 9
82 94 9 6
82 95 1 3
82 96 6 5
82 98 4 5
82 100 1 10
83 84 6 2
83 85 2 6
83 86 8 1
83 87 2 5
83 88 8 8
83 89 4 8
83 90 7 4
83 91 1 6
83 93 6 6
83 94 5 9
83 96 6 3
83 97 8 2
83 98 3 9
84 85 9 8
84 86 6 2
84 87 9 9
84 88 3 4
84 89 10 4
84 90 6 10
84 91 1 2
84 92 9 10
84 93 5 10
84 94 3 8
84 95 6 5
84 96 9 7
84 98 4 10
84 99 4 2
84 100 8 5
85 86 6 1
85 87 10 7
85 88 2 9
85 90 10 3
85 91 10 9
85 92 5 6
85 93 2 1
85 94 5 4
85 95 6 4
85 96 1 5
85 97 1 10
85 98 9 8
85 99 6 7
85 100 8 3
86 88 2 3
86 92 5 4
86 93 4 2
86 94 10 6
86 96 3 5
86 97 9 7
86 98 9 5
86 99 3 3
86 100 8 3
87 88 8 3
87 92 8 2
87 93 5 3
87 94 1 7
87 95 10 1
87 96 5 2
87 97 10 1
87 99 1 1
87 100 6 10
88 92 2 5
88 93 5 4
88 94 4 9
88 95 4 10
88 97 8 7
88 98 5 4
88 99 1 6
88 100 8 7
89 90 8 3
89 91 4 9
89 92 7 4
89 94 7 6
89 95 8 2
89 96 10 5
89 97 2 4
89 98 1 5
89 99 9 4
89 100 5 8
90 91 9 10
90 92 10 9
90 93 6 6
90 95 5 1
90 98 5 10
91 92 10 10
91 93 5 4
91 94 2 4
91 95 2 10
91 96 1 5
91 97 2 6
91 98 8 3
92 93 5 1
92 94 4 7
92 95 7 7
92 97 5 2
92 98 7 6
92 99 5 1
92 100 2 9
93 94 2 8
93 95 7 10
93 97 6 9
93 98 10 7
93 100 7 4
94 95 4 2
94 96 5 4
94 97 7 3
94 98 9 6
94 100 10 10
95 96 7 9
95 97 2 2
95 98 9 2
95 99 7 6
96 97 3 8
96 98 9 3
96 99 8 8
96 100 8 5
97 98 8 9
97 99 3 1
97 100 8 7
98 99 7 7
99 100 2 5
1
1 2 3 4 5 6 7 8 9 10 11 12 13 14 15 16 17 18 19 20 21 22 23 24 25 26 27 28 29 30 31 32 33 34 35 36 37 38 39 40 41 42 43 44 45 46 47 48 49 50
