3955
1 2 4 6
1 3 2 4
1 4 8 3
1 5 5 10
1 6 2 7
1 7 1 2
1 8 5 6
1 9 1 7
1 12 6 6
1 13 8 3
1 14 4 10
1 15 2 1
1 16 3 1
1 17 4 4
1 18 3 1
1 19 3 1
1 20 4 1
1 21 5 3
1 22 4 8
1 23 2 3
1 24 3 2
1 25 2 3
1 26 10 4
1 28 10 9
1 29 5 5
1 33 1 10
1 34 9 6
1 37 3 7
1 38 4 1
1 39 5 5
1 41 2 4
1 42 9 1
1 43 1 2
1 44 1 7
1 45 2 5
1 46 4 10
1 47 2 4
1 48 9 8
1 49 2 1
1 50 10 10
1 51 3 7
1 52 10 7
1 53 9 6
1 54 7 10
1 55 10 3
1 56 9 8
1 57 9 4
1 58 8 9
1 60 8 7
1 62 5 5
1 63 6 3
1 64 8 2
1 65 6 4
1 66 6 9
1 67 1 4
1 68 8 3
1 69 10 10
1 70 9 3
1 71 4 7
1 72 3 6
1 73 1 6
1 77 2 4
1 81 6 3
1 83 10 6
1 84 7 6
1 86 2 5
1 87 2 1
1 89 9 2
1 90 3 5
1 91 8 1
1 92 9 2
1 94 4 9
1 95 4 6
1 96 1 8
1 97 4 4
1 98 1 8
1 99 10 3
1 100 7 9
2 3 6 2
2 4 4 5
2 6 9 4
2 8 7 8
2 9 4 7
2 10 6 9
2 11 3 7
2 12 4 6
2 13 2 3
2 14 2 7
2 15 5 5
2 16 2 1
2 17 1 10
2 18 2 1
2 20 8 7
2 21 6 7
2 22 2 5
2 23 6 9
2 24 7 6
2 25 8 3
2 26 7 7
2 29 2 7
2 30 2 8
2 33 9 9
2 34 4 5
2 36 2 4
2 37 10 1
2 38 4 5
2 39 9 8
2 40 5 2
2 41 3 5
2 42 5 2
2 43 5 2
2 44 4 8
2 46 8 3
2 47 2 5
2 48 3 6
2 49 10 3
2 50 7 4
2 51 5 4
2 52 4 5
2 54 8 1
2 55 6 9
2 57 6 9
2 58 2 4
2 60 6 8
2 61 4 10
2 62 8 10
2 63 10 10
2 64 4 9
2 65 10 9
2 66 4 6
2 68 5 4
2 69 10 1
2 70 1 8
2 71 8 6
2 72 5 4
2 73 5 7
2 77 3 9
2 78 8 1
2 80 8 10
2 81 6 2
2 82 6 10
2 83 10 9
2 84 4 8
2 86 9 3
2 87 3 5
2 88 1 1
2 89 4 9
2 91 7 5
2 92 1 4
2 93 9 4
2 95 5 1
2 96 3 10
2 97 1 5
2 98 10 7
2 99 9 7
2 100 10 1
3 4 4 8
3 5 2 10
3 6 2 6
3 7 8 7
3 8 8 2
3 9 4 5
3 10 2 1
3 11 4 1
3 12 2 5
3 14 7 2
3 17 2 1
3 18 7 7
3 19 2 3
3 20 8 10
3 21 8 8
3 22 8 4
3 23 10 9
3 25 4 3
3 26 10 7
3 27 3 10
3 28 9 5
3 30 2 6
3 31 3 6
3 32 6 1
3 33 9 2
3 34 4 10
3 36 4 9
3 37 2 2
3 38 6 2
3 39 7 3
3 40 6 7
3 41 8 4
3 44 1 6
3 45 5 2
3 47 6 10
3 49 3 4
3 50 1 9
3 51 8 7
3 52 7 3
3 53 8 6
3 54 2 5
3 55 2 9
3 58 7 5
3 60 2 7
3 61 5 5
3 62 8 1
3 63 7 9
3 64 4 10
3 65 6 8
3 66 9 6
3 67 9 4
3 69 7 4
3 70 3 9
3 72 8 3
3 73 1 2
3 74 2 6
3 75 5 4
3 77 4 8
3 78 4 2
3 79 9 9
3 80 6 5
3 81 6 9
3 82 2 2
3 83 5 1
3 84 5 2
3 85 2 4
3 86 4 5
3 87 10 2
3 88 6 9
3 90 2 10
3 93 6 6
3 94 6 6
3 96 10 7
3 97 7 10
3 98 9 8
3 99 10 8
3 100 7 9
4 5 7 3
4 7 6 5
4 8 6 3
4 9 7 1
4 10 3 3
4 11 1 5
4 12 3 7
4 14 3 1
4 15 3 4
4 16 1 2
4 17 3 1
4 18 8 3
4 19 10 6
4 20 6 6
4 23 7 3
4 24 6 4
4 25 7 8
4 26 5 9
4 27 10 7
4 28 1 5
4 29 10 4
4 30 4 10
4 31 9 2
4 32 2 4
4 33 3 10
4 34 7 5
4 35 10 8
4 36 3 2
4 37 3 2
4 38 9 10
4 39 10 3
4 40 9 1
4 41 8 5
4 42 3 2
4 43 8 7
4 44 2 9
4 45 1 5
4 46 6 7
4 47 4 6
4 48 2 8
4 49 8 4
4 50 7 2
4 51 2 10
4 52 6 3
4 54 4 4
4 55 5 2
4 56 9 5
4 57 4 5
4 58 7 8
4 60 1 5
4 61 3 1
4 62 7 2
4 63 3 6
4 64 3 3
4 65 10 5
4 66 7 3
4 67 6 10
4 69 8 7
4 71 3 3
4 72 9 2
4 73 8 3
4 74 9 6
4 75 10 2
4 76 6 8
4 79 1 4
4 81 1 10
4 82 2 2
4 83 8 10
4 84 6 9
4 85 3 3
4 86 6 4
4 88 4 6
4 89 6 7
4 90 7 3
4 91 2 3
4 92 8 3
4 93 8 10
4 94 6 9
4 95 8 5
4 96 10 5
4 97 1 1
4 98 5 10
4 100 8 4
5 6 1 6
5 7 8 4
5 8 3 4
5 9 10 5
5 10 4 1
5 12 5 9
5 13 2 5
5 14 10 7
5 15 5 7
5 18 4 9
5 20 8 6
5 21 8 7
5 22 6 9
5 23 5 3
5 25 2 6
5 26 9 1
5 27 10 7
5 28 8 7
5 29 7 7
5 30 1 6
5 34 10 2
5 35 3 10
5 36 6 8
5 37 7 7
5 38 10 5
5 39 8 8
5 41 7 9
5 42 1 2
5 44 1 5
5 45 8 2
5 46 7 3
5 47 1 6
5 48 10 6
5 49 2 3
5 51 4 1
5 52 10 10
5 53 1 5
5 55 5 4
5 56 4 2
5 57 4 2
5 58 10 3
5 59 10 9
5 61 4 1
5 62 5 7
5 64 2 8
5 66 9 6
5 67 9 6
5 68 6 7
5 69 9 1
5 70 10 9
5 71 3 5
5 72 8 10
5 73 4 7
5 74 6 1
5 75 6 4
5 76 5 10
5 77 1 1
5 78 8 9
5 79 2 10
5 80 6 9
5 81 3 6
5 82 7 6
5 83 6 7
5 87 3 5
5 88 8 10
5 89 3 1
5 90 3 5
5 91 8 7
5 92 5 10
5 93 1 10
5 96 1 10
5 100 8 9
6 7 4 2
6 9 5 8
6 10 5 1
6 11 4 7
6 13 6 8
6 14 9 8
6 15 6 7
6 16 5 2
6 18 8 3
6 20 6 5
6 21 8 9
6 22 5 10
6 24 6 1
6 26 6 3
6 27 1 1
6 29 9 8
6 30 10 8
6 32 3 10
6 33 1 9
6 34 9 3
6 35 6 10
6 37 1 1
6 38 1 2
6 39 4 9
6 40 6 6
6 41 5 9
6 42 3 10
6 43 1 1
6 44 3 8
6 45 3 8
6 46 3 9
6 47 5 9
6 48 4 1
6 49 3 1
6 50 8 1
6 52 1 10
6 53 8 5
6 54 8 6
6 55 9 4
6 56 3 9
6 58 1 4
6 59 6 1
6 61 3 4
6 62 9 7
6 63 5 4
6 64 6 4
6 65 7 7
6 66 10 3
6 67 9 10
6 69 1 2
6 71 1 4
6 72 3 10
6 73 2 7
6 74 5 4
6 76 5 1
6 78 6 10
6 81 10 2
6 82 1 8
6 83 6 9
6 84 2 6
6 85 6 9
6 86 5 2
6 87 3 6
6 88 7 5
6 89 10 2
6 90 4 3
6 92 5 9
6 93 6 8
6 94 6 4
6 95 1 2
6 96 2 5
6 97 6 3
6 98 5 7
6 99 4 7
6 100 6 3
7 8 2 7
7 11 10 8
7 12 6 6
7 13 2 6
7 15 2 3
7 16 8 4
7 17 4 8
7 20 8 4
7 21 1 4
7 22 8 7
7 23 2 9
7 24 8 4
7 26 1 8
7 27 9 2
7 28 9 8
7 29 10 8
7 30 2 4
7 31 7 7
7 32 9 5
7 34 3 8
7 35 1 10
7 36 4 1
7 37 2 1
7 38 5 10
7 39 6 4
7 40 3 10
7 41 1 8
7 42 5 6
7 43 8 4
7 44 2 10
7 46 2 2
7 47 1 4
7 48 9 2
7 51 4 8
7 53 7 5
7 54 10 2
7 55 5 7
7 57 10 7
7 58 1 2
7 59 8 9
7 61 6 3
7 63 8 1
7 64 4 3
7 65 10 6
7 67 2 9
7 68 10 5
7 71 2 9
7 72 9 3
7 73 1 3
7 74 5 9
7 75 10 7
7 80 7 4
7 81 6 4
7 82 7 1
7 83 2 7
7 84 9 6
7 85 1 5
7 87 1 5
7 88 1 9
7 90 9 3
7 91 3 10
7 92 3 1
7 94 6 3
7 95 3 7
7 96 1 3
7 98 9 2
7 99 1 10
7 100 5 4
8 9 4 7
8 10 4 8
8 11 8 5
8 13 3 9
8 14 8 6
8 15 5 10
8 16 3 9
8 17 9 10
8 18 4 6
8 21 7 9
8 22 7 10
8 23 10 1
8 25 3 8
8 27 1 4
8 28 9 7
8 29 6 6
8 30 4 4
8 31 3 2
8 32 4 8
8 33 1 3
8 35 7 3
8 37 4 4
8 40 9 9
8 41 9 2
8 42 10 8
8 44 6 10
8 45 7 5
8 48 6 8
8 49 7 10
8 50 2 3
8 51 3 10
8 53 8 1
8 54 1 9
8 55 3 10
8 56 3 5
8 57 5 7
8 58 10 7
8 59 5 6
8 60 6 5
8 61 7 4
8 64 4 10
8 66 1 5
8 67 9 5
8 68 10 2
8 69 8 8
8 71 5 6
8 72 8 6
8 73 1 2
8 77 1 5
8 78 7 8
8 79 9 8
8 80 8 2
8 81 6 6
8 82 9 9
8 83 9 4
8 84 7 6
8 85 6 6
8 86 6 4
8 87 4 8
8 88 2 3
8 89 9 4
8 90 4 8
8 91 4 5
8 93 7 3
8 94 7 10
8 95 4 4
8 96 7 3
8 99 3 1
9 11 10 3
9 12 8 6
9 13 7 9
9 14 9 1
9 15 4 6
9 16 5 6
9 17 6 6
9 18 7 1
9 19 10 6
9 21 1 2
9 23 1 7
9 24 6 1
9 25 10 4
9 26 10 3
9 27 6 9
9 28 1 5
9 29 10 1
9 30 5 1
9 31 5 1
9 33 10 1
9 34 8 1
9 35 9 3
9 36 4 1
9 37 2 6
9 38 4 8
9 41 3 9
9 42 3 1
9 43 2 3
9 46 7 6
9 47 4 7
9 48 6 6
9 49 4 5
9 53 4 2
9 54 1 9
9 55 3 8
9 57 2 4
9 59 6 1
9 61 2 8
9 62 8 4
9 63 8 10
9 66 8 3
9 68 8 3
9 69 7 7
9 70 1 10
9 71 5 10
9 72 6 3
9 73 3 9
9 75 1 7
9 76 6 9
9 77 4 2
9 78 8 4
9 79 5 7
9 80 10 6
9 81 7 8
9 82 6 4
9 83 1 5
9 84 6 9
9 85 4 3
9 86 2 2
9 87 9 6
9 88 3 7
9 89 7 1
9 90 4 6
9 91 8 9
9 92 9 9
9 93 2 7
9 94 5 5
9 95 8 8
9 96 7 7
9 97 6 2
9 98 3 5
9 100 7 8
10 11 5 5
10 12 2 7
10 13 3 7
10 14 3 1
10 15 8 2
10 16 1 2
10 17 6 1
10 18 9 10
10 19 9 10
10 20 6 1
10 21 8 5
10 22 8 5
10 23 5 6
10 26 8 7
10 27 3 2
10 30 9 5
10 31 2 4
10 32 8 10
10 34 10 2
10 36 9 8
10 37 7 9
10 39 2 1
10 40 6 5
10 42 1 5
10 43 2 9
10 44 7 7
10 45 1 7
10 46 10 9
10 47 9 5
10 50 9 6
10 52 5 2
10 53 5 2
10 54 5 4
10 55 4 2
10 58 8 8
10 59 7 8
10 60 9 3
10 61 1 1
10 62 6 10
10 63 8 7
10 64 10 9
10 65 1 6
10 66 9 8
10 68 10 7
10 69 2 7
10 70 10 4
10 71 2 9
10 72 1 10
10 73 6 6
10 74 4 10
10 75 8 3
10 76 2 4
10 77 1 10
10 78 4 5
10 79 7 7
10 80 2 3
10 81 5 9
10 82 10 7
10 83 3 5
10 84 5 3
10 87 3 4
10 88 2 4
10 89 6 2
10 90 3 7
10 91 6 8
10 92 5 5
10 93 2 5
10 94 2 9
10 95 6 5
10 96 3 2
10 97 6 6
10 98 9 8
10 99 5 7
11 12 4 3
11 13 7 6
11 14 3 7
11 15 4 4
11 17 10 4
11 18 6 4
11 20 3 3
11 21 3 4
11 22 3 4
11 23 6 1
11 24 4 7
11 25 9 10
11 26 4 4
11 27 4 8
11 28 8 2
11 30 7 7
11 31 6 1
11 32 8 10
11 33 3 8
11 34 7 4
11 35 4 1
11 36 3 10
11 37 5 3
11 39 5 6
11 41 6 3
11 42 3 8
11 43 8 8
11 44 1 2
11 45 9 4
11 46 7 2
11 47 8 9
11 48 9 2
11 49 9 2
11 50 1 8
11 51 1 3
11 52 8 10
11 53 8 4
11 54 5 1
11 55 8 4
11 56 1 2
11 57 9 7
11 58 1 4
11 59 2 6
11 60 5 9
11 61 7 2
11 62 3 3
11 63 5 5
11 65 3 8
11 67 5 1
11 68 10 7
11 69 10 2
11 70 1 7
11 71 1 5
11 72 8 2
11 75 6 2
11 76 3 1
11 77 3 4
11 78 6 1
11 79 4 7
11 80 2 8
11 81 8 5
11 83 5 3
11 84 6 7
11 85 4 6
11 86 1 5
11 88 5 4
11 89 1 9
11 91 7 10
11 92 10 6
11 93 9 10
11 94 5 3
11 95 8 7
11 97 2 8
11 98 6 1
11 99 6 3
11 100 8 1
12 13 1 4
12 14 2 2
12 19 3 6
12 20 10 3
12 21 10 10
12 22 6 6
12 25 1 5
12 26 7 8
12 27 9 10
12 28 1 4
12 29 8 2
12 34 6 2
12 35 9 8
12 36 1 5
12 37 10 2
12 38 7 9
12 41 5 5
12 42 9 10
12 43 7 6
12 44 3 3
12 45 10 8
12 46 9 10
12 47 9 10
12 48 7 5
12 50 9 6
12 51 7 2
12 52 4 6
12 53 2 9
12 55 1 7
12 58 5 1
12 59 6 6
12 60 2 6
12 61 4 8
12 62 9 9
12 63 6 5
12 65 9 7
12 66 8 9
12 67 4 3
12 70 2 7
12 71 1 5
12 72 7 9
12 73 10 7
12 74 4 8
12 76 10 8
12 78 6 1
12 79 10 8
12 80 4 4
12 81 4 7
12 82 6 5
12 83 4 4
12 84 8 10
12 85 1 4
12 86 3 3
12 87 2 3
12 88 2 8
12 89 7 10
12 90 2 1
12 91 5 9
12 92 6 3
12 94 9 7
12 95 6 7
12 97 1 7
12 98 1 6
12 100 8 9
13 14 10 9
13 16 3 2
13 17 4 3
13 18 2 7
13 19 3 9
13 20 3 6
13 21 1 3
13 22 6 8
13 23 10 8
13 24 10 2
13 25 9 8
13 26 3 2
13 28 7 7
13 29 2 1
13 30 5 9
13 31 10 6
13 32 8 2
13 33 7 7
13 34 9 2
13 35 8 9
13 36 4 2
13 37 3 7
13 38 3 7
13 39 10 5
13 41 9 9
13 42 1 10
13 43 5 10
13 45 10 8
13 46 4 7
13 47 6 1
13 48 8 3
13 49 8 7
13 50 1 3
13 51 8 1
13 52 3 5
13 53 1 2
13 54 8 2
13 56 2 1
13 57 7 8
13 58 9 5
13 59 8 7
13 61 1 8
13 62 7 1
13 64 2 7
13 65 9 3
13 67 6 3
13 68 6 5
13 71 2 1
13 72 2 6
13 73 6 2
13 74 4 7
13 75 6 2
13 76 9 5
13 78 5 2
13 79 6 9
13 80 2 7
13 82 8 2
13 83 3 3
13 84 1 2
13 85 4 5
13 86 2 9
13 87 6 2
13 89 2 7
13 91 3 1
13 93 4 10
13 94 10 4
13 95 5 1
13 96 9 9
13 97 6 9
13 98 10 2
13 99 8 4
13 100 4 1
14 16 3 9
14 17 6 10
14 18 3 2
14 19 9 9
14 20 3 4
14 21 7 2
14 22 5 10
14 24 6 6
14 25 7 7
14 26 6 4
14 27 4 7
14 28 5 8
14 29 2 10
14 30 4 7
14 31 1 4
14 32 9 1
14 33 7 6
14 35 10 9
14 36 2 1
14 38 9 8
14 39 6 5
14 40 2 4
14 41 7 4
14 42 5 5
14 43 9 4
14 44 7 9
14 45 7 3
14 46 10 6
14 47 3 9
14 48 5 5
14 49 9 6
14 50 7 3
14 51 1 7
14 52 7 3
14 53 2 5
14 54 3 10
14 55 7 6
14 56 1 3
14 57 10 5
14 58 8 10
14 59 7 5
14 62 5 8
14 64 5 1
14 65 3 10
14 66 10 1
14 67 9 6
14 68 1 9
14 69 2 4
14 70 2 5
14 71 10 3
14 72 9 2
14 73 7 6
14 74 4 2
14 76 2 8
14 77 8 8
14 78 3 7
14 81 3 10
14 82 4 7
14 83 4 1
14 84 10 8
14 86 4 7
14 87 6 2
14 88 10 4
14 89 2 7
14 90 10 4
14 91 3 2
14 93 3 9
14 94 10 4
14 95 1 1
14 96 1 2
14 98 6 6
14 100 2 2
15 16 6 9
15 17 5 2
15 18 2 5
15 19 4 10
15 20 6 10
15 22 6 2
15 23 5 1
15 24 8 8
15 26 10 8
15 27 5 2
15 28 3 8
15 29 6 1
15 30 5 10
15 31 8 2
15 32 2 7
15 35 10 5
15 37 4 4
15 38 3 4
15 39 2 9
15 40 7 2
15 41 7 5
15 42 3 1
15 43 10 6
15 47 9 8
15 48 9 7
15 49 6 7
15 50 1 2
15 52 3 1
15 53 2 9
15 54 2 5
15 59 1 4
15 60 6 1
15 65 10 4
15 66 2 10
15 67 10 1
15 68 10 4
15 69 9 5
15 71 5 8
15 72 10 10
15 73 7 4
15 74 10 6
15 75 10 9
15 79 1 2
15 80 7 1
15 82 3 4
15 83 8 6
15 84 5 6
15 86 10 7
15 87 3 9
15 88 7 7
15 89 6 10
15 90 9 10
15 91 1 8
15 92 4 5
15 93 9 2
15 94 5 10
15 95 5 3
15 96 2 3
15 98 6 8
15 99 8 9
16 17 9 2
16 18 7 10
16 19 8 2
16 21 7 3
16 22 1 3
16 23 5 3
16 24 2 7
16 26 5 9
16 27 5 3
16 28 4 5
16 29 9 6
16 32 9 3
16 33 9 10
16 35 4 8
16 36 3 6
16 37 4 8
16 38 4 5
16 39 2 1
16 41 3 8
16 42 9 6
16 43 5 3
16 44 4 10
16 46 8 9
16 47 8 1
16 48 5 3
16 49 8 3
16 50 5 6
16 51 1 9
16 52 8 1
16 53 8 4
16 54 6 10
16 55 10 8
16 56 8 5
16 57 3 10
16 58 10 6
16 61 4 8
16 62 4 8
16 63 9 6
16 65 8 3
16 66 6 1
16 67 1 6
16 68 8 5
16 69 4 6
16 70 9 7
16 71 3 5
16 72 2 3
16 73 5 4
16 74 9 4
16 76 3 6
16 77 8 5
16 78 5 9
16 80 6 10
16 82 9 6
16 83 10 6
16 84 9 2
16 86 4 3
16 87 6 9
16 88 1 3
16 90 6 7
16 92 5 5
16 93 8 2
16 95 10 7
16 97 8 2
16 98 4 9
16 99 9 10
16 100 5 8
17 18 10 3
17 19 1 1
17 20 3 9
17 21 9 5
17 22 1 1
17 23 2 6
17 24 4 1
17 26 5 4
17 27 8 10
17 30 4 8
17 33 9 5
17 35 3 9
17 36 2 2
17 37 6 2
17 38 5 4
17 40 5 9
17 41 8 4
17 42 5 3
17 43 5 7
17 44 8 3
17 46 6 9
17 48 9 1
17 49 4 4
17 50 5 9
17 51 9 10
17 52 5 7
17 53 9 4
17 54 1 8
17 55 9 7
17 56 5 6
17 57 9 3
17 59 1 1
17 60 1 4
17 61 10 9
17 62 8 3
17 63 7 5
17 65 6 9
17 66 4 4
17 69 8 1
17 70 5 5
17 71 3 6
17 72 8 2
17 73 5 6
17 74 4 5
17 75 7 10
17 76 7 4
17 77 7 7
17 78 4 7
17 79 6 8
17 80 4 1
17 81 4 9
17 82 10 7
17 83 4 9
17 84 6 1
17 85 3 8
17 86 6 4
17 87 1 4
17 89 4 3
17 90 2 10
17 91 9 5
17 92 8 7
17 93 4 2
17 94 2 10
17 97 3 8
17 98 3 3
17 99 3 2
17 100 3 9
18 19 7 1
18 20 2 9
18 21 6 8
18 22 1 2
18 23 2 1
18 25 4 3
18 26 7 10
18 27 10 9
18 28 5 9
18 29 1 7
18 31 2 9
18 32 2 7
18 35 8 10
18 36 10 4
18 38 1 10
18 39 8 6
18 40 8 3
18 41 1 7
18 42 3 6
18 43 5 9
18 44 7 6
18 45 8 2
18 46 6 5
18 47 5 8
18 49 5 8
18 50 6 10
18 51 9 8
18 52 6 1
18 53 3 9
18 54 3 5
18 55 7 6
18 57 2 10
18 58 4 5
18 59 6 1
18 61 3 8
18 62 4 4
18 64 10 8
18 65 6 5
18 67 9 1
18 68 8 2
18 69 3 2
18 70 10 5
18 71 7 1
18 72 6 3
18 73 7 8
18 74 6 6
18 75 9 6
18 76 6 2
18 77 10 10
18 78 8 2
18 79 6 6
18 81 3 2
18 82 1 5
18 83 8 2
18 85 8 7
18 86 2 4
18 87 7 6
18 89 3 9
18 91 6 3
18 93 1 10
18 94 2 6
18 95 9 6
18 96 8 6
18 97 5 1
18 98 8 6
18 99 2 10
18 100 4 10
19 20 7 5
19 22 9 5
19 23 3 2
19 25 7 7
19 26 6 3
19 27 5 9
19 28 9 4
19 29 2 3
19 30 3 8
19 31 10 8
19 32 8 5
19 33 10 9
19 34 1 1
19 36 8 7
19 37 3 1
19 38 4 7
19 39 7 8
19 40 7 6
19 41 3 3
19 42 3 2
19 43 1 8
19 44 8 4
19 45 1 1
19 46 4 4
19 47 10 10
19 49 9 1
19 50 9 5
19 51 4 4
19 52 9 9
19 53 9 6
19 54 3 10
19 55 2 9
19 56 1 6
19 57 4 4
19 58 5 6
19 61 4 7
19 62 10 6
19 63 8 3
19 64 7 1
19 65 2 5
19 66 10 1
19 67 9 9
19 68 4 6
19 69 2 5
19 70 5 2
19 71 6 8
19 72 1 10
19 73 1 8
19 74 7 3
19 75 3 7
19 76 10 3
19 77 9 3
19 78 9 7
19 80 8 8
19 81 3 5
19 82 2 9
19 83 5 2
19 84 4 7
19 85 7 5
19 86 7 1
19 87 1 5
19 89 4 1
19 90 1 2
19 91 2 2
19 93 6 5
19 97 4 7
19 98 4 3
19 99 8 7
19 100 2 8
20 21 2 4
20 23 4 6
20 24 6 10
20 25 9 5
20 26 9 3
20 27 5 8
20 28 5 2
20 29 9 1
20 30 7 8
20 31 3 3
20 32 1 1
20 33 5 10
20 34 2 5
20 35 10 2
20 36 7 9
20 37 1 6
20 38 8 6
20 40 2 7
20 41 4 1
20 42 2 10
20 43 6 8
20 44 7 9
20 45 6 10
20 46 3 1
20 47 6 8
20 48 1 4
20 49 8 9
20 50 4 1
20 51 8 6
20 52 10 8
20 53 2 10
20 54 3 7
20 55 9 2
20 56 7 7
20 58 4 8
20 59 2 7
20 61 3 2
20 62 7 4
20 63 2 3
20 64 10 2
20 65 10 1
20 66 3 5
20 67 8 2
20 68 1 2
20 69 5 10
20 71 10 6
20 72 5 4
20 73 6 1
20 74 9 10
20 75 4 9
20 76 5 2
20 78 4 5
20 79 4 4
20 80 8 6
20 81 8 1
20 82 7 2
20 83 8 8
20 84 4 8
20 85 10 2
20 86 8 8
20 87 10 2
20 88 7 10
20 90 10 4
20 91 9 9
20 92 6 1
20 93 9 4
20 94 6 2
20 97 10 4
20 98 10 5
20 99 1 2
21 22 6 10
21 23 10 9
21 24 6 6
21 25 1 5
21 26 1 7
21 27 1 2
21 28 10 3
21 29 7 6
21 30 5 7
21 31 1 9
21 32 6 4
21 33 10 9
21 34 5 4
21 35 2 4
21 36 3 6
21 37 9 10
21 38 10 5
21 39 10 3
21 40 3 7
21 41 3 5
21 42 4 7
21 43 5 9
21 44 3 10
21 46 5 6
21 47 8 5
21 50 2 5
21 51 4 5
21 54 5 2
21 55 8 6
21 56 9 5
21 57 10 2
21 58 7 4
21 59 4 7
21 60 10 5
21 61 8 6
21 62 5 3
21 63 10 2
21 66 7 2
21 67 2 8
21 68 9 10
21 70 7 9
21 71 5 8
21 72 8 9
21 73 10 10
21 74 10 5
21 75 1 6
21 76 5 3
21 77 1 2
21 78 2 7
21 79 8 10
21 80 5 5
21 83 6 4
21 84 5 3
21 86 9 3
21 88 5 5
21 91 3 9
21 92 1 8
21 93 4 1
21 94 2 9
21 95 1 6
21 96 8 9
21 97 9 3
21 98 9 3
21 99 2 2
22 24 3 9
22 25 8 4
22 26 1 6
22 27 9 9
22 28 2 10
22 29 8 1
22 30 1 10
22 31 4 10
22 32 3 7
22 33 2 6
22 34 6 6
22 35 5 7
22 36 5 3
22 37 9 9
22 38 5 4
22 39 4 9
22 40 8 2
22 41 2 3
22 42 3 6
22 44 4 6
22 45 4 5
22 46 6 8
22 47 1 2
22 51 2 5
22 52 2 7
22 54 3 10
22 55 9 1
22 56 3 2
22 57 7 7
22 59 1 2
22 60 9 4
22 61 2 4
22 62 6 7
22 63 4 6
22 64 7 1
22 66 9 2
22 67 10 8
22 68 7 6
22 70 9 3
22 71 1 5
22 73 2 6
22 74 5 9
22 75 9 9
22 78 10 4
22 80 8 5
22 81 5 10
22 82 7 1
22 83 5 10
22 86 1 3
22 87 10 10
22 89 2 3
22 90 4 8
22 91 8 4
22 92 8 4
22 93 3 3
22 94 6 1
22 95 8 10
22 96 3 8
22 97 7 2
22 99 5 5
22 100 5 10
23 25 7 8
23 26 6 6
23 27 4 5
23 29 8 7
23 30 6 6
23 31 8 6
23 32 10 8
23 33 6 4
23 35 7 6
23 36 6 4
23 38 9 10
23 39 5 1
23 40 4 2
23 41 2 8
23 42 4 10
23 43 4 10
23 44 9 2
23 45 8 7
23 46 6 2
23 47 9 4
23 48 10 10
23 49 1 6
23 50 3 4
23 51 2 10
23 52 10 2
23 53 8 6
23 54 6 4
23 55 8 7
23 56 5 10
23 57 10 4
23 58 8 4
23 59 1 2
23 60 8 5
23 61 4 9
23 62 1 4
23 63 8 7
23 64 4 10
23 65 9 4
23 66 10 8
23 67 4 3
23 68 7 10
23 69 4 9
23 70 10 9
23 71 8 9
23 72 4 4
23 73 8 10
23 74 3 8
23 75 7 2
23 76 5 8
23 77 6 3
23 78 3 7
23 79 10 10
23 80 1 7
23 81 6 1
23 83 6 8
23 84 1 2
23 86 8 6
23 87 2 5
23 88 1 3
23 89 10 6
23 90 3 6
23 91 7 4
23 92 4 9
23 94 8 2
23 96 8 10
23 97 1 7
23 99 3 4
23 100 2 2
24 27 2 8
24 28 7 7
24 29 9 6
24 30 7 7
24 31 9 1
24 32 2 3
24 33 8 1
24 34 2 9
24 35 10 7
24 36 5 6
24 37 8 8
24 38 5 4
24 39 2 4
24 40 8 10
24 42 5 1
24 45 1 6
24 46 1 1
24 47 3 7
24 48 2 1
24 50 10 1
24 51 4 7
24 52 2 3
24 56 9 2
24 57 9 10
24 59 2 7
24 60 1 9
24 62 4 1
24 63 1 6
24 64 1 10
24 65 3 6
24 67 8 3
24 68 10 9
24 73 4 5
24 75 5 4
24 76 5 2
24 77 9 6
24 78 7 10
24 79 4 6
24 81 2 1
24 83 7 7
24 84 7 4
24 85 3 2
24 86 3 4
24 87 10 3
24 88 1 10
24 89 2 1
24 90 9 10
24 91 7 4
24 92 6 4
24 93 2 8
24 94 1 10
24 96 2 4
24 98 4 6
24 99 5 2
25 26 1 9
25 30 2 2
25 32 4 1
25 33 6 10
25 35 10 8
25 36 3 2
25 37 7 2
25 40 2 8
25 41 10 5
25 42 7 8
25 44 8 8
25 45 2 7
25 47 8 3
25 48 6 2
25 49 7 1
25 50 6 10
25 51 4 1
25 52 3 8
25 54 8 4
25 55 7 4
25 57 3 7
25 58 3 6
25 60 7 2
25 62 7 2
25 65 8 7
25 66 2 8
25 67 2 1
25 68 7 9
25 70 1 9
25 71 9 1
25 72 2 10
25 73 8 10
25 74 6 3
25 76 10 2
25 77 3 8
25 78 1 6
25 79 8 7
25 80 3 9
25 82 5 10
25 84 3 5
25 85 3 1
25 86 9 3
25 87 1 4
25 88 5 4
25 90 2 7
25 91 4 4
25 92 10 1
25 93 6 6
25 94 2 2
25 95 6 4
25 97 4 10
25 99 9 2
25 100 4 3
26 27 10 2
26 28 6 4
26 29 6 8
26 30 2 4
26 36 9 6
26 37 7 1
26 39 4 2
26 40 2 3
26 41 6 4
26 42 3 2
26 45 9 8
26 46 5 10
26 47 2 1
26 48 7 2
26 49 2 10
26 51 9 4
26 52 3 4
26 53 4 1
26 54 7 2
26 55 6 3
26 56 5 4
26 58 4 4
26 59 5 8
26 60 2 9
26 61 1 9
26 62 5 10
26 63 8 8
26 64 4 3
26 65 4 10
26 66 8 5
26 67 9 4
26 68 3 5
26 69 6 9
26 70 2 9
26 72 10 1
26 73 5 5
26 74 7 10
26 75 4 1
26 76 3 6
26 77 9 2
26 80 10 3
26 81 5 9
26 82 5 5
26 83 9 4
26 84 1 2
26 85 9 1
26 87 10 2
26 88 6 5
26 89 8 10
26 91 1 8
26 92 3 3
26 93 9 5
26 94 5 8
26 95 2 8
26 96 6 1
26 97 4 5
26 98 10 7
26 99 4 2
26 100 4 4
27 28 3 7
27 29 6 6
27 30 2 5
27 31 7 2
27 32 4 9
27 34 3 3
27 35 2 7
27 36 3 4
27 39 10 2
27 40 2 6
27 41 9 10
27 42 8 10
27 44 8 3
27 47 4 4
27 48 6 5
27 49 6 8
27 50 9 9
27 51 1 10
27 53 4 1
27 54 2 6
27 55 7 7
27 57 10 5
27 58 10 7
27 59 4 10
27 61 9 9
27 62 8 4
27 63 4 8
27 65 9 7
27 66 3 6
27 67 2 10
27 69 1 9
27 70 9 5
27 71 8 10
27 72 4 2
27 73 7 7
27 74 6 4
27 75 9 3
27 76 8 4
27 77 6 2
27 80 1 7
27 81 6 1
27 82 6 6
27 83 4 4
27 84 7 8
27 85 1 9
27 86 8 8
27 87 5 6
27 88 6 9
27 89 10 2
27 91 6 7
27 92 10 10
27 93 8 5
27 95 1 2
27 96 1 3
27 97 5 9
27 99 9 3
28 29 4 2
28 30 3 8
28 31 7 8
28 32 7 10
28 35 2 1
28 37 9 5
28 38 7 7
28 39 1 8
28 40 6 4
28 42 3 2
28 43 8 4
28 44 2 9
28 46 3 1
28 48 3 6
28 49 7 5
28 50 9 8
28 51 1 9
28 52 10 8
28 53 9 1
28 55 9 5
28 56 7 1
28 57 4 7
28 59 7 7
28 60 4 2
28 61 5 5
28 62 1 2
28 63 5 6
28 64 9 8
28 65 7 7
28 67 4 7
28 68 9 1
28 69 7 7
28 70 9 4
28 71 8 7
28 72 1 6
28 73 1 8
28 74 10 9
28 75 10 3
28 77 2 7
28 78 6 8
28 79 2 10
28 80 3 9
28 81 7 8
28 82 7 2
28 83 5 1
28 84 3 6
28 85 8 8
28 86 4 10
28 89 8 5
28 90 4 10
28 92 3 5
28 93 2 9
28 95 7 4
28 96 4 6
28 97 1 4
28 98 3 6
28 99 4 8
28 100 9 10
29 30 9 2
29 31 10 3
29 32 4 6
29 33 10 1
29 34 5 4
29 36 1 5
29 37 2 7
29 38 10 7
29 39 6 7
29 41 9 8
29 42 10 7
29 43 2 3
29 45 9 3
29 46 10 2
29 47 7 1
29 48 4 6
29 49 6 8
29 51 7 9
29 52 9 7
29 53 1 4
29 55 6 3
29 56 4 4
29 57 1 7
29 58 4 9
29 59 3 8
29 60 3 2
29 61 8 10
29 62 9 5
29 63 5 3
29 64 8 10
29 66 8 6
29 67 1 8
29 68 4 6
29 70 9 6
29 71 6 9
29 73 1 10
29 74 6 6
29 75 3 10
29 76 6 9
29 77 1 10
29 79 7 4
29 80 3 4
29 82 8 2
29 83 5 4
29 84 9 1
29 85 8 7
29 86 3 6
29 87 1 6
29 89 2 10
29 90 8 8
29 92 2 1
29 93 8 8
29 94 8 8
29 96 2 10
29 97 2 8
29 98 10 3
29 99 5 3
30 31 3 5
30 32 8 5
30 34 4 3
30 35 6 2
30 38 1 3
30 39 3 3
30 40 3 4
30 43 4 8
30 44 1 4
30 45 3 2
30 47 3 9
30 49 8 7
30 53 7 2
30 54 9 3
30 55 6 5
30 56 3 4
30 59 6 2
30 60 6 3
30 61 3 9
30 62 9 5
30 63 6 9
30 64 8 7
30 65 4 8
30 66 10 4
30 68 4 7
30 69 2 1
30 70 7 7
30 71 8 9
30 74 6 2
30 75 6 6
30 76 2 2
30 77 4 3
30 78 5 9
30 79 3 4
30 80 2 1
30 81 4 2
30 82 9 10
30 83 9 7
30 84 1 9
30 85 1 10
30 86 5 6
30 87 1 7
30 88 9 7
30 89 8 1
30 91 6 1
30 93 1 6
30 94 10 6
30 95 4 10
30 96 3 2
30 97 1 2
30 98 9 6
30 99 3 2
31 32 7 6
31 33 3 6
31 34 5 10
31 35 8 3
31 36 10 2
31 37 6 5
31 38 5 8
31 39 5 10
31 40 3 8
31 41 3 2
31 42 3 8
31 43 9 10
31 44 7 3
31 45 6 9
31 46 9 5
31 48 8 10
31 49 5 10
31 50 6 5
31 51 9 2
31 52 3 5
31 54 10 4
31 55 9 8
31 56 4 10
31 57 6 7
31 58 9 9
31 59 9 2
31 60 3 7
31 62 4 4
31 63 3 5
31 64 5 9
31 65 4 10
31 66 3 3
31 67 3 8
31 68 8 5
31 70 1 10
31 71 4 4
31 73 3 10
31 74 6 5
31 75 7 9
31 76 5 6
31 77 10 3
31 78 10 8
31 79 7 9
31 80 3 6
31 81 10 5
31 83 3 10
31 84 10 9
31 86 1 1
31 89 4 2
31 90 1 7
31 91 7 9
31 92 9 2
31 95 8 2
31 96 10 8
31 99 2 8
31 100 1 7
32 33 2 9
32 34 4 8
32 36 9 1
32 37 8 7
32 39 9 6
32 41 2 2
32 42 8 9
32 43 1 8
32 44 4 9
32 45 6 9
32 46 4 5
32 47 6 7
32 48 8 5
32 49 1 10
32 50 8 7
32 51 3 4
32 52 5 2
32 53 3 5
32 54 3 3
32 56 8 2
32 57 7 3
32 58 4 3
32 59 1 2
32 60 5 10
32 61 6 5
32 62 10 2
32 65 7 2
32 66 10 8
32 67 10 1
32 69 7 9
32 70 3 7
32 73 3 1
32 74 8 1
32 75 6 7
32 76 7 1
32 77 1 7
32 78 4 8
32 79 6 8
32 80 5 2
32 81 4 6
32 82 3 5
32 83 1 2
32 84 4 5
32 85 5 2
32 87 4 10
32 88 2 1
32 89 10 7
32 90 5 10
32 91 10 1
32 92 7 7
32 93 1 9
32 94 8 3
32 95 2 3
32 97 5 6
32 98 6 1
32 99 10 3
32 100 4 9
33 35 1 10
33 37 10 9
33 39 2 3
33 40 7 6
33 42 2 6
33 44 2 5
33 47 10 3
33 48 6 3
33 49 4 1
33 50 3 4
33 51 6 4
33 52 3 2
33 54 2 1
33 55 1 3
33 56 8 5
33 57 8 4
33 58 9 8
33 59 9 6
33 60 8 8
33 61 3 5
33 62 2 1
33 63 4 3
33 66 6 9
33 67 3 9
33 69 4 9
33 70 8 10
33 71 3 6
33 72 5 2
33 73 8 6
33 74 5 9
33 75 4 1
33 76 6 1
33 77 3 8
33 78 3 10
33 79 7 8
33 80 1 1
33 81 9 8
33 82 1 5
33 83 3 10
33 85 1 1
33 86 9 2
33 87 7 6
33 90 5 7
33 91 3 5
33 94 6 1
33 95 2 5
33 96 10 9
33 97 1 6
33 98 7 5
33 100 4 1
34 35 10 1
34 36 1 4
34 37 6 8
34 38 6 3
34 39 4 3
34 40 1 6
34 41 10 5
34 42 2 1
34 43 4 10
34 44 10 7
34 45 10 1
34 46 8 9
34 48 9 3
34 49 7 6
34 51 2 4
34 52 6 7
34 53 5 4
34 54 10 10
34 57 9 9
34 58 5 2
34 59 2 9
34 60 4 5
34 61 4 3
34 62 9 10
34 64 8 6
34 65 8 3
34 66 2 10
34 68 5 4
34 72 10 5
34 73 5 3
34 74 10 7
34 75 1 2
34 76 9 1
34 77 2 7
34 79 9 10
34 80 10 2
34 81 7 2
34 83 6 10
34 86 8 2
34 87 6 10
34 88 3 5
34 89 8 7
34 90 6 9
34 91 9 1
34 92 4 4
34 93 8 9
34 94 8 3
34 95 5 1
34 96 3 6
34 98 3 1
34 99 2 3
34 100 1 5
35 36 10 6
35 37 9 2
35 38 1 5
35 39 2 1
35 43 2 6
35 44 9 4
35 46 7 7
35 47 5 1
35 48 3 7
35 50 7 9
35 51 3 10
35 53 2 8
35 54 3 5
35 55 5 7
35 56 1 6
35 57 8 9
35 59 8 3
35 61 1 1
35 63 10 4
35 64 6 7
35 66 4 5
35 67 5 6
35 68 1 8
35 69 10 10
35 70 4 5
35 71 3 3
35 73 2 6
35 74 7 9
35 75 6 5
35 77 4 3
35 78 2 4
35 79 10 10
35 82 8 9
35 84 6 6
35 85 5 9
35 87 1 7
35 89 4 8
35 90 6 2
35 91 5 10
35 92 8 4
35 93 10 4
35 94 6 1
35 95 1 2
35 97 8 10
35 98 4 7
35 99 1 2
35 100 7 4
36 37 8 3
36 38 7 10
36 39 8 2
36 40 1 10
36 43 7 8
36 44 3 2
36 45 4 8
36 47 8 2
36 48 6 7
36 49 2 7
36 50 8 2
36 51 9 9
36 52 7 2
36 54 10 2
36 55 5 8
36 56 4 3
36 57 10 4
36 59 3 3
36 60 8 7
36 61 1 2
36 62 9 1
36 63 5 2
36 64 4 5
36 66 10 2
36 67 2 5
36 68 6 10
36 69 7 3
36 70 6 4
36 71 5 5
36 72 7 2
36 73 7 4
36 75 3 6
36 77 8 7
36 78 5 6
36 79 8 9
36 80 9 2
36 81 4 5
36 82 5 3
36 83 8 4
36 84 9 5
36 85 3 3
36 86 2 2
36 87 5 8
36 88 10 4
36 89 9 10
36 91 5 9
36 92 1 9
36 93 3 6
36 94 9 9
36 95 5 4
36 96 3 1
36 97 9 8
36 98 5 8
36 99 9 9
36 100 4 1
37 38 5 7
37 39 5 5
37 40 7 7
37 41 10 7
37 42 1 2
37 43 1 1
37 44 3 3
37 45 1 2
37 46 8 7
37 47 7 9
37 48 5 10
37 49 3 1
37 51 1 7
37 52 1 10
37 53 7 9
37 54 8 5
37 55 3 7
37 56 1 2
37 57 8 2
37 58 9 4
37 59 3 5
37 60 5 5
37 61 5 8
37 62 2 3
37 65 8 1
37 67 2 10
37 69 7 3
37 70 9 2
37 71 8 2
37 72 1 3
37 73 4 1
37 74 7 1
37 75 8 10
37 76 9 8
37 77 2 3
37 78 3 2
37 79 5 1
37 80 2 4
37 81 9 6
37 82 10 6
37 83 2 8
37 84 1 6
37 86 2 8
37 87 5 6
37 88 7 1
37 89 6 1
37 90 10 9
37 92 6 7
37 93 3 3
37 95 1 8
37 96 3 8
37 97 10 5
37 98 3 9
37 99 6 2
37 100 6 10
38 39 10 4
38 40 7 8
38 41 10 5
38 42 4 6
38 45 7 3
38 46 9 4
38 47 8 9
38 48 6 9
38 49 10 10
38 51 5 5
38 52 5 6
38 53 4 3
38 55 8 6
38 56 7 6
38 57 8 5
38 59 10 8
38 60 2 2
38 61 10 3
38 62 6 6
38 63 6 2
38 64 1 6
38 65 8 5
38 66 9 2
38 67 9 1
38 68 2 2
38 69 2 9
38 70 7 9
38 73 10 3
38 74 5 5
38 75 8 7
38 76 4 9
38 77 9 9
38 78 7 5
38 79 10 3
38 80 9 6
38 81 8 2
38 82 9 8
38 84 4 7
38 87 4 9
38 88 3 3
38 89 2 10
38 91 6 10
38 93 1 9
38 94 3 9
38 96 8 7
38 97 2 1
38 98 10 8
38 99 8 3
39 41 9 6
39 43 9 2
39 44 2 5
39 45 1 5
39 46 9 4
39 47 4 6
39 48 6 2
39 49 6 7
39 50 8 2
39 52 3 8
39 53 1 2
39 54 4 2
39 55 10 4
39 57 1 3
39 58 10 3
39 59 4 3
39 60 3 6
39 61 5 2
39 62 4 2
39 63 3 1
39 64 5 3
39 65 10 3
39 66 8 8
39 67 6 6
39 68 3 1
39 69 8 7
39 70 9 9
39 71 10 4
39 72 6 6
39 73 5 7
39 74 2 6
39 76 1 4
39 77 9 9
39 78 6 9
39 79 10 10
39 80 4 8
39 81 6 5
39 83 1 2
39 85 8 9
39 86 3 4
39 87 5 2
39 89 9 3
39 90 4 3
39 91 5 8
39 94 5 4
39 95 3 8
39 97 6 7
39 98 9 10
39 100 4 8
40 41 1 9
40 42 8 7
40 43 6 7
40 44 8 1
40 46 2 1
40 47 1 1
40 48 10 4
40 51 7 7
40 52 5 5
40 53 3 2
40 54 4 4
40 55 5 6
40 56 9 6
40 58 3 9
40 61 4 6
40 62 3 7
40 63 2 7
40 64 9 8
40 65 1 1
40 66 8 7
40 67 1 4
40 68 6 10
40 70 7 1
40 71 4 2
40 72 4 8
40 73 2 10
40 74 10 4
40 75 10 1
40 77 4 8
40 78 4 4
40 79 4 2
40 81 6 8
40 82 2 7
40 85 3 10
40 86 4 3
40 87 4 10
40 88 6 3
40 89 10 8
40 91 8 2
40 92 6 4
40 93 10 7
40 95 4 3
40 97 5 9
40 98 10 7
40 99 4 7
40 100 2 6
41 43 8 3
41 44 2 5
41 46 2 8
41 47 9 10
41 48 10 7
41 49 1 4
41 50 7 7
41 51 10 5
41 52 7 6
41 53 10 5
41 54 9 6
41 55 4 9
41 56 9 1
41 58 4 3
41 59 5 7
41 60 5 8
41 61 3 8
41 62 8 7
41 65 5 1
41 66 5 10
41 67 2 5
41 68 4 3
41 69 5 7
41 70 7 3
41 71 2 4
41 72 10 2
41 73 9 7
41 74 8 1
41 75 4 2
41 76 7 7
41 77 6 4
41 79 9 1
41 82 2 4
41 83 1 4
41 84 6 1
41 85 10 4
41 86 1 5
41 87 3 7
41 89 1 9
41 90 4 3
41 91 5 9
41 92 9 1
41 94 9 7
41 95 8 1
41 96 10 3
41 97 9 8
41 99 9 4
41 100 4 4
42 43 5 6
42 44 2 6
42 45 1 3
42 46 10 4
42 47 2 8
42 48 6 2
42 49 3 8
42 50 10 3
42 52 10 5
42 53 7 8
42 55 5 8
42 57 3 2
42 58 8 7
42 59 9 5
42 60 10 5
42 61 4 6
42 62 4 4
42 63 1 4
42 64 3 6
42 65 1 8
42 66 7 5
42 68 1 9
42 69 5 3
42 70 9 6
42 71 1 6
42 72 8 6
42 73 10 3
42 74 4 6
42 75 3 4
42 76 6 9
42 77 2 3
42 79 8 7
42 80 2 6
42 81 1 4
42 82 2 7
42 83 3 8
42 86 7 7
42 87 7 3
42 89 2 10
42 90 3 9
42 91 5 9
42 93 6 7
42 94 7 1
42 95 7 9
42 97 1 8
42 98 9 6
42 99 5 2
42 100 8 5
43 45 2 8
43 46 3 8
43 48 7 4
43 49 5 6
43 50 3 8
43 51 8 6
43 52 2 4
43 53 1 6
43 54 7 3
43 55 5 2
43 58 6 4
43 59 1 2
43 60 2 9
43 61 9 7
43 62 7 10
43 63 7 4
43 64 10 7
43 66 7 9
43 67 7 3
43 68 8 4
43 69 4 4
43 70 1 2
43 71 2 6
43 73 9 6
43 74 4 4
43 75 4 6
43 76 4 8
43 77 10 9
43 78 6 8
43 79 5 1
43 81 4 4
43 83 2 1
43 84 2 10
43 85 2 4
43 86 8 8
43 87 2 8
43 88 5 7
43 89 5 4
43 91 9 10
43 92 6 6
43 93 10 4
43 96 1 8
43 98 7 2
43 99 8 4
43 100 4 10
44 45 2 9
44 46 1 7
44 47 1 8
44 49 8 6
44 50 5 9
44 51 2 9
44 52 4 8
44 53 1 4
44 54 8 7
44 55 9 9
44 56 2 6
44 57 5 3
44 58 2 7
44 60 3 9
44 64 7 8
44 65 4 7
44 67 9 8
44 68 4 10
44 70 1 5
44 71 8 9
44 72 10 3
44 73 9 5
44 74 8 3
44 75 10 8
44 78 6 8
44 79 4 8
44 80 9 10
44 81 9 8
44 82 8 6
44 83 5 1
44 84 7 7
44 85 7 7
44 86 3 7
44 87 9 9
44 89 8 8
44 91 1 5
44 92 2 4
44 94 5 2
44 95 9 1
44 96 4 1
44 99 5 9
44 100 9 2
45 46 6 4
45 47 3 8
45 49 9 2
45 50 3 5
45 51 5 3
45 52 7 8
45 53 9 1
45 54 3 4
45 55 6 8
45 56 7 10
45 57 7 2
45 58 1 3
45 59 5 10
45 60 2 1
45 61 7 8
45 62 10 5
45 63 9 3
45 64 2 6
45 65 1 10
45 66 10 4
45 68 4 9
45 69 6 5
45 70 10 9
45 71 2 3
45 72 1 2
45 73 1 9
45 74 8 2
45 75 2 3
45 76 6 6
45 77 7 2
45 78 5 9
45 79 7 10
45 80 8 10
45 81 9 6
45 82 7 4
45 83 6 9
45 85 2 7
45 87 2 2
45 88 8 10
45 89 9 10
45 91 5 3
45 92 7 5
45 93 6 2
45 94 4 3
45 95 7 3
45 96 10 2
45 97 6 1
45 98 2 4
45 99 1 10
45 100 8 2
46 48 2 7
46 50 9 10
46 51 1 10
46 52 9 10
46 53 1 9
46 54 1 3
46 55 10 7
46 56 4 1
46 57 9 1
46 59 3 4
46 60 2 2
46 61 7 3
46 63 1 6
46 64 2 10
46 65 10 4
46 66 8 8
46 68 7 10
46 69 10 10
46 70 9 1
46 71 2 3
46 72 7 4
46 73 8 8
46 74 8 6
46 75 6 1
46 77 5 3
46 78 9 9
46 79 10 3
46 80 6 9
46 81 4 6
46 82 10 10
46 83 3 7
46 85 1 8
46 86 3 7
46 88 1 6
46 89 3 9
46 90 7 5
46 92 9 1
46 93 3 8
46 94 7 5
46 95 5 3
46 96 9 2
46 97 7 5
46 98 9 7
47 49 2 6
47 50 3 4
47 51 9 9
47 52 2 3
47 53 7 4
47 54 6 8
47 55 10 8
47 56 3 10
47 57 10 1
47 58 1 10
47 59 7 8
47 60 6 2
47 61 9 4
47 62 1 2
47 63 2 9
47 64 5 4
47 65 3 6
47 67 1 9
47 68 8 9
47 69 5 2
47 70 4 5
47 71 5 4
47 72 8 4
47 75 9 5
47 76 6 10
47 77 9 9
47 79 5 1
47 82 6 2
47 83 6 8
47 84 2 1
47 85 7 5
47 88 7 2
47 89 2 5
47 90 7 3
47 91 6 8
47 92 2 1
47 93 4 3
47 94 10 2
47 95 3 3
47 96 6 3
47 97 6 2
47 98 2 8
47 99 10 3
47 100 1 3
48 49 7 3
48 50 7 3
48 51 9 10
48 52 3 2
48 53 3 5
48 55 4 1
48 56 9 5
48 57 9 1
48 58 3 5
48 59 1 6
48 60 10 2
48 61 7 2
48 62 9 6
48 63 9 6
48 65 2 7
48 66 5 7
48 67 1 3
48 68 8 6
48 71 6 1
48 73 10 3
48 74 6 9
48 75 1 10
48 76 4 6
48 77 7 10
48 79 4 10
48 80 10 4
48 81 2 3
48 82 2 6
48 83 9 9
48 84 4 7
48 85 2 3
48 86 5 8
48 87 5 7
48 88 7 10
48 89 3 5
48 91 2 8
48 92 1 8
48 93 4 5
48 94 1 2
48 95 9 10
48 96 10 9
48 97 4 1
48 98 7 10
48 99 5 9
48 100 2 9
49 50 8 1
49 51 2 2
49 52 7 6
49 53 1 10
49 55 4 1
49 56 8 5
49 57 2 9
49 58 9 3
49 59 6 4
49 60 4 8
49 61 5 2
49 62 3 1
49 64 9 2
49 65 5 1
49 66 7 4
49 67 7 7
49 69 5 7
49 70 4 5
49 72 9 7
49 73 5 9
49 74 10 3
49 75 3 7
49 76 1 7
49 77 6 2
49 78 9 7
49 80 4 10
49 82 4 4
49 83 6 5
49 84 5 4
49 85 10 7
49 86 8 5
49 87 7 5
49 88 6 8
49 89 6 3
49 90 10 5
49 91 2 9
49 93 1 5
49 94 9 3
49 95 4 6
49 97 7 5
49 98 4 3
49 99 10 4
49 100 1 8
50 51 6 7
50 52 6 6
50 53 2 2
50 54 2 4
50 55 8 1
50 56 2 1
50 57 4 10
50 59 9 7
50 60 9 2
50 61 4 4
50 62 10 7
50 64 8 3
50 65 10 8
50 66 5 9
50 67 4 3
50 68 9 3
50 69 5 6
50 70 4 7
50 71 4 1
50 72 3 8
50 73 2 9
50 74 3 7
50 75 1 6
50 76 4 8
50 77 4 3
50 78 3 9
50 79 8 6
50 80 5 6
50 82 4 9
50 83 10 2
50 84 7 1
50 85 3 1
50 86 5 5
50 87 1 10
50 88 8 2
50 89 4 10
50 91 7 9
50 92 5 9
50 93 3 6
50 94 3 7
50 95 4 3
50 97 3 8
50 98 4 5
50 100 9 6
51 53 2 10
51 54 5 10
51 55 5 9
51 57 5 2
51 58 2 2
51 59 7 5
51 60 5 1
51 61 1 3
51 62 8 5
51 63 7 4
51 64 8 6
51 65 1 1
51 66 10 2
51 67 9 5
51 69 4 1
51 70 9 3
51 71 3 8
51 72 1 1
51 73 3 10
51 74 5 5
51 75 8 10
51 76 3 7
51 79 7 9
51 80 10 8
51 81 1 8
51 82 2 2
51 83 10 4
51 84 2 2
51 85 10 3
51 86 7 5
51 87 2 6
51 88 9 3
51 89 6 4
51 90 9 6
51 95 10 9
51 96 8 2
51 97 6 10
51 99 10 8
51 100 3 9
52 54 4 10
52 56 1 8
52 57 1 1
52 58 10 4
52 59 5 7
52 60 10 10
52 61 7 4
52 62 4 9
52 63 5 6
52 64 9 7
52 67 10 6
52 70 2 2
52 71 8 8
52 72 9 7
52 73 10 8
52 74 5 4
52 75 4 10
52 77 8 10
52 78 2 7
52 79 10 4
52 81 3 1
52 84 3 2
52 86 5 9
52 87 6 2
52 88 9 1
52 90 4 6
52 91 6 1
52 92 7 1
52 93 5 10
52 94 8 4
52 96 6 7
52 100 7 4
53 54 2 9
53 55 7 6
53 56 6 10
53 57 5 8
53 58 2 5
53 59 10 5
53 60 3 9
53 61 6 6
53 62 6 4
53 63 5 1
53 65 10 6
53 66 8 1
53 68 10 10
53 69 3 1
53 70 2 1
53 71 7 4
53 72 7 9
53 74 3 8
53 75 4 10
53 76 5 6
53 77 7 10
53 78 6 10
53 79 8 7
53 80 5 8
53 81 7 7
53 83 4 3
53 84 6 1
53 85 10 2
53 86 4 4
53 89 8 7
53 90 6 8
53 91 5 3
53 92 8 6
53 93 6 9
53 94 4 10
53 95 9 5
53 96 7 8
53 97 7 3
53 98 8 10
53 99 9 7
53 100 5 8
54 55 3 8
54 56 8 2
54 57 10 4
54 58 5 2
54 59 5 8
54 60 4 6
54 61 6 4
54 62 6 4
54 64 8 4
54 65 9 10
54 67 9 4
54 68 4 8
54 69 3 7
54 70 1 10
54 71 7 4
54 73 3 4
54 74 5 6
54 76 8 10
54 77 3 4
54 78 10 7
54 80 3 7
54 81 9 1
54 82 7 4
54 83 8 5
54 84 4 6
54 85 6 9
54 86 8 7
54 87 4 10
54 88 8 8
54 89 2 3
54 90 8 8
54 91 3 2
54 92 1 1
54 93 3 1
54 94 9 3
54 95 1 10
54 96 5 2
54 97 8 3
54 98 4 10
54 99 8 3
55 56 4 10
55 57 3 9
55 58 6 5
55 59 8 6
55 60 7 7
55 61 9 7
55 62 5 9
55 64 10 7
55 65 3 4
55 66 3 2
55 67 3 4
55 68 1 5
55 69 6 8
55 72 7 5
55 73 6 2
55 74 5 4
55 75 2 2
55 76 6 4
55 78 6 4
55 79 6 3
55 80 2 3
55 81 4 1
55 82 3 9
55 83 6 7
55 84 9 7
55 86 7 7
55 87 6 1
55 89 1 7
55 90 2 9
55 91 7 2
55 92 8 8
55 94 4 2
55 95 3 4
55 96 7 9
55 97 8 3
55 98 7 8
55 99 8 8
56 58 10 2
56 59 10 5
56 61 8 1
56 62 2 4
56 63 1 3
56 65 2 1
56 66 2 3
56 68 2 3
56 69 6 1
56 70 5 2
56 71 5 8
56 72 2 4
56 73 2 3
56 74 4 10
56 75 7 2
56 76 1 2
56 77 4 4
56 79 2 10
56 80 3 4
56 81 4 9
56 84 6 1
56 85 9 5
56 86 9 5
56 87 6 4
56 88 2 4
56 89 5 7
56 90 9 3
56 91 1 4
56 92 5 7
56 93 5 10
56 94 9 8
56 95 8 4
56 96 5 8
56 97 8 1
56 98 5 10
56 100 10 3
57 58 3 10
57 59 3 5
57 60 8 9
57 61 4 5
57 62 6 2
57 63 4 10
57 64 8 6
57 65 6 7
57 66 8 5
57 67 2 3
57 68 10 1
57 69 8 2
57 70 5 2
57 71 4 7
57 72 9 3
57 73 2 3
57 74 5 8
57 75 8 3
57 76 9 2
57 77 8 6
57 78 4 10
57 79 2 6
57 80 7 10
57 82 7 4
57 83 9 6
57 84 6 8
57 85 7 1
57 86 7 10
57 87 4 9
57 88 9 6
57 89 6 6
57 90 3 9
57 91 1 9
57 92 7 10
57 93 7 2
57 94 8 7
57 95 9 3
57 97 1 1
57 98 3 8
57 99 3 5
57 100 6 7
58 59 7 6
58 60 9 4
58 61 7 10
58 62 1 5
58 63 3 2
58 65 8 5
58 67 1 1
58 68 10 2
58 69 3 8
58 70 8 5
58 71 9 2
58 72 8 9
58 74 5 7
58 75 6 8
58 76 7 7
58 77 5 4
58 78 5 4
58 79 1 8
58 80 7 5
58 81 4 7
58 82 4 3
58 83 9 10
58 84 6 8
58 85 4 7
58 86 6 8
58 87 2 8
58 88 8 2
58 89 9 2
58 90 9 8
58 91 7 2
58 93 4 1
58 94 6 4
58 96 4 6
58 97 10 8
58 98 4 3
58 99 2 6
58 100 6 7
59 60 8 9
59 62 2 5
59 63 8 8
59 64 10 7
59 65 3 8
59 66 7 10
59 67 8 3
59 68 1 3
59 69 3 10
59 70 7 5
59 74 2 8
59 75 8 1
59 76 6 3
59 77 4 8
59 80 10 1
59 81 7 3
59 82 4 8
59 83 7 7
59 84 10 7
59 85 8 2
59 86 1 1
59 87 2 7
59 88 3 1
59 89 3 2
59 90 2 6
59 91 8 10
59 92 8 9
59 93 6 2
59 95 4 2
59 96 2 9
59 97 8 6
59 98 8 4
59 99 2 4
59 100 8 6
60 61 9 9
60 63 10 3
60 64 6 1
60 66 8 6
60 67 3 1
60 68 1 4
60 69 3 1
60 70 5 8
60 71 4 4
60 72 8 10
60 73 9 7
60 74 6 4
60 76 4 2
60 78 1 8
60 80 4 9
60 81 6 6
60 82 5 7
60 83 1 4
60 84 2 1
60 85 2 7
60 86 6 6
60 87 7 1
60 88 3 6
60 89 6 3
60 90 3 10
60 91 7 9
60 92 2 6
60 94 10 10
60 95 5 3
60 96 4 4
60 98 8 5
60 99 1 6
60 100 4 1
61 64 2 8
61 65 6 4
61 67 5 4
61 68 10 6
61 70 10 3
61 71 4 10
61 72 10 6
61 73 5 7
61 74 9 10
61 75 2 7
61 77 8 8
61 78 10 8
61 79 2 10
61 80 2 2
61 81 6 5
61 82 1 3
61 83 5 5
61 84 3 1
61 85 2 6
61 86 8 1
61 87 3 9
61 88 3 8
61 89 5 3
61 90 4 7
61 91 3 2
61 92 7 3
61 93 8 6
61 94 8 7
61 95 3 9
61 96 6 7
61 97 8 6
61 98 10 3
61 99 10 10
61 100 10 1
62 63 3 5
62 64 10 4
62 66 10 3
62 68 7 7
62 69 5 7
62 70 8 8
62 71 2 6
62 72 4 1
62 74 4 9
62 75 10 9
62 76 2 1
62 77 7 2
62 78 2 6
62 80 6 5
62 81 6 6
62 83 10 5
62 84 2 3
62 85 3 10
62 86 5 4
62 87 9 8
62 88 8 5
62 89 1 4
62 90 10 2
62 91 4 9
62 92 10 6
62 94 2 6
62 95 5 10
62 96 1 1
62 97 7 1
62 98 3 3
62 99 2 3
62 100 6 6
63 64 4 10
63 65 4 9
63 66 9 4
63 67 5 6
63 68 8 7
63 69 8 2
63 71 3 4
63 72 5 9
63 73 1 7
63 74 9 1
63 76 7 5
63 77 8 5
63 78 9 4
63 79 9 9
63 80 3 4
63 81 9 9
63 82 9 6
63 83 3 2
63 84 1 6
63 85 6 2
63 86 1 4
63 88 5 3
63 89 4 5
63 90 1 7
63 91 10 6
63 92 1 7
63 93 5 1
63 94 2 1
63 97 10 10
63 98 3 5
63 100 8 7
64 66 10 10
64 67 6 5
64 68 8 8
64 69 3 3
64 70 5 6
64 71 4 3
64 72 7 2
64 73 5 1
64 74 3 10
64 76 1 10
64 77 4 4
64 78 8 8
64 79 5 10
64 80 6 9
64 81 6 8
64 82 8 4
64 84 3 2
64 85 4 1
64 86 9 3
64 87 6 10
64 88 8 6
64 91 6 1
64 92 9 1
64 96 3 1
64 97 5 1
64 99 10 10
64 100 3 8
65 67 4 5
65 68 2 10
65 69 8 10
65 70 1 3
65 71 9 3
65 72 6 9
65 73 7 10
65 74 10 8
65 76 1 5
65 78 5 1
65 79 9 10
65 80 10 1
65 81 1 2
65 82 8 6
65 83 7 4
65 84 2 7
65 85 3 1
65 87 5 5
65 89 1 3
65 90 9 7
65 91 8 3
65 92 10 4
65 94 5 9
65 95 4 2
65 97 6 6
65 99 5 5
66 67 2 5
66 68 5 5
66 73 4 6
66 74 4 10
66 75 10 2
66 76 7 8
66 77 7 8
66 78 6 1
66 79 7 7
66 81 5 6
66 82 4 6
66 83 6 7
66 84 10 1
66 85 4 7
66 86 3 10
66 87 2 7
66 88 6 6
66 89 9 4
66 91 4 5
66 92 4 3
66 93 5 9
66 94 6 3
66 97 8 7
66 100 2 2
67 68 1 9
67 69 4 9
67 70 5 4
67 71 4 1
67 72 5 10
67 74 5 10
67 75 7 8
67 76 3 5
67 77 2 8
67 78 5 3
67 79 2 6
67 80 10 9
67 83 8 5
67 84 6 9
67 86 1 5
67 87 4 3
67 89 1 6
67 90 9 3
67 91 8 1
67 92 10 10
67 93 4 9
67 94 4 5
67 96 9 2
67 98 3 3
67 99 2 2
67 100 5 8
68 69 9 4
68 70 6 3
68 71 7 10
68 73 1 4
68 74 2 8
68 75 4 5
68 76 1 1
68 77 8 7
68 78 9 8
68 79 2 5
68 80 8 9
68 81 10 5
68 82 4 8
68 84 8 7
68 85 5 10
68 87 9 6
68 88 9 8
68 89 3 4
68 90 3 1
68 91 8 10
68 92 9 6
68 94 9 6
68 95 2 9
68 96 5 8
68 97 3 10
68 98 3 10
68 99 8 6
68 100 7 9
69 70 10 7
69 71 7 10
69 74 6 6
69 76 6 8
69 77 9 6
69 78 4 1
69 79 5 7
69 80 3 6
69 81 1 6
69 83 5 9
69 85 1 8
69 87 7 1
69 88 5 7
69 90 9 6
69 91 5 2
69 93 4 6
69 94 5 4
69 95 8 4
69 96 9 6
69 97 5 2
69 98 6 5
69 99 1 8
69 100 6 9
70 72 8 10
70 73 6 9
70 74 1 3
70 75 6 9
70 76 9 1
70 77 9 9
70 78 7 7
70 79 4 1
70 81 6 10
70 82 7 8
70 83 7 5
70 85 6 2
70 86 4 10
70 87 2 3
70 88 6 2
70 89 8 5
70 91 10 2
70 92 10 4
70 93 1 10
70 94 2 3
70 95 8 1
70 96 4 8
70 97 10 4
70 98 8 6
70 99 2 9
70 100 7 3
71 72 3 7
71 74 7 5
71 75 1 9
71 76 3 10
71 77 4 9
71 78 3 9
71 80 3 8
71 82 9 9
71 83 2 1
71 85 5 3
71 86 10 10
71 87 1 10
71 89 7 5
71 91 9 10
71 92 2 8
71 93 9 9
71 94 5 8
71 95 5 1
71 96 9 4
71 98 6 5
71 99 4 9
71 100 2 8
72 73 7 6
72 75 10 10
72 76 8 10
72 77 2 8
72 79 4 2
72 80 8 7
72 81 3 4
72 82 1 1
72 83 10 3
72 84 5 3
72 85 2 1
72 86 9 9
72 87 3 6
72 88 3 5
72 91 7 1
72 92 1 6
72 94 10 3
72 95 8 3
72 96 2 3
72 97 6 3
72 98 4 5
72 100 2 1
73 74 9 8
73 75 5 4
73 76 1 6
73 77 9 1
73 80 2 2
73 81 8 2
73 82 2 1
73 83 10 9
73 84 4 7
73 87 10 1
73 89 8 4
73 92 6 9
73 93 8 8
73 95 9 7
73 96 10 7
73 97 4 2
73 98 1 9
73 99 7 9
73 100 2 1
74 76 6 2
74 77 3 5
74 78 4 10
74 79 8 5
74 80 4 6
74 81 9 4
74 83 5 10
74 85 7 6
74 86 2 1
74 87 10 8
74 88 9 5
74 90 6 8
74 91 7 1
74 93 10 2
74 95 7 10
74 96 2 1
74 97 6 6
74 98 5 2
74 100 5 9
75 76 8 4
75 77 4 10
75 79 9 8
75 80 4 3
75 81 9 9
75 82 1 9
75 83 1 8
75 84 5 3
75 85 8 5
75 86 7 10
75 87 6 2
75 88 9 1
75 89 8 10
75 90 6 4
75 91 10 4
75 93 8 6
75 95 6 5
75 97 9 6
75 98 2 10
75 99 10 7
75 100 3 1
76 77 3 3
76 80 8 5
76 82 3 3
76 83 6 7
76 84 9 5
76 85 2 7
76 87 4 4
76 89 3 9
76 90 6 5
76 91 3 1
76 93 4 2
76 94 2 4
76 96 6 4
76 97 2 9
76 99 6 5
76 100 3 6
77 78 10 4
77 79 6 1
77 80 8 7
77 81 3 9
77 82 6 1
77 83 6 6
77 84 7 3
77 85 8 4
77 86 7 7
77 88 10 3
77 89 8 7
77 90 4 4
77 91 1 9
77 92 7 1
77 93 6 3
77 95 9 5
77 96 10 8
77 97 5 2
77 98 2 9
77 99 3 9
77 100 7 8
78 79 10 3
78 80 7 10
78 81 6 5
78 82 2 10
78 83 3 9
78 85 7 9
78 86 1 10
78 87 8 6
78 88 10 5
78 89 10 6
78 90 2 10
78 93 3 5
78 99 5 2
79 80 1 9
79 81 9 8
79 82 3 3
79 83 6 6
79 84 3 6
79 85 2 10
79 87 1 7
79 88 8 9
79 89 1 6
79 90 9 4
79 91 1 9
79 92 8 6
79 94 4 9
79 95 4 8
79 98 5 3
79 99 8 10
79 100 10 4
80 81 3 5
80 82 2 2
80 84 4 3
80 85 9 1
80 87 3 8
80 88 9 2
80 89 7 10
80 90 4 2
80 91 6 3
80 92 3 5
80 93 9 4
80 94 10 10
80 95 10 7
80 98 2 7
80 99 2 10
80 100 6 9
81 82 1 4
81 83 4 3
81 84 10 4
81 85 6 3
81 90 4 1
81 91 7 9
81 93 8 4
81 94 8 10
81 95 3 10
81 96 10 8
81 97 10 9
81 98 6 4
81 99 7 6
81 100 2 8
82 83 3 3
82 84 5 8
82 85 1 5
82 86 5 1
82 87 8 5
82 88 2 7
82 89 2 9
82 91 2 9
82 92 7 3
82 95 9 7
82 96 1 6
82 97 8 3
82 98 10 1
82 99 3 3
82 100 5 3
83 85 5 10
83 86 4 9
83 87 8 6
83 88 5 9
83 89 3 6
83 90 4 10
83 91 1 5
83 92 9 9
83 93 10 5
83 94 5 1
83 95 8 2
83 96 6 5
83 97 4 10
83 99 9 6
84 85 2 9
84 86 5 9
84 88 3 7
84 89 3 9
84 92 7 7
84 96 2 2
84 97 5 7
84 99 4 9
84 100 3 4
85 86 6 6
85 87 6 2
85 88 5 3
85 89 1 1
85 90 7 6
85 91 1 5
85 93 6 9
85 94 9 4
85 96 3 1
85 97 6 2
85 98 5 3
85 99 2 8
85 100 10 1
86 87 8 6
86 89 2 7
86 90 2 6
86 91 1 10
86 92 9 2
86 93 2 8
86 94 6 1
86 95 3 7
86 96 4 9
86 97 1 2
86 98 9 5
86 99 6 3
87 88 1 1
87 91 8 6
87 92 10 8
87 93 10 3
87 94 5 4
87 97 4 9
87 99 9 9
87 100 6 10
88 89 10 5
88 90 10 1
88 91 7 1
88 92 2 3
88 93 3 9
88 94 10 6
88 95 5 9
88 96 4 9
88 97 5 3
88 98 9 8
88 99 1 9
88 100 10 9
89 90 5 6
89 93 1 7
89 94 7 9
89 95 2 8
89 96 9 6
89 97 2 7
89 99 10 2
89 100 9 2
90 91 3 5
90 92 2 8
90 93 10 7
90 95 4 7
90 96 5 8
90 97 1 8
90 98 7 8
90 99 7 10
90 100 1 9
91 93 2 5
91 94 9 5
91 95 1 5
91 96 9 4
91 97 10 8
91 100 8 5
92 94 2 6
92 95 9 10
92 96 9 5
92 97 10 7
92 98 5 7
92 99 1 7
92 100 1 8
93 94 6 6
93 95 1 3
93 96 9 2
93 98 1 4
93 99 3 1
94 95 7 1
94 96 5 10
94 97 7 9
94 98 5 4
94 99 2 4
94 100 8 1
95 96 3 9
95 98 7 6
95 99 10 8
96 98 6 5
96 99 7 1
96 100 6 6
98 99 9 6
98 100 7 8
1
1 2 3 4 5 6 7 8 9 10 11 12 13 14 15 16 17 18 19 20 21 22 23 24 25 26 27 28 29 30 31 32 33 34 35 36 37 38 39 40 41 42 43 44 45 46 47 48 49 50
