3875
1 2 7 4
1 3 7 10
1 5 2 2
1 6 10 5
1 8 1 2
1 9 10 3
1 10 8 10
1 11 8 1
1 12 1 10
1 13 3 5
1 14 1 4
1 17 4 3
1 18 7 5
1 19 6 9
1 20 1 10
1 21 5 3
1 22 5 5
1 23 4 8
1 25 1 6
1 26 7 3
1 27 5 3
1 28 9 8
1 29 7 7
1 30 4 2
1 31 10 6
1 32 6 6
1 34 5 6
1 35 2 8
1 36 5 5
1 37 6 3
1 39 1 6
1 40 6 6
1 41 6 7
1 42 3 8
1 43 5 2
1 44 6 8
1 45 3 2
1 46 1 2
1 47 4 9
1 48 7 2
1 49 2 8
1 50 1 4
1 51 7 7
1 52 4 3
1 53 7 4
1 54 3 4
1 56 4 6
1 57 5 4
1 58 2 8
1 60 4 4
1 61 1 2
1 62 5 3
1 64 2 5
1 65 7 3
1 66 7 10
1 67 7 3
1 68 4 6
1 69 7 10
1 71 6 6
1 72 9 6
1 73 3 7
1 74 6 7
1 75 6 7
1 76 10 5
1 77 6 1
1 78 10 8
1 79 8 9
1 81 7 1
1 82 9 3
1 84 1 7
1 85 4 4
1 86 1 6
1 87 3 1
1 90 3 1
1 91 1 3
1 92 2 6
1 94 7 1
1 96 7 3
1 97 3 10
1 98 1 4
1 100 6 3
2 3 3 1
2 4 7 2
2 5 1 8
2 6 8 8
2 7 6 7
2 8 5 1
2 9 1 2
2 10 2 7
2 11 3 2
2 13 5 4
2 14 2 10
2 15 8 3
2 16 2 3
2 20 1 5
2 21 10 7
2 22 2 10
2 23 7 2
2 25 10 10
2 26 7 1
2 27 6 5
2 29 4 1
2 30 4 10
2 31 3 2
2 32 7 8
2 33 10 7
2 34 3 1
2 38 5 8
2 39 10 5
2 40 7 8
2 41 3 6
2 43 3 8
2 44 9 4
2 45 3 10
2 46 9 3
2 47 1 6
2 48 3 5
2 49 10 4
2 50 7 8
2 51 3 9
2 52 7 2
2 53 5 3
2 54 8 3
2 55 5 8
2 56 8 10
2 59 10 4
2 60 4 6
2 61 5 2
2 62 8 2
2 63 1 9
2 66 6 4
2 67 6 7
2 68 8 4
2 69 5 6
2 70 7 7
2 71 3 10
2 72 9 8
2 73 9 1
2 75 4 3
2 76 7 4
2 77 5 6
2 78 3 4
2 80 10 3
2 81 7 9
2 84 7 5
2 85 6 6
2 86 6 7
2 87 9 8
2 88 3 8
2 89 5 8
2 91 6 3
2 94 5 4
2 95 6 10
2 96 1 10
2 97 8 10
2 98 3 5
2 100 5 3
3 4 2 8
3 5 4 5
3 6 1 4
3 7 10 3
3 8 10 4
3 10 4 10
3 11 3 8
3 12 2 9
3 15 5 4
3 16 9 6
3 18 3 2
3 21 10 3
3 22 9 7
3 23 10 7
3 24 10 9
3 25 2 4
3 26 10 7
3 28 7 8
3 29 2 8
3 30 6 2
3 33 1 9
3 34 5 1
3 35 2 9
3 37 10 3
3 38 9 3
3 39 4 2
3 40 1 6
3 41 2 3
3 42 9 7
3 43 1 1
3 44 5 1
3 45 8 4
3 46 6 2
3 47 2 5
3 48 4 2
3 49 6 1
3 51 10 9
3 53 1 5
3 54 8 6
3 55 3 10
3 57 9 6
3 58 7 8
3 59 7 10
3 60 2 10
3 61 3 5
3 62 3 7
3 63 7 7
3 65 7 5
3 66 4 5
3 67 4 7
3 69 7 9
3 72 10 10
3 73 3 9
3 76 2 3
3 77 1 6
3 78 2 9
3 79 6 10
3 80 7 10
3 83 4 2
3 84 9 10
3 85 3 4
3 87 4 4
3 88 3 5
3 89 6 5
3 90 4 10
3 91 1 8
3 92 5 9
3 93 2 8
3 94 3 7
3 95 1 7
3 96 1 2
3 97 8 10
3 99 3 2
4 7 2 10
4 8 8 3
4 9 6 1
4 10 9 6
4 11 2 7
4 12 4 9
4 13 9 7
4 14 6 6
4 15 5 1
4 17 3 8
4 18 1 5
4 19 3 7
4 20 8 10
4 21 6 5
4 23 5 5
4 24 1 7
4 25 4 7
4 27 4 5
4 28 10 9
4 30 7 8
4 31 10 6
4 32 5 8
4 34 10 6
4 35 7 8
4 36 3 7
4 37 2 1
4 38 8 2
4 39 4 5
4 41 8 2
4 42 8 10
4 43 7 2
4 44 3 6
4 45 3 4
4 46 4 1
4 47 3 10
4 48 9 7
4 49 4 2
4 50 1 7
4 51 9 8
4 52 8 1
4 54 9 1
4 55 6 3
4 57 10 5
4 58 8 9
4 64 8 2
4 65 7 4
4 66 10 1
4 67 1 9
4 68 1 4
4 69 4 4
4 70 6 6
4 72 9 8
4 73 4 8
4 74 2 2
4 75 3 5
4 77 4 4
4 78 6 10
4 81 9 3
4 82 1 3
4 85 5 10
4 86 6 3
4 87 6 10
4 88 1 5
4 89 7 8
4 91 2 9
4 92 7 3
4 93 7 3
4 94 9 8
4 95 7 6
4 96 8 10
4 97 8 2
4 99 10 9
4 100 8 9
5 6 1 1
5 7 10 10
5 8 10 6
5 9 5 8
5 10 10 6
5 11 6 8
5 12 8 8
5 13 10 8
5 14 10 6
5 15 9 4
5 16 10 3
5 17 5 2
5 18 1 6
5 20 3 1
5 21 6 9
5 22 10 8
5 24 2 8
5 25 9 8
5 28 5 10
5 29 10 9
5 30 9 4
5 31 4 8
5 34 4 1
5 35 4 5
5 36 9 7
5 38 2 9
5 40 10 3
5 41 7 10
5 42 3 2
5 43 9 5
5 44 6 10
5 45 1 4
5 46 9 5
5 47 3 8
5 49 3 8
5 50 9 7
5 51 4 8
5 52 9 9
5 57 3 2
5 58 5 9
5 59 4 8
5 60 6 4
5 61 1 5
5 62 4 5
5 64 1 2
5 65 3 10
5 66 10 7
5 67 8 8
5 68 2 3
5 69 4 5
5 70 8 5
5 71 4 3
5 73 1 4
5 74 6 1
5 75 3 7
5 77 2 6
5 79 8 4
5 80 6 7
5 81 1 8
5 82 9 6
5 83 5 6
5 84 3 6
5 85 5 8
5 86 3 7
5 87 3 1
5 88 1 7
5 89 3 7
5 90 5 2
5 91 10 10
5 93 3 5
5 94 10 10
5 95 9 10
5 96 8 3
5 97 4 10
5 98 6 2
5 99 6 1
5 100 3 6
6 7 2 6
6 8 7 3
6 9 8 5
6 10 2 5
6 11 2 7
6 13 4 7
6 14 2 8
6 16 2 1
6 17 7 6
6 18 10 5
6 19 3 10
6 24 10 2
6 25 3 2
6 26 2 4
6 27 6 7
6 28 4 3
6 30 10 6
6 32 10 5
6 33 2 6
6 34 3 3
6 35 8 6
6 37 10 9
6 38 2 1
6 39 6 6
6 41 1 8
6 44 6 4
6 45 9 8
6 46 5 4
6 47 7 2
6 48 10 8
6 49 10 3
6 50 3 8
6 53 1 4
6 54 7 9
6 56 6 5
6 57 1 10
6 58 4 9
6 59 8 4
6 61 7 10
6 62 1 10
6 63 7 9
6 65 4 5
6 66 3 1
6 67 3 5
6 68 5 2
6 69 8 6
6 70 7 5
6 71 9 5
6 72 6 8
6 73 10 6
6 74 10 7
6 75 4 10
6 76 1 9
6 77 9 6
6 78 3 8
6 79 8 3
6 80 10 8
6 81 9 7
6 82 1 8
6 83 2 7
6 86 10 2
6 89 7 4
6 90 10 7
6 91 2 10
6 92 2 10
6 93 2 5
6 94 9 5
6 96 1 6
6 98 7 1
6 99 9 3
6 100 8 5
7 8 2 4
7 9 9 4
7 10 2 2
7 11 2 4
7 12 1 2
7 13 8 1
7 14 9 8
7 15 2 8
7 16 3 3
7 18 10 6
7 19 5 6
7 20 4 4
7 21 10 4
7 22 8 1
7 23 1 7
7 24 10 5
7 25 8 2
7 26 1 2
7 28 8 7
7 29 10 9
7 30 3 5
7 32 9 4
7 34 9 8
7 35 4 3
7 36 10 9
7 37 6 4
7 38 6 1
7 39 5 1
7 41 4 9
7 42 6 3
7 45 9 9
7 46 2 3
7 47 5 10
7 49 10 3
7 51 8 7
7 52 2 7
7 53 5 7
7 54 10 1
7 56 2 9
7 57 8 1
7 60 1 10
7 61 10 2
7 62 3 2
7 63 1 7
7 64 5 2
7 65 8 5
7 66 9 1
7 67 8 5
7 68 1 3
7 70 4 5
7 71 2 10
7 73 9 10
7 76 8 8
7 77 2 9
7 78 4 1
7 79 2 7
7 80 10 2
7 81 6 10
7 82 1 3
7 83 5 1
7 84 5 7
7 85 2 6
7 86 2 3
7 87 3 3
7 88 1 10
7 89 9 4
7 90 1 10
7 91 3 3
7 93 8 5
7 94 9 5
7 95 1 2
7 96 3 8
7 97 4 2
7 98 5 9
7 99 5 10
7 100 3 5
8 9 5 7
8 10 2 3
8 11 9 6
8 12 6 1
8 14 4 4
8 15 3 10
8 17 6 10
8 18 6 4
8 19 7 6
8 20 3 8
8 21 2 1
8 22 8 8
8 23 4 1
8 24 4 5
8 26 5 8
8 28 4 4
8 29 10 7
8 30 3 6
8 31 8 9
8 32 2 6
8 33 5 10
8 34 7 8
8 36 2 5
8 37 10 3
8 38 10 10
8 39 9 7
8 40 1 9
8 41 9 7
8 45 8 10
8 47 6 10
8 48 6 7
8 49 2 3
8 50 4 3
8 51 7 6
8 53 10 1
8 54 8 10
8 56 10 3
8 57 2 4
8 58 2 8
8 59 7 10
8 61 10 1
8 62 10 8
8 63 1 8
8 64 1 9
8 65 6 7
8 66 10 6
8 67 10 10
8 68 5 8
8 69 9 9
8 70 2 5
8 71 5 5
8 72 8 10
8 73 10 10
8 74 3 8
8 76 3 2
8 77 8 10
8 78 2 8
8 79 6 1
8 81 3 1
8 82 5 10
8 83 7 8
8 84 10 4
8 85 10 7
8 86 7 4
8 87 10 9
8 88 7 6
8 89 9 4
8 90 2 2
8 91 7 1
8 92 6 9
8 93 4 5
8 94 7 1
8 95 9 3
8 96 8 10
8 97 5 1
8 98 1 8
8 99 1 1
8 100 2 2
9 11 3 1
9 12 5 6
9 13 1 6
9 15 10 4
9 16 5 10
9 17 3 3
9 18 1 10
9 19 7 3
9 20 3 2
9 21 2 7
9 22 2 10
9 23 1 3
9 24 10 8
9 26 1 6
9 27 6 9
9 28 5 6
9 29 2 9
9 31 2 8
9 33 3 1
9 34 1 3
9 35 10 7
9 36 1 8
9 38 2 6
9 40 6 4
9 41 10 7
9 42 4 5
9 43 2 8
9 44 2 1
9 45 3 2
9 46 6 1
9 48 4 2
9 49 8 4
9 50 6 4
9 51 2 3
9 52 6 5
9 53 4 7
9 54 3 9
9 55 4 10
9 56 6 4
9 57 2 5
9 58 5 9
9 59 10 7
9 60 6 2
9 61 10 2
9 62 3 10
9 65 8 8
9 67 4 7
9 68 4 3
9 69 2 7
9 71 10 10
9 72 6 6
9 75 8 4
9 76 9 3
9 77 2 10
9 78 9 3
9 79 1 2
9 80 5 6
9 81 5 6
9 83 8 3
9 84 6 7
9 85 4 5
9 86 10 10
9 87 7 8
9 88 4 4
9 92 7 6
9 96 10 2
9 97 10 1
9 98 5 10
9 99 5 6
10 11 8 9
10 12 5 4
10 13 10 1
10 14 2 8
10 15 6 5
10 16 9 8
10 18 4 7
10 19 8 2
10 20 6 5
10 21 10 5
10 23 6 4
10 24 5 8
10 25 2 1
10 26 5 9
10 27 5 6
10 28 7 6
10 29 4 9
10 30 4 1
10 31 9 5
10 32 6 10
10 33 4 5
10 35 1 3
10 36 10 10
10 37 6 9
10 38 9 8
10 39 3 2
10 40 10 8
10 41 2 5
10 43 4 6
10 44 10 6
10 46 10 7
10 47 4 3
10 49 6 7
10 50 7 9
10 51 2 4
10 52 5 5
10 53 2 2
10 54 9 3
10 56 5 3
10 57 8 8
10 58 3 2
10 59 3 3
10 60 8 4
10 61 3 9
10 62 1 8
10 63 6 3
10 64 4 8
10 66 8 4
10 68 10 8
10 70 10 9
10 71 4 4
10 73 9 5
10 74 6 2
10 75 6 1
10 76 7 4
10 78 9 5
10 79 3 4
10 82 9 3
10 83 9 2
10 84 8 4
10 85 9 4
10 86 3 3
10 87 10 3
10 88 2 3
10 89 5 7
10 91 3 3
10 92 5 8
10 93 5 7
10 94 10 4
10 96 5 1
10 97 2 8
11 12 1 7
11 14 1 10
11 16 2 6
11 17 1 10
11 18 9 7
11 19 3 7
11 20 4 7
11 21 3 8
11 22 2 8
11 23 5 9
11 24 1 1
11 25 4 1
11 26 4 4
11 28 6 3
11 29 9 8
11 30 2 3
11 32 6 8
11 33 6 4
11 34 7 3
11 35 7 10
11 37 5 9
11 39 6 6
11 40 1 6
11 41 2 9
11 42 10 5
11 43 9 7
11 44 1 4
11 46 3 10
11 47 9 5
11 51 1 1
11 52 3 9
11 53 1 2
11 54 8 10
11 55 5 10
11 56 9 8
11 58 5 7
11 59 4 6
11 61 6 2
11 63 4 8
11 64 7 5
11 65 10 8
11 67 2 9
11 68 1 1
11 69 2 6
11 70 4 7
11 72 2 9
11 73 3 10
11 74 9 9
11 75 7 3
11 76 4 4
11 77 8 6
11 78 8 9
11 79 1 1
11 80 7 5
11 83 7 2
11 84 6 1
11 85 10 5
11 87 9 10
11 88 9 9
11 89 5 2
11 90 9 3
11 91 1 9
11 92 10 3
11 93 2 8
11 94 3 6
11 95 1 5
11 96 1 1
11 97 3 8
11 98 7 4
11 99 9 6
11 100 3 3
12 13 1 1
12 14 7 6
12 15 8 5
12 16 1 2
12 18 2 8
12 19 4 7
12 20 7 3
12 21 7 5
12 23 7 4
12 24 6 7
12 25 6 7
12 28 9 6
12 29 7 7
12 30 3 5
12 31 4 6
12 32 3 6
12 33 7 6
12 34 6 10
12 36 10 9
12 37 4 4
12 38 2 6
12 39 3 9
12 40 3 10
12 41 6 2
12 43 2 6
12 44 9 10
12 45 8 9
12 46 8 7
12 47 5 8
12 48 1 10
12 49 10 10
12 50 5 5
12 51 6 3
12 52 8 1
12 53 2 8
12 54 8 2
12 56 7 10
12 57 10 9
12 58 9 3
12 59 6 4
12 60 1 9
12 61 7 1
12 62 3 7
12 63 5 10
12 64 6 9
12 65 4 4
12 66 1 3
12 67 8 5
12 68 9 6
12 69 9 10
12 71 2 5
12 73 8 5
12 74 9 4
12 76 10 8
12 77 3 5
12 78 4 6
12 79 6 9
12 80 6 6
12 82 2 7
12 83 9 6
12 84 5 7
12 85 7 9
12 86 7 9
12 87 10 6
12 88 3 3
12 89 9 9
12 90 6 1
12 91 8 10
12 92 7 8
12 93 6 2
12 95 4 8
12 96 2 10
12 97 10 1
12 98 7 4
12 99 10 3
12 100 7 6
13 14 9 6
13 15 10 5
13 16 9 4
13 18 1 6
13 19 5 6
13 20 7 3
13 21 6 2
13 22 5 10
13 23 10 7
13 24 9 8
13 25 10 10
13 26 10 8
13 27 7 2
13 28 9 8
13 30 8 3
13 31 2 1
13 32 2 5
13 35 4 8
13 36 5 5
13 37 3 1
13 38 8 2
13 40 5 10
13 41 4 5
13 42 8 4
13 43 5 3
13 45 6 1
13 46 7 9
13 47 7 5
13 48 9 1
13 49 7 6
13 50 5 8
13 52 10 4
13 53 2 3
13 54 5 4
13 55 5 6
13 56 2 9
13 57 9 5
13 58 2 3
13 60 1 9
13 62 7 5
13 63 4 5
13 64 1 5
13 65 4 9
13 66 2 8
13 67 9 7
13 68 5 2
13 69 2 1
13 71 9 10
13 72 10 3
13 73 3 2
13 74 4 10
13 79 9 8
13 81 1 10
13 82 8 6
13 83 8 4
13 84 8 3
13 85 9 7
13 87 3 9
13 88 10 8
13 89 4 6
13 93 5 4
13 94 10 6
13 95 3 9
13 96 7 5
13 97 10 5
13 98 1 3
13 99 4 8
13 100 5 5
14 15 2 3
14 16 8 4
14 17 6 8
14 19 8 8
14 20 1 8
14 21 4 10
14 23 5 8
14 24 7 8
14 25 9 5
14 26 9 5
14 27 3 9
14 29 1 1
14 30 10 6
14 31 7 4
14 35 3 7
14 36 1 4
14 37 3 2
14 38 5 9
14 39 5 4
14 40 9 6
14 41 6 8
14 43 3 9
14 44 2 6
14 45 1 7
14 46 4 4
14 47 7 3
14 51 4 10
14 53 9 1
14 54 10 4
14 58 1 8
14 59 2 10
14 60 9 6
14 61 8 10
14 62 4 6
14 63 6 6
14 65 10 2
14 66 2 3
14 67 6 9
14 68 8 6
14 70 3 6
14 72 1 3
14 73 4 2
14 74 3 10
14 75 2 10
14 76 6 5
14 79 6 7
14 80 8 7
14 81 1 10
14 82 7 4
14 83 1 3
14 84 8 8
14 86 3 3
14 87 3 8
14 90 10 8
14 91 9 3
14 93 4 10
14 94 5 7
14 95 6 7
14 96 10 8
14 97 1 8
14 98 1 9
14 100 3 3
15 16 10 7
15 17 8 9
15 18 6 5
15 20 9 5
15 21 3 7
15 22 10 1
15 23 6 5
15 25 8 8
15 26 9 9
15 27 9 3
15 28 1 8
15 29 10 7
15 31 10 7
15 32 7 8
15 33 2 8
15 35 7 4
15 37 3 2
15 38 10 9
15 41 7 3
15 43 10 5
15 44 3 9
15 45 2 9
15 47 5 8
15 48 2 1
15 50 3 2
15 51 10 2
15 52 4 9
15 53 7 7
15 54 8 3
15 55 9 1
15 56 9 7
15 59 6 9
15 62 4 4
15 65 4 3
15 67 5 6
15 68 6 6
15 69 6 1
15 70 9 6
15 73 1 1
15 74 1 5
15 75 9 3
15 76 2 2
15 78 6 4
15 79 5 5
15 83 6 9
15 84 2 7
15 86 4 4
15 87 9 8
15 88 2 2
15 89 6 3
15 90 7 6
15 91 4 4
15 92 5 6
15 93 7 4
15 94 4 5
15 95 4 1
15 96 9 5
15 97 4 7
15 98 9 5
15 100 3 3
16 17 6 1
16 18 8 5
16 20 4 8
16 21 8 6
16 23 6 5
16 24 3 1
16 26 7 4
16 27 8 1
16 28 10 3
16 29 6 2
16 30 9 1
16 31 8 2
16 32 4 4
16 33 9 2
16 34 7 8
16 35 6 3
16 36 4 4
16 37 6 9
16 38 7 7
16 39 4 1
16 40 10 9
16 41 7 7
16 42 8 8
16 45 2 7
16 46 3 2
16 48 5 6
16 49 9 1
16 50 3 9
16 51 1 10
16 52 4 8
16 55 2 10
16 56 3 3
16 57 1 8
16 58 2 7
16 59 10 3
16 60 8 6
16 62 7 9
16 64 1 4
16 65 4 3
16 66 4 1
16 67 7 3
16 68 8 1
16 69 9 7
16 70 9 10
16 72 8 2
16 74 1 9
16 75 10 1
16 76 6 1
16 77 2 7
16 79 5 8
16 80 6 3
16 81 3 9
16 82 10 4
16 83 5 9
16 84 9 8
16 85 10 4
16 86 7 8
16 87 8 3
16 88 10 2
16 89 8 6
16 90 2 8
16 91 6 9
16 92 8 7
16 93 6 6
16 95 2 7
16 96 1 3
16 97 2 1
16 98 9 5
16 99 7 3
16 100 5 3
17 18 7 5
17 19 1 4
17 20 3 4
17 21 6 5
17 22 2 8
17 23 10 6
17 24 5 1
17 25 6 3
17 27 1 10
17 28 3 2
17 29 10 10
17 30 2 6
17 31 8 10
17 32 4 5
17 33 6 1
17 34 1 1
17 35 4 10
17 36 1 5
17 37 1 8
17 38 1 2
17 39 4 10
17 40 2 4
17 42 10 7
17 43 6 5
17 44 4 2
17 47 7 4
17 48 5 5
17 49 5 10
17 50 1 8
17 52 4 2
17 54 10 6
17 56 6 9
17 58 9 2
17 59 9 10
17 60 2 8
17 61 1 3
17 62 6 8
17 63 6 4
17 64 9 7
17 65 6 6
17 66 2 3
17 68 4 3
17 69 3 6
17 71 7 2
17 72 10 7
17 73 8 4
17 74 3 8
17 75 7 4
17 76 7 7
17 77 7 8
17 78 7 2
17 79 2 5
17 80 4 1
17 83 8 5
17 86 8 7
17 87 9 1
17 88 4 4
17 89 5 9
17 90 4 4
17 91 10 8
17 92 10 6
17 93 3 10
17 94 9 9
17 95 5 8
17 96 10 4
17 97 10 4
17 98 5 8
18 19 4 9
18 21 9 7
18 22 7 10
18 23 3 10
18 24 10 6
18 27 4 3
18 28 3 8
18 29 5 2
18 31 8 6
18 32 7 8
18 33 4 10
18 34 3 7
18 35 6 5
18 36 9 2
18 38 7 8
18 39 3 10
18 40 4 1
18 41 5 4
18 42 4 6
18 43 10 2
18 44 7 6
18 45 2 10
18 46 6 2
18 47 10 5
18 48 10 1
18 49 10 10
18 50 7 9
18 51 9 8
18 52 6 9
18 53 5 6
18 54 3 7
18 55 9 4
18 57 7 6
18 58 4 8
18 60 4 2
18 63 5 1
18 65 2 6
18 66 1 7
18 69 2 9
18 72 4 1
18 73 9 6
18 75 9 4
18 76 9 8
18 77 5 10
18 78 7 2
18 79 5 3
18 82 5 7
18 83 2 5
18 84 3 4
18 85 8 3
18 87 10 3
18 89 7 10
18 90 7 8
18 91 7 4
18 92 2 9
18 94 1 10
18 95 3 10
18 96 8 2
18 98 6 2
19 20 5 3
19 21 4 5
19 23 9 3
19 25 10 3
19 26 3 1
19 27 4 2
19 28 5 6
19 29 1 6
19 30 7 6
19 31 2 2
19 33 3 2
19 34 6 8
19 36 1 9
19 37 10 10
19 38 6 10
19 39 10 3
19 40 6 4
19 41 1 7
19 42 3 1
19 43 6 8
19 44 10 7
19 45 5 1
19 47 1 7
19 48 10 6
19 49 9 7
19 50 1 3
19 52 2 9
19 53 4 4
19 54 5 2
19 55 5 6
19 58 6 7
19 59 8 3
19 60 8 2
19 61 4 2
19 63 3 8
19 64 1 5
19 65 8 2
19 66 7 10
19 67 4 3
19 68 4 10
19 69 10 5
19 71 10 4
19 72 6 9
19 73 8 7
19 74 5 10
19 75 4 9
19 76 6 10
19 77 6 5
19 79 9 5
19 81 9 9
19 82 10 2
19 83 6 7
19 84 5 2
19 86 5 4
19 87 5 3
19 88 4 6
19 90 5 1
19 91 4 10
19 92 3 8
19 93 9 7
19 94 4 10
19 95 8 6
19 96 5 1
19 98 10 2
19 99 5 8
19 100 1 3
20 21 1 8
20 22 10 5
20 23 5 3
20 24 4 3
20 27 5 10
20 28 7 5
20 29 5 6
20 30 4 6
20 31 8 6
20 32 2 4
20 33 1 7
20 34 6 6
20 35 7 8
20 36 4 6
20 37 3 3
20 38 2 2
20 39 6 8
20 40 1 1
20 41 5 6
20 42 5 10
20 43 9 6
20 44 6 3
20 45 3 2
20 46 7 6
20 47 5 1
20 48 3 3
20 53 8 10
20 54 7 10
20 56 8 6
20 57 5 3
20 58 10 5
20 59 4 5
20 60 5 6
20 61 7 7
20 62 9 7
20 63 6 7
20 64 10 10
20 66 9 3
20 67 7 8
20 68 8 9
20 69 3 8
20 70 5 5
20 71 2 2
20 72 5 4
20 73 6 8
20 74 6 6
20 75 7 8
20 76 10 3
20 77 3 5
20 79 1 4
20 80 3 7
20 82 4 1
20 83 8 8
20 84 5 7
20 85 8 1
20 86 9 3
20 87 8 6
20 88 9 2
20 89 4 4
20 90 10 10
20 91 1 6
20 92 1 9
20 93 2 2
20 95 7 7
20 96 3 6
20 99 8 3
21 22 2 4
21 23 10 7
21 26 4 3
21 29 8 7
21 30 4 4
21 31 5 3
21 32 1 7
21 33 5 9
21 34 3 8
21 35 5 9
21 36 1 1
21 37 1 7
21 39 3 3
21 41 6 1
21 42 3 9
21 43 10 3
21 44 7 4
21 45 7 3
21 46 4 1
21 47 6 7
21 48 5 6
21 50 1 4
21 51 8 7
21 54 3 8
21 55 2 9
21 56 1 5
21 57 5 7
21 60 3 3
21 61 1 7
21 62 2 5
21 63 10 3
21 64 3 2
21 65 8 5
21 66 7 4
21 67 3 3
21 68 4 5
21 69 4 8
21 70 3 8
21 71 5 6
21 72 7 6
21 73 8 6
21 74 3 5
21 75 7 3
21 76 2 7
21 77 7 7
21 78 8 1
21 79 7 7
21 82 2 2
21 83 8 8
21 84 3 10
21 85 6 4
21 87 10 10
21 88 1 2
21 89 1 5
21 91 8 7
21 92 1 5
21 93 6 5
21 94 1 7
21 95 5 8
21 97 8 9
21 100 7 10
22 23 10 5
22 24 4 9
22 25 6 2
22 26 7 3
22 27 5 3
22 28 2 2
22 29 7 7
22 30 9 2
22 31 5 1
22 32 8 9
22 34 1 7
22 35 8 10
22 37 6 5
22 38 5 8
22 39 7 5
22 40 8 4
22 42 8 2
22 43 3 5
22 44 6 9
22 46 7 1
22 47 7 7
22 49 7 7
22 51 4 6
22 53 10 9
22 54 7 7
22 55 1 6
22 56 8 8
22 58 2 2
22 59 2 5
22 60 5 8
22 61 6 10
22 62 3 10
22 63 1 4
22 64 4 6
22 65 10 6
22 69 2 7
22 71 8 4
22 74 1 2
22 75 1 3
22 77 10 9
22 78 6 10
22 79 6 10
22 80 7 5
22 81 3 4
22 82 2 10
22 83 4 4
22 84 7 9
22 86 7 3
22 87 2 3
22 88 6 9
22 90 1 7
22 91 5 8
22 92 9 10
22 93 8 1
22 94 7 7
22 95 9 4
22 96 3 2
22 97 8 5
22 99 7 2
23 24 5 3
23 25 4 2
23 26 5 2
23 27 7 8
23 29 9 8
23 30 8 9
23 31 9 10
23 32 4 10
23 33 8 1
23 34 9 2
23 35 5 5
23 36 7 10
23 37 8 1
23 38 2 10
23 39 8 3
23 40 4 2
23 41 3 9
23 42 4 8
23 43 7 7
23 45 8 9
23 46 3 5
23 47 3 2
23 48 3 3
23 49 1 6
23 51 2 4
23 52 2 6
23 54 2 10
23 56 8 5
23 57 8 1
23 58 1 4
23 59 8 10
23 60 3 1
23 61 2 4
23 62 3 7
23 64 1 10
23 66 4 6
23 67 2 9
23 70 7 7
23 71 3 3
23 73 5 6
23 74 5 4
23 75 9 4
23 77 2 4
23 79 3 1
23 80 6 1
23 81 4 3
23 82 8 9
23 83 5 4
23 84 4 10
23 85 5 4
23 86 5 6
23 87 9 1
23 88 1 2
23 89 10 1
23 90 3 1
23 91 4 5
23 92 5 9
23 93 8 9
23 94 6 8
23 95 10 10
23 96 4 3
23 98 3 1
23 100 4 10
24 25 10 2
24 26 4 5
24 27 5 9
24 28 5 2
24 29 8 5
24 30 10 5
24 31 7 8
24 32 5 4
24 33 7 4
24 34 5 4
24 35 4 5
24 36 9 6
24 37 8 10
24 38 2 5
24 39 9 7
24 40 10 4
24 42 10 4
24 43 3 4
24 45 2 4
24 46 2 1
24 49 2 5
24 50 4 1
24 52 6 1
24 55 10 1
24 56 9 3
24 57 9 5
24 58 4 1
24 59 2 5
24 60 5 3
24 61 7 3
24 62 6 10
24 63 7 5
24 64 5 4
24 66 4 4
24 67 2 1
24 68 2 1
24 70 8 5
24 71 10 9
24 72 10 5
24 73 9 3
24 74 7 2
24 75 2 2
24 76 2 6
24 77 1 10
24 79 4 9
24 81 10 3
24 82 4 9
24 83 9 3
24 84 6 9
24 85 3 9
24 86 10 4
24 87 9 9
24 89 5 9
24 90 10 2
24 91 9 3
24 92 8 5
24 93 4 4
24 94 1 2
24 95 2 7
24 97 8 9
24 98 7 7
24 99 8 1
24 100 1 9
25 27 2 5
25 28 5 2
25 29 8 7
25 30 10 9
25 32 4 4
25 33 5 8
25 35 1 5
25 37 4 9
25 38 3 4
25 39 7 5
25 40 2 10
25 41 6 4
25 42 10 7
25 43 10 1
25 44 5 1
25 45 6 8
25 46 8 1
25 47 2 7
25 48 4 4
25 49 2 7
25 50 8 3
25 51 6 6
25 52 8 8
25 53 1 5
25 55 2 5
25 56 10 4
25 57 7 2
25 58 3 9
25 59 4 1
25 60 4 1
25 61 9 3
25 62 1 8
25 63 3 1
25 64 3 9
25 65 1 3
25 66 4 4
25 69 4 1
25 70 5 5
25 72 7 4
25 73 1 2
25 74 2 2
25 75 10 1
25 76 8 10
25 79 4 8
25 81 7 10
25 82 1 9
25 83 9 8
25 85 7 10
25 86 4 6
25 87 5 10
25 88 5 8
25 89 7 10
25 91 9 6
25 92 6 4
25 94 4 6
25 95 6 3
25 96 9 3
25 97 10 3
25 98 5 8
25 100 1 9
26 27 1 2
26 28 3 6
26 29 7 8
26 32 7 7
26 33 1 6
26 34 9 9
26 35 10 3
26 36 5 1
26 37 5 7
26 39 10 1
26 40 5 9
26 42 5 4
26 45 4 4
26 47 8 10
26 48 2 8
26 51 1 10
26 52 2 9
26 53 7 3
26 54 4 3
26 55 9 7
26 58 10 3
26 61 1 1
26 62 2 1
26 63 6 9
26 65 10 1
26 66 2 10
26 67 9 5
26 68 9 9
26 69 8 3
26 71 8 9
26 72 4 7
26 73 9 3
26 76 6 10
26 78 8 4
26 79 2 5
26 80 2 7
26 82 6 10
26 83 2 2
26 84 7 1
26 87 6 3
26 88 9 10
26 89 1 5
26 90 7 1
26 91 7 1
26 92 5 2
26 93 7 1
26 94 6 7
26 95 3 10
26 96 7 9
26 97 4 2
26 98 9 4
26 99 7 1
26 100 4 7
27 28 9 3
27 29 1 5
27 31 8 1
27 32 10 3
27 33 1 6
27 35 8 3
27 36 4 10
27 38 2 1
27 39 1 8
27 40 9 10
27 42 6 3
27 43 5 3
27 45 9 1
27 46 3 4
27 47 10 2
27 48 6 4
27 49 3 1
27 51 6 8
27 52 5 4
27 53 1 6
27 55 9 6
27 56 2 8
27 57 8 4
27 58 4 7
27 59 10 2
27 60 10 8
27 63 7 9
27 64 1 4
27 65 4 2
27 66 10 1
27 67 5 9
27 68 3 5
27 69 7 1
27 70 2 1
27 71 5 8
27 72 4 4
27 73 3 7
27 75 9 9
27 76 2 8
27 78 2 10
27 79 5 7
27 80 10 6
27 81 8 3
27 84 10 2
27 88 4 10
27 90 7 9
27 91 9 2
27 92 7 9
27 93 9 9
27 95 2 5
27 96 4 7
27 97 4 3
27 98 4 1
27 99 9 6
28 31 7 10
28 32 10 3
28 33 6 10
28 34 1 6
28 36 2 9
28 38 6 3
28 39 9 5
28 40 10 6
28 42 1 2
28 44 7 2
28 46 10 7
28 48 3 8
28 49 1 6
28 50 6 10
28 51 3 2
28 52 3 9
28 53 6 9
28 55 1 8
28 57 3 10
28 58 5 2
28 59 4 9
28 61 7 6
28 62 4 1
28 65 5 5
28 66 5 8
28 67 10 10
28 68 2 4
28 69 10 10
28 70 9 9
28 71 1 2
28 73 2 10
28 74 6 3
28 75 5 3
28 77 7 4
28 78 1 4
28 80 9 9
28 81 7 8
28 82 4 2
28 83 10 1
28 85 1 10
28 86 10 2
28 87 5 10
28 88 2 5
28 89 9 1
28 90 2 7
28 91 10 1
28 92 2 8
28 94 2 1
28 95 7 9
28 96 7 7
28 99 1 6
28 100 3 4
29 30 9 9
29 31 1 9
29 32 3 8
29 33 6 7
29 34 7 3
29 36 6 10
29 37 7 4
29 38 1 9
29 39 10 2
29 40 6 2
29 41 10 1
29 42 9 8
29 43 1 3
29 45 2 9
29 46 9 8
29 47 3 9
29 48 7 9
29 49 7 8
29 50 8 3
29 51 7 2
29 53 10 1
29 54 1 8
29 56 10 6
29 57 9 7
29 58 3 6
29 59 1 3
29 60 2 10
29 61 4 4
29 62 4 2
29 63 6 10
29 64 1 9
29 66 7 3
29 67 8 3
29 68 7 8
29 69 9 9
29 70 1 1
29 71 8 1
29 72 7 9
29 73 5 3
29 74 6 8
29 75 10 5
29 76 7 10
29 77 9 5
29 78 7 6
29 79 3 8
29 80 6 1
29 81 7 7
29 83 8 2
29 84 7 2
29 86 5 1
29 89 1 4
29 90 5 7
29 91 6 4
29 93 7 10
29 94 8 8
29 95 7 3
29 96 7 2
29 98 6 6
30 31 6 4
30 33 1 9
30 34 9 10
30 35 6 3
30 36 2 10
30 37 9 3
30 38 5 10
30 40 9 8
30 41 10 1
30 42 7 5
30 43 10 8
30 45 7 2
30 47 3 1
30 48 7 3
30 50 9 1
30 51 9 6
30 52 2 7
30 53 5 5
30 54 1 6
30 57 8 7
30 58 1 2
30 60 4 5
30 61 1 5
30 62 4 1
30 63 8 9
30 64 1 4
30 65 7 4
30 66 8 5
30 67 7 1
30 68 3 8
30 69 2 5
30 70 10 8
30 71 1 5
30 72 3 3
30 73 2 9
30 74 1 9
30 75 3 1
30 76 1 5
30 77 6 5
30 78 4 8
30 80 10 10
30 81 10 1
30 82 3 1
30 83 9 7
30 84 9 10
30 85 10 9
30 88 6 10
30 89 10 5
30 90 5 7
30 91 8 5
30 92 10 7
30 93 1 7
30 95 10 1
30 96 7 2
30 97 2 6
30 98 2 5
30 99 9 7
30 100 9 1
31 32 8 9
31 34 4 7
31 36 10 10
31 38 4 1
31 39 9 4
31 41 9 2
31 42 8 7
31 43 5 6
31 44 7 1
31 45 7 10
31 46 1 1
31 47 9 3
31 48 6 6
31 49 5 1
31 51 9 10
31 52 4 2
31 55 9 2
31 56 8 6
31 57 10 2
31 58 8 1
31 59 5 2
31 60 9 9
31 61 8 10
31 63 1 10
31 64 5 8
31 65 1 7
31 66 5 5
31 67 7 4
31 71 9 7
31 74 6 1
31 76 5 8
31 77 10 9
31 78 7 5
31 81 7 2
31 83 8 2
31 84 4 8
31 85 9 9
31 88 9 1
31 89 1 10
31 90 2 3
31 91 8 2
31 93 7 4
31 95 6 4
31 96 8 9
31 97 9 6
31 99 2 8
32 33 2 3
32 34 4 10
32 35 1 1
32 36 9 1
32 37 1 10
32 39 1 3
32 40 9 10
32 41 4 4
32 42 8 4
32 43 2 6
32 44 9 9
32 45 7 3
32 47 5 5
32 48 9 6
32 49 4 9
32 50 4 8
32 51 7 7
32 52 8 5
32 54 2 9
32 55 3 5
32 59 6 10
32 60 9 10
32 61 7 2
32 62 8 10
32 64 2 2
32 65 10 2
32 66 5 4
32 68 4 4
32 69 3 6
32 70 2 6
32 71 4 2
32 72 6 3
32 73 7 9
32 74 3 1
32 75 2 5
32 76 7 2
32 77 6 1
32 78 4 6
32 79 5 9
32 80 10 10
32 81 8 9
32 82 7 2
32 83 7 10
32 84 8 6
32 85 2 10
32 86 6 4
32 87 1 10
32 88 10 4
32 90 6 5
32 91 4 1
32 92 6 7
32 94 9 5
32 95 4 4
32 96 6 2
32 97 5 6
32 98 1 3
32 99 6 8
33 35 3 10
33 36 1 3
33 38 2 6
33 39 10 7
33 40 2 6
33 41 2 1
33 42 3 3
33 43 2 8
33 45 5 6
33 46 2 2
33 47 7 1
33 48 10 7
33 49 4 10
33 50 4 9
33 55 2 7
33 56 6 4
33 58 6 4
33 59 10 7
33 60 1 7
33 61 2 2
33 62 8 3
33 63 9 4
33 64 2 7
33 65 3 10
33 66 7 7
33 67 2 1
33 68 1 7
33 69 1 7
33 70 7 4
33 71 6 9
33 73 8 5
33 74 8 3
33 76 6 6
33 77 5 2
33 78 2 5
33 79 1 7
33 80 1 1
33 82 2 3
33 84 3 3
33 85 5 1
33 86 2 7
33 87 8 4
33 88 5 1
33 89 1 9
33 90 8 7
33 91 5 8
33 92 1 8
33 93 10 6
33 94 5 6
33 95 7 2
33 97 4 4
33 98 5 2
33 99 8 3
34 35 3 10
34 36 10 7
34 37 8 5
34 38 9 8
34 40 6 5
34 42 3 10
34 45 10 5
34 46 1 6
34 47 4 6
34 48 5 7
34 49 9 8
34 50 8 6
34 52 1 3
34 53 4 3
34 54 10 6
34 55 4 8
34 56 4 3
34 57 8 1
34 58 4 1
34 60 7 6
34 61 6 8
34 62 5 8
34 63 1 8
34 64 3 6
34 65 4 9
34 66 4 4
34 67 4 8
34 69 4 3
34 70 6 10
34 71 3 9
34 72 6 7
34 75 5 4
34 76 8 4
34 77 10 5
34 78 6 3
34 79 5 2
34 80 2 1
34 82 8 4
34 83 1 9
34 84 10 5
34 85 5 2
34 89 9 4
34 91 10 9
34 94 2 3
34 95 9 10
34 96 1 5
34 97 6 7
34 98 4 5
34 99 9 1
34 100 6 7
35 36 7 3
35 37 2 3
35 38 9 4
35 39 10 7
35 40 10 5
35 41 2 5
35 42 2 6
35 43 8 6
35 44 3 10
35 45 2 4
35 46 5 6
35 48 6 10
35 49 2 8
35 54 4 4
35 56 5 4
35 57 6 3
35 58 4 9
35 59 6 6
35 60 7 7
35 62 9 4
35 63 1 2
35 64 6 5
35 65 3 10
35 67 8 8
35 68 5 6
35 69 2 2
35 70 10 3
35 72 10 7
35 74 9 3
35 75 2 2
35 76 4 4
35 77 7 7
35 78 8 6
35 80 8 9
35 81 9 7
35 82 10 10
35 83 4 1
35 84 6 1
35 85 1 4
35 86 7 1
35 89 2 7
35 91 8 7
35 92 9 9
35 93 1 3
35 94 1 4
35 95 3 2
35 96 3 6
35 98 6 7
35 99 3 10
35 100 4 1
36 37 8 9
36 40 10 6
36 41 3 2
36 42 1 4
36 44 3 5
36 45 4 3
36 46 8 6
36 48 4 10
36 49 4 7
36 50 1 9
36 52 8 5
36 53 9 2
36 55 6 6
36 56 5 9
36 57 1 5
36 59 9 5
36 60 6 9
36 61 2 6
36 63 5 3
36 64 2 5
36 65 2 8
36 66 8 8
36 67 1 8
36 68 5 5
36 69 4 2
36 70 2 10
36 71 5 8
36 73 2 9
36 74 6 7
36 75 10 3
36 77 8 1
36 78 6 1
36 79 8 9
36 80 7 8
36 81 3 1
36 82 8 3
36 83 4 5
36 84 9 5
36 85 7 6
36 86 10 2
36 87 3 4
36 88 10 8
36 89 4 1
36 90 7 3
36 91 4 2
36 92 5 1
36 94 6 3
36 95 7 10
36 96 7 10
36 97 4 9
36 98 3 9
36 99 9 10
36 100 2 10
37 39 9 1
37 40 6 5
37 42 8 6
37 43 7 1
37 45 4 7
37 46 1 3
37 47 8 3
37 48 9 2
37 49 8 5
37 50 4 1
37 51 6 4
37 52 1 5
37 55 4 4
37 57 4 9
37 58 9 4
37 59 5 6
37 60 2 9
37 61 9 5
37 62 7 6
37 63 5 9
37 64 7 9
37 65 9 4
37 66 7 4
37 67 3 3
37 68 7 7
37 69 3 8
37 73 6 8
37 75 8 6
37 76 3 1
37 77 10 7
37 79 4 8
37 80 2 7
37 81 7 10
37 83 8 5
37 84 1 10
37 86 10 6
37 94 4 5
37 95 3 5
37 96 7 2
37 98 3 7
37 99 2 1
38 40 3 2
38 42 6 1
38 43 5 6
38 44 3 8
38 45 3 8
38 46 10 3
38 47 3 2
38 48 10 5
38 50 5 6
38 51 10 1
38 52 8 1
38 53 4 7
38 55 8 1
38 56 7 8
38 58 2 3
38 59 9 4
38 61 8 3
38 62 2 1
38 63 8 10
38 65 2 3
38 66 10 9
38 67 6 8
38 68 3 8
38 69 10 7
38 73 10 5
38 74 3 8
38 75 8 5
38 77 5 2
38 81 6 1
38 82 4 10
38 83 8 3
38 84 9 4
38 85 7 9
38 86 8 4
38 87 8 1
38 88 5 8
38 90 8 10
38 91 6 1
38 92 7 8
38 93 4 4
38 94 6 3
38 95 3 4
38 96 6 4
38 97 7 6
38 99 2 1
38 100 2 10
39 41 6 8
39 42 7 7
39 43 4 1
39 44 2 3
39 45 6 1
39 46 4 2
39 49 9 8
39 51 10 7
39 52 9 8
39 53 5 1
39 54 7 6
39 55 2 4
39 56 3 2
39 59 6 6
39 60 2 7
39 61 6 8
39 62 1 10
39 63 4 4
39 64 7 10
39 65 4 3
39 67 5 4
39 69 3 3
39 70 8 1
39 71 5 7
39 72 5 5
39 73 6 1
39 75 7 6
39 76 7 5
39 77 10 6
39 79 7 2
39 80 8 1
39 81 1 2
39 82 2 8
39 84 2 1
39 86 6 8
39 88 6 5
39 89 7 4
39 90 8 4
39 91 9 2
39 94 2 8
39 95 3 3
39 96 7 5
39 97 7 7
39 98 8 9
39 99 1 2
39 100 5 4
40 41 4 5
40 43 2 8
40 44 3 1
40 45 6 6
40 46 5 7
40 48 10 8
40 49 9 5
40 50 5 8
40 51 7 4
40 52 3 7
40 53 7 6
40 55 4 7
40 56 8 3
40 57 6 1
40 59 7 3
40 60 4 1
40 61 5 10
40 63 9 3
40 64 10 7
40 65 6 1
40 67 6 9
40 69 1 7
40 71 10 9
40 72 6 10
40 73 3 10
40 74 9 7
40 75 7 8
40 76 7 4
40 78 10 5
40 80 8 4
40 81 6 3
40 82 1 5
40 84 9 10
40 85 2 9
40 86 1 3
40 88 8 2
40 89 7 6
40 90 10 3
40 91 2 2
40 92 6 3
40 93 4 10
40 95 7 4
40 98 3 4
40 99 4 4
40 100 1 10
41 42 5 9
41 43 4 1
41 44 6 10
41 45 1 5
41 46 8 4
41 47 2 5
41 48 2 10
41 49 2 4
41 51 4 8
41 52 8 10
41 53 9 4
41 54 3 6
41 55 6 1
41 59 7 9
41 61 4 8
41 62 4 1
41 63 9 5
41 64 9 3
41 65 10 1
41 66 1 6
41 68 4 5
41 69 5 10
41 70 8 3
41 72 6 9
41 74 6 2
41 76 8 5
41 77 8 9
41 78 2 2
41 79 5 4
41 80 9 9
41 81 4 6
41 84 6 1
41 85 6 7
41 86 4 7
41 87 3 10
41 88 6 2
41 90 10 10
41 92 6 6
41 93 10 6
41 95 9 4
41 96 7 9
41 100 4 8
42 43 4 3
42 44 5 5
42 45 6 9
42 46 9 8
42 47 1 1
42 48 9 9
42 49 9 4
42 50 7 9
42 51 1 3
42 52 5 4
42 53 10 10
42 54 2 4
42 56 10 3
42 57 3 4
42 58 2 9
42 61 2 5
42 63 2 6
42 65 10 2
42 66 4 8
42 67 6 5
42 68 5 8
42 69 4 9
42 70 10 9
42 71 3 4
42 72 4 5
42 73 1 7
42 74 7 2
42 75 5 10
42 76 9 7
42 79 2 10
42 80 2 6
42 81 10 1
42 83 10 1
42 85 9 6
42 86 5 4
42 87 7 7
42 88 3 3
42 90 9 8
42 91 9 5
42 93 1 1
42 94 6 10
42 95 4 2
42 96 6 1
42 97 9 4
42 98 7 10
42 99 7 8
42 100 5 1
43 44 4 8
43 45 6 7
43 46 4 3
43 47 4 3
43 49 3 8
43 50 10 7
43 51 8 1
43 52 5 7
43 53 6 1
43 54 3 4
43 55 2 4
43 56 7 5
43 57 10 10
43 60 10 9
43 61 5 5
43 62 7 3
43 63 6 1
43 64 4 4
43 65 10 4
43 67 2 2
43 69 2 6
43 70 3 4
43 71 10 2
43 73 9 10
43 74 1 1
43 75 2 1
43 80 3 1
43 81 4 10
43 82 10 5
43 83 8 10
43 84 7 4
43 85 9 3
43 86 7 8
43 87 9 2
43 88 2 1
43 89 5 10
43 90 1 3
43 91 10 8
43 92 2 4
43 93 5 4
43 94 10 1
43 95 10 5
43 97 8 2
43 98 8 6
43 99 7 1
43 100 1 3
44 45 8 2
44 46 10 1
44 48 6 3
44 49 2 7
44 51 8 8
44 52 8 3
44 53 7 6
44 54 5 5
44 55 6 8
44 56 7 8
44 58 5 3
44 59 6 10
44 61 9 9
44 62 1 6
44 63 10 3
44 65 4 2
44 66 4 3
44 67 6 4
44 68 3 1
44 70 9 7
44 72 9 10
44 74 1 10
44 75 4 5
44 76 9 7
44 77 5 1
44 79 10 8
44 81 1 7
44 82 5 5
44 83 1 4
44 84 2 1
44 85 8 7
44 86 7 5
44 87 9 1
44 88 5 7
44 89 1 6
44 90 7 8
44 91 9 6
44 92 4 7
44 93 7 4
44 94 8 8
44 95 4 6
44 96 8 4
44 97 1 2
44 98 4 4
44 99 8 5
44 100 6 8
45 46 7 4
45 47 6 10
45 48 9 6
45 49 2 2
45 50 9 7
45 51 4 9
45 52 7 8
45 53 6 8
45 54 1 2
45 55 5 4
45 56 6 9
45 59 1 4
45 60 5 2
45 61 4 5
45 62 6 3
45 63 1 5
45 65 7 8
45 66 4 7
45 68 10 8
45 69 4 5
45 71 1 9
45 72 2 1
45 74 5 7
45 75 7 4
45 76 1 9
45 78 10 10
45 80 1 1
45 83 2 6
45 84 2 7
45 85 7 9
45 86 2 4
45 87 2 5
45 88 8 7
45 89 8 1
45 90 7 10
45 91 1 3
45 92 4 8
45 93 6 8
45 94 10 3
45 95 1 7
45 96 9 5
45 97 5 10
45 100 5 2
46 47 5 7
46 48 9 7
46 50 4 9
46 51 6 9
46 52 8 7
46 53 8 1
46 55 2 10
46 56 10 1
46 57 5 7
46 58 3 6
46 59 5 8
46 60 4 7
46 61 5 2
46 62 6 8
46 63 5 9
46 64 2 2
46 65 10 7
46 66 10 7
46 67 6 7
46 68 4 9
46 69 3 8
46 70 5 4
46 74 1 9
46 75 8 10
46 76 2 8
46 78 6 5
46 80 5 4
46 81 9 2
46 82 10 3
46 83 3 6
46 84 10 5
46 85 5 4
46 87 5 3
46 88 2 10
46 89 5 1
46 90 5 7
46 91 2 9
46 92 5 1
46 93 9 8
46 95 9 5
46 96 10 5
46 97 5 2
46 98 5 1
46 99 6 10
46 100 7 10
47 49 8 3
47 52 4 9
47 54 10 8
47 55 2 10
47 56 2 8
47 58 3 5
47 59 4 2
47 61 1 5
47 62 7 8
47 63 5 1
47 65 2 5
47 66 10 10
47 68 3 5
47 69 9 8
47 70 10 6
47 72 2 10
47 73 7 3
47 74 5 5
47 75 6 10
47 76 5 9
47 79 2 4
47 81 7 5
47 83 1 3
47 84 9 7
47 85 10 6
47 86 5 3
47 87 9 9
47 88 2 4
47 89 9 6
47 91 5 3
47 92 5 3
47 93 7 3
47 94 5 10
47 96 7 5
47 97 1 9
47 98 10 10
47 99 4 6
47 100 7 5
48 49 3 6
48 50 8 6
48 51 6 10
48 53 6 8
48 54 7 5
48 55 9 10
48 56 4 7
48 57 5 10
48 58 1 8
48 60 1 5
48 61 3 9
48 63 8 8
48 65 1 10
48 66 10 9
48 67 9 10
48 68 1 3
48 69 7 6
48 70 9 2
48 71 8 10
48 72 2 8
48 73 1 1
48 76 2 3
48 77 1 5
48 78 8 9
48 79 6 3
48 80 2 9
48 81 3 7
48 82 10 5
48 83 10 1
48 85 3 2
48 87 9 10
48 89 1 4
48 90 8 2
48 91 8 9
48 92 2 7
48 93 3 8
48 94 2 7
48 95 7 2
48 97 10 5
48 98 7 6
48 99 7 10
48 100 6 6
49 50 4 9
49 51 10 7
49 52 8 5
49 53 1 7
49 54 9 3
49 55 4 3
49 57 2 8
49 58 10 7
49 60 10 10
49 61 6 8
49 62 1 5
49 63 10 10
49 65 4 10
49 66 7 10
49 67 2 5
49 68 2 5
49 70 4 1
49 71 9 6
49 72 9 5
49 73 9 9
49 76 10 3
49 77 5 8
49 78 8 7
49 79 10 7
49 80 3 10
49 81 8 9
49 82 7 10
49 83 1 7
49 84 1 9
49 85 1 1
49 86 1 10
49 87 4 8
49 88 7 9
49 89 8 7
49 90 5 3
49 91 6 7
49 92 9 9
49 93 2 4
49 94 6 9
49 95 1 5
49 98 2 5
49 99 10 3
49 100 1 2
50 51 4 9
50 52 7 4
50 53 6 6
50 54 2 9
50 56 3 9
50 57 4 8
50 58 5 6
50 60 2 3
50 61 2 9
50 62 6 6
50 63 5 1
50 65 4 3
50 68 3 3
50 69 2 4
50 71 4 3
50 72 4 2
50 73 2 10
50 74 4 9
50 75 6 8
50 76 10 4
50 77 3 2
50 78 8 4
50 79 8 4
50 81 9 4
50 82 1 7
50 83 4 7
50 84 6 4
50 85 8 6
50 86 9 8
50 87 7 4
50 90 1 6
50 93 3 10
50 94 6 2
50 95 5 9
50 96 8 6
50 97 9 3
50 98 6 4
50 100 1 9
51 52 6 9
51 53 3 8
51 54 10 3
51 55 2 2
51 56 10 6
51 57 1 8
51 59 6 6
51 60 7 8
51 61 4 5
51 62 10 1
51 64 10 5
51 65 7 9
51 66 3 3
51 67 9 6
51 69 1 7
51 70 5 5
51 72 10 9
51 73 9 8
51 75 1 9
51 76 2 3
51 77 7 7
51 78 6 3
51 80 2 6
51 81 5 5
51 82 8 6
51 84 3 4
51 85 3 5
51 86 10 10
51 88 5 5
51 90 6 9
51 91 3 9
51 93 1 5
51 94 3 4
51 95 8 6
51 96 9 10
51 97 4 4
51 98 9 1
51 99 3 4
52 53 1 3
52 54 2 4
52 55 4 10
52 56 5 10
52 57 6 5
52 58 5 1
52 59 3 1
52 61 8 10
52 62 8 9
52 63 6 9
52 65 8 2
52 66 9 3
52 67 6 6
52 68 5 1
52 69 9 2
52 70 8 7
52 71 8 8
52 75 9 5
52 76 3 5
52 77 2 8
52 78 8 3
52 79 8 2
52 80 7 4
52 83 3 6
52 84 7 5
52 85 10 8
52 86 1 8
52 87 1 4
52 88 6 4
52 89 1 8
52 90 6 1
52 92 10 8
52 94 2 9
52 95 2 10
52 96 4 2
52 97 10 5
52 98 6 6
52 99 10 3
53 54 1 7
53 55 8 8
53 56 3 5
53 57 5 5
53 58 2 10
53 59 6 8
53 62 10 9
53 63 1 5
53 64 5 3
53 65 5 10
53 66 1 3
53 67 1 3
53 69 3 9
53 70 9 6
53 71 9 8
53 73 10 8
53 74 2 10
53 75 10 10
53 76 10 6
53 78 9 2
53 80 9 6
53 82 4 9
53 83 5 1
53 85 3 4
53 86 8 7
53 87 2 7
53 88 9 2
53 89 8 10
53 90 5 1
53 92 9 7
53 94 2 10
53 95 7 3
53 96 5 7
53 97 8 4
53 98 4 10
53 99 4 5
54 55 2 1
54 57 4 10
54 58 2 9
54 59 8 2
54 60 2 7
54 62 7 8
54 63 2 5
54 64 8 5
54 65 4 1
54 66 5 3
54 67 10 9
54 69 4 10
54 70 9 6
54 71 9 3
54 72 1 7
54 73 9 9
54 74 2 2
54 76 2 6
54 77 7 8
54 78 8 4
54 79 7 10
54 80 4 8
54 81 4 5
54 83 4 10
54 84 10 10
54 85 8 6
54 87 2 2
54 88 7 6
54 89 3 7
54 90 5 4
54 91 1 5
54 93 9 7
54 94 4 6
54 96 10 5
54 98 5 1
54 100 6 4
55 56 10 2
55 57 3 5
55 58 1 1
55 59 7 10
55 60 4 8
55 61 1 4
55 62 7 8
55 63 9 5
55 64 7 2
55 65 8 6
55 68 8 4
55 69 7 10
55 71 5 7
55 73 2 2
55 74 3 10
55 75 7 8
55 77 3 2
55 78 8 4
55 79 7 7
55 80 4 10
55 81 10 8
55 82 9 1
55 83 9 6
55 84 1 8
55 86 7 7
55 87 8 2
55 89 1 3
55 90 7 9
55 91 4 8
55 92 7 6
55 93 9 8
55 94 5 10
55 95 9 8
55 96 10 9
55 97 6 5
55 98 4 6
55 99 5 9
55 100 5 10
56 57 4 2
56 60 7 9
56 61 5 7
56 62 4 7
56 63 10 9
56 65 7 5
56 66 2 3
56 67 3 1
56 68 2 6
56 69 1 9
56 70 4 1
56 71 7 1
56 72 3 1
56 73 7 8
56 74 1 10
56 75 9 3
56 76 1 9
56 77 10 1
56 79 3 3
56 80 1 7
56 82 3 8
56 83 7 1
56 84 4 2
56 85 7 1
56 86 9 5
56 87 5 10
56 88 2 10
56 89 1 8
56 90 6 6
56 91 1 8
56 92 8 10
56 94 3 8
56 95 6 8
56 96 6 2
56 97 1 3
56 98 7 7
56 99 9 5
56 100 5 6
57 58 4 6
57 59 7 5
57 60 2 5
57 61 4 1
57 62 7 6
57 64 2 6
57 65 2 2
57 67 9 1
57 69 3 1
57 71 3 2
57 72 6 5
57 73 10 2
57 74 4 9
57 75 6 10
57 76 1 8
57 77 2 10
57 78 1 1
57 79 8 2
57 80 9 6
57 82 4 3
57 83 8 8
57 84 10 5
57 85 5 1
57 86 4 3
57 87 8 10
57 88 9 1
57 89 4 7
57 91 2 6
57 92 8 5
57 93 2 4
57 94 7 5
57 95 3 2
57 96 10 4
57 97 4 2
57 98 10 9
57 99 9 9
57 100 5 5
58 59 6 5
58 60 3 7
58 61 1 9
58 62 6 2
58 63 6 7
58 64 7 10
58 65 4 9
58 66 9 4
58 67 4 2
58 68 3 6
58 69 3 8
58 72 6 4
58 73 5 5
58 74 1 2
58 75 3 2
58 76 6 8
58 77 2 3
58 78 8 7
58 79 2 4
58 80 6 4
58 81 8 5
58 83 9 8
58 84 6 2
58 86 5 10
58 87 9 4
58 88 5 4
58 90 4 9
58 91 3 10
58 92 2 7
58 93 6 6
58 94 8 4
58 95 6 6
58 96 3 6
58 97 7 8
58 98 8 4
58 99 5 3
59 60 1 9
59 61 7 5
59 62 4 6
59 63 4 1
59 65 10 7
59 66 10 4
59 67 8 5
59 68 2 2
59 69 9 9
59 70 1 4
59 71 10 2
59 72 7 3
59 73 6 10
59 74 4 8
59 75 8 2
59 76 8 3
59 80 8 7
59 81 3 9
59 83 9 5
59 85 6 5
59 86 9 5
59 87 2 4
59 90 10 10
59 91 3 10
59 93 3 2
59 94 8 5
59 95 1 4
59 96 9 10
59 97 8 5
59 98 10 7
59 99 3 4
59 100 10 1
60 61 9 3
60 63 8 4
60 65 7 7
60 66 7 10
60 67 7 2
60 68 10 4
60 69 2 4
60 70 5 3
60 71 9 7
60 72 5 2
60 73 6 6
60 75 6 3
60 76 5 10
60 77 3 1
60 78 6 9
60 79 7 3
60 80 4 4
60 81 4 9
60 82 10 4
60 83 8 5
60 84 5 10
60 85 9 9
60 86 10 1
60 87 4 10
60 89 10 10
60 90 1 5
60 91 4 3
60 92 7 7
60 93 7 4
60 94 5 8
60 95 9 2
60 99 8 8
61 62 2 2
61 63 10 2
61 64 10 7
61 65 8 10
61 66 3 3
61 67 6 1
61 68 2 3
61 69 6 4
61 70 3 5
61 71 10 9
61 73 1 1
61 75 10 6
61 76 1 10
61 77 7 1
61 78 6 2
61 79 4 5
61 80 4 6
61 81 5 3
61 82 7 7
61 83 1 4
61 85 10 5
61 86 1 5
61 87 9 7
61 90 6 9
61 91 6 9
61 92 10 6
61 93 10 1
61 94 1 2
61 95 9 5
61 96 1 8
61 97 7 1
61 99 5 8
61 100 10 3
62 63 8 8
62 64 5 1
62 65 9 1
62 66 9 4
62 67 2 1
62 68 7 9
62 69 6 2
62 70 4 6
62 72 8 7
62 73 2 2
62 74 6 4
62 75 4 9
62 77 6 10
62 78 2 6
62 79 1 9
62 80 8 8
62 81 10 8
62 82 1 8
62 83 2 3
62 84 7 3
62 85 9 9
62 86 7 2
62 88 10 8
62 90 10 5
62 91 2 1
62 92 8 7
62 93 6 10
62 94 10 5
62 95 1 7
62 96 4 6
62 98 5 4
63 65 6 10
63 67 8 8
63 69 10 2
63 70 10 9
63 71 9 2
63 72 3 9
63 73 5 4
63 75 1 9
63 77 2 9
63 78 4 5
63 80 7 8
63 81 5 5
63 82 6 4
63 83 9 3
63 84 7 5
63 85 2 1
63 86 6 7
63 87 10 7
63 88 10 8
63 89 4 5
63 90 1 7
63 91 9 9
63 92 4 7
63 93 4 10
63 94 8 6
63 95 4 3
63 96 10 2
63 97 2 2
63 98 6 6
63 99 3 9
63 100 2 2
64 66 10 3
64 67 4 7
64 68 10 1
64 69 2 6
64 70 6 10
64 73 7 7
64 74 4 2
64 75 9 6
64 76 4 1
64 77 2 10
64 78 9 8
64 79 5 2
64 80 8 4
64 81 2 5
64 83 5 1
64 84 2 5
64 85 7 4
64 87 8 1
64 88 9 6
64 90 7 1
64 91 1 8
64 94 5 9
64 95 8 4
64 97 4 4
64 98 5 2
64 99 5 6
64 100 6 3
65 70 1 10
65 72 6 1
65 73 10 9
65 74 2 10
65 75 3 1
65 78 6 2
65 79 6 4
65 80 3 10
65 81 10 9
65 82 5 8
65 83 6 6
65 84 10 9
65 85 2 4
65 87 5 9
65 88 4 8
65 89 7 5
65 90 10 9
65 91 1 3
65 93 5 8
65 94 5 9
65 95 10 1
65 97 4 7
65 98 10 1
65 99 2 4
65 100 7 5
66 69 5 9
66 71 5 10
66 74 6 8
66 76 7 7
66 77 8 5
66 78 1 10
66 79 9 8
66 81 1 10
66 82 8 5
66 84 8 6
66 87 2 4
66 88 1 9
66 89 7 1
66 90 4 3
66 91 6 2
66 92 2 8
66 94 10 5
66 95 1 1
66 99 6 9
66 100 1 5
67 68 10 3
67 69 10 9
67 70 4 9
67 71 7 8
67 72 1 9
67 73 9 9
67 74 10 10
67 76 10 7
67 77 9 8
67 79 8 6
67 80 8 9
67 81 4 6
67 83 7 2
67 84 4 5
67 85 5 6
67 86 4 1
67 87 9 7
67 88 8 4
67 90 2 1
67 91 10 4
67 92 6 4
67 93 4 3
67 94 3 7
67 95 6 4
67 96 8 7
67 98 10 2
67 99 7 9
67 100 1 8
68 69 3 6
68 70 1 5
68 71 8 5
68 79 3 9
68 81 3 3
68 83 2 1
68 84 9 9
68 85 1 5
68 86 1 4
68 89 6 8
68 90 6 8
68 91 9 6
68 92 3 10
68 93 4 2
68 95 5 10
68 96 9 1
68 97 4 1
68 99 1 5
68 100 1 3
69 70 2 4
69 71 2 1
69 72 3 8
69 74 6 4
69 75 4 8
69 76 7 3
69 77 7 3
69 79 3 4
69 80 1 10
69 81 3 9
69 82 6 2
69 83 7 9
69 84 8 4
69 85 3 7
69 86 4 9
69 87 5 4
69 89 10 2
69 90 10 6
69 91 6 4
69 92 2 5
69 94 2 1
69 95 6 7
69 96 4 5
69 97 6 8
69 98 9 3
69 99 3 10
70 72 8 9
70 73 3 2
70 75 9 5
70 77 6 6
70 78 1 10
70 79 6 1
70 80 10 9
70 81 8 6
70 82 6 1
70 83 10 1
70 84 10 2
70 85 8 6
70 86 5 8
70 87 1 9
70 89 3 9
70 90 9 5
70 92 4 4
70 94 6 5
70 95 6 5
70 96 2 4
70 97 7 3
70 100 8 1
71 72 7 5
71 73 10 3
71 74 4 1
71 75 1 4
71 76 9 8
71 77 1 8
71 78 3 5
71 79 4 4
71 80 10 6
71 81 4 10
71 82 2 8
71 83 2 2
71 84 1 1
71 86 5 9
71 87 8 3
71 88 9 7
71 89 5 7
71 90 2 6
71 91 8 4
71 92 6 9
71 94 9 3
71 95 5 3
71 96 2 5
71 98 4 6
71 100 3 10
72 73 9 3
72 74 3 4
72 75 2 6
72 76 8 2
72 77 4 6
72 78 6 6
72 79 8 2
72 80 4 4
72 81 10 5
72 82 6 8
72 83 1 8
72 84 4 7
72 85 7 5
72 86 4 5
72 87 10 10
72 89 1 1
72 90 10 6
72 91 3 5
72 92 10 1
72 94 9 1
72 95 7 6
72 96 3 2
72 97 3 5
72 99 6 7
72 100 3 4
73 74 9 7
73 75 1 8
73 76 8 9
73 77 7 7
73 80 6 2
73 82 6 5
73 83 10 10
73 84 1 2
73 85 6 4
73 86 1 2
73 88 9 4
73 89 2 1
73 90 6 7
73 91 2 10
73 92 7 9
73 93 7 7
73 94 1 5
73 95 3 10
73 97 2 8
73 99 6 4
73 100 3 5
74 75 7 4
74 76 7 9
74 78 6 2
74 79 1 10
74 81 4 3
74 83 1 10
74 84 2 7
74 86 10 4
74 87 6 10
74 88 6 9
74 89 5 4
74 90 9 3
74 91 10 10
74 92 9 2
74 95 4 9
74 98 10 6
74 99 7 9
74 100 3 10
75 76 6 3
75 77 6 1
75 78 2 4
75 79 9 4
75 80 1 6
75 81 6 7
75 84 9 3
75 85 6 3
75 86 1 2
75 87 10 7
75 88 7 10
75 89 4 3
75 90 3 5
75 92 3 1
75 94 2 5
75 95 3 5
75 96 5 2
75 97 9 10
75 98 9 1
75 99 1 5
75 100 4 5
76 77 5 7
76 78 1 9
76 80 2 6
76 81 1 3
76 82 1 8
76 83 1 5
76 84 3 2
76 85 5 5
76 86 5 1
76 87 9 7
76 88 3 2
76 89 7 8
76 90 2 4
76 92 3 4
76 93 6 7
76 94 1 2
76 95 9 2
76 96 8 3
76 97 3 3
76 98 5 4
77 78 2 9
77 79 3 4
77 80 4 1
77 81 3 1
77 82 8 2
77 83 10 7
77 84 3 2
77 85 3 8
77 86 8 1
77 87 5 5
77 89 2 7
77 92 3 4
77 93 10 5
77 95 9 5
77 98 8 3
77 99 6 4
78 79 4 1
78 80 9 3
78 81 9 2
78 82 8 4
78 83 9 9
78 84 7 10
78 85 10 6
78 86 9 7
78 87 5 8
78 89 2 10
78 90 7 9
78 91 3 8
78 93 4 7
78 94 2 7
78 95 9 5
78 97 1 3
78 99 1 3
78 100 9 6
79 80 7 2
79 81 4 7
79 82 9 5
79 83 7 9
79 84 7 7
79 85 10 5
79 86 6 3
79 90 8 9
79 91 5 8
79 92 10 10
79 93 3 1
79 94 7 10
79 95 10 1
79 97 4 8
79 98 1 4
79 99 2 8
80 81 2 2
80 82 7 5
80 83 5 6
80 84 1 1
80 85 7 5
80 86 6 4
80 88 5 9
80 89 7 5
80 90 8 4
80 92 9 7
80 93 1 1
80 94 10 5
80 95 1 7
80 96 7 3
80 97 9 10
80 98 9 4
80 99 10 3
81 83 2 8
81 85 9 4
81 87 3 2
81 88 3 6
81 89 4 7
81 90 5 8
81 91 3 10
81 92 7 5
81 93 4 7
81 94 2 5
81 95 9 10
81 96 10 4
81 97 6 4
81 98 1 4
81 99 4 7
81 100 3 7
82 83 1 2
82 85 1 7
82 86 8 9
82 87 3 9
82 88 8 2
82 89 4 3
82 90 6 10
82 91 1 3
82 92 8 3
82 93 1 4
82 94 1 1
82 95 4 8
82 96 4 10
82 97 5 8
82 98 4 3
82 99 4 6
82 100 2 5
83 84 2 1
83 86 6 2
83 87 8 9
83 88 6 5
83 89 3 7
83 91 10 3
83 92 10 7
83 96 6 4
83 97 1 7
83 98 7 4
83 99 4 10
83 100 1 3
84 85 6 10
84 86 5 9
84 87 8 8
84 88 7 6
84 89 5 10
84 90 6 8
84 91 8 10
84 92 5 9
84 94 3 7
84 95 8 5
84 98 2 6
85 86 4 7
85 87 8 5
85 88 3 4
85 90 2 6
85 91 3 9
85 92 7 7
85 93 6 1
85 94 5 9
85 95 7 6
85 96 1 4
85 97 8 7
85 99 1 9
86 88 3 3
86 89 2 8
86 90 8 10
86 91 3 10
86 92 3 10
86 96 9 8
86 98 10 7
87 88 4 4
87 90 3 8
87 92 9 7
87 94 6 4
87 95 4 8
87 98 5 5
87 99 4 7
88 89 5 8
88 90 3 7
88 91 2 4
88 92 3 8
88 93 8 5
88 94 8 2
88 95 8 2
88 96 5 2
88 98 8 3
88 99 8 7
88 100 9 7
89 90 1 9
89 91 5 3
89 92 10 10
89 93 10 10
89 94 8 6
89 96 6 2
89 97 4 2
89 99 5 9
89 100 10 8
90 91 10 1
90 92 9 6
90 93 9 8
90 95 10 3
90 97 4 4
90 98 7 10
90 99 5 3
90 100 10 8
91 92 7 3
91 94 2 10
91 95 1 7
91 96 6 5
91 97 7 4
91 98 2 2
91 99 4 7
91 100 1 3
92 93 10 2
92 95 1 3
92 96 10 5
92 99 4 9
92 100 4 8
93 94 9 2
93 95 8 6
93 96 7 6
93 97 7 3
93 98 4 8
93 99 7 7
93 100 7 9
94 95 3 7
94 96 4 3
94 97 7 6
94 98 4 4
94 99 2 8
95 97 1 4
95 98 4 1
95 99 10 3
95 100 2 4
96 98 5 8
96 99 5 10
96 100 9 6
97 99 3 10
97 100 10 2
98 99 9 10
98 100 1 5
99 100 2 8
1
1 2 3 4 5 6 7 8 9 10 11 12 13 14 15 16 17 18 19 20 21 22 23 24 25 26 27 28 29 30 31 32 33 34 35 36 37 38 39 40 41 42 43 44 45 46 47 48 49 50
