3879
1 2 9 8
1 4 10 8
1 5 5 9
1 6 9 3
1 8 2 10
1 9 7 4
1 10 5 8
1 11 1 2
1 12 9 4
1 14 2 2
1 16 10 4
1 17 10 5
1 19 6 3
1 20 1 1
1 21 8 8
1 22 9 2
1 23 2 10
1 24 6 5
1 25 2 8
1 26 6 9
1 27 4 6
1 31 8 8
1 32 2 2
1 34 5 8
1 35 9 3
1 36 9 2
1 37 3 1
1 39 10 2
1 40 5 3
1 41 1 2
1 42 8 8
1 45 4 8
1 46 10 3
1 47 5 3
1 49 9 10
1 50 4 10
1 51 2 10
1 52 2 3
1 53 9 7
1 54 4 3
1 55 7 2
1 57 3 6
1 58 4 8
1 59 10 8
1 60 6 8
1 61 5 5
1 62 3 2
1 63 9 7
1 64 5 3
1 65 8 4
1 66 7 3
1 67 6 4
1 68 5 1
1 69 2 6
1 70 6 7
1 71 5 10
1 72 9 8
1 74 4 6
1 76 4 9
1 77 9 2
1 78 2 4
1 80 8 2
1 82 3 6
1 83 6 10
1 84 3 2
1 86 8 2
1 87 1 2
1 89 9 8
1 90 7 5
1 91 2 10
1 92 1 5
1 93 7 1
1 94 8 3
1 96 8 1
1 97 7 8
1 99 2 7
1 100 6 7
2 3 1 1
2 4 9 1
2 5 5 3
2 6 5 9
2 9 4 8
2 11 10 10
2 14 5 5
2 15 1 3
2 16 2 3
2 17 7 1
2 18 7 6
2 20 6 1
2 21 3 4
2 23 7 3
2 24 4 3
2 25 2 8
2 26 9 5
2 27 3 1
2 28 8 5
2 30 4 5
2 31 5 1
2 32 1 4
2 33 4 4
2 34 7 6
2 35 3 9
2 36 3 10
2 37 7 1
2 40 1 2
2 41 10 9
2 42 9 3
2 43 7 3
2 44 9 4
2 45 7 7
2 47 1 4
2 48 7 5
2 49 3 5
2 51 6 7
2 52 5 7
2 53 2 9
2 54 8 10
2 55 2 5
2 57 6 5
2 58 5 7
2 60 2 10
2 61 2 4
2 62 8 1
2 63 7 6
2 64 8 8
2 65 1 8
2 66 9 7
2 69 6 2
2 70 6 4
2 71 4 2
2 72 2 1
2 74 5 4
2 76 7 8
2 79 5 9
2 80 6 9
2 81 10 5
2 82 9 3
2 83 4 6
2 84 10 2
2 86 6 5
2 87 5 4
2 88 2 3
2 89 10 4
2 92 8 10
2 95 5 2
2 96 5 1
2 99 5 9
3 4 9 7
3 6 2 1
3 7 9 6
3 10 10 10
3 11 5 3
3 12 3 6
3 13 1 6
3 14 10 9
3 15 5 10
3 16 1 3
3 17 7 8
3 18 5 1
3 19 1 6
3 20 9 3
3 21 7 2
3 22 8 2
3 24 5 7
3 25 6 6
3 26 9 9
3 27 5 9
3 29 9 6
3 31 5 3
3 32 8 1
3 33 10 2
3 34 9 3
3 35 10 2
3 36 3 5
3 37 9 8
3 38 3 6
3 39 1 9
3 41 6 4
3 43 4 9
3 44 4 6
3 47 7 7
3 48 6 1
3 49 2 2
3 50 8 4
3 51 5 10
3 52 10 6
3 53 8 10
3 55 7 10
3 56 6 6
3 57 4 8
3 58 2 7
3 59 10 10
3 60 3 1
3 61 2 9
3 63 2 4
3 64 6 5
3 65 4 7
3 66 7 1
3 67 5 4
3 68 10 4
3 69 3 1
3 70 6 4
3 71 1 10
3 72 2 8
3 73 4 5
3 75 8 4
3 76 5 7
3 78 3 10
3 79 4 7
3 80 9 5
3 81 4 6
3 82 8 3
3 84 1 1
3 87 2 5
3 90 7 7
3 91 9 10
3 92 4 10
3 93 7 7
3 94 1 2
3 96 10 2
3 97 1 6
3 98 10 6
3 99 6 5
3 100 6 6
4 5 2 3
4 9 3 7
4 10 9 4
4 12 4 10
4 13 4 6
4 14 10 8
4 15 10 10
4 16 10 8
4 17 1 8
4 18 4 4
4 19 3 2
4 20 7 7
4 21 7 4
4 22 9 4
4 23 1 2
4 24 7 5
4 26 6 7
4 27 8 10
4 29 1 2
4 30 9 10
4 32 4 4
4 34 10 9
4 35 5 1
4 36 3 8
4 37 7 2
4 39 7 5
4 40 2 3
4 41 1 1
4 42 9 8
4 45 8 8
4 46 4 7
4 47 6 7
4 48 10 2
4 49 1 2
4 50 5 4
4 51 1 5
4 52 2 9
4 53 7 5
4 54 2 10
4 55 9 6
4 56 1 1
4 57 4 7
4 58 10 6
4 59 7 3
4 60 7 7
4 61 9 9
4 62 6 6
4 63 7 9
4 64 7 9
4 65 7 8
4 67 9 8
4 68 2 10
4 69 3 8
4 71 3 5
4 72 8 9
4 73 7 4
4 74 4 2
4 75 9 7
4 76 9 1
4 77 2 6
4 78 9 7
4 79 10 10
4 81 1 10
4 82 5 2
4 83 4 8
4 84 6 3
4 86 2 9
4 87 6 6
4 89 9 9
4 93 6 4
4 94 6 7
4 95 1 10
4 96 6 1
4 98 4 8
4 99 7 1
4 100 9 7
5 6 1 3
5 7 2 8
5 8 5 2
5 9 3 8
5 10 4 1
5 11 7 6
5 12 4 7
5 13 6 7
5 14 8 8
5 15 4 10
5 16 5 4
5 17 4 5
5 18 8 9
5 19 8 9
5 20 8 1
5 21 1 9
5 22 5 4
5 23 10 10
5 24 8 8
5 25 7 5
5 27 10 7
5 28 7 5
5 29 4 7
5 31 5 4
5 32 9 7
5 33 9 4
5 34 9 6
5 35 5 8
5 37 1 1
5 38 9 2
5 39 2 10
5 40 9 8
5 42 9 4
5 43 2 1
5 44 5 4
5 45 8 3
5 46 4 5
5 48 1 6
5 49 2 2
5 50 8 5
5 51 5 7
5 52 2 3
5 53 1 5
5 54 8 2
5 55 8 9
5 56 9 3
5 58 1 10
5 59 6 4
5 60 5 8
5 61 7 4
5 62 4 2
5 63 2 3
5 64 8 3
5 65 4 3
5 67 3 9
5 69 6 6
5 70 1 9
5 72 3 4
5 73 4 4
5 76 8 5
5 77 9 4
5 78 1 2
5 79 8 1
5 80 7 3
5 81 3 7
5 82 5 7
5 83 4 8
5 84 7 9
5 85 2 7
5 86 1 10
5 92 3 8
5 93 3 7
5 94 10 7
5 95 3 3
5 97 7 5
5 98 2 9
5 99 7 10
5 100 4 5
6 7 2 10
6 8 5 7
6 9 6 10
6 10 1 10
6 11 6 6
6 13 6 5
6 14 5 10
6 15 5 3
6 16 1 1
6 20 8 7
6 21 10 6
6 22 3 4
6 23 3 4
6 24 7 10
6 25 10 5
6 26 5 9
6 28 7 2
6 29 4 4
6 30 8 2
6 31 7 7
6 32 1 9
6 33 6 6
6 34 4 7
6 35 9 2
6 37 5 6
6 38 8 10
6 39 8 1
6 40 6 6
6 41 1 1
6 42 3 2
6 43 5 6
6 44 5 7
6 46 5 7
6 47 2 1
6 48 2 2
6 50 7 9
6 51 1 10
6 52 4 4
6 53 4 5
6 54 8 7
6 55 5 6
6 56 9 6
6 57 7 8
6 58 5 9
6 59 10 10
6 61 2 6
6 63 3 9
6 64 7 8
6 65 8 1
6 66 2 8
6 67 10 1
6 68 3 4
6 71 4 2
6 72 7 10
6 74 4 4
6 75 1 10
6 76 3 8
6 77 5 10
6 78 5 1
6 81 7 10
6 82 7 8
6 84 7 7
6 85 10 6
6 86 7 1
6 88 4 5
6 89 7 5
6 90 8 8
6 91 2 8
6 92 7 8
6 93 10 6
6 95 7 1
6 96 7 5
6 97 5 8
6 98 10 9
6 99 6 4
6 100 9 10
7 8 10 5
7 9 8 7
7 12 9 7
7 13 10 3
7 14 3 10
7 16 4 3
7 19 10 1
7 21 9 9
7 23 7 9
7 25 5 1
7 27 9 10
7 28 10 3
7 30 6 10
7 32 2 4
7 33 9 2
7 34 6 6
7 37 2 7
7 38 5 2
7 39 2 3
7 40 3 9
7 41 10 5
7 42 9 2
7 43 2 8
7 44 10 8
7 45 8 2
7 46 6 2
7 47 2 1
7 48 4 10
7 52 1 3
7 54 5 8
7 55 8 7
7 56 10 5
7 57 7 7
7 58 7 8
7 59 2 5
7 61 8 3
7 62 2 5
7 65 3 6
7 66 7 8
7 67 10 4
7 68 3 5
7 70 10 4
7 72 9 1
7 73 6 8
7 74 10 6
7 75 1 9
7 77 2 5
7 78 9 8
7 81 5 6
7 82 2 3
7 85 8 5
7 86 3 9
7 87 1 6
7 88 1 8
7 89 6 1
7 90 4 6
7 91 5 6
7 92 6 2
7 93 1 6
7 94 8 9
7 95 1 1
7 96 9 2
7 97 7 9
7 98 9 1
7 99 6 1
7 100 8 2
8 10 7 7
8 12 8 2
8 15 4 2
8 16 7 8
8 17 6 8
8 19 10 6
8 21 1 2
8 22 10 1
8 23 7 10
8 24 8 10
8 26 2 9
8 27 2 8
8 28 3 9
8 29 1 3
8 30 5 8
8 32 2 5
8 34 9 6
8 35 3 6
8 38 4 10
8 40 8 1
8 41 10 3
8 42 3 8
8 43 10 3
8 44 5 3
8 45 6 7
8 47 6 2
8 51 2 2
8 52 2 5
8 53 5 8
8 54 4 5
8 55 3 3
8 57 5 5
8 59 8 4
8 60 4 6
8 61 10 8
8 62 3 3
8 64 10 8
8 65 8 7
8 67 7 10
8 68 10 3
8 71 4 5
8 72 1 4
8 73 3 3
8 75 8 6
8 76 6 2
8 77 4 7
8 78 10 5
8 79 5 2
8 80 5 7
8 81 9 3
8 82 6 2
8 83 3 8
8 84 1 1
8 85 7 9
8 86 8 6
8 87 6 7
8 88 3 8
8 89 8 3
8 90 9 9
8 91 9 7
8 93 9 10
8 94 5 8
8 95 3 8
8 96 4 8
8 97 5 7
8 99 3 8
8 100 2 2
9 11 3 8
9 12 5 2
9 13 2 8
9 14 2 8
9 15 5 5
9 16 9 2
9 17 6 1
9 18 4 2
9 19 7 9
9 20 5 6
9 21 4 6
9 22 4 8
9 23 3 5
9 24 8 8
9 25 7 8
9 26 1 9
9 27 10 5
9 28 8 5
9 30 7 9
9 31 1 8
9 32 9 5
9 33 4 8
9 34 7 8
9 35 10 5
9 37 1 8
9 38 8 7
9 39 4 6
9 40 7 2
9 41 1 7
9 42 1 5
9 43 10 3
9 44 3 5
9 45 4 6
9 46 4 10
9 47 10 7
9 50 8 9
9 52 8 1
9 54 10 2
9 56 6 3
9 57 10 3
9 58 2 9
9 59 10 2
9 60 9 2
9 62 9 1
9 63 5 4
9 65 1 10
9 66 7 8
9 67 4 9
9 69 1 8
9 70 4 9
9 71 3 4
9 72 4 8
9 73 4 6
9 74 5 3
9 75 9 1
9 76 4 9
9 77 6 1
9 78 3 2
9 79 6 5
9 80 5 7
9 81 10 3
9 82 1 8
9 83 1 6
9 85 4 1
9 86 5 4
9 87 1 10
9 90 2 7
9 91 9 9
9 94 5 6
9 95 7 7
9 96 2 6
9 97 5 5
9 98 5 9
9 99 1 8
9 100 10 2
10 11 2 4
10 12 7 8
10 13 4 9
10 14 9 9
10 15 2 8
10 17 6 6
10 18 6 3
10 19 2 10
10 20 6 7
10 22 3 5
10 23 6 2
10 24 5 4
10 25 9 4
10 26 1 5
10 28 4 9
10 29 1 1
10 30 2 1
10 34 10 5
10 35 5 4
10 36 1 6
10 37 10 6
10 38 8 7
10 42 9 10
10 43 3 3
10 44 3 2
10 45 3 6
10 46 5 7
10 47 2 6
10 48 4 6
10 49 9 6
10 50 6 7
10 51 4 10
10 54 7 3
10 55 10 8
10 56 4 4
10 57 6 7
10 58 9 5
10 59 10 2
10 60 9 3
10 61 9 4
10 63 8 10
10 64 7 7
10 66 3 5
10 67 1 4
10 68 2 1
10 71 4 7
10 72 4 10
10 73 1 5
10 74 3 7
10 75 10 3
10 76 5 4
10 79 4 3
10 80 8 2
10 81 6 8
10 82 3 8
10 83 8 2
10 84 10 4
10 85 2 7
10 86 7 6
10 87 5 4
10 88 8 7
10 90 8 8
10 91 3 3
10 92 10 8
10 93 2 1
10 95 4 8
10 96 1 6
10 97 8 4
10 98 4 10
10 99 5 10
10 100 9 2
11 12 5 7
11 14 1 6
11 15 6 1
11 16 1 7
11 17 8 5
11 18 10 10
11 19 8 9
11 20 10 5
11 21 9 2
11 22 1 10
11 23 6 6
11 24 9 4
11 25 2 6
11 26 5 3
11 27 6 6
11 28 2 5
11 31 9 2
11 32 5 5
11 33 3 3
11 34 7 5
11 36 2 9
11 37 5 3
11 40 3 7
11 41 9 8
11 42 9 3
11 43 5 9
11 44 3 4
11 45 9 6
11 46 10 3
11 47 5 5
11 48 7 1
11 49 1 1
11 50 7 10
11 51 1 10
11 52 2 1
11 53 4 2
11 54 5 9
11 55 3 5
11 56 10 8
11 57 6 1
11 59 8 5
11 60 8 7
11 61 4 1
11 62 9 5
11 63 4 7
11 64 1 6
11 65 5 2
11 66 1 2
11 67 2 2
11 69 2 1
11 70 2 10
11 71 2 10
11 72 5 3
11 73 8 4
11 74 8 1
11 76 9 9
11 77 6 5
11 78 2 3
11 79 7 9
11 82 6 3
11 83 5 2
11 84 4 5
11 85 5 4
11 86 9 7
11 87 8 2
11 88 2 2
11 89 2 5
11 92 2 7
11 94 9 1
11 95 8 3
11 99 8 4
11 100 4 8
12 13 3 3
12 14 9 6
12 15 10 4
12 16 7 5
12 17 3 10
12 18 4 10
12 19 3 3
12 22 9 8
12 23 10 5
12 26 1 3
12 28 9 8
12 29 5 10
12 30 8 1
12 31 10 6
12 32 3 3
12 33 6 10
12 34 9 7
12 35 6 9
12 36 8 5
12 37 9 5
12 38 9 4
12 39 10 6
12 41 9 8
12 43 2 9
12 46 1 7
12 47 9 7
12 49 5 5
12 51 10 6
12 52 9 5
12 55 1 4
12 56 2 9
12 57 2 9
12 58 10 8
12 59 5 9
12 61 3 10
12 63 1 10
12 64 7 6
12 65 2 8
12 66 10 7
12 68 5 4
12 70 6 3
12 71 10 10
12 72 9 7
12 73 10 1
12 75 6 8
12 76 10 2
12 77 1 9
12 78 1 8
12 80 7 9
12 82 5 3
12 84 6 7
12 86 10 2
12 87 5 7
12 88 2 3
12 89 4 6
12 90 2 2
12 91 1 6
12 93 1 1
12 94 3 7
12 95 4 10
12 97 9 3
12 98 1 2
12 99 8 7
12 100 1 8
13 14 1 4
13 15 4 2
13 16 8 9
13 17 5 9
13 18 2 4
13 20 2 2
13 21 7 7
13 23 5 2
13 24 8 2
13 25 1 6
13 26 2 3
13 27 3 8
13 28 9 10
13 29 6 2
13 30 5 9
13 31 10 10
13 33 9 4
13 34 6 3
13 35 5 10
13 36 8 9
13 37 7 7
13 39 1 7
13 40 3 8
13 41 10 9
13 44 1 7
13 45 2 7
13 46 9 6
13 47 3 8
13 48 7 3
13 49 1 10
13 50 6 2
13 51 4 7
13 52 6 10
13 53 9 5
13 54 7 7
13 55 3 5
13 56 7 9
13 57 4 6
13 59 1 9
13 60 1 7
13 61 2 1
13 62 8 1
13 63 10 10
13 64 2 9
13 65 8 6
13 66 10 2
13 67 9 9
13 68 6 8
13 69 3 7
13 70 1 5
13 72 2 3
13 73 1 1
13 74 6 1
13 75 4 10
13 76 5 5
13 77 3 5
13 78 2 2
13 79 10 7
13 80 10 6
13 82 2 10
13 83 7 9
13 85 2 7
13 86 8 7
13 87 7 6
13 88 7 7
13 89 9 6
13 90 2 7
13 91 7 9
13 92 9 5
13 93 5 2
13 96 9 6
13 98 9 4
13 99 3 1
13 100 4 3
14 17 3 8
14 19 5 1
14 21 4 7
14 23 6 7
14 24 2 5
14 26 1 2
14 27 9 6
14 28 7 7
14 29 8 2
14 30 9 10
14 31 8 4
14 32 4 5
14 33 9 5
14 35 7 9
14 36 4 3
14 38 8 4
14 39 6 8
14 42 5 1
14 43 2 8
14 44 2 1
14 46 10 8
14 47 7 9
14 48 3 3
14 50 5 6
14 52 9 2
14 53 2 1
14 54 2 10
14 55 9 1
14 56 6 4
14 58 8 9
14 62 6 7
14 63 4 7
14 64 1 10
14 65 2 1
14 66 3 1
14 67 10 4
14 68 1 10
14 69 5 7
14 70 6 6
14 71 1 3
14 72 1 7
14 73 9 1
14 74 10 1
14 75 5 3
14 76 10 4
14 77 5 9
14 78 4 2
14 79 6 2
14 80 6 7
14 82 6 7
14 83 3 1
14 84 1 9
14 85 7 8
14 90 4 3
14 91 5 4
14 92 1 4
14 93 9 8
14 95 4 6
14 96 6 4
14 97 2 2
14 98 2 3
14 99 7 8
14 100 7 1
15 16 2 8
15 17 7 1
15 18 5 1
15 19 1 6
15 20 6 3
15 21 10 2
15 22 4 10
15 23 6 10
15 24 1 2
15 25 3 8
15 27 10 6
15 29 6 1
15 30 10 2
15 32 10 9
15 33 6 6
15 34 8 4
15 35 8 10
15 36 6 2
15 37 6 1
15 38 4 2
15 40 10 9
15 41 3 5
15 42 10 7
15 43 9 8
15 44 5 6
15 46 5 5
15 47 3 5
15 50 4 9
15 51 6 9
15 52 1 7
15 53 3 7
15 54 5 2
15 55 4 5
15 56 1 6
15 57 8 10
15 60 3 5
15 61 2 4
15 62 1 4
15 63 6 5
15 64 7 6
15 65 4 1
15 66 1 4
15 67 1 3
15 68 9 6
15 69 5 3
15 70 5 2
15 71 2 8
15 72 3 9
15 74 1 6
15 76 7 7
15 77 8 9
15 78 1 6
15 79 4 5
15 80 4 5
15 81 7 8
15 82 4 4
15 84 9 10
15 85 3 6
15 86 2 2
15 87 1 8
15 88 5 9
15 89 6 8
15 90 4 9
15 91 3 1
15 92 3 1
15 93 5 4
15 95 2 3
15 96 1 6
15 97 7 9
15 98 7 8
15 99 9 3
15 100 6 3
16 17 2 10
16 19 6 6
16 20 1 5
16 21 8 7
16 22 10 7
16 24 9 4
16 25 5 3
16 27 4 6
16 28 5 7
16 30 1 4
16 32 6 5
16 33 6 9
16 34 4 2
16 36 8 4
16 37 9 4
16 38 4 10
16 39 10 1
16 41 7 3
16 43 5 10
16 44 10 4
16 45 7 3
16 46 6 2
16 47 3 9
16 49 6 5
16 50 6 5
16 51 9 3
16 54 6 4
16 55 5 8
16 56 8 1
16 57 7 8
16 58 5 8
16 60 4 9
16 61 1 2
16 64 7 3
16 66 1 3
16 67 3 8
16 68 3 1
16 69 8 7
16 70 8 4
16 71 5 2
16 72 6 8
16 73 9 6
16 74 2 6
16 75 7 10
16 76 5 6
16 80 3 7
16 81 4 10
16 82 4 2
16 83 2 9
16 85 7 3
16 86 1 4
16 87 9 2
16 88 2 2
16 89 2 4
16 90 1 5
16 91 7 1
16 92 5 6
16 93 10 8
16 94 1 10
16 96 8 9
16 97 4 5
16 98 4 9
16 99 7 9
16 100 4 3
17 18 3 3
17 19 2 1
17 20 6 6
17 21 6 6
17 22 8 1
17 23 4 10
17 24 4 1
17 25 4 4
17 27 5 8
17 28 5 2
17 29 1 2
17 30 7 9
17 31 2 3
17 32 4 10
17 33 4 5
17 34 7 2
17 36 7 10
17 37 2 10
17 39 1 2
17 40 2 8
17 41 5 8
17 42 10 5
17 43 10 1
17 44 1 3
17 46 6 5
17 48 5 9
17 49 1 9
17 50 8 2
17 51 4 1
17 52 10 4
17 53 5 1
17 54 4 5
17 55 2 4
17 56 6 7
17 57 4 8
17 58 10 6
17 59 5 3
17 60 10 8
17 61 10 2
17 62 2 10
17 65 9 10
17 66 1 1
17 68 9 10
17 69 6 10
17 71 1 9
17 72 3 8
17 73 7 7
17 74 10 5
17 75 7 7
17 76 3 4
17 77 5 5
17 78 10 4
17 79 6 4
17 80 5 9
17 81 7 4
17 82 9 7
17 84 9 3
17 85 10 1
17 86 5 6
17 87 2 9
17 88 1 9
17 89 2 9
17 90 4 5
17 91 1 3
17 92 7 1
17 93 5 10
17 94 6 7
17 95 2 7
17 97 2 3
17 98 4 5
17 100 4 8
18 20 10 10
18 21 2 5
18 22 10 2
18 23 4 10
18 24 6 10
18 25 1 10
18 26 6 1
18 27 8 5
18 28 1 9
18 29 6 6
18 30 7 3
18 31 3 10
18 32 6 7
18 33 1 8
18 34 2 1
18 35 8 1
18 36 6 5
18 37 9 5
18 40 2 7
18 41 10 4
18 43 3 4
18 44 10 9
18 45 8 3
18 46 6 9
18 47 5 9
18 48 7 2
18 49 8 9
18 51 5 5
18 52 4 1
18 53 4 4
18 54 9 5
18 55 8 2
18 56 5 8
18 58 1 3
18 59 6 8
18 60 10 9
18 61 9 7
18 62 7 10
18 63 10 6
18 64 5 10
18 65 9 1
18 66 6 5
18 67 9 9
18 68 5 6
18 70 7 2
18 71 5 7
18 72 9 8
18 73 4 9
18 74 8 7
18 75 2 5
18 76 1 2
18 78 3 10
18 79 7 4
18 80 1 10
18 82 10 6
18 84 9 5
18 85 2 2
18 86 8 2
18 87 1 8
18 88 6 9
18 89 3 3
18 90 4 1
18 92 7 10
18 93 7 5
18 94 4 9
18 95 5 10
18 96 2 1
18 97 5 2
18 98 3 9
18 99 9 6
18 100 7 4
19 22 1 7
19 23 4 3
19 24 4 8
19 25 9 4
19 26 5 2
19 27 4 8
19 30 1 8
19 31 3 4
19 32 3 4
19 33 2 3
19 34 7 8
19 35 5 5
19 36 1 4
19 37 2 3
19 38 10 9
19 39 10 5
19 40 1 1
19 41 8 6
19 42 4 3
19 43 4 9
19 44 2 9
19 45 6 5
19 46 8 4
19 49 8 1
19 51 3 4
19 52 10 2
19 53 1 9
19 54 10 8
19 56 6 7
19 58 5 4
19 60 2 1
19 61 10 1
19 62 6 10
19 64 7 9
19 65 10 1
19 66 8 10
19 67 1 3
19 68 3 1
19 69 7 10
19 71 1 9
19 72 1 8
19 74 8 2
19 76 6 3
19 77 8 8
19 78 3 5
19 79 7 6
19 80 7 10
19 81 10 2
19 82 4 8
19 84 8 2
19 86 6 7
19 87 10 1
19 88 6 5
19 89 4 3
19 90 4 10
19 91 5 8
19 92 9 7
19 93 2 6
19 94 2 9
19 95 9 10
19 96 4 9
19 98 5 7
19 99 6 10
19 100 9 4
20 21 7 10
20 22 8 9
20 23 10 8
20 25 7 10
20 26 5 3
20 27 6 2
20 29 8 3
20 31 5 6
20 32 7 2
20 35 5 1
20 36 7 2
20 37 1 10
20 38 7 5
20 40 1 7
20 41 1 7
20 42 4 10
20 44 2 6
20 45 3 5
20 46 8 3
20 47 5 9
20 48 10 7
20 49 7 6
20 50 6 7
20 51 6 6
20 53 8 4
20 55 2 7
20 56 8 5
20 57 4 4
20 58 8 1
20 59 1 4
20 60 3 4
20 61 1 4
20 62 7 8
20 63 2 1
20 64 7 2
20 65 2 6
20 66 3 6
20 68 6 6
20 69 6 7
20 70 3 10
20 71 5 8
20 72 10 3
20 73 5 8
20 74 5 1
20 78 4 4
20 79 6 10
20 80 2 7
20 82 5 3
20 83 4 5
20 84 5 7
20 85 3 8
20 87 4 7
20 88 6 7
20 89 6 5
20 90 4 5
20 91 7 6
20 92 1 10
20 93 4 5
20 94 3 10
20 96 4 10
20 97 10 2
20 98 1 1
20 99 5 3
20 100 4 10
21 25 4 10
21 26 10 10
21 28 10 2
21 29 6 2
21 30 3 7
21 33 4 6
21 34 4 10
21 35 5 8
21 36 1 7
21 37 10 6
21 38 5 1
21 39 9 1
21 40 1 4
21 41 4 2
21 42 6 6
21 43 2 7
21 44 5 1
21 46 1 5
21 47 2 3
21 48 3 7
21 51 5 3
21 52 9 7
21 53 2 7
21 54 8 5
21 56 1 6
21 57 2 8
21 58 3 5
21 59 10 1
21 60 4 5
21 61 2 4
21 62 8 5
21 63 10 8
21 64 10 4
21 65 8 6
21 66 3 10
21 67 4 6
21 69 10 3
21 70 2 6
21 71 4 8
21 76 1 4
21 77 3 4
21 78 3 2
21 79 8 8
21 80 7 4
21 81 6 10
21 82 8 9
21 84 6 3
21 85 1 2
21 86 10 8
21 87 8 2
21 91 4 7
21 92 2 5
21 93 9 5
21 94 3 10
21 95 4 3
21 96 7 8
21 97 5 10
21 99 8 5
21 100 7 2
22 23 6 2
22 24 1 10
22 25 3 10
22 26 8 2
22 28 8 9
22 29 10 7
22 31 8 10
22 32 6 2
22 34 9 5
22 35 3 3
22 37 3 8
22 38 1 4
22 39 1 1
22 40 5 6
22 41 9 4
22 42 10 5
22 43 1 9
22 44 1 1
22 45 9 5
22 46 6 6
22 47 10 10
22 48 10 5
22 49 6 1
22 50 9 10
22 52 6 2
22 53 4 4
22 54 6 5
22 55 8 7
22 56 9 7
22 58 2 4
22 59 6 3
22 60 5 10
22 61 6 9
22 62 9 3
22 63 1 5
22 64 3 9
22 65 9 2
22 66 5 2
22 67 2 2
22 68 1 4
22 69 9 2
22 70 4 9
22 71 2 6
22 72 1 2
22 73 10 8
22 75 10 10
22 76 3 6
22 77 4 8
22 78 2 4
22 80 5 10
22 81 10 7
22 84 6 1
22 85 1 5
22 86 6 8
22 87 3 8
22 89 3 2
22 91 7 5
22 92 3 4
22 93 1 3
22 94 8 4
22 96 9 5
22 98 9 9
22 99 3 8
22 100 6 8
23 24 4 2
23 25 8 9
23 26 3 9
23 28 1 1
23 29 4 2
23 30 2 4
23 31 3 9
23 32 1 10
23 33 2 6
23 34 3 5
23 35 7 1
23 36 3 10
23 37 8 10
23 39 4 10
23 40 4 2
23 41 2 7
23 42 7 5
23 43 2 4
23 44 4 2
23 45 5 6
23 46 1 5
23 47 9 8
23 48 1 10
23 49 1 5
23 50 10 3
23 51 6 8
23 52 4 3
23 53 9 2
23 55 10 10
23 56 4 9
23 57 8 9
23 58 2 6
23 59 7 9
23 60 1 4
23 61 6 10
23 64 6 3
23 66 2 3
23 68 10 7
23 71 2 6
23 72 9 8
23 73 5 5
23 74 8 5
23 75 2 10
23 77 2 6
23 78 8 6
23 79 3 2
23 82 3 9
23 83 9 2
23 84 3 3
23 85 8 2
23 86 3 5
23 88 3 5
23 89 4 7
23 91 6 2
23 93 9 3
23 94 2 5
23 95 10 7
23 96 4 1
23 97 3 4
23 98 2 8
23 99 3 5
23 100 5 10
24 25 10 5
24 27 7 2
24 29 5 4
24 30 2 7
24 31 1 10
24 33 1 3
24 34 1 1
24 35 4 1
24 36 10 6
24 37 9 9
24 38 10 6
24 39 7 5
24 41 6 4
24 42 1 1
24 43 6 6
24 44 7 10
24 46 4 4
24 47 5 9
24 48 2 5
24 49 5 7
24 50 4 9
24 51 9 5
24 52 6 9
24 53 3 10
24 55 5 1
24 56 9 3
24 57 2 1
24 58 2 6
24 59 9 10
24 60 4 6
24 61 3 1
24 62 7 3
24 63 8 9
24 66 3 9
24 68 2 8
24 69 3 4
24 71 5 6
24 72 2 7
24 73 7 6
24 74 9 4
24 75 10 5
24 76 1 9
24 77 3 2
24 78 8 2
24 79 9 2
24 80 2 5
24 81 3 2
24 82 9 6
24 83 7 4
24 84 2 10
24 85 2 4
24 86 3 3
24 87 1 8
24 88 8 6
24 90 3 6
24 91 4 7
24 92 8 9
24 93 10 7
24 95 3 10
24 97 2 7
24 98 10 9
24 99 2 2
25 27 8 1
25 29 3 2
25 30 3 5
25 31 2 2
25 33 5 9
25 35 1 1
25 37 2 8
25 38 7 9
25 39 1 7
25 40 10 1
25 41 2 5
25 43 9 8
25 44 10 6
25 45 9 4
25 47 1 2
25 49 1 4
25 50 5 9
25 51 10 8
25 52 8 9
25 54 7 5
25 56 10 5
25 57 8 5
25 58 1 5
25 59 2 8
25 61 5 2
25 64 5 4
25 65 1 3
25 66 8 6
25 67 9 4
25 69 1 5
25 70 5 1
25 72 6 2
25 74 3 9
25 75 4 9
25 77 10 2
25 79 4 4
25 80 4 3
25 81 2 1
25 82 2 9
25 83 10 7
25 84 4 8
25 85 2 7
25 86 2 10
25 87 6 3
25 88 3 4
25 89 1 8
25 90 1 6
25 91 4 10
25 92 3 6
25 93 4 6
25 94 9 5
25 95 8 7
25 100 7 5
26 27 6 3
26 29 2 8
26 30 7 7
26 31 10 8
26 32 10 7
26 33 1 3
26 34 6 6
26 35 5 3
26 36 4 10
26 37 8 6
26 38 5 9
26 39 7 2
26 40 8 6
26 41 9 9
26 42 4 4
26 43 8 1
26 44 4 6
26 45 5 2
26 47 9 4
26 50 10 2
26 51 6 4
26 52 6 3
26 53 6 9
26 54 8 8
26 55 10 4
26 59 10 10
26 60 6 3
26 61 2 9
26 63 2 2
26 65 6 10
26 66 1 10
26 67 8 4
26 68 1 3
26 69 10 2
26 70 7 7
26 72 3 9
26 73 6 6
26 74 3 1
26 75 5 3
26 76 7 6
26 77 5 1
26 78 6 7
26 80 5 4
26 81 1 1
26 82 3 5
26 83 3 2
26 84 9 9
26 85 4 10
26 87 2 6
26 88 9 10
26 89 7 10
26 90 9 9
26 91 9 7
26 93 7 7
26 94 1 9
26 95 4 5
26 97 2 10
26 98 5 4
26 100 10 10
27 28 6 2
27 30 5 2
27 31 9 9
27 32 7 5
27 33 1 5
27 34 8 6
27 35 4 9
27 36 7 9
27 37 6 1
27 38 10 4
27 39 4 1
27 41 9 6
27 43 2 4
27 44 8 1
27 47 8 7
27 49 4 8
27 52 8 2
27 53 3 9
27 54 8 9
27 55 4 10
27 56 10 4
27 57 2 8
27 58 9 1
27 59 3 4
27 61 7 1
27 62 6 7
27 63 1 7
27 64 10 1
27 65 9 7
27 66 4 1
27 67 8 9
27 68 4 3
27 69 6 7
27 70 5 1
27 71 6 1
27 72 6 4
27 73 6 8
27 74 1 3
27 75 1 9
27 76 7 3
27 77 5 10
27 78 10 8
27 79 9 5
27 80 3 2
27 81 10 3
27 82 9 2
27 83 10 8
27 84 2 3
27 86 9 7
27 87 2 10
27 89 1 5
27 90 8 1
27 91 8 7
27 92 8 4
27 93 6 5
27 95 1 9
27 97 1 10
27 98 9 2
27 99 6 8
27 100 3 8
28 29 4 3
28 30 3 8
28 32 4 3
28 33 10 4
28 34 8 1
28 35 10 3
28 36 5 10
28 37 5 1
28 38 10 3
28 39 1 6
28 40 8 1
28 41 7 5
28 42 6 1
28 43 1 10
28 44 7 8
28 46 8 7
28 48 6 5
28 49 3 7
28 50 4 1
28 51 8 4
28 52 1 9
28 53 5 6
28 55 8 8
28 56 3 2
28 57 5 5
28 58 3 6
28 60 5 5
28 61 6 1
28 62 1 1
28 64 2 1
28 65 2 1
28 67 9 8
28 68 3 1
28 69 8 8
28 71 2 4
28 72 1 8
28 73 2 9
28 74 3 1
28 78 6 10
28 79 9 5
28 80 1 5
28 81 1 4
28 82 10 2
28 83 10 4
28 84 8 4
28 85 7 1
28 86 8 5
28 87 4 10
28 88 1 4
28 89 4 5
28 90 2 7
28 92 7 1
28 93 10 9
28 94 8 10
28 95 1 10
28 96 1 8
28 97 3 2
28 98 8 9
28 99 10 7
28 100 5 6
29 30 5 7
29 32 10 9
29 33 4 8
29 34 6 5
29 35 1 10
29 36 10 9
29 37 9 7
29 39 8 10
29 40 6 1
29 41 10 10
29 42 6 5
29 43 2 1
29 44 3 9
29 46 4 5
29 47 6 9
29 48 8 10
29 49 7 6
29 50 2 3
29 51 7 3
29 52 3 8
29 53 10 9
29 54 8 5
29 55 6 4
29 57 5 7
29 58 7 8
29 60 6 10
29 62 1 6
29 63 1 10
29 64 4 4
29 65 10 2
29 66 9 10
29 67 4 7
29 68 6 1
29 69 8 2
29 70 3 3
29 71 1 1
29 72 3 10
29 74 3 4
29 75 10 2
29 76 3 9
29 77 1 8
29 79 3 5
29 80 8 7
29 81 2 8
29 82 8 8
29 85 8 2
29 87 1 7
29 88 8 4
29 89 5 1
29 90 1 6
29 92 4 8
29 93 6 7
29 94 2 7
29 95 8 9
29 96 9 4
29 98 6 3
29 99 10 1
29 100 9 9
30 36 4 2
30 37 7 3
30 38 4 8
30 39 1 4
30 40 5 1
30 42 9 1
30 43 9 3
30 44 4 2
30 46 8 9
30 48 6 4
30 49 10 6
30 51 2 7
30 52 10 7
30 53 7 1
30 54 1 9
30 55 9 1
30 56 10 3
30 57 2 9
30 58 2 5
30 60 9 3
30 61 6 9
30 62 4 4
30 63 10 7
30 64 8 8
30 65 1 9
30 67 5 1
30 68 8 2
30 70 5 4
30 71 10 6
30 72 4 8
30 73 7 10
30 74 4 10
30 77 3 1
30 78 1 5
30 79 10 1
30 80 6 8
30 81 2 6
30 82 2 2
30 83 7 5
30 85 3 4
30 86 5 2
30 87 4 1
30 88 8 6
30 89 6 9
30 90 10 9
30 91 7 7
30 92 6 1
30 93 1 2
30 95 9 10
30 96 2 2
30 97 3 9
30 98 6 9
30 99 2 2
31 32 2 9
31 33 1 1
31 34 5 7
31 35 5 1
31 36 5 6
31 37 3 8
31 38 9 8
31 40 8 8
31 42 2 6
31 43 3 8
31 47 2 4
31 48 5 9
31 49 5 2
31 50 6 1
31 52 8 1
31 53 4 3
31 54 5 9
31 55 4 7
31 59 3 5
31 60 8 1
31 61 10 7
31 62 9 1
31 63 2 8
31 64 4 4
31 65 1 5
31 66 4 8
31 67 2 3
31 69 6 7
31 70 1 3
31 71 10 8
31 72 1 2
31 73 4 8
31 74 3 10
31 75 9 8
31 76 5 1
31 77 7 2
31 78 4 7
31 79 3 4
31 80 4 10
31 81 1 2
31 82 8 5
31 83 2 8
31 84 4 7
31 86 6 4
31 87 7 7
31 90 2 6
31 92 5 2
31 93 7 2
31 94 9 4
31 95 9 3
31 98 3 2
31 99 3 1
31 100 10 4
32 33 4 8
32 34 9 2
32 36 4 3
32 37 10 9
32 38 7 6
32 39 5 5
32 40 3 3
32 41 4 9
32 42 2 5
32 43 3 6
32 45 1 1
32 46 6 3
32 48 7 9
32 50 10 3
32 60 4 10
32 62 2 6
32 63 9 6
32 64 2 6
32 65 9 4
32 67 3 8
32 68 9 9
32 69 9 4
32 70 2 4
32 71 5 3
32 72 6 9
32 73 4 4
32 74 5 1
32 75 2 5
32 76 3 10
32 77 1 3
32 80 2 3
32 81 3 10
32 82 2 7
32 83 8 2
32 84 1 1
32 85 8 7
32 87 1 5
32 88 8 3
32 89 8 8
32 90 9 1
32 91 2 5
32 92 4 10
32 93 8 10
32 94 1 6
32 95 5 7
32 96 2 2
32 98 1 2
32 99 2 3
32 100 1 3
33 36 3 6
33 39 1 6
33 40 10 6
33 43 3 3
33 44 7 5
33 45 6 9
33 46 4 7
33 47 8 10
33 49 10 4
33 50 5 10
33 52 2 1
33 53 8 9
33 54 10 9
33 55 8 7
33 56 4 2
33 57 7 5
33 59 8 9
33 61 2 3
33 63 7 1
33 65 9 7
33 66 8 10
33 67 3 1
33 68 10 1
33 69 9 9
33 70 1 10
33 72 9 6
33 73 6 8
33 74 7 1
33 75 4 10
33 76 8 8
33 77 5 5
33 79 3 2
33 80 10 7
33 81 8 3
33 82 6 2
33 84 5 1
33 85 6 8
33 87 1 4
33 89 3 3
33 90 1 8
33 92 8 8
33 93 3 9
33 95 4 2
33 96 2 6
33 97 9 5
33 99 6 6
33 100 8 10
34 35 7 2
34 37 6 7
34 38 5 6
34 40 6 10
34 41 1 1
34 42 1 1
34 43 7 6
34 44 4 1
34 45 1 5
34 46 10 8
34 47 1 10
34 49 5 7
34 52 4 1
34 53 9 8
34 54 4 6
34 55 6 10
34 56 4 3
34 58 2 6
34 59 9 4
34 60 9 5
34 62 1 9
34 64 3 2
34 66 4 10
34 67 9 5
34 68 1 8
34 70 7 9
34 71 6 10
34 72 2 2
34 73 7 10
34 75 7 8
34 77 10 2
34 78 3 3
34 79 7 8
34 81 6 1
34 82 10 8
34 84 10 5
34 85 5 7
34 86 7 8
34 87 6 8
34 88 6 8
34 89 8 9
34 93 7 8
34 94 3 3
34 95 3 9
34 96 7 8
34 97 1 6
34 98 3 9
35 36 8 3
35 37 7 8
35 38 6 8
35 39 6 1
35 40 10 3
35 41 4 7
35 42 7 10
35 43 3 10
35 46 5 6
35 47 10 1
35 48 5 1
35 49 3 4
35 53 8 4
35 54 9 2
35 55 6 6
35 56 10 5
35 57 5 1
35 58 8 4
35 60 9 3
35 61 3 10
35 62 10 8
35 63 6 6
35 65 2 6
35 66 6 5
35 67 1 1
35 69 6 3
35 70 1 3
35 71 2 2
35 72 1 9
35 73 2 7
35 74 10 6
35 75 1 2
35 76 10 6
35 79 2 6
35 80 1 4
35 81 3 8
35 82 10 2
35 83 5 8
35 85 5 9
35 86 6 7
35 87 1 5
35 89 2 2
35 90 7 1
35 91 7 4
35 92 10 4
35 93 1 8
35 95 1 8
35 96 5 1
35 97 4 7
35 98 5 7
35 99 4 2
36 37 5 5
36 38 2 4
36 41 2 1
36 42 4 7
36 43 3 10
36 45 6 10
36 46 2 2
36 47 4 1
36 48 1 10
36 49 4 2
36 51 4 9
36 53 1 2
36 54 8 6
36 55 2 3
36 56 9 10
36 57 1 1
36 59 6 6
36 60 5 9
36 62 1 10
36 63 9 10
36 67 4 9
36 68 3 7
36 69 4 5
36 71 5 8
36 72 2 10
36 74 7 4
36 76 3 5
36 78 7 6
36 79 3 3
36 80 10 4
36 82 3 9
36 83 2 8
36 85 3 2
36 86 7 1
36 87 1 1
36 88 9 6
36 90 3 2
36 91 7 3
36 92 9 9
36 94 4 10
36 95 7 4
36 96 7 6
36 97 2 3
36 98 7 8
36 99 10 4
36 100 10 2
37 38 5 1
37 39 8 9
37 40 7 5
37 41 5 5
37 42 3 7
37 43 6 1
37 44 9 5
37 46 5 4
37 49 3 8
37 50 2 4
37 51 2 10
37 52 1 8
37 53 4 9
37 56 8 4
37 57 7 1
37 59 1 3
37 60 8 3
37 61 4 7
37 62 1 1
37 64 1 10
37 65 8 8
37 66 5 3
37 68 5 3
37 69 5 4
37 70 6 9
37 71 7 7
37 72 6 2
37 73 6 4
37 78 5 9
37 79 1 2
37 80 2 1
37 81 7 6
37 82 6 5
37 83 4 6
37 84 2 1
37 85 7 10
37 87 9 1
37 88 8 1
37 90 2 2
37 92 4 10
37 93 2 5
37 94 6 6
37 95 3 9
37 96 3 8
37 97 5 6
37 98 5 1
37 99 7 2
38 39 6 5
38 43 1 9
38 44 2 1
38 46 2 9
38 47 6 9
38 48 8 5
38 49 8 3
38 50 9 3
38 51 4 3
38 53 4 3
38 56 5 5
38 58 7 1
38 59 8 3
38 60 10 5
38 61 2 1
38 64 4 3
38 65 9 6
38 66 4 1
38 67 6 4
38 68 5 8
38 69 2 4
38 70 9 8
38 72 4 3
38 74 10 1
38 75 8 4
38 76 2 1
38 77 3 9
38 80 6 10
38 81 1 7
38 82 4 3
38 83 4 3
38 85 3 8
38 87 3 6
38 88 6 2
38 89 4 5
38 90 3 5
38 91 6 10
38 92 7 4
38 93 3 3
38 94 9 8
38 95 1 9
38 96 2 6
38 97 6 6
38 98 3 1
38 99 3 6
38 100 4 9
39 40 5 10
39 41 10 6
39 43 5 2
39 44 5 3
39 45 7 10
39 46 5 4
39 47 2 1
39 48 7 9
39 51 2 4
39 52 8 9
39 53 5 5
39 54 2 7
39 55 1 2
39 56 4 9
39 57 10 6
39 58 10 4
39 59 6 10
39 61 4 9
39 62 5 3
39 63 8 2
39 65 9 8
39 66 6 8
39 67 1 7
39 68 10 7
39 69 6 3
39 70 3 1
39 72 4 10
39 74 3 6
39 75 10 9
39 76 3 7
39 77 5 3
39 79 8 4
39 80 5 9
39 81 3 1
39 83 5 4
39 84 7 9
39 85 1 10
39 88 1 5
39 89 6 2
39 90 9 7
39 92 1 6
39 93 3 1
39 94 6 6
39 95 2 2
39 96 10 8
39 97 2 2
39 98 6 2
39 100 5 4
40 41 8 2
40 42 5 1
40 43 10 7
40 47 9 7
40 48 3 3
40 49 4 1
40 50 9 6
40 51 5 8
40 52 10 7
40 53 7 3
40 54 10 5
40 56 5 7
40 57 8 6
40 58 1 9
40 59 10 6
40 60 7 7
40 62 5 3
40 63 6 4
40 64 9 6
40 65 6 10
40 67 2 10
40 68 9 5
40 69 3 7
40 70 5 2
40 71 8 4
40 72 8 6
40 73 6 2
40 74 7 1
40 76 7 7
40 77 6 7
40 78 6 7
40 79 8 9
40 80 3 7
40 83 10 3
40 84 4 8
40 85 3 8
40 86 3 7
40 87 10 4
40 88 10 9
40 89 8 6
40 91 8 9
40 92 5 5
40 93 5 9
40 94 2 9
40 96 7 4
40 97 1 9
40 98 8 3
40 99 1 8
40 100 6 7
41 42 10 10
41 43 2 9
41 44 1 3
41 49 3 2
41 50 4 5
41 51 9 7
41 52 9 5
41 53 8 9
41 54 10 3
41 55 6 10
41 56 9 9
41 57 6 1
41 58 4 2
41 59 8 5
41 60 6 5
41 62 8 3
41 63 2 2
41 64 3 1
41 65 6 2
41 66 8 9
41 67 10 3
41 68 10 3
41 69 5 10
41 70 7 5
41 71 1 2
41 72 8 7
41 73 3 5
41 74 10 1
41 75 6 9
41 77 3 8
41 78 10 5
41 79 6 8
41 80 5 6
41 81 2 4
41 82 8 4
41 83 5 9
41 84 1 1
41 85 8 6
41 86 9 10
41 87 7 4
41 88 4 5
41 89 8 2
41 90 5 2
41 91 3 4
41 93 10 5
41 94 9 1
41 95 4 8
41 96 3 9
41 98 1 2
41 100 6 2
42 43 5 5
42 44 3 1
42 46 1 1
42 48 4 6
42 49 3 3
42 50 3 7
42 52 7 5
42 53 4 6
42 54 6 7
42 55 9 5
42 56 8 1
42 57 2 7
42 58 1 3
42 60 8 2
42 61 5 8
42 62 7 9
42 64 5 7
42 65 8 1
42 67 9 3
42 68 6 4
42 69 1 3
42 71 7 6
42 72 2 2
42 73 3 6
42 74 10 9
42 76 3 8
42 77 1 10
42 78 4 10
42 80 9 3
42 81 2 7
42 82 5 2
42 83 4 5
42 84 8 5
42 85 2 4
42 86 1 9
42 88 3 2
42 89 9 7
42 90 4 10
42 91 2 3
42 92 5 3
42 93 2 3
42 94 2 3
42 97 9 5
42 99 4 8
42 100 5 9
43 44 3 1
43 46 8 3
43 47 2 2
43 48 9 3
43 49 8 10
43 50 6 3
43 51 2 8
43 53 10 10
43 55 3 3
43 56 6 3
43 57 10 1
43 59 7 9
43 60 5 4
43 62 3 8
43 64 2 2
43 65 5 3
43 67 8 1
43 68 4 1
43 69 5 5
43 70 6 3
43 71 2 7
43 72 5 4
43 73 4 3
43 74 10 7
43 75 5 3
43 76 1 7
43 77 7 9
43 80 9 1
43 82 10 3
43 83 1 7
43 84 9 3
43 85 10 5
43 86 9 5
43 87 2 9
43 88 10 7
43 89 10 5
43 90 2 2
43 91 6 7
43 92 1 9
43 93 7 7
43 94 2 7
43 95 10 4
43 96 9 7
43 98 2 10
43 99 4 4
43 100 5 4
44 45 10 9
44 46 10 9
44 47 1 1
44 48 4 2
44 49 5 9
44 50 6 3
44 51 7 7
44 52 1 5
44 53 1 9
44 55 6 3
44 57 2 8
44 59 10 4
44 60 8 10
44 61 4 1
44 62 5 6
44 63 5 2
44 64 4 2
44 65 6 5
44 66 6 5
44 67 7 6
44 68 7 6
44 69 9 2
44 70 6 7
44 71 6 1
44 73 3 7
44 74 3 7
44 75 2 2
44 76 5 1
44 77 10 8
44 78 6 6
44 79 8 5
44 80 7 7
44 81 2 5
44 82 8 3
44 83 1 2
44 84 6 1
44 85 1 9
44 86 6 1
44 87 7 2
44 88 7 6
44 89 4 5
44 90 3 2
44 91 3 9
44 92 6 4
44 93 4 8
44 94 4 1
44 96 6 8
44 100 8 5
45 46 2 2
45 47 5 1
45 48 4 5
45 50 3 10
45 51 8 5
45 52 10 1
45 53 2 5
45 54 10 6
45 56 3 6
45 58 7 3
45 59 7 1
45 60 8 3
45 61 5 5
45 63 6 6
45 64 2 8
45 66 7 2
45 67 6 10
45 68 6 9
45 69 5 10
45 70 1 5
45 72 9 2
45 73 6 6
45 75 5 4
45 77 1 6
45 78 6 6
45 79 1 2
45 80 9 2
45 81 10 6
45 83 9 4
45 84 7 9
45 85 7 3
45 86 10 10
45 87 3 2
45 88 10 5
45 90 1 8
45 91 9 7
45 92 5 7
45 93 7 2
45 95 1 2
45 96 9 8
45 97 4 3
45 99 3 5
45 100 7 9
46 48 7 7
46 49 10 10
46 50 10 7
46 51 9 4
46 52 1 9
46 55 2 8
46 56 8 3
46 57 6 4
46 58 9 2
46 59 3 5
46 60 9 3
46 61 1 1
46 62 2 2
46 63 10 2
46 64 2 9
46 65 3 6
46 66 8 6
46 67 2 3
46 69 2 2
46 70 6 7
46 72 8 3
46 73 6 7
46 74 10 2
46 75 7 10
46 76 3 2
46 77 1 5
46 78 2 8
46 79 6 4
46 80 3 9
46 81 5 6
46 82 4 3
46 83 8 5
46 85 7 3
46 86 7 9
46 87 8 1
46 88 8 8
46 89 6 3
46 90 3 8
46 91 6 9
46 93 1 6
46 95 7 3
46 96 10 3
46 97 5 7
46 98 9 4
46 99 2 5
46 100 4 3
47 48 8 9
47 51 7 10
47 53 8 10
47 54 6 6
47 55 8 7
47 56 8 9
47 57 5 7
47 58 3 7
47 59 4 2
47 60 10 5
47 61 4 9
47 62 4 4
47 63 9 2
47 64 1 6
47 65 6 4
47 66 1 1
47 67 3 3
47 68 9 1
47 69 8 6
47 70 7 2
47 71 5 9
47 72 4 9
47 74 3 3
47 75 10 4
47 76 4 5
47 77 10 1
47 78 1 6
47 79 1 3
47 80 8 5
47 81 10 7
47 82 10 8
47 83 2 6
47 85 1 8
47 87 5 3
47 88 2 5
47 90 10 9
47 91 8 5
47 92 3 6
47 94 7 1
47 95 7 7
47 96 6 2
47 97 3 9
47 98 8 6
47 99 10 5
47 100 8 5
48 49 4 6
48 50 10 3
48 51 1 9
48 52 8 6
48 54 2 6
48 55 8 5
48 56 5 8
48 58 7 5
48 59 8 1
48 60 7 7
48 61 9 5
48 62 6 9
48 63 10 2
48 64 6 5
48 65 9 6
48 67 8 2
48 68 2 5
48 69 2 9
48 70 7 2
48 71 6 10
48 72 4 1
48 73 9 6
48 74 10 8
48 75 5 6
48 76 2 3
48 77 8 2
48 78 1 4
48 79 8 8
48 80 5 4
48 82 8 7
48 84 6 7
48 85 7 6
48 87 4 10
48 88 4 3
48 89 1 8
48 90 7 2
48 91 8 9
48 92 3 7
48 93 4 1
48 94 3 6
48 95 3 4
48 96 8 1
48 97 3 6
48 99 9 3
48 100 7 7
49 51 10 6
49 52 10 8
49 53 9 7
49 55 9 9
49 56 1 1
49 58 8 5
49 60 5 5
49 61 8 9
49 62 4 7
49 64 7 4
49 65 9 10
49 66 3 4
49 67 3 6
49 69 10 8
49 70 1 9
49 71 8 4
49 73 4 10
49 74 9 8
49 75 1 6
49 76 8 4
49 77 2 3
49 78 6 4
49 79 9 2
49 80 6 4
49 81 6 1
49 82 6 5
49 83 4 5
49 84 10 9
49 86 2 10
49 87 9 6
49 88 7 1
49 89 7 9
49 90 6 7
49 92 4 5
49 93 9 5
49 94 2 9
49 95 4 10
49 97 9 8
49 98 5 6
49 99 10 3
49 100 6 5
50 51 9 6
50 53 8 8
50 54 8 7
50 56 5 9
50 57 3 10
50 58 7 3
50 59 3 7
50 60 10 9
50 62 9 2
50 63 3 2
50 64 10 5
50 66 3 6
50 67 2 3
50 68 7 9
50 70 4 2
50 72 1 10
50 73 6 10
50 74 1 3
50 75 8 10
50 76 8 8
50 77 1 8
50 78 5 2
50 79 7 7
50 80 2 5
50 81 3 8
50 82 7 7
50 83 1 2
50 84 5 2
50 85 4 2
50 86 4 7
50 89 6 3
50 90 1 2
50 91 6 3
50 92 1 5
50 93 3 5
50 95 6 5
50 96 5 4
50 97 3 7
50 99 2 1
50 100 5 7
51 54 6 7
51 55 7 4
51 56 9 8
51 57 2 6
51 58 2 7
51 59 4 4
51 60 1 4
51 61 8 7
51 62 7 2
51 63 9 5
51 64 10 9
51 66 7 7
51 68 2 10
51 69 1 2
51 72 5 8
51 74 9 7
51 75 5 2
51 78 4 3
51 79 7 9
51 80 7 1
51 82 8 10
51 84 8 6
51 85 5 6
51 88 1 9
51 89 8 2
51 90 6 4
51 91 3 2
51 92 4 1
51 94 2 6
51 96 1 7
51 97 2 7
51 98 8 1
51 99 2 4
51 100 6 5
52 53 8 7
52 54 3 4
52 55 1 4
52 57 9 8
52 58 9 4
52 59 4 7
52 61 3 3
52 62 9 10
52 63 9 4
52 66 8 6
52 67 9 2
52 68 9 6
52 70 8 1
52 71 6 6
52 73 8 5
52 74 6 1
52 75 7 1
52 76 3 7
52 77 5 6
52 79 9 4
52 81 7 6
52 82 4 3
52 83 3 4
52 84 9 6
52 85 6 1
52 86 6 3
52 88 3 3
52 89 4 1
52 90 10 2
52 91 1 3
52 92 10 5
52 93 6 6
52 94 2 10
52 97 3 4
52 98 4 10
52 100 5 10
53 54 10 2
53 55 1 3
53 56 5 7
53 57 3 10
53 58 1 5
53 59 4 6
53 60 1 7
53 61 1 7
53 62 7 2
53 63 7 8
53 64 1 8
53 66 8 2
53 67 1 1
53 68 6 5
53 69 9 2
53 70 10 4
53 71 9 4
53 72 3 9
53 73 1 7
53 74 8 6
53 75 8 6
53 76 4 5
53 77 5 5
53 78 10 10
53 79 1 5
53 80 4 3
53 81 7 8
53 82 1 5
53 83 1 4
53 84 8 9
53 85 5 10
53 86 9 3
53 88 3 1
53 91 6 6
53 92 8 7
53 94 5 6
53 95 4 7
53 96 6 3
53 97 5 3
53 98 8 6
53 100 8 3
54 57 2 8
54 58 4 8
54 59 2 2
54 60 10 6
54 61 5 2
54 62 3 2
54 63 9 9
54 64 1 1
54 65 9 7
54 67 8 1
54 68 6 7
54 69 1 5
54 70 6 8
54 71 6 2
54 72 1 1
54 73 6 4
54 75 9 3
54 77 7 1
54 78 4 2
54 79 2 10
54 80 2 9
54 81 7 3
54 82 3 5
54 85 4 7
54 87 3 1
54 88 8 4
54 89 4 9
54 90 9 9
54 91 5 10
54 92 3 5
54 94 1 8
54 95 3 4
54 97 10 9
54 98 3 5
54 99 2 5
54 100 5 3
55 56 7 2
55 57 6 10
55 59 1 2
55 60 8 7
55 61 4 7
55 65 7 5
55 66 9 5
55 67 4 4
55 68 8 9
55 69 9 4
55 70 4 4
55 72 10 7
55 73 4 10
55 74 8 9
55 75 3 4
55 76 4 10
55 77 3 8
55 78 8 2
55 79 5 4
55 80 5 6
55 82 1 7
55 83 1 7
55 86 5 4
55 88 10 3
55 89 7 2
55 91 9 3
55 92 10 5
55 93 3 1
55 94 10 9
55 95 7 1
55 96 9 5
55 98 9 1
55 99 6 10
55 100 4 4
56 57 4 3
56 58 7 5
56 59 5 4
56 61 6 3
56 63 6 7
56 64 10 9
56 65 2 1
56 66 9 4
56 67 2 3
56 68 6 8
56 69 5 5
56 70 7 10
56 71 10 5
56 72 2 1
56 73 10 5
56 74 4 2
56 75 6 9
56 76 7 3
56 77 2 10
56 78 6 5
56 81 3 10
56 84 2 1
56 85 5 6
56 86 1 4
56 87 1 1
56 88 8 4
56 89 10 10
56 90 9 9
56 91 6 2
56 92 7 9
56 93 3 3
56 94 6 10
56 95 6 1
56 96 8 8
56 97 8 2
56 98 5 2
56 99 10 10
57 59 9 4
57 60 8 6
57 61 7 6
57 64 6 6
57 66 2 3
57 67 6 6
57 68 6 10
57 70 8 10
57 71 4 1
57 72 2 5
57 73 1 3
57 74 3 1
57 76 8 5
57 77 9 6
57 78 5 1
57 79 5 7
57 80 5 1
57 81 5 2
57 82 4 2
57 83 10 6
57 84 6 1
57 86 4 4
57 87 6 1
57 88 6 3
57 90 8 9
57 91 4 9
57 92 2 10
57 93 5 8
57 94 4 7
57 95 4 10
57 97 10 2
57 98 6 4
57 99 10 4
58 59 7 1
58 60 9 9
58 62 8 8
58 65 5 9
58 67 2 10
58 68 9 4
58 69 7 3
58 70 5 2
58 72 8 4
58 73 5 8
58 75 6 5
58 76 8 2
58 77 5 9
58 78 3 4
58 83 4 3
58 84 2 1
58 85 6 10
58 86 6 9
58 88 8 7
58 89 6 2
58 90 7 2
58 91 6 4
58 93 8 10
58 94 6 1
58 96 3 5
58 98 6 9
58 99 1 9
59 60 8 5
59 61 5 2
59 63 9 6
59 64 6 10
59 65 5 7
59 67 3 2
59 68 5 3
59 69 7 10
59 71 5 5
59 72 6 5
59 73 8 3
59 74 3 9
59 75 7 8
59 77 9 7
59 78 2 6
59 79 8 1
59 80 8 10
59 81 5 2
59 84 5 6
59 85 8 5
59 86 9 8
59 87 2 3
59 89 1 9
59 90 1 7
59 91 5 5
59 93 2 4
59 94 10 7
59 95 3 7
59 97 5 10
59 98 3 2
59 99 6 4
59 100 7 7
60 61 5 8
60 63 5 8
60 65 7 1
60 66 3 6
60 68 10 3
60 69 3 7
60 70 2 7
60 71 6 5
60 72 7 2
60 73 1 5
60 74 10 9
60 75 3 1
60 76 2 8
60 77 9 7
60 78 4 9
60 79 4 10
60 80 3 5
60 81 4 8
60 83 3 7
60 84 4 7
60 85 4 6
60 86 6 8
60 87 5 8
60 88 2 1
60 89 4 10
60 90 4 3
60 93 7 6
60 94 7 1
60 95 8 2
60 96 8 7
60 97 6 9
60 99 8 9
60 100 9 10
61 62 7 2
61 63 9 4
61 64 3 5
61 65 2 3
61 67 7 8
61 69 3 6
61 70 3 6
61 71 1 7
61 72 6 4
61 73 10 10
61 74 4 9
61 75 2 1
61 76 9 1
61 77 4 1
61 78 10 9
61 79 8 6
61 81 4 3
61 82 4 5
61 83 3 9
61 84 8 1
61 85 6 3
61 86 3 3
61 88 1 4
61 90 3 7
61 91 6 2
61 92 2 2
61 93 2 9
61 94 5 1
61 97 2 6
61 98 3 6
61 99 9 9
61 100 4 10
62 63 7 7
62 64 3 6
62 65 9 4
62 66 7 7
62 67 6 10
62 68 9 1
62 69 2 1
62 71 3 2
62 74 10 8
62 76 6 7
62 77 2 8
62 78 4 4
62 79 8 8
62 80 5 4
62 81 9 7
62 83 2 7
62 84 1 1
62 86 10 3
62 88 3 3
62 90 2 7
62 91 2 4
62 93 5 5
62 94 7 5
62 96 4 6
62 97 10 1
62 98 8 4
62 99 1 6
62 100 9 1
63 64 2 4
63 65 7 9
63 66 4 6
63 68 1 2
63 71 10 5
63 72 3 5
63 73 2 5
63 75 5 5
63 76 4 6
63 77 5 9
63 78 9 9
63 79 2 9
63 80 2 1
63 81 7 4
63 82 10 6
63 83 3 6
63 87 2 6
63 89 5 1
63 91 3 8
63 92 4 4
63 93 10 7
63 94 4 10
63 95 10 8
63 97 9 8
63 98 3 5
63 99 5 4
63 100 1 3
64 65 3 1
64 66 6 4
64 68 4 5
64 70 6 1
64 71 5 8
64 72 1 7
64 73 6 10
64 74 9 7
64 75 3 4
64 77 7 6
64 78 9 10
64 79 9 5
64 80 2 5
64 81 5 1
64 83 10 7
64 84 1 8
64 85 1 5
64 86 10 9
64 87 3 5
64 88 5 7
64 89 4 5
64 90 7 4
64 91 7 10
64 92 8 2
64 94 7 5
64 95 5 5
64 96 2 1
64 97 2 8
64 98 9 7
64 100 9 9
65 66 5 3
65 67 7 7
65 68 3 2
65 69 4 10
65 70 6 5
65 71 3 2
65 73 6 2
65 74 4 3
65 75 4 9
65 77 4 7
65 79 2 8
65 80 6 8
65 81 8 10
65 82 4 2
65 83 1 2
65 84 9 9
65 87 2 3
65 89 8 4
65 90 1 7
65 92 6 9
65 93 6 10
65 94 6 9
65 95 9 10
65 96 8 6
65 97 7 5
65 98 8 9
65 99 6 3
65 100 7 2
66 67 9 1
66 68 10 9
66 70 6 10
66 72 5 7
66 73 3 8
66 74 4 6
66 75 8 8
66 77 5 8
66 78 6 4
66 79 8 8
66 80 3 10
66 81 7 7
66 82 7 9
66 83 4 5
66 84 5 4
66 85 6 5
66 86 10 9
66 87 8 3
66 88 3 1
66 89 8 5
66 90 5 1
66 91 1 10
66 92 2 8
66 93 7 2
66 94 4 4
66 95 4 4
66 96 1 9
66 97 3 6
66 98 3 10
67 68 9 2
67 69 5 8
67 70 3 2
67 71 2 8
67 72 7 3
67 73 1 7
67 75 1 4
67 76 1 6
67 77 10 2
67 78 3 7
67 79 9 8
67 80 2 10
67 83 9 10
67 85 9 6
67 86 2 4
67 90 7 10
67 91 7 8
67 92 9 3
67 93 6 3
67 94 1 2
67 96 3 3
67 97 5 7
67 98 5 3
67 100 8 1
68 70 10 6
68 71 4 1
68 72 10 6
68 73 8 5
68 74 5 4
68 75 5 1
68 76 7 4
68 77 6 8
68 78 4 3
68 79 10 8
68 80 3 3
68 81 2 6
68 83 9 3
68 84 5 3
68 85 4 6
68 87 5 5
68 89 8 2
68 90 8 2
68 92 8 6
68 93 10 6
68 95 4 3
68 96 3 9
68 97 9 8
68 98 1 8
68 99 3 1
68 100 1 5
69 70 8 9
69 71 1 2
69 73 10 10
69 74 2 7
69 75 6 7
69 76 3 6
69 77 8 2
69 78 9 10
69 79 7 5
69 80 6 8
69 81 2 1
69 83 3 10
69 84 7 8
69 85 1 3
69 86 8 1
69 88 1 8
69 89 4 5
69 90 2 1
69 92 9 5
69 94 8 5
69 95 7 3
69 96 5 5
69 97 8 9
69 98 10 7
69 99 10 5
70 71 4 9
70 72 9 5
70 76 2 7
70 77 10 7
70 78 3 7
70 79 10 5
70 81 10 5
70 82 8 2
70 83 6 5
70 84 10 5
70 85 6 7
70 87 4 8
70 88 6 9
70 89 1 2
70 90 2 9
70 91 3 9
70 92 8 8
70 94 3 7
70 95 5 9
70 96 9 4
70 97 10 2
70 98 8 5
70 100 2 7
71 72 10 8
71 73 2 1
71 74 7 1
71 76 4 2
71 77 2 10
71 78 7 1
71 82 8 5
71 83 9 5
71 84 1 5
71 85 8 6
71 86 8 5
71 87 3 6
71 89 5 5
71 90 4 9
71 91 9 5
71 92 8 6
71 93 4 8
71 96 3 5
71 97 9 5
71 99 8 4
71 100 1 2
72 73 8 3
72 74 8 8
72 75 2 8
72 76 7 3
72 78 6 3
72 79 1 9
72 80 1 5
72 81 9 9
72 82 8 9
72 84 2 10
72 85 4 6
72 86 3 8
72 89 6 1
72 90 2 4
72 91 6 9
72 92 9 10
72 93 10 10
72 95 4 4
72 96 2 4
72 97 9 5
72 98 6 8
72 99 9 7
72 100 8 9
73 74 10 10
73 75 10 6
73 76 10 1
73 77 9 3
73 78 10 9
73 79 5 3
73 83 5 4
73 84 6 4
73 85 2 7
73 86 4 10
73 87 6 8
73 88 4 2
73 89 9 1
73 90 1 5
73 92 1 9
73 93 3 6
73 94 4 2
73 96 2 8
73 97 7 9
73 98 1 9
73 100 6 9
74 75 4 1
74 76 4 4
74 79 3 3
74 80 3 3
74 81 2 8
74 82 3 7
74 83 4 6
74 84 5 1
74 85 7 6
74 86 1 8
74 87 9 5
74 88 2 5
74 90 5 5
74 91 10 9
74 93 2 9
74 95 1 10
74 96 7 1
74 97 5 5
74 98 7 1
74 100 9 4
75 76 2 1
75 77 10 3
75 78 10 5
75 81 6 8
75 82 10 6
75 84 8 9
75 85 10 6
75 86 4 7
75 87 2 7
75 88 1 10
75 91 6 1
75 93 5 1
75 94 3 9
75 95 7 8
75 97 8 3
75 98 2 9
75 99 5 10
76 78 9 6
76 80 3 2
76 81 9 10
76 82 10 8
76 84 3 3
76 86 5 1
76 87 9 1
76 88 10 7
76 90 4 9
76 92 7 2
76 93 7 10
76 94 9 9
76 95 3 6
76 96 3 3
76 97 1 1
76 98 4 9
76 99 10 6
76 100 6 2
77 80 9 8
77 81 3 5
77 82 6 7
77 83 9 7
77 84 2 1
77 85 8 8
77 86 1 9
77 87 7 1
77 89 5 9
77 90 5 9
77 91 4 5
77 92 10 9
77 96 3 7
77 97 2 9
77 99 10 3
77 100 2 7
78 79 9 2
78 80 8 6
78 81 4 1
78 82 7 7
78 83 7 6
78 84 8 6
78 85 9 4
78 86 10 5
78 87 10 5
78 88 5 7
78 90 2 1
78 93 2 2
78 94 7 2
78 95 3 5
78 96 9 3
78 98 3 10
78 99 5 8
78 100 4 7
79 80 8 2
79 81 8 10
79 82 9 9
79 83 9 7
79 85 6 8
79 87 8 10
79 89 5 1
79 90 7 7
79 91 2 6
79 92 5 7
79 94 2 5
79 95 8 9
79 96 3 3
79 97 2 6
79 98 4 10
79 100 2 5
80 81 5 4
80 82 1 4
80 83 6 9
80 85 6 1
80 86 1 10
80 87 3 1
80 88 10 8
80 90 10 2
80 91 8 8
80 93 2 3
80 94 8 1
80 97 3 2
80 99 6 5
80 100 3 5
81 82 5 10
81 83 8 3
81 86 2 4
81 87 8 4
81 88 9 3
81 89 8 8
81 91 9 10
81 92 7 1
81 93 4 4
81 94 2 2
81 95 7 5
81 97 6 2
81 98 8 4
81 99 7 1
81 100 3 2
82 83 5 4
82 84 10 3
82 86 2 2
82 87 10 10
82 90 2 1
82 91 3 6
82 92 2 6
82 94 9 10
82 96 3 6
82 97 1 7
82 98 8 5
82 99 7 2
82 100 9 6
83 84 10 5
83 85 7 7
83 86 9 2
83 87 1 9
83 88 9 1
83 90 10 1
83 91 4 4
83 92 8 8
83 93 9 1
83 95 8 10
83 97 1 7
83 99 5 6
83 100 8 2
84 85 4 1
84 87 8 4
84 88 10 1
84 91 7 5
84 92 3 6
84 93 1 1
84 94 4 1
84 95 9 3
84 96 3 10
84 98 5 1
85 86 1 1
85 87 1 5
85 89 1 6
85 91 4 3
85 93 1 7
85 94 1 1
85 95 9 2
85 96 6 9
85 97 5 10
85 98 4 4
85 99 3 6
86 87 3 10
86 88 7 6
86 89 7 10
86 90 2 4
86 91 8 7
86 92 7 7
86 93 2 8
86 94 2 8
86 95 9 8
86 96 4 7
86 97 4 5
86 98 8 3
86 100 9 4
87 88 10 9
87 89 5 10
87 90 10 5
87 91 7 5
87 92 7 10
87 94 3 4
87 95 6 7
87 97 4 10
87 98 5 2
87 99 7 5
88 90 6 1
88 92 9 8
88 93 7 8
88 94 1 8
88 95 3 7
88 97 2 2
88 98 7 10
88 100 9 2
89 90 8 4
89 91 5 2
89 92 7 2
89 93 9 7
89 94 4 8
89 97 7 10
89 99 8 6
89 100 4 10
90 91 8 6
90 92 3 4
90 93 6 4
90 94 3 5
90 97 2 8
90 98 4 6
90 99 6 8
90 100 5 1
91 93 5 1
91 95 4 2
91 96 4 3
91 97 2 10
91 98 3 7
91 99 10 4
91 100 8 6
92 93 7 9
92 94 3 3
92 95 5 7
92 96 1 6
92 97 7 8
92 99 8 10
92 100 2 10
93 94 8 9
93 95 4 7
93 96 1 7
93 97 9 2
93 98 5 10
93 99 5 8
93 100 9 5
94 95 7 1
94 96 1 7
94 97 10 3
94 98 9 1
94 100 3 10
95 96 9 9
95 97 5 7
95 99 2 6
95 100 5 5
96 99 6 10
97 98 1 5
97 99 5 5
97 100 9 10
98 99 10 6
98 100 4 1
99 100 2 6
1
1 2 3 4 5 6 7 8 9 10 11 12 13 14 15 16 17 18 19 20 21 22 23 24 25 26 27 28 29 30 31 32 33 34 35 36 37 38 39 40 41 42 43 44 45 46 47 48 49 50
