3950
1 2 5 3
1 3 10 3
1 4 2 4
1 5 9 8
1 7 5 9
1 9 2 8
1 10 4 8
1 11 6 3
1 12 8 3
1 13 6 1
1 14 1 4
1 15 4 4
1 16 7 6
1 17 9 6
1 18 6 1
1 20 3 4
1 21 10 3
1 22 5 6
1 24 7 2
1 25 6 6
1 26 7 4
1 27 4 9
1 28 4 10
1 29 6 10
1 30 7 4
1 31 7 6
1 32 1 1
1 33 5 4
1 34 10 9
1 35 3 5
1 36 6 3
1 37 10 5
1 38 2 8
1 39 10 9
1 40 2 3
1 41 10 7
1 42 9 7
1 44 2 6
1 45 8 2
1 46 3 4
1 48 8 3
1 49 9 6
1 51 2 10
1 52 6 9
1 54 6 8
1 55 1 4
1 56 8 5
1 58 3 5
1 60 8 8
1 61 4 1
1 62 7 2
1 63 6 1
1 64 6 7
1 65 3 4
1 66 1 4
1 67 8 1
1 68 10 1
1 69 5 4
1 70 8 1
1 72 7 5
1 73 8 4
1 74 9 8
1 75 8 10
1 76 4 3
1 77 7 8
1 78 1 7
1 79 4 7
1 80 2 3
1 81 7 2
1 83 8 4
1 84 2 8
1 85 9 10
1 86 5 4
1 87 9 8
1 88 8 1
1 89 4 5
1 90 2 10
1 91 6 6
1 93 1 7
1 94 4 6
1 97 8 9
1 98 5 9
1 99 6 5
1 100 6 9
2 3 4 1
2 4 10 10
2 5 7 6
2 6 7 7
2 7 4 10
2 8 7 7
2 9 8 4
2 10 10 1
2 11 2 1
2 12 7 4
2 14 9 3
2 15 2 8
2 16 5 1
2 17 1 6
2 18 6 4
2 19 10 9
2 20 7 10
2 21 7 4
2 22 3 6
2 23 7 10
2 25 10 7
2 26 10 8
2 27 5 4
2 28 2 7
2 29 1 10
2 30 4 7
2 31 5 4
2 32 10 8
2 33 10 2
2 34 7 1
2 35 9 9
2 36 10 2
2 37 1 10
2 38 2 3
2 39 6 5
2 44 9 10
2 45 10 5
2 46 5 6
2 47 10 5
2 48 4 9
2 49 7 10
2 50 7 7
2 51 2 6
2 52 6 7
2 53 3 2
2 54 7 1
2 56 5 3
2 58 8 8
2 60 9 10
2 61 8 8
2 63 4 9
2 66 6 5
2 67 7 10
2 70 6 8
2 71 8 9
2 72 2 6
2 73 8 9
2 74 8 1
2 75 7 1
2 77 4 4
2 78 9 7
2 79 4 10
2 80 2 1
2 81 6 6
2 84 3 9
2 85 3 6
2 86 3 3
2 87 3 5
2 88 10 9
2 89 9 8
2 90 3 5
2 91 4 9
2 92 10 2
2 93 8 6
2 94 3 7
2 95 3 10
2 97 2 2
2 99 8 5
2 100 1 7
3 4 1 9
3 5 6 9
3 6 10 7
3 9 5 3
3 10 3 6
3 12 8 7
3 13 7 9
3 14 7 1
3 15 8 8
3 16 6 10
3 17 7 10
3 18 8 9
3 19 2 8
3 22 8 6
3 23 7 2
3 25 8 5
3 26 10 4
3 27 2 2
3 29 4 1
3 30 10 2
3 31 9 2
3 32 10 6
3 34 3 1
3 35 1 10
3 36 8 5
3 37 6 1
3 38 2 7
3 39 3 4
3 40 9 7
3 41 2 3
3 42 3 9
3 43 2 4
3 46 7 7
3 47 3 6
3 48 10 5
3 49 10 5
3 50 1 6
3 51 3 3
3 53 1 10
3 54 1 9
3 55 1 4
3 56 4 9
3 57 9 10
3 58 4 2
3 59 3 4
3 60 6 1
3 62 6 5
3 63 10 9
3 64 2 7
3 66 3 3
3 67 3 10
3 69 9 8
3 70 1 2
3 71 7 5
3 72 7 5
3 74 10 9
3 76 2 5
3 77 6 8
3 78 7 1
3 79 2 3
3 80 2 8
3 81 5 9
3 82 8 1
3 83 6 1
3 84 10 3
3 86 10 2
3 87 3 1
3 88 9 3
3 89 3 10
3 90 1 10
3 91 2 5
3 92 2 8
3 93 4 2
3 94 7 1
3 95 4 8
3 96 4 8
3 97 4 5
3 99 1 10
3 100 9 3
4 5 10 4
4 6 4 2
4 7 10 2
4 9 8 1
4 10 2 6
4 11 2 3
4 12 10 1
4 14 5 7
4 15 10 2
4 16 3 2
4 17 1 10
4 18 5 1
4 19 1 8
4 21 1 8
4 22 4 10
4 23 4 2
4 24 9 6
4 25 1 4
4 26 10 3
4 27 1 5
4 28 2 3
4 30 3 3
4 31 10 10
4 32 7 4
4 34 9 10
4 36 1 10
4 37 3 7
4 38 5 8
4 40 4 10
4 41 6 9
4 43 1 1
4 44 6 9
4 45 5 5
4 47 5 8
4 48 8 10
4 49 3 3
4 50 4 7
4 51 1 10
4 52 1 1
4 53 8 8
4 55 7 7
4 56 4 10
4 58 1 9
4 59 4 7
4 60 3 5
4 62 4 1
4 63 4 8
4 64 3 2
4 66 9 4
4 67 8 4
4 68 6 8
4 69 2 2
4 70 2 5
4 71 2 2
4 72 1 3
4 73 7 7
4 74 6 6
4 75 2 5
4 76 5 9
4 77 2 1
4 78 2 8
4 79 10 1
4 80 4 10
4 81 6 4
4 82 3 1
4 83 1 3
4 85 1 1
4 86 10 9
4 89 3 10
4 90 10 6
4 91 9 8
4 92 8 9
4 93 7 7
4 95 4 3
4 98 8 9
4 99 10 8
4 100 5 1
5 6 2 4
5 8 9 3
5 9 4 10
5 10 3 6
5 11 7 8
5 13 10 9
5 14 3 1
5 15 8 4
5 16 4 5
5 17 5 5
5 18 10 10
5 20 10 7
5 21 8 2
5 22 10 7
5 23 7 4
5 24 4 9
5 25 3 6
5 26 7 8
5 27 4 6
5 28 6 10
5 29 9 10
5 30 5 9
5 31 8 10
5 32 4 6
5 33 4 10
5 34 2 10
5 35 5 1
5 36 5 6
5 37 2 6
5 38 3 10
5 39 6 6
5 41 2 9
5 42 6 10
5 43 7 2
5 44 8 2
5 45 9 2
5 47 1 1
5 48 9 6
5 49 4 4
5 50 1 8
5 51 8 2
5 52 9 7
5 53 9 4
5 54 9 10
5 55 4 3
5 56 3 8
5 58 1 7
5 59 7 4
5 60 8 2
5 61 2 4
5 62 2 10
5 63 1 3
5 64 4 3
5 66 9 7
5 68 8 9
5 70 8 4
5 71 2 4
5 72 2 6
5 73 6 2
5 74 8 2
5 76 4 8
5 77 10 9
5 78 7 6
5 79 3 2
5 80 8 10
5 81 4 1
5 82 4 6
5 84 7 6
5 85 2 3
5 88 5 9
5 89 10 4
5 90 10 3
5 91 6 6
5 92 6 5
5 93 5 5
5 94 3 1
5 95 8 8
5 97 9 2
5 98 2 4
5 99 5 8
5 100 9 7
6 7 10 8
6 8 4 7
6 9 1 1
6 11 7 8
6 12 5 2
6 13 7 10
6 14 1 7
6 16 8 10
6 17 9 1
6 18 8 3
6 19 8 1
6 20 5 9
6 24 5 8
6 26 1 5
6 27 9 2
6 29 3 6
6 30 9 2
6 31 4 6
6 35 9 9
6 36 6 6
6 37 3 8
6 38 4 6
6 39 1 3
6 43 8 6
6 44 8 10
6 46 8 4
6 48 3 6
6 49 7 6
6 50 1 3
6 51 7 1
6 52 2 9
6 53 4 10
6 54 6 6
6 55 2 10
6 56 8 3
6 57 8 6
6 58 10 4
6 59 9 5
6 60 4 3
6 61 4 10
6 62 4 4
6 63 7 7
6 64 4 7
6 67 10 8
6 69 6 5
6 70 7 3
6 71 8 7
6 72 2 9
6 73 1 8
6 74 2 2
6 75 8 1
6 76 2 8
6 77 2 7
6 78 8 2
6 79 9 5
6 80 10 5
6 81 5 8
6 82 6 9
6 83 3 3
6 84 8 8
6 86 2 8
6 87 8 9
6 88 2 7
6 89 1 9
6 91 2 5
6 93 5 5
6 95 10 10
6 96 8 2
6 99 3 1
6 100 3 6
7 8 6 8
7 9 4 5
7 10 5 7
7 11 6 8
7 12 9 3
7 14 1 6
7 15 1 3
7 16 5 4
7 17 7 7
7 18 1 7
7 19 5 6
7 20 6 5
7 22 7 8
7 23 5 8
7 24 9 9
7 26 7 8
7 27 9 5
7 28 10 5
7 29 4 3
7 30 5 6
7 31 4 1
7 32 10 5
7 33 6 7
7 34 2 9
7 35 2 2
7 36 10 5
7 37 2 5
7 38 9 5
7 41 6 9
7 42 8 7
7 43 1 3
7 44 4 10
7 45 8 9
7 46 6 2
7 47 1 1
7 48 3 10
7 49 3 6
7 51 10 7
7 52 2 8
7 53 5 8
7 54 1 3
7 55 6 1
7 56 3 5
7 58 4 5
7 59 3 3
7 60 6 9
7 61 4 2
7 62 1 10
7 64 4 2
7 65 8 6
7 66 10 7
7 67 4 9
7 68 5 2
7 70 4 9
7 71 6 3
7 72 7 1
7 73 6 3
7 74 1 1
7 75 7 10
7 76 1 9
7 77 6 3
7 78 7 8
7 79 1 10
7 80 3 10
7 81 7 1
7 82 1 10
7 83 2 6
7 84 1 6
7 85 7 7
7 86 1 8
7 88 10 1
7 90 7 2
7 91 3 1
7 94 9 9
7 97 7 2
7 98 4 4
7 99 6 6
7 100 4 5
8 9 10 6
8 12 4 2
8 13 5 3
8 15 5 9
8 16 3 8
8 18 2 3
8 19 9 5
8 22 8 4
8 23 5 3
8 24 10 9
8 25 1 1
8 26 8 4
8 27 9 1
8 28 4 4
8 30 1 7
8 31 10 7
8 33 2 8
8 35 9 7
8 36 5 9
8 37 4 2
8 38 5 7
8 39 2 10
8 42 6 1
8 43 5 7
8 44 8 5
8 45 5 2
8 47 9 2
8 48 8 10
8 49 5 10
8 50 8 6
8 51 6 1
8 52 1 6
8 53 1 6
8 54 1 5
8 55 2 3
8 57 7 7
8 58 4 3
8 60 10 5
8 61 8 8
8 63 9 7
8 64 9 7
8 65 1 3
8 66 8 3
8 67 9 9
8 69 9 4
8 70 8 4
8 71 4 4
8 72 9 4
8 73 6 1
8 74 3 5
8 75 1 2
8 76 4 9
8 77 3 7
8 78 8 9
8 81 4 8
8 82 9 4
8 83 8 2
8 84 1 2
8 85 5 3
8 86 9 9
8 87 7 1
8 88 3 4
8 89 6 1
8 90 6 7
8 92 5 5
8 93 6 2
8 94 4 4
8 96 6 4
8 97 3 2
8 98 1 1
8 100 7 10
9 10 6 6
9 11 9 8
9 13 5 4
9 15 9 5
9 16 10 4
9 18 7 7
9 19 10 5
9 20 4 2
9 21 4 3
9 22 10 6
9 23 7 10
9 24 10 2
9 26 2 3
9 27 2 3
9 28 6 3
9 29 8 4
9 30 1 10
9 31 6 1
9 32 2 4
9 33 5 2
9 34 7 3
9 36 8 1
9 37 2 4
9 39 7 9
9 41 8 9
9 42 10 1
9 44 8 5
9 45 9 3
9 46 2 4
9 47 6 3
9 52 4 10
9 53 10 2
9 54 9 7
9 55 6 1
9 56 1 1
9 57 3 8
9 58 6 8
9 59 6 1
9 61 4 8
9 62 10 6
9 63 7 5
9 64 3 6
9 65 3 2
9 66 2 9
9 68 2 5
9 69 1 3
9 70 9 6
9 71 9 8
9 72 2 4
9 73 1 4
9 74 5 9
9 76 8 9
9 77 9 5
9 78 2 3
9 81 9 6
9 82 1 1
9 83 1 3
9 84 8 8
9 85 6 8
9 86 2 6
9 87 4 9
9 88 3 4
9 89 6 9
9 90 9 5
9 91 2 5
9 92 2 10
9 93 4 5
9 94 10 9
9 95 5 10
9 97 10 6
9 98 1 9
9 99 8 2
9 100 8 6
10 12 8 1
10 13 5 5
10 14 9 6
10 15 7 1
10 17 2 5
10 18 4 2
10 19 1 8
10 20 5 10
10 21 8 5
10 22 8 6
10 23 10 1
10 24 8 1
10 25 7 2
10 26 4 1
10 28 7 10
10 29 5 10
10 30 7 2
10 31 7 3
10 32 10 7
10 34 7 10
10 35 4 6
10 36 3 3
10 37 2 1
10 38 8 4
10 39 6 4
10 40 1 6
10 41 5 2
10 42 3 5
10 44 4 10
10 45 5 8
10 46 9 1
10 47 3 8
10 48 9 7
10 49 10 6
10 50 4 7
10 51 8 10
10 52 6 7
10 53 4 6
10 54 5 4
10 55 2 2
10 56 2 10
10 58 8 9
10 59 5 10
10 60 5 3
10 61 6 3
10 65 8 3
10 66 8 9
10 67 1 5
10 70 7 8
10 72 4 7
10 73 7 3
10 74 3 6
10 75 8 1
10 76 4 8
10 77 10 5
10 78 6 7
10 79 6 3
10 80 9 10
10 82 5 1
10 83 3 7
10 84 4 2
10 85 7 8
10 86 9 2
10 88 10 4
10 89 5 1
10 90 2 5
10 91 5 9
10 92 9 10
10 95 10 6
10 96 9 10
10 97 7 3
10 98 10 1
10 99 7 8
11 12 10 3
11 13 6 5
11 14 4 2
11 15 10 7
11 18 1 3
11 19 7 1
11 21 5 7
11 22 8 4
11 23 6 6
11 25 1 7
11 26 4 6
11 27 9 6
11 28 1 5
11 29 6 1
11 32 7 2
11 33 2 6
11 34 10 7
11 36 1 7
11 37 2 2
11 38 5 9
11 39 7 8
11 40 2 1
11 41 4 5
11 43 8 7
11 45 4 8
11 46 7 9
11 47 4 5
11 48 7 5
11 49 3 6
11 50 9 2
11 51 4 1
11 52 1 7
11 53 10 1
11 54 5 8
11 55 3 10
11 56 7 5
11 57 1 7
11 58 1 4
11 59 9 10
11 60 9 10
11 61 9 3
11 62 2 7
11 63 4 2
11 65 5 5
11 66 3 5
11 67 10 5
11 69 4 1
11 70 2 5
11 71 4 9
11 72 8 8
11 73 6 10
11 74 3 8
11 75 3 1
11 77 8 10
11 78 2 3
11 79 4 10
11 80 8 1
11 83 6 1
11 85 7 1
11 86 6 9
11 89 4 3
11 90 10 3
11 91 8 5
11 92 10 3
11 93 3 5
11 95 5 1
11 96 2 4
11 97 8 9
11 98 8 2
11 100 7 4
12 13 2 2
12 14 9 5
12 15 5 7
12 16 1 5
12 21 2 5
12 23 7 1
12 24 8 6
12 25 10 3
12 26 1 6
12 27 3 5
12 29 10 6
12 30 3 5
12 31 2 10
12 33 7 5
12 36 2 9
12 37 1 8
12 38 8 7
12 39 8 4
12 41 5 4
12 42 8 4
12 43 2 6
12 44 6 9
12 45 2 9
12 46 3 5
12 47 3 7
12 48 2 9
12 49 9 5
12 51 1 5
12 53 9 9
12 54 1 3
12 55 1 8
12 56 10 8
12 57 10 4
12 59 7 2
12 60 8 7
12 61 6 6
12 62 3 7
12 63 9 10
12 64 6 4
12 65 1 8
12 66 5 4
12 67 9 5
12 68 8 2
12 73 4 6
12 74 10 7
12 75 3 9
12 78 2 5
12 79 7 5
12 80 10 4
12 82 7 3
12 83 8 6
12 84 7 9
12 86 2 3
12 87 3 8
12 89 7 6
12 90 9 3
12 91 2 4
12 93 5 4
12 95 4 9
12 96 9 10
12 98 9 9
12 99 2 7
12 100 5 6
13 14 4 8
13 15 7 1
13 16 2 4
13 17 2 1
13 19 3 9
13 20 6 10
13 21 7 7
13 22 8 8
13 24 5 9
13 25 2 5
13 26 8 1
13 27 5 5
13 28 9 10
13 29 2 4
13 30 2 6
13 32 6 1
13 33 8 6
13 34 6 2
13 36 6 5
13 38 6 3
13 39 2 6
13 41 5 6
13 42 3 8
13 43 5 5
13 44 5 3
13 45 2 3
13 47 6 10
13 49 5 1
13 50 9 4
13 51 9 7
13 52 5 5
13 53 4 1
13 54 6 4
13 55 3 7
13 56 3 2
13 57 4 8
13 58 7 2
13 59 8 6
13 60 10 6
13 61 8 3
13 63 2 2
13 65 7 2
13 67 3 1
13 68 2 1
13 69 1 4
13 70 3 9
13 71 1 7
13 72 7 9
13 76 2 7
13 77 5 4
13 78 2 2
13 79 1 6
13 80 8 4
13 81 6 9
13 83 1 2
13 84 1 7
13 86 4 8
13 88 1 3
13 89 2 9
13 91 5 10
13 92 3 4
13 93 10 8
13 94 9 1
13 95 7 3
13 96 9 9
13 97 3 9
13 99 3 2
13 100 6 8
14 15 6 4
14 16 2 3
14 17 9 8
14 18 6 2
14 19 7 5
14 20 6 3
14 21 1 8
14 22 6 6
14 23 5 10
14 24 1 6
14 25 3 2
14 29 7 9
14 30 6 9
14 31 2 3
14 32 1 4
14 33 3 9
14 34 1 2
14 35 5 5
14 36 4 2
14 37 2 9
14 38 5 5
14 40 10 4
14 41 9 3
14 42 3 10
14 43 1 1
14 45 1 1
14 46 8 9
14 47 9 7
14 49 7 7
14 50 9 6
14 51 4 6
14 52 3 3
14 54 1 9
14 55 4 5
14 56 9 1
14 57 5 9
14 58 6 4
14 59 2 7
14 60 10 4
14 61 7 6
14 62 9 3
14 64 6 9
14 67 6 6
14 68 6 8
14 71 7 2
14 73 5 4
14 74 3 4
14 75 9 5
14 76 7 10
14 78 5 2
14 79 6 8
14 80 8 6
14 83 5 1
14 84 3 4
14 85 5 7
14 86 3 8
14 88 9 3
14 89 6 9
14 90 2 7
14 93 10 5
14 94 5 1
14 95 9 2
14 96 1 8
14 97 6 6
14 100 6 5
15 16 6 6
15 19 7 1
15 20 10 3
15 21 3 8
15 22 7 3
15 25 10 8
15 26 4 5
15 27 7 5
15 28 10 1
15 29 2 7
15 30 7 4
15 31 2 1
15 32 3 2
15 33 7 2
15 34 2 4
15 35 8 10
15 36 8 10
15 37 4 6
15 39 7 9
15 41 5 2
15 43 6 5
15 44 3 6
15 45 7 2
15 46 3 7
15 47 4 7
15 48 2 5
15 50 10 9
15 51 4 2
15 52 3 4
15 53 4 4
15 55 6 5
15 56 10 1
15 57 6 6
15 59 1 5
15 60 7 8
15 61 1 7
15 63 5 9
15 64 6 5
15 65 4 4
15 66 5 3
15 67 3 8
15 68 10 7
15 70 10 9
15 71 6 3
15 72 2 4
15 73 6 10
15 74 10 6
15 75 5 4
15 78 4 6
15 80 7 2
15 81 7 4
15 82 2 2
15 83 7 2
15 84 4 10
15 85 6 8
15 86 10 1
15 87 4 5
15 89 6 5
15 90 1 9
15 92 1 6
15 94 1 5
15 95 10 2
15 97 4 4
15 99 5 8
15 100 6 3
16 17 2 8
16 19 8 9
16 20 1 3
16 21 10 2
16 22 5 6
16 23 8 10
16 24 4 7
16 25 1 10
16 26 4 4
16 28 7 10
16 29 6 9
16 31 3 8
16 32 2 4
16 33 6 5
16 34 7 8
16 35 10 8
16 36 7 2
16 37 6 5
16 38 7 1
16 40 1 6
16 41 5 1
16 42 7 7
16 44 10 5
16 45 7 3
16 46 3 5
16 47 9 2
16 48 9 10
16 49 10 7
16 51 5 6
16 52 7 6
16 54 5 6
16 55 1 10
16 56 3 4
16 58 7 8
16 59 6 6
16 60 1 7
16 61 6 2
16 62 2 5
16 64 1 1
16 65 8 4
16 66 6 8
16 67 9 9
16 68 3 4
16 69 7 9
16 72 4 10
16 73 10 3
16 74 2 4
16 75 1 5
16 76 7 3
16 78 7 8
16 80 5 7
16 81 4 10
16 82 2 10
16 83 2 9
16 84 8 1
16 86 9 8
16 87 3 3
16 89 5 4
16 90 9 8
16 91 9 3
16 92 2 5
16 93 10 3
16 95 5 6
16 96 4 8
16 97 5 9
16 98 7 10
16 99 4 6
16 100 7 4
17 18 5 8
17 20 6 9
17 22 1 7
17 23 9 7
17 24 10 9
17 26 6 7
17 28 8 7
17 29 5 2
17 32 9 8
17 33 5 8
17 35 3 4
17 37 3 1
17 38 7 8
17 39 1 7
17 40 8 7
17 41 4 4
17 42 8 7
17 43 8 5
17 44 8 7
17 45 7 7
17 46 6 4
17 47 6 9
17 50 6 3
17 51 7 3
17 52 2 5
17 53 1 10
17 54 8 7
17 55 3 1
17 56 8 3
17 57 2 9
17 61 9 7
17 62 6 3
17 63 6 7
17 64 4 5
17 65 4 1
17 66 10 3
17 68 2 6
17 69 6 5
17 70 9 10
17 71 8 6
17 72 7 10
17 73 9 7
17 74 7 6
17 76 5 1
17 77 6 3
17 78 1 1
17 80 6 5
17 81 3 8
17 82 8 2
17 83 10 5
17 84 7 5
17 85 6 5
17 86 2 2
17 87 6 8
17 88 6 3
17 89 6 3
17 90 9 3
17 91 4 7
17 92 6 6
17 93 6 1
17 94 6 8
17 95 2 1
17 96 5 3
17 97 9 1
17 99 2 1
17 100 8 8
18 19 2 4
18 20 3 7
18 22 4 9
18 23 9 1
18 25 6 9
18 26 6 6
18 28 10 6
18 29 1 5
18 30 6 1
18 32 4 4
18 33 1 5
18 34 5 1
18 35 4 5
18 36 2 7
18 37 2 3
18 38 5 9
18 39 3 7
18 40 7 5
18 41 1 10
18 42 3 4
18 43 9 9
18 45 5 3
18 46 4 4
18 50 4 2
18 51 8 3
18 52 1 7
18 53 6 1
18 54 3 8
18 55 4 4
18 56 10 4
18 58 1 5
18 60 3 3
18 61 1 10
18 62 4 4
18 63 8 3
18 64 2 9
18 66 8 4
18 67 8 9
18 68 9 7
18 69 4 7
18 70 9 7
18 71 2 1
18 72 4 6
18 73 1 7
18 74 3 1
18 75 9 6
18 76 1 5
18 77 2 5
18 78 5 6
18 80 3 9
18 81 2 3
18 82 9 1
18 84 7 10
18 86 6 9
18 87 1 4
18 89 8 3
18 92 2 9
18 93 1 5
18 94 7 8
18 97 10 7
18 98 5 3
18 99 9 7
18 100 5 6
19 20 6 10
19 21 2 1
19 22 8 7
19 23 8 7
19 24 3 9
19 26 4 1
19 27 4 10
19 28 4 9
19 29 7 10
19 31 6 10
19 32 9 2
19 33 10 4
19 34 6 6
19 35 2 5
19 36 9 9
19 38 6 1
19 39 2 5
19 41 9 8
19 42 5 8
19 43 7 4
19 44 9 5
19 45 4 1
19 46 7 6
19 48 8 4
19 49 1 7
19 50 1 2
19 54 3 5
19 55 4 9
19 56 2 4
19 57 3 4
19 58 9 3
19 60 1 1
19 62 5 5
19 63 3 5
19 64 9 3
19 65 9 10
19 66 3 2
19 68 5 10
19 69 4 2
19 70 4 10
19 71 3 8
19 72 9 1
19 73 2 7
19 74 5 9
19 75 6 2
19 76 9 9
19 78 9 7
19 80 7 9
19 81 9 10
19 82 7 10
19 84 8 5
19 85 8 7
19 86 3 3
19 87 2 3
19 88 5 7
19 89 9 7
19 90 10 10
19 93 6 6
19 94 10 1
19 95 10 2
19 99 4 8
19 100 10 1
20 22 8 4
20 24 8 3
20 25 8 10
20 27 3 8
20 28 5 1
20 29 2 2
20 30 8 5
20 32 8 6
20 33 10 2
20 35 9 4
20 36 10 8
20 37 10 4
20 38 5 6
20 39 3 1
20 40 7 4
20 41 1 9
20 43 2 7
20 44 6 6
20 45 4 9
20 46 6 7
20 48 3 2
20 49 10 9
20 50 4 3
20 51 10 2
20 52 5 5
20 53 9 6
20 54 2 2
20 55 2 5
20 58 7 9
20 59 10 2
20 60 7 4
20 61 4 5
20 62 6 10
20 63 10 10
20 67 7 6
20 68 7 10
20 69 8 5
20 73 8 1
20 74 3 7
20 76 4 3
20 79 9 5
20 80 2 9
20 81 8 8
20 82 2 4
20 83 2 10
20 84 10 10
20 86 5 9
20 87 5 3
20 88 5 2
20 89 5 2
20 93 6 10
20 95 3 4
20 96 2 8
20 97 8 7
20 98 2 1
20 99 6 7
20 100 7 2
21 22 9 6
21 23 5 6
21 24 1 1
21 26 4 2
21 27 7 8
21 28 4 7
21 29 5 7
21 30 10 8
21 32 4 10
21 33 8 5
21 34 2 5
21 37 4 8
21 40 2 5
21 41 5 1
21 44 4 2
21 45 4 8
21 46 5 10
21 47 1 5
21 48 8 6
21 49 2 1
21 50 2 3
21 51 4 6
21 52 5 4
21 53 4 9
21 54 2 1
21 55 5 1
21 56 6 8
21 57 9 6
21 58 4 1
21 59 8 3
21 60 7 9
21 62 9 1
21 63 9 5
21 64 1 8
21 67 2 1
21 68 9 9
21 69 6 9
21 71 10 4
21 73 9 10
21 74 4 7
21 75 10 6
21 76 5 8
21 77 5 10
21 78 1 4
21 79 3 4
21 81 6 7
21 82 3 2
21 83 5 1
21 84 5 8
21 85 10 6
21 86 5 5
21 87 3 10
21 90 8 2
21 91 10 9
21 92 6 7
21 93 2 9
21 94 3 6
21 95 10 3
21 96 2 3
21 99 2 5
21 100 5 7
22 25 5 7
22 27 9 10
22 28 10 5
22 30 5 7
22 31 4 7
22 32 3 9
22 33 10 1
22 34 10 6
22 36 1 1
22 37 8 8
22 38 6 5
22 39 3 10
22 41 7 9
22 42 3 3
22 43 6 3
22 44 7 8
22 45 5 10
22 46 10 2
22 47 6 5
22 48 10 4
22 49 10 5
22 50 6 4
22 51 10 6
22 52 10 7
22 54 7 1
22 58 3 6
22 59 5 1
22 60 1 2
22 61 3 8
22 62 2 1
22 63 9 1
22 64 2 7
22 66 3 10
22 67 3 9
22 68 7 4
22 70 5 2
22 71 2 9
22 72 2 2
22 73 4 10
22 74 6 4
22 75 8 3
22 76 1 5
22 77 5 9
22 78 1 4
22 79 10 2
22 80 3 8
22 82 2 9
22 85 2 2
22 87 8 2
22 88 9 2
22 89 2 10
22 90 2 3
22 91 10 3
22 92 7 1
22 93 5 4
22 94 8 5
22 95 5 9
22 96 5 10
22 97 8 7
22 98 3 9
22 99 8 4
22 100 5 9
23 27 6 4
23 28 7 3
23 29 1 10
23 30 1 1
23 31 7 8
23 32 10 10
23 33 7 6
23 34 9 9
23 36 10 3
23 37 9 8
23 39 6 1
23 40 3 10
23 41 4 3
23 42 1 2
23 43 9 6
23 44 2 6
23 46 4 5
23 48 6 6
23 49 6 1
23 50 3 8
23 51 8 6
23 52 10 4
23 53 1 2
23 55 5 5
23 56 2 8
23 57 3 7
23 58 4 9
23 59 2 2
23 60 9 4
23 61 9 5
23 62 1 5
23 63 2 3
23 64 7 4
23 65 3 8
23 66 9 8
23 67 3 6
23 69 2 6
23 70 9 10
23 71 7 3
23 72 10 10
23 73 9 6
23 74 9 9
23 75 9 8
23 77 5 8
23 78 8 3
23 79 7 9
23 82 8 7
23 83 2 8
23 84 9 8
23 85 1 8
23 86 3 3
23 87 10 2
23 88 2 3
23 89 5 9
23 90 8 2
23 91 2 7
23 93 2 5
23 94 3 3
23 95 5 10
23 96 5 10
23 97 10 6
23 98 2 7
23 99 6 6
24 25 4 1
24 26 7 8
24 27 7 7
24 28 1 6
24 29 2 1
24 30 4 1
24 31 7 7
24 32 3 9
24 33 4 1
24 35 7 1
24 36 3 3
24 37 8 10
24 38 9 3
24 39 8 8
24 40 8 9
24 41 8 2
24 43 5 10
24 44 7 6
24 45 8 4
24 46 2 1
24 51 4 3
24 52 6 3
24 53 10 10
24 54 1 3
24 55 8 4
24 56 5 7
24 57 8 1
24 58 10 3
24 59 8 1
24 60 9 7
24 61 10 1
24 63 3 9
24 64 7 3
24 66 3 6
24 67 5 6
24 68 8 1
24 69 3 8
24 70 10 8
24 72 10 10
24 74 2 2
24 75 6 5
24 76 1 7
24 77 6 6
24 78 6 7
24 79 1 3
24 80 10 3
24 81 7 8
24 82 9 3
24 83 4 5
24 84 2 6
24 85 1 9
24 87 6 7
24 88 9 1
24 89 4 4
24 90 4 1
24 91 7 3
24 92 6 8
24 93 1 9
24 94 2 5
24 95 6 5
24 96 10 7
24 98 2 8
24 99 1 1
24 100 6 2
25 26 1 2
25 27 6 2
25 28 3 1
25 30 5 3
25 31 6 2
25 32 5 9
25 34 8 10
25 35 8 10
25 37 6 2
25 40 4 8
25 42 8 6
25 43 7 10
25 44 10 9
25 45 10 2
25 46 1 10
25 47 10 7
25 48 8 1
25 49 8 6
25 50 2 6
25 51 6 7
25 52 6 8
25 53 1 5
25 54 8 2
25 55 9 6
25 57 3 4
25 58 7 7
25 59 10 6
25 60 10 9
25 61 3 1
25 62 9 8
25 63 5 6
25 64 2 2
25 65 3 5
25 66 2 1
25 68 4 8
25 69 4 7
25 70 3 5
25 71 4 9
25 72 2 7
25 73 1 2
25 74 2 5
25 75 9 8
25 76 9 10
25 77 7 7
25 78 8 3
25 79 4 9
25 80 10 4
25 81 7 7
25 82 8 5
25 83 2 8
25 84 6 10
25 85 7 1
25 86 7 9
25 88 9 1
25 90 10 1
25 91 1 6
25 92 1 1
25 93 1 8
25 96 3 9
25 97 5 1
25 98 6 9
25 99 7 2
25 100 9 10
26 27 2 4
26 28 6 5
26 29 9 8
26 31 7 3
26 33 3 6
26 34 6 9
26 35 7 8
26 37 2 1
26 38 5 9
26 39 8 1
26 40 10 10
26 41 9 8
26 42 7 7
26 43 10 5
26 44 5 8
26 45 2 10
26 46 3 4
26 47 6 6
26 48 4 9
26 49 7 2
26 50 6 5
26 51 9 2
26 52 1 6
26 54 2 4
26 55 5 4
26 57 1 7
26 58 3 9
26 59 2 1
26 60 2 6
26 61 7 1
26 62 7 5
26 63 6 10
26 64 1 4
26 65 3 6
26 66 5 6
26 67 6 4
26 68 7 8
26 69 8 2
26 71 1 5
26 72 4 6
26 73 9 1
26 74 2 8
26 75 8 9
26 77 4 3
26 78 8 8
26 80 7 4
26 82 2 6
26 83 5 9
26 84 4 5
26 86 5 9
26 87 8 3
26 88 10 9
26 89 3 2
26 90 5 1
26 91 5 7
26 92 9 1
26 93 7 2
26 94 3 6
26 95 1 2
26 97 8 10
26 98 4 4
26 100 1 9
27 28 1 10
27 29 2 4
27 31 4 4
27 32 6 4
27 33 7 1
27 34 1 6
27 36 2 4
27 37 7 1
27 38 5 3
27 40 7 7
27 41 8 7
27 42 4 8
27 43 5 3
27 44 6 3
27 45 3 6
27 46 3 5
27 47 1 8
27 48 10 10
27 49 4 4
27 50 7 9
27 51 1 7
27 52 9 4
27 54 6 10
27 56 8 1
27 57 2 1
27 58 1 9
27 59 1 7
27 60 10 2
27 61 1 1
27 63 8 10
27 64 1 7
27 65 9 10
27 66 4 9
27 68 8 5
27 69 10 2
27 70 2 1
27 71 6 8
27 72 5 7
27 73 7 10
27 74 5 6
27 75 8 6
27 76 7 1
27 78 4 3
27 79 6 7
27 80 7 6
27 81 1 4
27 82 8 5
27 83 4 2
27 84 2 4
27 85 4 2
27 86 1 9
27 87 6 5
27 88 3 2
27 89 8 1
27 90 9 2
27 92 9 8
27 93 8 6
27 94 8 3
27 95 5 8
27 96 7 3
27 97 8 1
27 98 6 6
27 99 7 2
27 100 4 7
28 30 5 6
28 31 6 5
28 33 1 6
28 34 8 9
28 35 10 10
28 36 10 9
28 37 9 4
28 38 8 10
28 39 4 6
28 40 10 5
28 41 4 4
28 42 1 5
28 43 10 5
28 45 3 1
28 46 8 6
28 47 3 2
28 48 9 9
28 50 2 8
28 51 9 10
28 52 3 1
28 53 9 2
28 55 2 2
28 56 7 6
28 57 5 5
28 58 10 7
28 60 2 6
28 62 10 5
28 63 5 1
28 64 3 6
28 66 2 5
28 67 9 8
28 69 4 2
28 70 8 9
28 71 1 4
28 72 7 3
28 73 4 8
28 74 4 8
28 75 2 7
28 77 3 4
28 78 7 8
28 79 6 3
28 80 7 5
28 81 7 2
28 82 4 7
28 84 6 7
28 86 4 1
28 88 6 5
28 89 7 1
28 90 6 7
28 91 4 5
28 92 6 1
28 93 10 3
28 94 7 6
28 95 3 9
28 96 6 4
28 97 7 10
28 98 4 2
28 99 4 8
28 100 4 6
29 30 4 3
29 31 9 6
29 33 8 3
29 34 7 5
29 35 1 6
29 36 8 5
29 37 5 2
29 38 7 6
29 39 9 8
29 41 7 10
29 44 3 2
29 45 7 1
29 46 2 4
29 47 6 7
29 49 10 7
29 52 10 5
29 54 4 3
29 58 9 8
29 59 8 2
29 60 1 2
29 61 3 3
29 62 7 3
29 63 10 1
29 64 7 5
29 65 6 9
29 66 7 1
29 67 6 1
29 69 4 9
29 70 4 2
29 71 7 9
29 72 9 6
29 73 2 7
29 74 8 4
29 75 6 8
29 77 10 10
29 78 9 5
29 79 9 5
29 80 7 6
29 81 9 2
29 85 5 1
29 87 8 5
29 88 10 9
29 89 2 5
29 90 5 6
29 91 8 6
29 92 9 1
29 93 7 5
29 94 8 2
29 95 3 3
29 96 10 5
29 97 10 9
29 98 7 9
29 100 3 4
30 31 10 4
30 32 10 9
30 33 8 7
30 34 5 10
30 35 8 6
30 36 1 6
30 37 6 4
30 38 10 8
30 39 1 5
30 40 10 6
30 41 1 1
30 43 8 9
30 45 8 4
30 47 4 2
30 49 2 6
30 50 7 1
30 51 8 5
30 52 3 1
30 53 4 2
30 54 7 8
30 55 7 9
30 56 4 5
30 57 7 6
30 59 3 3
30 60 7 5
30 61 8 5
30 62 6 1
30 63 2 8
30 64 5 8
30 65 7 6
30 67 2 1
30 70 10 1
30 72 3 5
30 73 10 2
30 74 8 6
30 76 4 10
30 77 9 7
30 78 5 9
30 79 7 8
30 80 7 3
30 81 8 2
30 82 7 6
30 84 10 10
30 85 8 5
30 86 8 8
30 89 7 4
30 90 6 10
30 91 10 9
30 92 1 5
30 95 9 10
30 96 1 5
30 97 7 6
30 98 4 2
30 99 6 1
30 100 7 1
31 33 3 5
31 34 1 1
31 35 2 4
31 36 8 9
31 37 10 8
31 38 8 2
31 40 10 6
31 41 8 1
31 42 10 6
31 43 7 8
31 44 7 3
31 45 8 3
31 46 5 3
31 48 1 1
31 50 8 1
31 51 5 3
31 52 8 10
31 56 6 8
31 57 10 4
31 58 2 1
31 59 8 5
31 60 3 8
31 61 7 9
31 62 5 5
31 63 4 6
31 64 5 2
31 66 5 1
31 67 7 8
31 70 9 7
31 71 10 6
31 73 6 7
31 74 9 2
31 75 8 6
31 76 10 9
31 78 6 5
31 79 8 6
31 81 5 6
31 83 4 9
31 84 7 6
31 85 9 6
31 86 5 5
31 87 10 6
31 89 3 5
31 90 1 5
31 91 10 9
31 92 4 7
31 93 6 9
31 94 7 2
31 95 6 9
31 97 6 3
31 98 2 1
31 99 3 5
31 100 8 2
32 33 1 9
32 34 1 1
32 35 4 2
32 37 9 1
32 38 1 2
32 39 3 4
32 40 3 10
32 41 4 7
32 42 2 9
32 43 2 5
32 44 3 6
32 46 6 6
32 47 10 5
32 48 10 5
32 49 3 4
32 50 8 3
32 51 3 4
32 52 3 3
32 53 1 5
32 54 5 6
32 55 7 10
32 56 10 5
32 57 6 5
32 58 4 4
32 59 9 4
32 60 8 4
32 61 3 2
32 62 2 3
32 66 6 4
32 67 6 5
32 68 8 7
32 71 2 8
32 72 10 2
32 73 1 6
32 76 4 1
32 77 8 8
32 78 2 3
32 79 5 5
32 80 1 1
32 81 8 7
32 82 8 7
32 84 1 10
32 85 2 2
32 86 7 3
32 87 5 1
32 89 7 1
32 90 4 1
32 91 5 7
32 92 8 3
32 93 3 1
32 94 4 2
32 97 6 7
32 98 7 9
32 99 5 9
32 100 5 6
33 34 7 5
33 35 7 3
33 36 10 9
33 37 10 3
33 38 6 3
33 39 7 10
33 41 10 1
33 42 10 10
33 45 3 2
33 46 7 1
33 48 4 10
33 49 1 5
33 50 7 5
33 51 7 3
33 52 8 5
33 53 6 5
33 55 1 5
33 57 3 1
33 58 2 5
33 59 2 6
33 62 6 1
33 65 1 4
33 66 8 2
33 67 4 8
33 68 6 4
33 69 4 5
33 71 4 9
33 72 10 7
33 73 10 6
33 74 10 10
33 75 3 6
33 76 1 5
33 77 3 5
33 78 5 3
33 79 9 8
33 80 6 3
33 81 8 2
33 82 5 6
33 84 9 3
33 85 1 2
33 86 3 2
33 88 9 3
33 89 1 10
33 91 3 7
33 93 2 6
33 94 5 1
33 95 7 2
33 96 6 7
33 97 10 3
33 98 2 8
33 99 2 1
33 100 10 3
34 38 1 7
34 39 8 8
34 40 8 1
34 41 7 4
34 43 9 6
34 44 10 5
34 45 4 5
34 47 4 5
34 48 2 10
34 50 5 5
34 51 2 3
34 52 8 9
34 53 1 4
34 54 9 9
34 55 3 9
34 56 1 10
34 57 2 6
34 58 1 4
34 59 9 4
34 61 7 6
34 62 10 6
34 63 2 3
34 65 1 4
34 66 2 8
34 67 2 10
34 69 3 5
34 70 1 9
34 71 4 1
34 73 9 6
34 74 2 9
34 75 1 1
34 76 10 2
34 77 7 4
34 79 6 8
34 80 4 7
34 81 5 9
34 83 8 8
34 85 2 5
34 88 1 7
34 89 10 9
34 90 5 1
34 91 3 9
34 92 9 8
34 93 10 7
34 95 3 10
34 96 5 7
34 97 9 9
34 98 5 9
34 99 7 1
34 100 1 2
35 36 3 7
35 37 6 5
35 38 2 5
35 39 9 8
35 41 5 10
35 42 6 10
35 43 10 2
35 47 4 3
35 48 6 6
35 49 9 4
35 50 2 8
35 51 4 6
35 53 1 3
35 54 6 6
35 55 6 8
35 58 4 5
35 60 1 7
35 63 6 1
35 64 1 6
35 65 2 9
35 66 5 8
35 67 2 4
35 68 3 6
35 69 2 9
35 70 8 8
35 71 1 8
35 73 1 10
35 74 4 7
35 75 10 1
35 76 10 4
35 77 9 4
35 78 2 7
35 79 3 6
35 80 1 5
35 81 8 5
35 82 5 6
35 84 3 9
35 85 1 2
35 86 10 5
35 87 7 9
35 88 7 10
35 89 5 3
35 90 1 3
35 91 6 8
35 92 1 1
35 93 5 2
35 95 3 4
35 97 5 8
35 98 10 10
35 99 6 3
36 37 8 7
36 38 5 5
36 39 10 5
36 40 2 9
36 41 1 2
36 43 9 10
36 44 5 2
36 45 10 8
36 46 7 2
36 47 2 7
36 48 1 1
36 50 6 3
36 52 10 8
36 53 8 5
36 54 5 4
36 55 5 9
36 56 6 10
36 57 10 2
36 58 2 1
36 59 5 9
36 61 1 9
36 62 1 3
36 63 4 3
36 64 10 7
36 65 4 2
36 66 2 10
36 68 8 6
36 69 7 6
36 71 5 8
36 73 10 4
36 74 3 9
36 75 7 2
36 76 1 2
36 77 7 9
36 78 5 2
36 79 4 6
36 81 1 3
36 82 8 1
36 84 10 8
36 88 7 4
36 89 7 6
36 90 2 8
36 93 10 1
36 94 4 8
36 95 8 1
36 96 7 9
36 97 3 5
36 99 2 8
36 100 9 5
37 38 9 8
37 40 6 8
37 42 1 6
37 43 3 7
37 44 9 6
37 45 7 5
37 47 6 10
37 48 3 5
37 49 1 2
37 50 1 9
37 51 2 4
37 52 3 8
37 53 10 6
37 55 8 6
37 56 10 7
37 58 1 2
37 59 2 8
37 60 3 6
37 61 4 9
37 62 4 7
37 63 1 4
37 64 2 3
37 65 7 5
37 67 6 10
37 68 4 4
37 70 8 8
37 71 4 5
37 73 5 2
37 75 8 7
37 76 9 10
37 77 7 3
37 78 9 1
37 80 5 6
37 82 4 4
37 83 8 5
37 84 6 3
37 85 10 10
37 86 4 6
37 89 7 5
37 91 3 7
37 92 6 1
37 93 1 9
37 94 1 6
37 95 5 6
37 96 7 10
37 97 2 10
37 98 3 10
37 99 3 4
38 39 2 5
38 40 10 4
38 41 10 4
38 42 8 4
38 43 9 4
38 44 3 3
38 45 1 9
38 46 10 6
38 47 9 2
38 49 7 5
38 50 4 2
38 51 10 4
38 53 7 7
38 56 6 5
38 57 9 2
38 58 4 8
38 59 3 9
38 60 4 4
38 61 3 6
38 63 1 6
38 64 3 10
38 66 1 3
38 67 7 10
38 68 3 9
38 69 7 6
38 70 6 8
38 71 1 9
38 72 7 5
38 74 10 2
38 75 4 10
38 79 2 1
38 81 5 8
38 83 3 2
38 84 9 6
38 85 3 2
38 86 8 3
38 88 5 6
38 90 7 8
38 91 5 1
38 92 5 2
38 93 2 1
38 94 1 7
38 95 9 8
38 96 8 4
38 97 5 5
38 98 6 6
38 99 4 10
38 100 9 6
39 40 5 5
39 41 9 3
39 45 4 3
39 48 9 4
39 49 2 7
39 51 1 4
39 52 7 7
39 53 7 3
39 54 4 4
39 55 7 1
39 56 1 3
39 57 10 3
39 59 1 7
39 60 6 9
39 61 10 7
39 62 6 3
39 63 5 4
39 64 7 4
39 66 1 6
39 67 2 4
39 68 1 3
39 70 6 1
39 71 8 9
39 72 10 9
39 73 4 3
39 76 4 8
39 77 3 5
39 78 9 10
39 79 3 5
39 80 5 1
39 81 6 2
39 82 2 9
39 83 7 8
39 84 5 5
39 85 8 10
39 86 9 1
39 87 5 6
39 88 8 4
39 89 5 9
39 92 8 1
39 93 9 2
39 94 9 1
39 95 7 1
39 96 5 5
39 97 3 5
39 98 1 5
39 99 8 9
39 100 3 3
40 41 1 1
40 43 6 1
40 44 9 6
40 46 6 5
40 47 4 6
40 48 4 1
40 49 3 9
40 50 8 10
40 51 7 2
40 53 1 7
40 54 1 10
40 55 2 9
40 56 9 7
40 59 9 8
40 60 1 1
40 61 2 3
40 62 3 9
40 64 5 3
40 65 2 2
40 66 8 1
40 67 3 8
40 68 5 7
40 69 10 9
40 70 6 1
40 71 5 9
40 72 10 6
40 73 5 6
40 74 2 6
40 75 4 3
40 76 5 10
40 77 3 1
40 78 4 2
40 79 2 9
40 80 5 10
40 82 2 8
40 83 3 8
40 85 2 4
40 86 7 3
40 87 1 9
40 88 2 1
40 89 9 10
40 92 9 2
40 93 4 8
40 94 2 4
40 95 3 5
40 97 4 6
40 98 5 2
40 99 8 10
40 100 3 1
41 42 6 1
41 43 4 1
41 44 6 8
41 45 1 7
41 46 10 4
41 47 4 5
41 48 10 5
41 51 8 6
41 52 4 3
41 53 4 9
41 54 7 10
41 55 2 3
41 56 5 6
41 57 4 3
41 58 5 3
41 59 1 5
41 60 9 10
41 61 7 8
41 63 2 4
41 64 3 4
41 65 1 5
41 67 2 4
41 68 4 10
41 69 6 6
41 70 6 2
41 71 8 5
41 72 8 10
41 73 6 7
41 74 4 8
41 76 4 4
41 77 5 3
41 78 4 1
41 79 2 6
41 80 6 8
41 81 1 2
41 82 4 3
41 83 9 8
41 86 3 8
41 87 4 6
41 89 7 8
41 91 8 5
41 93 8 3
41 94 5 6
41 95 9 8
41 99 2 7
41 100 9 8
42 43 6 2
42 44 1 6
42 45 7 2
42 46 1 3
42 47 6 2
42 48 10 8
42 49 9 7
42 50 8 6
42 51 8 1
42 52 10 9
42 53 9 2
42 54 3 8
42 55 10 4
42 57 4 3
42 58 5 3
42 59 5 3
42 60 9 10
42 61 8 10
42 62 10 1
42 63 10 10
42 64 1 5
42 65 9 8
42 66 2 7
42 67 8 10
42 69 3 2
42 70 9 10
42 71 8 8
42 72 5 7
42 73 6 10
42 74 2 5
42 75 1 6
42 76 9 7
42 77 3 3
42 78 4 8
42 80 6 6
42 82 4 2
42 84 8 2
42 85 3 2
42 87 4 4
42 88 8 7
42 89 8 10
42 90 4 4
42 91 10 5
42 93 3 8
42 94 3 2
42 95 4 7
42 96 9 4
42 97 8 9
42 98 10 5
42 100 3 4
43 44 7 6
43 45 4 1
43 46 10 1
43 47 6 10
43 48 8 9
43 49 1 3
43 50 4 2
43 51 8 2
43 52 8 5
43 53 2 2
43 54 5 7
43 55 5 9
43 56 3 5
43 57 1 3
43 58 10 6
43 59 7 1
43 60 7 1
43 61 9 9
43 62 10 5
43 63 5 2
43 64 2 8
43 65 9 10
43 67 9 3
43 68 8 3
43 69 7 7
43 70 8 10
43 71 8 10
43 72 10 9
43 73 6 2
43 74 7 1
43 75 5 10
43 76 1 7
43 77 10 4
43 78 2 8
43 79 8 6
43 80 6 2
43 81 10 9
43 82 5 10
43 83 7 3
43 84 7 1
43 85 7 2
43 87 4 10
43 88 2 2
43 89 9 4
43 90 7 6
43 91 10 5
43 95 8 10
43 96 7 9
43 97 6 2
43 98 4 5
43 99 5 4
43 100 10 8
44 45 6 2
44 46 9 9
44 47 5 3
44 48 6 3
44 49 8 7
44 50 9 5
44 51 1 1
44 53 9 4
44 54 4 8
44 55 8 10
44 56 9 8
44 57 2 9
44 58 9 9
44 59 1 7
44 60 5 1
44 62 10 10
44 63 3 7
44 64 3 10
44 65 1 2
44 66 1 1
44 67 1 2
44 69 8 5
44 70 5 7
44 72 2 7
44 73 3 9
44 74 1 4
44 75 5 7
44 78 6 3
44 79 1 4
44 80 2 4
44 81 5 8
44 82 10 6
44 83 5 8
44 84 5 5
44 85 6 9
44 87 10 9
44 89 2 9
44 90 9 10
44 91 2 5
44 92 3 7
44 93 1 5
44 95 1 4
44 96 2 7
44 98 6 4
44 99 7 4
44 100 4 2
45 48 9 8
45 50 5 7
45 51 3 8
45 52 4 7
45 53 2 7
45 54 7 5
45 55 8 8
45 56 3 10
45 57 5 2
45 58 5 1
45 59 10 7
45 60 2 10
45 61 2 1
45 62 1 7
45 63 5 2
45 66 5 4
45 67 7 6
45 68 8 8
45 71 9 5
45 73 3 7
45 74 1 10
45 75 10 10
45 78 6 5
45 79 2 10
45 80 4 3
45 81 8 2
45 83 4 9
45 84 6 8
45 85 3 5
45 86 8 2
45 87 9 6
45 89 8 2
45 90 8 7
45 91 4 1
45 92 8 2
45 93 3 1
45 94 3 10
45 95 3 3
45 96 3 6
45 97 8 2
45 98 8 3
45 99 5 9
45 100 4 2
46 48 5 5
46 49 3 2
46 50 1 10
46 51 10 9
46 52 8 6
46 54 6 9
46 55 9 2
46 58 3 4
46 59 7 8
46 60 6 3
46 61 2 1
46 63 8 7
46 64 4 10
46 65 1 3
46 66 6 2
46 67 9 8
46 68 7 6
46 69 8 1
46 70 5 3
46 71 7 8
46 72 5 6
46 74 3 8
46 76 3 1
46 77 3 8
46 78 6 7
46 80 1 2
46 82 1 10
46 83 8 3
46 84 9 10
46 85 7 9
46 86 7 4
46 87 9 4
46 88 7 5
46 89 7 9
46 90 3 5
46 92 3 3
46 93 8 5
46 94 6 7
46 96 9 5
46 97 10 7
46 98 7 5
46 99 5 3
46 100 4 9
47 48 9 7
47 49 7 5
47 51 7 1
47 52 10 7
47 53 8 9
47 54 7 9
47 55 3 3
47 56 7 10
47 57 9 1
47 58 2 1
47 59 8 4
47 60 4 5
47 61 9 10
47 62 10 2
47 64 5 7
47 65 8 3
47 67 10 10
47 68 6 4
47 69 3 10
47 70 1 7
47 71 8 3
47 73 7 3
47 74 8 1
47 75 1 10
47 76 2 7
47 77 3 1
47 78 10 2
47 80 1 4
47 81 2 10
47 82 5 9
47 83 2 9
47 84 5 8
47 85 2 1
47 86 10 8
47 87 2 8
47 88 2 8
47 89 3 5
47 90 3 1
47 91 5 3
47 92 4 6
47 93 8 5
47 94 7 10
47 95 9 10
47 96 10 3
47 97 1 3
47 98 4 9
47 99 10 8
47 100 9 8
48 49 5 4
48 50 3 4
48 51 6 4
48 52 8 5
48 53 10 1
48 54 10 8
48 55 6 2
48 57 10 5
48 58 6 5
48 60 1 6
48 62 8 2
48 63 9 4
48 64 1 2
48 65 6 8
48 66 9 9
48 67 6 9
48 69 5 2
48 70 10 2
48 72 9 10
48 74 5 10
48 75 9 3
48 76 10 3
48 77 6 10
48 78 9 10
48 80 6 4
48 81 8 10
48 82 8 4
48 83 4 8
48 85 6 9
48 86 6 5
48 87 5 8
48 88 5 10
48 90 6 8
48 91 1 8
48 92 6 2
48 94 7 1
48 95 1 9
48 96 3 10
48 97 1 1
48 98 4 3
48 99 7 8
48 100 4 3
49 50 8 1
49 51 9 3
49 53 6 8
49 54 3 7
49 55 7 10
49 56 9 2
49 57 6 9
49 58 10 6
49 59 10 4
49 60 9 7
49 61 10 5
49 64 7 4
49 65 2 1
49 66 6 7
49 67 6 10
49 68 3 4
49 69 1 1
49 70 4 1
49 71 8 6
49 72 9 10
49 74 5 2
49 76 8 4
49 77 9 8
49 78 2 8
49 79 10 4
49 80 7 3
49 81 9 8
49 83 4 9
49 84 6 9
49 85 9 7
49 86 9 1
49 87 1 6
49 89 2 6
49 90 9 7
49 91 1 9
49 92 4 4
49 93 3 9
49 95 10 7
49 97 8 9
49 98 2 2
49 99 6 3
49 100 1 6
50 51 5 8
50 53 3 5
50 55 5 2
50 56 7 8
50 58 10 4
50 60 10 1
50 61 1 3
50 62 3 9
50 63 9 7
50 64 5 4
50 65 9 2
50 67 2 6
50 68 9 1
50 71 7 7
50 72 3 2
50 73 7 5
50 74 5 2
50 75 9 8
50 76 9 6
50 77 10 4
50 78 9 4
50 79 1 5
50 80 8 2
50 81 4 4
50 82 4 4
50 84 3 1
50 85 5 5
50 87 2 4
50 88 5 3
50 89 1 7
50 90 7 2
50 91 7 1
50 93 4 5
50 94 1 8
50 95 3 1
50 96 1 9
50 97 9 2
50 99 10 5
50 100 8 8
51 52 8 5
51 56 3 7
51 58 10 9
51 59 1 2
51 62 3 2
51 63 1 8
51 65 7 7
51 66 4 10
51 67 4 2
51 68 9 6
51 70 3 7
51 71 7 4
51 72 10 6
51 74 9 5
51 75 8 5
51 76 5 2
51 77 4 7
51 78 1 7
51 81 10 10
51 82 2 9
51 83 9 2
51 84 4 2
51 85 3 1
51 88 7 3
51 90 2 8
51 91 3 8
51 92 9 1
51 93 8 4
51 94 1 5
51 97 8 2
51 98 6 5
51 100 5 9
52 54 5 1
52 55 4 8
52 57 9 7
52 58 9 3
52 59 9 9
52 60 10 1
52 61 9 6
52 62 10 2
52 63 7 6
52 64 3 1
52 65 7 2
52 66 5 3
52 67 10 10
52 72 9 3
52 74 6 10
52 75 4 4
52 76 7 3
52 78 7 5
52 79 1 8
52 80 7 7
52 81 6 10
52 82 1 7
52 83 5 4
52 84 6 6
52 85 9 5
52 86 7 9
52 87 8 9
52 88 8 7
52 89 1 2
52 91 8 8
52 93 8 6
52 94 5 9
52 95 9 8
52 97 2 4
52 99 2 3
53 54 3 1
53 55 2 1
53 56 2 8
53 57 1 10
53 58 4 9
53 59 2 6
53 60 6 3
53 61 4 10
53 62 4 10
53 63 8 3
53 64 7 6
53 65 2 10
53 66 6 7
53 67 10 8
53 68 1 1
53 69 10 3
53 73 8 5
53 74 1 9
53 75 7 4
53 77 1 6
53 80 6 3
53 81 7 2
53 82 5 9
53 83 10 9
53 84 2 1
53 86 6 5
53 88 9 8
53 90 3 2
53 91 10 5
53 92 1 2
53 93 1 2
53 95 7 1
53 96 1 5
53 97 2 1
53 98 10 3
53 99 8 7
54 55 6 7
54 57 5 3
54 58 6 3
54 59 1 6
54 60 8 2
54 61 8 7
54 62 4 5
54 63 4 5
54 64 5 6
54 65 3 7
54 67 4 3
54 68 10 6
54 69 1 10
54 70 2 4
54 72 10 2
54 75 10 6
54 76 10 3
54 77 8 8
54 78 6 4
54 79 10 3
54 80 10 7
54 81 3 10
54 82 5 4
54 84 1 1
54 86 5 10
54 87 4 8
54 88 2 7
54 89 9 3
54 90 8 9
54 91 3 8
54 92 10 9
54 93 2 2
54 95 5 9
54 96 1 6
54 97 2 7
54 98 5 6
54 99 2 10
54 100 10 7
55 56 7 8
55 57 5 8
55 58 10 6
55 59 8 8
55 60 8 9
55 61 1 1
55 62 6 9
55 63 9 2
55 65 3 10
55 66 1 4
55 68 10 2
55 69 3 7
55 70 9 6
55 71 8 2
55 72 7 2
55 73 2 2
55 74 1 9
55 75 10 6
55 76 2 1
55 77 7 7
55 78 2 1
55 79 8 1
55 80 1 9
55 81 3 5
55 82 4 4
55 83 2 3
55 84 3 9
55 85 10 8
55 86 3 6
55 87 10 3
55 88 3 8
55 89 3 2
55 90 4 9
55 91 8 4
55 92 7 1
55 93 4 4
55 94 2 7
55 95 9 6
55 96 6 6
55 97 3 6
55 98 8 4
55 99 5 6
55 100 6 10
56 57 10 7
56 58 7 7
56 59 4 1
56 62 6 7
56 64 4 6
56 66 1 10
56 67 4 6
56 69 7 2
56 70 3 6
56 71 6 10
56 72 4 9
56 74 10 2
56 75 10 9
56 76 2 2
56 77 4 3
56 78 2 9
56 79 2 10
56 80 9 7
56 81 10 6
56 82 4 6
56 83 9 6
56 84 7 9
56 87 10 7
56 88 6 3
56 89 2 10
56 91 8 2
56 92 7 1
56 93 1 2
56 94 6 7
56 95 10 10
56 96 6 9
56 97 5 6
56 98 7 6
56 99 7 9
57 58 4 7
57 59 9 4
57 60 3 7
57 61 5 3
57 62 6 10
57 64 9 3
57 65 1 2
57 66 6 8
57 67 6 7
57 68 5 7
57 69 8 6
57 70 1 7
57 71 9 3
57 73 6 1
57 74 5 6
57 76 10 9
57 78 4 1
57 79 10 2
57 80 1 3
57 81 8 10
57 82 5 6
57 83 6 6
57 84 5 2
57 85 9 1
57 86 10 4
57 87 4 1
57 88 8 4
57 91 7 7
57 92 2 9
57 93 10 1
57 95 8 10
57 97 4 10
57 99 7 5
57 100 10 4
58 59 8 7
58 60 1 3
58 61 10 7
58 62 8 6
58 63 8 1
58 64 2 3
58 65 7 9
58 66 1 7
58 67 8 9
58 68 5 4
58 69 9 9
58 70 2 10
58 71 5 8
58 72 4 2
58 73 2 8
58 74 2 4
58 75 4 9
58 76 8 10
58 77 3 7
58 78 5 2
58 79 6 2
58 80 4 8
58 81 6 7
58 82 9 7
58 83 8 6
58 84 8 8
58 85 8 9
58 86 9 8
58 88 4 8
58 89 9 10
58 90 4 1
58 91 1 4
58 92 5 5
58 93 1 9
58 94 5 5
58 95 4 6
58 97 4 9
58 98 2 4
58 99 6 4
58 100 3 2
59 60 8 8
59 61 8 10
59 64 10 8
59 66 3 2
59 67 3 7
59 68 10 10
59 69 7 8
59 71 7 9
59 73 2 2
59 74 7 5
59 75 8 1
59 76 1 5
59 79 7 1
59 80 10 9
59 82 5 1
59 83 6 3
59 84 9 4
59 86 3 5
59 87 5 1
59 89 9 7
59 90 4 5
59 91 9 9
59 92 5 9
59 93 4 2
59 94 10 10
59 96 5 5
59 97 4 9
59 98 3 8
60 61 7 10
60 62 4 10
60 63 9 4
60 64 3 3
60 65 5 3
60 67 4 10
60 69 7 4
60 70 9 9
60 75 10 10
60 76 6 4
60 77 3 8
60 78 9 4
60 79 6 1
60 80 4 10
60 81 4 9
60 82 5 9
60 83 2 10
60 84 9 6
60 85 8 6
60 87 7 6
60 88 8 3
60 90 10 1
60 91 9 3
60 92 4 4
60 93 9 9
60 98 4 4
60 99 3 4
60 100 7 9
61 63 3 5
61 64 7 5
61 65 7 6
61 66 4 3
61 67 4 7
61 68 1 3
61 69 3 1
61 70 6 10
61 71 7 4
61 73 7 4
61 74 6 8
61 75 4 7
61 77 8 7
61 79 9 6
61 80 4 7
61 82 9 9
61 84 8 10
61 85 8 7
61 86 9 3
61 88 5 2
61 89 8 4
61 91 1 8
61 92 1 2
61 94 6 5
61 95 6 4
61 97 5 4
61 98 1 8
61 99 1 2
61 100 9 1
62 63 10 7
62 64 8 2
62 65 10 4
62 67 10 8
62 68 1 7
62 69 2 3
62 70 3 3
62 71 2 8
62 72 7 3
62 73 3 10
62 74 1 1
62 75 8 10
62 76 1 7
62 77 10 7
62 78 3 4
62 79 4 5
62 80 8 5
62 82 8 9
62 84 3 6
62 85 3 3
62 86 3 6
62 87 3 4
62 88 3 7
62 89 7 9
62 90 8 7
62 91 9 6
62 92 3 4
62 93 1 7
62 94 1 8
62 95 10 5
62 97 1 9
62 98 2 6
63 64 7 7
63 67 4 3
63 68 2 4
63 69 1 5
63 70 9 6
63 71 6 7
63 73 9 8
63 75 6 2
63 76 2 3
63 78 5 5
63 80 9 10
63 81 3 8
63 82 2 6
63 83 2 7
63 84 8 1
63 85 4 3
63 86 5 5
63 87 5 8
63 88 7 8
63 89 7 10
63 90 4 10
63 91 4 8
63 92 2 4
63 93 6 2
63 94 7 10
63 95 8 8
63 96 10 9
63 97 5 1
63 99 4 6
64 65 4 9
64 66 3 6
64 68 5 5
64 69 2 9
64 71 9 8
64 73 2 2
64 74 8 2
64 75 10 6
64 76 4 7
64 77 9 7
64 79 3 10
64 80 5 1
64 82 8 10
64 83 4 3
64 84 4 3
64 85 4 5
64 86 6 9
64 87 3 7
64 88 8 10
64 90 3 9
64 91 5 9
64 92 4 4
64 94 8 3
64 95 4 10
64 96 5 5
64 97 5 1
64 98 8 9
64 99 8 9
65 66 6 10
65 67 6 6
65 69 5 8
65 70 6 7
65 71 3 2
65 72 3 1
65 73 4 1
65 74 9 10
65 75 4 10
65 76 3 7
65 77 10 7
65 78 8 6
65 79 1 10
65 80 5 4
65 81 8 5
65 82 10 4
65 83 8 8
65 84 3 9
65 85 4 2
65 87 8 2
65 88 8 9
65 90 2 6
65 91 6 4
65 92 4 8
65 93 6 10
65 94 5 5
65 95 6 8
65 98 4 4
65 99 9 8
65 100 1 3
66 67 3 5
66 69 4 2
66 70 5 9
66 72 6 3
66 73 2 10
66 74 4 8
66 75 4 3
66 76 3 2
66 77 5 8
66 78 1 4
66 79 9 7
66 81 4 8
66 83 10 9
66 84 6 7
66 85 6 9
66 86 7 9
66 88 8 3
66 89 1 6
66 90 4 10
66 91 5 6
66 93 9 3
66 94 3 5
66 96 1 6
66 98 6 4
66 100 1 1
67 68 3 6
67 69 8 6
67 70 6 6
67 71 1 5
67 72 8 2
67 73 6 8
67 75 2 6
67 76 10 5
67 77 9 2
67 78 4 1
67 79 3 4
67 81 3 3
67 82 1 5
67 83 10 3
67 84 3 10
67 85 7 9
67 87 1 9
67 88 10 1
67 89 5 8
67 90 5 5
67 91 4 2
67 92 10 10
67 93 4 9
67 94 9 2
67 95 8 3
67 96 8 2
67 97 7 10
67 98 1 4
67 99 8 8
67 100 3 3
68 69 7 9
68 71 6 10
68 72 10 3
68 73 7 7
68 74 7 2
68 75 5 4
68 77 9 10
68 78 4 2
68 79 10 10
68 80 9 2
68 81 5 6
68 83 7 10
68 85 1 6
68 86 9 2
68 87 2 7
68 88 7 6
68 89 4 2
68 90 9 1
68 92 3 4
68 93 5 9
68 94 4 10
68 95 10 7
68 96 6 5
68 97 4 5
68 98 7 5
68 100 10 7
69 70 2 1
69 71 9 3
69 72 9 5
69 73 6 2
69 74 7 6
69 75 6 5
69 76 6 5
69 77 10 4
69 78 9 3
69 79 1 6
69 80 9 5
69 81 8 10
69 83 5 9
69 85 4 10
69 86 5 5
69 87 6 6
69 88 4 3
69 89 6 7
69 90 10 5
69 94 3 7
69 95 2 10
69 96 4 6
69 97 4 3
69 99 3 8
69 100 7 2
70 72 1 9
70 73 3 2
70 75 1 3
70 76 5 10
70 78 5 1
70 79 10 7
70 80 3 8
70 81 10 4
70 82 3 6
70 83 8 4
70 84 5 10
70 86 8 10
70 87 8 3
70 88 2 5
70 89 3 1
70 90 1 2
70 91 2 2
70 92 7 8
70 93 6 3
70 94 2 5
70 95 2 5
70 96 9 8
70 97 9 8
70 98 7 7
70 99 7 2
70 100 4 1
71 72 4 4
71 74 1 6
71 75 2 2
71 76 2 7
71 77 7 8
71 79 8 10
71 80 10 5
71 81 2 10
71 82 5 2
71 83 8 9
71 84 4 2
71 85 3 6
71 86 10 1
71 87 5 4
71 89 1 9
71 90 3 2
71 91 6 8
71 92 2 4
71 96 2 1
71 97 7 5
71 99 2 7
72 73 6 3
72 74 7 1
72 75 6 8
72 76 10 4
72 77 5 5
72 78 9 1
72 80 4 10
72 82 10 4
72 83 9 9
72 84 8 3
72 85 6 1
72 86 1 8
72 87 4 8
72 89 3 4
72 90 9 4
72 91 3 4
72 93 6 1
72 95 7 10
72 97 2 5
72 99 9 6
72 100 2 8
73 74 3 10
73 75 1 3
73 76 4 2
73 77 5 10
73 78 8 2
73 79 3 6
73 80 8 8
73 81 1 9
73 83 4 1
73 84 9 5
73 86 4 2
73 87 2 9
73 88 1 3
73 90 3 4
73 92 8 8
73 93 4 10
73 94 1 5
73 95 9 3
73 96 6 7
73 97 5 7
73 98 4 9
73 99 5 10
73 100 5 1
74 75 10 4
74 78 2 7
74 79 2 5
74 80 3 7
74 82 6 4
74 84 5 9
74 85 2 3
74 87 10 2
74 89 5 9
74 91 3 1
74 92 8 8
74 93 2 1
74 96 10 2
74 97 2 7
74 98 3 7
75 76 3 7
75 77 5 2
75 78 1 9
75 79 5 1
75 80 9 10
75 82 4 8
75 83 3 2
75 84 3 2
75 85 5 7
75 88 6 4
75 89 3 6
75 90 7 6
75 91 9 9
75 92 3 2
75 93 10 8
75 94 8 10
75 95 9 6
75 96 5 5
75 99 1 6
75 100 8 10
76 77 6 4
76 78 3 5
76 79 3 6
76 80 6 1
76 81 1 2
76 82 7 10
76 84 10 7
76 87 2 2
76 88 8 6
76 89 6 9
76 91 7 5
76 92 1 1
76 93 4 1
76 94 7 3
76 95 7 6
76 96 4 10
76 97 9 10
76 98 7 3
76 99 5 10
76 100 5 5
77 80 7 3
77 81 9 5
77 82 8 6
77 83 9 3
77 85 8 7
77 86 7 3
77 87 1 10
77 88 10 5
77 89 5 4
77 90 1 10
77 91 10 1
77 92 1 8
77 93 7 9
77 94 1 2
77 95 1 9
77 96 7 3
77 97 9 1
77 98 2 3
77 99 6 7
77 100 3 10
78 79 6 6
78 80 9 8
78 81 4 7
78 82 10 7
78 83 1 8
78 84 5 4
78 85 2 1
78 86 10 7
78 87 8 6
78 89 4 1
78 90 4 4
78 91 6 7
78 92 4 7
78 93 8 9
78 94 2 7
78 95 3 9
78 97 5 4
78 98 5 5
78 99 6 2
78 100 8 3
79 80 1 5
79 82 6 4
79 83 8 5
79 84 6 1
79 85 6 3
79 86 8 2
79 87 6 9
79 88 10 5
79 89 9 6
79 90 7 7
79 92 10 4
79 93 6 5
79 94 7 1
79 95 10 3
79 97 7 6
79 98 8 9
79 99 2 10
80 82 1 4
80 83 6 3
80 85 1 3
80 86 7 10
80 87 10 6
80 88 2 10
80 89 10 5
80 90 9 9
80 91 2 7
80 92 2 1
80 93 4 2
80 94 7 7
80 95 4 8
80 96 2 1
80 97 8 7
80 99 5 4
80 100 6 1
81 82 6 2
81 83 6 8
81 84 7 3
81 85 1 3
81 86 10 1
81 87 2 9
81 88 6 9
81 89 10 4
81 91 2 4
81 92 6 9
81 93 10 10
81 94 8 1
81 95 5 4
81 96 5 2
81 97 6 1
81 98 4 4
81 99 7 3
81 100 1 4
82 85 8 6
82 86 7 6
82 87 4 8
82 90 10 6
82 91 4 2
82 93 5 3
82 94 4 3
82 95 8 8
82 99 5 10
82 100 5 10
83 84 4 5
83 85 6 5
83 87 4 10
83 89 7 2
83 90 2 9
83 91 9 10
83 93 1 7
83 94 3 10
83 95 7 3
83 96 3 6
83 97 7 3
83 98 6 7
83 99 2 9
84 85 4 7
84 86 7 9
84 87 10 9
84 88 5 5
84 90 2 6
84 91 4 2
84 92 2 5
84 93 9 7
84 94 6 5
84 95 7 6
84 96 6 3
84 97 7 6
84 98 2 7
84 100 2 1
85 86 7 10
85 88 5 5
85 89 6 9
85 90 10 8
85 92 7 10
85 93 3 8
85 95 10 9
85 96 9 7
85 97 4 6
85 98 4 1
85 100 3 6
86 87 4 10
86 88 5 2
86 90 5 1
86 91 5 7
86 92 8 6
86 93 10 6
86 94 8 7
86 95 7 10
86 96 9 10
86 98 1 8
86 99 5 2
86 100 8 8
87 89 10 8
87 90 1 5
87 92 9 7
87 93 3 6
87 94 9 10
87 95 10 3
87 96 4 5
87 97 6 6
87 98 8 5
87 99 9 6
87 100 5 10
88 90 6 3
88 91 8 8
88 92 3 2
88 93 7 9
88 94 10 9
88 95 6 3
88 96 5 8
88 97 8 2
88 98 7 5
88 99 1 7
88 100 4 10
89 91 3 9
89 92 2 7
89 93 2 9
89 95 2 10
89 96 8 6
89 97 8 2
89 98 3 8
89 99 5 7
89 100 3 3
90 91 5 9
90 92 8 2
90 93 1 9
90 94 7 3
90 95 10 6
90 96 10 4
90 97 4 5
90 98 1 8
90 99 10 8
90 100 10 8
91 92 3 6
91 93 6 1
91 94 6 6
91 95 9 5
91 97 1 9
91 98 6 5
91 99 7 8
92 93 5 8
92 94 6 4
92 95 3 6
92 97 2 6
92 99 5 5
92 100 1 1
93 94 10 3
93 95 3 6
93 96 1 3
93 97 10 9
93 99 8 5
93 100 3 10
94 95 7 9
94 96 5 6
94 97 5 6
94 98 4 4
94 99 5 6
94 100 5 4
95 96 6 5
95 97 9 3
95 98 2 2
95 99 6 4
95 100 1 3
96 97 1 3
96 98 10 4
96 100 2 3
97 98 6 3
97 100 9 9
98 99 3 4
98 100 2 7
99 100 1 9
1
1 2 3 4 5 6 7 8 9 10 11 12 13 14 15 16 17 18 19 20 21 22 23 24 25 26 27 28 29 30 31 32 33 34 35 36 37 38 39 40 41 42 43 44 45 46 47 48 49 50
