3957
1 2 4 1
1 3 3 6
1 4 8 5
1 5 5 1
1 8 6 5
1 9 4 6
1 10 2 1
1 11 6 1
1 12 3 1
1 13 2 8
1 14 10 3
1 15 6 6
1 16 8 2
1 17 10 9
1 18 1 5
1 19 7 3
1 21 1 2
1 22 2 4
1 23 8 8
1 25 3 6
1 26 9 3
1 27 9 6
1 28 2 10
1 29 10 3
1 30 10 5
1 31 9 2
1 33 3 3
1 34 2 1
1 35 6 7
1 36 7 3
1 37 6 8
1 38 4 1
1 39 6 3
1 40 2 9
1 41 2 8
1 42 9 7
1 43 10 1
1 44 5 5
1 45 8 7
1 46 6 3
1 47 7 8
1 48 9 6
1 49 9 4
1 50 10 1
1 51 1 2
1 52 2 1
1 53 5 5
1 54 7 4
1 56 4 10
1 57 8 9
1 58 3 7
1 59 6 10
1 60 1 2
1 62 10 5
1 63 9 4
1 65 1 6
1 66 6 4
1 67 9 7
1 68 4 10
1 69 7 1
1 72 2 6
1 73 4 2
1 74 4 5
1 75 10 8
1 76 4 8
1 77 3 6
1 78 10 3
1 79 5 1
1 80 5 1
1 81 9 7
1 83 10 3
1 84 2 6
1 85 3 2
1 86 1 2
1 87 4 8
1 90 2 1
1 91 6 2
1 93 6 5
1 95 1 10
1 96 5 10
1 97 5 6
1 98 1 2
1 99 6 8
2 3 10 3
2 4 10 10
2 5 6 9
2 6 9 5
2 7 5 5
2 8 9 7
2 9 4 9
2 10 1 6
2 11 6 5
2 12 1 2
2 13 7 5
2 14 3 5
2 15 6 3
2 16 8 5
2 18 6 1
2 19 6 2
2 20 1 2
2 21 3 6
2 22 4 9
2 23 9 10
2 24 2 1
2 26 8 5
2 29 1 6
2 30 2 9
2 32 9 10
2 34 6 6
2 35 5 3
2 37 9 9
2 38 8 8
2 39 3 1
2 40 3 4
2 41 5 1
2 42 5 1
2 43 6 7
2 46 7 8
2 49 1 3
2 50 4 5
2 51 3 7
2 52 7 8
2 53 8 4
2 54 4 3
2 55 8 4
2 57 1 10
2 58 3 1
2 59 8 1
2 60 9 4
2 63 5 3
2 64 8 5
2 71 7 7
2 72 6 9
2 73 4 6
2 74 3 10
2 75 6 3
2 77 6 9
2 78 8 3
2 79 10 6
2 82 3 4
2 83 7 3
2 84 8 10
2 85 10 5
2 86 1 1
2 87 10 7
2 88 7 9
2 89 10 8
2 90 3 10
2 91 8 6
2 92 3 1
2 93 9 9
2 94 9 2
2 95 8 2
2 96 7 7
2 97 2 9
2 98 4 7
2 99 8 9
2 100 4 2
3 4 1 4
3 5 10 3
3 6 7 6
3 8 5 6
3 9 6 8
3 10 3 7
3 12 7 1
3 13 10 2
3 14 5 7
3 15 7 3
3 16 2 7
3 17 10 8
3 18 2 4
3 19 8 8
3 20 3 8
3 21 8 1
3 22 3 10
3 23 5 9
3 24 8 2
3 25 1 9
3 26 6 2
3 27 4 3
3 28 2 3
3 30 4 8
3 32 10 10
3 33 9 7
3 34 3 6
3 35 7 8
3 36 5 6
3 37 2 9
3 38 5 2
3 40 9 9
3 41 10 10
3 42 6 7
3 43 1 10
3 44 4 3
3 45 4 1
3 46 9 3
3 47 10 2
3 48 7 1
3 49 5 1
3 50 10 1
3 51 3 4
3 54 2 10
3 55 3 4
3 56 4 7
3 57 3 6
3 58 3 5
3 59 9 2
3 61 2 6
3 62 9 8
3 63 4 10
3 65 9 10
3 66 7 10
3 67 9 2
3 69 2 8
3 70 7 7
3 71 1 5
3 72 6 8
3 73 10 2
3 75 6 6
3 76 5 9
3 77 10 8
3 79 7 9
3 80 6 8
3 82 4 10
3 83 8 10
3 84 5 10
3 85 1 2
3 87 6 2
3 88 5 7
3 91 9 9
3 92 2 9
3 93 1 9
3 94 6 2
3 95 1 2
3 96 5 8
3 99 10 8
3 100 9 4
4 5 7 7
4 6 7 5
4 7 10 10
4 8 2 4
4 9 2 1
4 10 4 3
4 11 8 4
4 12 2 7
4 13 6 3
4 14 2 7
4 17 6 5
4 18 4 9
4 19 5 1
4 20 7 8
4 22 1 3
4 23 1 3
4 24 8 8
4 26 4 2
4 27 2 4
4 28 6 4
4 29 7 7
4 31 8 8
4 33 3 4
4 34 1 3
4 35 10 5
4 36 7 6
4 38 3 3
4 39 3 5
4 42 8 4
4 43 5 4
4 44 8 7
4 45 8 5
4 47 6 8
4 48 1 4
4 49 1 2
4 50 8 8
4 52 2 9
4 53 4 2
4 54 7 2
4 55 9 8
4 56 6 3
4 57 7 2
4 58 1 9
4 59 8 1
4 60 3 6
4 61 1 4
4 63 4 1
4 64 1 5
4 65 2 8
4 66 5 10
4 67 9 8
4 70 5 1
4 71 10 2
4 72 1 10
4 73 7 3
4 74 10 3
4 75 5 5
4 76 10 2
4 77 3 3
4 78 10 8
4 79 6 10
4 81 10 7
4 82 7 9
4 84 7 5
4 85 9 9
4 86 1 7
4 87 9 1
4 88 1 9
4 90 2 10
4 91 2 1
4 92 2 8
4 93 9 9
4 94 9 6
4 96 2 5
4 97 4 3
4 98 4 6
4 99 3 3
4 100 4 8
5 6 2 6
5 7 5 8
5 9 2 2
5 10 5 10
5 11 1 2
5 12 6 8
5 13 6 6
5 14 2 2
5 15 8 9
5 16 10 2
5 17 4 10
5 19 5 1
5 20 1 6
5 21 2 4
5 22 2 2
5 23 3 4
5 24 10 6
5 25 8 1
5 26 3 1
5 27 9 7
5 28 10 1
5 29 3 9
5 30 9 10
5 39 1 4
5 41 6 7
5 42 6 3
5 43 6 8
5 44 9 2
5 45 5 8
5 46 1 9
5 47 1 3
5 48 4 7
5 49 1 3
5 50 4 2
5 52 7 2
5 53 2 9
5 55 2 4
5 56 4 1
5 57 3 2
5 60 1 1
5 61 4 4
5 63 7 5
5 64 4 9
5 65 3 2
5 66 6 8
5 67 2 6
5 68 8 10
5 70 10 4
5 71 8 7
5 72 1 2
5 73 1 5
5 74 7 3
5 76 2 5
5 77 9 1
5 78 5 3
5 81 6 9
5 82 6 7
5 83 10 1
5 84 5 2
5 85 10 3
5 86 1 10
5 87 7 8
5 88 8 4
5 89 9 9
5 91 10 10
5 92 2 2
5 93 8 2
5 94 8 2
5 97 9 1
5 98 8 4
5 99 9 6
5 100 10 6
6 7 8 2
6 8 6 4
6 9 5 4
6 10 6 4
6 11 9 6
6 12 3 9
6 13 9 8
6 14 3 3
6 15 5 1
6 16 4 8
6 17 8 8
6 18 10 3
6 19 1 7
6 20 2 3
6 21 10 4
6 22 1 9
6 23 9 7
6 26 9 1
6 30 1 5
6 31 8 4
6 32 7 8
6 33 6 10
6 34 4 2
6 35 3 10
6 36 1 3
6 37 6 5
6 39 8 6
6 40 8 9
6 41 2 5
6 43 9 4
6 46 6 4
6 47 3 2
6 48 8 2
6 49 7 1
6 50 9 5
6 51 4 9
6 52 7 7
6 53 8 5
6 54 8 1
6 55 8 4
6 56 8 9
6 58 9 2
6 59 8 1
6 61 5 1
6 62 5 3
6 63 1 6
6 64 8 9
6 65 6 4
6 66 9 4
6 67 10 8
6 68 9 10
6 69 8 6
6 70 5 4
6 71 8 3
6 74 2 9
6 75 4 2
6 78 7 10
6 79 8 5
6 80 10 4
6 81 10 9
6 82 10 8
6 83 9 3
6 84 6 10
6 85 9 9
6 86 1 9
6 87 3 3
6 88 3 5
6 89 9 9
6 91 2 5
6 92 10 3
6 93 10 3
6 94 3 1
6 95 4 5
6 96 2 5
6 97 7 10
6 98 3 6
6 99 4 8
6 100 5 4
7 8 3 3
7 9 5 7
7 10 3 3
7 12 10 5
7 15 5 7
7 16 4 2
7 17 7 10
7 18 8 7
7 19 6 5
7 20 4 9
7 21 9 3
7 22 4 6
7 26 2 5
7 28 4 1
7 30 2 1
7 31 5 2
7 33 1 8
7 34 1 4
7 35 1 4
7 36 5 3
7 37 4 10
7 38 5 7
7 39 8 6
7 40 1 4
7 43 7 5
7 44 4 7
7 45 4 6
7 46 3 9
7 47 3 4
7 48 4 10
7 51 10 5
7 52 4 6
7 54 1 4
7 55 4 4
7 56 5 6
7 57 5 6
7 58 7 8
7 59 7 9
7 60 3 6
7 61 7 4
7 63 3 1
7 64 7 9
7 65 8 1
7 67 7 7
7 68 6 10
7 69 7 7
7 70 9 3
7 71 10 5
7 72 7 4
7 74 10 7
7 76 3 3
7 78 2 7
7 80 9 3
7 81 8 6
7 82 9 8
7 83 7 6
7 84 9 3
7 85 9 9
7 87 9 2
7 88 9 3
7 89 3 5
7 90 10 10
7 91 2 4
7 92 8 4
7 93 10 2
7 94 8 3
7 95 10 6
7 96 1 6
7 97 10 7
7 98 7 7
7 99 5 10
7 100 8 4
8 9 10 5
8 10 7 2
8 12 2 5
8 13 5 4
8 14 2 8
8 15 8 10
8 16 6 1
8 17 5 3
8 18 2 8
8 19 5 4
8 20 1 8
8 22 2 3
8 25 6 4
8 26 10 10
8 28 7 1
8 29 5 3
8 32 10 8
8 34 2 3
8 35 8 5
8 36 3 1
8 37 10 4
8 39 10 5
8 40 7 7
8 41 2 10
8 42 8 10
8 43 6 6
8 44 7 2
8 45 2 5
8 46 2 5
8 47 9 9
8 48 1 7
8 49 5 6
8 50 3 8
8 53 7 5
8 54 4 4
8 55 4 8
8 57 1 3
8 60 10 10
8 61 9 3
8 63 6 3
8 64 8 2
8 65 5 10
8 66 7 9
8 67 2 9
8 68 1 4
8 69 6 8
8 70 1 1
8 72 7 3
8 73 5 3
8 74 7 6
8 75 2 7
8 76 7 9
8 77 6 5
8 78 3 8
8 79 3 5
8 80 9 8
8 81 10 5
8 82 9 4
8 83 1 8
8 84 8 7
8 85 1 8
8 88 2 5
8 89 9 6
8 90 4 7
8 92 4 5
8 93 4 7
8 95 8 1
8 96 10 7
8 97 5 9
8 98 5 5
8 99 10 5
9 10 2 1
9 12 8 4
9 13 1 6
9 14 2 9
9 15 10 10
9 16 10 9
9 17 3 10
9 18 6 5
9 19 8 3
9 20 6 3
9 21 7 1
9 22 3 9
9 24 9 10
9 27 8 4
9 28 10 8
9 29 8 8
9 30 9 10
9 31 1 7
9 32 1 1
9 33 7 1
9 35 2 1
9 36 9 10
9 37 4 5
9 38 2 5
9 39 1 8
9 41 2 6
9 42 5 4
9 44 5 6
9 45 9 3
9 46 5 5
9 47 4 9
9 48 7 6
9 50 6 2
9 51 4 8
9 53 7 5
9 54 3 1
9 55 6 5
9 56 10 1
9 57 8 2
9 58 5 4
9 59 3 3
9 60 9 2
9 61 5 4
9 62 2 7
9 63 3 3
9 64 3 6
9 65 5 10
9 66 1 1
9 67 3 10
9 68 3 3
9 70 10 6
9 71 3 10
9 73 6 8
9 74 6 1
9 75 3 3
9 76 3 10
9 78 1 9
9 79 3 5
9 80 4 4
9 81 2 7
9 84 1 7
9 86 2 6
9 87 6 1
9 88 8 6
9 89 9 2
9 90 7 7
9 91 6 4
9 92 1 2
9 93 9 9
9 94 3 7
9 96 5 8
9 97 4 5
9 98 8 1
9 100 3 6
10 11 4 9
10 14 4 9
10 16 8 10
10 17 1 3
10 18 5 8
10 19 4 5
10 21 1 8
10 22 4 2
10 23 4 6
10 25 6 8
10 26 2 3
10 27 9 9
10 29 3 9
10 30 10 1
10 31 5 1
10 33 8 2
10 35 3 6
10 36 4 5
10 37 6 2
10 38 1 10
10 39 10 2
10 40 1 3
10 41 4 3
10 42 9 6
10 43 2 7
10 45 9 6
10 46 5 7
10 47 10 6
10 48 6 5
10 49 4 2
10 50 8 4
10 52 10 3
10 53 8 4
10 54 9 6
10 56 8 7
10 57 4 5
10 58 1 7
10 59 7 7
10 61 7 4
10 63 8 6
10 64 8 2
10 65 1 7
10 67 10 1
10 68 8 9
10 69 8 8
10 70 10 3
10 71 2 7
10 73 6 6
10 74 1 10
10 75 4 3
10 76 10 5
10 77 5 8
10 78 1 1
10 80 1 7
10 81 7 9
10 82 2 9
10 83 3 9
10 84 7 3
10 85 10 5
10 86 8 1
10 87 2 1
10 88 5 10
10 89 1 6
10 90 8 2
10 91 5 10
10 92 5 3
10 93 3 1
10 94 8 10
10 95 8 2
10 96 6 8
10 97 10 5
10 98 6 8
10 99 5 1
10 100 10 7
11 12 6 10
11 13 9 7
11 14 1 6
11 16 2 10
11 18 4 6
11 19 6 4
11 20 7 1
11 21 5 10
11 22 1 5
11 23 5 7
11 24 4 2
11 25 5 9
11 28 7 10
11 29 4 10
11 30 1 5
11 31 5 5
11 32 5 6
11 33 3 4
11 34 10 2
11 35 8 2
11 36 5 9
11 37 6 8
11 39 10 6
11 40 6 3
11 41 7 3
11 42 4 9
11 43 5 7
11 45 7 5
11 46 7 4
11 47 3 7
11 49 3 4
11 51 1 6
11 52 2 10
11 53 8 2
11 54 10 1
11 55 5 5
11 56 4 2
11 58 6 2
11 59 10 5
11 60 7 4
11 61 6 8
11 62 10 3
11 63 4 6
11 65 10 7
11 68 3 1
11 69 8 3
11 70 8 10
11 71 6 4
11 72 3 7
11 73 8 1
11 74 7 3
11 75 7 4
11 76 1 3
11 77 3 5
11 79 7 9
11 80 2 10
11 81 10 3
11 82 6 2
11 83 10 4
11 84 8 4
11 85 3 10
11 86 3 8
11 87 8 5
11 88 1 10
11 90 7 1
11 91 5 4
11 92 6 3
11 93 3 5
11 94 1 2
11 96 9 9
11 97 2 9
11 99 7 10
11 100 9 3
12 13 5 10
12 15 8 9
12 16 5 1
12 17 5 4
12 18 4 1
12 20 9 5
12 21 5 7
12 22 6 2
12 24 4 1
12 25 9 5
12 26 3 10
12 27 1 4
12 29 7 2
12 30 9 9
12 31 2 9
12 32 4 10
12 34 8 3
12 35 7 5
12 37 3 10
12 38 2 5
12 39 10 10
12 41 8 3
12 42 9 2
12 43 9 9
12 44 9 6
12 47 4 10
12 48 7 5
12 50 9 8
12 51 10 7
12 52 9 5
12 53 3 9
12 54 7 8
12 56 9 8
12 57 6 8
12 58 4 3
12 59 10 1
12 60 6 2
12 61 6 3
12 62 10 3
12 63 5 3
12 64 7 8
12 65 1 1
12 66 1 10
12 67 7 2
12 68 9 3
12 69 2 7
12 70 5 1
12 71 7 6
12 72 4 4
12 73 1 1
12 74 5 9
12 75 1 1
12 76 10 6
12 78 8 1
12 79 1 7
12 80 10 3
12 82 1 9
12 84 5 7
12 85 4 6
12 86 6 5
12 87 3 10
12 88 1 10
12 89 5 2
12 91 8 2
12 94 2 6
12 95 2 2
12 96 7 8
12 97 9 3
12 98 9 2
12 99 3 3
12 100 1 7
13 15 10 9
13 16 5 8
13 18 5 5
13 19 10 5
13 20 10 1
13 21 6 7
13 23 7 3
13 24 2 5
13 25 7 4
13 26 8 4
13 27 1 8
13 28 10 6
13 29 6 8
13 30 8 4
13 31 2 6
13 32 1 9
13 33 9 9
13 34 7 6
13 35 4 10
13 36 8 2
13 37 7 1
13 38 6 3
13 39 1 10
13 40 8 5
13 41 1 3
13 42 7 7
13 43 10 2
13 44 8 2
13 45 10 4
13 49 8 10
13 50 7 4
13 52 5 10
13 53 1 6
13 54 4 8
13 56 8 9
13 57 3 8
13 59 4 7
13 60 6 7
13 61 1 4
13 64 6 8
13 66 2 9
13 67 4 1
13 69 8 10
13 70 4 1
13 71 7 10
13 73 4 4
13 74 2 10
13 75 7 7
13 76 1 4
13 78 9 8
13 79 9 4
13 80 3 6
13 81 9 6
13 82 4 3
13 83 8 9
13 86 10 9
13 87 8 2
13 88 2 1
13 89 2 2
13 90 7 6
13 91 3 5
13 92 4 5
13 94 2 10
13 95 2 1
13 96 3 5
13 97 2 7
13 98 4 6
13 99 3 9
13 100 1 5
14 15 10 9
14 16 9 8
14 17 3 2
14 18 8 6
14 20 9 4
14 21 7 2
14 22 5 5
14 23 3 9
14 24 10 10
14 25 4 1
14 26 7 3
14 27 5 8
14 28 1 1
14 29 7 10
14 30 3 9
14 31 9 9
14 33 6 8
14 34 3 9
14 35 10 10
14 36 2 7
14 37 10 3
14 38 6 6
14 39 3 4
14 41 5 1
14 42 8 10
14 43 6 6
14 44 9 2
14 45 4 2
14 46 6 7
14 48 6 10
14 49 7 2
14 50 3 3
14 53 1 8
14 54 3 5
14 55 4 6
14 56 9 7
14 58 10 7
14 59 7 10
14 60 5 6
14 61 4 6
14 62 2 9
14 63 3 9
14 64 6 7
14 65 4 4
14 66 8 9
14 68 5 8
14 69 2 1
14 70 4 7
14 71 8 8
14 73 6 10
14 74 2 6
14 75 6 9
14 76 3 5
14 77 10 2
14 78 4 3
14 79 9 9
14 80 6 1
14 81 2 8
14 84 9 6
14 85 1 4
14 86 6 7
14 87 7 9
14 88 10 8
14 89 8 8
14 90 4 6
14 91 8 9
14 92 10 1
14 93 4 4
14 94 2 9
14 95 7 2
14 96 2 9
14 98 5 5
14 99 2 6
14 100 1 5
15 16 2 6
15 17 3 2
15 18 9 9
15 19 2 6
15 20 2 8
15 21 9 1
15 22 2 5
15 23 3 6
15 24 3 9
15 27 3 9
15 29 10 1
15 30 9 5
15 31 6 3
15 32 8 3
15 33 1 2
15 34 4 6
15 35 3 3
15 36 8 10
15 37 9 3
15 38 10 4
15 39 2 5
15 41 7 6
15 42 8 4
15 43 1 2
15 44 9 6
15 45 5 8
15 46 9 3
15 47 1 1
15 48 10 8
15 49 4 5
15 51 5 5
15 52 3 3
15 53 9 10
15 54 2 9
15 55 7 8
15 56 5 2
15 57 3 10
15 58 9 7
15 59 9 9
15 60 6 10
15 61 7 7
15 62 4 5
15 63 4 7
15 64 5 3
15 66 3 7
15 67 8 5
15 68 6 7
15 69 4 4
15 70 10 8
15 71 10 4
15 72 5 4
15 73 1 4
15 74 8 8
15 75 9 6
15 76 7 4
15 77 10 5
15 78 3 2
15 79 5 8
15 80 8 6
15 81 5 6
15 82 4 1
15 83 2 5
15 84 7 10
15 85 2 2
15 86 9 8
15 87 5 1
15 89 6 10
15 90 4 7
15 91 1 6
15 93 2 3
15 95 10 2
15 97 4 2
15 98 8 3
15 99 4 10
15 100 6 9
16 18 6 9
16 19 6 10
16 20 6 5
16 23 8 4
16 25 4 1
16 26 10 3
16 27 3 5
16 28 3 9
16 29 4 8
16 31 2 8
16 32 6 2
16 33 1 1
16 35 2 6
16 36 2 4
16 37 4 2
16 39 9 10
16 40 10 5
16 41 2 2
16 42 6 5
16 43 1 10
16 44 7 8
16 45 3 4
16 46 2 7
16 47 1 2
16 48 7 6
16 53 8 2
16 57 8 6
16 58 10 3
16 60 8 9
16 61 4 3
16 63 7 5
16 64 10 4
16 66 7 7
16 67 9 6
16 68 5 3
16 71 2 1
16 72 3 2
16 73 3 6
16 74 1 10
16 75 9 4
16 76 1 2
16 77 2 8
16 78 5 5
16 79 3 8
16 80 2 6
16 82 1 10
16 84 5 7
16 85 5 6
16 87 4 8
16 88 2 10
16 89 7 6
16 91 8 4
16 93 5 1
16 94 2 5
16 95 9 9
16 98 10 7
16 99 10 6
16 100 6 5
17 18 1 3
17 19 10 10
17 20 1 4
17 21 2 10
17 22 3 6
17 24 2 2
17 25 3 4
17 26 4 3
17 28 9 4
17 29 8 2
17 30 5 9
17 31 2 8
17 32 8 10
17 33 10 7
17 34 3 5
17 35 5 9
17 36 8 9
17 37 1 4
17 38 4 5
17 39 9 1
17 40 9 10
17 41 1 2
17 42 2 7
17 43 3 2
17 44 8 9
17 45 9 4
17 46 2 6
17 47 9 1
17 48 5 7
17 49 7 1
17 51 6 7
17 52 6 4
17 53 6 9
17 54 3 8
17 55 10 10
17 56 4 4
17 57 8 7
17 59 4 5
17 60 9 5
17 61 8 10
17 62 9 6
17 63 9 8
17 64 1 10
17 65 3 6
17 66 9 5
17 67 8 6
17 68 10 2
17 69 2 2
17 70 2 1
17 71 9 4
17 72 2 3
17 73 6 10
17 74 1 5
17 75 7 5
17 76 1 1
17 77 7 8
17 78 6 10
17 79 5 2
17 80 5 2
17 81 3 6
17 82 7 6
17 83 9 2
17 84 10 8
17 85 9 6
17 86 4 9
17 87 3 10
17 88 7 10
17 89 8 7
17 90 5 5
17 91 3 7
17 92 2 4
17 93 4 6
17 94 10 3
17 95 10 7
17 96 6 1
17 97 4 6
17 98 5 5
17 100 9 3
18 19 5 10
18 20 9 8
18 21 5 4
18 23 9 7
18 24 9 9
18 25 3 5
18 27 7 8
18 28 7 7
18 29 4 1
18 31 1 8
18 32 3 5
18 33 6 4
18 34 7 7
18 35 6 10
18 36 4 3
18 38 2 10
18 39 5 5
18 41 7 10
18 43 6 6
18 44 6 7
18 45 3 6
18 46 5 4
18 47 2 3
18 48 4 9
18 49 1 10
18 50 7 3
18 51 6 3
18 52 10 5
18 53 9 7
18 54 6 10
18 55 6 8
18 56 8 6
18 57 7 10
18 58 6 2
18 60 9 10
18 61 3 3
18 63 7 8
18 64 7 3
18 65 10 10
18 66 5 3
18 67 6 7
18 68 10 10
18 69 2 4
18 70 10 6
18 72 8 3
18 73 8 7
18 74 1 4
18 75 1 5
18 76 8 6
18 77 2 6
18 78 10 4
18 79 2 6
18 80 7 10
18 81 5 6
18 84 7 2
18 86 4 2
18 87 3 5
18 88 10 4
18 89 5 5
18 90 6 2
18 92 7 7
18 93 5 6
18 94 3 8
18 95 8 10
18 98 2 3
18 99 6 10
18 100 10 7
19 20 5 1
19 22 3 1
19 23 1 6
19 24 1 1
19 25 6 4
19 26 9 3
19 27 7 6
19 28 6 9
19 31 10 6
19 32 10 6
19 35 6 5
19 36 2 6
19 37 2 4
19 38 1 2
19 39 1 4
19 41 2 7
19 42 2 7
19 43 6 5
19 44 6 5
19 45 2 3
19 46 2 5
19 47 6 6
19 48 10 3
19 49 2 10
19 51 9 7
19 53 5 5
19 55 8 6
19 56 1 4
19 57 6 10
19 58 1 3
19 59 10 7
19 60 7 4
19 61 8 2
19 63 7 1
19 67 1 3
19 68 4 8
19 69 5 8
19 72 7 3
19 74 5 7
19 75 10 4
19 76 9 2
19 79 4 9
19 81 5 4
19 82 9 1
19 83 1 5
19 84 6 3
19 86 9 7
19 87 9 9
19 89 6 3
19 90 7 3
19 91 4 5
19 92 2 6
19 93 8 6
19 94 9 5
19 95 4 2
19 96 9 8
19 97 2 5
19 99 5 5
19 100 4 2
20 21 1 4
20 22 4 5
20 25 9 10
20 26 8 9
20 27 2 10
20 28 7 3
20 29 7 5
20 30 8 3
20 31 5 4
20 32 3 5
20 33 6 2
20 34 4 3
20 35 5 8
20 36 6 7
20 38 8 10
20 39 9 1
20 40 5 9
20 41 5 9
20 42 9 8
20 43 4 10
20 44 8 2
20 45 2 6
20 46 5 6
20 47 9 4
20 48 5 1
20 50 3 2
20 51 6 5
20 52 9 9
20 53 1 7
20 54 8 2
20 55 5 7
20 56 4 3
20 57 6 9
20 58 5 3
20 59 2 1
20 60 8 7
20 64 2 1
20 65 1 6
20 67 8 8
20 70 10 3
20 71 3 5
20 72 9 9
20 73 9 5
20 74 2 8
20 75 7 1
20 76 10 10
20 77 6 2
20 78 10 8
20 79 6 2
20 80 7 7
20 81 2 1
20 82 7 2
20 83 5 6
20 84 8 8
20 88 2 8
20 89 7 10
20 90 7 9
20 92 5 2
20 93 1 8
20 95 8 3
20 96 10 9
20 97 10 2
20 98 4 8
20 99 9 9
20 100 8 5
21 23 2 8
21 24 4 2
21 25 1 8
21 26 2 5
21 27 8 4
21 28 2 4
21 30 2 7
21 31 2 4
21 32 4 6
21 34 10 2
21 35 3 8
21 37 10 2
21 38 10 4
21 39 1 7
21 41 8 7
21 42 8 5
21 44 1 6
21 45 8 2
21 47 6 5
21 49 8 4
21 50 2 2
21 51 3 1
21 52 7 8
21 53 5 2
21 54 7 7
21 55 3 10
21 56 2 5
21 57 8 7
21 59 3 2
21 61 9 3
21 62 8 1
21 63 3 6
21 65 5 10
21 66 2 3
21 68 6 10
21 69 2 6
21 70 4 3
21 71 2 7
21 73 6 1
21 74 8 7
21 75 1 10
21 76 3 2
21 77 6 8
21 78 2 2
21 79 1 8
21 80 1 2
21 81 1 5
21 83 4 6
21 84 7 4
21 85 9 6
21 86 10 4
21 87 4 3
21 88 8 4
21 92 8 4
21 93 10 9
21 94 9 2
21 95 3 5
21 97 5 1
21 99 10 7
21 100 8 2
22 23 5 6
22 24 9 7
22 25 6 9
22 28 4 9
22 29 6 7
22 30 10 5
22 31 5 8
22 32 4 2
22 34 7 10
22 35 9 2
22 37 10 3
22 39 3 7
22 40 10 1
22 42 2 8
22 43 4 4
22 47 9 4
22 49 2 1
22 50 7 9
22 51 2 6
22 52 1 2
22 55 5 9
22 56 7 4
22 57 1 10
22 58 8 9
22 60 7 7
22 61 1 10
22 62 2 3
22 63 4 4
22 64 8 2
22 65 5 1
22 66 7 6
22 67 1 9
22 68 10 9
22 69 2 8
22 70 10 4
22 71 1 7
22 72 9 10
22 74 8 9
22 75 5 5
22 79 6 7
22 81 10 9
22 83 8 9
22 84 7 9
22 85 6 6
22 86 6 2
22 87 1 8
22 89 6 4
22 90 3 6
22 91 1 7
22 92 2 1
22 94 10 4
22 95 5 2
22 96 1 9
22 97 6 3
23 25 3 10
23 26 10 2
23 27 2 8
23 30 5 6
23 31 10 8
23 33 6 2
23 36 6 10
23 40 5 9
23 41 2 8
23 42 6 5
23 44 7 2
23 46 2 8
23 47 8 3
23 49 4 2
23 50 1 6
23 52 5 1
23 53 1 5
23 54 4 2
23 56 10 7
23 57 3 10
23 58 3 1
23 59 3 10
23 60 5 1
23 61 3 2
23 63 7 3
23 65 4 2
23 66 4 4
23 67 3 4
23 68 5 2
23 69 5 2
23 70 10 8
23 72 7 8
23 73 7 3
23 74 2 2
23 75 4 8
23 76 3 8
23 77 7 8
23 78 10 9
23 80 9 9
23 81 8 1
23 82 6 3
23 83 3 4
23 84 8 8
23 85 4 6
23 86 10 5
23 88 3 7
23 90 10 6
23 91 7 5
23 92 6 5
23 93 7 9
23 94 7 4
23 95 1 1
23 97 4 6
23 98 5 10
23 100 4 2
24 26 6 4
24 27 6 3
24 28 4 10
24 29 4 7
24 30 6 1
24 31 5 5
24 32 6 8
24 33 9 8
24 37 4 8
24 38 1 1
24 39 10 3
24 41 5 5
24 42 1 10
24 43 10 6
24 44 10 9
24 45 10 2
24 47 5 5
24 48 2 9
24 49 7 10
24 50 2 5
24 51 4 5
24 52 6 5
24 55 10 8
24 56 5 2
24 57 2 9
24 58 6 4
24 59 3 1
24 62 9 4
24 63 5 3
24 64 9 3
24 65 7 10
24 66 6 1
24 67 10 5
24 68 6 9
24 69 3 4
24 70 8 9
24 71 7 10
24 72 8 9
24 73 8 8
24 74 8 8
24 75 3 4
24 76 9 1
24 77 10 7
24 78 7 1
24 81 3 4
24 82 9 4
24 83 2 10
24 84 9 10
24 85 5 6
24 89 7 5
24 90 2 8
24 91 10 7
24 92 10 6
24 94 1 5
24 96 4 1
24 99 8 5
25 26 10 7
25 28 7 10
25 29 8 3
25 32 7 7
25 33 6 10
25 35 9 9
25 36 6 10
25 37 8 3
25 38 5 2
25 39 2 4
25 41 2 8
25 42 3 7
25 43 1 3
25 44 5 8
25 45 7 5
25 46 6 2
25 47 1 2
25 48 2 6
25 49 10 4
25 50 1 7
25 51 3 1
25 52 4 1
25 54 1 4
25 56 1 2
25 57 8 10
25 58 8 7
25 59 1 1
25 60 2 1
25 62 4 2
25 63 4 3
25 64 10 8
25 65 10 7
25 67 7 4
25 69 4 4
25 70 7 8
25 71 1 8
25 72 2 6
25 73 8 10
25 76 7 10
25 77 6 1
25 79 8 9
25 80 10 1
25 82 1 4
25 83 4 5
25 84 1 2
25 86 6 10
25 89 10 4
25 90 4 9
25 91 10 2
25 92 9 10
25 93 7 7
25 94 6 3
25 95 6 9
25 97 4 7
25 98 6 6
25 99 3 3
25 100 2 8
26 27 5 4
26 29 10 7
26 30 3 2
26 31 9 5
26 33 3 9
26 34 9 5
26 35 4 8
26 36 9 5
26 38 9 8
26 39 10 9
26 40 1 5
26 41 9 9
26 42 8 2
26 43 3 4
26 44 8 3
26 45 4 3
26 46 4 3
26 48 10 4
26 49 9 4
26 50 4 6
26 52 8 7
26 53 1 2
26 55 4 1
26 56 2 9
26 57 8 6
26 58 3 4
26 60 2 7
26 62 5 6
26 63 3 2
26 64 6 4
26 65 4 2
26 66 8 7
26 68 5 7
26 69 4 8
26 70 7 5
26 73 1 1
26 74 2 3
26 75 2 7
26 77 7 4
26 78 10 10
26 79 8 10
26 80 5 6
26 81 6 2
26 82 9 1
26 83 4 4
26 84 8 6
26 85 3 9
26 86 3 8
26 89 3 9
26 90 2 2
26 92 5 3
26 93 5 7
26 94 2 2
26 95 9 8
26 97 5 3
26 100 7 4
27 28 4 7
27 30 6 6
27 32 8 10
27 33 3 6
27 34 9 5
27 35 7 8
27 36 5 2
27 37 2 4
27 38 4 4
27 39 10 3
27 40 7 9
27 41 2 6
27 43 3 10
27 44 5 3
27 45 2 10
27 47 7 1
27 50 7 2
27 51 7 5
27 52 8 10
27 53 10 9
27 54 10 7
27 55 7 6
27 57 10 8
27 58 7 1
27 59 3 2
27 61 3 7
27 62 5 7
27 64 7 4
27 65 4 10
27 66 10 5
27 67 2 2
27 68 1 5
27 69 3 6
27 70 4 1
27 71 10 5
27 72 7 2
27 73 9 9
27 74 4 4
27 75 10 4
27 76 6 1
27 77 3 10
27 78 1 3
27 79 3 9
27 80 3 9
27 82 8 7
27 83 9 1
27 85 10 8
27 88 2 5
27 89 10 7
27 90 7 9
27 91 6 6
27 92 7 8
27 95 10 1
27 97 3 2
27 98 1 4
27 100 8 4
28 30 2 3
28 31 2 8
28 32 1 4
28 33 6 2
28 35 5 8
28 36 9 9
28 37 6 2
28 39 9 1
28 40 1 1
28 41 5 7
28 43 5 4
28 44 10 1
28 45 6 2
28 47 8 4
28 48 7 1
28 49 4 2
28 51 8 7
28 53 7 1
28 56 8 6
28 59 3 3
28 60 7 8
28 61 10 7
28 62 1 1
28 63 8 5
28 64 6 10
28 65 5 4
28 67 10 3
28 68 4 5
28 69 8 6
28 71 8 7
28 72 7 10
28 73 6 1
28 74 3 8
28 75 9 7
28 76 9 10
28 77 1 2
28 78 4 5
28 79 5 3
28 83 5 6
28 84 4 1
28 85 3 5
28 86 10 8
28 87 8 5
28 88 9 1
28 90 1 10
28 91 2 9
28 92 7 3
28 93 6 6
28 94 10 6
28 95 1 4
28 97 5 10
28 98 10 6
29 30 6 6
29 31 2 10
29 32 2 1
29 35 9 9
29 36 9 8
29 37 9 4
29 39 7 2
29 42 3 8
29 43 2 8
29 44 2 4
29 45 8 2
29 47 2 6
29 49 3 1
29 50 5 6
29 51 9 5
29 52 8 3
29 53 3 9
29 54 5 1
29 55 7 5
29 56 10 4
29 58 7 4
29 59 9 4
29 60 3 5
29 62 10 10
29 63 10 8
29 64 5 3
29 65 10 9
29 67 8 7
29 69 10 9
29 71 8 10
29 72 5 4
29 73 8 9
29 75 9 6
29 76 3 5
29 77 2 7
29 78 7 4
29 79 8 3
29 80 1 6
29 81 7 5
29 82 2 7
29 83 10 3
29 84 3 6
29 86 5 3
29 87 3 1
29 88 2 4
29 89 9 8
29 90 4 10
29 91 3 8
29 94 10 6
29 95 2 10
29 96 1 5
29 97 1 2
29 99 2 5
29 100 7 5
30 33 2 1
30 34 5 7
30 36 6 3
30 37 7 8
30 38 7 3
30 39 5 8
30 40 9 8
30 41 1 3
30 42 9 10
30 44 1 3
30 45 4 6
30 46 10 10
30 47 10 2
30 49 2 5
30 50 1 3
30 51 1 1
30 52 6 6
30 53 9 7
30 54 5 7
30 55 9 2
30 56 2 4
30 57 5 3
30 58 4 4
30 60 10 5
30 61 8 3
30 62 6 8
30 63 3 1
30 64 7 3
30 65 4 8
30 66 5 2
30 68 3 1
30 69 8 2
30 70 4 1
30 71 4 5
30 72 1 7
30 74 8 8
30 75 8 2
30 76 5 9
30 77 7 4
30 78 5 3
30 79 3 9
30 80 7 10
30 82 7 7
30 83 3 9
30 84 2 9
30 86 5 6
30 87 10 5
30 88 9 6
30 89 2 1
30 90 7 4
30 92 1 10
30 93 2 3
30 94 2 1
30 96 9 1
30 97 4 6
30 98 9 8
30 100 3 8
31 32 6 6
31 33 5 6
31 34 3 8
31 35 2 2
31 36 9 7
31 38 9 5
31 39 1 1
31 40 10 9
31 41 8 8
31 42 7 3
31 43 1 3
31 44 8 5
31 45 7 5
31 46 9 3
31 47 9 8
31 48 6 10
31 49 10 9
31 50 2 9
31 51 8 10
31 52 10 1
31 53 7 6
31 54 4 3
31 55 6 8
31 56 8 5
31 57 8 8
31 58 8 4
31 59 9 6
31 62 1 1
31 63 4 4
31 65 6 9
31 66 8 4
31 67 2 6
31 68 2 2
31 69 10 6
31 71 1 5
31 72 5 5
31 73 6 6
31 76 1 2
31 78 1 9
31 79 5 2
31 80 1 7
31 82 3 8
31 83 6 1
31 84 5 5
31 85 9 8
31 86 1 3
31 88 1 1
31 89 10 1
31 90 8 7
31 91 1 1
31 92 9 5
31 93 5 1
31 94 7 8
31 95 5 2
31 96 6 6
31 98 3 10
31 99 1 6
32 33 10 10
32 35 7 8
32 36 1 4
32 39 8 5
32 41 5 2
32 42 7 3
32 43 8 1
32 44 10 7
32 46 2 5
32 47 1 6
32 48 10 5
32 49 5 7
32 50 9 3
32 51 5 10
32 52 5 8
32 55 7 7
32 56 7 3
32 57 2 10
32 59 6 3
32 60 5 1
32 61 5 7
32 62 4 9
32 65 8 2
32 66 1 6
32 67 7 3
32 68 10 3
32 69 6 6
32 70 10 10
32 71 6 10
32 72 10 7
32 73 8 3
32 74 7 10
32 75 3 7
32 76 7 6
32 77 9 10
32 78 2 1
32 79 4 5
32 80 5 7
32 81 6 3
32 82 7 1
32 83 10 7
32 84 10 1
32 85 8 1
32 86 1 6
32 87 6 2
32 88 4 7
32 89 4 4
32 90 5 3
32 92 5 6
32 93 6 1
32 94 1 7
32 95 10 4
32 96 2 1
32 97 8 3
32 99 6 2
32 100 3 2
33 35 2 3
33 37 3 3
33 38 10 2
33 39 5 8
33 40 8 7
33 42 3 4
33 43 4 10
33 47 7 4
33 48 8 2
33 49 7 9
33 50 3 9
33 51 7 7
33 52 8 3
33 53 8 2
33 54 8 1
33 55 3 8
33 56 5 2
33 57 10 10
33 58 7 1
33 59 2 3
33 60 1 3
33 62 3 8
33 63 4 3
33 65 9 8
33 66 4 4
33 67 9 2
33 68 6 2
33 69 5 1
33 70 6 10
33 71 3 4
33 72 2 9
33 73 6 10
33 75 3 6
33 76 2 5
33 77 5 6
33 79 2 8
33 80 9 7
33 81 5 2
33 82 3 7
33 83 6 1
33 84 1 7
33 85 10 4
33 86 2 7
33 87 5 1
33 89 5 10
33 90 3 6
33 91 2 8
33 92 4 5
33 93 2 8
33 94 7 9
33 95 1 3
33 96 7 8
33 98 7 5
33 100 4 1
34 35 9 9
34 37 2 6
34 38 7 4
34 39 5 3
34 40 5 8
34 41 7 9
34 42 7 4
34 43 2 1
34 44 3 10
34 45 5 3
34 46 10 1
34 47 8 2
34 49 9 2
34 50 7 10
34 52 2 9
34 53 6 3
34 54 7 2
34 55 4 3
34 57 8 8
34 58 10 5
34 59 7 4
34 60 7 4
34 61 9 9
34 62 8 4
34 63 4 2
34 64 7 9
34 65 4 6
34 66 1 3
34 67 2 3
34 68 4 6
34 69 6 4
34 70 8 4
34 73 6 2
34 75 8 9
34 76 6 6
34 77 8 8
34 78 5 8
34 79 7 9
34 80 2 8
34 81 4 10
34 82 1 6
34 83 7 2
34 84 3 1
34 85 9 5
34 86 8 9
34 87 5 4
34 88 4 3
34 89 7 8
34 90 10 7
34 92 8 7
34 94 2 8
34 95 3 8
34 96 2 2
34 97 5 7
34 100 5 9
35 36 9 9
35 37 8 2
35 38 8 2
35 39 8 3
35 40 5 7
35 41 1 8
35 42 1 10
35 44 9 4
35 46 1 2
35 47 3 3
35 48 8 3
35 49 7 4
35 51 3 4
35 52 5 6
35 53 7 5
35 54 10 6
35 55 8 8
35 56 7 1
35 57 1 2
35 58 10 6
35 59 8 3
35 60 10 7
35 62 1 2
35 63 10 4
35 64 9 1
35 65 1 2
35 66 1 10
35 69 9 10
35 70 5 1
35 72 1 7
35 73 2 2
35 74 3 10
35 76 6 10
35 78 1 8
35 79 1 8
35 80 1 1
35 82 2 7
35 83 3 1
35 84 4 9
35 85 1 10
35 86 6 10
35 87 10 1
35 88 4 8
35 89 7 6
35 91 10 1
35 93 10 1
35 94 7 8
35 95 1 1
35 96 6 4
35 99 1 6
35 100 6 6
36 38 3 8
36 39 3 1
36 40 2 10
36 41 1 3
36 42 2 7
36 43 1 8
36 44 6 6
36 45 1 3
36 47 1 3
36 48 6 6
36 50 5 4
36 51 6 9
36 52 2 8
36 53 7 10
36 54 1 6
36 55 10 3
36 56 1 6
36 57 1 8
36 58 7 8
36 59 7 5
36 61 8 2
36 62 9 1
36 63 1 4
36 64 4 1
36 65 8 6
36 66 2 3
36 67 4 2
36 70 1 3
36 72 6 1
36 73 7 2
36 74 8 1
36 75 3 4
36 76 7 7
36 77 3 7
36 78 7 4
36 79 6 3
36 80 3 2
36 82 5 10
36 83 4 6
36 84 2 10
36 86 9 7
36 87 4 7
36 88 2 10
36 89 5 1
36 90 9 9
36 91 2 10
36 92 2 2
36 97 2 3
36 98 8 8
36 99 7 7
36 100 8 4
37 38 8 4
37 39 4 8
37 40 8 1
37 41 1 4
37 42 9 8
37 43 5 5
37 44 6 10
37 46 3 1
37 47 2 9
37 48 10 2
37 49 8 7
37 50 9 8
37 51 5 1
37 52 4 5
37 53 7 1
37 54 4 8
37 55 1 3
37 56 3 6
37 58 8 5
37 61 8 1
37 62 8 9
37 63 8 9
37 64 1 5
37 65 4 8
37 66 6 4
37 67 5 5
37 68 5 5
37 69 2 1
37 71 7 7
37 73 5 7
37 75 6 9
37 76 10 10
37 77 2 6
37 78 4 5
37 79 6 5
37 80 1 2
37 81 5 7
37 83 7 3
37 84 3 7
37 85 4 8
37 86 1 6
37 87 2 10
37 88 7 6
37 89 10 7
37 90 3 3
37 91 4 10
37 92 8 5
37 93 5 7
37 94 10 8
37 96 8 5
37 97 10 4
37 98 2 6
37 99 2 3
37 100 5 5
38 39 10 10
38 40 2 10
38 41 9 9
38 42 1 5
38 43 6 10
38 45 4 4
38 46 1 10
38 47 8 8
38 49 6 3
38 50 5 8
38 51 3 9
38 52 5 1
38 54 5 7
38 55 2 10
38 56 6 5
38 57 1 2
38 58 3 7
38 60 10 4
38 61 3 10
38 63 3 3
38 64 8 10
38 65 10 7
38 66 7 2
38 68 3 5
38 69 3 9
38 70 4 1
38 71 2 5
38 72 5 1
38 74 9 2
38 75 5 8
38 76 3 1
38 77 5 3
38 78 7 1
38 79 2 9
38 80 2 2
38 81 7 8
38 83 3 9
38 84 5 8
38 85 5 8
38 86 5 2
38 88 4 9
38 89 6 7
38 90 7 9
38 91 2 10
38 93 1 7
38 95 7 9
38 97 7 1
38 98 1 9
38 99 5 6
39 41 5 2
39 42 7 10
39 43 9 8
39 45 10 6
39 46 3 8
39 48 9 7
39 50 10 6
39 51 10 4
39 52 7 5
39 53 5 6
39 54 6 10
39 55 6 10
39 57 5 2
39 58 4 9
39 59 9 9
39 60 9 10
39 61 7 1
39 62 3 9
39 63 9 6
39 64 5 9
39 65 1 7
39 66 3 10
39 67 2 3
39 68 6 5
39 69 2 1
39 70 10 6
39 71 7 9
39 72 10 6
39 73 4 8
39 74 10 10
39 75 8 2
39 76 1 4
39 77 8 5
39 78 7 1
39 79 1 7
39 80 3 9
39 81 6 1
39 82 10 2
39 83 9 3
39 84 4 2
39 85 5 7
39 86 4 3
39 87 1 9
39 88 5 8
39 89 5 4
39 90 5 2
39 91 8 1
39 92 7 7
39 93 1 3
39 94 1 5
39 95 2 8
39 96 1 9
39 97 1 5
39 98 10 9
39 99 10 8
39 100 1 5
40 41 5 10
40 42 10 5
40 43 2 4
40 44 3 5
40 45 9 9
40 46 4 1
40 47 3 5
40 48 9 7
40 50 2 6
40 52 9 2
40 54 8 9
40 56 5 7
40 57 8 6
40 58 10 8
40 59 8 10
40 61 8 3
40 62 7 10
40 63 3 1
40 64 9 4
40 65 6 5
40 66 6 5
40 67 7 1
40 70 6 5
40 71 10 2
40 72 7 4
40 73 2 1
40 75 6 3
40 76 2 7
40 77 8 7
40 78 4 6
40 79 2 5
40 82 9 3
40 83 4 3
40 85 4 4
40 87 7 6
40 88 6 8
40 89 6 6
40 90 3 3
40 91 7 8
40 93 5 3
40 94 9 8
40 96 10 1
40 97 2 4
40 98 3 2
40 99 1 5
40 100 6 8
41 42 8 4
41 44 6 8
41 45 10 9
41 47 1 9
41 48 8 10
41 49 9 8
41 50 4 2
41 51 9 4
41 55 5 9
41 56 4 2
41 57 4 6
41 60 7 9
41 62 4 2
41 63 6 10
41 64 5 8
41 65 2 5
41 66 5 10
41 67 9 8
41 68 9 2
41 69 9 1
41 70 7 10
41 71 8 2
41 72 6 9
41 73 4 2
41 74 10 7
41 75 5 4
41 76 3 3
41 77 6 8
41 78 2 3
41 79 7 4
41 81 1 5
41 82 7 9
41 83 10 3
41 84 10 1
41 86 9 6
41 87 4 10
41 88 10 9
41 90 9 2
41 91 1 1
41 92 5 5
41 93 4 5
41 94 1 4
41 95 1 6
41 96 4 3
41 97 4 6
41 100 5 8
42 43 5 4
42 44 1 3
42 45 1 9
42 46 4 3
42 48 2 4
42 50 1 9
42 51 5 4
42 52 3 10
42 53 8 5
42 54 10 1
42 55 5 5
42 56 9 1
42 58 10 6
42 59 2 2
42 60 3 1
42 61 7 8
42 62 10 6
42 63 2 6
42 65 5 3
42 66 3 7
42 67 10 4
42 68 1 5
42 69 8 7
42 70 1 1
42 71 3 5
42 72 7 8
42 73 4 2
42 74 3 2
42 75 10 8
42 78 10 8
42 79 6 3
42 80 9 4
42 81 5 5
42 82 9 10
42 83 4 2
42 84 9 9
42 85 10 1
42 86 8 2
42 88 1 7
42 89 7 6
42 90 2 2
42 91 9 5
42 92 3 2
42 94 2 5
42 95 4 10
42 96 4 8
42 98 4 10
42 99 4 7
43 44 4 8
43 46 3 3
43 48 1 6
43 50 7 7
43 51 2 6
43 52 1 8
43 53 7 3
43 54 6 8
43 55 4 9
43 56 5 2
43 57 1 10
43 58 10 3
43 59 10 8
43 60 1 7
43 61 1 9
43 62 8 6
43 63 4 9
43 65 9 5
43 66 5 3
43 67 2 4
43 68 5 10
43 70 10 5
43 71 4 10
43 72 2 9
43 73 4 2
43 74 2 6
43 75 7 4
43 76 9 2
43 77 1 2
43 79 8 5
43 81 1 9
43 82 9 3
43 83 9 5
43 84 2 9
43 85 8 7
43 86 7 2
43 87 6 5
43 88 1 5
43 89 7 8
43 90 10 3
43 91 10 1
43 92 1 3
43 93 6 1
43 94 5 5
43 95 4 3
43 96 1 10
43 97 8 6
43 98 7 3
43 99 8 3
43 100 5 2
44 45 6 5
44 46 2 10
44 47 3 5
44 48 2 5
44 50 10 8
44 51 6 3
44 52 10 5
44 53 9 8
44 54 5 6
44 55 2 7
44 56 10 2
44 58 9 2
44 59 5 2
44 60 5 8
44 62 6 3
44 63 8 4
44 64 8 9
44 65 7 3
44 66 10 2
44 67 8 6
44 69 3 1
44 70 3 7
44 72 1 8
44 73 7 7
44 74 5 8
44 75 7 5
44 76 5 2
44 78 9 3
44 80 7 7
44 82 5 3
44 84 4 7
44 85 10 2
44 86 6 1
44 87 3 6
44 88 1 6
44 89 1 7
44 90 10 3
44 91 3 4
44 93 7 6
44 97 1 3
44 99 3 7
44 100 5 5
45 46 2 5
45 47 4 5
45 48 9 9
45 49 3 8
45 51 2 1
45 52 6 1
45 53 9 10
45 54 4 4
45 55 2 4
45 56 10 6
45 58 7 9
45 59 2 9
45 61 8 10
45 62 5 3
45 64 3 8
45 65 7 9
45 66 7 5
45 67 8 2
45 69 9 8
45 70 9 8
45 71 3 9
45 72 2 4
45 73 8 8
45 74 7 1
45 75 2 1
45 76 8 3
45 77 1 7
45 80 7 3
45 81 2 5
45 82 10 9
45 83 2 10
45 84 6 9
45 85 7 1
45 86 10 5
45 87 2 9
45 88 9 10
45 89 5 9
45 91 3 8
45 92 8 5
45 93 2 7
45 94 5 4
45 96 7 3
45 98 6 1
45 99 10 7
45 100 3 9
46 47 6 10
46 48 1 4
46 51 5 10
46 52 9 8
46 56 9 5
46 57 3 1
46 58 2 8
46 60 1 8
46 61 10 4
46 65 1 6
46 66 2 7
46 67 7 2
46 68 6 7
46 69 5 8
46 70 3 6
46 71 10 10
46 72 3 8
46 73 9 7
46 74 1 2
46 75 3 5
46 76 1 8
46 78 7 10
46 79 10 7
46 80 1 3
46 81 6 9
46 83 6 3
46 84 3 5
46 85 3 3
46 86 5 2
46 88 5 7
46 89 3 5
46 90 10 7
46 92 2 4
46 93 8 10
46 95 9 8
46 96 7 7
46 97 10 3
46 99 8 7
46 100 3 7
47 48 5 3
47 49 4 4
47 50 4 4
47 51 6 2
47 53 8 4
47 54 7 7
47 55 10 10
47 56 6 4
47 57 3 1
47 58 8 8
47 59 9 10
47 60 8 10
47 62 5 5
47 63 1 2
47 64 10 10
47 65 10 6
47 66 1 3
47 67 6 7
47 68 4 2
47 69 8 9
47 70 5 1
47 71 5 9
47 72 4 5
47 73 9 3
47 75 8 5
47 76 3 6
47 77 6 9
47 78 10 6
47 79 10 7
47 80 3 9
47 81 6 8
47 84 4 9
47 85 3 9
47 86 3 6
47 88 3 8
47 89 9 3
47 90 10 3
47 91 4 1
47 94 6 3
47 95 8 4
47 97 3 4
47 100 5 7
48 49 5 9
48 50 2 8
48 53 6 10
48 54 10 6
48 57 6 3
48 58 10 7
48 59 8 9
48 60 10 4
48 61 7 4
48 63 3 3
48 64 5 8
48 65 9 3
48 66 6 5
48 69 4 9
48 70 8 7
48 71 7 1
48 72 6 7
48 73 1 9
48 75 5 8
48 76 4 8
48 77 1 3
48 78 10 10
48 79 9 10
48 80 8 3
48 81 8 5
48 82 5 3
48 83 1 9
48 84 2 2
48 85 7 6
48 86 3 8
48 87 6 6
48 90 8 1
48 93 9 7
48 94 8 7
48 95 4 5
48 96 3 7
48 97 9 10
48 98 3 8
48 99 3 5
48 100 5 7
49 50 8 2
49 51 2 3
49 52 4 7
49 53 10 7
49 54 6 5
49 55 9 3
49 56 9 8
49 58 7 8
49 59 3 10
49 61 6 5
49 62 9 5
49 63 9 10
49 65 4 2
49 66 4 2
49 67 4 8
49 68 7 5
49 69 4 2
49 70 6 10
49 71 1 8
49 72 2 5
49 73 7 7
49 74 3 8
49 75 8 6
49 76 7 5
49 78 7 4
49 79 10 4
49 80 5 1
49 81 8 7
49 82 1 2
49 83 3 10
49 84 9 9
49 86 9 4
49 87 8 5
49 89 3 7
49 90 8 4
49 91 2 3
49 92 3 8
49 93 10 2
49 94 1 10
49 95 6 2
49 96 1 2
49 97 5 9
49 99 2 4
49 100 1 5
50 51 6 5
50 52 4 6
50 53 1 2
50 54 1 2
50 55 7 2
50 56 9 3
50 57 1 8
50 58 5 3
50 59 1 5
50 60 1 2
50 61 8 9
50 62 4 10
50 63 9 2
50 67 6 5
50 68 6 5
50 69 6 4
50 70 8 2
50 71 5 10
50 72 10 3
50 73 5 9
50 74 9 3
50 75 6 6
50 76 4 1
50 77 3 4
50 79 5 4
50 80 2 9
50 81 9 2
50 82 2 6
50 84 1 8
50 86 1 3
50 88 9 7
50 90 1 4
50 91 8 2
50 92 1 3
50 96 6 3
50 97 1 4
50 98 9 9
50 99 8 3
50 100 5 2
51 52 7 3
51 53 10 2
51 55 8 3
51 56 3 7
51 57 7 10
51 58 8 9
51 59 4 9
51 60 7 1
51 61 10 1
51 62 8 7
51 63 4 9
51 64 6 8
51 65 6 4
51 66 5 3
51 67 10 1
51 69 4 1
51 70 1 9
51 72 2 3
51 73 10 9
51 74 1 1
51 75 2 2
51 76 7 7
51 77 2 9
51 79 4 5
51 80 4 3
51 81 4 9
51 82 3 8
51 83 4 9
51 84 9 9
51 85 10 9
51 86 9 6
51 87 3 9
51 88 10 6
51 89 2 10
51 90 4 9
51 91 7 7
51 92 5 6
51 93 1 3
51 94 3 9
51 95 10 2
51 96 6 5
51 98 4 7
51 99 1 5
51 100 5 10
52 53 6 5
52 54 5 7
52 55 3 5
52 56 10 1
52 59 7 8
52 60 3 4
52 62 4 9
52 63 6 2
52 65 3 9
52 66 6 3
52 67 2 1
52 68 1 3
52 70 6 3
52 71 10 7
52 72 9 4
52 73 6 9
52 74 8 1
52 75 4 8
52 76 4 10
52 78 9 10
52 81 4 9
52 82 3 5
52 83 10 10
52 84 8 1
52 85 9 8
52 86 6 9
52 87 6 8
52 88 10 10
52 89 2 5
52 90 3 2
52 92 8 5
52 93 7 10
52 98 10 2
52 99 7 4
53 55 1 3
53 57 8 10
53 59 3 6
53 60 7 3
53 61 1 5
53 63 10 9
53 64 3 3
53 65 8 8
53 66 10 8
53 68 4 5
53 72 9 2
53 73 7 8
53 74 9 3
53 75 8 1
53 76 2 1
53 78 1 3
53 79 10 8
53 81 9 9
53 82 9 7
53 83 1 4
53 84 7 6
53 85 7 1
53 86 10 8
53 87 9 8
53 89 3 10
53 90 7 3
53 91 5 9
53 92 10 1
53 93 8 8
53 94 3 5
53 96 5 2
53 97 6 8
53 98 9 4
53 99 4 1
53 100 8 4
54 55 8 1
54 56 1 10
54 57 5 9
54 58 6 7
54 59 5 10
54 60 7 5
54 61 2 10
54 62 9 1
54 63 4 8
54 64 1 8
54 65 1 4
54 66 8 8
54 68 8 4
54 69 9 4
54 70 4 4
54 71 7 7
54 72 3 8
54 73 9 8
54 74 6 2
54 75 6 5
54 76 3 1
54 78 10 1
54 79 3 6
54 80 10 6
54 83 3 3
54 84 10 5
54 85 8 4
54 86 10 2
54 88 8 2
54 90 5 9
54 91 3 5
54 92 3 4
54 93 1 7
54 94 4 1
54 95 8 1
54 96 6 6
54 98 2 1
54 99 8 1
54 100 6 4
55 56 5 9
55 57 8 4
55 58 2 5
55 59 9 6
55 60 4 7
55 61 10 1
55 62 10 10
55 63 6 6
55 65 6 7
55 66 2 3
55 67 2 4
55 68 8 8
55 69 2 4
55 70 4 7
55 71 1 8
55 74 3 2
55 75 10 3
55 76 8 10
55 77 2 1
55 79 10 8
55 80 5 3
55 81 9 6
55 82 10 6
55 84 4 4
55 85 6 2
55 86 1 10
55 87 5 6
55 88 10 8
55 89 3 8
55 90 2 5
55 91 9 2
55 92 7 10
55 93 7 9
55 94 3 8
55 95 3 5
55 98 6 1
55 99 1 5
55 100 4 1
56 57 7 3
56 58 7 2
56 60 4 1
56 61 6 1
56 62 8 6
56 63 10 9
56 64 1 9
56 65 2 8
56 66 10 8
56 67 1 10
56 70 5 8
56 71 2 9
56 72 8 8
56 73 9 2
56 74 7 8
56 76 8 4
56 77 1 1
56 78 5 6
56 79 3 7
56 80 6 8
56 81 2 8
56 82 8 4
56 84 4 4
56 85 7 9
56 87 3 7
56 88 3 6
56 89 8 6
56 90 1 8
56 92 1 7
56 93 2 2
56 95 6 2
56 96 6 9
56 97 2 6
56 99 10 10
56 100 3 9
57 58 2 6
57 59 3 10
57 60 4 8
57 61 6 8
57 62 8 8
57 63 5 6
57 64 5 3
57 65 4 8
57 66 7 6
57 67 6 8
57 68 1 7
57 69 1 7
57 70 5 3
57 71 8 9
57 73 2 7
57 74 4 6
57 75 2 4
57 76 4 7
57 77 6 7
57 78 10 2
57 79 1 1
57 80 9 2
57 81 9 10
57 82 4 5
57 83 4 6
57 84 8 9
57 85 8 8
57 86 10 10
57 87 2 8
57 88 4 10
57 89 4 10
57 90 10 2
57 92 1 7
57 94 9 1
57 95 7 4
57 98 10 2
57 99 4 8
57 100 8 10
58 60 1 3
58 62 10 8
58 63 7 8
58 64 5 1
58 65 7 4
58 66 2 2
58 67 8 7
58 69 4 1
58 70 6 5
58 71 8 4
58 72 9 1
58 73 6 2
58 75 6 1
58 76 4 7
58 77 10 7
58 78 10 10
58 79 9 8
58 80 9 2
58 82 7 4
58 83 8 10
58 84 2 4
58 85 3 6
58 86 9 5
58 87 8 8
58 89 9 3
58 90 6 5
58 91 3 4
58 92 9 2
58 94 4 7
58 95 3 2
58 96 1 2
58 97 1 3
58 98 9 6
58 99 3 5
59 60 2 1
59 61 2 8
59 62 5 5
59 63 7 2
59 65 2 10
59 66 2 6
59 67 3 3
59 68 6 6
59 69 5 7
59 70 5 9
59 71 5 10
59 72 7 10
59 73 7 6
59 74 8 3
59 75 8 8
59 76 1 10
59 77 6 1
59 78 8 9
59 79 3 1
59 82 7 6
59 83 6 2
59 85 1 6
59 86 4 2
59 87 4 4
59 88 10 4
59 89 7 2
59 90 7 9
59 91 5 6
59 92 6 3
59 93 7 9
59 94 8 6
59 96 2 9
59 97 2 4
59 99 1 9
59 100 6 2
60 62 10 2
60 63 7 6
60 64 1 9
60 65 1 10
60 67 7 5
60 68 8 8
60 69 1 3
60 70 10 7
60 71 2 5
60 72 3 8
60 73 3 6
60 75 6 3
60 77 8 3
60 78 7 6
60 80 2 8
60 81 1 6
60 82 2 9
60 83 7 4
60 84 2 9
60 85 3 1
60 86 9 5
60 87 5 1
60 88 7 4
60 89 9 8
60 90 7 3
60 91 8 1
60 92 8 7
60 93 2 8
60 94 3 10
60 95 3 8
60 96 7 8
60 97 8 6
60 98 5 2
60 99 7 9
60 100 6 3
61 62 6 4
61 63 8 4
61 64 6 5
61 65 10 3
61 66 3 4
61 67 10 9
61 68 6 2
61 69 10 7
61 70 5 8
61 71 3 3
61 72 6 2
61 73 7 8
61 75 7 9
61 77 7 8
61 78 7 8
61 79 6 9
61 80 4 10
61 81 7 10
61 82 7 4
61 83 5 3
61 84 10 8
61 86 10 8
61 87 2 10
61 88 9 4
61 89 5 8
61 90 3 5
61 91 7 1
61 92 2 4
61 93 10 6
61 94 2 7
61 95 4 4
61 96 5 6
61 97 4 6
61 98 6 1
61 100 3 2
62 63 3 2
62 64 2 2
62 65 10 7
62 66 6 10
62 67 6 2
62 68 7 5
62 69 8 8
62 70 6 8
62 72 4 3
62 73 2 5
62 74 6 1
62 75 4 1
62 76 2 4
62 77 2 7
62 78 8 5
62 79 6 9
62 80 8 3
62 81 8 7
62 82 5 4
62 83 5 1
62 84 4 2
62 86 10 5
62 88 7 5
62 89 6 7
62 90 1 5
62 91 9 2
62 92 10 5
62 96 4 6
62 97 7 2
62 98 6 5
62 99 3 3
62 100 7 10
63 64 1 1
63 65 2 7
63 66 5 7
63 67 3 1
63 69 5 3
63 70 1 8
63 71 5 5
63 72 5 2
63 73 7 6
63 74 6 5
63 75 4 4
63 77 5 5
63 78 6 4
63 80 3 10
63 81 2 5
63 82 4 4
63 84 10 9
63 85 9 2
63 86 1 6
63 88 5 3
63 89 4 10
63 91 10 8
63 92 1 4
63 94 2 10
63 95 8 2
63 96 9 10
63 97 9 5
63 99 7 4
63 100 6 10
64 65 8 2
64 66 1 5
64 67 6 5
64 68 1 2
64 70 4 2
64 71 6 2
64 72 10 7
64 73 10 6
64 75 3 7
64 76 4 3
64 77 1 7
64 78 9 8
64 79 9 4
64 80 6 4
64 81 1 7
64 82 4 3
64 83 4 4
64 85 9 8
64 86 2 4
64 87 3 1
64 88 6 1
64 89 2 1
64 90 9 1
64 91 8 4
64 92 1 3
64 94 7 3
64 95 7 4
64 96 8 3
64 97 5 6
64 98 6 3
64 99 8 8
64 100 6 1
65 66 4 6
65 67 3 7
65 68 1 5
65 70 3 7
65 71 10 2
65 72 3 8
65 73 10 9
65 74 2 8
65 75 8 5
65 76 7 4
65 77 9 2
65 78 5 8
65 79 3 9
65 80 6 5
65 81 8 3
65 82 7 8
65 83 1 5
65 84 1 2
65 85 8 1
65 86 2 7
65 87 7 1
65 88 7 8
65 89 4 1
65 90 5 9
65 91 5 8
65 92 5 5
65 93 10 10
65 94 2 9
65 95 6 6
65 100 6 9
66 67 3 6
66 71 2 9
66 72 3 7
66 74 4 7
66 76 6 5
66 77 8 4
66 78 8 8
66 79 8 2
66 80 2 6
66 81 9 8
66 82 2 4
66 83 4 4
66 84 2 5
66 85 9 3
66 86 8 10
66 87 10 6
66 88 2 5
66 89 10 5
66 90 4 1
66 91 2 8
66 92 7 2
66 94 4 9
66 96 1 9
66 98 6 4
66 99 4 5
66 100 8 3
67 69 9 10
67 71 4 8
67 72 5 1
67 73 1 4
67 74 4 3
67 75 7 3
67 76 1 3
67 77 3 3
67 78 4 10
67 79 1 1
67 80 3 8
67 81 10 4
67 82 10 8
67 84 5 7
67 85 2 3
67 86 3 6
67 87 2 9
67 88 7 2
67 89 4 3
67 91 9 9
67 92 8 10
67 93 4 5
67 94 4 1
67 95 2 3
67 96 3 1
67 97 3 1
67 98 3 1
67 99 1 10
67 100 8 7
68 69 8 9
68 70 2 3
68 71 8 8
68 72 2 8
68 73 4 3
68 76 1 4
68 79 6 3
68 81 1 3
68 82 3 7
68 83 2 4
68 84 2 4
68 87 5 7
68 88 8 3
68 89 5 8
68 90 5 8
68 91 3 9
68 92 8 9
68 94 5 8
68 95 8 7
68 96 1 7
68 97 4 9
68 98 4 8
68 99 7 3
69 70 8 2
69 71 6 5
69 72 3 8
69 73 5 4
69 75 8 8
69 78 6 10
69 80 9 4
69 81 10 1
69 82 4 4
69 83 8 5
69 84 4 1
69 85 9 9
69 86 2 5
69 87 6 9
69 88 8 5
69 89 9 1
69 91 2 4
69 92 10 7
69 93 6 4
69 96 3 9
69 98 5 6
69 99 10 4
69 100 1 6
70 71 7 9
70 72 4 10
70 73 2 5
70 76 2 8
70 77 4 9
70 78 6 2
70 79 2 4
70 80 9 5
70 81 1 4
70 82 1 5
70 83 8 6
70 85 10 1
70 87 4 9
70 88 2 2
70 89 4 8
70 90 10 9
70 91 2 4
70 92 2 8
70 93 4 10
70 94 9 8
70 95 9 10
70 96 8 4
70 98 6 9
70 100 5 7
71 73 8 6
71 75 10 5
71 76 1 6
71 77 6 9
71 78 4 4
71 80 10 6
71 81 7 8
71 85 10 8
71 87 3 4
71 88 1 5
71 89 3 10
71 90 1 3
71 92 1 8
71 93 10 3
71 94 9 2
71 95 6 7
71 96 4 3
71 98 6 1
71 99 8 8
71 100 3 8
72 73 3 7
72 75 6 6
72 76 3 4
72 77 3 6
72 78 7 4
72 79 1 1
72 80 4 8
72 81 1 3
72 82 4 2
72 84 8 5
72 85 9 7
72 86 4 4
72 87 8 4
72 88 4 6
72 89 9 8
72 90 5 8
72 91 5 3
72 92 3 2
72 93 1 2
72 94 8 7
72 95 3 8
72 97 8 3
72 99 4 10
72 100 1 8
73 74 2 8
73 75 3 8
73 76 3 2
73 77 4 5
73 78 1 1
73 79 6 3
73 80 8 7
73 81 1 7
73 82 1 4
73 83 10 9
73 84 6 5
73 85 2 8
73 87 4 8
73 88 6 6
73 89 3 5
73 91 5 2
73 92 2 10
73 93 8 10
73 94 1 1
73 95 1 9
73 96 9 10
73 97 2 2
73 98 10 4
73 99 6 4
73 100 7 10
74 75 6 3
74 76 1 4
74 78 7 4
74 79 7 9
74 80 4 7
74 81 1 1
74 82 4 7
74 83 4 2
74 86 10 6
74 89 5 8
74 92 4 9
74 94 4 9
74 95 1 9
74 96 4 1
74 97 6 10
74 98 5 9
74 99 10 6
74 100 7 9
75 78 2 7
75 79 6 8
75 80 9 8
75 81 7 2
75 82 7 1
75 83 4 3
75 84 1 1
75 85 1 1
75 86 6 3
75 87 1 4
75 88 2 7
75 89 5 10
75 90 3 1
75 91 9 1
75 93 5 3
75 95 8 9
75 96 8 7
75 98 6 10
75 99 4 6
76 77 1 8
76 78 3 3
76 79 1 5
76 80 5 2
76 81 9 10
76 82 4 9
76 83 1 6
76 84 3 3
76 85 5 1
76 86 4 8
76 87 10 9
76 88 6 7
76 91 5 2
76 93 9 10
76 94 1 5
76 95 9 1
76 97 3 8
76 98 1 2
76 99 5 7
76 100 8 8
77 78 3 3
77 79 6 8
77 80 8 9
77 81 10 7
77 82 9 9
77 83 9 5
77 85 3 3
77 86 9 7
77 87 1 7
77 88 4 2
77 89 7 4
77 90 2 10
77 91 4 1
77 92 2 5
77 94 3 1
77 96 6 6
77 98 6 7
77 99 8 5
77 100 4 10
78 79 4 2
78 80 7 3
78 81 4 2
78 82 4 8
78 83 2 4
78 84 3 10
78 85 7 10
78 86 5 7
78 88 2 6
78 89 4 10
78 91 7 4
78 92 5 6
78 93 1 4
78 95 10 1
78 96 5 2
78 97 1 10
78 100 8 5
79 82 7 7
79 84 8 5
79 85 1 3
79 86 8 8
79 87 7 8
79 89 2 7
79 90 2 9
79 91 8 9
79 92 6 7
79 93 4 8
79 95 4 8
79 96 9 6
79 97 2 10
79 100 5 10
80 81 10 6
80 82 8 5
80 83 7 6
80 84 6 4
80 85 4 6
80 86 9 10
80 87 8 8
80 88 9 6
80 89 2 2
80 90 10 1
80 91 3 8
80 92 5 8
80 94 9 1
80 95 1 4
80 97 6 8
80 98 2 6
80 99 8 6
80 100 1 1
81 82 10 3
81 83 3 3
81 84 2 8
81 85 8 8
81 87 4 5
81 88 8 9
81 89 2 6
81 90 8 8
81 92 2 10
81 94 8 1
81 95 8 10
81 96 1 10
81 97 5 2
81 98 4 7
81 99 10 4
81 100 3 9
82 83 3 1
82 84 4 7
82 85 6 10
82 86 8 7
82 87 2 5
82 88 7 6
82 89 6 3
82 90 3 5
82 91 1 7
82 92 9 10
82 93 2 4
82 94 4 6
82 95 3 5
82 99 4 9
82 100 7 3
83 84 1 7
83 85 2 5
83 87 1 8
83 89 3 2
83 90 4 2
83 94 4 6
83 95 8 4
83 96 1 7
83 97 1 7
83 98 5 5
83 99 8 8
83 100 4 9
84 85 2 7
84 86 8 5
84 87 2 7
84 89 6 2
84 92 10 6
84 93 3 7
84 94 9 7
84 95 2 6
84 96 6 10
84 97 6 6
84 98 4 10
84 99 10 9
84 100 4 7
85 86 1 10
85 87 4 5
85 88 6 5
85 89 4 3
85 90 8 3
85 91 5 2
85 92 7 5
85 93 2 1
85 94 8 9
85 95 4 7
85 96 3 10
85 97 4 1
85 98 9 10
85 99 4 6
85 100 8 3
86 87 2 3
86 90 1 3
86 91 6 2
86 92 1 9
86 93 10 6
86 97 5 2
86 98 9 2
86 99 7 1
86 100 8 9
87 89 7 1
87 92 9 9
87 93 5 8
87 95 10 5
87 96 6 3
87 97 2 1
87 98 5 7
87 100 10 6
88 89 8 10
88 91 8 3
88 93 10 4
88 94 9 10
88 95 2 10
88 97 3 9
88 98 3 9
88 99 9 6
88 100 3 10
89 91 2 8
89 92 8 1
89 94 1 10
89 95 6 8
89 97 10 3
89 99 6 4
89 100 6 5
90 91 1 2
90 92 4 4
90 93 1 7
90 94 4 1
90 95 4 9
90 96 9 3
90 97 4 10
90 98 5 10
90 99 2 7
90 100 5 5
91 94 5 4
91 95 9 7
91 96 4 5
91 97 4 9
91 98 7 5
91 99 7 6
92 96 4 8
92 97 10 6
92 98 7 6
92 99 8 9
92 100 8 5
93 95 6 3
93 96 3 7
93 98 10 9
93 99 10 3
93 100 1 3
94 95 8 10
94 96 6 3
94 98 2 6
95 96 6 1
95 97 2 10
95 98 10 3
95 99 2 1
95 100 8 4
96 97 4 5
96 98 10 1
96 99 10 6
96 100 2 3
97 98 5 9
97 99 6 5
97 100 5 4
98 99 1 6
99 100 2 8
1
1 2 3 4 5 6 7 8 9 10 11 12 13 14 15 16 17 18 19 20 21 22 23 24 25 26 27 28 29 30 31 32 33 34 35 36 37 38 39 40 41 42 43 44 45 46 47 48 49 50
