3941
1 2 10 10
1 3 8 4
1 4 7 4
1 5 10 7
1 6 8 9
1 7 9 7
1 8 1 3
1 9 8 3
1 10 5 8
1 11 4 7
1 12 3 8
1 15 10 8
1 16 3 6
1 17 4 9
1 18 6 5
1 19 4 8
1 20 5 1
1 21 10 2
1 22 5 1
1 23 1 7
1 24 1 2
1 25 6 1
1 26 10 10
1 27 9 9
1 28 7 1
1 29 4 3
1 30 1 4
1 31 1 5
1 32 5 2
1 33 1 10
1 34 1 8
1 36 8 1
1 37 6 5
1 38 1 5
1 39 4 9
1 42 4 5
1 43 5 3
1 45 6 9
1 46 10 2
1 47 9 9
1 48 10 3
1 49 9 6
1 50 1 1
1 51 2 9
1 53 4 1
1 54 6 10
1 55 9 4
1 56 7 9
1 57 9 1
1 58 6 4
1 59 6 1
1 60 6 10
1 61 1 4
1 63 3 6
1 64 6 5
1 65 9 10
1 66 7 9
1 67 2 10
1 68 7 1
1 69 8 8
1 70 1 2
1 71 3 3
1 72 3 2
1 73 2 5
1 74 3 10
1 75 4 5
1 76 3 8
1 79 3 9
1 80 5 8
1 81 7 3
1 82 7 8
1 83 6 4
1 84 8 3
1 85 9 3
1 86 1 5
1 87 4 1
1 88 1 10
1 91 3 2
1 93 5 9
1 94 8 8
1 96 8 5
1 97 2 1
1 98 3 9
1 99 2 6
1 100 8 7
2 3 6 9
2 5 7 8
2 6 6 4
2 7 8 5
2 8 7 5
2 9 3 6
2 11 5 8
2 12 8 7
2 13 9 10
2 14 7 7
2 15 7 9
2 16 6 2
2 17 3 8
2 18 2 2
2 19 2 10
2 21 6 8
2 22 2 8
2 23 1 9
2 24 3 8
2 25 4 8
2 26 5 5
2 27 2 8
2 28 2 2
2 29 2 8
2 30 6 2
2 31 3 7
2 32 5 1
2 35 10 6
2 36 1 9
2 37 4 8
2 39 5 9
2 40 7 2
2 41 8 8
2 44 2 2
2 45 7 3
2 46 7 1
2 47 9 2
2 48 8 4
2 49 5 4
2 50 8 10
2 52 3 1
2 53 2 7
2 54 5 7
2 55 8 3
2 56 8 3
2 58 7 1
2 60 9 7
2 61 10 3
2 63 8 3
2 64 4 5
2 65 8 7
2 66 2 7
2 67 10 7
2 68 6 7
2 69 8 9
2 71 10 3
2 72 9 10
2 73 6 7
2 74 7 6
2 75 9 3
2 76 2 8
2 78 2 3
2 82 9 7
2 83 4 6
2 84 3 5
2 85 7 9
2 86 4 5
2 87 7 6
2 89 5 3
2 90 3 1
2 91 7 4
2 92 1 9
2 93 9 7
2 94 9 8
2 95 6 6
2 96 8 8
2 97 7 7
2 98 3 5
3 5 3 4
3 6 1 4
3 7 8 9
3 9 10 8
3 10 10 2
3 11 8 5
3 12 5 5
3 13 5 1
3 16 4 4
3 17 8 9
3 18 7 1
3 21 3 3
3 25 2 7
3 26 1 3
3 27 9 7
3 28 9 4
3 30 3 10
3 32 3 3
3 34 5 10
3 35 9 4
3 36 2 10
3 37 6 3
3 38 4 3
3 40 9 7
3 41 1 9
3 43 1 9
3 44 4 10
3 45 6 5
3 48 3 9
3 49 5 1
3 50 3 5
3 51 8 8
3 55 2 1
3 56 10 1
3 57 5 8
3 58 10 2
3 59 6 10
3 60 3 3
3 61 7 6
3 62 8 1
3 63 6 1
3 64 4 3
3 65 4 1
3 67 1 6
3 68 2 10
3 69 4 5
3 70 7 1
3 72 3 7
3 73 8 1
3 74 6 3
3 75 9 1
3 76 3 4
3 77 1 6
3 78 3 6
3 79 5 7
3 80 1 6
3 81 7 6
3 82 8 2
3 85 4 2
3 86 4 9
3 87 6 7
3 89 8 1
3 90 10 7
3 91 9 7
3 93 2 5
3 94 9 3
3 95 5 8
3 96 2 9
3 97 1 5
3 98 10 10
3 99 8 8
3 100 2 10
4 5 2 9
4 6 4 2
4 8 5 6
4 9 7 5
4 10 7 9
4 11 1 6
4 12 7 6
4 13 7 9
4 14 6 10
4 15 2 5
4 16 4 4
4 17 6 1
4 18 4 1
4 19 4 10
4 20 5 4
4 21 10 4
4 23 4 9
4 24 10 6
4 25 1 1
4 26 9 2
4 27 5 7
4 28 9 5
4 29 6 10
4 30 9 8
4 31 3 2
4 32 3 5
4 33 5 3
4 34 3 8
4 35 10 4
4 37 10 5
4 38 7 9
4 39 2 8
4 40 8 2
4 41 10 1
4 42 9 2
4 43 6 4
4 45 6 6
4 46 8 2
4 48 5 10
4 50 6 4
4 51 10 7
4 52 3 2
4 53 7 9
4 54 8 2
4 55 5 6
4 56 3 4
4 57 5 3
4 58 3 5
4 59 3 10
4 60 5 8
4 63 8 5
4 64 6 8
4 65 4 3
4 66 4 4
4 67 8 5
4 68 4 3
4 69 8 9
4 70 3 10
4 71 6 1
4 73 2 8
4 75 8 4
4 76 10 7
4 78 5 6
4 80 9 2
4 81 9 5
4 84 8 9
4 85 8 3
4 87 10 10
4 88 6 1
4 89 4 4
4 90 7 3
4 91 5 7
4 92 2 4
4 94 6 6
4 95 5 6
4 96 3 10
4 97 3 1
4 99 8 8
5 6 3 2
5 7 7 5
5 9 4 9
5 10 7 2
5 11 2 3
5 12 9 4
5 13 2 8
5 14 10 5
5 15 1 4
5 16 7 1
5 17 9 1
5 18 10 7
5 20 1 7
5 21 10 1
5 22 1 3
5 23 7 2
5 25 10 5
5 26 9 5
5 27 9 7
5 29 8 2
5 30 4 9
5 31 3 4
5 32 7 1
5 33 4 6
5 35 7 10
5 36 2 9
5 37 7 9
5 38 3 5
5 39 4 8
5 41 5 10
5 42 10 5
5 43 7 3
5 45 4 2
5 46 6 2
5 47 5 6
5 48 1 7
5 49 8 6
5 50 3 10
5 52 7 3
5 53 10 7
5 54 8 1
5 55 10 9
5 56 3 3
5 57 9 8
5 58 5 3
5 59 3 5
5 60 7 9
5 61 3 7
5 62 2 6
5 63 8 4
5 64 1 9
5 65 8 2
5 66 8 10
5 67 3 7
5 68 1 4
5 69 8 3
5 70 10 7
5 71 9 10
5 73 10 8
5 74 7 4
5 75 5 1
5 76 3 9
5 77 4 2
5 78 7 2
5 80 4 2
5 81 10 8
5 83 1 9
5 84 8 4
5 85 6 2
5 86 5 6
5 87 3 1
5 88 6 4
5 89 10 1
5 90 1 10
5 91 8 7
5 92 10 7
5 93 7 5
5 94 5 2
5 95 2 6
5 96 5 7
5 97 3 10
5 98 2 3
5 99 9 5
5 100 2 2
6 7 9 7
6 8 4 6
6 9 4 2
6 10 3 3
6 12 5 10
6 13 4 5
6 17 9 3
6 18 3 7
6 20 5 4
6 21 3 2
6 22 9 5
6 23 6 6
6 24 4 7
6 25 5 9
6 27 10 3
6 28 7 10
6 29 10 9
6 30 4 4
6 31 3 3
6 33 6 6
6 34 7 8
6 36 2 8
6 37 9 10
6 38 6 5
6 39 6 9
6 40 6 8
6 41 6 8
6 42 7 2
6 43 1 6
6 44 1 6
6 45 4 6
6 46 1 2
6 49 7 9
6 50 7 8
6 51 5 1
6 52 1 10
6 53 6 9
6 54 9 10
6 56 7 9
6 57 2 6
6 58 8 10
6 59 2 5
6 60 8 3
6 62 5 7
6 63 8 6
6 64 5 6
6 65 3 3
6 67 10 4
6 68 2 10
6 69 4 4
6 70 4 3
6 71 2 1
6 72 4 4
6 73 7 1
6 74 7 1
6 75 2 1
6 78 5 1
6 80 7 10
6 81 6 9
6 82 9 6
6 83 8 4
6 85 4 8
6 86 6 7
6 87 1 6
6 88 3 8
6 89 10 1
6 90 7 9
6 91 6 2
6 92 5 10
6 93 10 9
6 94 10 7
6 95 1 7
6 96 4 8
6 97 8 4
6 99 6 8
7 8 5 3
7 10 8 8
7 11 2 6
7 13 3 10
7 14 10 4
7 15 4 5
7 16 2 3
7 17 9 5
7 18 4 7
7 19 5 6
7 20 9 6
7 22 2 4
7 23 1 10
7 24 6 5
7 25 9 3
7 26 4 5
7 29 7 7
7 31 5 9
7 32 3 3
7 34 2 2
7 35 5 6
7 36 4 9
7 37 9 8
7 38 7 1
7 40 10 6
7 41 2 5
7 42 9 5
7 43 10 4
7 44 3 3
7 45 7 8
7 47 10 1
7 48 2 1
7 50 4 4
7 51 10 3
7 52 2 3
7 53 6 2
7 54 3 3
7 57 7 1
7 58 9 5
7 59 7 7
7 60 7 8
7 61 9 5
7 62 7 1
7 63 6 4
7 64 1 1
7 66 2 7
7 67 10 10
7 70 6 10
7 72 9 6
7 73 6 6
7 74 9 7
7 75 7 9
7 77 4 10
7 79 3 7
7 80 5 4
7 82 6 2
7 83 5 10
7 84 8 9
7 85 1 4
7 86 10 10
7 88 4 8
7 90 9 2
7 91 9 8
7 92 2 9
7 93 9 2
7 94 5 8
7 95 10 5
7 96 6 10
7 97 9 10
7 98 4 1
7 99 10 3
7 100 10 1
8 9 6 3
8 13 9 6
8 14 5 3
8 16 6 8
8 18 6 3
8 19 1 6
8 20 2 8
8 21 3 3
8 23 6 9
8 25 3 1
8 26 2 2
8 28 5 4
8 29 4 8
8 30 9 3
8 31 4 6
8 33 6 3
8 34 5 6
8 35 8 5
8 36 7 10
8 37 3 5
8 38 7 6
8 39 10 4
8 40 6 7
8 41 2 7
8 42 3 9
8 43 7 1
8 44 5 10
8 45 2 7
8 46 2 5
8 47 6 2
8 48 2 8
8 49 2 6
8 50 3 2
8 52 10 5
8 56 7 8
8 57 10 3
8 58 1 5
8 59 3 10
8 60 7 3
8 61 10 4
8 62 10 8
8 63 2 9
8 64 5 1
8 65 5 2
8 67 9 3
8 68 10 6
8 69 9 7
8 70 2 1
8 71 5 5
8 72 2 2
8 73 3 8
8 75 6 3
8 76 2 4
8 77 9 2
8 79 9 5
8 80 2 3
8 81 7 5
8 82 2 5
8 83 8 7
8 84 8 6
8 85 6 2
8 86 6 10
8 87 5 5
8 88 2 5
8 89 10 10
8 90 3 1
8 91 6 3
8 92 6 5
8 93 3 6
8 94 7 9
8 95 4 1
8 96 9 9
8 97 4 3
8 98 6 8
8 99 1 5
8 100 2 10
9 10 9 1
9 11 6 3
9 12 3 4
9 13 10 4
9 14 9 8
9 15 10 3
9 16 4 2
9 17 10 8
9 18 9 2
9 19 10 3
9 20 4 9
9 21 3 5
9 22 9 2
9 24 8 4
9 25 7 6
9 27 1 9
9 28 4 5
9 30 9 1
9 31 10 4
9 32 6 5
9 36 5 4
9 39 5 2
9 40 6 10
9 41 8 8
9 43 3 1
9 44 6 10
9 47 6 9
9 48 6 3
9 49 3 2
9 50 10 7
9 51 10 10
9 52 5 3
9 53 3 4
9 54 3 9
9 55 6 2
9 56 2 8
9 57 7 2
9 59 5 7
9 60 6 5
9 61 8 10
9 62 3 3
9 63 5 4
9 64 1 5
9 65 6 10
9 67 5 5
9 69 8 4
9 71 1 7
9 72 3 3
9 73 1 9
9 74 3 1
9 75 2 4
9 78 2 1
9 79 4 2
9 80 1 8
9 81 1 10
9 83 9 8
9 84 5 9
9 85 10 2
9 86 4 1
9 87 9 8
9 88 3 9
9 89 5 6
9 90 10 8
9 91 9 1
9 92 2 9
9 93 9 5
9 94 3 2
9 96 3 8
9 97 5 6
9 98 7 4
9 99 6 2
9 100 8 3
10 11 10 7
10 12 8 7
10 13 3 9
10 14 1 7
10 15 10 6
10 16 9 8
10 17 7 7
10 18 2 8
10 19 8 8
10 20 4 10
10 21 1 8
10 22 4 3
10 23 4 7
10 24 10 5
10 27 7 7
10 29 1 7
10 30 10 7
10 31 1 8
10 32 8 10
10 33 7 4
10 34 8 7
10 35 1 7
10 36 1 7
10 37 2 9
10 38 7 3
10 40 4 5
10 41 3 5
10 42 9 2
10 43 5 2
10 44 6 7
10 45 3 5
10 46 3 3
10 47 6 8
10 48 8 2
10 49 7 8
10 52 2 1
10 53 3 3
10 54 5 6
10 55 10 2
10 56 9 8
10 57 7 2
10 58 9 9
10 59 2 6
10 60 7 1
10 61 8 8
10 62 2 1
10 64 4 1
10 66 4 2
10 67 7 9
10 68 7 6
10 69 8 6
10 70 3 3
10 71 1 2
10 72 5 10
10 73 10 4
10 74 9 2
10 75 8 6
10 76 3 7
10 77 5 5
10 78 3 9
10 79 3 10
10 80 7 8
10 81 4 3
10 82 10 9
10 83 2 10
10 85 4 10
10 86 5 8
10 87 2 6
10 88 5 8
10 91 9 7
10 92 10 2
10 93 3 5
10 94 7 10
10 96 8 8
10 97 9 9
10 98 9 7
10 100 2 10
11 12 7 2
11 13 4 7
11 14 7 1
11 15 8 1
11 16 3 4
11 17 6 1
11 18 3 3
11 20 3 10
11 21 7 1
11 22 3 10
11 26 1 3
11 27 3 8
11 28 8 7
11 29 2 9
11 30 10 8
11 31 5 5
11 32 8 2
11 33 9 1
11 34 5 1
11 35 4 7
11 36 3 4
11 37 1 9
11 38 7 7
11 39 4 9
11 41 2 8
11 42 3 6
11 43 10 2
11 44 6 3
11 45 3 1
11 47 7 9
11 48 5 8
11 50 5 10
11 52 4 4
11 53 9 1
11 54 1 6
11 55 10 10
11 56 10 4
11 57 2 2
11 58 1 4
11 59 5 8
11 60 2 4
11 61 6 7
11 64 3 3
11 65 10 1
11 66 3 2
11 67 2 6
11 68 9 7
11 69 8 2
11 70 8 3
11 71 10 7
11 72 5 5
11 74 1 10
11 75 10 4
11 76 8 2
11 77 3 2
11 78 6 5
11 80 5 6
11 83 3 4
11 84 9 8
11 85 7 10
11 86 8 1
11 87 5 4
11 89 2 2
11 91 6 2
11 92 4 7
11 93 9 1
11 94 6 7
11 95 7 2
11 96 7 3
11 97 2 9
11 98 5 10
11 99 6 9
11 100 1 6
12 14 2 7
12 15 4 10
12 16 4 1
12 17 7 6
12 19 2 6
12 20 8 3
12 21 10 3
12 24 4 5
12 25 3 9
12 26 8 4
12 27 7 6
12 28 10 10
12 29 2 6
12 30 1 5
12 31 9 3
12 33 2 2
12 34 2 2
12 35 3 9
12 38 6 9
12 39 1 3
12 40 3 1
12 41 3 3
12 42 2 10
12 44 7 7
12 45 10 5
12 46 6 9
12 47 10 4
12 48 4 1
12 49 2 10
12 50 8 10
12 51 3 5
12 52 9 3
12 53 6 6
12 54 2 1
12 55 6 8
12 56 4 2
12 58 6 4
12 59 9 8
12 60 6 4
12 64 8 6
12 65 5 5
12 66 8 2
12 67 6 4
12 68 6 3
12 70 9 4
12 71 7 9
12 72 3 1
12 73 9 1
12 75 10 1
12 76 5 2
12 77 3 7
12 78 2 2
12 79 7 9
12 80 5 8
12 81 10 3
12 82 8 5
12 83 1 4
12 84 1 9
12 85 7 6
12 86 9 9
12 89 5 8
12 91 9 1
12 93 7 4
12 94 3 2
12 95 2 1
12 97 4 7
12 98 4 9
12 99 6 8
12 100 9 7
13 14 6 2
13 15 3 8
13 16 9 5
13 17 8 8
13 20 6 7
13 21 7 6
13 23 10 2
13 24 5 5
13 25 3 1
13 26 1 5
13 27 5 2
13 30 3 1
13 33 1 10
13 34 10 4
13 36 3 4
13 37 7 2
13 38 2 7
13 39 8 2
13 40 3 2
13 41 1 8
13 42 5 8
13 43 3 4
13 44 3 5
13 46 1 8
13 47 7 2
13 48 1 10
13 49 3 10
13 50 6 4
13 51 8 2
13 52 2 7
13 53 10 3
13 54 4 1
13 56 7 5
13 57 10 2
13 60 8 2
13 62 2 2
13 63 5 9
13 64 7 2
13 65 4 9
13 66 2 5
13 67 10 4
13 68 3 2
13 69 2 4
13 70 4 10
13 71 9 1
13 72 9 2
13 73 8 1
13 74 9 2
13 75 8 5
13 76 10 10
13 77 8 6
13 78 3 2
13 79 2 2
13 80 7 5
13 82 5 5
13 83 1 9
13 84 5 1
13 85 3 4
13 86 1 1
13 88 8 7
13 90 8 8
13 92 2 10
13 96 3 10
13 97 10 10
13 98 9 9
13 99 6 9
14 15 1 7
14 16 2 6
14 17 10 9
14 20 4 10
14 21 8 10
14 22 1 4
14 23 1 10
14 25 6 2
14 26 6 2
14 27 9 4
14 29 7 9
14 30 4 8
14 31 1 2
14 32 7 4
14 33 10 2
14 34 5 10
14 37 4 1
14 38 1 8
14 39 9 4
14 40 6 2
14 41 1 10
14 42 6 4
14 43 1 7
14 44 8 5
14 45 4 9
14 47 1 1
14 48 6 9
14 49 6 2
14 50 3 5
14 51 7 2
14 52 10 8
14 53 10 10
14 55 2 1
14 56 7 10
14 57 3 8
14 58 5 1
14 59 5 9
14 60 3 8
14 61 2 2
14 62 3 3
14 63 9 3
14 64 1 10
14 65 2 8
14 66 4 10
14 67 5 1
14 69 9 8
14 70 7 2
14 71 4 5
14 72 4 5
14 73 1 10
14 74 3 9
14 75 8 6
14 78 9 6
14 79 3 9
14 80 2 4
14 83 8 4
14 84 4 9
14 85 8 5
14 87 5 8
14 88 1 8
14 89 5 2
14 90 5 1
14 92 5 10
14 93 6 9
14 94 6 5
14 95 7 2
14 96 1 7
14 97 9 2
14 98 6 5
14 100 10 1
15 16 1 10
15 17 7 4
15 18 2 7
15 19 7 1
15 21 2 1
15 22 6 6
15 23 5 3
15 26 10 6
15 27 9 5
15 28 6 4
15 30 1 2
15 31 3 5
15 32 2 10
15 33 4 5
15 34 2 8
15 35 10 10
15 36 6 10
15 37 3 7
15 38 8 2
15 39 4 5
15 40 8 8
15 41 9 6
15 43 8 4
15 45 4 9
15 46 4 8
15 48 5 2
15 49 10 9
15 50 10 4
15 51 3 10
15 52 9 2
15 53 2 1
15 54 1 4
15 55 8 10
15 56 2 4
15 57 5 10
15 58 5 3
15 59 3 7
15 60 3 3
15 61 7 3
15 62 9 1
15 64 8 5
15 65 10 5
15 66 1 9
15 67 3 9
15 68 1 6
15 69 7 7
15 70 10 9
15 71 9 9
15 72 7 3
15 73 10 10
15 74 7 3
15 75 8 2
15 76 9 4
15 77 10 7
15 78 10 10
15 79 10 8
15 80 10 3
15 81 5 1
15 82 6 3
15 83 1 10
15 84 2 8
15 85 5 6
15 88 7 5
15 89 6 3
15 90 6 4
15 91 2 9
15 93 5 6
15 94 9 2
15 95 1 3
15 96 9 1
15 98 6 7
15 99 10 10
16 17 6 1
16 18 5 3
16 19 2 9
16 20 7 1
16 21 1 9
16 22 2 3
16 23 1 5
16 24 9 10
16 25 1 1
16 26 1 4
16 27 8 6
16 29 8 2
16 30 3 4
16 31 2 1
16 32 10 2
16 33 7 2
16 34 8 9
16 36 8 10
16 37 5 1
16 38 8 9
16 39 2 5
16 40 10 9
16 41 4 10
16 42 8 3
16 43 6 4
16 44 5 3
16 45 2 8
16 46 9 8
16 47 3 7
16 48 5 9
16 50 4 2
16 51 10 7
16 52 6 8
16 53 2 7
16 54 8 4
16 56 3 4
16 57 1 7
16 58 6 9
16 59 9 8
16 60 4 1
16 61 7 2
16 63 2 8
16 65 5 10
16 67 6 6
16 68 10 6
16 69 3 1
16 70 5 10
16 71 8 8
16 72 2 2
16 73 9 9
16 74 7 2
16 75 8 3
16 76 5 6
16 77 7 7
16 78 8 1
16 79 4 3
16 80 6 1
16 81 2 1
16 82 10 1
16 84 6 2
16 85 6 3
16 86 2 8
16 87 5 9
16 88 2 2
16 89 9 9
16 90 2 2
16 91 4 4
16 93 1 2
16 94 10 5
16 95 8 8
16 96 8 4
16 97 8 8
16 98 9 1
16 99 7 5
17 18 3 1
17 19 10 4
17 21 9 4
17 22 4 6
17 23 1 3
17 24 2 5
17 25 2 7
17 26 6 6
17 27 7 4
17 29 2 5
17 30 1 4
17 31 5 2
17 32 1 7
17 33 1 9
17 35 10 4
17 36 7 8
17 37 5 3
17 38 8 1
17 39 4 3
17 40 10 5
17 42 8 10
17 43 8 5
17 45 2 9
17 46 7 7
17 47 1 2
17 48 6 7
17 51 1 8
17 52 1 7
17 56 3 7
17 57 4 1
17 58 9 2
17 59 4 10
17 62 6 10
17 65 1 6
17 68 7 6
17 71 10 8
17 72 3 10
17 73 9 8
17 74 10 9
17 75 10 7
17 76 6 8
17 78 2 1
17 79 7 5
17 80 5 9
17 81 2 7
17 82 4 9
17 83 6 8
17 84 9 10
17 85 7 3
17 86 2 7
17 87 4 4
17 89 7 4
17 91 5 2
17 92 2 6
17 93 1 3
17 94 7 1
17 96 1 3
17 97 8 6
17 98 9 7
17 99 10 7
17 100 9 7
18 19 8 3
18 20 5 3
18 21 1 1
18 22 2 5
18 23 10 2
18 24 10 8
18 26 1 10
18 27 7 5
18 28 3 1
18 29 6 7
18 30 1 1
18 31 8 10
18 32 2 10
18 34 9 2
18 35 10 1
18 36 4 8
18 39 6 7
18 40 5 1
18 41 1 9
18 42 2 3
18 43 3 1
18 44 5 3
18 46 6 9
18 48 4 4
18 49 10 10
18 50 5 6
18 52 3 5
18 53 1 10
18 54 1 6
18 56 3 6
18 57 8 2
18 60 5 6
18 61 2 4
18 62 9 3
18 63 7 3
18 64 2 5
18 65 10 7
18 66 9 10
18 67 4 7
18 68 7 4
18 71 4 9
18 72 10 2
18 73 8 7
18 75 4 4
18 76 5 3
18 77 3 7
18 78 10 4
18 79 2 10
18 80 1 8
18 81 8 7
18 83 8 6
18 84 2 5
18 85 10 4
18 86 5 10
18 87 5 2
18 89 5 2
18 90 6 2
18 91 3 5
18 92 2 2
18 93 2 6
18 94 1 6
18 96 2 3
18 97 10 6
18 98 10 3
18 99 4 9
18 100 7 6
19 20 6 9
19 21 9 6
19 22 7 1
19 23 8 1
19 24 1 6
19 25 4 2
19 26 7 1
19 27 1 10
19 28 10 6
19 29 5 6
19 30 4 1
19 31 5 5
19 32 7 2
19 33 5 7
19 34 8 6
19 36 6 2
19 38 7 1
19 39 5 2
19 41 7 1
19 42 2 3
19 43 10 6
19 45 9 8
19 48 9 5
19 49 9 2
19 50 1 3
19 51 3 1
19 52 7 1
19 53 4 6
19 54 9 8
19 55 2 7
19 56 5 6
19 57 9 2
19 58 8 6
19 59 5 9
19 62 2 6
19 64 7 10
19 66 3 10
19 67 6 10
19 68 6 6
19 70 8 4
19 71 4 5
19 72 3 5
19 73 4 3
19 74 9 9
19 75 1 2
19 77 1 3
19 78 6 7
19 79 8 10
19 80 1 6
19 81 1 6
19 82 5 4
19 83 8 6
19 84 5 9
19 85 5 8
19 86 1 4
19 87 8 3
19 88 3 6
19 89 2 9
19 90 2 6
19 91 8 6
19 93 5 9
19 94 2 6
19 95 1 3
19 96 8 10
19 97 3 4
19 100 4 8
20 22 5 9
20 23 9 7
20 24 8 6
20 25 7 10
20 26 3 8
20 27 2 4
20 28 7 5
20 29 8 7
20 31 6 6
20 32 10 1
20 34 4 10
20 35 8 6
20 36 9 5
20 37 4 8
20 38 6 9
20 39 3 4
20 40 5 4
20 41 10 3
20 43 1 8
20 44 4 8
20 46 9 2
20 47 8 7
20 49 7 7
20 51 9 1
20 52 9 6
20 53 4 10
20 54 4 3
20 55 7 2
20 56 2 5
20 57 8 1
20 58 2 4
20 60 6 5
20 61 4 2
20 62 4 2
20 63 4 6
20 64 7 1
20 65 2 4
20 66 1 5
20 67 4 1
20 68 5 2
20 69 5 4
20 70 8 7
20 71 5 5
20 72 3 1
20 74 4 9
20 75 10 5
20 76 2 9
20 77 1 6
20 79 3 1
20 80 9 6
20 81 8 4
20 82 1 2
20 83 1 5
20 84 1 9
20 85 7 3
20 86 6 10
20 88 2 10
20 89 1 8
20 90 1 2
20 91 2 6
20 93 5 9
20 95 7 4
20 96 8 5
20 97 4 10
20 98 3 9
20 99 6 3
20 100 9 6
21 22 10 4
21 23 5 4
21 24 4 5
21 25 7 4
21 26 9 9
21 28 9 4
21 29 2 3
21 31 1 9
21 32 3 1
21 34 9 4
21 35 2 2
21 37 3 8
21 38 8 6
21 39 2 1
21 40 10 1
21 41 3 10
21 42 2 9
21 43 3 4
21 44 3 5
21 47 5 5
21 48 6 1
21 49 4 9
21 50 8 10
21 51 8 1
21 52 10 2
21 53 10 3
21 54 2 5
21 56 2 4
21 58 3 5
21 59 7 9
21 60 7 3
21 61 3 5
21 62 4 1
21 63 2 9
21 64 5 10
21 65 1 8
21 66 3 1
21 67 3 1
21 68 10 2
21 71 2 10
21 72 1 2
21 73 3 9
21 74 9 8
21 76 10 1
21 77 9 9
21 78 9 3
21 79 3 3
21 80 4 9
21 81 9 3
21 82 8 10
21 83 8 10
21 84 9 2
21 85 1 5
21 86 7 4
21 87 4 5
21 88 9 4
21 89 8 10
21 90 5 6
21 95 2 1
21 97 2 4
21 98 4 7
21 100 1 10
22 23 2 7
22 25 1 8
22 26 10 2
22 27 8 6
22 28 4 10
22 31 7 9
22 33 5 9
22 34 2 1
22 35 10 2
22 36 7 1
22 37 2 7
22 39 5 7
22 40 9 1
22 41 1 2
22 42 6 4
22 44 7 7
22 45 10 4
22 46 4 5
22 47 10 2
22 48 9 9
22 49 9 10
22 50 8 10
22 52 4 5
22 54 6 10
22 55 6 3
22 56 9 4
22 58 3 2
22 60 5 6
22 61 9 4
22 62 6 2
22 64 9 7
22 65 6 5
22 67 6 6
22 68 7 3
22 69 1 3
22 70 6 7
22 71 10 1
22 72 8 10
22 73 1 10
22 74 1 7
22 75 8 4
22 76 8 8
22 77 2 4
22 79 1 6
22 81 8 1
22 82 5 1
22 83 9 10
22 84 4 4
22 85 2 1
22 87 4 10
22 88 10 10
22 90 5 4
22 92 7 9
22 94 8 2
22 95 3 5
22 96 7 3
22 97 5 2
22 98 9 7
22 99 4 1
22 100 4 5
23 26 8 4
23 27 9 6
23 28 8 1
23 30 2 5
23 31 9 5
23 34 10 7
23 35 6 9
23 36 3 1
23 37 5 1
23 38 6 5
23 39 2 4
23 41 5 10
23 42 10 1
23 43 4 5
23 44 7 4
23 45 9 5
23 46 3 5
23 48 7 10
23 49 7 2
23 50 9 9
23 51 10 9
23 52 1 1
23 53 6 2
23 57 5 8
23 58 8 5
23 61 10 2
23 62 6 4
23 63 7 6
23 64 3 6
23 65 6 1
23 66 5 4
23 67 1 4
23 69 4 1
23 70 8 2
23 71 9 5
23 72 2 3
23 73 9 2
23 74 6 2
23 75 2 4
23 77 10 2
23 78 10 5
23 79 9 5
23 80 4 10
23 82 10 7
23 83 6 9
23 85 1 9
23 86 2 1
23 87 8 2
23 88 10 8
23 89 2 3
23 91 5 1
23 92 5 5
23 93 8 2
23 96 3 2
23 97 2 5
23 99 9 8
23 100 2 3
24 25 7 7
24 26 5 7
24 28 6 1
24 29 9 2
24 30 1 10
24 32 2 8
24 33 8 2
24 35 6 5
24 37 7 9
24 38 5 4
24 39 5 6
24 40 6 2
24 41 9 10
24 42 3 2
24 43 6 1
24 45 1 5
24 46 2 9
24 47 9 8
24 48 9 9
24 50 9 9
24 51 9 7
24 52 5 8
24 53 5 2
24 55 4 3
24 57 1 9
24 59 9 6
24 60 3 7
24 61 10 9
24 62 10 10
24 63 3 10
24 64 5 7
24 65 4 8
24 66 3 1
24 67 4 1
24 70 5 10
24 71 2 4
24 72 2 9
24 73 4 10
24 74 5 2
24 76 10 10
24 77 7 8
24 78 7 3
24 80 9 5
24 82 5 10
24 83 7 6
24 84 7 3
24 85 5 6
24 86 3 2
24 88 8 6
24 89 6 10
24 90 4 8
24 92 8 2
24 93 7 10
24 95 10 3
24 96 9 1
24 97 8 2
24 99 7 10
24 100 5 1
25 26 2 10
25 27 4 4
25 28 2 4
25 29 8 9
25 31 4 7
25 32 4 3
25 33 3 6
25 34 5 9
25 36 4 8
25 37 5 7
25 38 2 4
25 40 1 2
25 42 10 9
25 44 10 10
25 45 7 4
25 47 1 6
25 49 3 1
25 50 5 1
25 51 9 4
25 52 4 7
25 53 1 6
25 54 8 6
25 55 2 2
25 56 8 4
25 57 7 4
25 59 2 5
25 61 1 1
25 62 3 9
25 64 6 2
25 65 1 3
25 66 10 2
25 67 9 1
25 68 4 9
25 70 8 9
25 71 6 6
25 73 10 5
25 74 9 9
25 75 9 3
25 76 9 1
25 77 2 8
25 79 2 4
25 80 1 4
25 81 4 3
25 82 9 1
25 83 4 2
25 84 1 4
25 85 4 6
25 87 7 2
25 90 4 6
25 91 3 4
25 92 7 6
25 93 7 8
25 94 6 7
25 95 7 1
25 96 3 2
25 97 6 8
25 98 5 10
25 99 5 9
25 100 3 4
26 27 1 10
26 29 7 4
26 30 7 9
26 31 4 1
26 32 1 10
26 33 2 7
26 35 8 4
26 36 10 7
26 37 6 4
26 38 6 2
26 39 2 5
26 40 4 6
26 41 9 10
26 42 4 2
26 43 10 5
26 44 1 3
26 45 5 10
26 46 10 8
26 48 6 7
26 49 4 9
26 50 8 8
26 52 4 8
26 53 2 7
26 56 6 5
26 57 9 2
26 58 8 7
26 59 9 3
26 60 10 1
26 61 2 7
26 63 7 5
26 64 7 10
26 65 9 1
26 67 8 8
26 68 5 3
26 69 5 8
26 70 6 4
26 72 7 10
26 73 8 2
26 74 10 4
26 76 5 7
26 77 6 8
26 78 5 8
26 79 5 4
26 80 1 9
26 81 10 8
26 82 9 5
26 84 7 6
26 85 4 3
26 86 9 5
26 87 5 5
26 88 10 8
26 89 6 3
26 90 4 5
26 91 8 1
26 92 9 2
26 95 6 8
26 96 9 6
26 97 6 9
26 98 9 4
26 99 6 3
26 100 1 5
27 28 8 2
27 29 6 8
27 30 6 7
27 31 9 4
27 32 6 5
27 34 1 3
27 35 9 6
27 36 2 3
27 37 3 5
27 38 2 5
27 39 6 6
27 40 8 10
27 42 6 4
27 44 8 7
27 45 9 8
27 46 3 9
27 48 6 10
27 49 6 8
27 51 4 4
27 52 9 4
27 53 9 6
27 56 8 9
27 58 2 3
27 59 6 6
27 60 9 6
27 62 2 5
27 63 6 4
27 64 3 3
27 66 4 4
27 69 5 7
27 70 4 8
27 71 4 3
27 74 5 9
27 75 10 7
27 76 3 2
27 77 6 2
27 78 1 4
27 79 4 6
27 81 4 3
27 82 7 8
27 84 6 10
27 85 10 4
27 86 2 3
27 87 2 1
27 88 5 1
27 89 10 7
27 90 1 5
27 91 2 4
27 92 6 10
27 93 10 10
27 94 9 6
27 96 3 2
27 97 9 4
27 98 1 8
27 99 4 8
28 29 7 2
28 31 6 8
28 32 6 1
28 33 3 6
28 34 9 8
28 35 3 7
28 36 9 10
28 37 5 2
28 38 1 6
28 39 5 9
28 43 9 4
28 44 9 3
28 45 6 7
28 46 5 6
28 47 10 8
28 49 4 8
28 50 7 9
28 51 10 10
28 52 7 3
28 53 3 1
28 54 4 2
28 55 1 1
28 57 3 6
28 58 4 9
28 59 8 6
28 60 1 2
28 61 5 9
28 62 3 9
28 63 7 5
28 64 8 10
28 65 7 4
28 66 10 4
28 67 2 5
28 68 9 8
28 69 4 10
28 70 3 9
28 71 5 5
28 72 8 10
28 73 5 5
28 74 3 1
28 75 7 4
28 76 7 7
28 77 5 2
28 79 2 10
28 80 9 4
28 81 6 6
28 83 6 9
28 84 4 5
28 85 2 9
28 86 6 9
28 87 1 3
28 88 4 5
28 90 1 4
28 92 1 1
28 93 4 10
28 94 6 10
28 95 2 8
28 96 2 4
28 97 6 5
28 98 1 10
28 100 6 2
29 30 3 7
29 32 4 3
29 34 5 8
29 35 2 1
29 36 9 7
29 38 4 3
29 39 1 7
29 41 9 10
29 42 8 4
29 43 1 5
29 44 4 3
29 46 9 4
29 47 8 10
29 48 3 4
29 49 2 7
29 50 10 1
29 52 5 4
29 53 6 4
29 55 4 6
29 56 7 2
29 57 2 6
29 59 4 7
29 60 8 3
29 62 4 9
29 63 8 10
29 64 4 1
29 65 3 1
29 66 9 6
29 68 4 9
29 69 4 4
29 71 3 7
29 72 10 7
29 74 10 8
29 75 7 4
29 76 5 4
29 77 9 5
29 78 8 9
29 79 8 6
29 80 8 1
29 81 10 7
29 82 7 7
29 83 9 8
29 84 7 1
29 85 1 2
29 86 9 6
29 87 3 6
29 88 9 6
29 89 8 6
29 90 4 9
29 91 1 1
29 92 6 10
29 93 6 9
29 94 9 10
29 96 6 10
29 97 6 1
29 98 9 3
29 99 1 2
29 100 8 7
30 31 8 7
30 32 5 7
30 34 1 1
30 35 3 9
30 36 5 6
30 37 10 9
30 39 5 5
30 41 2 9
30 42 3 9
30 46 1 4
30 47 8 10
30 48 8 8
30 49 10 6
30 50 1 5
30 51 4 4
30 52 7 4
30 53 10 8
30 54 7 5
30 58 8 5
30 60 2 4
30 61 6 6
30 62 2 8
30 64 6 3
30 65 8 1
30 66 2 10
30 67 2 1
30 69 6 9
30 71 1 10
30 72 9 9
30 73 3 6
30 74 8 9
30 75 10 7
30 76 4 3
30 77 10 3
30 78 6 8
30 79 6 2
30 80 6 4
30 81 3 7
30 82 2 9
30 83 9 1
30 84 3 3
30 85 6 1
30 86 9 2
30 87 9 1
30 88 3 7
30 89 6 10
30 91 2 1
30 92 2 4
30 93 10 6
30 94 6 8
30 95 2 2
30 96 9 9
30 97 10 5
30 98 5 8
30 100 4 3
31 32 9 10
31 33 9 7
31 34 2 6
31 35 4 6
31 36 10 1
31 37 4 5
31 39 8 6
31 40 8 8
31 41 7 3
31 42 9 6
31 43 8 1
31 44 5 9
31 46 1 6
31 47 7 9
31 48 3 3
31 49 1 7
31 50 9 9
31 53 3 10
31 54 3 8
31 55 1 9
31 56 10 5
31 57 3 4
31 58 5 3
31 59 2 8
31 60 6 9
31 61 5 7
31 63 9 8
31 64 8 6
31 65 5 7
31 66 1 6
31 67 10 6
31 68 2 4
31 69 5 1
31 70 3 7
31 71 3 7
31 72 9 3
31 73 6 7
31 74 6 10
31 75 10 1
31 77 7 9
31 79 6 10
31 80 10 9
31 81 5 1
31 82 6 6
31 83 8 7
31 84 8 3
31 85 3 6
31 86 3 1
31 88 2 6
31 90 2 6
31 91 7 4
31 92 1 10
31 93 2 5
31 94 7 4
31 95 5 3
31 97 2 9
31 99 8 1
31 100 7 5
32 33 7 2
32 34 6 5
32 35 8 3
32 37 6 1
32 38 8 8
32 39 10 1
32 40 1 10
32 43 3 4
32 44 1 4
32 46 4 3
32 47 2 9
32 50 5 1
32 51 1 7
32 52 10 2
32 53 9 9
32 54 7 6
32 55 9 9
32 56 6 8
32 57 1 4
32 59 4 10
32 61 3 9
32 62 2 1
32 63 1 2
32 64 6 6
32 68 5 9
32 69 8 3
32 70 10 4
32 71 2 2
32 72 10 4
32 73 6 10
32 74 10 7
32 75 5 2
32 76 4 10
32 77 10 5
32 78 8 5
32 79 6 6
32 80 5 6
32 81 7 9
32 82 6 5
32 83 3 1
32 84 2 6
32 85 1 2
32 87 10 1
32 89 3 8
32 90 10 2
32 91 1 10
32 92 7 8
32 93 7 9
32 94 7 6
32 95 3 10
32 96 2 9
32 97 3 5
32 98 2 1
32 99 2 7
32 100 8 9
33 34 1 8
33 35 1 5
33 36 5 9
33 37 9 3
33 38 10 3
33 41 10 8
33 42 4 10
33 43 3 3
33 44 10 1
33 45 10 3
33 46 6 9
33 47 10 9
33 48 4 7
33 49 8 4
33 50 9 5
33 51 7 1
33 52 10 8
33 53 9 3
33 54 1 7
33 55 8 2
33 56 1 4
33 58 8 5
33 60 9 10
33 62 9 4
33 65 1 5
33 66 3 1
33 68 3 7
33 69 5 5
33 72 10 2
33 73 1 3
33 74 8 4
33 77 8 1
33 78 2 2
33 79 7 5
33 81 6 3
33 82 7 4
33 83 1 3
33 85 5 3
33 86 3 2
33 88 3 5
33 89 4 1
33 90 4 6
33 91 5 4
33 92 4 7
33 94 3 8
33 95 9 6
33 97 1 7
33 99 5 4
34 35 6 10
34 37 5 9
34 38 7 3
34 39 5 5
34 41 9 6
34 42 5 2
34 43 1 7
34 44 1 3
34 45 3 9
34 46 9 1
34 47 2 2
34 48 8 4
34 49 5 1
34 50 10 7
34 51 1 5
34 53 5 5
34 54 9 10
34 55 3 10
34 57 7 8
34 58 7 9
34 60 3 10
34 61 8 2
34 62 7 5
34 64 1 2
34 65 2 8
34 66 3 10
34 67 8 2
34 68 6 8
34 69 2 1
34 70 7 2
34 71 1 5
34 73 10 8
34 75 3 3
34 76 10 7
34 77 7 5
34 78 3 6
34 80 2 4
34 82 9 10
34 84 5 4
34 85 6 7
34 86 3 5
34 87 4 4
34 88 2 6
34 89 8 10
34 91 7 9
34 92 9 6
34 93 9 4
34 95 3 4
34 96 3 7
34 97 4 3
34 98 2 6
34 100 4 9
35 36 1 3
35 37 8 2
35 41 9 9
35 43 7 4
35 44 2 6
35 45 2 6
35 46 3 7
35 47 1 1
35 48 2 4
35 49 8 9
35 50 4 5
35 51 5 7
35 52 8 2
35 53 2 9
35 55 4 4
35 56 6 3
35 59 1 6
35 60 4 6
35 61 10 8
35 64 5 2
35 65 10 6
35 66 10 7
35 67 1 4
35 68 4 2
35 69 5 2
35 70 2 2
35 71 8 7
35 72 10 1
35 73 5 10
35 74 7 4
35 75 2 10
35 76 10 6
35 77 8 4
35 79 4 9
35 81 6 5
35 82 9 1
35 83 3 6
35 84 7 6
35 85 1 7
35 86 4 3
35 87 9 7
35 88 7 8
35 89 2 4
35 91 7 9
35 92 9 3
35 93 10 7
35 94 2 5
35 95 5 8
35 96 1 4
35 97 5 1
35 99 7 9
35 100 7 9
36 37 9 10
36 38 1 1
36 39 10 2
36 40 8 7
36 42 9 5
36 43 5 4
36 44 3 5
36 45 5 7
36 46 8 9
36 47 4 5
36 48 7 8
36 49 10 2
36 50 7 2
36 51 9 9
36 52 10 2
36 53 2 9
36 54 10 9
36 57 7 6
36 58 4 3
36 59 6 8
36 60 4 5
36 62 4 6
36 63 2 6
36 64 8 9
36 65 9 6
36 66 10 9
36 67 1 9
36 68 4 8
36 69 2 6
36 70 2 5
36 71 7 10
36 72 6 1
36 73 2 8
36 75 5 6
36 76 5 5
36 77 8 5
36 78 8 1
36 79 3 10
36 80 9 6
36 81 2 4
36 83 2 1
36 85 9 7
36 86 1 6
36 88 2 7
36 89 7 10
36 91 9 5
36 92 7 7
36 93 3 10
36 94 7 6
36 95 3 10
36 97 3 1
36 98 5 5
36 99 5 7
36 100 5 3
37 38 6 2
37 39 9 8
37 40 9 7
37 41 2 1
37 42 1 3
37 43 4 10
37 45 8 8
37 46 8 5
37 47 4 8
37 49 4 9
37 50 7 4
37 51 6 10
37 52 6 1
37 54 1 3
37 55 5 2
37 56 9 8
37 58 3 8
37 59 8 4
37 60 9 6
37 63 1 8
37 64 4 9
37 65 9 7
37 66 2 8
37 67 7 2
37 68 5 4
37 69 2 3
37 71 10 1
37 72 9 2
37 73 3 4
37 74 1 8
37 75 2 5
37 77 3 1
37 78 6 8
37 79 8 1
37 80 6 2
37 81 1 4
37 82 1 8
37 83 1 1
37 84 3 3
37 85 7 5
37 87 5 8
37 88 2 5
37 89 5 7
37 90 3 10
37 91 3 5
37 92 1 8
37 93 6 4
37 94 4 6
37 95 9 3
37 96 9 7
37 97 3 10
37 98 5 2
37 100 10 8
38 40 2 8
38 41 1 10
38 42 3 8
38 43 6 2
38 44 7 6
38 45 5 2
38 46 2 3
38 47 9 10
38 48 9 1
38 49 4 1
38 51 6 2
38 52 1 7
38 53 1 1
38 54 10 1
38 55 6 6
38 56 4 6
38 57 1 4
38 58 10 8
38 59 2 6
38 60 3 10
38 61 8 7
38 62 10 3
38 64 5 3
38 65 1 5
38 67 9 6
38 68 2 10
38 71 7 2
38 72 5 6
38 74 4 9
38 75 3 4
38 76 5 8
38 77 8 10
38 78 3 3
38 79 8 6
38 80 5 6
38 82 6 7
38 83 1 3
38 85 2 3
38 86 3 10
38 88 5 2
38 89 6 8
38 90 1 6
38 91 10 4
38 92 1 5
38 93 10 9
38 94 3 8
38 96 4 3
38 97 9 9
38 98 3 7
38 100 7 1
39 40 7 1
39 41 8 8
39 42 6 9
39 44 6 3
39 45 10 9
39 46 1 1
39 47 8 3
39 48 5 9
39 49 3 1
39 50 9 7
39 51 10 5
39 52 5 8
39 54 3 9
39 56 7 3
39 57 8 4
39 58 9 9
39 59 8 8
39 60 1 9
39 61 6 6
39 62 8 3
39 64 8 6
39 66 8 5
39 67 9 5
39 68 2 1
39 69 4 10
39 70 7 4
39 71 5 9
39 72 4 5
39 74 4 1
39 76 4 10
39 77 9 2
39 78 4 6
39 81 10 2
39 82 5 10
39 83 2 7
39 84 6 2
39 85 10 1
39 86 2 2
39 87 2 9
39 88 6 5
39 91 2 4
39 92 1 7
39 94 6 5
39 95 2 2
39 96 7 5
39 97 8 9
39 98 10 2
39 99 9 1
39 100 8 2
40 41 7 1
40 42 9 5
40 43 2 4
40 44 1 5
40 45 9 3
40 46 5 1
40 47 2 4
40 48 8 7
40 49 6 3
40 50 1 7
40 51 8 2
40 52 9 4
40 53 5 1
40 54 10 7
40 55 3 9
40 56 6 5
40 57 1 2
40 58 4 4
40 59 4 6
40 60 9 8
40 61 3 2
40 63 5 1
40 65 9 5
40 67 1 9
40 69 6 4
40 71 6 4
40 72 5 4
40 73 7 9
40 74 6 10
40 75 8 10
40 76 9 4
40 80 7 4
40 81 1 4
40 82 8 10
40 85 3 8
40 86 8 9
40 87 10 2
40 88 10 3
40 89 8 8
40 90 5 2
40 91 8 6
40 92 2 5
40 93 4 5
40 94 3 3
40 95 4 1
40 96 5 8
40 97 6 3
40 98 7 2
40 99 10 4
41 44 6 10
41 45 4 5
41 47 5 6
41 48 2 7
41 49 7 8
41 54 4 1
41 55 5 10
41 56 6 1
41 57 6 6
41 58 2 9
41 59 2 9
41 60 4 8
41 61 2 10
41 65 5 2
41 66 8 1
41 67 5 7
41 69 5 7
41 72 2 9
41 73 1 1
41 74 3 2
41 75 10 5
41 77 10 2
41 78 1 10
41 79 4 2
41 80 9 6
41 81 8 1
41 82 6 1
41 83 8 8
41 84 10 8
41 87 1 3
41 89 4 1
41 92 7 6
41 93 2 9
41 94 4 2
41 98 1 7
41 99 3 2
41 100 3 9
42 44 8 2
42 45 10 3
42 46 7 3
42 48 10 3
42 50 4 10
42 51 9 7
42 53 5 8
42 54 6 7
42 55 4 7
42 57 10 6
42 58 7 1
42 59 5 3
42 60 2 2
42 61 5 4
42 62 8 7
42 63 7 7
42 64 1 6
42 66 1 9
42 68 5 4
42 69 2 3
42 70 3 3
42 71 9 5
42 72 6 9
42 76 1 3
42 78 4 3
42 79 8 10
42 82 5 3
42 83 1 7
42 84 9 1
42 85 8 3
42 86 5 8
42 89 1 5
42 90 4 10
42 91 8 7
42 92 8 7
42 93 10 3
42 94 2 6
42 97 7 3
42 98 1 10
42 99 6 5
42 100 2 7
43 44 3 8
43 45 5 6
43 46 3 4
43 48 2 1
43 49 3 1
43 50 3 1
43 52 4 7
43 53 4 2
43 55 8 2
43 57 7 1
43 58 9 1
43 59 5 1
43 60 7 9
43 61 9 8
43 62 7 2
43 63 3 5
43 65 10 7
43 66 4 3
43 67 1 3
43 68 5 1
43 69 8 3
43 71 6 9
43 72 9 8
43 73 10 3
43 74 10 5
43 76 5 2
43 77 10 10
43 78 8 9
43 79 10 4
43 80 8 10
43 82 8 1
43 83 1 6
43 84 4 3
43 85 6 9
43 86 7 5
43 87 1 9
43 88 8 10
43 89 1 4
43 90 2 1
43 91 2 8
43 92 5 10
43 94 6 9
43 95 4 5
43 96 5 2
43 100 10 6
44 45 1 2
44 46 10 5
44 47 8 3
44 48 1 1
44 50 8 9
44 51 6 6
44 52 4 5
44 53 5 10
44 54 1 9
44 55 3 1
44 56 8 3
44 57 8 4
44 58 7 6
44 59 2 9
44 60 4 7
44 61 3 5
44 63 7 10
44 64 6 6
44 65 6 5
44 66 5 10
44 70 6 1
44 71 1 5
44 72 7 9
44 73 4 3
44 74 4 1
44 75 6 10
44 76 10 10
44 77 5 2
44 79 4 2
44 80 4 5
44 81 1 3
44 83 6 1
44 84 10 7
44 85 3 3
44 87 8 3
44 88 5 6
44 90 1 9
44 91 5 4
44 92 6 2
44 93 1 2
44 94 5 1
44 95 6 5
44 96 3 5
44 97 2 3
44 99 10 10
44 100 8 5
45 46 7 7
45 48 3 9
45 49 1 10
45 50 2 7
45 51 5 3
45 52 10 2
45 53 10 1
45 55 5 2
45 56 5 2
45 57 7 4
45 58 5 9
45 60 5 9
45 61 1 1
45 62 10 5
45 63 5 6
45 64 6 1
45 65 6 3
45 66 2 5
45 67 4 9
45 68 1 3
45 69 4 3
45 70 6 5
45 71 8 10
45 72 4 9
45 73 4 8
45 74 10 6
45 75 3 3
45 76 10 10
45 78 4 5
45 79 6 5
45 80 7 7
45 81 1 9
45 82 9 9
45 83 3 5
45 84 7 6
45 85 4 8
45 86 5 4
45 87 5 9
45 89 7 3
45 90 4 2
45 91 5 10
45 92 9 10
45 93 9 5
45 95 10 8
45 96 1 1
45 98 10 7
45 99 8 1
45 100 7 2
46 47 7 7
46 48 2 10
46 50 1 2
46 51 8 8
46 53 3 4
46 54 7 7
46 55 6 8
46 56 7 4
46 57 7 1
46 58 4 1
46 59 4 2
46 61 9 7
46 63 7 7
46 64 4 8
46 67 3 2
46 68 3 10
46 69 5 10
46 70 2 1
46 71 10 2
46 72 3 3
46 74 5 7
46 76 7 10
46 77 8 6
46 78 7 4
46 79 9 8
46 81 9 5
46 82 7 1
46 83 9 3
46 84 5 2
46 85 2 4
46 86 8 3
46 87 9 5
46 88 9 4
46 89 10 9
46 90 5 5
46 91 7 1
46 92 1 4
46 94 2 4
46 95 3 3
46 97 7 6
46 98 1 10
46 99 2 2
46 100 8 3
47 48 2 7
47 49 7 9
47 50 7 3
47 52 9 5
47 53 5 5
47 54 4 2
47 55 5 2
47 56 3 9
47 57 2 5
47 58 3 4
47 59 7 9
47 60 9 1
47 61 4 10
47 62 4 10
47 63 9 9
47 64 8 4
47 65 2 2
47 66 9 7
47 67 9 8
47 68 7 9
47 70 3 6
47 71 8 7
47 72 6 1
47 74 2 5
47 75 7 1
47 76 8 5
47 77 8 7
47 78 8 10
47 79 6 8
47 81 9 5
47 82 10 8
47 83 5 4
47 84 10 4
47 86 6 4
47 88 2 5
47 89 7 6
47 90 4 2
47 91 3 1
47 92 9 1
47 93 9 1
47 96 1 7
47 97 5 6
47 98 3 9
47 100 4 8
48 49 10 5
48 50 8 1
48 52 6 6
48 56 5 4
48 57 1 3
48 58 9 4
48 59 3 9
48 60 3 3
48 62 6 3
48 63 7 10
48 64 3 6
48 65 6 8
48 66 10 9
48 68 5 9
48 69 9 7
48 70 9 8
48 73 3 2
48 74 2 8
48 75 1 8
48 76 5 6
48 78 3 4
48 79 4 7
48 80 10 6
48 81 6 8
48 82 3 3
48 83 3 5
48 84 2 1
48 85 6 10
48 86 8 4
48 87 7 1
48 88 2 2
48 89 1 4
48 90 3 8
48 91 8 2
48 92 4 5
48 93 6 9
48 94 3 7
48 95 6 9
48 97 8 8
48 98 10 5
48 99 8 6
48 100 8 3
49 50 2 3
49 51 5 2
49 53 6 8
49 55 4 8
49 56 6 3
49 57 7 3
49 58 2 5
49 60 8 5
49 61 3 1
49 62 8 4
49 64 5 2
49 65 8 2
49 66 3 6
49 69 5 9
49 70 2 8
49 71 9 3
49 72 4 10
49 74 9 1
49 77 8 7
49 78 3 8
49 79 10 9
49 80 5 10
49 81 3 3
49 84 2 1
49 85 10 10
49 88 9 5
49 89 7 4
49 90 1 3
49 91 7 5
49 93 8 7
49 94 2 7
49 95 10 3
49 96 5 8
49 97 5 7
49 99 4 2
49 100 4 1
50 51 4 3
50 52 10 10
50 53 4 7
50 54 5 2
50 56 10 2
50 58 5 1
50 60 9 3
50 61 10 5
50 62 5 3
50 63 9 5
50 64 6 1
50 65 5 7
50 66 2 6
50 67 7 9
50 68 3 8
50 69 10 10
50 70 5 5
50 72 5 5
50 73 10 3
50 75 7 9
50 76 7 4
50 77 10 4
50 81 7 10
50 82 1 3
50 83 10 10
50 84 7 8
50 85 8 5
50 86 2 9
50 87 2 3
50 88 10 7
50 89 10 7
50 90 3 7
50 91 8 7
50 92 4 2
50 93 10 4
50 94 1 3
50 97 2 9
50 99 3 2
50 100 3 1
51 52 4 10
51 53 6 2
51 54 6 5
51 55 5 4
51 56 9 1
51 58 8 3
51 59 10 3
51 60 9 6
51 61 6 7
51 63 2 7
51 64 6 1
51 65 5 4
51 66 6 3
51 67 6 10
51 68 5 2
51 69 2 4
51 71 8 10
51 72 4 5
51 75 10 5
51 77 8 1
51 80 7 4
51 81 7 4
51 82 9 8
51 83 1 7
51 84 3 7
51 85 2 2
51 86 10 4
51 87 6 1
51 88 7 10
51 91 7 9
51 92 9 1
51 93 6 8
51 94 7 5
51 95 5 7
51 96 7 9
51 97 9 8
51 98 5 8
52 54 7 7
52 55 2 8
52 56 1 1
52 57 6 1
52 58 9 1
52 59 2 10
52 60 1 1
52 61 2 3
52 63 8 4
52 64 10 9
52 66 10 2
52 67 5 9
52 68 9 8
52 69 10 7
52 70 3 5
52 72 5 9
52 73 1 3
52 74 9 1
52 75 1 2
52 76 3 8
52 77 4 3
52 78 7 10
52 79 3 2
52 80 4 5
52 83 4 2
52 84 4 4
52 88 9 7
52 89 6 7
52 90 4 6
52 91 8 10
52 92 10 2
52 93 6 4
52 94 10 9
52 95 8 7
52 96 10 2
52 97 5 6
52 98 7 7
52 99 4 3
52 100 4 2
53 54 1 9
53 55 4 3
53 56 10 7
53 57 2 2
53 59 6 6
53 61 10 7
53 62 8 1
53 63 7 2
53 64 4 7
53 65 10 10
53 66 7 2
53 67 8 8
53 68 2 2
53 69 5 6
53 70 4 9
53 71 3 2
53 74 5 10
53 76 10 2
53 80 10 8
53 81 5 8
53 82 2 10
53 83 9 7
53 85 5 4
53 86 10 7
53 87 9 5
53 89 9 1
53 90 2 6
53 91 10 4
53 92 6 8
53 93 4 10
53 94 3 1
53 95 8 7
53 96 5 9
53 97 10 5
53 98 6 6
53 99 2 10
53 100 8 9
54 55 5 7
54 56 4 7
54 57 6 4
54 58 8 4
54 59 2 9
54 60 1 4
54 61 1 5
54 62 7 5
54 65 3 3
54 66 10 1
54 67 10 4
54 68 8 8
54 71 5 5
54 72 3 2
54 73 5 2
54 77 3 8
54 79 4 6
54 80 2 2
54 81 1 6
54 82 2 8
54 83 8 1
54 86 7 6
54 87 10 10
54 88 2 3
54 89 6 4
54 90 3 8
54 91 3 4
54 92 6 5
54 93 6 7
54 94 10 6
54 95 6 8
54 96 2 5
54 97 3 3
54 98 10 10
54 99 6 10
54 100 9 7
55 56 3 9
55 57 9 8
55 58 2 2
55 59 6 4
55 62 3 9
55 63 4 1
55 66 10 3
55 67 4 7
55 68 9 6
55 70 4 5
55 72 5 3
55 73 9 2
55 74 1 6
55 76 8 5
55 77 9 4
55 79 7 2
55 80 4 2
55 81 9 5
55 82 7 2
55 84 2 2
55 89 7 1
55 90 8 1
55 92 9 8
55 93 4 1
55 94 7 5
55 95 4 6
55 96 8 3
55 98 1 6
55 100 10 9
56 57 5 4
56 58 10 8
56 61 4 6
56 63 2 6
56 64 1 1
56 66 1 5
56 67 3 2
56 68 3 9
56 70 4 10
56 72 4 1
56 73 10 10
56 74 10 5
56 76 9 7
56 77 2 1
56 78 4 1
56 79 7 3
56 81 7 4
56 82 5 4
56 83 6 8
56 84 8 1
56 85 3 9
56 87 9 7
56 88 1 10
56 91 7 8
56 92 8 10
56 93 7 4
56 94 1 2
56 95 6 4
56 97 10 5
56 98 4 10
56 99 5 2
56 100 10 2
57 58 1 3
57 59 10 9
57 60 5 7
57 61 9 7
57 62 5 2
57 63 9 7
57 65 10 6
57 66 9 1
57 67 7 1
57 68 1 8
57 72 2 6
57 73 2 10
57 74 4 5
57 75 8 4
57 76 3 6
57 77 5 7
57 78 2 9
57 79 4 10
57 80 6 5
57 81 9 8
57 83 1 2
57 84 7 10
57 86 7 3
57 87 8 1
57 88 6 2
57 89 3 9
57 90 2 10
57 91 10 10
57 92 8 7
57 93 1 3
57 95 6 2
57 96 5 10
57 97 4 7
57 98 7 9
57 99 7 10
57 100 9 2
58 59 9 10
58 61 7 9
58 62 2 7
58 63 9 6
58 64 8 4
58 65 8 9
58 66 3 10
58 67 4 7
58 68 2 3
58 70 1 6
58 71 9 2
58 72 7 6
58 73 9 6
58 74 9 3
58 75 3 1
58 76 9 7
58 77 7 1
58 78 7 7
58 79 10 2
58 80 2 6
58 84 5 6
58 85 7 6
58 86 9 9
58 87 5 9
58 88 6 5
58 89 8 1
58 90 8 3
58 91 5 5
58 92 8 7
58 94 10 10
58 95 1 8
58 96 9 1
58 97 5 3
58 99 8 7
58 100 2 4
59 60 1 10
59 61 5 5
59 63 5 3
59 64 1 8
59 65 10 2
59 66 8 8
59 69 5 3
59 70 8 6
59 71 4 5
59 73 9 2
59 74 7 1
59 75 5 4
59 76 6 1
59 77 2 5
59 78 3 5
59 79 5 1
59 80 2 5
59 81 4 5
59 82 7 1
59 83 8 1
59 84 10 4
59 85 9 7
59 86 2 1
59 87 8 4
59 88 1 9
59 89 8 3
59 90 6 9
59 91 3 3
59 92 5 5
59 93 7 10
59 95 8 2
59 96 4 8
59 97 3 10
59 98 2 5
59 99 3 10
59 100 10 4
60 62 3 7
60 63 7 7
60 64 5 9
60 65 1 2
60 66 2 7
60 67 2 8
60 68 9 10
60 69 1 1
60 70 2 7
60 72 1 9
60 73 9 2
60 74 5 5
60 75 10 4
60 76 9 3
60 77 1 9
60 79 8 5
60 81 8 10
60 82 7 5
60 84 1 10
60 85 3 7
60 86 7 5
60 87 2 9
60 89 10 8
60 90 1 6
60 93 2 2
60 94 6 10
60 95 1 9
60 96 3 5
60 97 2 7
60 98 2 4
60 99 10 1
60 100 5 9
61 62 8 7
61 63 10 3
61 64 2 8
61 66 5 10
61 67 2 2
61 68 8 4
61 69 10 8
61 72 7 1
61 73 6 9
61 74 10 5
61 78 10 6
61 79 4 9
61 81 1 6
61 82 3 8
61 83 6 9
61 84 9 1
61 85 4 4
61 87 4 7
61 89 2 2
61 90 7 1
61 91 1 8
61 92 4 6
61 93 8 5
61 94 1 9
61 95 5 9
61 97 4 3
61 98 6 3
61 99 5 1
61 100 10 5
62 63 2 9
62 64 2 4
62 65 9 1
62 66 5 1
62 67 2 10
62 68 7 9
62 69 6 3
62 70 7 9
62 72 8 1
62 73 10 2
62 74 7 6
62 76 5 7
62 77 8 9
62 78 6 7
62 79 6 4
62 80 8 1
62 81 10 2
62 83 7 9
62 84 2 4
62 85 7 1
62 86 8 9
62 87 5 1
62 88 3 4
62 90 4 6
62 92 9 3
62 94 5 6
62 95 2 10
62 97 1 4
62 98 8 7
62 99 4 8
62 100 3 8
63 64 9 3
63 66 2 2
63 68 10 9
63 69 6 4
63 70 10 6
63 71 2 4
63 72 8 2
63 74 8 3
63 76 8 7
63 79 9 9
63 80 9 9
63 83 4 1
63 84 4 4
63 85 5 10
63 86 3 1
63 87 4 8
63 88 2 4
63 89 10 2
63 90 8 2
63 91 5 9
63 92 1 9
63 93 3 4
63 94 6 10
63 95 2 4
63 96 8 4
63 97 10 6
63 98 7 3
63 100 4 8
64 65 2 1
64 66 3 8
64 69 1 9
64 71 8 10
64 72 6 10
64 73 4 3
64 78 3 10
64 80 10 9
64 84 9 8
64 85 3 7
64 86 5 8
64 88 5 10
64 89 2 8
64 91 9 2
64 92 9 7
64 93 1 10
64 94 6 2
64 95 5 2
64 96 5 3
64 98 2 5
64 99 1 2
65 66 10 9
65 67 7 6
65 68 8 8
65 69 3 1
65 71 7 10
65 72 2 4
65 73 7 10
65 74 4 10
65 75 7 9
65 77 3 2
65 78 5 1
65 79 7 4
65 80 9 4
65 81 8 5
65 83 1 4
65 84 5 6
65 85 5 4
65 86 1 3
65 87 8 6
65 88 7 4
65 89 6 7
65 90 2 1
65 91 4 5
65 92 7 2
65 93 7 6
65 94 10 9
65 96 2 5
65 97 8 6
65 98 8 3
65 100 4 3
66 69 5 8
66 70 8 2
66 71 2 3
66 73 5 2
66 74 8 10
66 75 4 10
66 76 10 10
66 78 8 8
66 79 1 7
66 81 7 6
66 82 5 1
66 83 4 9
66 84 7 9
66 86 4 9
66 87 4 9
66 88 3 7
66 89 5 7
66 90 2 4
66 92 2 7
66 93 6 7
66 95 2 5
66 96 9 1
66 97 7 2
66 98 10 6
67 69 3 5
67 70 3 10
67 72 3 7
67 73 4 3
67 74 2 4
67 75 4 5
67 76 9 10
67 77 8 2
67 78 10 1
67 79 4 4
67 82 10 5
67 85 1 7
67 87 5 7
67 88 8 2
67 89 5 6
67 91 9 5
67 92 1 3
67 93 4 10
67 94 5 5
67 96 4 10
67 97 6 5
67 98 4 10
67 99 5 1
67 100 7 5
68 69 3 7
68 70 8 2
68 71 9 10
68 72 9 1
68 73 1 3
68 74 6 1
68 75 1 1
68 76 7 7
68 77 9 8
68 78 2 8
68 79 6 2
68 81 8 10
68 83 6 5
68 84 1 1
68 85 2 8
68 87 9 3
68 88 2 1
68 89 5 6
68 90 5 4
68 91 4 6
68 93 5 8
68 94 7 2
68 96 3 2
68 97 7 2
68 98 7 3
68 99 9 4
68 100 8 10
69 70 2 9
69 73 3 9
69 74 1 7
69 75 1 8
69 76 9 6
69 77 8 8
69 78 3 9
69 79 4 6
69 80 7 1
69 81 5 6
69 82 7 9
69 83 9 3
69 84 7 1
69 85 10 3
69 86 8 8
69 87 2 3
69 88 9 4
69 89 5 5
69 90 6 10
69 91 3 6
69 92 1 6
69 93 9 2
69 94 8 7
69 95 8 8
69 96 4 7
69 98 6 10
70 71 6 7
70 72 9 7
70 73 6 1
70 74 2 6
70 75 3 5
70 76 1 1
70 77 4 9
70 79 5 7
70 80 3 5
70 82 4 7
70 83 7 1
70 86 5 8
70 87 4 10
70 88 2 8
70 89 9 2
70 90 10 8
70 91 3 3
70 92 4 9
70 93 2 8
70 94 8 8
70 96 4 8
70 98 10 6
70 100 6 1
71 72 7 1
71 73 2 5
71 74 2 6
71 76 4 8
71 77 1 6
71 78 5 7
71 79 6 9
71 80 1 9
71 82 3 2
71 84 3 7
71 85 7 4
71 86 6 8
71 89 7 7
71 90 6 6
71 91 4 5
71 92 2 1
71 93 3 4
71 94 4 5
71 96 8 9
71 97 1 10
71 98 3 3
71 99 10 8
71 100 2 10
72 73 1 2
72 74 9 5
72 75 5 6
72 76 9 5
72 77 7 9
72 78 1 2
72 80 6 4
72 82 10 7
72 83 2 6
72 84 5 3
72 85 3 5
72 87 4 7
72 88 3 2
72 90 10 4
72 91 6 5
72 92 4 8
72 93 1 2
72 94 6 6
72 95 9 5
72 96 6 3
72 97 9 5
72 98 9 8
72 99 4 2
72 100 2 1
73 74 2 5
73 76 6 2
73 77 6 5
73 78 7 8
73 79 7 1
73 80 1 5
73 81 2 7
73 82 8 6
73 83 3 7
73 84 9 2
73 85 5 10
73 87 7 3
73 88 6 1
73 89 6 10
73 91 3 4
73 97 7 1
73 98 5 5
73 99 3 10
73 100 4 9
74 76 4 10
74 79 7 8
74 80 6 7
74 81 2 6
74 82 1 2
74 85 7 5
74 86 8 1
74 87 2 5
74 90 6 7
74 91 3 5
74 92 1 10
74 93 5 3
74 94 9 8
74 95 4 8
74 96 10 2
74 97 9 1
74 98 3 1
74 100 4 7
75 76 3 3
75 77 5 6
75 78 3 5
75 79 9 8
75 80 8 5
75 81 1 10
75 83 7 2
75 86 1 1
75 87 5 6
75 88 6 2
75 89 5 5
75 90 9 2
75 92 7 9
75 93 10 8
75 94 6 8
75 95 8 6
75 96 9 10
75 97 2 10
75 98 1 3
75 99 4 3
75 100 6 1
76 77 8 1
76 79 4 5
76 80 10 5
76 81 5 9
76 82 8 6
76 83 6 4
76 84 10 8
76 85 5 4
76 86 3 5
76 87 4 10
76 88 8 2
76 89 1 6
76 90 6 2
76 91 1 8
76 92 6 10
76 93 2 9
76 94 5 7
76 95 10 4
76 97 2 2
76 98 8 8
76 99 1 8
76 100 2 10
77 78 9 9
77 79 3 4
77 84 2 1
77 85 10 3
77 87 7 1
77 88 10 2
77 89 6 4
77 90 10 10
77 91 8 9
77 92 10 2
77 93 2 4
77 94 5 10
77 95 3 5
77 97 4 6
77 98 7 5
77 99 4 6
77 100 6 1
78 79 4 2
78 80 8 9
78 81 10 7
78 85 1 9
78 86 1 7
78 87 7 6
78 88 4 1
78 90 1 5
78 91 10 5
78 92 1 7
78 94 5 3
78 95 2 10
78 96 4 5
78 97 10 10
78 98 8 9
78 99 7 3
78 100 4 3
79 80 1 2
79 81 7 4
79 82 8 7
79 83 7 1
79 84 7 8
79 85 10 10
79 86 7 2
79 87 9 3
79 88 1 4
79 90 9 3
79 91 5 2
79 92 9 6
79 94 1 5
79 95 2 6
79 96 7 4
79 97 8 10
79 98 8 7
79 99 10 6
79 100 4 4
80 81 7 5
80 82 3 1
80 83 7 2
80 84 2 8
80 85 8 6
80 86 1 10
80 87 8 9
80 88 5 3
80 89 7 6
80 90 5 3
80 91 10 2
80 92 4 8
80 93 9 8
80 94 10 9
80 95 5 2
80 98 6 5
80 99 8 8
80 100 5 9
81 82 9 10
81 84 7 7
81 85 5 8
81 86 4 5
81 87 9 3
81 88 5 10
81 89 4 1
81 90 4 8
81 91 5 1
81 92 2 7
81 95 3 4
81 96 10 2
81 99 1 4
81 100 5 1
82 83 9 2
82 84 2 7
82 85 6 2
82 86 6 10
82 87 3 9
82 88 3 1
82 89 3 1
82 91 2 5
82 92 7 6
82 93 4 7
82 96 8 7
82 97 3 5
82 98 10 1
82 99 8 2
82 100 6 1
83 85 7 3
83 87 8 1
83 88 4 4
83 89 8 4
83 90 4 10
83 91 5 4
83 92 1 8
83 93 2 6
83 95 6 9
83 96 4 3
83 98 3 1
83 99 9 4
83 100 8 8
84 85 7 7
84 86 3 4
84 87 6 3
84 91 3 10
84 92 1 5
84 94 3 5
84 95 9 6
84 97 8 10
84 98 6 10
85 86 5 7
85 87 6 10
85 88 9 10
85 90 4 7
85 92 2 10
85 93 10 2
85 96 4 7
85 97 5 8
85 98 7 2
85 99 4 1
85 100 8 4
86 87 8 1
86 88 9 6
86 89 1 5
86 90 7 8
86 91 4 2
86 93 5 3
86 94 4 5
86 95 3 7
86 96 5 10
86 97 5 4
86 98 6 3
86 99 1 1
86 100 4 5
87 88 6 5
87 89 9 3
87 90 8 7
87 91 10 8
87 92 2 2
87 93 2 9
87 95 5 9
87 96 2 9
87 97 9 1
87 98 7 10
87 99 2 7
87 100 2 9
88 89 6 10
88 90 10 10
88 91 6 9
88 93 10 3
88 94 9 4
88 95 6 10
88 96 10 7
88 97 9 7
88 98 2 1
88 99 1 9
88 100 1 3
89 90 8 5
89 92 4 1
89 93 7 8
89 94 1 9
89 95 2 2
89 96 9 3
89 99 4 10
90 92 2 4
90 93 6 5
90 94 5 7
90 95 2 1
90 96 6 1
90 98 4 9
90 99 10 7
90 100 6 2
91 92 7 10
91 93 7 7
91 94 1 7
91 95 9 9
91 96 4 3
91 97 6 7
91 98 2 1
91 99 9 10
91 100 6 2
92 93 5 2
92 94 2 6
92 95 5 6
92 96 7 1
92 97 2 8
92 98 7 8
92 99 6 8
92 100 8 6
93 94 8 10
93 95 6 10
93 97 1 1
93 98 6 9
93 99 6 2
93 100 6 10
94 95 1 3
94 96 6 3
94 98 1 6
94 99 9 2
95 96 4 4
95 97 4 3
95 98 6 8
95 100 10 9
96 97 3 9
96 98 4 4
96 99 1 6
96 100 1 7
97 99 1 8
97 100 4 7
98 99 9 9
1
1 2 3 4 5 6 7 8 9 10 11 12 13 14 15 16 17 18 19 20 21 22 23 24 25 26 27 28 29 30 31 32 33 34 35 36 37 38 39 40 41 42 43 44 45 46 47 48 49 50
