3919
1 2 5 10
1 4 6 7
1 5 9 2
1 6 10 6
1 8 3 7
1 9 9 4
1 10 6 5
1 12 3 7
1 13 9 9
1 14 3 10
1 15 7 6
1 16 4 3
1 18 10 7
1 19 9 5
1 21 5 4
1 22 7 1
1 23 7 9
1 24 8 4
1 28 9 4
1 29 1 4
1 30 4 2
1 32 1 1
1 33 8 2
1 34 10 3
1 35 5 2
1 36 8 3
1 37 10 3
1 39 9 9
1 40 10 10
1 41 10 4
1 42 8 10
1 43 5 8
1 44 7 4
1 45 4 8
1 46 5 1
1 47 1 10
1 48 7 7
1 49 6 8
1 50 7 9
1 51 10 4
1 53 9 6
1 54 1 8
1 57 5 8
1 58 2 6
1 59 5 9
1 60 9 8
1 61 9 7
1 62 3 2
1 63 8 6
1 64 4 4
1 65 10 8
1 66 2 7
1 67 10 9
1 69 7 6
1 70 4 5
1 75 4 4
1 76 2 10
1 77 6 7
1 78 9 8
1 79 1 8
1 80 10 9
1 81 6 2
1 82 6 8
1 84 4 10
1 85 4 4
1 86 5 4
1 87 3 8
1 88 9 6
1 89 10 8
1 92 9 6
1 93 6 9
1 94 7 1
1 95 10 5
1 96 5 1
1 97 10 3
1 98 2 1
1 99 7 4
1 100 8 4
2 3 4 7
2 5 2 8
2 6 6 9
2 7 9 4
2 9 8 7
2 10 5 7
2 11 8 5
2 12 1 8
2 13 7 7
2 14 4 5
2 15 8 8
2 16 2 10
2 17 3 2
2 19 5 5
2 20 2 5
2 21 3 4
2 22 5 3
2 23 10 5
2 24 7 7
2 25 4 2
2 26 9 1
2 28 9 10
2 29 9 9
2 30 2 10
2 31 10 9
2 32 6 2
2 33 7 1
2 34 5 9
2 35 6 9
2 37 8 6
2 38 7 7
2 39 3 7
2 40 8 4
2 41 6 6
2 43 9 2
2 44 8 2
2 45 6 10
2 46 2 2
2 48 4 8
2 49 2 3
2 50 8 1
2 51 1 8
2 52 3 2
2 53 9 2
2 54 8 5
2 56 8 8
2 57 10 7
2 58 5 5
2 59 7 2
2 60 10 2
2 61 1 9
2 62 3 8
2 63 6 9
2 65 2 4
2 67 5 9
2 68 9 10
2 69 9 2
2 70 8 8
2 71 3 6
2 72 10 4
2 74 9 7
2 76 5 3
2 77 5 9
2 78 7 4
2 79 8 2
2 80 6 10
2 81 4 4
2 82 7 7
2 83 2 6
2 84 6 2
2 85 4 9
2 86 5 1
2 87 9 7
2 88 8 6
2 89 3 5
2 90 10 3
2 91 2 10
2 92 4 7
2 93 10 6
2 94 10 9
2 95 2 8
2 96 10 4
2 97 5 2
2 98 5 6
2 100 4 2
3 4 9 6
3 5 8 4
3 6 1 4
3 7 1 1
3 8 3 8
3 9 1 2
3 11 10 6
3 12 2 2
3 14 10 7
3 15 6 1
3 17 8 4
3 18 2 8
3 19 5 7
3 20 10 8
3 21 6 10
3 22 2 9
3 23 3 7
3 24 8 7
3 25 4 8
3 26 3 6
3 27 3 4
3 28 6 4
3 29 9 1
3 30 6 10
3 31 1 9
3 32 10 10
3 35 8 4
3 36 3 1
3 38 4 7
3 39 10 5
3 40 7 1
3 41 10 2
3 42 7 9
3 44 7 6
3 45 7 6
3 46 10 3
3 47 5 7
3 49 4 10
3 50 9 2
3 51 5 7
3 53 10 6
3 55 3 10
3 56 6 2
3 57 4 10
3 58 10 1
3 60 1 7
3 61 10 6
3 62 3 8
3 64 10 10
3 65 3 10
3 67 6 1
3 69 10 9
3 70 3 3
3 71 10 8
3 73 1 6
3 74 6 9
3 75 6 3
3 76 4 5
3 77 7 4
3 78 1 2
3 79 7 1
3 80 2 3
3 82 5 1
3 83 2 1
3 85 10 8
3 89 8 7
3 90 3 1
3 91 7 6
3 92 4 2
3 93 1 4
3 94 9 7
3 95 2 7
3 96 8 4
3 98 1 7
3 99 6 3
3 100 8 7
4 5 10 3
4 6 6 10
4 7 9 8
4 8 3 10
4 9 6 3
4 10 2 3
4 11 3 3
4 12 10 2
4 15 10 4
4 17 10 5
4 19 10 9
4 20 3 4
4 21 6 2
4 22 3 8
4 23 6 4
4 24 10 1
4 25 9 3
4 26 1 3
4 27 4 7
4 29 8 8
4 30 7 5
4 31 6 4
4 32 8 5
4 33 8 7
4 34 9 8
4 36 9 5
4 37 3 8
4 38 1 5
4 39 5 1
4 40 7 1
4 41 4 4
4 42 1 8
4 43 9 9
4 44 2 2
4 45 4 7
4 46 4 6
4 47 1 3
4 48 3 9
4 50 3 5
4 51 6 2
4 52 1 5
4 53 3 10
4 55 4 8
4 56 3 9
4 57 8 6
4 58 3 7
4 60 1 5
4 64 8 2
4 65 3 7
4 66 5 3
4 68 1 1
4 69 6 8
4 70 3 5
4 71 5 8
4 73 5 8
4 74 7 2
4 75 6 3
4 76 4 4
4 77 4 8
4 78 6 3
4 79 7 9
4 80 4 6
4 81 2 7
4 82 7 4
4 83 3 9
4 85 2 7
4 86 3 9
4 87 3 2
4 88 4 7
4 89 5 7
4 92 9 6
4 93 8 9
4 95 1 9
4 97 4 6
4 99 4 1
4 100 3 10
5 6 10 7
5 7 10 7
5 8 10 2
5 9 7 9
5 11 10 5
5 14 7 5
5 15 8 7
5 16 8 3
5 17 5 8
5 19 6 6
5 20 6 9
5 21 9 6
5 22 2 10
5 24 10 8
5 25 7 2
5 27 9 9
5 28 8 6
5 29 3 9
5 30 5 3
5 32 3 8
5 33 6 10
5 34 9 9
5 35 1 3
5 36 10 8
5 37 6 9
5 38 7 8
5 39 7 2
5 40 2 2
5 41 9 1
5 42 10 10
5 43 6 4
5 44 10 4
5 45 3 7
5 46 8 8
5 47 3 8
5 48 1 5
5 49 2 2
5 50 2 4
5 51 9 9
5 52 10 4
5 53 10 7
5 55 8 4
5 59 8 10
5 60 1 8
5 63 4 6
5 65 3 9
5 66 5 8
5 67 3 7
5 68 4 2
5 69 3 9
5 70 7 9
5 71 10 5
5 72 7 9
5 73 9 1
5 75 1 9
5 76 9 1
5 78 1 10
5 79 8 7
5 80 6 3
5 81 2 1
5 82 4 7
5 83 4 2
5 84 5 4
5 85 5 3
5 87 4 4
5 88 4 8
5 89 5 8
5 90 4 2
5 91 10 5
5 92 5 2
5 95 6 9
5 96 10 10
5 97 7 3
5 98 5 6
5 100 5 10
6 7 10 10
6 8 1 7
6 9 2 9
6 10 6 3
6 11 10 7
6 13 7 9
6 14 8 8
6 15 10 3
6 16 9 2
6 17 4 2
6 18 5 9
6 21 8 5
6 22 4 10
6 23 10 4
6 24 10 8
6 27 2 7
6 30 7 9
6 31 5 10
6 32 3 7
6 33 1 7
6 34 10 2
6 36 5 4
6 39 7 9
6 40 3 1
6 42 8 7
6 43 9 4
6 44 7 9
6 45 4 5
6 46 3 1
6 47 2 9
6 48 4 6
6 49 7 6
6 50 8 5
6 53 4 10
6 54 7 9
6 55 9 10
6 56 6 4
6 58 10 9
6 59 3 6
6 60 9 10
6 63 10 1
6 64 2 5
6 65 3 4
6 66 2 7
6 67 3 5
6 69 3 9
6 70 9 3
6 72 1 9
6 73 7 4
6 75 1 10
6 76 5 7
6 77 1 2
6 78 3 5
6 79 10 7
6 80 3 4
6 83 9 5
6 84 8 8
6 85 3 1
6 86 8 3
6 87 7 5
6 88 7 2
6 89 8 7
6 92 5 2
6 95 7 8
6 96 2 7
6 97 9 7
6 98 3 8
6 99 10 10
6 100 8 6
7 8 5 8
7 9 3 1
7 10 4 9
7 11 5 5
7 12 9 10
7 13 3 8
7 14 3 5
7 17 10 8
7 18 6 2
7 19 8 3
7 20 7 10
7 21 10 8
7 22 7 5
7 24 10 1
7 25 7 2
7 26 4 5
7 27 3 5
7 28 4 4
7 29 6 5
7 30 4 3
7 32 8 10
7 33 7 7
7 34 9 3
7 35 7 9
7 38 9 7
7 39 4 4
7 40 2 6
7 41 9 7
7 42 9 4
7 43 5 4
7 45 2 8
7 46 1 7
7 47 3 2
7 48 1 4
7 50 8 7
7 52 5 2
7 53 8 10
7 54 5 2
7 55 4 9
7 56 1 3
7 57 7 1
7 59 7 3
7 60 5 1
7 61 7 7
7 62 3 1
7 63 3 9
7 64 10 10
7 65 1 9
7 66 5 7
7 67 8 2
7 68 8 3
7 69 4 10
7 70 10 10
7 71 2 1
7 72 1 6
7 73 1 5
7 74 5 10
7 75 4 2
7 76 1 2
7 78 10 9
7 79 2 8
7 80 10 1
7 82 9 6
7 84 3 9
7 85 4 4
7 86 2 3
7 88 4 4
7 89 8 8
7 92 6 9
7 94 1 1
7 95 1 5
7 97 3 4
7 99 9 1
7 100 8 2
8 9 2 1
8 10 4 1
8 11 9 4
8 12 3 1
8 14 5 6
8 15 8 8
8 17 4 3
8 18 9 2
8 20 10 5
8 21 8 4
8 23 3 3
8 24 10 9
8 25 1 8
8 26 5 10
8 28 10 6
8 29 7 6
8 31 6 1
8 32 4 6
8 33 7 4
8 35 3 2
8 36 4 1
8 37 6 4
8 38 4 2
8 39 5 5
8 40 2 5
8 41 10 4
8 42 1 2
8 43 10 10
8 44 8 7
8 45 3 7
8 48 1 4
8 50 9 6
8 51 7 10
8 52 1 5
8 53 9 2
8 54 5 4
8 55 10 4
8 56 5 7
8 57 2 3
8 58 10 4
8 59 10 2
8 60 3 3
8 62 10 1
8 63 5 6
8 66 5 3
8 67 2 2
8 68 9 4
8 69 1 8
8 70 9 9
8 71 9 7
8 72 2 3
8 73 8 8
8 74 8 4
8 75 8 4
8 76 6 6
8 78 2 6
8 80 4 10
8 81 1 4
8 83 6 9
8 84 1 2
8 85 9 8
8 86 6 3
8 87 4 9
8 88 2 4
8 89 1 9
8 90 9 1
8 91 10 10
8 92 7 6
8 93 1 10
8 94 7 2
8 95 2 2
8 97 10 3
8 98 5 6
8 99 2 5
8 100 7 8
9 10 5 6
9 11 3 8
9 12 6 4
9 14 5 8
9 15 6 5
9 17 10 3
9 18 8 1
9 19 5 4
9 20 7 5
9 22 8 1
9 23 2 7
9 25 5 6
9 26 9 3
9 27 1 10
9 28 3 5
9 29 3 10
9 31 7 2
9 32 3 9
9 33 6 5
9 36 3 9
9 37 9 9
9 38 3 1
9 40 10 9
9 41 2 8
9 42 1 9
9 43 5 9
9 44 9 10
9 45 8 2
9 47 7 2
9 49 1 4
9 51 3 3
9 52 1 2
9 53 9 5
9 54 6 3
9 55 10 10
9 56 8 4
9 57 6 1
9 58 10 7
9 59 1 4
9 60 2 2
9 61 8 3
9 62 3 3
9 64 1 8
9 65 9 3
9 66 2 6
9 67 6 6
9 69 2 2
9 70 10 5
9 71 2 2
9 72 10 8
9 73 9 8
9 74 1 1
9 75 6 10
9 76 5 2
9 77 4 5
9 78 3 3
9 80 1 5
9 81 3 4
9 82 9 4
9 83 8 9
9 84 2 8
9 86 4 3
9 87 3 1
9 88 1 5
9 89 4 3
9 90 9 9
9 91 7 7
9 92 2 9
9 93 9 6
9 94 9 10
9 95 5 9
9 96 5 10
9 97 6 6
9 98 4 7
9 99 8 4
9 100 10 6
10 13 4 7
10 14 2 10
10 15 5 8
10 16 7 1
10 17 10 4
10 18 1 8
10 20 6 1
10 21 3 5
10 22 5 8
10 23 3 5
10 24 9 4
10 25 9 5
10 26 10 8
10 27 5 3
10 29 5 9
10 30 5 10
10 32 2 10
10 34 4 5
10 35 5 8
10 36 3 7
10 37 10 4
10 38 8 2
10 39 8 2
10 40 4 8
10 41 4 9
10 43 6 1
10 44 1 2
10 45 3 5
10 46 6 10
10 47 6 8
10 48 8 7
10 49 1 5
10 50 6 3
10 54 1 6
10 55 4 8
10 56 8 10
10 57 1 1
10 59 10 1
10 60 6 6
10 62 3 5
10 63 5 10
10 64 4 4
10 65 10 6
10 66 9 10
10 67 6 10
10 68 10 6
10 70 9 2
10 71 5 10
10 73 2 3
10 74 1 1
10 76 10 2
10 77 6 8
10 78 6 10
10 79 8 9
10 80 5 5
10 81 7 4
10 82 6 2
10 83 9 9
10 84 6 6
10 86 3 2
10 87 10 8
10 88 7 10
10 90 3 6
10 92 4 1
10 93 8 3
10 94 7 8
10 95 2 7
10 96 8 7
10 97 8 3
10 98 6 4
11 12 6 4
11 13 9 7
11 14 2 10
11 15 8 9
11 17 6 6
11 18 10 9
11 19 7 1
11 20 2 1
11 22 2 6
11 23 7 2
11 25 6 1
11 30 4 6
11 31 4 10
11 32 4 8
11 33 4 6
11 34 8 3
11 35 6 2
11 37 9 9
11 38 7 5
11 39 5 1
11 40 7 8
11 41 3 1
11 42 7 2
11 43 1 6
11 44 2 7
11 45 9 4
11 46 7 10
11 47 2 4
11 48 4 2
11 49 10 8
11 50 2 8
11 51 4 5
11 52 4 1
11 53 1 8
11 55 7 4
11 56 7 6
11 57 4 6
11 58 3 2
11 59 5 4
11 60 7 10
11 61 10 3
11 62 5 10
11 63 3 7
11 64 9 9
11 65 5 10
11 66 1 1
11 67 5 4
11 69 4 4
11 71 9 1
11 72 8 6
11 73 3 3
11 74 6 2
11 76 7 6
11 77 9 10
11 78 9 4
11 80 6 3
11 81 5 3
11 83 1 2
11 84 10 9
11 85 10 1
11 86 7 6
11 88 6 1
11 89 5 5
11 90 4 10
11 91 7 9
11 92 1 9
11 93 1 9
11 94 4 3
11 95 7 7
11 96 7 8
11 97 2 9
11 99 3 5
11 100 2 4
12 14 10 6
12 16 8 4
12 17 8 2
12 18 7 4
12 19 4 1
12 20 9 10
12 21 7 1
12 22 8 10
12 24 6 2
12 26 8 4
12 27 6 2
12 28 1 1
12 32 3 3
12 33 10 4
12 34 9 2
12 35 1 9
12 36 3 7
12 38 5 10
12 39 6 10
12 40 8 8
12 41 1 3
12 42 8 9
12 43 1 1
12 46 8 8
12 47 10 7
12 48 1 1
12 49 9 8
12 50 7 6
12 51 9 7
12 52 1 1
12 53 1 2
12 54 7 9
12 57 8 5
12 58 3 6
12 60 8 5
12 61 9 8
12 62 4 9
12 63 9 4
12 64 3 8
12 65 10 1
12 66 5 3
12 68 2 7
12 70 1 10
12 71 4 4
12 73 3 6
12 75 3 1
12 76 4 6
12 77 3 2
12 78 7 10
12 79 7 9
12 81 4 5
12 82 1 10
12 83 5 8
12 84 4 3
12 85 10 7
12 86 4 9
12 88 10 8
12 89 10 9
12 90 6 3
12 91 4 5
12 92 3 1
12 94 8 1
12 95 6 8
12 96 3 1
12 97 9 5
12 98 2 9
12 99 2 6
12 100 4 8
13 14 6 4
13 15 9 5
13 16 5 4
13 17 8 9
13 18 4 8
13 20 6 3
13 21 3 8
13 22 10 10
13 23 4 7
13 24 9 1
13 25 10 10
13 26 5 7
13 27 2 5
13 28 8 4
13 29 10 7
13 30 8 6
13 32 8 2
13 34 3 10
13 36 9 5
13 37 3 10
13 38 9 8
13 40 9 5
13 41 9 1
13 42 1 2
13 43 5 8
13 44 3 9
13 45 3 3
13 47 9 4
13 48 1 8
13 49 5 8
13 50 6 6
13 51 2 10
13 52 3 4
13 54 4 8
13 55 3 9
13 57 3 2
13 58 3 6
13 60 6 10
13 61 4 5
13 62 9 8
13 63 1 3
13 64 7 4
13 65 5 7
13 66 5 4
13 67 10 4
13 68 9 9
13 69 10 2
13 70 4 4
13 71 8 4
13 72 10 1
13 74 3 2
13 76 1 8
13 78 6 5
13 80 5 1
13 81 10 3
13 82 8 7
13 83 7 1
13 84 7 4
13 85 9 9
13 86 9 7
13 87 6 3
13 88 9 1
13 89 3 4
13 90 1 9
13 91 4 4
13 92 9 10
13 93 10 4
13 94 7 5
13 95 5 7
13 96 5 4
13 97 10 9
13 98 6 9
13 100 5 10
14 15 1 1
14 16 8 10
14 18 3 6
14 19 8 10
14 20 5 4
14 21 9 8
14 22 2 8
14 23 8 8
14 24 2 9
14 25 8 10
14 26 8 9
14 27 8 3
14 28 8 10
14 29 1 3
14 30 8 8
14 31 5 5
14 32 1 2
14 34 1 8
14 36 2 9
14 38 8 5
14 39 4 4
14 40 8 5
14 41 10 6
14 42 4 4
14 43 1 5
14 45 6 10
14 46 5 8
14 47 10 3
14 48 9 6
14 49 3 7
14 50 4 2
14 53 2 10
14 55 1 7
14 56 5 2
14 57 2 6
14 58 7 7
14 59 9 2
14 60 10 1
14 61 9 1
14 64 1 10
14 65 10 5
14 66 10 5
14 67 9 5
14 68 4 10
14 69 1 7
14 70 7 8
14 71 6 1
14 72 3 2
14 73 2 7
14 74 9 3
14 75 9 4
14 76 8 9
14 78 5 9
14 79 2 1
14 80 1 5
14 81 4 2
14 83 3 3
14 84 7 9
14 85 2 3
14 86 8 2
14 88 10 1
14 89 8 6
14 90 4 7
14 91 6 5
14 92 8 7
14 93 3 5
14 94 10 6
14 95 1 6
14 99 8 1
14 100 4 7
15 16 10 4
15 17 3 2
15 18 1 2
15 19 4 3
15 20 6 1
15 21 4 4
15 22 6 7
15 23 10 7
15 24 5 3
15 25 1 2
15 26 5 4
15 27 2 7
15 28 7 2
15 29 5 6
15 30 5 5
15 31 6 10
15 33 4 6
15 34 2 9
15 38 4 2
15 39 10 10
15 40 10 1
15 41 4 2
15 42 7 3
15 44 4 2
15 45 6 10
15 46 3 10
15 48 4 5
15 50 2 6
15 52 7 2
15 53 5 7
15 54 2 6
15 55 5 6
15 57 10 9
15 58 10 6
15 60 9 5
15 61 7 3
15 63 6 2
15 64 9 8
15 67 1 3
15 69 2 7
15 70 2 3
15 73 9 7
15 74 3 10
15 75 3 3
15 77 4 9
15 78 2 3
15 79 5 3
15 80 2 9
15 83 6 4
15 84 8 4
15 86 7 7
15 87 10 8
15 88 4 6
15 90 8 10
15 91 5 10
15 92 6 6
15 93 6 2
15 94 6 5
15 95 6 8
15 97 10 6
15 98 9 9
15 99 1 8
15 100 4 8
16 17 2 9
16 18 10 10
16 19 3 2
16 20 8 5
16 21 2 5
16 22 9 8
16 24 1 6
16 26 9 9
16 27 10 9
16 28 9 1
16 29 6 2
16 30 5 8
16 31 8 10
16 32 1 10
16 33 4 8
16 34 5 8
16 35 1 5
16 36 9 8
16 38 5 4
16 39 5 6
16 40 9 3
16 41 8 8
16 42 10 5
16 44 4 2
16 45 10 6
16 46 8 8
16 47 4 3
16 48 4 7
16 49 3 4
16 50 10 6
16 51 7 4
16 52 1 8
16 53 10 8
16 55 9 8
16 57 3 4
16 58 10 2
16 59 8 6
16 60 5 8
16 61 5 10
16 62 9 6
16 63 4 6
16 64 5 4
16 66 6 10
16 67 1 1
16 68 1 5
16 69 8 7
16 70 8 4
16 72 7 8
16 73 7 9
16 74 4 8
16 75 2 7
16 76 7 5
16 79 5 8
16 80 4 5
16 82 9 5
16 83 8 2
16 84 3 8
16 85 5 3
16 86 5 4
16 88 5 10
16 89 6 3
16 90 4 5
16 91 3 5
16 92 4 2
16 93 1 1
16 94 9 5
16 95 1 3
16 96 2 9
16 97 6 5
16 98 4 3
16 99 10 9
17 18 10 4
17 19 6 6
17 22 2 4
17 23 3 3
17 24 6 10
17 25 9 1
17 26 1 2
17 27 2 8
17 28 9 4
17 29 1 4
17 30 7 1
17 31 7 5
17 32 1 9
17 33 10 9
17 37 4 8
17 38 8 3
17 39 1 5
17 42 7 10
17 43 6 8
17 44 3 6
17 45 4 5
17 46 5 7
17 48 10 10
17 50 2 10
17 51 2 3
17 52 7 3
17 54 6 7
17 55 2 3
17 56 9 5
17 57 2 3
17 58 5 9
17 59 9 6
17 60 8 4
17 61 4 3
17 62 8 7
17 63 10 1
17 64 7 7
17 65 5 9
17 66 8 9
17 67 9 6
17 69 3 6
17 70 1 4
17 71 4 9
17 74 10 4
17 75 10 8
17 76 8 8
17 77 8 4
17 78 2 9
17 79 9 5
17 80 1 8
17 82 3 4
17 83 8 8
17 84 2 1
17 85 9 5
17 86 4 2
17 87 10 2
17 88 3 1
17 89 3 1
17 90 1 7
17 91 3 10
17 92 4 2
17 93 2 9
17 95 9 3
17 96 3 6
17 98 1 9
18 19 5 1
18 20 9 1
18 21 2 10
18 22 7 10
18 23 7 3
18 24 8 3
18 25 7 2
18 26 3 9
18 27 6 5
18 28 10 7
18 29 7 3
18 30 8 8
18 32 8 9
18 35 6 10
18 36 5 3
18 37 5 2
18 40 10 5
18 41 1 6
18 43 8 5
18 44 5 10
18 45 1 10
18 46 10 10
18 47 8 8
18 48 1 6
18 50 5 1
18 51 7 2
18 52 5 2
18 53 8 6
18 54 10 5
18 55 2 6
18 56 1 2
18 58 4 9
18 59 1 4
18 60 5 5
18 61 7 8
18 62 6 3
18 63 5 4
18 65 9 6
18 66 3 10
18 69 3 4
18 71 1 5
18 72 2 4
18 73 3 9
18 74 2 10
18 75 9 6
18 77 1 2
18 80 10 5
18 81 5 9
18 83 6 10
18 84 10 7
18 85 1 2
18 86 10 10
18 87 7 5
18 88 1 8
18 89 5 5
18 90 8 4
18 91 5 5
18 92 9 5
18 93 2 10
18 94 7 1
18 95 9 1
18 96 5 5
18 97 1 5
18 98 1 4
18 100 3 6
19 20 10 10
19 21 8 5
19 22 6 5
19 23 5 5
19 24 8 7
19 25 1 10
19 26 7 6
19 27 7 2
19 28 8 2
19 29 1 4
19 31 7 9
19 33 7 2
19 34 2 8
19 36 6 7
19 37 10 7
19 38 3 10
19 41 10 8
19 42 5 4
19 43 6 2
19 44 6 9
19 45 8 8
19 47 1 1
19 48 2 10
19 49 2 9
19 50 3 8
19 53 6 3
19 54 3 8
19 55 6 1
19 56 8 6
19 57 3 7
19 58 5 5
19 59 6 8
19 60 1 2
19 62 5 7
19 64 4 5
19 65 2 3
19 66 6 4
19 67 8 8
19 68 2 10
19 69 4 5
19 70 1 5
19 71 10 6
19 72 4 2
19 73 10 7
19 74 3 2
19 75 3 2
19 76 5 4
19 77 5 7
19 80 1 4
19 81 1 9
19 82 6 2
19 83 8 8
19 89 3 8
19 90 10 2
19 91 4 9
19 92 5 2
19 93 9 4
19 94 5 6
19 95 4 8
19 96 9 4
19 97 9 10
19 98 10 5
19 99 3 10
19 100 3 8
20 21 4 6
20 22 10 3
20 23 10 3
20 25 8 2
20 26 5 2
20 27 5 2
20 28 2 2
20 29 4 4
20 30 3 10
20 31 3 9
20 32 4 9
20 33 4 2
20 34 10 10
20 36 2 5
20 38 4 1
20 39 7 6
20 40 1 2
20 41 6 4
20 43 9 7
20 44 8 6
20 45 3 1
20 46 4 10
20 47 2 6
20 49 9 1
20 51 9 6
20 53 6 2
20 54 3 5
20 55 1 3
20 57 2 3
20 59 4 1
20 61 8 9
20 62 7 5
20 63 2 5
20 64 2 4
20 65 4 6
20 66 3 4
20 67 6 10
20 68 10 3
20 69 8 8
20 70 6 3
20 71 7 10
20 72 4 7
20 73 10 3
20 76 9 2
20 78 6 10
20 81 4 4
20 82 3 2
20 83 7 6
20 84 1 7
20 85 5 10
20 86 1 4
20 90 6 5
20 91 1 6
20 93 3 3
20 96 3 8
20 97 6 8
20 100 9 9
21 22 1 4
21 23 1 5
21 26 4 3
21 27 5 6
21 28 6 4
21 29 7 10
21 30 10 10
21 31 3 9
21 32 4 6
21 33 1 10
21 34 10 2
21 35 6 6
21 36 6 7
21 37 10 3
21 39 2 3
21 40 5 10
21 41 9 7
21 42 4 10
21 45 6 6
21 46 6 2
21 48 4 10
21 49 7 2
21 50 6 4
21 51 6 8
21 52 1 5
21 53 7 10
21 54 6 4
21 55 10 7
21 57 4 3
21 59 7 3
21 60 6 8
21 61 7 5
21 62 5 6
21 63 9 5
21 65 4 10
21 66 3 4
21 67 2 4
21 68 8 7
21 69 2 5
21 71 8 5
21 72 2 10
21 73 5 10
21 74 3 10
21 76 5 7
21 77 3 4
21 79 6 5
21 82 5 5
21 85 3 3
21 86 2 6
21 88 1 7
21 89 5 5
21 92 3 10
21 93 1 5
21 95 3 8
21 96 2 10
21 97 3 3
21 98 7 9
21 99 10 4
21 100 5 2
22 23 3 4
22 24 1 7
22 25 2 10
22 26 7 8
22 28 4 4
22 30 1 2
22 31 10 10
22 33 1 9
22 34 4 5
22 35 3 7
22 36 10 6
22 37 2 6
22 38 6 4
22 39 6 5
22 42 7 9
22 43 9 8
22 44 10 8
22 45 4 1
22 46 7 4
22 47 1 10
22 48 2 4
22 50 8 4
22 51 2 7
22 52 4 1
22 53 3 3
22 54 9 2
22 58 10 1
22 60 8 4
22 61 8 2
22 62 8 9
22 64 6 1
22 65 8 10
22 66 8 7
22 67 7 8
22 68 6 6
22 69 6 7
22 70 10 5
22 71 3 2
22 73 10 9
22 74 8 2
22 75 8 6
22 76 7 9
22 77 8 8
22 78 4 3
22 79 4 5
22 80 7 1
22 81 4 10
22 82 1 5
22 84 5 2
22 85 5 8
22 86 1 4
22 88 3 6
22 89 1 4
22 91 5 10
22 94 2 1
22 95 2 9
22 96 1 6
22 98 2 5
22 99 4 5
23 24 1 4
23 25 3 5
23 26 4 7
23 27 8 6
23 29 6 4
23 31 5 7
23 34 2 2
23 35 4 10
23 36 10 3
23 37 2 7
23 38 10 3
23 39 4 1
23 40 10 2
23 41 4 2
23 43 6 1
23 44 3 3
23 45 9 5
23 46 5 1
23 47 7 2
23 48 9 6
23 49 9 8
23 50 7 9
23 53 4 9
23 54 1 4
23 55 8 2
23 56 8 5
23 57 8 8
23 58 8 2
23 60 4 7
23 61 1 9
23 63 6 1
23 65 7 2
23 66 7 8
23 67 7 10
23 69 6 9
23 71 7 1
23 72 2 5
23 73 5 2
23 75 6 10
23 77 8 2
23 78 9 6
23 80 2 7
23 81 10 8
23 82 1 6
23 83 2 6
23 84 6 10
23 85 3 3
23 86 10 1
23 87 6 3
23 88 6 8
23 89 3 7
23 90 3 7
23 91 9 1
23 93 10 3
23 94 7 4
23 96 8 4
23 97 2 3
23 99 2 2
23 100 5 5
24 25 8 7
24 26 7 7
24 27 3 8
24 29 8 4
24 30 10 1
24 31 2 2
24 34 6 3
24 35 4 3
24 36 9 6
24 37 1 10
24 38 2 3
24 39 4 7
24 41 5 5
24 42 10 10
24 43 9 3
24 44 2 8
24 45 3 4
24 46 5 5
24 47 8 3
24 48 5 8
24 49 9 7
24 50 4 6
24 51 4 6
24 52 7 3
24 53 5 6
24 54 7 1
24 55 9 4
24 56 5 7
24 57 1 2
24 58 7 3
24 60 1 2
24 61 1 10
24 62 2 6
24 63 9 10
24 64 10 2
24 66 5 10
24 67 10 5
24 68 5 5
24 69 3 3
24 70 8 2
24 71 5 2
24 72 6 2
24 73 3 7
24 74 2 9
24 76 2 10
24 78 2 7
24 80 5 4
24 81 7 6
24 82 10 9
24 83 5 6
24 84 7 3
24 85 1 3
24 86 4 9
24 87 3 2
24 88 2 3
24 89 1 9
24 91 9 8
24 92 10 3
24 93 1 9
24 94 6 5
24 95 4 5
24 96 10 7
24 97 7 4
24 98 10 10
24 99 8 10
24 100 6 4
25 26 8 3
25 28 5 5
25 29 8 1
25 30 1 7
25 31 8 10
25 33 10 7
25 34 5 4
25 35 8 4
25 36 2 8
25 37 3 10
25 38 9 4
25 40 5 2
25 41 1 7
25 42 5 5
25 44 8 4
25 45 6 1
25 46 6 2
25 47 3 8
25 48 3 6
25 49 5 10
25 50 6 7
25 52 7 5
25 54 5 4
25 55 6 4
25 56 9 2
25 57 4 9
25 58 6 9
25 59 3 7
25 61 2 1
25 63 7 7
25 66 10 3
25 67 3 8
25 69 1 10
25 71 10 6
25 72 3 7
25 73 1 2
25 74 4 3
25 75 8 6
25 76 5 9
25 77 9 3
25 79 7 2
25 80 8 5
25 81 7 7
25 82 9 9
25 83 8 6
25 84 2 8
25 85 8 8
25 88 5 5
25 89 3 10
25 90 6 7
25 91 4 3
25 92 3 1
25 93 3 8
25 94 8 4
25 95 9 2
25 96 6 7
25 97 10 1
25 98 2 6
25 99 8 1
25 100 6 2
26 27 1 4
26 28 10 6
26 29 7 7
26 30 5 2
26 31 10 8
26 32 7 5
26 33 8 9
26 34 9 5
26 35 5 10
26 36 5 3
26 37 2 7
26 39 7 4
26 40 6 1
26 41 10 4
26 42 8 10
26 43 5 6
26 44 8 1
26 46 1 5
26 47 6 9
26 50 10 8
26 52 2 3
26 53 4 3
26 54 6 10
26 55 1 9
26 57 4 8
26 58 6 1
26 59 4 10
26 61 2 6
26 62 2 6
26 63 6 6
26 64 7 1
26 65 10 7
26 66 6 2
26 67 4 7
26 68 1 4
26 69 5 6
26 70 4 3
26 72 1 8
26 73 2 5
26 74 2 1
26 75 7 4
26 76 1 2
26 77 10 10
26 80 4 2
26 81 5 2
26 84 3 7
26 85 10 5
26 86 7 10
26 87 10 10
26 88 4 2
26 89 5 2
26 90 3 7
26 91 2 1
26 92 2 10
26 93 1 2
26 94 4 4
26 95 6 2
26 96 9 4
26 98 9 10
26 99 1 1
27 29 5 3
27 30 8 3
27 32 9 6
27 33 4 8
27 35 10 10
27 37 3 10
27 40 5 2
27 41 10 1
27 42 1 1
27 44 5 1
27 45 4 3
27 46 5 7
27 48 4 6
27 49 2 10
27 50 1 3
27 51 1 2
27 52 2 10
27 53 5 3
27 54 5 4
27 55 8 1
27 56 2 7
27 57 10 1
27 58 2 1
27 59 1 8
27 60 6 5
27 61 1 2
27 63 3 10
27 64 2 9
27 65 4 1
27 66 8 5
27 67 10 3
27 68 8 2
27 69 8 2
27 70 5 5
27 71 1 1
27 72 5 5
27 73 5 6
27 74 5 7
27 75 10 6
27 76 1 6
27 77 8 1
27 79 7 1
27 80 2 10
27 84 4 7
27 85 5 9
27 86 9 10
27 87 5 2
27 88 5 3
27 89 1 10
27 90 8 3
27 92 1 10
27 93 3 2
27 96 2 10
27 97 6 2
27 100 1 8
28 29 5 3
28 30 3 7
28 31 1 8
28 32 9 4
28 34 4 10
28 35 4 8
28 37 8 5
28 38 9 7
28 39 3 6
28 40 2 6
28 41 3 6
28 42 1 6
28 45 4 7
28 46 3 1
28 47 7 7
28 50 8 8
28 51 9 4
28 52 6 4
28 53 2 3
28 54 1 5
28 55 6 8
28 56 3 8
28 57 3 8
28 58 2 9
28 59 8 2
28 60 5 4
28 61 10 1
28 62 10 1
28 63 10 6
28 64 8 1
28 65 4 9
28 66 9 6
28 67 8 6
28 68 3 5
28 69 1 6
28 70 8 2
28 71 7 1
28 72 6 5
28 73 8 8
28 75 9 5
28 76 5 1
28 78 2 7
28 79 1 6
28 80 5 10
28 81 6 8
28 82 5 5
28 83 7 3
28 84 7 6
28 85 3 10
28 86 8 6
28 88 7 1
28 89 1 5
28 90 2 7
28 91 6 3
28 97 4 8
28 98 5 10
28 99 7 5
28 100 7 7
29 30 6 6
29 31 5 1
29 32 2 8
29 33 8 8
29 34 6 4
29 35 1 6
29 36 8 2
29 37 4 5
29 38 7 3
29 39 1 1
29 41 3 3
29 44 7 2
29 45 2 7
29 46 9 2
29 48 5 6
29 49 8 2
29 50 5 6
29 51 7 6
29 52 9 1
29 53 2 7
29 55 8 10
29 56 6 8
29 57 4 1
29 59 7 10
29 60 8 4
29 62 2 1
29 63 6 5
29 64 8 5
29 65 10 7
29 66 4 4
29 67 7 5
29 68 1 10
29 69 7 3
29 70 2 1
29 71 9 9
29 73 6 1
29 74 3 8
29 75 1 4
29 76 6 8
29 77 10 2
29 78 10 7
29 79 9 6
29 80 7 10
29 81 2 8
29 82 7 3
29 83 2 4
29 84 8 9
29 86 9 1
29 88 10 8
29 89 4 5
29 90 6 4
29 91 7 9
29 92 3 3
29 93 5 6
29 94 4 7
29 95 2 7
29 97 5 4
29 98 5 3
29 99 5 4
29 100 9 7
30 31 9 4
30 32 7 2
30 33 10 6
30 35 2 10
30 36 2 10
30 37 10 5
30 38 3 5
30 39 8 6
30 42 9 2
30 43 2 10
30 44 7 9
30 45 4 8
30 47 8 4
30 49 6 3
30 50 10 9
30 51 5 7
30 52 9 8
30 53 10 9
30 54 9 6
30 55 10 9
30 56 9 3
30 57 10 1
30 58 4 5
30 59 2 8
30 60 10 5
30 61 2 3
30 63 7 9
30 64 10 9
30 66 8 6
30 68 8 10
30 69 4 3
30 70 9 2
30 71 2 6
30 72 4 3
30 74 9 4
30 75 6 9
30 76 1 3
30 78 9 6
30 80 9 6
30 82 7 2
30 83 5 1
30 85 8 5
30 87 1 10
30 89 6 7
30 90 5 4
30 91 2 7
30 92 1 7
30 93 6 6
30 94 8 6
30 96 5 6
30 97 6 6
30 98 1 8
30 99 5 1
30 100 7 10
31 33 4 6
31 34 1 1
31 36 6 2
31 37 10 6
31 38 10 9
31 39 10 6
31 40 2 2
31 41 1 4
31 42 9 7
31 45 1 10
31 46 6 5
31 47 9 2
31 48 1 3
31 49 1 7
31 51 2 8
31 52 4 3
31 53 10 8
31 55 9 5
31 56 2 2
31 58 8 1
31 61 9 5
31 62 6 1
31 64 2 8
31 65 4 3
31 66 4 8
31 68 2 5
31 69 7 3
31 70 10 3
31 73 6 5
31 74 2 9
31 75 8 5
31 76 10 2
31 77 2 1
31 79 1 4
31 80 10 5
31 81 2 10
31 82 8 8
31 83 8 2
31 84 2 3
31 85 4 6
31 86 7 10
31 87 7 8
31 88 10 2
31 90 9 2
31 91 6 3
31 92 6 3
31 93 1 4
31 96 8 3
31 97 3 5
31 99 3 9
31 100 2 8
32 33 9 7
32 34 7 6
32 35 2 1
32 36 3 3
32 37 3 2
32 38 8 6
32 39 6 9
32 40 8 3
32 41 7 6
32 44 10 2
32 45 7 5
32 46 9 4
32 48 2 1
32 49 9 1
32 50 2 1
32 51 2 5
32 52 7 2
32 53 1 5
32 54 4 10
32 55 8 1
32 56 10 1
32 57 9 4
32 58 10 8
32 59 1 8
32 60 6 8
32 61 8 2
32 63 6 1
32 64 1 9
32 65 1 4
32 66 3 2
32 67 10 4
32 68 7 7
32 69 2 1
32 71 7 8
32 73 4 5
32 74 6 5
32 75 8 9
32 79 2 3
32 80 1 6
32 81 10 1
32 83 8 1
32 84 6 1
32 85 9 1
32 86 4 5
32 87 10 7
32 89 5 10
32 90 6 6
32 91 7 5
32 92 1 1
32 95 6 5
32 96 6 9
32 97 4 1
32 98 8 2
32 99 8 3
32 100 10 9
33 35 9 2
33 36 8 7
33 37 10 10
33 38 6 1
33 39 3 9
33 40 8 9
33 41 2 9
33 42 8 9
33 43 3 10
33 44 8 2
33 45 5 2
33 46 10 2
33 47 8 1
33 48 6 6
33 49 2 9
33 50 5 10
33 51 5 3
33 52 10 7
33 54 9 2
33 55 7 10
33 57 6 7
33 58 9 4
33 59 5 5
33 60 8 7
33 62 10 6
33 63 5 4
33 64 6 5
33 65 6 5
33 66 10 10
33 68 5 6
33 69 10 2
33 70 10 3
33 71 10 10
33 72 10 4
33 73 9 6
33 74 1 3
33 75 10 5
33 76 1 9
33 78 10 6
33 79 8 2
33 81 7 1
33 82 9 3
33 83 4 9
33 84 1 2
33 85 6 8
33 86 9 10
33 87 1 3
33 88 5 10
33 91 7 3
33 93 5 6
33 94 4 4
33 95 2 2
33 96 8 6
33 97 3 1
33 99 4 3
33 100 8 7
34 35 9 8
34 36 7 7
34 38 8 8
34 39 6 6
34 40 1 3
34 42 7 1
34 43 2 5
34 44 6 2
34 49 1 1
34 52 6 9
34 53 6 4
34 54 9 9
34 55 2 3
34 57 4 4
34 58 4 4
34 60 7 3
34 61 4 4
34 62 6 9
34 63 5 7
34 65 1 6
34 66 8 4
34 67 8 2
34 68 9 2
34 70 8 7
34 71 3 5
34 72 9 6
34 73 8 9
34 74 1 8
34 75 5 4
34 76 7 10
34 77 6 5
34 78 8 10
34 79 8 3
34 80 8 8
34 81 10 7
34 83 6 3
34 84 2 2
34 85 9 9
34 86 5 4
34 87 4 10
34 88 4 3
34 90 6 7
34 91 7 3
34 92 9 6
34 93 1 4
34 94 5 8
34 95 3 4
34 96 1 1
34 97 1 1
34 98 9 7
34 99 3 5
34 100 1 4
35 36 8 8
35 37 5 6
35 38 7 10
35 39 3 5
35 40 8 9
35 42 1 7
35 43 10 7
35 44 3 10
35 45 2 7
35 47 9 8
35 48 3 3
35 49 5 10
35 51 10 1
35 52 2 5
35 53 8 3
35 54 8 8
35 55 4 10
35 58 3 9
35 59 5 1
35 60 4 8
35 61 2 8
35 62 6 10
35 63 3 7
35 64 9 10
35 65 4 7
35 66 9 4
35 67 9 3
35 68 3 8
35 69 7 8
35 72 10 1
35 73 3 4
35 75 1 1
35 76 4 8
35 77 5 10
35 79 1 7
35 80 7 8
35 81 2 4
35 82 2 3
35 83 6 9
35 85 6 9
35 87 7 7
35 88 3 6
35 90 6 10
35 91 6 2
35 92 6 2
35 93 9 6
35 94 7 10
35 95 10 9
35 96 9 8
35 97 4 1
35 98 4 10
35 99 8 6
35 100 8 5
36 37 10 7
36 38 6 4
36 39 8 4
36 42 2 8
36 43 1 4
36 44 9 10
36 45 9 6
36 46 8 8
36 47 3 10
36 49 3 10
36 50 7 4
36 51 8 4
36 52 5 1
36 53 9 9
36 54 1 6
36 55 10 4
36 56 6 10
36 58 8 2
36 59 2 6
36 61 10 2
36 62 6 6
36 63 5 4
36 64 10 8
36 65 3 2
36 66 6 3
36 67 4 2
36 68 10 1
36 69 5 3
36 71 10 10
36 74 7 9
36 75 5 4
36 76 10 4
36 77 8 4
36 78 8 7
36 79 7 8
36 80 10 4
36 81 1 10
36 82 1 1
36 83 2 1
36 84 3 1
36 85 3 4
36 86 10 1
36 88 3 8
36 89 9 7
36 90 9 7
36 91 3 4
36 92 2 9
36 93 3 8
36 94 1 6
36 95 2 5
36 96 8 6
36 98 2 1
36 99 9 7
36 100 8 9
37 38 4 5
37 39 2 9
37 41 5 10
37 43 8 1
37 44 8 3
37 45 1 3
37 46 4 1
37 47 1 4
37 49 1 3
37 50 7 2
37 51 7 8
37 52 10 6
37 57 4 8
37 58 5 5
37 59 7 3
37 60 4 1
37 61 8 4
37 63 3 1
37 64 5 5
37 65 5 4
37 66 9 8
37 67 6 1
37 68 10 6
37 69 7 2
37 73 6 6
37 74 8 2
37 76 1 1
37 77 8 6
37 78 7 9
37 79 8 8
37 82 1 4
37 83 6 2
37 84 1 6
37 86 10 9
37 87 6 4
37 89 4 5
37 90 8 1
37 91 7 7
37 92 6 7
37 93 6 8
37 94 8 9
37 95 4 3
37 96 8 2
37 98 3 2
37 99 7 8
37 100 2 3
38 39 4 2
38 41 8 10
38 42 7 8
38 43 1 2
38 44 7 4
38 46 10 2
38 47 2 8
38 48 2 5
38 49 4 10
38 50 1 8
38 51 5 1
38 52 7 5
38 53 6 1
38 54 2 8
38 55 5 3
38 56 5 6
38 57 7 7
38 58 5 4
38 59 1 9
38 60 2 7
38 63 10 5
38 64 7 10
38 66 5 6
38 67 5 8
38 68 4 3
38 69 4 10
38 72 4 8
38 73 9 9
38 74 5 9
38 76 2 6
38 77 1 10
38 78 4 2
38 79 4 8
38 80 5 7
38 82 7 4
38 83 7 3
38 84 8 1
38 85 9 7
38 86 1 4
38 87 7 1
38 88 7 6
38 90 8 7
38 91 9 4
38 92 5 5
38 93 8 1
38 95 5 8
38 98 6 7
38 99 1 1
39 41 1 10
39 42 6 1
39 44 4 4
39 45 4 4
39 46 1 9
39 47 7 3
39 48 7 8
39 49 2 5
39 50 2 4
39 51 3 7
39 52 6 3
39 54 3 9
39 55 7 4
39 56 10 3
39 57 7 5
39 58 1 4
39 59 4 7
39 60 9 5
39 61 8 7
39 62 9 10
39 64 10 1
39 66 3 4
39 70 1 9
39 71 8 7
39 73 4 7
39 75 8 8
39 76 4 9
39 79 3 9
39 82 5 9
39 83 8 5
39 84 5 2
39 85 3 2
39 86 10 10
39 87 7 7
39 88 7 9
39 89 4 4
39 90 2 9
39 92 10 4
39 93 4 1
39 94 9 1
39 95 2 8
39 97 6 3
39 98 4 1
39 99 2 1
40 41 8 7
40 42 1 9
40 43 3 3
40 44 1 10
40 45 1 4
40 46 2 8
40 47 1 9
40 48 2 10
40 49 5 4
40 50 3 8
40 51 8 8
40 52 2 10
40 53 6 5
40 54 8 5
40 57 10 10
40 58 8 8
40 60 8 7
40 61 2 2
40 63 5 5
40 64 4 10
40 66 4 6
40 67 10 5
40 68 6 8
40 69 3 8
40 70 7 2
40 71 2 3
40 72 1 9
40 73 2 4
40 74 4 2
40 75 6 7
40 76 6 2
40 78 3 2
40 79 8 5
40 81 7 10
40 82 9 3
40 83 9 5
40 84 9 7
40 86 3 3
40 88 3 4
40 90 9 3
40 91 10 6
40 92 8 7
40 93 4 5
40 94 5 5
40 96 1 4
40 97 1 10
40 98 10 6
40 99 1 10
41 43 4 8
41 45 1 2
41 46 1 10
41 47 9 2
41 48 10 4
41 49 6 5
41 50 9 7
41 51 6 2
41 52 4 5
41 53 7 2
41 55 5 10
41 56 6 6
41 57 8 7
41 58 6 5
41 59 3 1
41 60 6 7
41 61 9 1
41 62 3 3
41 64 5 4
41 65 3 3
41 66 9 2
41 68 7 4
41 69 9 6
41 70 1 7
41 71 10 5
41 72 9 10
41 73 10 2
41 74 7 4
41 75 7 6
41 76 2 2
41 78 8 2
41 81 4 5
41 82 6 1
41 84 10 6
41 85 7 8
41 86 10 8
41 88 7 10
41 90 10 10
41 91 1 8
41 92 8 8
41 93 3 9
41 94 9 4
41 95 4 10
41 96 7 1
41 97 2 10
41 98 7 4
41 99 3 8
41 100 3 1
42 43 9 10
42 46 1 9
42 47 4 5
42 48 6 3
42 49 10 5
42 50 9 7
42 51 3 5
42 53 5 9
42 54 6 2
42 55 4 3
42 56 7 2
42 57 2 5
42 58 7 2
42 59 3 6
42 60 9 7
42 62 5 8
42 63 9 2
42 65 3 5
42 67 10 3
42 70 9 6
42 71 1 3
42 73 3 1
42 74 3 6
42 75 4 4
42 76 9 3
42 77 9 7
42 78 9 1
42 79 9 1
42 80 5 8
42 81 5 9
42 82 3 2
42 83 6 2
42 85 4 7
42 86 1 1
42 87 8 5
42 88 2 8
42 89 1 9
42 90 9 7
42 91 1 5
42 92 8 4
42 93 1 4
42 95 7 10
42 97 9 4
42 98 1 9
43 44 9 8
43 46 10 8
43 47 3 3
43 48 2 5
43 49 1 3
43 50 5 2
43 51 1 5
43 52 5 6
43 53 10 3
43 54 1 10
43 56 7 1
43 58 4 1
43 59 3 6
43 60 9 8
43 62 6 5
43 63 4 4
43 64 4 6
43 66 4 10
43 67 9 10
43 68 1 7
43 70 1 6
43 71 1 3
43 72 1 5
43 73 5 4
43 74 8 1
43 75 3 6
43 76 3 2
43 77 10 3
43 78 9 8
43 79 1 10
43 80 9 4
43 81 8 4
43 83 7 2
43 84 8 1
43 85 1 5
43 86 8 6
43 88 1 10
43 92 8 9
43 94 4 6
43 96 1 3
43 97 10 3
43 99 6 9
43 100 9 4
44 45 4 9
44 48 2 5
44 49 10 6
44 50 1 5
44 51 7 2
44 52 7 5
44 54 2 4
44 55 1 1
44 56 7 4
44 57 10 8
44 60 2 7
44 61 5 7
44 63 3 2
44 64 1 3
44 65 3 9
44 66 9 9
44 67 8 7
44 68 8 5
44 69 10 8
44 70 10 9
44 71 8 7
44 72 4 3
44 73 10 2
44 74 8 8
44 76 8 5
44 77 10 8
44 78 9 4
44 79 7 4
44 82 3 2
44 83 8 9
44 84 7 3
44 86 7 10
44 88 7 4
44 90 3 5
44 91 4 10
44 92 2 4
44 94 2 1
44 96 5 9
44 97 3 10
44 98 2 3
44 99 4 1
44 100 3 8
45 46 6 5
45 47 9 4
45 48 6 9
45 49 3 10
45 50 5 5
45 51 1 7
45 53 10 6
45 54 1 4
45 55 10 4
45 57 9 6
45 58 2 5
45 60 1 8
45 61 8 4
45 62 5 3
45 63 3 9
45 64 8 8
45 65 9 2
45 66 8 6
45 67 3 4
45 69 5 4
45 71 3 8
45 72 6 6
45 73 10 8
45 74 1 8
45 75 4 10
45 77 3 4
45 78 1 5
45 79 3 7
45 80 1 5
45 81 6 9
45 82 2 1
45 83 5 7
45 84 9 6
45 86 10 8
45 87 4 9
45 88 5 1
45 89 9 2
45 90 1 1
45 91 1 3
45 92 8 9
45 93 4 6
45 94 8 9
45 95 7 7
45 96 6 6
45 97 6 1
45 98 7 1
45 99 1 9
45 100 9 5
46 47 8 3
46 48 5 4
46 49 10 10
46 50 3 7
46 52 5 8
46 53 6 3
46 54 9 10
46 58 8 7
46 60 2 5
46 61 5 8
46 62 2 10
46 64 3 5
46 65 1 5
46 66 4 9
46 67 10 1
46 68 7 4
46 70 10 8
46 71 1 3
46 75 10 1
46 76 7 2
46 77 3 6
46 79 1 3
46 80 3 4
46 82 1 5
46 83 2 5
46 84 4 6
46 85 3 3
46 86 8 2
46 87 8 9
46 88 5 1
46 89 9 10
46 90 4 10
46 91 7 5
46 92 10 10
46 94 9 5
46 95 8 10
46 98 4 3
46 99 6 10
46 100 8 7
47 49 1 2
47 52 8 4
47 53 7 7
47 54 1 9
47 55 4 8
47 56 6 5
47 57 6 4
47 59 3 8
47 60 9 6
47 61 6 9
47 62 7 2
47 63 1 10
47 65 4 6
47 66 5 2
47 67 3 3
47 68 2 8
47 70 1 5
47 71 2 1
47 73 2 6
47 74 9 10
47 77 7 1
47 79 6 6
47 80 10 4
47 84 8 6
47 86 4 5
47 88 6 4
47 89 7 8
47 90 4 10
47 91 8 10
47 92 7 9
47 95 5 9
47 96 3 3
47 98 4 10
47 100 6 4
48 49 2 4
48 50 10 9
48 51 5 7
48 52 8 6
48 54 10 7
48 55 8 2
48 56 4 9
48 57 4 1
48 58 4 7
48 59 2 9
48 60 9 6
48 61 9 7
48 62 10 8
48 63 5 8
48 65 2 6
48 66 10 3
48 67 10 9
48 68 1 8
48 70 6 5
48 71 3 7
48 72 7 5
48 73 7 2
48 74 6 8
48 75 4 7
48 76 2 5
48 78 6 4
48 81 9 1
48 82 9 9
48 83 2 8
48 84 7 7
48 86 5 9
48 87 1 2
48 88 4 5
48 89 10 4
48 90 9 4
48 91 8 3
48 93 5 8
48 94 2 8
48 95 10 2
48 96 3 10
48 98 8 4
48 99 1 4
48 100 2 9
49 51 5 9
49 52 9 5
49 53 6 8
49 54 5 6
49 55 4 5
49 56 7 2
49 57 2 1
49 58 7 3
49 59 3 2
49 60 4 3
49 62 2 9
49 63 9 7
49 64 6 1
49 65 3 9
49 66 2 8
49 67 1 8
49 68 3 7
49 69 8 8
49 70 7 7
49 71 1 5
49 72 8 8
49 74 7 6
49 75 5 9
49 76 4 1
49 77 9 1
49 78 3 6
49 80 4 6
49 82 9 2
49 83 5 10
49 84 9 2
49 86 6 2
49 87 2 2
49 88 2 7
49 90 7 1
49 92 2 5
49 93 2 1
49 94 3 9
49 95 8 1
49 96 10 10
49 97 10 1
49 98 9 5
49 99 4 10
49 100 9 6
50 53 3 3
50 54 7 9
50 55 9 5
50 56 3 4
50 58 6 6
50 59 8 1
50 60 7 1
50 61 6 4
50 63 5 5
50 64 3 4
50 66 6 9
50 68 2 4
50 69 5 5
50 70 10 8
50 71 7 8
50 72 6 3
50 73 2 9
50 74 7 10
50 78 5 2
50 79 4 1
50 82 2 4
50 83 7 3
50 84 3 1
50 85 1 7
50 86 9 2
50 87 8 3
50 89 8 3
50 90 1 2
50 91 1 3
50 92 1 4
50 93 3 5
50 95 1 8
50 100 4 2
51 52 2 8
51 53 6 7
51 55 8 8
51 56 8 1
51 57 3 1
51 58 1 5
51 59 9 5
51 60 1 5
51 62 7 2
51 64 3 7
51 65 5 8
51 66 10 7
51 67 6 2
51 68 9 8
51 69 2 7
51 71 3 4
51 72 3 8
51 73 6 2
51 74 9 9
51 75 4 8
51 76 5 5
51 78 1 5
51 79 1 10
51 80 7 8
51 82 9 7
51 84 4 3
51 87 1 7
51 88 1 1
51 89 3 8
51 90 10 7
51 91 5 8
51 92 10 2
51 93 6 4
51 95 8 8
51 97 6 2
51 100 3 5
52 53 3 8
52 54 1 1
52 55 2 9
52 56 10 5
52 57 6 9
52 58 7 1
52 59 10 10
52 61 6 3
52 63 2 3
52 64 2 3
52 65 10 5
52 66 8 10
52 67 9 9
52 68 10 8
52 69 3 7
52 70 3 1
52 71 8 1
52 72 4 3
52 73 9 6
52 74 10 10
52 75 6 9
52 77 10 8
52 79 2 8
52 80 7 2
52 81 8 2
52 82 10 7
52 83 1 4
52 84 9 10
52 85 3 10
52 88 2 6
52 89 2 6
52 90 6 4
52 92 9 2
52 93 4 2
52 94 2 10
52 95 6 1
52 96 8 9
52 97 8 4
52 98 6 5
52 99 8 9
52 100 4 2
53 56 4 10
53 57 4 5
53 59 5 10
53 60 9 6
53 61 7 8
53 62 6 1
53 63 10 5
53 64 4 8
53 65 2 3
53 67 6 2
53 68 8 2
53 69 5 9
53 70 6 2
53 71 1 1
53 72 10 7
53 73 2 1
53 74 6 7
53 76 6 6
53 77 6 3
53 78 2 7
53 79 1 7
53 80 9 1
53 81 1 7
53 82 7 1
53 83 6 1
53 84 4 1
53 86 5 7
53 87 3 8
53 88 1 3
53 89 10 1
53 90 9 9
53 91 5 1
53 92 3 8
53 93 9 4
53 95 9 1
53 96 5 7
53 97 6 8
53 98 7 2
53 99 9 8
53 100 9 9
54 55 7 3
54 56 6 4
54 57 6 2
54 58 7 9
54 59 10 8
54 61 3 3
54 63 6 8
54 64 8 9
54 65 4 8
54 66 7 7
54 68 5 1
54 69 2 9
54 70 5 8
54 71 2 1
54 72 3 4
54 73 8 2
54 74 1 4
54 76 8 4
54 77 10 8
54 78 6 3
54 80 6 2
54 81 5 1
54 82 7 6
54 83 4 4
54 85 1 6
54 86 10 7
54 88 5 1
54 89 8 1
54 90 3 3
54 92 10 6
54 93 7 2
54 94 5 6
54 95 9 10
54 96 1 9
54 97 10 3
54 98 6 4
54 99 6 4
54 100 7 6
55 56 2 2
55 57 1 3
55 58 9 6
55 59 8 9
55 60 9 4
55 62 6 7
55 63 7 10
55 64 1 5
55 65 6 6
55 69 10 7
55 70 8 8
55 71 2 8
55 72 1 10
55 73 8 9
55 74 5 10
55 75 8 3
55 77 9 1
55 78 5 8
55 80 7 3
55 82 2 9
55 83 9 8
55 84 4 9
55 86 2 9
55 87 3 5
55 88 2 7
55 90 10 5
55 91 9 6
55 92 4 10
55 94 7 8
55 95 5 6
55 96 1 9
55 97 7 9
55 99 5 3
55 100 9 6
56 57 2 1
56 59 3 6
56 61 6 7
56 62 3 5
56 63 8 7
56 65 1 3
56 66 10 4
56 67 7 2
56 68 7 5
56 69 3 6
56 70 3 2
56 71 1 6
56 72 2 9
56 73 1 7
56 76 8 5
56 77 6 4
56 78 1 10
56 79 10 10
56 80 9 1
56 82 6 8
56 83 4 1
56 84 8 7
56 86 8 4
56 87 10 7
56 88 9 3
56 90 9 9
56 91 3 6
56 92 2 1
56 93 4 8
56 94 3 2
56 95 3 8
56 96 2 6
56 97 4 6
56 98 1 7
56 99 10 10
56 100 7 2
57 58 7 5
57 59 5 1
57 60 7 5
57 61 2 9
57 63 2 5
57 67 3 7
57 69 6 9
57 70 3 5
57 71 8 5
57 73 3 8
57 74 6 8
57 75 6 1
57 76 10 9
57 77 2 9
57 78 6 7
57 80 6 1
57 82 2 4
57 83 8 2
57 84 10 1
57 85 1 8
57 86 3 1
57 87 1 3
57 89 4 8
57 90 4 9
57 91 10 3
57 92 7 8
57 93 4 10
57 94 5 8
57 95 6 2
57 96 8 5
57 97 6 1
57 98 5 1
57 99 4 4
57 100 8 3
58 59 1 4
58 60 5 5
58 61 8 8
58 62 4 7
58 63 9 10
58 65 7 2
58 66 9 2
58 68 9 5
58 70 8 2
58 71 2 7
58 72 5 4
58 74 7 1
58 75 8 8
58 77 5 6
58 78 3 4
58 79 8 9
58 80 5 10
58 81 9 1
58 82 3 4
58 83 1 5
58 84 6 8
58 85 1 5
58 87 5 6
58 89 7 7
58 90 7 6
58 91 8 7
58 92 2 8
58 94 2 2
58 95 10 3
58 96 7 4
58 97 3 2
58 99 2 10
58 100 9 7
59 60 1 6
59 61 1 5
59 63 2 9
59 64 5 2
59 65 2 9
59 66 4 7
59 67 5 6
59 68 8 6
59 69 3 7
59 70 5 9
59 71 8 7
59 72 3 2
59 74 1 8
59 75 10 4
59 76 9 8
59 77 8 10
59 78 8 4
59 79 6 5
59 80 10 8
59 81 10 3
59 82 8 8
59 83 7 4
59 85 3 6
59 86 2 1
59 87 2 4
59 88 5 4
59 89 8 2
59 90 10 6
59 91 7 9
59 93 3 1
59 94 7 6
59 95 8 7
59 96 3 8
59 97 4 1
59 98 9 5
59 99 9 2
59 100 2 2
60 61 3 3
60 62 1 8
60 63 3 4
60 64 4 2
60 65 5 1
60 66 5 1
60 67 5 8
60 68 7 3
60 69 4 4
60 71 9 3
60 72 4 9
60 73 7 5
60 74 4 10
60 76 7 6
60 77 6 3
60 78 8 6
60 79 5 6
60 80 1 6
60 82 1 7
60 83 3 8
60 84 1 4
60 85 1 2
60 86 10 4
60 87 8 9
60 88 9 8
60 89 2 6
60 90 7 5
60 91 4 4
60 93 8 3
60 95 10 7
60 97 5 8
60 100 7 6
61 62 1 10
61 63 3 4
61 64 2 6
61 65 4 8
61 66 8 10
61 67 8 6
61 68 2 9
61 69 4 6
61 70 1 1
61 71 8 6
61 73 5 2
61 74 1 7
61 75 5 7
61 76 10 8
61 77 2 4
61 78 6 3
61 79 6 7
61 80 2 4
61 83 2 5
61 84 10 3
61 85 1 9
61 86 6 10
61 87 2 3
61 88 5 2
61 89 9 2
61 90 7 3
61 92 8 4
61 93 2 7
61 95 6 9
61 96 9 9
61 97 8 6
61 98 8 3
61 99 1 10
61 100 4 3
62 65 5 3
62 66 9 3
62 67 9 10
62 68 3 10
62 69 1 4
62 70 5 1
62 71 7 5
62 72 1 2
62 73 2 10
62 75 6 9
62 76 8 8
62 77 4 6
62 78 2 7
62 79 3 5
62 81 6 9
62 82 6 9
62 83 9 3
62 84 1 3
62 85 5 9
62 86 5 3
62 88 10 9
62 89 5 7
62 90 1 1
62 91 10 8
62 92 4 5
62 94 1 10
62 95 5 6
62 96 9 1
62 98 8 5
62 99 5 1
62 100 6 5
63 64 3 3
63 67 6 2
63 69 5 2
63 71 10 5
63 72 6 3
63 73 9 10
63 75 6 4
63 76 4 4
63 80 2 8
63 81 4 3
63 82 6 10
63 83 9 3
63 84 3 3
63 85 5 7
63 86 6 5
63 87 8 9
63 88 7 4
63 89 9 9
63 91 3 1
63 92 3 9
63 94 5 7
63 96 10 4
63 97 10 4
63 98 4 2
63 99 1 3
63 100 7 5
64 65 8 2
64 66 8 8
64 67 8 9
64 69 4 3
64 70 1 8
64 72 2 2
64 74 4 1
64 75 3 3
64 76 4 4
64 77 1 3
64 78 10 6
64 79 1 4
64 80 4 6
64 81 7 2
64 82 6 6
64 83 7 3
64 88 10 8
64 89 1 10
64 91 3 5
64 92 7 10
64 94 10 4
64 95 10 8
64 96 5 10
64 97 2 8
64 98 9 1
64 99 9 7
64 100 9 8
65 66 2 1
65 67 5 2
65 69 6 5
65 70 10 6
65 72 3 1
65 73 2 1
65 74 7 9
65 76 1 7
65 77 2 2
65 78 3 7
65 82 7 10
65 83 6 10
65 86 1 10
65 87 10 3
65 90 6 6
65 91 4 4
65 92 4 1
65 93 10 2
65 94 2 1
65 95 2 4
65 97 8 9
65 98 1 9
65 99 5 9
65 100 3 5
66 67 4 9
66 68 7 3
66 70 8 5
66 71 7 3
66 72 6 10
66 73 7 4
66 74 1 10
66 75 2 6
66 76 10 5
66 77 4 9
66 78 8 7
66 79 4 5
66 80 2 1
66 81 2 8
66 82 9 7
66 84 6 3
66 85 2 4
66 86 5 6
66 87 2 5
66 88 9 6
66 89 6 3
66 90 4 8
66 91 2 7
66 92 1 8
66 93 9 6
66 94 7 10
66 95 8 4
66 96 7 3
66 97 9 3
66 98 2 2
66 100 8 1
67 69 8 1
67 71 6 4
67 72 7 3
67 73 3 2
67 74 9 7
67 75 4 6
67 76 5 2
67 77 1 1
67 78 1 7
67 80 2 4
67 81 4 7
67 82 5 7
67 83 3 6
67 84 4 3
67 85 5 3
67 89 4 1
67 90 3 6
67 91 5 5
67 92 4 1
67 93 7 1
67 94 8 10
67 95 1 9
67 96 1 8
67 97 8 5
67 98 8 6
67 99 4 8
67 100 3 4
68 69 10 8
68 70 8 10
68 71 6 8
68 73 3 1
68 75 1 1
68 76 9 1
68 77 10 1
68 78 10 2
68 79 6 10
68 80 1 6
68 82 2 7
68 83 6 7
68 85 6 5
68 86 4 8
68 89 10 5
68 91 6 5
68 92 8 3
68 93 5 1
68 94 1 2
68 96 3 5
68 97 3 3
68 98 3 4
68 99 1 1
68 100 2 7
69 70 9 5
69 73 4 7
69 74 1 9
69 75 10 7
69 76 5 3
69 77 1 2
69 78 2 6
69 79 6 3
69 80 7 7
69 81 1 9
69 82 4 7
69 83 4 3
69 84 1 5
69 85 4 2
69 86 6 2
69 88 3 5
69 89 7 4
69 90 10 7
69 91 10 7
69 92 9 8
69 94 7 7
69 96 9 3
69 97 2 5
69 98 8 9
69 99 1 7
69 100 6 5
70 71 5 1
70 72 8 1
70 73 3 5
70 74 2 3
70 75 5 5
70 77 5 5
70 79 8 7
70 80 6 4
70 82 1 2
70 85 2 5
70 86 8 2
70 87 7 9
70 88 6 5
70 89 1 5
70 90 7 5
70 92 3 10
70 94 7 1
70 96 3 3
70 97 5 7
70 98 6 3
70 99 6 6
71 72 7 4
71 73 5 6
71 75 5 6
71 77 2 5
71 78 6 6
71 79 5 3
71 81 6 2
71 82 8 3
71 83 1 1
71 84 9 1
71 86 9 5
71 87 8 8
71 89 8 4
71 90 10 7
71 91 6 7
71 92 1 9
71 93 1 1
71 94 5 4
71 95 4 7
71 96 1 9
71 98 4 10
71 99 1 8
72 74 7 8
72 77 10 4
72 78 1 4
72 79 2 9
72 80 2 3
72 81 9 9
72 82 5 10
72 83 9 9
72 84 1 9
72 85 10 2
72 86 1 3
72 87 9 5
72 89 6 6
72 90 2 6
72 92 9 2
72 93 10 10
72 94 2 5
72 95 4 4
72 96 3 9
72 98 2 9
72 99 8 9
72 100 6 7
73 74 9 6
73 75 3 2
73 77 3 6
73 79 5 7
73 81 2 4
73 82 9 8
73 83 4 4
73 84 2 7
73 85 7 4
73 86 9 7
73 87 5 7
73 88 10 4
73 89 8 2
73 90 6 6
73 91 3 9
73 92 5 7
73 93 5 3
73 94 2 6
73 95 10 3
73 96 8 10
73 98 2 1
73 100 3 3
74 76 7 9
74 78 8 5
74 79 3 9
74 80 2 5
74 81 7 8
74 83 6 8
74 84 10 8
74 85 1 10
74 86 3 3
74 90 5 1
74 91 3 3
74 93 2 7
74 94 10 4
74 95 6 2
74 96 9 8
74 97 4 1
74 99 7 2
75 76 9 7
75 77 7 2
75 78 3 10
75 80 3 3
75 81 4 6
75 82 4 1
75 83 10 7
75 84 7 1
75 85 10 4
75 86 8 3
75 87 3 9
75 89 8 4
75 90 10 3
75 91 7 9
75 92 10 4
75 93 5 2
75 94 9 8
75 95 5 7
75 96 9 4
75 98 10 4
75 99 3 7
75 100 5 8
76 78 2 4
76 79 2 4
76 80 5 9
76 81 7 1
76 82 9 3
76 83 5 9
76 84 7 3
76 85 1 10
76 86 1 4
76 90 5 10
76 91 7 9
76 92 3 9
76 93 2 3
76 94 1 7
76 96 8 4
76 97 1 1
77 78 7 5
77 79 4 10
77 80 5 1
77 82 8 3
77 84 8 5
77 85 1 2
77 86 10 3
77 87 5 6
77 88 5 3
77 89 10 5
77 90 10 7
77 91 5 8
77 92 6 9
77 93 8 1
77 94 9 2
77 95 10 1
77 96 10 5
77 98 5 4
77 99 8 2
78 79 1 10
78 80 5 9
78 82 2 2
78 83 3 10
78 84 5 10
78 85 3 3
78 86 6 10
78 87 3 6
78 88 7 6
78 89 7 1
78 90 9 4
78 91 7 7
78 92 7 3
78 93 6 9
78 94 10 10
78 95 8 8
78 96 2 5
78 97 2 7
78 98 3 7
78 99 8 4
78 100 7 5
79 80 10 9
79 81 9 9
79 82 8 1
79 83 9 5
79 84 7 5
79 85 8 1
79 86 2 5
79 87 3 5
79 88 7 6
79 89 9 10
79 90 4 4
79 91 6 7
79 92 8 6
79 93 7 4
79 94 8 9
79 95 5 7
79 96 5 6
79 97 1 4
79 98 6 1
79 99 1 6
79 100 9 5
80 81 10 10
80 82 7 1
80 83 5 5
80 84 8 10
80 85 3 6
80 86 6 10
80 88 2 2
80 89 6 1
80 90 7 9
80 91 9 9
80 92 5 1
80 93 1 10
80 94 2 4
80 95 6 10
80 97 4 5
80 98 6 9
80 100 1 9
81 83 5 10
81 84 1 9
81 85 6 8
81 86 5 8
81 88 9 7
81 89 5 7
81 90 10 7
81 91 2 3
81 92 5 7
81 93 1 8
81 94 7 4
81 95 10 7
81 96 5 1
81 97 4 1
81 98 9 1
81 99 1 10
81 100 8 8
82 83 3 9
82 85 9 4
82 86 8 6
82 87 1 5
82 88 3 7
82 89 7 10
82 91 10 2
82 92 9 8
82 93 2 10
82 94 9 7
82 95 9 3
82 96 10 5
82 99 2 1
82 100 1 2
83 84 2 6
83 85 3 6
83 86 5 2
83 87 1 6
83 88 4 5
83 89 7 4
83 90 10 2
83 91 9 5
83 92 10 7
83 93 5 10
83 95 2 9
83 96 4 3
83 97 1 1
83 99 10 6
83 100 2 3
84 86 5 6
84 87 6 8
84 88 8 2
84 89 5 2
84 91 5 7
84 92 2 10
84 93 1 6
84 94 6 7
84 95 8 7
84 99 3 5
84 100 5 6
85 86 7 9
85 87 8 9
85 88 1 10
85 89 9 2
85 90 7 2
85 91 1 1
85 92 9 10
85 94 8 1
85 96 10 4
85 97 5 10
85 98 1 2
85 99 4 1
85 100 9 7
86 87 10 10
86 88 1 9
86 89 6 10
86 90 6 7
86 92 5 3
86 93 8 4
86 95 6 6
86 96 5 5
86 97 10 4
86 98 4 5
86 99 5 4
86 100 1 7
87 90 8 6
87 91 2 7
87 92 2 9
87 93 1 8
87 94 2 1
87 95 7 5
87 97 4 5
87 99 3 2
87 100 2 4
88 90 9 1
88 91 10 8
88 92 5 6
88 93 10 9
88 94 2 7
88 95 3 8
88 96 2 4
88 97 6 4
88 98 7 9
88 99 1 10
88 100 10 5
89 90 2 10
89 91 1 3
89 92 4 1
89 95 7 3
89 97 3 5
89 98 10 3
89 100 10 8
90 91 8 2
90 93 10 7
90 94 3 10
90 95 3 1
90 96 10 8
90 97 5 1
90 98 1 7
90 99 6 2
91 92 4 10
91 94 7 3
91 95 10 9
91 96 4 3
91 97 4 7
91 98 3 10
91 99 6 3
92 93 8 8
92 94 4 9
92 95 4 3
92 96 6 5
92 97 4 8
92 98 7 10
92 99 3 4
92 100 9 8
93 94 1 9
93 95 10 2
93 98 5 7
93 100 1 9
94 95 4 8
94 96 9 2
94 97 10 3
94 98 1 5
94 99 6 9
94 100 9 5
95 97 1 9
95 98 1 5
95 99 10 2
95 100 3 7
96 98 1 3
96 100 3 8
97 98 6 7
98 100 3 8
99 100 3 5
1
1 2 3 4 5 6 7 8 9 10 11 12 13 14 15 16 17 18 19 20 21 22 23 24 25 26 27 28 29 30 31 32 33 34 35 36 37 38 39 40 41 42 43 44 45 46 47 48 49 50
