3929
1 2 7 3
1 3 5 1
1 4 4 6
1 5 5 8
1 6 2 7
1 7 2 5
1 8 5 9
1 9 2 1
1 10 3 10
1 13 4 7
1 15 8 1
1 18 6 5
1 19 4 7
1 20 1 2
1 21 2 6
1 22 9 1
1 23 8 3
1 24 7 1
1 25 10 8
1 26 8 5
1 27 7 10
1 28 1 10
1 30 3 4
1 32 5 2
1 33 10 10
1 34 8 1
1 35 9 4
1 37 5 1
1 40 8 10
1 41 1 9
1 42 5 2
1 43 10 1
1 44 7 4
1 45 8 9
1 46 7 8
1 47 8 6
1 50 6 10
1 51 8 10
1 53 4 5
1 54 7 2
1 55 3 3
1 57 8 2
1 58 8 10
1 59 9 3
1 60 3 3
1 62 1 8
1 64 7 3
1 65 4 1
1 66 9 8
1 67 4 6
1 68 4 2
1 70 1 6
1 71 5 6
1 72 3 4
1 73 7 4
1 74 4 3
1 75 8 9
1 76 7 8
1 78 1 1
1 79 10 1
1 80 9 6
1 81 7 8
1 82 1 3
1 83 4 1
1 84 1 9
1 85 2 2
1 86 7 7
1 87 7 2
1 90 6 6
1 91 5 3
1 92 9 1
1 93 2 9
1 94 3 7
1 95 9 3
1 96 10 9
1 99 7 5
1 100 8 1
2 3 1 2
2 4 3 6
2 6 5 5
2 7 7 10
2 8 7 4
2 10 4 10
2 11 7 9
2 15 1 4
2 16 4 1
2 18 7 6
2 19 4 2
2 20 4 5
2 21 8 8
2 22 6 10
2 23 1 1
2 24 4 10
2 25 2 1
2 26 3 8
2 27 3 1
2 28 1 1
2 29 10 10
2 31 6 10
2 32 1 10
2 33 9 10
2 34 4 10
2 35 6 8
2 37 1 8
2 38 2 5
2 39 2 10
2 40 2 2
2 41 7 6
2 44 2 2
2 45 8 1
2 46 3 5
2 48 9 5
2 49 3 6
2 50 8 4
2 51 5 5
2 52 4 5
2 53 9 5
2 54 10 5
2 55 9 5
2 57 3 9
2 58 3 3
2 59 1 3
2 60 2 7
2 62 8 4
2 63 4 4
2 65 2 4
2 66 6 3
2 67 6 2
2 68 9 3
2 69 2 1
2 70 6 6
2 71 4 9
2 72 8 5
2 73 2 1
2 74 6 6
2 77 7 6
2 78 7 3
2 79 7 8
2 81 2 10
2 82 1 4
2 83 4 7
2 86 1 4
2 87 2 10
2 88 1 2
2 89 1 1
2 91 6 8
2 92 1 8
2 93 9 1
2 94 1 6
2 95 3 6
2 97 1 7
2 99 4 9
2 100 6 8
3 4 6 7
3 5 6 1
3 6 9 5
3 8 3 6
3 9 2 9
3 11 2 3
3 12 10 3
3 14 1 4
3 15 2 6
3 16 6 6
3 17 6 1
3 18 5 3
3 19 5 9
3 20 4 7
3 21 10 10
3 22 7 2
3 23 2 2
3 24 7 10
3 25 4 10
3 26 5 8
3 27 10 3
3 28 5 5
3 29 2 2
3 30 4 3
3 31 9 10
3 32 2 6
3 33 4 3
3 35 5 10
3 36 4 10
3 37 1 9
3 38 5 9
3 40 5 4
3 41 6 3
3 42 9 7
3 43 2 7
3 44 2 2
3 46 4 9
3 48 9 7
3 50 9 10
3 52 10 8
3 53 1 7
3 54 4 3
3 55 5 10
3 56 4 9
3 58 7 2
3 60 10 6
3 61 2 1
3 62 4 5
3 63 9 1
3 64 10 10
3 66 5 2
3 68 5 6
3 69 4 8
3 70 2 6
3 71 1 9
3 73 9 5
3 74 9 5
3 75 1 4
3 76 2 6
3 77 6 1
3 78 3 9
3 79 3 7
3 80 4 1
3 81 6 7
3 82 10 7
3 84 4 8
3 85 4 6
3 86 5 10
3 87 5 1
3 88 10 9
3 92 7 10
3 94 4 1
3 95 3 7
3 96 1 5
3 97 1 10
3 98 2 2
3 100 9 3
4 5 6 9
4 6 8 2
4 7 4 8
4 8 2 8
4 9 7 9
4 10 4 7
4 11 2 3
4 13 8 7
4 15 3 5
4 16 2 5
4 18 9 2
4 19 5 7
4 20 3 8
4 23 6 8
4 24 6 10
4 25 1 10
4 26 5 9
4 27 3 2
4 28 4 9
4 29 10 9
4 30 1 9
4 31 9 9
4 32 10 10
4 33 10 5
4 34 8 4
4 35 7 1
4 36 5 5
4 37 6 6
4 38 5 10
4 39 8 8
4 40 9 4
4 41 4 2
4 42 3 1
4 45 10 6
4 46 2 5
4 47 5 1
4 48 6 3
4 49 10 1
4 50 5 3
4 51 10 4
4 52 7 3
4 53 10 2
4 54 2 5
4 55 3 9
4 57 5 4
4 58 9 8
4 59 1 7
4 60 2 1
4 61 2 3
4 63 3 5
4 66 3 5
4 67 9 2
4 68 9 1
4 69 10 2
4 70 6 10
4 71 9 6
4 72 7 8
4 73 2 4
4 74 5 3
4 75 8 9
4 76 8 10
4 77 10 7
4 78 4 4
4 79 6 3
4 81 4 3
4 82 7 8
4 83 1 9
4 84 3 6
4 85 4 1
4 87 2 5
4 88 7 3
4 89 4 2
4 90 10 1
4 94 2 8
4 95 8 2
4 96 8 3
4 97 9 7
4 98 7 7
4 100 4 9
5 6 6 8
5 7 3 5
5 9 7 6
5 11 6 8
5 12 5 2
5 14 2 6
5 15 5 1
5 16 5 8
5 17 4 7
5 18 4 10
5 19 5 9
5 20 10 2
5 21 9 1
5 23 5 3
5 24 5 2
5 25 8 9
5 27 9 2
5 29 2 9
5 30 5 10
5 31 7 2
5 32 8 8
5 33 9 8
5 35 7 6
5 36 10 3
5 37 5 4
5 38 5 6
5 39 2 2
5 40 7 4
5 41 5 6
5 43 8 1
5 44 8 4
5 46 4 3
5 48 7 9
5 50 4 8
5 51 9 10
5 52 5 7
5 53 4 10
5 55 10 2
5 56 2 2
5 58 3 5
5 59 1 8
5 60 3 4
5 61 9 2
5 62 5 5
5 63 9 4
5 64 7 5
5 66 5 5
5 67 8 6
5 68 10 7
5 70 9 7
5 71 10 8
5 72 6 8
5 73 9 1
5 74 8 7
5 75 1 5
5 77 10 8
5 78 9 5
5 79 2 2
5 81 9 3
5 82 4 6
5 84 7 10
5 85 10 7
5 86 1 3
5 87 2 1
5 88 7 5
5 89 4 8
5 90 5 2
5 92 2 2
5 93 2 6
5 95 7 9
5 96 2 5
5 97 7 3
5 98 9 8
5 99 8 10
6 7 3 2
6 8 8 8
6 9 8 9
6 10 5 1
6 11 1 4
6 12 8 9
6 14 5 9
6 17 6 2
6 18 9 5
6 20 8 1
6 22 5 5
6 25 9 10
6 26 6 9
6 27 4 2
6 28 6 3
6 29 9 2
6 30 9 4
6 31 10 6
6 32 3 10
6 34 2 1
6 35 4 9
6 36 9 2
6 37 5 2
6 38 2 4
6 40 5 7
6 41 4 4
6 42 5 4
6 45 6 3
6 46 6 8
6 47 5 4
6 48 6 8
6 49 10 2
6 50 9 7
6 52 2 9
6 54 3 9
6 56 1 6
6 58 7 9
6 59 9 8
6 60 7 10
6 61 4 3
6 62 4 7
6 63 1 5
6 64 5 4
6 66 9 2
6 68 2 4
6 69 8 4
6 70 8 10
6 71 6 7
6 72 8 8
6 73 1 7
6 74 10 1
6 75 7 5
6 76 7 6
6 78 10 10
6 79 5 9
6 80 2 4
6 81 1 5
6 82 1 1
6 83 4 2
6 84 7 6
6 85 1 6
6 86 6 4
6 87 2 1
6 90 4 4
6 91 3 6
6 93 9 8
6 94 1 3
6 95 2 4
6 96 10 1
6 97 10 1
6 98 6 2
6 99 5 7
6 100 10 8
7 8 10 9
7 9 1 2
7 10 7 10
7 11 9 1
7 12 6 10
7 13 3 1
7 14 2 5
7 17 7 7
7 18 5 10
7 20 5 3
7 21 2 4
7 23 8 3
7 24 8 8
7 25 5 6
7 26 9 5
7 28 3 8
7 29 6 1
7 30 6 9
7 31 4 1
7 32 4 7
7 33 4 10
7 34 4 5
7 35 5 6
7 36 9 6
7 37 8 8
7 39 1 9
7 40 3 5
7 41 6 3
7 42 9 5
7 43 3 8
7 45 8 3
7 46 2 8
7 48 1 3
7 49 7 1
7 50 2 7
7 51 2 2
7 52 1 3
7 53 5 6
7 54 7 5
7 55 2 1
7 56 6 7
7 57 3 10
7 59 5 8
7 60 4 3
7 61 1 6
7 62 3 10
7 63 9 1
7 64 1 7
7 65 10 10
7 68 9 3
7 69 10 9
7 70 9 9
7 71 8 7
7 72 2 7
7 73 2 3
7 74 8 8
7 75 7 2
7 76 6 6
7 77 4 4
7 78 8 3
7 79 9 5
7 80 10 6
7 81 3 5
7 82 2 4
7 83 2 4
7 84 1 10
7 86 2 1
7 89 3 5
7 91 8 4
7 92 3 8
7 93 5 9
7 94 10 4
7 95 1 9
7 96 3 2
7 97 10 5
7 98 9 8
7 99 1 6
7 100 5 8
8 9 6 4
8 10 4 5
8 11 8 1
8 13 1 4
8 14 4 9
8 15 3 4
8 17 5 7
8 18 10 7
8 19 7 8
8 21 6 5
8 22 6 4
8 23 1 10
8 25 6 6
8 26 7 10
8 27 8 5
8 28 2 3
8 30 9 4
8 32 7 6
8 33 6 10
8 34 3 10
8 35 9 7
8 36 3 4
8 37 5 5
8 38 7 5
8 40 5 7
8 42 2 8
8 43 8 2
8 44 8 2
8 46 4 2
8 47 4 7
8 48 9 7
8 50 1 7
8 51 1 7
8 52 7 4
8 53 7 1
8 54 10 8
8 55 5 8
8 56 6 6
8 57 10 4
8 58 3 8
8 59 1 4
8 60 2 3
8 61 2 8
8 62 3 2
8 64 8 1
8 65 9 4
8 66 1 3
8 67 6 1
8 68 10 5
8 69 10 1
8 70 4 4
8 71 7 9
8 72 5 1
8 73 3 10
8 74 1 10
8 75 4 4
8 76 4 5
8 77 10 4
8 78 8 5
8 79 8 5
8 80 6 5
8 81 8 9
8 82 6 8
8 83 3 7
8 84 2 4
8 86 9 7
8 87 8 8
8 88 9 10
8 89 10 8
8 90 2 2
8 91 2 1
8 92 7 7
8 93 8 8
8 94 7 8
8 95 10 9
8 96 4 3
8 97 4 3
8 98 10 3
8 99 6 7
9 11 10 8
9 12 2 4
9 13 4 5
9 14 4 2
9 15 4 10
9 18 3 7
9 19 5 2
9 20 2 5
9 21 8 8
9 22 1 2
9 23 9 3
9 25 8 2
9 26 1 5
9 27 1 9
9 28 10 7
9 30 4 4
9 31 2 4
9 32 8 8
9 33 6 6
9 34 3 7
9 35 6 9
9 36 2 9
9 37 4 8
9 38 1 4
9 39 10 1
9 40 1 3
9 41 7 7
9 42 8 2
9 44 4 10
9 45 8 2
9 46 8 3
9 47 3 5
9 48 4 8
9 49 6 10
9 50 1 8
9 51 7 8
9 54 5 7
9 56 4 9
9 58 9 6
9 60 3 8
9 61 4 9
9 62 3 8
9 64 8 9
9 65 8 6
9 66 3 4
9 67 5 5
9 68 8 6
9 69 9 2
9 70 1 10
9 71 6 6
9 74 10 5
9 78 8 8
9 80 2 8
9 81 7 10
9 82 6 3
9 83 7 7
9 84 7 3
9 85 4 4
9 88 4 3
9 90 8 5
9 91 2 10
9 92 7 5
9 93 1 9
9 94 4 10
9 95 9 2
9 96 1 1
9 97 5 2
9 99 2 4
9 100 4 1
10 11 9 9
10 13 4 7
10 14 6 5
10 17 4 7
10 19 9 8
10 21 2 5
10 22 10 4
10 24 2 9
10 25 8 5
10 26 6 2
10 27 8 7
10 29 2 8
10 30 10 2
10 32 8 8
10 34 1 6
10 36 1 6
10 37 1 2
10 38 10 1
10 39 5 8
10 40 1 1
10 41 3 2
10 42 6 2
10 43 6 9
10 44 6 8
10 45 3 2
10 46 3 5
10 47 3 9
10 48 4 9
10 49 3 10
10 50 7 9
10 51 8 4
10 53 8 7
10 54 5 1
10 55 4 5
10 56 4 10
10 57 5 7
10 58 1 1
10 59 6 4
10 60 7 5
10 61 4 3
10 62 7 3
10 63 1 9
10 65 7 5
10 66 10 6
10 67 3 7
10 68 6 7
10 69 9 3
10 70 5 6
10 71 10 7
10 73 7 9
10 74 9 4
10 75 8 3
10 76 3 9
10 77 7 3
10 78 5 2
10 79 8 7
10 82 1 2
10 83 4 9
10 84 5 4
10 85 3 3
10 86 10 2
10 87 8 7
10 88 4 7
10 89 8 8
10 90 6 8
10 91 9 9
10 93 3 5
10 95 6 5
10 96 3 7
10 97 10 7
10 98 5 1
10 100 2 1
11 12 6 5
11 13 6 5
11 14 6 2
11 15 6 6
11 16 3 7
11 17 8 4
11 18 3 8
11 19 10 7
11 20 7 4
11 21 2 7
11 22 2 1
11 23 6 5
11 24 6 8
11 25 7 2
11 26 6 3
11 27 5 8
11 28 6 2
11 30 2 9
11 31 7 8
11 32 2 10
11 34 1 4
11 36 6 3
11 37 4 2
11 38 9 8
11 39 5 6
11 40 9 2
11 41 9 9
11 43 7 9
11 44 9 7
11 45 7 1
11 46 9 1
11 47 6 5
11 48 3 8
11 49 1 4
11 50 1 10
11 52 3 7
11 53 6 9
11 54 4 8
11 55 10 10
11 56 9 1
11 57 8 5
11 59 7 2
11 60 8 3
11 62 10 3
11 63 10 3
11 64 10 9
11 65 5 7
11 66 5 8
11 67 4 7
11 69 1 8
11 70 9 7
11 71 6 10
11 72 1 3
11 75 3 2
11 78 7 1
11 79 5 4
11 80 3 2
11 82 6 4
11 83 8 6
11 84 8 1
11 86 10 3
11 87 8 4
11 89 10 10
11 90 9 7
11 93 6 4
11 94 5 3
11 95 4 5
11 96 3 1
11 97 8 5
11 99 1 9
11 100 7 2
12 13 10 6
12 14 8 8
12 15 9 9
12 16 1 7
12 18 9 7
12 20 5 4
12 21 5 7
12 22 8 5
12 23 1 2
12 25 2 2
12 26 5 2
12 27 10 4
12 28 5 3
12 31 3 6
12 32 1 8
12 34 7 9
12 35 7 4
12 36 9 1
12 38 4 6
12 39 8 3
12 41 10 6
12 42 6 2
12 43 3 10
12 45 6 1
12 48 2 7
12 49 6 3
12 50 1 7
12 51 9 4
12 52 10 10
12 53 1 2
12 54 3 8
12 55 8 7
12 56 1 2
12 57 3 9
12 58 5 6
12 59 3 8
12 60 5 3
12 61 5 8
12 63 8 2
12 64 10 8
12 66 4 1
12 67 6 7
12 68 10 10
12 69 10 7
12 71 6 1
12 72 3 7
12 73 3 3
12 74 3 4
12 75 5 8
12 77 2 6
12 78 4 7
12 79 1 7
12 80 7 2
12 83 9 2
12 84 9 6
12 85 4 10
12 86 4 5
12 87 8 1
12 88 9 10
12 89 3 3
12 91 7 2
12 92 10 7
12 93 6 5
12 94 3 7
12 95 1 7
12 96 10 8
12 97 8 4
12 98 1 4
12 99 3 6
12 100 8 5
13 14 2 3
13 15 1 6
13 16 3 8
13 17 10 2
13 18 6 9
13 19 10 6
13 21 7 10
13 22 1 1
13 23 3 4
13 24 8 4
13 25 9 2
13 27 6 1
13 28 3 5
13 29 10 3
13 30 8 2
13 32 4 6
13 33 1 5
13 34 7 5
13 35 1 1
13 37 4 3
13 38 10 7
13 39 1 4
13 40 3 3
13 41 8 3
13 42 6 4
13 43 1 7
13 44 10 8
13 45 10 10
13 46 6 5
13 47 4 1
13 49 9 3
13 50 6 1
13 51 1 3
13 52 7 8
13 54 7 1
13 55 3 9
13 56 1 1
13 57 9 4
13 58 3 9
13 59 1 7
13 60 7 2
13 62 6 3
13 64 7 9
13 65 8 2
13 66 5 1
13 67 5 5
13 68 5 2
13 69 10 3
13 70 9 7
13 71 3 4
13 73 10 6
13 74 7 4
13 76 8 9
13 77 6 8
13 78 1 7
13 79 6 5
13 80 9 7
13 81 7 3
13 82 7 5
13 83 9 6
13 84 4 2
13 85 5 4
13 86 1 10
13 87 6 1
13 88 8 8
13 89 2 9
13 90 5 3
13 91 2 6
13 92 1 6
13 93 7 4
13 94 8 9
13 96 7 8
13 97 8 8
13 98 5 1
13 99 7 6
13 100 2 8
14 15 7 9
14 16 10 10
14 17 6 6
14 18 8 9
14 19 6 8
14 20 6 9
14 21 2 6
14 22 7 9
14 23 4 10
14 24 1 1
14 25 9 5
14 26 8 1
14 27 10 8
14 28 4 4
14 29 7 1
14 30 3 9
14 31 9 4
14 32 5 7
14 33 9 3
14 35 4 1
14 36 1 1
14 38 5 1
14 39 5 9
14 41 7 1
14 42 1 7
14 44 6 5
14 45 6 5
14 47 10 2
14 48 1 1
14 49 6 10
14 50 2 4
14 51 7 4
14 52 4 9
14 53 5 2
14 54 9 9
14 56 1 1
14 58 6 7
14 59 2 6
14 60 3 3
14 61 7 8
14 62 1 8
14 63 10 10
14 64 4 4
14 66 3 1
14 67 4 1
14 69 8 3
14 70 10 3
14 72 9 7
14 73 6 1
14 74 10 5
14 75 9 3
14 76 7 5
14 77 6 3
14 78 8 5
14 79 10 5
14 80 4 7
14 81 9 2
14 82 1 9
14 83 5 6
14 84 10 1
14 85 9 5
14 86 9 10
14 87 3 3
14 88 8 10
14 90 9 7
14 92 2 8
14 93 7 5
14 95 10 2
14 96 8 3
14 97 2 2
14 98 1 5
14 99 4 8
14 100 10 1
15 18 1 5
15 19 2 1
15 20 4 2
15 23 10 9
15 24 10 7
15 25 1 9
15 26 7 7
15 28 8 3
15 29 8 6
15 31 10 4
15 32 1 1
15 34 3 7
15 35 10 2
15 37 7 10
15 40 1 8
15 41 3 7
15 42 10 7
15 43 4 9
15 44 3 6
15 45 3 2
15 46 2 10
15 50 5 3
15 51 2 6
15 52 6 6
15 53 7 8
15 54 1 6
15 55 7 10
15 57 3 4
15 59 2 6
15 60 5 9
15 61 6 5
15 62 8 4
15 63 3 4
15 64 4 2
15 66 6 3
15 67 10 2
15 70 8 6
15 72 10 1
15 73 5 4
15 75 10 4
15 76 5 4
15 78 5 8
15 81 2 6
15 82 7 2
15 83 5 3
15 84 10 10
15 85 10 6
15 86 1 1
15 87 4 2
15 88 9 5
15 89 4 9
15 90 7 6
15 91 9 8
15 92 2 6
15 93 5 6
15 94 9 1
15 97 4 9
15 99 4 4
15 100 1 7
16 17 10 6
16 18 6 9
16 19 1 3
16 21 4 2
16 22 6 9
16 23 4 5
16 24 6 7
16 25 9 6
16 26 9 10
16 27 6 5
16 29 1 3
16 31 10 9
16 32 1 9
16 33 10 1
16 35 6 5
16 36 7 3
16 38 3 9
16 39 3 9
16 40 8 4
16 41 9 8
16 43 10 7
16 44 1 9
16 46 7 6
16 47 6 9
16 48 2 9
16 49 9 7
16 50 6 4
16 51 9 7
16 52 10 7
16 53 1 1
16 54 6 10
16 55 1 2
16 56 10 1
16 57 7 8
16 59 9 8
16 60 9 5
16 63 3 9
16 64 10 8
16 66 9 4
16 67 9 10
16 68 6 8
16 69 9 2
16 70 3 5
16 71 4 1
16 72 9 7
16 73 6 6
16 74 10 1
16 75 3 9
16 79 10 5
16 82 3 10
16 86 3 4
16 87 2 5
16 89 5 9
16 91 5 1
16 92 7 7
16 93 4 3
16 95 8 6
16 96 2 9
16 97 6 1
16 98 8 2
16 99 8 9
16 100 10 10
17 19 9 8
17 20 3 10
17 22 4 6
17 23 1 4
17 24 1 3
17 26 10 1
17 27 7 8
17 28 9 7
17 29 6 5
17 30 8 4
17 31 8 2
17 33 5 6
17 34 6 1
17 36 10 6
17 37 2 5
17 38 3 6
17 39 5 2
17 40 10 10
17 41 3 2
17 42 7 9
17 45 6 4
17 46 1 9
17 47 1 3
17 48 3 9
17 49 1 8
17 50 4 1
17 51 9 3
17 52 3 8
17 53 4 9
17 54 6 3
17 55 1 3
17 56 3 4
17 58 9 2
17 60 5 10
17 61 7 4
17 62 4 1
17 63 3 8
17 65 2 3
17 67 7 2
17 69 9 2
17 70 5 5
17 71 10 8
17 72 7 7
17 73 2 4
17 74 6 4
17 75 10 3
17 76 6 10
17 77 8 1
17 78 6 10
17 79 8 4
17 80 1 2
17 82 10 4
17 83 7 1
17 85 1 5
17 86 4 7
17 88 9 9
17 89 3 6
17 90 10 6
17 91 2 8
17 92 5 3
17 94 9 1
17 95 4 10
17 97 4 9
17 99 5 10
18 19 5 3
18 21 6 6
18 22 10 7
18 23 6 4
18 25 5 2
18 26 1 4
18 28 7 3
18 29 1 9
18 30 10 9
18 31 2 4
18 32 8 6
18 33 8 1
18 34 2 3
18 35 3 3
18 36 4 6
18 37 1 9
18 38 1 7
18 40 4 7
18 42 7 1
18 43 6 10
18 44 2 1
18 46 6 6
18 47 4 5
18 48 9 6
18 50 7 4
18 51 9 3
18 52 2 6
18 53 5 7
18 54 4 5
18 55 3 1
18 56 8 4
18 57 1 5
18 58 1 2
18 59 1 4
18 60 8 4
18 61 4 8
18 62 4 9
18 63 1 10
18 64 9 8
18 65 8 9
18 67 4 5
18 69 5 7
18 70 3 9
18 71 5 3
18 72 8 3
18 75 7 6
18 76 9 7
18 77 8 4
18 78 10 6
18 79 6 5
18 80 8 10
18 81 9 10
18 83 5 10
18 84 8 9
18 85 5 7
18 86 3 9
18 87 3 7
18 88 7 7
18 91 1 9
18 93 5 4
18 94 2 7
18 95 8 6
18 97 2 5
18 98 4 2
18 99 6 4
18 100 7 4
19 20 3 4
19 21 10 5
19 22 3 5
19 23 7 3
19 24 6 10
19 26 6 3
19 27 5 10
19 28 4 2
19 29 3 5
19 30 4 10
19 31 10 2
19 32 5 9
19 33 2 8
19 34 2 3
19 35 3 5
19 36 1 6
19 37 2 7
19 40 5 2
19 42 7 9
19 44 8 3
19 45 6 3
19 46 8 7
19 48 6 4
19 49 9 4
19 50 2 3
19 51 3 2
19 52 6 8
19 53 8 10
19 54 6 7
19 55 8 1
19 56 1 4
19 58 10 1
19 59 4 9
19 60 5 2
19 61 2 10
19 62 10 9
19 63 9 10
19 64 8 3
19 66 10 1
19 69 4 2
19 70 8 6
19 71 5 9
19 72 10 5
19 73 4 9
19 74 5 5
19 77 1 1
19 78 8 10
19 79 5 7
19 80 6 4
19 83 2 8
19 84 8 6
19 85 10 1
19 87 6 3
19 88 6 1
19 89 2 1
19 90 4 7
19 92 8 1
19 93 5 7
19 94 10 9
19 95 3 5
19 96 10 3
19 97 5 6
19 98 8 10
19 99 5 10
19 100 10 2
20 21 7 9
20 22 7 7
20 23 2 4
20 25 10 9
20 28 5 7
20 29 7 7
20 30 6 10
20 31 6 7
20 32 9 2
20 33 2 6
20 34 7 10
20 35 8 5
20 36 6 7
20 37 3 5
20 38 9 2
20 39 6 1
20 40 3 10
20 41 1 1
20 43 2 2
20 44 7 9
20 45 2 1
20 46 7 8
20 47 1 7
20 48 5 1
20 52 10 8
20 53 7 5
20 54 10 5
20 55 5 6
20 56 5 2
20 57 7 8
20 58 9 9
20 60 1 1
20 61 6 2
20 62 7 9
20 63 10 6
20 64 10 3
20 65 10 10
20 66 7 2
20 67 1 9
20 68 10 1
20 70 8 8
20 71 3 7
20 72 7 8
20 73 10 9
20 74 7 3
20 75 10 4
20 76 10 7
20 77 10 3
20 78 9 7
20 79 9 1
20 80 5 1
20 81 6 6
20 82 6 3
20 83 4 6
20 85 5 6
20 86 2 5
20 87 4 3
20 89 4 7
20 90 3 1
20 92 1 3
20 95 8 5
20 97 8 4
20 98 2 10
20 99 9 7
20 100 4 6
21 22 1 8
21 23 6 4
21 24 1 9
21 25 10 1
21 26 2 5
21 28 9 9
21 29 3 1
21 31 7 1
21 33 1 1
21 34 1 5
21 35 5 1
21 36 6 2
21 37 7 7
21 38 1 3
21 39 9 4
21 40 4 7
21 41 10 1
21 42 9 3
21 45 4 10
21 47 4 4
21 48 1 3
21 50 2 3
21 51 3 7
21 52 10 10
21 53 6 1
21 56 7 1
21 57 4 3
21 59 3 2
21 60 9 5
21 61 6 1
21 62 5 4
21 64 5 10
21 66 3 10
21 67 10 5
21 68 9 2
21 69 1 7
21 71 2 2
21 73 3 7
21 74 9 1
21 75 4 5
21 76 10 2
21 78 5 4
21 79 3 9
21 80 10 1
21 81 6 3
21 82 1 1
21 83 7 5
21 86 3 7
21 87 3 4
21 88 6 9
21 91 7 4
21 92 9 10
21 93 9 7
21 94 9 8
21 95 9 2
21 96 6 3
21 98 10 9
21 100 10 3
22 23 1 5
22 24 3 2
22 26 3 6
22 27 2 9
22 29 10 9
22 30 5 2
22 31 9 4
22 33 4 10
22 34 3 1
22 35 6 10
22 36 7 1
22 37 5 4
22 38 10 5
22 39 1 5
22 41 9 10
22 42 10 10
22 44 10 6
22 45 4 8
22 46 2 4
22 47 4 10
22 48 1 5
22 50 2 5
22 52 3 4
22 54 6 5
22 55 10 4
22 56 2 3
22 57 6 10
22 58 5 2
22 59 8 6
22 60 6 3
22 61 3 3
22 62 2 6
22 63 3 8
22 64 9 7
22 65 2 8
22 67 4 5
22 68 1 7
22 69 7 4
22 70 8 1
22 73 5 5
22 74 5 5
22 75 9 8
22 76 7 7
22 77 7 8
22 78 9 4
22 79 6 8
22 80 6 8
22 81 9 1
22 82 2 3
22 83 10 8
22 85 1 10
22 86 9 3
22 87 10 5
22 88 1 10
22 89 2 3
22 90 1 9
22 92 9 10
22 93 7 9
22 94 5 7
22 95 3 9
22 96 7 6
22 97 6 6
22 98 4 2
22 99 9 1
22 100 4 5
23 25 10 3
23 27 8 7
23 28 5 3
23 29 6 1
23 30 6 1
23 31 9 2
23 32 9 6
23 34 3 6
23 37 10 8
23 39 1 8
23 41 6 2
23 44 4 5
23 45 8 4
23 47 3 6
23 48 6 6
23 49 3 10
23 50 8 8
23 51 1 6
23 52 6 9
23 53 5 10
23 54 4 4
23 55 1 3
23 56 2 10
23 57 6 7
23 58 6 3
23 59 5 10
23 61 8 3
23 63 4 3
23 64 7 6
23 65 1 7
23 66 10 3
23 67 2 1
23 70 7 2
23 71 6 8
23 73 9 7
23 74 6 6
23 75 4 1
23 76 4 10
23 78 8 8
23 79 6 3
23 81 1 4
23 87 9 10
23 89 8 4
23 90 1 6
23 91 6 8
23 94 6 10
23 95 7 7
23 97 1 2
23 98 5 1
23 100 1 9
24 27 2 7
24 28 1 3
24 29 5 6
24 30 5 2
24 31 5 7
24 32 3 9
24 33 6 8
24 34 7 3
24 35 7 3
24 37 7 7
24 40 9 5
24 41 6 3
24 42 9 10
24 43 7 10
24 48 9 8
24 49 7 8
24 51 10 10
24 53 10 1
24 55 4 1
24 56 2 1
24 57 8 2
24 58 6 8
24 59 3 1
24 60 5 3
24 61 10 8
24 62 9 10
24 63 1 7
24 64 6 6
24 65 5 10
24 66 7 4
24 67 10 7
24 69 9 7
24 70 9 4
24 71 7 5
24 72 4 3
24 74 1 7
24 75 1 5
24 78 4 9
24 79 6 10
24 81 3 6
24 82 2 5
24 83 2 9
24 84 2 5
24 85 7 3
24 86 6 2
24 87 9 3
24 88 3 9
24 89 3 10
24 90 8 7
24 91 1 10
24 92 7 4
24 93 4 4
24 94 6 2
24 95 5 6
24 96 6 5
24 97 6 9
24 98 7 9
24 99 9 3
24 100 2 6
25 27 8 10
25 28 3 9
25 29 10 3
25 30 9 8
25 31 4 9
25 32 10 9
25 33 2 3
25 34 8 10
25 35 1 2
25 36 5 10
25 37 10 2
25 38 7 4
25 39 8 1
25 40 6 2
25 42 1 2
25 43 6 9
25 44 3 4
25 45 10 4
25 46 5 8
25 47 5 6
25 48 9 10
25 49 3 1
25 51 5 10
25 52 2 1
25 55 8 3
25 56 4 1
25 57 4 7
25 58 10 1
25 59 6 7
25 60 5 4
25 62 7 3
25 63 3 4
25 64 10 4
25 65 7 2
25 66 4 8
25 67 10 6
25 69 9 2
25 70 4 10
25 71 9 10
25 72 5 2
25 73 5 10
25 74 7 4
25 75 9 10
25 77 5 2
25 78 2 3
25 79 4 3
25 81 8 4
25 82 8 5
25 83 9 9
25 84 6 7
25 85 10 2
25 86 5 9
25 87 6 6
25 89 8 9
25 90 5 8
25 91 3 5
25 93 2 5
25 94 4 7
25 97 1 1
25 98 8 6
25 100 2 10
26 30 2 7
26 31 5 4
26 33 1 10
26 34 1 5
26 35 5 2
26 36 4 1
26 37 6 10
26 38 5 1
26 39 7 4
26 41 3 10
26 42 4 8
26 44 8 10
26 46 7 5
26 47 6 9
26 48 1 4
26 49 9 10
26 50 8 1
26 51 6 9
26 53 4 6
26 54 6 7
26 56 5 6
26 58 2 2
26 59 2 10
26 60 2 10
26 61 1 5
26 62 8 8
26 63 5 4
26 64 10 8
26 65 6 5
26 66 5 1
26 68 6 2
26 69 4 10
26 70 2 6
26 71 6 8
26 72 1 8
26 73 4 7
26 74 2 10
26 75 6 5
26 76 3 8
26 77 9 4
26 78 4 10
26 79 3 4
26 80 4 3
26 81 3 4
26 82 1 7
26 83 1 6
26 84 8 10
26 85 4 8
26 86 1 5
26 88 8 1
26 89 1 10
26 90 5 5
26 91 10 8
26 92 5 2
26 93 3 8
26 95 7 10
26 96 1 9
26 97 7 10
26 98 10 7
26 99 9 10
26 100 7 10
27 28 7 2
27 29 10 3
27 30 9 1
27 31 1 5
27 33 5 1
27 34 4 9
27 36 6 2
27 37 7 8
27 38 2 7
27 39 7 9
27 40 10 8
27 42 4 6
27 43 7 9
27 44 8 1
27 46 9 9
27 48 2 3
27 49 6 2
27 50 6 9
27 51 7 2
27 52 1 4
27 53 1 3
27 54 6 1
27 55 5 9
27 57 6 8
27 58 9 8
27 59 2 10
27 60 5 10
27 61 10 2
27 65 8 4
27 66 1 2
27 67 4 4
27 68 8 4
27 69 7 7
27 70 6 4
27 71 1 6
27 72 6 6
27 73 10 10
27 74 2 1
27 76 9 3
27 79 7 4
27 80 3 3
27 81 1 7
27 82 4 4
27 83 6 10
27 84 5 4
27 86 7 8
27 87 10 9
27 89 1 2
27 90 9 9
27 91 4 7
27 92 3 8
27 93 6 7
27 94 6 3
27 95 5 8
27 96 6 7
27 98 10 3
27 100 4 7
28 29 2 10
28 31 6 3
28 32 9 8
28 34 1 5
28 36 9 2
28 37 6 3
28 38 8 6
28 39 5 9
28 41 8 2
28 43 10 6
28 44 3 10
28 45 3 5
28 46 6 6
28 47 7 9
28 49 8 9
28 50 2 8
28 51 10 8
28 52 5 10
28 53 3 10
28 54 10 10
28 56 10 7
28 57 7 4
28 58 10 10
28 59 3 2
28 60 2 10
28 61 10 8
28 62 10 7
28 63 4 7
28 64 8 9
28 66 5 5
28 67 6 4
28 70 3 2
28 72 2 3
28 73 2 1
28 74 8 1
28 75 9 10
28 76 4 4
28 77 4 10
28 78 1 4
28 79 8 8
28 80 5 7
28 81 1 8
28 82 8 7
28 83 10 3
28 84 5 5
28 85 5 2
28 87 10 5
28 88 6 8
28 89 3 5
28 90 5 6
28 91 10 9
28 92 10 8
28 93 2 10
28 95 9 2
28 96 3 5
28 97 6 4
28 98 10 7
28 99 4 3
28 100 4 2
29 30 6 3
29 32 6 6
29 33 5 9
29 34 7 5
29 36 4 3
29 38 1 7
29 41 1 4
29 44 10 2
29 45 4 6
29 46 4 4
29 47 10 8
29 48 10 2
29 49 6 6
29 50 3 8
29 51 3 7
29 52 7 10
29 54 8 1
29 55 9 1
29 56 1 7
29 57 9 3
29 58 1 1
29 59 7 3
29 60 1 6
29 62 8 3
29 63 5 2
29 64 7 7
29 65 5 2
29 67 4 4
29 68 1 9
29 70 7 8
29 71 5 1
29 75 6 3
29 76 8 1
29 77 1 10
29 78 8 5
29 79 4 7
29 80 1 8
29 81 10 9
29 82 5 2
29 83 7 8
29 84 6 4
29 86 5 9
29 87 7 8
29 88 4 9
29 89 10 8
29 90 1 8
29 92 10 7
29 93 10 7
29 94 9 9
29 95 9 2
29 96 6 6
29 97 1 10
29 99 1 2
29 100 5 3
30 31 4 2
30 32 2 6
30 33 3 8
30 34 6 4
30 35 3 5
30 36 7 7
30 37 5 2
30 38 2 4
30 39 7 3
30 40 10 9
30 41 1 3
30 42 3 7
30 43 9 3
30 44 5 4
30 45 4 8
30 46 9 10
30 47 4 4
30 48 6 2
30 49 2 9
30 50 5 8
30 51 9 1
30 53 9 8
30 54 1 9
30 55 2 4
30 56 10 9
30 57 3 4
30 58 1 9
30 59 1 5
30 60 10 7
30 61 1 6
30 62 4 3
30 63 5 9
30 64 10 1
30 65 8 6
30 66 2 1
30 67 3 4
30 69 9 8
30 72 2 10
30 73 9 8
30 74 4 6
30 75 9 1
30 76 4 10
30 77 4 5
30 78 5 9
30 79 1 4
30 80 6 10
30 81 2 5
30 82 2 6
30 83 9 3
30 84 8 7
30 85 4 2
30 88 8 1
30 89 7 4
30 90 8 4
30 91 2 5
30 92 5 7
30 93 2 3
30 94 4 9
30 95 2 5
30 96 10 3
30 97 2 9
30 98 4 1
30 99 3 3
30 100 10 2
31 33 6 10
31 34 2 1
31 35 6 5
31 36 7 10
31 37 4 7
31 38 9 9
31 39 5 2
31 40 10 5
31 41 6 6
31 42 7 9
31 43 1 7
31 44 3 7
31 45 4 10
31 47 2 8
31 48 1 4
31 49 4 2
31 50 5 2
31 51 4 8
31 52 3 1
31 53 5 10
31 54 2 5
31 56 4 5
31 57 9 4
31 58 8 3
31 59 8 2
31 60 3 4
31 61 1 3
31 62 4 5
31 63 6 3
31 64 3 9
31 65 10 8
31 66 1 7
31 67 8 2
31 69 3 10
31 70 6 3
31 71 10 9
31 74 3 4
31 75 6 6
31 76 4 4
31 77 1 4
31 79 4 8
31 80 10 8
31 81 4 4
31 83 9 4
31 84 7 5
31 85 5 10
31 86 6 7
31 87 5 5
31 88 7 6
31 89 6 5
31 90 8 5
31 91 2 4
31 92 2 7
31 93 4 7
31 95 8 9
31 97 3 4
31 98 7 3
31 99 6 7
32 33 1 10
32 34 7 5
32 35 3 7
32 36 8 1
32 37 6 1
32 38 9 5
32 39 7 3
32 40 6 6
32 41 10 9
32 43 2 5
32 45 10 3
32 46 10 10
32 47 10 4
32 50 4 6
32 51 9 5
32 52 9 3
32 53 6 6
32 54 10 7
32 56 5 4
32 57 4 7
32 58 3 7
32 59 7 2
32 60 5 3
32 61 10 1
32 62 7 8
32 64 8 7
32 66 6 10
32 67 4 4
32 68 2 2
32 69 5 8
32 70 2 7
32 71 4 7
32 74 6 9
32 75 6 3
32 76 8 10
32 78 4 4
32 80 4 3
32 82 2 7
32 83 5 8
32 84 8 1
32 86 5 6
32 87 9 8
32 88 1 1
32 89 9 3
32 90 7 2
32 91 6 9
32 92 6 9
32 93 10 3
32 94 3 7
32 95 1 8
32 96 4 6
32 97 2 7
32 98 8 1
32 99 2 3
32 100 10 5
33 34 3 6
33 36 4 6
33 38 4 7
33 39 6 5
33 40 1 4
33 41 5 8
33 42 1 6
33 43 1 10
33 44 9 9
33 45 7 6
33 46 7 1
33 48 8 10
33 49 2 9
33 52 1 2
33 53 7 7
33 55 2 8
33 58 4 1
33 59 7 6
33 60 7 7
33 61 4 3
33 62 2 2
33 63 10 2
33 64 5 10
33 65 9 8
33 66 8 8
33 67 2 4
33 68 5 10
33 69 5 7
33 71 7 7
33 72 8 2
33 73 2 5
33 74 8 7
33 75 7 2
33 76 6 3
33 77 7 10
33 78 10 5
33 80 8 6
33 81 6 9
33 82 6 10
33 83 8 8
33 84 8 3
33 85 9 3
33 86 6 1
33 87 3 9
33 89 9 10
33 90 6 5
33 91 2 8
33 92 3 8
33 93 6 2
33 95 1 9
33 96 6 7
33 97 5 9
33 98 2 3
33 99 3 4
33 100 2 1
34 35 4 3
34 37 2 2
34 38 2 10
34 41 5 5
34 42 6 9
34 43 7 1
34 44 2 3
34 45 9 7
34 46 10 3
34 48 6 3
34 49 3 5
34 51 2 5
34 53 10 3
34 54 2 7
34 55 10 4
34 57 6 1
34 58 2 2
34 60 1 3
34 61 10 2
34 62 4 9
34 63 9 2
34 64 9 9
34 65 5 1
34 66 6 2
34 69 1 8
34 70 9 10
34 71 6 5
34 72 4 3
34 73 8 10
34 74 8 7
34 76 6 2
34 78 2 5
34 79 3 9
34 81 9 4
34 83 1 9
34 84 6 2
34 85 8 9
34 87 9 6
34 88 6 4
34 92 1 1
34 93 8 7
34 96 3 10
34 97 7 1
34 98 1 4
34 100 10 9
35 36 4 10
35 37 2 1
35 39 4 10
35 42 4 7
35 43 8 9
35 44 9 3
35 45 6 3
35 46 5 9
35 47 1 10
35 48 8 9
35 49 9 5
35 50 5 1
35 51 9 4
35 52 7 10
35 53 3 8
35 54 3 5
35 55 5 6
35 57 8 7
35 58 8 7
35 59 10 4
35 60 7 5
35 61 6 10
35 62 3 4
35 63 1 6
35 65 8 3
35 66 10 6
35 67 9 9
35 68 8 5
35 70 4 10
35 71 1 8
35 72 2 4
35 73 6 3
35 75 1 10
35 76 2 6
35 77 8 2
35 78 1 7
35 81 6 2
35 82 10 6
35 83 10 7
35 85 5 10
35 86 5 10
35 87 7 2
35 88 6 2
35 89 1 5
35 90 5 4
35 91 1 1
35 93 6 9
35 94 3 5
35 96 2 10
35 97 10 3
35 99 2 9
35 100 10 6
36 37 5 4
36 38 3 5
36 39 8 1
36 40 1 10
36 41 9 6
36 42 6 6
36 45 10 4
36 46 10 2
36 47 8 4
36 48 3 3
36 50 9 5
36 51 5 6
36 52 5 10
36 53 4 6
36 54 4 7
36 55 10 5
36 56 1 10
36 57 6 7
36 58 6 7
36 59 8 2
36 60 8 10
36 61 10 3
36 62 9 7
36 63 9 3
36 64 2 1
36 65 6 4
36 66 10 2
36 67 9 6
36 68 1 1
36 69 5 8
36 70 2 7
36 72 5 10
36 76 4 1
36 77 9 6
36 78 2 2
36 79 4 5
36 81 6 6
36 84 4 7
36 85 10 4
36 86 9 9
36 87 10 8
36 88 8 5
36 89 7 2
36 91 2 10
36 92 10 8
36 93 7 6
36 94 3 4
36 95 4 1
36 96 2 1
36 97 2 8
36 98 9 10
36 100 4 3
37 38 7 3
37 40 3 2
37 41 9 4
37 42 8 6
37 43 5 8
37 44 10 3
37 45 9 10
37 46 6 10
37 47 9 9
37 48 2 1
37 49 5 9
37 51 6 8
37 52 10 4
37 53 4 10
37 54 8 9
37 56 3 10
37 57 6 4
37 58 9 3
37 60 9 5
37 61 1 5
37 64 3 4
37 65 2 6
37 66 9 6
37 67 1 8
37 68 2 7
37 69 4 7
37 70 9 1
37 71 4 1
37 72 5 10
37 73 2 1
37 74 9 1
37 75 4 7
37 76 5 10
37 79 6 10
37 81 2 2
37 83 1 2
37 85 1 6
37 87 3 7
37 90 5 8
37 91 1 3
37 92 7 8
37 93 3 3
37 94 2 4
37 95 7 1
37 97 1 3
37 98 6 4
37 99 8 4
37 100 1 9
38 39 2 10
38 40 9 8
38 41 1 2
38 44 10 9
38 45 10 7
38 46 3 9
38 48 6 6
38 49 4 4
38 50 9 6
38 51 6 4
38 52 8 2
38 54 9 3
38 55 8 4
38 56 2 3
38 57 8 1
38 58 2 5
38 59 2 4
38 60 2 10
38 61 10 7
38 63 9 8
38 64 8 5
38 67 6 8
38 69 1 1
38 70 5 2
38 71 4 6
38 72 8 10
38 73 9 2
38 74 4 5
38 75 5 6
38 76 8 9
38 78 4 1
38 79 5 3
38 80 6 4
38 81 10 3
38 82 6 4
38 83 7 2
38 86 5 2
38 87 7 9
38 88 4 4
38 89 7 9
38 90 5 9
38 91 6 5
38 92 7 1
38 94 2 9
38 95 4 2
38 96 4 7
38 97 6 5
38 99 3 6
39 40 10 9
39 41 2 1
39 43 8 8
39 44 1 7
39 45 3 4
39 46 1 1
39 48 9 6
39 50 9 9
39 51 9 3
39 52 7 3
39 53 2 6
39 54 5 3
39 55 2 1
39 56 9 2
39 57 6 2
39 58 5 2
39 59 1 7
39 60 7 2
39 61 2 5
39 62 4 5
39 63 7 2
39 65 3 4
39 66 10 8
39 68 6 10
39 69 10 10
39 70 8 9
39 72 9 6
39 73 4 1
39 74 9 1
39 75 10 8
39 76 9 4
39 78 2 1
39 79 8 2
39 80 10 7
39 81 6 4
39 82 5 6
39 83 7 5
39 84 9 9
39 86 4 1
39 88 9 2
39 89 4 9
39 91 4 7
39 92 8 2
39 93 9 7
39 96 5 7
39 97 9 7
39 99 2 4
40 41 4 6
40 42 3 3
40 44 3 2
40 45 8 1
40 46 7 8
40 47 6 4
40 48 10 3
40 49 2 7
40 50 10 4
40 51 3 4
40 52 3 6
40 54 5 8
40 56 8 1
40 57 4 10
40 58 4 1
40 59 5 2
40 61 7 3
40 62 9 10
40 63 2 9
40 65 10 2
40 67 5 1
40 68 10 2
40 69 6 4
40 70 3 3
40 71 6 6
40 72 2 3
40 75 2 2
40 76 6 2
40 77 7 7
40 79 8 4
40 80 3 5
40 81 2 5
40 83 6 1
40 84 3 3
40 87 10 7
40 88 9 7
40 89 6 9
40 91 10 9
40 92 6 8
40 93 7 1
40 94 3 2
40 97 8 7
40 98 1 8
40 99 7 5
41 42 7 5
41 44 4 8
41 45 5 9
41 47 7 10
41 48 2 9
41 49 10 5
41 51 9 1
41 52 6 7
41 53 4 4
41 54 10 4
41 55 10 6
41 56 1 3
41 57 7 8
41 58 4 3
41 59 2 2
41 60 2 9
41 61 1 9
41 63 4 9
41 64 2 3
41 65 1 8
41 69 10 5
41 72 2 3
41 74 8 9
41 75 8 1
41 76 5 1
41 77 7 4
41 78 6 4
41 79 4 7
41 80 8 5
41 81 5 9
41 82 2 8
41 83 8 3
41 84 3 3
41 85 3 7
41 86 10 9
41 87 1 9
41 88 9 6
41 89 4 5
41 90 3 8
41 91 8 6
41 92 6 10
41 94 10 4
41 95 9 9
41 96 7 4
41 97 2 7
41 98 7 9
41 99 3 7
41 100 6 2
42 43 4 1
42 44 9 3
42 45 7 4
42 46 3 4
42 47 3 7
42 48 10 10
42 49 8 5
42 51 2 10
42 52 3 3
42 53 9 8
42 54 5 1
42 56 8 10
42 57 6 8
42 58 2 4
42 59 3 5
42 60 10 9
42 61 6 10
42 64 3 7
42 65 10 3
42 67 9 9
42 69 8 1
42 70 1 2
42 72 4 10
42 73 7 4
42 74 9 7
42 75 5 4
42 76 2 1
42 77 5 10
42 78 3 8
42 80 5 7
42 81 8 4
42 82 9 2
42 83 7 2
42 84 8 8
42 87 10 4
42 88 5 8
42 89 1 7
42 91 1 7
42 92 6 7
42 95 1 1
42 96 10 10
42 97 1 4
42 98 7 4
42 99 6 6
42 100 5 4
43 44 7 8
43 45 8 8
43 49 6 9
43 50 7 10
43 51 4 10
43 52 10 4
43 53 10 7
43 54 4 8
43 56 2 10
43 57 5 4
43 58 7 3
43 59 7 8
43 61 2 8
43 62 10 8
43 63 4 5
43 64 6 1
43 66 8 2
43 67 4 6
43 68 2 3
43 69 4 4
43 70 5 2
43 72 8 2
43 73 8 9
43 74 1 9
43 75 6 4
43 77 8 6
43 78 10 7
43 80 9 10
43 85 10 7
43 86 2 10
43 87 4 8
43 88 1 5
43 89 3 8
43 92 10 2
43 95 10 6
43 96 7 2
43 97 5 1
43 98 7 2
43 99 1 4
43 100 6 4
44 45 6 10
44 46 1 1
44 47 2 9
44 48 9 4
44 49 8 5
44 50 8 9
44 51 4 2
44 52 7 6
44 53 8 3
44 54 1 2
44 55 9 2
44 57 8 3
44 58 6 1
44 60 10 10
44 61 8 4
44 62 6 3
44 63 3 7
44 64 7 7
44 65 10 7
44 66 8 1
44 67 4 4
44 68 1 8
44 69 4 9
44 70 3 5
44 71 3 8
44 74 6 4
44 76 7 6
44 77 3 9
44 78 5 4
44 79 5 7
44 80 6 7
44 83 8 10
44 84 1 2
44 86 3 1
44 87 9 9
44 88 9 6
44 89 1 10
44 90 2 2
44 92 1 9
44 93 10 6
44 94 8 6
44 95 1 6
44 98 2 10
45 46 1 4
45 47 1 9
45 48 8 3
45 51 1 8
45 53 10 5
45 54 5 1
45 55 4 5
45 56 4 1
45 57 5 7
45 59 3 7
45 60 1 10
45 61 4 1
45 62 7 4
45 64 1 6
45 65 3 6
45 67 3 1
45 68 10 2
45 69 9 9
45 70 10 6
45 71 4 10
45 72 6 7
45 73 3 1
45 74 9 2
45 76 1 7
45 77 9 1
45 78 10 9
45 79 3 10
45 80 3 10
45 81 7 7
45 83 6 3
45 84 9 9
45 85 1 5
45 86 9 7
45 88 9 3
45 89 8 8
45 90 2 6
45 92 10 5
45 93 5 4
45 94 7 6
45 95 8 3
45 97 1 7
45 99 1 9
45 100 9 8
46 48 9 4
46 49 5 1
46 50 1 6
46 51 6 6
46 53 2 3
46 54 2 2
46 55 2 1
46 56 2 7
46 58 1 8
46 59 1 9
46 60 7 6
46 63 8 8
46 64 5 6
46 65 3 6
46 66 10 4
46 67 2 1
46 68 1 4
46 69 10 3
46 70 4 7
46 71 5 9
46 72 2 2
46 74 10 2
46 75 6 1
46 76 2 3
46 78 8 5
46 79 10 5
46 80 5 1
46 81 2 2
46 82 2 6
46 83 2 9
46 84 2 8
46 86 9 9
46 87 3 9
46 88 6 7
46 89 4 7
46 90 1 5
46 91 1 5
46 93 2 4
46 94 1 6
46 95 6 8
46 96 7 2
46 99 4 6
46 100 4 9
47 48 7 1
47 49 7 7
47 50 7 4
47 52 8 10
47 53 10 1
47 54 4 5
47 55 1 6
47 56 1 9
47 58 9 4
47 60 1 3
47 61 3 10
47 62 7 10
47 63 7 10
47 64 5 4
47 65 7 6
47 66 3 7
47 69 10 4
47 70 5 8
47 71 8 7
47 72 10 9
47 73 8 4
47 74 6 9
47 75 8 8
47 78 5 5
47 79 9 1
47 80 9 5
47 81 9 6
47 83 3 5
47 86 10 10
47 87 8 5
47 88 1 8
47 90 6 10
47 91 10 9
47 92 7 2
47 93 1 8
47 94 9 10
47 95 5 3
47 98 7 7
47 100 5 6
48 49 3 4
48 50 5 5
48 51 1 1
48 52 3 1
48 53 2 3
48 56 10 8
48 57 7 6
48 58 1 10
48 59 1 8
48 60 10 2
48 61 7 8
48 62 10 2
48 63 2 10
48 64 7 5
48 65 2 4
48 66 3 2
48 68 5 6
48 69 8 5
48 70 7 3
48 71 8 5
48 72 1 1
48 73 8 9
48 74 6 1
48 75 6 4
48 76 3 9
48 77 5 2
48 78 9 6
48 79 7 3
48 80 5 5
48 81 1 8
48 82 7 2
48 83 4 5
48 84 9 3
48 85 4 2
48 86 3 5
48 87 5 8
48 88 5 4
48 89 5 1
48 90 5 6
48 91 2 9
48 92 6 10
48 93 5 7
48 94 7 1
48 95 5 4
48 99 2 8
48 100 7 8
49 50 8 10
49 52 3 9
49 53 5 6
49 54 10 9
49 55 8 2
49 56 2 7
49 58 7 6
49 59 9 1
49 60 7 7
49 61 4 1
49 63 8 8
49 64 8 6
49 66 5 2
49 68 7 7
49 69 5 5
49 70 9 2
49 71 5 7
49 72 4 5
49 73 3 3
49 74 8 8
49 75 4 7
49 76 1 9
49 77 3 2
49 78 7 10
49 79 4 2
49 80 9 6
49 81 2 8
49 83 4 1
49 84 6 3
49 86 7 10
49 87 3 9
49 88 2 10
49 90 7 9
49 91 1 9
49 92 4 7
49 93 4 8
49 94 9 3
49 95 6 7
49 96 9 9
49 97 1 8
49 98 4 3
49 100 7 6
50 52 2 6
50 53 8 2
50 54 4 3
50 56 8 3
50 57 9 5
50 58 3 8
50 60 9 2
50 61 10 4
50 62 4 6
50 63 5 2
50 64 2 9
50 65 4 2
50 66 1 2
50 67 5 10
50 68 3 2
50 69 7 2
50 70 7 5
50 71 1 2
50 72 1 4
50 74 8 1
50 75 6 9
50 77 4 9
50 78 1 10
50 79 2 4
50 80 1 2
50 82 5 10
50 83 5 4
50 84 9 8
50 85 8 3
50 86 10 1
50 87 1 4
50 88 6 2
50 89 10 7
50 90 3 9
50 91 3 2
50 93 3 8
50 95 7 6
50 96 1 4
50 97 9 3
50 98 4 8
50 99 10 8
51 53 10 1
51 56 8 7
51 57 10 2
51 58 9 1
51 59 6 3
51 60 10 4
51 61 6 8
51 62 7 9
51 64 8 9
51 66 5 3
51 68 6 3
51 69 3 4
51 70 6 5
51 71 7 5
51 72 3 5
51 73 2 8
51 74 4 7
51 75 2 4
51 76 10 8
51 77 2 8
51 78 10 8
51 81 1 8
51 82 4 1
51 84 7 5
51 85 9 9
51 86 4 8
51 87 10 5
51 88 4 5
51 89 4 5
51 91 10 2
51 92 6 2
51 93 5 7
51 95 6 5
51 96 4 5
51 97 7 2
51 99 5 4
51 100 5 2
52 53 9 3
52 54 4 8
52 55 5 5
52 56 8 9
52 58 5 10
52 61 8 8
52 62 10 6
52 63 6 8
52 64 2 9
52 65 8 3
52 66 6 3
52 68 7 9
52 70 9 9
52 71 4 5
52 72 4 1
52 74 7 5
52 75 8 6
52 76 2 7
52 77 6 8
52 79 2 10
52 81 10 7
52 82 3 7
52 84 5 2
52 85 4 2
52 87 8 5
52 88 8 10
52 89 7 1
52 90 6 3
52 91 2 9
52 92 8 7
52 93 2 9
52 94 10 6
52 97 7 7
52 99 1 2
52 100 9 9
53 54 4 9
53 55 4 7
53 56 6 2
53 57 3 3
53 59 3 7
53 60 7 1
53 61 1 9
53 62 10 2
53 63 5 3
53 65 2 8
53 66 2 6
53 67 1 4
53 68 4 8
53 69 9 9
53 70 3 6
53 72 5 7
53 74 10 8
53 76 9 6
53 78 2 8
53 79 4 10
53 80 3 7
53 81 8 8
53 82 2 1
53 83 9 2
53 84 7 10
53 85 10 1
53 86 5 6
53 87 5 7
53 89 3 1
53 90 10 8
53 91 6 9
53 92 3 4
53 93 9 1
53 94 8 5
53 95 7 9
53 96 8 2
53 97 5 10
53 98 6 3
53 99 4 7
53 100 2 7
54 55 1 9
54 58 7 5
54 60 8 8
54 61 6 3
54 63 8 5
54 65 6 5
54 67 7 5
54 68 5 1
54 70 3 8
54 71 7 4
54 72 2 5
54 73 3 2
54 74 1 8
54 75 2 3
54 76 9 1
54 77 7 8
54 78 1 3
54 79 3 4
54 80 10 4
54 82 4 5
54 83 7 6
54 84 4 1
54 86 5 4
54 87 9 4
54 88 5 7
54 89 4 7
54 91 7 10
54 93 6 4
54 94 8 9
54 95 1 3
54 96 6 6
54 97 1 1
54 98 9 3
54 99 7 2
55 56 2 9
55 57 2 2
55 58 1 3
55 59 5 5
55 60 2 6
55 61 5 6
55 62 9 5
55 63 4 9
55 65 7 8
55 67 5 2
55 68 1 3
55 69 9 6
55 70 2 8
55 71 1 4
55 72 6 2
55 73 7 2
55 74 2 9
55 75 7 7
55 76 4 7
55 78 10 10
55 79 9 10
55 80 3 8
55 81 3 4
55 82 8 9
55 85 2 6
55 86 7 5
55 87 1 7
55 88 7 6
55 90 6 6
55 91 1 3
55 92 5 8
55 93 3 10
55 94 1 10
55 95 10 5
55 96 1 7
55 97 10 4
55 98 8 6
55 99 1 6
55 100 9 1
56 58 4 7
56 60 10 5
56 61 6 2
56 62 2 1
56 63 6 10
56 64 2 9
56 65 9 3
56 67 5 4
56 68 6 6
56 69 4 1
56 70 5 2
56 71 5 8
56 72 7 8
56 76 7 4
56 77 9 7
56 78 10 8
56 79 8 7
56 80 4 4
56 82 6 8
56 83 6 7
56 84 4 6
56 85 9 9
56 86 6 9
56 87 4 2
56 88 6 5
56 89 10 9
56 90 8 6
56 91 3 3
56 92 10 1
56 93 10 6
56 95 9 7
56 96 8 7
56 98 1 6
56 99 9 8
56 100 1 7
57 58 10 2
57 59 4 1
57 60 4 7
57 61 7 7
57 63 7 10
57 64 8 8
57 65 9 10
57 66 4 1
57 69 3 5
57 70 2 2
57 71 4 7
57 73 3 2
57 74 7 5
57 75 8 7
57 76 6 6
57 77 4 6
57 78 8 1
57 80 3 8
57 81 8 2
57 82 1 4
57 83 4 1
57 85 6 1
57 86 6 6
57 87 2 2
57 88 8 6
57 89 6 6
57 90 2 4
57 91 5 3
57 94 1 2
57 95 7 5
57 96 2 6
57 97 7 8
57 98 6 8
57 99 8 2
57 100 8 3
58 59 5 3
58 60 10 6
58 61 3 9
58 63 6 6
58 64 8 4
58 65 4 9
58 66 10 1
58 68 7 7
58 71 8 1
58 72 9 8
58 73 9 8
58 74 9 9
58 75 6 2
58 76 10 3
58 77 5 6
58 78 6 7
58 79 6 1
58 80 10 7
58 81 3 3
58 82 9 4
58 83 2 6
58 84 5 3
58 85 5 6
58 86 1 5
58 88 4 10
58 89 10 6
58 90 9 1
58 92 2 6
58 93 10 4
58 94 9 7
58 95 4 7
58 96 3 4
58 98 6 2
58 99 6 2
58 100 10 10
59 60 3 9
59 61 6 2
59 62 4 4
59 64 3 6
59 65 1 4
59 66 5 8
59 67 7 5
59 68 9 10
59 69 6 4
59 72 2 8
59 73 6 2
59 74 1 7
59 76 5 4
59 77 3 6
59 78 2 3
59 79 4 3
59 80 9 1
59 81 4 4
59 82 3 7
59 83 8 9
59 85 4 7
59 88 10 8
59 89 4 8
59 90 2 5
59 91 10 5
59 92 1 7
59 93 1 5
59 94 8 8
59 95 4 10
59 97 5 5
59 99 10 9
59 100 2 10
60 61 9 6
60 64 10 3
60 66 5 7
60 67 3 10
60 68 3 8
60 69 7 6
60 70 10 5
60 73 5 4
60 74 3 8
60 76 5 4
60 77 10 10
60 78 2 1
60 80 8 7
60 81 8 8
60 82 3 9
60 83 7 9
60 84 3 6
60 85 4 4
60 88 9 8
60 89 7 6
60 90 3 4
60 93 5 1
60 94 5 7
60 95 10 2
60 96 7 10
60 98 6 6
60 99 9 8
60 100 4 8
61 62 6 6
61 63 6 1
61 64 10 6
61 65 4 10
61 67 5 5
61 68 9 8
61 69 5 4
61 70 9 1
61 71 8 10
61 72 10 1
61 73 9 3
61 74 2 3
61 75 10 10
61 76 6 10
61 77 9 1
61 78 9 10
61 80 8 9
61 81 6 8
61 82 8 9
61 87 10 10
61 89 7 3
61 90 3 9
61 91 9 2
61 92 6 6
61 93 7 1
61 94 4 10
61 95 6 10
61 96 10 7
61 97 1 6
61 98 3 3
61 100 8 2
62 64 10 9
62 65 9 1
62 66 3 2
62 70 1 6
62 71 4 10
62 72 9 6
62 73 3 5
62 75 8 6
62 76 4 1
62 77 7 9
62 80 2 9
62 81 9 3
62 82 3 4
62 84 6 2
62 85 7 6
62 86 5 9
62 88 5 8
62 89 4 3
62 90 7 2
62 92 7 7
62 93 10 9
62 95 4 5
62 96 5 9
62 97 1 4
62 98 10 10
62 99 8 4
62 100 6 5
63 64 5 1
63 65 8 2
63 67 9 7
63 68 7 6
63 69 5 1
63 70 5 7
63 72 4 1
63 73 10 4
63 74 7 6
63 75 3 7
63 76 5 4
63 77 9 9
63 78 1 6
63 79 7 8
63 81 7 5
63 82 5 7
63 83 1 5
63 84 10 1
63 85 5 10
63 87 9 5
63 88 9 3
63 90 10 7
63 92 9 9
63 93 2 9
63 96 7 5
63 97 5 9
63 98 7 6
63 99 1 6
63 100 10 9
64 65 5 4
64 66 4 5
64 68 6 1
64 69 3 2
64 70 9 5
64 71 9 10
64 72 7 3
64 73 3 8
64 74 5 8
64 76 5 10
64 77 1 6
64 78 6 1
64 79 1 9
64 80 10 1
64 81 4 5
64 82 5 1
64 83 10 6
64 84 8 6
64 85 1 5
64 86 1 9
64 87 2 10
64 88 5 7
64 89 7 4
64 90 9 10
64 91 3 1
64 93 5 9
64 94 2 7
64 95 8 2
64 96 7 10
64 97 2 8
64 98 9 10
64 100 8 8
65 66 8 4
65 67 6 8
65 68 5 5
65 70 4 5
65 71 4 10
65 72 3 5
65 73 4 5
65 74 2 1
65 76 6 8
65 79 7 6
65 80 7 2
65 81 7 8
65 83 2 2
65 84 1 4
65 85 3 1
65 86 6 4
65 87 8 6
65 88 1 8
65 89 3 4
65 91 1 3
65 92 4 8
65 93 1 4
65 94 4 9
65 95 1 2
65 96 3 7
65 98 1 8
65 99 1 3
65 100 7 5
66 67 5 10
66 69 6 5
66 70 3 4
66 71 8 1
66 72 7 2
66 74 4 2
66 76 10 1
66 78 3 9
66 79 1 9
66 80 8 5
66 81 6 5
66 82 1 7
66 83 4 9
66 84 3 1
66 86 6 2
66 88 7 6
66 89 8 7
66 90 10 1
66 91 3 10
66 92 8 7
66 94 1 4
66 95 2 4
66 97 3 5
66 98 6 3
66 99 5 9
66 100 4 1
67 68 8 6
67 70 6 6
67 71 7 1
67 72 4 5
67 74 4 7
67 75 8 2
67 76 6 6
67 77 9 3
67 78 5 2
67 79 7 7
67 80 5 8
67 81 9 4
67 84 10 5
67 85 8 7
67 86 8 10
67 87 1 7
67 88 10 3
67 89 3 3
67 90 9 7
67 91 4 2
67 92 1 1
67 93 2 3
67 94 7 5
67 95 4 7
67 96 4 8
67 98 5 8
67 99 9 10
67 100 1 4
68 70 2 7
68 71 2 8
68 72 3 5
68 73 5 2
68 76 3 2
68 77 9 10
68 78 7 1
68 79 8 7
68 80 10 9
68 82 9 6
68 84 5 1
68 85 1 8
68 86 9 10
68 87 10 9
68 88 10 4
68 89 9 2
68 90 6 9
68 91 7 1
68 92 1 4
68 93 5 8
68 94 1 4
68 95 6 1
68 96 8 3
68 97 8 6
68 99 3 2
68 100 3 6
69 70 3 9
69 71 8 8
69 72 5 7
69 73 2 5
69 74 8 9
69 75 7 7
69 76 9 4
69 78 2 1
69 79 10 4
69 80 7 5
69 81 1 1
69 82 6 7
69 83 9 6
69 84 9 5
69 86 7 7
69 88 3 3
69 89 9 5
69 90 10 3
69 91 2 2
69 93 8 8
69 94 4 10
69 95 1 3
69 96 6 7
69 97 4 10
69 99 1 3
69 100 7 4
70 71 5 2
70 72 4 9
70 73 5 9
70 74 3 4
70 75 8 9
70 76 5 7
70 77 9 1
70 78 4 1
70 79 9 3
70 80 8 3
70 81 3 2
70 82 4 5
70 83 3 7
70 85 10 8
70 86 6 1
70 87 4 9
70 89 4 3
70 92 5 3
70 93 3 1
70 94 7 2
70 97 3 3
70 98 10 4
70 99 9 5
70 100 5 10
71 73 10 3
71 74 3 3
71 75 2 2
71 76 1 1
71 77 10 1
71 78 2 8
71 79 5 5
71 80 9 5
71 81 1 7
71 83 2 1
71 84 8 5
71 86 1 7
71 87 5 6
71 88 1 2
71 89 4 8
71 91 7 1
71 92 7 5
71 93 5 9
71 95 3 3
71 96 9 6
71 97 9 8
71 98 10 9
71 99 5 9
71 100 7 5
72 75 3 4
72 76 5 2
72 77 2 7
72 78 6 3
72 79 5 2
72 81 1 2
72 82 5 6
72 83 4 9
72 84 9 6
72 85 1 7
72 86 2 1
72 87 6 2
72 88 2 9
72 89 2 3
72 90 2 10
72 91 1 10
72 93 3 7
72 94 9 9
72 95 2 3
72 96 3 1
72 97 4 9
72 100 6 10
73 74 8 3
73 75 9 6
73 76 9 7
73 77 6 10
73 78 7 7
73 79 8 9
73 80 3 10
73 81 7 4
73 82 10 3
73 83 10 2
73 84 9 1
73 86 5 8
73 87 8 3
73 89 5 5
73 90 9 7
73 91 3 10
73 92 1 8
73 93 4 9
73 94 9 8
73 95 1 7
73 96 6 8
73 98 5 6
73 99 2 5
73 100 6 9
74 76 8 4
74 77 9 1
74 78 1 5
74 79 7 10
74 80 6 2
74 81 5 3
74 82 5 8
74 83 10 4
74 84 4 2
74 85 8 10
74 86 2 7
74 87 5 6
74 88 9 6
74 90 10 7
74 91 4 8
74 92 9 2
74 93 6 9
74 94 8 10
74 95 8 7
74 96 5 4
74 97 4 1
74 98 1 9
74 99 9 3
74 100 9 3
75 78 3 8
75 79 7 9
75 81 5 2
75 82 6 9
75 84 3 6
75 85 5 5
75 86 8 9
75 88 6 5
75 89 5 2
75 90 8 3
75 91 6 8
75 92 8 4
75 93 2 4
75 95 8 9
75 96 2 10
75 99 1 10
75 100 4 3
76 77 9 9
76 78 10 8
76 80 3 4
76 81 7 6
76 82 5 10
76 83 9 7
76 84 6 10
76 85 6 7
76 86 4 10
76 89 7 8
76 90 7 1
76 91 7 3
76 93 1 6
76 95 4 4
76 97 6 7
76 98 4 7
76 99 9 7
76 100 6 10
77 78 5 1
77 79 4 5
77 80 1 5
77 81 2 1
77 82 10 3
77 83 2 10
77 84 6 9
77 85 4 2
77 86 10 2
77 87 2 7
77 88 1 2
77 89 4 6
77 90 10 10
77 91 8 2
77 92 4 8
77 93 5 1
77 95 3 8
77 96 9 6
77 97 4 10
77 98 9 1
77 99 2 4
77 100 7 4
78 79 9 6
78 80 10 1
78 81 8 1
78 82 7 10
78 83 3 4
78 84 9 8
78 85 8 9
78 86 2 9
78 88 5 9
78 90 4 7
78 91 4 4
78 92 10 9
78 93 8 8
78 94 9 1
78 95 5 5
78 96 10 1
78 97 4 7
78 99 6 6
78 100 7 7
79 80 4 3
79 81 8 3
79 82 2 7
79 83 2 3
79 84 3 6
79 85 10 5
79 86 7 4
79 88 3 9
79 90 7 1
79 92 3 9
79 93 4 7
79 94 5 9
79 95 5 1
79 96 8 9
79 98 6 3
79 100 9 7
80 81 1 4
80 85 10 4
80 86 2 1
80 87 7 2
80 90 1 7
80 91 9 6
80 92 5 9
80 94 2 10
80 95 1 6
80 96 4 7
80 97 8 1
80 98 2 10
80 99 9 6
80 100 8 10
81 82 1 5
81 83 10 5
81 85 9 10
81 86 7 8
81 87 4 2
81 88 5 10
81 89 4 10
81 90 5 6
81 92 1 10
81 93 7 7
81 94 5 9
81 95 1 3
81 96 2 3
81 97 5 6
81 98 7 6
81 99 8 2
81 100 9 6
82 85 2 5
82 86 5 10
82 87 1 2
82 89 2 3
82 90 8 9
82 91 4 7
82 92 10 7
82 93 4 7
82 94 5 2
82 96 2 5
82 97 8 10
82 98 5 4
82 99 9 3
82 100 1 4
83 84 6 9
83 85 4 5
83 86 6 9
83 87 9 10
83 88 5 7
83 90 10 6
83 91 3 7
83 92 2 5
83 93 4 9
83 95 6 3
83 96 8 4
83 98 4 1
83 99 6 9
83 100 9 4
84 85 2 8
84 86 6 4
84 87 1 8
84 88 5 1
84 90 4 8
84 92 5 1
84 93 7 10
84 95 7 2
84 96 1 1
84 97 1 10
84 98 3 2
84 99 8 5
84 100 7 10
85 87 1 7
85 88 1 4
85 89 10 1
85 92 9 9
85 93 8 2
85 94 9 8
85 96 6 10
85 97 9 3
85 99 3 3
85 100 10 2
86 87 2 10
86 88 3 4
86 89 10 7
86 90 5 7
86 91 3 4
86 92 4 8
86 94 8 8
86 95 4 10
86 96 4 7
86 97 4 4
86 98 2 6
86 99 2 5
86 100 7 9
87 88 7 7
87 89 2 9
87 91 1 2
87 92 4 8
87 93 8 4
87 94 4 1
87 95 2 8
87 96 8 3
87 97 7 10
87 99 8 9
87 100 5 7
88 89 1 3
88 90 4 6
88 91 8 2
88 93 4 7
88 95 5 4
88 97 7 10
88 98 3 2
88 99 3 10
88 100 6 3
89 90 10 1
89 91 5 10
89 92 10 2
89 93 8 7
89 95 3 2
89 96 10 4
89 97 8 2
89 98 2 4
89 100 1 3
90 93 3 6
90 94 5 10
90 95 4 3
90 96 1 5
90 97 5 4
90 98 5 8
90 99 9 8
91 92 10 5
91 93 3 8
91 94 3 6
91 97 2 5
91 98 10 3
91 99 3 9
91 100 1 9
92 94 2 5
92 95 5 2
92 96 7 9
92 97 2 5
92 98 8 3
92 100 6 7
93 94 6 9
93 95 10 10
93 96 1 5
93 97 9 1
93 98 1 4
93 99 4 7
93 100 5 5
94 95 5 3
94 96 10 6
94 97 6 1
94 98 5 10
94 100 8 9
95 96 8 10
95 97 2 8
95 98 10 10
95 99 9 6
95 100 7 4
96 98 9 10
96 99 9 2
96 100 3 5
97 98 6 10
97 99 6 3
97 100 1 6
98 100 3 8
99 100 8 4
1
1 2 3 4 5 6 7 8 9 10 11 12 13 14 15 16 17 18 19 20 21 22 23 24 25 26 27 28 29 30 31 32 33 34 35 36 37 38 39 40 41 42 43 44 45 46 47 48 49 50
