3959
1 2 6 3
1 6 6 1
1 7 6 4
1 9 2 2
1 10 6 1
1 11 2 4
1 12 8 6
1 13 2 2
1 14 8 10
1 15 8 8
1 16 1 9
1 17 5 7
1 18 2 7
1 20 7 4
1 21 8 9
1 22 10 9
1 23 3 2
1 24 8 9
1 25 10 7
1 26 6 6
1 27 9 2
1 28 9 9
1 31 5 10
1 32 6 2
1 34 1 8
1 35 6 8
1 36 2 9
1 37 4 2
1 38 1 4
1 39 2 7
1 40 8 6
1 41 5 5
1 42 1 9
1 46 2 6
1 47 4 6
1 48 6 5
1 50 7 10
1 52 8 8
1 53 4 8
1 54 6 6
1 55 1 4
1 56 5 3
1 57 8 9
1 59 2 8
1 60 9 8
1 63 5 4
1 64 4 1
1 65 8 2
1 66 2 8
1 67 4 7
1 68 8 10
1 69 2 7
1 70 10 1
1 71 10 6
1 72 3 4
1 73 2 7
1 74 7 9
1 75 3 8
1 76 2 2
1 78 7 9
1 79 10 10
1 80 2 4
1 81 1 3
1 82 4 5
1 83 10 1
1 84 2 3
1 85 7 4
1 86 5 8
1 87 1 5
1 88 1 1
1 89 2 10
1 90 7 8
1 91 8 8
1 92 4 4
1 93 3 2
1 95 10 5
1 96 9 4
1 97 5 7
1 98 4 10
1 99 8 4
1 100 1 6
2 3 1 3
2 4 8 3
2 5 9 3
2 8 9 7
2 11 6 6
2 12 3 1
2 13 6 10
2 14 9 4
2 15 9 1
2 16 8 4
2 17 3 3
2 18 4 10
2 19 3 4
2 21 5 5
2 23 5 10
2 24 10 8
2 25 8 6
2 26 3 5
2 27 5 7
2 28 7 6
2 29 7 3
2 30 8 3
2 31 9 1
2 32 10 5
2 34 5 9
2 36 8 10
2 39 8 4
2 40 3 1
2 41 8 4
2 42 9 10
2 43 10 2
2 44 1 3
2 45 10 1
2 46 9 5
2 47 1 10
2 48 3 6
2 49 7 6
2 52 6 10
2 53 5 7
2 54 9 5
2 56 3 1
2 58 4 2
2 60 2 1
2 61 10 3
2 62 4 4
2 63 5 4
2 64 3 5
2 65 10 1
2 66 7 5
2 67 2 5
2 68 3 2
2 69 10 5
2 71 4 9
2 72 5 6
2 75 9 2
2 76 4 8
2 78 2 10
2 79 3 8
2 80 10 4
2 81 7 1
2 82 1 5
2 85 8 5
2 87 10 7
2 88 7 9
2 89 6 8
2 90 5 3
2 91 6 1
2 92 3 10
2 93 8 10
2 94 3 1
2 96 2 6
2 97 7 2
2 99 7 9
2 100 7 10
3 4 4 5
3 6 8 9
3 7 7 10
3 8 8 7
3 9 7 6
3 10 3 1
3 11 5 8
3 12 9 4
3 15 4 5
3 16 4 6
3 17 8 6
3 19 7 2
3 20 6 6
3 21 9 10
3 22 8 3
3 23 5 9
3 25 2 4
3 27 9 2
3 28 3 5
3 29 3 4
3 30 4 2
3 32 6 3
3 33 2 6
3 34 7 7
3 35 6 5
3 36 4 2
3 37 6 5
3 38 9 6
3 39 1 6
3 40 10 10
3 41 6 3
3 43 4 9
3 44 9 10
3 45 4 9
3 48 6 2
3 50 3 6
3 52 4 3
3 53 1 9
3 55 8 2
3 56 4 7
3 57 5 3
3 58 9 6
3 59 7 1
3 60 8 4
3 61 3 6
3 62 5 5
3 63 6 3
3 65 10 2
3 66 5 4
3 67 5 7
3 68 2 9
3 70 8 10
3 72 3 4
3 73 4 9
3 74 10 10
3 75 9 2
3 76 9 6
3 77 3 1
3 78 10 7
3 79 5 6
3 81 2 7
3 82 8 8
3 83 5 3
3 85 7 9
3 86 5 5
3 88 7 1
3 89 5 9
3 90 6 3
3 91 8 6
3 92 10 3
3 93 4 4
3 94 7 1
3 96 6 5
3 97 4 5
3 98 7 6
3 99 2 1
4 5 7 6
4 6 8 10
4 8 1 9
4 10 6 4
4 11 1 2
4 12 1 2
4 13 2 2
4 15 10 5
4 16 10 4
4 17 4 9
4 18 1 9
4 19 8 10
4 21 1 7
4 22 1 1
4 23 9 1
4 24 5 10
4 25 4 5
4 29 1 5
4 30 7 2
4 31 1 8
4 32 5 3
4 33 10 9
4 34 5 1
4 36 10 6
4 37 4 2
4 39 9 1
4 40 6 5
4 41 6 9
4 42 8 4
4 44 3 1
4 45 9 8
4 46 4 2
4 47 1 1
4 48 9 8
4 49 6 5
4 50 9 5
4 52 4 9
4 53 1 1
4 56 3 2
4 57 2 10
4 58 9 5
4 59 3 5
4 61 9 3
4 63 5 9
4 64 5 8
4 65 9 3
4 66 4 8
4 67 1 1
4 68 7 2
4 69 3 2
4 70 5 3
4 71 9 4
4 72 4 9
4 73 1 7
4 74 5 3
4 75 4 9
4 76 4 5
4 77 1 1
4 79 6 1
4 80 3 10
4 81 8 8
4 82 9 10
4 83 10 6
4 84 10 1
4 86 8 9
4 87 8 7
4 88 2 10
4 90 1 6
4 91 10 2
4 92 2 6
4 93 10 2
4 94 10 9
4 95 8 3
4 98 6 1
4 99 2 2
4 100 1 9
5 6 9 2
5 7 7 7
5 8 4 5
5 9 4 8
5 10 5 9
5 11 9 3
5 12 1 8
5 13 1 6
5 15 2 10
5 16 5 3
5 17 9 5
5 18 6 9
5 21 7 4
5 22 3 3
5 23 6 8
5 24 7 10
5 25 8 4
5 31 9 5
5 33 10 4
5 34 7 1
5 35 5 9
5 36 8 8
5 37 1 3
5 38 4 7
5 39 1 5
5 40 3 1
5 43 5 8
5 44 8 10
5 46 10 6
5 47 10 9
5 48 6 9
5 49 2 9
5 50 1 3
5 52 9 10
5 55 7 2
5 56 6 1
5 57 6 10
5 58 3 10
5 59 7 3
5 60 2 3
5 61 2 1
5 62 8 2
5 63 1 6
5 64 1 8
5 66 2 1
5 67 4 8
5 68 9 2
5 69 8 6
5 70 9 4
5 71 5 4
5 72 1 6
5 73 4 10
5 74 10 8
5 75 5 9
5 76 6 7
5 77 4 8
5 78 2 4
5 79 6 7
5 81 10 2
5 82 10 6
5 84 2 4
5 85 9 8
5 87 5 7
5 88 9 6
5 89 7 5
5 92 9 1
5 93 4 7
5 94 5 2
5 97 1 9
5 98 2 9
5 99 5 3
5 100 2 6
6 7 10 2
6 8 8 8
6 9 8 10
6 10 6 8
6 11 10 7
6 12 2 1
6 13 10 1
6 14 10 3
6 16 1 6
6 17 7 5
6 18 10 5
6 20 8 7
6 21 10 9
6 23 2 2
6 24 8 3
6 25 3 10
6 26 5 4
6 27 1 3
6 28 4 4
6 29 10 8
6 30 4 3
6 31 10 7
6 33 10 4
6 35 9 5
6 36 10 3
6 37 8 1
6 38 9 8
6 39 6 4
6 40 5 5
6 41 4 9
6 42 9 4
6 44 6 6
6 45 5 6
6 46 6 4
6 47 8 10
6 48 4 10
6 49 9 9
6 50 10 8
6 51 2 5
6 52 5 5
6 53 8 7
6 54 1 1
6 55 9 4
6 56 6 8
6 59 7 4
6 60 10 10
6 61 5 2
6 62 2 6
6 64 10 8
6 68 10 5
6 70 2 6
6 71 10 6
6 72 3 2
6 73 9 10
6 75 3 10
6 76 4 2
6 77 5 4
6 78 3 3
6 79 6 1
6 80 8 7
6 81 8 2
6 82 1 9
6 83 1 6
6 84 1 10
6 85 4 2
6 86 10 9
6 87 6 7
6 89 9 5
6 90 7 3
6 91 5 3
6 92 8 6
6 93 6 9
6 94 2 7
6 95 9 5
6 96 4 10
6 98 8 10
6 99 9 2
7 8 7 6
7 9 3 3
7 10 10 6
7 11 10 4
7 13 8 6
7 14 7 10
7 16 4 7
7 17 1 6
7 18 10 6
7 19 8 3
7 20 5 6
7 21 2 2
7 22 9 8
7 23 7 2
7 24 7 7
7 25 5 4
7 26 3 2
7 27 3 7
7 28 8 4
7 30 7 2
7 31 8 1
7 33 7 3
7 34 8 7
7 35 3 9
7 36 6 9
7 37 2 10
7 38 8 9
7 39 2 3
7 41 10 8
7 43 3 8
7 44 2 4
7 45 6 6
7 46 7 8
7 47 8 9
7 48 10 10
7 49 2 7
7 51 9 7
7 52 3 7
7 53 9 1
7 54 6 7
7 55 4 8
7 60 3 6
7 61 7 5
7 62 4 10
7 64 9 3
7 65 7 5
7 67 3 2
7 68 8 9
7 69 10 2
7 71 4 6
7 72 10 8
7 75 4 5
7 76 8 1
7 77 6 7
7 78 8 8
7 79 3 3
7 82 2 2
7 84 1 8
7 85 7 5
7 86 7 10
7 88 7 8
7 89 10 10
7 90 4 5
7 91 5 2
7 92 2 6
7 93 3 10
7 94 6 1
7 95 10 6
7 96 1 3
7 97 10 3
7 98 7 3
7 99 2 8
7 100 1 1
8 9 6 5
8 10 3 6
8 11 1 1
8 12 10 7
8 13 1 3
8 14 5 8
8 15 4 2
8 16 7 7
8 18 7 9
8 19 1 7
8 20 5 9
8 21 4 7
8 22 10 2
8 23 9 3
8 26 6 2
8 27 1 10
8 28 1 4
8 29 8 2
8 30 4 2
8 32 6 7
8 33 1 9
8 34 3 9
8 37 7 6
8 38 1 8
8 39 10 2
8 40 5 1
8 41 6 10
8 42 10 3
8 43 1 10
8 44 9 4
8 45 4 3
8 47 5 4
8 48 10 10
8 50 10 9
8 52 9 7
8 53 8 7
8 55 8 5
8 56 10 9
8 57 7 6
8 58 2 1
8 59 6 10
8 60 5 1
8 64 1 10
8 66 9 3
8 67 10 5
8 68 2 8
8 69 9 7
8 71 1 8
8 72 9 2
8 73 2 9
8 75 3 10
8 76 8 1
8 78 1 10
8 79 9 2
8 80 8 4
8 81 6 2
8 82 6 10
8 83 5 8
8 84 4 9
8 85 1 1
8 86 5 3
8 88 1 2
8 89 9 1
8 90 1 10
8 91 10 8
8 92 7 5
8 93 8 1
8 94 5 6
8 95 8 4
8 96 10 10
8 98 9 3
8 99 2 5
8 100 4 6
9 10 2 9
9 12 6 1
9 13 2 1
9 14 6 4
9 15 10 9
9 16 5 1
9 18 7 7
9 19 9 9
9 20 9 2
9 21 10 4
9 22 10 6
9 23 6 7
9 24 10 3
9 26 2 2
9 29 6 6
9 30 4 6
9 31 2 6
9 32 1 3
9 33 3 7
9 34 9 8
9 35 10 5
9 36 2 5
9 38 4 8
9 40 4 3
9 42 4 3
9 43 10 6
9 44 3 7
9 45 1 8
9 46 5 9
9 49 1 6
9 50 2 5
9 51 5 8
9 52 10 10
9 53 5 5
9 54 5 6
9 56 2 3
9 57 2 3
9 58 1 3
9 60 10 6
9 61 3 10
9 62 3 2
9 63 5 3
9 64 1 7
9 65 3 6
9 66 4 9
9 67 6 5
9 68 9 8
9 69 7 10
9 70 8 9
9 73 1 9
9 74 9 1
9 75 10 5
9 77 9 5
9 78 9 1
9 79 4 9
9 80 9 9
9 82 8 9
9 83 1 5
9 84 10 10
9 85 9 6
9 86 7 4
9 87 7 1
9 88 3 1
9 89 4 7
9 90 5 4
9 91 8 1
9 92 9 5
9 93 2 9
9 94 3 5
9 95 9 10
9 97 6 4
9 99 7 9
9 100 6 9
10 11 9 6
10 12 5 4
10 13 9 1
10 14 1 8
10 15 1 2
10 16 7 3
10 17 1 4
10 19 9 3
10 20 10 3
10 21 3 7
10 22 8 6
10 23 2 5
10 25 9 2
10 26 3 9
10 28 2 7
10 30 5 8
10 31 3 5
10 33 4 10
10 34 2 6
10 35 7 5
10 36 7 6
10 37 5 7
10 38 2 6
10 39 5 4
10 40 1 10
10 41 3 9
10 43 6 6
10 44 3 9
10 45 1 7
10 46 5 1
10 48 10 3
10 49 7 8
10 50 4 2
10 51 3 3
10 52 10 10
10 53 8 10
10 55 2 1
10 56 5 6
10 57 6 6
10 58 9 1
10 59 7 6
10 60 8 7
10 64 9 9
10 65 7 4
10 66 6 6
10 67 9 9
10 68 10 8
10 69 4 5
10 70 4 6
10 71 8 8
10 72 2 3
10 73 3 6
10 74 2 9
10 75 10 10
10 77 10 7
10 79 2 4
10 81 9 8
10 82 1 3
10 83 9 10
10 84 4 3
10 86 2 10
10 87 5 3
10 88 1 9
10 89 5 1
10 90 5 4
10 91 7 3
10 92 4 7
10 93 4 9
10 94 5 8
10 95 3 7
10 96 9 5
10 97 9 10
10 99 5 7
10 100 9 2
11 12 5 8
11 13 9 4
11 14 1 9
11 15 6 5
11 16 10 1
11 17 5 5
11 18 2 6
11 19 9 10
11 20 2 7
11 21 3 8
11 22 8 2
11 23 9 3
11 24 8 8
11 25 3 4
11 26 9 8
11 27 6 6
11 28 8 6
11 29 7 6
11 30 9 4
11 31 5 7
11 35 7 4
11 36 4 5
11 37 10 9
11 39 3 10
11 40 2 5
11 41 3 5
11 42 6 10
11 44 4 5
11 45 5 2
11 46 1 6
11 47 4 1
11 48 5 6
11 49 3 9
11 50 5 1
11 51 1 10
11 52 8 6
11 53 7 2
11 54 8 3
11 55 4 10
11 56 8 4
11 57 8 5
11 58 4 5
11 60 2 5
11 61 2 10
11 62 6 8
11 64 6 10
11 65 2 3
11 66 4 2
11 67 3 3
11 68 10 6
11 69 4 9
11 70 9 10
11 71 8 9
11 72 6 2
11 73 4 4
11 75 4 9
11 76 10 8
11 77 4 7
11 78 4 10
11 80 9 10
11 81 3 9
11 82 4 8
11 83 7 5
11 84 5 2
11 85 5 1
11 87 10 8
11 88 7 9
11 89 1 5
11 92 7 6
11 94 3 4
11 95 6 7
11 97 7 9
11 98 10 3
11 100 8 2
12 13 6 7
12 14 4 2
12 15 10 6
12 16 6 1
12 17 7 5
12 18 5 1
12 19 6 9
12 20 4 4
12 21 3 10
12 23 5 3
12 24 8 3
12 26 7 3
12 27 3 7
12 28 6 9
12 29 4 3
12 31 1 6
12 32 4 9
12 33 4 3
12 34 7 4
12 35 8 7
12 36 4 2
12 37 10 10
12 38 3 7
12 39 3 2
12 40 8 10
12 41 1 9
12 42 3 3
12 43 5 8
12 44 1 8
12 45 5 6
12 46 5 2
12 48 7 6
12 49 8 10
12 50 2 4
12 51 4 4
12 53 2 3
12 54 5 1
12 55 8 3
12 56 3 4
12 57 1 6
12 58 7 9
12 60 9 10
12 61 5 4
12 62 4 10
12 63 7 7
12 64 3 1
12 65 1 2
12 66 2 6
12 68 2 6
12 69 9 8
12 70 10 5
12 71 10 3
12 72 2 5
12 73 9 10
12 74 3 4
12 76 9 4
12 78 5 8
12 79 2 6
12 80 6 4
12 82 1 6
12 83 1 7
12 84 9 10
12 86 4 5
12 88 2 6
12 89 7 10
12 90 9 9
12 91 2 3
12 92 3 9
12 93 3 7
12 94 6 8
12 96 2 5
12 98 4 10
12 100 9 7
13 14 1 3
13 17 5 7
13 18 2 1
13 19 2 6
13 20 9 4
13 21 5 9
13 23 5 3
13 24 2 5
13 25 1 5
13 26 7 8
13 27 3 2
13 28 6 9
13 29 3 4
13 30 7 10
13 31 4 8
13 32 3 1
13 33 9 9
13 34 5 8
13 35 9 3
13 36 9 6
13 37 6 3
13 39 1 1
13 40 10 10
13 41 2 8
13 43 9 10
13 44 6 7
13 46 4 8
13 47 10 2
13 49 3 1
13 50 2 1
13 51 9 8
13 53 2 6
13 54 7 1
13 55 5 6
13 56 7 8
13 57 7 2
13 58 1 8
13 59 10 10
13 60 6 7
13 62 9 7
13 63 4 4
13 64 1 10
13 65 4 6
13 66 8 4
13 67 3 4
13 68 6 4
13 69 2 2
13 71 2 7
13 73 2 3
13 74 7 6
13 75 6 2
13 78 7 8
13 79 7 6
13 81 3 10
13 82 2 2
13 83 3 1
13 84 3 8
13 85 3 9
13 86 8 1
13 88 2 8
13 90 7 7
13 91 2 4
13 92 8 8
13 93 1 1
13 94 1 10
13 95 8 10
13 96 6 2
13 97 6 4
13 98 9 5
13 99 10 1
13 100 8 3
14 16 8 4
14 18 7 1
14 19 4 9
14 20 2 10
14 21 2 1
14 22 5 2
14 23 8 5
14 25 6 7
14 28 6 9
14 31 5 10
14 33 10 3
14 35 1 10
14 36 5 1
14 37 10 3
14 38 7 2
14 39 3 7
14 40 9 3
14 41 2 2
14 42 9 6
14 43 7 6
14 44 8 8
14 45 2 6
14 46 7 6
14 47 8 8
14 48 5 4
14 49 5 1
14 50 3 5
14 51 7 1
14 52 5 4
14 53 10 8
14 54 9 3
14 55 10 6
14 56 4 3
14 57 2 8
14 58 10 4
14 61 4 1
14 63 1 5
14 64 10 7
14 65 3 4
14 66 9 3
14 67 3 2
14 68 3 3
14 69 8 2
14 70 3 4
14 71 9 10
14 72 8 2
14 73 8 4
14 74 7 8
14 75 3 2
14 76 4 7
14 77 6 10
14 78 4 1
14 79 7 4
14 80 8 10
14 81 3 2
14 83 7 8
14 84 6 7
14 85 6 2
14 86 5 6
14 87 3 5
14 88 4 10
14 89 10 3
14 90 4 2
14 91 6 10
14 92 6 7
14 93 5 5
14 94 3 7
14 95 8 10
14 98 4 5
14 100 7 5
15 16 10 6
15 18 6 5
15 20 5 4
15 21 3 6
15 22 8 10
15 24 4 3
15 25 1 2
15 26 8 2
15 27 8 9
15 28 3 4
15 30 10 5
15 31 10 5
15 32 10 3
15 33 6 5
15 34 4 4
15 35 10 10
15 39 7 7
15 40 2 4
15 41 4 8
15 42 6 2
15 43 7 2
15 44 4 2
15 45 1 6
15 47 3 2
15 48 7 3
15 50 4 4
15 51 5 6
15 52 6 1
15 55 10 1
15 56 6 3
15 57 9 10
15 59 1 10
15 60 8 9
15 61 8 9
15 62 9 9
15 63 3 3
15 64 2 3
15 65 7 6
15 66 8 5
15 67 1 6
15 68 10 10
15 69 7 1
15 70 5 6
15 72 3 7
15 73 10 5
15 75 7 5
15 77 7 4
15 78 4 3
15 79 6 6
15 80 4 9
15 81 9 10
15 82 5 3
15 83 8 4
15 84 7 6
15 85 10 2
15 86 10 2
15 88 10 4
15 90 8 6
15 91 2 7
15 92 1 5
15 93 2 6
15 94 2 10
15 95 6 5
15 96 5 8
15 98 9 6
15 99 4 5
16 17 5 5
16 18 3 1
16 20 4 5
16 21 6 3
16 22 8 6
16 23 6 9
16 25 3 9
16 27 4 4
16 29 2 6
16 30 8 5
16 31 1 1
16 32 9 2
16 33 7 4
16 34 4 1
16 35 8 7
16 36 10 7
16 38 10 3
16 39 4 9
16 40 7 8
16 41 5 2
16 42 1 9
16 43 6 2
16 44 1 2
16 45 10 7
16 46 1 7
16 47 7 10
16 48 2 3
16 50 1 10
16 52 10 9
16 53 6 3
16 54 9 3
16 55 8 10
16 56 2 6
16 57 9 3
16 58 4 7
16 59 2 1
16 60 3 5
16 61 2 6
16 62 6 4
16 63 6 9
16 65 2 9
16 66 8 9
16 67 1 8
16 68 5 6
16 69 7 7
16 70 2 2
16 72 6 10
16 73 9 5
16 74 1 4
16 75 3 5
16 76 4 2
16 77 9 8
16 79 9 7
16 80 1 6
16 81 3 10
16 82 7 4
16 83 2 3
16 84 5 9
16 85 9 2
16 86 10 5
16 87 6 6
16 88 1 8
16 89 4 10
16 90 1 9
16 91 1 1
16 92 2 3
16 93 1 9
16 95 5 2
16 96 4 10
16 98 1 3
16 100 9 5
17 19 2 6
17 20 2 1
17 21 10 8
17 23 3 2
17 24 3 10
17 25 8 3
17 26 7 2
17 27 10 10
17 28 1 7
17 30 7 10
17 32 5 6
17 34 6 6
17 35 4 2
17 36 5 9
17 37 2 3
17 38 4 7
17 39 8 3
17 40 5 4
17 43 2 1
17 44 8 5
17 45 10 1
17 46 5 9
17 47 10 6
17 48 10 9
17 49 6 1
17 50 6 3
17 51 4 10
17 52 1 3
17 53 1 8
17 54 1 6
17 55 1 4
17 56 3 6
17 57 2 4
17 58 9 5
17 59 7 5
17 60 10 5
17 61 2 8
17 62 9 5
17 64 8 5
17 65 9 6
17 66 3 10
17 67 6 2
17 68 5 9
17 69 2 7
17 70 9 6
17 71 3 8
17 72 6 6
17 73 5 3
17 74 4 4
17 75 6 8
17 76 5 5
17 77 6 4
17 78 4 3
17 79 1 4
17 81 10 4
17 82 2 2
17 83 1 5
17 84 10 4
17 85 3 6
17 86 5 8
17 87 7 3
17 88 1 5
17 90 3 6
17 91 9 2
17 94 2 2
17 96 4 2
17 97 4 4
17 98 8 10
17 99 10 1
17 100 8 3
18 19 8 6
18 20 1 7
18 21 2 6
18 22 6 5
18 24 6 3
18 25 2 9
18 27 1 5
18 28 3 2
18 29 6 6
18 30 7 6
18 31 7 9
18 32 8 8
18 33 5 4
18 34 3 3
18 35 2 2
18 36 3 7
18 38 5 5
18 39 4 5
18 40 2 9
18 43 2 1
18 44 10 9
18 45 8 6
18 46 4 7
18 47 10 8
18 48 3 3
18 49 6 9
18 50 8 5
18 51 3 3
18 52 9 4
18 53 6 8
18 54 3 10
18 55 9 1
18 56 1 3
18 57 1 6
18 58 9 8
18 60 8 1
18 61 10 1
18 62 6 8
18 63 1 8
18 64 6 6
18 66 3 9
18 69 4 10
18 70 10 7
18 71 3 5
18 72 7 8
18 73 8 3
18 74 10 7
18 76 2 4
18 79 8 5
18 80 3 1
18 82 3 3
18 84 8 8
18 85 10 6
18 86 1 10
18 87 7 3
18 88 7 10
18 89 3 2
18 90 9 8
18 92 9 1
18 93 8 7
18 94 8 2
18 95 2 10
18 96 5 7
18 97 7 7
18 99 8 4
18 100 4 9
19 20 8 7
19 21 9 8
19 23 1 7
19 24 5 9
19 25 4 6
19 26 3 6
19 28 1 8
19 29 6 7
19 30 5 7
19 31 4 2
19 32 9 6
19 33 8 4
19 35 4 1
19 36 2 2
19 37 8 1
19 38 5 4
19 39 5 10
19 41 3 9
19 42 8 1
19 44 5 10
19 45 8 10
19 47 2 10
19 48 9 1
19 49 2 10
19 50 8 2
19 51 5 8
19 53 9 9
19 54 8 7
19 55 8 5
19 57 1 2
19 59 4 9
19 60 5 9
19 61 7 6
19 62 5 2
19 64 1 7
19 65 6 5
19 66 3 1
19 67 10 6
19 68 1 7
19 69 2 4
19 70 4 7
19 71 6 7
19 72 10 6
19 73 8 1
19 74 3 4
19 75 10 6
19 76 7 10
19 77 7 4
19 78 3 8
19 83 4 7
19 84 6 1
19 85 3 1
19 86 7 4
19 87 8 3
19 88 3 6
19 89 8 6
19 90 8 7
19 91 10 4
19 92 4 10
19 93 7 5
19 94 4 2
19 95 6 1
19 96 5 2
19 97 8 8
19 99 5 9
19 100 1 2
20 21 10 9
20 22 9 3
20 23 7 5
20 24 7 9
20 25 1 5
20 26 7 3
20 27 1 4
20 28 6 2
20 29 3 4
20 31 6 3
20 32 3 2
20 34 2 6
20 35 9 8
20 37 5 8
20 38 1 7
20 39 8 7
20 40 4 9
20 41 4 6
20 42 6 3
20 44 3 3
20 45 3 6
20 46 8 2
20 47 5 8
20 48 3 10
20 49 9 6
20 50 7 5
20 51 1 4
20 52 5 2
20 54 2 1
20 55 9 1
20 56 10 2
20 57 5 2
20 58 10 9
20 59 9 1
20 60 6 10
20 61 1 3
20 62 9 6
20 63 8 1
20 65 8 2
20 66 4 4
20 67 8 5
20 68 9 8
20 69 3 5
20 70 6 9
20 71 1 10
20 72 4 3
20 75 3 4
20 76 5 8
20 77 3 2
20 78 3 3
20 79 8 6
20 81 5 6
20 84 3 4
20 85 4 8
20 87 5 5
20 88 9 8
20 89 5 10
20 92 7 1
20 93 9 4
20 94 7 4
20 96 7 4
20 98 6 1
20 99 8 5
20 100 10 9
21 22 1 7
21 23 8 10
21 24 9 9
21 25 3 2
21 26 5 5
21 27 4 6
21 28 8 1
21 29 8 1
21 30 6 9
21 33 6 3
21 34 5 5
21 35 3 10
21 36 10 5
21 37 7 7
21 39 5 8
21 40 4 10
21 41 9 10
21 42 3 8
21 43 10 4
21 44 7 8
21 47 1 3
21 48 5 1
21 49 10 10
21 50 3 2
21 51 1 7
21 52 2 6
21 53 9 2
21 54 7 5
21 55 1 9
21 56 8 6
21 58 8 3
21 59 3 5
21 60 2 9
21 62 8 9
21 63 7 4
21 64 5 7
21 69 2 3
21 70 1 6
21 71 2 4
21 72 6 10
21 74 2 3
21 76 1 9
21 77 7 1
21 78 8 4
21 79 2 7
21 80 9 6
21 81 6 3
21 82 1 7
21 83 9 7
21 84 2 8
21 85 6 10
21 86 7 10
21 87 5 10
21 90 7 5
21 91 8 1
21 92 6 9
21 94 9 9
21 95 8 2
21 96 7 2
21 97 8 1
21 99 6 8
21 100 2 2
22 24 4 8
22 25 5 1
22 28 5 2
22 29 8 7
22 30 6 10
22 31 7 9
22 32 9 2
22 34 10 9
22 36 4 6
22 37 6 4
22 38 4 6
22 39 2 10
22 42 4 7
22 43 4 1
22 44 3 8
22 45 6 6
22 46 4 4
22 47 8 2
22 48 8 8
22 49 3 2
22 50 5 9
22 51 10 2
22 52 10 3
22 53 10 4
22 54 8 4
22 56 8 8
22 57 3 7
22 58 4 3
22 59 3 8
22 60 1 8
22 61 9 2
22 63 6 1
22 64 4 8
22 65 8 9
22 66 8 5
22 67 1 3
22 68 9 10
22 69 6 8
22 70 9 7
22 71 5 7
22 72 9 7
22 73 10 5
22 74 7 8
22 75 2 5
22 76 8 2
22 77 4 2
22 79 4 3
22 81 5 9
22 82 10 2
22 83 8 4
22 84 3 3
22 85 9 6
22 86 2 4
22 87 1 6
22 88 1 6
22 89 4 3
22 90 2 1
22 91 6 10
22 92 3 9
22 93 9 8
22 94 8 10
22 95 4 9
22 96 8 8
22 97 10 3
22 99 2 10
22 100 5 5
23 25 10 10
23 26 10 8
23 27 8 1
23 28 8 7
23 29 9 6
23 30 8 8
23 32 5 1
23 33 8 2
23 35 8 5
23 36 2 2
23 37 6 3
23 38 10 3
23 39 8 6
23 40 5 10
23 41 1 9
23 42 4 2
23 43 10 9
23 44 4 5
23 45 9 2
23 49 5 2
23 51 9 3
23 52 7 2
23 53 9 5
23 54 2 7
23 55 2 4
23 56 1 10
23 58 1 2
23 61 2 3
23 62 3 10
23 63 10 2
23 64 8 5
23 65 8 6
23 66 2 7
23 68 4 9
23 69 4 2
23 70 10 4
23 71 4 10
23 72 6 9
23 73 10 6
23 74 3 8
23 75 3 6
23 76 9 9
23 77 7 10
23 78 4 3
23 80 9 4
23 81 4 8
23 82 7 4
23 83 9 7
23 84 7 9
23 85 9 4
23 86 9 9
23 87 4 3
23 88 5 5
23 89 2 8
23 90 3 1
23 91 2 4
23 94 9 3
23 95 1 2
23 96 2 7
23 97 2 5
23 98 1 5
23 99 5 5
23 100 10 1
24 25 1 1
24 27 7 4
24 28 9 7
24 29 5 2
24 30 2 8
24 31 5 1
24 32 10 5
24 34 3 10
24 35 1 9
24 36 2 5
24 37 7 2
24 38 2 4
24 39 9 4
24 41 3 4
24 42 9 7
24 43 10 6
24 45 4 3
24 47 4 5
24 48 10 1
24 50 6 3
24 51 5 6
24 52 4 10
24 53 8 4
24 54 6 10
24 55 4 3
24 56 10 1
24 57 10 1
24 58 4 1
24 59 5 5
24 60 8 3
24 61 7 9
24 63 6 8
24 64 4 10
24 65 2 7
24 66 4 6
24 67 9 10
24 69 9 6
24 71 6 4
24 73 9 8
24 74 2 6
24 75 4 9
24 76 2 10
24 79 3 3
24 80 7 1
24 81 10 6
24 82 10 9
24 83 4 6
24 84 8 5
24 85 5 5
24 88 4 7
24 89 3 8
24 90 3 7
24 91 1 1
24 92 6 1
24 93 5 5
24 94 5 4
24 95 3 1
24 96 3 9
24 97 8 2
24 98 1 10
24 100 8 6
25 26 5 9
25 27 9 7
25 28 6 5
25 30 3 2
25 31 8 10
25 32 8 4
25 33 4 3
25 34 7 4
25 35 9 1
25 36 2 8
25 37 2 10
25 38 10 6
25 41 3 1
25 42 4 2
25 43 7 9
25 45 9 2
25 46 1 2
25 47 9 9
25 49 7 8
25 50 10 8
25 51 6 6
25 52 6 1
25 53 3 7
25 54 4 6
25 58 1 7
25 60 5 9
25 61 8 8
25 62 2 6
25 63 9 8
25 64 3 5
25 65 6 5
25 66 10 3
25 67 9 8
25 68 8 7
25 69 3 6
25 70 4 10
25 71 9 6
25 74 2 5
25 75 1 3
25 76 5 4
25 77 7 5
25 78 10 5
25 80 8 8
25 81 7 1
25 82 3 9
25 83 10 3
25 84 8 4
25 85 6 7
25 86 1 1
25 88 9 6
25 89 5 2
25 90 5 7
25 91 8 5
25 92 10 5
25 93 6 5
25 94 3 7
25 95 7 5
25 96 9 3
25 97 3 6
25 98 10 3
25 99 2 4
25 100 7 4
26 27 6 7
26 28 2 5
26 29 1 2
26 30 6 10
26 32 9 8
26 34 7 4
26 35 10 8
26 36 10 2
26 37 8 6
26 38 1 3
26 39 7 1
26 40 9 2
26 41 2 2
26 42 10 9
26 43 9 4
26 44 4 6
26 45 2 4
26 46 1 8
26 47 7 5
26 49 9 6
26 50 10 8
26 51 2 3
26 53 2 10
26 54 3 6
26 55 3 10
26 56 7 10
26 57 10 2
26 58 5 4
26 59 7 4
26 61 2 8
26 62 1 2
26 63 7 3
26 64 8 3
26 66 2 9
26 67 3 6
26 68 10 6
26 69 7 5
26 70 4 9
26 71 7 2
26 73 2 1
26 74 4 3
26 75 2 10
26 76 2 8
26 78 6 4
26 79 8 3
26 80 3 9
26 82 8 6
26 83 4 2
26 84 7 2
26 85 1 9
26 86 8 5
26 87 3 7
26 89 9 6
26 90 7 3
26 91 9 3
26 92 10 3
26 93 10 3
26 94 6 10
26 95 7 9
26 96 1 8
26 97 10 1
26 98 9 5
26 99 2 6
26 100 10 10
27 28 8 5
27 29 5 10
27 30 5 4
27 31 2 9
27 32 3 1
27 33 10 3
27 35 6 7
27 37 5 6
27 38 8 9
27 39 10 4
27 40 3 4
27 41 4 2
27 42 3 1
27 44 8 4
27 45 10 5
27 46 2 4
27 47 10 7
27 48 2 9
27 50 10 3
27 51 10 10
27 52 6 7
27 53 6 5
27 55 4 6
27 56 1 3
27 57 7 4
27 58 6 2
27 59 10 10
27 60 9 4
27 61 3 10
27 62 4 4
27 63 7 2
27 64 7 7
27 65 7 7
27 66 1 10
27 68 2 8
27 69 9 1
27 70 4 9
27 71 2 8
27 72 8 10
27 73 4 5
27 74 4 3
27 75 6 3
27 76 1 5
27 77 1 2
27 78 10 4
27 79 5 2
27 80 6 7
27 81 6 8
27 83 3 6
27 84 2 1
27 85 2 8
27 87 6 5
27 89 3 7
27 91 5 3
27 92 2 1
27 93 8 3
27 94 6 6
27 95 8 10
27 96 5 3
27 97 9 10
27 98 9 7
27 99 3 4
27 100 6 6
28 29 4 9
28 32 1 6
28 33 7 6
28 34 8 8
28 35 8 5
28 36 8 3
28 37 5 2
28 38 3 3
28 39 2 10
28 40 5 5
28 41 5 2
28 42 6 5
28 43 3 5
28 44 10 5
28 45 4 7
28 46 10 8
28 50 2 9
28 51 4 4
28 52 1 6
28 53 5 10
28 54 8 8
28 55 6 2
28 56 5 5
28 57 1 10
28 58 8 5
28 59 5 6
28 61 10 8
28 62 10 3
28 63 8 9
28 64 2 4
28 65 7 8
28 66 9 7
28 68 3 6
28 69 8 5
28 71 6 3
28 72 10 8
28 73 7 1
28 74 4 9
28 75 8 8
28 76 7 6
28 77 10 8
28 79 8 1
28 80 6 7
28 81 3 4
28 82 4 4
28 83 8 10
28 84 10 5
28 86 7 9
28 87 7 1
28 88 9 3
28 89 5 6
28 90 2 2
28 91 5 7
28 92 10 7
28 93 9 4
28 94 10 9
28 95 7 2
28 96 10 9
28 98 8 8
28 99 5 7
28 100 1 2
29 30 1 2
29 31 5 7
29 32 9 2
29 33 1 9
29 34 1 10
29 35 2 6
29 37 3 5
29 38 5 7
29 40 1 1
29 41 9 6
29 43 2 2
29 44 4 4
29 46 7 3
29 47 5 5
29 49 3 7
29 50 9 1
29 51 5 7
29 52 1 8
29 54 1 8
29 55 4 9
29 57 3 1
29 58 3 2
29 59 9 3
29 61 4 8
29 62 2 5
29 63 7 9
29 64 7 4
29 66 1 3
29 68 1 3
29 69 4 10
29 70 6 8
29 71 4 1
29 72 4 9
29 74 2 4
29 75 3 2
29 76 6 1
29 77 7 1
29 78 4 2
29 80 6 3
29 82 10 7
29 83 3 9
29 84 6 4
29 85 1 2
29 86 3 10
29 87 6 5
29 88 9 4
29 89 5 5
29 90 9 9
29 92 1 8
29 93 10 3
29 94 9 9
29 97 9 6
29 98 4 10
29 99 10 2
29 100 5 8
30 34 8 6
30 35 6 1
30 37 4 1
30 38 8 4
30 39 10 1
30 40 8 5
30 41 3 9
30 42 2 7
30 44 5 4
30 45 6 10
30 46 4 8
30 47 6 10
30 48 2 1
30 49 6 7
30 50 5 3
30 51 9 10
30 54 7 7
30 55 5 6
30 56 6 6
30 58 9 6
30 59 10 6
30 60 2 7
30 63 2 6
30 65 10 5
30 66 5 2
30 67 6 9
30 68 3 9
30 71 7 6
30 72 8 4
30 75 7 7
30 76 9 4
30 77 5 4
30 78 7 1
30 79 10 8
30 80 3 9
30 81 3 6
30 82 7 1
30 83 6 1
30 84 3 7
30 85 6 5
30 86 2 3
30 87 6 2
30 88 7 6
30 89 2 1
30 91 3 9
30 92 6 7
30 93 9 10
30 94 5 10
30 95 10 2
30 96 3 10
30 98 2 4
30 99 5 9
30 100 6 10
31 32 5 1
31 33 2 3
31 34 7 4
31 35 9 10
31 36 2 3
31 37 7 10
31 38 10 6
31 39 8 2
31 40 4 4
31 42 8 2
31 44 9 10
31 45 9 9
31 46 10 2
31 47 4 4
31 48 10 4
31 49 1 10
31 50 4 2
31 51 3 5
31 53 3 9
31 55 9 8
31 56 9 10
31 57 8 9
31 58 9 7
31 59 4 3
31 61 6 7
31 62 4 10
31 63 4 9
31 64 10 7
31 65 10 3
31 66 3 8
31 68 3 1
31 69 8 2
31 70 2 3
31 71 8 3
31 72 9 4
31 73 2 2
31 74 9 4
31 75 9 9
31 76 1 2
31 77 8 3
31 78 5 9
31 80 4 4
31 81 9 10
31 82 8 7
31 84 10 8
31 85 6 3
31 86 1 7
31 88 6 3
31 89 3 8
31 92 8 3
31 94 1 2
31 95 2 3
31 96 5 3
31 97 5 10
31 98 5 4
31 99 1 2
31 100 2 8
32 34 6 4
32 35 4 3
32 37 6 3
32 38 8 3
32 40 8 9
32 41 10 6
32 42 4 5
32 43 2 3
32 44 6 3
32 45 8 8
32 47 9 2
32 48 5 2
32 49 8 6
32 51 5 2
32 52 10 6
32 53 10 10
32 54 3 2
32 55 3 8
32 56 3 4
32 59 2 10
32 60 3 2
32 61 8 10
32 62 4 3
32 63 4 7
32 64 9 1
32 67 5 9
32 68 2 1
32 69 5 4
32 70 8 4
32 71 3 3
32 73 1 3
32 74 8 1
32 77 3 7
32 78 10 9
32 79 2 5
32 80 1 8
32 81 2 1
32 82 2 1
32 83 2 2
32 84 10 7
32 85 3 10
32 86 1 9
32 87 8 9
32 88 6 3
32 89 5 2
32 91 6 2
32 93 7 9
32 95 6 4
32 96 9 3
32 97 5 6
32 98 1 7
32 99 1 7
32 100 5 4
33 34 8 9
33 35 2 9
33 36 3 2
33 37 9 7
33 38 7 1
33 39 8 6
33 41 10 1
33 43 9 3
33 45 3 2
33 48 10 6
33 51 2 7
33 52 10 4
33 53 2 2
33 54 9 10
33 55 1 5
33 56 8 8
33 57 9 7
33 58 6 3
33 59 10 1
33 60 2 9
33 61 1 3
33 62 7 9
33 63 9 9
33 64 3 7
33 65 2 7
33 66 9 6
33 67 1 2
33 68 6 8
33 69 7 1
33 70 3 4
33 72 4 7
33 73 1 4
33 74 10 3
33 76 5 10
33 77 8 6
33 79 5 8
33 80 2 10
33 81 3 3
33 82 5 6
33 83 10 9
33 85 2 4
33 87 1 3
33 88 7 1
33 89 4 8
33 90 7 6
33 91 2 1
33 92 8 4
33 93 8 2
33 95 9 1
33 96 6 10
33 97 6 10
33 98 10 9
33 99 4 7
33 100 7 8
34 36 10 5
34 37 9 1
34 38 1 1
34 40 8 8
34 41 3 8
34 42 10 6
34 43 6 10
34 44 7 10
34 47 5 7
34 48 4 3
34 49 1 4
34 51 6 8
34 52 4 9
34 53 5 10
34 54 5 5
34 55 10 10
34 56 6 1
34 57 3 6
34 58 9 1
34 59 8 1
34 60 10 9
34 61 5 1
34 62 10 6
34 65 3 1
34 66 9 10
34 67 9 8
34 68 8 2
34 69 9 2
34 70 6 6
34 71 5 7
34 72 6 1
34 73 6 7
34 74 4 7
34 75 6 9
34 76 5 8
34 77 10 8
34 78 5 4
34 79 8 7
34 80 8 9
34 81 7 2
34 82 3 3
34 84 6 8
34 85 2 9
34 86 2 3
34 87 2 2
34 88 6 3
34 89 8 10
34 90 3 1
34 92 10 7
34 93 4 8
34 96 10 5
34 97 1 4
34 98 6 10
34 99 5 4
34 100 10 1
35 37 1 7
35 38 9 2
35 39 6 3
35 41 2 6
35 42 1 3
35 43 2 1
35 44 9 8
35 47 4 7
35 50 10 6
35 51 7 5
35 53 2 6
35 54 4 5
35 55 1 7
35 56 8 6
35 57 4 10
35 58 2 5
35 59 1 4
35 60 10 4
35 61 5 8
35 63 10 3
35 64 8 3
35 65 6 4
35 66 7 2
35 67 9 6
35 69 9 8
35 70 3 4
35 71 9 10
35 72 2 2
35 73 1 1
35 75 6 6
35 76 3 6
35 78 9 4
35 79 10 1
35 80 6 5
35 81 1 10
35 83 1 9
35 85 1 1
35 86 8 4
35 89 4 1
35 90 1 8
35 91 8 9
35 92 8 6
35 94 4 8
35 95 2 5
35 96 5 9
35 98 8 8
35 99 9 4
36 37 8 2
36 38 6 2
36 39 7 2
36 40 9 6
36 41 6 5
36 42 3 10
36 43 8 8
36 44 1 1
36 46 3 9
36 47 2 1
36 49 9 8
36 51 4 8
36 52 8 7
36 53 1 5
36 54 4 8
36 55 7 6
36 56 10 1
36 58 9 7
36 61 4 2
36 62 3 3
36 63 7 8
36 64 1 6
36 65 3 10
36 66 3 3
36 67 4 10
36 68 10 7
36 70 7 5
36 71 3 6
36 72 4 2
36 73 1 2
36 76 5 1
36 78 3 10
36 79 2 1
36 80 4 9
36 81 1 4
36 82 4 10
36 83 3 5
36 84 10 1
36 85 10 10
36 86 1 7
36 87 10 4
36 89 10 10
36 91 5 9
36 92 5 2
36 93 7 6
36 94 1 1
36 96 8 6
36 97 3 9
36 99 6 7
36 100 5 3
37 38 1 3
37 39 5 2
37 40 3 5
37 41 2 2
37 42 2 5
37 43 3 3
37 47 1 5
37 48 6 3
37 52 6 2
37 53 3 9
37 57 1 3
37 59 7 2
37 60 4 2
37 61 7 3
37 63 3 4
37 64 5 6
37 65 1 8
37 66 4 9
37 67 3 1
37 68 2 9
37 71 3 3
37 72 6 1
37 73 10 10
37 75 4 10
37 76 6 3
37 77 9 1
37 78 1 3
37 79 6 1
37 80 2 5
37 81 5 9
37 82 10 10
37 83 9 8
37 84 5 3
37 86 9 6
37 87 1 4
37 90 7 7
37 91 2 7
37 92 3 7
37 93 7 2
37 95 5 2
37 96 4 5
37 99 7 10
38 39 6 10
38 40 6 8
38 41 9 10
38 42 8 8
38 45 6 8
38 46 7 6
38 48 4 1
38 49 3 7
38 51 2 3
38 52 2 5
38 53 9 5
38 54 9 10
38 55 6 8
38 58 9 3
38 59 7 5
38 60 3 10
38 61 3 6
38 63 8 7
38 64 4 4
38 67 4 10
38 68 9 7
38 69 5 9
38 72 10 9
38 73 6 10
38 75 5 9
38 76 6 8
38 77 6 5
38 78 9 7
38 79 3 10
38 80 1 10
38 81 8 1
38 82 2 9
38 84 4 5
38 86 4 10
38 87 5 9
38 88 6 3
38 89 5 6
38 90 6 3
38 91 10 3
38 92 4 4
38 93 2 2
38 94 1 6
38 95 10 5
38 96 6 7
38 97 4 8
38 98 10 4
38 99 7 7
38 100 1 1
39 40 6 3
39 41 2 10
39 42 7 10
39 43 6 7
39 44 1 4
39 45 4 10
39 46 9 2
39 47 5 3
39 48 3 7
39 49 7 6
39 51 5 9
39 52 4 2
39 53 9 6
39 54 10 7
39 55 4 7
39 56 1 3
39 57 5 4
39 58 10 6
39 59 6 10
39 60 7 10
39 62 4 10
39 63 3 2
39 64 9 4
39 65 9 1
39 66 9 1
39 67 8 10
39 68 8 2
39 69 9 2
39 70 2 6
39 72 9 1
39 73 9 4
39 74 2 5
39 75 8 5
39 76 10 6
39 77 1 10
39 78 8 3
39 79 6 2
39 80 10 5
39 81 8 2
39 84 10 3
39 85 9 4
39 86 8 7
39 87 3 6
39 89 2 6
39 90 9 5
39 91 1 9
39 93 10 7
39 95 10 7
39 96 3 5
39 98 10 4
39 99 8 6
39 100 10 10
40 41 5 9
40 42 7 6
40 43 3 1
40 44 8 10
40 45 8 8
40 46 5 4
40 47 1 10
40 48 10 10
40 49 3 10
40 53 1 10
40 54 3 6
40 55 6 9
40 56 7 3
40 58 3 5
40 60 4 10
40 61 5 3
40 62 6 2
40 63 10 8
40 64 7 1
40 65 3 4
40 66 1 8
40 70 6 4
40 71 6 6
40 72 5 7
40 73 7 4
40 74 2 5
40 75 7 10
40 76 9 1
40 78 1 3
40 80 6 6
40 81 7 2
40 82 2 9
40 83 5 2
40 84 7 9
40 85 7 10
40 86 3 3
40 88 5 4
40 89 7 3
40 90 10 7
40 92 9 5
40 93 8 4
40 94 3 9
40 95 2 8
40 97 4 4
41 42 2 10
41 43 7 2
41 45 6 5
41 46 5 10
41 47 9 2
41 50 3 2
41 51 3 9
41 52 6 8
41 53 4 5
41 54 1 7
41 56 1 7
41 57 2 10
41 58 3 10
41 59 10 9
41 63 6 5
41 64 5 9
41 65 2 2
41 67 2 3
41 68 10 2
41 70 2 5
41 71 7 6
41 72 2 9
41 73 5 6
41 74 5 5
41 75 7 3
41 77 2 9
41 78 3 2
41 79 2 4
41 80 3 6
41 81 5 8
41 82 7 1
41 83 3 1
41 84 8 3
41 85 10 7
41 87 2 4
41 88 9 10
41 89 10 7
41 90 7 6
41 91 4 3
41 92 5 1
41 93 2 1
41 94 4 2
41 95 2 10
41 96 9 7
41 97 7 10
41 98 5 5
41 99 3 10
42 43 1 7
42 44 10 9
42 45 8 6
42 46 6 3
42 47 2 3
42 48 10 7
42 50 3 6
42 51 2 5
42 52 3 6
42 53 6 1
42 54 6 2
42 55 9 9
42 56 6 2
42 57 10 10
42 58 3 8
42 59 10 8
42 60 1 4
42 61 5 6
42 62 5 2
42 63 2 7
42 64 10 2
42 65 1 10
42 66 5 6
42 67 7 2
42 68 7 3
42 69 8 8
42 70 6 5
42 71 7 9
42 72 2 6
42 73 3 5
42 75 4 1
42 76 8 9
42 77 9 2
42 78 7 5
42 79 1 9
42 80 7 6
42 81 10 6
42 83 7 9
42 84 9 6
42 85 4 7
42 86 4 9
42 87 10 3
42 88 3 1
42 89 7 2
42 90 1 3
42 91 1 3
42 92 5 3
42 94 10 10
42 95 2 4
42 96 4 10
42 97 7 10
42 99 3 10
42 100 6 6
43 44 5 7
43 46 7 2
43 47 7 9
43 48 10 3
43 50 1 9
43 52 4 8
43 53 6 2
43 54 8 9
43 56 7 1
43 57 7 3
43 58 9 5
43 59 5 4
43 60 2 3
43 63 9 4
43 64 8 5
43 65 9 3
43 67 7 5
43 68 9 3
43 72 8 7
43 73 6 7
43 74 5 1
43 75 10 2
43 76 5 6
43 78 2 9
43 79 3 5
43 82 1 8
43 83 9 2
43 85 8 2
43 86 10 4
43 87 9 6
43 88 3 10
43 89 10 8
43 90 1 1
43 91 10 2
43 92 9 7
43 93 1 4
43 94 10 3
43 95 9 6
43 96 2 9
43 97 3 1
43 98 8 4
43 100 8 10
44 45 8 7
44 46 1 6
44 47 9 2
44 49 5 10
44 50 8 4
44 51 6 5
44 52 8 6
44 53 10 6
44 55 9 7
44 56 1 1
44 57 3 7
44 58 4 6
44 59 3 1
44 60 2 8
44 61 9 9
44 62 4 8
44 63 4 4
44 64 10 8
44 65 9 5
44 66 3 6
44 68 10 2
44 69 1 8
44 70 5 7
44 71 9 1
44 72 8 7
44 73 8 3
44 74 10 5
44 75 3 7
44 76 6 7
44 77 1 9
44 79 9 6
44 80 2 7
44 81 10 2
44 82 3 6
44 83 10 8
44 86 5 10
44 87 7 4
44 88 7 10
44 89 9 6
44 90 5 5
44 91 5 8
44 92 6 6
44 93 3 9
44 94 4 7
44 95 10 8
44 97 1 9
44 98 8 9
44 99 7 10
45 46 7 3
45 47 5 9
45 48 7 8
45 49 1 10
45 51 6 3
45 54 2 6
45 56 1 2
45 58 7 9
45 59 6 4
45 60 8 8
45 61 1 1
45 62 1 8
45 63 10 7
45 64 9 6
45 65 8 4
45 66 7 9
45 67 7 4
45 68 10 9
45 72 9 7
45 74 10 6
45 75 8 5
45 76 6 10
45 77 9 10
45 79 2 5
45 82 5 1
45 83 6 5
45 85 6 5
45 86 9 1
45 87 6 5
45 88 4 1
45 89 7 9
45 90 10 1
45 91 3 2
45 93 4 9
45 94 10 10
45 95 9 6
45 96 5 8
45 97 9 5
45 98 9 4
45 99 5 4
45 100 5 8
46 47 2 6
46 48 8 5
46 50 4 3
46 51 4 9
46 52 7 5
46 53 3 1
46 56 4 3
46 58 1 3
46 59 7 1
46 60 10 5
46 61 5 3
46 62 2 5
46 63 3 3
46 65 5 5
46 66 8 7
46 68 4 4
46 70 10 8
46 71 10 9
46 73 3 7
46 74 5 5
46 75 5 8
46 76 9 6
46 77 4 7
46 78 1 4
46 79 10 1
46 80 3 8
46 81 9 8
46 83 6 2
46 84 2 1
46 85 3 5
46 86 3 10
46 87 2 7
46 88 4 3
46 89 1 1
46 91 6 8
46 92 6 7
46 93 10 9
46 94 10 9
46 95 1 10
46 96 3 7
46 97 1 5
46 98 6 8
46 99 1 7
46 100 9 9
47 48 6 8
47 49 5 3
47 50 7 8
47 51 7 6
47 52 6 3
47 53 5 1
47 55 10 10
47 56 7 6
47 57 6 1
47 58 10 2
47 59 8 5
47 61 6 9
47 63 9 4
47 64 3 1
47 65 1 1
47 66 2 10
47 67 4 7
47 70 1 7
47 72 3 2
47 75 1 2
47 76 10 6
47 77 10 9
47 79 3 5
47 80 4 10
47 81 3 10
47 82 6 8
47 83 6 6
47 85 4 8
47 86 1 7
47 87 10 2
47 89 4 3
47 90 4 1
47 91 7 7
47 92 3 5
47 93 4 4
47 97 10 8
47 98 7 7
47 99 4 10
47 100 3 2
48 49 7 10
48 50 2 8
48 51 9 4
48 53 9 1
48 54 2 2
48 55 2 4
48 56 9 7
48 57 6 7
48 58 4 7
48 61 10 7
48 62 9 2
48 64 7 3
48 65 7 2
48 66 9 2
48 68 3 2
48 70 4 8
48 71 7 7
48 72 10 3
48 73 4 6
48 74 9 7
48 75 3 2
48 76 2 7
48 77 2 1
48 78 8 5
48 79 1 5
48 80 4 10
48 82 10 10
48 83 3 7
48 84 6 2
48 85 9 10
48 86 3 8
48 88 1 10
48 89 7 2
48 91 4 4
48 92 10 1
48 93 7 5
48 94 10 5
48 95 7 5
48 96 8 10
48 98 6 7
48 99 7 5
48 100 2 2
49 50 6 10
49 52 4 7
49 53 10 2
49 54 1 9
49 56 10 1
49 57 5 3
49 58 4 7
49 59 5 8
49 61 5 9
49 62 2 4
49 63 8 4
49 67 9 9
49 68 3 7
49 69 3 1
49 70 8 5
49 72 10 3
49 73 2 6
49 74 2 3
49 75 7 3
49 77 2 1
49 78 6 7
49 79 5 5
49 80 2 3
49 81 5 1
49 82 1 2
49 85 9 1
49 86 4 7
49 87 2 9
49 88 9 10
49 89 6 3
49 90 5 7
49 93 6 3
49 94 2 9
49 95 2 3
49 96 10 5
49 97 2 9
49 98 2 4
49 100 10 2
50 51 3 2
50 53 8 3
50 54 5 7
50 55 3 9
50 56 6 3
50 57 2 4
50 58 8 9
50 59 1 4
50 61 4 3
50 62 2 6
50 63 3 1
50 65 2 5
50 66 3 5
50 67 10 10
50 68 8 4
50 69 7 10
50 70 10 3
50 71 4 3
50 73 7 5
50 74 7 8
50 76 9 7
50 78 3 7
50 80 3 10
50 81 1 2
50 83 2 5
50 84 9 1
50 85 6 8
50 86 8 1
50 88 10 4
50 89 7 5
50 90 8 9
50 91 8 1
50 92 7 5
50 93 4 2
50 95 8 9
50 96 1 10
50 98 10 5
51 52 7 8
51 54 7 2
51 55 4 2
51 56 7 8
51 57 4 6
51 58 9 2
51 59 5 8
51 60 9 6
51 61 8 10
51 62 1 5
51 65 1 9
51 66 1 4
51 69 9 2
51 70 2 8
51 74 2 7
51 75 1 6
51 76 5 7
51 77 1 6
51 79 4 8
51 80 9 9
51 81 10 9
51 82 7 1
51 83 2 8
51 86 2 2
51 87 2 4
51 88 6 5
51 89 9 3
51 90 5 9
51 91 7 6
51 92 10 5
51 93 4 8
51 94 6 9
51 95 1 4
51 96 9 6
51 97 5 1
51 98 8 7
52 55 8 8
52 56 3 7
52 57 5 4
52 58 1 7
52 59 8 3
52 60 9 3
52 61 8 5
52 62 5 3
52 63 1 2
52 65 4 9
52 66 7 5
52 67 8 3
52 68 1 2
52 69 6 9
52 70 10 6
52 71 9 7
52 72 5 7
52 74 4 9
52 75 3 9
52 76 5 7
52 78 5 10
52 79 5 8
52 80 6 9
52 82 3 9
52 84 1 7
52 85 7 4
52 86 4 6
52 87 10 4
52 89 2 7
52 90 10 5
52 91 4 2
52 93 4 5
52 94 3 6
52 95 2 2
52 97 8 8
52 98 2 9
52 99 10 3
52 100 1 3
53 56 6 7
53 57 3 6
53 58 10 1
53 59 1 2
53 60 5 5
53 61 2 4
53 62 3 2
53 63 5 2
53 64 6 6
53 65 2 5
53 67 5 4
53 68 1 4
53 69 5 1
53 70 6 10
53 71 10 8
53 72 4 6
53 73 7 6
53 74 5 10
53 75 7 4
53 76 3 7
53 77 1 3
53 78 3 4
53 79 1 9
53 80 1 4
53 81 9 3
53 82 6 8
53 83 6 8
53 84 10 2
53 85 5 2
53 87 10 5
53 88 1 9
53 89 2 9
53 90 6 6
53 91 1 7
53 93 10 7
53 94 2 6
53 95 10 8
53 96 10 8
53 98 6 1
53 99 5 1
53 100 1 8
54 55 4 7
54 58 7 9
54 59 6 4
54 60 5 4
54 61 7 6
54 62 4 6
54 63 2 2
54 64 2 2
54 65 3 3
54 66 3 5
54 67 8 8
54 68 6 6
54 69 3 8
54 70 9 8
54 71 1 2
54 72 7 4
54 73 10 2
54 75 4 10
54 77 9 7
54 79 7 3
54 80 4 10
54 81 1 1
54 82 2 2
54 83 5 3
54 84 1 1
54 88 8 9
54 89 7 1
54 90 10 2
54 91 3 8
54 92 3 7
54 94 5 3
54 96 3 7
54 97 3 3
54 98 9 7
54 99 2 2
54 100 9 2
55 56 1 4
55 57 8 1
55 59 6 8
55 61 4 9
55 62 2 1
55 63 7 4
55 65 10 3
55 66 5 2
55 67 7 1
55 68 10 8
55 69 4 6
55 71 9 7
55 72 6 9
55 73 5 1
55 74 4 10
55 75 3 10
55 76 2 6
55 77 7 1
55 78 6 2
55 79 6 9
55 80 8 4
55 82 6 7
55 83 5 8
55 84 5 5
55 85 4 5
55 86 10 4
55 87 9 8
55 88 2 4
55 89 8 6
55 90 9 7
55 91 10 5
55 92 1 6
55 94 3 2
55 95 8 7
55 96 2 2
55 97 6 4
55 98 5 6
55 99 4 6
55 100 8 10
56 57 8 1
56 58 8 1
56 60 1 9
56 61 6 7
56 62 9 8
56 64 10 2
56 65 1 7
56 66 6 3
56 67 1 6
56 68 4 9
56 70 2 4
56 72 9 6
56 73 2 10
56 74 7 7
56 77 7 10
56 78 2 5
56 79 10 1
56 80 3 1
56 82 10 8
56 83 6 8
56 84 3 3
56 85 4 4
56 87 7 7
56 88 1 6
56 89 6 9
56 90 9 4
56 91 8 7
56 92 9 3
56 93 4 8
56 94 10 4
56 95 3 3
56 98 10 8
56 99 8 9
56 100 7 6
57 59 4 9
57 60 8 3
57 62 9 9
57 63 5 8
57 64 9 7
57 66 7 5
57 67 5 1
57 69 6 7
57 70 1 2
57 71 10 8
57 72 4 8
57 73 5 10
57 74 10 7
57 75 4 6
57 76 7 3
57 77 5 9
57 78 6 4
57 79 9 5
57 81 9 10
57 82 10 6
57 84 1 8
57 86 1 9
57 87 8 1
57 88 6 6
57 89 4 8
57 91 8 10
57 92 7 7
57 93 3 8
57 95 2 6
57 97 9 4
57 98 8 2
58 59 9 9
58 60 10 2
58 63 6 7
58 65 9 10
58 66 3 5
58 67 8 4
58 68 1 3
58 69 10 2
58 70 5 1
58 71 5 9
58 72 9 10
58 73 3 5
58 74 8 5
58 75 3 7
58 76 3 1
58 77 8 6
58 78 2 9
58 79 4 1
58 82 4 10
58 84 6 8
58 85 7 3
58 86 4 10
58 88 5 1
58 89 10 7
58 92 4 10
58 94 6 3
58 95 7 3
58 96 10 10
58 97 7 1
58 98 8 4
58 100 3 2
59 60 3 2
59 61 9 1
59 62 9 2
59 63 10 2
59 64 3 2
59 65 3 2
59 67 7 6
59 68 1 4
59 69 7 7
59 70 5 7
59 73 9 3
59 74 1 3
59 75 8 7
59 76 8 4
59 77 10 6
59 78 3 7
59 79 7 9
59 80 1 2
59 81 9 8
59 82 2 4
59 83 3 4
59 84 1 8
59 85 4 7
59 86 7 8
59 89 4 2
59 90 3 2
59 91 8 4
59 92 9 4
59 94 9 8
59 95 1 7
59 96 2 3
59 97 3 2
59 98 9 10
59 99 9 6
59 100 2 9
60 61 2 2
60 62 1 1
60 64 5 10
60 66 5 7
60 67 4 1
60 69 3 4
60 70 9 1
60 71 7 2
60 73 1 7
60 74 4 7
60 75 6 3
60 77 8 10
60 78 5 3
60 80 7 10
60 81 2 2
60 82 4 4
60 83 8 8
60 85 8 10
60 86 7 7
60 89 3 6
60 90 5 2
60 91 2 7
60 92 4 9
60 93 5 2
60 95 5 10
60 96 10 9
60 97 3 1
60 98 10 7
60 99 10 2
60 100 2 9
61 62 1 1
61 63 6 1
61 64 10 6
61 65 4 1
61 66 10 2
61 67 7 6
61 69 2 8
61 70 2 4
61 71 4 4
61 72 4 9
61 73 2 10
61 74 10 2
61 75 6 10
61 78 10 6
61 80 1 2
61 81 6 1
61 83 9 3
61 86 2 8
61 88 1 8
61 89 5 3
61 90 6 7
61 92 1 8
61 93 10 10
61 94 2 3
61 95 10 9
61 96 10 3
61 97 2 9
61 98 3 8
61 99 5 4
61 100 10 1
62 63 10 10
62 64 9 9
62 66 5 10
62 67 10 9
62 68 2 9
62 69 5 1
62 70 10 6
62 72 9 9
62 73 8 3
62 75 7 8
62 76 3 2
62 77 7 4
62 78 1 7
62 79 9 6
62 80 2 6
62 81 3 7
62 82 7 10
62 83 3 3
62 84 8 4
62 85 4 1
62 86 7 8
62 87 6 3
62 88 4 2
62 89 2 10
62 90 3 9
62 91 8 2
62 92 8 9
62 93 2 8
62 95 3 4
62 96 7 6
62 97 8 5
62 98 1 3
62 99 6 1
62 100 4 2
63 64 2 7
63 65 6 1
63 66 2 4
63 68 4 6
63 69 5 8
63 70 7 6
63 71 4 5
63 72 10 9
63 73 10 3
63 74 4 10
63 75 9 1
63 76 6 8
63 78 3 6
63 79 5 9
63 81 7 5
63 83 3 7
63 84 10 6
63 85 8 8
63 86 5 3
63 87 8 8
63 89 6 9
63 90 1 4
63 91 3 8
63 92 5 5
63 93 6 10
63 95 1 1
63 97 7 8
63 98 7 10
63 99 5 8
64 65 8 7
64 66 3 3
64 69 5 8
64 70 3 1
64 73 10 2
64 74 9 10
64 75 4 9
64 77 2 9
64 78 1 3
64 79 5 4
64 81 2 10
64 84 5 6
64 85 7 4
64 86 6 9
64 87 1 9
64 88 6 8
64 89 9 10
64 90 8 5
64 91 4 5
64 92 5 2
64 93 3 7
64 95 1 6
64 96 5 5
64 97 7 2
64 98 9 4
64 99 7 2
64 100 6 6
65 66 8 4
65 67 1 8
65 70 7 2
65 71 4 7
65 72 4 3
65 73 1 6
65 74 4 5
65 76 9 4
65 78 2 6
65 79 5 4
65 80 2 8
65 81 8 7
65 82 10 4
65 83 8 7
65 84 5 7
65 85 3 10
65 86 9 10
65 87 1 8
65 88 6 10
65 89 8 7
65 90 3 3
65 91 2 5
65 93 9 4
65 94 8 7
65 95 2 1
65 97 9 2
65 98 10 6
65 100 9 4
66 67 3 8
66 68 8 4
66 69 8 4
66 70 5 9
66 71 3 6
66 73 5 6
66 74 9 5
66 75 3 1
66 76 8 3
66 79 7 5
66 80 7 4
66 83 5 9
66 84 5 1
66 85 1 8
66 86 3 5
66 87 5 5
66 88 5 5
66 89 9 1
66 90 1 5
66 91 6 2
66 92 9 8
66 93 6 6
66 94 1 10
66 95 10 6
66 96 6 5
66 97 4 7
66 98 5 10
66 99 2 9
66 100 2 8
67 68 8 8
67 71 4 10
67 72 10 10
67 73 3 7
67 75 10 4
67 76 6 5
67 77 3 4
67 78 7 8
67 79 2 6
67 80 6 1
67 82 6 1
67 83 5 1
67 84 8 2
67 85 5 6
67 86 3 7
67 87 7 10
67 89 8 1
67 90 3 6
67 91 10 7
67 92 9 3
67 93 4 10
67 94 3 10
67 96 10 9
67 97 6 9
67 98 7 5
67 99 7 7
67 100 9 1
68 70 2 9
68 71 4 5
68 74 9 2
68 75 5 3
68 77 1 9
68 79 5 10
68 80 10 4
68 82 5 9
68 83 4 6
68 84 2 1
68 86 3 10
68 87 3 3
68 88 4 9
68 89 4 6
68 90 6 8
68 91 6 7
68 92 2 5
68 93 7 9
68 94 2 9
68 95 6 5
68 97 10 6
68 98 8 1
68 100 9 6
69 70 8 10
69 71 5 8
69 73 6 2
69 74 2 7
69 75 6 5
69 76 10 1
69 78 5 5
69 79 7 10
69 80 5 1
69 81 3 9
69 82 3 4
69 83 3 3
69 84 2 8
69 85 6 1
69 86 5 3
69 87 8 7
69 88 10 8
69 89 10 10
69 90 2 3
69 91 4 2
69 94 10 2
69 96 7 3
69 97 7 1
69 98 5 10
69 99 10 8
69 100 4 1
70 71 9 2
70 73 9 3
70 74 1 1
70 75 10 1
70 76 10 1
70 77 5 3
70 80 2 3
70 82 8 4
70 83 10 2
70 84 7 5
70 85 3 10
70 87 6 4
70 88 2 3
70 89 10 9
70 91 10 6
70 92 5 8
70 93 9 1
70 95 3 5
70 97 7 7
70 98 7 2
70 99 8 7
71 72 1 4
71 73 6 5
71 74 10 3
71 75 10 1
71 76 6 4
71 77 4 2
71 78 4 3
71 80 6 4
71 81 1 7
71 82 4 2
71 84 2 1
71 85 8 10
71 86 7 3
71 88 10 5
71 91 2 1
71 92 8 3
71 93 4 8
71 94 4 10
71 95 10 5
71 96 1 5
71 97 7 9
71 98 6 7
71 99 5 6
71 100 7 4
72 73 4 9
72 74 7 9
72 75 8 10
72 76 8 2
72 77 8 7
72 78 3 7
72 79 9 2
72 81 2 5
72 82 4 5
72 83 10 1
72 84 1 10
72 85 2 3
72 86 8 7
72 88 9 9
72 89 10 5
72 90 1 8
72 91 7 10
72 92 3 1
72 93 7 1
72 94 6 10
72 95 7 4
72 96 8 7
72 97 10 4
72 98 10 2
72 99 3 10
73 74 9 7
73 75 1 8
73 76 3 3
73 77 1 7
73 78 4 1
73 79 9 6
73 81 4 3
73 82 2 6
73 83 10 9
73 84 3 8
73 85 8 7
73 86 7 7
73 88 8 7
73 89 10 9
73 90 4 2
73 91 8 8
73 92 4 5
73 94 9 10
73 96 4 6
73 97 1 4
73 99 7 4
73 100 4 9
74 75 5 6
74 76 4 6
74 77 3 8
74 78 4 8
74 79 6 7
74 80 8 3
74 81 9 7
74 82 1 9
74 83 2 8
74 84 7 7
74 85 2 10
74 87 3 7
74 88 10 5
74 89 4 7
74 90 1 1
74 91 7 1
74 92 9 3
74 93 4 6
74 97 4 4
75 76 9 7
75 78 8 9
75 80 9 1
75 81 3 7
75 82 2 3
75 83 4 9
75 85 7 7
75 86 7 7
75 87 10 10
75 89 1 1
75 90 4 1
75 92 10 2
75 93 5 8
75 95 2 1
75 98 4 4
75 99 7 1
75 100 3 7
76 77 10 2
76 78 3 7
76 80 5 2
76 83 2 5
76 84 4 7
76 85 6 6
76 86 9 3
76 87 6 2
76 88 3 6
76 89 8 10
76 90 8 9
76 91 3 9
76 92 10 10
76 93 2 9
76 94 5 8
76 96 8 8
76 97 9 5
76 98 3 1
76 99 2 10
76 100 1 3
77 78 1 2
77 79 9 5
77 80 9 4
77 81 1 1
77 82 3 2
77 83 3 3
77 87 8 9
77 88 8 8
77 90 8 8
77 91 6 1
77 93 4 7
77 94 3 9
77 95 8 3
77 96 8 2
77 97 1 7
77 98 2 2
77 99 4 2
77 100 6 1
78 80 6 9
78 81 3 7
78 82 4 2
78 83 2 5
78 84 1 5
78 86 10 8
78 87 7 6
78 88 2 7
78 90 8 7
78 95 4 3
78 97 10 5
78 98 3 10
78 99 1 10
79 80 3 5
79 81 1 9
79 83 10 5
79 84 7 7
79 85 7 7
79 86 4 10
79 88 8 5
79 89 8 3
79 90 6 4
79 91 10 10
79 92 5 4
79 93 6 5
79 94 1 9
79 95 7 3
79 96 9 10
79 97 2 9
79 98 1 4
79 100 7 3
80 81 3 6
80 82 8 1
80 83 5 10
80 84 6 2
80 85 7 9
80 88 6 7
80 89 5 7
80 90 10 3
80 94 10 6
80 96 6 1
80 97 6 8
80 98 1 6
80 99 7 10
80 100 8 5
81 82 8 6
81 84 3 5
81 85 8 3
81 86 10 5
81 87 5 6
81 88 2 4
81 89 5 8
81 90 1 10
81 92 2 1
81 93 4 8
81 94 4 10
81 95 1 3
81 96 1 8
81 97 5 1
81 99 4 8
81 100 6 6
82 83 5 1
82 86 1 10
82 88 1 9
82 89 9 9
82 91 4 5
82 92 8 4
82 93 8 10
82 94 3 7
82 95 2 1
82 96 4 10
82 97 10 2
82 98 2 4
82 99 3 7
83 84 10 4
83 86 3 2
83 87 9 3
83 88 7 4
83 89 10 3
83 90 8 8
83 91 1 5
83 92 3 3
83 93 2 5
83 94 5 9
83 95 2 5
83 96 8 2
83 97 2 2
83 98 4 10
83 99 9 1
83 100 10 10
84 85 9 7
84 86 3 7
84 87 8 10
84 89 6 8
84 90 3 2
84 92 7 2
84 93 7 4
84 94 1 3
84 95 8 5
84 96 6 10
84 97 5 6
84 98 3 9
84 99 1 8
84 100 5 7
85 88 10 4
85 89 1 9
85 90 5 3
85 91 8 3
85 92 10 2
85 93 5 4
85 94 10 8
85 95 1 5
85 96 8 2
85 97 9 8
85 98 3 9
85 100 7 8
86 87 10 10
86 90 2 6
86 91 3 7
86 92 9 8
86 93 6 2
86 94 3 8
86 95 9 2
86 96 1 10
86 97 8 9
86 98 9 10
86 99 4 3
86 100 10 3
87 90 4 7
87 91 10 3
87 92 6 8
87 94 3 7
87 95 10 5
87 96 1 2
87 97 7 1
87 98 9 5
88 89 8 6
88 90 10 8
88 91 5 3
88 92 9 3
88 93 7 4
88 95 9 9
88 96 7 10
88 97 8 6
88 98 10 6
88 99 6 10
88 100 10 3
89 90 10 3
89 91 5 1
89 92 7 7
89 94 2 7
89 95 5 6
89 96 4 10
89 97 8 3
89 98 10 1
89 99 10 2
89 100 10 5
90 91 10 8
90 92 9 7
90 94 6 8
90 95 5 1
90 96 5 4
90 97 5 6
90 98 6 9
90 99 5 6
90 100 6 5
91 92 1 4
91 93 6 7
91 94 10 1
91 95 10 1
91 96 3 5
91 97 7 3
91 98 5 8
91 99 7 7
91 100 9 5
92 93 5 5
92 94 9 1
92 95 2 2
92 96 1 3
92 97 7 6
92 99 9 4
92 100 7 1
93 94 9 9
93 95 5 7
93 96 9 4
93 98 1 3
93 99 9 5
93 100 4 7
94 95 2 7
94 97 7 10
94 98 1 8
94 99 8 1
95 96 7 8
95 97 3 7
95 98 1 6
95 99 3 10
95 100 3 3
96 97 1 10
96 98 3 9
96 99 7 8
96 100 4 6
97 98 9 2
97 99 9 7
97 100 4 1
98 100 1 1
99 100 2 9
1
1 2 3 4 5 6 7 8 9 10 11 12 13 14 15 16 17 18 19 20 21 22 23 24 25 26 27 28 29 30 31 32 33 34 35 36 37 38 39 40 41 42 43 44 45 46 47 48 49 50
