3958
1 2 5 5
1 3 6 8
1 4 8 1
1 5 2 1
1 6 8 1
1 7 8 7
1 9 5 4
1 10 1 6
1 11 7 9
1 12 1 6
1 13 9 9
1 14 5 3
1 17 7 3
1 18 8 9
1 19 5 5
1 20 1 9
1 21 8 5
1 23 2 7
1 24 8 7
1 26 9 2
1 27 3 2
1 29 2 6
1 30 5 8
1 31 1 5
1 33 6 7
1 34 1 5
1 36 6 5
1 37 9 5
1 38 3 3
1 39 4 4
1 40 5 9
1 41 9 2
1 42 2 3
1 43 8 8
1 44 2 9
1 45 5 2
1 46 8 3
1 47 2 1
1 49 5 9
1 50 4 9
1 51 9 9
1 52 4 7
1 53 9 3
1 54 9 1
1 55 8 4
1 56 2 2
1 57 4 7
1 58 10 3
1 59 8 3
1 60 1 5
1 61 6 8
1 64 9 1
1 66 10 2
1 67 4 10
1 68 3 4
1 69 7 1
1 71 3 9
1 72 6 5
1 73 7 10
1 74 5 5
1 76 1 7
1 77 6 10
1 78 8 7
1 79 7 4
1 80 10 4
1 81 7 7
1 82 1 2
1 84 1 6
1 88 7 4
1 89 4 5
1 91 9 4
1 92 7 9
1 93 6 6
1 94 5 10
1 95 6 8
1 97 9 5
1 98 6 10
1 100 10 8
2 4 9 5
2 6 8 4
2 7 4 4
2 8 1 5
2 9 7 4
2 11 3 9
2 12 10 2
2 13 6 1
2 14 3 2
2 15 4 10
2 16 5 4
2 17 8 8
2 20 1 7
2 21 9 7
2 22 4 9
2 23 4 4
2 24 6 10
2 26 7 5
2 27 3 3
2 28 7 6
2 29 6 10
2 31 4 3
2 33 5 8
2 34 2 6
2 35 10 10
2 36 4 6
2 37 8 7
2 38 10 1
2 39 6 4
2 40 1 3
2 41 4 1
2 42 9 1
2 44 10 3
2 45 2 7
2 46 1 7
2 47 7 4
2 49 3 9
2 50 7 7
2 51 3 1
2 52 10 6
2 53 9 6
2 54 1 4
2 55 1 10
2 58 3 2
2 59 1 9
2 60 5 7
2 61 9 6
2 62 2 2
2 64 8 3
2 65 8 6
2 67 2 4
2 68 8 6
2 69 6 4
2 70 4 7
2 71 5 6
2 72 5 9
2 73 6 9
2 75 7 1
2 76 4 2
2 77 9 9
2 78 3 8
2 79 7 9
2 80 7 3
2 81 8 2
2 82 3 3
2 83 10 10
2 84 7 6
2 86 7 10
2 88 3 8
2 89 7 5
2 90 8 7
2 92 4 9
2 93 9 2
2 94 5 4
2 95 3 10
2 96 9 8
2 97 2 5
2 99 1 3
2 100 1 3
3 4 9 2
3 5 3 7
3 6 8 9
3 7 10 1
3 8 3 8
3 9 8 4
3 10 9 5
3 11 4 1
3 12 3 10
3 15 6 6
3 16 5 7
3 17 5 1
3 18 10 4
3 20 2 6
3 21 7 3
3 22 4 9
3 26 8 8
3 27 9 1
3 28 1 5
3 30 4 10
3 31 5 1
3 32 10 5
3 33 9 6
3 34 1 8
3 35 8 5
3 36 6 8
3 37 9 9
3 38 3 4
3 40 2 5
3 41 7 4
3 42 7 10
3 43 6 2
3 45 2 1
3 46 8 3
3 48 10 6
3 49 3 4
3 51 4 5
3 52 7 9
3 53 4 3
3 54 1 6
3 55 7 5
3 56 2 1
3 57 9 3
3 61 2 10
3 62 10 7
3 64 4 9
3 65 10 5
3 66 9 4
3 67 8 9
3 68 6 6
3 69 8 5
3 70 5 7
3 71 10 2
3 72 2 5
3 74 10 9
3 75 2 10
3 76 1 1
3 78 1 2
3 79 6 8
3 80 7 2
3 81 4 2
3 83 4 2
3 85 10 8
3 86 2 9
3 87 7 7
3 88 4 2
3 89 5 9
3 90 8 8
3 91 7 10
3 94 5 4
3 95 3 9
3 97 8 2
3 98 5 10
3 99 4 4
3 100 5 2
4 5 1 2
4 6 3 5
4 7 2 10
4 8 8 6
4 11 10 1
4 14 8 10
4 15 1 9
4 16 7 10
4 18 5 2
4 19 3 3
4 20 9 9
4 21 5 7
4 24 2 9
4 26 8 6
4 27 4 8
4 28 1 8
4 29 9 5
4 30 7 2
4 31 5 4
4 33 9 9
4 35 10 9
4 37 6 10
4 39 1 10
4 40 5 6
4 41 3 5
4 42 6 2
4 43 6 5
4 44 4 6
4 46 5 10
4 47 4 10
4 48 1 9
4 51 9 1
4 52 7 4
4 53 10 4
4 55 3 1
4 56 4 6
4 57 8 8
4 58 7 6
4 59 3 9
4 60 8 1
4 63 1 5
4 64 6 4
4 65 8 8
4 66 10 5
4 68 10 2
4 69 3 5
4 70 4 8
4 72 3 1
4 73 8 1
4 74 1 5
4 75 1 1
4 76 5 5
4 78 10 8
4 79 1 8
4 80 10 7
4 81 9 1
4 82 6 10
4 84 5 2
4 89 7 7
4 90 5 2
4 91 6 8
4 92 4 1
4 94 1 1
4 96 5 1
4 97 10 8
4 98 5 9
4 99 1 5
5 6 3 5
5 7 3 3
5 8 3 6
5 10 8 10
5 11 8 2
5 12 7 2
5 13 5 5
5 14 4 8
5 15 9 5
5 16 8 6
5 17 4 10
5 18 1 1
5 19 9 2
5 20 4 9
5 21 7 7
5 23 10 2
5 24 7 4
5 25 1 1
5 26 4 7
5 27 8 2
5 29 9 1
5 30 7 4
5 31 10 5
5 32 2 4
5 33 10 2
5 34 8 8
5 36 10 6
5 37 3 9
5 39 3 5
5 40 9 4
5 41 4 7
5 42 3 2
5 43 5 10
5 44 5 8
5 46 9 2
5 47 6 10
5 48 7 4
5 49 8 5
5 50 7 3
5 53 10 10
5 54 5 4
5 55 8 2
5 57 8 1
5 60 6 5
5 61 6 5
5 62 6 6
5 63 9 1
5 64 1 1
5 65 5 6
5 66 5 8
5 68 1 7
5 69 1 10
5 70 2 9
5 71 7 2
5 72 1 8
5 73 3 10
5 74 1 9
5 75 9 5
5 76 3 9
5 77 4 8
5 78 9 5
5 79 1 3
5 80 10 2
5 81 7 10
5 82 6 10
5 83 5 3
5 84 2 6
5 86 3 1
5 87 10 6
5 88 4 1
5 89 10 9
5 90 6 7
5 91 6 1
5 92 2 10
5 93 10 8
5 94 3 8
5 95 4 6
5 96 1 3
5 97 10 7
5 99 9 2
5 100 4 1
6 7 6 4
6 8 1 3
6 9 10 10
6 11 3 10
6 12 1 7
6 13 2 8
6 14 10 1
6 15 10 8
6 16 10 6
6 17 9 7
6 19 6 10
6 20 10 5
6 21 3 2
6 22 5 5
6 24 8 7
6 25 2 6
6 26 1 9
6 27 2 9
6 28 4 2
6 29 9 10
6 30 6 7
6 31 9 8
6 32 4 3
6 34 5 9
6 35 1 4
6 36 9 6
6 37 10 5
6 38 10 2
6 39 6 7
6 40 7 7
6 41 7 6
6 42 4 10
6 43 3 2
6 44 5 8
6 45 3 2
6 46 8 7
6 47 2 2
6 48 10 6
6 50 2 7
6 51 10 7
6 52 6 10
6 53 6 9
6 54 6 10
6 55 7 4
6 56 8 7
6 57 3 2
6 58 5 5
6 59 9 7
6 60 10 3
6 61 9 5
6 62 1 2
6 64 10 7
6 65 10 9
6 66 4 7
6 67 10 3
6 68 6 10
6 69 3 9
6 70 1 5
6 71 1 9
6 72 2 7
6 73 1 6
6 74 4 7
6 76 9 2
6 77 4 7
6 78 8 10
6 79 6 1
6 80 2 5
6 82 3 4
6 83 2 4
6 84 9 6
6 85 9 8
6 86 7 9
6 87 4 9
6 88 5 6
6 89 9 4
6 90 8 4
6 91 7 9
6 92 8 10
6 93 7 9
6 94 5 3
6 95 9 7
6 96 9 9
6 97 3 9
6 98 9 3
6 99 8 1
6 100 5 10
7 8 1 3
7 9 8 1
7 10 10 6
7 11 2 9
7 12 6 10
7 14 4 10
7 15 8 3
7 16 8 5
7 17 1 1
7 18 10 10
7 19 10 10
7 20 3 10
7 22 6 6
7 23 7 2
7 24 3 10
7 25 8 10
7 26 4 3
7 27 1 8
7 28 2 2
7 29 3 2
7 31 4 7
7 32 4 2
7 33 2 3
7 34 6 9
7 35 2 9
7 36 7 7
7 37 6 5
7 38 6 8
7 39 4 2
7 40 1 8
7 41 1 10
7 42 7 5
7 43 8 7
7 44 9 3
7 45 3 5
7 46 8 9
7 47 10 9
7 48 2 7
7 49 1 10
7 50 6 10
7 51 6 10
7 52 8 4
7 54 3 6
7 56 6 3
7 57 1 10
7 58 7 3
7 59 10 9
7 60 4 5
7 62 7 9
7 63 7 7
7 64 6 6
7 65 5 2
7 66 4 10
7 67 6 9
7 68 7 6
7 69 3 3
7 70 8 3
7 71 5 9
7 72 6 8
7 73 1 6
7 74 7 2
7 75 3 10
7 76 8 1
7 78 1 1
7 79 8 6
7 80 1 1
7 83 7 2
7 85 8 4
7 88 9 1
7 89 10 1
7 90 5 8
7 91 8 4
7 92 1 5
7 93 9 5
7 94 2 6
7 95 7 5
7 96 2 10
7 97 9 5
7 99 6 7
7 100 8 5
8 9 6 3
8 10 7 5
8 12 10 6
8 13 2 3
8 14 6 1
8 15 10 4
8 16 9 6
8 17 9 10
8 18 9 1
8 21 7 7
8 23 4 5
8 25 2 3
8 26 9 10
8 27 7 10
8 29 10 2
8 30 8 6
8 31 1 7
8 32 8 4
8 33 2 3
8 34 4 5
8 35 7 4
8 36 7 10
8 37 4 4
8 39 4 10
8 40 5 3
8 41 4 2
8 44 10 1
8 45 9 5
8 46 8 9
8 47 5 7
8 49 6 6
8 50 9 4
8 51 3 3
8 53 6 5
8 54 8 3
8 56 6 3
8 57 2 3
8 58 4 9
8 59 10 5
8 60 1 10
8 61 5 5
8 62 3 10
8 63 8 8
8 64 5 1
8 65 1 10
8 67 5 10
8 68 3 9
8 70 7 3
8 71 1 6
8 72 3 9
8 73 5 9
8 74 7 7
8 75 7 4
8 76 3 10
8 77 8 7
8 78 8 10
8 82 7 7
8 83 9 5
8 84 10 3
8 85 1 7
8 86 7 9
8 87 8 10
8 90 3 6
8 91 2 8
8 92 6 8
8 93 7 3
8 94 1 1
8 95 5 2
8 96 10 9
8 97 1 5
8 98 8 5
8 99 6 7
8 100 3 10
9 10 7 2
9 11 4 10
9 12 9 6
9 15 9 9
9 16 4 9
9 18 9 7
9 19 9 7
9 20 8 3
9 21 9 9
9 22 7 6
9 23 7 4
9 24 7 4
9 25 4 8
9 26 4 3
9 27 5 4
9 28 7 10
9 29 9 4
9 31 5 5
9 32 9 6
9 34 8 1
9 35 8 10
9 37 10 3
9 38 8 6
9 39 7 7
9 40 10 6
9 41 4 5
9 42 10 6
9 44 1 3
9 45 2 10
9 46 2 6
9 47 2 2
9 48 9 3
9 49 4 4
9 50 2 1
9 51 7 4
9 52 8 4
9 53 7 6
9 54 8 1
9 55 3 2
9 56 6 9
9 57 10 6
9 58 9 9
9 59 2 8
9 61 2 4
9 63 4 3
9 64 3 8
9 65 1 8
9 66 5 8
9 67 2 7
9 68 4 4
9 69 6 3
9 70 8 3
9 73 4 6
9 74 8 9
9 75 2 8
9 76 6 1
9 77 9 3
9 78 4 4
9 80 4 7
9 81 6 1
9 82 6 10
9 83 4 2
9 84 5 5
9 85 7 7
9 86 4 2
9 87 6 5
9 88 2 4
9 89 7 4
9 91 7 10
9 93 1 10
9 94 7 1
9 95 10 2
9 96 4 5
9 97 8 6
9 98 2 10
9 99 7 8
9 100 5 4
10 11 5 9
10 13 1 3
10 14 10 5
10 16 5 10
10 18 8 2
10 20 10 7
10 21 1 5
10 22 8 5
10 24 2 7
10 25 7 3
10 28 2 6
10 29 7 10
10 30 5 9
10 31 4 10
10 33 7 7
10 35 3 4
10 36 2 2
10 37 3 5
10 39 1 2
10 41 4 10
10 42 2 4
10 44 1 3
10 46 4 6
10 47 5 4
10 48 2 3
10 49 1 9
10 51 1 8
10 53 7 2
10 54 6 8
10 56 3 10
10 57 1 6
10 58 2 2
10 59 6 4
10 60 2 10
10 61 9 10
10 63 1 7
10 64 6 6
10 65 10 5
10 66 4 3
10 67 3 1
10 69 6 4
10 70 8 5
10 71 10 10
10 72 5 2
10 73 3 10
10 74 4 10
10 75 6 3
10 78 1 9
10 79 2 8
10 80 9 8
10 82 3 4
10 84 4 8
10 85 8 6
10 86 5 1
10 87 1 2
10 88 3 4
10 89 6 8
10 90 2 9
10 92 10 8
10 93 6 3
10 94 9 2
10 95 7 10
10 96 6 4
10 97 7 7
10 98 1 9
10 99 2 6
10 100 6 3
11 12 1 8
11 15 9 9
11 16 3 8
11 17 6 6
11 19 3 7
11 21 4 7
11 24 4 1
11 25 1 4
11 26 4 10
11 27 4 10
11 28 2 7
11 31 4 4
11 32 3 2
11 33 9 6
11 34 5 10
11 37 4 10
11 38 3 7
11 39 2 7
11 40 3 4
11 42 2 5
11 43 9 3
11 46 9 6
11 47 8 1
11 48 6 9
11 49 4 6
11 50 10 8
11 51 9 4
11 52 10 4
11 53 8 9
11 54 5 5
11 55 4 3
11 56 9 3
11 57 9 10
11 58 4 3
11 59 3 2
11 60 2 2
11 61 9 10
11 64 1 2
11 66 2 6
11 67 5 7
11 68 4 2
11 72 10 8
11 73 8 8
11 74 3 2
11 75 6 8
11 76 5 4
11 78 7 8
11 79 6 8
11 82 5 9
11 84 3 9
11 85 3 8
11 86 7 8
11 87 6 10
11 88 4 9
11 89 4 7
11 91 10 2
11 92 2 4
11 93 10 6
11 95 4 7
11 97 8 8
11 98 7 1
11 100 8 9
12 13 7 3
12 15 9 6
12 16 8 1
12 18 4 3
12 19 10 1
12 20 2 5
12 21 2 5
12 22 9 9
12 23 10 10
12 25 10 3
12 26 6 3
12 27 2 3
12 28 6 7
12 29 7 9
12 30 4 10
12 34 9 9
12 35 7 5
12 36 2 3
12 37 7 7
12 38 6 2
12 40 3 10
12 41 3 10
12 42 4 9
12 43 10 9
12 44 7 3
12 45 5 1
12 46 2 7
12 47 10 3
12 48 2 1
12 49 4 3
12 50 8 3
12 53 3 5
12 54 5 8
12 55 5 1
12 56 9 5
12 58 4 7
12 59 1 3
12 60 2 3
12 61 9 6
12 62 9 5
12 63 9 4
12 64 1 9
12 65 2 7
12 67 9 8
12 68 4 8
12 70 10 3
12 72 8 3
12 73 3 9
12 74 6 5
12 75 5 1
12 76 4 4
12 77 9 7
12 78 10 7
12 79 5 9
12 80 4 3
12 81 6 3
12 84 1 1
12 85 2 2
12 87 7 7
12 88 2 10
12 89 7 8
12 90 9 4
12 91 4 8
12 93 2 9
12 94 8 10
12 95 9 8
12 96 10 6
12 97 6 5
12 99 10 9
12 100 5 4
13 14 7 5
13 15 8 8
13 16 5 2
13 17 2 6
13 19 4 5
13 20 7 7
13 21 1 7
13 22 7 7
13 23 9 9
13 24 10 1
13 25 1 7
13 26 10 2
13 28 7 9
13 29 10 7
13 30 5 6
13 32 1 8
13 34 2 9
13 36 7 5
13 37 1 7
13 38 10 1
13 39 7 10
13 40 1 9
13 41 10 6
13 42 6 1
13 43 9 3
13 44 8 1
13 46 4 5
13 47 8 1
13 48 1 9
13 51 9 10
13 53 4 3
13 54 7 5
13 55 6 2
13 56 1 10
13 57 3 8
13 58 1 7
13 59 4 7
13 60 3 9
13 62 1 6
13 63 8 8
13 64 10 8
13 65 6 10
13 66 10 2
13 67 6 1
13 69 7 4
13 70 1 1
13 71 1 7
13 72 2 1
13 74 4 3
13 75 1 5
13 76 4 4
13 77 10 7
13 79 9 7
13 80 7 4
13 81 1 10
13 83 6 1
13 84 6 6
13 85 2 9
13 87 9 3
13 88 6 2
13 89 8 7
13 90 2 5
13 92 10 1
13 94 8 4
13 95 7 9
13 96 10 8
13 97 6 10
13 98 8 6
13 99 4 4
13 100 3 10
14 15 6 8
14 16 3 8
14 18 6 1
14 19 6 7
14 20 3 2
14 21 10 2
14 23 5 4
14 24 4 8
14 26 10 4
14 27 6 1
14 28 2 9
14 29 4 5
14 31 4 2
14 32 1 5
14 35 9 10
14 36 5 5
14 37 1 4
14 38 1 5
14 39 1 3
14 40 9 8
14 41 6 5
14 42 3 9
14 43 3 9
14 49 9 10
14 50 7 7
14 51 3 4
14 52 1 9
14 53 4 5
14 54 7 7
14 55 4 2
14 56 10 4
14 57 4 3
14 58 3 5
14 59 10 10
14 60 5 5
14 61 6 10
14 62 2 10
14 63 9 6
14 64 2 8
14 65 10 3
14 66 6 2
14 69 2 8
14 70 5 7
14 71 6 5
14 73 5 1
14 75 5 5
14 76 10 7
14 77 2 6
14 79 6 5
14 81 3 6
14 83 3 3
14 84 8 3
14 85 2 6
14 86 9 7
14 87 6 6
14 88 7 10
14 90 8 5
14 92 6 4
14 93 3 9
14 94 8 6
14 95 8 6
14 96 1 5
14 97 7 4
14 99 5 10
14 100 6 4
15 16 5 8
15 18 4 9
15 19 3 10
15 20 9 8
15 21 2 6
15 22 10 1
15 23 5 4
15 24 10 10
15 27 9 1
15 28 8 5
15 29 5 10
15 30 5 9
15 31 5 7
15 32 5 9
15 33 9 10
15 35 2 2
15 36 1 1
15 39 1 10
15 40 7 7
15 41 10 7
15 43 4 7
15 44 4 3
15 45 7 10
15 47 3 9
15 48 9 2
15 51 5 10
15 52 7 8
15 54 3 10
15 55 10 4
15 56 10 4
15 57 9 1
15 58 2 2
15 59 2 8
15 62 1 2
15 63 7 5
15 64 1 3
15 65 10 10
15 66 6 6
15 67 3 6
15 68 1 6
15 70 10 5
15 71 7 4
15 72 3 3
15 73 8 10
15 75 6 9
15 77 9 4
15 78 9 1
15 79 3 7
15 80 2 6
15 81 4 2
15 82 2 10
15 83 10 7
15 85 8 4
15 86 7 6
15 87 3 6
15 88 10 3
15 89 10 3
15 91 7 8
15 92 10 6
15 93 1 9
15 97 8 4
15 98 6 3
15 99 9 4
15 100 2 10
16 18 10 9
16 20 3 8
16 21 7 4
16 22 6 2
16 23 2 5
16 25 2 8
16 26 6 6
16 27 9 8
16 28 6 9
16 29 7 9
16 30 8 5
16 32 7 9
16 33 1 6
16 34 1 1
16 35 7 4
16 36 10 7
16 37 10 2
16 39 5 9
16 40 9 6
16 41 10 10
16 42 10 9
16 43 8 9
16 44 4 10
16 47 8 7
16 48 3 10
16 49 5 7
16 50 2 1
16 51 7 8
16 52 3 8
16 53 7 2
16 54 2 3
16 55 9 1
16 58 6 7
16 59 2 9
16 60 4 10
16 62 2 8
16 63 6 10
16 64 3 5
16 67 10 3
16 68 8 2
16 70 8 6
16 71 5 5
16 73 6 4
16 74 4 1
16 75 10 6
16 76 10 8
16 77 3 4
16 78 3 9
16 79 3 9
16 80 9 7
16 81 9 1
16 82 10 6
16 84 3 8
16 85 5 10
16 87 5 10
16 88 4 2
16 89 8 2
16 91 6 4
16 93 5 1
16 94 5 7
16 95 4 9
16 96 3 3
16 97 5 2
16 98 8 2
17 18 2 10
17 19 4 10
17 20 8 2
17 21 10 3
17 22 6 10
17 23 8 1
17 24 6 3
17 25 6 3
17 26 1 8
17 27 10 2
17 29 4 1
17 30 1 8
17 31 9 4
17 32 4 9
17 33 8 6
17 34 10 10
17 37 3 6
17 38 9 6
17 41 4 9
17 42 3 10
17 43 3 6
17 44 10 6
17 45 3 4
17 46 9 4
17 47 4 3
17 48 10 9
17 49 4 3
17 50 3 1
17 52 10 6
17 54 6 7
17 56 4 10
17 57 7 1
17 59 10 10
17 60 6 2
17 62 10 3
17 63 6 6
17 64 3 5
17 65 8 7
17 66 3 8
17 67 9 7
17 68 8 10
17 69 5 9
17 70 9 5
17 71 5 6
17 72 5 4
17 76 2 3
17 78 6 10
17 79 8 4
17 81 8 2
17 82 2 7
17 83 3 4
17 84 9 4
17 85 4 6
17 86 7 4
17 87 9 2
17 88 10 1
17 89 1 10
17 90 10 10
17 91 9 6
17 92 9 10
17 94 1 4
17 95 1 4
17 97 9 2
17 98 8 8
17 99 10 5
17 100 9 1
18 19 8 9
18 20 5 4
18 21 2 9
18 22 5 10
18 23 2 7
18 24 5 7
18 25 5 7
18 26 6 5
18 27 5 3
18 28 5 1
18 29 3 3
18 31 10 1
18 32 9 5
18 33 5 6
18 34 8 4
18 35 3 4
18 37 7 8
18 38 4 1
18 39 5 9
18 40 2 7
18 41 3 1
18 42 2 5
18 45 5 2
18 48 1 2
18 50 1 1
18 51 8 9
18 52 6 2
18 54 1 6
18 55 10 1
18 56 9 4
18 57 10 2
18 58 10 10
18 60 8 6
18 61 3 6
18 62 5 4
18 63 3 6
18 66 9 8
18 67 9 7
18 68 9 6
18 70 4 10
18 71 5 9
18 72 7 10
18 73 2 4
18 74 1 6
18 75 3 1
18 76 1 5
18 77 10 5
18 78 2 1
18 79 3 10
18 80 7 4
18 82 8 2
18 83 1 3
18 84 6 4
18 85 2 5
18 86 3 6
18 87 6 6
18 88 4 10
18 89 6 4
18 90 10 1
18 93 7 6
18 94 4 6
18 95 4 9
18 96 8 3
18 97 9 10
18 98 5 7
18 99 6 1
18 100 4 2
19 20 2 3
19 21 4 6
19 22 8 10
19 23 1 3
19 24 3 2
19 25 1 6
19 26 3 3
19 27 9 4
19 28 5 4
19 30 4 3
19 31 3 3
19 33 2 8
19 34 9 8
19 35 3 2
19 37 8 10
19 39 1 5
19 40 5 2
19 45 5 2
19 46 5 5
19 47 3 2
19 48 9 2
19 49 7 6
19 50 5 7
19 51 10 9
19 55 10 3
19 56 10 6
19 57 9 4
19 58 4 10
19 59 3 7
19 60 8 10
19 61 2 6
19 62 8 3
19 63 10 5
19 64 7 7
19 65 8 6
19 66 9 5
19 67 8 6
19 69 9 3
19 70 3 8
19 71 5 7
19 72 6 8
19 73 8 6
19 74 7 1
19 75 6 3
19 77 9 8
19 79 3 5
19 81 2 3
19 82 10 8
19 83 10 5
19 84 5 4
19 85 2 9
19 86 4 5
19 87 5 2
19 88 1 7
19 89 6 1
19 90 5 7
19 92 9 3
19 93 10 6
19 94 4 6
19 95 6 6
19 96 9 2
19 97 6 1
19 98 4 3
19 99 9 5
19 100 2 1
20 21 8 1
20 22 3 6
20 23 1 2
20 24 3 10
20 25 1 9
20 26 7 1
20 27 6 10
20 28 2 6
20 31 2 5
20 34 5 3
20 35 7 1
20 36 5 7
20 38 8 6
20 39 10 7
20 43 10 4
20 44 5 9
20 45 8 6
20 46 8 10
20 47 9 8
20 48 7 6
20 49 10 10
20 50 3 4
20 51 3 4
20 52 10 7
20 53 5 3
20 54 6 3
20 55 2 9
20 56 5 10
20 57 3 7
20 58 6 1
20 59 1 1
20 60 4 2
20 64 9 4
20 65 1 8
20 66 1 9
20 68 4 4
20 69 6 10
20 71 5 8
20 72 4 7
20 73 10 7
20 75 8 6
20 76 2 1
20 77 5 9
20 78 4 3
20 79 2 8
20 80 9 4
20 82 5 1
20 83 10 7
20 84 5 7
20 86 1 8
20 87 8 10
20 88 10 4
20 89 8 1
20 90 4 1
20 91 2 1
20 92 2 10
20 93 1 2
20 94 10 6
20 95 1 2
20 96 3 10
20 97 2 4
20 99 9 8
20 100 1 6
21 22 6 4
21 23 1 3
21 24 2 3
21 25 7 5
21 26 7 7
21 27 6 4
21 28 10 3
21 29 9 10
21 33 9 9
21 34 4 3
21 35 3 10
21 36 1 1
21 37 7 3
21 38 5 7
21 39 2 1
21 40 7 4
21 41 2 7
21 42 2 4
21 43 7 8
21 45 10 1
21 46 8 4
21 47 3 7
21 48 10 1
21 49 6 2
21 50 3 3
21 51 1 3
21 52 1 9
21 53 8 5
21 54 1 10
21 55 8 9
21 56 2 4
21 58 6 7
21 59 3 8
21 60 4 4
21 61 10 6
21 63 6 8
21 64 6 10
21 66 10 3
21 68 10 6
21 69 1 5
21 70 7 8
21 71 7 2
21 73 8 1
21 74 1 7
21 76 8 3
21 78 2 3
21 79 3 8
21 81 2 10
21 82 6 10
21 83 6 1
21 84 5 8
21 86 10 3
21 87 2 6
21 88 9 3
21 89 6 4
21 91 3 8
21 92 4 9
21 93 3 5
21 94 10 3
21 95 5 8
21 96 7 10
21 97 8 6
21 98 2 10
21 99 1 1
21 100 6 9
22 23 8 6
22 24 9 4
22 25 3 9
22 26 2 8
22 27 4 7
22 28 2 7
22 30 2 9
22 31 10 5
22 32 10 3
22 33 2 10
22 34 1 10
22 35 6 4
22 36 5 8
22 37 7 8
22 38 1 3
22 39 8 4
22 40 7 3
22 41 10 2
22 42 1 9
22 43 8 7
22 44 6 8
22 45 6 1
22 46 6 5
22 47 8 8
22 48 8 8
22 49 8 2
22 50 9 5
22 51 1 3
22 52 9 5
22 53 10 9
22 57 1 9
22 58 1 10
22 59 3 10
22 61 7 8
22 63 9 1
22 64 2 4
22 65 8 3
22 66 3 9
22 69 5 10
22 70 7 4
22 71 10 10
22 72 4 10
22 74 9 1
22 75 4 4
22 76 3 4
22 77 7 6
22 78 9 8
22 79 6 5
22 80 7 5
22 82 1 8
22 84 6 6
22 85 8 3
22 87 10 6
22 89 9 7
22 90 1 4
22 92 9 5
22 95 5 9
22 96 9 4
22 97 5 1
22 98 8 3
22 99 6 1
22 100 2 6
23 25 9 2
23 26 3 3
23 27 1 7
23 28 6 4
23 29 8 1
23 30 7 4
23 31 2 2
23 32 9 5
23 33 10 1
23 34 9 5
23 35 2 2
23 36 1 2
23 37 4 6
23 38 2 2
23 40 4 3
23 41 1 1
23 42 1 6
23 43 1 4
23 44 8 6
23 45 3 5
23 46 1 8
23 47 9 5
23 48 4 6
23 49 7 4
23 50 5 6
23 51 1 7
23 52 2 10
23 53 7 4
23 54 4 4
23 55 7 4
23 59 5 3
23 60 2 6
23 61 7 8
23 62 7 2
23 64 5 1
23 65 8 4
23 67 10 1
23 68 4 8
23 70 10 5
23 71 7 7
23 72 2 6
23 73 10 7
23 74 2 8
23 75 3 1
23 76 5 10
23 77 5 2
23 79 4 4
23 80 1 6
23 83 9 2
23 84 7 8
23 85 2 5
23 86 10 7
23 88 3 3
23 90 3 4
23 91 7 8
23 92 3 1
23 93 8 8
23 94 9 5
23 95 10 5
23 96 4 2
23 97 1 1
23 98 5 4
23 100 5 5
24 25 1 7
24 26 6 4
24 27 5 8
24 28 7 6
24 29 4 1
24 30 3 7
24 32 7 7
24 33 5 9
24 34 8 8
24 36 9 8
24 37 10 9
24 38 9 10
24 39 10 5
24 40 3 9
24 41 2 9
24 42 10 3
24 43 5 10
24 46 8 5
24 47 9 7
24 48 3 10
24 49 10 1
24 50 9 8
24 52 4 6
24 53 3 3
24 54 2 5
24 55 2 9
24 56 3 7
24 57 10 5
24 58 10 7
24 59 7 10
24 61 6 1
24 62 8 10
24 63 9 5
24 64 5 3
24 65 9 2
24 66 7 1
24 67 2 1
24 68 10 5
24 70 9 7
24 72 4 9
24 73 2 7
24 77 7 7
24 79 1 4
24 80 7 9
24 81 10 5
24 82 8 3
24 83 8 5
24 85 2 7
24 87 2 1
24 88 4 1
24 89 9 4
24 90 6 2
24 91 5 10
24 92 8 9
24 94 4 10
24 95 5 4
24 96 4 2
24 97 2 2
24 98 4 4
24 99 7 1
24 100 2 6
25 26 6 1
25 27 2 5
25 28 1 8
25 30 5 9
25 31 7 6
25 32 2 4
25 33 2 7
25 35 8 5
25 36 10 4
25 37 2 6
25 38 9 2
25 40 5 2
25 41 6 6
25 42 8 4
25 43 7 1
25 44 2 6
25 45 10 4
25 47 7 8
25 48 5 4
25 50 2 10
25 51 2 4
25 52 6 6
25 53 4 7
25 54 2 5
25 55 5 5
25 56 2 4
25 57 10 2
25 59 10 8
25 60 2 6
25 61 10 9
25 63 10 2
25 64 7 5
25 65 9 10
25 66 5 6
25 67 7 6
25 70 9 7
25 71 4 7
25 72 1 7
25 73 2 5
25 74 3 5
25 75 3 6
25 76 6 2
25 77 10 2
25 78 9 7
25 79 7 1
25 80 2 4
25 81 4 3
25 82 9 3
25 83 4 3
25 84 3 2
25 85 1 8
25 86 6 6
25 87 4 3
25 88 4 2
25 89 1 9
25 90 1 4
25 91 10 2
25 92 1 3
25 93 7 5
25 94 8 8
25 95 3 7
25 96 7 10
25 97 10 8
25 99 2 8
25 100 6 4
26 27 6 1
26 29 7 10
26 30 9 7
26 31 2 1
26 32 9 1
26 33 10 5
26 34 5 1
26 35 7 8
26 36 9 3
26 38 2 1
26 39 3 1
26 40 1 3
26 41 8 9
26 43 5 6
26 44 2 9
26 45 5 1
26 46 9 10
26 48 10 7
26 50 5 1
26 52 10 2
26 53 1 3
26 55 4 8
26 56 2 3
26 57 10 5
26 58 3 5
26 59 10 2
26 61 3 1
26 62 5 5
26 64 10 10
26 65 5 2
26 66 10 2
26 67 3 8
26 68 6 10
26 70 7 2
26 72 9 4
26 73 10 3
26 74 7 9
26 75 10 5
26 77 2 8
26 78 5 1
26 79 9 3
26 80 9 8
26 81 7 8
26 82 2 5
26 84 5 2
26 86 5 5
26 88 8 6
26 89 3 3
26 90 4 2
26 91 1 8
26 92 6 3
26 93 10 3
26 94 10 4
26 95 9 1
26 96 5 3
26 97 4 9
26 99 2 3
26 100 1 3
27 28 4 6
27 29 9 9
27 30 3 9
27 31 9 8
27 32 6 3
27 33 3 8
27 35 3 8
27 36 2 4
27 37 7 2
27 39 7 2
27 40 1 3
27 41 8 2
27 42 6 4
27 43 10 10
27 44 6 7
27 45 5 1
27 46 10 5
27 47 7 1
27 48 4 10
27 49 5 9
27 51 6 6
27 52 1 9
27 53 6 10
27 54 8 7
27 58 9 10
27 59 4 10
27 61 6 6
27 62 7 7
27 63 7 9
27 64 6 2
27 65 8 5
27 67 1 5
27 68 9 2
27 69 7 9
27 70 2 10
27 72 7 2
27 73 1 7
27 74 10 9
27 76 6 2
27 77 1 6
27 79 3 7
27 80 2 7
27 81 9 9
27 83 7 10
27 84 7 10
27 85 5 8
27 86 2 9
27 87 1 2
27 88 9 5
27 89 10 7
27 90 8 6
27 91 7 4
27 92 8 9
27 93 8 7
27 94 6 2
27 95 7 7
27 96 2 4
27 97 4 10
27 98 8 8
27 99 7 1
27 100 4 1
28 29 4 3
28 31 7 4
28 32 2 5
28 33 1 1
28 34 8 8
28 35 5 5
28 36 6 1
28 37 8 5
28 38 1 6
28 39 5 1
28 40 2 10
28 41 2 10
28 42 8 2
28 43 2 9
28 44 7 3
28 45 4 4
28 46 2 10
28 47 2 1
28 48 8 2
28 49 5 1
28 50 8 8
28 52 3 2
28 54 6 8
28 55 7 8
28 57 9 3
28 59 5 1
28 61 3 10
28 62 6 1
28 63 6 6
28 64 6 7
28 65 5 1
28 66 5 10
28 67 3 10
28 70 2 1
28 72 8 1
28 73 9 10
28 74 9 7
28 76 6 8
28 79 1 10
28 80 1 2
28 81 10 1
28 82 6 8
28 83 9 1
28 84 7 5
28 85 2 3
28 86 4 3
28 87 10 10
28 88 6 2
28 89 10 3
28 91 7 3
28 92 4 7
28 93 10 3
28 96 8 5
28 97 8 3
28 98 3 6
28 99 7 3
28 100 2 3
29 31 5 5
29 32 6 2
29 35 7 4
29 36 9 7
29 37 1 6
29 38 10 9
29 40 3 9
29 41 7 2
29 44 3 7
29 45 10 7
29 46 9 7
29 47 3 9
29 48 7 8
29 49 10 3
29 50 2 9
29 51 10 2
29 52 2 3
29 53 6 6
29 54 10 7
29 55 1 9
29 56 2 10
29 57 3 2
29 58 8 9
29 59 5 3
29 62 10 4
29 63 9 9
29 65 7 6
29 66 9 8
29 67 2 9
29 68 5 3
29 69 6 9
29 71 10 6
29 72 10 1
29 73 4 5
29 74 1 9
29 75 7 7
29 76 2 6
29 77 8 9
29 79 9 8
29 81 7 4
29 82 1 4
29 83 9 5
29 84 9 3
29 85 3 3
29 87 7 8
29 89 9 9
29 90 7 3
29 92 7 9
29 93 7 7
29 95 1 7
29 96 7 5
29 97 3 3
29 98 10 9
29 100 3 5
30 31 2 8
30 34 9 10
30 36 2 10
30 37 1 6
30 38 8 8
30 39 6 8
30 40 9 5
30 41 9 6
30 43 8 7
30 44 7 5
30 46 3 6
30 47 8 2
30 48 4 7
30 49 9 5
30 50 6 4
30 51 10 4
30 52 3 4
30 54 10 1
30 55 7 1
30 56 1 2
30 57 2 1
30 58 6 6
30 59 4 6
30 60 5 7
30 61 1 1
30 62 7 5
30 63 4 7
30 64 1 6
30 65 3 4
30 66 5 1
30 67 10 4
30 68 9 6
30 70 9 1
30 72 2 3
30 73 10 7
30 74 2 8
30 75 2 1
30 76 3 1
30 77 4 8
30 78 4 6
30 79 7 6
30 81 1 6
30 82 6 7
30 83 3 1
30 84 2 9
30 86 9 9
30 87 7 7
30 88 7 5
30 90 2 7
30 92 2 9
30 93 10 6
30 94 3 5
30 95 8 9
30 96 10 8
30 97 5 7
30 98 7 9
30 99 9 7
30 100 3 9
31 32 7 10
31 33 1 7
31 34 2 10
31 35 1 3
31 38 1 9
31 39 4 3
31 40 10 2
31 41 2 8
31 42 6 3
31 43 4 9
31 44 1 1
31 46 10 6
31 47 1 3
31 48 10 3
31 49 2 5
31 51 1 4
31 53 3 4
31 54 7 4
31 56 3 10
31 57 10 6
31 58 5 8
31 59 4 5
31 60 1 4
31 61 2 7
31 64 8 2
31 65 4 4
31 66 2 8
31 67 5 2
31 68 7 4
31 69 5 1
31 70 8 5
31 71 1 10
31 72 6 9
31 73 8 3
31 77 6 8
31 81 10 8
31 83 5 4
31 84 2 4
31 85 10 7
31 88 5 3
31 89 6 2
31 91 8 3
31 92 4 5
31 93 1 6
31 95 3 2
31 96 4 9
31 97 3 3
31 98 4 7
31 99 3 5
31 100 10 2
32 34 1 10
32 35 7 9
32 36 5 7
32 37 7 2
32 38 1 10
32 39 7 7
32 40 3 10
32 41 7 2
32 42 8 2
32 43 8 6
32 45 5 4
32 46 10 4
32 47 9 4
32 48 4 2
32 51 6 5
32 52 4 7
32 53 5 9
32 54 1 2
32 55 8 4
32 57 8 5
32 58 4 9
32 59 8 5
32 60 3 6
32 62 8 8
32 63 1 10
32 64 9 10
32 65 1 3
32 66 1 2
32 67 10 5
32 69 8 5
32 72 4 2
32 73 8 8
32 74 1 10
32 75 2 4
32 77 2 2
32 78 5 7
32 79 2 2
32 80 3 9
32 81 9 4
32 82 10 4
32 83 9 8
32 84 4 2
32 86 8 10
32 87 8 8
32 88 1 1
32 89 7 6
32 90 6 6
32 91 2 10
32 92 7 10
32 95 3 6
32 96 10 10
32 97 2 6
32 98 7 9
32 99 2 2
32 100 5 4
33 34 9 9
33 35 7 2
33 38 4 5
33 39 5 2
33 41 8 10
33 42 6 8
33 43 9 8
33 44 4 7
33 45 4 3
33 46 8 7
33 47 10 10
33 49 8 8
33 50 4 7
33 51 6 7
33 52 9 5
33 53 10 2
33 55 5 5
33 56 9 1
33 57 8 5
33 58 4 3
33 59 8 9
33 60 5 4
33 61 10 7
33 62 8 5
33 63 7 8
33 66 4 9
33 67 4 8
33 68 3 6
33 69 2 9
33 70 10 6
33 71 9 4
33 72 4 1
33 73 10 5
33 75 7 3
33 76 8 4
33 77 7 10
33 82 10 1
33 85 9 4
33 86 2 7
33 87 3 6
33 88 1 6
33 89 10 4
33 90 5 5
33 91 5 7
33 92 3 5
33 93 10 9
33 96 4 8
33 97 2 3
33 98 7 10
33 99 10 10
33 100 3 6
34 35 7 2
34 37 3 6
34 38 6 1
34 39 8 10
34 40 1 4
34 41 3 3
34 43 1 2
34 44 10 1
34 45 7 6
34 46 1 10
34 47 10 8
34 49 6 5
34 50 7 10
34 51 7 7
34 54 9 4
34 55 7 2
34 56 8 3
34 57 3 6
34 58 9 5
34 59 1 6
34 60 10 8
34 62 10 10
34 63 4 9
34 64 10 6
34 65 6 7
34 67 3 2
34 68 4 6
34 70 9 4
34 71 6 6
34 72 8 10
34 73 7 3
34 75 8 4
34 76 4 2
34 77 5 1
34 78 1 9
34 79 10 4
34 80 2 6
34 81 4 3
34 82 3 8
34 83 7 10
34 84 6 9
34 85 5 6
34 88 7 10
34 89 1 4
34 90 6 6
34 91 2 10
34 92 2 8
34 93 8 4
34 94 9 10
34 95 8 5
34 96 2 4
34 97 3 4
34 98 10 10
34 99 9 9
34 100 1 1
35 36 4 1
35 37 1 4
35 38 2 10
35 39 4 6
35 40 4 3
35 41 7 9
35 42 1 4
35 43 9 8
35 44 3 10
35 45 3 6
35 47 8 5
35 49 8 2
35 50 7 4
35 51 3 3
35 52 4 1
35 53 4 5
35 54 9 5
35 55 10 4
35 56 2 10
35 57 8 6
35 58 10 5
35 59 9 10
35 61 5 10
35 62 7 1
35 63 6 2
35 65 8 5
35 66 8 2
35 67 5 8
35 68 3 6
35 69 4 8
35 71 6 9
35 73 1 7
35 74 10 1
35 76 5 6
35 77 9 5
35 78 1 6
35 79 5 5
35 80 8 8
35 81 1 1
35 82 7 6
35 83 9 4
35 85 1 8
35 86 6 1
35 88 10 3
35 90 7 2
35 91 4 3
35 92 7 4
35 93 8 5
35 94 1 1
35 95 2 3
35 96 8 8
35 97 10 1
35 100 3 1
36 37 5 3
36 39 4 4
36 40 4 2
36 42 2 4
36 43 7 9
36 44 1 5
36 45 1 1
36 46 3 8
36 47 2 7
36 48 2 3
36 49 4 8
36 51 9 6
36 52 5 2
36 53 6 9
36 55 2 7
36 56 1 8
36 57 2 3
36 58 9 4
36 61 8 2
36 62 3 10
36 63 10 5
36 64 2 7
36 65 4 8
36 66 9 7
36 67 2 5
36 68 9 9
36 69 10 4
36 70 7 5
36 71 2 4
36 73 10 6
36 75 6 10
36 76 10 6
36 77 3 3
36 78 7 10
36 79 7 5
36 80 5 2
36 81 7 8
36 83 5 6
36 85 6 8
36 87 9 9
36 88 6 2
36 89 1 10
36 90 2 3
36 91 8 2
36 92 9 2
36 95 3 1
36 96 6 4
36 97 2 7
36 98 2 2
36 99 1 9
36 100 8 5
37 38 7 8
37 39 1 1
37 40 4 3
37 43 4 1
37 44 9 1
37 45 5 1
37 46 8 9
37 48 8 5
37 49 7 7
37 51 8 9
37 52 7 5
37 53 2 7
37 54 10 4
37 55 1 10
37 56 7 5
37 57 3 5
37 58 1 1
37 59 4 6
37 60 3 6
37 61 10 10
37 62 1 4
37 63 7 5
37 64 2 9
37 65 6 9
37 68 2 1
37 69 9 4
37 70 1 7
37 71 1 6
37 72 2 5
37 73 7 9
37 75 9 3
37 77 6 5
37 78 2 5
37 80 4 6
37 81 10 1
37 83 5 10
37 84 2 4
37 85 2 3
37 86 6 1
37 88 9 6
37 89 7 10
37 91 4 9
37 92 1 2
37 93 10 4
37 94 9 4
37 95 6 9
37 96 5 4
37 97 6 2
37 99 8 5
37 100 3 2
38 40 10 4
38 41 9 8
38 42 9 4
38 43 2 5
38 44 8 9
38 45 1 1
38 46 9 10
38 48 5 10
38 49 4 1
38 50 10 10
38 51 5 1
38 52 6 7
38 53 4 3
38 55 6 1
38 56 4 8
38 57 2 4
38 58 10 3
38 59 4 10
38 60 4 1
38 61 6 4
38 62 10 5
38 63 1 9
38 64 3 10
38 65 1 4
38 66 2 7
38 67 9 10
38 68 10 3
38 69 5 5
38 70 3 2
38 71 2 1
38 72 1 9
38 73 5 2
38 74 6 3
38 77 1 4
38 79 9 6
38 80 9 9
38 83 9 8
38 84 4 3
38 85 9 4
38 86 9 2
38 87 4 3
38 88 2 4
38 89 6 7
38 90 10 2
38 91 10 7
38 92 10 3
38 93 2 7
38 95 7 5
38 96 9 3
38 97 6 3
38 99 1 3
38 100 3 3
39 40 6 1
39 41 8 8
39 42 1 5
39 43 6 6
39 44 6 4
39 46 1 1
39 47 10 5
39 48 3 2
39 49 1 1
39 50 8 4
39 51 8 7
39 52 6 4
39 54 4 8
39 55 10 1
39 56 1 3
39 57 9 3
39 58 10 8
39 59 9 6
39 61 8 1
39 62 5 8
39 63 4 8
39 64 8 6
39 65 10 9
39 66 5 5
39 67 1 6
39 68 5 1
39 69 5 1
39 70 10 5
39 71 8 1
39 72 9 9
39 73 7 6
39 74 5 2
39 75 8 8
39 76 6 10
39 77 2 6
39 79 7 7
39 81 5 9
39 82 5 5
39 84 6 9
39 85 2 2
39 86 2 8
39 88 2 8
39 89 7 5
39 90 3 3
39 92 6 1
39 93 5 10
39 94 10 7
39 95 9 9
39 96 1 3
39 97 4 9
39 98 10 2
39 100 10 8
40 41 10 4
40 42 10 5
40 44 5 9
40 45 4 6
40 47 2 4
40 48 5 4
40 49 4 2
40 50 9 9
40 51 5 1
40 52 5 1
40 55 2 3
40 57 2 4
40 58 6 10
40 59 8 6
40 60 7 1
40 61 6 8
40 62 3 9
40 64 8 4
40 65 9 6
40 66 7 2
40 67 3 9
40 70 10 4
40 71 5 9
40 72 8 5
40 73 2 6
40 74 10 8
40 75 9 8
40 76 10 6
40 78 4 5
40 79 3 4
40 81 3 3
40 82 1 4
40 83 1 1
40 85 2 1
40 87 8 6
40 88 8 8
40 89 9 5
40 90 10 3
40 91 10 7
40 92 4 4
40 94 6 2
40 95 7 5
40 96 2 4
40 97 7 6
40 98 6 4
40 99 1 6
40 100 5 9
41 42 9 2
41 43 9 5
41 44 1 1
41 45 3 6
41 46 2 9
41 48 3 1
41 49 3 10
41 51 6 10
41 52 8 5
41 53 2 4
41 54 6 6
41 55 4 2
41 56 1 4
41 57 10 3
41 59 6 8
41 60 5 9
41 62 3 7
41 63 9 10
41 64 4 6
41 65 9 7
41 68 3 6
41 69 2 7
41 70 4 5
41 71 4 1
41 72 2 2
41 75 2 2
41 77 10 5
41 78 9 2
41 79 8 6
41 80 7 4
41 81 4 8
41 82 6 8
41 83 6 7
41 84 3 7
41 85 3 4
41 86 6 9
41 87 8 2
41 88 2 7
41 90 8 2
41 91 2 7
41 93 9 1
41 94 3 8
41 96 4 2
41 97 2 6
41 98 3 7
41 99 4 3
41 100 5 10
42 43 2 6
42 45 2 7
42 46 9 6
42 47 2 7
42 48 3 9
42 49 9 2
42 50 7 4
42 52 8 3
42 53 2 3
42 54 5 7
42 56 4 3
42 57 1 3
42 59 7 10
42 60 5 5
42 61 3 10
42 62 5 9
42 63 4 4
42 64 4 2
42 65 7 6
42 66 1 5
42 67 9 10
42 68 3 1
42 69 4 10
42 71 5 3
42 74 3 8
42 75 10 5
42 76 10 3
42 77 10 6
42 78 9 8
42 80 10 5
42 81 2 6
42 82 4 3
42 83 2 6
42 85 2 1
42 86 5 5
42 88 2 10
42 89 5 4
42 91 8 5
42 92 7 7
42 93 2 1
42 94 1 4
42 96 5 3
42 97 1 2
42 99 9 9
42 100 10 10
43 45 5 9
43 47 5 2
43 48 4 1
43 50 8 1
43 51 8 5
43 52 6 5
43 53 4 1
43 54 1 9
43 55 5 2
43 56 2 1
43 57 5 7
43 58 6 2
43 59 2 7
43 60 7 7
43 61 6 5
43 62 1 2
43 64 10 5
43 65 3 10
43 67 6 8
43 68 9 4
43 69 4 5
43 71 7 6
43 72 5 6
43 74 6 7
43 75 7 3
43 76 1 1
43 77 7 8
43 78 5 10
43 79 5 6
43 80 4 2
43 82 6 2
43 83 1 9
43 85 2 1
43 86 5 7
43 87 6 6
43 89 6 5
43 91 1 9
43 92 6 5
43 93 10 4
43 94 8 8
43 95 9 2
43 96 3 9
43 97 5 6
43 98 6 5
43 99 7 5
43 100 2 2
44 48 8 8
44 49 5 3
44 50 9 3
44 51 4 1
44 53 5 8
44 54 1 3
44 55 6 5
44 56 2 2
44 57 4 4
44 58 5 3
44 59 1 9
44 60 1 3
44 61 5 6
44 62 9 2
44 63 1 5
44 64 1 6
44 65 5 9
44 67 6 7
44 69 5 7
44 70 9 6
44 72 5 4
44 73 5 7
44 74 3 7
44 75 7 10
44 76 10 1
44 77 7 2
44 78 9 9
44 79 6 9
44 81 7 10
44 82 4 10
44 83 10 4
44 84 3 1
44 85 10 10
44 86 5 6
44 87 1 6
44 88 7 1
44 89 10 9
44 90 5 8
44 91 2 6
44 92 8 3
44 93 2 10
44 94 8 5
44 95 3 3
44 96 8 1
44 97 3 10
44 98 8 3
44 99 4 1
45 46 7 5
45 47 2 6
45 48 9 10
45 49 4 10
45 50 6 5
45 51 9 4
45 52 6 4
45 53 4 9
45 54 8 8
45 55 4 5
45 56 2 6
45 57 3 10
45 58 1 5
45 60 6 3
45 61 6 8
45 62 2 1
45 63 5 5
45 64 9 6
45 65 8 8
45 66 2 10
45 67 6 3
45 68 5 5
45 69 8 10
45 71 5 3
45 72 7 7
45 73 10 8
45 74 8 5
45 75 3 4
45 76 9 5
45 77 3 8
45 78 5 4
45 79 6 3
45 80 2 8
45 81 3 10
45 83 3 3
45 84 5 4
45 85 4 2
45 86 7 2
45 88 9 9
45 89 2 7
45 91 10 8
45 92 10 9
45 93 3 4
45 94 5 5
45 95 9 6
45 96 7 7
45 98 6 9
45 99 8 1
45 100 3 8
46 47 4 4
46 48 5 1
46 49 1 6
46 50 4 5
46 51 7 6
46 52 9 4
46 54 6 6
46 57 8 10
46 58 4 7
46 59 7 4
46 60 4 3
46 61 3 1
46 62 4 6
46 63 9 10
46 64 9 8
46 65 8 4
46 66 7 7
46 67 6 6
46 69 1 2
46 71 2 4
46 72 9 5
46 73 6 3
46 74 10 2
46 75 10 2
46 76 3 10
46 77 9 9
46 78 1 1
46 79 9 10
46 80 2 8
46 81 9 2
46 82 6 1
46 83 6 9
46 85 7 3
46 86 1 3
46 87 6 5
46 88 3 5
46 89 2 5
46 92 8 4
46 93 6 3
46 94 3 10
46 95 1 1
46 97 5 7
46 98 7 1
46 99 1 10
46 100 6 6
47 48 5 8
47 49 6 5
47 50 8 9
47 51 3 3
47 53 3 7
47 54 8 8
47 55 3 4
47 56 1 2
47 57 9 6
47 58 9 1
47 59 1 2
47 62 9 10
47 63 3 8
47 64 1 3
47 67 1 10
47 69 10 4
47 74 7 9
47 75 7 3
47 77 6 5
47 78 7 3
47 79 9 3
47 80 9 8
47 81 9 4
47 82 6 7
47 83 3 1
47 84 9 3
47 85 5 9
47 87 3 8
47 88 3 9
47 89 5 2
47 90 7 6
47 91 1 6
47 93 6 10
47 94 9 6
47 98 9 4
47 99 6 3
47 100 2 8
48 50 10 3
48 51 7 8
48 52 3 7
48 53 5 1
48 54 2 7
48 55 5 5
48 56 1 6
48 57 7 4
48 58 8 1
48 60 6 10
48 61 6 8
48 62 7 2
48 63 8 8
48 64 10 7
48 65 9 9
48 66 5 6
48 67 10 6
48 68 6 7
48 69 7 10
48 70 1 9
48 71 1 2
48 72 9 9
48 73 10 10
48 74 8 4
48 76 4 3
48 77 5 1
48 78 10 2
48 80 3 9
48 81 7 9
48 82 7 3
48 83 2 6
48 85 3 1
48 86 5 2
48 87 7 8
48 88 10 3
48 89 2 7
48 90 10 3
48 92 6 7
48 93 10 3
48 94 10 2
48 95 8 7
48 96 1 6
48 97 3 1
48 99 8 9
48 100 1 8
49 50 2 4
49 51 8 7
49 52 9 3
49 53 6 5
49 54 9 9
49 55 9 10
49 56 9 8
49 58 7 3
49 59 6 9
49 60 1 5
49 61 2 7
49 63 8 6
49 65 3 9
49 66 3 6
49 67 6 3
49 68 4 3
49 69 8 8
49 72 4 8
49 73 5 6
49 76 8 3
49 77 5 3
49 78 4 9
49 79 6 10
49 80 10 2
49 81 3 4
49 83 10 5
49 85 3 10
49 86 6 10
49 87 3 6
49 89 8 3
49 91 1 3
49 92 7 1
49 93 3 7
49 94 3 2
49 95 8 1
49 96 7 8
49 97 2 5
49 98 5 1
49 99 7 7
49 100 5 5
50 52 6 8
50 53 10 3
50 54 5 8
50 57 9 2
50 58 2 9
50 62 3 6
50 64 2 8
50 65 7 1
50 66 10 7
50 67 9 5
50 69 2 10
50 70 10 10
50 71 10 2
50 72 2 10
50 73 9 3
50 74 4 4
50 75 9 4
50 77 5 5
50 78 2 7
50 80 9 7
50 81 2 4
50 82 4 6
50 84 10 10
50 86 5 4
50 87 5 6
50 88 3 8
50 90 9 9
50 91 7 3
50 93 9 8
50 95 8 6
50 96 9 10
50 97 1 2
50 98 1 1
50 100 1 10
51 52 5 10
51 53 4 2
51 54 9 10
51 57 3 5
51 58 4 10
51 59 4 3
51 60 6 3
51 61 10 6
51 62 3 4
51 65 1 7
51 66 3 3
51 67 8 2
51 68 10 9
51 69 8 10
51 70 7 7
51 71 6 4
51 72 1 7
51 73 5 10
51 75 2 8
51 76 1 1
51 77 4 2
51 79 3 6
51 80 2 6
51 81 2 10
51 83 2 3
51 84 1 2
51 85 8 9
51 86 9 7
51 88 8 5
51 89 2 10
51 90 8 10
51 91 3 8
51 93 4 10
51 94 9 10
51 95 8 6
51 96 2 9
51 97 4 6
51 99 1 3
52 53 8 5
52 54 9 8
52 55 3 3
52 56 6 7
52 57 6 10
52 59 7 4
52 61 9 2
52 62 8 10
52 64 10 10
52 65 4 7
52 66 2 9
52 68 5 8
52 69 1 1
52 71 4 2
52 72 7 2
52 73 9 6
52 74 4 6
52 75 3 8
52 76 3 9
52 77 2 2
52 78 1 4
52 79 9 7
52 80 2 4
52 82 9 10
52 83 8 8
52 84 1 3
52 85 3 9
52 87 2 10
52 88 3 1
52 89 8 8
52 90 7 5
52 91 3 4
52 92 8 1
52 93 3 7
52 94 10 3
52 95 6 1
52 96 8 1
52 97 6 3
52 99 10 6
52 100 3 4
53 54 8 4
53 55 7 5
53 56 3 3
53 57 10 1
53 58 7 7
53 59 9 5
53 60 3 5
53 61 7 9
53 62 10 2
53 63 8 1
53 64 9 9
53 65 1 6
53 66 10 8
53 67 3 7
53 68 10 6
53 70 1 6
53 71 9 9
53 72 4 4
53 74 2 5
53 76 3 2
53 77 9 9
53 79 6 3
53 80 10 1
53 82 9 3
53 83 7 3
53 85 6 8
53 86 6 8
53 87 7 7
53 88 10 9
53 89 8 9
53 90 7 9
53 91 7 5
53 92 5 5
53 93 9 7
53 98 2 2
54 56 10 1
54 58 5 4
54 59 1 2
54 60 2 4
54 61 1 5
54 62 7 4
54 63 1 5
54 65 7 5
54 66 6 3
54 67 4 2
54 68 6 6
54 69 2 7
54 70 8 6
54 71 1 4
54 72 4 1
54 73 5 4
54 74 7 7
54 75 3 6
54 76 7 7
54 78 10 9
54 79 6 4
54 80 7 6
54 81 3 4
54 82 10 1
54 83 4 3
54 84 10 4
54 85 10 10
54 86 9 4
54 87 8 4
54 88 2 4
54 90 4 7
54 91 6 8
54 92 3 8
54 93 7 7
54 94 4 6
54 95 8 6
54 96 4 5
54 97 9 7
54 98 4 3
54 99 6 3
54 100 2 9
55 56 10 2
55 57 4 5
55 58 9 2
55 59 5 5
55 60 10 8
55 61 9 4
55 62 10 10
55 63 10 7
55 64 7 6
55 65 5 9
55 67 3 7
55 68 4 3
55 69 9 1
55 70 2 7
55 71 7 10
55 72 4 3
55 73 10 3
55 74 8 7
55 75 10 5
55 76 5 6
55 78 7 5
55 79 4 10
55 80 10 8
55 81 9 5
55 82 1 1
55 83 7 7
55 84 4 4
55 85 1 1
55 86 2 9
55 87 6 9
55 88 6 2
55 89 6 10
55 90 6 3
55 91 10 1
55 92 8 10
55 93 9 5
55 94 10 2
55 95 10 5
55 96 5 10
55 98 8 9
55 99 10 6
56 58 8 9
56 59 5 9
56 60 1 3
56 61 3 5
56 62 4 9
56 63 2 8
56 64 6 1
56 65 5 1
56 66 2 3
56 67 8 4
56 68 8 9
56 69 4 6
56 71 5 3
56 72 1 2
56 74 2 10
56 75 10 1
56 76 6 3
56 77 6 6
56 79 9 10
56 80 2 2
56 81 5 10
56 82 4 7
56 83 1 5
56 84 2 5
56 85 10 1
56 87 4 2
56 89 10 9
56 90 6 3
56 91 10 6
56 92 3 5
56 93 5 1
56 94 4 9
56 96 8 4
56 98 6 10
56 99 6 1
56 100 8 10
57 58 4 6
57 59 9 2
57 60 1 2
57 62 10 2
57 63 2 10
57 64 7 4
57 65 7 2
57 66 9 10
57 70 1 9
57 71 6 8
57 72 5 10
57 73 6 5
57 74 1 1
57 75 8 4
57 76 9 9
57 79 9 4
57 80 6 10
57 81 7 9
57 82 5 4
57 83 9 4
57 84 10 7
57 85 1 2
57 86 7 2
57 87 4 2
57 88 5 10
57 89 2 6
57 90 6 8
57 92 1 10
57 94 3 10
57 95 5 3
57 96 7 6
57 97 8 10
57 98 9 2
57 99 10 1
58 60 2 9
58 61 8 9
58 62 3 7
58 63 8 3
58 64 6 2
58 66 9 9
58 67 3 1
58 68 10 8
58 70 5 9
58 71 8 5
58 72 2 5
58 73 10 3
58 74 4 9
58 75 2 3
58 76 5 3
58 77 9 7
58 78 4 4
58 79 3 9
58 80 4 7
58 81 4 8
58 82 4 4
58 83 8 5
58 84 6 9
58 86 5 1
58 87 10 3
58 88 3 6
58 89 8 9
58 90 9 4
58 91 5 9
58 92 7 5
58 94 3 9
58 95 1 4
58 96 2 9
58 97 1 10
58 98 6 5
58 99 2 4
58 100 9 1
59 60 3 7
59 62 3 8
59 63 9 5
59 64 2 4
59 65 5 10
59 67 10 10
59 68 1 1
59 69 2 1
59 70 8 5
59 71 2 1
59 74 4 8
59 75 8 7
59 76 2 2
59 77 1 8
59 78 8 4
59 80 4 10
59 83 4 2
59 85 5 4
59 86 3 9
59 87 2 5
59 88 2 1
59 89 10 10
59 90 1 9
59 92 1 7
59 93 1 9
59 94 4 3
59 95 9 6
59 96 9 9
59 97 2 2
59 98 10 9
59 99 5 3
59 100 7 3
60 61 9 7
60 62 5 10
60 63 5 1
60 66 3 1
60 70 5 8
60 71 9 5
60 72 5 2
60 73 8 7
60 74 4 2
60 75 3 3
60 77 10 9
60 78 1 9
60 79 7 6
60 80 4 8
60 82 10 3
60 83 1 5
60 84 7 10
60 85 1 7
60 87 2 6
60 88 2 8
60 89 8 10
60 90 4 7
60 91 7 9
60 93 4 7
60 94 1 5
60 96 9 7
60 98 3 6
60 99 6 5
60 100 5 7
61 62 4 2
61 63 1 10
61 64 4 3
61 65 5 2
61 66 7 4
61 67 3 5
61 68 2 1
61 69 7 2
61 71 10 9
61 74 7 9
61 76 5 4
61 79 8 4
61 80 2 7
61 81 6 10
61 83 7 4
61 86 8 9
61 87 9 5
61 89 5 3
61 90 6 4
61 91 7 1
61 93 10 7
61 95 10 6
61 96 1 10
61 97 8 4
61 99 8 6
61 100 3 2
62 63 2 4
62 65 7 5
62 66 7 10
62 67 9 8
62 68 5 4
62 69 8 2
62 72 6 4
62 73 8 7
62 74 6 9
62 76 5 1
62 77 1 8
62 78 9 7
62 79 6 1
62 80 5 1
62 81 1 8
62 83 10 9
62 84 5 7
62 85 7 10
62 86 4 2
62 87 1 2
62 88 9 10
62 89 5 6
62 91 10 9
62 92 3 10
62 93 2 10
62 94 7 9
62 95 4 10
62 96 6 4
62 97 7 3
62 99 2 9
62 100 9 5
63 64 4 4
63 65 2 1
63 66 10 3
63 67 2 5
63 68 2 7
63 69 8 8
63 70 3 6
63 72 4 5
63 73 10 7
63 74 2 2
63 76 2 3
63 77 9 3
63 78 9 6
63 79 3 6
63 81 10 8
63 82 2 7
63 83 8 2
63 84 6 7
63 85 8 1
63 86 10 8
63 87 5 5
63 88 6 1
63 89 8 8
63 90 9 5
63 91 6 10
63 95 5 1
63 96 3 9
63 97 9 3
63 98 7 9
63 99 5 5
63 100 2 8
64 67 2 7
64 68 8 5
64 69 7 3
64 70 5 1
64 72 10 5
64 73 7 2
64 74 9 6
64 75 4 5
64 76 3 4
64 78 1 2
64 80 5 6
64 81 9 1
64 82 2 7
64 83 8 5
64 84 4 4
64 85 1 2
64 87 7 7
64 88 5 6
64 89 7 5
64 90 9 6
64 91 9 5
64 93 1 7
64 94 7 7
64 95 1 9
64 96 4 5
64 97 10 3
64 98 5 7
64 99 1 3
65 66 9 1
65 67 9 1
65 68 7 10
65 70 5 1
65 71 6 1
65 72 6 10
65 73 1 1
65 75 9 1
65 76 1 7
65 78 4 9
65 79 7 10
65 80 9 6
65 81 1 9
65 82 8 5
65 85 9 10
65 86 9 6
65 87 2 7
65 89 4 10
65 94 5 2
65 95 4 8
65 96 5 2
65 97 1 7
65 98 7 4
65 99 2 9
65 100 8 10
66 67 1 10
66 68 4 3
66 70 10 3
66 71 3 2
66 72 5 5
66 73 9 2
66 74 4 4
66 75 1 1
66 76 10 3
66 77 8 8
66 79 3 5
66 80 10 7
66 81 9 10
66 82 7 1
66 83 9 5
66 84 10 7
66 85 10 2
66 86 1 10
66 87 5 2
66 88 2 6
66 90 4 9
66 91 10 8
66 92 5 5
66 93 7 6
66 94 6 2
66 95 10 10
66 96 8 10
66 97 1 10
66 98 1 9
66 99 1 1
66 100 9 3
67 69 5 5
67 70 3 6
67 71 9 1
67 73 9 6
67 74 2 5
67 75 7 7
67 76 4 9
67 77 2 9
67 78 1 4
67 79 10 1
67 81 2 4
67 82 1 8
67 83 9 3
67 84 9 1
67 86 6 8
67 87 2 1
67 89 1 1
67 90 7 5
67 91 5 5
67 92 1 7
67 94 10 7
67 95 10 7
67 96 5 3
67 98 3 10
67 99 2 9
67 100 6 9
68 69 4 2
68 70 1 4
68 72 2 6
68 73 2 9
68 74 4 2
68 75 7 6
68 76 9 4
68 77 9 6
68 78 8 7
68 79 1 8
68 81 3 6
68 82 6 4
68 83 9 7
68 84 8 3
68 86 5 6
68 87 6 9
68 88 9 1
68 90 7 8
68 92 3 2
68 93 1 8
68 94 2 5
68 95 6 7
68 96 4 2
68 98 5 7
68 99 7 3
68 100 10 3
69 71 1 5
69 72 4 6
69 73 6 4
69 74 1 5
69 75 6 3
69 76 2 7
69 77 9 5
69 78 4 6
69 79 2 8
69 82 4 3
69 83 1 2
69 84 8 8
69 86 8 5
69 88 2 10
69 89 7 4
69 90 1 2
69 91 9 3
69 92 5 3
69 93 5 4
69 94 8 1
69 95 4 3
69 96 2 9
69 97 3 6
69 98 9 5
69 99 1 6
69 100 9 3
70 71 8 9
70 73 8 8
70 74 3 8
70 75 8 3
70 76 9 10
70 77 3 1
70 78 3 6
70 79 1 7
70 80 2 3
70 81 2 1
70 83 2 4
70 84 8 3
70 85 5 7
70 86 5 2
70 88 8 4
70 89 6 3
70 90 1 10
70 91 3 1
70 92 7 6
70 93 2 3
70 95 10 3
70 96 1 5
70 97 5 7
70 98 7 3
70 100 9 6
71 72 8 1
71 73 7 2
71 75 3 3
71 76 3 2
71 77 1 8
71 79 2 6
71 80 7 2
71 81 7 10
71 83 1 3
71 84 4 4
71 85 3 1
71 86 10 10
71 87 2 9
71 88 8 3
71 89 10 8
71 90 5 6
71 92 9 4
71 94 5 9
71 95 7 1
71 96 9 3
71 97 8 7
71 98 9 2
71 99 6 10
71 100 5 4
72 73 8 8
72 74 7 9
72 75 8 9
72 76 10 2
72 77 2 6
72 78 8 2
72 80 10 4
72 81 10 9
72 82 7 7
72 83 8 4
72 84 10 6
72 85 9 4
72 86 9 6
72 87 3 2
72 88 4 1
72 89 9 9
72 91 8 4
72 93 10 4
72 94 6 2
72 98 10 8
72 99 1 6
72 100 8 3
73 74 5 6
73 76 9 4
73 77 5 3
73 78 5 10
73 79 4 7
73 81 2 5
73 82 7 2
73 83 1 9
73 84 8 2
73 86 9 1
73 89 1 6
73 91 9 8
73 92 10 8
73 93 6 5
73 94 8 7
73 95 7 6
73 96 2 7
73 97 9 3
73 99 4 3
73 100 9 9
74 75 6 5
74 76 7 9
74 78 9 3
74 79 3 4
74 80 9 8
74 81 4 4
74 82 8 8
74 83 5 2
74 84 5 3
74 85 3 7
74 87 4 5
74 89 8 10
74 90 4 7
74 92 1 9
74 93 6 6
74 94 9 6
74 95 7 6
74 96 2 7
74 97 10 5
74 98 2 10
74 99 6 4
75 77 2 1
75 78 6 7
75 79 2 8
75 80 10 2
75 82 7 4
75 85 1 7
75 87 3 1
75 88 3 9
75 89 6 6
75 90 5 10
75 94 8 7
75 95 10 6
75 96 4 3
75 97 5 10
75 98 10 10
75 99 6 8
75 100 6 3
76 77 6 9
76 78 8 1
76 79 6 8
76 80 4 5
76 81 7 5
76 82 10 3
76 83 4 8
76 84 1 4
76 85 7 10
76 86 10 8
76 87 4 1
76 89 3 1
76 91 7 4
76 94 8 4
76 95 7 3
76 97 7 7
76 98 2 5
76 99 1 6
76 100 8 4
77 78 2 7
77 79 5 3
77 80 5 7
77 82 2 1
77 83 3 5
77 84 8 7
77 86 6 8
77 87 5 6
77 88 6 9
77 89 2 9
77 90 1 10
77 93 8 4
77 96 3 10
77 97 5 4
77 100 7 7
78 79 6 6
78 80 5 9
78 81 5 5
78 83 6 8
78 84 8 3
78 86 2 5
78 87 10 9
78 88 6 7
78 89 2 7
78 90 4 2
78 91 9 4
78 92 6 1
78 93 2 9
78 94 5 4
78 95 7 8
78 97 7 3
78 98 1 8
78 100 7 1
79 80 4 1
79 81 6 2
79 82 3 5
79 83 4 8
79 84 1 7
79 85 10 7
79 86 3 8
79 87 8 6
79 88 3 10
79 89 9 9
79 90 7 7
79 91 1 3
79 92 8 8
79 95 3 6
79 97 9 5
79 98 2 3
79 99 3 10
80 82 7 1
80 83 9 6
80 84 3 2
80 85 7 6
80 86 3 9
80 87 9 1
80 88 9 5
80 89 8 7
80 90 2 3
80 92 9 6
80 93 10 3
80 94 2 4
80 96 8 7
80 98 10 1
80 99 10 2
80 100 4 1
81 82 3 8
81 83 6 2
81 84 10 5
81 85 6 5
81 86 10 3
81 87 9 8
81 88 10 6
81 89 2 4
81 90 10 1
81 91 9 9
81 92 4 7
81 93 1 1
81 96 3 3
81 97 10 7
81 98 3 5
81 99 6 4
81 100 7 7
82 83 8 1
82 84 3 4
82 85 7 8
82 86 9 1
82 87 6 10
82 88 9 4
82 89 8 9
82 91 10 5
82 92 10 8
82 93 6 7
82 96 4 1
82 97 3 5
82 99 1 9
82 100 9 5
83 84 3 10
83 85 4 2
83 86 9 1
83 87 6 3
83 89 9 10
83 90 8 5
83 91 6 3
83 92 8 4
83 93 3 1
83 94 9 7
83 96 9 7
83 97 4 6
83 98 8 6
83 100 9 7
84 85 10 4
84 86 2 4
84 87 4 5
84 88 8 1
84 89 3 5
84 90 7 7
84 92 6 9
84 94 8 10
84 95 2 8
84 97 7 5
84 98 10 7
84 99 4 2
84 100 8 6
85 86 8 5
85 87 4 2
85 88 9 8
85 90 3 7
85 91 10 6
85 92 1 2
85 93 9 8
85 94 3 3
85 95 8 1
85 96 6 9
85 98 6 8
85 100 10 8
86 87 6 2
86 88 6 8
86 89 6 8
86 90 1 1
86 91 4 1
86 92 9 10
86 93 1 9
86 94 2 1
86 95 2 3
86 97 5 3
86 98 5 1
86 99 10 4
87 88 10 1
87 89 2 10
87 90 10 2
87 93 10 10
87 94 4 10
87 95 5 5
87 97 10 1
87 98 4 6
87 99 9 5
88 89 5 2
88 90 1 9
88 92 10 7
88 93 8 6
88 94 2 10
88 95 1 1
88 96 8 5
88 97 7 1
88 98 6 1
88 99 7 1
88 100 4 1
89 90 5 9
89 91 4 4
89 93 7 5
89 94 8 5
89 95 1 10
89 96 1 4
89 98 10 8
89 99 6 5
90 91 7 6
90 92 9 5
90 94 1 5
90 95 5 3
90 97 10 3
90 98 2 2
90 99 1 9
90 100 5 5
91 92 8 4
91 93 3 5
91 95 3 4
91 96 4 3
91 97 4 1
91 98 8 8
91 99 2 10
92 93 10 4
92 94 1 1
92 95 8 4
92 96 1 8
92 97 7 5
92 98 4 3
92 99 5 6
92 100 4 7
93 95 9 8
93 96 10 3
93 97 9 5
93 98 2 2
93 99 10 9
94 95 4 7
94 96 7 3
94 98 1 6
94 99 5 1
94 100 9 9
95 96 1 10
95 98 4 10
95 99 2 8
95 100 9 10
96 97 9 7
96 98 9 5
96 99 7 7
96 100 4 10
97 98 10 4
97 99 10 8
97 100 5 2
98 99 2 6
98 100 3 9
99 100 3 2
1
1 2 3 4 5 6 7 8 9 10 11 12 13 14 15 16 17 18 19 20 21 22 23 24 25 26 27 28 29 30 31 32 33 34 35 36 37 38 39 40 41 42 43 44 45 46 47 48 49 50
