3991
1 2 8 5
1 3 2 5
1 4 8 6
1 5 9 2
1 6 9 4
1 10 10 1
1 13 9 7
1 14 9 1
1 15 2 10
1 16 9 4
1 17 1 3
1 18 8 8
1 19 10 3
1 20 9 8
1 21 3 3
1 22 9 4
1 23 7 5
1 24 2 6
1 25 9 7
1 26 5 1
1 27 6 8
1 28 7 5
1 29 5 9
1 31 1 4
1 32 8 4
1 33 4 1
1 34 8 8
1 35 8 6
1 36 8 6
1 37 1 8
1 38 7 4
1 39 4 7
1 40 4 4
1 41 5 5
1 42 6 5
1 43 5 5
1 46 5 9
1 47 2 3
1 48 6 1
1 49 2 2
1 50 7 4
1 51 7 5
1 53 6 9
1 54 9 8
1 55 3 8
1 56 4 8
1 57 4 6
1 58 8 9
1 60 8 3
1 61 5 1
1 62 7 7
1 63 8 7
1 64 10 2
1 66 3 4
1 67 10 7
1 69 8 7
1 70 7 7
1 71 9 10
1 72 9 4
1 73 2 6
1 74 4 10
1 75 1 9
1 76 2 1
1 77 3 6
1 78 10 2
1 80 7 3
1 81 3 8
1 82 7 6
1 83 10 2
1 85 9 5
1 86 6 5
1 87 2 9
1 88 1 5
1 89 10 7
1 90 3 1
1 91 7 4
1 92 10 5
1 93 9 7
1 94 8 1
1 96 5 5
1 97 6 2
1 98 7 1
1 99 9 9
2 3 5 8
2 4 5 6
2 5 6 10
2 6 1 8
2 7 2 6
2 8 6 10
2 11 10 10
2 12 8 3
2 13 10 4
2 14 4 2
2 15 6 1
2 16 9 1
2 17 4 10
2 18 3 8
2 19 7 1
2 20 5 1
2 21 3 6
2 22 6 3
2 23 6 4
2 24 5 9
2 26 8 7
2 27 4 8
2 28 2 7
2 29 1 9
2 31 3 8
2 32 10 6
2 33 2 4
2 35 4 5
2 37 9 3
2 39 7 1
2 40 7 10
2 41 6 10
2 42 4 9
2 43 8 6
2 45 3 1
2 47 7 6
2 49 10 10
2 50 8 10
2 51 3 9
2 52 3 5
2 53 1 9
2 55 3 6
2 56 4 10
2 58 9 3
2 60 9 2
2 61 10 8
2 62 6 2
2 63 5 7
2 64 2 6
2 65 6 7
2 66 1 1
2 67 2 1
2 68 7 2
2 70 8 8
2 71 10 5
2 72 5 10
2 73 7 3
2 74 1 9
2 75 6 4
2 77 6 5
2 78 5 6
2 79 8 3
2 80 1 10
2 82 9 5
2 84 2 2
2 85 2 9
2 86 9 5
2 87 4 3
2 88 9 10
2 91 4 10
2 95 5 8
2 96 5 1
2 97 3 2
2 98 4 1
2 100 3 6
3 4 7 3
3 5 4 4
3 6 4 9
3 7 7 8
3 8 5 7
3 9 6 6
3 10 8 5
3 11 9 8
3 12 1 10
3 13 1 8
3 14 3 1
3 15 1 7
3 16 2 6
3 17 1 5
3 18 5 2
3 20 4 7
3 21 5 4
3 22 4 5
3 24 1 3
3 25 2 8
3 26 1 9
3 27 6 4
3 28 9 7
3 29 9 4
3 30 4 4
3 31 2 3
3 32 9 3
3 34 6 2
3 35 2 4
3 37 10 3
3 39 7 4
3 41 6 8
3 42 1 1
3 45 5 5
3 46 7 4
3 47 10 7
3 48 6 8
3 49 6 8
3 50 9 5
3 51 1 7
3 53 9 3
3 54 1 9
3 55 10 7
3 56 2 3
3 58 6 8
3 60 3 9
3 61 9 8
3 63 10 8
3 65 9 1
3 66 2 1
3 67 1 6
3 69 2 1
3 70 1 9
3 71 10 5
3 72 10 5
3 73 10 4
3 75 10 10
3 76 2 10
3 77 9 2
3 78 5 5
3 79 8 1
3 80 3 9
3 81 8 5
3 84 1 5
3 85 9 2
3 86 6 2
3 88 7 3
3 90 7 4
3 91 5 3
3 92 2 5
3 93 4 9
3 94 3 3
3 95 8 9
3 96 1 5
3 98 5 9
3 100 10 3
4 5 4 8
4 6 1 9
4 7 1 1
4 8 3 4
4 10 1 6
4 11 7 5
4 12 1 7
4 13 10 5
4 14 8 9
4 15 3 10
4 16 5 9
4 17 1 6
4 18 4 9
4 19 8 6
4 20 2 5
4 21 2 8
4 22 8 8
4 23 8 5
4 24 4 10
4 25 2 9
4 26 6 8
4 27 7 7
4 28 7 8
4 30 6 9
4 31 5 7
4 33 1 1
4 34 10 7
4 35 6 10
4 37 8 8
4 38 7 1
4 39 4 8
4 40 4 9
4 41 6 3
4 43 7 8
4 44 5 3
4 45 5 8
4 46 8 8
4 47 2 7
4 48 9 10
4 49 3 3
4 51 1 4
4 52 4 3
4 53 2 3
4 55 10 3
4 56 6 3
4 57 5 4
4 58 6 5
4 59 5 3
4 60 9 2
4 62 1 2
4 64 1 5
4 65 3 9
4 66 3 1
4 67 7 4
4 68 1 8
4 69 9 7
4 70 4 7
4 72 5 3
4 73 9 3
4 74 10 9
4 75 4 6
4 76 2 2
4 77 2 8
4 78 6 2
4 81 5 6
4 82 6 4
4 84 7 8
4 85 7 10
4 86 7 8
4 87 8 2
4 88 10 6
4 90 9 5
4 91 5 8
4 92 9 9
4 93 2 4
4 94 6 2
4 96 2 7
4 97 8 1
4 98 5 9
4 99 10 5
4 100 4 1
5 6 6 1
5 7 7 2
5 8 4 5
5 9 1 3
5 10 2 3
5 11 10 6
5 12 1 7
5 13 7 4
5 14 5 1
5 15 9 10
5 16 3 8
5 17 2 6
5 18 6 5
5 19 5 8
5 20 2 1
5 21 9 9
5 24 8 9
5 25 5 3
5 26 3 7
5 27 6 5
5 28 8 4
5 29 3 4
5 30 9 1
5 31 2 2
5 33 9 10
5 34 5 4
5 36 10 8
5 37 9 5
5 38 9 4
5 39 5 10
5 40 4 9
5 41 5 6
5 42 3 8
5 43 4 7
5 44 7 1
5 45 2 5
5 46 9 9
5 47 2 3
5 48 2 9
5 49 1 8
5 51 3 1
5 52 6 7
5 54 1 1
5 55 5 2
5 56 5 2
5 59 4 2
5 60 10 4
5 61 10 2
5 63 6 2
5 64 3 8
5 65 1 8
5 66 5 9
5 67 5 9
5 68 6 6
5 69 3 3
5 70 8 9
5 71 3 1
5 72 3 10
5 73 8 2
5 74 9 5
5 76 10 5
5 77 7 6
5 79 10 2
5 80 6 6
5 82 6 10
5 83 8 3
5 84 4 10
5 85 2 9
5 86 3 5
5 92 10 4
5 93 3 1
5 94 4 3
5 96 8 8
5 97 6 3
5 98 7 7
5 99 6 4
5 100 1 8
6 7 10 8
6 9 5 8
6 10 3 4
6 11 9 7
6 12 4 1
6 13 6 6
6 14 9 10
6 15 6 10
6 16 8 8
6 18 10 5
6 21 10 8
6 22 4 3
6 24 6 3
6 25 2 10
6 26 8 2
6 27 10 1
6 28 4 8
6 29 8 10
6 30 4 1
6 33 8 4
6 34 2 1
6 35 6 4
6 36 5 4
6 37 10 9
6 38 2 4
6 40 1 2
6 41 7 4
6 42 9 10
6 43 2 1
6 44 1 10
6 45 7 9
6 46 5 1
6 47 7 5
6 48 8 4
6 52 2 2
6 53 6 7
6 54 6 8
6 55 8 2
6 56 4 4
6 57 1 7
6 58 9 3
6 59 8 8
6 60 5 4
6 61 5 6
6 62 10 10
6 64 3 4
6 65 10 7
6 66 6 8
6 67 8 8
6 68 1 5
6 69 9 1
6 70 1 7
6 71 7 8
6 72 7 6
6 73 2 1
6 75 10 5
6 76 6 4
6 77 4 8
6 78 1 6
6 79 2 6
6 80 4 10
6 81 10 6
6 82 7 3
6 83 9 6
6 84 3 4
6 85 7 2
6 89 6 5
6 90 5 4
6 92 10 7
6 93 7 8
6 98 8 5
6 99 4 10
6 100 4 7
7 8 7 7
7 9 8 8
7 11 7 1
7 12 4 8
7 13 2 5
7 14 6 9
7 15 6 3
7 16 3 1
7 17 5 2
7 18 3 7
7 19 4 8
7 20 3 10
7 21 7 7
7 22 1 2
7 23 4 5
7 24 10 8
7 25 8 10
7 27 7 1
7 28 9 7
7 29 9 4
7 30 7 6
7 32 5 7
7 33 7 9
7 34 3 10
7 35 2 10
7 36 7 10
7 37 2 3
7 38 6 8
7 39 4 9
7 40 6 8
7 41 8 1
7 42 3 6
7 43 10 9
7 44 9 6
7 45 3 2
7 46 4 6
7 47 9 8
7 48 1 9
7 49 4 1
7 50 9 1
7 51 7 9
7 52 9 1
7 53 1 10
7 54 1 5
7 55 3 6
7 56 2 3
7 58 9 4
7 59 1 7
7 60 2 6
7 61 9 4
7 62 10 8
7 63 10 1
7 64 2 8
7 65 9 1
7 66 10 9
7 67 9 8
7 68 10 9
7 69 4 3
7 70 8 7
7 71 4 7
7 73 2 2
7 75 4 7
7 76 7 4
7 77 8 9
7 78 5 10
7 79 5 6
7 80 7 1
7 81 9 10
7 82 10 4
7 83 2 9
7 84 1 6
7 85 8 2
7 86 4 8
7 87 9 3
7 88 2 8
7 89 1 8
7 90 10 8
7 91 4 3
7 92 1 2
7 94 4 10
7 95 10 3
7 96 8 6
7 98 9 1
7 99 10 3
8 9 10 5
8 10 1 8
8 11 6 8
8 12 4 9
8 13 1 9
8 14 5 2
8 16 1 3
8 17 5 1
8 18 5 10
8 20 10 6
8 22 6 7
8 23 8 9
8 25 4 8
8 26 6 8
8 27 7 2
8 28 3 7
8 29 2 2
8 30 8 6
8 31 6 2
8 33 10 7
8 35 3 9
8 36 10 9
8 37 2 9
8 38 3 6
8 39 10 2
8 40 10 6
8 41 1 7
8 44 10 3
8 45 5 6
8 46 3 4
8 48 3 7
8 49 6 3
8 50 8 10
8 51 7 1
8 53 7 9
8 54 1 9
8 55 5 8
8 56 1 5
8 57 5 9
8 58 3 8
8 59 1 3
8 60 9 10
8 61 6 8
8 62 7 8
8 63 2 9
8 64 5 10
8 66 3 7
8 67 2 2
8 68 7 1
8 69 7 5
8 70 2 10
8 73 7 7
8 74 5 8
8 76 3 6
8 78 10 5
8 79 7 6
8 80 3 10
8 83 10 6
8 84 7 8
8 85 5 2
8 86 1 2
8 87 4 3
8 88 3 10
8 89 5 1
8 91 1 1
8 93 6 10
8 95 3 7
8 96 8 10
8 97 1 8
8 98 1 3
8 99 2 1
8 100 8 9
9 10 5 7
9 11 9 1
9 12 1 6
9 13 6 4
9 15 2 5
9 16 4 7
9 17 9 3
9 18 8 4
9 19 5 2
9 20 6 3
9 21 4 5
9 22 2 3
9 23 4 5
9 24 9 1
9 25 2 5
9 27 8 9
9 28 2 7
9 29 8 4
9 30 1 3
9 32 1 2
9 34 9 2
9 35 4 7
9 36 1 4
9 38 5 9
9 39 6 9
9 40 4 8
9 41 4 9
9 42 4 10
9 44 7 8
9 45 1 10
9 46 1 8
9 47 2 2
9 48 9 5
9 49 10 6
9 50 2 8
9 51 7 1
9 53 6 3
9 54 4 2
9 55 1 4
9 56 7 4
9 57 10 10
9 58 2 1
9 59 4 1
9 60 4 4
9 61 1 7
9 62 2 10
9 63 2 9
9 64 7 10
9 65 7 9
9 66 10 9
9 67 3 10
9 69 8 4
9 70 3 2
9 71 1 2
9 73 9 9
9 74 4 6
9 75 9 3
9 77 8 8
9 78 8 7
9 79 8 4
9 80 6 2
9 83 10 5
9 84 7 8
9 85 2 5
9 87 6 8
9 88 8 5
9 89 1 2
9 90 1 5
9 91 6 1
9 92 4 6
9 93 2 3
9 94 3 3
9 95 9 5
9 96 8 10
9 97 3 1
9 98 6 9
9 99 10 3
9 100 4 4
10 11 6 10
10 12 4 3
10 14 9 9
10 15 8 8
10 16 7 7
10 17 6 7
10 19 9 8
10 20 10 6
10 21 2 9
10 23 8 1
10 24 6 10
10 26 2 10
10 27 8 3
10 28 6 2
10 30 8 8
10 31 9 2
10 33 2 6
10 35 1 10
10 36 6 10
10 37 9 9
10 39 5 7
10 40 2 3
10 41 2 4
10 43 5 7
10 45 3 1
10 46 8 8
10 47 4 6
10 48 1 6
10 49 7 10
10 50 3 6
10 51 8 7
10 52 3 4
10 53 1 9
10 54 10 5
10 55 7 10
10 56 5 10
10 57 5 10
10 58 8 1
10 59 7 6
10 61 6 8
10 62 9 7
10 63 5 8
10 64 7 6
10 65 10 9
10 67 2 7
10 69 2 2
10 70 9 1
10 73 2 8
10 74 2 1
10 75 8 7
10 77 3 5
10 78 7 6
10 79 7 9
10 80 6 7
10 81 10 4
10 82 9 9
10 83 4 3
10 84 1 3
10 85 5 7
10 86 5 1
10 87 5 2
10 88 10 4
10 90 10 10
10 91 1 10
10 92 8 5
10 93 8 1
10 94 9 7
10 95 1 1
10 97 2 5
10 98 1 5
10 99 3 8
10 100 5 7
11 12 9 4
11 13 1 9
11 14 1 5
11 15 8 4
11 17 8 10
11 18 6 8
11 20 3 10
11 21 8 10
11 22 10 4
11 23 2 4
11 25 6 8
11 26 5 3
11 29 5 4
11 30 5 10
11 31 8 7
11 34 1 10
11 35 9 1
11 36 6 4
11 37 8 6
11 38 3 4
11 39 10 9
11 40 8 4
11 41 3 1
11 42 6 4
11 43 4 7
11 44 5 8
11 45 7 2
11 46 7 7
11 47 3 2
11 48 5 7
11 49 7 8
11 50 7 6
11 51 4 8
11 52 6 4
11 53 10 8
11 54 9 5
11 55 3 3
11 56 4 6
11 57 8 9
11 58 7 6
11 59 8 8
11 60 1 1
11 61 7 5
11 63 4 1
11 64 4 6
11 65 4 6
11 66 4 6
11 67 10 2
11 68 7 7
11 69 6 10
11 70 8 8
11 71 6 1
11 72 3 3
11 73 6 3
11 74 5 1
11 75 2 4
11 76 1 8
11 78 6 8
11 80 3 1
11 82 2 10
11 83 7 4
11 84 4 6
11 85 3 4
11 86 7 10
11 87 7 5
11 89 3 10
11 90 7 2
11 92 2 2
11 93 3 2
11 94 1 5
11 95 3 9
11 96 1 9
11 97 7 8
11 98 2 10
11 100 1 9
12 13 1 5
12 14 2 4
12 16 5 10
12 17 4 10
12 18 5 7
12 19 2 1
12 20 8 7
12 21 7 7
12 23 6 5
12 24 1 7
12 25 8 4
12 26 7 5
12 27 3 4
12 29 6 8
12 30 9 9
12 31 8 5
12 32 2 6
12 35 9 1
12 36 5 2
12 37 2 1
12 38 9 6
12 39 6 4
12 40 6 10
12 41 10 9
12 42 4 3
12 43 8 10
12 44 1 2
12 46 6 1
12 47 9 6
12 49 9 1
12 50 8 7
12 51 10 8
12 52 3 3
12 53 9 7
12 54 1 4
12 56 8 6
12 57 1 10
12 59 1 8
12 60 6 5
12 61 3 6
12 62 6 10
12 63 2 3
12 65 5 2
12 66 10 4
12 67 4 7
12 69 9 9
12 70 10 6
12 71 6 7
12 72 6 4
12 73 2 5
12 74 6 5
12 75 1 9
12 76 9 8
12 77 2 1
12 78 3 3
12 79 5 8
12 81 10 8
12 82 6 3
12 83 6 6
12 84 7 1
12 86 10 1
12 87 1 6
12 88 8 8
12 89 7 5
12 90 5 1
12 92 4 9
12 93 9 5
12 94 3 7
12 95 6 9
12 96 5 5
12 97 2 7
12 98 9 8
12 100 7 6
13 14 5 8
13 15 5 2
13 16 8 10
13 17 5 8
13 18 8 1
13 20 8 1
13 21 5 8
13 22 1 6
13 23 5 3
13 24 2 3
13 25 6 3
13 26 4 9
13 27 9 4
13 28 10 9
13 29 2 1
13 30 10 9
13 31 2 1
13 33 1 6
13 34 9 2
13 35 3 1
13 37 1 10
13 39 8 3
13 41 10 7
13 42 5 6
13 44 8 4
13 45 4 5
13 46 7 2
13 47 8 10
13 48 8 8
13 49 10 9
13 50 9 6
13 51 9 6
13 52 3 8
13 53 5 10
13 54 10 8
13 55 1 8
13 56 1 4
13 57 8 2
13 58 5 5
13 63 3 4
13 64 4 5
13 65 10 8
13 67 1 1
13 68 6 10
13 69 7 3
13 70 2 10
13 71 7 4
13 72 2 6
13 73 6 2
13 75 8 8
13 77 3 7
13 78 10 5
13 79 7 1
13 80 4 9
13 81 1 9
13 82 1 4
13 83 9 1
13 84 7 6
13 86 1 2
13 87 3 1
13 88 10 4
13 89 8 5
13 90 8 10
13 91 10 6
13 92 2 9
13 93 8 9
13 94 9 8
13 95 10 1
13 96 3 5
13 97 6 2
13 98 6 6
13 99 2 5
13 100 6 4
14 16 10 4
14 17 7 8
14 18 8 3
14 20 2 9
14 21 1 3
14 23 10 9
14 24 5 7
14 26 10 10
14 27 2 1
14 28 8 3
14 29 6 3
14 30 6 5
14 31 9 10
14 32 8 4
14 33 3 4
14 35 2 2
14 37 8 1
14 38 3 10
14 39 9 3
14 40 9 10
14 41 6 4
14 42 10 1
14 45 1 9
14 46 1 5
14 47 10 6
14 48 1 2
14 49 1 3
14 50 6 5
14 51 7 1
14 52 10 3
14 54 2 4
14 55 10 8
14 56 2 6
14 57 1 4
14 59 3 2
14 60 7 8
14 61 6 10
14 63 8 6
14 64 7 3
14 65 6 3
14 66 3 9
14 67 4 5
14 68 6 10
14 69 7 9
14 70 9 8
14 71 5 1
14 74 3 3
14 75 7 10
14 76 4 3
14 77 3 2
14 78 1 5
14 79 1 10
14 80 2 9
14 82 10 8
14 83 6 6
14 84 6 6
14 88 1 4
14 92 8 6
14 95 2 2
14 96 2 6
14 97 3 7
14 98 7 2
14 99 3 2
15 16 6 6
15 17 10 4
15 18 8 7
15 19 5 2
15 20 6 6
15 21 8 3
15 22 1 8
15 23 1 1
15 24 8 7
15 26 6 2
15 27 4 9
15 28 4 1
15 29 4 2
15 30 2 4
15 31 2 3
15 32 10 1
15 33 2 9
15 34 10 5
15 36 4 2
15 37 10 10
15 38 3 7
15 40 10 7
15 44 10 2
15 45 2 1
15 46 8 6
15 47 3 8
15 48 4 10
15 49 6 3
15 50 10 9
15 51 9 1
15 53 9 1
15 54 8 4
15 56 2 10
15 57 2 9
15 59 3 6
15 60 8 2
15 61 1 5
15 62 8 10
15 63 6 2
15 64 3 8
15 66 6 4
15 67 4 5
15 69 10 7
15 70 1 4
15 71 8 7
15 72 7 4
15 73 6 5
15 75 6 10
15 77 7 5
15 79 5 3
15 80 6 6
15 81 10 6
15 82 1 1
15 83 3 7
15 84 1 7
15 85 3 5
15 87 7 7
15 88 6 1
15 90 4 7
15 91 6 2
15 92 4 8
15 93 2 2
15 94 7 5
15 95 2 9
15 96 6 6
15 98 6 1
15 99 7 2
15 100 7 8
16 19 7 6
16 20 1 5
16 21 6 4
16 22 8 4
16 23 1 1
16 24 9 4
16 25 6 5
16 26 6 5
16 27 3 4
16 29 10 7
16 30 6 10
16 31 6 5
16 32 5 1
16 33 7 8
16 34 7 5
16 35 5 6
16 36 9 2
16 38 7 8
16 39 10 1
16 40 3 1
16 41 7 8
16 42 2 4
16 44 9 6
16 45 1 2
16 47 9 9
16 48 7 1
16 49 2 7
16 50 8 2
16 51 10 1
16 52 8 7
16 53 8 10
16 55 2 9
16 56 7 3
16 57 8 3
16 58 6 1
16 59 3 4
16 63 1 3
16 64 10 5
16 65 8 4
16 66 4 9
16 69 2 2
16 70 3 1
16 71 8 6
16 72 7 10
16 73 2 8
16 74 6 6
16 75 9 4
16 76 3 9
16 77 5 3
16 78 2 7
16 79 6 4
16 81 9 7
16 82 6 8
16 84 3 3
16 85 7 3
16 87 2 4
16 89 10 3
16 91 5 7
16 92 5 9
16 93 1 7
16 95 6 4
16 96 10 9
16 97 8 10
16 98 1 5
16 99 9 8
16 100 5 7
17 18 6 7
17 21 7 5
17 22 1 2
17 23 8 1
17 24 3 1
17 25 5 6
17 26 7 7
17 27 9 7
17 28 2 7
17 29 6 4
17 30 3 2
17 31 8 10
17 32 8 9
17 33 9 6
17 34 7 2
17 36 7 2
17 37 4 1
17 38 4 1
17 39 9 10
17 40 5 10
17 41 9 1
17 43 3 1
17 44 5 10
17 45 1 1
17 48 2 4
17 49 4 9
17 51 6 1
17 52 5 8
17 53 10 8
17 54 10 4
17 55 4 10
17 56 6 6
17 57 1 1
17 58 8 9
17 59 5 3
17 60 3 1
17 62 1 5
17 63 2 3
17 64 3 3
17 65 3 8
17 66 8 10
17 68 10 7
17 69 8 3
17 71 9 7
17 72 1 8
17 73 9 9
17 74 5 2
17 75 6 8
17 76 5 1
17 77 2 6
17 78 5 2
17 79 3 4
17 81 4 6
17 83 9 2
17 84 8 6
17 85 3 2
17 86 9 1
17 87 3 8
17 88 5 8
17 89 6 4
17 92 4 5
17 93 1 7
17 94 3 7
17 95 8 1
17 96 9 4
17 97 3 6
17 99 7 10
17 100 6 1
18 20 7 8
18 21 10 7
18 22 4 6
18 23 1 4
18 24 3 1
18 25 7 2
18 26 3 10
18 27 6 3
18 28 8 5
18 29 7 10
18 32 4 7
18 33 2 1
18 36 9 3
18 38 7 4
18 39 8 1
18 40 9 6
18 41 6 5
18 42 8 9
18 43 10 1
18 44 1 4
18 45 4 1
18 46 8 8
18 48 1 10
18 49 10 2
18 50 9 5
18 52 4 5
18 53 10 2
18 54 2 1
18 56 6 7
18 57 4 4
18 58 4 4
18 59 8 10
18 61 5 7
18 63 4 5
18 64 9 5
18 65 10 5
18 66 10 2
18 68 9 3
18 69 8 4
18 70 8 5
18 71 6 6
18 72 5 9
18 73 1 7
18 74 5 5
18 75 6 1
18 77 10 10
18 78 7 9
18 79 1 9
18 80 9 9
18 81 9 7
18 82 8 10
18 83 5 2
18 84 7 9
18 85 6 4
18 86 5 2
18 88 1 8
18 89 7 8
18 91 8 6
18 92 7 10
18 95 1 8
18 96 1 5
18 98 6 4
18 99 3 2
18 100 9 5
19 20 1 5
19 21 7 8
19 22 6 10
19 23 10 3
19 24 6 8
19 25 9 10
19 26 4 8
19 27 3 3
19 28 1 2
19 29 4 1
19 30 3 4
19 31 2 9
19 32 4 1
19 33 3 4
19 34 1 5
19 35 3 3
19 36 3 7
19 37 6 3
19 40 2 10
19 42 6 2
19 43 4 4
19 44 1 2
19 45 4 7
19 46 6 5
19 47 5 6
19 48 9 4
19 49 3 9
19 50 10 3
19 52 8 5
19 54 10 9
19 55 4 9
19 56 2 4
19 57 1 10
19 58 2 1
19 59 10 9
19 60 3 1
19 61 7 10
19 62 2 9
19 63 6 4
19 64 6 5
19 65 7 8
19 66 2 2
19 68 10 7
19 69 6 6
19 70 9 6
19 71 9 10
19 72 4 5
19 73 9 6
19 74 10 2
19 75 10 8
19 76 8 9
19 79 1 1
19 80 3 3
19 82 7 10
19 83 7 3
19 84 1 3
19 85 8 6
19 86 9 7
19 88 6 8
19 89 2 7
19 90 4 10
19 91 2 1
19 92 9 8
19 94 8 2
19 95 1 7
19 97 9 5
19 99 7 3
20 21 3 6
20 23 7 3
20 25 10 6
20 26 8 2
20 27 10 9
20 29 7 8
20 30 1 3
20 32 2 6
20 33 3 7
20 34 8 4
20 35 2 6
20 36 5 4
20 37 6 1
20 38 3 8
20 39 5 9
20 41 4 1
20 43 8 10
20 44 5 6
20 46 10 7
20 47 4 8
20 48 1 5
20 49 8 5
20 50 7 1
20 51 5 7
20 52 8 8
20 53 3 2
20 54 1 3
20 55 7 2
20 56 9 7
20 57 8 5
20 58 7 4
20 59 3 9
20 60 10 5
20 61 1 6
20 63 9 2
20 64 7 2
20 65 1 5
20 68 9 1
20 69 5 7
20 72 6 3
20 73 7 10
20 74 6 10
20 75 7 9
20 76 7 8
20 77 5 5
20 78 3 5
20 80 2 3
20 81 4 10
20 82 2 5
20 86 4 7
20 87 10 7
20 88 4 8
20 89 4 10
20 91 3 8
20 92 3 1
20 93 8 7
20 95 6 10
20 96 6 10
20 97 7 1
20 100 1 10
21 23 4 4
21 26 10 10
21 27 9 3
21 28 5 3
21 30 2 7
21 31 3 5
21 32 1 3
21 34 4 7
21 36 9 4
21 37 3 8
21 38 6 5
21 39 10 4
21 40 9 9
21 41 8 9
21 42 1 6
21 43 8 10
21 44 8 8
21 45 10 7
21 46 9 6
21 47 8 1
21 48 2 7
21 49 3 1
21 50 2 9
21 51 6 9
21 52 8 2
21 54 5 9
21 55 9 8
21 56 1 7
21 57 3 2
21 58 8 7
21 59 7 8
21 60 5 8
21 61 10 3
21 62 10 8
21 63 7 1
21 64 1 9
21 66 2 4
21 67 8 10
21 68 3 3
21 69 8 9
21 70 4 4
21 71 3 4
21 72 3 3
21 74 3 9
21 75 10 4
21 76 1 3
21 77 5 8
21 78 7 6
21 79 2 10
21 80 5 7
21 81 7 2
21 82 9 5
21 83 2 1
21 84 1 5
21 85 6 10
21 86 7 6
21 88 10 10
21 89 7 8
21 90 7 9
21 91 1 6
21 93 1 10
21 94 4 2
21 95 1 1
21 96 10 10
21 97 4 7
21 98 7 6
21 99 4 3
21 100 5 3
22 23 3 9
22 24 1 10
22 25 7 1
22 26 4 6
22 27 5 10
22 28 4 1
22 30 1 1
22 31 6 8
22 34 2 4
22 36 9 2
22 37 7 5
22 38 7 8
22 40 9 3
22 41 1 1
22 42 9 8
22 43 10 1
22 44 4 2
22 45 4 4
22 47 6 10
22 49 4 5
22 51 10 8
22 52 1 7
22 53 6 8
22 54 8 3
22 55 8 4
22 56 6 6
22 57 7 10
22 58 2 5
22 59 7 8
22 60 2 2
22 61 10 7
22 62 1 10
22 63 7 1
22 64 7 3
22 65 3 8
22 66 6 4
22 68 9 9
22 70 8 7
22 71 3 4
22 72 6 6
22 74 5 2
22 75 8 8
22 76 9 4
22 77 1 6
22 78 3 5
22 79 2 8
22 81 8 4
22 82 10 3
22 83 10 1
22 85 6 6
22 86 9 5
22 88 7 8
22 90 6 5
22 91 4 3
22 95 9 9
22 96 8 7
22 97 6 4
22 98 2 1
22 99 9 1
22 100 1 8
23 24 3 7
23 25 6 7
23 28 4 7
23 29 2 3
23 32 10 4
23 33 5 2
23 35 4 5
23 36 3 7
23 37 5 6
23 38 7 3
23 39 2 5
23 40 10 9
23 42 5 9
23 43 7 6
23 45 8 7
23 46 10 1
23 47 3 2
23 48 7 4
23 50 7 8
23 51 4 6
23 52 6 9
23 53 6 9
23 54 2 10
23 55 3 7
23 56 10 3
23 57 4 8
23 58 9 8
23 59 1 9
23 60 10 2
23 62 2 10
23 63 10 2
23 65 1 9
23 66 2 3
23 68 1 7
23 69 5 10
23 70 8 10
23 71 3 2
23 72 5 4
23 73 9 10
23 74 5 7
23 75 3 4
23 76 6 10
23 77 1 3
23 78 2 10
23 79 8 10
23 80 9 1
23 81 3 5
23 82 8 6
23 83 9 7
23 84 7 2
23 85 6 4
23 87 2 2
23 89 2 7
23 90 7 8
23 91 2 4
23 92 9 1
23 93 8 8
23 94 10 1
23 95 4 6
23 96 6 7
23 97 5 3
23 98 2 10
23 99 5 9
23 100 9 2
24 26 7 6
24 27 6 3
24 28 2 8
24 30 3 6
24 31 3 4
24 33 4 1
24 34 5 10
24 35 10 7
24 36 5 7
24 37 9 7
24 38 9 8
24 39 9 6
24 40 5 2
24 41 10 6
24 42 1 8
24 43 3 8
24 44 6 4
24 45 7 4
24 46 8 10
24 47 2 8
24 50 4 2
24 51 2 10
24 52 4 1
24 53 3 4
24 55 4 5
24 56 6 10
24 57 10 7
24 58 5 6
24 59 9 3
24 60 9 4
24 62 4 5
24 63 3 4
24 65 9 5
24 66 9 8
24 67 9 6
24 70 6 10
24 71 5 8
24 72 5 3
24 73 8 3
24 74 2 5
24 75 3 2
24 76 3 3
24 77 10 7
24 78 2 2
24 79 9 7
24 80 3 6
24 81 3 6
24 82 6 1
24 83 3 10
24 84 6 4
24 85 7 6
24 87 2 2
24 89 9 10
24 90 6 4
24 91 10 5
24 92 6 4
24 93 7 2
24 94 10 1
24 96 1 6
24 97 4 5
24 99 7 7
25 26 9 8
25 27 4 4
25 30 2 2
25 31 2 4
25 32 8 2
25 33 8 4
25 34 9 2
25 36 4 5
25 37 4 7
25 38 9 7
25 40 6 9
25 41 6 4
25 42 9 4
25 43 5 7
25 44 5 3
25 45 8 7
25 46 4 6
25 48 5 3
25 49 5 10
25 50 7 10
25 51 4 3
25 52 10 3
25 53 6 8
25 54 8 9
25 55 9 9
25 56 8 3
25 58 9 6
25 59 9 4
25 60 10 7
25 61 7 1
25 62 2 4
25 63 5 8
25 64 4 4
25 68 7 3
25 69 2 1
25 70 5 9
25 71 3 4
25 73 6 1
25 74 1 5
25 75 10 10
25 76 8 1
25 77 9 6
25 79 2 4
25 81 6 7
25 82 7 6
25 83 9 1
25 84 5 3
25 86 4 9
25 87 6 9
25 88 4 7
25 89 8 10
25 90 6 9
25 91 7 7
25 92 10 2
25 93 6 7
25 94 4 10
25 95 6 9
25 96 4 4
25 97 7 7
25 98 3 6
26 27 8 5
26 28 6 1
26 29 3 10
26 31 7 2
26 32 5 4
26 33 1 10
26 34 4 7
26 36 2 8
26 37 8 2
26 39 1 1
26 40 8 1
26 41 7 5
26 42 7 3
26 43 8 6
26 44 5 6
26 45 5 7
26 47 5 10
26 48 1 7
26 49 10 10
26 50 4 1
26 53 9 2
26 54 7 5
26 55 3 9
26 56 6 8
26 57 1 10
26 58 5 3
26 59 3 3
26 60 10 6
26 61 4 2
26 62 8 9
26 63 1 8
26 64 8 5
26 65 1 3
26 67 10 8
26 68 1 3
26 69 4 6
26 70 10 4
26 71 5 9
26 72 1 9
26 73 9 3
26 74 9 3
26 76 3 3
26 77 6 9
26 78 1 1
26 79 3 5
26 80 7 6
26 81 8 6
26 82 1 3
26 84 9 9
26 86 4 3
26 88 7 3
26 89 5 10
26 90 3 6
26 91 4 1
26 93 4 6
26 96 7 1
26 98 2 9
26 99 8 3
26 100 8 10
27 28 2 9
27 29 7 1
27 30 3 3
27 31 1 9
27 32 1 10
27 34 1 6
27 35 1 2
27 38 3 10
27 39 6 9
27 40 4 5
27 41 6 2
27 42 9 3
27 43 9 7
27 44 10 3
27 45 10 8
27 46 7 8
27 47 9 8
27 48 9 9
27 49 1 10
27 50 10 1
27 51 3 1
27 52 1 7
27 53 2 7
27 56 5 3
27 57 6 9
27 58 8 5
27 59 3 1
27 60 8 3
27 61 1 3
27 62 4 6
27 63 2 6
27 64 2 7
27 65 5 5
27 66 8 6
27 67 8 7
27 68 7 2
27 69 7 4
27 71 10 6
27 72 9 10
27 73 10 1
27 74 5 8
27 75 9 4
27 77 8 4
27 78 9 9
27 79 7 6
27 81 6 2
27 82 4 9
27 83 10 2
27 84 1 7
27 85 2 10
27 87 4 3
27 89 3 6
27 91 6 9
27 92 6 7
27 94 8 9
27 95 3 7
27 96 7 10
27 97 9 2
27 98 3 5
27 99 6 3
28 29 9 9
28 30 2 4
28 32 5 9
28 34 6 6
28 35 1 3
28 37 1 8
28 38 5 5
28 39 2 2
28 40 4 3
28 41 1 5
28 42 5 6
28 43 9 2
28 45 10 8
28 46 2 4
28 47 5 4
28 48 7 1
28 50 5 9
28 51 4 7
28 52 4 10
28 53 4 1
28 55 2 8
28 56 6 3
28 57 8 10
28 59 4 5
28 60 10 7
28 61 8 2
28 62 1 10
28 63 1 2
28 64 6 3
28 65 6 7
28 66 3 1
28 67 9 9
28 69 7 2
28 70 7 6
28 71 6 6
28 72 10 5
28 73 3 8
28 74 10 10
28 77 3 7
28 78 5 1
28 79 10 2
28 80 5 4
28 81 9 3
28 84 10 8
28 86 9 2
28 87 6 4
28 88 5 2
28 90 7 10
28 91 7 6
28 92 7 3
28 93 1 3
28 95 2 8
28 96 6 10
28 97 10 3
28 98 7 8
28 100 4 7
29 30 2 4
29 31 9 2
29 32 4 7
29 33 3 10
29 34 2 6
29 35 9 10
29 36 1 4
29 38 6 5
29 40 10 3
29 41 7 8
29 43 10 5
29 44 9 8
29 46 8 2
29 47 9 9
29 48 1 6
29 49 1 7
29 50 5 2
29 51 7 7
29 52 2 2
29 54 2 2
29 55 10 10
29 56 6 8
29 58 1 4
29 59 9 9
29 60 2 4
29 61 6 2
29 62 9 10
29 63 9 6
29 64 2 7
29 65 1 1
29 66 2 3
29 67 2 3
29 68 7 5
29 69 1 7
29 70 3 9
29 71 2 1
29 72 9 4
29 73 8 2
29 74 10 8
29 75 9 1
29 76 1 1
29 77 8 1
29 78 2 3
29 79 4 10
29 80 8 6
29 81 5 7
29 83 10 8
29 85 6 8
29 86 2 10
29 88 1 1
29 89 1 8
29 90 5 3
29 91 6 5
29 92 1 5
29 93 6 2
29 94 7 1
29 95 10 5
29 96 7 7
29 97 10 3
29 98 3 2
29 99 2 5
29 100 6 4
30 31 10 3
30 32 5 7
30 34 8 9
30 36 4 8
30 37 10 4
30 38 1 5
30 39 7 8
30 40 3 10
30 41 7 3
30 42 10 3
30 43 3 2
30 44 5 1
30 45 4 8
30 47 2 5
30 48 1 10
30 49 4 10
30 50 2 5
30 51 3 4
30 52 8 2
30 53 1 7
30 55 4 10
30 56 7 10
30 57 5 1
30 58 8 2
30 59 4 8
30 61 8 5
30 62 8 8
30 63 4 3
30 65 10 7
30 66 8 4
30 67 7 9
30 68 4 9
30 69 7 8
30 70 7 6
30 71 1 1
30 73 8 4
30 74 6 7
30 75 2 4
30 76 1 4
30 77 4 10
30 79 8 10
30 80 9 2
30 81 8 1
30 84 5 9
30 86 6 4
30 87 1 4
30 88 3 3
30 89 1 5
30 91 8 7
30 92 1 3
30 93 4 1
30 94 7 7
30 95 5 6
30 99 9 8
30 100 7 4
31 32 9 3
31 33 10 7
31 34 2 2
31 35 5 4
31 37 4 9
31 38 4 8
31 39 3 8
31 40 8 1
31 41 6 1
31 43 10 7
31 44 10 10
31 45 1 1
31 46 4 2
31 47 6 6
31 48 4 5
31 50 1 10
31 51 7 10
31 52 2 4
31 53 5 9
31 54 4 9
31 55 8 4
31 56 1 3
31 57 8 5
31 58 1 5
31 60 3 7
31 62 6 3
31 64 6 8
31 66 3 5
31 67 6 7
31 69 10 8
31 70 2 4
31 72 7 6
31 73 9 7
31 74 5 10
31 75 9 1
31 76 3 1
31 77 6 2
31 78 1 4
31 79 1 8
31 80 5 4
31 81 3 10
31 82 8 3
31 83 7 2
31 84 7 4
31 85 8 8
31 86 8 8
31 87 2 6
31 88 4 8
31 89 4 8
31 90 8 8
31 91 2 6
31 92 6 1
31 93 7 1
31 94 3 6
31 95 3 2
31 98 7 7
31 99 7 1
31 100 7 9
32 33 7 10
32 34 4 8
32 35 3 6
32 36 3 5
32 38 2 10
32 39 4 5
32 40 5 3
32 41 6 4
32 42 1 10
32 43 9 2
32 44 5 5
32 45 5 9
32 46 1 10
32 47 10 6
32 48 7 6
32 51 3 8
32 52 1 4
32 53 7 9
32 56 1 4
32 57 10 4
32 58 9 7
32 59 3 3
32 60 10 10
32 61 1 1
32 62 9 3
32 63 9 3
32 64 8 1
32 66 10 3
32 67 1 4
32 68 4 2
32 70 5 8
32 71 5 10
32 72 5 6
32 73 8 10
32 74 7 10
32 75 3 8
32 78 9 3
32 79 2 6
32 80 2 2
32 81 5 1
32 82 6 3
32 83 9 2
32 85 10 3
32 86 4 4
32 88 7 9
32 89 3 4
32 91 9 10
32 92 4 6
32 94 4 8
32 95 7 1
32 97 4 7
32 98 9 5
32 99 7 7
32 100 7 7
33 34 9 10
33 35 3 3
33 36 3 9
33 37 6 9
33 38 2 6
33 39 5 8
33 40 4 4
33 42 10 3
33 43 10 9
33 46 4 2
33 47 3 10
33 48 7 5
33 51 4 1
33 52 6 5
33 53 6 7
33 54 2 7
33 55 8 10
33 56 6 10
33 57 5 9
33 58 2 3
33 60 10 3
33 61 8 10
33 62 7 8
33 63 1 1
33 64 8 10
33 66 4 1
33 67 4 7
33 68 5 3
33 69 7 6
33 70 3 5
33 71 2 10
33 72 9 10
33 74 9 10
33 75 2 5
33 76 8 1
33 77 3 4
33 78 1 6
33 80 3 3
33 81 4 6
33 82 1 1
33 83 10 7
33 84 7 3
33 85 8 4
33 86 2 10
33 87 6 3
33 88 7 4
33 89 2 9
33 90 2 4
33 91 10 6
33 92 1 4
33 93 9 6
33 94 4 4
33 95 3 4
33 96 8 9
33 97 1 8
33 98 1 10
33 99 1 10
34 35 1 7
34 36 2 1
34 37 7 3
34 38 3 3
34 39 10 7
34 40 10 10
34 41 10 4
34 42 5 1
34 43 1 5
34 44 10 10
34 45 5 6
34 47 2 5
34 48 4 7
34 49 1 2
34 51 7 4
34 53 3 8
34 54 8 6
34 55 9 5
34 56 10 10
34 57 7 3
34 58 4 9
34 59 6 8
34 60 9 6
34 61 6 9
34 63 5 2
34 65 4 10
34 66 1 2
34 69 6 5
34 71 5 9
34 73 6 5
34 74 7 7
34 75 5 8
34 76 9 9
34 78 10 10
34 79 2 1
34 80 5 7
34 81 5 2
34 82 10 3
34 84 5 7
34 85 7 3
34 86 3 2
34 88 8 2
34 89 4 9
34 90 9 2
34 91 5 4
34 95 6 6
34 96 10 3
34 98 8 3
34 99 4 6
34 100 5 4
35 36 6 10
35 37 4 6
35 38 3 4
35 40 4 8
35 41 8 8
35 42 6 6
35 43 4 10
35 44 8 6
35 45 6 4
35 47 5 6
35 48 10 3
35 50 1 9
35 51 5 2
35 52 4 2
35 53 4 10
35 54 5 9
35 55 8 8
35 57 3 6
35 58 1 9
35 59 7 1
35 60 8 4
35 61 10 7
35 62 9 8
35 64 10 8
35 65 2 4
35 67 10 3
35 68 7 3
35 69 10 9
35 70 2 1
35 71 7 10
35 72 9 2
35 73 10 1
35 74 8 5
35 75 9 3
35 76 1 5
35 77 2 9
35 78 7 4
35 79 2 3
35 80 2 3
35 81 10 10
35 82 4 1
35 83 10 8
35 84 5 9
35 85 8 2
35 86 9 10
35 87 10 2
35 88 1 4
35 89 8 7
35 90 6 2
35 92 5 7
35 93 4 1
35 94 3 8
35 95 4 2
35 97 1 6
35 98 8 1
35 99 6 2
35 100 3 8
36 37 6 10
36 39 7 5
36 40 3 9
36 41 7 7
36 43 4 10
36 44 7 1
36 45 1 1
36 46 6 3
36 47 5 5
36 49 7 3
36 50 9 8
36 51 5 10
36 52 7 7
36 53 3 9
36 54 5 10
36 55 1 2
36 56 1 9
36 57 2 10
36 58 9 10
36 59 7 10
36 60 8 6
36 61 9 2
36 62 1 4
36 63 6 2
36 64 3 8
36 65 10 9
36 66 5 7
36 67 3 7
36 68 5 8
36 70 10 4
36 71 7 2
36 73 8 7
36 74 9 1
36 75 8 6
36 76 2 10
36 77 4 4
36 78 8 7
36 79 6 9
36 81 4 1
36 82 2 4
36 85 1 8
36 86 4 3
36 90 9 8
36 91 1 6
36 92 10 5
36 93 8 6
36 94 2 4
36 95 4 10
36 96 9 10
36 97 9 8
36 98 4 5
36 99 9 9
37 38 10 1
37 40 4 1
37 41 9 3
37 42 5 6
37 43 7 1
37 44 1 5
37 45 3 2
37 47 1 2
37 48 5 9
37 49 2 6
37 50 2 5
37 51 8 7
37 53 3 7
37 54 2 2
37 55 7 9
37 56 7 9
37 58 9 1
37 60 6 1
37 61 10 8
37 62 9 3
37 64 8 10
37 65 5 3
37 66 4 7
37 67 5 7
37 68 5 7
37 70 7 8
37 71 3 2
37 72 3 1
37 73 8 8
37 74 6 7
37 77 10 5
37 79 5 3
37 81 7 6
37 82 4 3
37 83 6 7
37 84 7 8
37 86 10 9
37 87 3 9
37 88 9 6
37 91 9 5
37 92 8 9
37 93 10 6
37 94 10 2
37 95 5 6
37 96 9 4
37 97 9 1
37 98 6 7
37 100 2 7
38 39 6 4
38 40 5 10
38 42 2 5
38 43 2 7
38 44 8 8
38 45 6 9
38 46 10 8
38 47 1 9
38 48 4 4
38 49 6 3
38 50 8 9
38 53 9 1
38 55 6 9
38 57 5 8
38 58 2 1
38 59 7 2
38 60 5 7
38 61 6 6
38 62 9 5
38 64 6 8
38 65 9 1
38 67 6 3
38 68 2 3
38 69 7 1
38 70 10 1
38 71 3 7
38 72 6 3
38 73 1 10
38 75 4 5
38 77 4 10
38 78 7 7
38 79 6 9
38 80 9 3
38 81 9 8
38 83 4 7
38 84 2 6
38 85 8 4
38 86 7 4
38 87 2 6
38 88 9 8
38 91 7 9
38 92 4 6
38 93 1 9
38 94 3 6
38 97 8 4
38 98 9 9
38 99 7 8
39 40 10 1
39 41 7 8
39 43 7 6
39 45 10 10
39 46 9 9
39 47 7 7
39 48 5 7
39 49 9 10
39 50 9 6
39 51 7 3
39 52 3 6
39 53 4 6
39 56 9 8
39 57 7 8
39 58 6 5
39 59 9 7
39 61 3 7
39 62 6 6
39 63 6 9
39 64 3 9
39 66 3 4
39 68 9 6
39 69 8 5
39 70 6 3
39 73 7 7
39 74 6 8
39 75 4 10
39 76 4 7
39 77 6 7
39 78 6 1
39 79 5 10
39 80 8 6
39 81 1 6
39 82 1 8
39 83 4 8
39 84 8 6
39 85 1 8
39 86 10 3
39 87 7 3
39 88 7 7
39 89 6 9
39 90 3 6
39 91 2 5
39 92 1 8
39 93 2 6
39 94 7 8
39 95 8 2
39 98 8 2
39 99 2 2
39 100 4 1
40 41 7 3
40 42 1 3
40 43 8 4
40 45 9 3
40 46 3 9
40 47 9 8
40 49 3 2
40 50 8 3
40 51 1 6
40 52 5 8
40 53 1 6
40 55 6 10
40 56 10 7
40 59 8 2
40 60 2 10
40 61 5 1
40 62 7 6
40 64 6 1
40 66 2 4
40 68 3 9
40 69 10 9
40 71 9 1
40 72 9 10
40 73 8 5
40 74 5 6
40 75 7 10
40 76 4 8
40 77 8 5
40 78 4 2
40 79 9 7
40 82 2 10
40 83 10 7
40 84 3 10
40 85 7 9
40 87 7 9
40 88 7 9
40 89 6 8
40 91 2 10
40 92 1 6
40 94 10 6
40 95 9 9
40 96 10 7
40 97 6 7
40 98 5 6
40 99 2 5
40 100 10 3
41 42 5 1
41 44 1 6
41 46 4 4
41 47 10 5
41 48 10 6
41 49 7 8
41 50 5 1
41 51 3 3
41 52 10 6
41 53 6 5
41 54 7 10
41 55 10 2
41 56 2 5
41 57 5 8
41 61 1 1
41 62 3 2
41 63 3 5
41 64 3 5
41 66 5 8
41 67 8 1
41 69 10 4
41 70 10 7
41 72 7 1
41 73 4 1
41 74 5 7
41 76 7 9
41 77 5 7
41 78 3 9
41 79 8 10
41 80 2 7
41 81 5 5
41 83 8 6
41 85 6 3
41 86 9 3
41 87 9 7
41 89 5 2
41 90 1 10
41 92 6 1
41 93 4 9
41 94 3 7
41 96 1 1
41 98 4 1
41 99 7 5
41 100 3 1
42 43 1 8
42 45 1 2
42 46 10 6
42 49 5 8
42 50 8 5
42 53 5 3
42 54 9 8
42 56 8 9
42 57 7 8
42 58 2 6
42 59 3 2
42 60 8 8
42 61 2 6
42 62 2 2
42 63 8 4
42 64 9 7
42 65 9 1
42 66 3 8
42 67 6 9
42 69 1 5
42 71 1 2
42 72 6 4
42 73 9 7
42 77 10 6
42 78 10 2
42 79 9 2
42 80 4 9
42 81 3 4
42 82 6 2
42 83 4 1
42 84 1 10
42 87 3 10
42 88 8 9
42 89 6 4
42 90 2 2
42 91 3 3
42 92 3 1
42 93 3 4
42 94 6 1
42 95 4 6
42 98 2 6
42 99 7 7
42 100 8 7
43 44 6 3
43 45 5 6
43 46 3 10
43 47 5 7
43 48 9 5
43 49 10 7
43 50 6 8
43 51 2 5
43 54 10 3
43 55 10 7
43 57 7 4
43 58 8 7
43 59 7 7
43 60 3 8
43 61 6 7
43 63 4 4
43 64 8 5
43 65 7 8
43 66 7 3
43 67 7 10
43 69 6 2
43 70 4 5
43 71 4 2
43 72 6 5
43 73 8 3
43 74 5 1
43 75 9 4
43 76 8 7
43 78 4 7
43 79 2 5
43 80 3 5
43 81 3 5
43 83 9 3
43 84 10 9
43 85 8 10
43 86 9 10
43 88 5 8
43 89 6 3
43 90 3 2
43 93 5 6
43 94 8 3
43 96 8 6
43 97 7 4
43 99 3 9
43 100 9 7
44 45 7 7
44 47 2 1
44 48 3 6
44 49 8 9
44 50 10 8
44 51 7 9
44 54 3 7
44 55 10 2
44 56 7 4
44 58 7 8
44 60 1 7
44 61 5 10
44 62 5 5
44 63 2 10
44 64 10 1
44 65 10 4
44 66 8 9
44 68 3 3
44 69 2 3
44 70 9 3
44 73 8 1
44 74 1 10
44 75 5 3
44 76 7 1
44 78 6 2
44 79 6 1
44 80 5 9
44 81 7 10
44 82 6 2
44 83 6 1
44 84 7 1
44 85 1 5
44 86 4 2
44 87 4 9
44 88 9 3
44 89 10 10
44 91 4 3
44 92 3 6
44 93 2 7
44 94 8 10
44 95 6 8
44 96 3 5
44 100 2 7
45 46 3 5
45 48 1 5
45 50 5 6
45 51 2 9
45 52 6 9
45 53 10 1
45 56 8 4
45 58 2 5
45 59 4 3
45 60 10 2
45 61 2 4
45 62 7 6
45 65 1 9
45 66 5 2
45 67 5 9
45 68 2 9
45 69 3 5
45 70 7 2
45 71 7 5
45 72 6 7
45 73 9 8
45 74 7 2
45 75 9 1
45 76 6 8
45 77 5 10
45 78 6 6
45 79 6 2
45 80 5 1
45 82 4 10
45 83 1 10
45 84 4 5
45 85 2 5
45 86 2 6
45 87 4 8
45 89 1 9
45 90 10 6
45 93 5 6
45 95 8 9
45 96 9 9
45 97 7 7
45 98 3 2
45 99 2 3
45 100 7 3
46 47 10 6
46 48 8 1
46 49 5 7
46 50 8 4
46 51 4 10
46 52 10 1
46 54 4 9
46 55 5 10
46 56 7 4
46 58 6 6
46 59 3 9
46 61 9 4
46 62 8 5
46 63 2 5
46 64 8 2
46 66 5 3
46 67 8 5
46 68 1 2
46 69 10 7
46 70 8 2
46 71 7 3
46 73 1 6
46 76 10 10
46 78 3 10
46 79 8 6
46 80 1 3
46 83 7 10
46 84 8 10
46 85 8 8
46 86 3 10
46 87 3 5
46 88 1 7
46 89 3 2
46 90 6 5
46 91 7 4
46 92 8 2
46 93 7 9
46 95 5 8
46 96 5 9
46 97 3 2
46 98 1 4
46 99 10 7
46 100 5 6
47 48 7 10
47 49 3 9
47 50 10 6
47 51 2 9
47 52 10 8
47 53 7 2
47 55 3 8
47 56 7 4
47 57 2 8
47 58 2 7
47 59 6 9
47 60 6 7
47 61 8 6
47 62 1 7
47 64 2 1
47 65 5 9
47 66 7 3
47 67 7 10
47 68 6 3
47 69 5 4
47 70 8 8
47 71 6 6
47 72 3 3
47 73 9 2
47 74 7 2
47 76 10 3
47 78 2 7
47 79 1 1
47 80 7 10
47 81 4 2
47 82 10 8
47 83 7 4
47 84 7 4
47 86 7 3
47 87 6 4
47 88 8 4
47 89 8 2
47 90 3 10
47 91 2 6
47 92 10 1
47 93 3 7
47 94 8 7
47 95 2 10
47 97 9 5
47 98 7 7
47 99 3 2
47 100 5 2
48 49 2 5
48 50 10 10
48 52 4 10
48 53 1 10
48 54 6 7
48 56 8 1
48 57 5 1
48 58 7 10
48 59 4 5
48 60 4 1
48 61 3 1
48 63 8 8
48 64 2 1
48 65 10 1
48 66 3 5
48 67 9 3
48 69 1 7
48 70 10 3
48 71 4 7
48 74 4 5
48 75 6 9
48 76 3 6
48 77 5 3
48 78 5 9
48 80 2 10
48 81 5 5
48 82 6 6
48 83 9 10
48 85 3 1
48 86 1 1
48 88 1 1
48 89 4 4
48 90 10 6
48 91 4 6
48 92 10 9
48 94 10 1
48 95 9 9
48 96 6 7
48 98 8 6
48 99 8 1
48 100 6 5
49 52 6 6
49 53 3 6
49 55 6 7
49 56 1 10
49 57 8 3
49 58 9 10
49 59 3 9
49 60 5 1
49 61 1 10
49 62 6 6
49 63 2 9
49 64 8 7
49 65 6 9
49 66 6 6
49 67 10 3
49 68 9 1
49 69 8 9
49 70 1 10
49 73 8 8
49 74 4 3
49 77 2 7
49 78 6 3
49 79 1 2
49 80 3 10
49 81 3 7
49 82 4 10
49 83 1 6
49 84 2 2
49 85 8 7
49 86 6 3
49 87 7 8
49 88 9 4
49 90 5 1
49 91 9 10
49 93 10 1
49 94 8 9
49 95 10 7
49 96 10 2
49 97 6 2
49 99 7 1
49 100 6 6
50 51 7 10
50 52 5 8
50 53 6 1
50 54 2 2
50 55 4 7
50 56 4 8
50 57 5 1
50 58 5 9
50 61 9 10
50 62 2 1
50 64 7 3
50 65 2 5
50 67 4 4
50 68 3 10
50 69 4 7
50 70 2 5
50 72 5 9
50 73 3 5
50 74 8 2
50 76 10 3
50 77 3 9
50 78 3 6
50 79 3 9
50 80 10 8
50 81 3 9
50 82 2 7
50 83 7 8
50 84 3 10
50 85 8 4
50 86 10 5
50 87 10 9
50 89 3 3
50 90 7 5
50 91 9 8
50 93 6 10
50 94 9 10
50 95 10 6
50 96 6 2
50 97 3 1
50 98 8 10
50 99 8 4
51 52 8 1
51 53 9 9
51 54 5 2
51 55 5 1
51 59 2 9
51 60 10 7
51 62 8 8
51 63 2 5
51 64 5 2
51 65 5 3
51 66 3 6
51 67 7 9
51 68 6 8
51 69 10 10
51 70 2 10
51 71 10 5
51 72 9 8
51 73 2 2
51 74 7 10
51 76 8 2
51 77 6 2
51 78 3 2
51 79 4 3
51 80 3 7
51 81 8 7
51 82 10 4
51 83 8 10
51 84 5 3
51 85 7 8
51 86 9 4
51 87 2 10
51 88 8 8
51 89 10 10
51 90 4 6
51 91 4 4
51 92 7 2
51 93 3 2
51 95 1 9
51 96 9 9
51 97 1 3
51 98 6 4
51 99 2 2
51 100 7 2
52 54 3 7
52 56 8 1
52 57 6 6
52 58 7 3
52 61 3 2
52 62 4 6
52 64 9 8
52 65 8 10
52 66 9 7
52 70 10 8
52 71 10 7
52 72 2 4
52 73 4 9
52 74 5 5
52 75 8 4
52 76 6 7
52 77 3 7
52 78 6 8
52 79 10 1
52 80 10 10
52 81 7 3
52 83 5 3
52 84 4 5
52 85 2 9
52 86 2 8
52 88 8 8
52 89 5 5
52 90 1 10
52 91 6 8
52 93 5 3
52 94 10 5
52 95 5 3
52 96 2 8
52 97 7 2
52 98 6 9
52 99 8 8
52 100 7 10
53 55 9 9
53 56 8 1
53 57 3 1
53 58 8 7
53 59 2 3
53 61 5 8
53 62 3 1
53 63 4 3
53 64 5 3
53 65 5 2
53 66 6 10
53 68 8 10
53 69 1 5
53 70 7 8
53 72 10 8
53 73 6 3
53 74 6 5
53 75 10 8
53 76 2 4
53 78 8 5
53 80 7 1
53 82 5 8
53 83 2 8
53 84 6 6
53 86 10 2
53 87 6 6
53 88 1 10
53 89 5 6
53 90 10 5
53 91 10 6
53 92 9 10
53 93 8 3
53 94 7 6
53 95 9 5
53 97 5 5
53 98 1 4
53 99 4 1
53 100 7 2
54 55 10 6
54 56 6 5
54 57 5 8
54 59 10 9
54 60 7 1
54 61 1 3
54 62 1 2
54 63 6 9
54 64 4 5
54 65 10 8
54 66 3 7
54 67 6 7
54 68 8 7
54 69 7 10
54 71 1 1
54 73 7 7
54 74 4 3
54 75 2 2
54 77 1 3
54 78 1 1
54 79 9 1
54 80 10 2
54 81 6 4
54 82 7 6
54 83 9 8
54 84 2 6
54 86 5 6
54 89 6 8
54 90 3 2
54 91 7 5
54 92 9 1
54 93 1 8
54 94 10 5
54 95 1 3
54 96 6 10
54 97 5 8
54 98 6 4
54 100 8 2
55 57 6 10
55 58 2 6
55 60 7 9
55 64 8 7
55 65 8 7
55 66 6 9
55 67 4 9
55 68 2 10
55 69 2 10
55 70 10 4
55 71 6 3
55 73 10 5
55 74 8 8
55 75 2 1
55 76 1 3
55 78 6 3
55 79 5 4
55 82 7 4
55 83 6 2
55 84 6 7
55 85 8 1
55 86 2 1
55 87 2 3
55 88 4 3
55 89 3 7
55 90 5 4
55 91 8 10
55 92 6 7
55 93 7 8
55 95 9 5
55 96 1 3
55 97 5 2
55 99 4 2
56 57 7 10
56 58 2 6
56 59 10 1
56 60 6 1
56 61 4 8
56 63 5 6
56 64 4 1
56 65 5 5
56 66 7 10
56 67 4 1
56 68 1 1
56 69 4 2
56 70 3 9
56 71 10 4
56 73 8 1
56 74 5 4
56 75 9 5
56 76 9 10
56 77 3 9
56 78 6 1
56 80 8 2
56 81 1 4
56 82 3 5
56 83 3 4
56 84 1 6
56 85 1 4
56 86 3 9
56 87 10 9
56 88 1 10
56 89 6 2
56 90 3 4
56 91 8 4
56 93 2 8
56 94 3 7
56 96 10 2
56 97 3 9
56 98 10 10
56 99 2 9
56 100 5 4
57 58 6 9
57 59 8 9
57 61 8 6
57 62 8 8
57 63 2 3
57 65 6 9
57 68 1 9
57 69 7 5
57 70 6 7
57 71 1 4
57 72 3 1
57 73 4 1
57 75 2 8
57 76 2 5
57 77 10 10
57 78 2 2
57 79 4 9
57 81 3 1
57 84 1 5
57 85 1 1
57 87 10 4
57 88 8 8
57 90 10 9
57 91 6 4
57 92 2 3
57 93 4 8
57 94 10 6
57 97 2 1
57 98 3 2
57 100 8 9
58 60 3 8
58 61 4 10
58 62 6 3
58 65 10 4
58 66 9 1
58 67 5 6
58 68 2 8
58 70 4 4
58 71 3 1
58 72 4 8
58 73 3 4
58 74 4 3
58 75 4 2
58 76 8 10
58 77 10 6
58 78 1 6
58 81 6 3
58 83 3 8
58 84 1 6
58 85 5 4
58 86 8 4
58 87 4 9
58 88 5 5
58 89 1 9
58 90 4 10
58 92 9 5
58 93 1 6
58 95 7 2
58 96 8 1
58 97 9 6
58 98 10 5
58 99 8 1
59 60 3 2
59 62 10 6
59 67 2 2
59 68 10 8
59 69 9 2
59 70 1 7
59 71 2 6
59 73 5 6
59 74 6 6
59 75 8 10
59 76 10 4
59 78 7 6
59 79 7 1
59 81 7 2
59 83 5 10
59 84 2 7
59 85 7 4
59 86 8 3
59 88 7 4
59 89 3 1
59 90 5 7
59 91 4 10
59 92 1 4
59 94 2 2
59 96 4 5
59 97 3 3
59 98 9 4
59 100 5 4
60 62 3 1
60 63 1 10
60 64 4 10
60 66 9 9
60 67 5 4
60 68 4 8
60 70 5 6
60 72 6 9
60 73 2 5
60 74 8 7
60 75 9 6
60 77 9 10
60 79 9 8
60 80 4 8
60 82 10 10
60 83 7 4
60 84 1 9
60 85 8 6
60 86 10 9
60 87 10 2
60 88 6 8
60 89 9 2
60 90 8 8
60 91 5 8
60 92 4 7
60 93 10 4
60 94 2 1
60 95 5 6
60 96 9 4
60 97 6 2
60 98 4 9
60 99 10 7
60 100 9 8
61 62 3 4
61 63 8 7
61 64 2 3
61 67 6 6
61 68 8 4
61 69 1 2
61 70 4 2
61 73 2 6
61 75 3 4
61 76 5 4
61 78 9 4
61 79 5 5
61 82 5 5
61 83 7 10
61 84 5 10
61 85 7 1
61 86 6 2
61 88 6 5
61 90 3 10
61 91 1 7
61 92 10 3
61 94 1 2
61 96 1 6
61 97 10 4
61 98 9 8
62 63 5 8
62 65 4 3
62 66 6 2
62 67 1 6
62 68 10 1
62 69 3 5
62 70 10 1
62 71 9 10
62 73 6 10
62 75 1 3
62 76 7 5
62 77 5 2
62 78 1 7
62 79 9 7
62 80 7 10
62 82 7 1
62 85 10 7
62 86 8 2
62 87 7 4
62 88 8 1
62 89 8 4
62 90 2 5
62 92 5 5
62 93 6 2
62 94 5 1
62 95 4 9
62 96 3 3
62 97 3 6
62 98 10 10
62 99 2 9
63 64 3 8
63 65 1 9
63 66 8 8
63 67 8 1
63 68 2 4
63 69 5 10
63 71 6 8
63 72 5 7
63 73 7 6
63 74 3 4
63 75 7 10
63 76 5 1
63 77 7 8
63 78 10 9
63 79 3 1
63 81 8 5
63 82 6 7
63 83 7 10
63 84 1 7
63 85 10 8
63 86 8 7
63 87 9 3
63 89 3 1
63 90 2 2
63 91 6 4
63 92 6 6
63 93 9 10
63 94 9 10
63 96 2 4
63 97 3 4
63 99 6 8
63 100 1 8
64 65 2 10
64 66 4 2
64 67 2 2
64 68 7 7
64 69 9 8
64 70 7 6
64 71 6 3
64 72 6 5
64 73 7 7
64 74 2 9
64 75 6 5
64 77 7 2
64 78 9 1
64 80 6 6
64 81 7 7
64 82 9 9
64 83 5 3
64 84 9 6
64 86 4 8
64 87 4 1
64 88 3 7
64 89 3 10
64 90 5 9
64 91 6 4
64 92 1 9
64 93 3 10
64 94 7 8
64 96 5 6
64 98 2 5
64 99 6 10
65 67 7 6
65 68 3 1
65 69 5 4
65 70 10 2
65 71 2 3
65 72 4 6
65 74 3 1
65 75 8 6
65 76 9 3
65 78 9 10
65 79 2 1
65 81 10 4
65 82 8 10
65 83 7 3
65 85 1 2
65 86 6 1
65 88 2 2
65 89 10 5
65 90 6 9
65 91 1 4
65 92 2 1
65 93 2 10
65 94 3 10
65 95 1 9
65 96 6 7
65 97 2 5
65 99 3 4
65 100 4 9
66 68 4 8
66 69 9 4
66 70 4 3
66 71 3 1
66 73 9 1
66 74 8 2
66 76 9 2
66 78 3 2
66 79 1 1
66 80 5 5
66 81 4 10
66 82 2 5
66 85 3 4
66 86 7 10
66 87 10 7
66 88 4 3
66 89 7 4
66 90 9 5
66 92 5 10
66 93 4 10
66 95 4 7
66 96 2 1
66 97 6 4
66 100 6 8
67 68 10 7
67 69 4 5
67 71 6 10
67 72 6 1
67 73 3 8
67 74 5 8
67 75 6 9
67 76 7 8
67 77 9 4
67 78 3 2
67 80 4 1
67 81 4 8
67 82 10 3
67 83 3 4
67 84 6 8
67 86 2 2
67 87 8 4
67 88 5 3
67 89 6 8
67 90 7 9
67 91 7 2
67 92 9 5
67 94 4 3
67 95 4 9
67 96 3 7
67 97 3 3
67 98 5 8
67 99 6 4
67 100 6 8
68 69 8 7
68 70 3 2
68 71 6 7
68 72 10 3
68 73 1 9
68 74 10 1
68 75 3 7
68 76 8 2
68 77 1 2
68 78 2 9
68 79 1 6
68 81 5 8
68 82 1 8
68 83 8 9
68 84 8 2
68 85 5 1
68 86 9 3
68 87 8 7
68 88 7 1
68 90 10 6
68 91 5 10
68 92 10 9
68 93 8 5
68 94 6 3
68 95 1 3
68 98 8 8
68 100 9 5
69 70 4 8
69 72 5 1
69 73 7 2
69 74 4 3
69 76 5 10
69 77 9 10
69 78 3 5
69 80 2 2
69 81 4 3
69 82 7 7
69 84 3 7
69 85 3 2
69 86 4 7
69 87 7 6
69 88 6 4
69 90 9 9
69 93 2 10
69 94 5 2
69 96 6 5
69 98 3 5
69 99 5 2
69 100 3 1
70 71 10 2
70 73 3 9
70 74 9 4
70 75 9 10
70 76 6 7
70 77 5 1
70 78 9 10
70 79 6 9
70 80 8 3
70 81 1 1
70 82 1 8
70 83 7 4
70 84 8 8
70 85 8 9
70 86 6 6
70 87 10 7
70 88 3 8
70 89 7 8
70 90 3 9
70 91 5 1
70 92 1 4
70 93 8 3
70 94 10 5
70 95 7 10
70 96 1 1
70 97 1 3
70 98 10 10
70 99 3 3
70 100 1 1
71 72 8 10
71 73 3 4
71 74 8 5
71 75 6 10
71 77 2 7
71 78 8 10
71 79 9 10
71 81 3 2
71 82 2 9
71 83 9 5
71 84 3 10
71 85 5 6
71 86 6 9
71 88 2 9
71 89 5 2
71 93 2 9
71 94 10 4
71 95 10 1
71 97 5 9
71 98 7 1
71 99 3 1
71 100 6 1
72 73 1 2
72 75 6 9
72 77 9 2
72 78 3 3
72 79 5 1
72 80 3 1
72 81 3 5
72 82 1 4
72 83 4 5
72 84 7 8
72 86 7 5
72 88 5 10
72 89 4 7
72 90 8 3
72 91 7 5
72 92 4 3
72 93 9 6
72 95 2 9
72 96 5 1
72 97 3 4
72 98 10 7
72 99 5 3
72 100 10 1
73 74 2 1
73 75 9 7
73 76 8 2
73 77 5 10
73 78 7 8
73 79 3 3
73 80 6 5
73 82 5 9
73 83 2 10
73 84 2 5
73 87 9 10
73 88 1 10
73 89 5 6
73 90 1 5
73 91 10 3
73 92 3 2
73 93 4 6
73 94 7 6
73 95 10 3
73 96 9 5
73 97 5 6
73 98 6 8
73 99 6 7
73 100 3 7
74 75 6 7
74 76 3 1
74 78 1 9
74 79 6 1
74 80 4 5
74 81 10 6
74 82 5 1
74 84 3 7
74 85 4 9
74 86 10 3
74 87 6 7
74 88 5 6
74 91 7 6
74 93 7 5
74 94 3 10
74 95 9 9
74 96 8 7
74 98 1 1
74 99 8 10
74 100 10 7
75 76 3 2
75 77 2 1
75 80 6 10
75 81 8 6
75 82 9 6
75 83 2 6
75 84 7 5
75 85 1 9
75 86 1 1
75 88 7 4
75 89 8 8
75 90 3 2
75 91 5 3
75 93 5 9
75 94 5 9
75 95 3 9
75 96 9 8
75 98 3 2
75 100 8 5
76 77 1 3
76 78 10 8
76 81 3 8
76 82 2 5
76 83 8 4
76 84 3 8
76 85 4 2
76 86 5 10
76 87 3 7
76 88 9 7
76 89 9 9
76 92 6 6
76 93 3 6
76 94 5 2
76 95 1 10
76 96 2 8
76 97 7 10
76 98 8 1
76 99 4 8
76 100 6 8
77 78 3 3
77 79 4 10
77 80 9 8
77 81 1 8
77 82 8 10
77 83 3 2
77 84 9 4
77 85 3 6
77 86 7 9
77 87 8 10
77 88 2 9
77 89 6 4
77 90 7 6
77 91 7 7
77 93 2 4
77 94 8 5
77 95 8 1
77 96 10 8
77 98 9 5
77 99 2 5
77 100 10 8
78 82 9 5
78 84 10 2
78 85 5 2
78 86 9 8
78 87 3 7
78 89 7 7
78 90 5 6
78 91 9 10
78 92 1 2
78 93 10 5
78 95 4 4
78 96 2 3
78 97 9 3
78 98 1 3
78 99 7 7
78 100 7 1
79 80 3 5
79 81 1 4
79 82 8 10
79 83 1 7
79 84 2 2
79 85 1 9
79 86 7 6
79 88 1 2
79 89 4 3
79 90 2 6
79 91 3 10
79 92 4 1
79 93 1 3
79 94 9 7
79 95 2 4
79 96 8 6
79 97 7 1
79 98 5 6
79 99 2 8
79 100 3 4
80 81 5 7
80 82 10 8
80 84 10 3
80 85 1 1
80 87 9 1
80 88 1 9
80 90 2 6
80 91 10 7
80 92 8 6
80 94 5 5
80 95 6 4
80 96 8 10
80 97 4 7
80 98 8 1
80 99 6 10
81 82 2 7
81 83 10 7
81 84 1 10
81 85 1 9
81 86 10 9
81 87 7 8
81 88 6 4
81 89 7 10
81 90 1 8
81 91 10 8
81 92 7 1
81 93 9 10
81 94 3 10
81 95 5 4
81 96 9 7
81 97 9 9
81 98 8 9
81 99 10 3
81 100 10 6
82 83 2 4
82 84 9 5
82 85 3 7
82 86 10 1
82 87 9 4
82 89 4 2
82 90 8 3
82 91 5 3
82 93 3 6
82 94 10 9
82 95 5 6
82 96 8 6
82 98 5 1
82 99 10 1
82 100 4 2
83 84 6 10
83 86 5 4
83 87 4 4
83 89 9 4
83 91 8 1
83 92 9 8
83 93 2 2
83 94 7 8
83 95 1 3
83 96 1 10
83 97 7 10
83 98 3 7
83 100 5 7
84 85 1 8
84 87 6 6
84 88 6 4
84 89 10 2
84 90 4 10
84 91 6 5
84 92 1 2
84 95 10 2
84 96 10 5
84 98 4 4
84 99 1 1
84 100 3 6
85 86 4 7
85 87 1 2
85 89 7 5
85 90 7 8
85 91 4 4
85 92 7 7
85 94 6 1
85 96 1 4
85 97 10 2
85 98 3 10
85 99 2 1
85 100 3 9
86 88 2 8
86 89 4 4
86 90 4 7
86 91 9 2
86 92 8 10
86 93 5 2
86 94 1 9
86 95 3 8
86 96 1 6
86 97 10 10
86 98 3 7
86 99 10 7
86 100 4 1
87 88 3 1
87 89 10 2
87 90 10 6
87 91 3 6
87 93 10 7
87 94 1 8
87 95 8 2
87 96 10 9
87 97 7 6
87 98 3 1
87 99 7 2
87 100 4 5
88 90 10 2
88 91 1 5
88 92 8 8
88 94 3 5
88 95 4 8
88 96 6 8
88 97 6 1
88 98 10 9
88 99 9 8
88 100 7 8
89 90 10 9
89 91 6 1
89 92 3 5
89 93 5 5
89 94 1 10
89 95 8 8
89 97 9 8
89 98 8 4
89 100 6 8
90 91 6 9
90 92 3 4
90 94 2 7
90 95 9 6
90 96 10 4
90 98 10 6
90 99 6 8
90 100 7 7
91 92 2 2
91 93 4 1
91 94 1 10
91 96 7 1
91 97 5 1
91 98 4 4
91 100 3 4
92 94 7 7
92 95 1 3
92 96 3 5
92 97 1 7
92 98 5 2
92 99 9 9
92 100 4 2
93 94 10 5
93 95 1 1
93 96 6 3
93 97 2 6
93 98 5 7
93 100 3 1
94 96 5 9
94 97 5 6
94 98 6 4
94 99 8 10
94 100 1 3
95 96 9 7
95 98 6 3
95 99 1 6
95 100 8 9
96 97 1 6
96 99 2 2
96 100 1 8
97 98 8 6
97 99 10 4
97 100 8 9
98 99 10 1
98 100 4 10
99 100 1 7
1
1 2 3 4 5 6 7 8 9 10 11 12 13 14 15 16 17 18 19 20 21 22 23 24 25 26 27 28 29 30 31 32 33 34 35 36 37 38 39 40 41 42 43 44 45 46 47 48 49 50
