3982
1 2 6 9
1 4 7 4
1 5 8 1
1 6 7 3
1 7 2 5
1 8 1 7
1 9 10 6
1 10 9 5
1 12 7 2
1 13 3 7
1 14 4 6
1 15 7 6
1 16 3 10
1 17 7 9
1 18 4 2
1 19 5 3
1 20 6 2
1 21 10 6
1 22 1 3
1 23 7 3
1 24 4 1
1 25 10 9
1 26 10 1
1 27 10 2
1 30 10 3
1 31 9 1
1 32 1 3
1 34 2 5
1 35 7 9
1 36 4 5
1 38 4 4
1 40 5 1
1 42 10 6
1 43 5 4
1 44 7 1
1 45 9 8
1 46 9 5
1 47 10 1
1 49 6 10
1 50 5 8
1 52 4 1
1 53 2 10
1 54 8 6
1 55 6 6
1 57 6 1
1 58 4 2
1 59 5 10
1 60 2 6
1 61 4 3
1 62 10 2
1 63 9 10
1 65 5 2
1 67 3 4
1 68 4 6
1 70 4 2
1 71 10 7
1 73 3 1
1 76 3 10
1 77 6 5
1 80 2 10
1 81 7 9
1 82 7 2
1 83 1 5
1 84 9 2
1 85 4 7
1 86 7 4
1 87 9 8
1 90 5 1
1 94 9 2
1 96 6 1
1 97 3 10
1 98 2 4
1 99 10 2
2 3 5 1
2 5 9 1
2 6 4 6
2 8 9 5
2 9 2 9
2 10 9 1
2 11 9 2
2 12 5 2
2 13 4 5
2 14 9 7
2 15 9 6
2 16 1 7
2 17 9 9
2 20 3 10
2 21 9 7
2 22 5 5
2 23 5 2
2 24 9 9
2 25 6 1
2 26 1 8
2 27 2 7
2 28 2 7
2 30 4 2
2 31 4 6
2 33 8 8
2 34 8 5
2 36 7 1
2 37 8 6
2 39 8 2
2 40 5 8
2 41 8 4
2 42 9 9
2 45 10 8
2 46 7 9
2 47 8 7
2 48 2 9
2 50 8 4
2 52 8 1
2 53 1 6
2 54 8 6
2 56 5 10
2 57 10 1
2 58 5 9
2 59 2 5
2 61 7 1
2 62 5 6
2 63 6 6
2 64 7 5
2 66 5 7
2 67 6 8
2 68 4 5
2 70 7 2
2 73 3 1
2 76 1 1
2 77 10 2
2 78 4 6
2 79 3 3
2 81 9 7
2 82 1 1
2 85 6 3
2 86 4 3
2 87 1 6
2 89 9 1
2 90 10 1
2 91 7 8
2 92 10 9
2 93 9 3
2 94 5 1
2 95 7 3
2 96 1 5
2 97 6 10
2 98 1 2
2 99 9 10
2 100 8 8
3 4 1 4
3 6 8 3
3 7 6 2
3 8 5 4
3 9 1 10
3 10 5 2
3 11 6 3
3 12 5 10
3 15 4 10
3 16 5 3
3 17 10 2
3 19 8 10
3 20 2 5
3 21 3 4
3 22 6 9
3 23 5 10
3 24 9 2
3 25 5 5
3 26 6 5
3 27 5 9
3 28 10 4
3 29 5 4
3 30 8 3
3 31 2 4
3 32 8 4
3 33 1 2
3 34 1 1
3 35 5 8
3 36 1 1
3 37 7 4
3 38 2 1
3 40 5 8
3 41 3 9
3 42 10 4
3 43 6 7
3 44 5 9
3 45 4 9
3 46 1 7
3 47 2 2
3 48 4 10
3 49 8 1
3 50 7 1
3 52 2 6
3 56 6 5
3 57 9 3
3 58 2 1
3 60 10 5
3 61 5 3
3 62 8 1
3 63 8 2
3 64 1 9
3 66 2 6
3 67 8 10
3 68 9 6
3 71 7 6
3 72 6 8
3 73 6 5
3 74 9 2
3 75 5 7
3 76 9 7
3 77 6 4
3 79 3 7
3 80 4 7
3 81 3 2
3 82 1 2
3 83 3 3
3 84 6 8
3 86 5 5
3 87 7 1
3 88 7 10
3 89 1 5
3 90 3 10
3 91 1 10
3 93 4 6
3 96 5 1
3 97 7 7
3 99 4 6
3 100 10 5
4 5 1 7
4 6 3 6
4 7 9 8
4 8 2 10
4 9 6 10
4 10 7 1
4 11 1 10
4 12 6 9
4 13 6 4
4 14 3 7
4 15 3 2
4 16 7 10
4 17 5 10
4 18 9 2
4 19 10 7
4 20 4 8
4 21 6 3
4 23 4 3
4 24 1 2
4 25 7 7
4 26 2 1
4 27 9 5
4 29 2 3
4 30 2 4
4 31 10 6
4 32 4 7
4 33 4 3
4 34 9 9
4 37 8 7
4 39 4 4
4 40 7 3
4 41 2 7
4 43 5 8
4 44 4 5
4 46 10 10
4 47 1 1
4 48 8 4
4 50 3 6
4 52 10 4
4 53 6 1
4 54 6 10
4 56 1 3
4 57 10 6
4 59 4 6
4 60 4 3
4 61 4 10
4 62 10 8
4 64 5 4
4 65 5 10
4 66 7 7
4 67 7 9
4 68 7 1
4 69 1 1
4 70 10 7
4 72 5 10
4 73 3 5
4 74 8 8
4 75 4 8
4 76 8 8
4 78 8 1
4 79 4 1
4 81 1 1
4 82 9 3
4 83 6 10
4 84 6 10
4 85 9 3
4 86 6 3
4 87 6 9
4 88 6 1
4 89 5 10
4 90 10 1
4 92 7 10
4 94 10 5
4 95 8 3
4 96 7 9
4 97 10 4
4 98 6 10
4 100 2 1
5 6 4 3
5 7 10 1
5 8 10 2
5 10 9 2
5 11 8 4
5 13 7 3
5 14 1 1
5 15 9 8
5 17 3 8
5 18 4 9
5 19 4 4
5 20 1 2
5 21 7 10
5 23 10 5
5 24 2 2
5 25 4 2
5 26 3 4
5 27 9 4
5 28 9 4
5 29 7 10
5 31 5 8
5 32 5 4
5 34 8 3
5 35 10 8
5 36 6 2
5 37 6 4
5 38 10 6
5 40 6 3
5 43 8 6
5 46 2 6
5 47 4 6
5 48 10 2
5 49 10 5
5 50 10 9
5 52 2 3
5 53 2 3
5 54 9 7
5 55 9 3
5 56 1 2
5 57 1 4
5 58 2 2
5 59 8 5
5 60 1 10
5 61 9 3
5 62 8 1
5 64 10 3
5 65 3 7
5 66 8 1
5 67 4 9
5 68 5 2
5 69 6 5
5 70 3 1
5 73 2 9
5 74 4 9
5 75 1 7
5 76 7 10
5 77 7 1
5 78 8 10
5 79 2 1
5 80 8 3
5 81 7 10
5 83 3 2
5 84 9 1
5 85 9 2
5 86 4 2
5 89 5 6
5 90 8 7
5 91 8 9
5 92 9 7
5 93 6 8
5 94 2 1
5 95 4 9
5 96 10 1
5 98 3 5
5 99 1 1
6 9 10 6
6 10 4 6
6 11 6 8
6 13 8 7
6 14 4 2
6 15 4 1
6 16 4 9
6 18 6 8
6 19 10 10
6 20 9 3
6 21 5 7
6 24 6 9
6 25 2 2
6 26 9 1
6 27 6 1
6 28 5 10
6 29 10 4
6 30 5 2
6 31 9 7
6 33 7 5
6 34 7 3
6 36 4 2
6 38 1 9
6 39 7 1
6 40 4 9
6 42 6 6
6 43 10 5
6 45 6 3
6 46 6 7
6 47 7 2
6 49 4 8
6 50 2 10
6 51 6 7
6 52 8 8
6 54 10 8
6 56 7 3
6 57 7 1
6 59 8 7
6 60 7 9
6 62 9 8
6 64 7 8
6 65 7 5
6 66 4 9
6 67 10 2
6 68 2 2
6 69 4 6
6 70 5 3
6 71 1 5
6 73 4 4
6 74 8 4
6 76 2 8
6 77 10 1
6 78 3 6
6 79 3 10
6 80 6 3
6 82 8 3
6 83 9 9
6 84 7 1
6 85 5 6
6 86 2 8
6 87 1 7
6 88 1 8
6 89 7 2
6 90 2 2
6 91 5 3
6 92 9 9
6 93 7 6
6 94 4 7
6 96 8 7
6 99 7 10
6 100 10 3
7 8 5 1
7 9 1 2
7 10 9 5
7 11 4 2
7 12 6 5
7 14 2 4
7 16 9 3
7 17 10 7
7 18 8 7
7 19 3 8
7 20 7 6
7 21 7 6
7 22 8 4
7 23 9 9
7 24 6 6
7 25 7 10
7 28 3 2
7 29 10 10
7 30 1 2
7 31 8 3
7 32 3 6
7 33 8 1
7 34 3 2
7 35 7 7
7 38 6 4
7 39 5 7
7 40 1 10
7 41 3 6
7 42 1 8
7 43 10 7
7 44 1 2
7 45 6 8
7 46 1 8
7 48 7 4
7 49 1 4
7 50 3 3
7 51 5 6
7 53 8 4
7 54 7 4
7 55 9 5
7 56 3 2
7 58 8 9
7 59 9 9
7 60 7 5
7 61 10 9
7 63 1 7
7 64 3 4
7 66 6 6
7 67 7 3
7 68 8 5
7 69 10 1
7 70 3 8
7 71 2 6
7 72 10 1
7 73 5 9
7 74 10 3
7 75 10 7
7 76 7 1
7 77 7 7
7 78 2 6
7 79 10 3
7 80 6 4
7 81 1 8
7 82 1 4
7 83 9 4
7 84 5 3
7 85 7 10
7 87 9 3
7 88 5 4
7 90 3 4
7 91 10 1
7 92 8 10
7 93 2 4
7 94 3 10
7 96 9 3
7 97 6 3
7 98 7 5
7 99 1 4
8 9 4 5
8 10 5 6
8 11 9 10
8 12 5 9
8 13 2 6
8 15 2 5
8 18 7 10
8 19 7 10
8 20 10 10
8 21 7 1
8 22 7 8
8 23 9 1
8 24 3 8
8 25 9 5
8 26 9 7
8 27 3 1
8 28 4 1
8 29 1 4
8 30 8 2
8 31 3 1
8 33 3 6
8 34 4 6
8 35 4 9
8 36 7 3
8 37 7 7
8 38 10 8
8 40 8 9
8 41 4 8
8 42 8 5
8 43 9 7
8 45 7 7
8 46 7 7
8 48 2 2
8 49 8 3
8 50 7 1
8 51 7 1
8 52 6 1
8 54 5 5
8 55 2 8
8 56 5 5
8 57 8 1
8 59 1 6
8 60 8 1
8 61 7 6
8 62 6 8
8 63 2 2
8 64 4 7
8 65 2 8
8 66 1 9
8 67 9 2
8 68 9 9
8 69 1 4
8 71 2 4
8 72 4 1
8 73 5 7
8 74 9 7
8 75 2 4
8 76 8 7
8 77 8 9
8 79 8 10
8 80 3 4
8 82 8 8
8 83 2 8
8 84 4 3
8 85 5 6
8 86 7 2
8 89 6 8
8 90 10 8
8 91 6 7
8 92 10 8
8 93 4 5
8 94 1 4
8 95 3 5
8 96 8 2
8 97 2 5
8 98 2 2
8 99 1 5
9 10 1 3
9 11 10 3
9 12 1 9
9 13 6 2
9 14 8 3
9 15 2 10
9 16 9 5
9 17 2 3
9 19 4 9
9 20 9 5
9 21 5 7
9 22 2 8
9 23 2 7
9 25 5 5
9 27 7 7
9 28 1 4
9 30 2 1
9 31 10 7
9 33 4 6
9 34 10 9
9 35 4 9
9 36 7 7
9 37 7 3
9 40 6 6
9 41 3 7
9 42 9 3
9 43 1 7
9 44 5 8
9 45 9 10
9 46 2 8
9 49 5 3
9 50 8 2
9 53 8 2
9 54 9 9
9 55 6 8
9 56 3 9
9 57 10 10
9 58 7 9
9 59 3 6
9 60 2 6
9 61 4 8
9 62 6 5
9 63 4 5
9 64 3 5
9 65 1 1
9 67 6 1
9 68 6 7
9 69 6 7
9 70 8 9
9 72 8 8
9 73 7 4
9 74 9 3
9 75 9 10
9 76 8 7
9 77 5 4
9 78 4 4
9 79 8 7
9 80 9 10
9 81 3 8
9 82 9 6
9 83 6 8
9 84 9 6
9 85 5 3
9 86 5 9
9 87 1 7
9 88 6 2
9 90 1 4
9 91 7 6
9 92 5 1
9 93 9 9
9 94 1 9
9 96 6 6
9 97 5 2
9 98 3 4
9 99 7 7
9 100 8 1
10 11 10 5
10 12 5 7
10 13 2 9
10 14 9 8
10 15 2 3
10 16 9 6
10 17 3 8
10 20 4 3
10 21 3 3
10 22 6 7
10 23 2 10
10 26 10 8
10 27 4 2
10 28 5 2
10 29 3 1
10 30 10 8
10 31 3 5
10 32 7 8
10 33 3 10
10 34 2 3
10 35 3 9
10 37 7 3
10 38 5 3
10 40 6 5
10 41 5 2
10 42 7 3
10 44 10 3
10 45 10 8
10 46 9 9
10 47 5 7
10 48 5 2
10 49 10 3
10 50 7 4
10 51 7 2
10 52 10 2
10 53 2 8
10 54 1 4
10 55 8 1
10 56 4 8
10 57 1 6
10 59 1 1
10 60 2 10
10 61 7 8
10 62 8 4
10 63 4 3
10 64 6 7
10 65 7 6
10 66 3 4
10 67 10 2
10 68 8 8
10 69 2 6
10 70 5 9
10 74 1 9
10 75 6 1
10 76 1 7
10 77 1 4
10 79 9 4
10 81 3 1
10 82 8 1
10 83 10 9
10 84 4 9
10 85 7 7
10 86 8 1
10 88 4 5
10 89 7 3
10 90 10 2
10 91 2 4
10 92 9 7
10 93 9 10
10 94 10 8
10 95 8 3
10 96 4 2
10 97 9 6
10 98 9 5
10 99 9 5
10 100 1 2
11 12 9 3
11 14 3 10
11 15 4 8
11 16 7 6
11 18 4 9
11 19 3 9
11 20 1 4
11 22 7 4
11 27 1 9
11 31 8 6
11 33 9 7
11 34 9 7
11 35 6 7
11 36 5 7
11 37 6 10
11 38 5 6
11 40 7 6
11 41 1 2
11 42 1 2
11 43 3 3
11 44 2 10
11 45 4 8
11 46 6 7
11 47 9 5
11 48 3 7
11 52 9 3
11 54 2 10
11 55 1 1
11 56 5 5
11 57 6 4
11 59 4 7
11 60 4 5
11 62 9 1
11 64 10 1
11 66 5 9
11 67 2 4
11 68 9 3
11 69 9 3
11 70 5 1
11 72 8 2
11 73 8 6
11 74 2 4
11 75 3 3
11 76 9 8
11 77 2 9
11 78 7 8
11 79 1 8
11 80 5 7
11 81 1 9
11 82 7 8
11 83 10 4
11 84 10 5
11 86 7 4
11 87 8 2
11 88 2 2
11 89 1 1
11 90 1 8
11 91 8 8
11 92 5 9
11 93 10 7
11 94 5 8
11 95 9 4
11 96 3 9
11 97 3 10
11 100 5 4
12 14 3 6
12 15 3 3
12 16 1 9
12 17 6 6
12 18 10 8
12 19 1 3
12 20 2 6
12 21 3 2
12 22 1 6
12 23 2 1
12 24 4 6
12 25 2 5
12 26 10 5
12 27 9 2
12 28 8 2
12 29 5 8
12 30 3 10
12 31 2 6
12 32 3 4
12 34 9 3
12 35 7 7
12 36 3 1
12 37 10 9
12 38 7 5
12 39 5 3
12 40 10 5
12 41 10 2
12 43 9 1
12 44 3 4
12 46 10 1
12 47 8 4
12 48 4 10
12 50 10 4
12 51 10 5
12 52 8 10
12 53 10 3
12 55 1 2
12 56 2 3
12 57 8 7
12 58 5 5
12 59 6 6
12 60 3 8
12 61 10 4
12 63 2 10
12 64 4 1
12 65 4 10
12 68 1 9
12 69 5 8
12 70 5 9
12 71 1 7
12 72 8 1
12 73 8 8
12 74 8 9
12 77 9 1
12 79 5 5
12 81 7 2
12 82 5 8
12 83 6 9
12 84 1 4
12 86 1 4
12 87 1 7
12 89 4 8
12 90 9 4
12 91 4 9
12 92 6 4
12 93 4 5
12 95 10 6
12 96 7 3
12 98 6 1
12 99 2 8
12 100 6 1
13 15 8 7
13 16 6 4
13 17 6 4
13 20 5 9
13 21 2 9
13 22 6 2
13 23 7 2
13 25 8 4
13 26 8 8
13 28 2 7
13 29 9 6
13 30 3 3
13 32 4 2
13 33 2 1
13 34 7 5
13 35 1 3
13 36 5 1
13 37 5 10
13 38 1 6
13 40 5 3
13 41 6 2
13 42 3 10
13 43 8 4
13 44 8 5
13 45 7 7
13 46 6 5
13 48 7 2
13 51 7 7
13 52 7 10
13 53 8 9
13 54 10 6
13 55 3 1
13 56 2 8
13 57 3 4
13 59 6 7
13 60 8 9
13 61 1 10
13 62 1 4
13 63 8 7
13 65 7 10
13 66 8 5
13 68 6 6
13 69 1 1
13 70 10 3
13 72 1 6
13 73 5 3
13 74 8 9
13 75 1 10
13 76 9 5
13 77 2 1
13 78 6 3
13 79 7 3
13 80 3 4
13 81 9 5
13 82 9 9
13 84 4 8
13 86 7 1
13 87 10 7
13 88 4 8
13 89 3 3
13 90 6 3
13 91 10 5
13 92 4 8
13 93 4 4
13 94 4 8
13 96 10 3
13 97 8 3
13 100 8 1
14 15 7 4
14 16 4 4
14 17 9 7
14 18 4 6
14 19 9 7
14 20 8 9
14 21 9 3
14 22 8 4
14 23 9 8
14 24 9 4
14 25 5 9
14 26 9 7
14 27 2 1
14 29 4 3
14 30 9 6
14 31 3 1
14 32 9 8
14 34 4 3
14 36 3 4
14 37 8 10
14 39 7 3
14 40 4 2
14 41 6 9
14 42 6 1
14 43 5 2
14 45 8 4
14 47 9 1
14 48 4 10
14 49 3 9
14 50 10 10
14 52 7 3
14 53 6 2
14 54 2 2
14 55 5 7
14 56 6 2
14 57 6 4
14 58 10 9
14 59 2 3
14 61 2 1
14 62 3 10
14 63 10 4
14 64 3 7
14 66 1 9
14 67 10 1
14 68 10 2
14 69 1 10
14 70 3 9
14 71 6 3
14 73 6 1
14 74 7 9
14 75 7 6
14 76 1 3
14 77 8 8
14 78 6 10
14 79 2 4
14 80 2 2
14 81 9 2
14 82 8 3
14 83 10 8
14 87 8 10
14 88 7 1
14 89 10 9
14 91 3 8
14 92 3 5
14 93 5 7
14 94 1 1
14 95 7 5
14 96 9 1
14 97 7 9
14 98 8 5
14 99 9 7
14 100 3 5
15 16 10 7
15 17 9 9
15 18 8 7
15 19 3 2
15 20 10 10
15 21 4 10
15 22 3 4
15 24 2 7
15 25 5 2
15 27 3 8
15 28 9 10
15 30 3 9
15 31 2 7
15 32 10 9
15 33 5 10
15 34 2 8
15 35 9 2
15 36 4 3
15 37 9 8
15 38 5 1
15 39 4 4
15 40 1 1
15 41 6 4
15 42 6 2
15 43 4 5
15 44 8 5
15 46 1 2
15 47 2 10
15 50 7 8
15 53 10 8
15 54 9 10
15 55 7 4
15 56 9 6
15 57 3 10
15 58 8 10
15 59 8 9
15 60 9 3
15 61 7 10
15 62 1 7
15 63 7 5
15 64 5 9
15 65 4 8
15 66 10 3
15 67 5 5
15 69 8 5
15 70 2 4
15 71 5 6
15 72 8 6
15 73 4 1
15 74 8 6
15 75 7 7
15 76 9 1
15 77 2 9
15 78 6 6
15 79 10 2
15 82 4 4
15 83 1 8
15 84 1 7
15 85 6 4
15 86 1 3
15 88 1 4
15 89 3 6
15 90 4 8
15 91 3 5
15 94 8 4
15 96 4 3
15 99 4 5
16 17 10 2
16 18 2 7
16 20 4 10
16 21 9 8
16 22 2 7
16 24 9 4
16 25 1 4
16 26 3 8
16 27 4 9
16 28 1 3
16 29 3 3
16 30 3 9
16 31 3 2
16 32 7 3
16 33 4 4
16 34 10 3
16 36 7 10
16 37 4 8
16 38 5 5
16 39 4 1
16 40 1 1
16 42 3 1
16 43 1 5
16 45 4 4
16 48 4 5
16 49 9 7
16 50 9 9
16 51 1 6
16 54 3 3
16 56 8 7
16 57 10 4
16 58 2 1
16 59 3 10
16 61 3 5
16 62 5 10
16 63 1 10
16 64 10 4
16 65 1 2
16 66 2 6
16 67 8 7
16 68 3 5
16 69 5 9
16 70 5 10
16 71 4 8
16 72 9 4
16 73 10 9
16 74 8 2
16 75 8 5
16 79 7 4
16 80 5 2
16 82 3 2
16 83 10 5
16 84 4 4
16 85 1 5
16 86 5 5
16 87 8 2
16 89 2 6
16 90 2 10
16 91 10 10
16 93 7 6
16 94 6 2
16 95 3 6
16 96 8 2
16 97 9 3
16 98 5 7
16 99 3 8
16 100 7 1
17 19 3 4
17 21 8 1
17 23 2 10
17 24 2 9
17 25 3 6
17 26 10 6
17 27 10 10
17 28 6 6
17 29 3 10
17 30 1 6
17 31 10 7
17 33 5 2
17 34 9 10
17 35 7 8
17 36 1 9
17 37 10 6
17 38 4 1
17 39 8 7
17 42 10 4
17 43 1 7
17 44 4 6
17 45 6 6
17 46 5 4
17 47 10 3
17 49 1 5
17 52 6 4
17 53 3 2
17 54 6 7
17 55 9 2
17 57 2 9
17 58 5 4
17 59 10 3
17 60 6 9
17 62 10 3
17 63 8 6
17 65 8 7
17 66 6 8
17 67 9 10
17 68 8 9
17 69 8 4
17 70 1 4
17 71 3 4
17 72 2 5
17 74 10 1
17 75 5 1
17 76 2 4
17 78 10 9
17 80 10 6
17 81 9 3
17 82 8 7
17 83 8 8
17 84 10 4
17 85 4 2
17 86 4 6
17 87 9 4
17 88 3 1
17 89 5 5
17 92 7 10
17 93 8 5
17 94 3 7
17 95 2 4
17 96 5 8
17 97 4 7
17 98 10 8
17 99 9 1
17 100 8 5
18 20 2 8
18 21 3 6
18 22 10 4
18 23 9 8
18 24 10 1
18 25 1 5
18 26 6 10
18 28 5 4
18 29 5 3
18 30 10 6
18 31 1 9
18 32 3 5
18 33 1 3
18 34 2 9
18 35 5 10
18 36 10 8
18 37 6 1
18 38 8 3
18 39 5 8
18 40 5 6
18 41 10 4
18 42 3 8
18 43 4 8
18 44 1 3
18 45 8 5
18 46 9 8
18 47 4 8
18 48 1 2
18 49 3 10
18 50 2 3
18 51 7 5
18 52 8 2
18 53 3 4
18 54 9 6
18 55 1 6
18 56 8 4
18 57 7 2
18 58 1 7
18 59 3 5
18 60 2 1
18 61 2 7
18 62 5 7
18 63 2 1
18 65 4 3
18 66 4 8
18 67 3 1
18 69 7 4
18 70 1 8
18 72 5 3
18 73 7 4
18 75 2 2
18 76 6 10
18 77 7 5
18 78 4 6
18 79 9 10
18 80 8 3
18 81 9 7
18 82 5 4
18 84 2 1
18 85 3 3
18 86 8 6
18 87 1 5
18 88 7 5
18 90 5 9
18 91 4 10
18 92 6 6
18 93 3 6
18 94 6 2
18 95 1 6
18 96 5 6
18 98 4 4
18 99 5 9
18 100 9 2
19 21 10 1
19 22 8 10
19 23 8 8
19 25 9 5
19 26 10 1
19 27 10 3
19 30 8 10
19 31 8 6
19 32 6 7
19 33 5 5
19 34 4 9
19 35 4 4
19 36 10 9
19 37 5 1
19 38 8 2
19 39 6 3
19 40 6 2
19 42 1 4
19 43 4 7
19 45 5 10
19 46 7 5
19 50 6 4
19 51 10 2
19 52 10 9
19 54 9 10
19 55 1 5
19 56 7 3
19 57 10 8
19 58 4 1
19 59 5 10
19 60 2 4
19 62 7 3
19 63 4 10
19 65 1 9
19 66 6 5
19 68 9 9
19 69 10 10
19 70 8 10
19 72 7 3
19 73 1 9
19 74 7 10
19 75 4 6
19 76 7 5
19 77 3 4
19 79 10 1
19 80 6 9
19 82 10 7
19 83 3 3
19 84 4 10
19 85 4 4
19 86 6 5
19 87 10 10
19 88 1 3
19 89 10 8
19 91 2 7
19 92 3 10
19 93 4 5
19 94 10 10
19 95 9 7
19 96 7 8
19 97 1 3
19 98 9 3
19 99 1 8
19 100 4 6
20 21 10 3
20 23 1 9
20 25 2 3
20 26 8 3
20 27 7 9
20 28 1 3
20 29 6 1
20 30 2 5
20 31 10 5
20 32 4 2
20 34 4 2
20 35 9 6
20 36 4 9
20 37 9 10
20 38 10 2
20 39 5 7
20 41 5 9
20 42 9 4
20 43 1 7
20 44 4 6
20 46 4 1
20 47 10 1
20 48 5 7
20 50 10 6
20 51 2 9
20 52 10 8
20 54 4 8
20 56 10 9
20 57 9 9
20 58 2 2
20 59 3 2
20 60 8 7
20 61 4 6
20 62 10 7
20 63 7 4
20 64 1 8
20 65 7 8
20 66 6 5
20 67 8 5
20 68 1 5
20 69 7 9
20 71 10 1
20 72 8 7
20 73 3 6
20 75 2 9
20 76 4 4
20 77 2 3
20 79 10 6
20 80 10 4
20 81 4 6
20 82 5 2
20 83 3 10
20 84 10 8
20 85 7 2
20 87 10 9
20 88 6 3
20 89 6 6
20 91 9 6
20 92 10 8
20 93 10 1
20 94 2 3
20 95 6 2
20 96 9 4
20 97 6 9
20 98 6 7
20 99 2 9
20 100 4 1
21 22 4 7
21 23 8 10
21 24 6 4
21 25 4 6
21 26 6 8
21 28 3 10
21 29 7 2
21 30 1 4
21 31 2 1
21 32 6 5
21 33 1 9
21 34 1 6
21 35 9 4
21 37 7 6
21 39 6 9
21 41 7 4
21 42 10 4
21 43 9 5
21 44 7 9
21 45 10 2
21 46 6 8
21 48 8 8
21 49 3 10
21 50 4 7
21 51 6 1
21 53 10 7
21 54 1 2
21 56 3 9
21 58 5 4
21 59 8 8
21 60 10 4
21 61 9 7
21 62 3 10
21 63 9 8
21 64 7 10
21 65 2 8
21 66 6 1
21 67 5 9
21 69 4 4
21 70 10 1
21 71 9 3
21 73 2 6
21 75 6 8
21 76 2 7
21 77 1 1
21 78 10 8
21 79 4 10
21 80 9 3
21 81 3 8
21 83 5 3
21 84 9 5
21 85 6 5
21 86 7 4
21 88 10 9
21 89 9 9
21 90 8 5
21 91 6 4
21 92 4 1
21 94 4 5
21 95 5 10
21 97 2 5
21 98 5 8
21 99 10 2
21 100 3 4
22 23 10 5
22 24 8 8
22 25 4 7
22 26 5 10
22 27 4 6
22 28 4 1
22 29 6 5
22 31 10 5
22 33 1 4
22 34 6 9
22 35 8 9
22 36 1 2
22 37 2 8
22 38 4 8
22 39 8 2
22 41 9 3
22 42 1 9
22 44 1 3
22 45 3 4
22 46 3 1
22 47 5 9
22 51 9 1
22 52 4 9
22 53 1 8
22 54 1 5
22 55 2 6
22 56 3 5
22 57 1 2
22 59 10 7
22 60 6 5
22 61 9 3
22 62 9 4
22 63 5 5
22 64 2 8
22 65 2 7
22 66 2 1
22 67 10 5
22 68 10 5
22 69 10 5
22 70 9 4
22 71 6 7
22 72 3 9
22 73 8 10
22 74 9 2
22 75 6 5
22 76 3 9
22 78 7 4
22 79 4 5
22 80 4 1
22 81 1 10
22 82 7 3
22 85 1 1
22 86 10 6
22 87 2 5
22 89 7 6
22 90 5 10
22 93 1 1
22 94 6 7
22 95 3 7
22 96 3 8
22 97 1 4
22 99 5 9
23 25 10 2
23 26 3 4
23 27 8 4
23 29 4 10
23 30 7 9
23 33 7 8
23 36 4 2
23 37 10 1
23 39 1 7
23 40 7 6
23 41 8 9
23 43 2 9
23 44 4 3
23 45 5 5
23 46 8 7
23 47 9 10
23 48 10 4
23 49 10 4
23 51 7 6
23 52 10 7
23 53 7 7
23 54 3 6
23 58 2 3
23 59 5 5
23 60 9 3
23 61 3 10
23 62 5 5
23 63 5 6
23 64 5 1
23 65 5 9
23 66 9 7
23 68 7 6
23 72 6 6
23 73 5 4
23 74 10 7
23 76 5 8
23 77 5 9
23 78 8 8
23 79 6 1
23 80 5 5
23 81 5 6
23 82 3 8
23 84 4 4
23 85 5 4
23 86 5 3
23 87 5 3
23 88 10 9
23 89 8 7
23 90 1 5
23 91 2 1
23 93 9 7
23 94 6 1
23 95 7 3
23 96 1 2
23 97 5 10
23 99 10 6
23 100 2 10
24 25 9 5
24 26 8 9
24 28 4 2
24 29 1 3
24 30 3 1
24 31 10 4
24 32 6 3
24 33 9 1
24 34 5 10
24 35 4 2
24 37 1 7
24 38 3 8
24 39 1 3
24 40 9 4
24 41 6 2
24 42 4 5
24 43 4 3
24 44 4 1
24 45 3 9
24 46 8 3
24 47 5 9
24 48 10 3
24 49 4 5
24 51 4 7
24 52 10 10
24 53 9 3
24 54 1 2
24 55 4 4
24 57 6 4
24 58 1 1
24 59 9 6
24 60 9 3
24 61 3 4
24 62 2 9
24 63 5 1
24 64 5 7
24 65 1 5
24 66 10 1
24 68 5 4
24 69 6 10
24 72 5 9
24 73 9 10
24 74 7 6
24 75 4 3
24 76 7 6
24 77 5 10
24 78 7 5
24 79 10 6
24 80 6 8
24 81 5 6
24 83 9 4
24 84 6 4
24 85 4 7
24 86 5 10
24 87 1 9
24 88 7 2
24 89 7 6
24 90 6 6
24 91 7 6
24 92 5 1
24 93 1 9
24 95 1 8
24 96 6 5
24 97 4 8
24 98 4 9
24 99 5 2
24 100 1 4
25 26 10 2
25 28 2 7
25 30 8 3
25 32 4 4
25 33 4 3
25 34 2 8
25 35 10 4
25 38 2 9
25 39 5 10
25 40 1 2
25 41 5 6
25 42 7 9
25 44 7 7
25 45 1 6
25 47 6 3
25 48 8 1
25 49 9 4
25 50 2 8
25 51 7 7
25 52 10 3
25 53 9 10
25 54 7 10
25 55 3 9
25 56 10 4
25 57 5 5
25 58 2 9
25 59 2 4
25 61 3 7
25 63 8 7
25 64 4 4
25 67 1 7
25 68 1 4
25 69 10 5
25 70 2 9
25 71 10 3
25 72 7 10
25 75 10 10
25 76 10 6
25 77 2 4
25 79 5 8
25 80 9 7
25 81 2 1
25 82 4 2
25 84 10 2
25 85 5 7
25 86 1 2
25 88 1 4
25 89 10 2
25 91 5 5
25 92 9 10
25 93 5 8
25 95 10 10
25 96 5 4
25 98 7 5
25 99 9 6
25 100 1 1
26 27 6 7
26 28 3 4
26 29 9 10
26 30 8 3
26 32 3 3
26 34 3 1
26 35 3 7
26 36 4 1
26 37 2 10
26 38 3 6
26 39 6 9
26 40 9 6
26 41 4 2
26 42 6 1
26 43 5 9
26 44 8 2
26 45 2 7
26 46 8 2
26 47 9 7
26 48 1 9
26 49 2 3
26 50 4 2
26 51 9 3
26 52 8 7
26 55 4 4
26 56 8 7
26 57 2 6
26 58 5 9
26 60 6 3
26 62 2 2
26 63 9 1
26 64 7 7
26 67 5 3
26 68 6 5
26 69 2 5
26 71 3 9
26 72 7 3
26 74 3 2
26 75 10 10
26 76 10 7
26 77 6 5
26 78 8 4
26 79 2 2
26 80 3 3
26 83 8 4
26 84 3 1
26 85 5 7
26 86 5 1
26 87 7 7
26 88 6 4
26 89 6 9
26 90 5 2
26 93 5 7
26 94 3 9
26 96 10 9
26 97 4 3
26 99 1 7
26 100 2 4
27 28 5 8
27 30 9 2
27 31 4 5
27 33 3 6
27 34 5 9
27 35 10 7
27 36 3 6
27 38 1 5
27 40 9 8
27 41 1 7
27 42 2 2
27 43 9 1
27 44 8 6
27 47 5 6
27 48 9 10
27 49 1 3
27 50 7 2
27 51 4 10
27 53 6 2
27 54 5 8
27 55 8 3
27 57 6 9
27 58 5 4
27 59 8 10
27 60 4 3
27 61 1 10
27 62 1 3
27 63 5 8
27 64 4 1
27 66 1 7
27 67 3 4
27 68 9 2
27 71 10 8
27 72 9 6
27 73 8 9
27 74 5 7
27 77 9 9
27 78 6 8
27 79 5 8
27 80 1 8
27 82 3 9
27 84 10 6
27 85 3 10
27 86 1 4
27 87 7 7
27 88 9 8
27 89 4 9
27 90 4 10
27 91 9 6
27 92 6 5
27 93 10 4
27 94 3 4
27 95 2 1
27 96 1 9
27 97 4 5
27 98 2 9
27 99 10 5
27 100 3 8
28 29 2 9
28 30 2 3
28 31 6 6
28 32 2 4
28 33 8 3
28 34 10 6
28 35 3 7
28 36 10 8
28 37 7 8
28 38 4 10
28 39 8 1
28 40 8 3
28 41 3 4
28 42 9 7
28 43 3 2
28 44 4 10
28 46 6 3
28 47 8 9
28 48 4 4
28 49 1 7
28 50 9 5
28 51 7 4
28 52 2 8
28 53 3 10
28 54 3 1
28 55 5 9
28 56 7 1
28 57 6 8
28 60 4 2
28 61 3 10
28 62 3 9
28 64 2 4
28 66 9 2
28 67 1 1
28 68 2 8
28 72 3 2
28 73 3 3
28 74 3 8
28 75 1 8
28 77 5 10
28 78 6 7
28 79 5 1
28 80 7 1
28 82 3 3
28 83 3 5
28 84 6 7
28 85 4 3
28 86 10 3
28 88 8 9
28 89 7 5
28 91 1 7
28 92 9 5
28 93 4 7
28 94 5 4
28 95 6 3
28 96 8 9
28 97 2 10
28 98 4 8
28 99 8 3
28 100 8 5
29 30 4 3
29 31 5 1
29 32 9 7
29 33 6 8
29 34 6 3
29 35 9 3
29 36 3 5
29 37 6 1
29 38 9 6
29 39 7 1
29 41 2 10
29 44 10 6
29 45 4 8
29 46 9 6
29 47 1 7
29 48 8 2
29 49 3 10
29 50 8 4
29 51 4 2
29 52 1 5
29 53 4 1
29 55 2 7
29 57 5 4
29 58 9 4
29 60 6 8
29 62 4 5
29 63 5 2
29 64 9 3
29 65 7 1
29 66 7 8
29 67 3 2
29 68 2 1
29 69 8 8
29 71 2 2
29 73 8 6
29 74 5 1
29 75 5 3
29 76 4 10
29 80 3 7
29 82 5 4
29 83 3 9
29 84 2 10
29 85 10 4
29 86 6 8
29 87 4 9
29 88 6 1
29 89 9 10
29 91 6 9
29 92 5 4
29 93 4 6
29 94 7 2
29 96 3 3
29 98 1 5
29 99 7 6
29 100 7 6
30 32 8 9
30 33 4 9
30 34 8 9
30 35 1 7
30 36 3 4
30 38 10 7
30 39 5 8
30 40 8 4
30 41 4 6
30 42 8 7
30 43 4 10
30 45 2 1
30 47 3 1
30 48 1 8
30 49 10 7
30 50 7 6
30 51 1 7
30 52 6 6
30 53 2 10
30 54 4 1
30 55 6 5
30 56 7 5
30 57 1 2
30 58 1 9
30 59 7 1
30 61 2 3
30 63 10 8
30 64 4 6
30 65 10 7
30 67 9 4
30 68 3 5
30 69 3 6
30 70 10 4
30 72 2 10
30 74 7 5
30 75 8 9
30 76 3 5
30 78 4 3
30 79 1 7
30 81 6 4
30 85 1 2
30 86 7 2
30 87 5 7
30 88 4 4
30 89 6 2
30 90 3 3
30 91 8 10
30 92 3 9
30 94 10 9
30 95 10 3
30 96 2 10
30 98 4 3
30 99 10 2
31 32 6 9
31 33 1 7
31 34 5 8
31 35 4 6
31 38 2 1
31 39 4 7
31 40 10 4
31 41 2 9
31 42 1 10
31 43 1 3
31 44 1 9
31 45 10 9
31 46 2 10
31 47 6 7
31 48 2 4
31 49 5 3
31 50 7 9
31 51 3 6
31 53 4 3
31 54 6 9
31 55 9 3
31 56 5 4
31 57 5 8
31 58 3 8
31 59 3 9
31 61 4 3
31 62 7 8
31 63 6 4
31 64 3 5
31 65 8 5
31 67 9 5
31 68 2 8
31 69 9 1
31 70 1 2
31 71 1 2
31 72 2 4
31 73 3 10
31 74 10 6
31 76 8 1
31 77 2 8
31 78 10 4
31 79 3 8
31 80 3 2
31 81 9 5
31 82 8 9
31 83 6 6
31 86 9 4
31 87 6 9
31 89 10 5
31 90 4 1
31 91 10 9
31 92 5 2
31 93 4 8
31 94 3 7
31 95 4 1
31 96 8 1
31 98 10 10
31 99 2 8
31 100 2 7
32 33 10 8
32 34 4 6
32 35 2 3
32 38 1 9
32 39 7 4
32 40 3 2
32 42 5 8
32 43 2 1
32 44 6 8
32 45 2 9
32 48 6 7
32 49 9 8
32 50 5 6
32 52 6 7
32 53 10 6
32 54 9 8
32 56 8 6
32 57 3 3
32 58 10 7
32 59 3 4
32 60 1 8
32 61 1 3
32 62 2 1
32 64 10 1
32 66 1 4
32 68 9 6
32 69 6 1
32 71 1 4
32 73 8 5
32 74 2 7
32 75 8 1
32 76 10 8
32 77 7 7
32 78 7 9
32 79 4 8
32 80 7 1
32 81 4 1
32 82 6 10
32 83 3 7
32 84 5 10
32 86 2 2
32 87 3 4
32 88 1 2
32 89 7 4
32 90 4 2
32 91 3 2
32 92 6 8
32 93 10 5
32 95 4 3
32 97 3 8
32 98 10 4
32 99 2 7
32 100 4 8
33 36 5 7
33 37 3 10
33 39 1 9
33 40 4 7
33 42 8 9
33 43 4 10
33 44 8 5
33 45 8 3
33 46 4 6
33 48 3 10
33 49 8 1
33 50 1 6
33 51 4 7
33 52 5 1
33 54 9 5
33 55 2 6
33 56 2 7
33 58 1 7
33 59 4 3
33 60 8 4
33 61 10 4
33 63 5 4
33 64 7 9
33 65 9 8
33 66 6 2
33 67 4 10
33 68 1 5
33 70 7 6
33 71 8 9
33 72 10 2
33 73 9 2
33 74 10 6
33 75 4 9
33 76 4 1
33 77 9 2
33 78 8 9
33 79 6 5
33 80 8 9
33 81 7 5
33 84 5 8
33 85 2 4
33 87 3 4
33 88 7 7
33 89 2 7
33 90 3 3
33 91 1 8
33 92 2 5
33 95 3 7
33 96 3 5
33 97 4 9
33 98 6 2
33 99 5 2
33 100 3 3
34 35 6 7
34 36 1 1
34 37 10 8
34 38 8 7
34 39 10 6
34 40 9 7
34 42 3 5
34 43 2 3
34 44 3 8
34 45 4 4
34 46 3 10
34 47 2 1
34 48 4 6
34 49 3 3
34 50 3 10
34 53 10 6
34 54 5 4
34 56 9 2
34 58 5 5
34 59 1 4
34 60 1 9
34 61 5 2
34 62 6 8
34 66 2 7
34 67 1 5
34 68 6 9
34 69 1 10
34 70 2 1
34 71 9 8
34 72 7 1
34 73 1 1
34 74 10 1
34 75 4 5
34 77 8 7
34 78 9 8
34 79 4 6
34 80 2 3
34 81 3 6
34 83 5 6
34 85 6 10
34 86 7 2
34 87 10 4
34 90 8 6
34 94 5 7
34 95 2 6
34 96 10 2
34 97 7 8
34 99 1 3
35 36 6 8
35 38 1 5
35 39 2 5
35 40 7 1
35 41 9 9
35 42 4 5
35 43 1 8
35 44 7 7
35 46 7 7
35 47 6 4
35 48 3 1
35 49 5 5
35 50 1 8
35 51 5 3
35 52 3 10
35 54 3 8
35 56 10 3
35 57 7 10
35 61 2 3
35 62 6 3
35 64 2 1
35 65 4 5
35 66 9 3
35 67 4 5
35 69 1 9
35 70 8 10
35 71 4 8
35 74 6 2
35 75 2 5
35 76 4 6
35 77 7 2
35 78 7 9
35 79 2 6
35 81 2 5
35 83 10 1
35 85 3 9
35 86 6 4
35 88 9 9
35 90 10 10
35 91 10 9
35 92 5 6
35 93 1 6
35 94 4 6
35 95 10 8
35 97 3 10
35 98 2 4
35 99 6 2
35 100 1 4
36 37 7 10
36 39 8 9
36 40 3 6
36 42 3 9
36 43 4 7
36 46 3 4
36 47 9 1
36 49 6 7
36 50 2 1
36 51 10 1
36 52 9 9
36 54 6 7
36 56 8 9
36 57 7 9
36 58 8 3
36 59 6 9
36 60 6 9
36 63 4 1
36 64 2 2
36 65 4 7
36 66 6 3
36 67 5 2
36 68 9 3
36 69 2 8
36 70 8 6
36 71 4 3
36 72 8 2
36 73 7 6
36 74 9 8
36 75 4 2
36 76 10 5
36 78 8 6
36 79 10 7
36 80 8 3
36 81 5 4
36 82 5 5
36 84 4 4
36 86 5 4
36 87 9 10
36 88 6 6
36 89 9 6
36 90 8 10
36 91 4 5
36 92 6 1
36 93 8 8
36 95 1 4
36 97 2 9
36 99 2 10
36 100 7 2
37 38 5 1
37 39 2 4
37 41 4 7
37 42 6 3
37 43 7 10
37 44 2 7
37 45 7 4
37 46 5 7
37 47 6 4
37 48 8 1
37 49 2 1
37 50 6 8
37 51 3 6
37 52 6 8
37 53 6 5
37 54 5 1
37 56 5 7
37 58 5 2
37 59 1 9
37 60 9 4
37 61 10 6
37 62 9 7
37 65 2 4
37 66 9 5
37 67 9 4
37 68 5 4
37 70 7 7
37 71 1 4
37 72 9 5
37 73 2 9
37 74 5 1
37 76 10 3
37 77 5 8
37 78 3 1
37 79 2 7
37 80 6 2
37 81 5 10
37 82 4 7
37 83 2 6
37 84 4 8
37 85 2 9
37 87 8 6
37 88 9 3
37 89 7 9
37 90 10 4
37 91 8 10
37 92 10 7
37 93 3 1
37 94 10 10
37 95 8 5
37 96 4 9
37 97 10 8
37 98 8 8
37 99 9 7
37 100 8 7
38 42 7 10
38 43 5 3
38 44 1 6
38 45 10 8
38 46 4 3
38 48 6 7
38 49 10 9
38 52 5 2
38 54 7 9
38 55 8 5
38 58 1 7
38 63 1 3
38 64 10 1
38 65 4 2
38 66 4 7
38 67 3 6
38 68 1 7
38 69 3 3
38 70 2 4
38 71 7 3
38 73 3 3
38 74 3 3
38 75 5 4
38 77 3 3
38 78 7 5
38 79 4 3
38 80 4 8
38 81 10 1
38 82 10 5
38 84 9 9
38 86 9 10
38 87 10 1
38 88 7 8
38 90 1 4
38 92 8 4
38 93 1 5
38 94 2 2
38 95 7 5
38 96 10 9
38 97 4 2
38 98 7 6
38 99 6 1
38 100 7 3
39 40 6 3
39 41 9 1
39 43 2 7
39 45 9 2
39 46 6 7
39 47 1 1
39 48 9 3
39 49 10 4
39 52 1 2
39 53 3 6
39 54 6 1
39 55 8 7
39 56 10 1
39 57 9 7
39 58 4 2
39 59 6 6
39 60 5 1
39 61 5 2
39 62 10 1
39 63 4 7
39 64 2 5
39 65 5 4
39 66 9 8
39 68 5 6
39 69 2 1
39 70 5 5
39 71 9 6
39 72 2 4
39 73 9 5
39 74 1 2
39 75 5 9
39 76 10 2
39 77 8 9
39 78 2 1
39 80 7 3
39 81 9 6
39 82 6 8
39 83 4 9
39 85 6 5
39 86 9 8
39 87 8 10
39 88 9 10
39 89 3 4
39 90 3 1
39 91 5 5
39 92 2 1
39 93 4 7
39 94 1 10
39 96 9 10
39 97 3 3
39 98 3 10
39 99 1 10
39 100 1 1
40 41 6 2
40 42 6 3
40 43 3 2
40 44 7 9
40 45 6 1
40 46 8 9
40 47 4 8
40 48 1 8
40 50 8 2
40 51 10 4
40 52 4 5
40 53 3 2
40 54 4 6
40 55 8 3
40 56 9 10
40 57 10 6
40 58 7 3
40 59 6 9
40 60 3 1
40 61 8 9
40 62 10 5
40 63 5 10
40 66 9 10
40 67 10 5
40 69 6 3
40 70 6 3
40 71 7 2
40 72 5 4
40 73 3 10
40 74 1 1
40 75 8 10
40 76 8 5
40 77 2 7
40 79 1 8
40 80 6 1
40 81 4 7
40 82 9 4
40 85 8 4
40 86 6 10
40 87 6 9
40 88 7 6
40 90 2 5
40 92 3 10
40 94 9 1
40 96 7 4
40 98 8 9
40 99 8 7
40 100 2 3
41 42 6 10
41 43 7 7
41 44 7 4
41 45 9 4
41 46 2 8
41 47 6 3
41 48 1 5
41 49 2 4
41 50 9 7
41 51 7 8
41 52 10 6
41 53 2 7
41 54 2 1
41 55 3 8
41 56 10 6
41 57 2 1
41 61 4 3
41 62 5 1
41 63 10 3
41 64 8 8
41 65 9 5
41 67 8 4
41 68 6 9
41 69 8 9
41 70 5 6
41 72 8 10
41 73 5 1
41 75 1 2
41 76 5 10
41 77 10 1
41 79 8 5
41 80 8 8
41 82 9 1
41 83 5 5
41 84 1 4
41 85 2 6
41 86 9 4
41 87 10 8
41 88 7 2
41 89 5 3
41 90 8 9
41 91 6 8
41 92 8 2
41 94 4 5
41 95 5 2
41 96 3 2
41 97 7 2
41 98 4 9
41 99 9 3
41 100 4 9
42 43 3 8
42 45 7 3
42 46 1 5
42 47 4 6
42 48 2 3
42 49 8 3
42 50 9 10
42 52 7 3
42 54 7 5
42 55 10 9
42 56 1 10
42 57 2 10
42 59 1 4
42 60 7 10
42 61 9 6
42 62 8 10
42 64 1 4
42 65 4 5
42 66 9 6
42 67 6 1
42 68 2 5
42 69 6 3
42 70 10 7
42 71 2 1
42 72 6 4
42 74 2 8
42 75 6 5
42 76 5 5
42 77 7 5
42 78 7 1
42 79 10 7
42 80 1 8
42 81 3 10
42 82 7 5
42 83 7 4
42 84 9 10
42 85 3 4
42 86 1 6
42 87 6 4
42 88 9 2
42 90 10 8
42 91 4 2
42 92 1 9
42 93 6 1
42 94 5 6
42 95 5 4
42 96 9 4
42 98 9 1
42 99 6 3
42 100 10 4
43 44 7 4
43 45 2 3
43 46 10 10
43 47 8 4
43 49 6 6
43 50 7 10
43 51 7 10
43 52 9 2
43 53 8 5
43 55 7 4
43 56 1 1
43 57 2 10
43 58 2 8
43 60 5 9
43 62 7 2
43 65 3 7
43 67 7 1
43 68 10 5
43 69 9 4
43 70 2 8
43 71 1 10
43 72 7 3
43 74 3 7
43 75 6 10
43 76 7 3
43 77 4 3
43 78 2 4
43 79 1 2
43 80 6 8
43 81 1 7
43 82 8 3
43 85 3 4
43 86 3 1
43 87 8 9
43 88 8 8
43 90 1 10
43 91 9 4
43 93 4 9
43 94 1 4
43 95 7 2
43 96 2 7
43 97 1 3
43 98 1 9
43 99 4 10
43 100 9 6
44 46 9 1
44 47 4 5
44 48 6 3
44 49 3 10
44 50 4 8
44 51 5 9
44 52 3 10
44 53 7 1
44 54 5 3
44 55 9 5
44 56 3 10
44 57 3 8
44 59 3 8
44 60 8 3
44 61 10 3
44 62 8 5
44 63 1 4
44 64 1 4
44 65 9 9
44 66 6 2
44 67 10 8
44 68 2 7
44 69 1 2
44 70 1 8
44 71 3 2
44 72 6 5
44 73 4 7
44 74 5 3
44 75 10 7
44 76 10 6
44 77 2 4
44 79 10 2
44 80 6 4
44 81 10 4
44 83 1 7
44 84 1 4
44 85 3 1
44 86 4 4
44 87 5 3
44 88 9 7
44 89 4 9
44 90 1 7
44 91 8 4
44 92 9 3
44 93 4 1
44 94 4 8
44 95 9 1
44 96 5 2
44 97 4 7
44 99 4 4
45 46 7 10
45 47 7 1
45 48 10 5
45 49 5 9
45 50 1 10
45 51 3 6
45 53 1 8
45 54 3 4
45 55 10 3
45 56 2 1
45 58 1 8
45 59 2 7
45 60 2 1
45 62 10 5
45 63 1 10
45 64 2 3
45 65 1 5
45 67 10 2
45 68 5 7
45 70 9 6
45 71 10 4
45 72 6 4
45 73 1 10
45 74 2 3
45 75 6 5
45 76 4 5
45 77 9 7
45 78 5 4
45 79 4 6
45 80 2 3
45 81 7 1
45 82 2 6
45 83 10 4
45 84 5 8
45 85 3 10
45 86 6 3
45 87 1 6
45 88 2 6
45 90 8 5
45 91 2 5
45 92 9 7
45 94 2 3
45 96 4 5
45 97 10 4
45 98 10 1
45 99 10 10
45 100 1 10
46 47 2 2
46 48 9 4
46 49 6 2
46 50 9 7
46 51 6 9
46 54 8 2
46 55 7 6
46 56 2 8
46 57 4 7
46 59 1 9
46 60 5 3
46 61 3 4
46 63 2 7
46 66 10 8
46 67 10 5
46 68 2 1
46 69 10 9
46 70 6 9
46 71 4 6
46 72 1 6
46 74 10 7
46 75 5 1
46 76 5 5
46 77 9 1
46 78 5 2
46 79 4 6
46 80 4 2
46 81 9 4
46 82 8 5
46 83 4 4
46 84 4 3
46 85 10 7
46 86 2 9
46 87 10 4
46 89 6 6
46 90 8 8
46 92 6 8
46 93 1 3
46 95 10 9
46 96 4 10
46 97 8 7
46 98 4 2
46 99 3 3
46 100 1 3
47 48 9 7
47 49 8 5
47 50 5 10
47 52 8 9
47 53 5 3
47 54 8 6
47 55 8 8
47 57 5 7
47 58 5 10
47 59 10 7
47 60 5 2
47 62 2 8
47 63 10 8
47 64 8 8
47 65 6 8
47 66 9 5
47 67 5 8
47 69 3 2
47 70 3 2
47 72 5 8
47 73 7 9
47 76 3 2
47 77 5 1
47 78 5 6
47 79 10 7
47 80 10 6
47 81 3 2
47 82 8 4
47 83 6 7
47 84 10 1
47 85 5 2
47 86 1 8
47 87 4 4
47 89 7 1
47 90 7 2
47 91 9 8
47 92 8 2
47 93 7 8
47 95 1 8
47 96 9 8
47 97 2 8
47 98 3 7
47 99 10 6
47 100 5 5
48 49 5 8
48 51 8 9
48 52 6 1
48 53 3 1
48 54 8 9
48 55 2 5
48 57 7 3
48 58 10 4
48 59 8 9
48 61 10 5
48 62 6 9
48 63 10 1
48 64 4 9
48 65 10 7
48 66 1 4
48 67 1 7
48 68 4 7
48 69 9 1
48 71 1 10
48 72 6 8
48 73 3 10
48 74 4 9
48 76 3 5
48 77 2 10
48 78 3 7
48 81 10 7
48 83 10 9
48 84 9 8
48 85 5 3
48 87 1 4
48 88 3 4
48 89 9 2
48 90 10 2
48 91 9 5
48 92 10 6
48 93 8 2
48 94 10 8
48 95 10 6
48 96 7 10
48 98 3 8
48 99 6 7
48 100 10 8
49 50 6 3
49 51 1 3
49 52 1 7
49 53 5 6
49 54 7 10
49 57 7 7
49 58 4 4
49 59 9 6
49 60 9 6
49 61 7 7
49 62 5 7
49 63 7 9
49 64 2 10
49 65 1 2
49 67 3 7
49 68 9 4
49 69 5 2
49 70 9 2
49 71 3 8
49 73 1 1
49 74 5 6
49 76 3 4
49 77 9 9
49 78 5 8
49 79 2 3
49 80 5 4
49 83 5 7
49 84 4 5
49 85 4 10
49 86 2 9
49 87 9 1
49 89 7 3
49 90 3 6
49 91 8 7
49 92 1 10
49 95 6 5
49 97 2 7
49 98 6 8
49 100 4 4
50 51 10 8
50 52 3 4
50 53 9 2
50 55 6 6
50 56 6 10
50 57 1 6
50 58 3 10
50 59 4 2
50 60 3 2
50 63 5 2
50 64 9 9
50 65 9 2
50 66 1 1
50 67 8 7
50 68 1 5
50 69 6 10
50 70 10 3
50 71 5 8
50 72 7 10
50 73 9 1
50 74 5 8
50 75 2 4
50 78 3 5
50 79 1 5
50 80 3 1
50 81 5 9
50 83 1 8
50 84 3 1
50 85 1 1
50 86 1 6
50 87 3 8
50 88 1 8
50 89 3 8
50 90 1 5
50 91 4 10
50 93 3 2
50 94 7 8
50 95 9 2
50 96 6 3
50 97 9 6
50 98 10 8
50 99 6 7
50 100 3 8
51 52 8 7
51 54 6 3
51 55 10 10
51 57 1 9
51 58 6 8
51 62 7 1
51 63 9 8
51 64 3 1
51 66 5 1
51 67 9 4
51 68 7 8
51 69 5 9
51 70 1 7
51 71 5 3
51 72 5 8
51 73 8 4
51 75 9 8
51 76 5 10
51 77 6 1
51 79 10 6
51 80 6 8
51 81 8 4
51 82 7 10
51 86 5 7
51 87 9 6
51 88 10 5
51 89 2 1
51 90 10 10
51 91 9 10
51 92 9 1
51 93 10 5
51 94 2 8
51 95 6 3
51 97 5 2
51 98 5 1
51 99 10 7
52 53 9 4
52 56 6 8
52 58 8 1
52 59 9 10
52 61 4 1
52 62 5 10
52 64 10 6
52 65 2 2
52 66 3 7
52 68 1 8
52 69 4 6
52 71 6 5
52 72 4 9
52 73 8 1
52 74 9 3
52 75 10 8
52 76 4 9
52 77 2 6
52 78 1 3
52 79 3 6
52 80 4 9
52 81 6 1
52 82 8 6
52 83 1 1
52 85 7 10
52 87 3 1
52 88 10 1
52 89 7 8
52 90 3 8
52 91 7 7
52 94 3 3
52 95 1 9
52 96 1 8
52 97 4 6
52 98 10 8
52 99 2 2
53 54 7 6
53 55 1 10
53 56 6 10
53 57 2 4
53 58 3 5
53 59 3 8
53 61 2 1
53 62 7 10
53 63 2 1
53 64 6 4
53 66 10 4
53 67 2 2
53 68 7 6
53 69 5 5
53 70 3 2
53 71 10 1
53 72 5 4
53 73 3 3
53 74 4 4
53 75 6 9
53 76 3 7
53 77 5 4
53 78 4 3
53 79 3 6
53 81 10 8
53 82 3 10
53 83 10 4
53 85 3 8
53 86 7 8
53 87 3 1
53 88 1 2
53 89 10 5
53 90 7 9
53 91 10 9
53 95 6 2
53 97 8 3
53 98 3 6
53 100 7 7
54 55 3 1
54 56 3 3
54 57 8 9
54 59 6 2
54 61 2 1
54 62 10 2
54 63 4 10
54 64 3 3
54 65 6 7
54 66 8 9
54 67 9 8
54 68 8 7
54 69 4 3
54 70 6 9
54 71 10 3
54 72 1 4
54 73 2 8
54 74 9 10
54 75 9 7
54 76 8 10
54 77 9 10
54 78 2 10
54 79 8 2
54 80 3 8
54 81 10 9
54 82 10 7
54 83 7 10
54 84 1 9
54 86 4 6
54 87 8 7
54 89 9 5
54 90 1 9
54 91 2 5
54 92 7 2
54 93 2 8
54 94 1 5
54 95 1 1
54 96 6 7
54 97 2 9
54 99 6 5
54 100 4 9
55 56 2 6
55 57 9 4
55 58 8 7
55 59 2 6
55 61 7 10
55 62 4 5
55 63 8 5
55 64 8 1
55 65 2 4
55 67 7 1
55 69 4 9
55 70 6 5
55 71 7 4
55 72 5 1
55 73 6 2
55 74 5 1
55 75 6 1
55 76 2 2
55 77 9 10
55 78 10 3
55 79 5 7
55 80 7 9
55 82 2 4
55 83 4 7
55 84 9 4
55 86 1 1
55 87 4 8
55 88 4 4
55 89 3 8
55 90 6 7
55 91 9 10
55 92 2 9
55 93 7 7
55 95 7 9
55 96 7 7
55 98 6 1
55 99 5 1
55 100 10 7
56 57 2 5
56 58 5 4
56 59 6 10
56 60 6 6
56 61 2 9
56 62 3 10
56 63 1 7
56 64 6 3
56 65 6 4
56 67 5 4
56 68 9 6
56 69 1 1
56 70 3 5
56 71 3 7
56 72 8 6
56 73 2 8
56 74 4 6
56 75 7 8
56 76 6 2
56 77 9 7
56 78 5 10
56 79 1 2
56 80 3 2
56 81 1 3
56 82 7 7
56 83 6 8
56 84 9 2
56 86 10 3
56 87 9 1
56 88 1 8
56 89 7 9
56 91 1 3
56 92 3 3
56 93 7 1
56 94 4 6
56 96 8 6
56 97 8 9
56 98 7 2
56 99 10 2
56 100 9 6
57 58 4 1
57 59 1 4
57 61 6 3
57 64 3 5
57 65 5 8
57 67 7 3
57 68 3 2
57 70 8 2
57 71 9 7
57 73 1 1
57 74 9 1
57 77 9 8
57 78 1 8
57 79 9 7
57 80 3 3
57 81 8 4
57 82 8 8
57 83 3 6
57 84 10 1
57 85 4 10
57 87 7 5
57 88 4 9
57 89 2 1
57 90 3 8
57 91 10 4
57 92 5 6
57 93 6 1
57 94 7 8
57 97 5 8
57 99 8 6
57 100 4 2
58 59 2 3
58 60 10 8
58 61 1 3
58 62 3 4
58 63 1 9
58 65 7 5
58 66 10 10
58 67 8 4
58 68 3 7
58 69 3 4
58 70 10 4
58 71 4 2
58 72 3 3
58 73 9 8
58 74 5 2
58 75 4 10
58 76 7 6
58 77 8 7
58 78 4 5
58 79 5 6
58 80 8 9
58 81 10 1
58 83 1 9
58 84 2 9
58 85 1 7
58 87 7 5
58 88 1 3
58 89 4 1
58 90 6 5
58 91 2 6
58 92 6 2
58 93 8 4
58 94 3 8
58 95 8 4
58 96 2 4
58 97 8 10
58 98 9 3
58 100 3 7
59 60 8 8
59 62 9 5
59 63 4 5
59 64 1 7
59 67 1 8
59 68 9 8
59 69 4 6
59 70 10 10
59 71 1 6
59 72 5 7
59 73 8 7
59 74 6 1
59 76 7 8
59 77 7 2
59 78 1 10
59 79 6 7
59 80 6 3
59 81 4 3
59 82 7 7
59 84 9 9
59 85 7 6
59 86 10 10
59 87 2 8
59 88 9 10
59 89 8 7
59 90 7 8
59 91 2 6
59 93 1 8
59 94 3 10
59 95 1 5
59 98 6 7
59 99 8 4
59 100 3 1
60 61 10 9
60 62 7 3
60 63 9 8
60 64 1 4
60 66 4 7
60 67 6 7
60 68 8 8
60 69 6 10
60 71 5 3
60 72 9 6
60 73 8 8
60 74 6 6
60 76 7 10
60 77 8 7
60 78 6 8
60 80 7 8
60 82 10 10
60 83 5 8
60 85 2 9
60 86 7 6
60 87 10 4
60 88 7 7
60 89 8 8
60 90 6 1
60 91 3 1
60 92 5 3
60 93 10 5
60 94 3 1
60 95 5 5
60 97 4 5
60 98 7 2
60 99 5 3
60 100 4 4
61 62 8 2
61 64 2 8
61 65 2 10
61 66 2 6
61 67 4 2
61 69 7 5
61 70 3 4
61 71 9 6
61 72 2 9
61 73 2 2
61 74 6 10
61 75 8 6
61 76 10 7
61 79 5 9
61 80 8 7
61 81 1 8
61 83 1 9
61 84 5 7
61 85 1 2
61 86 9 3
61 88 2 9
61 89 5 2
61 90 3 3
61 92 1 8
61 93 7 4
61 94 2 2
61 96 10 4
61 98 9 6
61 99 10 2
62 63 1 5
62 64 7 6
62 65 8 7
62 66 4 10
62 67 1 5
62 70 2 7
62 71 7 4
62 72 1 4
62 73 7 2
62 74 7 3
62 75 10 3
62 76 1 5
62 78 2 2
62 79 4 2
62 80 4 9
62 81 6 4
62 82 9 6
62 83 2 4
62 85 1 10
62 86 1 2
62 87 7 9
62 88 3 10
62 89 10 4
62 90 10 2
62 91 8 5
62 92 3 3
62 93 8 3
62 95 5 10
62 96 3 4
62 97 4 9
62 98 5 5
62 99 3 6
63 64 9 7
63 65 10 4
63 66 5 9
63 67 10 7
63 68 2 1
63 70 9 3
63 71 7 9
63 72 7 6
63 73 2 7
63 74 10 4
63 75 9 10
63 76 7 5
63 78 4 4
63 79 8 1
63 80 5 2
63 81 5 2
63 82 3 1
63 83 7 5
63 84 10 1
63 86 5 2
63 87 2 7
63 88 10 1
63 89 3 2
63 91 1 3
63 94 1 4
63 95 1 10
63 96 2 9
63 97 8 6
63 99 9 2
63 100 2 5
64 66 2 3
64 67 10 5
64 68 8 6
64 69 3 10
64 70 6 6
64 71 4 4
64 72 10 6
64 73 6 7
64 74 2 5
64 75 7 7
64 76 7 9
64 77 7 3
64 78 3 8
64 79 7 3
64 80 3 3
64 82 5 10
64 85 2 10
64 86 9 1
64 87 7 8
64 89 9 3
64 90 4 6
64 91 5 7
64 92 7 7
64 93 6 7
64 94 5 1
64 95 8 8
64 97 3 2
64 98 8 6
64 99 1 9
64 100 10 10
65 66 3 6
65 67 9 8
65 68 5 9
65 69 8 2
65 70 2 4
65 71 2 4
65 72 6 1
65 73 3 4
65 74 8 4
65 76 6 5
65 78 4 6
65 79 5 10
65 80 1 2
65 81 9 10
65 82 2 2
65 83 1 10
65 84 4 7
65 88 2 7
65 89 9 2
65 90 2 4
65 91 4 2
65 92 1 10
65 96 2 10
65 97 8 6
65 98 3 6
65 99 3 7
65 100 4 10
66 67 9 5
66 68 9 6
66 69 1 6
66 70 10 3
66 71 2 4
66 72 6 9
66 73 7 3
66 74 10 2
66 75 6 9
66 77 7 2
66 79 7 9
66 80 3 4
66 81 10 6
66 82 8 3
66 83 2 1
66 84 6 1
66 85 3 1
66 86 8 1
66 87 7 5
66 88 6 4
66 90 3 5
66 94 9 7
66 95 6 4
66 97 7 5
66 98 10 6
66 99 4 7
66 100 5 8
67 68 10 6
67 69 1 5
67 70 7 3
67 72 10 5
67 73 4 4
67 74 5 9
67 75 6 10
67 77 7 8
67 78 6 7
67 80 3 1
67 81 8 10
67 82 1 4
67 83 2 1
67 84 3 8
67 85 6 9
67 86 7 3
67 87 6 8
67 89 10 1
67 90 7 2
67 91 3 7
67 92 10 7
67 95 2 5
67 97 8 3
67 99 2 8
68 70 4 9
68 72 5 4
68 73 6 2
68 74 5 7
68 75 7 5
68 77 3 4
68 78 5 2
68 79 3 5
68 80 7 4
68 82 8 8
68 85 6 6
68 86 6 4
68 87 6 6
68 88 2 9
68 89 9 9
68 90 5 4
68 92 7 5
68 93 7 7
68 94 5 5
68 95 9 2
68 96 5 5
68 97 8 10
68 98 1 10
69 71 8 4
69 72 4 7
69 73 5 8
69 75 9 1
69 77 10 8
69 78 4 8
69 79 6 6
69 80 9 4
69 81 1 10
69 82 8 5
69 83 9 10
69 84 7 10
69 85 3 5
69 86 2 2
69 87 4 6
69 88 1 1
69 89 10 9
69 90 2 10
69 94 4 1
69 95 6 9
69 97 7 5
69 98 6 10
70 71 10 6
70 72 1 6
70 73 7 10
70 74 10 4
70 75 6 4
70 76 5 3
70 77 6 2
70 78 2 2
70 79 10 4
70 80 3 6
70 81 5 4
70 82 10 5
70 83 5 7
70 84 6 10
70 87 10 4
70 88 4 9
70 90 8 1
70 91 10 5
70 92 5 8
70 93 2 6
70 96 9 9
70 97 3 9
70 98 3 8
70 99 9 8
70 100 10 8
71 72 8 6
71 73 1 10
71 74 4 5
71 75 5 2
71 76 10 4
71 77 6 5
71 78 10 5
71 79 6 9
71 80 7 3
71 81 8 7
71 82 3 4
71 83 3 5
71 85 8 9
71 86 4 4
71 87 3 8
71 88 7 6
71 89 2 9
71 90 8 10
71 91 4 8
71 92 4 1
71 93 7 8
71 95 8 6
71 96 5 8
71 98 6 1
71 99 1 7
71 100 9 7
72 73 5 10
72 74 9 5
72 76 9 8
72 77 3 6
72 78 6 2
72 79 2 10
72 82 9 7
72 83 6 1
72 84 3 3
72 85 10 4
72 86 9 2
72 87 5 5
72 88 2 4
72 89 6 6
72 90 8 1
72 91 4 8
72 93 9 9
72 94 3 6
72 95 9 4
72 96 7 8
72 97 10 9
72 99 7 1
72 100 10 6
73 74 7 10
73 75 4 7
73 76 10 10
73 77 6 9
73 78 7 2
73 79 6 10
73 80 3 5
73 82 7 5
73 83 7 10
73 86 1 4
73 88 6 7
73 89 1 8
73 90 4 1
73 91 6 9
73 93 1 5
73 94 10 4
73 95 1 3
73 97 7 3
73 98 3 1
73 99 6 2
73 100 9 2
74 75 6 3
74 76 2 2
74 77 4 1
74 78 2 4
74 79 6 10
74 80 3 1
74 81 3 3
74 82 7 9
74 83 2 1
74 84 2 2
74 86 4 1
74 87 9 6
74 88 10 7
74 89 10 8
74 90 5 5
74 92 5 6
74 94 2 10
74 95 2 8
74 96 4 4
74 97 10 3
74 98 10 2
75 78 3 5
75 79 9 2
75 80 6 1
75 81 5 7
75 83 5 3
75 84 1 4
75 85 6 4
75 87 9 8
75 88 10 3
75 89 4 6
75 90 9 10
75 91 2 9
75 92 7 8
75 93 9 2
75 95 5 1
75 96 7 5
75 97 9 1
75 99 8 6
75 100 1 1
76 77 3 6
76 78 8 5
76 79 8 9
76 80 2 3
76 81 7 5
76 82 2 2
76 83 2 5
76 85 4 10
76 87 3 10
76 88 9 4
76 89 7 10
76 90 8 2
76 91 7 2
76 92 8 6
76 93 6 10
76 95 10 10
76 96 10 10
76 98 9 10
76 99 4 4
76 100 3 8
77 78 4 8
77 79 10 8
77 81 4 3
77 82 4 5
77 84 2 5
77 85 1 4
77 86 9 9
77 87 5 9
77 88 6 5
77 89 9 9
77 90 5 10
77 91 7 1
77 92 6 2
77 93 2 8
77 94 3 6
77 95 3 9
77 97 7 9
77 99 6 2
77 100 6 1
78 79 1 2
78 80 1 3
78 81 7 3
78 82 3 1
78 83 8 3
78 84 9 6
78 85 6 10
78 86 2 6
78 87 8 5
78 88 5 1
78 89 1 8
78 90 5 4
78 92 9 6
78 93 6 10
78 95 7 3
78 96 10 6
78 97 2 7
78 98 6 6
78 99 8 6
79 80 4 2
79 81 6 7
79 82 8 3
79 83 1 7
79 84 1 3
79 85 10 8
79 86 2 6
79 87 3 6
79 88 1 2
79 89 5 2
79 90 6 3
79 91 6 1
79 92 2 2
79 93 5 10
79 94 2 4
79 96 1 1
79 97 9 4
79 98 3 10
79 99 3 9
80 81 9 8
80 83 4 10
80 84 10 8
80 86 5 10
80 89 4 2
80 90 3 3
80 91 9 2
80 92 3 10
80 94 2 9
80 95 7 10
80 96 7 7
80 97 10 3
80 98 1 8
80 99 8 8
80 100 8 4
81 82 3 5
81 83 6 3
81 84 9 6
81 85 4 5
81 87 10 1
81 88 6 2
81 89 6 9
81 90 5 4
81 92 2 7
81 94 3 1
81 95 2 3
81 96 5 9
81 97 7 2
81 98 2 2
81 99 3 9
81 100 2 3
82 83 6 5
82 84 6 1
82 85 10 9
82 86 7 4
82 88 7 5
82 89 7 5
82 90 7 4
82 91 1 10
82 92 4 6
82 93 2 6
82 94 1 4
82 95 8 5
82 96 3 4
82 97 5 10
82 98 6 6
82 99 4 1
82 100 5 6
83 85 9 8
83 86 1 7
83 87 10 5
83 88 2 2
83 89 2 4
83 90 10 3
83 91 10 1
83 92 3 10
83 93 6 7
83 94 7 8
83 95 1 6
83 96 5 2
83 97 3 9
83 98 2 2
83 99 1 8
83 100 10 1
84 85 10 1
84 86 2 7
84 87 5 1
84 90 4 5
84 91 5 1
84 92 3 2
84 93 9 6
84 95 4 4
84 96 9 9
84 97 2 7
84 99 5 3
84 100 5 3
85 86 10 1
85 87 8 5
85 88 3 7
85 89 9 4
85 90 10 8
85 91 10 1
85 92 10 3
85 93 3 5
85 94 10 8
85 99 5 5
85 100 3 9
86 87 3 4
86 88 2 9
86 89 1 7
86 90 1 6
86 91 9 6
86 92 5 10
86 93 5 1
86 95 9 9
86 97 2 9
86 98 4 9
86 99 10 10
86 100 10 5
87 88 7 5
87 89 2 5
87 92 6 1
87 93 1 4
87 94 9 1
87 95 2 4
87 96 5 2
87 97 9 7
87 98 1 5
87 99 6 7
87 100 2 9
88 89 6 1
88 90 9 10
88 91 7 2
88 92 6 7
88 94 4 6
88 96 8 6
88 97 7 2
88 98 5 4
89 90 2 6
89 91 3 8
89 92 7 4
89 94 3 5
89 95 7 8
89 96 9 7
89 97 7 2
89 98 4 7
89 99 3 9
89 100 2 10
90 91 9 3
90 92 9 8
90 94 8 7
90 95 2 5
90 96 8 10
90 97 5 6
90 98 6 7
90 99 8 5
91 92 1 6
91 93 10 2
91 95 6 8
91 97 8 3
91 98 2 10
91 99 3 2
91 100 6 10
92 93 10 9
92 94 2 1
92 95 1 1
92 96 7 8
92 97 7 4
92 98 2 6
92 99 9 4
92 100 9 5
93 94 10 3
93 95 6 5
93 96 8 9
93 97 1 2
93 99 3 9
94 95 10 1
94 97 8 4
94 98 3 7
94 99 2 7
94 100 9 9
95 97 2 10
95 99 5 10
95 100 10 4
96 97 10 10
96 99 5 8
96 100 10 2
97 98 2 9
97 99 4 6
97 100 2 8
98 99 3 4
98 100 5 10
99 100 6 5
1
1 2 3 4 5 6 7 8 9 10 11 12 13 14 15 16 17 18 19 20 21 22 23 24 25 26 27 28 29 30 31 32 33 34 35 36 37 38 39 40 41 42 43 44 45 46 47 48 49 50
