4002
1 2 8 2
1 4 7 5
1 5 10 3
1 6 9 8
1 7 10 9
1 8 7 4
1 9 10 4
1 10 10 7
1 11 6 2
1 13 3 4
1 14 5 4
1 15 2 2
1 16 8 9
1 17 8 3
1 18 9 7
1 20 3 7
1 21 2 3
1 22 2 3
1 23 2 2
1 24 1 8
1 25 3 5
1 26 1 8
1 27 6 8
1 28 2 3
1 29 8 5
1 30 9 6
1 31 9 5
1 32 5 9
1 33 5 10
1 34 9 1
1 35 10 10
1 36 5 5
1 37 1 2
1 38 4 4
1 39 5 4
1 40 4 4
1 41 5 3
1 42 10 10
1 43 6 1
1 44 5 3
1 45 7 7
1 46 5 8
1 48 6 2
1 49 6 8
1 51 9 4
1 52 3 6
1 53 5 2
1 54 4 3
1 55 8 4
1 57 10 10
1 58 6 1
1 59 5 7
1 60 1 10
1 61 2 8
1 62 2 7
1 63 1 8
1 65 3 8
1 66 3 7
1 67 9 6
1 70 4 10
1 71 9 5
1 74 5 9
1 75 10 7
1 76 7 6
1 77 10 8
1 78 1 2
1 81 10 4
1 82 2 5
1 83 2 6
1 84 3 7
1 85 7 1
1 86 1 10
1 87 2 9
1 88 1 8
1 91 10 6
1 92 2 4
1 94 2 8
1 95 10 7
1 96 6 4
1 99 5 9
1 100 8 1
2 3 8 8
2 4 9 8
2 5 9 9
2 6 8 4
2 7 3 10
2 9 1 2
2 11 4 6
2 12 4 2
2 13 2 4
2 14 10 2
2 15 5 10
2 16 6 6
2 18 6 9
2 20 1 8
2 21 7 1
2 22 9 4
2 23 9 6
2 25 9 5
2 26 8 8
2 28 5 8
2 29 1 5
2 30 10 8
2 31 5 6
2 32 9 5
2 33 2 5
2 34 3 8
2 35 6 7
2 36 2 1
2 37 3 5
2 38 10 9
2 40 1 5
2 41 3 5
2 42 1 5
2 45 5 9
2 46 2 2
2 47 7 9
2 48 6 9
2 50 4 5
2 51 8 2
2 52 9 6
2 53 6 3
2 54 7 2
2 55 6 2
2 56 6 4
2 59 1 4
2 60 7 9
2 61 2 10
2 62 10 4
2 63 9 9
2 64 3 7
2 65 3 10
2 66 7 2
2 69 5 1
2 70 5 9
2 71 8 9
2 72 4 2
2 73 7 7
2 74 6 8
2 75 1 5
2 76 8 5
2 77 6 2
2 79 2 10
2 80 5 1
2 81 3 2
2 82 1 3
2 84 3 9
2 85 3 6
2 86 6 2
2 87 7 7
2 88 10 9
2 89 3 7
2 90 10 2
2 91 2 4
2 92 4 8
2 93 7 7
2 95 2 6
2 96 1 2
2 98 8 6
2 99 2 3
3 4 10 2
3 6 10 9
3 7 6 7
3 10 3 2
3 11 9 2
3 12 6 8
3 13 5 1
3 16 1 9
3 17 4 10
3 18 6 1
3 19 6 9
3 20 7 1
3 21 2 3
3 22 7 9
3 23 6 4
3 25 5 5
3 26 6 4
3 27 2 9
3 28 10 4
3 29 4 4
3 30 5 9
3 31 6 8
3 32 1 4
3 33 2 10
3 34 1 2
3 35 10 8
3 36 8 8
3 38 9 2
3 39 7 8
3 40 2 5
3 41 8 10
3 42 2 3
3 43 4 10
3 44 9 2
3 46 3 7
3 47 7 9
3 48 8 1
3 49 2 3
3 50 2 1
3 51 1 7
3 53 3 1
3 54 4 3
3 55 9 5
3 56 2 9
3 57 2 8
3 58 8 7
3 59 3 3
3 60 5 10
3 61 9 7
3 63 10 10
3 64 4 4
3 65 4 10
3 68 10 4
3 69 6 8
3 70 8 8
3 71 3 9
3 75 1 4
3 76 9 1
3 77 9 9
3 78 9 7
3 79 4 8
3 80 5 2
3 81 6 3
3 82 4 8
3 83 3 4
3 85 6 8
3 86 5 1
3 87 10 7
3 89 7 10
3 90 6 4
3 91 6 9
3 92 8 2
3 93 6 4
3 94 4 7
3 95 6 1
3 96 7 6
3 98 6 8
3 99 8 4
3 100 9 6
4 5 3 5
4 6 10 10
4 7 9 6
4 8 6 7
4 9 2 7
4 10 1 6
4 11 10 5
4 12 9 10
4 13 9 6
4 14 8 3
4 16 4 6
4 17 8 10
4 18 7 9
4 20 5 3
4 21 2 6
4 22 1 8
4 23 4 2
4 24 3 7
4 25 8 5
4 27 10 10
4 28 6 8
4 29 2 10
4 30 1 2
4 31 1 6
4 32 2 5
4 33 9 9
4 35 5 2
4 36 1 9
4 37 9 4
4 38 9 7
4 39 6 1
4 40 6 1
4 42 3 8
4 43 9 3
4 44 1 6
4 45 8 4
4 46 5 4
4 47 2 9
4 48 8 10
4 49 6 4
4 50 2 9
4 51 7 3
4 52 9 10
4 55 5 9
4 56 4 6
4 57 9 10
4 58 9 10
4 59 8 1
4 61 6 9
4 62 2 9
4 63 7 4
4 64 3 6
4 66 4 6
4 67 6 1
4 68 4 10
4 69 10 9
4 70 3 5
4 71 8 3
4 72 6 7
4 73 7 10
4 74 8 8
4 75 10 10
4 76 2 6
4 77 3 3
4 78 7 9
4 79 4 5
4 80 6 2
4 81 1 9
4 82 5 5
4 83 3 8
4 84 4 3
4 85 3 4
4 86 4 3
4 87 4 7
4 88 3 10
4 89 5 1
4 90 4 3
4 91 3 10
4 92 6 10
4 93 3 6
4 94 2 9
4 95 6 10
4 96 2 3
4 98 10 5
4 99 3 1
4 100 9 7
5 6 10 2
5 7 9 3
5 8 1 7
5 9 5 4
5 10 1 8
5 12 7 6
5 13 4 1
5 14 5 7
5 15 3 2
5 16 5 2
5 17 10 10
5 18 10 5
5 19 2 4
5 20 3 9
5 22 3 2
5 23 8 1
5 24 9 8
5 25 8 6
5 27 5 4
5 28 7 10
5 29 10 10
5 30 5 2
5 32 5 4
5 33 2 2
5 34 9 2
5 35 4 10
5 36 5 4
5 37 10 6
5 38 7 5
5 39 7 3
5 40 10 7
5 41 6 10
5 42 1 3
5 43 7 4
5 44 7 8
5 46 7 3
5 47 6 5
5 48 10 1
5 50 8 5
5 51 5 10
5 52 6 10
5 53 6 5
5 55 10 4
5 56 5 6
5 57 2 2
5 58 10 6
5 60 2 8
5 61 8 2
5 62 7 2
5 63 4 7
5 64 9 2
5 65 2 8
5 66 3 6
5 68 3 7
5 69 7 4
5 70 4 10
5 71 8 2
5 72 4 2
5 73 9 10
5 74 6 7
5 78 5 1
5 79 2 8
5 82 7 3
5 83 5 5
5 84 5 10
5 85 3 7
5 86 5 5
5 88 3 10
5 89 10 10
5 91 1 2
5 93 10 1
5 94 7 4
5 95 4 3
5 97 4 6
5 98 9 1
5 100 9 4
6 7 8 5
6 8 4 6
6 9 10 1
6 10 5 4
6 12 9 1
6 13 8 5
6 14 9 3
6 15 5 10
6 18 1 10
6 19 1 6
6 20 2 7
6 22 3 6
6 23 7 5
6 24 3 8
6 25 8 1
6 26 1 2
6 27 5 6
6 29 5 3
6 31 9 6
6 32 7 2
6 33 10 1
6 34 3 9
6 35 5 2
6 36 7 2
6 37 8 7
6 38 10 5
6 39 5 9
6 40 7 2
6 41 7 5
6 42 3 2
6 43 6 6
6 44 10 7
6 45 10 8
6 46 6 7
6 47 8 2
6 48 10 4
6 49 5 10
6 50 6 6
6 51 9 6
6 52 9 2
6 53 9 5
6 54 7 5
6 55 6 4
6 57 4 4
6 58 7 3
6 59 5 3
6 60 3 1
6 61 10 5
6 62 9 3
6 65 8 6
6 66 7 3
6 67 6 3
6 68 9 9
6 69 2 4
6 71 4 9
6 72 3 2
6 73 6 8
6 74 1 3
6 76 2 3
6 77 10 5
6 78 1 8
6 79 9 1
6 81 6 8
6 82 8 3
6 83 7 8
6 86 5 3
6 87 9 9
6 88 3 5
6 90 1 10
6 91 5 9
6 92 8 10
6 96 8 10
6 97 4 1
6 98 9 7
6 99 10 3
6 100 5 4
7 8 7 5
7 9 2 3
7 10 8 7
7 11 3 7
7 12 6 10
7 13 10 1
7 14 1 4
7 15 10 7
7 16 3 1
7 18 2 7
7 19 10 6
7 20 10 1
7 21 6 7
7 22 5 1
7 23 7 10
7 24 1 2
7 25 6 6
7 27 5 4
7 28 9 2
7 29 3 4
7 30 2 10
7 31 1 7
7 32 6 4
7 33 3 9
7 34 10 8
7 35 2 5
7 36 1 9
7 37 8 7
7 38 7 4
7 39 9 2
7 40 10 3
7 41 9 4
7 42 4 9
7 45 8 10
7 47 2 6
7 49 7 8
7 50 7 3
7 52 8 9
7 54 5 10
7 55 5 10
7 56 2 7
7 57 6 7
7 58 2 9
7 59 5 3
7 60 9 10
7 61 4 8
7 63 8 7
7 64 1 2
7 65 7 8
7 66 2 6
7 67 3 10
7 68 7 7
7 70 10 3
7 71 1 4
7 72 6 10
7 74 3 4
7 75 9 5
7 76 6 5
7 77 5 4
7 78 7 1
7 80 2 7
7 81 1 9
7 84 2 7
7 85 6 3
7 86 2 6
7 87 8 7
7 88 10 5
7 89 10 3
7 90 9 5
7 93 3 3
7 94 1 5
7 95 10 5
7 96 4 3
7 97 8 2
7 99 8 1
7 100 4 6
8 9 8 9
8 10 3 4
8 11 1 7
8 13 4 5
8 14 10 2
8 16 5 4
8 17 10 3
8 18 2 4
8 19 6 4
8 20 2 8
8 21 2 3
8 23 10 10
8 24 2 10
8 25 6 9
8 26 9 3
8 27 1 5
8 28 1 2
8 29 9 8
8 32 4 1
8 33 6 1
8 34 9 8
8 35 2 8
8 36 6 5
8 38 7 6
8 39 1 2
8 40 9 3
8 42 7 9
8 43 2 3
8 44 6 2
8 45 1 3
8 46 10 8
8 47 6 2
8 48 7 4
8 49 5 8
8 50 1 1
8 51 7 7
8 52 4 1
8 53 2 5
8 54 6 5
8 55 2 7
8 56 5 1
8 57 1 9
8 58 10 2
8 60 2 7
8 61 5 3
8 63 9 9
8 64 5 6
8 65 9 1
8 66 5 4
8 67 5 8
8 71 4 10
8 72 3 7
8 73 9 4
8 74 4 7
8 75 1 10
8 76 9 5
8 77 5 10
8 78 2 9
8 79 4 5
8 80 2 2
8 81 3 8
8 82 1 6
8 84 5 8
8 85 10 9
8 86 6 4
8 88 1 5
8 89 3 5
8 90 3 1
8 91 2 10
8 92 1 1
8 93 10 8
8 94 4 4
8 96 7 7
8 97 4 5
8 98 9 6
8 99 5 4
8 100 7 8
9 10 6 10
9 11 9 9
9 14 3 2
9 15 1 9
9 16 2 1
9 19 5 10
9 20 5 4
9 21 7 6
9 22 2 8
9 23 1 10
9 24 2 8
9 25 6 3
9 26 8 8
9 27 1 1
9 28 7 3
9 29 9 2
9 32 2 6
9 34 4 8
9 37 8 4
9 38 1 3
9 39 8 4
9 40 7 1
9 41 10 2
9 42 3 4
9 43 3 5
9 45 5 2
9 46 8 4
9 47 3 1
9 48 1 10
9 50 10 4
9 51 9 3
9 52 4 4
9 53 8 6
9 54 10 2
9 55 7 10
9 56 9 2
9 60 4 5
9 61 8 9
9 62 4 3
9 63 8 9
9 64 8 8
9 65 6 10
9 67 3 7
9 68 1 5
9 69 1 10
9 71 4 4
9 72 10 6
9 73 10 1
9 74 4 8
9 75 7 7
9 76 2 10
9 77 8 8
9 78 8 4
9 79 7 7
9 80 8 3
9 81 9 4
9 82 9 9
9 83 3 3
9 84 7 5
9 85 3 8
9 86 3 6
9 88 3 1
9 89 5 7
9 90 10 9
9 91 9 3
9 92 8 4
9 93 2 8
9 94 5 8
9 95 4 6
9 96 4 6
9 97 4 9
9 100 2 4
10 11 10 8
10 12 9 6
10 13 7 2
10 14 9 3
10 15 6 7
10 16 9 4
10 18 3 4
10 19 3 3
10 20 2 8
10 21 9 8
10 22 6 6
10 23 2 5
10 24 6 1
10 25 8 2
10 26 7 6
10 28 1 9
10 29 8 8
10 30 6 10
10 31 4 2
10 32 7 3
10 33 10 1
10 34 5 4
10 36 4 1
10 38 10 9
10 41 9 1
10 42 10 8
10 43 3 2
10 45 3 3
10 46 7 6
10 47 1 10
10 48 7 7
10 49 9 4
10 50 1 8
10 52 7 9
10 53 3 7
10 54 8 6
10 55 8 2
10 56 5 6
10 57 8 1
10 58 5 4
10 59 6 1
10 62 6 7
10 64 1 10
10 67 5 8
10 68 5 1
10 70 1 9
10 71 10 5
10 72 2 9
10 74 6 2
10 75 7 8
10 76 6 9
10 77 1 5
10 78 1 9
10 79 10 6
10 80 7 5
10 81 4 8
10 82 2 9
10 83 10 7
10 84 1 9
10 85 2 3
10 86 10 8
10 87 7 10
10 88 8 7
10 89 6 5
10 90 10 1
10 91 5 2
10 92 6 10
10 93 7 1
10 94 10 10
10 95 3 8
10 96 4 7
10 98 9 2
10 99 1 10
11 12 4 5
11 13 6 6
11 14 5 1
11 15 6 9
11 17 1 5
11 18 4 8
11 19 5 9
11 20 4 6
11 23 9 6
11 25 6 3
11 26 2 10
11 27 7 9
11 29 3 1
11 30 10 5
11 31 1 3
11 32 1 3
11 33 4 9
11 34 4 7
11 35 8 9
11 36 8 2
11 37 3 2
11 38 1 5
11 41 5 10
11 42 4 5
11 45 8 10
11 46 8 4
11 48 4 8
11 49 5 6
11 50 5 6
11 51 9 9
11 52 7 3
11 53 2 9
11 54 2 10
11 55 5 5
11 56 5 3
11 57 7 5
11 59 7 3
11 61 1 1
11 63 1 9
11 64 7 2
11 65 9 1
11 66 8 9
11 67 1 1
11 68 4 2
11 69 2 6
11 71 1 3
11 72 3 7
11 73 3 9
11 74 3 9
11 75 7 1
11 76 10 8
11 78 5 5
11 80 9 9
11 81 1 5
11 82 9 6
11 83 3 8
11 84 8 6
11 85 5 2
11 88 2 1
11 89 3 3
11 91 3 2
11 94 4 10
11 95 9 5
11 97 8 10
11 98 3 10
11 99 9 5
12 13 1 6
12 15 4 4
12 16 3 10
12 17 10 2
12 19 8 10
12 20 6 10
12 21 3 9
12 22 2 4
12 23 7 2
12 25 4 4
12 26 7 7
12 27 2 2
12 28 10 7
12 29 9 6
12 30 7 1
12 31 3 1
12 32 4 1
12 33 9 6
12 34 6 1
12 36 3 1
12 38 7 3
12 39 1 1
12 40 3 3
12 41 7 5
12 42 1 4
12 44 7 9
12 45 10 10
12 46 9 3
12 47 8 7
12 48 1 1
12 49 1 10
12 50 7 3
12 51 2 9
12 52 1 6
12 53 4 10
12 54 8 4
12 56 3 6
12 57 9 6
12 58 3 3
12 59 9 10
12 60 5 4
12 61 3 2
12 62 8 2
12 63 7 9
12 65 6 6
12 67 8 4
12 70 8 3
12 71 6 10
12 72 1 3
12 73 9 4
12 74 2 8
12 75 6 4
12 76 7 5
12 77 3 8
12 79 4 4
12 80 2 10
12 81 10 5
12 82 8 10
12 83 6 8
12 84 8 4
12 85 9 6
12 86 1 5
12 87 4 6
12 89 8 10
12 90 10 1
12 93 1 1
12 94 3 2
12 96 4 4
12 97 7 4
12 98 1 1
12 99 8 1
12 100 7 10
13 14 5 6
13 15 8 9
13 16 3 2
13 19 8 2
13 20 7 3
13 21 2 1
13 22 3 10
13 23 7 7
13 24 4 3
13 25 8 9
13 26 3 2
13 27 8 10
13 28 6 8
13 29 2 6
13 31 6 1
13 32 9 4
13 33 6 10
13 34 5 5
13 35 8 1
13 36 5 6
13 37 3 10
13 38 1 5
13 39 2 9
13 40 7 8
13 41 6 3
13 43 2 7
13 45 8 10
13 46 4 5
13 47 2 3
13 48 8 5
13 49 6 3
13 51 10 8
13 53 9 5
13 54 2 4
13 55 9 8
13 57 1 5
13 58 3 9
13 60 5 7
13 61 6 4
13 62 3 10
13 63 3 9
13 64 7 7
13 65 6 7
13 66 8 8
13 67 5 4
13 68 3 3
13 69 8 4
13 70 7 9
13 71 6 2
13 72 4 7
13 73 2 3
13 74 2 5
13 75 5 9
13 76 10 8
13 77 6 9
13 79 7 2
13 80 3 1
13 81 7 2
13 82 2 1
13 83 7 2
13 85 7 9
13 87 6 1
13 88 10 7
13 89 10 5
13 90 5 3
13 91 6 6
13 92 6 8
13 93 1 7
13 95 3 6
13 99 7 8
13 100 4 2
14 15 1 4
14 16 4 4
14 17 7 6
14 18 3 8
14 19 9 3
14 21 9 1
14 23 4 9
14 24 2 9
14 26 5 7
14 27 3 1
14 29 3 6
14 30 1 2
14 31 7 5
14 32 6 10
14 33 8 6
14 35 6 2
14 36 9 6
14 37 9 4
14 38 5 10
14 39 10 9
14 40 9 2
14 42 5 6
14 43 9 9
14 46 1 7
14 47 1 5
14 48 10 1
14 49 8 5
14 51 2 8
14 53 8 9
14 54 7 8
14 55 9 3
14 56 6 8
14 57 5 10
14 59 10 5
14 60 5 4
14 61 9 8
14 62 5 3
14 63 3 4
14 65 2 1
14 66 5 7
14 67 10 8
14 70 9 10
14 71 10 4
14 72 3 2
14 73 8 7
14 74 4 10
14 75 10 2
14 76 2 2
14 78 7 4
14 79 3 2
14 80 6 2
14 81 5 10
14 82 8 6
14 83 6 2
14 84 10 6
14 85 6 5
14 87 2 6
14 89 7 4
14 90 8 9
14 91 7 9
14 93 6 8
14 94 10 5
14 95 3 9
14 96 4 10
14 97 7 1
14 98 6 3
14 99 8 5
15 16 6 4
15 17 9 5
15 19 5 6
15 20 7 5
15 21 3 10
15 22 2 10
15 23 5 10
15 24 10 8
15 25 5 8
15 26 6 2
15 27 6 5
15 29 2 5
15 30 5 2
15 31 7 8
15 32 10 2
15 33 9 6
15 34 5 3
15 36 6 9
15 37 9 9
15 38 6 1
15 39 1 4
15 40 7 7
15 41 7 6
15 42 6 2
15 43 4 9
15 44 8 9
15 45 2 10
15 46 8 10
15 47 5 2
15 48 6 10
15 50 7 10
15 51 1 9
15 52 7 10
15 54 8 6
15 55 4 6
15 56 9 10
15 57 10 3
15 58 4 3
15 60 6 4
15 61 2 2
15 62 4 10
15 63 7 2
15 64 4 7
15 65 2 8
15 66 7 10
15 67 1 6
15 68 7 6
15 70 4 8
15 71 9 1
15 72 5 2
15 76 7 1
15 77 9 2
15 78 5 7
15 80 10 6
15 81 5 10
15 82 5 7
15 83 3 5
15 84 5 3
15 85 3 1
15 87 7 1
15 88 6 6
15 89 1 10
15 90 2 1
15 92 8 7
15 93 3 6
15 95 2 5
15 96 2 10
15 97 6 1
15 98 4 10
15 99 9 2
15 100 9 3
16 17 4 1
16 18 3 7
16 19 9 7
16 21 4 7
16 22 4 9
16 23 5 9
16 24 10 1
16 25 1 2
16 26 9 3
16 27 4 1
16 28 7 1
16 29 8 9
16 31 4 7
16 32 2 9
16 34 8 8
16 36 2 5
16 37 5 2
16 38 9 9
16 39 6 4
16 41 5 10
16 42 4 10
16 43 7 3
16 44 3 7
16 45 4 9
16 46 9 2
16 47 10 10
16 48 8 5
16 49 4 5
16 50 3 10
16 51 6 6
16 52 4 9
16 53 2 3
16 54 4 6
16 55 10 6
16 57 2 4
16 58 8 4
16 59 3 1
16 60 1 3
16 61 6 1
16 62 3 7
16 63 1 10
16 64 5 1
16 65 9 4
16 67 3 5
16 68 2 5
16 69 7 8
16 71 1 10
16 72 8 8
16 73 4 9
16 75 10 10
16 76 8 6
16 77 7 8
16 78 2 6
16 79 1 10
16 80 6 10
16 81 4 2
16 83 7 8
16 84 5 2
16 85 6 7
16 87 7 8
16 88 8 10
16 89 1 6
16 90 1 9
16 92 2 9
16 93 4 5
16 94 6 9
16 95 2 1
16 96 4 5
16 97 1 7
16 98 9 8
16 99 8 7
16 100 7 9
17 18 7 5
17 19 3 2
17 20 4 1
17 21 10 7
17 23 2 3
17 24 8 7
17 26 4 8
17 27 6 1
17 28 7 2
17 29 9 6
17 30 3 5
17 31 2 7
17 32 2 2
17 33 5 1
17 34 8 3
17 37 3 8
17 38 10 4
17 40 5 2
17 42 4 8
17 43 3 7
17 44 8 1
17 45 10 3
17 46 1 7
17 48 2 9
17 50 8 5
17 52 6 9
17 53 4 2
17 54 8 7
17 55 2 2
17 56 10 6
17 57 9 9
17 58 2 10
17 59 3 7
17 60 10 6
17 61 10 2
17 64 7 4
17 65 8 8
17 66 4 3
17 67 6 7
17 68 8 1
17 70 1 2
17 71 1 1
17 73 1 8
17 74 1 5
17 75 7 6
17 76 2 10
17 79 9 5
17 80 8 5
17 81 9 6
17 82 4 3
17 83 7 9
17 84 8 7
17 85 10 6
17 86 7 3
17 87 2 10
17 89 10 4
17 91 8 4
17 92 6 4
17 93 5 2
17 97 7 3
17 98 7 4
17 99 9 9
17 100 2 8
18 19 10 7
18 20 9 8
18 21 4 4
18 22 2 9
18 23 8 1
18 25 7 5
18 26 4 1
18 27 1 2
18 30 9 8
18 31 3 8
18 32 7 10
18 33 8 4
18 34 3 2
18 35 2 5
18 36 7 7
18 37 7 3
18 38 3 8
18 39 1 3
18 40 2 2
18 41 1 4
18 42 5 4
18 45 3 6
18 46 6 8
18 47 6 6
18 50 10 2
18 52 2 8
18 53 7 4
18 54 5 6
18 55 2 9
18 57 8 1
18 58 8 10
18 59 8 5
18 60 2 6
18 61 10 6
18 62 5 5
18 63 9 9
18 64 9 10
18 65 8 5
18 68 2 7
18 69 4 3
18 70 9 5
18 71 4 4
18 72 10 5
18 73 7 6
18 74 9 10
18 76 10 8
18 78 7 7
18 79 4 5
18 80 2 7
18 81 6 9
18 82 4 1
18 83 6 6
18 84 6 2
18 85 5 2
18 87 9 9
18 88 8 7
18 89 10 5
18 91 10 6
18 92 4 8
18 93 4 9
18 94 3 9
18 95 6 4
18 96 7 7
18 97 8 1
18 98 2 10
18 99 1 5
18 100 5 4
19 20 1 3
19 21 2 4
19 22 7 2
19 25 7 10
19 27 6 5
19 29 5 9
19 30 3 9
19 31 1 2
19 32 6 2
19 33 7 9
19 34 1 5
19 35 3 6
19 36 5 5
19 37 1 3
19 38 7 8
19 39 2 10
19 40 4 6
19 42 1 2
19 45 5 1
19 46 1 3
19 47 8 8
19 48 1 5
19 50 10 2
19 51 8 9
19 52 9 1
19 53 9 2
19 55 10 5
19 56 3 4
19 58 4 8
19 59 9 2
19 60 5 5
19 61 9 2
19 62 1 2
19 63 1 9
19 64 7 6
19 66 4 6
19 68 9 4
19 70 8 7
19 71 6 6
19 72 9 8
19 73 2 1
19 74 1 2
19 75 8 5
19 76 1 3
19 77 4 1
19 78 6 9
19 79 10 3
19 80 5 7
19 81 9 6
19 82 4 3
19 83 10 8
19 84 9 2
19 85 2 2
19 86 5 6
19 87 4 7
19 91 6 5
19 92 3 7
19 93 6 10
19 95 5 7
19 96 10 3
19 98 1 7
19 99 9 8
19 100 7 7
20 21 7 3
20 23 7 9
20 24 9 2
20 25 8 9
20 27 8 1
20 28 2 5
20 29 8 10
20 30 3 5
20 32 3 1
20 33 8 4
20 34 1 8
20 35 8 10
20 36 5 8
20 37 8 6
20 39 4 3
20 41 8 5
20 42 2 8
20 43 5 1
20 44 9 6
20 45 10 5
20 46 7 5
20 47 1 3
20 48 3 5
20 50 8 8
20 51 4 7
20 52 4 9
20 53 7 3
20 56 1 6
20 57 3 6
20 58 9 5
20 59 5 9
20 61 2 10
20 62 9 1
20 63 8 3
20 68 8 10
20 69 2 6
20 70 10 8
20 71 4 3
20 73 10 10
20 75 2 9
20 76 10 6
20 77 10 3
20 78 7 5
20 79 8 8
20 80 5 6
20 82 7 6
20 83 4 4
20 84 1 9
20 85 3 8
20 86 2 1
20 87 10 6
20 88 1 10
20 89 1 2
20 91 8 5
20 92 4 4
20 93 7 8
20 94 1 8
20 95 4 7
20 96 5 8
20 97 1 8
20 98 5 6
20 100 4 5
21 22 10 8
21 23 6 3
21 25 1 1
21 26 9 6
21 27 6 9
21 28 7 4
21 29 5 8
21 30 8 8
21 31 4 9
21 33 10 3
21 34 5 7
21 35 6 5
21 36 3 1
21 37 6 7
21 38 1 4
21 39 8 4
21 40 7 7
21 44 2 9
21 46 1 1
21 47 3 2
21 50 5 5
21 51 9 3
21 52 6 3
21 53 3 8
21 54 9 6
21 56 2 8
21 57 4 9
21 58 3 3
21 59 6 9
21 60 2 7
21 61 1 5
21 62 2 4
21 63 7 2
21 64 6 9
21 65 3 7
21 66 4 4
21 67 4 3
21 68 10 5
21 69 1 1
21 70 2 7
21 71 2 5
21 72 3 6
21 73 6 5
21 74 10 8
21 76 9 5
21 77 9 8
21 79 7 5
21 80 1 9
21 81 7 8
21 82 4 9
21 84 9 4
21 85 6 5
21 86 1 5
21 87 9 5
21 89 8 7
21 90 10 8
21 91 6 1
21 92 8 6
21 93 3 8
21 94 5 10
21 96 1 9
21 97 10 3
21 98 8 9
21 99 9 3
21 100 4 4
22 24 3 8
22 25 10 6
22 26 8 2
22 27 3 4
22 28 7 7
22 29 8 5
22 30 5 1
22 31 2 4
22 33 5 1
22 34 4 3
22 35 8 6
22 36 3 4
22 37 2 9
22 38 7 10
22 40 5 6
22 41 5 4
22 42 5 7
22 43 4 10
22 44 2 1
22 45 9 4
22 46 10 10
22 48 5 7
22 49 6 1
22 50 10 3
22 51 6 6
22 52 7 5
22 54 5 7
22 55 6 1
22 56 1 9
22 58 7 8
22 60 7 4
22 61 3 5
22 62 9 6
22 63 10 9
22 64 4 10
22 65 3 8
22 67 7 4
22 68 4 3
22 69 9 9
22 70 6 2
22 71 5 8
22 72 10 6
22 73 3 2
22 75 9 8
22 76 10 9
22 77 2 10
22 78 7 10
22 80 6 7
22 81 2 3
22 82 1 4
22 83 3 7
22 84 6 5
22 86 4 3
22 88 9 9
22 89 7 5
22 90 2 6
22 91 5 4
22 92 3 8
22 93 5 10
22 94 6 7
22 95 5 9
22 98 4 10
22 99 8 8
23 24 10 5
23 25 10 5
23 28 10 8
23 29 9 5
23 30 4 1
23 31 3 4
23 33 10 2
23 34 1 7
23 35 3 5
23 36 7 7
23 37 5 3
23 38 8 3
23 42 6 1
23 43 10 5
23 44 10 2
23 46 1 6
23 47 3 8
23 48 2 7
23 49 9 8
23 50 6 8
23 51 5 5
23 53 10 7
23 54 4 2
23 56 9 5
23 59 6 10
23 60 6 2
23 61 1 4
23 62 7 3
23 63 7 3
23 64 2 3
23 65 5 9
23 71 10 9
23 72 10 6
23 73 10 8
23 76 4 1
23 77 9 8
23 78 7 7
23 79 7 10
23 80 1 9
23 82 5 1
23 83 4 7
23 84 7 10
23 86 1 5
23 87 9 3
23 88 4 5
23 90 8 2
23 91 2 6
23 92 6 9
23 94 7 6
23 95 7 4
23 96 3 10
23 97 7 6
23 98 8 3
23 99 2 10
23 100 3 5
24 25 5 6
24 27 1 7
24 28 10 1
24 29 2 5
24 30 1 4
24 31 2 3
24 32 9 1
24 33 4 3
24 34 6 7
24 36 2 2
24 37 8 4
24 38 5 6
24 39 7 7
24 40 3 7
24 41 2 7
24 42 3 6
24 43 7 3
24 44 10 10
24 46 2 9
24 47 3 9
24 48 10 7
24 50 8 1
24 52 2 7
24 53 8 7
24 54 6 4
24 55 9 8
24 56 7 5
24 57 7 10
24 60 3 1
24 61 9 2
24 63 5 4
24 64 1 8
24 65 5 8
24 66 7 2
24 67 8 2
24 69 8 4
24 70 7 2
24 71 10 8
24 73 7 3
24 74 7 9
24 75 5 6
24 76 5 1
24 77 1 10
24 78 1 5
24 79 10 5
24 83 2 8
24 84 8 3
24 85 7 7
24 86 5 3
24 87 9 6
24 88 6 4
24 89 5 2
24 90 6 4
24 91 3 4
24 92 1 8
24 93 6 10
24 94 1 9
24 96 10 2
24 97 3 5
24 98 5 7
24 99 8 3
25 27 7 2
25 29 10 8
25 30 5 8
25 31 7 1
25 33 5 2
25 34 10 3
25 35 8 7
25 36 2 1
25 37 9 5
25 38 6 5
25 39 8 9
25 40 6 2
25 42 10 1
25 43 3 1
25 44 9 4
25 45 4 4
25 46 10 8
25 48 5 2
25 49 2 5
25 50 6 10
25 51 5 3
25 53 6 10
25 55 6 2
25 56 9 8
25 57 1 7
25 58 1 8
25 59 5 5
25 60 8 8
25 62 1 3
25 63 8 2
25 64 8 3
25 65 7 8
25 66 5 10
25 68 2 6
25 69 10 8
25 70 9 5
25 71 1 2
25 72 9 8
25 73 3 2
25 74 5 6
25 78 6 10
25 79 9 2
25 80 1 9
25 81 4 5
25 82 9 2
25 83 4 7
25 84 8 3
25 85 1 4
25 86 10 9
25 87 9 10
25 89 6 2
25 90 2 2
25 91 1 3
25 93 2 9
25 95 7 6
25 96 7 9
25 97 5 3
25 99 3 6
26 27 3 7
26 28 8 7
26 30 3 8
26 31 3 7
26 32 1 5
26 33 5 3
26 34 9 9
26 35 2 6
26 37 2 3
26 38 4 5
26 39 10 1
26 41 9 2
26 42 5 6
26 43 1 2
26 45 7 3
26 46 4 9
26 47 2 3
26 48 8 8
26 51 8 2
26 52 10 8
26 53 3 8
26 54 2 2
26 55 10 8
26 56 6 5
26 57 3 7
26 58 3 5
26 59 10 1
26 60 6 2
26 61 6 2
26 63 3 8
26 64 4 1
26 65 3 6
26 67 8 5
26 68 9 2
26 69 10 7
26 70 1 4
26 73 2 1
26 74 7 5
26 75 4 4
26 76 2 4
26 78 7 3
26 79 8 4
26 80 2 3
26 82 6 2
26 84 8 5
26 86 8 10
26 87 4 8
26 88 2 7
26 89 10 4
26 90 1 9
26 91 7 4
26 92 10 10
26 93 10 2
26 95 1 1
26 96 7 8
26 98 3 1
26 99 9 4
27 28 3 4
27 30 10 4
27 31 10 10
27 32 2 6
27 33 4 5
27 34 8 6
27 35 8 8
27 36 7 8
27 38 7 8
27 39 5 1
27 40 4 8
27 42 4 1
27 43 5 10
27 44 10 9
27 45 10 1
27 46 2 10
27 47 6 8
27 48 8 3
27 49 6 6
27 50 7 6
27 51 2 9
27 52 8 3
27 53 3 7
27 54 5 2
27 56 7 5
27 57 10 10
27 59 4 4
27 60 2 6
27 61 8 6
27 62 2 2
27 64 2 5
27 65 5 5
27 66 5 9
27 67 6 8
27 69 1 9
27 72 5 2
27 73 3 4
27 74 5 5
27 75 6 1
27 76 1 5
27 77 5 7
27 79 8 10
27 80 4 4
27 81 6 2
27 82 7 8
27 83 10 5
27 84 8 5
27 85 10 4
27 86 6 1
27 87 7 10
27 90 4 4
27 92 10 10
27 93 9 2
27 94 7 6
27 96 1 1
27 97 10 4
27 98 2 5
27 99 5 9
27 100 6 3
28 29 1 7
28 30 4 2
28 31 10 6
28 32 9 7
28 33 5 7
28 34 2 3
28 35 3 10
28 36 6 6
28 37 6 2
28 38 4 4
28 39 3 3
28 40 8 4
28 41 2 9
28 42 1 1
28 44 7 6
28 45 6 1
28 46 9 2
28 47 4 5
28 48 2 9
28 49 10 5
28 50 8 8
28 52 3 1
28 53 4 6
28 54 5 9
28 55 6 5
28 56 2 3
28 57 2 10
28 58 1 10
28 59 10 1
28 61 8 1
28 62 1 4
28 63 1 3
28 64 1 3
28 65 5 5
28 66 8 9
28 67 9 9
28 68 2 6
28 69 9 1
28 70 10 9
28 71 10 7
28 73 10 8
28 76 1 9
28 77 7 9
28 78 3 4
28 79 9 1
28 80 6 6
28 81 8 5
28 82 3 3
28 83 3 8
28 84 5 5
28 85 2 9
28 87 9 9
28 88 2 8
28 89 7 3
28 90 3 10
28 91 10 5
28 92 7 4
28 94 9 2
28 96 6 4
28 98 7 4
28 99 3 7
28 100 10 9
29 30 3 1
29 31 2 7
29 32 6 2
29 33 9 6
29 34 5 5
29 35 6 9
29 36 8 1
29 37 9 8
29 38 10 7
29 40 4 4
29 41 4 5
29 42 6 7
29 43 5 5
29 44 4 7
29 45 8 4
29 46 9 6
29 47 3 10
29 49 6 6
29 50 3 9
29 52 3 2
29 53 4 7
29 55 9 4
29 56 6 9
29 57 7 9
29 58 1 2
29 59 4 5
29 60 7 3
29 61 6 4
29 62 3 10
29 63 2 8
29 64 8 8
29 65 1 6
29 66 6 4
29 70 9 4
29 71 5 3
29 72 5 10
29 73 1 2
29 74 3 10
29 75 4 1
29 76 5 5
29 77 1 8
29 78 8 4
29 79 6 2
29 80 3 7
29 81 3 9
29 82 7 4
29 83 5 5
29 84 9 6
29 85 1 3
29 87 6 2
29 88 7 1
29 90 9 8
29 91 2 7
29 92 6 1
29 93 8 8
29 94 9 3
29 95 1 6
29 96 1 3
29 97 10 4
29 98 2 2
29 100 8 6
30 31 2 10
30 32 7 5
30 33 3 4
30 34 3 8
30 35 7 6
30 36 1 7
30 37 1 9
30 38 3 7
30 40 1 2
30 41 3 7
30 43 4 2
30 45 9 6
30 47 1 9
30 48 6 4
30 49 4 4
30 50 3 4
30 51 2 1
30 52 4 4
30 53 9 3
30 54 8 1
30 55 10 3
30 57 4 8
30 58 4 6
30 59 3 1
30 60 7 6
30 61 8 8
30 62 7 3
30 63 9 3
30 64 10 4
30 65 2 2
30 66 10 7
30 67 3 10
30 68 6 3
30 69 7 2
30 70 6 5
30 71 4 8
30 73 8 1
30 74 7 4
30 75 2 6
30 76 5 7
30 77 10 4
30 78 2 8
30 79 1 4
30 80 1 2
30 81 9 1
30 82 4 5
30 83 1 1
30 84 10 5
30 85 5 7
30 86 8 7
30 87 2 3
30 88 9 3
30 89 2 2
30 91 10 4
30 92 2 3
30 93 5 8
30 96 7 3
30 98 3 1
30 99 3 7
30 100 8 5
31 32 5 5
31 33 6 1
31 34 7 1
31 35 8 8
31 37 2 5
31 38 3 5
31 39 3 6
31 40 10 4
31 41 6 5
31 42 4 3
31 44 5 4
31 45 3 1
31 47 9 2
31 48 8 1
31 49 5 6
31 50 4 5
31 51 3 3
31 52 5 9
31 53 7 4
31 54 6 6
31 55 9 3
31 56 8 5
31 61 2 2
31 62 1 8
31 63 5 9
31 64 4 4
31 65 1 4
31 66 5 5
31 67 4 6
31 68 6 3
31 70 7 4
31 72 4 10
31 74 10 7
31 76 6 1
31 77 8 7
31 78 1 6
31 79 4 10
31 80 5 1
31 81 5 4
31 82 10 3
31 84 4 8
31 86 9 4
31 88 6 6
31 90 3 10
31 91 6 9
31 92 9 2
31 93 8 9
31 94 4 5
31 95 5 2
31 96 4 3
31 97 3 9
31 98 3 9
31 99 6 7
31 100 2 2
32 33 3 3
32 34 10 6
32 35 3 4
32 37 6 9
32 38 6 1
32 40 1 4
32 42 2 3
32 43 7 10
32 44 1 1
32 45 7 5
32 46 1 3
32 48 2 8
32 50 3 2
32 51 8 9
32 52 1 1
32 53 6 2
32 54 8 4
32 55 3 4
32 56 2 5
32 58 3 6
32 59 1 5
32 61 6 5
32 62 10 2
32 63 8 2
32 64 1 7
32 65 6 5
32 66 8 3
32 67 5 10
32 69 10 8
32 70 4 8
32 71 7 3
32 72 1 3
32 73 5 9
32 74 4 2
32 78 1 2
32 79 7 2
32 80 5 6
32 81 4 1
32 82 5 4
32 83 5 6
32 84 1 2
32 85 4 7
32 86 5 4
32 88 7 10
32 89 8 4
32 90 2 5
32 91 6 7
32 93 6 8
32 95 10 3
32 96 3 10
32 97 9 7
32 98 10 6
32 99 7 7
32 100 7 2
33 34 4 3
33 36 4 5
33 37 9 4
33 38 1 5
33 40 4 7
33 41 6 5
33 43 5 2
33 44 7 1
33 47 5 1
33 48 2 7
33 52 2 8
33 53 4 9
33 55 5 1
33 57 5 6
33 60 8 7
33 62 10 3
33 63 2 7
33 64 8 3
33 66 10 5
33 67 4 1
33 68 7 1
33 69 2 2
33 70 2 3
33 71 8 7
33 74 4 5
33 78 5 4
33 79 3 4
33 80 9 1
33 81 7 5
33 82 4 9
33 83 6 2
33 84 7 9
33 85 7 6
33 86 1 2
33 87 5 1
33 88 7 5
33 89 3 6
33 90 10 9
33 91 6 9
33 92 4 10
33 93 10 2
33 95 4 9
33 96 5 3
33 98 1 5
33 99 6 8
33 100 7 1
34 35 8 1
34 36 4 3
34 37 3 9
34 38 7 6
34 39 3 2
34 40 5 5
34 41 3 10
34 42 8 9
34 44 4 1
34 45 9 7
34 46 8 4
34 47 4 6
34 48 3 5
34 49 10 4
34 50 8 3
34 51 3 7
34 53 4 2
34 54 7 9
34 55 2 4
34 56 8 7
34 57 7 3
34 58 1 4
34 59 5 9
34 60 3 1
34 61 10 2
34 62 5 2
34 63 8 6
34 64 4 7
34 65 5 7
34 66 7 3
34 68 7 10
34 69 1 7
34 70 4 10
34 71 6 10
34 72 4 7
34 74 9 8
34 75 4 9
34 76 10 1
34 77 5 3
34 78 2 8
34 79 1 1
34 80 10 7
34 81 1 5
34 83 7 6
34 84 6 6
34 85 6 9
34 87 1 9
34 89 3 9
34 90 4 7
34 91 4 9
34 92 9 5
34 93 2 10
34 94 3 8
34 95 5 7
34 97 9 1
34 98 10 5
34 100 5 1
35 36 3 3
35 37 6 5
35 38 9 9
35 39 3 4
35 40 1 4
35 41 6 8
35 42 4 3
35 43 4 9
35 44 10 7
35 45 7 2
35 47 5 6
35 48 4 3
35 49 1 1
35 51 2 7
35 52 8 1
35 53 4 4
35 54 2 5
35 55 1 10
35 56 5 3
35 58 4 7
35 59 4 4
35 60 8 9
35 61 2 4
35 62 6 6
35 63 2 1
35 64 5 5
35 66 4 4
35 67 1 4
35 69 3 4
35 71 1 7
35 72 10 1
35 73 9 3
35 74 8 6
35 75 10 6
35 77 2 2
35 78 5 5
35 79 9 7
35 80 9 7
35 81 5 10
35 82 7 5
35 83 5 10
35 85 2 8
35 86 6 7
35 87 8 2
35 90 5 10
35 91 2 4
35 94 6 4
35 95 4 8
35 96 1 6
35 97 1 9
35 98 1 3
35 99 4 8
35 100 9 4
36 37 6 3
36 39 7 9
36 41 3 1
36 42 8 2
36 43 6 10
36 44 6 9
36 45 5 2
36 50 3 2
36 53 6 4
36 54 4 8
36 55 3 8
36 56 4 8
36 57 3 5
36 58 3 2
36 59 6 7
36 60 10 5
36 61 3 5
36 62 1 5
36 63 5 2
36 64 8 6
36 65 7 4
36 66 1 2
36 67 2 7
36 68 5 3
36 69 1 3
36 72 8 5
36 73 9 9
36 75 4 4
36 78 5 6
36 79 8 3
36 80 7 6
36 81 1 3
36 82 10 6
36 84 4 4
36 85 9 6
36 86 10 6
36 87 8 10
36 88 8 2
36 89 2 1
36 90 1 4
36 92 3 5
36 93 9 5
36 94 2 3
36 97 10 4
36 99 10 5
36 100 1 2
37 39 10 10
37 40 8 8
37 41 3 10
37 42 4 1
37 43 2 8
37 45 1 1
37 48 9 2
37 49 10 8
37 51 2 4
37 53 10 6
37 54 6 1
37 55 6 10
37 56 3 3
37 57 3 9
37 58 3 3
37 59 6 3
37 60 10 10
37 61 4 10
37 62 8 9
37 63 10 1
37 66 5 10
37 68 1 8
37 69 3 5
37 70 5 3
37 72 9 9
37 73 4 8
37 74 4 5
37 75 5 4
37 76 4 5
37 77 3 3
37 78 2 5
37 79 1 3
37 80 7 3
37 81 5 2
37 82 2 3
37 84 6 2
37 85 1 9
37 86 2 3
37 87 5 1
37 88 8 1
37 90 8 4
37 91 7 2
37 92 10 1
37 93 6 5
37 94 8 1
37 95 8 8
37 96 7 1
37 97 8 8
37 98 9 10
37 100 1 1
38 39 4 6
38 40 4 3
38 42 1 10
38 44 7 8
38 46 4 9
38 47 1 4
38 49 2 3
38 50 2 8
38 51 5 2
38 52 5 4
38 53 1 3
38 54 2 5
38 56 8 5
38 57 8 5
38 58 5 7
38 59 2 1
38 60 2 3
38 61 8 1
38 62 9 9
38 63 3 10
38 64 5 4
38 66 7 10
38 67 9 8
38 68 6 2
38 69 2 4
38 70 5 8
38 73 8 4
38 74 1 2
38 75 8 8
38 76 1 5
38 77 6 4
38 78 5 7
38 79 10 6
38 80 2 6
38 81 9 5
38 82 1 6
38 83 7 10
38 84 7 10
38 85 8 8
38 86 10 8
38 87 9 3
38 88 4 1
38 89 8 4
38 90 5 10
38 91 3 6
38 92 2 2
38 94 10 4
38 95 4 3
38 97 10 2
38 98 10 2
38 99 3 10
39 40 5 3
39 41 9 5
39 42 9 10
39 43 1 3
39 44 7 6
39 45 9 6
39 47 3 4
39 48 1 9
39 49 2 6
39 50 6 3
39 51 1 2
39 52 7 9
39 54 2 6
39 55 3 10
39 56 1 3
39 57 6 3
39 58 10 4
39 60 5 2
39 61 8 3
39 62 4 8
39 63 1 3
39 64 9 5
39 66 10 6
39 68 5 5
39 69 5 7
39 72 5 10
39 73 3 1
39 74 2 8
39 75 9 3
39 78 9 6
39 79 1 9
39 80 10 1
39 81 5 8
39 82 5 7
39 83 9 9
39 84 1 2
39 85 6 2
39 86 7 4
39 87 1 8
39 88 10 7
39 89 3 10
39 90 9 1
39 91 5 5
39 93 9 4
39 95 8 1
39 97 6 9
39 98 8 9
39 99 9 5
40 41 2 2
40 42 10 6
40 43 3 1
40 44 5 3
40 45 8 6
40 46 9 9
40 47 4 6
40 50 1 5
40 52 5 5
40 53 1 8
40 56 1 9
40 57 10 9
40 58 6 7
40 59 1 7
40 60 8 1
40 61 7 2
40 62 4 6
40 63 6 9
40 64 9 2
40 65 9 1
40 66 4 7
40 67 5 4
40 68 6 9
40 70 2 5
40 71 5 5
40 72 3 3
40 73 6 2
40 74 1 10
40 75 6 2
40 76 5 8
40 77 9 1
40 78 1 3
40 79 6 9
40 80 3 10
40 81 8 10
40 82 1 1
40 83 7 10
40 84 10 2
40 85 9 5
40 86 1 6
40 88 3 9
40 89 6 3
40 90 6 5
40 91 5 8
40 92 1 6
40 93 5 5
40 94 8 1
40 95 2 5
40 96 4 7
40 98 2 3
40 99 3 5
41 42 6 5
41 44 9 4
41 46 1 9
41 47 1 2
41 48 6 1
41 49 5 3
41 50 10 6
41 51 1 1
41 52 4 9
41 55 7 7
41 56 10 6
41 57 9 2
41 58 9 5
41 59 2 6
41 60 3 2
41 61 10 5
41 62 4 5
41 63 4 9
41 65 9 10
41 66 9 10
41 68 9 5
41 69 4 8
41 70 6 6
41 71 3 2
41 72 5 6
41 73 7 1
41 74 8 6
41 75 4 6
41 76 5 5
41 78 2 7
41 80 1 7
41 81 9 9
41 84 9 8
41 85 9 9
41 86 7 4
41 87 4 4
41 88 2 10
41 89 10 8
41 90 8 8
41 91 9 2
41 93 6 6
41 94 4 3
41 96 5 8
42 43 2 2
42 44 2 9
42 45 6 5
42 46 2 4
42 47 9 10
42 48 7 7
42 49 4 3
42 50 6 3
42 51 9 5
42 52 7 7
42 53 5 4
42 54 10 5
42 55 1 9
42 57 7 1
42 58 7 5
42 59 5 1
42 61 10 1
42 62 8 1
42 64 6 4
42 65 3 8
42 66 5 8
42 67 6 6
42 68 3 5
42 69 8 8
42 70 6 6
42 72 2 9
42 73 8 7
42 76 1 5
42 77 3 4
42 78 10 9
42 79 10 7
42 80 7 10
42 81 4 2
42 82 4 7
42 83 4 2
42 84 9 10
42 85 3 3
42 87 2 5
42 88 9 6
42 90 10 5
42 91 2 3
42 92 1 4
42 93 4 7
42 94 7 7
42 95 4 6
42 96 9 5
42 97 8 6
42 100 5 5
43 45 2 9
43 46 4 7
43 47 4 2
43 48 7 5
43 49 2 10
43 50 4 5
43 51 7 4
43 52 6 3
43 53 7 8
43 54 7 2
43 55 10 9
43 56 1 8
43 57 5 1
43 59 5 4
43 60 9 3
43 62 10 8
43 63 4 6
43 64 2 10
43 65 2 4
43 66 6 5
43 67 8 3
43 68 3 1
43 69 1 5
43 70 1 4
43 71 4 2
43 72 9 8
43 73 9 4
43 74 4 9
43 75 5 2
43 77 4 3
43 78 3 3
43 79 4 9
43 80 9 10
43 81 4 8
43 83 3 2
43 84 4 5
43 87 3 5
43 88 8 10
43 89 5 4
43 91 1 7
43 92 10 5
43 93 5 7
43 94 9 2
43 95 6 4
43 96 4 4
43 97 3 3
43 98 10 4
43 100 5 5
44 45 8 3
44 46 1 6
44 47 5 5
44 48 10 3
44 50 7 9
44 51 4 10
44 52 5 2
44 53 2 10
44 54 3 1
44 55 10 1
44 56 5 7
44 58 5 7
44 59 8 1
44 60 5 2
44 61 3 5
44 62 8 7
44 63 1 5
44 64 1 8
44 65 5 5
44 66 3 7
44 67 5 8
44 68 10 1
44 69 9 4
44 70 3 5
44 71 7 10
44 72 4 1
44 73 3 10
44 74 8 3
44 75 2 5
44 76 2 1
44 77 6 1
44 78 5 10
44 80 7 6
44 81 5 6
44 82 9 1
44 83 8 9
44 84 10 7
44 85 7 1
44 86 7 7
44 87 10 1
44 88 4 5
44 89 2 4
44 90 7 4
44 91 3 2
44 93 1 3
44 97 6 8
44 98 3 10
44 99 10 10
44 100 1 7
45 47 3 5
45 49 10 9
45 50 9 3
45 51 10 8
45 52 3 5
45 53 7 9
45 55 1 10
45 56 1 10
45 57 10 1
45 58 5 2
45 59 2 1
45 60 6 10
45 62 6 2
45 63 3 8
45 64 8 4
45 65 9 10
45 67 7 2
45 70 8 5
45 73 1 2
45 74 3 10
45 77 8 2
45 78 3 6
45 79 6 3
45 81 4 4
45 83 9 6
45 84 9 9
45 85 5 9
45 86 10 1
45 87 1 2
45 88 2 8
45 89 5 8
45 90 8 2
45 91 10 2
45 92 6 8
45 93 9 7
45 94 10 8
45 95 2 5
45 96 6 3
45 97 9 6
45 99 9 2
45 100 6 4
46 47 3 9
46 50 7 6
46 52 5 6
46 53 7 4
46 54 10 1
46 55 3 8
46 57 10 3
46 58 1 10
46 59 4 8
46 60 4 8
46 62 7 1
46 64 10 2
46 65 8 6
46 66 8 8
46 67 1 2
46 68 8 8
46 69 6 3
46 71 7 10
46 74 7 6
46 75 2 2
46 76 6 10
46 78 3 9
46 80 6 9
46 81 10 2
46 83 5 9
46 85 1 2
46 86 1 3
46 87 5 6
46 88 7 10
46 89 8 1
46 90 10 7
46 91 6 2
46 92 8 6
46 93 2 6
46 94 7 8
46 95 9 3
46 96 2 6
46 97 5 1
46 98 6 8
46 99 6 10
46 100 1 6
47 48 4 8
47 49 3 4
47 50 10 4
47 52 8 9
47 53 6 6
47 55 5 7
47 56 2 1
47 57 4 3
47 58 2 3
47 59 1 5
47 60 7 2
47 61 4 10
47 63 3 8
47 64 3 6
47 65 4 2
47 66 1 6
47 69 8 8
47 71 2 10
47 72 9 6
47 74 1 5
47 75 4 4
47 76 7 5
47 77 6 8
47 78 9 7
47 79 4 1
47 80 8 10
47 81 10 3
47 83 10 7
47 84 3 3
47 85 9 5
47 86 9 10
47 87 5 8
47 88 4 6
47 91 4 3
47 92 9 3
47 93 1 4
47 95 2 7
47 96 1 10
47 97 4 10
47 99 9 8
47 100 8 4
48 49 5 5
48 50 4 1
48 51 9 2
48 52 3 9
48 53 6 4
48 54 8 10
48 55 2 2
48 56 6 4
48 60 7 8
48 61 5 10
48 62 10 6
48 63 5 7
48 64 10 10
48 65 4 2
48 66 4 6
48 67 8 9
48 68 7 5
48 69 7 8
48 70 2 10
48 71 7 1
48 73 5 3
48 76 9 6
48 79 10 10
48 80 10 5
48 81 1 5
48 82 2 4
48 83 9 4
48 84 8 5
48 85 5 9
48 87 4 4
48 88 6 3
48 89 7 2
48 90 8 1
48 91 6 2
48 92 5 1
48 94 7 6
48 95 6 2
48 96 8 2
48 97 10 6
48 98 6 4
48 99 9 3
48 100 4 10
49 50 5 1
49 51 3 8
49 53 2 7
49 54 7 2
49 55 3 2
49 57 4 10
49 58 2 9
49 59 6 7
49 60 6 5
49 61 7 8
49 62 5 7
49 63 7 3
49 64 9 3
49 65 2 2
49 66 2 10
49 67 8 3
49 68 8 1
49 69 9 3
49 70 8 2
49 71 6 10
49 72 8 9
49 73 6 8
49 75 9 3
49 76 1 9
49 78 8 1
49 79 7 3
49 80 9 3
49 81 1 3
49 82 9 4
49 83 10 9
49 84 2 3
49 85 5 2
49 86 9 8
49 87 9 1
49 88 1 10
49 89 9 7
49 90 1 1
49 91 2 8
49 92 8 7
49 93 10 5
49 95 7 1
49 96 9 6
49 97 6 6
49 98 7 3
49 100 1 7
50 51 8 9
50 52 10 9
50 53 6 9
50 55 1 1
50 56 7 3
50 58 5 7
50 59 7 5
50 60 2 4
50 61 8 10
50 63 5 1
50 64 1 9
50 65 6 2
50 66 6 3
50 67 5 4
50 69 10 7
50 70 3 9
50 71 10 1
50 72 6 7
50 73 2 1
50 75 6 8
50 76 10 7
50 77 7 5
50 78 2 10
50 79 5 2
50 80 3 8
50 81 8 10
50 82 7 1
50 83 4 8
50 84 6 7
50 86 7 8
50 87 6 6
50 88 5 10
50 89 9 3
50 90 9 3
50 91 10 1
50 92 4 7
50 93 4 3
50 94 5 8
50 95 4 10
50 97 9 8
50 98 8 8
50 99 6 6
50 100 4 5
51 52 8 1
51 53 2 3
51 54 8 8
51 55 10 7
51 56 9 3
51 57 3 7
51 60 6 6
51 61 7 5
51 62 10 4
51 63 10 9
51 64 5 6
51 65 7 6
51 66 10 2
51 67 2 10
51 68 9 7
51 69 2 6
51 70 4 1
51 72 8 7
51 74 6 2
51 75 1 6
51 76 10 2
51 77 3 4
51 78 8 9
51 79 9 5
51 81 8 6
51 83 10 2
51 84 1 9
51 85 5 4
51 88 2 7
51 89 10 1
51 90 5 6
51 92 3 5
51 93 1 4
51 94 5 9
51 95 5 1
51 96 3 3
51 97 4 1
51 98 6 3
51 99 4 2
51 100 3 7
52 53 10 2
52 54 5 8
52 55 1 10
52 56 1 7
52 57 9 7
52 58 2 6
52 59 9 4
52 60 4 8
52 61 8 7
52 62 4 4
52 63 4 2
52 64 5 4
52 66 6 5
52 67 9 5
52 70 2 3
52 71 5 10
52 72 3 10
52 73 10 2
52 74 3 9
52 76 8 6
52 77 6 4
52 78 2 7
52 79 7 4
52 80 7 1
52 81 1 3
52 82 5 2
52 83 6 2
52 85 2 1
52 86 8 8
52 88 6 4
52 89 2 2
52 90 4 10
52 91 10 1
52 92 6 4
52 93 9 5
52 94 7 3
52 95 6 8
52 96 6 7
52 97 7 4
52 98 7 1
52 99 4 1
52 100 6 6
53 54 9 3
53 55 6 1
53 56 5 6
53 57 7 4
53 58 4 9
53 59 9 5
53 60 6 1
53 61 2 3
53 62 10 8
53 63 2 8
53 64 8 5
53 65 3 9
53 67 3 1
53 68 9 10
53 69 7 5
53 70 8 7
53 71 5 6
53 72 5 6
53 73 3 10
53 74 1 6
53 75 4 5
53 76 4 8
53 78 6 10
53 79 6 8
53 81 7 7
53 82 8 5
53 84 7 5
53 86 8 3
53 87 5 8
53 89 7 9
53 90 2 5
53 91 9 10
53 92 5 10
53 93 8 2
53 94 6 6
53 96 2 9
53 98 1 5
53 99 8 4
53 100 6 3
54 55 6 8
54 56 3 4
54 57 6 3
54 62 2 3
54 63 8 10
54 66 10 3
54 67 3 7
54 68 7 8
54 69 1 6
54 70 8 8
54 71 7 9
54 72 10 3
54 74 8 1
54 75 1 8
54 76 2 3
54 77 10 5
54 78 2 2
54 79 3 6
54 80 3 2
54 81 3 6
54 82 7 2
54 83 1 3
54 84 6 5
54 85 4 10
54 86 2 5
54 87 1 10
54 88 10 1
54 89 1 8
54 90 4 2
54 91 8 9
54 92 7 1
54 93 1 8
54 94 1 10
54 95 9 4
54 96 7 3
54 97 7 3
54 98 10 10
54 99 4 4
54 100 4 8
55 56 1 8
55 57 2 6
55 58 8 4
55 59 6 2
55 60 4 7
55 61 9 8
55 63 4 6
55 64 3 4
55 65 2 1
55 66 1 6
55 67 1 8
55 68 8 10
55 69 10 9
55 70 1 8
55 73 7 4
55 74 2 9
55 75 6 9
55 76 4 6
55 77 8 3
55 79 7 2
55 80 2 8
55 84 8 10
55 85 5 1
55 86 1 5
55 87 2 3
55 88 10 8
55 89 8 6
55 90 7 6
55 92 8 4
55 93 9 4
55 94 5 2
55 95 7 9
55 96 2 6
55 97 8 7
55 98 1 2
55 99 9 2
55 100 8 10
56 57 6 5
56 58 3 5
56 59 10 4
56 60 1 2
56 62 1 2
56 63 2 2
56 64 9 7
56 67 8 1
56 68 10 3
56 69 4 5
56 70 9 1
56 71 1 7
56 72 4 3
56 73 7 7
56 74 10 4
56 75 6 4
56 76 2 2
56 77 10 2
56 79 1 9
56 80 1 8
56 81 1 6
56 83 7 9
56 84 4 3
56 85 4 6
56 87 3 9
56 88 8 5
56 91 10 10
56 92 9 10
56 93 4 1
56 94 4 6
56 95 8 4
56 96 7 5
56 97 3 9
56 98 5 3
56 99 5 3
56 100 9 10
57 59 6 10
57 60 3 9
57 61 1 4
57 62 10 3
57 64 5 2
57 65 4 9
57 67 2 3
57 68 10 4
57 71 7 1
57 72 6 4
57 73 1 2
57 74 10 6
57 76 10 1
57 77 7 1
57 78 2 2
57 79 10 7
57 80 3 8
57 81 6 10
57 82 10 6
57 83 8 5
57 84 10 7
57 85 8 8
57 87 5 1
57 88 5 6
57 89 2 9
57 90 5 7
57 91 2 7
57 92 9 10
57 93 5 7
57 95 9 5
57 96 7 6
57 97 4 10
57 98 10 8
57 99 6 8
58 59 7 1
58 60 6 1
58 61 3 3
58 62 6 8
58 63 6 9
58 64 6 1
58 65 1 10
58 66 10 8
58 67 8 3
58 68 3 3
58 69 4 10
58 70 4 3
58 72 2 2
58 74 2 2
58 75 2 8
58 76 4 10
58 78 8 8
58 79 10 2
58 80 7 3
58 81 10 8
58 82 1 4
58 83 9 9
58 84 1 8
58 85 8 8
58 87 10 7
58 88 10 5
58 89 6 8
58 90 4 4
58 91 9 9
58 92 7 2
58 93 7 4
58 95 8 3
58 96 10 10
58 99 8 6
58 100 10 8
59 60 9 9
59 61 3 5
59 62 7 2
59 64 5 7
59 65 9 5
59 66 3 4
59 67 9 8
59 69 6 4
59 70 2 1
59 71 10 6
59 73 3 5
59 75 6 1
59 76 1 1
59 77 5 8
59 78 9 8
59 79 5 10
59 80 9 1
59 81 9 4
59 82 6 8
59 83 1 7
59 84 6 6
59 85 9 4
59 86 9 8
59 87 2 1
59 88 9 3
59 90 2 2
59 91 2 4
59 92 9 2
59 93 6 9
59 94 10 4
59 95 2 10
59 96 7 6
59 97 6 5
59 98 4 7
59 99 4 4
59 100 2 5
60 61 9 6
60 64 6 7
60 65 10 10
60 66 2 6
60 67 5 1
60 68 8 5
60 69 8 8
60 70 2 5
60 71 4 2
60 72 3 1
60 73 1 1
60 74 6 9
60 75 1 3
60 76 7 6
60 77 7 7
60 78 5 2
60 79 7 3
60 80 9 3
60 81 10 7
60 83 5 5
60 85 4 1
60 86 5 4
60 87 8 10
60 88 6 9
60 89 8 7
60 90 10 8
60 91 7 1
60 92 6 3
60 93 10 6
60 94 4 1
60 95 7 8
60 96 2 7
60 98 7 6
60 100 5 6
61 63 10 8
61 64 4 9
61 65 4 10
61 66 5 4
61 67 4 1
61 69 1 5
61 70 10 5
61 72 4 5
61 73 7 10
61 74 4 2
61 75 1 3
61 76 9 5
61 77 6 5
61 78 9 5
61 80 8 2
61 81 10 8
61 82 2 4
61 83 4 2
61 84 1 7
61 85 7 2
61 86 5 5
61 88 5 6
61 90 9 7
61 91 6 4
61 92 1 7
61 93 1 9
61 94 3 5
61 95 3 3
61 96 9 4
61 97 6 5
61 100 8 7
62 63 1 6
62 64 3 7
62 65 4 1
62 66 10 7
62 67 5 5
62 68 3 5
62 69 1 6
62 75 6 5
62 76 3 4
62 77 4 3
62 78 9 8
62 80 7 2
62 81 8 3
62 82 6 5
62 83 7 1
62 86 6 3
62 87 4 7
62 89 3 9
62 90 3 7
62 91 6 6
62 92 4 4
62 93 10 7
62 94 10 10
62 95 10 4
62 99 3 9
62 100 3 1
63 64 7 5
63 65 6 4
63 67 9 10
63 68 1 10
63 69 10 6
63 72 8 6
63 73 1 1
63 74 1 8
63 75 3 9
63 78 8 5
63 79 2 1
63 80 2 2
63 81 5 8
63 82 3 1
63 84 6 10
63 85 9 8
63 86 6 9
63 87 10 6
63 88 6 4
63 89 7 3
63 90 5 8
63 95 8 7
63 96 2 10
63 97 3 9
63 98 6 1
63 99 3 6
64 66 5 3
64 68 9 9
64 70 2 3
64 72 9 2
64 74 7 7
64 75 4 1
64 76 4 4
64 77 1 6
64 78 7 9
64 79 4 1
64 80 3 1
64 81 2 2
64 82 5 2
64 83 5 5
64 84 1 5
64 86 3 9
64 88 7 3
64 89 8 5
64 90 5 3
64 91 5 8
64 92 3 7
64 93 5 4
64 94 2 6
64 95 4 1
64 96 3 10
64 97 7 7
64 99 5 3
64 100 3 9
65 66 9 2
65 67 10 10
65 68 1 6
65 69 2 2
65 70 7 5
65 71 10 8
65 72 3 6
65 73 1 1
65 74 6 8
65 75 1 9
65 76 10 8
65 77 7 1
65 78 7 1
65 79 3 6
65 80 8 7
65 81 6 6
65 82 5 4
65 84 5 2
65 85 10 2
65 86 7 1
65 87 9 7
65 88 2 8
65 89 8 8
65 90 9 2
65 91 9 6
65 92 6 9
65 93 8 3
65 95 1 5
65 96 8 7
65 97 9 7
65 98 7 6
65 99 2 8
65 100 5 3
66 67 5 6
66 70 6 3
66 72 1 5
66 73 6 10
66 74 7 1
66 76 1 5
66 77 10 2
66 78 4 2
66 79 2 3
66 80 10 3
66 81 8 1
66 83 3 6
66 84 9 6
66 85 4 6
66 86 10 4
66 89 5 2
66 90 5 8
66 92 6 10
66 93 9 7
66 94 1 9
66 95 2 2
66 96 2 5
66 97 10 3
66 98 6 8
66 99 10 10
66 100 6 10
67 68 10 7
67 69 7 5
67 70 6 4
67 71 9 2
67 72 9 3
67 73 5 3
67 74 9 4
67 75 9 8
67 76 7 1
67 78 8 10
67 79 9 3
67 84 7 9
67 85 8 2
67 88 5 8
67 89 7 2
67 91 9 5
67 92 7 2
67 93 3 3
67 94 10 10
67 95 5 8
67 97 1 9
67 98 1 7
67 100 2 4
68 69 10 10
68 70 7 6
68 71 7 7
68 73 7 5
68 74 8 1
68 76 9 5
68 77 9 7
68 78 6 5
68 79 7 2
68 80 2 8
68 81 10 5
68 82 6 2
68 84 6 4
68 85 10 6
68 86 8 2
68 88 3 4
68 90 10 2
68 91 3 10
68 92 10 8
68 93 5 3
68 94 5 10
68 96 2 2
68 97 1 3
68 98 2 7
68 99 8 6
68 100 2 10
69 70 5 6
69 71 3 9
69 72 6 1
69 73 6 7
69 74 10 5
69 76 10 5
69 77 9 6
69 78 2 3
69 79 7 1
69 80 4 10
69 81 6 2
69 82 1 2
69 83 8 9
69 84 5 7
69 85 6 3
69 86 3 6
69 87 6 9
69 88 8 1
69 89 5 4
69 92 8 3
69 93 9 8
69 94 7 8
69 95 4 1
69 96 6 5
69 97 1 10
69 98 10 1
69 99 8 3
69 100 2 6
70 71 4 7
70 72 2 8
70 73 5 6
70 74 10 3
70 76 3 4
70 77 1 1
70 78 1 4
70 79 1 8
70 80 7 4
70 81 9 8
70 82 4 6
70 84 9 4
70 86 3 7
70 88 9 5
70 89 8 3
70 90 2 7
70 92 1 5
70 93 9 7
70 94 10 8
70 95 4 3
70 97 3 6
70 98 5 9
70 99 10 3
70 100 7 6
71 72 7 5
71 73 6 9
71 74 3 7
71 75 10 10
71 76 7 2
71 77 9 2
71 78 2 6
71 79 2 8
71 80 5 8
71 81 4 3
71 82 7 4
71 83 10 5
71 85 1 10
71 87 4 1
71 88 1 5
71 89 9 5
71 90 3 9
71 91 4 1
71 93 6 7
71 94 1 5
71 95 4 3
71 96 2 3
71 97 3 6
71 98 1 3
71 99 9 3
72 73 8 9
72 75 6 5
72 78 9 6
72 81 10 4
72 82 9 6
72 83 5 6
72 84 9 10
72 85 2 9
72 86 7 1
72 87 10 5
72 88 10 8
72 89 7 3
72 90 10 4
72 91 7 7
72 92 9 8
72 93 3 6
72 96 10 1
72 97 1 5
72 98 2 8
73 75 3 1
73 76 1 8
73 77 8 8
73 78 8 8
73 79 2 1
73 81 10 6
73 82 2 8
73 83 3 1
73 84 5 8
73 85 10 1
73 86 2 9
73 87 3 8
73 88 4 8
73 89 5 8
73 90 10 4
73 91 5 1
73 92 4 10
73 93 9 1
73 94 3 8
73 95 8 9
73 96 6 8
73 97 1 7
73 98 9 3
73 99 7 8
73 100 9 10
74 75 8 8
74 76 3 4
74 77 10 6
74 78 4 7
74 79 2 7
74 80 3 9
74 81 7 1
74 82 2 3
74 83 9 4
74 85 7 3
74 86 7 4
74 87 2 10
74 89 9 4
74 90 10 7
74 92 5 10
74 93 8 10
74 94 5 10
74 95 6 2
74 96 8 4
74 97 1 9
74 98 6 1
74 99 8 1
75 76 10 3
75 77 2 8
75 78 10 10
75 80 2 7
75 81 1 2
75 82 1 5
75 83 1 4
75 86 10 6
75 87 2 8
75 88 3 10
75 89 3 9
75 91 4 7
75 92 8 5
75 93 7 10
75 94 5 4
75 95 3 6
75 96 10 5
75 97 9 7
75 98 9 3
75 99 4 2
75 100 3 8
76 78 3 5
76 79 4 4
76 80 2 9
76 81 6 7
76 84 8 3
76 86 1 7
76 87 10 6
76 88 7 3
76 89 9 4
76 90 4 7
76 91 8 10
76 92 1 7
76 93 5 10
76 94 9 4
76 95 1 4
76 96 4 1
76 97 3 7
76 98 3 2
76 99 4 8
76 100 1 10
77 78 1 7
77 79 3 4
77 80 9 7
77 81 5 8
77 82 1 9
77 83 1 9
77 84 6 5
77 86 9 6
77 88 6 7
77 89 5 8
77 90 6 1
77 91 6 2
77 93 9 5
77 94 6 9
77 96 6 9
77 97 8 6
77 98 8 8
78 79 3 8
78 80 8 4
78 81 7 9
78 82 4 10
78 83 10 8
78 85 10 1
78 86 3 3
78 87 5 4
78 90 4 2
78 91 10 2
78 92 9 1
78 93 8 7
78 94 10 3
78 97 4 2
78 98 6 1
78 99 5 7
78 100 9 2
79 81 5 8
79 82 10 3
79 83 4 7
79 84 3 1
79 85 10 3
79 86 5 6
79 87 6 10
79 88 9 4
79 89 9 7
79 90 5 2
79 91 10 8
79 92 8 4
79 93 5 4
79 94 7 10
79 95 5 10
79 96 3 6
79 97 10 10
79 98 7 1
79 99 5 6
79 100 2 1
80 81 4 6
80 82 6 9
80 83 8 7
80 85 5 8
80 86 3 10
80 87 3 4
80 88 2 3
80 89 9 7
80 91 10 6
80 92 4 9
80 93 1 4
80 94 1 7
80 96 2 10
80 97 6 3
80 98 9 1
80 99 6 9
80 100 3 4
81 82 2 8
81 83 3 6
81 84 10 6
81 85 7 8
81 86 5 2
81 87 6 3
81 88 8 8
81 89 2 4
81 90 4 4
81 91 8 3
81 92 2 3
81 93 8 10
81 95 4 8
81 96 9 3
81 97 5 6
81 98 9 2
81 100 10 9
82 83 5 8
82 84 1 3
82 87 6 3
82 89 5 1
82 90 4 2
82 91 7 1
82 92 7 5
82 93 6 3
82 94 3 10
82 95 1 5
82 96 2 1
82 97 10 10
82 98 3 1
82 99 3 7
82 100 3 9
83 84 10 10
83 85 6 6
83 86 7 7
83 87 2 1
83 88 10 4
83 90 6 3
83 91 5 4
83 94 9 2
83 95 1 3
83 96 9 8
83 97 5 7
83 99 9 1
83 100 1 10
84 85 10 9
84 86 7 8
84 87 7 5
84 88 2 6
84 89 9 9
84 90 2 1
84 91 6 6
84 92 8 5
84 93 7 9
84 94 10 8
84 95 4 9
84 96 6 1
84 97 10 9
84 98 3 4
84 100 7 9
85 87 1 6
85 88 6 8
85 89 4 4
85 92 6 10
85 94 9 2
85 95 10 7
85 96 2 7
85 97 8 1
85 98 7 2
85 99 5 4
85 100 1 10
86 87 10 2
86 88 5 5
86 89 4 6
86 90 6 1
86 91 3 2
86 92 4 1
86 93 10 10
86 95 6 6
86 96 9 10
86 97 5 9
86 98 10 5
86 99 6 6
86 100 2 4
87 88 10 10
87 91 2 4
87 92 2 1
87 93 5 3
87 94 2 3
87 96 1 3
87 97 3 7
87 98 1 2
87 99 8 1
88 89 1 4
88 90 8 7
88 92 5 4
88 93 10 2
88 95 6 10
88 96 5 7
88 97 2 2
88 99 8 5
88 100 8 9
89 91 5 4
89 92 6 6
89 93 8 9
89 95 7 2
89 96 1 8
89 97 10 2
89 98 8 7
89 99 2 1
90 92 8 7
90 93 1 1
90 94 4 5
90 95 9 6
90 96 6 10
90 97 6 8
90 98 4 1
90 99 8 10
90 100 5 6
91 92 1 5
91 93 2 4
91 94 2 1
91 96 4 5
91 97 9 9
91 98 9 1
91 100 5 5
92 93 10 4
92 94 3 9
92 95 10 1
92 96 8 7
92 97 7 2
92 98 6 3
92 99 7 3
92 100 5 2
93 94 7 9
93 95 8 5
93 96 6 5
93 97 4 4
93 98 8 9
93 99 7 7
93 100 10 3
94 97 1 9
94 99 2 4
95 96 2 9
95 97 2 2
95 98 6 1
95 99 10 9
95 100 7 7
96 98 1 7
96 99 9 4
96 100 2 4
97 98 8 2
97 99 7 1
98 100 10 4
99 100 2 7
1
1 2 3 4 5 6 7 8 9 10 11 12 13 14 15 16 17 18 19 20 21 22 23 24 25 26 27 28 29 30 31 32 33 34 35 36 37 38 39 40 41 42 43 44 45 46 47 48 49 50
