3970
1 2 5 4
1 3 1 5
1 4 4 6
1 5 2 4
1 8 7 10
1 9 9 8
1 10 4 8
1 11 1 9
1 12 6 4
1 13 4 7
1 14 1 6
1 15 1 3
1 16 5 3
1 17 10 4
1 18 7 5
1 19 4 7
1 20 4 3
1 21 1 2
1 22 7 3
1 23 3 5
1 25 1 8
1 26 3 8
1 28 10 10
1 29 5 8
1 30 10 1
1 31 4 10
1 32 1 8
1 33 7 9
1 34 9 3
1 35 4 1
1 37 10 8
1 38 9 2
1 39 4 9
1 41 8 9
1 42 6 4
1 43 3 9
1 44 10 4
1 45 7 10
1 46 1 6
1 47 5 8
1 48 5 9
1 49 3 7
1 52 3 5
1 54 4 4
1 57 9 4
1 58 7 8
1 59 8 7
1 60 1 4
1 61 8 8
1 62 9 1
1 63 7 9
1 64 6 5
1 65 2 6
1 66 10 1
1 67 10 6
1 68 5 5
1 69 2 5
1 70 10 1
1 71 6 9
1 72 5 4
1 73 9 7
1 75 5 8
1 76 4 6
1 77 1 10
1 79 10 7
1 80 1 1
1 81 5 9
1 83 4 2
1 84 6 6
1 85 10 1
1 86 1 2
1 87 10 10
1 89 6 1
1 90 2 10
1 91 5 4
1 93 5 4
1 94 8 1
1 95 2 5
1 96 3 7
1 97 5 1
1 98 5 6
1 99 7 1
1 100 3 3
2 3 5 9
2 5 7 8
2 6 1 10
2 7 7 1
2 8 10 5
2 9 6 1
2 11 5 3
2 12 10 8
2 15 10 4
2 18 4 1
2 19 7 10
2 20 2 9
2 21 3 1
2 22 6 10
2 23 2 8
2 25 2 6
2 26 3 5
2 27 4 8
2 28 8 8
2 29 10 2
2 30 2 8
2 32 7 1
2 33 9 7
2 34 2 4
2 35 9 7
2 37 7 5
2 38 7 5
2 40 3 10
2 41 10 4
2 42 4 4
2 44 4 8
2 48 1 8
2 49 2 8
2 50 9 8
2 52 10 5
2 53 4 3
2 54 7 10
2 55 7 8
2 57 1 9
2 59 10 4
2 60 1 6
2 61 8 3
2 62 3 9
2 63 4 2
2 64 7 6
2 65 2 6
2 67 1 8
2 68 8 6
2 69 8 5
2 70 2 2
2 71 8 5
2 72 5 9
2 73 8 5
2 74 7 5
2 75 2 8
2 76 4 8
2 78 4 3
2 79 2 10
2 80 3 5
2 81 3 8
2 82 1 4
2 84 1 4
2 85 8 5
2 86 3 6
2 88 9 7
2 89 5 9
2 90 1 9
2 91 10 7
2 92 2 2
2 95 10 6
2 96 5 2
2 97 2 8
2 99 8 9
2 100 1 10
3 4 5 10
3 5 10 1
3 6 10 1
3 7 3 5
3 11 2 10
3 12 3 7
3 13 10 9
3 14 7 10
3 15 10 5
3 17 9 9
3 18 9 6
3 19 7 8
3 20 4 10
3 21 2 3
3 22 3 3
3 23 9 4
3 24 4 3
3 25 10 10
3 27 2 3
3 28 3 5
3 29 3 1
3 30 1 6
3 31 1 10
3 32 3 8
3 33 10 5
3 34 2 3
3 35 5 2
3 36 5 3
3 37 1 7
3 38 10 5
3 39 5 10
3 40 2 6
3 41 6 8
3 42 6 3
3 45 4 1
3 47 8 6
3 49 5 6
3 50 5 4
3 51 6 4
3 53 3 9
3 54 5 8
3 55 1 10
3 57 8 10
3 58 7 7
3 59 6 7
3 60 1 9
3 61 2 9
3 63 6 3
3 64 4 10
3 65 6 3
3 66 3 7
3 67 7 4
3 68 8 6
3 69 10 9
3 70 10 8
3 71 3 6
3 72 6 7
3 73 8 9
3 77 9 8
3 78 8 9
3 79 8 9
3 80 10 3
3 81 6 1
3 82 3 4
3 83 9 4
3 84 7 7
3 85 4 7
3 86 6 6
3 87 4 4
3 89 9 3
3 90 1 6
3 91 10 6
3 92 2 8
3 93 5 2
3 94 4 2
3 95 3 9
3 96 10 5
3 97 2 3
3 98 3 6
3 99 8 1
3 100 6 6
4 5 8 10
4 6 8 5
4 7 2 2
4 8 2 8
4 9 4 6
4 10 2 3
4 11 1 4
4 12 2 4
4 13 8 3
4 14 4 5
4 15 8 8
4 16 5 8
4 17 5 10
4 18 1 3
4 19 9 9
4 20 9 9
4 21 4 3
4 22 4 9
4 23 9 1
4 24 3 2
4 25 7 2
4 26 5 8
4 27 7 10
4 28 5 7
4 30 9 7
4 31 9 9
4 32 5 8
4 33 6 3
4 34 6 2
4 35 4 6
4 36 1 8
4 38 10 9
4 39 3 3
4 40 1 1
4 41 5 3
4 43 3 5
4 44 2 4
4 45 8 5
4 46 4 10
4 47 10 7
4 48 7 1
4 49 10 9
4 53 8 3
4 54 5 8
4 57 9 1
4 59 4 3
4 60 10 3
4 61 2 3
4 62 4 6
4 63 2 5
4 64 7 3
4 65 3 10
4 67 6 1
4 68 8 5
4 69 2 9
4 70 10 3
4 71 6 3
4 72 1 10
4 73 7 1
4 76 9 9
4 77 10 5
4 78 2 10
4 79 10 3
4 81 10 2
4 82 6 3
4 83 8 10
4 84 3 10
4 85 1 3
4 87 6 8
4 88 3 10
4 90 6 9
4 91 3 4
4 93 7 6
4 95 10 1
4 98 3 5
5 6 4 6
5 7 5 4
5 8 1 5
5 9 9 6
5 10 2 9
5 11 10 4
5 13 8 9
5 15 2 9
5 16 1 10
5 19 2 7
5 20 9 1
5 21 5 7
5 22 6 3
5 27 6 8
5 29 8 10
5 30 8 2
5 33 5 1
5 34 9 9
5 36 2 4
5 37 1 10
5 38 2 2
5 40 3 2
5 41 2 3
5 42 2 7
5 44 1 9
5 45 4 2
5 46 8 1
5 47 4 2
5 48 5 8
5 49 10 1
5 51 4 4
5 52 4 4
5 53 4 8
5 55 2 6
5 56 8 7
5 57 9 9
5 58 10 4
5 59 7 5
5 60 7 10
5 61 8 1
5 62 6 2
5 63 1 3
5 64 1 1
5 65 7 4
5 66 8 2
5 67 1 6
5 68 10 4
5 69 5 1
5 70 4 6
5 71 8 8
5 72 6 8
5 73 4 4
5 74 9 2
5 76 3 1
5 77 3 6
5 79 3 10
5 80 5 3
5 81 7 9
5 82 7 1
5 83 5 3
5 84 2 8
5 85 2 2
5 86 6 2
5 89 1 6
5 90 1 1
5 91 5 9
5 93 9 5
5 95 3 4
5 97 4 7
5 98 10 4
5 99 4 9
5 100 6 9
6 7 10 2
6 8 10 10
6 9 1 3
6 10 7 8
6 12 8 8
6 13 10 1
6 14 4 2
6 15 5 7
6 16 7 4
6 17 9 3
6 18 5 6
6 19 7 6
6 20 2 4
6 23 5 1
6 24 9 7
6 26 4 10
6 27 5 2
6 28 4 9
6 29 7 3
6 30 5 5
6 34 6 10
6 35 7 4
6 36 8 6
6 37 10 8
6 39 6 2
6 40 7 5
6 41 2 10
6 42 3 8
6 43 4 10
6 45 4 5
6 46 4 2
6 47 9 9
6 48 3 2
6 49 4 3
6 50 5 2
6 51 1 8
6 52 5 5
6 53 10 9
6 54 10 10
6 55 9 10
6 56 8 7
6 57 8 4
6 58 7 4
6 59 9 4
6 61 8 1
6 62 10 1
6 63 3 10
6 65 2 3
6 66 4 2
6 68 7 8
6 69 1 2
6 70 1 8
6 71 10 1
6 72 9 3
6 74 3 5
6 75 9 8
6 76 10 6
6 77 2 4
6 79 8 5
6 80 6 10
6 82 6 9
6 84 6 9
6 86 1 3
6 87 1 7
6 88 7 2
6 91 8 9
6 92 3 6
6 94 1 1
6 95 4 4
6 98 9 4
6 99 7 8
7 8 7 2
7 9 4 3
7 10 7 7
7 11 6 7
7 12 4 3
7 14 5 10
7 15 4 9
7 16 3 2
7 17 9 7
7 19 5 8
7 20 2 4
7 21 2 2
7 22 7 8
7 24 8 2
7 25 5 9
7 26 10 5
7 27 2 6
7 30 2 10
7 31 4 1
7 33 3 3
7 34 1 8
7 35 4 3
7 36 1 1
7 37 7 6
7 39 4 2
7 40 6 2
7 41 4 1
7 42 9 6
7 43 9 6
7 44 2 10
7 45 2 7
7 46 7 7
7 48 10 4
7 49 4 4
7 50 7 8
7 51 10 5
7 52 5 3
7 53 2 8
7 54 2 3
7 55 8 6
7 56 7 5
7 57 4 2
7 58 3 7
7 59 1 5
7 60 7 1
7 61 3 4
7 62 1 5
7 64 5 6
7 65 2 2
7 66 2 10
7 68 6 9
7 69 10 5
7 70 6 6
7 71 2 4
7 72 6 5
7 73 9 5
7 74 1 8
7 75 4 10
7 76 8 3
7 77 7 6
7 78 1 4
7 79 2 5
7 80 9 5
7 81 9 5
7 82 7 7
7 83 2 1
7 85 10 1
7 86 6 7
7 87 1 8
7 88 1 8
7 89 1 6
7 91 6 5
7 92 5 5
7 93 7 3
7 94 2 7
7 95 10 9
7 96 7 5
7 97 2 5
7 99 9 4
7 100 8 10
8 9 7 3
8 10 5 7
8 11 6 10
8 14 7 5
8 15 5 2
8 16 4 5
8 17 5 3
8 19 8 4
8 20 8 10
8 21 4 7
8 22 4 10
8 23 4 2
8 24 4 7
8 25 10 7
8 26 8 10
8 27 6 7
8 28 7 10
8 30 4 5
8 32 10 7
8 35 3 5
8 36 4 9
8 37 7 9
8 38 7 10
8 39 4 9
8 40 4 2
8 41 7 7
8 42 4 4
8 43 5 9
8 45 7 2
8 47 2 6
8 48 8 3
8 50 9 6
8 51 9 2
8 52 4 3
8 53 2 2
8 54 2 2
8 56 4 10
8 57 4 4
8 58 5 9
8 59 3 6
8 60 8 10
8 61 6 10
8 62 2 4
8 64 5 2
8 65 4 6
8 66 10 7
8 67 8 5
8 69 2 6
8 70 8 9
8 71 7 1
8 72 2 1
8 73 7 7
8 74 5 5
8 75 2 8
8 76 8 2
8 77 3 1
8 78 4 10
8 79 3 10
8 82 6 8
8 83 4 7
8 84 7 4
8 85 3 9
8 86 6 1
8 87 5 2
8 88 10 1
8 89 1 3
8 90 5 8
8 91 10 6
8 93 5 5
8 94 7 8
8 96 7 3
8 97 1 8
8 98 5 8
8 99 3 3
8 100 7 4
9 11 10 3
9 12 2 7
9 13 5 2
9 14 9 9
9 15 9 8
9 16 10 2
9 18 7 2
9 20 10 1
9 21 8 8
9 23 3 2
9 24 5 2
9 25 8 2
9 26 9 1
9 27 2 2
9 29 9 1
9 30 5 8
9 31 4 2
9 32 8 4
9 33 6 4
9 34 2 9
9 36 9 7
9 37 9 6
9 38 10 10
9 39 6 4
9 40 8 2
9 45 8 7
9 46 8 10
9 48 3 10
9 49 8 10
9 50 4 8
9 51 10 2
9 52 8 2
9 53 5 6
9 54 6 5
9 55 3 6
9 56 2 10
9 57 2 2
9 58 1 3
9 59 2 3
9 60 8 9
9 61 1 5
9 63 9 4
9 65 4 7
9 66 6 5
9 67 5 1
9 68 10 1
9 69 6 5
9 72 2 7
9 73 7 9
9 74 1 8
9 76 5 9
9 77 8 5
9 78 7 6
9 79 7 8
9 81 4 10
9 82 9 10
9 83 7 9
9 84 8 6
9 85 1 8
9 87 9 3
9 88 7 3
9 89 7 1
9 90 7 3
9 91 8 5
9 92 4 8
9 93 1 1
9 94 7 5
9 95 3 3
9 96 5 6
9 97 8 3
9 98 7 5
9 100 2 10
10 11 3 3
10 12 10 1
10 13 10 5
10 14 3 8
10 15 5 7
10 16 8 1
10 17 9 5
10 18 3 10
10 19 3 5
10 20 1 6
10 21 1 2
10 24 9 6
10 25 4 10
10 26 10 1
10 27 4 5
10 28 10 5
10 29 6 5
10 30 7 6
10 31 6 7
10 32 5 6
10 33 9 1
10 35 5 1
10 37 9 5
10 39 4 9
10 40 1 9
10 41 4 7
10 42 1 5
10 44 9 8
10 45 4 8
10 46 10 9
10 48 7 9
10 49 2 2
10 51 8 2
10 52 6 10
10 53 10 7
10 54 9 7
10 55 9 8
10 56 3 5
10 59 2 5
10 60 9 8
10 61 2 1
10 62 9 8
10 63 3 10
10 64 4 5
10 65 6 3
10 66 3 4
10 67 10 4
10 70 6 9
10 71 4 9
10 72 10 9
10 74 5 10
10 75 5 10
10 76 4 8
10 78 7 9
10 79 3 7
10 80 7 8
10 81 7 3
10 82 5 1
10 83 2 3
10 84 2 10
10 85 4 9
10 86 8 5
10 87 7 6
10 88 9 1
10 89 10 6
10 90 8 10
10 91 7 3
10 93 3 8
10 94 6 8
10 95 5 9
10 96 4 2
10 97 1 1
10 98 10 1
10 99 7 4
10 100 4 3
11 13 10 4
11 14 2 4
11 15 9 10
11 16 1 7
11 17 6 2
11 18 1 7
11 19 9 7
11 20 1 1
11 23 1 1
11 24 6 7
11 25 6 1
11 26 5 8
11 28 8 8
11 29 2 2
11 30 7 2
11 31 5 6
11 32 1 9
11 33 10 4
11 35 1 10
11 36 3 10
11 37 7 9
11 38 7 6
11 39 4 9
11 41 8 2
11 44 8 10
11 45 10 10
11 46 10 6
11 47 8 4
11 48 8 9
11 49 10 6
11 50 10 9
11 51 7 4
11 53 8 3
11 54 7 4
11 55 8 8
11 56 8 4
11 57 10 2
11 58 7 3
11 59 9 7
11 60 7 6
11 61 8 7
11 62 5 6
11 66 5 5
11 67 7 1
11 68 6 10
11 69 3 5
11 70 1 4
11 72 9 4
11 73 2 2
11 74 1 10
11 75 9 1
11 77 5 3
11 78 7 10
11 80 2 8
11 81 5 3
11 82 3 1
11 83 4 4
11 84 10 1
11 85 3 9
11 86 6 10
11 87 1 1
11 89 5 1
11 90 10 2
11 91 6 9
11 93 10 3
11 94 9 7
11 97 10 4
11 99 10 6
11 100 5 3
12 13 6 8
12 15 5 10
12 18 6 7
12 19 3 9
12 20 1 5
12 21 9 9
12 22 4 4
12 23 2 5
12 24 4 9
12 25 8 9
12 26 2 1
12 27 1 7
12 28 1 4
12 30 6 8
12 31 8 7
12 33 8 3
12 35 3 8
12 36 5 8
12 38 8 3
12 39 5 6
12 40 5 10
12 44 2 9
12 45 1 5
12 46 1 6
12 47 8 8
12 48 9 4
12 49 8 4
12 50 7 5
12 51 7 9
12 52 6 7
12 53 8 10
12 54 8 5
12 55 1 3
12 57 3 3
12 58 7 3
12 60 8 6
12 61 8 9
12 62 3 1
12 63 6 9
12 64 10 10
12 65 6 1
12 66 9 6
12 68 1 6
12 69 8 3
12 71 9 8
12 73 8 7
12 74 6 6
12 75 4 9
12 77 6 10
12 78 3 8
12 79 2 2
12 80 5 5
12 81 7 1
12 84 5 2
12 86 6 7
12 87 8 6
12 88 3 1
12 89 4 1
12 90 5 9
12 92 2 5
12 93 6 4
12 94 4 10
12 96 5 8
12 97 9 2
12 98 8 10
12 100 1 4
13 14 9 1
13 17 6 2
13 19 8 1
13 20 3 10
13 22 9 3
13 23 5 7
13 24 7 4
13 25 7 4
13 26 7 8
13 27 1 1
13 28 6 5
13 29 5 9
13 30 10 1
13 32 2 2
13 35 6 1
13 37 10 4
13 39 2 10
13 40 10 8
13 41 10 10
13 42 2 5
13 44 3 2
13 45 7 2
13 46 9 2
13 48 6 6
13 49 2 10
13 50 10 5
13 51 7 5
13 52 10 1
13 53 2 6
13 54 6 4
13 55 9 6
13 56 5 1
13 57 4 10
13 58 2 10
13 59 10 2
13 60 9 6
13 61 4 5
13 62 3 2
13 64 5 6
13 65 10 6
13 66 2 4
13 67 1 6
13 68 3 10
13 69 1 6
13 71 6 9
13 72 6 7
13 74 6 2
13 76 5 5
13 77 9 9
13 78 2 3
13 79 8 10
13 80 4 3
13 81 8 10
13 84 4 3
13 85 1 4
13 86 3 1
13 87 7 8
13 89 10 10
13 90 7 4
13 91 3 6
13 92 7 2
13 93 7 4
13 95 8 3
13 96 7 8
13 97 5 9
13 98 10 9
14 15 2 4
14 16 3 3
14 17 2 9
14 18 7 5
14 19 4 2
14 20 3 4
14 21 6 1
14 23 8 5
14 25 5 4
14 27 1 10
14 28 9 10
14 29 8 10
14 30 8 6
14 31 8 10
14 32 5 7
14 34 8 8
14 35 10 9
14 36 3 10
14 37 6 4
14 38 6 8
14 39 4 9
14 40 3 8
14 41 5 3
14 42 3 4
14 43 5 4
14 44 9 2
14 45 4 6
14 46 1 8
14 48 8 2
14 49 7 5
14 51 3 2
14 52 3 4
14 53 1 4
14 54 7 10
14 55 9 5
14 56 1 10
14 57 7 3
14 58 9 4
14 59 6 3
14 60 4 6
14 61 4 10
14 62 2 9
14 63 8 3
14 64 10 10
14 66 2 8
14 71 7 2
14 77 9 6
14 78 1 8
14 79 6 10
14 80 2 2
14 81 3 9
14 82 7 6
14 84 5 9
14 85 2 5
14 86 3 10
14 87 5 7
14 88 1 10
14 90 9 8
14 91 3 9
14 92 8 5
14 93 10 4
14 94 5 7
14 95 2 10
14 96 2 8
14 97 2 9
14 98 3 9
14 99 9 8
14 100 7 6
15 16 9 3
15 17 1 10
15 18 10 6
15 19 9 8
15 20 5 5
15 22 4 6
15 25 7 1
15 26 6 1
15 28 9 5
15 29 3 2
15 31 1 3
15 32 10 8
15 34 9 3
15 35 3 4
15 36 7 8
15 37 2 5
15 38 5 6
15 39 4 8
15 40 1 8
15 41 9 1
15 42 4 5
15 43 7 3
15 44 2 9
15 45 5 2
15 46 6 9
15 48 3 1
15 49 8 4
15 50 1 3
15 52 6 4
15 54 4 2
15 55 7 6
15 56 6 1
15 57 6 1
15 58 7 4
15 59 9 1
15 60 4 10
15 61 9 8
15 63 3 9
15 64 5 2
15 65 5 6
15 66 8 3
15 67 1 3
15 68 10 9
15 70 10 4
15 71 9 8
15 73 2 10
15 74 3 5
15 75 9 8
15 76 7 7
15 77 4 7
15 78 8 9
15 79 3 6
15 80 1 5
15 81 10 7
15 82 5 4
15 83 10 3
15 84 10 1
15 85 9 9
15 86 4 7
15 87 2 2
15 88 7 6
15 89 10 10
15 90 1 9
15 92 4 2
15 93 3 1
15 94 7 1
15 95 2 2
15 97 9 3
15 98 5 4
15 99 6 2
15 100 4 1
16 18 1 5
16 19 3 10
16 20 6 3
16 21 8 3
16 22 10 2
16 23 8 2
16 25 2 8
16 26 5 1
16 27 1 9
16 28 7 1
16 29 1 5
16 30 9 4
16 31 4 2
16 32 8 4
16 34 3 10
16 35 10 10
16 36 4 10
16 37 7 2
16 38 7 7
16 39 7 3
16 40 6 6
16 41 10 5
16 42 9 7
16 43 4 10
16 44 4 7
16 45 3 2
16 46 6 7
16 47 6 3
16 48 10 3
16 49 6 3
16 51 7 5
16 53 2 1
16 55 5 9
16 58 9 10
16 59 4 1
16 60 6 8
16 61 3 3
16 62 3 8
16 65 4 10
16 66 8 4
16 67 7 3
16 68 3 10
16 69 4 1
16 70 5 10
16 71 2 5
16 73 2 1
16 75 3 3
16 76 8 10
16 77 7 9
16 78 3 9
16 79 8 4
16 80 4 2
16 82 5 8
16 83 8 8
16 84 8 3
16 85 5 5
16 86 4 1
16 87 8 7
16 88 5 9
16 90 8 5
16 91 5 2
16 92 1 4
16 93 8 9
16 94 2 9
16 95 3 2
16 96 8 5
16 97 9 1
16 98 6 7
17 18 6 3
17 19 1 7
17 20 3 9
17 21 10 4
17 22 2 5
17 23 2 1
17 25 5 1
17 26 9 10
17 27 1 2
17 28 2 8
17 29 8 2
17 31 2 10
17 32 10 10
17 33 8 7
17 34 2 9
17 35 1 5
17 36 5 4
17 37 6 1
17 38 8 4
17 39 8 1
17 41 7 8
17 42 4 4
17 43 3 6
17 44 9 1
17 46 3 8
17 47 9 6
17 48 2 7
17 49 3 10
17 50 1 8
17 51 7 4
17 52 2 4
17 53 2 3
17 54 2 8
17 55 6 5
17 56 3 4
17 57 3 9
17 58 5 6
17 59 8 10
17 60 9 3
17 61 10 1
17 62 7 1
17 63 3 4
17 65 6 1
17 68 2 6
17 69 7 6
17 70 2 4
17 71 8 6
17 73 9 5
17 74 8 9
17 75 8 4
17 76 1 7
17 77 9 9
17 78 8 8
17 79 8 3
17 80 7 6
17 81 3 4
17 82 7 1
17 85 7 4
17 86 1 1
17 87 6 10
17 88 7 6
17 89 7 9
17 90 2 1
17 91 2 9
17 93 5 5
17 95 7 8
17 96 9 2
17 97 10 6
17 98 2 2
17 99 6 8
17 100 10 2
18 19 7 7
18 20 10 6
18 21 4 8
18 23 9 10
18 24 9 5
18 25 10 9
18 26 1 3
18 27 8 3
18 28 4 1
18 29 1 10
18 31 10 1
18 33 8 7
18 34 2 7
18 35 7 5
18 36 5 4
18 37 7 7
18 38 10 8
18 40 3 6
18 41 7 1
18 43 4 8
18 44 10 8
18 46 10 1
18 47 6 1
18 49 7 7
18 50 3 1
18 52 9 9
18 53 9 4
18 54 3 2
18 55 2 6
18 56 5 6
18 58 8 8
18 59 6 1
18 61 3 2
18 62 3 7
18 63 6 3
18 65 8 8
18 66 10 7
18 67 8 9
18 68 4 9
18 71 7 2
18 73 5 5
18 74 8 1
18 75 7 10
18 76 4 2
18 77 5 3
18 78 2 6
18 79 5 7
18 80 7 1
18 82 10 8
18 83 8 1
18 84 7 1
18 86 7 5
18 87 4 10
18 88 1 8
18 89 5 2
18 90 10 8
18 91 9 1
18 92 9 1
18 93 8 10
18 94 1 8
18 96 7 9
18 97 9 8
18 98 5 5
18 99 10 2
18 100 2 4
19 20 10 8
19 21 9 6
19 22 2 2
19 23 1 6
19 24 3 7
19 25 3 7
19 26 5 3
19 27 9 6
19 28 1 9
19 29 6 9
19 30 3 1
19 31 2 9
19 32 4 9
19 33 6 1
19 34 6 1
19 36 6 10
19 38 1 8
19 39 8 2
19 41 2 10
19 43 8 4
19 44 6 4
19 45 5 9
19 47 1 8
19 48 7 2
19 51 6 5
19 53 9 1
19 54 8 3
19 58 3 6
19 59 10 4
19 60 10 7
19 62 7 3
19 63 3 1
19 64 2 4
19 65 7 7
19 66 10 10
19 67 1 4
19 68 3 8
19 69 9 1
19 70 1 8
19 71 4 2
19 72 3 1
19 73 6 4
19 74 8 9
19 75 4 2
19 77 6 1
19 82 9 1
19 83 5 10
19 84 2 6
19 85 4 4
19 86 9 1
19 88 4 2
19 89 7 6
19 90 5 9
19 91 9 4
19 92 4 5
19 94 9 9
19 95 8 5
19 96 9 10
19 97 6 8
19 98 3 8
19 99 5 9
20 21 10 8
20 23 4 9
20 24 6 3
20 25 4 8
20 26 7 2
20 28 5 4
20 29 5 1
20 31 6 8
20 32 3 6
20 33 8 5
20 34 2 3
20 35 4 4
20 37 9 6
20 38 2 2
20 40 8 2
20 41 10 4
20 42 3 6
20 44 1 7
20 45 4 7
20 46 6 7
20 47 1 7
20 49 10 2
20 50 5 4
20 51 3 7
20 52 8 9
20 53 6 2
20 54 1 8
20 55 7 9
20 56 9 7
20 57 7 4
20 58 6 10
20 59 8 1
20 60 2 6
20 61 8 2
20 62 2 6
20 64 9 10
20 66 5 4
20 68 1 9
20 69 9 3
20 70 5 5
20 71 10 1
20 72 3 4
20 73 6 9
20 74 2 3
20 75 10 9
20 77 1 6
20 78 10 7
20 79 6 10
20 80 7 1
20 81 3 4
20 82 2 10
20 83 8 7
20 84 7 2
20 85 5 8
20 86 7 5
20 87 3 6
20 88 5 8
20 90 1 4
20 91 4 5
20 92 9 1
20 93 9 6
20 94 7 4
20 95 9 2
20 97 4 1
20 98 2 4
20 99 7 9
21 23 8 8
21 24 1 4
21 25 1 3
21 27 3 9
21 28 10 2
21 29 8 1
21 30 9 8
21 33 7 2
21 34 7 1
21 35 8 1
21 36 9 7
21 39 6 1
21 40 5 4
21 41 4 2
21 42 7 10
21 44 10 6
21 45 4 4
21 46 7 5
21 47 8 10
21 48 10 3
21 49 9 9
21 51 3 4
21 54 7 6
21 57 9 10
21 59 8 8
21 60 6 9
21 61 1 4
21 62 7 2
21 63 2 10
21 64 7 7
21 65 2 1
21 66 4 8
21 67 6 1
21 68 10 5
21 69 3 10
21 70 1 10
21 71 9 8
21 72 3 2
21 73 9 10
21 74 9 10
21 75 7 6
21 76 6 5
21 77 8 2
21 78 1 4
21 79 7 10
21 80 8 7
21 81 10 6
21 83 2 1
21 84 1 7
21 85 10 8
21 86 2 1
21 87 1 6
21 89 1 4
21 91 5 2
21 92 8 9
21 94 10 2
21 95 4 10
21 96 5 8
21 98 3 6
21 100 10 7
22 23 6 1
22 24 9 10
22 25 4 9
22 26 1 1
22 28 1 8
22 30 7 8
22 31 1 2
22 32 10 10
22 33 5 7
22 34 7 6
22 36 4 7
22 37 8 5
22 38 3 10
22 41 10 2
22 42 8 1
22 43 1 6
22 44 7 4
22 45 3 3
22 46 3 4
22 47 1 7
22 48 10 4
22 49 8 9
22 50 7 2
22 51 5 9
22 52 2 10
22 53 5 2
22 54 2 5
22 55 7 10
22 56 9 4
22 57 10 1
22 58 4 1
22 59 8 5
22 60 4 6
22 61 7 5
22 62 3 6
22 63 4 8
22 66 2 10
22 67 7 7
22 68 10 1
22 69 8 9
22 71 9 8
22 72 7 6
22 74 5 7
22 75 5 5
22 76 5 8
22 77 8 4
22 78 4 2
22 80 7 7
22 81 9 4
22 83 5 6
22 84 5 7
22 85 10 9
22 86 1 5
22 87 7 8
22 88 8 1
22 89 1 10
22 90 1 3
22 91 4 9
22 93 5 1
22 94 3 5
22 95 1 2
22 96 9 7
22 97 3 8
22 99 4 9
23 24 2 7
23 25 2 8
23 27 2 7
23 30 7 4
23 31 1 2
23 32 3 4
23 33 7 6
23 34 10 10
23 35 8 5
23 36 5 5
23 37 5 9
23 38 8 5
23 39 9 7
23 40 6 3
23 41 5 8
23 42 8 1
23 44 10 7
23 45 10 6
23 47 6 5
23 48 9 5
23 49 10 6
23 52 1 7
23 53 8 7
23 54 1 9
23 55 4 7
23 56 2 5
23 57 8 10
23 58 1 5
23 59 10 6
23 60 1 6
23 61 9 2
23 63 8 2
23 64 8 2
23 65 7 5
23 66 1 9
23 67 6 3
23 68 1 10
23 69 9 3
23 70 2 5
23 71 5 1
23 72 3 1
23 73 9 3
23 74 9 8
23 75 1 3
23 76 3 10
23 77 7 3
23 78 1 5
23 79 3 6
23 80 7 9
23 81 9 2
23 83 3 2
23 84 3 2
23 85 4 1
23 86 1 1
23 89 2 7
23 91 7 4
23 92 8 10
23 93 4 8
23 94 4 6
23 95 5 4
23 96 10 7
23 97 7 2
23 98 3 1
23 99 1 8
23 100 5 9
24 25 2 7
24 27 5 6
24 28 1 2
24 29 7 3
24 30 4 4
24 31 1 10
24 32 4 3
24 33 2 8
24 34 1 4
24 35 3 1
24 37 5 10
24 38 6 1
24 39 4 9
24 40 8 1
24 41 10 10
24 42 6 10
24 43 5 1
24 44 2 2
24 45 5 3
24 46 6 6
24 47 4 6
24 48 5 2
24 49 7 9
24 51 9 8
24 52 3 2
24 53 10 7
24 54 2 7
24 55 5 5
24 56 5 4
24 58 8 4
24 59 3 5
24 60 3 10
24 61 2 1
24 62 9 7
24 64 10 4
24 65 4 3
24 66 6 6
24 67 5 1
24 68 7 3
24 69 4 1
24 70 3 4
24 72 3 9
24 73 1 9
24 76 2 5
24 77 7 5
24 78 8 10
24 79 1 10
24 81 3 9
24 83 7 6
24 84 5 10
24 85 10 9
24 86 8 2
24 87 8 1
24 88 3 2
24 89 2 9
24 90 10 10
24 91 1 3
24 93 4 5
24 94 6 6
24 95 6 5
24 97 8 6
24 98 2 1
24 99 3 1
25 26 1 8
25 27 2 1
25 28 10 10
25 30 7 2
25 31 5 5
25 32 6 2
25 33 3 6
25 34 7 3
25 35 2 2
25 37 2 10
25 38 1 8
25 39 8 4
25 40 9 1
25 41 7 2
25 42 1 1
25 44 5 6
25 45 2 7
25 46 6 5
25 47 2 10
25 48 8 7
25 51 9 6
25 54 6 6
25 55 2 7
25 56 6 7
25 57 10 4
25 59 3 3
25 60 8 2
25 61 5 3
25 63 4 6
25 64 3 10
25 65 6 7
25 66 8 1
25 67 9 10
25 68 8 10
25 69 7 10
25 70 9 8
25 71 10 4
25 72 6 2
25 73 3 4
25 74 10 1
25 75 9 7
25 76 8 4
25 77 7 2
25 78 7 2
25 79 10 9
25 80 10 10
25 81 8 7
25 82 2 3
25 83 7 10
25 84 2 10
25 85 10 1
25 88 8 6
25 89 5 8
25 90 7 4
25 91 3 6
25 92 10 8
25 93 9 10
25 94 9 6
25 96 3 4
25 97 2 2
25 98 10 2
25 100 2 10
26 27 1 10
26 28 9 6
26 29 8 4
26 30 7 7
26 31 1 3
26 32 7 9
26 33 3 8
26 34 7 6
26 36 9 4
26 38 8 2
26 39 10 1
26 40 10 8
26 41 6 6
26 43 4 5
26 44 4 8
26 45 3 4
26 46 7 1
26 48 7 1
26 49 3 2
26 50 9 6
26 51 1 9
26 52 7 9
26 54 3 9
26 55 6 10
26 56 3 8
26 57 1 9
26 58 9 3
26 59 6 6
26 61 10 10
26 62 7 4
26 66 5 4
26 67 7 4
26 68 5 10
26 69 3 8
26 70 7 7
26 71 1 2
26 72 10 1
26 74 10 3
26 75 7 2
26 76 2 8
26 77 9 10
26 78 5 5
26 79 10 10
26 80 1 9
26 81 10 9
26 82 2 6
26 83 8 4
26 86 8 9
26 88 8 8
26 89 5 8
26 91 2 5
26 92 1 9
26 93 1 3
26 94 2 1
26 95 1 2
26 98 2 3
26 99 5 3
26 100 5 9
27 28 7 4
27 29 4 5
27 30 10 10
27 31 5 3
27 32 4 5
27 33 4 4
27 34 2 5
27 36 3 6
27 37 3 6
27 38 5 3
27 39 10 10
27 41 6 7
27 42 4 3
27 43 10 4
27 44 6 9
27 45 8 3
27 46 7 3
27 48 1 5
27 49 5 7
27 50 2 3
27 51 5 7
27 52 5 4
27 53 9 6
27 54 6 2
27 55 7 3
27 56 1 2
27 59 8 4
27 60 9 7
27 63 6 1
27 64 9 10
27 65 3 4
27 66 7 4
27 67 5 3
27 71 4 6
27 72 3 3
27 73 1 4
27 74 5 2
27 75 3 6
27 76 5 3
27 77 3 2
27 78 5 8
27 79 8 4
27 80 1 7
27 81 7 9
27 82 8 2
27 83 6 1
27 84 9 8
27 86 7 1
27 87 5 6
27 88 5 7
27 89 6 8
27 90 5 8
27 92 4 8
27 94 5 6
27 96 10 3
27 97 2 8
27 98 8 3
27 99 5 4
27 100 6 6
28 30 2 8
28 31 10 3
28 32 8 5
28 33 9 5
28 34 2 4
28 35 2 9
28 36 7 6
28 37 9 1
28 40 2 7
28 41 6 10
28 42 4 2
28 43 1 8
28 45 8 9
28 46 6 9
28 47 9 1
28 48 9 1
28 49 1 4
28 50 5 1
28 51 3 9
28 52 2 3
28 55 2 9
28 58 5 2
28 59 1 9
28 60 2 2
28 61 10 6
28 63 1 5
28 64 6 5
28 65 5 5
28 67 8 5
28 68 7 8
28 69 8 10
28 70 8 1
28 71 2 7
28 72 9 7
28 73 2 6
28 75 2 3
28 77 9 5
28 78 6 5
28 79 4 5
28 80 10 8
28 81 5 9
28 82 1 10
28 83 10 2
28 84 1 1
28 85 2 4
28 87 4 5
28 89 5 4
28 90 7 1
28 91 7 7
28 92 2 8
28 93 2 4
28 94 9 9
28 95 5 1
28 96 6 1
28 97 1 9
28 98 8 4
28 99 2 3
28 100 7 9
29 30 3 9
29 32 6 5
29 33 3 10
29 34 7 7
29 35 7 3
29 36 10 5
29 38 4 1
29 39 4 8
29 40 4 4
29 41 2 6
29 42 9 2
29 43 2 4
29 44 8 2
29 47 8 7
29 48 8 7
29 50 3 10
29 51 3 1
29 52 9 1
29 53 3 8
29 55 6 6
29 56 6 8
29 59 3 4
29 60 8 1
29 61 1 3
29 62 5 3
29 63 8 9
29 64 10 5
29 65 4 1
29 67 6 5
29 68 7 3
29 69 9 8
29 70 6 9
29 71 4 7
29 72 9 9
29 76 10 2
29 78 5 1
29 79 3 10
29 80 4 8
29 81 8 10
29 82 4 9
29 83 8 10
29 84 6 10
29 85 3 9
29 86 4 10
29 87 5 3
29 88 4 4
29 89 3 7
29 90 5 6
29 91 9 10
29 92 7 2
29 93 2 7
29 94 2 8
29 95 2 1
29 97 1 10
29 98 2 7
29 99 5 10
30 31 6 1
30 32 6 5
30 33 5 9
30 34 1 5
30 36 2 4
30 38 7 10
30 40 4 6
30 41 1 5
30 42 4 3
30 44 6 7
30 45 9 2
30 46 4 3
30 47 5 7
30 48 10 10
30 49 8 10
30 50 3 1
30 51 9 1
30 52 6 10
30 53 8 7
30 54 9 6
30 55 8 7
30 56 8 7
30 58 1 6
30 59 6 4
30 60 3 10
30 62 6 6
30 63 2 4
30 64 8 10
30 65 8 3
30 67 5 8
30 68 4 7
30 69 3 3
30 70 6 7
30 71 6 2
30 72 10 2
30 73 6 8
30 74 8 7
30 75 1 2
30 77 8 2
30 79 5 5
30 80 8 6
30 81 3 1
30 82 5 8
30 83 2 7
30 85 3 9
30 86 9 8
30 87 10 10
30 88 4 5
30 89 2 9
30 90 9 6
30 91 3 1
30 92 7 5
30 93 2 10
30 94 9 9
30 95 8 3
30 96 8 5
30 97 4 7
30 98 10 1
30 99 5 8
31 33 3 1
31 35 3 7
31 36 10 8
31 37 9 6
31 38 1 10
31 39 4 4
31 40 4 2
31 41 10 6
31 42 8 3
31 43 1 5
31 44 5 10
31 45 5 4
31 46 10 6
31 47 5 4
31 48 1 3
31 49 10 3
31 51 7 8
31 52 5 1
31 53 1 1
31 54 10 9
31 55 7 3
31 56 3 5
31 57 5 1
31 58 1 9
31 59 9 8
31 60 10 8
31 64 8 8
31 65 1 9
31 66 1 8
31 67 9 2
31 68 2 4
31 69 7 10
31 70 10 4
31 71 10 8
31 72 10 9
31 74 10 8
31 76 3 8
31 78 7 7
31 79 1 3
31 80 2 2
31 81 7 5
31 82 6 10
31 84 3 10
31 85 6 3
31 86 8 8
31 87 2 10
31 88 7 7
31 89 5 9
31 93 4 10
31 94 1 6
31 95 8 3
31 96 5 6
31 97 7 10
31 98 3 10
31 99 9 3
31 100 1 2
32 33 10 3
32 34 1 8
32 35 9 10
32 36 8 6
32 38 10 9
32 40 2 7
32 41 4 3
32 42 1 7
32 44 1 4
32 46 4 2
32 47 10 6
32 48 10 10
32 49 9 9
32 52 6 3
32 53 2 6
32 54 6 10
32 55 10 3
32 56 8 10
32 57 4 4
32 60 8 2
32 61 7 6
32 62 3 8
32 63 7 6
32 64 9 6
32 65 5 4
32 66 10 10
32 67 8 7
32 68 2 7
32 69 9 6
32 70 3 9
32 71 9 1
32 72 5 10
32 73 9 6
32 74 8 1
32 76 5 1
32 77 8 4
32 78 9 7
32 79 8 7
32 80 3 7
32 81 2 10
32 82 8 3
32 83 2 6
32 85 7 5
32 86 7 6
32 88 10 5
32 90 7 4
32 91 5 6
32 93 10 10
32 94 7 5
32 95 7 2
32 96 3 5
32 97 9 2
33 34 10 2
33 35 9 1
33 36 4 1
33 37 7 3
33 38 3 4
33 39 6 10
33 41 10 8
33 44 4 5
33 45 3 1
33 46 3 4
33 47 4 7
33 48 4 1
33 49 6 8
33 50 6 7
33 51 6 10
33 53 4 7
33 54 2 10
33 55 7 6
33 56 8 5
33 57 8 9
33 58 5 5
33 59 10 8
33 60 6 8
33 62 9 5
33 63 4 10
33 64 3 3
33 65 7 8
33 66 3 2
33 67 7 6
33 68 4 4
33 69 9 1
33 70 3 4
33 71 1 10
33 72 1 4
33 73 10 2
33 74 9 4
33 75 3 4
33 76 10 1
33 79 9 6
33 80 3 7
33 81 10 4
33 83 9 9
33 85 3 3
33 86 7 6
33 87 7 1
33 89 7 7
33 90 3 3
33 91 6 6
33 92 5 5
33 93 6 6
33 94 5 10
33 95 7 8
33 96 5 4
33 98 6 4
33 99 6 10
33 100 7 10
34 35 9 8
34 36 9 3
34 37 9 9
34 38 8 2
34 39 2 1
34 41 2 9
34 42 3 8
34 45 10 8
34 46 8 10
34 47 1 10
34 48 8 10
34 50 4 9
34 51 7 9
34 52 4 9
34 53 1 5
34 54 6 9
34 55 2 4
34 56 4 1
34 57 9 2
34 58 7 3
34 59 5 5
34 60 3 4
34 61 3 4
34 62 5 4
34 63 1 5
34 64 4 2
34 66 7 6
34 69 4 5
34 70 3 6
34 71 9 6
34 72 8 6
34 73 4 9
34 74 2 9
34 75 10 8
34 76 1 5
34 79 9 1
34 81 6 9
34 82 10 9
34 83 1 1
34 86 10 9
34 87 6 7
34 88 8 6
34 91 9 1
34 92 8 10
34 93 5 10
34 94 3 4
34 96 4 8
34 97 7 2
34 100 4 8
35 36 1 5
35 37 10 8
35 39 10 3
35 40 9 8
35 41 4 5
35 42 9 8
35 43 6 1
35 44 4 7
35 45 4 8
35 48 8 2
35 50 8 7
35 51 2 10
35 52 8 4
35 53 8 3
35 54 2 6
35 55 2 10
35 56 9 8
35 58 5 9
35 59 10 4
35 60 4 8
35 61 5 6
35 62 10 10
35 63 1 7
35 64 7 6
35 66 4 6
35 67 7 4
35 68 3 6
35 69 4 5
35 70 7 8
35 71 6 9
35 72 8 8
35 73 5 5
35 74 6 8
35 75 7 10
35 77 2 9
35 79 7 6
35 80 7 2
35 81 5 4
35 82 8 4
35 83 3 10
35 84 5 3
35 85 1 4
35 86 3 10
35 88 9 2
35 90 9 10
35 92 5 3
35 93 10 1
35 94 1 1
35 96 9 2
35 97 1 6
35 99 4 8
36 37 1 10
36 38 10 3
36 39 9 5
36 40 4 1
36 41 8 8
36 42 8 9
36 43 6 9
36 44 10 7
36 45 6 1
36 46 3 1
36 47 3 2
36 48 9 9
36 49 1 2
36 51 3 6
36 52 8 10
36 53 7 5
36 54 3 7
36 55 2 4
36 56 1 1
36 57 3 8
36 58 4 4
36 59 9 8
36 60 3 7
36 61 10 7
36 62 8 10
36 63 9 10
36 64 7 7
36 65 1 10
36 66 2 1
36 67 1 5
36 68 6 7
36 69 7 5
36 70 7 10
36 71 4 4
36 72 5 3
36 73 5 10
36 74 4 10
36 75 8 4
36 76 5 10
36 77 3 9
36 78 3 10
36 79 6 6
36 80 8 1
36 81 4 8
36 82 6 9
36 83 6 3
36 84 10 2
36 85 10 1
36 86 5 2
36 87 9 4
36 88 1 4
36 89 1 10
36 90 8 5
36 91 10 7
36 92 6 8
36 93 5 10
36 94 6 5
36 95 8 4
36 96 6 3
36 98 1 5
36 99 9 4
36 100 7 8
37 38 7 2
37 39 3 7
37 40 4 1
37 41 10 2
37 42 4 5
37 43 3 1
37 44 7 9
37 45 8 8
37 46 3 6
37 47 8 7
37 49 2 1
37 50 10 7
37 52 8 4
37 53 4 10
37 54 1 7
37 55 1 7
37 56 6 6
37 57 9 4
37 58 2 9
37 59 3 3
37 60 6 1
37 63 2 10
37 68 3 4
37 69 9 7
37 70 3 5
37 71 5 7
37 72 7 1
37 73 5 6
37 74 5 3
37 76 9 6
37 77 4 1
37 79 3 10
37 81 10 5
37 82 4 7
37 84 8 8
37 85 10 10
37 87 1 3
37 88 10 6
37 89 7 2
37 90 2 6
37 91 1 1
37 92 4 7
37 93 7 2
37 94 4 3
37 95 3 9
37 96 5 5
37 97 10 1
37 98 3 10
37 99 9 7
37 100 10 6
38 40 3 9
38 41 9 1
38 43 6 4
38 45 8 2
38 47 3 10
38 48 8 4
38 49 1 9
38 50 2 6
38 51 2 5
38 54 3 3
38 55 10 2
38 57 10 3
38 58 4 6
38 59 9 4
38 60 4 2
38 61 2 10
38 62 3 6
38 63 5 8
38 64 7 6
38 65 9 3
38 66 6 4
38 67 3 1
38 69 1 8
38 70 2 4
38 71 4 4
38 72 3 10
38 73 1 3
38 75 8 9
38 76 10 3
38 77 4 8
38 79 3 6
38 80 3 2
38 81 5 3
38 82 6 3
38 83 8 4
38 84 10 5
38 85 9 1
38 89 10 1
38 92 9 10
38 93 1 7
38 94 8 3
38 95 5 7
38 96 6 6
38 97 8 8
38 98 6 4
38 99 10 1
38 100 10 4
39 40 3 10
39 41 6 8
39 42 4 4
39 43 10 7
39 45 5 7
39 46 1 10
39 47 3 5
39 48 2 6
39 49 4 9
39 50 5 10
39 51 4 6
39 52 3 5
39 53 1 4
39 54 4 9
39 55 6 5
39 56 10 2
39 57 7 1
39 58 8 6
39 59 10 5
39 62 2 1
39 63 10 4
39 65 5 9
39 66 2 3
39 68 2 5
39 69 7 3
39 70 10 10
39 71 5 6
39 72 8 9
39 73 10 2
39 74 1 9
39 75 3 3
39 77 10 5
39 78 4 8
39 79 6 1
39 80 6 3
39 81 7 8
39 82 5 9
39 83 10 2
39 85 9 7
39 86 1 3
39 87 1 2
39 89 9 8
39 91 3 6
39 92 1 6
39 93 9 7
39 94 7 7
39 95 10 4
39 96 2 8
39 97 7 9
39 98 7 3
39 100 4 5
40 41 7 6
40 42 10 9
40 44 5 1
40 45 3 6
40 46 3 10
40 48 7 6
40 50 3 7
40 52 2 4
40 53 4 7
40 54 3 2
40 55 2 2
40 57 4 4
40 58 8 6
40 59 9 9
40 60 7 2
40 61 8 3
40 62 6 2
40 63 6 9
40 64 7 10
40 65 1 4
40 66 9 6
40 67 5 4
40 70 7 6
40 71 10 7
40 72 2 4
40 73 2 1
40 74 7 2
40 75 2 3
40 76 7 10
40 78 10 3
40 79 2 3
40 81 2 8
40 82 7 1
40 83 2 7
40 84 1 8
40 86 1 2
40 87 1 2
40 89 8 6
40 90 4 1
40 91 1 9
40 92 1 8
40 94 5 3
40 95 8 6
40 96 2 5
40 97 4 3
40 98 8 8
40 100 9 10
41 42 1 6
41 43 3 4
41 45 1 4
41 46 5 9
41 48 7 10
41 49 2 6
41 50 5 2
41 51 8 10
41 52 8 9
41 53 5 4
41 54 6 5
41 55 5 3
41 57 9 7
41 58 1 8
41 59 5 4
41 60 3 9
41 61 10 6
41 63 6 7
41 64 1 9
41 66 10 2
41 68 1 1
41 70 4 8
41 71 9 1
41 72 6 9
41 73 9 1
41 74 2 10
41 76 9 3
41 77 5 10
41 78 4 7
41 79 2 6
41 80 1 8
41 81 5 3
41 83 10 3
41 84 3 10
41 85 4 1
41 86 5 4
41 87 2 4
41 88 5 8
41 90 5 3
41 91 4 10
41 92 1 7
41 93 4 7
41 95 4 10
41 96 4 4
41 97 10 5
41 99 6 10
41 100 2 6
42 43 3 6
42 44 1 5
42 45 9 4
42 46 6 3
42 47 4 8
42 48 3 7
42 49 2 10
42 50 5 3
42 51 9 2
42 52 8 8
42 54 2 4
42 55 2 4
42 56 5 1
42 57 5 10
42 59 5 4
42 60 5 3
42 61 10 8
42 63 6 3
42 64 1 8
42 65 8 5
42 66 3 10
42 67 6 3
42 68 7 10
42 70 10 4
42 71 5 8
42 72 10 5
42 73 1 1
42 74 2 7
42 77 9 5
42 78 10 10
42 79 5 9
42 80 7 3
42 81 9 5
42 82 5 4
42 83 7 7
42 85 9 2
42 86 5 6
42 89 5 8
42 91 4 3
42 92 5 1
42 93 4 6
42 94 6 4
42 95 3 1
42 96 9 6
42 97 9 9
42 100 9 6
43 44 2 5
43 45 3 4
43 46 5 4
43 47 6 1
43 48 4 1
43 49 7 2
43 50 9 7
43 51 2 1
43 52 9 2
43 53 8 8
43 54 1 7
43 55 9 7
43 56 4 3
43 57 4 1
43 59 1 3
43 60 2 6
43 62 10 6
43 63 9 3
43 64 8 10
43 65 1 2
43 66 8 10
43 67 1 2
43 68 8 2
43 69 9 2
43 70 3 5
43 76 7 4
43 77 2 3
43 78 8 1
43 80 4 2
43 81 9 6
43 83 8 2
43 85 3 4
43 86 8 1
43 87 4 6
43 90 6 6
43 91 3 8
43 93 7 8
43 94 3 7
43 95 3 2
43 96 7 1
43 97 3 2
43 99 5 7
43 100 3 1
44 45 6 3
44 46 9 7
44 48 7 8
44 49 3 8
44 50 10 6
44 51 5 2
44 52 7 1
44 54 10 1
44 55 5 1
44 56 8 5
44 58 5 10
44 60 8 5
44 61 4 3
44 63 2 3
44 65 4 6
44 66 9 7
44 68 10 4
44 69 1 5
44 70 9 2
44 74 10 7
44 75 5 8
44 76 3 10
44 79 8 6
44 80 10 4
44 83 2 3
44 84 8 5
44 86 9 1
44 88 9 1
44 89 1 7
44 92 7 6
44 93 1 3
44 94 8 4
44 95 4 4
44 96 8 3
44 98 3 1
44 99 10 8
45 46 5 5
45 47 8 3
45 48 1 2
45 49 1 9
45 51 7 9
45 52 3 3
45 53 1 3
45 54 2 5
45 56 4 3
45 57 8 8
45 58 4 8
45 59 9 7
45 60 8 10
45 61 2 7
45 62 10 7
45 63 1 10
45 64 5 5
45 65 2 7
45 66 10 2
45 67 4 3
45 68 5 8
45 69 6 7
45 70 8 3
45 71 6 7
45 72 5 7
45 73 2 8
45 74 8 1
45 75 1 6
45 77 5 4
45 78 3 3
45 79 4 7
45 80 7 1
45 81 4 3
45 83 6 3
45 84 9 2
45 87 2 5
45 88 8 5
45 89 1 9
45 90 9 8
45 91 3 10
45 92 10 1
45 93 1 8
45 94 5 1
45 95 7 8
45 97 2 2
45 99 8 5
46 47 4 9
46 50 7 4
46 51 9 9
46 52 7 1
46 53 1 4
46 54 1 7
46 55 4 9
46 56 10 7
46 57 10 3
46 58 10 2
46 59 9 4
46 60 10 2
46 61 9 8
46 62 7 5
46 64 1 7
46 65 9 3
46 66 6 3
46 67 8 5
46 68 1 5
46 71 9 7
46 72 8 5
46 73 1 4
46 74 8 8
46 75 10 6
46 76 5 8
46 77 10 5
46 78 4 8
46 81 7 9
46 82 3 10
46 83 3 3
46 84 7 2
46 85 6 10
46 86 5 5
46 87 8 9
46 91 3 8
46 92 9 9
46 94 8 8
46 97 5 3
46 98 4 1
46 99 7 3
46 100 1 4
47 49 6 6
47 51 7 8
47 52 8 6
47 54 5 9
47 55 6 6
47 56 2 5
47 57 9 6
47 58 2 5
47 59 8 10
47 60 8 7
47 62 4 9
47 63 7 10
47 64 1 7
47 65 4 6
47 66 6 7
47 68 7 3
47 69 5 4
47 71 10 1
47 72 2 1
47 73 3 5
47 74 6 6
47 75 8 6
47 77 6 4
47 78 9 6
47 79 3 2
47 80 7 3
47 81 4 9
47 83 6 9
47 84 1 9
47 85 9 9
47 86 7 2
47 87 3 2
47 88 2 3
47 89 2 1
47 90 4 2
47 91 5 3
47 92 7 1
47 93 6 8
47 94 9 8
47 95 8 3
47 96 8 6
47 97 9 4
47 98 9 10
47 99 6 7
48 49 5 3
48 50 10 5
48 53 8 4
48 54 4 5
48 55 1 6
48 56 9 4
48 57 2 2
48 58 2 1
48 60 2 4
48 61 2 5
48 62 5 5
48 63 9 1
48 64 1 10
48 65 1 2
48 66 5 5
48 67 5 1
48 68 5 7
48 69 8 5
48 70 1 5
48 71 6 2
48 72 3 8
48 74 7 9
48 75 3 6
48 76 7 2
48 77 5 2
48 78 7 6
48 79 4 8
48 80 5 9
48 81 7 3
48 82 4 4
48 83 2 7
48 84 5 8
48 85 9 1
48 87 7 9
48 88 3 5
48 89 2 9
48 90 3 9
48 94 3 1
48 95 2 4
48 97 7 4
48 99 6 8
48 100 7 5
49 50 3 3
49 51 5 8
49 52 7 8
49 53 1 1
49 54 3 8
49 55 5 5
49 56 8 2
49 57 6 8
49 58 2 2
49 59 8 5
49 61 8 6
49 62 10 8
49 63 5 1
49 65 6 6
49 66 3 8
49 68 1 7
49 69 3 5
49 70 9 1
49 73 3 6
49 74 3 3
49 75 3 3
49 76 7 9
49 78 6 7
49 79 6 2
49 82 8 8
49 83 2 8
49 84 8 4
49 85 5 8
49 88 1 5
49 89 7 1
49 91 9 4
49 92 5 1
49 95 10 3
49 97 2 6
49 98 5 5
49 99 2 6
49 100 4 2
50 51 9 9
50 52 2 9
50 53 7 2
50 54 8 10
50 55 4 3
50 56 9 1
50 57 8 8
50 59 1 8
50 61 3 8
50 63 3 6
50 64 3 10
50 65 3 4
50 66 6 7
50 67 2 2
50 68 4 8
50 69 7 2
50 70 1 6
50 71 3 10
50 72 2 1
50 73 2 1
50 74 7 7
50 75 7 2
50 76 8 9
50 77 6 8
50 79 5 7
50 80 4 8
50 82 3 4
50 83 4 3
50 85 5 5
50 86 7 8
50 87 8 3
50 90 3 1
50 91 10 10
50 92 8 2
50 93 6 8
50 94 6 2
50 96 5 10
50 97 3 7
50 98 2 4
50 99 2 7
50 100 3 3
51 53 9 3
51 54 8 2
51 55 8 8
51 56 4 4
51 57 8 9
51 58 9 8
51 59 5 4
51 60 4 6
51 61 9 3
51 62 7 9
51 66 3 4
51 67 3 10
51 68 7 8
51 69 4 6
51 70 6 5
51 71 5 7
51 72 4 8
51 73 2 2
51 74 3 7
51 76 5 1
51 78 7 5
51 80 10 7
51 81 7 3
51 82 10 7
51 85 10 4
51 87 1 2
51 88 7 6
51 89 10 8
51 91 6 1
51 92 6 5
51 93 9 1
51 94 2 3
51 95 5 5
51 96 3 6
51 97 6 1
51 98 4 8
51 99 10 1
51 100 3 3
52 53 9 9
52 54 4 4
52 55 3 1
52 56 2 10
52 57 2 7
52 59 4 9
52 60 7 6
52 61 10 3
52 62 3 2
52 63 10 8
52 64 1 9
52 65 7 9
52 67 2 9
52 69 1 9
52 70 2 3
52 71 5 1
52 73 5 9
52 74 8 7
52 75 9 7
52 76 1 6
52 77 9 1
52 78 9 7
52 80 3 9
52 81 6 8
52 82 4 5
52 83 2 5
52 84 8 1
52 85 2 4
52 86 4 9
52 87 1 4
52 88 2 1
52 89 2 5
52 91 7 6
52 92 7 10
52 93 2 3
52 94 2 9
52 95 5 6
52 96 2 6
52 97 3 4
52 98 3 8
53 54 7 2
53 55 3 6
53 56 7 4
53 57 7 6
53 58 5 6
53 59 5 8
53 60 1 6
53 61 7 1
53 62 9 1
53 63 4 2
53 65 9 2
53 66 1 8
53 67 5 6
53 68 10 5
53 69 1 6
53 71 9 8
53 72 7 9
53 73 4 2
53 74 1 7
53 75 6 3
53 76 10 8
53 78 5 4
53 79 3 7
53 81 5 3
53 82 5 3
53 83 7 1
53 85 2 5
53 88 3 7
53 90 1 10
53 91 5 6
53 92 4 6
53 93 9 5
53 94 7 7
53 95 1 6
53 96 3 7
53 97 4 8
53 98 8 4
53 100 5 3
54 55 5 3
54 56 6 1
54 57 7 5
54 58 3 7
54 59 4 10
54 60 9 10
54 61 5 3
54 62 4 3
54 63 3 9
54 64 6 3
54 65 6 7
54 66 7 10
54 67 9 8
54 68 2 5
54 69 9 8
54 70 9 4
54 71 7 5
54 72 1 2
54 73 5 5
54 74 5 6
54 75 6 2
54 76 2 1
54 78 5 9
54 79 2 4
54 81 1 10
54 82 3 9
54 83 7 10
54 84 10 2
54 85 10 6
54 86 8 7
54 87 9 1
54 89 4 8
54 92 4 4
54 93 10 9
54 94 10 2
54 95 3 9
54 97 9 2
54 98 5 9
54 99 2 5
55 57 1 9
55 58 2 1
55 60 1 3
55 61 10 8
55 62 5 6
55 63 10 8
55 64 3 6
55 66 3 9
55 67 4 10
55 68 6 7
55 69 2 2
55 70 2 3
55 71 5 4
55 72 9 4
55 73 8 9
55 74 1 5
55 75 1 7
55 76 9 10
55 77 10 6
55 78 7 6
55 80 9 6
55 81 8 6
55 82 9 6
55 83 4 3
55 85 1 7
55 86 8 8
55 87 8 5
55 88 10 2
55 89 6 3
55 90 4 1
55 92 8 7
55 93 6 7
55 94 1 10
55 95 7 2
55 96 7 10
55 97 8 5
55 98 7 9
55 99 4 4
55 100 1 7
56 57 3 1
56 58 9 10
56 59 7 6
56 60 10 2
56 61 9 5
56 62 6 5
56 64 3 6
56 65 10 1
56 66 1 7
56 67 4 7
56 68 2 2
56 69 2 7
56 70 8 3
56 71 6 10
56 72 1 7
56 73 3 9
56 74 7 7
56 75 10 2
56 76 6 7
56 77 4 5
56 78 2 5
56 79 9 8
56 80 3 10
56 81 9 10
56 82 5 8
56 83 8 4
56 85 7 7
56 86 10 6
56 87 6 5
56 88 8 7
56 90 2 1
56 91 7 8
56 92 2 2
56 93 9 4
56 94 10 6
56 96 4 7
56 97 5 10
56 99 2 2
56 100 8 9
57 58 3 6
57 59 9 7
57 60 7 1
57 61 1 9
57 62 6 4
57 63 7 7
57 64 9 1
57 65 6 8
57 66 9 7
57 67 9 9
57 68 6 2
57 70 4 3
57 73 9 8
57 74 10 5
57 75 3 2
57 76 4 9
57 77 4 3
57 78 2 4
57 80 8 8
57 81 10 10
57 82 4 1
57 83 7 1
57 84 5 9
57 85 6 7
57 86 10 8
57 87 9 5
57 89 1 8
57 90 5 9
57 92 3 9
57 94 3 2
57 95 6 4
57 96 1 5
57 100 9 6
58 59 9 6
58 60 7 6
58 63 2 10
58 64 4 8
58 65 5 3
58 66 1 6
58 67 1 6
58 68 1 9
58 69 6 3
58 72 1 7
58 73 5 8
58 74 4 2
58 76 2 4
58 77 9 2
58 78 6 4
58 79 8 1
58 80 2 8
58 81 10 1
58 82 8 2
58 83 4 9
58 84 1 6
58 85 5 1
58 86 7 10
58 87 8 9
58 88 4 8
58 89 7 4
58 92 1 4
58 93 6 10
58 94 1 6
58 95 8 8
58 96 8 2
58 97 10 2
58 98 9 10
58 100 3 1
59 60 8 8
59 61 1 3
59 62 3 1
59 63 3 4
59 65 8 8
59 66 5 3
59 67 4 2
59 69 6 3
59 70 8 2
59 72 4 2
59 73 9 2
59 74 1 8
59 75 10 6
59 76 4 9
59 77 8 5
59 79 3 10
59 81 4 10
59 82 5 6
59 84 5 3
59 85 9 10
59 86 10 6
59 88 4 8
59 89 9 3
59 90 4 2
59 91 3 4
59 92 8 4
59 93 2 1
59 94 9 8
59 95 2 5
59 96 2 3
59 97 2 8
59 98 9 8
59 100 9 7
60 61 1 6
60 62 5 10
60 63 9 3
60 64 3 5
60 65 6 8
60 67 10 1
60 68 10 2
60 69 3 7
60 70 5 8
60 72 8 7
60 73 10 3
60 75 5 10
60 76 8 9
60 77 6 4
60 79 6 1
60 81 8 4
60 83 4 9
60 84 10 1
60 85 7 7
60 86 7 7
60 87 8 10
60 88 7 9
60 89 6 7
60 90 7 4
60 91 2 9
60 92 2 5
60 93 4 6
60 94 6 7
60 96 4 1
60 97 3 1
60 100 4 2
61 62 5 7
61 63 3 1
61 64 4 2
61 65 3 6
61 67 1 10
61 71 5 10
61 72 8 7
61 73 8 4
61 74 4 1
61 75 7 10
61 76 3 3
61 77 7 2
61 78 3 3
61 80 2 10
61 82 8 6
61 83 7 10
61 86 1 8
61 87 3 9
61 88 2 6
61 89 10 9
61 90 3 2
61 91 10 3
61 92 4 2
61 93 10 6
61 94 6 7
61 95 7 4
61 96 3 8
61 97 4 9
61 98 4 1
61 99 1 4
61 100 7 4
62 63 5 6
62 64 3 5
62 65 1 6
62 68 4 4
62 69 8 4
62 70 6 8
62 71 7 2
62 73 9 3
62 74 1 3
62 75 3 7
62 76 1 9
62 77 9 8
62 78 8 1
62 79 2 5
62 80 6 2
62 82 8 10
62 83 8 10
62 84 6 1
62 85 8 3
62 86 9 2
62 87 1 3
62 89 6 2
62 90 9 6
62 92 1 8
62 93 9 2
62 95 2 7
62 96 9 3
62 98 1 6
62 99 7 3
62 100 4 9
63 64 2 1
63 65 10 1
63 66 8 9
63 67 5 9
63 68 9 9
63 69 7 6
63 70 8 10
63 71 3 3
63 72 5 3
63 73 6 7
63 75 10 9
63 76 3 6
63 77 8 9
63 79 6 5
63 80 10 6
63 82 4 8
63 83 4 8
63 84 4 4
63 85 10 4
63 86 6 3
63 87 3 10
63 88 7 8
63 89 6 7
63 90 6 8
63 91 5 9
63 92 4 4
63 93 5 8
63 95 4 4
63 96 8 3
63 98 2 4
63 99 1 4
63 100 5 3
64 65 7 2
64 66 10 9
64 68 7 8
64 69 6 1
64 70 10 8
64 71 10 10
64 72 6 2
64 73 6 3
64 74 1 9
64 75 4 8
64 76 2 4
64 77 2 7
64 78 5 2
64 81 9 7
64 82 2 9
64 83 5 2
64 84 9 7
64 85 3 2
64 86 3 4
64 87 2 1
64 88 4 8
64 89 4 2
64 90 9 6
64 91 8 8
64 92 1 4
64 93 1 4
64 94 8 1
64 95 2 1
64 97 6 7
64 98 3 1
64 99 3 7
64 100 7 8
65 66 4 8
65 67 7 10
65 68 1 4
65 70 5 3
65 71 9 2
65 72 7 1
65 73 9 10
65 74 5 6
65 75 6 5
65 77 1 4
65 78 8 2
65 79 9 7
65 80 6 9
65 81 1 1
65 82 9 2
65 83 9 10
65 84 3 7
65 85 9 1
65 86 6 6
65 87 3 2
65 88 6 7
65 89 7 7
65 90 5 4
65 91 9 4
65 92 5 8
65 93 1 8
65 94 3 8
65 95 5 2
65 96 8 9
66 67 9 1
66 68 6 6
66 69 2 10
66 70 7 10
66 71 3 2
66 74 2 2
66 75 1 4
66 76 6 4
66 77 5 5
66 78 3 7
66 79 4 1
66 80 3 3
66 81 4 2
66 83 2 6
66 84 7 8
66 85 7 10
66 86 1 3
66 87 1 6
66 89 6 2
66 92 4 3
66 93 9 9
66 96 10 2
66 97 6 3
66 98 3 3
66 100 8 9
67 68 5 2
67 69 1 5
67 70 5 6
67 71 7 8
67 72 6 6
67 75 9 2
67 76 8 3
67 77 5 4
67 78 6 1
67 83 7 3
67 86 2 4
67 87 10 3
67 88 1 8
67 89 1 9
67 90 8 4
67 91 1 1
67 92 9 2
67 93 10 5
67 94 10 3
67 95 5 9
67 96 7 8
67 97 5 8
67 98 7 4
67 99 7 2
67 100 8 8
68 69 4 6
68 70 8 7
68 71 9 9
68 73 3 8
68 74 9 5
68 75 10 10
68 76 3 3
68 77 2 5
68 78 5 8
68 79 3 7
68 80 5 8
68 81 1 2
68 82 9 9
68 83 5 2
68 84 2 5
68 85 8 2
68 88 9 7
68 89 4 2
68 90 7 3
68 91 6 6
68 92 9 5
68 93 6 10
68 95 5 7
68 97 6 4
68 98 5 3
68 99 5 9
68 100 8 7
69 71 5 3
69 72 9 3
69 73 9 10
69 74 1 10
69 75 2 7
69 77 10 2
69 78 1 4
69 79 8 1
69 80 5 1
69 81 3 10
69 82 4 10
69 83 5 2
69 84 7 3
69 85 1 2
69 86 6 3
69 87 3 2
69 89 8 2
69 90 3 10
69 91 7 2
69 92 2 8
69 93 9 8
69 94 6 9
69 95 8 3
69 96 7 7
69 97 1 1
69 98 1 6
69 99 6 6
70 71 3 7
70 72 4 3
70 73 8 7
70 75 5 5
70 76 10 7
70 77 4 3
70 78 7 8
70 79 3 9
70 80 6 5
70 83 10 1
70 84 7 7
70 85 3 6
70 86 1 9
70 89 5 1
70 90 10 8
70 91 5 8
70 92 10 10
70 93 4 6
70 94 5 2
70 95 8 2
70 97 2 1
70 98 10 5
70 99 4 5
70 100 2 2
71 72 1 5
71 74 3 3
71 75 10 3
71 77 10 2
71 78 3 10
71 79 3 4
71 80 7 7
71 82 2 2
71 83 10 10
71 84 1 9
71 85 6 8
71 86 10 9
71 87 5 10
71 88 10 6
71 89 6 1
71 90 3 6
71 91 9 1
71 92 1 1
71 93 10 7
71 94 6 9
71 95 1 1
71 96 5 5
71 97 4 7
71 98 10 3
71 99 6 10
71 100 6 8
72 73 2 2
72 74 8 5
72 75 2 9
72 76 10 2
72 77 1 5
72 80 5 6
72 81 5 10
72 82 10 7
72 83 2 4
72 84 6 5
72 85 9 6
72 86 4 8
72 87 4 3
72 88 6 8
72 89 4 8
72 91 6 3
72 92 2 2
72 93 6 2
72 94 6 9
72 95 6 1
72 96 6 4
72 98 6 7
72 99 1 8
72 100 1 2
73 74 4 8
73 76 1 10
73 77 10 10
73 78 8 8
73 80 1 1
73 81 1 2
73 82 6 4
73 83 7 3
73 84 1 10
73 85 7 8
73 86 3 4
73 87 2 4
73 88 1 9
73 89 5 2
73 90 5 7
73 91 8 5
73 92 2 5
73 93 4 7
73 94 10 7
73 95 1 7
73 96 8 6
73 98 1 2
73 100 4 4
74 75 9 8
74 77 10 4
74 78 1 3
74 79 1 1
74 81 5 4
74 83 8 10
74 84 2 9
74 86 1 3
74 87 2 7
74 88 8 3
74 91 2 3
74 92 7 3
74 93 1 7
74 94 10 1
74 95 4 7
74 96 5 8
74 98 5 9
74 99 5 5
74 100 7 1
75 76 5 8
75 78 4 8
75 80 9 2
75 81 5 3
75 82 3 3
75 83 2 2
75 84 5 8
75 85 10 6
75 86 3 9
75 87 9 1
75 89 8 9
75 90 2 10
75 91 4 9
75 92 3 10
75 94 9 8
75 95 10 2
75 96 8 9
75 98 1 7
75 100 10 1
76 79 9 4
76 81 8 6
76 82 3 4
76 83 6 6
76 84 1 9
76 86 1 4
76 87 2 6
76 88 1 4
76 89 8 7
76 91 3 1
76 92 9 4
76 93 3 4
76 94 2 7
76 96 1 8
76 98 8 8
76 99 7 1
76 100 10 7
77 78 1 10
77 79 9 1
77 80 10 3
77 81 3 9
77 82 4 10
77 83 9 8
77 84 7 6
77 86 9 3
77 87 5 3
77 88 6 2
77 89 8 5
77 91 8 7
77 92 7 7
77 93 10 1
77 94 6 8
77 95 1 1
77 96 1 3
77 97 1 9
77 99 8 2
77 100 6 7
78 80 8 7
78 81 1 10
78 82 4 10
78 84 9 2
78 85 4 3
78 86 7 10
78 87 2 2
78 89 7 2
78 90 9 6
78 91 1 8
78 92 6 1
78 94 7 6
78 95 10 4
78 96 3 10
78 99 5 9
78 100 7 10
79 80 5 8
79 81 6 4
79 82 2 10
79 83 8 8
79 85 5 1
79 86 9 4
79 87 5 3
79 88 6 4
79 90 7 10
79 91 9 9
79 92 8 9
79 93 8 1
79 94 7 6
79 96 5 5
79 99 8 3
79 100 5 5
80 81 2 6
80 82 4 1
80 83 10 5
80 85 5 2
80 86 9 2
80 87 2 7
80 88 10 1
80 89 8 2
80 90 5 1
80 91 7 9
80 92 2 3
80 95 7 9
80 96 1 6
80 97 9 7
80 98 1 7
80 99 9 7
81 82 1 2
81 83 6 6
81 84 1 6
81 85 1 9
81 87 7 7
81 88 10 10
81 89 2 3
81 90 10 9
81 92 1 9
81 93 1 2
81 96 7 10
81 97 4 3
81 98 9 2
81 99 8 3
82 83 1 7
82 84 5 6
82 85 7 9
82 86 4 4
82 87 5 7
82 88 6 6
82 90 3 7
82 91 8 4
82 92 1 6
82 95 4 1
82 96 7 4
82 97 8 1
82 98 4 5
82 99 2 1
82 100 9 5
83 84 2 7
83 85 10 10
83 86 4 9
83 87 4 7
83 88 10 7
83 89 7 2
83 91 9 1
83 92 2 2
83 93 10 3
83 94 8 3
83 95 9 5
83 96 2 2
83 97 6 2
83 98 4 8
83 99 3 1
83 100 7 4
84 88 9 8
84 90 3 3
84 92 5 8
84 94 4 8
84 95 5 3
84 96 8 5
84 97 7 4
84 98 5 9
84 99 7 2
85 87 7 4
85 88 3 3
85 89 7 3
85 90 9 5
85 91 5 3
85 93 5 1
85 95 4 2
85 96 6 9
85 98 8 3
85 99 3 2
85 100 6 4
86 87 9 4
86 88 6 5
86 89 8 2
86 90 5 8
86 92 5 1
86 93 9 10
86 95 5 9
86 97 7 6
86 98 6 7
86 99 5 2
86 100 9 9
87 89 5 9
87 90 5 7
87 91 10 4
87 92 4 8
87 93 10 2
87 94 2 9
87 95 2 4
87 96 6 5
87 98 10 10
87 99 3 5
88 89 9 5
88 90 5 5
88 92 6 5
88 93 10 2
88 94 1 1
88 95 7 8
88 96 7 8
88 97 9 4
88 98 1 3
88 99 6 2
89 90 10 5
89 91 10 8
89 92 1 4
89 93 8 5
89 94 10 6
89 95 9 8
89 96 3 3
89 97 5 6
89 99 2 9
89 100 3 7
90 91 3 1
90 92 10 10
90 93 5 3
90 94 5 6
90 95 6 7
90 97 8 5
90 98 3 6
90 99 6 4
90 100 1 6
91 92 5 2
91 93 3 1
91 94 7 9
91 95 8 8
91 97 10 6
91 98 10 2
91 99 8 6
92 93 6 9
92 95 8 5
92 96 6 5
92 97 3 1
92 98 8 5
92 99 1 8
92 100 4 1
93 94 1 9
93 95 10 5
93 96 1 5
93 98 9 7
93 99 10 10
94 95 9 9
94 97 8 3
94 98 5 5
94 99 10 1
94 100 9 2
95 98 7 8
95 99 1 10
95 100 1 7
96 97 10 7
96 98 1 8
96 99 5 3
96 100 4 7
97 99 2 4
97 100 5 5
98 99 2 10
98 100 9 4
99 100 2 4
1
1 2 3 4 5 6 7 8 9 10 11 12 13 14 15 16 17 18 19 20 21 22 23 24 25 26 27 28 29 30 31 32 33 34 35 36 37 38 39 40 41 42 43 44 45 46 47 48 49 50
