3986
1 2 5 4
1 3 2 3
1 4 8 9
1 5 8 8
1 6 9 5
1 7 6 5
1 9 10 9
1 10 2 1
1 11 6 5
1 13 4 1
1 14 9 10
1 15 5 7
1 16 9 2
1 17 10 1
1 18 7 1
1 20 1 3
1 21 5 2
1 22 10 10
1 23 5 4
1 24 10 2
1 25 1 6
1 26 10 8
1 27 5 1
1 28 10 2
1 29 8 4
1 31 3 8
1 32 7 8
1 34 3 6
1 35 3 6
1 37 10 4
1 38 3 5
1 39 5 8
1 40 4 3
1 42 9 3
1 43 4 6
1 44 3 6
1 45 5 7
1 46 10 9
1 47 5 3
1 48 6 4
1 49 4 4
1 50 5 8
1 51 8 4
1 54 7 4
1 55 6 3
1 58 5 5
1 59 1 9
1 60 10 3
1 61 10 6
1 63 10 2
1 64 9 1
1 65 5 5
1 66 2 2
1 68 2 10
1 69 7 8
1 70 8 3
1 71 2 9
1 72 3 6
1 74 10 7
1 75 6 2
1 76 9 2
1 77 5 3
1 78 1 5
1 79 4 1
1 80 9 6
1 81 10 4
1 82 8 1
1 83 1 4
1 84 5 7
1 85 2 6
1 86 10 6
1 87 9 3
1 88 7 4
1 89 8 6
1 90 7 3
1 91 2 1
1 92 8 6
1 94 7 8
1 95 7 1
1 96 2 8
1 97 1 8
1 98 6 8
1 99 9 8
1 100 4 5
2 4 2 3
2 5 10 3
2 6 3 1
2 7 5 10
2 8 5 4
2 9 10 5
2 10 9 4
2 12 6 2
2 13 8 8
2 15 7 4
2 16 1 3
2 19 8 1
2 20 1 6
2 21 2 2
2 24 1 1
2 26 5 5
2 27 5 6
2 29 10 6
2 32 5 1
2 34 3 1
2 35 3 8
2 36 7 9
2 37 1 5
2 38 4 9
2 40 5 7
2 41 8 5
2 43 6 9
2 44 5 10
2 45 7 9
2 46 9 5
2 47 10 9
2 48 5 9
2 50 7 3
2 51 2 10
2 52 10 5
2 53 10 6
2 54 3 7
2 55 6 8
2 56 10 8
2 57 7 3
2 58 6 4
2 59 2 3
2 60 9 9
2 61 6 4
2 62 3 1
2 63 2 2
2 65 4 1
2 66 3 5
2 67 9 9
2 68 8 10
2 69 9 9
2 70 9 9
2 71 7 2
2 72 8 1
2 73 9 6
2 74 9 8
2 75 7 3
2 76 3 7
2 77 10 5
2 78 3 10
2 79 1 6
2 80 6 5
2 81 6 2
2 82 4 2
2 84 8 7
2 85 7 7
2 86 9 7
2 87 6 4
2 88 5 5
2 89 6 7
2 91 10 10
2 93 4 8
2 97 2 9
2 98 4 2
2 99 10 5
2 100 10 9
3 4 6 4
3 5 3 3
3 6 1 8
3 7 1 1
3 9 8 2
3 10 10 9
3 11 3 3
3 12 8 9
3 13 7 4
3 14 2 7
3 15 6 10
3 16 10 5
3 17 3 1
3 18 5 6
3 19 2 1
3 20 2 3
3 21 1 1
3 22 5 1
3 23 8 1
3 25 9 2
3 26 1 3
3 27 6 2
3 30 9 5
3 34 8 2
3 35 6 1
3 36 4 10
3 37 5 7
3 39 7 10
3 41 2 9
3 43 6 4
3 44 5 9
3 45 5 3
3 46 4 10
3 47 2 10
3 48 3 7
3 50 1 4
3 51 5 3
3 52 2 5
3 53 9 3
3 54 3 6
3 55 4 9
3 56 8 7
3 57 3 10
3 59 8 10
3 61 8 3
3 62 9 7
3 64 6 2
3 66 4 1
3 68 9 1
3 70 3 4
3 71 10 10
3 72 8 10
3 74 5 10
3 75 2 3
3 76 10 9
3 77 6 2
3 78 4 9
3 79 6 8
3 80 6 10
3 81 3 2
3 84 1 5
3 85 6 2
3 87 1 7
3 88 8 10
3 89 4 7
3 90 5 8
3 91 2 2
3 92 7 1
3 93 5 1
3 94 2 9
3 95 6 10
3 98 7 10
3 99 3 2
3 100 5 5
4 5 10 7
4 6 10 2
4 7 4 2
4 8 8 5
4 9 3 4
4 11 1 1
4 12 5 7
4 14 9 7
4 15 5 10
4 16 5 1
4 17 10 5
4 18 10 10
4 20 5 10
4 21 3 4
4 22 4 8
4 23 4 2
4 24 9 9
4 25 7 9
4 28 9 2
4 29 10 6
4 30 9 3
4 32 7 4
4 34 10 5
4 39 5 8
4 40 1 10
4 42 7 8
4 43 6 9
4 45 10 5
4 46 1 8
4 47 3 9
4 48 8 9
4 49 9 5
4 50 7 8
4 51 10 3
4 52 7 5
4 53 2 8
4 55 6 10
4 56 7 2
4 57 3 8
4 58 4 5
4 59 8 6
4 60 1 2
4 61 3 3
4 63 2 10
4 64 3 9
4 65 8 8
4 66 9 6
4 67 1 8
4 68 7 3
4 69 6 9
4 70 9 5
4 71 7 4
4 72 2 5
4 73 6 9
4 74 7 4
4 75 3 5
4 77 1 7
4 78 1 5
4 79 2 6
4 80 6 5
4 81 1 7
4 82 7 2
4 83 9 10
4 84 4 6
4 86 10 4
4 87 1 2
4 88 3 7
4 89 8 1
4 90 4 8
4 91 3 2
4 92 2 6
4 94 7 2
4 95 7 7
4 96 9 10
4 97 5 5
4 98 2 8
4 99 3 9
4 100 9 10
5 8 3 1
5 9 3 1
5 10 1 2
5 11 1 8
5 12 1 2
5 13 2 1
5 14 6 10
5 15 9 7
5 16 9 6
5 17 9 9
5 18 5 6
5 20 3 8
5 21 8 5
5 22 10 6
5 23 8 6
5 24 10 5
5 25 9 3
5 26 3 10
5 27 3 9
5 29 10 10
5 30 7 1
5 32 7 2
5 33 5 5
5 35 8 9
5 38 10 4
5 40 10 9
5 42 9 2
5 43 10 6
5 44 9 3
5 45 9 4
5 46 6 5
5 47 5 4
5 48 9 1
5 50 9 9
5 51 6 10
5 52 6 1
5 53 10 9
5 54 6 10
5 55 4 3
5 56 4 5
5 57 5 6
5 59 8 5
5 60 1 2
5 61 3 2
5 62 7 10
5 63 1 2
5 64 9 4
5 65 7 9
5 66 7 5
5 67 7 2
5 68 1 8
5 70 5 5
5 71 10 7
5 73 9 2
5 75 4 3
5 76 8 1
5 77 8 10
5 78 10 4
5 79 10 4
5 80 2 6
5 82 3 2
5 83 6 10
5 84 6 6
5 85 6 10
5 87 9 9
5 88 10 8
5 89 5 1
5 90 5 4
5 91 5 3
5 92 3 4
5 93 8 6
5 96 10 4
5 97 6 4
5 99 10 8
5 100 6 3
6 7 7 5
6 8 7 4
6 9 6 1
6 11 8 7
6 13 9 4
6 14 7 2
6 15 3 10
6 16 9 5
6 17 7 3
6 18 9 4
6 20 4 8
6 21 1 10
6 22 10 8
6 23 8 2
6 24 4 10
6 27 2 8
6 29 4 4
6 30 1 7
6 31 7 4
6 32 9 1
6 33 2 6
6 34 6 9
6 35 4 8
6 36 9 6
6 37 8 1
6 38 1 7
6 39 4 10
6 40 5 6
6 41 2 1
6 42 9 5
6 43 1 2
6 44 10 3
6 45 4 2
6 46 6 9
6 47 5 3
6 48 9 6
6 49 6 9
6 50 7 8
6 51 7 2
6 52 2 10
6 53 8 6
6 54 10 1
6 55 7 1
6 59 9 10
6 60 3 6
6 62 1 10
6 63 1 3
6 65 3 7
6 66 2 10
6 67 2 10
6 70 3 8
6 71 2 2
6 72 10 4
6 73 10 4
6 74 1 9
6 76 3 6
6 77 9 1
6 78 7 4
6 80 4 7
6 81 6 4
6 82 10 2
6 83 5 1
6 84 9 6
6 85 5 8
6 86 1 6
6 87 7 5
6 88 2 9
6 89 9 8
6 90 1 6
6 91 6 10
6 92 10 9
6 93 7 4
6 94 5 7
6 95 3 8
6 96 3 7
6 97 9 2
6 98 5 7
6 99 3 6
7 9 2 5
7 10 3 7
7 11 9 2
7 12 7 1
7 13 6 7
7 15 2 2
7 16 10 10
7 17 2 3
7 18 10 1
7 19 7 6
7 20 1 8
7 21 6 6
7 22 7 4
7 23 6 6
7 25 9 3
7 26 7 7
7 27 4 9
7 29 4 3
7 31 1 4
7 32 3 2
7 35 9 1
7 37 8 7
7 38 6 6
7 39 6 7
7 40 8 6
7 41 9 10
7 42 4 5
7 44 10 10
7 45 2 1
7 46 10 9
7 47 5 6
7 50 8 9
7 51 1 2
7 52 3 8
7 55 2 3
7 56 5 8
7 57 9 4
7 60 9 6
7 61 2 8
7 62 8 1
7 63 4 2
7 64 9 3
7 66 3 8
7 67 1 10
7 72 8 2
7 73 6 3
7 74 4 7
7 75 8 8
7 77 1 5
7 78 7 6
7 80 5 8
7 81 10 3
7 82 1 4
7 83 7 8
7 84 1 4
7 85 4 5
7 86 5 1
7 87 10 2
7 88 5 1
7 89 3 8
7 90 3 1
7 91 1 6
7 92 4 8
7 93 4 10
7 94 5 10
7 95 2 4
7 96 6 6
7 97 6 6
7 98 4 6
7 99 7 2
7 100 5 1
8 10 6 5
8 11 1 9
8 12 10 10
8 13 4 5
8 14 5 3
8 15 10 7
8 16 7 9
8 17 7 9
8 18 5 8
8 19 8 4
8 20 7 6
8 21 2 10
8 22 4 9
8 23 3 3
8 24 6 9
8 25 4 7
8 27 5 3
8 28 5 2
8 30 7 10
8 31 6 6
8 32 1 1
8 33 2 7
8 35 5 5
8 36 5 7
8 37 4 7
8 38 8 8
8 39 8 1
8 41 8 9
8 42 7 1
8 43 2 8
8 44 6 8
8 47 6 5
8 49 1 4
8 50 4 3
8 51 4 4
8 52 6 7
8 53 9 10
8 54 10 2
8 55 10 7
8 56 6 9
8 57 10 6
8 58 6 10
8 59 1 2
8 60 7 6
8 61 2 10
8 62 3 7
8 63 7 2
8 64 10 2
8 65 8 1
8 68 2 5
8 69 9 10
8 70 2 9
8 72 5 8
8 73 5 10
8 76 10 3
8 77 8 10
8 78 1 3
8 81 9 4
8 83 4 10
8 84 9 4
8 85 6 1
8 86 8 4
8 87 1 8
8 88 4 7
8 89 9 9
8 90 1 9
8 91 6 3
8 92 3 3
8 93 4 2
8 94 6 1
8 95 1 2
8 96 5 3
8 98 2 2
8 99 10 8
8 100 6 7
9 10 6 3
9 11 9 1
9 12 7 10
9 13 3 4
9 14 10 9
9 17 9 7
9 19 5 2
9 21 9 8
9 22 10 9
9 23 8 4
9 24 9 7
9 25 4 2
9 26 6 7
9 27 10 1
9 28 7 6
9 29 7 7
9 30 10 1
9 31 10 10
9 32 10 2
9 33 4 8
9 34 7 7
9 36 2 7
9 37 6 9
9 38 2 10
9 39 8 10
9 40 7 2
9 41 2 8
9 42 1 5
9 43 9 8
9 45 7 10
9 46 5 6
9 48 1 3
9 49 3 6
9 50 2 2
9 51 1 9
9 54 1 1
9 55 5 5
9 56 9 6
9 57 9 2
9 58 5 3
9 59 9 2
9 60 7 3
9 62 5 7
9 63 2 1
9 64 10 1
9 65 2 3
9 67 2 10
9 68 5 2
9 69 7 8
9 70 3 9
9 71 3 8
9 73 9 8
9 74 7 3
9 76 7 1
9 77 9 8
9 78 4 2
9 79 1 10
9 80 6 8
9 81 3 5
9 82 6 5
9 83 7 2
9 84 7 6
9 85 2 3
9 86 3 5
9 88 1 7
9 89 4 2
9 90 1 9
9 91 5 4
9 93 1 2
9 94 1 8
9 95 3 4
9 96 9 2
9 97 4 9
9 99 9 5
9 100 2 6
10 11 10 1
10 12 6 4
10 13 2 9
10 14 6 9
10 16 1 1
10 17 4 6
10 18 7 4
10 19 7 7
10 20 9 10
10 21 4 1
10 23 6 10
10 24 5 2
10 25 5 7
10 26 10 5
10 27 2 6
10 28 5 8
10 29 9 1
10 30 2 7
10 31 5 5
10 32 1 8
10 34 9 9
10 35 6 2
10 36 3 4
10 37 8 9
10 39 4 2
10 40 2 6
10 41 4 5
10 43 2 7
10 44 10 2
10 45 9 6
10 46 6 4
10 48 8 3
10 49 1 4
10 53 4 10
10 54 2 4
10 55 1 4
10 57 10 10
10 58 3 3
10 59 5 10
10 61 6 8
10 62 4 3
10 64 9 10
10 65 8 2
10 66 2 10
10 67 1 1
10 68 10 10
10 69 2 6
10 70 1 10
10 71 5 9
10 72 1 6
10 73 1 6
10 74 1 5
10 75 3 5
10 76 1 6
10 77 5 5
10 79 4 10
10 80 7 1
10 82 2 1
10 83 7 5
10 84 5 10
10 85 6 4
10 88 3 4
10 89 3 10
10 90 3 3
10 92 1 5
10 93 8 10
10 95 9 7
10 96 9 4
10 97 10 9
10 99 4 2
10 100 8 10
11 12 3 4
11 13 4 4
11 14 8 1
11 15 9 10
11 16 3 10
11 18 9 10
11 21 6 9
11 23 4 10
11 24 8 2
11 25 9 2
11 26 9 9
11 27 3 5
11 28 4 5
11 29 3 7
11 30 5 8
11 31 9 9
11 32 8 5
11 33 6 1
11 34 2 4
11 35 5 4
11 36 10 6
11 37 6 5
11 38 5 4
11 39 1 10
11 40 1 9
11 42 10 2
11 43 9 6
11 44 4 1
11 45 9 5
11 46 10 10
11 47 5 5
11 48 1 10
11 49 9 10
11 51 5 6
11 52 9 6
11 53 9 9
11 54 3 6
11 55 5 7
11 56 10 9
11 57 9 7
11 58 2 4
11 59 2 8
11 60 10 8
11 61 2 7
11 62 5 9
11 66 8 5
11 68 2 5
11 69 2 7
11 70 4 10
11 71 4 3
11 72 4 7
11 73 7 10
11 74 6 6
11 75 3 10
11 76 6 10
11 77 8 9
11 79 2 8
11 81 8 10
11 82 6 1
11 83 4 8
11 85 2 3
11 86 2 3
11 87 3 10
11 88 2 7
11 89 2 4
11 90 9 9
11 91 8 3
11 92 6 7
11 93 10 2
11 94 5 5
11 95 5 3
11 96 5 4
11 97 3 7
11 98 10 5
12 13 6 6
12 16 3 3
12 17 10 1
12 18 3 7
12 19 7 9
12 22 6 4
12 24 2 5
12 25 1 10
12 26 9 1
12 27 5 6
12 28 1 1
12 29 6 4
12 31 10 3
12 34 1 8
12 35 1 2
12 36 4 3
12 37 1 9
12 38 2 10
12 39 4 5
12 40 5 5
12 41 6 7
12 43 4 8
12 44 9 2
12 45 7 9
12 46 9 4
12 48 1 7
12 50 6 2
12 51 6 9
12 52 10 1
12 53 8 6
12 54 6 9
12 55 4 6
12 56 4 4
12 57 7 1
12 58 4 4
12 59 10 9
12 60 4 5
12 62 8 4
12 63 6 1
12 64 4 5
12 65 10 10
12 67 2 10
12 68 9 9
12 71 3 7
12 72 2 1
12 73 5 8
12 74 8 5
12 75 3 1
12 76 3 6
12 77 2 7
12 78 1 5
12 79 2 9
12 80 7 9
12 81 10 1
12 82 4 10
12 83 8 2
12 84 5 6
12 85 5 2
12 86 9 5
12 87 10 7
12 88 7 1
12 89 4 5
12 90 2 9
12 91 1 9
12 93 4 9
12 94 7 4
12 95 5 8
12 97 9 5
12 99 9 10
12 100 9 2
13 14 2 9
13 15 9 2
13 17 4 3
13 18 2 8
13 19 10 2
13 21 5 10
13 22 7 5
13 24 6 6
13 26 7 10
13 27 1 8
13 29 5 9
13 30 1 7
13 31 2 7
13 32 4 6
13 33 10 3
13 34 9 4
13 35 4 6
13 36 4 1
13 37 1 5
13 38 7 4
13 39 6 4
13 41 9 5
13 42 5 3
13 43 10 5
13 44 2 9
13 45 9 1
13 46 8 9
13 49 1 5
13 50 1 8
13 51 1 1
13 52 7 9
13 53 7 4
13 55 8 9
13 56 8 3
13 57 4 8
13 58 8 2
13 59 8 7
13 60 7 2
13 63 2 9
13 64 7 7
13 65 6 8
13 66 1 10
13 67 4 2
13 68 6 10
13 69 3 5
13 70 5 3
13 71 6 6
13 72 9 5
13 74 5 2
13 75 9 4
13 76 10 2
13 77 8 1
13 78 5 6
13 80 1 9
13 81 1 9
13 82 6 2
13 83 4 4
13 84 7 8
13 85 7 8
13 86 8 7
13 87 8 1
13 88 10 1
13 89 3 9
13 90 1 2
13 91 2 6
13 92 4 5
13 93 7 9
13 95 9 4
13 96 7 9
13 97 6 5
13 99 5 7
13 100 4 1
14 15 8 5
14 16 7 3
14 17 9 2
14 19 1 3
14 21 9 1
14 22 3 6
14 24 4 2
14 25 9 1
14 27 4 7
14 29 2 4
14 30 10 4
14 31 8 3
14 32 2 4
14 35 8 6
14 36 2 4
14 37 1 4
14 38 5 8
14 39 7 8
14 41 8 10
14 42 2 5
14 43 9 2
14 44 8 6
14 45 8 8
14 46 4 1
14 47 2 6
14 50 8 10
14 51 6 8
14 52 5 3
14 53 6 4
14 54 4 10
14 55 2 7
14 56 7 10
14 57 9 4
14 59 2 2
14 60 4 9
14 61 2 9
14 62 5 5
14 63 8 4
14 64 4 10
14 65 6 2
14 66 7 8
14 67 2 3
14 68 3 4
14 69 7 8
14 70 4 6
14 71 9 7
14 72 5 8
14 73 8 2
14 74 8 5
14 75 10 4
14 76 1 8
14 78 1 9
14 80 3 9
14 81 6 3
14 82 6 5
14 83 8 9
14 84 5 7
14 85 4 2
14 86 5 8
14 87 3 4
14 88 8 3
14 89 9 3
14 90 10 2
14 91 7 4
14 92 3 1
14 93 2 2
14 95 10 5
14 96 2 1
14 98 2 9
14 100 6 3
15 16 1 4
15 17 7 3
15 18 10 10
15 19 5 9
15 20 2 5
15 22 7 7
15 23 1 5
15 24 9 3
15 25 4 5
15 26 3 5
15 27 2 2
15 29 6 1
15 30 9 3
15 31 4 3
15 32 6 2
15 33 10 5
15 35 3 2
15 36 3 4
15 37 3 1
15 39 10 1
15 40 5 9
15 41 8 5
15 43 2 10
15 45 7 6
15 46 1 2
15 47 5 2
15 49 5 10
15 51 7 7
15 52 8 4
15 53 2 7
15 54 1 7
15 56 5 8
15 59 5 10
15 60 9 9
15 61 6 4
15 62 7 2
15 63 6 8
15 64 8 7
15 66 7 10
15 67 6 3
15 68 9 10
15 69 6 10
15 70 2 7
15 71 8 2
15 73 5 7
15 74 10 8
15 75 3 10
15 76 9 6
15 77 6 1
15 78 8 3
15 79 2 2
15 80 6 1
15 81 6 2
15 82 6 6
15 83 1 10
15 84 10 3
15 85 6 9
15 86 3 2
15 87 10 3
15 88 2 10
15 89 9 7
15 90 10 7
15 91 4 8
15 93 8 4
15 94 1 4
15 95 10 2
15 96 8 9
15 97 1 5
15 98 6 5
15 99 8 8
15 100 10 5
16 17 9 3
16 18 6 2
16 19 3 6
16 20 4 5
16 21 9 7
16 23 6 2
16 24 4 7
16 26 7 7
16 27 1 7
16 28 9 2
16 29 7 2
16 30 8 9
16 31 9 2
16 32 4 7
16 33 7 4
16 34 2 2
16 35 7 1
16 36 8 3
16 37 9 4
16 38 7 9
16 39 8 7
16 40 1 10
16 41 9 9
16 42 2 9
16 43 1 10
16 44 5 4
16 45 5 6
16 46 3 6
16 47 10 9
16 48 2 8
16 49 9 3
16 50 7 6
16 51 3 7
16 54 4 7
16 56 1 6
16 58 8 5
16 59 6 6
16 60 3 5
16 63 8 5
16 65 5 9
16 67 2 4
16 68 9 3
16 69 10 2
16 73 2 10
16 74 4 5
16 75 1 5
16 77 9 4
16 78 2 4
16 80 4 6
16 81 5 9
16 82 6 8
16 83 5 2
16 84 5 6
16 86 8 5
16 89 1 10
16 90 8 4
16 92 5 7
16 93 8 2
16 94 3 2
16 95 10 6
16 97 1 1
16 98 9 10
16 99 2 4
17 18 7 6
17 19 6 10
17 20 10 9
17 23 9 2
17 24 1 8
17 25 3 10
17 26 2 9
17 27 9 4
17 29 6 5
17 30 4 10
17 31 6 4
17 32 6 3
17 33 8 1
17 34 5 2
17 36 8 6
17 37 2 4
17 38 10 1
17 39 6 7
17 40 6 7
17 41 1 5
17 42 2 7
17 44 6 4
17 47 7 2
17 48 9 8
17 49 2 8
17 50 6 10
17 51 5 7
17 52 10 3
17 53 4 8
17 56 10 6
17 58 6 10
17 59 3 10
17 60 8 10
17 61 8 6
17 62 7 7
17 64 3 2
17 65 2 1
17 66 8 6
17 67 4 9
17 68 7 4
17 70 10 2
17 72 3 8
17 73 8 3
17 74 10 1
17 75 2 3
17 76 6 7
17 77 2 6
17 78 6 2
17 82 8 8
17 83 7 10
17 84 4 7
17 85 4 8
17 86 2 8
17 89 7 6
17 90 3 1
17 91 10 3
17 92 2 9
17 94 1 4
17 95 2 9
17 97 3 5
17 98 8 8
17 99 6 8
17 100 1 5
18 19 2 3
18 21 1 7
18 22 1 10
18 23 2 7
18 24 8 7
18 26 1 8
18 27 8 10
18 28 3 6
18 29 6 2
18 30 6 10
18 31 4 6
18 32 5 7
18 33 9 5
18 34 8 8
18 35 6 5
18 36 6 7
18 38 9 5
18 39 10 2
18 40 6 2
18 42 1 5
18 43 1 8
18 44 5 6
18 45 7 7
18 46 2 3
18 47 5 9
18 48 10 9
18 49 8 7
18 50 6 3
18 51 9 9
18 53 3 4
18 54 6 5
18 55 4 4
18 57 2 6
18 58 10 3
18 59 6 4
18 60 10 9
18 61 8 7
18 62 8 5
18 63 6 8
18 64 7 5
18 65 6 2
18 67 10 9
18 68 9 10
18 69 3 6
18 70 10 1
18 72 6 9
18 73 10 4
18 74 6 1
18 75 3 2
18 77 7 9
18 78 1 7
18 79 3 1
18 80 1 10
18 81 4 6
18 82 10 10
18 84 9 4
18 85 3 6
18 86 5 3
18 88 10 8
18 89 4 9
18 90 4 2
18 91 6 1
18 92 1 4
18 93 5 3
18 94 1 10
18 95 9 7
18 96 3 8
18 97 9 1
18 98 4 1
18 99 3 6
19 20 3 3
19 23 2 9
19 24 1 3
19 25 1 5
19 26 9 6
19 27 4 10
19 28 3 6
19 29 5 8
19 30 7 5
19 31 3 2
19 33 10 10
19 34 3 1
19 36 10 5
19 39 2 1
19 40 4 2
19 41 10 6
19 42 1 6
19 43 7 9
19 44 7 1
19 45 9 10
19 47 1 2
19 48 8 6
19 49 3 4
19 50 6 8
19 51 1 7
19 52 8 4
19 53 6 9
19 54 8 4
19 56 6 10
19 57 5 6
19 58 1 1
19 60 1 3
19 64 7 2
19 65 3 9
19 66 1 4
19 67 3 4
19 68 5 4
19 70 4 3
19 71 4 4
19 72 10 8
19 73 4 10
19 74 8 3
19 75 2 6
19 77 6 5
19 78 7 2
19 79 2 9
19 80 3 5
19 81 3 5
19 84 7 3
19 85 3 2
19 86 4 5
19 87 8 3
19 88 3 10
19 89 4 10
19 90 4 10
19 91 9 5
19 92 7 3
19 93 3 6
19 94 6 10
19 95 3 4
19 96 3 3
19 97 6 6
19 98 9 8
19 99 7 6
19 100 8 9
20 21 2 7
20 22 2 5
20 23 7 1
20 24 3 4
20 25 7 10
20 27 1 10
20 28 5 5
20 29 7 9
20 30 1 5
20 32 6 8
20 33 4 8
20 35 3 5
20 37 4 6
20 38 3 9
20 39 2 6
20 40 3 7
20 41 5 1
20 43 7 3
20 44 8 9
20 45 10 3
20 47 3 3
20 48 9 9
20 49 8 8
20 50 10 6
20 51 6 7
20 52 2 6
20 53 8 7
20 54 3 9
20 55 8 4
20 56 1 1
20 57 6 5
20 58 7 5
20 59 7 1
20 60 8 2
20 62 4 9
20 63 10 5
20 64 5 2
20 65 1 9
20 66 7 5
20 68 3 10
20 69 10 6
20 70 3 8
20 71 9 5
20 73 8 9
20 75 8 2
20 77 4 1
20 78 3 2
20 79 5 6
20 80 7 8
20 81 1 4
20 82 9 8
20 83 7 8
20 84 5 7
20 85 5 3
20 86 10 3
20 87 10 2
20 88 2 10
20 89 9 4
20 90 10 3
20 91 9 7
20 93 2 1
20 94 4 9
20 95 5 8
20 96 2 9
20 97 3 4
20 98 6 4
20 99 9 5
20 100 9 5
21 22 9 9
21 23 7 10
21 25 1 4
21 26 6 5
21 28 6 6
21 29 8 5
21 30 9 5
21 31 5 8
21 32 8 1
21 33 9 1
21 35 5 3
21 36 1 10
21 37 4 4
21 38 6 1
21 40 1 10
21 41 6 10
21 42 2 7
21 44 10 10
21 47 1 9
21 48 3 3
21 49 8 1
21 50 6 4
21 51 3 2
21 52 2 6
21 54 1 7
21 55 10 7
21 57 10 3
21 58 7 2
21 60 8 3
21 61 10 2
21 62 5 6
21 63 7 2
21 64 3 8
21 65 3 6
21 66 7 8
21 68 6 10
21 69 6 6
21 70 6 3
21 71 10 1
21 72 6 2
21 74 7 2
21 75 3 8
21 76 10 8
21 78 8 9
21 80 7 4
21 81 5 3
21 82 5 10
21 83 7 4
21 84 7 10
21 86 1 4
21 88 3 8
21 89 5 3
21 90 2 9
21 91 2 7
21 92 2 4
21 94 9 5
21 95 9 4
21 96 3 1
21 99 7 10
21 100 9 7
22 23 3 2
22 24 5 1
22 25 9 1
22 26 10 1
22 27 8 5
22 28 6 1
22 29 6 6
22 30 4 3
22 31 8 10
22 32 7 8
22 33 8 9
22 34 1 3
22 35 7 1
22 37 4 7
22 38 7 10
22 39 10 3
22 40 1 4
22 41 9 7
22 46 4 5
22 47 8 10
22 48 6 4
22 49 9 7
22 50 1 4
22 53 5 9
22 54 1 10
22 55 3 5
22 57 9 9
22 58 6 8
22 61 8 8
22 63 9 8
22 67 2 6
22 69 5 5
22 70 9 2
22 72 8 2
22 73 6 1
22 75 2 3
22 76 8 4
22 77 6 1
22 78 1 9
22 79 6 5
22 82 1 3
22 83 9 9
22 84 9 1
22 85 10 5
22 86 10 3
22 87 3 2
22 90 7 2
22 91 1 1
22 93 2 10
22 95 1 3
22 96 5 4
22 97 9 2
22 98 1 5
22 99 4 8
23 24 2 1
23 25 10 10
23 26 8 7
23 30 1 5
23 31 7 5
23 32 9 7
23 33 1 9
23 34 4 10
23 35 9 6
23 36 8 1
23 37 6 8
23 38 10 7
23 40 8 7
23 41 1 10
23 42 1 2
23 44 1 5
23 45 8 8
23 46 9 8
23 47 8 3
23 48 5 3
23 49 9 10
23 50 6 10
23 51 2 1
23 52 1 10
23 53 5 1
23 54 1 6
23 56 5 2
23 57 5 3
23 58 7 2
23 61 10 9
23 64 6 3
23 66 6 7
23 67 8 9
23 68 3 4
23 69 1 8
23 71 6 8
23 72 7 10
23 73 9 2
23 74 6 2
23 75 1 8
23 76 1 1
23 78 1 5
23 79 8 4
23 81 2 8
23 82 10 1
23 83 1 7
23 84 10 7
23 85 1 6
23 89 9 1
23 90 4 9
23 93 4 1
23 94 6 4
23 95 1 10
23 96 1 2
23 97 6 9
23 98 5 5
23 99 10 8
23 100 4 10
24 25 8 4
24 27 8 1
24 28 9 1
24 29 9 7
24 31 6 10
24 32 9 8
24 33 9 10
24 34 7 5
24 35 9 9
24 36 5 6
24 37 10 8
24 38 5 7
24 39 9 1
24 40 10 7
24 41 9 9
24 42 4 10
24 44 9 6
24 46 2 8
24 47 4 6
24 48 5 8
24 49 2 3
24 50 2 6
24 51 2 5
24 52 6 6
24 53 3 3
24 54 5 2
24 55 10 7
24 56 2 6
24 57 4 8
24 58 3 3
24 59 1 7
24 60 3 9
24 61 1 4
24 62 9 10
24 63 7 10
24 64 10 10
24 66 4 7
24 67 4 6
24 68 10 1
24 69 2 3
24 71 1 5
24 72 1 1
24 73 3 1
24 74 4 3
24 75 1 4
24 76 4 5
24 77 5 6
24 78 5 10
24 79 1 7
24 80 5 10
24 81 8 9
24 82 10 10
24 83 5 3
24 84 6 4
24 85 6 1
24 86 9 5
24 87 9 8
24 88 4 9
24 89 4 7
24 90 4 7
24 92 1 6
24 93 5 9
24 95 3 5
24 96 8 5
24 97 3 2
24 98 5 10
24 99 8 2
24 100 2 3
25 26 7 1
25 27 2 7
25 28 5 4
25 29 2 8
25 32 1 3
25 33 3 3
25 34 7 2
25 35 2 7
25 36 2 1
25 37 6 4
25 38 8 6
25 40 10 1
25 41 1 9
25 44 1 6
25 45 7 7
25 46 9 10
25 47 5 9
25 48 1 10
25 49 7 5
25 50 9 4
25 51 5 9
25 53 9 5
25 54 5 1
25 55 10 3
25 56 1 9
25 57 10 5
25 58 6 5
25 60 2 6
25 61 7 7
25 63 10 9
25 64 10 6
25 65 9 2
25 66 10 4
25 67 2 2
25 68 8 7
25 69 10 1
25 70 6 9
25 71 3 10
25 72 9 6
25 73 8 10
25 74 8 8
25 75 1 3
25 76 8 7
25 77 3 5
25 78 2 1
25 79 6 1
25 80 5 10
25 82 1 10
25 83 4 9
25 84 7 5
25 87 7 1
25 88 3 10
25 89 9 9
25 90 10 4
25 91 4 7
25 92 7 3
25 93 10 3
25 96 2 5
25 99 9 6
25 100 1 1
26 27 10 10
26 28 3 5
26 29 1 10
26 30 6 9
26 31 5 1
26 32 7 9
26 33 5 4
26 34 8 4
26 36 10 8
26 37 4 1
26 38 5 9
26 39 2 3
26 40 4 5
26 41 7 10
26 42 6 5
26 44 4 5
26 45 1 6
26 46 8 10
26 47 4 5
26 48 7 1
26 49 1 5
26 50 5 2
26 51 8 9
26 52 5 4
26 53 2 2
26 54 7 8
26 55 6 1
26 56 2 6
26 57 2 7
26 58 1 7
26 59 6 4
26 60 6 5
26 61 6 4
26 62 2 8
26 64 5 9
26 65 3 4
26 67 7 10
26 68 1 8
26 69 3 8
26 70 8 2
26 71 7 2
26 72 9 3
26 73 8 2
26 74 4 4
26 76 2 10
26 77 6 7
26 78 8 7
26 79 9 1
26 80 4 2
26 81 8 2
26 82 7 9
26 83 5 5
26 85 3 8
26 86 4 5
26 87 5 7
26 88 5 10
26 89 4 3
26 90 9 8
26 91 7 7
26 92 3 4
26 93 8 3
26 94 4 2
26 95 2 6
26 96 3 8
26 97 2 8
26 98 7 8
26 99 2 2
26 100 7 2
27 28 8 1
27 29 5 6
27 30 4 9
27 31 4 8
27 32 8 3
27 34 1 3
27 36 3 6
27 37 1 5
27 38 9 5
27 39 5 1
27 41 1 1
27 42 3 8
27 43 4 5
27 44 10 8
27 45 3 5
27 46 5 10
27 47 3 6
27 48 10 10
27 49 1 3
27 50 3 9
27 51 2 3
27 53 7 7
27 54 10 7
27 55 6 3
27 56 1 9
27 57 4 4
27 59 10 2
27 60 4 6
27 61 4 7
27 62 6 4
27 63 4 3
27 64 1 5
27 65 10 10
27 66 10 8
27 69 1 2
27 70 8 10
27 71 5 2
27 73 9 3
27 75 5 9
27 76 2 8
27 78 2 2
27 79 4 8
27 81 2 6
27 83 2 8
27 84 1 9
27 85 6 8
27 86 10 5
27 87 6 3
27 88 7 5
27 89 3 9
27 90 7 6
27 91 9 5
27 92 8 3
27 93 7 6
27 94 1 5
27 98 6 10
27 100 7 3
28 29 6 9
28 31 1 7
28 32 5 9
28 33 1 3
28 35 3 10
28 36 1 8
28 37 5 4
28 38 7 1
28 39 10 10
28 40 9 2
28 41 7 4
28 42 3 4
28 43 1 5
28 44 5 10
28 45 4 4
28 48 10 5
28 50 4 2
28 51 7 1
28 52 6 5
28 54 3 2
28 55 9 8
28 57 5 5
28 58 8 6
28 59 5 3
28 61 10 8
28 62 9 9
28 63 2 4
28 64 8 1
28 67 3 9
28 68 4 10
28 69 4 4
28 70 9 4
28 71 6 2
28 73 9 10
28 74 1 7
28 75 8 1
28 76 8 9
28 78 6 4
28 79 4 1
28 80 1 1
28 81 1 6
28 82 6 6
28 83 6 5
28 84 1 5
28 85 2 6
28 86 7 8
28 87 1 1
28 88 6 8
28 89 2 4
28 90 1 5
28 91 8 7
28 92 3 3
28 93 2 7
28 95 6 4
28 97 4 2
28 98 2 2
28 99 7 8
28 100 8 5
29 30 9 5
29 31 8 4
29 32 2 9
29 33 5 4
29 35 2 10
29 36 3 5
29 37 6 1
29 38 4 5
29 39 8 4
29 40 1 1
29 41 4 1
29 42 2 3
29 43 10 6
29 44 7 6
29 45 8 1
29 46 9 4
29 47 7 1
29 48 3 7
29 49 6 3
29 50 2 5
29 51 8 10
29 53 10 3
29 54 1 6
29 55 8 6
29 57 9 2
29 59 2 6
29 60 6 3
29 61 7 1
29 62 5 1
29 63 5 6
29 64 10 5
29 65 5 9
29 66 7 5
29 67 8 3
29 68 3 1
29 69 2 10
29 71 2 6
29 72 2 7
29 73 6 3
29 74 5 6
29 75 3 9
29 76 9 7
29 77 4 6
29 78 6 3
29 79 1 10
29 80 4 4
29 81 2 1
29 82 6 6
29 83 10 8
29 84 9 1
29 85 9 2
29 86 4 2
29 87 9 7
29 88 4 6
29 92 4 9
29 93 2 10
29 94 5 9
29 95 10 10
29 97 5 9
29 98 9 9
29 99 1 9
29 100 2 5
30 32 6 5
30 33 3 9
30 34 5 1
30 36 3 5
30 37 5 8
30 38 10 7
30 41 9 7
30 43 10 4
30 44 1 2
30 45 10 2
30 46 2 3
30 47 6 7
30 48 5 4
30 49 2 4
30 50 4 4
30 51 2 8
30 52 6 3
30 53 10 3
30 54 1 5
30 55 9 2
30 56 4 6
30 57 9 2
30 58 5 1
30 59 10 8
30 60 9 8
30 61 6 5
30 62 3 5
30 63 9 6
30 64 2 9
30 65 1 7
30 66 1 6
30 67 4 9
30 69 10 5
30 70 3 6
30 71 7 7
30 72 7 9
30 73 5 4
30 74 1 9
30 76 8 1
30 77 7 10
30 79 10 3
30 80 5 4
30 81 5 3
30 82 5 1
30 84 5 9
30 85 3 3
30 86 4 1
30 87 8 9
30 88 4 5
30 90 9 5
30 91 3 5
30 92 3 10
30 93 1 4
30 94 3 5
30 95 10 5
30 96 7 6
30 97 5 8
30 98 9 8
30 99 9 7
30 100 3 4
31 32 1 2
31 33 9 2
31 34 7 6
31 35 7 4
31 36 3 5
31 37 2 8
31 39 6 9
31 40 4 4
31 42 8 7
31 43 10 4
31 44 9 3
31 45 6 2
31 46 6 6
31 47 6 10
31 48 7 6
31 49 2 4
31 50 6 6
31 52 9 9
31 54 1 1
31 55 2 9
31 56 2 2
31 57 5 10
31 58 5 3
31 59 6 5
31 60 6 5
31 61 3 2
31 62 4 5
31 63 4 6
31 66 9 10
31 67 1 9
31 68 6 5
31 69 1 2
31 70 3 5
31 71 8 9
31 72 5 4
31 73 6 5
31 75 2 10
31 76 1 6
31 77 6 4
31 79 8 6
31 80 2 10
31 81 4 5
31 82 4 3
31 83 7 5
31 84 8 4
31 85 3 4
31 86 2 7
31 87 8 7
31 88 4 4
31 89 8 5
31 90 7 1
31 91 4 4
31 92 10 1
31 93 6 3
31 94 9 5
31 96 2 1
31 97 7 3
31 98 6 2
31 99 8 10
31 100 1 6
32 33 6 10
32 34 5 8
32 37 5 7
32 38 1 8
32 39 2 7
32 40 6 8
32 41 7 2
32 42 6 4
32 43 6 2
32 45 4 8
32 46 9 10
32 48 6 10
32 49 8 2
32 50 6 6
32 51 1 6
32 53 10 3
32 55 1 6
32 56 9 10
32 57 9 7
32 58 9 9
32 59 8 9
32 61 10 4
32 62 5 6
32 63 9 5
32 64 2 2
32 65 7 4
32 66 3 8
32 67 3 6
32 68 6 4
32 69 6 9
32 70 4 10
32 71 4 8
32 72 7 5
32 73 9 4
32 74 9 10
32 75 1 5
32 77 5 5
32 78 1 5
32 79 1 5
32 80 2 2
32 81 3 7
32 84 5 3
32 85 6 6
32 86 3 6
32 87 7 7
32 88 1 8
32 89 7 6
32 90 1 2
32 91 2 6
32 92 10 10
32 93 5 7
32 94 1 1
32 95 8 6
32 96 5 8
32 97 2 5
32 99 9 9
32 100 4 6
33 34 1 9
33 36 8 3
33 37 3 5
33 38 5 2
33 39 4 8
33 40 4 10
33 41 8 3
33 42 8 8
33 43 10 9
33 44 6 9
33 45 4 4
33 46 7 9
33 47 6 2
33 48 6 8
33 49 9 10
33 50 9 9
33 51 8 9
33 52 10 4
33 53 2 8
33 54 6 3
33 55 9 9
33 56 7 4
33 57 6 2
33 58 8 10
33 59 5 6
33 60 2 3
33 61 7 6
33 62 5 7
33 63 5 1
33 65 9 10
33 69 2 9
33 70 7 10
33 71 3 1
33 72 6 8
33 73 6 2
33 75 2 1
33 76 6 4
33 77 8 9
33 78 10 8
33 79 4 1
33 80 6 5
33 81 1 10
33 85 3 2
33 86 6 10
33 87 5 3
33 88 7 5
33 89 1 2
33 90 4 8
33 92 3 2
33 94 5 7
33 95 6 2
33 96 6 10
33 97 8 5
33 98 1 6
33 99 8 10
34 35 2 4
34 36 4 5
34 37 9 1
34 38 7 3
34 39 5 3
34 40 2 6
34 41 2 3
34 42 1 10
34 43 1 7
34 45 9 8
34 46 10 6
34 47 4 10
34 48 6 9
34 49 6 6
34 50 3 5
34 51 3 1
34 52 5 1
34 54 2 5
34 55 3 2
34 57 9 2
34 60 8 5
34 61 3 8
34 64 1 6
34 65 8 4
34 66 7 10
34 67 7 1
34 68 9 10
34 69 2 8
34 70 3 7
34 71 9 5
34 73 10 1
34 74 1 9
34 75 2 8
34 79 1 10
34 81 3 5
34 83 1 2
34 84 10 2
34 87 10 5
34 88 2 1
34 89 3 6
34 91 2 5
34 92 8 6
34 94 1 1
34 95 6 3
34 96 9 7
34 97 5 2
34 98 6 2
34 99 3 5
34 100 4 2
35 36 7 5
35 37 1 3
35 38 2 8
35 39 2 5
35 40 7 9
35 41 7 7
35 42 2 8
35 43 1 4
35 44 9 7
35 45 6 2
35 46 3 8
35 47 9 7
35 48 3 9
35 49 1 1
35 51 6 10
35 53 7 4
35 54 1 6
35 55 1 1
35 56 2 9
35 57 10 2
35 58 4 7
35 59 1 3
35 60 9 1
35 61 6 1
35 62 5 2
35 68 5 6
35 69 4 2
35 72 6 2
35 73 8 1
35 74 8 3
35 75 4 9
35 76 7 2
35 77 2 3
35 78 8 3
35 79 1 3
35 80 1 3
35 82 2 7
35 83 7 2
35 84 8 9
35 85 6 7
35 86 2 7
35 87 1 8
35 89 2 1
35 90 2 1
35 92 3 10
35 93 9 4
35 95 7 4
35 97 4 8
35 98 2 8
35 99 2 2
35 100 5 10
36 37 4 1
36 38 8 5
36 39 2 2
36 40 5 3
36 42 4 7
36 43 7 1
36 44 3 7
36 45 6 3
36 46 1 1
36 47 4 6
36 48 10 2
36 49 2 6
36 50 3 2
36 52 4 7
36 53 4 9
36 55 1 4
36 57 3 3
36 58 10 1
36 59 10 10
36 60 5 4
36 61 2 5
36 62 8 7
36 63 2 10
36 64 1 8
36 66 9 3
36 70 7 2
36 71 2 8
36 72 4 8
36 73 5 4
36 74 1 4
36 75 5 7
36 76 10 10
36 77 9 7
36 78 3 9
36 79 2 7
36 80 2 4
36 81 3 9
36 82 5 10
36 83 3 6
36 86 8 10
36 87 8 9
36 88 4 6
36 89 8 9
36 90 9 10
36 91 3 3
36 92 3 4
36 93 6 1
36 94 8 9
36 95 6 4
36 97 1 2
36 99 8 7
36 100 6 8
37 38 10 3
37 39 3 4
37 40 4 8
37 41 7 1
37 42 7 8
37 43 2 2
37 44 4 7
37 45 6 6
37 46 7 6
37 47 10 10
37 48 6 5
37 50 1 10
37 52 3 5
37 54 10 10
37 55 3 6
37 56 5 4
37 57 8 10
37 58 6 8
37 59 7 10
37 60 4 3
37 63 3 9
37 64 2 10
37 67 1 8
37 68 2 5
37 69 6 3
37 70 3 5
37 71 7 7
37 72 7 7
37 74 7 10
37 75 3 10
37 76 2 4
37 77 6 6
37 79 5 3
37 80 4 10
37 82 7 7
37 84 6 10
37 85 6 7
37 86 8 2
37 87 6 5
37 88 1 9
37 89 10 8
37 91 7 2
37 92 3 8
37 93 5 7
37 94 9 7
37 95 4 10
37 98 7 3
38 40 7 9
38 41 4 3
38 42 7 2
38 43 9 8
38 44 3 7
38 46 3 10
38 47 10 4
38 48 7 4
38 50 9 3
38 52 8 2
38 53 10 5
38 55 1 6
38 57 8 5
38 58 1 1
38 59 1 2
38 60 8 6
38 61 1 1
38 63 3 5
38 64 1 5
38 66 6 5
38 67 4 8
38 68 9 5
38 69 4 3
38 70 8 7
38 71 8 1
38 72 2 1
38 73 5 2
38 74 4 4
38 75 6 9
38 76 4 6
38 77 4 4
38 78 8 2
38 79 3 1
38 81 3 9
38 82 9 2
38 83 10 3
38 84 6 6
38 85 1 1
38 86 8 5
38 89 5 7
38 92 6 3
38 95 2 1
38 96 2 8
38 97 8 8
38 98 3 2
38 99 4 9
38 100 2 7
39 40 4 7
39 42 8 8
39 43 6 3
39 44 1 6
39 46 4 6
39 47 4 1
39 48 8 9
39 49 8 2
39 50 2 7
39 52 7 9
39 53 6 5
39 54 9 2
39 55 2 1
39 56 7 2
39 57 5 8
39 58 8 8
39 60 3 7
39 62 5 9
39 63 3 6
39 65 7 8
39 67 8 8
39 68 5 4
39 71 8 4
39 72 7 1
39 73 10 1
39 74 8 8
39 75 6 6
39 76 4 1
39 78 1 1
39 79 5 4
39 80 3 10
39 81 10 5
39 82 4 6
39 83 4 4
39 85 3 9
39 86 3 7
39 87 3 7
39 88 7 4
39 89 6 8
39 90 1 9
39 91 1 10
39 92 10 10
39 93 1 2
39 94 5 4
39 95 7 2
39 96 2 4
39 97 5 2
39 98 1 8
39 99 6 2
40 41 8 3
40 44 6 2
40 45 7 8
40 47 6 5
40 49 10 2
40 52 9 2
40 56 6 1
40 57 10 6
40 58 1 7
40 60 3 6
40 62 8 1
40 63 2 6
40 65 6 10
40 66 5 5
40 67 2 4
40 68 4 7
40 69 5 1
40 70 3 3
40 71 5 6
40 72 4 8
40 74 7 1
40 75 1 9
40 76 1 5
40 78 8 1
40 79 10 6
40 80 5 2
40 81 4 3
40 82 5 4
40 83 3 10
40 84 8 3
40 85 5 1
40 86 4 4
40 88 9 7
40 89 7 2
40 90 5 8
40 91 9 2
40 92 5 6
40 93 3 3
40 94 1 9
40 95 8 10
40 96 4 1
40 97 2 4
40 98 1 10
40 100 9 2
41 43 1 5
41 46 6 10
41 47 5 1
41 48 10 9
41 49 9 6
41 50 5 4
41 51 9 9
41 52 6 2
41 53 6 9
41 54 4 5
41 55 1 2
41 56 5 7
41 57 4 4
41 58 8 3
41 59 10 8
41 60 1 8
41 61 7 7
41 63 9 8
41 64 2 2
41 66 5 5
41 67 6 1
41 68 7 5
41 69 1 3
41 71 7 2
41 73 1 4
41 75 8 1
41 76 2 8
41 78 5 3
41 79 10 7
41 80 1 3
41 81 10 9
41 84 1 1
41 86 4 8
41 87 1 2
41 88 4 8
41 90 7 1
41 91 1 10
41 93 1 10
41 94 10 7
41 95 8 9
41 98 9 1
41 99 9 10
41 100 7 9
42 43 8 5
42 44 9 9
42 45 4 5
42 46 6 6
42 47 6 6
42 48 7 5
42 49 2 1
42 50 5 5
42 51 7 10
42 52 10 3
42 53 3 1
42 54 1 6
42 55 4 7
42 56 8 3
42 57 3 10
42 58 7 10
42 59 5 8
42 61 6 7
42 62 10 9
42 63 3 2
42 65 10 7
42 66 10 10
42 67 5 7
42 68 4 4
42 69 10 3
42 70 8 10
42 71 8 1
42 72 9 2
42 73 9 5
42 74 8 7
42 75 5 10
42 76 2 2
42 77 8 3
42 78 6 8
42 79 8 9
42 80 9 9
42 81 2 8
42 82 1 3
42 83 6 8
42 84 2 6
42 85 2 2
42 86 3 1
42 87 9 7
42 88 8 8
42 90 10 7
42 91 5 9
42 92 1 10
42 94 9 7
42 95 7 2
42 96 10 1
42 97 8 3
42 98 8 1
42 100 8 8
43 44 2 10
43 45 3 3
43 47 8 4
43 48 10 7
43 49 2 6
43 50 4 6
43 51 4 7
43 52 3 5
43 53 10 4
43 54 3 2
43 55 3 6
43 56 7 10
43 57 6 10
43 58 8 4
43 59 10 6
43 61 10 1
43 62 6 5
43 63 9 4
43 65 8 4
43 66 5 3
43 67 7 9
43 68 4 5
43 69 8 9
43 71 10 7
43 72 4 2
43 73 5 7
43 74 9 8
43 75 4 4
43 76 2 8
43 77 4 1
43 78 9 9
43 79 4 7
43 80 2 1
43 81 1 2
43 82 5 3
43 84 2 7
43 85 2 5
43 86 8 1
43 87 9 9
43 88 6 5
43 89 10 10
43 90 6 2
43 93 5 7
43 94 5 5
43 95 2 2
43 96 1 8
43 97 9 3
43 98 5 8
43 100 2 6
44 45 4 4
44 46 6 3
44 47 1 1
44 48 2 10
44 49 5 3
44 50 10 9
44 51 5 2
44 52 3 1
44 53 5 1
44 54 8 3
44 55 4 2
44 56 3 8
44 57 1 9
44 58 8 1
44 59 5 9
44 60 5 1
44 61 1 2
44 62 2 6
44 63 1 5
44 64 6 7
44 65 1 3
44 67 9 10
44 68 8 5
44 69 4 10
44 70 4 7
44 72 10 7
44 73 6 6
44 74 10 6
44 75 6 3
44 76 3 6
44 77 5 2
44 78 1 10
44 80 6 9
44 81 6 5
44 82 7 8
44 83 5 1
44 84 2 5
44 85 10 5
44 86 10 3
44 87 10 5
44 88 2 3
44 89 2 8
44 90 2 3
44 91 3 9
44 92 2 3
44 93 7 8
44 94 4 10
44 95 8 2
44 97 5 5
44 98 6 5
44 99 8 8
45 46 8 7
45 49 1 6
45 50 8 7
45 51 7 10
45 52 5 3
45 53 9 9
45 54 3 7
45 55 10 3
45 56 4 3
45 57 6 4
45 59 8 10
45 60 6 10
45 61 9 7
45 62 1 1
45 63 3 7
45 64 8 1
45 65 10 8
45 66 10 3
45 67 8 10
45 69 2 7
45 70 5 6
45 72 2 5
45 75 3 5
45 76 6 4
45 78 9 5
45 79 7 7
45 80 5 5
45 81 4 1
45 83 4 7
45 84 8 2
45 86 9 10
45 87 10 5
45 88 8 5
45 89 1 5
45 90 2 10
45 91 6 2
45 92 7 5
45 93 8 5
45 94 4 2
45 95 1 7
45 96 3 1
45 97 10 3
45 99 1 8
46 47 1 10
46 48 1 9
46 49 3 7
46 50 1 10
46 51 8 9
46 53 9 10
46 54 10 6
46 55 7 3
46 56 7 2
46 58 5 4
46 59 5 9
46 60 2 10
46 61 3 9
46 63 5 7
46 64 4 7
46 65 10 8
46 67 10 9
46 68 7 3
46 70 9 6
46 72 2 10
46 74 2 10
46 76 8 8
46 77 7 8
46 79 9 4
46 81 8 9
46 84 1 1
46 85 8 2
46 86 8 3
46 87 5 4
46 89 8 4
46 90 2 8
46 91 10 3
46 92 3 3
46 93 7 2
46 94 8 9
46 95 10 3
46 96 4 10
46 97 8 6
46 98 5 1
46 99 3 9
46 100 4 5
47 49 8 4
47 51 6 8
47 52 5 5
47 53 9 9
47 54 5 10
47 55 5 3
47 57 3 7
47 58 3 7
47 59 8 5
47 62 10 8
47 63 10 2
47 64 2 1
47 65 4 2
47 66 5 5
47 67 7 6
47 68 5 9
47 69 1 10
47 70 10 2
47 71 6 9
47 72 10 5
47 73 8 9
47 76 6 4
47 77 2 9
47 78 1 10
47 79 3 5
47 80 4 8
47 82 3 4
47 83 8 1
47 87 9 7
47 89 10 1
47 90 10 10
47 91 2 6
47 92 7 8
47 93 3 7
47 94 7 1
47 96 5 1
47 97 4 8
47 98 1 10
47 99 6 1
47 100 4 8
48 49 2 7
48 51 5 8
48 52 1 9
48 53 10 5
48 54 7 5
48 55 10 6
48 56 8 7
48 57 1 7
48 58 6 1
48 59 9 7
48 60 5 7
48 61 9 5
48 62 2 2
48 63 7 6
48 64 3 9
48 66 9 3
48 68 10 9
48 69 9 3
48 70 4 4
48 71 1 7
48 72 6 6
48 74 7 6
48 75 10 6
48 76 5 8
48 77 1 8
48 78 5 3
48 79 3 7
48 80 4 6
48 81 9 5
48 82 6 8
48 83 1 8
48 84 7 6
48 86 2 8
48 87 5 6
48 88 8 1
48 89 6 3
48 90 6 9
48 91 3 7
48 92 7 4
48 93 2 5
48 94 3 1
48 95 8 10
48 96 7 7
48 98 9 2
48 99 1 2
48 100 5 2
49 50 6 9
49 51 8 7
49 52 8 5
49 54 10 4
49 55 1 5
49 57 3 4
49 59 7 10
49 60 7 4
49 61 4 8
49 62 1 6
49 63 2 3
49 64 10 2
49 65 2 7
49 66 7 3
49 68 9 4
49 69 3 4
49 70 1 4
49 71 2 8
49 72 2 3
49 73 7 5
49 74 10 1
49 75 10 6
49 76 6 6
49 78 10 9
49 79 10 7
49 80 7 2
49 81 6 3
49 82 5 5
49 83 10 2
49 84 9 3
49 85 9 3
49 86 2 5
49 87 1 8
49 89 9 10
49 90 7 7
49 91 1 6
49 92 9 10
49 94 2 9
49 95 6 5
49 96 6 8
49 98 10 9
49 99 8 4
49 100 4 4
50 51 4 5
50 52 6 9
50 53 3 1
50 54 4 1
50 55 8 6
50 56 1 10
50 57 3 3
50 58 9 8
50 60 6 6
50 61 10 7
50 63 3 1
50 65 2 10
50 66 10 4
50 68 9 8
50 69 10 9
50 70 6 6
50 71 2 7
50 72 3 4
50 73 2 3
50 74 9 8
50 75 4 3
50 76 3 8
50 77 7 2
50 79 1 8
50 80 1 9
50 82 4 6
50 83 2 10
50 85 7 6
50 86 1 4
50 87 5 6
50 88 8 7
50 89 7 2
50 90 3 7
50 91 9 4
50 93 6 9
50 94 10 4
50 95 8 4
50 97 7 8
50 98 9 3
50 99 2 3
50 100 6 4
51 52 3 2
51 53 9 6
51 55 6 8
51 56 1 10
51 57 7 5
51 58 9 3
51 59 7 3
51 60 5 10
51 61 2 3
51 62 5 4
51 63 1 7
51 65 7 2
51 66 9 5
51 67 5 9
51 70 8 3
51 71 5 5
51 72 4 3
51 73 5 8
51 74 4 8
51 75 3 3
51 76 4 8
51 77 5 2
51 78 2 8
51 83 7 9
51 85 8 1
51 86 6 4
51 87 3 1
51 88 4 7
51 89 7 8
51 91 9 5
51 92 3 2
51 93 4 9
51 94 9 7
51 95 5 3
51 96 10 8
51 98 3 8
51 99 6 9
51 100 2 9
52 54 10 8
52 55 5 8
52 57 2 7
52 59 3 7
52 60 9 5
52 62 2 1
52 63 2 7
52 67 10 4
52 68 1 7
52 69 1 2
52 70 6 9
52 71 1 10
52 72 1 1
52 73 3 8
52 75 6 5
52 76 5 6
52 77 7 3
52 78 7 3
52 79 10 8
52 80 10 10
52 82 9 3
52 83 6 3
52 84 10 2
52 85 5 2
52 86 9 6
52 87 9 10
52 88 8 8
52 89 8 10
52 90 10 6
52 91 6 4
52 92 9 6
52 95 4 10
52 96 4 3
52 97 4 5
52 98 2 2
52 99 2 6
52 100 7 1
53 54 2 9
53 56 3 1
53 57 2 4
53 58 10 9
53 59 2 3
53 60 5 3
53 62 3 9
53 63 8 3
53 65 7 2
53 66 10 4
53 67 8 7
53 68 9 8
53 69 4 10
53 70 1 3
53 72 2 4
53 73 3 9
53 75 4 8
53 76 4 5
53 78 3 1
53 80 3 5
53 81 4 3
53 82 2 1
53 84 10 8
53 85 9 6
53 87 1 4
53 88 5 2
53 89 2 2
53 90 9 9
53 91 4 4
53 92 8 9
53 93 8 1
53 95 1 4
53 96 7 8
53 97 4 10
53 99 10 1
54 55 1 1
54 56 9 9
54 57 6 9
54 59 2 6
54 60 2 5
54 62 7 10
54 63 5 2
54 64 5 1
54 65 9 2
54 66 9 4
54 67 3 7
54 68 2 4
54 71 6 10
54 72 4 7
54 73 5 7
54 74 8 2
54 75 3 9
54 78 1 2
54 79 10 4
54 80 3 10
54 81 1 4
54 82 7 1
54 83 1 4
54 84 3 8
54 85 7 5
54 86 8 7
54 88 10 10
54 89 5 6
54 91 7 2
54 92 8 4
54 93 9 7
54 94 8 3
54 96 9 1
54 97 9 4
54 98 2 8
54 99 10 10
54 100 3 6
55 57 5 3
55 59 9 4
55 60 8 4
55 61 7 6
55 62 4 10
55 63 10 9
55 64 8 8
55 65 8 9
55 66 10 4
55 67 4 7
55 68 8 1
55 69 9 4
55 70 9 4
55 72 5 10
55 73 3 9
55 74 9 2
55 75 3 9
55 76 9 4
55 77 7 2
55 80 8 1
55 81 10 6
55 82 1 10
55 83 3 10
55 84 8 9
55 85 7 2
55 86 5 2
55 89 2 6
55 91 4 6
55 92 6 1
55 95 5 8
55 96 10 2
55 97 2 2
55 98 6 4
55 99 1 4
55 100 4 6
56 57 10 8
56 58 1 2
56 60 4 8
56 61 2 8
56 63 4 6
56 64 1 5
56 65 1 9
56 66 10 1
56 67 3 10
56 69 4 5
56 70 3 2
56 71 5 3
56 72 1 9
56 75 9 8
56 76 1 10
56 77 10 10
56 78 4 9
56 79 4 7
56 80 9 5
56 82 6 7
56 83 7 1
56 84 2 4
56 85 2 7
56 86 2 1
56 87 9 3
56 88 9 4
56 89 2 1
56 90 7 7
56 92 3 4
56 93 4 7
56 94 4 7
56 95 3 9
56 96 3 2
56 97 2 2
56 98 1 3
56 99 10 3
56 100 4 1
57 58 7 1
57 59 2 4
57 60 7 8
57 61 7 1
57 62 10 10
57 63 4 8
57 64 7 8
57 66 10 8
57 67 7 7
57 68 2 4
57 69 6 1
57 71 7 10
57 75 9 2
57 76 6 6
57 77 9 8
57 78 4 8
57 79 2 1
57 80 3 9
57 81 6 5
57 82 5 2
57 83 9 5
57 84 3 3
57 85 6 9
57 86 9 2
57 87 6 1
57 89 5 3
57 90 3 9
57 91 4 10
57 92 5 10
57 93 4 6
57 94 3 4
57 95 7 4
57 96 3 6
57 97 10 1
57 99 5 1
57 100 3 8
58 60 3 4
58 61 6 9
58 62 9 10
58 63 7 5
58 64 4 10
58 65 4 3
58 66 3 6
58 68 3 1
58 71 5 10
58 72 7 6
58 73 10 10
58 74 9 8
58 76 6 1
58 78 3 3
58 79 7 9
58 80 6 9
58 81 3 6
58 83 9 6
58 84 3 5
58 85 8 10
58 86 2 3
58 88 5 6
58 89 10 2
58 90 1 4
58 91 1 4
58 92 2 5
58 95 9 7
58 96 2 4
58 98 7 3
58 99 7 8
59 60 6 1
59 61 2 4
59 63 4 10
59 65 2 4
59 66 6 2
59 67 7 10
59 69 5 5
59 70 10 7
59 71 1 9
59 72 6 10
59 73 9 3
59 75 2 5
59 76 2 8
59 79 6 7
59 80 6 5
59 81 3 1
59 83 10 8
59 84 9 10
59 86 10 9
59 87 8 9
59 88 8 6
59 89 7 6
59 90 7 4
59 91 3 10
59 93 1 1
59 95 10 3
59 96 7 10
59 97 3 4
59 98 3 10
59 99 2 4
59 100 7 5
60 61 5 1
60 62 1 6
60 63 1 3
60 64 9 6
60 65 3 7
60 67 8 4
60 68 5 10
60 69 8 8
60 70 4 3
60 71 7 5
60 72 9 7
60 73 7 5
60 74 7 3
60 75 3 7
60 77 8 2
60 78 4 7
60 79 8 7
60 80 8 9
60 81 9 2
60 82 7 7
60 83 8 7
60 84 1 9
60 86 1 4
60 87 2 2
60 89 9 6
60 90 6 6
60 91 3 2
60 92 3 1
60 93 1 3
60 94 5 10
60 95 1 8
60 96 3 8
60 97 10 10
60 98 3 2
60 99 8 10
60 100 3 5
61 62 10 3
61 63 6 5
61 64 6 3
61 65 4 5
61 66 2 3
61 70 7 10
61 71 3 4
61 72 10 2
61 73 1 6
61 74 3 8
61 75 9 4
61 76 7 5
61 78 8 9
61 79 1 6
61 82 2 10
61 83 4 8
61 84 3 7
61 85 8 1
61 86 1 5
61 87 5 9
61 88 3 7
61 90 3 8
61 91 3 4
61 92 9 5
61 93 8 8
61 94 10 5
61 96 9 9
61 97 9 10
61 98 6 8
61 99 6 9
61 100 1 1
62 63 7 10
62 64 8 1
62 65 2 6
62 66 3 6
62 67 9 5
62 68 3 7
62 69 7 1
62 70 5 6
62 72 3 2
62 73 7 8
62 74 4 6
62 75 2 5
62 76 1 3
62 77 2 5
62 79 3 1
62 80 8 2
62 81 1 6
62 82 7 4
62 83 5 10
62 85 9 7
62 87 6 9
62 89 4 1
62 91 6 8
62 92 6 5
62 93 1 6
62 94 8 10
62 95 6 5
62 96 10 4
62 97 1 4
62 98 9 6
62 99 1 5
62 100 8 2
63 65 2 6
63 67 4 9
63 68 6 2
63 69 10 6
63 71 3 3
63 72 10 7
63 73 4 7
63 74 9 1
63 75 1 10
63 76 10 9
63 77 7 3
63 78 4 5
63 79 7 2
63 81 1 9
63 84 2 5
63 85 5 4
63 86 9 5
63 87 5 5
63 89 3 8
63 90 2 4
63 91 5 4
63 92 10 8
63 93 10 7
63 94 1 7
63 95 4 5
63 96 1 9
63 97 6 8
63 98 1 4
63 99 10 8
63 100 10 4
64 65 7 2
64 66 9 8
64 67 10 2
64 68 5 3
64 69 1 2
64 71 3 4
64 72 4 5
64 74 8 5
64 77 2 10
64 78 4 3
64 79 6 1
64 80 9 6
64 81 5 10
64 82 9 7
64 83 6 8
64 84 2 2
64 85 6 7
64 86 10 2
64 87 7 2
64 88 10 6
64 89 6 1
64 92 9 9
64 94 2 6
64 95 10 1
64 96 8 2
64 97 4 9
64 98 6 5
64 99 2 9
64 100 5 10
65 66 6 7
65 67 10 7
65 68 5 1
65 69 2 8
65 70 2 5
65 72 10 1
65 73 7 8
65 74 8 1
65 75 4 7
65 76 6 5
65 78 9 3
65 79 9 9
65 80 3 4
65 82 1 3
65 83 2 1
65 84 4 6
65 85 5 7
65 86 3 3
65 87 3 3
65 90 2 7
65 91 7 4
65 92 9 10
65 93 5 6
65 95 7 3
65 97 6 6
65 98 1 10
65 100 7 10
66 67 7 2
66 70 3 2
66 71 6 6
66 72 10 2
66 75 7 6
66 76 10 5
66 78 5 2
66 79 2 8
66 80 10 3
66 81 7 7
66 82 4 3
66 83 9 10
66 84 2 2
66 85 10 5
66 86 8 3
66 87 4 10
66 88 10 9
66 89 3 5
66 90 10 7
66 91 3 4
66 92 4 3
66 93 10 7
66 94 2 7
66 95 8 9
66 96 5 8
66 97 7 5
66 98 1 1
66 99 4 7
67 70 3 9
67 71 2 10
67 72 1 10
67 74 8 2
67 75 6 1
67 79 8 4
67 80 2 2
67 81 8 1
67 83 6 4
67 84 8 3
67 85 5 10
67 88 9 10
67 89 7 5
67 90 9 6
67 91 2 10
67 93 10 4
67 94 10 1
67 95 4 8
67 97 5 10
67 98 5 2
67 100 6 2
68 69 3 9
68 70 7 6
68 71 3 2
68 72 10 6
68 73 2 4
68 74 4 2
68 75 8 7
68 76 9 9
68 77 6 10
68 78 1 4
68 80 8 6
68 81 4 9
68 82 4 6
68 83 4 7
68 85 4 3
68 86 1 6
68 87 10 6
68 88 5 1
68 89 1 6
68 90 1 2
68 91 5 4
68 92 1 6
68 96 7 5
68 98 10 4
68 99 3 7
69 70 2 3
69 71 5 10
69 73 1 2
69 74 3 6
69 75 1 2
69 76 3 8
69 77 9 3
69 79 1 8
69 80 8 2
69 81 2 5
69 83 1 7
69 84 2 1
69 85 2 1
69 86 10 4
69 88 1 4
69 89 2 3
69 91 1 9
69 92 1 1
69 93 4 7
69 94 10 2
69 95 2 2
69 96 10 8
69 98 7 5
69 99 10 4
69 100 4 5
70 72 4 4
70 73 1 3
70 74 6 9
70 75 6 6
70 76 7 6
70 77 8 5
70 78 1 4
70 79 10 1
70 80 8 5
70 81 4 7
70 82 8 8
70 83 8 3
70 84 2 2
70 85 9 6
70 86 9 8
70 87 5 1
70 88 4 5
70 89 4 10
70 90 9 9
70 91 2 9
70 92 7 4
70 93 10 3
70 94 6 2
70 95 9 6
70 96 2 6
70 97 3 1
70 98 6 8
70 99 9 1
70 100 6 2
71 72 2 10
71 73 5 1
71 75 4 7
71 76 8 6
71 78 6 9
71 79 4 2
71 80 3 2
71 82 3 1
71 83 3 5
71 84 10 6
71 85 3 8
71 86 5 2
71 87 4 4
71 88 2 4
71 89 3 3
71 90 2 4
71 91 5 2
71 92 7 10
71 93 5 5
71 97 1 9
71 98 10 7
71 99 7 5
71 100 3 7
72 73 10 6
72 75 1 6
72 76 3 4
72 77 4 9
72 78 1 7
72 79 9 2
72 80 3 8
72 81 10 8
72 82 4 2
72 83 6 10
72 84 8 3
72 85 9 1
72 86 8 3
72 87 4 7
72 88 3 5
72 89 8 10
72 90 7 2
72 91 5 9
72 92 1 7
72 93 9 7
72 94 10 2
72 95 4 10
72 96 3 9
72 97 4 1
72 98 5 3
72 99 5 5
72 100 10 8
73 75 3 4
73 76 2 2
73 77 2 1
73 78 2 6
73 79 1 2
73 80 9 4
73 81 9 6
73 82 5 10
73 83 1 6
73 84 5 8
73 85 3 6
73 87 10 7
73 88 6 8
73 90 7 10
73 91 10 7
73 93 1 9
73 94 5 5
73 95 9 5
73 97 1 2
73 98 7 7
73 99 1 10
73 100 7 8
74 76 3 9
74 77 4 5
74 78 7 4
74 79 6 6
74 80 10 1
74 81 7 8
74 82 5 4
74 83 10 3
74 84 6 10
74 85 6 8
74 87 7 6
74 88 8 6
74 89 2 3
74 90 5 10
74 91 9 1
74 92 7 1
74 94 7 2
74 95 5 6
74 96 7 9
74 97 5 10
74 99 1 3
74 100 2 1
75 76 5 4
75 77 10 10
75 79 1 8
75 81 9 2
75 82 10 7
75 83 10 7
75 84 1 7
75 85 10 8
75 86 7 3
75 87 2 6
75 91 9 7
75 92 5 10
75 93 8 4
75 95 4 5
75 96 2 9
75 97 5 8
75 98 4 8
75 99 10 1
76 77 10 4
76 78 10 5
76 79 8 9
76 80 6 5
76 81 2 3
76 82 2 6
76 84 2 6
76 85 1 10
76 86 4 6
76 87 5 10
76 88 8 3
76 90 7 3
76 92 8 5
76 95 7 10
76 97 10 4
76 98 7 4
76 99 9 2
76 100 6 2
77 78 5 3
77 79 1 10
77 80 9 8
77 81 7 8
77 82 2 4
77 84 2 9
77 85 9 2
77 86 1 9
77 87 4 1
77 88 8 10
77 89 2 2
77 90 7 2
77 91 1 8
77 92 9 7
77 95 4 1
77 96 8 3
77 97 5 4
77 99 7 6
78 79 5 9
78 80 6 10
78 81 5 4
78 82 3 10
78 83 4 3
78 84 7 3
78 85 1 5
78 86 1 10
78 88 8 4
78 89 1 4
78 90 6 8
78 91 3 9
78 92 9 9
78 93 8 5
78 94 8 4
78 95 9 8
78 97 5 10
78 98 4 2
78 100 3 9
79 80 4 7
79 82 2 8
79 83 10 2
79 84 2 9
79 85 10 4
79 86 2 3
79 87 10 2
79 88 2 7
79 89 10 1
79 90 5 1
79 91 7 2
79 92 1 4
79 93 2 7
79 94 1 1
79 95 6 7
79 97 5 7
79 98 9 9
79 99 8 7
80 81 8 3
80 83 3 8
80 84 1 10
80 85 6 1
80 86 3 3
80 87 2 7
80 88 9 4
80 90 9 5
80 91 4 1
80 93 2 9
80 94 10 7
80 95 3 6
80 96 8 6
80 97 5 9
80 98 4 10
80 99 4 7
80 100 1 3
81 82 6 7
81 83 1 3
81 86 10 6
81 87 4 9
81 88 10 10
81 90 7 3
81 92 7 9
81 93 7 3
81 94 8 7
81 95 10 10
81 96 6 3
81 97 9 1
82 83 4 7
82 84 4 8
82 85 9 2
82 86 3 5
82 87 6 9
82 88 10 7
82 89 5 7
82 90 4 6
82 92 5 10
82 93 10 1
82 94 5 3
82 95 10 4
82 97 8 9
83 85 10 1
83 86 9 10
83 87 9 10
83 88 9 4
83 89 4 10
83 90 2 6
83 92 1 4
83 94 6 6
83 95 7 8
83 96 5 2
83 98 10 2
83 99 4 10
84 85 6 10
84 86 5 4
84 88 3 1
84 89 4 5
84 90 2 10
84 91 1 1
84 92 2 7
84 93 2 9
84 95 1 9
84 96 1 2
84 97 9 1
84 98 7 3
84 99 8 7
84 100 7 2
85 86 10 6
85 87 6 7
85 88 8 3
85 89 9 2
85 90 10 7
85 91 5 5
85 92 9 10
85 93 6 10
85 94 2 9
85 95 6 4
85 97 1 5
85 98 10 3
85 100 3 6
86 88 5 1
86 89 2 4
86 90 2 6
86 91 6 4
86 95 1 1
86 96 2 6
86 97 4 2
86 98 2 5
86 99 9 6
86 100 3 9
87 88 7 2
87 89 4 2
87 91 6 4
87 92 3 6
87 93 10 5
87 94 7 7
87 95 1 2
87 96 5 1
87 97 8 9
87 98 8 9
88 89 5 6
88 90 3 3
88 91 3 5
88 93 7 10
88 95 8 2
88 96 9 7
88 97 10 8
88 98 5 1
88 99 4 10
88 100 8 10
89 90 8 4
89 92 5 2
89 93 7 1
89 95 6 3
89 96 8 2
89 97 4 5
89 98 3 4
89 99 6 6
89 100 8 8
90 93 4 7
90 94 3 7
90 95 10 2
90 96 5 6
90 97 3 8
90 98 1 1
90 100 1 9
91 92 1 8
91 93 7 5
91 94 2 8
91 95 3 3
91 96 6 6
91 98 1 3
91 99 3 3
91 100 5 5
92 93 10 2
92 94 3 10
92 95 6 3
92 97 6 9
92 100 1 7
93 94 4 8
93 95 3 6
93 97 8 8
93 99 5 1
93 100 4 9
94 95 6 9
94 96 2 4
94 97 5 9
94 98 4 9
94 99 3 5
94 100 7 9
95 96 2 6
95 98 10 2
95 99 2 10
95 100 7 3
96 97 3 2
96 99 1 1
96 100 9 10
97 98 8 3
97 99 4 5
98 99 1 6
98 100 2 7
99 100 4 9
1
1 2 3 4 5 6 7 8 9 10 11 12 13 14 15 16 17 18 19 20 21 22 23 24 25 26 27 28 29 30 31 32 33 34 35 36 37 38 39 40 41 42 43 44 45 46 47 48 49 50
