3922
1 2 10 10
1 3 3 8
1 4 6 9
1 5 7 2
1 7 9 8
1 8 9 1
1 9 7 9
1 10 5 6
1 11 10 6
1 13 5 5
1 14 7 4
1 16 10 4
1 19 1 6
1 20 4 8
1 21 6 1
1 23 3 8
1 24 8 4
1 25 5 7
1 26 8 2
1 27 10 8
1 28 3 5
1 29 4 6
1 32 5 10
1 34 6 2
1 35 6 10
1 36 9 6
1 37 4 6
1 38 7 7
1 39 6 9
1 40 10 6
1 41 6 6
1 42 3 5
1 43 5 4
1 44 9 3
1 47 10 8
1 50 8 3
1 51 7 10
1 53 2 3
1 56 10 3
1 57 7 10
1 59 6 7
1 61 1 6
1 62 8 6
1 63 4 3
1 64 3 3
1 66 10 4
1 67 9 9
1 68 10 4
1 69 9 9
1 71 3 5
1 72 10 1
1 73 1 7
1 74 2 4
1 75 9 5
1 77 10 9
1 78 3 7
1 80 6 4
1 82 10 3
1 83 9 5
1 84 4 7
1 85 5 7
1 86 3 3
1 87 3 3
1 88 1 5
1 89 7 1
1 90 8 8
1 91 10 9
1 92 6 1
1 95 10 3
1 96 5 8
1 97 3 4
1 98 4 2
1 99 8 9
2 4 5 7
2 6 10 2
2 9 2 5
2 10 2 4
2 11 2 10
2 12 2 6
2 13 6 5
2 14 9 9
2 15 7 2
2 16 2 4
2 17 6 4
2 18 3 4
2 19 1 5
2 20 7 10
2 21 10 6
2 23 3 8
2 24 2 10
2 25 10 9
2 26 6 8
2 27 6 1
2 28 10 3
2 29 5 2
2 30 5 5
2 31 3 8
2 32 1 6
2 33 8 3
2 34 4 5
2 35 1 2
2 36 2 9
2 37 10 9
2 38 5 3
2 39 9 9
2 40 2 9
2 41 10 10
2 42 3 9
2 43 7 10
2 44 4 6
2 46 1 2
2 47 7 1
2 48 6 6
2 49 9 5
2 50 4 6
2 51 9 7
2 55 6 10
2 57 2 1
2 58 2 9
2 60 3 1
2 61 8 4
2 62 4 10
2 63 1 7
2 64 5 5
2 66 5 9
2 68 6 7
2 69 1 9
2 70 3 3
2 73 1 6
2 74 8 1
2 75 10 4
2 76 1 1
2 77 4 2
2 78 6 10
2 80 4 1
2 81 7 4
2 82 7 6
2 83 9 6
2 84 9 3
2 85 5 4
2 86 2 3
2 87 7 6
2 89 8 3
2 90 1 8
2 91 1 10
2 92 1 4
2 94 9 1
2 95 1 7
2 96 1 1
2 98 2 3
3 4 2 3
3 7 8 10
3 8 7 10
3 9 8 10
3 10 8 4
3 11 1 9
3 12 8 10
3 13 3 10
3 14 7 5
3 15 2 4
3 16 8 3
3 17 9 3
3 18 9 2
3 20 4 3
3 21 1 3
3 22 10 7
3 23 7 8
3 24 6 2
3 25 2 5
3 27 9 4
3 28 2 4
3 29 10 3
3 30 5 8
3 32 4 10
3 33 10 5
3 34 3 1
3 35 3 9
3 37 9 1
3 38 6 10
3 39 5 10
3 40 6 5
3 41 10 8
3 42 2 10
3 44 1 5
3 45 3 9
3 46 1 8
3 47 4 2
3 48 3 5
3 49 9 2
3 50 6 1
3 51 10 3
3 53 3 6
3 55 4 9
3 56 8 10
3 57 6 9
3 58 5 10
3 59 6 4
3 60 9 1
3 61 9 8
3 62 9 4
3 63 10 6
3 64 10 7
3 65 6 7
3 66 8 9
3 67 7 10
3 68 7 1
3 69 3 8
3 70 4 7
3 71 7 5
3 72 6 8
3 73 7 1
3 74 5 5
3 75 7 2
3 77 4 3
3 78 3 6
3 80 5 1
3 81 7 3
3 82 7 4
3 83 2 2
3 85 3 10
3 87 8 8
3 88 8 6
3 89 6 8
3 90 9 4
3 92 4 5
3 93 8 4
3 95 10 1
3 97 4 7
3 98 3 5
3 99 2 7
3 100 9 7
4 5 3 4
4 6 1 9
4 7 4 9
4 8 8 8
4 9 1 9
4 10 1 1
4 11 6 5
4 12 10 2
4 13 6 9
4 14 5 2
4 15 3 9
4 16 1 3
4 17 4 5
4 18 9 4
4 19 5 4
4 21 8 3
4 22 2 6
4 23 6 8
4 24 3 8
4 26 8 6
4 27 6 5
4 28 8 4
4 29 10 2
4 30 4 7
4 31 7 9
4 32 7 6
4 34 9 3
4 35 3 6
4 37 10 7
4 38 1 2
4 41 5 3
4 42 9 4
4 44 2 2
4 45 1 10
4 46 3 5
4 48 4 7
4 49 3 8
4 50 7 4
4 51 1 3
4 52 5 3
4 53 2 1
4 54 7 2
4 55 4 3
4 56 3 2
4 57 3 3
4 58 10 1
4 59 10 9
4 60 4 1
4 61 9 3
4 63 1 7
4 65 9 9
4 66 4 9
4 67 8 7
4 68 3 3
4 69 2 1
4 70 6 1
4 71 7 8
4 72 1 6
4 74 6 9
4 75 10 10
4 77 6 5
4 78 9 8
4 80 10 3
4 81 1 3
4 83 2 5
4 84 7 5
4 85 2 1
4 86 4 2
4 88 6 7
4 89 9 2
4 90 5 9
4 92 7 5
4 93 1 3
4 95 4 10
4 97 3 8
4 98 4 8
4 99 8 9
4 100 9 9
5 6 6 9
5 7 7 5
5 8 2 2
5 9 10 1
5 10 6 10
5 11 7 10
5 13 1 6
5 14 5 6
5 15 10 1
5 16 4 10
5 17 7 8
5 20 2 10
5 22 2 6
5 23 4 4
5 24 6 8
5 25 6 4
5 26 10 4
5 28 5 1
5 29 1 4
5 30 1 5
5 31 1 7
5 32 10 10
5 33 1 8
5 35 1 10
5 36 9 3
5 38 10 2
5 40 3 1
5 41 2 10
5 42 8 8
5 43 8 2
5 44 9 10
5 46 8 8
5 47 8 3
5 48 1 10
5 49 6 9
5 50 2 7
5 51 7 4
5 52 1 4
5 53 2 3
5 54 2 10
5 55 7 5
5 56 5 8
5 57 10 3
5 58 1 5
5 59 3 1
5 60 3 1
5 61 5 5
5 62 8 6
5 63 10 6
5 64 8 4
5 65 8 6
5 66 9 9
5 67 8 3
5 68 1 7
5 69 2 7
5 70 4 4
5 72 2 1
5 73 6 2
5 74 6 7
5 75 2 8
5 76 6 8
5 77 7 7
5 78 3 6
5 79 3 4
5 80 10 6
5 81 2 5
5 82 10 3
5 83 6 10
5 85 4 8
5 86 1 2
5 87 10 5
5 88 10 7
5 90 7 1
5 93 4 6
5 94 8 1
5 95 4 4
5 97 3 10
5 98 7 2
5 99 4 3
6 9 9 1
6 10 9 8
6 11 4 6
6 12 4 7
6 13 9 2
6 14 10 4
6 15 5 2
6 16 8 4
6 17 5 10
6 18 2 8
6 19 7 1
6 20 7 3
6 21 6 8
6 22 5 8
6 25 10 6
6 26 2 3
6 27 1 3
6 28 8 7
6 29 5 5
6 30 3 3
6 31 8 7
6 32 9 5
6 33 7 8
6 34 1 7
6 35 2 4
6 36 10 4
6 37 1 4
6 38 10 8
6 39 10 3
6 41 6 7
6 42 10 10
6 43 10 10
6 46 6 9
6 47 6 2
6 48 9 9
6 49 8 3
6 50 6 7
6 51 5 10
6 52 10 9
6 54 5 10
6 56 10 2
6 57 3 2
6 58 6 10
6 59 3 2
6 60 4 8
6 61 6 3
6 62 2 3
6 63 7 6
6 64 1 8
6 65 2 8
6 68 7 6
6 69 9 7
6 71 8 1
6 72 9 8
6 73 2 10
6 74 4 3
6 75 1 10
6 76 3 5
6 77 6 8
6 78 2 3
6 79 6 2
6 81 9 3
6 82 8 2
6 83 5 6
6 84 5 10
6 85 4 8
6 86 2 9
6 89 3 1
6 90 10 5
6 91 5 7
6 92 6 2
6 93 10 4
6 94 1 7
6 95 7 6
6 96 4 7
6 100 6 1
7 8 9 1
7 9 4 1
7 10 9 7
7 11 7 7
7 12 7 6
7 13 10 3
7 14 8 6
7 15 4 5
7 16 6 1
7 18 3 6
7 21 8 10
7 22 4 9
7 23 1 1
7 24 1 8
7 25 9 10
7 26 2 2
7 28 7 5
7 29 5 2
7 31 2 4
7 32 4 2
7 33 2 5
7 34 3 7
7 35 4 5
7 36 9 2
7 37 9 5
7 38 8 8
7 40 9 8
7 42 2 6
7 43 8 5
7 45 6 4
7 47 6 4
7 48 7 9
7 49 6 2
7 50 2 7
7 51 6 9
7 52 9 8
7 53 2 5
7 55 4 4
7 56 1 7
7 58 5 10
7 60 10 7
7 61 10 6
7 62 10 9
7 63 8 7
7 64 7 4
7 65 8 4
7 66 7 4
7 69 5 3
7 70 6 2
7 72 7 6
7 73 1 9
7 74 8 4
7 75 5 10
7 76 9 6
7 78 2 7
7 80 2 1
7 81 6 8
7 82 9 5
7 85 10 6
7 86 3 3
7 87 9 6
7 88 5 7
7 89 10 10
7 90 8 10
7 91 6 10
7 92 9 2
7 93 9 4
7 94 2 4
7 95 8 7
7 96 10 6
7 97 9 2
7 98 7 2
7 99 5 3
7 100 5 6
8 10 8 2
8 13 10 2
8 14 3 6
8 15 1 10
8 17 10 1
8 18 4 5
8 19 1 1
8 20 9 6
8 21 10 8
8 22 7 10
8 23 8 5
8 24 9 6
8 25 5 10
8 26 4 4
8 27 4 3
8 28 4 3
8 30 4 1
8 32 1 1
8 33 10 9
8 35 7 5
8 36 6 3
8 37 10 2
8 38 6 8
8 39 1 4
8 41 6 4
8 42 10 4
8 43 3 5
8 44 8 1
8 46 7 2
8 47 3 2
8 48 7 5
8 49 6 4
8 50 6 1
8 51 7 8
8 52 5 4
8 53 6 10
8 54 10 7
8 55 4 3
8 56 4 3
8 57 8 4
8 58 8 6
8 60 6 1
8 61 5 10
8 62 6 7
8 63 6 4
8 67 8 5
8 68 9 9
8 70 9 3
8 72 6 5
8 73 2 2
8 75 8 10
8 76 6 1
8 78 4 9
8 79 2 1
8 80 10 2
8 81 4 3
8 82 3 3
8 83 3 9
8 84 3 4
8 85 10 4
8 86 3 5
8 87 8 1
8 88 7 1
8 89 2 10
8 90 7 6
8 92 9 3
8 93 7 1
8 94 1 2
8 95 7 2
8 96 9 5
8 97 3 6
8 98 3 3
8 99 9 4
8 100 10 10
9 10 5 5
9 11 7 5
9 13 2 3
9 14 8 9
9 15 6 4
9 16 3 6
9 17 6 10
9 18 5 4
9 20 2 5
9 21 4 9
9 22 7 9
9 24 3 4
9 25 2 7
9 26 8 9
9 27 4 9
9 29 1 10
9 30 10 2
9 31 9 10
9 32 6 6
9 34 6 2
9 35 7 4
9 37 7 5
9 38 7 1
9 39 6 4
9 40 7 1
9 41 4 8
9 42 8 5
9 44 6 8
9 45 5 9
9 46 10 3
9 47 2 5
9 48 8 7
9 49 6 9
9 50 1 6
9 51 6 2
9 52 8 10
9 53 7 9
9 54 8 5
9 55 2 2
9 56 4 4
9 57 3 9
9 59 6 1
9 60 1 2
9 61 8 8
9 62 3 3
9 63 8 8
9 64 2 7
9 65 6 10
9 66 5 1
9 68 3 5
9 69 1 3
9 71 6 6
9 72 7 8
9 73 8 7
9 74 9 2
9 75 3 6
9 76 6 3
9 77 2 9
9 78 9 10
9 80 10 10
9 81 4 6
9 83 6 5
9 84 6 2
9 86 4 6
9 87 7 2
9 88 7 7
9 89 2 3
9 90 5 6
9 91 2 3
9 92 7 3
9 93 8 6
9 94 3 3
9 96 10 2
9 97 2 5
9 100 4 5
10 11 10 5
10 12 2 5
10 14 3 2
10 15 4 8
10 18 8 4
10 19 7 1
10 20 7 7
10 21 4 6
10 23 2 4
10 24 7 6
10 25 1 6
10 26 10 6
10 27 1 5
10 28 8 5
10 29 2 4
10 30 9 10
10 31 8 10
10 32 10 7
10 33 7 8
10 34 3 7
10 35 4 9
10 36 6 9
10 37 2 8
10 38 6 6
10 40 7 10
10 41 4 4
10 42 6 10
10 43 6 3
10 44 7 2
10 45 1 10
10 46 8 2
10 47 7 4
10 48 3 6
10 49 4 6
10 51 9 2
10 52 6 1
10 53 1 6
10 54 8 7
10 55 4 1
10 56 8 3
10 57 8 6
10 58 9 4
10 59 5 8
10 60 8 2
10 61 10 6
10 62 7 5
10 63 10 1
10 65 10 3
10 66 8 9
10 67 2 10
10 68 10 1
10 70 8 5
10 71 3 10
10 72 1 2
10 73 4 10
10 74 3 5
10 75 8 7
10 76 9 9
10 77 9 5
10 80 10 3
10 81 6 6
10 82 3 3
10 83 10 3
10 84 4 8
10 85 9 8
10 87 1 10
10 88 5 8
10 89 3 3
10 91 6 9
10 92 1 10
10 94 3 8
10 95 2 6
10 96 2 4
10 98 4 9
10 99 5 3
11 12 9 6
11 13 3 9
11 14 10 3
11 15 2 2
11 16 6 8
11 17 6 5
11 18 1 9
11 19 4 9
11 20 4 9
11 21 4 2
11 22 1 4
11 23 9 4
11 24 1 7
11 25 7 3
11 26 3 5
11 27 5 2
11 28 4 2
11 29 1 1
11 30 4 2
11 31 6 4
11 32 4 6
11 33 4 8
11 35 2 5
11 37 8 2
11 38 5 6
11 39 3 10
11 40 3 4
11 41 2 3
11 42 5 3
11 43 3 9
11 44 7 5
11 45 8 10
11 46 5 3
11 47 6 1
11 48 1 8
11 49 6 6
11 51 5 5
11 52 3 6
11 53 7 2
11 54 10 3
11 55 5 10
11 57 2 4
11 58 1 5
11 59 1 9
11 60 4 9
11 61 6 10
11 62 3 5
11 63 9 7
11 64 4 1
11 65 9 10
11 66 7 9
11 70 4 4
11 72 2 6
11 73 7 4
11 74 4 6
11 77 4 9
11 78 6 6
11 79 3 10
11 80 7 2
11 81 1 9
11 82 5 2
11 83 4 10
11 84 2 6
11 85 7 8
11 86 5 6
11 87 3 2
11 88 10 3
11 89 3 2
11 90 3 7
11 91 10 2
11 92 9 1
11 95 10 4
11 96 7 9
11 97 5 6
11 100 3 4
12 13 7 6
12 14 3 3
12 16 1 3
12 17 10 8
12 20 6 10
12 21 6 2
12 22 4 8
12 23 9 7
12 24 1 10
12 26 5 10
12 27 9 9
12 28 8 3
12 30 10 4
12 31 3 2
12 32 5 5
12 33 5 5
12 34 8 10
12 35 10 7
12 37 10 3
12 38 6 4
12 39 2 3
12 40 7 2
12 41 1 1
12 43 7 4
12 44 4 2
12 46 9 10
12 47 10 4
12 49 5 5
12 51 7 4
12 53 10 2
12 54 3 9
12 55 2 2
12 56 4 1
12 57 3 10
12 58 4 3
12 59 3 2
12 60 7 2
12 61 4 9
12 62 9 7
12 63 10 2
12 65 7 10
12 66 3 9
12 67 9 8
12 68 7 1
12 69 5 9
12 71 9 9
12 73 6 8
12 74 6 1
12 75 9 6
12 76 4 5
12 77 1 7
12 78 1 1
12 80 3 4
12 81 1 7
12 82 1 7
12 83 3 2
12 84 5 8
12 85 10 6
12 86 6 7
12 87 8 6
12 88 1 7
12 89 3 5
12 91 6 1
12 92 1 2
12 93 2 8
12 95 9 2
12 97 7 10
12 98 2 5
12 99 10 4
12 100 4 9
13 14 3 9
13 15 8 4
13 16 3 2
13 17 7 8
13 19 7 1
13 20 3 9
13 21 7 8
13 23 7 8
13 24 2 1
13 25 6 1
13 26 5 6
13 27 2 10
13 28 6 9
13 30 8 2
13 31 9 3
13 32 10 2
13 33 10 8
13 34 4 10
13 35 7 5
13 36 3 6
13 38 3 7
13 39 6 5
13 40 8 1
13 42 3 2
13 43 3 9
13 44 2 2
13 45 7 3
13 46 8 9
13 47 9 8
13 48 7 6
13 49 10 7
13 50 2 5
13 52 4 2
13 53 6 2
13 56 5 7
13 57 7 10
13 58 8 1
13 60 3 3
13 65 8 8
13 66 9 1
13 67 9 5
13 68 9 9
13 69 9 7
13 70 6 5
13 71 2 7
13 72 4 10
13 73 1 5
13 77 5 8
13 78 7 10
13 79 5 7
13 80 9 3
13 81 2 10
13 82 2 5
13 83 4 2
13 84 8 8
13 85 5 4
13 86 4 8
13 87 10 4
13 88 5 7
13 89 6 10
13 90 3 9
13 91 1 9
13 92 6 10
13 93 9 9
13 94 6 1
13 95 1 5
13 97 5 6
13 98 4 6
13 99 5 2
14 15 1 6
14 16 9 9
14 17 7 10
14 18 1 9
14 19 10 3
14 20 6 10
14 21 1 9
14 22 2 4
14 23 5 9
14 25 6 8
14 26 10 4
14 27 5 6
14 28 5 5
14 29 9 1
14 30 10 7
14 31 1 2
14 34 7 6
14 36 9 2
14 37 6 5
14 39 3 5
14 40 7 7
14 42 10 5
14 43 10 8
14 44 5 6
14 46 6 7
14 47 8 2
14 49 6 1
14 51 7 8
14 52 1 5
14 53 1 4
14 54 6 8
14 57 3 4
14 58 5 6
14 59 9 6
14 60 2 4
14 61 4 3
14 62 4 10
14 63 8 2
14 64 5 9
14 65 9 1
14 66 10 9
14 67 1 4
14 70 10 3
14 72 2 8
14 73 2 1
14 74 6 3
14 75 2 2
14 76 10 7
14 77 6 4
14 80 1 9
14 81 8 4
14 82 5 5
14 83 3 8
14 84 4 2
14 85 2 1
14 86 1 4
14 87 3 8
14 88 9 6
14 89 2 4
14 90 7 5
14 91 2 6
14 92 2 6
14 93 1 7
14 95 6 4
14 97 10 9
14 98 2 4
14 99 4 6
15 18 2 7
15 19 8 10
15 20 9 1
15 21 9 9
15 23 6 4
15 24 10 1
15 25 8 9
15 26 9 9
15 27 7 2
15 28 10 9
15 30 10 9
15 32 7 9
15 33 6 4
15 34 7 3
15 36 9 5
15 37 8 9
15 42 3 9
15 43 1 7
15 44 9 7
15 45 10 5
15 46 8 10
15 47 8 4
15 48 8 8
15 49 9 3
15 51 7 7
15 52 3 7
15 53 2 4
15 54 5 6
15 55 8 8
15 56 9 6
15 57 1 10
15 58 2 9
15 59 10 7
15 61 7 6
15 63 7 2
15 64 1 10
15 65 8 10
15 66 2 4
15 67 8 8
15 69 9 1
15 70 4 8
15 71 7 9
15 72 5 7
15 73 10 9
15 74 1 6
15 76 9 7
15 77 8 9
15 78 7 10
15 79 6 2
15 82 4 9
15 83 8 6
15 84 3 8
15 85 5 7
15 86 2 2
15 87 1 8
15 89 8 4
15 90 4 5
15 92 8 6
15 93 10 2
15 95 9 5
15 96 10 8
15 97 10 1
15 99 7 3
15 100 4 4
16 17 10 4
16 18 3 5
16 19 6 1
16 20 2 4
16 21 4 2
16 22 1 5
16 23 1 1
16 24 10 3
16 25 6 2
16 26 6 3
16 27 6 9
16 30 2 2
16 31 10 7
16 33 7 6
16 36 10 10
16 37 1 5
16 38 1 3
16 39 2 8
16 40 6 10
16 41 1 2
16 42 6 10
16 45 6 6
16 46 7 8
16 47 2 5
16 48 10 1
16 50 5 9
16 51 5 6
16 52 7 1
16 53 1 1
16 56 4 4
16 57 9 10
16 59 5 8
16 61 3 7
16 63 5 8
16 64 9 5
16 65 8 7
16 66 6 4
16 68 6 2
16 69 5 1
16 70 9 1
16 71 8 8
16 72 3 2
16 73 3 3
16 74 4 3
16 75 8 10
16 76 10 2
16 77 2 10
16 78 10 10
16 79 8 10
16 80 9 4
16 81 7 2
16 82 7 2
16 83 9 10
16 84 7 9
16 85 5 9
16 86 4 9
16 87 7 4
16 88 8 2
16 89 3 3
16 90 7 3
16 91 8 8
16 93 6 7
16 94 4 3
16 95 1 1
16 97 8 6
16 98 3 10
16 99 10 3
16 100 9 5
17 18 5 10
17 20 8 8
17 22 8 3
17 23 10 1
17 24 6 6
17 25 5 8
17 26 4 4
17 27 8 8
17 28 1 2
17 30 1 2
17 32 5 8
17 34 8 4
17 35 3 4
17 36 4 9
17 37 9 5
17 38 4 1
17 39 8 7
17 40 9 8
17 41 3 8
17 43 5 10
17 45 4 6
17 46 3 9
17 47 3 9
17 48 1 3
17 49 3 9
17 50 8 4
17 54 5 7
17 55 10 8
17 56 9 4
17 57 10 10
17 58 8 1
17 59 9 9
17 60 8 1
17 62 6 2
17 64 2 5
17 65 3 2
17 66 3 10
17 68 1 2
17 69 8 10
17 71 7 8
17 72 8 9
17 73 10 6
17 74 1 7
17 75 7 9
17 76 3 8
17 77 1 5
17 78 9 9
17 80 2 8
17 83 2 10
17 85 6 6
17 86 2 4
17 87 9 6
17 88 5 2
17 91 7 2
17 93 9 6
17 94 6 10
17 95 2 4
17 97 7 4
17 98 1 1
17 99 4 9
17 100 9 4
18 19 6 7
18 20 8 9
18 21 3 8
18 22 5 6
18 23 9 4
18 24 7 8
18 25 4 1
18 26 7 3
18 27 9 1
18 28 9 6
18 29 6 10
18 30 7 6
18 31 6 1
18 32 8 1
18 33 10 10
18 34 6 7
18 35 2 6
18 38 1 7
18 39 4 1
18 42 2 4
18 43 4 10
18 44 4 2
18 45 3 5
18 46 3 5
18 47 3 5
18 48 9 5
18 49 3 10
18 50 2 3
18 51 6 8
18 52 2 7
18 53 2 9
18 54 10 8
18 55 9 2
18 56 6 5
18 57 10 7
18 58 3 3
18 60 8 7
18 64 4 3
18 65 10 4
18 68 2 1
18 70 3 6
18 71 1 3
18 72 7 6
18 73 2 3
18 74 7 1
18 76 10 7
18 78 2 10
18 79 3 10
18 80 7 7
18 81 5 3
18 82 9 9
18 83 5 1
18 84 10 5
18 85 5 1
18 86 6 5
18 87 4 2
18 88 2 1
18 89 4 2
18 90 2 10
18 92 10 9
18 93 5 8
18 94 1 1
18 95 8 3
18 96 7 7
18 97 10 10
18 98 7 4
18 100 9 1
19 21 4 7
19 22 5 7
19 23 1 3
19 24 8 6
19 25 2 7
19 26 8 6
19 27 1 2
19 28 10 2
19 29 4 7
19 30 4 7
19 31 10 6
19 32 7 4
19 33 8 7
19 34 2 8
19 35 8 3
19 36 1 7
19 37 4 10
19 38 5 9
19 39 5 7
19 40 2 3
19 41 5 4
19 42 5 4
19 44 2 7
19 45 8 4
19 46 3 10
19 49 1 9
19 50 3 7
19 51 5 6
19 52 7 3
19 54 3 7
19 55 4 7
19 56 1 8
19 58 4 7
19 59 3 6
19 61 6 1
19 62 4 10
19 64 4 6
19 65 9 7
19 66 8 10
19 67 5 4
19 68 4 9
19 70 10 2
19 71 10 10
19 72 1 6
19 73 7 8
19 74 1 10
19 75 4 3
19 77 8 4
19 78 9 9
19 79 7 9
19 80 2 6
19 81 7 9
19 82 4 2
19 83 5 10
19 84 8 3
19 86 3 4
19 87 9 3
19 88 5 3
19 89 2 6
19 91 4 3
19 92 9 4
19 93 6 6
19 94 7 3
19 95 10 9
19 97 6 5
19 98 8 6
19 99 4 3
19 100 2 3
20 21 4 6
20 22 1 5
20 24 4 6
20 25 1 3
20 26 4 1
20 27 6 1
20 29 8 4
20 30 4 8
20 31 10 1
20 32 8 4
20 33 6 5
20 35 1 7
20 37 8 1
20 38 3 8
20 39 2 7
20 40 9 1
20 42 10 10
20 45 9 3
20 46 5 4
20 47 5 3
20 48 10 5
20 49 5 2
20 50 8 4
20 51 2 3
20 52 5 5
20 53 6 9
20 55 8 5
20 56 2 7
20 57 2 1
20 58 10 2
20 59 10 10
20 61 2 8
20 62 5 2
20 63 9 7
20 64 6 7
20 65 9 9
20 66 3 8
20 67 6 7
20 70 5 10
20 71 2 6
20 72 6 9
20 73 2 1
20 74 1 2
20 75 7 7
20 77 10 7
20 79 5 6
20 80 8 5
20 81 10 6
20 82 1 5
20 84 10 10
20 85 9 2
20 86 10 5
20 87 6 1
20 89 1 2
20 91 6 9
20 92 5 3
20 93 7 8
20 94 7 5
20 95 8 4
20 96 2 8
20 97 1 2
20 98 8 1
20 99 6 6
20 100 3 7
21 22 1 6
21 23 1 4
21 24 6 3
21 25 4 5
21 27 10 10
21 28 8 5
21 29 6 10
21 30 5 6
21 31 1 8
21 32 1 7
21 34 1 6
21 35 7 6
21 36 3 8
21 38 4 1
21 39 6 2
21 40 2 10
21 41 6 10
21 42 10 10
21 43 3 8
21 44 4 8
21 45 2 1
21 46 7 4
21 47 9 9
21 48 10 3
21 49 4 7
21 50 2 9
21 51 9 9
21 52 6 7
21 53 1 6
21 54 10 7
21 55 3 7
21 56 9 3
21 57 10 2
21 58 9 3
21 59 7 9
21 60 3 5
21 61 1 7
21 62 9 8
21 63 5 6
21 65 3 2
21 66 3 9
21 67 9 3
21 68 8 9
21 69 3 3
21 70 1 6
21 71 4 10
21 72 2 8
21 73 5 4
21 74 9 6
21 75 10 2
21 77 1 9
21 79 3 1
21 81 2 3
21 82 3 7
21 83 7 8
21 84 2 3
21 85 1 4
21 86 1 2
21 87 9 1
21 88 6 9
21 90 10 8
21 91 9 2
21 92 9 3
21 93 5 8
21 94 4 3
21 95 6 3
21 97 4 4
21 98 5 1
21 100 1 9
22 23 7 5
22 24 2 3
22 25 9 2
22 27 8 1
22 30 7 8
22 32 2 9
22 33 9 10
22 34 10 9
22 35 8 6
22 36 7 3
22 37 3 3
22 38 9 3
22 39 3 2
22 40 1 3
22 41 1 5
22 42 5 9
22 44 6 10
22 45 8 5
22 46 5 7
22 47 3 6
22 50 5 2
22 51 1 7
22 52 10 2
22 53 8 9
22 55 1 8
22 57 1 4
22 58 10 4
22 60 3 5
22 61 7 7
22 62 2 5
22 64 8 1
22 65 5 1
22 66 7 8
22 67 6 8
22 69 8 5
22 70 7 2
22 72 6 3
22 73 9 9
22 74 2 4
22 75 4 3
22 76 2 1
22 77 10 3
22 78 7 6
22 79 3 7
22 80 4 2
22 82 6 3
22 83 8 10
22 85 7 9
22 86 8 3
22 87 8 2
22 88 7 5
22 89 10 7
22 90 10 8
22 91 8 10
22 92 5 5
22 93 9 4
22 94 6 5
22 95 9 6
22 96 8 4
22 97 3 9
22 99 6 2
22 100 2 4
23 24 2 2
23 25 1 7
23 26 4 6
23 27 2 7
23 28 1 6
23 29 7 1
23 31 5 1
23 32 3 5
23 36 10 5
23 37 10 1
23 38 1 8
23 39 10 1
23 40 4 4
23 42 6 10
23 43 1 10
23 45 5 1
23 47 3 2
23 49 10 10
23 50 9 1
23 51 2 4
23 52 2 2
23 53 4 3
23 55 1 8
23 56 4 6
23 57 4 8
23 58 7 6
23 59 10 7
23 60 1 9
23 61 7 10
23 63 6 5
23 64 5 3
23 65 8 10
23 66 10 4
23 67 4 5
23 68 3 3
23 69 1 9
23 70 7 8
23 71 5 3
23 72 10 4
23 73 7 6
23 75 1 7
23 76 8 1
23 77 6 1
23 79 8 3
23 80 8 6
23 81 3 5
23 82 6 5
23 83 3 7
23 84 6 5
23 85 4 10
23 87 3 2
23 88 9 1
23 89 4 1
23 90 6 2
23 91 1 7
23 92 6 6
23 93 5 6
23 94 3 3
23 95 4 8
23 96 2 6
23 97 7 4
23 99 10 9
24 25 6 9
24 26 10 7
24 27 10 6
24 28 5 7
24 29 4 6
24 30 3 2
24 31 3 7
24 32 5 1
24 33 6 6
24 34 8 9
24 35 4 7
24 36 4 5
24 39 5 4
24 40 3 10
24 41 2 4
24 42 3 1
24 43 10 8
24 44 1 1
24 45 6 1
24 46 5 10
24 47 10 5
24 48 5 3
24 49 9 5
24 50 8 1
24 51 3 2
24 54 1 6
24 55 3 3
24 56 7 1
24 57 6 4
24 58 2 2
24 60 6 10
24 61 4 7
24 62 7 5
24 63 1 5
24 66 4 4
24 67 5 6
24 68 9 9
24 69 6 7
24 70 9 3
24 71 8 2
24 72 8 2
24 73 5 4
24 74 6 4
24 75 6 7
24 76 4 7
24 77 1 3
24 79 2 10
24 81 5 5
24 82 9 7
24 83 3 4
24 84 3 9
24 85 10 5
24 87 4 6
24 91 1 5
24 92 9 6
24 93 6 4
24 94 1 7
24 95 9 5
24 97 6 4
24 98 1 4
24 100 2 6
25 27 9 2
25 28 2 4
25 29 9 7
25 30 2 7
25 31 4 5
25 32 10 4
25 34 6 4
25 35 4 10
25 36 8 8
25 37 1 4
25 38 5 3
25 40 9 9
25 42 6 2
25 43 9 8
25 44 6 1
25 46 6 1
25 47 2 7
25 48 9 6
25 49 8 3
25 50 5 5
25 51 3 9
25 52 6 7
25 53 8 6
25 54 8 8
25 56 6 10
25 57 2 9
25 58 1 10
25 59 8 4
25 60 10 9
25 63 8 3
25 64 3 4
25 65 1 8
25 66 5 7
25 67 8 9
25 68 2 3
25 71 3 10
25 72 8 6
25 73 8 2
25 74 8 7
25 75 2 5
25 76 1 9
25 77 9 6
25 78 2 1
25 79 2 5
25 80 2 6
25 81 4 7
25 82 3 4
25 84 2 6
25 86 5 5
25 87 2 8
25 88 6 7
25 91 8 1
25 93 5 9
25 95 1 10
25 96 7 3
25 97 2 4
25 98 8 5
25 99 1 7
25 100 8 1
26 27 5 9
26 28 3 7
26 29 9 5
26 31 9 5
26 32 2 6
26 33 1 2
26 35 7 7
26 36 9 5
26 37 10 2
26 38 9 4
26 39 4 8
26 40 1 2
26 42 6 8
26 43 2 2
26 44 7 5
26 46 9 1
26 47 9 4
26 48 9 10
26 49 6 5
26 50 4 3
26 51 6 1
26 52 3 2
26 53 10 4
26 54 1 9
26 56 3 10
26 57 3 2
26 58 3 8
26 59 1 4
26 61 3 9
26 62 9 6
26 63 7 9
26 64 3 5
26 65 2 10
26 66 6 6
26 67 8 8
26 68 6 6
26 69 8 1
26 71 4 3
26 72 3 4
26 74 8 2
26 75 8 10
26 76 1 3
26 77 6 1
26 78 9 2
26 79 4 1
26 80 5 2
26 81 4 4
26 82 8 8
26 83 6 5
26 84 8 6
26 86 3 8
26 87 10 4
26 88 4 4
26 89 5 8
26 90 10 8
26 91 3 6
26 92 9 9
26 93 4 8
26 95 7 4
26 97 4 6
26 98 8 5
26 99 3 9
26 100 7 8
27 28 1 9
27 29 1 8
27 30 10 2
27 31 2 8
27 32 8 6
27 33 1 2
27 34 2 10
27 35 1 6
27 37 1 7
27 39 6 8
27 40 8 4
27 42 8 9
27 43 1 3
27 44 1 8
27 45 4 7
27 46 2 2
27 47 2 9
27 48 9 9
27 49 2 1
27 51 6 7
27 53 8 1
27 54 3 6
27 55 10 9
27 57 8 1
27 58 8 6
27 62 2 6
27 63 2 7
27 64 5 1
27 65 5 3
27 66 3 2
27 67 5 5
27 68 7 10
27 69 9 7
27 70 1 9
27 72 5 1
27 73 2 7
27 75 10 4
27 76 1 1
27 77 8 6
27 78 2 4
27 82 5 9
27 83 1 1
27 84 8 8
27 85 7 2
27 86 6 10
27 89 9 10
27 91 7 8
27 92 7 1
27 93 4 7
27 94 3 1
27 96 8 3
27 98 3 5
27 100 8 5
28 29 3 9
28 30 6 7
28 31 5 5
28 32 7 1
28 33 10 6
28 34 9 3
28 35 6 9
28 36 10 1
28 37 8 5
28 38 2 8
28 39 6 9
28 40 4 10
28 41 5 3
28 42 9 9
28 45 8 5
28 46 6 6
28 47 5 1
28 49 4 4
28 50 6 7
28 51 10 7
28 53 2 8
28 54 8 4
28 56 6 1
28 57 2 1
28 58 10 3
28 59 7 6
28 60 9 1
28 61 4 7
28 62 8 4
28 64 10 8
28 65 3 2
28 66 1 6
28 67 7 10
28 68 4 6
28 70 4 10
28 72 1 6
28 73 4 8
28 74 2 6
28 75 6 5
28 76 6 10
28 77 1 9
28 79 2 10
28 80 3 6
28 81 5 8
28 83 1 4
28 84 6 5
28 91 9 4
28 92 4 4
28 93 1 8
28 94 4 4
28 95 1 9
28 96 7 6
28 97 5 9
28 98 7 2
28 99 3 8
28 100 4 9
29 30 5 4
29 32 2 6
29 33 4 9
29 34 7 5
29 35 4 8
29 36 7 7
29 37 1 4
29 38 4 10
29 40 9 8
29 41 10 4
29 42 10 10
29 43 9 4
29 44 5 3
29 45 8 4
29 46 10 9
29 47 8 8
29 50 1 8
29 52 5 4
29 53 5 7
29 54 3 4
29 55 2 4
29 56 1 8
29 58 4 10
29 60 9 8
29 62 4 4
29 64 6 2
29 66 4 3
29 67 1 5
29 68 2 5
29 69 10 10
29 71 6 9
29 72 10 4
29 74 5 7
29 75 1 3
29 76 4 4
29 77 9 6
29 78 4 9
29 79 4 1
29 81 9 5
29 82 2 8
29 83 6 4
29 84 3 4
29 85 9 1
29 86 5 8
29 87 5 10
29 88 2 5
29 89 10 10
29 90 9 10
29 91 2 6
29 92 3 5
29 93 10 9
29 94 9 1
29 95 7 6
29 97 6 5
29 98 3 8
29 99 7 10
29 100 6 4
30 31 8 2
30 32 8 3
30 33 4 5
30 34 8 3
30 35 7 7
30 36 7 1
30 37 10 3
30 38 2 2
30 39 7 8
30 40 4 8
30 41 3 10
30 42 9 10
30 43 9 3
30 44 9 2
30 45 5 4
30 46 6 3
30 47 9 5
30 48 1 10
30 51 5 2
30 52 1 6
30 53 8 2
30 54 5 2
30 55 7 5
30 56 10 6
30 57 8 5
30 58 3 9
30 59 1 5
30 60 1 6
30 62 7 4
30 64 6 6
30 66 4 6
30 67 10 9
30 68 8 9
30 69 8 10
30 70 3 10
30 71 9 9
30 72 9 5
30 74 5 1
30 75 10 5
30 76 3 3
30 78 10 1
30 79 6 1
30 80 10 3
30 81 2 6
30 82 6 6
30 83 10 7
30 84 8 3
30 86 8 9
30 87 4 5
30 88 1 10
30 89 3 4
30 90 6 3
30 92 5 8
30 93 8 8
30 94 1 8
30 95 5 1
30 96 6 5
30 98 4 8
30 100 7 9
31 32 3 4
31 34 5 1
31 36 3 8
31 37 2 6
31 40 5 8
31 42 5 5
31 43 2 3
31 44 5 7
31 45 10 4
31 46 1 10
31 48 6 3
31 50 2 9
31 51 8 1
31 52 9 6
31 53 8 4
31 54 3 7
31 55 6 8
31 56 4 9
31 57 4 2
31 58 3 7
31 59 8 9
31 61 2 9
31 64 5 5
31 65 4 6
31 67 1 6
31 68 10 7
31 69 6 1
31 70 6 9
31 72 3 3
31 73 2 5
31 74 3 3
31 75 10 6
31 76 4 4
31 77 2 5
31 78 7 9
31 79 8 8
31 80 8 10
31 81 9 1
31 82 6 2
31 83 6 6
31 85 6 6
31 86 1 9
31 89 7 7
31 92 2 4
31 94 4 1
31 96 1 2
32 33 9 8
32 34 10 7
32 35 5 9
32 37 1 2
32 38 7 6
32 39 7 1
32 41 1 2
32 42 8 9
32 43 6 4
32 44 10 5
32 45 3 5
32 47 1 1
32 49 8 5
32 50 8 9
32 51 10 1
32 53 3 1
32 54 8 2
32 55 2 10
32 56 7 8
32 58 6 3
32 59 10 5
32 60 2 4
32 61 7 10
32 62 2 1
32 63 5 1
32 64 9 5
32 65 5 1
32 66 3 7
32 67 7 3
32 69 10 2
32 71 8 10
32 72 4 5
32 74 2 4
32 75 1 3
32 76 1 5
32 77 1 2
32 78 7 10
32 79 2 1
32 81 7 5
32 82 6 1
32 83 9 5
32 84 10 9
32 86 4 5
32 87 4 6
32 88 6 8
32 91 1 10
32 92 1 10
32 93 7 4
32 94 10 3
32 96 2 8
32 98 5 10
32 99 6 4
33 34 5 6
33 35 9 7
33 37 7 9
33 38 7 8
33 40 7 2
33 42 2 2
33 43 9 1
33 44 1 4
33 45 6 3
33 46 1 10
33 47 2 10
33 48 1 4
33 49 2 6
33 50 2 9
33 51 10 1
33 53 1 9
33 54 1 8
33 55 7 3
33 56 8 4
33 57 10 1
33 60 8 1
33 62 6 7
33 63 1 1
33 64 2 10
33 65 9 6
33 67 10 5
33 68 9 6
33 70 4 2
33 71 4 7
33 72 8 4
33 73 9 2
33 76 8 3
33 79 7 8
33 80 4 3
33 81 9 4
33 82 9 10
33 83 1 8
33 84 9 1
33 85 8 3
33 86 2 3
33 87 3 8
33 88 10 3
33 89 1 2
33 90 4 1
33 92 10 8
33 93 9 1
33 94 8 3
33 95 9 5
33 96 1 10
33 97 2 6
33 98 8 9
33 99 9 10
33 100 8 4
34 35 9 1
34 37 8 2
34 38 9 1
34 39 5 6
34 40 9 3
34 41 9 7
34 43 6 3
34 44 3 2
34 45 5 5
34 46 10 1
34 47 7 2
34 48 2 7
34 50 3 2
34 51 3 7
34 52 5 5
34 53 9 6
34 55 5 6
34 58 9 5
34 59 7 3
34 60 1 7
34 61 6 7
34 62 10 4
34 63 10 2
34 65 9 10
34 66 5 5
34 68 1 8
34 69 10 3
34 72 9 7
34 73 7 8
34 74 9 8
34 75 1 8
34 77 8 4
34 78 10 6
34 79 9 10
34 80 5 7
34 81 6 9
34 83 8 2
34 84 4 3
34 85 1 7
34 86 4 3
34 87 2 4
34 88 3 4
34 89 8 9
34 90 7 8
34 91 4 6
34 93 9 2
34 95 8 3
34 96 10 10
34 97 10 7
34 98 7 3
34 99 7 8
34 100 3 1
35 36 6 8
35 38 5 4
35 39 1 3
35 41 6 1
35 42 1 6
35 43 9 4
35 44 1 8
35 45 9 1
35 46 6 7
35 47 5 9
35 49 10 4
35 51 2 9
35 54 9 4
35 55 3 7
35 56 8 2
35 57 8 5
35 58 4 9
35 59 9 5
35 62 1 5
35 63 4 10
35 64 1 3
35 65 6 2
35 66 4 7
35 67 2 9
35 68 3 7
35 69 9 3
35 70 1 6
35 71 1 4
35 72 10 3
35 73 2 5
35 74 1 7
35 76 3 2
35 77 5 3
35 78 6 9
35 80 2 4
35 81 1 3
35 82 3 10
35 83 9 10
35 85 4 6
35 86 3 5
35 87 7 6
35 88 10 3
35 89 4 3
35 90 9 10
35 91 6 2
35 93 1 5
35 94 4 2
35 95 8 1
35 97 1 7
35 98 6 4
35 100 4 6
36 37 3 6
36 38 8 10
36 39 8 3
36 40 3 3
36 41 3 1
36 42 3 4
36 43 9 8
36 44 5 9
36 47 6 4
36 48 6 7
36 49 6 5
36 50 1 8
36 53 4 6
36 54 6 8
36 55 10 9
36 56 8 6
36 57 10 1
36 58 1 10
36 59 3 8
36 60 1 1
36 61 9 10
36 62 10 1
36 63 2 1
36 64 1 2
36 68 3 5
36 69 2 5
36 70 4 4
36 72 8 6
36 73 7 5
36 74 8 2
36 75 5 10
36 76 4 2
36 77 5 9
36 81 1 6
36 82 1 1
36 83 7 5
36 84 5 10
36 85 2 5
36 86 9 5
36 87 2 3
36 88 9 3
36 89 2 2
36 90 8 8
36 91 3 7
36 92 3 6
36 93 7 3
36 94 3 9
36 95 10 10
36 96 8 7
36 97 7 7
36 98 6 3
36 99 3 3
36 100 8 8
37 38 8 5
37 41 2 5
37 42 3 6
37 45 2 5
37 46 3 3
37 47 7 10
37 48 2 3
37 51 5 6
37 53 9 6
37 54 4 10
37 55 4 2
37 56 5 3
37 57 1 1
37 58 5 3
37 59 6 2
37 60 3 1
37 61 4 1
37 63 8 5
37 64 6 9
37 65 9 7
37 66 3 2
37 67 8 8
37 68 5 1
37 69 1 10
37 70 10 3
37 71 7 9
37 72 9 10
37 73 5 4
37 74 7 7
37 75 6 10
37 76 6 9
37 78 2 5
37 79 5 4
37 80 6 7
37 83 7 3
37 84 8 10
37 85 7 7
37 86 6 2
37 87 1 1
37 88 10 1
37 89 6 4
37 90 10 7
37 91 8 3
37 92 4 7
37 93 1 5
37 94 2 9
37 95 3 6
37 97 8 4
37 98 4 10
37 99 1 7
37 100 7 4
38 40 7 9
38 41 2 3
38 42 8 8
38 45 10 3
38 46 6 1
38 48 2 9
38 49 9 7
38 50 9 9
38 52 9 10
38 54 7 1
38 55 6 1
38 56 1 4
38 57 1 2
38 58 8 4
38 60 5 2
38 61 10 5
38 62 10 3
38 63 5 10
38 66 7 10
38 67 10 10
38 68 9 2
38 69 8 5
38 70 4 2
38 71 9 10
38 73 4 8
38 74 7 2
38 77 6 1
38 79 2 2
38 80 4 4
38 81 10 3
38 82 9 6
38 83 3 1
38 84 1 9
38 85 10 3
38 87 2 5
38 88 10 6
38 91 1 9
38 92 3 3
38 93 2 3
38 94 4 3
38 95 10 3
38 96 6 7
38 97 4 1
38 98 7 8
38 99 8 9
38 100 9 2
39 40 1 3
39 41 2 9
39 42 7 3
39 43 8 3
39 44 1 10
39 45 9 2
39 46 2 4
39 47 9 6
39 48 1 3
39 49 4 10
39 53 7 7
39 54 1 4
39 56 3 5
39 58 1 7
39 60 2 1
39 63 8 5
39 64 10 8
39 65 9 1
39 66 1 5
39 67 7 3
39 69 10 9
39 70 9 5
39 71 10 3
39 72 2 4
39 75 10 4
39 76 1 6
39 77 2 7
39 78 6 9
39 79 6 1
39 81 4 10
39 82 2 8
39 83 1 5
39 84 6 5
39 86 7 1
39 87 7 6
39 88 4 10
39 89 2 2
39 90 6 1
39 91 1 5
39 92 4 6
39 93 8 4
39 94 9 3
39 96 3 9
39 97 8 2
39 98 6 3
39 99 2 8
39 100 5 10
40 41 8 9
40 42 7 9
40 43 9 5
40 44 8 5
40 47 8 3
40 48 8 8
40 49 6 9
40 50 9 7
40 51 5 8
40 52 1 7
40 54 6 7
40 55 2 8
40 56 1 9
40 58 1 4
40 62 8 1
40 63 3 4
40 65 4 6
40 66 4 6
40 68 1 8
40 69 5 2
40 70 5 5
40 71 2 7
40 72 1 4
40 73 3 6
40 74 1 9
40 76 1 10
40 77 2 2
40 78 10 5
40 79 9 7
40 80 2 9
40 81 7 10
40 82 2 6
40 84 5 7
40 86 4 5
40 87 7 1
40 88 9 3
40 91 2 5
40 92 7 7
40 93 8 1
40 94 3 8
40 95 7 3
40 96 1 9
40 98 7 6
40 99 3 8
40 100 9 5
41 42 5 8
41 44 9 3
41 45 8 8
41 46 9 7
41 47 3 5
41 48 7 4
41 49 3 4
41 50 3 6
41 51 8 9
41 53 9 3
41 54 5 5
41 56 6 6
41 57 10 1
41 58 2 5
41 59 3 5
41 62 6 2
41 63 7 5
41 64 1 7
41 65 8 1
41 66 3 4
41 67 2 9
41 69 8 3
41 70 10 3
41 71 4 4
41 72 4 5
41 73 8 7
41 74 3 5
41 75 4 4
41 76 2 5
41 77 7 5
41 78 2 2
41 80 4 10
41 81 4 6
41 82 7 5
41 83 3 1
41 84 1 5
41 85 2 2
41 87 6 6
41 88 1 5
41 90 8 2
41 91 10 9
41 92 8 1
41 93 3 6
41 94 3 5
41 96 9 7
41 97 8 1
41 99 7 5
41 100 6 9
42 43 6 8
42 44 6 9
42 45 7 5
42 46 5 7
42 47 8 10
42 48 1 4
42 49 5 3
42 50 10 7
42 52 2 6
42 53 10 10
42 54 4 1
42 55 1 10
42 56 9 7
42 57 3 4
42 58 2 5
42 59 2 1
42 60 6 5
42 61 2 7
42 62 5 1
42 63 8 4
42 65 6 5
42 66 4 4
42 67 1 7
42 68 3 4
42 70 10 6
42 72 8 9
42 74 4 8
42 75 1 3
42 77 3 6
42 78 9 10
42 79 1 6
42 80 6 5
42 82 6 5
42 83 2 2
42 84 1 5
42 85 10 1
42 87 5 1
42 88 4 9
42 89 10 1
42 91 9 8
42 94 8 4
42 95 7 8
42 97 4 8
42 98 8 5
42 100 7 9
43 44 10 2
43 45 6 2
43 46 8 1
43 47 1 3
43 48 3 9
43 49 6 7
43 50 2 9
43 53 10 1
43 54 2 6
43 55 2 7
43 56 10 1
43 57 3 6
43 58 4 7
43 59 4 2
43 60 6 3
43 64 2 4
43 65 3 3
43 66 2 6
43 67 2 9
43 68 2 7
43 69 4 4
43 70 1 5
43 72 3 10
43 75 8 7
43 76 9 7
43 77 1 4
43 79 2 2
43 80 3 8
43 81 5 2
43 82 8 7
43 83 5 10
43 84 2 5
43 86 2 6
43 88 6 7
43 89 4 7
43 90 7 9
43 91 7 7
43 92 5 9
43 94 10 4
43 95 7 8
43 96 8 3
43 98 1 10
43 100 10 1
44 46 2 10
44 47 9 5
44 48 4 8
44 49 3 4
44 50 1 10
44 52 4 3
44 53 7 7
44 54 5 7
44 56 6 5
44 57 7 6
44 58 2 1
44 59 9 5
44 60 7 4
44 61 6 8
44 62 1 9
44 64 1 8
44 66 5 7
44 67 6 5
44 68 2 1
44 69 6 2
44 70 3 6
44 71 3 1
44 72 3 1
44 74 7 10
44 75 8 5
44 77 8 6
44 78 3 10
44 79 3 4
44 80 9 3
44 81 4 5
44 82 9 8
44 83 7 2
44 84 3 10
44 85 5 6
44 86 4 5
44 87 3 10
44 89 5 4
44 90 4 6
44 91 6 8
44 92 7 9
44 93 4 8
44 94 10 7
44 95 4 3
44 97 1 10
44 98 1 7
44 99 6 6
45 47 2 6
45 48 2 5
45 49 4 10
45 50 4 3
45 51 9 7
45 52 7 6
45 53 10 1
45 54 6 4
45 55 9 4
45 56 6 5
45 57 7 4
45 58 7 5
45 59 1 2
45 60 1 5
45 61 6 2
45 62 7 1
45 63 1 9
45 64 3 9
45 65 10 1
45 66 6 3
45 67 6 3
45 69 8 7
45 70 9 7
45 72 10 3
45 73 6 6
45 75 10 6
45 76 8 3
45 77 2 5
45 78 4 10
45 80 1 9
45 81 7 3
45 82 2 4
45 83 4 8
45 84 3 9
45 85 10 9
45 86 9 10
45 89 8 1
45 90 4 6
45 91 5 5
45 93 6 2
45 94 3 4
45 95 3 10
45 96 1 6
45 97 7 6
45 98 9 4
45 99 9 9
45 100 1 1
46 48 8 10
46 49 5 6
46 50 9 1
46 51 9 4
46 52 5 4
46 54 6 1
46 55 10 2
46 56 7 4
46 57 10 5
46 58 5 4
46 60 1 2
46 62 9 5
46 63 8 10
46 64 4 5
46 65 9 7
46 67 3 3
46 68 8 2
46 69 10 6
46 70 8 7
46 72 6 1
46 73 9 4
46 74 1 7
46 75 6 7
46 76 8 2
46 79 10 4
46 81 6 3
46 83 1 8
46 84 10 1
46 85 9 9
46 86 10 8
46 87 8 3
46 88 7 3
46 89 2 9
46 90 5 4
46 91 7 7
46 92 6 1
46 93 8 3
46 94 9 2
46 95 3 5
46 96 5 8
46 97 3 9
46 98 2 9
46 99 7 8
46 100 6 6
47 48 7 4
47 49 2 4
47 50 10 3
47 51 2 7
47 52 6 2
47 53 3 2
47 54 8 10
47 55 10 10
47 56 8 5
47 57 4 1
47 58 2 8
47 59 8 7
47 60 3 3
47 62 6 4
47 63 7 5
47 65 7 5
47 67 1 6
47 69 7 3
47 70 3 7
47 71 9 7
47 72 3 1
47 73 10 8
47 74 2 5
47 75 8 8
47 77 7 7
47 78 10 5
47 79 3 3
47 81 9 7
47 82 7 6
47 86 8 9
47 87 9 6
47 88 4 10
47 89 8 4
47 90 6 10
47 91 10 3
47 92 6 2
47 93 10 1
47 94 2 2
47 95 1 1
47 96 7 6
47 98 8 8
47 99 3 5
47 100 6 6
48 49 7 2
48 50 7 9
48 51 2 7
48 53 3 9
48 54 6 8
48 55 6 7
48 57 8 9
48 58 2 7
48 59 8 9
48 60 4 8
48 61 6 6
48 64 8 10
48 66 7 7
48 67 2 6
48 68 5 5
48 71 4 3
48 72 3 1
48 73 6 9
48 74 2 7
48 75 3 3
48 76 8 10
48 77 10 5
48 79 1 2
48 80 9 3
48 81 8 3
48 82 10 5
48 83 2 3
48 85 7 6
48 87 4 2
48 88 1 3
48 89 1 8
48 90 5 4
48 91 9 5
48 92 1 3
48 93 4 10
48 94 4 2
48 95 10 1
48 96 5 6
48 97 8 9
48 99 5 10
48 100 1 8
49 50 6 8
49 51 10 5
49 52 5 9
49 53 2 6
49 55 5 2
49 56 9 5
49 58 1 1
49 59 1 2
49 60 2 9
49 62 9 1
49 63 2 2
49 64 2 5
49 66 5 7
49 67 10 1
49 68 8 9
49 69 9 3
49 70 5 6
49 73 9 7
49 75 1 5
49 76 4 1
49 78 9 2
49 79 6 6
49 80 4 6
49 82 10 2
49 83 9 10
49 84 5 3
49 85 2 7
49 86 6 6
49 87 2 7
49 88 10 5
49 89 7 8
49 90 9 2
49 91 7 2
49 93 10 4
49 94 4 5
49 95 9 10
49 96 6 5
49 98 2 7
49 99 10 2
49 100 7 1
50 51 1 3
50 52 9 2
50 53 1 8
50 54 4 3
50 55 4 3
50 56 9 4
50 57 7 10
50 59 4 10
50 60 3 5
50 61 8 7
50 62 6 7
50 63 5 5
50 66 8 5
50 68 6 6
50 71 6 10
50 72 5 1
50 73 3 3
50 75 1 3
50 76 1 4
50 78 8 10
50 79 4 1
50 80 7 5
50 81 4 6
50 83 1 8
50 84 9 10
50 85 2 7
50 87 5 3
50 88 3 4
50 90 6 8
50 92 3 2
50 96 6 1
50 99 7 1
51 53 9 1
51 54 1 8
51 55 7 5
51 56 9 1
51 57 5 5
51 58 9 4
51 59 7 7
51 60 10 1
51 61 7 9
51 62 3 9
51 64 10 8
51 65 6 1
51 67 2 9
51 69 9 3
51 73 8 9
51 74 7 1
51 75 3 5
51 77 7 2
51 79 2 10
51 81 1 9
51 83 3 5
51 84 4 1
51 85 2 7
51 86 1 2
51 87 10 8
51 88 9 9
51 89 3 3
51 90 4 7
51 91 6 3
51 92 9 5
51 93 1 7
51 96 6 8
51 97 1 1
51 99 4 3
52 53 6 2
52 54 5 1
52 55 5 7
52 57 9 10
52 58 6 1
52 59 6 6
52 60 10 6
52 62 5 1
52 65 10 9
52 66 7 10
52 67 1 7
52 69 9 2
52 70 3 5
52 71 8 9
52 73 2 8
52 74 4 5
52 75 2 4
52 78 10 7
52 80 10 9
52 81 3 7
52 82 8 6
52 83 2 1
52 85 10 4
52 87 1 10
52 88 5 7
52 89 10 2
52 90 2 1
52 91 8 10
52 92 1 5
52 93 2 1
52 94 4 2
52 95 3 2
52 96 4 6
52 97 4 5
52 98 9 6
52 99 10 1
53 54 1 9
53 55 3 6
53 56 7 5
53 58 10 1
53 60 9 10
53 61 1 6
53 62 5 9
53 63 9 10
53 64 5 8
53 65 10 7
53 66 8 9
53 67 4 6
53 68 10 2
53 69 9 3
53 70 7 5
53 71 3 10
53 73 8 9
53 76 3 1
53 77 9 3
53 78 2 7
53 79 6 4
53 80 2 9
53 81 10 7
53 83 1 7
53 84 3 5
53 85 9 8
53 86 7 1
53 87 1 3
53 88 2 2
53 91 8 10
53 93 7 7
53 94 3 8
53 95 3 9
53 96 5 4
53 97 8 7
53 98 9 7
53 99 2 5
53 100 7 8
54 55 3 6
54 56 7 5
54 57 3 9
54 61 5 3
54 63 7 10
54 65 9 4
54 66 9 1
54 68 4 6
54 70 3 7
54 72 5 6
54 73 1 4
54 74 5 1
54 76 6 9
54 79 10 4
54 80 5 3
54 83 4 3
54 84 10 1
54 86 7 2
54 87 8 7
54 88 7 7
54 89 3 9
54 90 8 3
54 91 5 8
54 92 1 3
54 93 4 5
54 94 3 10
54 95 3 3
54 96 10 10
54 99 1 5
54 100 9 9
55 56 2 10
55 57 2 5
55 59 3 3
55 60 4 8
55 61 2 3
55 63 6 3
55 64 10 3
55 66 6 8
55 67 7 2
55 68 7 7
55 69 7 5
55 70 9 4
55 71 1 8
55 72 9 8
55 73 7 7
55 74 3 2
55 75 5 1
55 76 8 2
55 77 1 3
55 81 6 5
55 82 4 3
55 84 3 7
55 85 1 2
55 86 8 10
55 87 6 4
55 88 2 5
55 89 8 3
55 90 6 3
55 91 9 3
55 92 8 8
55 93 6 5
55 94 1 8
55 95 9 5
55 96 3 10
55 98 4 1
55 99 2 2
55 100 3 1
56 57 5 10
56 59 3 6
56 60 8 9
56 61 3 1
56 62 2 7
56 63 1 5
56 64 1 10
56 65 7 5
56 66 2 6
56 67 5 3
56 70 8 10
56 74 3 7
56 75 7 4
56 77 10 4
56 78 5 4
56 79 1 1
56 80 2 9
56 81 3 9
56 83 9 4
56 84 6 8
56 85 7 7
56 86 5 4
56 87 4 4
56 88 6 4
56 90 8 5
56 91 3 1
56 93 5 4
56 94 6 7
56 95 2 1
56 96 10 7
56 97 5 8
56 98 1 7
56 99 7 4
56 100 9 6
57 58 6 2
57 59 3 9
57 61 6 6
57 62 4 10
57 63 3 2
57 65 1 10
57 66 4 3
57 67 1 7
57 68 5 6
57 69 3 10
57 70 4 6
57 71 1 10
57 72 5 7
57 73 1 8
57 74 2 9
57 75 2 7
57 76 6 6
57 77 1 2
57 78 4 1
57 79 8 9
57 80 8 2
57 81 3 9
57 82 4 5
57 84 10 1
57 86 4 8
57 87 6 5
57 88 8 8
57 89 1 1
57 90 8 1
57 91 4 8
57 92 5 8
57 93 7 1
57 94 3 1
57 96 5 1
57 97 10 3
57 98 7 5
57 99 5 5
57 100 7 8
58 59 1 9
58 60 5 4
58 64 8 6
58 65 10 5
58 66 3 2
58 67 10 1
58 68 1 7
58 69 6 2
58 70 3 9
58 73 6 2
58 74 8 6
58 75 4 7
58 76 7 8
58 77 6 1
58 78 3 10
58 79 10 6
58 80 8 5
58 81 1 3
58 82 8 8
58 83 8 5
58 85 7 4
58 86 5 5
58 88 8 6
58 90 3 9
58 91 1 2
58 92 7 4
58 93 4 9
58 96 4 1
58 97 2 7
58 98 8 7
58 99 7 3
58 100 1 4
59 60 6 2
59 61 3 7
59 62 5 4
59 63 2 6
59 64 7 9
59 65 10 4
59 67 9 10
59 68 1 8
59 69 6 10
59 70 3 10
59 71 10 7
59 72 10 2
59 75 4 8
59 76 7 4
59 77 3 8
59 78 8 8
59 79 2 6
59 80 9 3
59 81 9 2
59 82 7 9
59 83 5 6
59 84 4 5
59 85 6 7
59 86 10 7
59 87 10 5
59 88 2 7
59 89 2 6
59 90 9 5
59 91 5 8
59 92 10 10
59 94 8 8
59 95 10 3
59 96 8 10
59 98 3 6
59 99 9 1
59 100 7 9
60 61 6 7
60 62 2 8
60 63 6 3
60 64 1 7
60 66 10 4
60 67 5 8
60 68 6 10
60 69 9 10
60 71 5 3
60 73 3 8
60 74 8 10
60 75 1 2
60 76 10 7
60 80 5 2
60 81 5 2
60 83 4 2
60 84 4 10
60 85 8 5
60 87 9 1
60 88 9 4
60 89 2 8
60 90 7 10
60 93 2 9
60 96 9 7
60 97 7 7
60 98 4 9
60 99 3 2
60 100 9 9
61 63 9 6
61 64 3 4
61 66 7 9
61 67 6 1
61 68 1 7
61 69 4 8
61 70 4 2
61 71 3 8
61 72 7 8
61 73 10 6
61 74 8 1
61 78 6 10
61 79 10 7
61 80 3 8
61 81 5 4
61 82 3 9
61 83 3 7
61 84 4 5
61 85 1 3
61 86 7 9
61 87 2 5
61 88 8 10
61 89 3 8
61 90 6 6
61 92 10 8
61 94 5 8
61 95 10 2
61 96 10 8
61 97 3 5
61 98 10 2
61 99 5 1
61 100 2 5
62 63 10 7
62 64 3 2
62 65 1 3
62 67 6 4
62 68 5 6
62 70 9 10
62 71 10 8
62 72 10 6
62 74 5 3
62 75 5 8
62 76 4 2
62 77 5 10
62 78 5 9
62 79 2 7
62 80 2 2
62 81 9 3
62 82 7 10
62 84 9 2
62 85 9 5
62 86 1 10
62 87 10 2
62 88 7 9
62 89 10 4
62 90 7 7
62 91 7 2
62 92 6 2
62 93 3 5
62 94 10 2
62 95 7 3
62 97 6 5
62 98 3 2
62 99 6 1
62 100 4 2
63 64 2 6
63 65 5 2
63 68 6 6
63 69 4 8
63 70 7 10
63 71 2 2
63 72 3 3
63 73 8 2
63 74 10 10
63 75 7 9
63 76 6 1
63 78 9 5
63 80 10 7
63 82 5 4
63 83 7 3
63 84 9 3
63 85 2 5
63 86 9 4
63 87 6 7
63 88 6 2
63 89 4 4
63 90 1 1
63 91 7 5
63 92 10 4
63 93 3 7
63 94 9 10
63 98 5 5
63 99 8 3
63 100 9 1
64 66 3 5
64 67 3 3
64 68 2 1
64 69 7 6
64 71 6 3
64 72 4 9
64 74 3 2
64 75 5 7
64 76 1 3
64 77 2 3
64 78 1 5
64 80 10 2
64 81 4 9
64 82 4 7
64 83 7 5
64 84 1 10
64 86 4 9
64 87 10 1
64 88 7 2
64 89 10 6
64 91 7 10
64 92 5 8
64 93 8 4
64 94 10 2
64 95 7 5
64 96 2 10
64 97 9 3
64 98 7 8
64 99 3 2
64 100 8 10
65 66 6 5
65 67 2 1
65 68 8 6
65 69 7 2
65 70 6 10
65 71 4 9
65 72 6 2
65 73 10 1
65 74 3 8
65 75 3 3
65 77 1 4
65 78 1 10
65 79 2 7
65 80 8 9
65 81 10 8
65 83 10 1
65 84 1 2
65 85 5 8
65 88 10 10
65 89 5 6
65 90 6 6
65 91 9 5
65 92 3 2
65 93 7 10
65 94 4 8
65 95 5 1
65 96 4 4
65 97 2 1
65 98 9 2
65 100 3 4
66 67 9 10
66 68 3 6
66 69 3 9
66 70 7 1
66 71 2 3
66 72 1 3
66 73 6 2
66 74 6 8
66 76 3 6
66 77 10 8
66 78 9 8
66 80 3 9
66 81 1 4
66 82 9 5
66 84 5 6
66 85 5 10
66 87 8 8
66 88 6 2
66 89 6 2
66 90 8 2
66 91 8 4
66 92 3 4
66 93 4 10
66 94 1 8
66 96 1 8
66 99 6 7
66 100 2 7
67 68 7 3
67 69 7 10
67 70 8 4
67 71 5 3
67 72 5 9
67 73 2 6
67 74 9 3
67 75 3 1
67 76 4 2
67 77 6 6
67 78 2 1
67 80 5 8
67 81 8 2
67 82 6 4
67 83 9 10
67 85 5 6
67 87 6 7
67 89 8 8
67 90 7 6
67 92 4 6
67 93 3 6
67 94 2 6
67 95 8 9
67 96 3 5
67 97 9 10
67 98 5 5
68 70 9 7
68 71 4 2
68 72 10 7
68 73 9 5
68 74 5 6
68 75 5 6
68 76 3 2
68 79 5 6
68 80 7 5
68 82 6 3
68 84 1 8
68 85 9 3
68 87 3 5
68 88 8 2
68 89 9 3
68 90 9 1
68 91 9 4
68 92 2 2
68 93 1 2
68 94 6 6
68 96 9 4
68 97 9 8
68 98 5 4
68 99 4 2
68 100 1 3
69 70 6 7
69 71 1 4
69 72 4 9
69 73 7 9
69 74 1 3
69 75 6 6
69 76 2 7
69 77 7 3
69 79 9 10
69 80 10 5
69 81 6 1
69 82 1 5
69 83 3 6
69 84 1 10
69 85 9 8
69 86 6 4
69 87 2 6
69 88 10 1
69 90 6 6
69 91 1 2
69 93 9 8
69 94 5 2
69 95 2 5
69 96 7 2
69 97 1 5
69 98 4 2
69 99 6 2
69 100 1 10
70 71 10 2
70 72 3 1
70 73 7 6
70 75 8 3
70 76 1 8
70 77 3 4
70 78 8 10
70 79 2 2
70 80 10 10
70 81 10 9
70 82 9 3
70 83 5 5
70 84 8 2
70 86 3 8
70 87 5 2
70 90 3 4
70 91 4 2
70 92 6 2
70 93 8 3
70 94 3 4
70 95 4 1
70 96 8 5
70 97 4 1
70 98 5 7
70 99 1 5
70 100 2 6
71 72 8 10
71 73 9 8
71 75 2 3
71 76 3 4
71 77 6 2
71 78 4 9
71 79 9 7
71 80 8 2
71 81 4 1
71 83 9 8
71 84 6 9
71 85 2 6
71 86 2 6
71 87 10 2
71 89 6 5
71 90 6 9
71 91 4 9
71 92 3 3
71 93 5 10
71 94 9 1
71 95 3 5
71 96 10 5
71 97 9 6
71 100 6 4
72 73 8 1
72 75 2 1
72 76 5 3
72 77 7 9
72 78 1 9
72 80 2 3
72 81 10 2
72 83 6 7
72 84 9 3
72 85 1 7
72 86 10 6
72 87 2 7
72 88 8 7
72 90 3 6
72 91 10 7
72 94 6 10
72 95 6 9
72 98 9 8
72 99 4 7
73 74 8 7
73 75 2 6
73 78 2 5
73 79 10 6
73 80 8 6
73 82 1 2
73 83 8 5
73 86 2 3
73 88 6 7
73 89 10 10
73 90 8 2
73 91 8 3
73 92 5 2
73 93 1 1
73 95 10 5
73 96 5 5
73 97 1 9
73 98 9 7
73 99 6 1
73 100 8 3
74 75 3 9
74 76 6 4
74 77 2 8
74 78 1 10
74 79 4 1
74 80 5 10
74 82 1 5
74 85 6 8
74 86 2 8
74 87 9 4
74 90 1 9
74 91 7 8
74 92 2 3
74 93 3 2
74 94 3 8
74 95 1 10
74 96 6 10
74 97 7 2
74 100 9 7
75 76 9 6
75 77 6 9
75 78 9 7
75 81 10 4
75 82 10 9
75 83 8 7
75 84 4 3
75 86 5 8
75 87 3 6
75 88 5 6
75 89 6 4
75 90 1 4
75 91 4 5
75 92 4 3
75 93 3 9
75 94 2 5
75 95 10 4
75 96 10 10
75 98 1 9
75 100 6 4
76 77 4 7
76 78 9 7
76 79 7 9
76 80 6 3
76 81 3 1
76 82 5 5
76 84 3 3
76 85 8 1
76 88 9 2
76 89 3 2
76 90 1 3
76 91 1 2
76 92 8 5
76 94 4 6
76 95 3 2
76 97 5 2
76 100 3 3
77 78 8 1
77 79 9 10
77 80 2 10
77 81 1 3
77 82 7 2
77 83 8 10
77 85 10 3
77 86 4 7
77 87 8 2
77 88 9 8
77 89 2 4
77 90 3 3
77 91 4 6
77 92 5 2
77 93 8 10
77 94 7 5
77 95 4 10
77 97 7 7
77 98 8 6
77 99 3 6
78 82 3 8
78 83 10 8
78 84 4 2
78 85 5 5
78 86 1 10
78 87 3 5
78 88 2 8
78 90 5 3
78 91 6 7
78 92 7 2
78 93 7 4
78 94 1 2
78 95 9 10
78 96 4 6
78 97 1 10
78 100 1 9
79 80 6 4
79 81 9 3
79 82 6 2
79 83 7 3
79 85 3 9
79 86 9 6
79 87 8 5
79 90 9 5
79 91 8 1
79 94 9 8
79 95 4 4
79 96 4 10
79 97 4 1
79 98 9 1
79 99 5 7
79 100 4 3
80 81 7 9
80 82 2 5
80 83 2 10
80 84 9 4
80 85 6 6
80 87 6 2
80 88 5 1
80 89 8 6
80 91 3 7
80 93 4 9
80 94 3 3
80 95 4 10
80 96 9 2
80 100 2 1
81 82 1 1
81 84 1 8
81 85 9 6
81 86 9 8
81 87 3 10
81 88 9 2
81 89 6 1
81 90 3 9
81 91 6 8
81 93 10 3
81 94 5 5
81 95 5 5
81 96 10 4
81 97 2 2
81 100 9 8
82 83 3 7
82 84 1 1
82 85 5 7
82 86 3 3
82 88 7 8
82 89 10 8
82 91 4 10
82 92 7 6
82 93 9 2
82 94 2 4
82 95 5 6
82 96 8 8
82 98 2 3
82 99 3 4
82 100 8 6
83 84 1 7
83 85 8 4
83 88 3 7
83 89 5 1
83 90 4 5
83 92 2 3
83 93 5 5
83 96 8 3
83 98 8 2
83 99 1 8
83 100 9 5
84 85 6 2
84 87 10 7
84 88 1 8
84 89 5 7
84 90 7 4
84 91 2 10
84 92 10 7
84 93 4 10
84 97 6 2
84 100 7 1
85 87 4 4
85 88 2 5
85 89 3 5
85 91 8 5
85 93 2 7
85 94 9 7
85 95 4 5
85 96 2 7
85 97 9 2
85 98 5 9
85 99 10 9
85 100 1 10
86 87 3 1
86 88 5 7
86 89 5 3
86 90 4 5
86 91 1 10
86 92 10 6
86 93 10 1
86 94 6 7
86 95 6 4
86 96 9 2
86 98 8 9
86 99 8 5
87 88 7 1
87 89 1 10
87 90 1 5
87 91 6 10
87 92 3 3
87 95 7 8
87 96 5 3
87 97 1 8
87 98 2 3
87 100 5 5
88 89 4 3
88 90 1 7
88 92 9 6
88 94 2 5
88 95 10 10
88 96 7 2
88 97 6 8
88 98 2 6
88 99 3 10
88 100 1 9
89 90 5 2
89 91 5 10
89 92 1 7
89 93 3 10
89 94 9 2
89 95 3 4
89 96 7 1
89 97 9 1
89 98 8 6
89 99 5 4
89 100 9 7
90 91 5 7
90 92 9 4
90 93 4 3
90 94 1 1
90 95 5 9
90 96 9 4
90 97 1 7
90 99 10 2
90 100 8 8
91 93 10 9
91 94 3 6
91 95 3 1
91 96 10 4
91 97 10 10
91 98 2 7
91 99 9 5
92 94 5 4
92 95 3 4
92 96 3 6
92 99 9 9
93 94 1 1
93 95 10 9
93 96 10 5
93 97 1 3
93 98 9 5
94 96 4 4
94 97 10 3
94 98 2 5
95 96 5 9
95 98 9 10
95 99 1 9
95 100 7 10
96 97 8 8
96 98 1 4
96 99 8 7
96 100 10 8
97 98 4 4
97 99 1 10
97 100 8 7
98 99 4 8
99 100 7 5
1
1 2 3 4 5 6 7 8 9 10 11 12 13 14 15 16 17 18 19 20 21 22 23 24 25 26 27 28 29 30 31 32 33 34 35 36 37 38 39 40 41 42 43 44 45 46 47 48 49 50
