3949
1 2 8 10
1 3 2 5
1 4 5 8
1 5 1 5
1 6 4 2
1 7 5 1
1 9 4 9
1 10 5 10
1 11 8 2
1 12 8 1
1 13 10 3
1 14 9 4
1 15 6 5
1 16 10 10
1 19 4 1
1 20 3 7
1 21 9 7
1 22 10 8
1 23 5 4
1 25 10 4
1 26 5 5
1 28 1 9
1 29 10 6
1 30 3 9
1 32 1 1
1 33 1 8
1 34 7 6
1 35 7 1
1 36 5 9
1 37 1 10
1 39 7 5
1 40 1 7
1 41 7 10
1 42 1 1
1 43 8 8
1 44 1 10
1 45 9 5
1 46 3 2
1 47 2 7
1 49 9 8
1 50 1 7
1 51 7 5
1 53 6 2
1 54 8 5
1 55 10 4
1 56 3 3
1 57 3 4
1 58 4 9
1 59 3 8
1 60 5 3
1 62 7 6
1 64 4 7
1 65 2 6
1 66 1 8
1 67 8 3
1 68 5 6
1 69 2 1
1 70 2 10
1 71 9 8
1 72 7 3
1 74 7 4
1 75 8 5
1 76 2 2
1 77 8 6
1 78 7 7
1 79 9 9
1 81 10 5
1 82 8 6
1 83 8 4
1 84 7 1
1 85 9 6
1 86 4 8
1 87 3 9
1 89 10 9
1 90 1 9
1 91 4 1
1 92 10 2
1 94 9 8
1 95 3 9
1 96 8 7
1 97 6 9
1 98 9 2
1 99 3 9
1 100 7 3
2 3 5 1
2 4 10 4
2 5 3 6
2 6 9 4
2 8 1 9
2 10 6 9
2 11 10 8
2 12 1 4
2 13 1 8
2 14 6 8
2 15 6 5
2 17 7 9
2 18 10 8
2 19 9 5
2 20 5 5
2 21 10 5
2 22 8 4
2 24 4 5
2 25 7 9
2 26 3 4
2 27 4 2
2 28 6 8
2 29 10 9
2 30 3 4
2 33 6 8
2 34 5 8
2 35 9 10
2 36 6 6
2 37 5 10
2 38 3 1
2 39 3 1
2 41 7 1
2 43 1 1
2 44 2 3
2 45 5 4
2 46 1 3
2 47 10 6
2 51 9 8
2 52 4 1
2 53 5 10
2 55 4 1
2 57 1 7
2 58 4 9
2 59 1 7
2 60 4 8
2 61 6 5
2 62 8 3
2 63 2 3
2 64 8 4
2 65 7 9
2 67 8 9
2 68 2 6
2 69 8 4
2 70 9 10
2 72 1 4
2 73 9 5
2 74 2 10
2 75 2 8
2 76 3 6
2 77 1 3
2 78 6 6
2 79 4 4
2 80 1 3
2 81 1 7
2 82 3 2
2 83 4 8
2 84 7 7
2 85 7 3
2 86 8 6
2 88 3 9
2 89 3 7
2 92 10 8
2 94 1 10
2 95 7 9
2 97 9 9
2 99 6 8
2 100 2 9
3 6 8 5
3 7 4 3
3 8 5 4
3 9 7 3
3 10 2 8
3 12 3 9
3 13 1 5
3 14 10 4
3 15 7 3
3 16 9 3
3 17 10 2
3 18 3 8
3 20 1 7
3 21 7 2
3 22 8 6
3 23 5 10
3 24 8 6
3 25 2 9
3 26 9 8
3 27 7 9
3 28 10 8
3 29 8 8
3 30 9 10
3 31 9 1
3 32 7 3
3 33 7 4
3 34 9 9
3 35 9 7
3 36 2 9
3 38 5 1
3 39 5 2
3 40 10 10
3 42 6 3
3 43 2 4
3 44 6 6
3 45 3 10
3 46 5 1
3 48 4 6
3 49 4 7
3 50 5 8
3 51 5 9
3 52 7 8
3 53 6 6
3 55 7 9
3 57 7 4
3 59 6 2
3 61 8 5
3 63 10 5
3 64 7 9
3 65 5 1
3 66 3 5
3 67 6 9
3 68 7 2
3 69 7 3
3 70 6 9
3 72 4 2
3 73 8 2
3 74 9 6
3 76 2 4
3 77 5 3
3 78 6 2
3 79 6 9
3 80 10 10
3 81 2 3
3 82 8 8
3 83 5 7
3 84 10 1
3 85 9 3
3 86 6 1
3 87 10 6
3 88 8 3
3 89 10 4
3 90 4 7
3 93 7 7
3 94 6 10
3 98 4 4
3 100 1 2
4 5 2 7
4 6 10 2
4 7 9 4
4 9 8 9
4 11 4 5
4 12 6 4
4 13 2 4
4 14 10 3
4 15 8 9
4 16 6 3
4 17 2 4
4 18 7 3
4 19 4 10
4 20 3 10
4 21 8 3
4 22 10 3
4 23 9 1
4 24 4 8
4 28 1 3
4 29 3 2
4 30 1 3
4 31 1 9
4 32 2 8
4 33 9 3
4 37 9 4
4 38 2 8
4 40 10 7
4 41 5 8
4 42 3 3
4 44 8 10
4 46 10 9
4 47 9 5
4 48 5 8
4 49 8 10
4 50 10 5
4 51 1 6
4 52 8 6
4 55 8 3
4 56 3 3
4 57 9 9
4 58 10 2
4 59 4 2
4 60 1 10
4 61 4 3
4 62 7 7
4 63 3 5
4 64 9 1
4 65 6 3
4 66 7 6
4 71 1 3
4 72 9 4
4 73 2 5
4 74 5 8
4 75 4 2
4 77 3 1
4 79 5 6
4 80 9 9
4 81 8 10
4 82 7 3
4 83 3 5
4 84 2 3
4 85 7 2
4 86 6 9
4 87 7 5
4 88 7 10
4 89 5 6
4 91 6 4
4 92 3 10
4 95 5 1
4 96 2 5
4 97 1 9
4 98 3 5
4 99 6 4
4 100 10 4
5 6 10 5
5 7 5 7
5 8 8 6
5 9 6 5
5 10 4 9
5 11 6 3
5 13 4 1
5 14 2 1
5 15 3 4
5 16 10 1
5 18 3 8
5 19 4 3
5 20 7 5
5 21 9 10
5 22 2 5
5 24 10 10
5 25 2 5
5 26 3 9
5 27 4 6
5 28 2 7
5 29 2 10
5 30 3 9
5 31 2 3
5 32 3 1
5 33 4 8
5 34 5 5
5 35 6 2
5 37 10 6
5 39 8 9
5 41 5 10
5 42 9 10
5 43 3 2
5 46 2 4
5 47 2 2
5 48 10 3
5 51 3 3
5 52 7 9
5 53 7 3
5 54 6 7
5 55 3 1
5 56 5 9
5 57 7 7
5 58 7 7
5 59 9 4
5 60 10 6
5 61 2 6
5 62 8 3
5 63 4 7
5 64 10 10
5 65 6 7
5 67 4 7
5 68 4 8
5 69 10 1
5 71 9 10
5 73 9 10
5 74 8 2
5 75 5 2
5 76 9 4
5 77 5 2
5 78 2 3
5 79 5 2
5 80 2 4
5 81 5 6
5 83 5 3
5 86 1 9
5 87 7 7
5 88 8 4
5 89 4 3
5 90 3 5
5 91 5 2
5 92 6 4
5 94 10 9
5 95 2 5
5 96 10 4
5 97 7 10
5 99 9 7
5 100 4 1
6 7 6 1
6 8 6 6
6 9 7 4
6 11 1 9
6 12 10 9
6 13 4 3
6 14 6 7
6 15 5 10
6 16 2 2
6 17 6 9
6 19 3 2
6 20 6 4
6 21 2 1
6 22 3 2
6 23 2 5
6 24 10 10
6 25 6 10
6 26 1 5
6 27 4 1
6 28 9 1
6 29 6 3
6 30 8 2
6 31 3 2
6 32 4 1
6 33 3 3
6 34 2 9
6 35 6 4
6 36 8 2
6 37 1 2
6 38 5 1
6 39 10 8
6 40 10 3
6 41 7 1
6 42 4 6
6 43 4 4
6 44 10 6
6 45 4 1
6 48 4 2
6 49 6 10
6 50 6 6
6 51 2 10
6 52 10 5
6 53 6 5
6 54 3 7
6 55 10 5
6 56 10 1
6 57 4 6
6 58 7 3
6 59 9 2
6 62 4 7
6 63 3 4
6 65 3 2
6 66 5 1
6 67 10 4
6 69 1 1
6 70 7 3
6 71 8 4
6 72 8 10
6 74 8 2
6 75 7 4
6 76 5 6
6 78 10 10
6 79 4 2
6 80 6 5
6 81 2 4
6 84 3 6
6 85 10 4
6 86 3 5
6 87 10 1
6 90 1 3
6 91 3 1
6 92 5 4
6 93 6 1
6 94 3 4
6 95 3 10
6 96 2 5
6 97 8 6
6 98 4 10
6 99 9 1
7 8 3 3
7 9 5 7
7 10 7 4
7 12 2 1
7 13 5 1
7 14 1 4
7 15 4 4
7 16 1 9
7 17 9 6
7 18 3 9
7 19 7 7
7 20 3 6
7 21 6 8
7 22 1 5
7 23 1 7
7 25 4 7
7 26 1 3
7 27 6 6
7 29 5 9
7 30 5 6
7 31 3 1
7 32 5 1
7 33 6 1
7 35 10 9
7 36 10 2
7 37 9 9
7 39 9 5
7 40 4 3
7 42 5 10
7 43 9 6
7 44 1 6
7 45 5 6
7 46 5 5
7 47 5 10
7 48 9 10
7 49 4 4
7 51 3 2
7 52 3 2
7 53 6 9
7 54 6 6
7 56 2 4
7 57 4 6
7 58 4 7
7 59 10 8
7 60 4 5
7 61 3 7
7 64 9 9
7 65 8 2
7 66 8 2
7 67 5 2
7 68 7 10
7 69 9 9
7 70 5 4
7 71 8 1
7 72 1 4
7 73 7 6
7 74 8 10
7 75 9 10
7 78 4 3
7 80 5 10
7 81 10 2
7 82 4 8
7 84 4 2
7 85 2 10
7 86 10 7
7 87 8 1
7 88 10 9
7 89 1 6
7 90 9 10
7 91 2 1
7 92 9 8
7 93 5 4
7 94 3 6
7 95 5 4
7 96 10 2
7 97 10 2
7 98 8 2
7 99 1 3
7 100 9 2
8 9 3 7
8 10 3 2
8 11 5 7
8 13 9 10
8 14 5 2
8 15 5 7
8 16 10 7
8 17 7 3
8 18 2 8
8 19 3 1
8 21 6 1
8 23 10 2
8 24 1 7
8 25 8 3
8 26 4 3
8 27 1 3
8 28 7 8
8 29 9 10
8 30 3 2
8 32 2 8
8 34 8 5
8 35 10 1
8 38 5 6
8 39 4 7
8 40 5 6
8 41 4 9
8 44 10 8
8 46 7 4
8 47 1 10
8 48 10 7
8 49 2 7
8 50 5 1
8 51 3 5
8 52 3 1
8 55 4 4
8 60 5 6
8 61 2 9
8 63 2 2
8 64 10 10
8 65 4 7
8 66 7 5
8 67 8 5
8 68 8 9
8 69 4 9
8 70 6 6
8 71 3 7
8 73 4 6
8 75 6 4
8 76 6 2
8 77 1 10
8 78 4 8
8 79 5 3
8 82 6 1
8 83 2 6
8 85 6 8
8 86 8 10
8 87 1 9
8 88 1 1
8 89 4 10
8 91 7 6
8 92 10 5
8 93 6 4
8 94 4 1
8 95 10 5
8 96 10 4
8 97 7 7
8 98 3 8
8 99 4 2
9 10 8 1
9 13 8 9
9 14 5 1
9 15 3 3
9 16 7 4
9 17 6 1
9 18 4 8
9 19 7 3
9 20 5 7
9 21 9 9
9 22 2 5
9 23 2 8
9 25 4 2
9 26 7 10
9 27 9 7
9 28 4 6
9 30 6 8
9 31 9 7
9 33 1 1
9 34 1 2
9 35 1 5
9 36 10 7
9 37 1 8
9 38 2 10
9 39 7 6
9 40 2 9
9 41 5 4
9 42 6 1
9 43 7 2
9 44 5 7
9 45 5 2
9 46 10 9
9 47 10 9
9 48 4 5
9 49 2 4
9 50 6 8
9 52 1 3
9 53 8 8
9 54 6 8
9 55 8 4
9 56 4 5
9 57 7 3
9 60 6 9
9 61 1 3
9 62 8 5
9 64 8 8
9 66 8 8
9 67 4 5
9 68 10 3
9 69 5 1
9 71 5 5
9 72 1 7
9 73 1 5
9 74 10 1
9 75 9 9
9 76 3 2
9 77 7 4
9 78 3 3
9 79 10 8
9 81 9 1
9 82 1 4
9 83 5 7
9 84 4 5
9 85 10 6
9 86 5 10
9 88 9 4
9 89 7 10
9 90 7 9
9 91 4 1
9 92 1 8
9 93 10 10
9 94 5 2
9 95 6 10
9 96 6 4
9 97 7 4
9 98 8 7
9 99 7 8
9 100 10 4
10 11 7 7
10 12 2 7
10 13 1 1
10 16 6 9
10 17 9 9
10 18 3 1
10 19 7 9
10 20 6 9
10 22 1 9
10 24 10 9
10 25 2 9
10 26 1 5
10 28 5 6
10 29 1 9
10 30 9 1
10 31 2 5
10 32 1 2
10 34 7 5
10 35 9 4
10 36 9 6
10 37 1 1
10 40 3 8
10 41 2 10
10 42 7 10
10 43 2 7
10 44 4 2
10 45 3 8
10 46 2 2
10 47 8 7
10 48 4 4
10 49 2 4
10 50 2 5
10 51 6 2
10 53 10 5
10 55 10 10
10 56 6 7
10 57 5 6
10 58 2 3
10 59 4 1
10 60 1 10
10 61 6 8
10 62 8 6
10 63 10 9
10 64 10 2
10 65 6 7
10 66 2 4
10 67 1 10
10 68 9 6
10 69 1 10
10 71 2 5
10 72 3 6
10 73 9 7
10 74 1 3
10 75 3 4
10 80 6 9
10 81 10 5
10 82 8 1
10 83 5 1
10 84 2 5
10 85 1 6
10 86 8 10
10 88 4 2
10 89 6 5
10 90 8 2
10 91 1 6
10 92 5 1
10 93 10 4
10 94 8 7
10 95 2 8
10 96 4 3
10 97 5 1
10 99 1 7
10 100 10 9
11 13 2 1
11 14 7 6
11 16 7 6
11 17 8 3
11 18 8 5
11 19 5 5
11 21 10 7
11 22 1 6
11 23 10 3
11 24 7 7
11 25 8 6
11 26 7 6
11 27 6 7
11 29 1 7
11 30 2 3
11 32 8 5
11 33 1 8
11 34 2 1
11 35 7 4
11 40 7 9
11 41 10 6
11 42 9 2
11 43 9 8
11 44 5 8
11 45 4 9
11 46 8 2
11 47 1 1
11 48 9 10
11 49 6 10
11 50 3 1
11 52 3 7
11 53 4 10
11 54 4 4
11 55 5 2
11 56 9 4
11 57 5 5
11 58 1 2
11 59 3 5
11 60 5 1
11 63 2 2
11 65 7 1
11 66 8 6
11 67 9 7
11 70 1 9
11 71 6 8
11 72 6 6
11 75 3 1
11 77 1 6
11 78 6 1
11 79 4 2
11 80 9 7
11 81 6 7
11 83 2 5
11 84 10 9
11 85 6 7
11 86 5 3
11 87 8 4
11 89 2 7
11 90 3 6
11 92 8 2
11 94 7 4
11 95 6 9
11 96 5 3
11 97 4 6
11 98 1 3
11 99 6 6
11 100 2 3
12 13 6 4
12 14 7 4
12 16 7 7
12 17 3 4
12 19 3 2
12 20 8 5
12 21 8 8
12 22 9 5
12 23 9 3
12 25 2 6
12 26 5 8
12 27 1 8
12 28 3 8
12 29 2 10
12 30 3 4
12 31 8 5
12 32 9 10
12 36 9 10
12 37 6 5
12 38 6 4
12 40 5 6
12 41 7 7
12 42 6 7
12 43 9 2
12 45 7 3
12 46 4 2
12 47 2 5
12 48 6 6
12 49 1 3
12 50 9 6
12 51 6 8
12 52 4 5
12 53 2 7
12 55 9 9
12 57 7 6
12 58 2 6
12 60 1 3
12 62 9 4
12 63 6 3
12 64 1 3
12 66 2 7
12 67 6 10
12 68 9 4
12 69 2 7
12 71 5 7
12 72 2 4
12 73 4 4
12 74 4 10
12 76 9 3
12 77 10 10
12 78 9 2
12 79 8 9
12 81 2 3
12 82 10 10
12 84 5 4
12 85 8 10
12 87 4 2
12 88 7 6
12 89 2 7
12 91 7 3
12 92 7 6
12 94 9 9
12 96 3 1
12 97 5 9
12 98 10 6
12 99 6 9
12 100 7 6
13 15 3 10
13 16 1 3
13 18 1 5
13 19 2 2
13 20 1 6
13 22 1 6
13 23 10 7
13 25 7 10
13 26 3 6
13 27 1 6
13 28 1 8
13 29 9 4
13 30 2 9
13 31 6 5
13 32 6 4
13 35 7 8
13 37 6 3
13 38 3 2
13 39 8 4
13 41 3 9
13 42 6 7
13 43 6 10
13 44 8 7
13 45 4 6
13 46 7 1
13 48 3 1
13 49 10 8
13 50 1 7
13 51 1 5
13 52 8 8
13 53 5 6
13 54 5 9
13 55 8 10
13 56 1 8
13 57 4 7
13 58 5 2
13 59 7 7
13 60 4 8
13 61 3 2
13 64 1 7
13 65 7 8
13 66 6 5
13 67 2 7
13 69 1 3
13 70 1 5
13 73 7 8
13 74 10 6
13 75 2 3
13 77 3 10
13 78 4 6
13 79 7 10
13 80 3 10
13 81 3 3
13 83 5 8
13 84 7 9
13 85 2 4
13 86 9 8
13 89 4 6
13 90 5 5
13 91 3 8
13 93 8 10
13 94 5 4
13 95 4 8
13 96 8 7
13 98 3 7
13 99 4 9
13 100 10 4
14 15 9 8
14 17 8 2
14 18 7 4
14 19 9 1
14 20 9 7
14 22 5 9
14 23 8 6
14 25 7 7
14 26 7 10
14 27 2 5
14 28 8 10
14 29 10 1
14 30 7 8
14 32 10 3
14 34 3 4
14 35 5 5
14 37 3 2
14 38 8 3
14 39 3 3
14 40 5 2
14 41 10 8
14 42 9 4
14 43 8 5
14 44 4 6
14 45 2 9
14 46 2 7
14 47 3 7
14 48 1 10
14 49 6 4
14 50 10 1
14 51 2 3
14 52 4 5
14 53 2 6
14 54 1 1
14 55 4 6
14 56 2 9
14 59 6 8
14 60 1 6
14 61 8 3
14 62 4 2
14 63 9 9
14 66 10 4
14 67 5 10
14 68 8 7
14 69 10 1
14 70 8 2
14 71 1 10
14 72 3 4
14 73 5 9
14 74 8 10
14 75 6 8
14 76 1 2
14 77 3 6
14 78 7 6
14 79 10 6
14 80 6 3
14 81 7 2
14 82 9 10
14 84 4 4
14 85 7 4
14 87 2 5
14 88 3 5
14 89 10 1
14 90 1 8
14 92 9 6
14 93 10 5
14 95 5 1
14 96 10 9
14 97 2 2
14 98 3 8
14 100 4 8
15 16 8 8
15 17 3 6
15 18 4 2
15 19 3 6
15 20 1 6
15 21 4 9
15 22 6 10
15 23 2 5
15 24 9 3
15 25 1 9
15 26 6 9
15 27 10 4
15 28 6 4
15 29 4 8
15 30 8 4
15 31 4 1
15 32 9 1
15 33 8 7
15 35 4 9
15 36 9 4
15 37 4 10
15 38 3 3
15 39 3 3
15 40 9 8
15 43 8 8
15 44 4 3
15 45 9 8
15 46 3 5
15 47 5 2
15 48 10 10
15 50 4 5
15 51 8 5
15 52 3 5
15 53 5 2
15 55 6 7
15 56 1 7
15 57 8 1
15 58 6 7
15 59 3 7
15 60 10 4
15 61 2 4
15 62 7 7
15 64 6 10
15 68 5 3
15 70 4 5
15 71 10 10
15 73 7 3
15 74 8 9
15 76 9 5
15 77 10 9
15 79 9 9
15 80 3 5
15 81 2 6
15 83 1 10
15 84 1 9
15 85 10 2
15 87 9 6
15 88 3 6
15 89 1 2
15 92 9 5
15 93 2 2
15 94 9 3
15 96 4 8
15 97 4 10
15 99 1 4
15 100 9 8
16 17 7 7
16 18 5 9
16 19 8 2
16 21 5 6
16 22 10 1
16 23 10 5
16 24 9 6
16 25 10 4
16 26 5 9
16 27 2 5
16 28 8 8
16 29 1 10
16 31 8 9
16 33 10 2
16 35 1 6
16 36 4 6
16 38 3 8
16 39 6 3
16 40 2 10
16 43 8 10
16 44 8 2
16 46 9 5
16 47 7 4
16 48 3 9
16 49 4 2
16 50 3 2
16 51 3 2
16 52 2 8
16 55 6 3
16 57 4 6
16 58 7 2
16 59 3 8
16 60 10 9
16 63 7 5
16 64 8 7
16 65 7 1
16 66 2 8
16 67 8 8
16 68 6 8
16 69 4 2
16 70 10 6
16 71 1 2
16 72 4 5
16 73 3 2
16 74 8 1
16 75 3 5
16 76 9 7
16 77 8 4
16 79 6 9
16 81 2 8
16 82 6 7
16 83 7 9
16 84 1 9
16 85 9 2
16 86 5 10
16 87 9 4
16 88 10 6
16 90 9 5
16 91 2 7
16 93 8 1
16 94 9 10
16 95 7 5
16 97 6 5
16 98 6 2
16 99 5 8
16 100 6 9
17 21 3 1
17 22 1 5
17 23 8 6
17 24 9 7
17 25 7 10
17 26 10 4
17 27 8 7
17 28 2 10
17 29 6 1
17 30 2 6
17 31 10 8
17 34 4 9
17 35 9 10
17 37 8 3
17 38 1 1
17 43 8 5
17 44 7 6
17 45 5 3
17 47 4 6
17 48 4 1
17 49 3 3
17 50 10 6
17 51 1 1
17 52 8 9
17 53 1 1
17 54 10 1
17 55 3 7
17 56 9 3
17 57 10 2
17 58 3 3
17 60 2 5
17 62 8 6
17 63 5 9
17 64 10 6
17 65 5 9
17 67 9 8
17 68 2 10
17 69 7 8
17 70 8 7
17 71 3 5
17 72 5 2
17 73 3 8
17 75 10 4
17 77 2 7
17 78 6 5
17 79 10 2
17 80 10 9
17 81 5 5
17 85 10 4
17 86 9 9
17 88 7 1
17 89 5 3
17 90 3 4
17 91 4 3
17 93 6 8
17 95 2 10
17 96 10 2
17 97 9 8
17 98 9 1
17 100 9 1
18 19 8 4
18 20 3 10
18 21 3 9
18 22 2 6
18 23 10 7
18 24 2 1
18 25 3 7
18 26 8 2
18 27 5 4
18 28 10 4
18 29 8 9
18 30 7 5
18 31 4 7
18 33 5 5
18 35 9 1
18 36 10 1
18 37 2 9
18 38 1 2
18 39 1 3
18 40 3 6
18 41 6 5
18 42 7 8
18 45 6 7
18 46 6 2
18 47 5 9
18 48 9 8
18 49 7 6
18 50 6 5
18 51 5 8
18 52 4 6
18 53 7 10
18 54 2 2
18 55 8 6
18 57 8 2
18 58 1 3
18 59 9 10
18 60 3 8
18 61 6 7
18 63 9 9
18 66 3 9
18 67 5 3
18 68 5 10
18 70 2 6
18 72 8 6
18 73 2 8
18 74 5 10
18 75 4 8
18 76 8 1
18 77 7 5
18 79 8 2
18 80 6 9
18 81 7 9
18 82 4 3
18 83 7 7
18 84 4 10
18 85 2 7
18 86 10 8
18 89 8 5
18 90 10 1
18 91 4 2
18 92 9 5
18 94 10 1
18 95 10 6
18 96 7 3
18 98 7 8
18 99 9 3
19 20 6 2
19 21 10 6
19 22 6 3
19 23 6 6
19 24 9 4
19 25 2 10
19 26 10 10
19 27 4 5
19 29 6 7
19 30 5 9
19 33 6 1
19 34 4 10
19 35 3 3
19 38 1 9
19 39 9 9
19 40 7 5
19 42 8 4
19 43 4 6
19 44 8 6
19 45 5 8
19 46 9 7
19 48 2 1
19 49 6 7
19 50 9 9
19 51 5 1
19 52 9 6
19 53 5 2
19 54 8 5
19 56 4 2
19 57 1 9
19 58 1 1
19 59 6 10
19 60 10 8
19 62 2 1
19 63 7 2
19 64 4 3
19 65 7 6
19 66 7 3
19 67 8 6
19 69 4 1
19 70 10 7
19 72 9 2
19 73 2 9
19 74 5 1
19 75 1 1
19 76 5 6
19 78 5 6
19 80 7 9
19 81 10 6
19 82 8 2
19 83 3 1
19 84 6 7
19 86 3 9
19 87 10 10
19 89 8 4
19 90 1 10
19 92 10 7
19 95 6 2
19 99 1 1
19 100 1 7
20 22 6 7
20 23 6 6
20 24 2 7
20 25 6 1
20 28 10 2
20 29 1 5
20 30 4 6
20 31 10 4
20 32 1 3
20 34 10 1
20 36 10 1
20 40 6 6
20 42 9 4
20 43 10 4
20 45 5 4
20 46 7 7
20 51 10 5
20 55 4 3
20 57 3 10
20 58 4 6
20 59 3 4
20 60 3 4
20 62 10 6
20 63 4 7
20 64 6 4
20 65 6 3
20 66 6 5
20 67 8 8
20 68 10 10
20 69 10 7
20 70 4 7
20 72 1 8
20 73 4 8
20 74 9 4
20 75 3 3
20 76 2 8
20 78 6 6
20 79 2 10
20 80 6 9
20 82 1 8
20 83 5 1
20 84 6 8
20 86 3 7
20 87 3 3
20 88 3 7
20 89 7 7
20 90 9 1
20 92 9 2
20 96 7 2
20 98 3 3
20 99 6 10
20 100 3 3
21 22 10 8
21 23 6 4
21 24 8 8
21 25 7 10
21 26 4 8
21 28 3 7
21 29 10 7
21 30 2 8
21 31 6 4
21 32 4 9
21 33 4 6
21 34 10 1
21 35 10 5
21 36 8 5
21 37 6 3
21 39 3 6
21 40 6 8
21 41 8 5
21 42 2 9
21 43 8 6
21 44 8 9
21 46 10 6
21 47 9 3
21 48 3 8
21 51 9 8
21 52 6 7
21 53 10 3
21 54 2 7
21 55 6 3
21 56 4 2
21 57 1 4
21 58 1 2
21 60 10 10
21 61 5 7
21 62 1 5
21 67 4 7
21 68 7 5
21 69 6 9
21 71 8 9
21 72 3 1
21 73 3 10
21 74 6 8
21 77 4 8
21 78 2 6
21 80 6 2
21 81 3 10
21 83 7 2
21 85 5 8
21 86 2 4
21 89 9 4
21 90 8 9
21 91 5 8
21 92 8 3
21 93 9 3
21 94 2 4
21 95 5 10
21 98 10 1
21 99 7 8
21 100 2 7
22 23 8 5
22 24 10 7
22 26 3 5
22 27 8 7
22 28 3 10
22 29 2 6
22 31 3 3
22 32 6 9
22 33 2 3
22 34 1 5
22 35 4 10
22 36 9 2
22 38 2 8
22 39 6 8
22 40 3 10
22 41 10 9
22 42 1 1
22 43 8 6
22 44 1 8
22 45 4 3
22 46 4 5
22 47 8 7
22 48 6 3
22 49 6 6
22 50 7 7
22 53 6 7
22 54 9 9
22 55 5 2
22 56 8 10
22 58 3 4
22 59 5 10
22 60 2 8
22 61 10 10
22 63 4 6
22 65 1 9
22 66 7 3
22 67 1 10
22 71 8 8
22 72 8 3
22 73 8 2
22 74 3 5
22 77 10 1
22 78 10 7
22 79 4 3
22 80 5 7
22 81 10 6
22 83 9 8
22 84 3 6
22 86 8 4
22 87 5 1
22 88 10 10
22 89 7 6
22 90 2 8
22 92 6 3
22 93 4 8
22 94 1 8
22 97 2 4
22 98 6 6
22 100 10 6
23 25 3 5
23 27 1 7
23 29 1 1
23 31 7 2
23 33 1 10
23 37 8 3
23 38 8 3
23 39 10 4
23 40 2 8
23 41 9 7
23 43 8 9
23 44 6 8
23 45 5 7
23 46 9 1
23 47 9 2
23 48 10 8
23 49 4 5
23 50 8 5
23 51 3 10
23 53 2 6
23 54 5 9
23 55 10 2
23 56 3 8
23 58 9 3
23 60 2 7
23 61 7 2
23 63 5 4
23 64 5 10
23 66 1 2
23 70 10 6
23 71 5 6
23 72 4 3
23 73 3 10
23 74 9 10
23 75 1 4
23 76 4 2
23 77 1 5
23 78 5 6
23 79 1 2
23 80 1 5
23 81 5 5
23 83 4 5
23 84 9 4
23 85 3 2
23 86 7 3
23 87 7 2
23 88 1 10
23 89 8 10
23 91 6 4
23 92 8 8
23 93 8 6
23 94 2 5
23 95 5 6
23 96 3 10
23 97 5 3
23 98 3 6
23 99 10 3
23 100 8 8
24 26 3 6
24 27 6 1
24 28 10 6
24 30 1 7
24 31 9 9
24 32 6 9
24 33 8 7
24 34 4 6
24 37 5 1
24 38 6 5
24 39 6 3
24 40 6 5
24 41 5 6
24 42 9 7
24 43 1 8
24 44 8 6
24 45 7 5
24 46 7 3
24 47 9 1
24 48 3 8
24 49 10 7
24 51 3 8
24 52 3 8
24 53 10 2
24 55 7 7
24 56 6 9
24 58 10 9
24 59 3 6
24 61 7 7
24 62 2 8
24 63 9 1
24 65 7 9
24 66 8 5
24 67 9 1
24 68 4 7
24 69 7 7
24 71 1 7
24 72 6 2
24 73 6 1
24 74 8 8
24 75 2 8
24 76 6 3
24 78 6 6
24 79 4 4
24 80 8 5
24 81 7 10
24 82 4 2
24 84 6 3
24 85 1 2
24 86 5 3
24 88 7 3
24 89 2 2
24 90 2 7
24 91 5 6
24 92 7 1
24 93 2 7
24 94 4 3
24 95 5 5
24 96 7 3
24 98 1 5
24 99 7 10
25 28 7 2
25 29 6 4
25 30 10 8
25 31 4 2
25 33 5 2
25 35 2 6
25 36 10 4
25 38 4 8
25 39 6 10
25 40 5 9
25 42 10 1
25 43 9 1
25 44 8 8
25 45 3 10
25 46 4 6
25 47 6 8
25 48 9 4
25 50 3 1
25 51 9 8
25 53 1 3
25 54 7 7
25 55 7 1
25 56 9 3
25 60 8 6
25 61 1 1
25 62 8 7
25 63 10 5
25 65 5 4
25 66 6 2
25 67 7 7
25 68 6 8
25 69 10 6
25 70 4 6
25 71 3 9
25 73 5 3
25 74 8 9
25 76 1 4
25 77 8 10
25 78 7 5
25 79 2 8
25 80 5 7
25 81 10 8
25 83 3 4
25 84 9 2
25 85 1 10
25 87 6 3
25 88 7 10
25 89 6 5
25 91 1 5
25 92 5 8
25 96 6 6
25 97 5 6
25 98 5 4
25 99 5 10
25 100 5 8
26 27 6 4
26 28 9 1
26 29 3 6
26 30 4 4
26 31 9 4
26 32 8 3
26 34 3 4
26 35 2 6
26 36 1 1
26 37 6 9
26 38 6 7
26 39 6 9
26 41 5 8
26 42 8 7
26 44 10 6
26 45 3 2
26 46 7 8
26 47 7 4
26 48 10 5
26 50 1 2
26 51 2 6
26 52 6 9
26 53 1 9
26 54 3 4
26 55 8 2
26 56 9 1
26 57 4 2
26 58 4 5
26 59 5 4
26 60 9 9
26 61 4 10
26 62 7 9
26 63 7 1
26 64 6 1
26 65 3 4
26 66 5 5
26 67 3 4
26 68 1 8
26 70 1 9
26 71 3 1
26 72 1 9
26 73 4 8
26 74 2 9
26 75 3 9
26 76 6 6
26 77 2 10
26 78 2 6
26 79 1 7
26 80 2 6
26 82 3 3
26 83 2 10
26 84 4 10
26 86 1 2
26 87 6 6
26 88 3 2
26 89 6 4
26 90 9 3
26 91 4 4
26 92 8 6
26 93 10 6
26 94 9 8
26 96 3 6
26 97 2 5
26 98 5 5
26 99 10 9
27 28 1 9
27 31 4 5
27 32 6 10
27 34 9 2
27 35 4 8
27 36 6 7
27 37 5 6
27 38 1 1
27 39 9 1
27 40 2 3
27 41 8 1
27 43 2 5
27 44 10 2
27 45 9 8
27 46 9 10
27 48 1 2
27 50 1 10
27 51 6 1
27 53 8 1
27 55 8 1
27 56 4 3
27 57 9 6
27 59 6 4
27 62 6 6
27 63 8 8
27 64 7 1
27 65 6 9
27 66 9 2
27 67 2 2
27 68 6 5
27 69 7 1
27 70 9 3
27 71 10 8
27 74 3 2
27 76 4 6
27 78 6 3
27 79 6 9
27 80 8 6
27 81 2 7
27 83 3 2
27 85 9 5
27 87 1 1
27 88 5 5
27 89 1 6
27 90 4 7
27 91 8 5
27 92 8 8
27 94 1 2
27 95 1 10
27 96 5 3
27 97 3 9
27 98 4 2
27 99 6 6
27 100 10 7
28 29 7 7
28 30 7 10
28 31 1 1
28 32 3 1
28 33 3 2
28 34 9 2
28 37 5 8
28 38 9 4
28 39 7 4
28 41 6 4
28 42 1 2
28 43 5 8
28 44 7 5
28 45 8 4
28 48 10 6
28 49 10 5
28 53 4 6
28 54 8 4
28 56 3 7
28 57 1 9
28 58 5 3
28 59 1 6
28 61 10 6
28 65 6 3
28 66 8 4
28 67 6 10
28 68 10 7
28 69 8 7
28 70 8 6
28 72 4 1
28 73 9 7
28 74 8 9
28 75 5 2
28 76 7 6
28 78 5 6
28 80 3 2
28 81 2 9
28 82 2 2
28 83 4 7
28 86 7 3
28 87 8 2
28 88 5 5
28 89 1 8
28 91 10 6
28 92 6 1
28 93 3 9
28 94 6 4
28 97 5 7
28 98 6 1
28 99 3 7
28 100 1 3
29 30 2 10
29 31 8 1
29 32 9 10
29 33 10 6
29 36 7 2
29 37 2 7
29 38 3 7
29 39 10 9
29 40 6 6
29 41 5 7
29 42 8 4
29 46 10 9
29 47 7 1
29 48 7 9
29 49 10 8
29 52 3 9
29 53 6 7
29 54 10 3
29 55 9 3
29 56 2 2
29 57 7 6
29 58 8 8
29 59 8 8
29 60 3 6
29 61 10 6
29 63 4 9
29 65 3 3
29 66 9 1
29 67 7 5
29 70 10 4
29 71 4 7
29 73 2 2
29 74 3 1
29 76 3 6
29 77 8 8
29 78 4 4
29 79 6 9
29 80 6 3
29 82 6 8
29 83 5 1
29 84 1 8
29 85 8 5
29 86 5 10
29 87 10 1
29 90 2 2
29 91 4 8
29 93 7 4
29 94 8 3
29 95 6 10
29 96 10 2
29 97 1 7
29 98 7 3
30 31 1 2
30 32 7 6
30 33 7 5
30 34 2 4
30 35 10 2
30 36 3 4
30 37 4 7
30 38 6 7
30 39 4 3
30 41 2 1
30 42 7 9
30 43 4 6
30 44 4 9
30 45 1 10
30 46 10 9
30 48 7 10
30 49 3 9
30 50 9 1
30 51 9 6
30 52 1 6
30 54 2 1
30 55 8 2
30 56 7 2
30 58 9 3
30 60 4 1
30 61 4 2
30 62 9 3
30 63 7 2
30 65 1 3
30 66 8 6
30 67 1 3
30 68 7 6
30 69 10 10
30 70 4 5
30 71 6 10
30 72 5 9
30 74 4 6
30 75 5 6
30 76 5 6
30 77 8 3
30 78 8 6
30 79 4 2
30 80 2 6
30 81 5 5
30 82 3 10
30 83 4 7
30 84 4 8
30 85 1 6
30 86 2 8
30 89 7 4
30 90 9 1
30 91 3 3
30 92 2 3
30 93 9 9
30 94 9 8
30 95 8 1
30 96 4 9
30 97 8 3
30 99 8 7
30 100 5 5
31 33 8 8
31 34 4 3
31 35 10 4
31 36 4 6
31 37 7 3
31 38 4 3
31 39 4 6
31 40 4 3
31 41 10 2
31 42 5 6
31 43 1 5
31 44 7 7
31 45 1 5
31 46 10 6
31 47 8 6
31 48 4 3
31 49 2 7
31 50 7 4
31 51 9 4
31 52 4 1
31 53 6 2
31 54 1 3
31 55 6 3
31 57 1 7
31 59 10 1
31 60 7 5
31 61 9 2
31 62 7 6
31 64 4 10
31 65 9 2
31 66 4 5
31 67 3 1
31 68 3 4
31 69 1 9
31 70 8 10
31 71 2 5
31 72 8 5
31 73 4 9
31 75 10 4
31 76 7 3
31 79 7 3
31 80 8 6
31 81 7 6
31 82 3 3
31 83 6 7
31 84 1 10
31 85 5 9
31 86 2 8
31 87 1 2
31 88 3 2
31 89 8 7
31 91 2 4
31 93 9 5
31 94 10 1
31 95 2 2
31 97 8 8
31 98 4 6
31 99 10 10
31 100 10 8
32 33 1 9
32 34 2 2
32 35 10 6
32 36 1 7
32 37 2 1
32 38 7 5
32 39 3 8
32 41 10 2
32 42 9 1
32 43 5 1
32 44 9 5
32 45 8 3
32 46 4 2
32 47 4 5
32 48 7 7
32 49 10 9
32 50 5 6
32 51 7 4
32 52 2 6
32 53 8 1
32 55 4 3
32 56 10 10
32 57 7 9
32 58 7 8
32 59 1 1
32 60 6 7
32 61 6 5
32 62 5 1
32 63 1 2
32 64 8 4
32 65 4 1
32 66 8 8
32 67 10 5
32 68 4 9
32 70 5 10
32 71 8 2
32 72 2 3
32 74 2 5
32 75 9 4
32 76 9 9
32 77 8 1
32 78 1 1
32 79 10 10
32 80 10 6
32 81 7 9
32 84 5 10
32 87 4 5
32 88 4 3
32 90 10 1
32 91 3 5
32 93 3 9
32 94 6 5
32 95 4 1
32 96 1 9
32 97 4 3
32 99 7 5
32 100 3 3
33 34 9 3
33 35 4 5
33 36 10 4
33 37 9 2
33 38 9 10
33 39 7 4
33 40 7 4
33 41 2 1
33 43 1 1
33 44 1 10
33 45 4 1
33 46 10 2
33 47 8 5
33 48 9 3
33 49 1 5
33 51 8 2
33 54 3 10
33 55 3 7
33 56 5 6
33 58 7 6
33 59 8 3
33 60 10 10
33 61 7 8
33 62 6 1
33 63 8 3
33 64 6 3
33 65 6 2
33 66 10 5
33 67 9 9
33 68 2 10
33 70 6 9
33 71 4 2
33 72 4 4
33 73 7 10
33 74 9 1
33 75 8 8
33 76 9 9
33 77 2 2
33 78 5 5
33 79 5 3
33 80 7 5
33 81 8 4
33 84 9 4
33 85 6 2
33 86 5 9
33 87 9 10
33 88 5 10
33 89 2 2
33 90 7 2
33 91 9 2
33 93 3 8
33 94 7 10
33 95 7 1
33 96 7 3
33 97 7 5
33 98 9 10
33 100 9 4
34 35 4 3
34 36 7 4
34 38 3 9
34 40 7 8
34 41 1 1
34 42 9 3
34 43 2 8
34 44 8 8
34 45 6 6
34 46 5 4
34 47 7 10
34 49 6 7
34 50 10 3
34 51 10 8
34 52 9 4
34 53 3 8
34 55 8 7
34 56 7 7
34 57 10 7
34 58 9 8
34 60 5 10
34 61 1 8
34 62 7 6
34 63 10 2
34 65 10 6
34 66 6 7
34 67 10 7
34 68 4 9
34 69 1 1
34 72 7 6
34 74 2 10
34 75 10 6
34 76 1 10
34 77 1 5
34 78 2 7
34 79 6 1
34 80 1 9
34 81 7 6
34 82 5 5
34 84 2 4
34 87 1 5
34 88 3 8
34 89 1 6
34 90 2 2
34 91 1 6
34 92 10 6
34 93 6 10
34 95 1 6
34 96 2 10
34 97 5 3
34 98 9 8
34 99 4 8
34 100 1 1
35 36 1 7
35 37 1 2
35 38 6 2
35 39 8 7
35 40 6 8
35 41 1 3
35 43 3 1
35 44 2 8
35 45 3 2
35 47 5 2
35 48 1 7
35 49 10 4
35 50 6 4
35 52 7 1
35 54 1 4
35 56 2 4
35 57 6 9
35 58 5 10
35 59 5 8
35 60 6 4
35 61 5 1
35 62 2 10
35 63 10 4
35 64 1 4
35 65 3 2
35 66 9 4
35 69 3 1
35 70 2 9
35 72 5 2
35 73 5 10
35 74 10 7
35 75 5 5
35 77 10 9
35 78 9 6
35 79 5 2
35 81 2 9
35 82 7 8
35 83 9 2
35 87 10 1
35 88 7 3
35 89 6 6
35 90 2 8
35 91 8 6
35 92 9 4
35 93 8 8
35 94 10 9
35 95 1 4
35 96 7 5
35 97 9 7
35 98 3 9
35 100 8 9
36 38 7 6
36 39 5 3
36 40 2 2
36 42 5 10
36 44 10 5
36 45 8 10
36 46 3 3
36 47 3 6
36 48 8 2
36 49 3 1
36 50 10 8
36 51 10 4
36 52 2 3
36 53 8 6
36 54 10 10
36 55 9 7
36 56 5 10
36 58 9 7
36 60 2 3
36 62 1 4
36 63 9 5
36 64 8 7
36 65 1 3
36 66 7 5
36 67 7 6
36 68 6 1
36 69 4 8
36 71 10 5
36 72 10 5
36 73 4 10
36 74 6 2
36 77 8 6
36 79 6 7
36 80 2 2
36 81 4 4
36 82 5 8
36 83 4 1
36 84 10 4
36 86 4 9
36 87 1 8
36 88 6 9
36 89 4 1
36 90 5 10
36 91 2 4
36 92 2 3
36 93 7 7
36 94 4 10
36 95 10 1
36 96 9 4
36 97 6 2
36 98 8 9
36 100 7 7
37 38 6 6
37 40 6 10
37 41 10 4
37 43 1 4
37 44 10 6
37 45 8 4
37 47 9 5
37 48 10 5
37 49 6 2
37 51 5 10
37 52 4 2
37 53 7 3
37 54 3 10
37 55 3 7
37 56 10 9
37 57 6 1
37 60 8 2
37 61 10 2
37 62 4 8
37 65 1 2
37 66 5 6
37 67 8 1
37 68 7 5
37 69 4 9
37 70 2 10
37 71 9 9
37 72 3 6
37 74 7 1
37 75 7 7
37 76 4 6
37 78 2 7
37 79 3 9
37 80 1 9
37 81 10 5
37 82 2 3
37 83 1 1
37 84 9 9
37 85 3 5
37 86 2 8
37 87 9 1
37 90 5 8
37 92 10 2
37 93 4 7
37 95 1 9
37 96 10 7
37 97 3 7
37 98 6 10
37 99 6 7
37 100 6 1
38 39 4 9
38 40 8 3
38 41 10 3
38 42 9 1
38 43 6 2
38 44 8 6
38 45 9 6
38 46 3 4
38 48 9 4
38 50 6 1
38 51 9 9
38 52 6 9
38 53 9 6
38 54 10 3
38 55 2 10
38 56 9 8
38 57 6 7
38 58 9 2
38 59 3 5
38 60 1 8
38 62 10 5
38 63 6 2
38 64 4 8
38 65 6 7
38 66 3 7
38 68 6 10
38 69 3 5
38 70 8 1
38 71 3 3
38 72 6 7
38 73 9 5
38 74 7 7
38 76 9 7
38 78 4 10
38 80 3 2
38 81 5 1
38 82 10 3
38 84 9 6
38 86 7 3
38 87 1 4
38 88 8 10
38 90 5 3
38 91 2 7
38 92 2 3
38 93 10 3
38 95 7 8
38 96 9 4
38 97 8 8
38 98 6 6
38 100 8 3
39 40 8 3
39 41 6 10
39 42 6 2
39 43 3 6
39 44 6 9
39 45 6 1
39 46 4 2
39 47 7 3
39 48 1 4
39 50 7 8
39 51 3 2
39 52 3 9
39 53 4 10
39 55 5 5
39 56 1 5
39 57 4 3
39 58 9 10
39 60 1 4
39 62 4 8
39 65 9 1
39 67 5 3
39 68 4 9
39 69 5 9
39 70 8 4
39 71 4 6
39 72 5 4
39 73 7 7
39 74 1 9
39 75 4 8
39 76 1 1
39 77 4 10
39 78 4 8
39 79 3 6
39 80 8 8
39 81 9 6
39 83 8 3
39 84 3 10
39 85 1 5
39 86 4 9
39 87 3 9
39 88 6 7
39 89 10 9
39 91 3 7
39 92 6 6
39 94 6 10
39 95 4 5
39 96 4 3
39 97 1 6
39 99 3 9
39 100 1 6
40 43 8 3
40 44 7 1
40 45 8 1
40 47 1 3
40 48 6 6
40 49 3 4
40 50 10 9
40 51 1 10
40 52 2 8
40 53 4 8
40 54 1 6
40 55 4 5
40 56 7 5
40 57 10 4
40 58 4 9
40 59 2 2
40 60 4 4
40 62 3 5
40 65 6 7
40 66 2 2
40 67 2 8
40 69 1 6
40 70 4 8
40 71 9 4
40 74 10 1
40 75 10 10
40 76 3 8
40 77 5 4
40 80 9 8
40 81 3 7
40 82 3 5
40 83 9 2
40 84 4 7
40 85 8 3
40 86 2 6
40 87 9 9
40 88 3 9
40 89 5 5
40 90 8 3
40 91 10 8
40 92 2 2
40 93 3 4
40 94 8 1
40 95 7 8
40 96 6 4
40 97 1 4
40 98 10 10
40 99 6 6
41 43 2 1
41 44 6 9
41 46 4 4
41 47 4 9
41 48 5 1
41 49 4 10
41 50 8 5
41 51 9 8
41 53 2 9
41 54 10 4
41 55 4 7
41 56 3 6
41 58 6 10
41 60 3 5
41 61 8 8
41 62 10 5
41 63 6 9
41 65 2 2
41 66 1 2
41 67 6 3
41 68 3 5
41 69 7 10
41 70 1 8
41 71 7 7
41 72 10 9
41 78 7 3
41 80 2 7
41 81 6 9
41 82 1 2
41 83 4 7
41 84 10 8
41 87 1 5
41 88 8 3
41 89 6 3
41 93 6 8
41 94 7 5
41 96 4 2
41 97 4 10
41 98 6 5
41 99 3 6
42 43 2 4
42 45 2 2
42 46 2 3
42 48 5 3
42 50 9 4
42 51 8 1
42 52 7 2
42 53 1 5
42 54 5 6
42 55 5 7
42 56 9 9
42 57 7 10
42 59 8 5
42 60 8 5
42 61 7 1
42 62 9 7
42 63 4 7
42 65 1 8
42 66 4 7
42 68 5 10
42 69 7 4
42 71 9 7
42 72 4 8
42 73 3 1
42 74 1 6
42 75 8 4
42 76 1 10
42 77 3 4
42 79 8 10
42 81 5 10
42 82 5 1
42 83 9 9
42 84 6 2
42 85 8 9
42 87 5 8
42 88 5 3
42 89 4 8
42 90 10 10
42 91 5 3
42 92 10 3
42 93 1 6
42 94 9 10
42 95 10 8
42 97 10 2
42 98 10 7
42 99 10 9
42 100 1 4
43 44 6 10
43 45 5 9
43 46 3 7
43 48 4 3
43 50 7 7
43 51 10 2
43 52 5 3
43 54 10 4
43 56 9 2
43 57 7 2
43 59 10 3
43 60 6 2
43 61 10 1
43 62 8 4
43 63 9 3
43 64 9 1
43 66 4 3
43 68 6 8
43 69 6 6
43 70 2 3
43 72 5 9
43 74 2 3
43 76 2 7
43 77 5 9
43 78 6 2
43 81 1 8
43 83 3 7
43 84 10 1
43 85 2 1
43 86 8 4
43 87 3 8
43 88 4 5
43 89 10 9
43 90 1 9
43 91 10 8
43 92 9 4
43 94 1 4
43 95 8 3
43 96 8 4
43 97 1 10
43 98 1 9
43 99 9 8
43 100 7 1
44 45 10 4
44 46 8 10
44 48 7 10
44 49 1 1
44 50 2 4
44 51 2 9
44 52 9 10
44 53 9 6
44 56 4 3
44 57 9 10
44 58 8 4
44 59 4 5
44 60 10 4
44 61 4 3
44 62 6 2
44 64 1 2
44 65 6 8
44 67 9 4
44 68 10 8
44 69 3 3
44 71 10 8
44 72 8 8
44 73 7 5
44 74 9 3
44 75 7 10
44 76 1 9
44 78 2 6
44 79 2 4
44 80 10 7
44 82 3 3
44 83 10 9
44 86 8 9
44 87 6 3
44 88 9 6
44 89 6 10
44 91 4 10
44 92 10 7
44 95 6 8
44 96 7 9
44 97 7 9
44 99 7 9
44 100 5 9
45 47 8 10
45 48 10 9
45 49 2 5
45 50 8 9
45 51 4 3
45 53 8 5
45 54 6 7
45 55 3 4
45 56 9 10
45 57 10 3
45 58 6 6
45 61 6 9
45 62 8 6
45 63 8 4
45 65 7 3
45 67 4 9
45 68 10 7
45 69 8 2
45 70 1 4
45 71 10 2
45 72 5 5
45 75 3 8
45 76 8 6
45 78 5 2
45 79 7 1
45 80 5 6
45 81 2 9
45 83 9 5
45 84 4 7
45 85 9 7
45 86 10 7
45 87 2 8
45 88 3 3
45 90 6 1
45 92 2 8
45 94 1 10
45 96 4 3
45 97 2 7
45 99 7 3
46 47 10 3
46 48 5 10
46 49 3 3
46 51 3 1
46 52 9 6
46 53 6 9
46 54 3 4
46 55 6 1
46 56 3 3
46 57 3 3
46 58 10 7
46 59 8 1
46 60 7 1
46 61 5 9
46 62 7 7
46 63 6 3
46 64 4 9
46 65 6 10
46 66 7 6
46 67 5 6
46 68 5 2
46 69 10 10
46 70 7 4
46 72 7 8
46 73 3 2
46 74 3 5
46 76 5 10
46 77 7 9
46 78 2 7
46 79 1 9
46 80 7 2
46 82 8 6
46 83 3 9
46 85 10 1
46 86 5 1
46 87 6 3
46 88 4 1
46 89 4 5
46 90 1 10
46 91 4 4
46 92 6 8
46 93 10 1
46 94 3 9
46 95 1 10
46 96 9 9
46 97 4 5
46 99 3 7
46 100 8 10
47 48 4 3
47 49 5 1
47 50 3 8
47 51 7 10
47 53 3 4
47 54 1 1
47 55 3 1
47 57 7 7
47 58 2 2
47 59 5 2
47 60 6 3
47 61 4 7
47 62 3 3
47 63 4 3
47 64 2 3
47 65 8 7
47 66 4 6
47 67 6 7
47 69 8 2
47 70 6 7
47 77 2 10
47 78 3 9
47 79 4 2
47 80 6 3
47 81 2 7
47 82 5 2
47 83 5 6
47 84 6 4
47 85 8 3
47 86 9 7
47 87 3 3
47 88 7 10
47 89 9 5
47 90 8 3
47 91 1 1
47 92 4 3
47 94 6 3
47 95 9 2
47 97 6 6
47 98 3 8
47 99 7 10
47 100 10 1
48 50 2 7
48 51 8 4
48 52 4 4
48 53 10 3
48 55 9 7
48 57 7 5
48 59 6 2
48 60 1 10
48 62 6 8
48 63 6 2
48 64 2 9
48 65 10 7
48 66 5 8
48 68 5 4
48 69 5 6
48 70 9 6
48 71 3 4
48 72 7 6
48 73 9 7
48 74 3 9
48 76 4 9
48 77 4 1
48 78 4 3
48 79 8 8
48 80 2 1
48 81 9 9
48 82 5 4
48 83 9 6
48 84 5 3
48 85 1 5
48 86 5 1
48 87 5 5
48 88 5 10
48 89 3 10
48 90 1 3
48 92 1 4
48 94 10 7
48 95 2 8
48 96 2 8
48 97 10 2
48 98 5 2
48 100 2 1
49 50 6 9
49 51 9 9
49 52 10 9
49 53 5 2
49 54 9 1
49 55 4 8
49 56 9 8
49 57 5 10
49 58 6 1
49 59 8 4
49 60 7 5
49 61 9 10
49 63 8 10
49 64 10 8
49 65 5 9
49 66 1 3
49 67 2 1
49 68 8 1
49 69 10 5
49 70 8 8
49 71 3 8
49 72 8 2
49 75 4 3
49 76 3 1
49 77 5 1
49 78 3 7
49 79 7 10
49 80 7 3
49 81 10 10
49 82 8 6
49 83 4 2
49 84 8 7
49 85 3 8
49 90 6 1
49 92 3 2
49 93 2 1
49 94 4 2
49 95 7 7
49 96 8 3
49 97 2 6
49 98 3 6
49 99 5 4
49 100 8 2
50 51 2 5
50 53 2 5
50 54 8 10
50 55 4 6
50 56 3 9
50 57 9 8
50 58 3 1
50 59 6 6
50 60 8 5
50 61 10 6
50 62 5 1
50 63 9 8
50 64 10 10
50 65 1 7
50 66 7 1
50 68 1 6
50 69 2 6
50 70 7 10
50 71 6 7
50 72 2 8
50 73 4 3
50 77 1 8
50 79 5 6
50 80 7 3
50 81 2 2
50 83 3 5
50 84 1 8
50 85 9 2
50 86 5 8
50 87 8 9
50 88 2 3
50 89 1 6
50 91 2 10
50 92 5 2
50 93 10 3
50 94 4 8
50 95 10 2
50 99 4 5
50 100 3 9
51 53 5 7
51 54 1 2
51 55 5 5
51 56 8 6
51 57 6 6
51 58 4 10
51 59 3 5
51 60 5 5
51 61 9 10
51 62 7 9
51 63 8 10
51 64 2 7
51 65 8 5
51 66 5 8
51 67 6 4
51 68 2 3
51 69 9 1
51 70 7 2
51 71 6 10
51 72 1 10
51 73 3 10
51 74 1 4
51 75 10 4
51 76 3 8
51 77 1 3
51 79 10 9
51 80 4 5
51 81 10 8
51 83 7 1
51 84 2 4
51 85 5 1
51 86 9 2
51 87 4 7
51 88 8 6
51 89 10 8
51 90 1 3
51 91 7 8
51 92 6 5
51 93 5 9
51 94 10 10
51 96 8 9
51 97 7 4
51 98 9 3
51 99 3 8
51 100 3 6
52 53 9 6
52 54 4 3
52 55 3 3
52 56 6 4
52 57 6 1
52 59 1 6
52 60 9 4
52 61 7 2
52 62 8 7
52 63 2 8
52 64 5 4
52 66 5 2
52 67 9 4
52 68 1 6
52 69 7 4
52 70 1 1
52 71 2 5
52 74 3 10
52 75 1 2
52 76 3 7
52 77 3 8
52 78 5 2
52 79 2 4
52 80 10 8
52 81 1 5
52 82 6 4
52 83 7 2
52 84 5 10
52 85 2 1
52 86 3 6
52 87 6 7
52 88 9 3
52 89 5 10
52 90 1 2
52 92 4 9
52 94 1 3
52 95 3 1
52 96 1 7
52 97 10 4
52 98 6 7
52 99 7 8
52 100 1 2
53 54 10 2
53 56 3 3
53 57 1 8
53 58 10 6
53 59 6 4
53 60 5 1
53 61 5 9
53 63 2 8
53 64 1 7
53 65 4 3
53 66 7 6
53 67 6 2
53 68 7 10
53 69 6 10
53 70 4 10
53 71 7 3
53 72 6 5
53 73 4 9
53 76 1 4
53 77 9 2
53 78 2 1
53 79 5 4
53 81 10 3
53 82 7 9
53 84 3 6
53 85 9 6
53 86 2 3
53 87 7 1
53 88 6 6
53 89 8 10
53 90 1 8
53 91 8 4
53 92 8 1
53 93 10 2
53 94 8 4
53 95 7 2
53 96 2 1
53 98 9 5
53 100 7 10
54 55 2 9
54 56 5 6
54 58 10 7
54 59 6 2
54 60 7 1
54 61 1 6
54 62 5 9
54 63 4 8
54 64 1 2
54 65 1 1
54 66 10 9
54 67 9 8
54 69 8 1
54 70 8 2
54 71 8 5
54 73 5 5
54 74 6 4
54 75 7 9
54 78 4 3
54 79 3 2
54 80 10 6
54 81 7 1
54 82 7 6
54 83 1 10
54 84 6 9
54 85 10 2
54 87 5 4
54 89 5 4
54 91 3 1
54 92 5 3
54 94 1 10
54 95 7 10
54 96 6 10
54 97 5 6
54 98 2 8
54 99 10 2
55 56 2 4
55 57 1 8
55 58 2 1
55 60 8 8
55 61 5 10
55 62 10 5
55 63 9 8
55 64 8 3
55 65 4 6
55 66 10 10
55 67 7 8
55 68 2 7
55 69 9 2
55 71 8 5
55 72 9 5
55 73 7 9
55 74 8 4
55 76 6 9
55 77 3 4
55 78 10 5
55 79 6 5
55 80 8 2
55 81 4 4
55 82 5 8
55 83 7 5
55 84 8 10
55 85 1 7
55 86 9 1
55 87 6 9
55 88 6 3
55 90 2 8
55 91 3 6
55 92 4 5
55 93 3 5
55 94 4 4
55 95 2 3
55 97 6 8
55 98 10 5
55 100 8 10
56 57 8 9
56 58 7 9
56 59 8 8
56 61 4 3
56 63 3 6
56 64 3 7
56 65 3 3
56 66 8 7
56 67 8 6
56 68 9 9
56 69 1 6
56 71 8 10
56 72 10 1
56 73 1 3
56 74 4 8
56 75 2 8
56 76 7 4
56 77 2 5
56 78 9 4
56 79 2 8
56 80 9 1
56 81 2 1
56 82 7 8
56 83 2 2
56 84 7 2
56 85 4 7
56 86 2 5
56 87 7 5
56 88 2 4
56 89 1 6
56 90 4 2
56 91 2 5
56 92 10 10
56 93 2 9
56 94 4 4
56 95 4 3
56 96 2 7
56 98 10 10
56 99 4 10
56 100 10 4
57 58 6 5
57 59 4 10
57 60 7 3
57 61 4 5
57 62 6 8
57 63 2 10
57 64 1 1
57 65 4 9
57 66 5 2
57 69 7 9
57 70 6 7
57 71 5 6
57 72 4 4
57 74 7 10
57 75 3 10
57 76 9 5
57 77 10 10
57 78 7 5
57 80 9 2
57 81 5 1
57 82 8 7
57 83 2 4
57 84 8 6
57 86 10 6
57 87 2 1
57 88 2 6
57 89 2 2
57 90 7 5
57 91 9 10
57 92 8 5
57 93 7 5
57 94 3 2
57 97 5 7
57 98 2 2
57 99 2 10
57 100 10 1
58 59 9 3
58 60 8 3
58 62 8 4
58 63 3 3
58 64 5 5
58 65 1 6
58 66 2 2
58 67 9 2
58 68 10 2
58 69 10 5
58 71 8 2
58 74 2 2
58 75 9 7
58 76 5 9
58 77 3 9
58 78 7 1
58 79 7 6
58 80 3 3
58 82 5 8
58 83 5 3
58 84 4 6
58 85 1 5
58 86 6 10
58 87 2 2
58 88 2 8
58 89 8 7
58 90 10 8
58 91 6 1
58 92 7 1
58 93 8 3
58 94 3 1
58 95 5 3
58 96 4 4
58 97 7 2
58 98 5 6
58 99 3 10
59 60 3 9
59 61 1 7
59 62 1 2
59 63 10 4
59 64 4 8
59 65 1 3
59 66 4 7
59 67 1 9
59 68 4 5
59 69 8 9
59 70 7 10
59 71 7 4
59 72 8 8
59 73 6 8
59 74 7 8
59 75 5 8
59 76 6 4
59 77 2 9
59 79 3 10
59 80 2 9
59 82 10 7
59 84 4 1
59 85 6 3
59 86 5 1
59 87 4 10
59 88 7 7
59 90 10 10
59 91 6 10
59 93 5 3
59 95 3 1
59 97 6 3
59 98 2 8
59 99 3 10
59 100 3 2
60 61 8 8
60 62 4 7
60 63 5 9
60 64 5 4
60 65 4 2
60 67 2 5
60 68 9 10
60 69 8 4
60 70 6 6
60 71 7 2
60 72 8 6
60 73 8 2
60 74 9 3
60 76 3 7
60 77 6 9
60 78 6 8
60 79 7 3
60 80 8 9
60 81 7 6
60 82 3 8
60 83 2 3
60 84 2 7
60 85 3 7
60 91 6 3
60 92 10 6
60 93 10 3
60 94 1 9
60 95 7 1
60 96 8 6
60 97 9 1
60 98 9 3
60 99 10 3
61 62 1 1
61 63 1 9
61 64 8 2
61 65 4 7
61 66 8 7
61 67 3 10
61 68 2 4
61 69 1 1
61 70 7 10
61 72 3 9
61 73 5 9
61 74 9 8
61 75 2 10
61 76 2 4
61 77 3 5
61 79 2 7
61 80 6 10
61 81 3 6
61 82 7 2
61 85 1 6
61 86 2 2
61 87 10 1
61 88 5 6
61 89 7 8
61 90 8 9
61 91 5 2
61 93 2 7
61 94 7 10
61 95 1 2
61 98 8 6
61 99 4 1
62 63 8 6
62 64 6 8
62 65 8 7
62 66 2 3
62 67 7 1
62 68 9 9
62 69 10 5
62 70 7 4
62 71 10 1
62 72 2 10
62 74 4 3
62 75 8 1
62 76 1 5
62 77 4 8
62 78 2 5
62 79 5 1
62 80 3 5
62 81 4 7
62 82 6 3
62 83 4 8
62 84 10 7
62 85 1 5
62 86 4 5
62 87 2 1
62 88 6 10
62 89 3 6
62 90 5 10
62 91 7 7
62 92 9 4
62 93 9 2
62 94 8 2
62 95 7 1
62 96 5 5
62 97 7 2
62 98 4 9
62 99 3 10
62 100 10 9
63 64 4 9
63 66 5 6
63 67 7 9
63 70 8 8
63 71 2 1
63 73 2 10
63 74 3 8
63 75 4 5
63 78 3 4
63 80 5 2
63 81 4 10
63 82 9 7
63 83 8 7
63 84 6 6
63 85 5 8
63 86 5 4
63 87 2 8
63 88 2 6
63 89 7 4
63 90 7 4
63 93 9 4
63 94 3 5
63 95 2 4
63 96 3 5
63 97 8 7
63 98 4 5
63 99 5 10
64 65 7 5
64 66 10 5
64 67 7 4
64 68 2 3
64 69 1 6
64 70 6 1
64 71 7 8
64 72 3 1
64 73 1 9
64 74 4 2
64 75 7 8
64 76 3 1
64 77 7 8
64 79 8 2
64 80 9 1
64 81 4 9
64 82 5 2
64 85 10 7
64 86 1 6
64 87 9 9
64 88 4 4
64 89 8 2
64 92 4 8
64 93 7 2
64 94 3 4
64 95 2 2
64 96 10 8
64 97 8 1
64 98 9 10
64 99 5 10
64 100 8 10
65 67 10 10
65 69 10 4
65 71 4 8
65 72 7 2
65 73 4 2
65 75 7 4
65 77 5 5
65 78 9 9
65 79 9 1
65 80 6 4
65 81 1 7
65 83 9 1
65 84 8 6
65 85 1 5
65 86 4 6
65 87 3 10
65 89 1 10
65 91 7 7
65 92 9 3
65 93 1 4
65 95 1 10
65 96 6 3
65 97 5 6
65 98 8 7
65 99 8 5
65 100 7 7
66 68 1 6
66 69 9 4
66 70 4 4
66 72 3 2
66 73 5 3
66 74 3 7
66 75 10 5
66 76 1 10
66 77 2 5
66 78 8 3
66 79 4 8
66 80 3 6
66 81 9 5
66 82 7 8
66 83 1 2
66 84 5 1
66 85 6 7
66 87 1 10
66 88 3 2
66 91 4 7
66 92 3 8
66 93 7 4
66 94 2 9
66 95 3 4
66 96 4 10
66 97 7 9
66 98 2 8
66 99 6 6
67 68 5 10
67 69 6 8
67 70 8 10
67 71 1 2
67 72 5 10
67 73 9 7
67 75 4 8
67 77 7 6
67 78 7 3
67 79 2 3
67 80 10 6
67 81 3 8
67 82 5 7
67 83 5 9
67 86 6 5
67 87 2 1
67 90 4 1
67 91 4 8
67 93 4 8
67 95 3 3
67 96 3 8
67 97 3 8
67 98 5 2
67 99 2 3
68 71 1 2
68 72 2 5
68 73 9 3
68 74 6 10
68 75 1 3
68 76 8 3
68 77 9 9
68 78 1 1
68 79 8 4
68 80 8 4
68 81 1 7
68 82 5 6
68 83 7 4
68 84 10 4
68 85 4 3
68 86 10 4
68 87 5 5
68 88 1 7
68 90 8 7
68 91 1 10
68 92 3 8
68 93 4 2
68 94 3 8
68 97 7 5
68 98 4 7
68 99 6 8
68 100 6 4
69 70 3 5
69 74 3 7
69 76 7 7
69 77 3 4
69 78 3 8
69 80 5 10
69 81 4 1
69 83 3 8
69 84 10 6
69 85 1 10
69 86 9 7
69 88 3 2
69 89 6 8
69 90 5 6
69 91 5 1
69 92 3 3
69 93 1 2
69 94 8 5
69 96 9 7
69 97 7 3
69 99 8 3
70 71 5 6
70 73 5 4
70 74 7 9
70 76 9 3
70 77 10 6
70 80 7 8
70 81 10 8
70 82 4 6
70 83 3 9
70 84 10 1
70 85 2 8
70 86 3 7
70 88 5 3
70 89 1 7
70 90 1 1
70 91 4 1
70 92 7 10
70 93 5 5
70 94 10 5
70 95 10 9
70 96 6 9
70 98 3 2
70 99 9 9
70 100 8 4
71 73 1 8
71 74 7 5
71 75 10 1
71 76 5 2
71 77 7 4
71 78 7 4
71 79 1 5
71 80 10 8
71 82 3 9
71 83 6 4
71 84 2 2
71 85 5 6
71 86 1 1
71 89 4 4
71 90 4 4
71 91 1 9
71 92 9 4
71 93 2 10
71 94 2 7
71 96 9 6
71 97 7 5
71 98 1 3
71 100 3 10
72 73 10 1
72 74 2 2
72 75 2 5
72 77 3 9
72 78 8 8
72 79 10 7
72 80 9 7
72 81 1 7
72 82 8 2
72 83 7 10
72 84 6 5
72 85 9 5
72 86 4 7
72 88 7 4
72 89 6 8
72 91 5 7
72 93 3 7
72 94 4 1
72 95 9 6
72 96 10 7
72 97 6 6
72 98 8 2
72 99 2 9
72 100 4 9
73 74 4 4
73 75 3 3
73 76 6 9
73 77 8 5
73 79 8 6
73 80 4 9
73 81 3 3
73 83 4 10
73 84 9 10
73 85 9 7
73 86 3 10
73 87 6 10
73 88 10 9
73 89 9 2
73 91 5 10
73 92 6 7
73 93 2 4
73 94 5 9
73 95 8 8
73 96 4 3
73 97 5 8
73 98 8 1
73 99 10 10
73 100 10 1
74 75 6 5
74 76 3 9
74 77 3 9
74 78 5 9
74 79 6 6
74 80 4 9
74 81 1 6
74 82 6 9
74 85 8 1
74 86 4 6
74 87 6 4
74 88 8 9
74 89 4 1
74 90 2 3
74 92 6 3
74 93 6 8
74 95 2 8
74 96 10 3
74 98 9 4
74 99 6 4
74 100 10 9
75 76 4 2
75 77 4 2
75 78 6 3
75 79 5 1
75 80 1 1
75 81 10 9
75 82 5 6
75 83 8 2
75 84 9 9
75 85 8 2
75 86 3 8
75 87 6 1
75 88 9 8
75 89 2 2
75 90 10 1
75 91 10 4
75 92 9 1
75 93 6 1
75 94 9 7
75 96 3 4
75 97 9 3
75 99 2 6
75 100 1 8
76 77 4 1
76 78 10 8
76 80 7 5
76 81 3 10
76 82 4 2
76 83 10 7
76 85 4 7
76 86 5 1
76 87 10 6
76 88 5 1
76 89 1 7
76 91 8 2
76 92 4 2
76 93 6 10
76 95 1 9
76 96 5 6
76 97 5 1
76 98 3 8
76 99 6 4
76 100 1 7
77 79 7 9
77 80 2 6
77 81 9 2
77 82 8 10
77 83 7 9
77 84 5 8
77 85 4 3
77 86 6 1
77 87 10 3
77 88 9 4
77 90 7 9
77 91 7 9
77 92 4 1
77 93 4 7
77 95 5 6
77 96 1 5
77 98 2 5
77 99 3 6
77 100 2 3
78 79 9 1
78 80 10 4
78 81 8 3
78 82 2 9
78 83 1 5
78 86 10 4
78 87 4 9
78 88 1 1
78 89 3 4
78 90 4 5
78 91 2 1
78 92 5 3
78 93 10 9
78 94 4 3
78 95 10 10
78 96 1 7
78 97 1 8
78 100 2 9
79 80 2 2
79 81 6 10
79 82 10 10
79 83 7 8
79 84 5 6
79 85 5 6
79 86 8 3
79 87 7 7
79 88 5 2
79 89 10 3
79 90 9 4
79 91 2 4
79 92 4 10
79 93 9 8
79 94 7 3
79 95 5 7
79 96 2 7
79 98 9 7
79 99 2 8
79 100 4 4
80 81 2 9
80 82 2 2
80 83 10 2
80 84 6 2
80 85 10 5
80 86 5 9
80 87 2 10
80 88 5 3
80 90 9 9
80 91 3 1
80 93 8 9
80 95 10 7
80 96 7 7
80 97 4 1
80 98 8 3
80 99 4 5
80 100 8 9
81 83 6 7
81 84 8 7
81 85 8 2
81 86 10 4
81 87 5 4
81 88 6 4
81 90 3 8
81 91 10 5
81 92 8 7
81 93 5 6
81 94 10 6
81 95 10 4
81 96 8 6
81 97 5 4
81 98 9 3
81 99 10 2
81 100 5 3
82 83 5 2
82 84 10 5
82 86 2 1
82 87 4 9
82 88 4 7
82 89 1 2
82 91 8 3
82 93 6 2
82 94 10 7
82 96 1 9
82 97 7 2
82 98 6 8
82 100 5 3
83 84 4 4
83 85 9 3
83 86 5 3
83 87 2 5
83 89 6 5
83 90 2 10
83 91 2 7
83 92 8 7
83 94 2 7
83 95 6 1
83 97 4 10
83 98 1 6
83 99 8 8
83 100 8 1
84 85 3 4
84 87 6 4
84 88 1 7
84 89 3 4
84 90 5 3
84 91 6 5
84 92 9 2
84 93 2 6
84 94 6 10
84 95 4 3
84 96 1 5
84 97 8 7
84 98 4 10
85 86 6 8
85 87 10 5
85 90 4 8
85 91 6 1
85 93 1 10
85 94 4 5
85 95 5 2
85 96 1 3
85 97 5 4
85 98 2 2
85 99 1 10
85 100 10 1
86 88 5 3
86 89 4 4
86 91 8 6
86 92 5 4
86 93 9 8
86 94 3 5
86 95 6 9
86 96 6 10
86 98 4 3
86 100 8 4
87 90 5 6
87 91 5 5
87 92 4 6
87 93 3 7
87 94 1 1
87 95 10 8
87 97 1 8
87 98 2 2
87 99 5 4
87 100 8 7
88 89 8 1
88 90 5 1
88 91 9 1
88 92 7 4
88 93 7 3
88 94 3 2
88 96 2 2
88 97 4 6
88 99 8 1
88 100 8 4
89 90 5 3
89 91 7 7
89 92 8 2
89 94 9 3
89 95 6 7
89 96 8 3
89 97 7 6
89 98 8 2
89 100 7 9
90 91 1 1
90 92 7 7
90 93 5 5
90 94 9 4
90 96 9 10
90 100 7 5
91 92 3 4
91 93 4 4
91 94 4 6
91 95 2 1
91 96 8 5
91 97 8 6
91 100 9 1
92 93 10 9
92 94 5 7
92 96 5 9
92 97 6 6
92 98 1 9
92 99 9 10
92 100 10 10
93 94 10 1
93 95 6 8
93 96 1 9
93 97 9 10
93 98 9 6
93 99 5 6
93 100 2 3
94 95 2 10
94 97 6 7
94 98 9 4
94 99 4 4
94 100 8 1
95 96 9 10
95 97 3 4
95 98 7 3
95 100 6 7
96 97 1 5
96 99 2 7
96 100 5 4
97 98 3 9
97 100 9 5
98 99 10 2
98 100 1 10
99 100 8 7
1
1 2 3 4 5 6 7 8 9 10 11 12 13 14 15 16 17 18 19 20 21 22 23 24 25 26 27 28 29 30 31 32 33 34 35 36 37 38 39 40 41 42 43 44 45 46 47 48 49 50
