3968
1 2 2 5
1 3 5 5
1 4 5 10
1 5 1 1
1 6 3 2
1 7 2 7
1 8 4 10
1 9 8 2
1 10 7 8
1 11 1 2
1 12 9 1
1 13 4 7
1 15 6 6
1 16 8 4
1 19 4 5
1 20 6 1
1 21 3 9
1 23 10 7
1 24 7 10
1 26 8 5
1 27 4 7
1 28 1 6
1 29 7 2
1 30 3 3
1 31 3 8
1 33 10 4
1 34 4 2
1 35 5 6
1 36 8 2
1 37 10 1
1 38 3 5
1 39 10 1
1 42 10 9
1 43 9 1
1 44 1 6
1 45 3 5
1 46 7 3
1 47 7 7
1 48 5 10
1 49 2 3
1 51 8 7
1 52 8 8
1 54 7 3
1 55 3 6
1 57 10 2
1 59 7 2
1 60 2 6
1 61 7 7
1 62 5 7
1 63 10 6
1 64 5 7
1 65 2 5
1 67 5 10
1 68 2 6
1 69 6 6
1 70 7 4
1 71 1 8
1 72 4 4
1 73 3 7
1 74 7 2
1 77 9 3
1 78 5 1
1 79 5 2
1 80 5 8
1 82 5 10
1 83 1 1
1 85 7 10
1 86 3 8
1 87 3 4
1 88 10 6
1 89 3 9
1 90 2 5
1 91 8 4
1 92 4 2
1 93 4 2
1 94 1 3
1 95 3 8
1 96 7 4
1 97 3 5
1 98 8 8
1 99 3 3
1 100 4 4
2 3 4 6
2 4 2 4
2 6 3 8
2 7 9 2
2 8 7 7
2 9 10 7
2 10 6 9
2 11 3 7
2 12 3 7
2 13 7 7
2 14 5 9
2 15 9 6
2 16 7 6
2 17 7 6
2 18 1 7
2 19 5 4
2 20 4 1
2 21 1 7
2 22 7 2
2 23 7 10
2 25 10 1
2 26 3 10
2 28 5 9
2 29 3 3
2 30 3 9
2 31 4 10
2 32 10 9
2 33 6 1
2 34 3 10
2 35 8 1
2 36 3 5
2 37 6 4
2 38 9 4
2 39 3 7
2 40 3 3
2 41 1 7
2 42 1 2
2 43 4 7
2 45 9 10
2 46 7 7
2 47 2 8
2 48 6 7
2 51 10 6
2 54 2 10
2 56 6 6
2 57 3 10
2 58 2 10
2 60 7 9
2 61 5 3
2 62 3 10
2 63 8 9
2 65 5 3
2 66 5 4
2 67 7 4
2 68 7 10
2 69 5 10
2 70 5 1
2 71 9 6
2 72 5 5
2 73 4 4
2 74 8 5
2 75 9 4
2 77 4 8
2 78 10 1
2 79 1 4
2 81 2 1
2 82 1 3
2 83 9 7
2 84 3 5
2 86 8 2
2 87 3 2
2 88 1 9
2 89 10 2
2 90 3 9
2 91 6 8
2 92 1 10
2 93 3 10
2 94 9 6
2 95 10 5
2 96 8 8
2 97 5 2
2 98 3 2
2 100 4 6
3 4 5 7
3 6 4 4
3 7 9 7
3 8 4 3
3 9 5 4
3 10 6 9
3 11 4 5
3 14 8 7
3 15 7 8
3 16 4 3
3 17 4 2
3 19 3 7
3 20 3 1
3 21 5 5
3 22 8 6
3 23 5 4
3 24 7 6
3 25 1 6
3 26 1 9
3 28 6 5
3 29 2 8
3 30 9 10
3 32 8 2
3 34 9 8
3 36 9 10
3 37 3 6
3 38 4 8
3 39 4 9
3 40 9 7
3 41 9 2
3 43 10 6
3 44 6 3
3 45 2 5
3 46 2 2
3 48 9 4
3 49 5 10
3 50 2 4
3 51 7 5
3 52 6 6
3 53 9 2
3 54 4 8
3 55 6 5
3 56 6 4
3 57 9 5
3 58 10 8
3 59 5 6
3 60 10 2
3 61 3 1
3 62 4 5
3 63 7 9
3 64 7 7
3 65 4 4
3 67 8 7
3 69 1 10
3 70 8 8
3 71 1 8
3 73 6 6
3 74 10 7
3 75 5 3
3 76 2 3
3 77 2 1
3 79 7 9
3 80 2 9
3 81 7 7
3 82 2 5
3 83 10 10
3 84 1 9
3 85 8 9
3 86 8 7
3 87 6 6
3 88 6 7
3 89 2 5
3 90 8 4
3 91 7 2
3 92 6 1
3 93 4 2
3 94 6 8
3 95 1 9
3 98 8 2
3 99 1 5
3 100 10 2
4 6 9 5
4 8 4 1
4 11 5 8
4 12 4 2
4 13 3 4
4 15 2 5
4 16 8 9
4 17 2 10
4 18 9 5
4 19 4 2
4 20 6 2
4 21 3 7
4 22 1 3
4 23 8 6
4 24 8 5
4 26 4 4
4 27 4 5
4 28 2 9
4 30 6 1
4 31 9 6
4 32 10 8
4 33 8 9
4 34 10 8
4 36 3 8
4 37 9 2
4 39 6 6
4 40 7 8
4 42 6 5
4 43 8 1
4 44 7 2
4 45 6 6
4 46 1 2
4 47 1 4
4 48 7 6
4 49 8 5
4 50 3 5
4 51 1 4
4 52 8 5
4 53 8 1
4 54 9 9
4 55 4 1
4 57 1 1
4 58 10 10
4 60 9 8
4 61 3 9
4 62 4 2
4 63 10 2
4 64 3 10
4 65 1 5
4 67 8 7
4 68 7 1
4 69 4 5
4 71 1 4
4 73 10 3
4 74 2 1
4 75 3 6
4 76 8 5
4 77 4 7
4 78 2 7
4 79 10 2
4 81 3 4
4 82 7 2
4 83 7 7
4 84 10 5
4 86 8 9
4 87 9 4
4 89 5 7
4 90 10 3
4 91 2 3
4 92 10 6
4 94 1 5
4 95 8 6
4 96 5 3
4 97 3 4
4 98 1 5
4 100 1 4
5 6 1 4
5 7 7 1
5 8 10 4
5 9 10 2
5 11 7 2
5 12 7 6
5 14 5 9
5 15 1 1
5 16 1 5
5 18 3 6
5 20 6 5
5 21 6 7
5 23 4 9
5 24 9 4
5 25 10 5
5 26 8 10
5 27 2 5
5 28 2 1
5 32 8 10
5 36 2 8
5 37 9 3
5 38 2 1
5 39 9 7
5 40 2 3
5 42 4 7
5 43 5 3
5 44 7 6
5 45 6 7
5 46 1 4
5 48 8 9
5 49 5 3
5 50 3 2
5 52 8 3
5 53 2 9
5 54 9 2
5 56 10 7
5 57 3 4
5 59 3 6
5 60 7 5
5 61 5 9
5 62 4 4
5 64 6 7
5 65 6 6
5 66 5 4
5 67 4 5
5 68 5 3
5 69 8 1
5 70 6 5
5 71 4 7
5 72 1 3
5 73 6 6
5 74 8 1
5 75 2 5
5 76 10 7
5 77 3 2
5 78 1 4
5 79 10 8
5 82 2 4
5 83 10 6
5 84 3 8
5 85 1 7
5 86 6 9
5 87 7 2
5 89 5 4
5 91 10 9
5 94 3 8
5 95 9 2
5 96 1 2
5 97 8 5
5 98 8 1
5 99 3 10
5 100 10 4
6 7 3 4
6 8 10 5
6 9 7 5
6 11 4 9
6 12 5 7
6 13 3 4
6 15 2 7
6 16 3 3
6 17 10 6
6 18 10 5
6 19 8 7
6 20 4 3
6 21 3 4
6 22 5 2
6 24 8 3
6 25 4 7
6 26 3 1
6 27 5 4
6 28 7 4
6 30 6 9
6 32 5 6
6 36 8 4
6 38 1 1
6 39 6 4
6 40 4 1
6 42 5 8
6 43 3 9
6 44 7 4
6 45 9 1
6 47 5 10
6 48 4 4
6 49 1 3
6 50 4 9
6 52 8 8
6 53 8 1
6 54 8 6
6 55 4 2
6 56 2 3
6 58 2 2
6 59 10 8
6 61 10 3
6 63 10 8
6 64 2 6
6 65 9 2
6 66 6 10
6 69 2 3
6 70 9 5
6 71 7 4
6 72 9 6
6 73 5 9
6 74 8 8
6 75 9 4
6 76 8 4
6 77 8 3
6 78 9 5
6 79 5 3
6 80 8 4
6 81 6 2
6 83 4 3
6 84 4 1
6 85 9 3
6 86 2 1
6 88 6 3
6 89 7 3
6 91 8 1
6 92 5 6
6 94 6 5
6 95 8 10
6 96 2 5
6 97 10 4
6 98 1 7
6 99 8 3
6 100 4 4
7 8 3 9
7 9 8 1
7 10 7 8
7 11 8 8
7 12 5 1
7 13 7 7
7 14 4 9
7 15 6 10
7 16 2 10
7 17 6 9
7 18 6 6
7 19 10 4
7 22 9 1
7 23 3 4
7 24 10 1
7 25 4 1
7 27 7 1
7 29 8 8
7 30 7 2
7 32 9 3
7 33 6 6
7 34 2 9
7 35 10 10
7 36 2 4
7 37 2 4
7 39 9 4
7 40 4 4
7 41 10 9
7 42 5 2
7 43 1 1
7 44 3 6
7 45 1 8
7 46 1 10
7 47 2 9
7 49 10 8
7 51 7 5
7 52 9 7
7 53 9 7
7 55 2 1
7 56 5 1
7 57 9 4
7 58 8 6
7 59 1 2
7 60 7 4
7 61 2 3
7 62 2 1
7 63 8 1
7 64 3 9
7 65 3 1
7 66 2 8
7 67 8 9
7 68 6 6
7 69 8 8
7 70 2 10
7 71 4 10
7 73 1 2
7 74 3 4
7 75 1 6
7 77 3 8
7 79 9 7
7 80 6 3
7 81 5 1
7 82 3 8
7 84 6 2
7 85 2 6
7 88 9 9
7 89 7 6
7 91 1 7
7 92 1 5
7 93 5 10
7 94 7 8
7 96 5 10
7 97 5 10
7 98 6 4
7 99 8 7
7 100 4 9
8 9 6 3
8 10 4 5
8 11 5 2
8 13 7 9
8 14 10 3
8 16 5 1
8 17 9 7
8 18 10 2
8 19 9 7
8 20 2 9
8 21 2 7
8 22 8 8
8 23 7 5
8 25 10 6
8 26 2 10
8 27 2 6
8 30 9 8
8 31 7 3
8 32 9 8
8 33 3 9
8 34 9 10
8 35 4 4
8 37 5 9
8 38 8 7
8 40 10 1
8 41 5 2
8 42 1 5
8 43 9 1
8 44 6 9
8 46 8 8
8 48 2 4
8 49 3 7
8 50 8 4
8 51 3 10
8 53 10 1
8 54 10 2
8 55 5 8
8 56 7 4
8 57 1 9
8 58 5 7
8 59 4 10
8 60 5 6
8 61 1 10
8 62 3 1
8 64 6 10
8 65 3 8
8 66 2 4
8 67 4 5
8 69 3 5
8 71 2 6
8 73 6 4
8 74 7 3
8 75 3 6
8 76 8 4
8 78 4 6
8 79 7 4
8 80 8 4
8 81 7 5
8 82 8 2
8 83 6 4
8 84 7 4
8 85 1 2
8 87 5 10
8 88 8 9
8 89 9 9
8 90 5 2
8 91 8 2
8 92 7 2
8 93 8 6
8 94 10 10
8 95 1 1
8 97 7 7
8 98 7 10
8 99 2 7
8 100 1 7
9 10 10 8
9 13 4 6
9 14 9 10
9 15 1 2
9 16 1 8
9 17 9 9
9 19 8 10
9 20 5 7
9 21 8 9
9 22 3 1
9 24 1 7
9 25 10 1
9 26 4 5
9 27 6 4
9 28 10 3
9 29 4 10
9 30 10 2
9 31 10 7
9 32 5 10
9 34 9 10
9 37 8 2
9 38 4 1
9 39 8 6
9 40 3 10
9 41 4 2
9 43 4 10
9 44 10 1
9 45 4 6
9 46 4 9
9 47 7 10
9 48 6 8
9 49 3 8
9 50 1 4
9 51 3 10
9 52 7 7
9 54 4 2
9 55 9 8
9 56 1 9
9 57 3 6
9 58 6 2
9 59 7 1
9 60 1 10
9 61 3 2
9 62 10 10
9 63 1 9
9 68 5 3
9 73 10 5
9 74 5 7
9 75 6 5
9 76 9 8
9 77 1 5
9 78 7 1
9 80 1 8
9 81 8 6
9 82 3 2
9 83 6 10
9 84 6 4
9 85 8 7
9 86 9 9
9 87 6 1
9 88 4 5
9 89 6 5
9 90 10 1
9 91 4 10
9 92 8 6
9 93 7 9
9 96 10 9
9 98 9 3
9 99 1 6
9 100 4 4
10 12 9 4
10 13 1 9
10 14 6 6
10 15 10 3
10 16 4 3
10 17 3 4
10 18 8 1
10 19 2 10
10 20 2 8
10 22 8 8
10 24 2 1
10 25 5 3
10 26 9 7
10 27 1 1
10 28 10 3
10 30 5 5
10 31 10 8
10 32 2 3
10 33 2 6
10 34 1 8
10 36 10 10
10 38 2 2
10 39 8 9
10 40 10 3
10 41 6 5
10 42 6 4
10 43 3 3
10 44 4 6
10 46 7 5
10 47 5 6
10 49 3 10
10 50 1 5
10 51 9 2
10 52 6 1
10 56 4 1
10 57 2 2
10 58 1 1
10 59 6 2
10 61 1 10
10 62 7 4
10 63 4 5
10 66 9 2
10 67 9 4
10 68 10 4
10 70 6 10
10 71 6 1
10 72 5 7
10 73 2 1
10 74 2 6
10 76 2 10
10 77 10 7
10 78 7 7
10 79 1 6
10 81 6 10
10 83 10 5
10 84 2 2
10 85 10 3
10 90 7 10
10 91 8 5
10 93 2 8
10 95 5 10
10 97 2 9
10 98 9 5
10 100 4 7
11 12 3 5
11 14 4 2
11 15 4 3
11 16 6 3
11 17 3 9
11 18 6 6
11 19 6 7
11 20 5 10
11 21 9 5
11 22 6 7
11 23 4 10
11 24 10 7
11 25 7 7
11 26 4 5
11 27 8 6
11 28 2 6
11 29 1 1
11 30 4 9
11 31 6 2
11 32 9 8
11 33 4 6
11 34 8 3
11 36 7 5
11 37 7 5
11 38 1 9
11 39 9 3
11 40 3 4
11 41 6 2
11 42 4 6
11 43 6 1
11 44 7 6
11 45 1 6
11 46 5 1
11 48 4 10
11 49 9 4
11 50 6 3
11 51 8 9
11 52 8 4
11 53 5 6
11 54 6 1
11 55 9 10
11 56 4 4
11 57 7 1
11 58 8 3
11 59 9 1
11 61 8 9
11 62 1 6
11 63 4 10
11 64 6 2
11 65 4 3
11 66 2 10
11 67 5 4
11 68 5 10
11 69 6 7
11 70 8 5
11 72 1 4
11 73 1 6
11 75 1 5
11 76 7 8
11 77 2 10
11 78 6 9
11 79 2 9
11 80 9 1
11 81 1 3
11 83 10 1
11 85 2 4
11 86 10 9
11 87 6 8
11 88 2 8
11 89 10 9
11 90 8 8
11 91 10 9
11 93 9 2
11 94 7 5
11 95 10 9
11 96 10 4
11 97 6 3
11 99 3 3
11 100 1 8
12 14 9 7
12 16 1 6
12 19 6 7
12 20 7 6
12 21 1 1
12 22 10 7
12 23 2 6
12 24 2 4
12 26 2 4
12 27 10 1
12 28 10 3
12 29 10 9
12 30 3 5
12 33 9 2
12 36 7 7
12 37 3 4
12 38 6 2
12 39 1 10
12 40 4 6
12 41 10 3
12 43 7 3
12 44 4 8
12 45 10 7
12 46 3 10
12 47 10 1
12 49 5 10
12 50 7 8
12 53 5 3
12 54 7 6
12 55 9 2
12 56 8 9
12 57 6 8
12 59 9 6
12 60 7 4
12 61 9 3
12 63 5 7
12 64 6 10
12 65 4 8
12 67 5 8
12 68 1 3
12 70 2 8
12 71 2 3
12 72 9 3
12 73 8 4
12 74 7 7
12 75 3 5
12 76 6 10
12 77 8 5
12 78 8 8
12 79 4 8
12 81 4 4
12 84 10 2
12 85 1 2
12 86 8 6
12 87 9 10
12 88 10 10
12 90 1 4
12 91 7 10
12 92 7 6
12 93 10 3
12 95 4 6
12 96 1 3
12 97 2 8
12 98 3 8
12 100 4 4
13 15 7 3
13 16 9 9
13 18 5 1
13 19 5 4
13 20 7 9
13 21 10 3
13 22 2 4
13 23 9 10
13 24 7 2
13 25 9 1
13 26 7 2
13 29 4 3
13 30 7 3
13 31 7 3
13 32 6 8
13 33 6 2
13 34 10 8
13 35 8 8
13 36 8 3
13 37 3 4
13 39 3 1
13 40 4 7
13 41 2 7
13 42 10 9
13 44 4 4
13 45 6 9
13 46 2 1
13 47 8 3
13 49 5 1
13 50 7 7
13 51 6 9
13 52 4 9
13 54 4 10
13 56 2 2
13 57 1 9
13 58 9 7
13 59 2 2
13 60 7 7
13 61 9 5
13 62 2 7
13 64 10 6
13 65 1 3
13 66 8 7
13 67 2 7
13 68 1 5
13 69 1 3
13 70 10 9
13 71 8 9
13 72 3 5
13 73 6 8
13 74 3 6
13 76 9 7
13 77 9 6
13 78 4 6
13 79 3 10
13 80 3 6
13 81 10 6
13 82 3 6
13 83 8 10
13 84 8 10
13 85 2 7
13 86 8 7
13 87 5 8
13 88 4 5
13 89 10 8
13 90 2 4
13 91 6 4
13 92 10 5
13 94 9 3
13 95 1 8
13 96 4 2
13 97 6 1
13 99 7 7
13 100 4 4
14 16 2 10
14 17 7 2
14 18 4 1
14 19 10 3
14 20 8 6
14 22 9 10
14 23 3 6
14 24 3 1
14 25 2 10
14 26 1 6
14 27 10 3
14 29 2 6
14 30 3 3
14 31 9 4
14 33 4 7
14 34 6 4
14 36 1 3
14 37 7 4
14 39 9 5
14 40 2 9
14 41 2 1
14 42 8 6
14 44 4 9
14 46 1 5
14 47 7 2
14 49 4 9
14 50 5 9
14 51 5 1
14 53 2 5
14 54 5 9
14 55 8 7
14 58 10 10
14 59 7 9
14 60 7 1
14 62 2 2
14 63 8 10
14 64 10 3
14 65 4 9
14 67 7 5
14 68 3 6
14 69 9 1
14 70 8 6
14 71 6 10
14 72 3 5
14 75 10 7
14 76 4 9
14 77 5 10
14 78 7 2
14 80 8 7
14 81 4 3
14 82 5 6
14 84 4 4
14 85 2 2
14 87 10 7
14 88 4 2
14 89 9 10
14 90 3 4
14 91 10 8
14 92 9 6
14 93 10 3
14 94 9 7
14 95 6 10
14 96 8 9
14 97 6 3
14 98 10 4
14 99 8 4
14 100 8 4
15 16 5 1
15 18 9 6
15 19 5 4
15 20 8 6
15 22 3 1
15 23 5 10
15 24 4 5
15 25 1 5
15 27 1 5
15 28 7 4
15 30 3 5
15 32 6 2
15 33 3 6
15 34 4 10
15 35 5 1
15 36 8 8
15 37 8 1
15 39 7 6
15 40 1 8
15 41 3 4
15 44 7 10
15 45 7 8
15 46 6 9
15 48 9 4
15 51 7 7
15 53 3 3
15 55 8 6
15 56 6 3
15 57 4 9
15 58 8 8
15 61 5 5
15 62 10 8
15 64 7 10
15 65 1 10
15 67 5 1
15 68 6 8
15 69 4 4
15 70 9 7
15 72 3 1
15 73 8 2
15 74 4 3
15 76 1 2
15 78 4 5
15 79 7 5
15 81 6 7
15 82 8 8
15 83 8 3
15 84 2 4
15 85 3 4
15 87 7 2
15 88 8 5
15 89 7 7
15 90 9 7
15 91 9 2
15 93 5 3
15 94 3 10
15 95 10 2
15 96 2 9
15 97 2 5
15 98 2 7
15 99 4 3
15 100 7 1
16 17 3 7
16 18 4 2
16 19 2 8
16 20 2 1
16 21 8 9
16 24 7 10
16 25 6 4
16 26 6 7
16 27 1 7
16 29 3 4
16 30 4 10
16 32 7 8
16 33 5 8
16 34 9 4
16 35 5 10
16 37 5 2
16 38 9 5
16 39 4 9
16 40 1 7
16 41 3 7
16 42 2 8
16 43 7 6
16 44 6 4
16 45 6 2
16 46 3 8
16 48 4 5
16 50 4 3
16 51 2 1
16 53 3 7
16 54 4 3
16 58 3 1
16 59 4 1
16 61 2 6
16 63 3 7
16 64 7 10
16 65 4 9
16 66 7 8
16 67 2 2
16 68 8 6
16 69 5 9
16 70 2 4
16 71 1 8
16 73 5 4
16 74 10 10
16 75 6 10
16 77 2 2
16 78 9 8
16 79 10 1
16 80 8 2
16 81 1 1
16 82 6 10
16 83 2 1
16 84 6 10
16 86 3 2
16 87 6 9
16 89 6 3
16 90 10 9
16 91 10 8
16 92 4 10
16 93 3 9
16 94 8 8
16 95 5 5
16 96 7 5
16 97 8 1
16 98 7 5
16 99 9 9
16 100 6 1
17 18 9 7
17 19 3 2
17 20 8 5
17 21 6 6
17 23 4 10
17 24 2 6
17 25 9 10
17 26 6 1
17 27 9 7
17 28 10 3
17 29 5 3
17 30 3 9
17 31 4 6
17 32 7 5
17 33 9 5
17 34 5 9
17 35 7 3
17 36 10 7
17 37 6 4
17 38 4 3
17 39 3 7
17 41 4 2
17 42 6 10
17 44 3 5
17 45 6 2
17 46 5 2
17 48 7 6
17 49 8 6
17 50 10 4
17 51 10 9
17 53 10 6
17 54 3 8
17 55 8 2
17 56 3 8
17 57 4 2
17 58 4 2
17 59 9 6
17 61 6 4
17 62 5 4
17 63 5 8
17 64 6 4
17 65 2 8
17 66 8 1
17 67 5 5
17 68 9 8
17 69 7 5
17 70 6 8
17 71 6 2
17 72 5 5
17 73 5 3
17 75 6 1
17 76 5 2
17 78 4 6
17 79 1 4
17 80 10 1
17 82 5 6
17 83 9 2
17 84 5 8
17 86 6 3
17 87 2 8
17 89 2 10
17 91 1 6
17 92 3 4
17 93 7 7
17 94 5 8
17 96 3 7
17 97 5 3
17 98 7 5
17 99 5 2
17 100 2 8
18 19 8 6
18 21 8 6
18 23 7 3
18 25 2 1
18 26 9 10
18 27 9 8
18 28 4 7
18 30 1 6
18 32 3 5
18 34 8 4
18 35 6 3
18 37 9 3
18 38 1 1
18 39 6 3
18 40 1 7
18 41 2 7
18 42 4 9
18 43 7 8
18 44 10 10
18 45 10 4
18 47 2 8
18 48 1 9
18 49 2 1
18 50 6 4
18 51 2 4
18 54 3 5
18 55 9 8
18 56 2 8
18 57 4 1
18 58 4 9
18 60 6 10
18 61 10 1
18 62 1 6
18 63 9 8
18 64 4 2
18 65 8 10
18 66 6 10
18 68 1 3
18 69 10 5
18 71 9 3
18 73 8 5
18 74 7 10
18 75 3 6
18 76 1 5
18 77 1 8
18 80 5 6
18 81 4 5
18 82 1 6
18 83 6 4
18 84 6 6
18 85 8 10
18 86 6 6
18 88 3 6
18 89 7 3
18 90 4 2
18 91 3 1
18 92 4 9
18 93 8 3
18 95 3 6
18 96 9 1
18 97 2 7
18 98 3 5
18 99 10 2
18 100 4 8
19 20 6 4
19 21 5 6
19 23 10 7
19 24 9 2
19 25 7 6
19 26 1 1
19 27 8 8
19 28 8 8
19 29 10 1
19 30 1 7
19 31 7 7
19 32 3 4
19 34 2 7
19 35 3 4
19 36 9 3
19 37 5 6
19 38 5 8
19 39 4 8
19 40 4 9
19 41 3 6
19 42 7 4
19 43 1 4
19 44 2 10
19 45 4 7
19 46 5 6
19 47 5 8
19 48 3 8
19 49 9 8
19 50 2 6
19 51 9 10
19 52 5 8
19 54 7 5
19 55 3 5
19 57 2 9
19 58 10 8
19 59 4 7
19 60 7 2
19 61 4 4
19 62 2 2
19 63 9 5
19 64 6 7
19 65 8 9
19 66 4 2
19 67 2 5
19 68 1 5
19 69 8 8
19 71 1 4
19 73 9 3
19 74 9 5
19 76 3 6
19 77 4 6
19 78 7 1
19 79 2 6
19 81 3 3
19 82 3 9
19 83 3 7
19 84 7 5
19 86 9 8
19 87 2 6
19 89 1 6
19 90 8 9
19 91 6 3
19 92 1 3
19 93 9 6
19 94 3 3
19 95 2 6
19 96 4 9
19 97 5 2
19 98 7 5
19 99 7 9
19 100 7 3
20 21 1 5
20 23 6 8
20 24 7 5
20 25 1 3
20 26 1 9
20 28 10 3
20 30 6 8
20 31 8 2
20 32 4 9
20 33 5 9
20 36 10 3
20 38 7 4
20 39 2 5
20 40 3 2
20 41 10 4
20 42 6 2
20 43 2 2
20 44 8 8
20 46 7 2
20 47 1 3
20 49 3 2
20 50 5 9
20 51 7 6
20 52 7 1
20 53 7 6
20 56 5 9
20 57 2 9
20 58 1 4
20 59 6 6
20 61 1 10
20 62 6 5
20 63 4 2
20 64 2 2
20 65 2 3
20 68 4 5
20 70 4 10
20 71 5 4
20 72 6 1
20 73 1 8
20 74 2 9
20 76 6 7
20 77 4 6
20 78 4 4
20 79 6 1
20 81 9 3
20 82 8 8
20 83 9 1
20 84 6 2
20 85 3 3
20 86 7 7
20 87 6 3
20 88 1 7
20 89 4 5
20 91 9 2
20 93 10 7
20 94 3 5
20 95 5 5
20 96 10 3
20 98 5 2
20 100 7 7
21 22 2 3
21 23 5 8
21 24 1 4
21 25 5 9
21 26 9 5
21 27 6 8
21 28 8 5
21 30 4 2
21 31 4 9
21 33 2 8
21 34 8 9
21 35 6 5
21 36 1 3
21 37 3 8
21 38 8 3
21 39 10 3
21 40 1 2
21 42 9 9
21 43 2 4
21 44 3 4
21 45 5 2
21 46 4 5
21 47 6 3
21 48 1 3
21 49 2 5
21 50 3 6
21 52 7 3
21 53 9 5
21 54 7 2
21 55 10 1
21 56 9 2
21 57 5 8
21 58 10 2
21 59 8 2
21 60 8 4
21 61 2 9
21 62 3 8
21 63 6 2
21 64 3 7
21 65 4 3
21 66 4 4
21 68 10 5
21 70 9 6
21 72 5 2
21 73 7 3
21 75 9 5
21 76 10 8
21 77 6 10
21 81 3 5
21 82 10 5
21 83 10 10
21 84 6 1
21 85 1 9
21 87 2 4
21 88 1 2
21 89 9 5
21 90 9 4
21 92 4 10
21 95 4 1
21 96 5 10
21 97 6 4
21 98 8 6
21 99 9 3
21 100 10 1
22 24 7 7
22 25 3 2
22 26 1 3
22 27 5 4
22 28 2 2
22 29 6 7
22 30 7 10
22 32 8 4
22 34 10 8
22 35 10 7
22 36 5 3
22 38 7 2
22 39 6 8
22 40 10 1
22 42 4 1
22 43 5 1
22 44 9 5
22 45 7 4
22 46 4 10
22 47 2 1
22 48 3 8
22 49 3 4
22 50 8 10
22 52 4 6
22 53 7 1
22 54 3 9
22 55 3 8
22 56 3 7
22 57 8 10
22 60 6 1
22 61 2 3
22 63 8 8
22 64 5 6
22 65 5 10
22 66 10 7
22 67 10 9
22 68 2 6
22 69 9 7
22 70 9 7
22 71 9 4
22 72 7 2
22 73 8 6
22 75 8 1
22 76 4 1
22 77 9 1
22 78 5 1
22 79 8 9
22 82 9 10
22 84 7 5
22 85 7 8
22 86 7 2
22 87 8 2
22 89 8 5
22 90 4 1
22 91 4 5
22 93 6 6
22 94 10 6
22 95 10 5
22 96 2 7
22 97 9 7
22 98 6 1
22 99 5 6
22 100 7 7
23 24 8 7
23 25 9 2
23 26 1 3
23 27 5 8
23 28 4 6
23 29 2 6
23 30 4 1
23 33 8 10
23 34 6 9
23 36 9 3
23 37 3 10
23 38 7 10
23 39 7 10
23 40 4 8
23 41 8 10
23 43 4 3
23 45 4 3
23 47 6 1
23 48 7 5
23 49 5 6
23 50 6 1
23 51 2 6
23 52 5 5
23 53 1 10
23 54 10 7
23 56 5 2
23 57 9 1
23 59 5 10
23 60 1 1
23 62 7 7
23 63 3 2
23 65 1 1
23 66 1 3
23 68 7 4
23 69 3 7
23 70 3 2
23 71 4 8
23 73 1 8
23 74 3 6
23 75 6 2
23 76 8 2
23 77 8 5
23 79 2 3
23 80 4 6
23 81 3 1
23 82 5 1
23 83 9 8
23 84 7 5
23 85 4 1
23 86 4 2
23 88 10 8
23 90 3 3
23 91 2 7
23 92 7 8
23 94 6 1
23 95 6 10
23 96 9 9
23 97 4 1
23 98 9 3
23 100 1 10
24 25 8 5
24 26 2 9
24 27 9 3
24 28 2 7
24 29 1 9
24 30 2 6
24 34 6 9
24 35 5 6
24 36 10 5
24 37 5 3
24 38 8 1
24 39 1 1
24 40 2 1
24 41 7 8
24 42 10 5
24 43 1 6
24 44 8 3
24 45 5 7
24 46 7 5
24 47 1 5
24 48 3 5
24 49 8 6
24 50 6 4
24 51 5 5
24 54 4 1
24 55 1 10
24 57 8 5
24 58 1 8
24 60 4 10
24 62 9 9
24 63 1 6
24 64 7 8
24 65 4 9
24 67 5 8
24 69 1 5
24 70 10 10
24 71 8 3
24 72 4 3
24 73 8 2
24 74 6 1
24 76 5 1
24 77 8 3
24 78 8 4
24 79 8 4
24 80 10 1
24 81 7 5
24 82 1 6
24 83 9 8
24 84 9 7
24 85 5 9
24 86 1 1
24 87 3 8
24 88 5 4
24 89 5 5
24 91 10 1
24 93 6 1
24 95 5 10
24 96 8 9
24 97 3 8
24 98 5 7
24 99 2 6
24 100 1 1
25 27 3 8
25 28 2 4
25 29 7 2
25 30 4 8
25 31 6 10
25 32 1 7
25 34 3 2
25 35 7 7
25 36 4 7
25 37 6 7
25 39 8 3
25 40 8 1
25 41 1 7
25 42 10 2
25 43 4 6
25 44 6 7
25 46 5 1
25 48 8 1
25 49 2 7
25 50 4 5
25 51 2 1
25 52 10 7
25 56 8 2
25 58 6 5
25 59 5 10
25 60 5 3
25 61 9 6
25 63 8 8
25 64 10 7
25 65 3 8
25 66 7 4
25 67 6 3
25 68 2 1
25 69 4 10
25 70 3 1
25 71 2 10
25 72 8 5
25 73 4 4
25 74 5 2
25 75 10 6
25 76 1 7
25 77 2 9
25 79 1 1
25 80 7 1
25 81 9 4
25 83 9 5
25 84 8 8
25 85 2 10
25 86 9 4
25 88 2 3
25 89 9 4
25 90 1 10
25 93 4 1
25 95 2 3
25 96 10 7
25 97 8 2
25 98 3 1
25 99 4 9
25 100 9 5
26 27 5 7
26 28 2 7
26 29 2 2
26 32 2 6
26 33 5 6
26 34 10 7
26 35 2 8
26 36 2 9
26 38 9 8
26 39 3 4
26 40 3 1
26 41 4 9
26 43 3 2
26 44 7 10
26 45 3 2
26 46 2 2
26 48 7 5
26 49 3 8
26 50 9 3
26 53 8 3
26 54 3 1
26 55 4 9
26 56 4 7
26 58 2 9
26 59 9 4
26 60 7 6
26 61 1 2
26 63 1 2
26 64 5 7
26 65 9 5
26 66 2 10
26 67 4 4
26 68 9 5
26 69 4 7
26 70 4 2
26 71 7 10
26 72 6 8
26 73 9 9
26 75 9 2
26 76 2 6
26 77 2 3
26 78 3 3
26 79 6 10
26 80 8 1
26 81 9 6
26 82 9 8
26 83 5 5
26 84 7 8
26 85 10 7
26 86 6 4
26 87 8 4
26 88 4 10
26 89 8 2
26 90 10 1
26 91 8 8
26 92 7 2
26 93 9 5
26 94 6 5
26 95 7 7
26 97 6 3
26 98 2 2
26 99 3 1
26 100 6 4
27 28 4 8
27 29 3 8
27 30 5 2
27 31 9 4
27 34 5 10
27 35 10 3
27 36 2 3
27 37 1 3
27 38 7 5
27 39 9 3
27 40 10 7
27 41 8 10
27 43 5 5
27 44 6 2
27 45 10 6
27 46 4 9
27 48 3 2
27 49 7 2
27 50 3 7
27 51 10 2
27 53 2 8
27 54 9 10
27 55 3 9
27 56 8 1
27 58 10 10
27 59 1 1
27 61 7 9
27 62 6 6
27 63 8 1
27 65 5 7
27 66 6 10
27 67 7 6
27 68 1 10
27 69 10 5
27 70 8 1
27 72 4 5
27 74 10 8
27 75 4 6
27 76 4 10
27 77 7 5
27 78 9 8
27 79 10 5
27 80 2 1
27 81 8 6
27 83 9 7
27 84 9 8
27 85 3 3
27 86 3 9
27 87 9 4
27 88 2 1
27 91 7 2
27 93 2 6
27 94 4 2
27 95 7 6
27 97 8 5
27 98 6 9
27 99 8 4
28 29 6 4
28 33 10 9
28 34 7 7
28 35 1 9
28 36 10 3
28 37 7 3
28 38 5 10
28 39 9 4
28 40 10 9
28 41 6 8
28 42 4 9
28 43 2 3
28 44 10 9
28 45 5 1
28 47 2 8
28 48 2 1
28 49 7 3
28 50 1 2
28 51 10 9
28 52 7 10
28 54 1 4
28 55 9 3
28 57 10 2
28 59 6 6
28 60 5 8
28 62 2 5
28 63 4 4
28 64 5 6
28 65 3 6
28 66 10 3
28 68 5 8
28 69 8 6
28 71 9 8
28 72 1 6
28 73 7 8
28 74 5 6
28 75 7 10
28 76 7 9
28 77 7 4
28 78 4 10
28 79 8 5
28 80 5 7
28 81 1 1
28 83 10 9
28 84 10 1
28 85 5 4
28 87 9 2
28 90 9 4
28 91 4 8
28 92 9 5
28 93 4 4
28 94 8 1
28 95 4 2
28 96 1 1
28 99 8 9
28 100 1 2
29 31 8 1
29 32 6 2
29 34 9 6
29 35 5 5
29 36 6 10
29 37 4 8
29 38 6 4
29 39 2 3
29 40 1 2
29 42 3 2
29 46 5 2
29 47 9 9
29 48 6 1
29 49 7 4
29 50 4 2
29 51 7 5
29 52 4 10
29 53 8 1
29 54 1 7
29 55 5 5
29 57 3 4
29 58 9 10
29 61 7 5
29 62 6 10
29 65 4 7
29 66 8 8
29 67 10 10
29 68 1 7
29 69 7 5
29 70 10 2
29 71 1 8
29 72 6 7
29 74 2 9
29 76 3 6
29 77 7 1
29 80 10 6
29 81 6 2
29 83 10 2
29 84 1 4
29 85 7 5
29 86 2 10
29 87 5 2
29 88 6 10
29 89 9 5
29 90 6 4
29 91 7 6
29 92 2 10
29 93 4 10
29 94 10 3
29 95 10 3
29 97 4 7
29 98 5 9
29 99 3 8
29 100 8 6
30 31 4 10
30 32 7 5
30 33 2 6
30 34 2 1
30 35 5 6
30 38 10 5
30 39 7 10
30 40 2 2
30 41 9 3
30 43 3 1
30 44 9 10
30 45 10 2
30 46 4 9
30 47 4 3
30 48 9 1
30 49 2 10
30 50 1 2
30 51 3 7
30 52 5 8
30 53 3 1
30 54 5 4
30 55 9 3
30 56 2 2
30 57 4 8
30 58 8 4
30 59 3 4
30 60 7 10
30 61 9 7
30 62 6 1
30 65 3 7
30 66 3 2
30 67 9 1
30 68 1 7
30 69 9 4
30 70 1 1
30 71 8 5
30 72 4 5
30 73 9 2
30 74 10 8
30 76 3 6
30 77 7 6
30 78 1 6
30 79 3 7
30 81 1 6
30 82 10 10
30 83 4 8
30 84 9 5
30 85 8 10
30 86 6 2
30 87 8 8
30 88 1 1
30 89 10 2
30 92 5 2
30 94 1 5
30 96 6 9
30 99 4 5
31 33 1 6
31 34 5 3
31 35 6 9
31 36 3 7
31 39 7 10
31 40 8 4
31 41 10 10
31 42 7 5
31 43 2 9
31 45 3 10
31 46 9 8
31 47 10 8
31 48 1 4
31 49 6 4
31 50 7 2
31 51 9 8
31 52 5 6
31 53 1 2
31 54 1 8
31 55 4 2
31 56 3 4
31 57 10 2
31 58 4 10
31 59 9 4
31 60 7 9
31 61 6 1
31 62 4 8
31 63 7 8
31 66 4 6
31 67 4 6
31 68 4 4
31 69 6 5
31 70 3 5
31 71 2 7
31 72 10 9
31 74 5 7
31 75 10 10
31 79 2 8
31 80 10 3
31 81 5 2
31 82 4 2
31 84 8 4
31 85 8 5
31 86 4 4
31 87 1 5
31 88 9 5
31 89 10 5
31 90 9 1
31 91 7 7
31 92 9 3
31 93 4 4
31 94 9 7
31 95 10 4
31 96 7 3
31 97 1 4
32 33 8 7
32 35 7 1
32 36 1 4
32 38 7 9
32 39 7 7
32 40 6 6
32 41 6 1
32 42 7 4
32 43 10 6
32 44 6 5
32 47 3 5
32 48 6 7
32 49 5 5
32 50 10 10
32 51 3 8
32 52 3 9
32 53 4 7
32 54 1 9
32 55 2 3
32 56 5 9
32 57 6 3
32 58 1 7
32 59 3 1
32 61 10 2
32 62 1 4
32 63 7 4
32 64 10 6
32 65 9 4
32 66 2 4
32 67 6 4
32 68 6 10
32 71 6 3
32 72 2 6
32 73 2 10
32 74 5 9
32 75 9 6
32 78 1 8
32 79 6 8
32 80 9 5
32 81 9 3
32 82 6 9
32 83 3 7
32 84 9 2
32 86 2 4
32 87 3 7
32 88 1 3
32 89 9 4
32 90 9 3
32 91 4 9
32 92 2 10
32 93 5 6
32 94 7 4
32 95 10 8
32 96 10 2
32 98 7 10
32 99 4 7
32 100 4 10
33 34 4 4
33 35 5 1
33 36 6 8
33 37 9 4
33 38 2 6
33 39 1 9
33 41 9 3
33 43 9 3
33 44 8 3
33 45 9 8
33 47 3 8
33 48 4 10
33 49 7 5
33 50 8 8
33 51 3 7
33 52 5 7
33 54 10 3
33 56 1 3
33 57 6 7
33 58 9 6
33 59 8 5
33 60 8 9
33 61 4 4
33 62 7 1
33 63 8 2
33 64 1 5
33 67 7 9
33 68 2 8
33 69 3 10
33 70 10 3
33 71 7 9
33 72 8 6
33 74 2 4
33 75 4 10
33 76 3 8
33 77 7 10
33 78 6 1
33 79 6 3
33 82 4 2
33 83 2 10
33 84 6 7
33 85 1 9
33 86 3 4
33 87 10 7
33 88 7 2
33 89 2 6
33 92 2 3
33 93 5 1
33 95 5 9
33 96 10 10
33 97 8 4
33 98 10 3
33 99 8 9
34 35 7 3
34 36 9 1
34 38 8 1
34 40 7 8
34 42 1 8
34 44 2 9
34 45 1 10
34 46 9 4
34 47 9 9
34 48 3 4
34 51 10 10
34 53 8 2
34 54 4 2
34 55 6 5
34 56 1 4
34 57 4 3
34 58 6 4
34 59 2 10
34 61 1 3
34 62 10 1
34 63 6 1
34 64 3 5
34 65 3 5
34 66 10 2
34 68 2 4
34 69 3 2
34 70 2 9
34 71 3 7
34 72 8 7
34 73 8 7
34 74 4 6
34 76 8 5
34 77 3 8
34 78 5 8
34 79 5 3
34 80 4 6
34 81 4 1
34 82 2 5
34 83 10 1
34 88 7 2
34 89 8 10
34 91 7 3
34 92 1 1
34 93 9 5
34 94 2 5
34 95 5 6
34 96 8 10
34 97 6 2
34 99 4 1
34 100 7 3
35 36 10 6
35 38 6 4
35 40 5 9
35 41 7 6
35 42 5 2
35 43 4 1
35 44 5 8
35 46 1 4
35 49 6 1
35 50 4 8
35 51 6 4
35 52 5 3
35 53 5 9
35 54 1 10
35 55 1 8
35 57 10 8
35 58 8 4
35 59 9 3
35 60 3 8
35 61 3 8
35 62 6 5
35 64 7 2
35 65 2 3
35 66 3 1
35 67 8 7
35 69 2 8
35 70 7 10
35 73 4 8
35 75 4 6
35 77 1 2
35 81 3 10
35 82 1 10
35 83 10 3
35 85 6 10
35 86 1 4
35 87 8 10
35 88 5 8
35 90 8 2
35 91 10 10
35 93 4 7
35 94 7 10
35 95 8 3
35 96 1 9
35 97 2 3
35 98 4 3
35 99 5 1
36 37 2 3
36 38 6 2
36 39 3 9
36 40 10 9
36 41 8 6
36 43 4 6
36 44 1 3
36 46 3 10
36 47 7 7
36 48 1 5
36 49 10 8
36 50 1 8
36 51 8 3
36 52 2 8
36 53 3 6
36 54 1 8
36 56 4 2
36 57 5 6
36 58 2 1
36 59 6 4
36 60 10 6
36 61 5 4
36 62 4 5
36 63 9 9
36 64 3 9
36 65 1 6
36 67 7 4
36 68 4 2
36 69 6 3
36 70 2 5
36 72 4 4
36 73 10 10
36 74 2 8
36 75 3 5
36 76 4 9
36 77 3 5
36 78 8 4
36 79 1 4
36 80 3 10
36 82 7 1
36 83 8 6
36 84 5 9
36 85 9 7
36 86 10 2
36 87 3 4
36 88 4 1
36 89 10 8
36 90 6 7
36 91 8 8
36 92 2 5
36 93 3 7
36 94 1 2
36 95 2 3
36 96 8 4
36 97 4 7
36 98 9 2
36 99 6 1
36 100 1 4
37 38 8 3
37 39 9 3
37 40 1 3
37 41 3 1
37 42 1 9
37 43 6 6
37 44 7 3
37 45 8 3
37 46 8 5
37 47 3 5
37 49 10 9
37 50 5 10
37 51 10 5
37 52 1 10
37 53 6 5
37 54 1 7
37 55 9 2
37 57 3 8
37 58 9 5
37 60 8 7
37 62 2 4
37 64 8 3
37 65 9 6
37 66 6 10
37 67 3 3
37 68 5 10
37 69 4 1
37 70 10 8
37 71 10 1
37 72 5 4
37 73 1 6
37 74 2 6
37 75 8 3
37 76 3 6
37 79 7 4
37 80 7 7
37 81 8 6
37 82 2 4
37 83 5 1
37 85 1 5
37 87 4 4
37 88 3 7
37 89 10 10
37 92 8 8
37 93 9 1
37 94 8 4
37 96 5 1
37 97 5 3
37 98 3 3
37 99 7 6
37 100 10 2
38 39 8 6
38 41 3 4
38 43 5 1
38 44 3 5
38 45 4 3
38 46 8 6
38 47 9 4
38 48 6 7
38 49 6 4
38 50 5 3
38 51 3 2
38 52 9 4
38 53 8 6
38 54 8 9
38 55 7 10
38 56 10 10
38 57 7 5
38 58 8 6
38 59 1 6
38 62 1 1
38 63 10 8
38 64 4 8
38 65 8 6
38 66 2 5
38 67 2 4
38 68 10 3
38 69 1 9
38 70 1 2
38 71 1 7
38 72 6 10
38 73 8 6
38 74 7 4
38 75 7 4
38 77 3 1
38 78 9 3
38 79 6 3
38 80 6 5
38 81 1 2
38 82 4 6
38 83 1 7
38 85 10 2
38 86 5 7
38 87 2 6
38 88 2 3
38 89 7 3
38 90 5 6
38 92 8 10
38 93 10 2
38 94 4 8
38 95 8 1
38 96 3 9
38 97 4 10
38 98 3 5
38 99 10 1
39 40 2 5
39 41 9 5
39 42 2 9
39 43 6 10
39 44 1 4
39 45 1 4
39 46 2 9
39 47 4 1
39 48 9 2
39 49 6 5
39 50 1 10
39 53 5 2
39 54 9 3
39 55 1 4
39 56 4 1
39 57 1 7
39 58 2 5
39 59 10 7
39 60 8 9
39 62 4 7
39 64 2 7
39 65 9 4
39 66 3 8
39 67 5 9
39 68 5 1
39 69 8 4
39 70 6 3
39 72 1 8
39 73 7 9
39 74 1 2
39 75 9 10
39 76 8 5
39 77 5 5
39 78 3 10
39 80 8 6
39 81 7 9
39 82 7 9
39 83 4 5
39 85 10 1
39 86 3 3
39 87 3 8
39 88 2 3
39 89 2 2
39 91 6 7
39 92 10 9
39 94 6 1
39 95 2 6
39 96 8 8
39 97 9 5
39 98 1 7
39 99 2 2
40 41 7 6
40 44 5 1
40 45 4 4
40 46 4 3
40 49 4 4
40 50 10 8
40 52 7 8
40 53 3 10
40 55 7 2
40 56 7 1
40 57 2 1
40 59 5 9
40 60 7 5
40 61 6 4
40 62 8 8
40 63 8 10
40 64 2 8
40 66 3 2
40 67 4 8
40 68 2 1
40 69 4 1
40 70 9 9
40 71 9 10
40 72 1 7
40 73 7 2
40 74 8 8
40 76 2 9
40 77 9 9
40 79 5 3
40 80 8 10
40 81 10 2
40 82 5 10
40 84 4 1
40 85 8 6
40 87 9 4
40 88 9 7
40 89 7 6
40 90 5 5
40 93 9 3
40 94 6 9
40 95 10 7
40 96 5 7
40 97 4 4
40 99 2 10
40 100 1 4
41 42 1 1
41 43 5 2
41 45 4 6
41 46 4 6
41 49 9 7
41 50 6 6
41 51 2 4
41 52 10 9
41 53 10 10
41 54 8 10
41 55 8 1
41 56 2 3
41 57 6 2
41 58 9 9
41 60 4 8
41 61 3 2
41 62 9 5
41 63 6 10
41 64 3 5
41 66 8 1
41 67 10 2
41 69 1 7
41 70 5 2
41 71 7 8
41 72 6 4
41 73 3 2
41 74 1 4
41 75 7 7
41 76 2 7
41 77 4 10
41 78 3 1
41 79 1 5
41 80 9 10
41 81 4 5
41 82 1 10
41 83 1 1
41 84 5 7
41 86 6 9
41 87 2 10
41 88 8 7
41 89 10 9
41 90 4 10
41 91 10 9
41 92 3 2
41 93 2 3
41 94 3 4
41 95 3 7
41 96 5 4
41 97 10 7
41 98 9 8
41 99 9 6
42 44 5 2
42 45 8 2
42 47 6 5
42 48 9 7
42 49 6 5
42 51 10 2
42 52 4 8
42 54 5 5
42 55 6 5
42 56 4 10
42 57 9 4
42 58 9 3
42 61 9 4
42 62 3 9
42 63 7 5
42 64 3 7
42 67 7 6
42 70 6 6
42 71 9 9
42 72 1 9
42 73 7 10
42 74 4 6
42 75 1 3
42 76 3 5
42 77 4 5
42 79 4 4
42 80 4 10
42 81 3 2
42 82 2 5
42 84 3 2
42 86 8 10
42 87 8 1
42 88 9 8
42 89 10 1
42 90 1 3
42 91 8 5
42 94 4 3
42 95 9 2
42 96 10 2
42 97 10 9
42 98 9 4
42 99 4 1
42 100 9 9
43 46 5 7
43 47 3 9
43 48 7 9
43 49 9 5
43 50 2 3
43 51 5 1
43 53 8 4
43 54 4 5
43 55 4 1
43 56 2 1
43 57 2 9
43 58 3 4
43 59 1 2
43 60 2 6
43 62 2 9
43 63 4 8
43 64 9 8
43 65 4 8
43 66 10 4
43 67 6 5
43 69 9 3
43 70 3 3
43 71 5 1
43 72 9 7
43 74 8 1
43 75 1 3
43 76 9 10
43 77 7 7
43 79 3 2
43 80 7 10
43 81 1 5
43 82 2 4
43 83 3 10
43 84 2 2
43 85 8 9
43 86 6 2
43 87 4 5
43 88 4 4
43 90 7 2
43 94 1 3
43 95 8 4
43 96 1 2
43 97 9 9
43 98 7 10
43 100 9 7
44 45 1 1
44 46 10 9
44 47 3 6
44 48 4 3
44 49 6 7
44 51 5 8
44 52 4 6
44 53 1 2
44 54 2 3
44 55 5 2
44 57 6 4
44 58 8 8
44 59 7 8
44 60 10 10
44 61 1 9
44 62 10 9
44 63 5 3
44 64 5 4
44 65 9 6
44 67 7 4
44 68 1 5
44 69 3 5
44 70 4 6
44 71 1 1
44 73 3 1
44 74 1 4
44 75 9 10
44 76 10 8
44 77 3 1
44 78 5 5
44 80 3 4
44 81 2 4
44 82 2 6
44 83 8 9
44 84 6 2
44 86 4 1
44 87 4 7
44 88 8 7
44 89 6 7
44 90 3 3
44 92 9 6
44 93 4 1
44 94 8 6
44 95 5 5
44 97 6 10
44 99 8 5
44 100 1 7
45 46 6 2
45 47 4 9
45 48 6 8
45 49 2 9
45 50 10 5
45 51 9 2
45 52 1 1
45 53 2 7
45 54 2 6
45 55 6 3
45 57 8 6
45 58 7 3
45 59 1 6
45 60 4 8
45 63 10 5
45 64 7 5
45 65 5 1
45 66 4 8
45 67 8 7
45 69 7 2
45 70 6 6
45 71 8 2
45 72 9 9
45 73 9 5
45 74 3 10
45 75 1 7
45 76 2 10
45 77 9 2
45 78 5 6
45 79 10 6
45 80 2 7
45 82 1 2
45 83 7 1
45 85 8 8
45 86 3 6
45 87 10 3
45 88 5 4
45 89 3 5
45 90 7 5
45 91 10 10
45 92 9 3
45 93 8 2
45 94 8 3
45 95 8 4
45 97 4 6
45 98 2 4
45 100 8 3
46 51 9 1
46 52 6 5
46 53 3 2
46 54 4 7
46 57 1 2
46 58 2 6
46 59 7 8
46 62 2 6
46 63 1 9
46 64 9 1
46 65 7 9
46 67 9 3
46 68 7 10
46 69 8 3
46 71 8 4
46 72 2 9
46 73 8 4
46 74 2 6
46 75 9 1
46 77 7 5
46 79 1 10
46 80 1 3
46 81 1 6
46 83 1 8
46 84 8 4
46 85 9 8
46 87 4 8
46 88 7 10
46 89 6 2
46 90 9 7
46 91 10 8
46 92 6 2
46 93 4 4
46 94 7 2
46 96 2 4
46 97 2 7
46 98 10 2
46 100 3 2
47 48 3 6
47 49 2 8
47 50 6 8
47 52 3 7
47 54 4 5
47 55 7 10
47 57 5 6
47 58 5 1
47 59 6 2
47 62 10 9
47 63 9 6
47 64 10 9
47 66 8 9
47 67 8 10
47 68 9 4
47 70 9 3
47 71 9 8
47 72 9 1
47 73 3 2
47 74 10 3
47 75 6 3
47 77 3 7
47 78 6 9
47 79 2 7
47 80 3 3
47 81 2 6
47 82 5 5
47 83 5 10
47 85 1 4
47 86 2 9
47 87 3 4
47 90 4 5
47 91 6 4
47 92 8 2
47 93 9 5
47 94 8 8
47 95 5 4
47 96 4 2
47 97 6 6
47 98 10 7
47 99 3 4
47 100 10 9
48 49 4 2
48 50 5 7
48 51 9 5
48 52 7 3
48 54 9 7
48 55 5 4
48 57 5 9
48 58 3 9
48 60 4 4
48 63 9 9
48 64 6 5
48 65 5 8
48 67 1 4
48 68 10 4
48 69 9 5
48 70 8 9
48 71 6 2
48 73 3 3
48 74 8 1
48 75 3 8
48 76 3 1
48 78 6 8
48 80 7 4
48 81 3 8
48 82 2 9
48 83 5 5
48 84 6 6
48 85 6 9
48 86 5 1
48 87 10 4
48 88 8 9
48 89 2 9
48 90 2 8
48 91 10 2
48 93 4 2
48 95 5 8
48 96 9 5
48 97 7 3
48 98 8 8
48 99 6 8
48 100 6 8
49 51 7 5
49 52 2 2
49 54 5 6
49 56 3 1
49 57 9 2
49 59 6 3
49 60 2 8
49 62 4 1
49 63 8 4
49 64 8 2
49 65 9 1
49 66 8 7
49 69 6 9
49 70 1 4
49 71 9 1
49 72 8 3
49 73 9 1
49 74 3 5
49 76 3 7
49 78 10 5
49 79 6 9
49 80 5 4
49 81 5 4
49 82 8 8
49 83 1 9
49 84 3 7
49 85 9 7
49 87 2 9
49 88 4 1
49 89 10 2
49 90 1 2
49 91 2 5
49 92 9 6
49 93 8 6
49 94 10 8
49 97 4 1
49 98 4 8
49 99 5 9
49 100 5 4
50 52 10 9
50 53 8 3
50 54 8 7
50 55 2 4
50 56 8 1
50 57 7 10
50 58 9 3
50 60 9 5
50 61 10 6
50 62 4 6
50 63 10 9
50 64 2 4
50 65 4 3
50 66 5 1
50 67 7 3
50 68 2 5
50 70 5 9
50 71 7 4
50 74 10 3
50 75 4 2
50 77 6 4
50 78 7 6
50 80 6 5
50 81 2 4
50 82 8 7
50 83 4 10
50 84 1 7
50 85 10 1
50 87 6 3
50 88 6 6
50 91 6 10
50 92 9 6
50 94 8 9
50 95 4 9
50 96 10 4
50 97 10 8
50 98 6 5
50 99 4 8
50 100 7 5
51 52 8 2
51 53 10 3
51 55 4 9
51 56 4 9
51 57 1 8
51 58 3 7
51 59 5 7
51 60 9 3
51 61 1 9
51 62 7 1
51 63 2 2
51 65 2 9
51 66 10 5
51 67 4 6
51 68 3 6
51 70 7 2
51 71 9 10
51 72 5 5
51 73 4 1
51 75 4 9
51 76 4 1
51 77 2 8
51 78 2 4
51 79 8 7
51 80 4 3
51 81 5 5
51 82 9 10
51 84 9 8
51 85 6 1
51 86 2 9
51 88 10 9
51 89 3 7
51 90 7 6
51 91 6 9
51 92 6 9
51 93 3 3
51 94 1 6
51 95 4 3
51 97 10 9
51 98 1 8
51 99 9 2
52 53 9 8
52 55 9 1
52 56 2 3
52 57 1 3
52 58 2 4
52 60 2 3
52 61 1 8
52 62 6 5
52 63 7 10
52 64 5 5
52 65 8 4
52 66 9 3
52 67 5 5
52 68 5 9
52 69 3 10
52 70 5 8
52 71 7 7
52 72 4 4
52 73 8 1
52 74 1 4
52 75 2 6
52 76 4 8
52 79 8 10
52 80 5 10
52 81 3 1
52 82 8 9
52 83 1 5
52 84 3 10
52 85 1 10
52 86 10 9
52 89 9 4
52 90 7 9
52 92 6 10
52 93 2 7
52 94 10 2
52 95 6 7
52 96 2 2
52 98 1 8
52 99 1 2
53 54 9 7
53 56 4 3
53 59 2 9
53 60 5 3
53 61 7 3
53 63 5 6
53 65 5 9
53 66 4 3
53 67 9 3
53 68 3 7
53 69 5 2
53 70 10 10
53 71 5 10
53 72 9 4
53 73 4 8
53 74 8 9
53 76 8 5
53 77 9 8
53 78 10 10
53 79 7 5
53 80 10 3
53 81 10 8
53 82 7 1
53 83 10 4
53 85 6 1
53 86 9 7
53 87 4 3
53 88 3 2
53 91 3 1
53 93 2 6
53 95 2 5
53 96 4 1
53 97 7 9
53 98 10 3
53 99 5 3
53 100 5 10
54 55 6 7
54 56 1 6
54 57 3 9
54 58 9 5
54 59 7 2
54 60 6 2
54 61 6 6
54 62 6 10
54 63 6 4
54 64 4 1
54 65 5 2
54 66 1 7
54 68 2 3
54 69 2 10
54 70 4 6
54 71 7 1
54 72 2 9
54 73 7 1
54 74 4 1
54 75 10 5
54 76 7 7
54 78 10 9
54 79 4 6
54 81 10 4
54 82 10 7
54 83 8 9
54 84 4 8
54 86 2 4
54 87 3 8
54 88 1 7
54 89 9 4
54 90 9 10
54 92 5 9
54 93 6 5
54 94 3 1
54 95 8 1
54 96 6 3
54 97 3 9
54 98 4 10
54 99 3 4
54 100 5 4
55 56 10 8
55 57 9 2
55 58 10 1
55 59 6 3
55 60 3 2
55 61 9 8
55 62 5 1
55 63 7 1
55 64 9 9
55 65 6 6
55 66 10 8
55 67 5 4
55 68 4 2
55 69 6 4
55 71 1 7
55 72 1 8
55 73 7 10
55 74 5 2
55 75 2 6
55 76 6 2
55 78 4 7
55 79 8 9
55 80 2 3
55 81 4 3
55 82 10 7
55 83 1 6
55 86 5 5
55 87 10 1
55 88 5 8
55 91 1 2
55 92 6 7
55 93 1 9
55 94 10 2
55 95 3 10
55 96 4 5
55 97 3 1
55 98 7 10
55 99 1 3
55 100 4 6
56 57 5 1
56 58 2 1
56 59 10 3
56 60 9 6
56 61 9 2
56 62 7 8
56 63 2 8
56 64 6 7
56 65 6 4
56 66 4 1
56 67 2 6
56 68 7 8
56 69 4 10
56 70 5 1
56 71 5 2
56 72 7 9
56 73 7 2
56 75 5 8
56 77 10 8
56 78 10 8
56 79 5 4
56 80 7 3
56 81 6 3
56 84 1 2
56 85 1 9
56 87 8 7
56 88 4 6
56 89 5 3
56 90 5 6
56 93 8 1
56 94 1 6
56 95 3 5
56 96 7 5
56 97 7 6
56 99 6 7
56 100 6 2
57 58 1 7
57 59 10 9
57 61 7 7
57 65 7 4
57 67 7 1
57 69 3 3
57 70 1 1
57 73 5 8
57 74 7 2
57 75 9 2
57 77 2 10
57 79 2 3
57 80 10 4
57 81 6 4
57 82 6 4
57 84 3 8
57 87 2 8
57 88 1 3
57 89 4 8
57 91 2 3
57 92 5 1
57 93 2 5
57 94 5 8
57 95 8 5
57 96 8 9
57 98 1 7
57 99 1 3
57 100 3 6
58 59 4 7
58 60 2 2
58 61 9 9
58 62 10 2
58 63 7 6
58 64 5 8
58 65 9 3
58 66 8 7
58 67 1 1
58 68 8 1
58 69 8 2
58 70 5 9
58 71 6 8
58 72 10 9
58 73 8 2
58 74 2 9
58 75 8 9
58 76 1 6
58 77 4 3
58 78 10 6
58 80 9 2
58 81 2 1
58 82 10 9
58 83 3 2
58 84 9 4
58 85 6 4
58 86 1 5
58 88 8 3
58 90 8 1
58 92 7 9
58 93 8 5
58 94 10 8
58 95 3 2
58 98 1 3
58 99 9 1
58 100 5 2
59 60 9 10
59 61 1 10
59 62 3 6
59 64 10 8
59 65 9 4
59 69 9 8
59 71 10 1
59 72 3 8
59 73 7 2
59 74 7 8
59 76 9 3
59 77 5 3
59 81 9 10
59 82 9 5
59 83 1 2
59 84 1 8
59 85 1 9
59 86 6 5
59 87 6 10
59 88 5 8
59 89 2 5
59 91 6 8
59 92 9 3
59 94 1 1
59 95 9 8
59 96 8 6
59 98 7 7
59 99 7 3
59 100 7 10
60 61 8 8
60 63 8 2
60 64 1 7
60 65 10 1
60 66 10 9
60 67 8 3
60 68 2 7
60 69 4 4
60 71 3 10
60 72 2 7
60 73 10 4
60 74 6 7
60 75 5 1
60 76 1 2
60 77 5 5
60 78 5 6
60 79 4 6
60 81 10 9
60 82 10 9
60 83 1 1
60 84 1 4
60 85 7 5
60 87 9 8
60 88 10 1
60 89 9 9
60 90 7 7
60 92 8 6
60 93 4 2
60 96 4 5
60 97 10 8
60 98 9 5
60 99 4 6
60 100 3 1
61 62 6 7
61 63 3 6
61 64 7 1
61 65 7 7
61 66 10 1
61 67 2 3
61 68 7 1
61 69 8 8
61 70 5 5
61 71 1 9
61 75 5 2
61 76 6 7
61 77 1 2
61 78 7 7
61 79 5 2
61 80 9 9
61 81 1 8
61 82 3 6
61 83 5 2
61 84 5 8
61 85 10 1
61 86 1 3
61 87 3 2
61 88 9 10
61 89 7 3
61 90 4 3
61 93 7 9
61 97 7 7
61 98 9 3
61 99 6 2
62 63 3 9
62 67 9 7
62 68 5 8
62 69 10 5
62 70 1 5
62 71 2 9
62 72 1 9
62 73 5 6
62 74 7 2
62 75 1 6
62 77 10 3
62 78 4 7
62 79 3 8
62 80 4 7
62 81 3 1
62 82 4 8
62 84 2 10
62 85 9 9
62 86 5 8
62 88 5 7
62 89 4 4
62 91 8 5
62 93 1 1
62 94 5 1
62 95 10 2
62 96 10 3
62 98 3 6
62 100 5 7
63 64 2 10
63 65 5 3
63 67 10 6
63 68 2 3
63 71 7 4
63 72 9 9
63 73 2 10
63 74 6 6
63 75 8 5
63 77 1 7
63 78 6 10
63 79 2 2
63 80 7 6
63 81 1 9
63 82 4 3
63 83 5 2
63 85 4 7
63 87 10 9
63 88 10 8
63 92 6 10
63 93 2 2
63 94 1 6
63 95 5 1
63 96 10 10
63 97 8 9
63 100 5 5
64 65 2 2
64 66 5 1
64 68 5 1
64 72 8 6
64 73 7 3
64 74 1 1
64 75 5 9
64 76 8 10
64 77 9 10
64 78 5 7
64 79 4 7
64 80 4 4
64 81 1 8
64 82 4 4
64 83 8 4
64 84 4 1
64 85 4 8
64 86 3 1
64 88 10 5
64 89 9 3
64 90 7 4
64 91 10 1
64 93 8 4
64 94 8 8
64 96 4 7
64 97 4 9
64 98 2 10
64 99 4 9
65 66 5 8
65 67 6 7
65 69 6 1
65 70 7 3
65 71 9 9
65 72 4 2
65 73 7 5
65 74 2 6
65 75 5 7
65 76 2 4
65 77 7 9
65 78 4 1
65 79 8 1
65 80 3 8
65 81 10 1
65 82 3 4
65 83 1 7
65 84 8 9
65 85 1 4
65 86 2 7
65 88 7 2
65 89 4 2
65 90 7 9
65 91 1 6
65 92 3 3
65 93 5 4
65 94 7 1
65 97 8 6
65 98 2 2
65 99 7 1
66 67 8 3
66 69 9 9
66 70 10 10
66 71 5 6
66 72 10 10
66 73 1 6
66 75 10 3
66 76 4 4
66 77 6 1
66 78 7 7
66 81 7 9
66 82 7 2
66 83 4 6
66 84 7 5
66 85 3 2
66 86 5 10
66 87 9 10
66 88 8 8
66 89 4 3
66 90 10 4
66 91 1 4
66 92 4 2
66 93 7 3
66 94 7 6
66 95 6 1
66 96 1 3
66 97 5 10
66 99 10 9
66 100 1 3
67 68 6 7
67 69 8 1
67 70 10 8
67 71 1 5
67 72 2 8
67 73 5 6
67 74 8 1
67 77 6 7
67 78 6 6
67 79 3 10
67 81 6 4
67 82 10 4
67 83 3 4
67 84 8 2
67 87 3 10
67 88 4 2
67 91 7 9
67 92 8 2
67 93 10 7
67 94 7 10
67 95 4 1
67 96 1 9
67 97 2 9
67 98 5 1
67 100 4 1
68 69 8 2
68 70 3 8
68 71 9 2
68 72 5 2
68 73 4 3
68 74 3 8
68 75 1 2
68 77 6 3
68 78 10 3
68 80 4 10
68 83 8 1
68 84 4 9
68 85 8 7
68 86 3 7
68 87 7 8
68 88 1 1
68 90 1 4
68 91 5 3
68 92 3 5
68 93 10 2
68 94 3 6
68 95 2 10
68 96 6 8
68 97 1 2
68 98 7 2
68 100 10 2
69 70 6 10
69 71 2 5
69 72 9 8
69 73 9 1
69 74 8 3
69 75 7 5
69 76 1 2
69 77 2 7
69 80 4 6
69 82 5 2
69 83 7 8
69 84 2 8
69 85 1 3
69 86 1 8
69 87 9 3
69 88 7 9
69 89 5 5
69 90 10 3
69 91 4 10
69 92 4 4
69 93 7 4
69 94 6 7
69 95 2 7
69 96 10 6
69 97 10 10
69 98 10 10
69 99 6 6
69 100 10 6
70 71 9 9
70 72 1 1
70 74 7 3
70 75 1 10
70 76 8 9
70 77 8 8
70 79 10 10
70 80 6 8
70 81 10 10
70 82 1 2
70 83 10 4
70 84 1 10
70 85 9 2
70 87 1 5
70 88 7 8
70 91 9 4
70 92 4 10
70 93 2 8
70 96 4 4
70 98 9 10
70 99 9 8
71 72 1 4
71 73 7 1
71 75 3 9
71 76 8 2
71 77 7 7
71 78 6 10
71 79 4 4
71 80 9 5
71 81 3 4
71 82 7 5
71 83 1 10
71 85 10 9
71 87 6 4
71 88 8 2
71 89 5 4
71 90 7 10
71 91 3 1
71 93 10 2
71 94 3 10
71 95 4 7
71 96 10 2
71 97 2 1
71 98 3 9
71 99 6 7
71 100 7 4
72 74 10 7
72 75 10 7
72 76 5 1
72 77 1 5
72 78 6 2
72 79 10 9
72 80 2 5
72 81 4 8
72 82 1 8
72 83 6 8
72 84 5 3
72 85 8 2
72 86 8 8
72 87 2 3
72 88 6 4
72 89 7 10
72 90 4 7
72 91 10 8
72 92 5 5
72 93 7 4
72 95 10 10
72 96 1 4
72 97 10 6
72 98 5 8
72 100 8 3
73 75 6 4
73 76 10 6
73 77 7 10
73 79 2 9
73 81 10 4
73 83 5 4
73 85 5 5
73 87 7 3
73 88 3 4
73 90 5 10
73 91 9 1
73 92 3 4
73 93 7 1
73 94 10 2
73 95 10 7
73 97 2 4
73 98 1 9
73 99 2 9
73 100 10 6
74 75 5 1
74 76 9 10
74 77 6 8
74 78 2 1
74 79 2 5
74 80 1 9
74 81 1 8
74 82 1 6
74 84 10 6
74 85 6 10
74 86 7 2
74 87 8 8
74 88 2 1
74 89 2 6
74 90 5 9
74 91 4 6
74 92 9 7
74 94 8 8
74 95 9 9
74 96 1 4
74 97 7 1
74 98 8 9
74 99 7 1
75 76 8 3
75 77 7 8
75 78 3 10
75 79 1 8
75 80 6 6
75 81 3 6
75 82 6 8
75 85 7 2
75 86 3 3
75 87 8 6
75 89 10 5
75 92 10 10
75 94 5 5
75 95 4 2
75 96 3 9
75 97 3 3
75 98 1 3
75 99 2 2
75 100 8 9
76 78 6 3
76 79 1 4
76 80 7 2
76 82 6 5
76 83 3 3
76 84 6 4
76 86 3 10
76 87 4 7
76 88 8 7
76 89 7 5
76 90 8 3
76 91 10 1
76 93 10 7
76 94 4 7
76 95 10 8
76 96 3 4
76 97 9 10
76 99 8 9
77 79 4 9
77 80 10 4
77 81 9 5
77 82 7 10
77 83 10 7
77 84 3 5
77 86 6 4
77 87 5 6
77 88 2 3
77 89 6 4
77 90 6 5
77 92 9 3
77 93 1 1
77 94 9 4
77 95 9 9
77 96 6 9
77 97 7 1
77 98 6 2
77 99 3 7
77 100 8 2
78 79 6 8
78 80 5 3
78 81 1 3
78 82 7 10
78 83 1 8
78 84 10 8
78 85 7 1
78 86 7 1
78 87 8 2
78 88 9 1
78 89 3 10
78 90 3 1
78 91 5 5
78 92 9 3
78 93 6 1
78 94 5 3
78 95 1 10
78 96 3 8
78 98 9 6
78 99 9 1
79 80 10 5
79 81 10 4
79 82 3 6
79 83 4 9
79 84 1 8
79 85 9 3
79 87 7 2
79 88 8 9
79 89 3 3
79 92 3 2
79 93 7 7
79 94 1 10
79 95 10 2
79 96 4 3
79 97 6 10
79 98 6 4
79 99 4 6
79 100 1 2
80 81 7 1
80 82 10 5
80 83 8 5
80 85 10 9
80 86 10 2
80 87 7 2
80 88 7 1
80 89 4 9
80 91 1 3
80 92 8 4
80 93 6 7
80 94 4 7
80 95 4 4
80 96 9 2
80 97 7 8
80 98 9 10
80 99 9 6
80 100 8 3
81 82 5 2
81 83 5 2
81 84 9 4
81 85 1 9
81 87 8 9
81 88 2 1
81 89 3 7
81 91 4 10
81 92 2 5
81 93 5 8
81 94 10 10
81 95 4 1
81 96 10 2
81 99 2 1
81 100 8 10
82 84 3 6
82 86 8 9
82 87 1 8
82 90 6 8
82 91 3 6
82 92 10 8
82 93 2 4
82 95 6 7
82 96 7 9
82 97 10 7
82 98 10 9
82 100 1 10
83 84 3 3
83 85 9 1
83 86 3 2
83 87 5 9
83 88 6 4
83 89 1 5
83 90 6 6
83 92 4 2
83 93 9 2
83 94 2 4
83 95 5 2
83 98 3 4
83 99 3 5
84 85 2 7
84 86 1 3
84 88 5 7
84 89 8 9
84 90 8 7
84 91 6 9
84 92 5 4
84 93 8 10
84 94 7 2
84 95 2 1
84 96 2 2
84 97 9 9
84 98 3 5
84 99 10 2
84 100 3 7
85 86 3 8
85 87 10 7
85 89 6 1
85 90 2 6
85 91 2 6
85 92 10 4
85 93 4 1
85 94 9 1
85 95 9 6
85 96 6 4
85 97 9 8
85 98 3 3
85 99 4 1
85 100 2 5
86 87 6 10
86 88 9 6
86 89 5 6
86 90 2 8
86 92 6 1
86 93 6 4
86 94 9 9
86 95 6 4
86 97 5 2
86 99 9 8
87 88 4 5
87 89 8 5
87 90 4 10
87 91 7 8
87 92 4 6
87 93 6 4
87 94 7 1
87 95 7 6
87 96 8 6
87 97 1 5
87 98 2 3
87 99 7 7
87 100 9 10
88 89 8 8
88 90 3 4
88 93 9 6
88 95 9 3
88 97 9 8
88 98 7 1
88 99 1 6
89 90 8 7
89 92 4 6
89 93 10 7
89 94 10 3
89 95 8 9
89 96 5 10
89 97 5 5
89 98 5 10
89 99 10 10
89 100 6 3
90 91 10 2
90 92 5 10
90 94 5 1
90 95 2 1
90 96 8 1
90 97 3 3
90 98 6 9
90 99 7 6
91 92 9 9
91 93 2 8
91 94 8 9
91 95 10 8
91 97 7 4
91 98 8 1
91 99 3 8
91 100 10 2
92 93 2 5
92 94 6 10
92 96 2 5
92 97 3 10
92 98 9 3
92 99 6 2
92 100 3 4
93 94 8 3
93 95 5 4
93 96 5 2
93 97 5 5
93 98 9 1
93 99 9 7
93 100 7 2
94 95 4 6
94 96 6 6
94 97 10 8
94 98 7 2
94 99 5 5
94 100 8 3
95 96 2 8
95 98 4 7
95 99 3 8
95 100 1 7
96 97 8 10
96 100 1 3
97 98 2 8
97 99 9 10
97 100 3 3
98 99 9 1
98 100 8 6
99 100 7 4
1
1 2 3 4 5 6 7 8 9 10 11 12 13 14 15 16 17 18 19 20 21 22 23 24 25 26 27 28 29 30 31 32 33 34 35 36 37 38 39 40 41 42 43 44 45 46 47 48 49 50
