3910
1 2 1 1
1 3 6 4
1 5 10 7
1 6 8 4
1 7 8 6
1 8 1 4
1 9 1 1
1 11 8 7
1 14 1 7
1 16 1 5
1 17 2 3
1 18 2 5
1 19 4 3
1 20 7 10
1 22 1 9
1 23 6 6
1 24 10 6
1 25 9 3
1 26 9 1
1 27 6 7
1 28 6 4
1 29 4 2
1 32 5 6
1 33 8 8
1 34 5 9
1 35 6 8
1 36 2 7
1 37 10 1
1 38 2 3
1 40 1 5
1 41 8 4
1 42 6 1
1 44 7 5
1 45 8 2
1 46 2 1
1 47 4 8
1 48 1 1
1 50 10 4
1 51 2 4
1 52 9 4
1 53 4 5
1 55 1 6
1 57 4 10
1 58 3 9
1 59 6 9
1 60 8 8
1 61 8 7
1 62 2 8
1 63 4 1
1 64 3 2
1 65 8 7
1 67 3 9
1 68 1 9
1 69 9 3
1 70 1 7
1 71 5 5
1 72 10 8
1 73 3 7
1 74 1 1
1 76 8 3
1 77 6 7
1 78 1 8
1 79 8 4
1 80 8 4
1 81 2 3
1 82 5 2
1 84 2 6
1 86 1 5
1 87 10 4
1 88 8 4
1 89 10 9
1 90 10 5
1 91 6 4
1 92 7 10
1 93 5 4
1 94 5 2
1 95 8 6
1 96 7 8
1 97 1 4
1 99 2 5
2 3 7 7
2 5 5 8
2 6 4 4
2 7 5 1
2 9 2 6
2 10 2 1
2 11 5 7
2 14 3 2
2 15 3 7
2 16 7 9
2 17 1 4
2 18 4 3
2 19 5 1
2 20 5 2
2 21 4 1
2 22 9 6
2 25 5 10
2 27 6 4
2 28 4 5
2 29 9 7
2 31 8 3
2 32 10 9
2 33 4 10
2 35 4 10
2 37 6 9
2 38 2 4
2 40 10 8
2 41 6 3
2 42 2 2
2 43 5 2
2 45 8 10
2 46 8 5
2 47 8 6
2 48 2 10
2 49 10 9
2 50 10 6
2 52 9 3
2 53 9 1
2 55 9 10
2 56 8 8
2 57 6 2
2 58 1 10
2 59 10 8
2 60 9 9
2 62 8 3
2 63 4 3
2 64 3 1
2 65 9 8
2 67 8 1
2 68 7 8
2 69 1 10
2 70 4 6
2 71 9 8
2 72 7 8
2 73 3 5
2 74 9 5
2 76 3 6
2 77 5 8
2 80 9 5
2 81 5 3
2 82 1 1
2 83 8 6
2 84 4 2
2 85 6 4
2 86 8 4
2 87 9 2
2 88 4 8
2 91 8 7
2 93 1 8
2 94 2 5
2 95 10 2
2 96 2 4
2 97 4 5
2 99 9 5
2 100 5 10
3 4 2 10
3 5 7 2
3 6 1 1
3 7 6 3
3 8 2 5
3 9 4 2
3 10 2 3
3 11 3 5
3 13 4 5
3 14 9 5
3 15 3 2
3 16 3 3
3 17 10 5
3 19 8 5
3 20 6 2
3 21 10 9
3 22 10 2
3 23 6 2
3 24 9 3
3 25 3 6
3 26 1 9
3 28 6 3
3 29 4 5
3 30 4 1
3 31 8 8
3 32 6 10
3 33 5 4
3 34 5 1
3 35 9 4
3 36 6 3
3 37 3 3
3 38 6 10
3 39 1 10
3 40 6 9
3 41 6 5
3 42 1 6
3 43 1 4
3 44 10 3
3 45 4 9
3 46 9 2
3 47 2 7
3 48 5 4
3 49 8 6
3 50 7 2
3 52 4 2
3 53 8 9
3 54 5 5
3 56 7 10
3 59 1 4
3 60 9 6
3 61 9 7
3 62 8 4
3 63 4 7
3 65 7 1
3 66 10 5
3 67 5 4
3 68 8 9
3 69 7 10
3 70 6 10
3 71 3 7
3 72 3 9
3 73 9 10
3 75 1 8
3 76 7 7
3 77 1 7
3 78 7 10
3 79 1 2
3 80 9 10
3 81 5 4
3 83 4 10
3 85 3 6
3 86 4 6
3 87 1 6
3 88 4 9
3 89 1 8
3 90 4 4
3 91 1 6
3 92 10 1
3 93 1 3
3 94 4 8
3 96 5 9
3 97 6 6
3 99 1 1
3 100 2 6
4 5 5 6
4 7 5 1
4 11 8 3
4 12 2 1
4 13 6 7
4 15 9 9
4 17 4 10
4 18 10 9
4 19 4 2
4 20 5 1
4 21 2 9
4 22 5 3
4 23 8 1
4 24 3 5
4 25 1 10
4 27 1 7
4 28 5 9
4 29 2 7
4 30 4 10
4 31 2 4
4 32 10 10
4 33 2 8
4 34 7 9
4 35 10 3
4 36 7 8
4 37 1 5
4 38 5 5
4 39 3 10
4 40 5 5
4 41 5 5
4 43 2 9
4 44 7 6
4 45 3 1
4 46 7 10
4 47 8 3
4 48 9 2
4 49 10 10
4 50 2 1
4 51 1 7
4 52 10 8
4 53 3 2
4 55 5 2
4 56 4 2
4 57 1 10
4 58 10 4
4 59 1 7
4 60 10 10
4 62 2 4
4 63 1 10
4 64 1 4
4 65 4 8
4 66 9 2
4 67 6 3
4 69 6 6
4 70 5 7
4 71 7 3
4 72 5 10
4 74 9 8
4 75 2 2
4 77 10 5
4 78 4 7
4 80 8 5
4 81 10 10
4 82 7 8
4 84 6 7
4 86 6 4
4 87 8 10
4 89 8 1
4 91 10 3
4 92 6 1
4 93 9 3
4 94 2 2
4 95 3 7
4 96 7 7
4 98 4 3
4 99 7 3
4 100 10 6
5 6 6 7
5 7 10 7
5 8 7 3
5 10 8 8
5 11 4 6
5 12 1 2
5 15 8 2
5 16 6 8
5 17 1 6
5 18 4 4
5 19 9 4
5 20 6 5
5 21 2 6
5 22 9 2
5 24 3 4
5 25 1 7
5 26 7 4
5 27 3 7
5 31 9 9
5 33 9 8
5 34 3 1
5 35 1 5
5 36 10 10
5 37 4 4
5 38 10 8
5 43 4 5
5 44 6 3
5 45 8 2
5 46 7 6
5 48 8 1
5 49 6 9
5 50 1 2
5 51 3 1
5 53 5 4
5 54 8 7
5 55 5 3
5 57 8 8
5 58 3 8
5 59 7 8
5 61 5 6
5 63 9 5
5 64 4 1
5 65 10 3
5 66 7 5
5 67 7 8
5 69 4 7
5 70 3 10
5 71 4 3
5 72 4 9
5 73 5 2
5 74 5 5
5 78 4 7
5 79 2 5
5 80 8 6
5 82 9 6
5 83 10 7
5 84 4 5
5 86 4 8
5 88 3 8
5 89 5 4
5 90 10 3
5 91 4 4
5 92 10 2
5 93 3 8
5 94 4 5
5 95 10 3
5 96 1 10
5 97 5 10
5 98 8 1
5 99 7 3
6 8 1 6
6 10 3 2
6 12 3 5
6 13 10 3
6 15 9 3
6 16 3 3
6 18 8 8
6 19 2 2
6 21 1 7
6 22 2 6
6 23 3 5
6 24 6 9
6 25 5 1
6 26 2 8
6 27 9 5
6 28 9 8
6 29 2 6
6 31 8 5
6 32 1 10
6 33 3 2
6 34 4 5
6 35 10 4
6 36 1 5
6 37 2 1
6 39 8 1
6 41 4 7
6 42 6 4
6 43 8 4
6 44 3 5
6 45 1 1
6 46 3 8
6 47 3 5
6 48 3 10
6 49 7 2
6 50 3 6
6 51 7 8
6 52 10 10
6 53 5 2
6 55 7 10
6 56 7 5
6 57 3 8
6 58 3 1
6 61 10 1
6 62 6 7
6 63 2 9
6 64 8 2
6 66 8 7
6 67 3 1
6 68 3 8
6 69 5 10
6 70 6 7
6 71 4 9
6 72 1 3
6 73 8 8
6 74 9 2
6 75 4 1
6 76 9 5
6 77 4 4
6 78 6 3
6 79 2 8
6 81 10 9
6 83 6 7
6 84 8 4
6 85 1 3
6 86 2 10
6 87 3 4
6 88 6 5
6 89 6 6
6 90 5 9
6 92 6 5
6 93 9 8
6 94 5 6
6 95 6 3
6 96 3 9
6 97 10 3
6 98 8 9
6 99 5 8
6 100 9 8
7 9 3 2
7 10 1 5
7 11 1 6
7 12 5 5
7 13 4 1
7 14 5 1
7 15 6 1
7 16 10 4
7 17 4 7
7 19 1 4
7 20 3 9
7 21 8 8
7 22 2 3
7 23 1 2
7 24 3 10
7 25 1 9
7 26 9 10
7 27 7 4
7 28 10 10
7 29 3 2
7 30 6 9
7 31 2 8
7 32 3 6
7 34 8 3
7 35 5 3
7 36 5 3
7 37 10 5
7 39 1 6
7 40 7 6
7 42 7 10
7 44 4 5
7 45 2 10
7 47 1 10
7 48 7 5
7 49 9 2
7 50 5 10
7 51 1 4
7 52 10 10
7 54 9 8
7 55 6 3
7 56 4 8
7 57 1 7
7 59 5 1
7 60 3 6
7 62 10 6
7 64 6 10
7 65 1 5
7 66 5 6
7 67 1 9
7 70 4 4
7 71 3 1
7 72 3 4
7 73 7 8
7 74 9 5
7 75 7 9
7 76 4 3
7 77 2 6
7 78 5 2
7 79 4 5
7 80 7 2
7 81 5 1
7 82 5 3
7 83 8 2
7 84 4 7
7 85 1 8
7 86 8 5
7 87 2 9
7 88 2 5
7 89 5 10
7 90 7 3
7 91 9 5
7 92 6 8
7 93 8 10
7 94 2 5
7 95 10 7
7 96 7 6
7 97 6 1
7 98 7 2
7 100 7 4
8 9 8 2
8 11 5 3
8 12 10 9
8 15 2 10
8 16 4 9
8 17 5 5
8 18 9 9
8 19 2 6
8 22 8 9
8 25 7 1
8 26 9 3
8 28 8 2
8 29 7 1
8 30 7 8
8 31 10 10
8 32 3 3
8 33 9 7
8 35 8 8
8 36 10 6
8 37 2 6
8 38 8 6
8 39 6 10
8 40 9 1
8 41 4 3
8 42 4 6
8 45 6 10
8 46 3 5
8 47 6 1
8 48 6 6
8 49 2 3
8 50 3 3
8 51 4 5
8 53 2 8
8 54 7 6
8 55 3 2
8 56 6 7
8 57 1 5
8 58 8 4
8 61 4 1
8 62 2 1
8 63 6 2
8 64 6 4
8 65 6 4
8 66 2 10
8 68 10 8
8 69 7 9
8 74 1 10
8 76 7 4
8 78 3 2
8 79 2 6
8 80 8 3
8 81 9 8
8 82 10 2
8 84 6 7
8 86 1 6
8 87 3 5
8 88 5 4
8 89 7 1
8 90 3 2
8 91 2 3
8 96 7 10
8 97 3 7
8 98 4 6
8 99 1 9
8 100 2 2
9 10 5 2
9 11 3 7
9 12 4 8
9 13 8 8
9 14 8 6
9 15 6 9
9 16 5 8
9 17 5 3
9 18 6 2
9 19 5 2
9 20 6 4
9 21 3 9
9 22 10 5
9 24 1 8
9 26 7 2
9 28 2 3
9 29 8 6
9 30 9 8
9 33 1 2
9 34 8 5
9 35 7 10
9 36 7 2
9 37 10 7
9 38 4 8
9 40 10 8
9 41 6 3
9 42 5 2
9 44 9 10
9 45 6 5
9 48 8 6
9 49 9 1
9 50 3 8
9 51 3 5
9 53 10 9
9 55 8 7
9 56 8 3
9 57 10 2
9 58 10 6
9 59 9 6
9 60 7 1
9 61 5 3
9 62 8 1
9 63 8 10
9 64 7 6
9 65 6 3
9 67 10 1
9 68 10 9
9 69 4 5
9 70 9 3
9 73 1 7
9 74 2 2
9 75 8 9
9 77 9 1
9 79 1 7
9 81 6 5
9 82 5 4
9 83 2 4
9 84 9 10
9 85 9 6
9 86 1 4
9 87 9 4
9 88 10 1
9 89 5 5
9 90 7 4
9 91 4 9
9 92 3 8
9 93 8 4
9 96 6 7
9 98 1 6
9 99 1 6
9 100 1 9
10 12 3 1
10 13 3 5
10 14 3 7
10 15 2 8
10 16 8 7
10 19 1 1
10 20 2 3
10 21 6 1
10 22 3 5
10 24 5 5
10 25 10 7
10 26 7 2
10 27 10 9
10 28 8 8
10 29 5 3
10 30 9 6
10 31 2 9
10 32 3 5
10 33 10 8
10 34 6 9
10 35 4 4
10 36 9 8
10 38 5 4
10 41 5 2
10 42 1 6
10 43 1 9
10 44 9 7
10 45 8 6
10 46 1 9
10 47 6 7
10 49 6 7
10 50 10 1
10 51 7 2
10 52 2 1
10 53 6 7
10 54 8 1
10 56 5 1
10 57 9 9
10 58 5 9
10 59 2 8
10 60 6 4
10 61 7 7
10 62 9 6
10 63 2 3
10 64 4 3
10 65 5 6
10 66 6 6
10 68 5 8
10 69 6 4
10 70 8 1
10 71 6 8
10 72 5 9
10 73 4 7
10 74 8 10
10 75 7 4
10 76 4 7
10 77 10 8
10 79 2 6
10 80 1 8
10 82 5 8
10 84 2 2
10 86 1 2
10 87 1 10
10 88 5 9
10 89 6 3
10 90 4 1
10 91 1 3
10 92 7 3
10 93 5 7
10 94 6 10
10 95 5 7
10 96 4 2
10 97 8 8
10 98 10 5
10 99 3 10
10 100 8 5
11 13 3 8
11 14 2 4
11 15 6 5
11 16 10 7
11 18 8 7
11 19 3 4
11 21 9 8
11 23 2 5
11 25 2 8
11 26 9 7
11 27 2 1
11 28 6 5
11 29 3 1
11 30 9 9
11 31 8 4
11 33 5 5
11 34 7 2
11 35 4 3
11 36 10 9
11 37 1 4
11 39 2 5
11 40 5 4
11 41 9 6
11 42 1 7
11 43 3 1
11 44 3 10
11 47 10 8
11 48 7 7
11 51 2 7
11 52 2 3
11 53 2 3
11 54 6 8
11 55 4 9
11 56 4 5
11 57 7 2
11 58 9 10
11 59 7 3
11 60 2 6
11 61 10 2
11 62 8 2
11 63 3 5
11 65 9 3
11 66 6 10
11 67 6 6
11 68 8 10
11 69 2 2
11 70 3 10
11 72 10 5
11 73 2 1
11 74 10 9
11 75 4 8
11 76 7 3
11 77 2 4
11 78 9 9
11 79 4 1
11 80 9 10
11 81 3 9
11 83 4 5
11 85 8 8
11 87 9 7
11 88 8 2
11 89 2 3
11 90 9 8
11 92 10 7
11 93 6 4
11 94 8 2
11 97 10 2
11 98 4 10
11 99 8 10
11 100 4 6
12 13 6 5
12 14 2 9
12 16 7 3
12 17 1 7
12 18 3 4
12 19 1 2
12 20 2 6
12 21 10 3
12 22 3 1
12 23 8 7
12 24 4 8
12 25 10 7
12 26 6 3
12 27 2 4
12 28 9 3
12 30 9 1
12 31 3 7
12 32 6 3
12 34 1 3
12 35 3 2
12 36 9 10
12 37 7 4
12 38 1 2
12 40 2 7
12 41 9 5
12 44 1 6
12 45 1 8
12 46 8 9
12 47 9 1
12 48 4 7
12 49 10 6
12 50 4 9
12 51 8 4
12 53 4 8
12 54 7 4
12 55 1 9
12 56 5 10
12 57 3 1
12 58 5 5
12 59 8 8
12 60 4 5
12 61 5 7
12 63 2 4
12 65 9 8
12 66 5 2
12 67 4 2
12 68 10 2
12 69 8 6
12 71 1 6
12 72 2 7
12 73 6 4
12 74 9 2
12 78 3 6
12 80 2 2
12 81 8 1
12 82 3 5
12 83 9 8
12 84 3 6
12 85 1 1
12 87 5 7
12 88 8 8
12 90 7 1
12 93 8 9
12 94 7 7
12 95 5 6
12 96 2 8
12 97 9 10
12 98 8 7
12 99 3 8
13 15 6 7
13 16 6 5
13 17 1 8
13 18 4 9
13 21 7 9
13 22 10 8
13 23 5 5
13 24 1 1
13 25 7 1
13 26 5 8
13 27 1 4
13 28 9 3
13 29 9 5
13 31 8 2
13 33 8 8
13 34 3 10
13 35 10 6
13 37 10 1
13 38 6 4
13 39 1 2
13 40 9 2
13 42 7 3
13 44 5 10
13 47 5 3
13 49 10 7
13 50 4 5
13 51 8 2
13 52 3 3
13 53 6 5
13 54 3 2
13 55 3 2
13 56 6 3
13 58 1 1
13 59 10 6
13 60 10 7
13 61 2 5
13 64 10 5
13 65 8 5
13 66 1 8
13 67 3 9
13 68 8 3
13 69 1 10
13 71 2 6
13 72 6 3
13 73 3 10
13 74 9 8
13 75 10 2
13 76 1 6
13 77 2 9
13 79 3 2
13 80 7 8
13 81 3 5
13 83 3 5
13 84 9 4
13 86 10 10
13 87 7 6
13 88 6 6
13 89 6 2
13 90 8 2
13 92 6 10
13 93 2 5
13 94 4 9
13 96 6 5
13 97 5 10
13 98 6 3
13 100 8 6
14 15 3 8
14 16 3 8
14 17 2 7
14 18 6 5
14 19 5 5
14 20 6 10
14 21 5 10
14 23 10 8
14 24 9 6
14 25 2 10
14 26 2 4
14 27 9 8
14 28 8 6
14 29 2 4
14 30 2 3
14 31 1 10
14 32 8 3
14 33 7 6
14 34 9 6
14 35 7 9
14 36 1 2
14 37 5 9
14 38 8 10
14 39 2 5
14 41 3 2
14 42 7 8
14 44 6 2
14 46 7 7
14 47 2 2
14 49 9 8
14 50 1 9
14 51 8 7
14 52 8 9
14 53 8 10
14 55 6 9
14 56 6 8
14 57 3 1
14 59 2 9
14 60 6 7
14 61 6 1
14 62 2 2
14 64 10 2
14 65 2 5
14 66 8 8
14 67 9 9
14 68 1 4
14 69 6 7
14 70 10 6
14 71 10 3
14 72 6 7
14 73 10 3
14 74 10 8
14 75 8 9
14 76 1 9
14 77 5 3
14 78 9 7
14 79 6 4
14 80 6 7
14 81 5 8
14 82 6 3
14 83 7 2
14 84 6 8
14 85 9 10
14 86 4 9
14 87 4 3
14 88 9 5
14 89 3 7
14 90 6 1
14 91 7 8
14 92 2 6
14 93 1 5
14 94 5 5
14 96 2 5
14 97 1 3
14 98 9 1
14 99 9 1
14 100 7 5
15 16 3 7
15 19 8 9
15 20 9 5
15 21 9 8
15 23 9 5
15 24 2 10
15 25 8 7
15 26 8 2
15 27 4 2
15 29 5 8
15 30 5 3
15 31 2 3
15 32 10 1
15 33 3 7
15 34 5 2
15 36 1 4
15 38 2 4
15 39 6 3
15 41 4 4
15 42 1 5
15 43 8 7
15 44 9 5
15 45 8 8
15 46 5 8
15 48 1 10
15 49 8 7
15 50 10 2
15 51 9 6
15 52 6 8
15 53 1 2
15 55 4 7
15 56 1 4
15 57 7 9
15 58 10 5
15 61 9 5
15 62 5 10
15 64 9 5
15 66 3 5
15 67 9 8
15 68 3 6
15 69 7 6
15 71 10 4
15 72 4 5
15 74 5 3
15 75 6 2
15 76 4 4
15 78 8 10
15 79 5 3
15 80 4 3
15 81 1 3
15 82 8 1
15 83 8 8
15 84 7 1
15 85 2 9
15 86 5 7
15 87 2 8
15 88 4 9
15 89 10 4
15 90 3 5
15 91 8 7
15 93 3 7
15 94 6 3
15 95 3 6
15 96 3 8
15 97 2 3
15 99 3 8
15 100 7 7
16 17 6 10
16 18 6 10
16 20 10 1
16 21 3 2
16 22 9 2
16 24 10 10
16 25 2 3
16 26 10 8
16 29 7 10
16 30 10 2
16 31 2 10
16 34 10 7
16 36 5 10
16 38 4 1
16 39 4 5
16 41 5 10
16 42 5 6
16 44 6 1
16 46 6 4
16 48 5 5
16 49 10 2
16 50 1 6
16 51 5 10
16 52 5 5
16 53 10 2
16 54 10 8
16 55 1 4
16 56 9 5
16 57 10 5
16 58 2 9
16 59 9 5
16 60 10 9
16 61 5 1
16 62 3 7
16 63 9 5
16 64 1 7
16 65 6 9
16 66 8 8
16 67 5 3
16 68 8 6
16 69 9 4
16 70 8 1
16 71 3 8
16 72 1 3
16 74 5 5
16 76 2 10
16 77 4 4
16 78 8 5
16 80 3 10
16 81 4 5
16 82 4 4
16 83 1 2
16 85 2 6
16 86 10 1
16 87 5 8
16 89 7 3
16 90 3 4
16 91 3 4
16 93 9 6
16 94 7 6
16 95 5 8
16 96 10 9
16 97 4 3
16 98 10 4
16 99 2 1
17 18 2 7
17 19 1 10
17 20 2 8
17 22 10 7
17 23 3 2
17 24 5 5
17 25 4 10
17 26 9 1
17 27 9 6
17 29 8 4
17 30 10 8
17 31 6 1
17 32 7 5
17 33 2 5
17 34 1 7
17 35 7 7
17 37 10 6
17 38 3 3
17 39 8 7
17 40 1 5
17 42 2 3
17 43 5 1
17 44 2 4
17 45 5 10
17 46 6 4
17 47 7 3
17 49 3 1
17 51 4 1
17 52 9 7
17 53 5 3
17 54 10 8
17 55 5 8
17 57 7 9
17 58 3 3
17 59 10 2
17 61 3 3
17 62 9 4
17 64 9 2
17 66 3 5
17 67 8 2
17 68 4 8
17 69 9 3
17 70 8 6
17 71 10 4
17 72 3 1
17 74 8 3
17 75 4 7
17 77 6 9
17 79 6 4
17 80 9 5
17 81 8 2
17 82 4 9
17 84 9 8
17 85 2 9
17 86 7 4
17 87 1 7
17 88 5 10
17 90 10 6
17 91 1 2
17 92 2 8
17 93 9 6
17 94 2 3
17 95 7 4
17 96 8 5
17 97 8 7
17 98 2 4
17 99 6 9
17 100 7 7
18 19 5 3
18 20 10 7
18 21 6 7
18 23 10 6
18 25 6 6
18 26 2 8
18 27 4 9
18 28 8 3
18 29 4 3
18 30 3 2
18 32 8 1
18 33 5 3
18 34 4 7
18 35 4 8
18 36 10 1
18 37 5 9
18 38 1 6
18 40 10 1
18 43 10 2
18 44 6 9
18 45 8 1
18 47 1 6
18 49 2 4
18 51 3 1
18 52 3 9
18 53 1 3
18 54 7 2
18 55 7 4
18 57 1 6
18 60 8 1
18 61 9 2
18 62 5 1
18 63 5 10
18 64 3 4
18 65 10 6
18 66 7 2
18 69 1 2
18 70 3 4
18 71 7 1
18 72 6 9
18 74 5 10
18 75 1 7
18 78 5 8
18 79 6 2
18 80 10 2
18 81 10 6
18 82 8 1
18 83 7 6
18 84 2 5
18 85 3 7
18 86 9 2
18 87 5 6
18 89 4 1
18 91 2 5
18 92 9 8
18 93 1 8
18 94 4 3
18 96 2 5
18 97 3 6
18 100 8 10
19 21 1 3
19 23 4 6
19 24 3 4
19 25 9 8
19 26 1 2
19 27 9 10
19 28 4 5
19 29 1 10
19 30 7 9
19 31 6 7
19 33 10 9
19 35 10 1
19 36 4 6
19 38 8 7
19 39 2 3
19 40 10 7
19 41 5 10
19 42 1 4
19 43 4 10
19 44 2 3
19 45 10 10
19 46 5 9
19 47 5 1
19 48 9 8
19 49 6 7
19 50 8 5
19 51 6 9
19 52 8 8
19 55 1 5
19 57 8 3
19 59 4 10
19 60 8 7
19 62 3 10
19 64 6 10
19 65 1 7
19 66 3 8
19 67 2 6
19 68 5 5
19 69 4 5
19 70 9 8
19 72 2 3
19 73 5 9
19 74 4 1
19 75 8 4
19 76 6 2
19 78 2 10
19 79 7 2
19 80 8 3
19 83 2 5
19 84 5 9
19 85 7 9
19 87 3 5
19 88 6 7
19 89 6 6
19 90 6 5
19 91 7 7
19 92 1 3
19 93 4 4
19 96 7 4
19 97 1 1
19 98 4 4
19 99 2 5
19 100 6 4
20 21 9 1
20 22 7 4
20 23 4 6
20 24 1 5
20 25 2 10
20 26 3 5
20 29 9 4
20 30 9 8
20 31 3 6
20 32 9 7
20 33 8 8
20 35 7 6
20 36 5 10
20 37 6 10
20 38 10 2
20 39 2 7
20 41 2 9
20 42 1 6
20 45 7 1
20 46 1 5
20 48 6 3
20 49 2 8
20 51 5 1
20 52 7 3
20 53 8 4
20 54 2 8
20 55 5 2
20 56 4 9
20 57 7 1
20 58 10 2
20 60 1 8
20 61 3 2
20 63 4 9
20 64 1 1
20 65 2 2
20 67 2 5
20 68 3 5
20 69 10 3
20 70 7 10
20 72 4 8
20 73 8 1
20 74 10 9
20 75 7 1
20 76 2 10
20 77 7 5
20 78 8 7
20 79 2 9
20 80 9 3
20 81 9 5
20 84 1 2
20 85 2 6
20 86 5 6
20 88 4 8
20 89 2 1
20 90 3 3
20 91 8 7
20 92 3 3
20 93 7 3
20 95 3 6
20 96 10 6
20 97 2 1
20 98 10 4
20 99 5 9
20 100 9 5
21 23 3 4
21 24 3 9
21 26 10 1
21 27 10 3
21 28 10 10
21 31 8 2
21 32 1 10
21 33 1 1
21 34 5 9
21 35 7 10
21 36 6 3
21 37 2 6
21 38 8 1
21 40 5 1
21 41 1 3
21 42 5 3
21 44 8 5
21 46 10 9
21 47 5 5
21 49 2 10
21 50 6 3
21 51 8 10
21 52 5 2
21 53 8 1
21 54 2 8
21 55 5 2
21 56 9 6
21 57 1 10
21 59 2 5
21 60 7 4
21 62 10 4
21 63 9 2
21 64 1 9
21 65 2 7
21 66 1 6
21 67 10 6
21 68 7 8
21 69 10 9
21 70 3 1
21 71 4 8
21 72 6 7
21 73 1 2
21 74 3 9
21 75 1 10
21 76 9 2
21 77 4 4
21 80 1 7
21 81 3 10
21 82 8 6
21 83 1 8
21 84 2 3
21 85 4 5
21 86 3 3
21 87 5 1
21 88 8 7
21 89 6 1
21 91 9 1
21 92 7 10
21 93 5 10
21 94 5 5
21 95 4 2
21 96 8 5
21 97 8 1
21 98 4 3
21 100 1 7
22 23 3 7
22 24 2 1
22 25 5 5
22 27 7 1
22 28 8 2
22 29 1 2
22 30 6 1
22 31 1 4
22 32 5 2
22 33 9 3
22 34 3 1
22 35 5 2
22 38 4 7
22 39 3 6
22 40 9 6
22 43 9 7
22 45 1 7
22 46 7 3
22 47 5 3
22 48 9 2
22 49 10 2
22 50 2 4
22 51 4 3
22 52 6 10
22 53 6 4
22 54 10 3
22 55 2 7
22 56 2 1
22 57 6 3
22 58 5 5
22 60 1 6
22 61 5 1
22 62 5 4
22 64 2 2
22 65 8 1
22 66 2 1
22 71 4 7
22 72 10 6
22 73 4 10
22 74 9 6
22 75 6 2
22 76 2 7
22 77 10 3
22 78 2 7
22 79 10 4
22 80 7 1
22 81 8 1
22 82 3 7
22 83 8 7
22 84 10 6
22 85 10 4
22 86 8 2
22 87 2 5
22 89 9 4
22 90 3 1
22 91 6 8
22 92 6 7
22 93 2 8
22 94 2 1
22 95 9 9
22 96 8 6
22 97 3 1
22 98 6 2
22 100 1 7
23 24 9 8
23 25 5 6
23 26 9 3
23 27 1 6
23 28 5 5
23 30 8 2
23 31 8 4
23 32 1 6
23 33 7 2
23 34 9 9
23 35 1 4
23 36 1 7
23 37 9 10
23 38 9 3
23 39 4 5
23 40 2 8
23 42 8 9
23 45 4 1
23 46 1 2
23 49 1 9
23 50 3 10
23 52 3 6
23 54 4 4
23 55 9 1
23 57 4 5
23 58 3 8
23 59 4 3
23 60 1 9
23 61 8 8
23 62 9 1
23 63 8 10
23 64 6 3
23 66 3 1
23 67 5 8
23 68 3 4
23 69 10 6
23 70 7 3
23 71 8 10
23 72 4 7
23 73 3 1
23 74 8 9
23 75 10 3
23 76 3 1
23 77 7 4
23 80 1 8
23 81 9 6
23 82 10 4
23 83 8 4
23 86 3 4
23 87 10 8
23 88 8 7
23 89 8 10
23 90 5 5
23 91 8 5
23 92 7 2
23 94 2 3
23 95 2 6
23 96 5 10
23 97 2 2
23 98 1 4
23 99 10 3
24 25 4 10
24 26 8 3
24 27 1 10
24 28 9 6
24 29 1 3
24 30 6 9
24 31 7 8
24 32 6 3
24 33 8 3
24 34 3 5
24 36 9 8
24 37 3 10
24 39 6 4
24 40 10 1
24 41 7 2
24 43 2 4
24 44 2 4
24 45 5 1
24 46 10 10
24 47 7 7
24 48 1 9
24 49 2 9
24 50 4 1
24 52 1 6
24 53 2 6
24 54 2 8
24 56 9 8
24 57 4 9
24 58 10 5
24 59 10 4
24 60 8 4
24 62 7 7
24 64 8 2
24 66 10 9
24 67 6 1
24 69 3 8
24 70 8 2
24 71 4 5
24 72 7 8
24 74 2 4
24 76 6 6
24 77 2 3
24 78 6 1
24 79 8 7
24 81 10 10
24 82 6 6
24 83 6 6
24 86 5 7
24 88 10 4
24 91 10 1
24 92 6 9
24 93 8 2
24 94 2 10
24 95 6 10
24 99 9 9
24 100 6 1
25 26 8 8
25 27 1 6
25 28 4 3
25 29 4 5
25 31 3 2
25 32 7 9
25 33 7 9
25 34 5 6
25 36 7 8
25 38 1 1
25 39 3 8
25 40 5 8
25 41 10 4
25 42 10 9
25 43 9 2
25 44 1 5
25 47 9 1
25 49 1 10
25 51 9 1
25 52 8 8
25 53 4 6
25 56 5 5
25 57 2 10
25 58 9 10
25 59 10 2
25 61 1 4
25 63 4 1
25 64 3 4
25 65 2 6
25 66 4 7
25 68 8 4
25 69 3 5
25 70 3 10
25 71 1 5
25 72 10 10
25 73 2 4
25 74 4 6
25 75 9 7
25 76 2 10
25 79 6 10
25 81 9 5
25 82 3 2
25 83 6 10
25 84 6 6
25 85 6 4
25 86 7 5
25 87 6 3
25 88 4 4
25 91 6 2
25 92 5 9
25 94 8 8
25 95 1 1
25 96 2 9
25 97 6 6
25 99 7 8
25 100 6 4
26 27 10 10
26 28 2 5
26 29 4 4
26 30 4 3
26 31 8 2
26 32 8 3
26 33 9 4
26 35 6 1
26 37 10 2
26 38 7 3
26 39 3 4
26 40 3 6
26 42 7 8
26 43 4 3
26 44 9 10
26 45 9 3
26 46 2 9
26 47 8 9
26 48 9 1
26 50 7 4
26 52 5 3
26 54 7 1
26 55 4 4
26 56 3 9
26 57 5 9
26 59 9 2
26 60 7 10
26 61 6 7
26 63 10 5
26 64 2 2
26 65 8 3
26 66 3 3
26 67 1 5
26 69 5 1
26 70 1 6
26 71 3 2
26 72 1 5
26 73 10 9
26 75 10 7
26 76 3 6
26 77 8 4
26 78 6 10
26 79 1 2
26 80 1 10
26 81 6 1
26 82 7 2
26 84 4 4
26 86 4 9
26 87 5 7
26 88 8 6
26 92 5 7
26 93 2 10
26 95 10 6
26 96 1 5
26 97 5 4
26 98 1 3
26 99 9 8
27 28 8 5
27 29 2 9
27 30 2 4
27 31 2 1
27 32 8 2
27 33 6 8
27 34 6 6
27 35 6 7
27 36 1 2
27 37 1 10
27 38 9 7
27 39 7 7
27 41 4 4
27 43 1 1
27 44 8 10
27 46 7 9
27 47 4 10
27 50 10 4
27 51 4 10
27 52 4 1
27 53 6 7
27 54 6 4
27 55 7 6
27 56 5 3
27 57 10 4
27 58 8 7
27 59 3 3
27 60 6 8
27 63 3 10
27 65 5 5
27 67 7 9
27 68 8 6
27 69 6 9
27 70 3 6
27 71 3 3
27 73 3 3
27 74 9 2
27 76 9 8
27 77 6 10
27 78 3 6
27 80 3 8
27 81 6 10
27 82 10 6
27 83 8 2
27 86 4 8
27 87 9 7
27 88 6 1
27 90 4 3
27 91 3 4
27 92 2 4
27 94 7 9
27 96 9 8
27 97 6 2
27 98 8 10
27 99 5 6
27 100 7 5
28 29 7 9
28 30 4 9
28 32 2 7
28 33 9 4
28 34 10 2
28 35 3 7
28 36 5 6
28 37 8 5
28 38 7 5
28 39 7 1
28 40 1 5
28 41 7 1
28 42 1 7
28 43 8 1
28 44 5 9
28 45 8 2
28 47 1 2
28 48 9 9
28 49 10 5
28 50 7 10
28 52 7 6
28 53 3 8
28 54 6 1
28 55 6 9
28 56 4 9
28 57 2 9
28 58 9 9
28 59 8 8
28 61 4 5
28 62 3 7
28 63 1 3
28 64 1 7
28 65 9 4
28 66 4 7
28 67 3 10
28 68 2 4
28 69 2 8
28 70 1 7
28 71 8 4
28 72 5 6
28 73 4 3
28 74 2 10
28 75 3 9
28 76 7 6
28 78 2 5
28 79 8 10
28 80 5 8
28 81 2 2
28 83 4 6
28 84 9 10
28 85 7 6
28 86 6 2
28 88 8 5
28 89 1 9
28 90 4 2
28 91 10 9
28 92 8 5
28 93 3 8
28 95 1 9
28 96 3 1
28 98 8 1
28 99 6 10
28 100 1 5
29 30 10 5
29 31 3 10
29 32 7 7
29 34 1 2
29 37 4 2
29 38 6 8
29 39 3 10
29 40 4 2
29 41 6 5
29 42 8 7
29 46 6 3
29 47 3 9
29 48 2 4
29 49 9 8
29 50 1 8
29 51 10 7
29 52 6 5
29 53 8 3
29 55 7 6
29 56 9 9
29 58 10 1
29 60 9 1
29 63 4 10
29 64 7 4
29 65 1 4
29 66 6 1
29 67 6 1
29 70 10 3
29 71 7 9
29 72 10 3
29 73 9 2
29 74 8 8
29 75 10 5
29 76 7 7
29 77 7 2
29 78 6 8
29 79 3 8
29 81 10 1
29 82 6 1
29 83 7 5
29 84 3 9
29 85 1 1
29 87 2 1
29 88 2 10
29 89 5 1
29 90 9 6
29 91 7 6
29 92 8 5
29 93 7 2
29 94 2 6
29 95 4 10
29 96 6 8
29 98 9 7
29 99 5 7
30 31 8 3
30 32 5 1
30 33 9 3
30 34 5 8
30 35 3 5
30 36 6 7
30 37 3 2
30 38 5 9
30 39 1 7
30 40 9 9
30 41 7 4
30 42 2 6
30 44 5 7
30 47 5 5
30 48 2 6
30 49 7 10
30 50 5 5
30 52 2 8
30 53 2 6
30 54 3 2
30 57 3 4
30 58 6 3
30 59 6 6
30 61 3 4
30 63 10 7
30 64 5 4
30 65 7 8
30 66 1 3
30 69 6 3
30 70 3 4
30 71 6 4
30 72 1 5
30 73 4 5
30 74 6 10
30 76 5 7
30 77 4 1
30 79 1 9
30 81 4 4
30 82 5 2
30 83 2 1
30 86 2 3
30 87 2 6
30 89 2 1
30 91 4 5
30 92 2 10
30 93 8 7
30 94 5 2
30 97 9 2
30 98 6 5
30 99 9 9
30 100 2 10
31 33 10 8
31 35 5 10
31 36 9 9
31 37 1 4
31 40 6 2
31 44 1 10
31 45 10 2
31 46 10 4
31 47 6 2
31 49 1 2
31 50 8 7
31 51 8 2
31 52 10 1
31 54 1 9
31 55 3 5
31 56 2 4
31 58 6 9
31 59 6 5
31 60 7 2
31 62 2 10
31 64 8 8
31 65 2 7
31 66 1 7
31 67 2 5
31 68 5 5
31 70 8 3
31 71 3 4
31 72 6 1
31 73 5 2
31 75 5 2
31 76 7 1
31 77 2 2
31 78 7 4
31 79 5 3
31 80 9 4
31 81 3 4
31 82 6 10
31 83 3 1
31 86 9 2
31 87 2 5
31 88 9 9
31 89 2 6
31 90 7 8
31 91 4 10
31 92 5 4
31 93 8 4
31 95 8 4
31 99 9 2
31 100 9 1
32 33 6 9
32 34 6 8
32 35 1 3
32 36 5 5
32 37 6 8
32 38 5 6
32 39 8 1
32 40 4 8
32 41 8 8
32 42 1 1
32 44 7 2
32 46 1 2
32 47 9 10
32 49 9 8
32 50 10 6
32 51 5 2
32 52 7 2
32 55 6 2
32 56 1 5
32 57 10 7
32 58 10 2
32 59 5 10
32 60 6 6
32 61 6 6
32 62 4 7
32 63 7 6
32 64 5 5
32 65 5 3
32 66 4 10
32 67 9 8
32 70 3 5
32 71 4 3
32 72 9 8
32 73 1 9
32 75 1 7
32 77 10 9
32 79 4 3
32 80 4 9
32 81 10 8
32 82 9 4
32 83 3 3
32 84 5 2
32 85 6 9
32 86 7 7
32 87 7 5
32 88 8 7
32 89 9 7
32 90 10 7
32 91 1 5
32 92 5 9
32 93 10 9
32 94 10 8
32 96 3 2
32 97 1 5
32 98 7 9
32 99 1 7
32 100 7 5
33 34 4 5
33 36 3 2
33 39 6 10
33 40 7 6
33 41 1 6
33 43 9 2
33 44 2 8
33 45 7 10
33 46 6 7
33 48 10 10
33 50 4 9
33 52 8 6
33 53 6 7
33 55 1 6
33 56 5 5
33 57 6 3
33 59 3 5
33 60 9 7
33 61 4 5
33 62 10 10
33 64 7 7
33 65 9 10
33 66 6 2
33 67 9 7
33 68 9 4
33 69 4 2
33 70 9 10
33 71 4 10
33 72 4 9
33 75 9 5
33 76 8 8
33 77 8 5
33 78 2 7
33 79 3 6
33 81 4 7
33 82 7 6
33 83 3 5
33 84 10 4
33 85 3 2
33 86 4 10
33 88 5 10
33 89 2 2
33 90 3 8
33 92 4 5
33 93 10 5
33 94 8 7
33 95 7 6
33 96 6 10
33 97 6 2
33 99 4 1
33 100 5 6
34 36 1 9
34 37 7 8
34 38 8 3
34 40 6 3
34 41 4 6
34 42 10 4
34 44 7 10
34 46 1 6
34 47 5 2
34 48 10 7
34 49 7 10
34 51 7 4
34 53 1 6
34 54 10 2
34 55 7 2
34 56 3 4
34 57 8 9
34 58 2 6
34 60 7 8
34 61 8 4
34 62 9 8
34 63 5 3
34 64 4 6
34 65 10 10
34 68 8 3
34 69 7 7
34 71 2 7
34 72 10 4
34 74 10 1
34 75 3 10
34 76 1 9
34 77 8 3
34 78 2 1
34 79 3 6
34 80 3 4
34 84 5 6
34 85 2 3
34 86 3 9
34 87 7 3
34 90 6 4
34 91 6 4
34 92 7 2
34 93 3 3
34 95 9 7
34 96 3 8
34 97 7 9
34 98 6 6
34 100 8 10
35 36 2 7
35 38 9 9
35 39 4 8
35 40 7 2
35 42 7 10
35 43 7 6
35 45 7 8
35 46 10 7
35 47 9 10
35 49 1 3
35 50 6 3
35 51 3 2
35 53 9 7
35 54 8 2
35 55 1 8
35 56 10 3
35 57 8 10
35 58 4 9
35 59 7 7
35 60 1 8
35 62 3 3
35 63 3 7
35 65 10 4
35 66 1 4
35 67 9 5
35 68 9 8
35 70 10 1
35 73 5 3
35 74 3 8
35 75 2 4
35 76 9 3
35 77 6 4
35 78 1 7
35 79 7 5
35 80 3 4
35 81 7 1
35 82 8 5
35 83 5 5
35 84 6 6
35 85 3 7
35 88 1 9
35 89 10 6
35 91 7 6
35 94 1 6
35 95 9 1
35 96 10 6
35 97 1 2
35 98 9 7
35 99 1 6
35 100 1 7
36 37 2 7
36 38 5 3
36 40 9 1
36 41 8 7
36 42 5 8
36 43 4 7
36 44 2 2
36 45 5 7
36 46 9 6
36 47 10 7
36 48 5 9
36 49 1 6
36 50 2 1
36 51 2 8
36 52 9 10
36 53 8 8
36 54 7 2
36 56 2 5
36 57 3 9
36 58 10 1
36 60 6 6
36 61 8 6
36 62 2 4
36 63 7 3
36 64 4 1
36 68 8 8
36 69 2 4
36 70 3 2
36 71 9 6
36 72 4 5
36 73 1 7
36 74 8 10
36 76 6 5
36 77 9 8
36 79 10 2
36 81 10 4
36 82 3 1
36 84 10 6
36 85 1 6
36 86 9 10
36 87 6 2
36 88 8 4
36 89 7 4
36 91 7 10
36 93 7 9
36 94 3 9
36 95 1 2
36 96 9 1
36 97 10 8
36 99 1 8
36 100 10 3
37 38 9 2
37 40 8 2
37 41 9 8
37 42 5 9
37 44 1 4
37 45 4 9
37 46 3 3
37 48 4 5
37 49 8 7
37 52 7 3
37 53 2 10
37 54 7 6
37 55 1 2
37 56 7 8
37 58 6 2
37 59 6 2
37 60 4 1
37 61 5 9
37 62 4 10
37 63 3 9
37 66 9 5
37 67 7 2
37 68 5 5
37 69 3 10
37 70 3 5
37 71 7 9
37 72 6 1
37 73 1 5
37 74 3 9
37 76 8 10
37 77 7 6
37 78 7 2
37 79 2 4
37 80 2 4
37 83 8 8
37 84 1 8
37 85 2 9
37 86 4 10
37 87 7 9
37 89 4 7
37 90 4 4
37 91 9 1
37 92 6 4
37 94 8 5
37 95 9 8
37 97 6 8
37 98 9 8
37 99 1 10
37 100 9 9
38 39 10 3
38 40 2 1
38 41 1 1
38 42 8 6
38 43 2 4
38 44 8 9
38 45 8 1
38 46 1 10
38 48 1 5
38 49 2 5
38 50 8 1
38 52 3 4
38 53 7 2
38 54 5 1
38 56 9 3
38 57 8 6
38 58 7 7
38 59 6 4
38 62 6 5
38 63 5 6
38 64 9 6
38 65 1 7
38 66 4 5
38 67 8 7
38 69 1 4
38 70 10 6
38 74 1 7
38 75 7 7
38 77 7 6
38 78 8 5
38 80 7 5
38 82 10 5
38 83 7 1
38 84 3 5
38 85 5 9
38 86 5 4
38 87 8 10
38 88 2 2
38 90 6 6
38 91 1 6
38 94 8 2
38 95 2 1
38 96 6 5
38 97 4 8
38 98 10 10
38 99 3 9
39 41 5 4
39 42 3 4
39 43 9 5
39 44 10 4
39 46 3 9
39 47 4 6
39 48 2 3
39 49 9 8
39 50 5 9
39 52 10 1
39 53 8 3
39 54 5 2
39 55 2 10
39 57 6 5
39 58 5 10
39 59 1 4
39 60 8 4
39 61 2 6
39 63 2 8
39 64 7 1
39 65 3 6
39 66 3 2
39 68 6 1
39 72 3 5
39 73 6 4
39 74 4 4
39 75 9 9
39 76 6 7
39 77 5 7
39 78 8 3
39 79 2 3
39 80 8 4
39 81 5 6
39 82 4 3
39 83 1 2
39 84 6 9
39 85 1 5
39 86 3 3
39 88 6 3
39 89 4 9
39 90 6 3
39 91 8 10
39 92 6 4
39 94 8 10
39 95 10 6
39 96 8 8
39 97 1 8
39 98 5 8
39 100 6 7
40 43 5 9
40 46 10 9
40 48 8 2
40 49 6 7
40 50 5 4
40 52 7 9
40 53 3 9
40 54 8 9
40 55 6 5
40 56 4 6
40 57 6 7
40 59 5 6
40 60 7 3
40 62 4 7
40 63 5 3
40 64 8 5
40 65 8 3
40 66 3 4
40 67 5 7
40 68 1 5
40 69 1 9
40 70 9 8
40 71 6 1
40 72 1 1
40 73 6 5
40 74 2 4
40 77 10 5
40 78 4 4
40 79 9 5
40 80 1 3
40 81 9 9
40 82 10 8
40 83 3 5
40 84 3 2
40 85 5 2
40 86 1 1
40 87 6 8
40 88 10 9
40 90 1 2
40 91 7 5
40 92 1 8
40 93 5 8
40 94 1 7
40 95 3 1
40 96 4 9
40 98 8 5
40 99 3 7
40 100 10 2
41 42 4 2
41 43 6 7
41 44 2 1
41 46 4 5
41 47 9 9
41 48 3 3
41 49 10 5
41 50 4 4
41 51 8 6
41 52 4 1
41 53 2 2
41 55 10 4
41 56 2 7
41 58 8 8
41 59 1 6
41 61 4 7
41 62 10 6
41 63 5 8
41 66 6 5
41 67 3 4
41 68 7 10
41 69 8 8
41 70 6 10
41 72 5 3
41 73 7 7
41 74 10 2
41 75 5 7
41 77 3 3
41 79 5 5
41 80 3 7
41 81 1 3
41 82 4 9
41 85 2 9
41 86 1 10
41 88 5 1
41 90 3 6
41 91 10 2
41 92 9 5
41 93 5 1
41 94 8 1
41 96 2 3
41 97 6 5
41 98 6 10
41 99 5 9
42 43 10 8
42 44 1 7
42 46 3 4
42 47 10 2
42 49 7 3
42 50 8 6
42 51 1 4
42 52 8 4
42 53 7 8
42 54 3 1
42 55 2 6
42 57 8 2
42 58 2 4
42 59 2 3
42 61 9 9
42 62 5 10
42 63 10 9
42 64 6 9
42 66 1 3
42 67 5 5
42 68 10 10
42 69 7 2
42 70 10 3
42 71 10 2
42 72 10 5
42 73 10 5
42 74 9 4
42 75 1 6
42 76 8 9
42 77 1 7
42 78 4 9
42 79 6 1
42 80 10 6
42 81 4 9
42 82 9 2
42 83 4 5
42 84 9 3
42 86 1 9
42 87 8 7
42 88 10 6
42 90 10 3
42 91 8 3
42 92 10 4
42 93 3 8
42 94 5 8
42 95 3 3
42 96 9 8
42 98 2 2
42 99 7 3
42 100 3 2
43 45 4 2
43 46 5 8
43 47 3 5
43 48 10 3
43 49 8 3
43 50 8 9
43 51 7 3
43 52 2 5
43 53 9 10
43 54 7 8
43 55 4 5
43 57 7 1
43 58 1 8
43 59 3 6
43 60 5 3
43 61 9 6
43 62 8 3
43 63 9 2
43 64 7 8
43 65 10 9
43 66 6 3
43 67 10 2
43 68 1 5
43 69 8 8
43 70 10 5
43 72 2 6
43 73 5 2
43 74 9 7
43 75 10 2
43 76 2 2
43 78 7 7
43 80 4 6
43 81 1 7
43 82 7 3
43 83 4 9
43 84 7 2
43 85 9 9
43 87 1 4
43 88 5 9
43 89 8 5
43 91 1 4
43 92 6 10
43 93 5 3
43 94 3 8
43 95 5 1
43 97 6 8
43 100 5 7
44 45 6 9
44 46 1 2
44 47 8 7
44 48 3 2
44 49 7 1
44 50 3 3
44 51 6 5
44 52 7 7
44 53 5 6
44 54 10 4
44 55 7 7
44 56 6 10
44 58 1 1
44 59 4 5
44 60 4 5
44 63 5 2
44 66 6 7
44 67 7 10
44 68 3 7
44 69 5 7
44 70 1 7
44 71 1 8
44 72 1 7
44 73 6 9
44 74 9 9
44 75 9 3
44 76 2 4
44 77 4 6
44 79 1 7
44 80 10 1
44 83 5 5
44 85 5 1
44 86 8 6
44 87 8 2
44 88 1 3
44 89 4 1
44 91 9 9
44 92 3 3
44 94 4 5
44 95 7 3
44 98 7 3
44 100 6 9
45 46 6 10
45 47 5 8
45 48 4 6
45 49 10 8
45 50 8 2
45 51 1 6
45 52 10 1
45 53 2 8
45 54 4 3
45 55 1 9
45 56 10 8
45 58 10 6
45 59 1 5
45 60 1 9
45 61 3 10
45 63 2 9
45 64 9 2
45 66 10 4
45 67 5 8
45 68 3 6
45 70 9 6
45 71 9 10
45 73 1 7
45 74 8 3
45 75 8 10
45 76 7 4
45 78 8 10
45 79 6 9
45 80 3 8
45 81 2 10
45 82 8 6
45 83 1 6
45 84 10 4
45 85 4 2
45 87 8 5
45 91 10 3
45 93 1 9
45 94 10 4
45 95 10 3
45 96 7 1
45 97 2 1
45 98 3 10
45 99 2 9
45 100 6 1
46 48 3 7
46 49 6 8
46 50 3 9
46 51 2 6
46 53 7 5
46 57 4 7
46 58 1 3
46 59 7 2
46 60 2 2
46 61 6 7
46 62 5 6
46 63 6 1
46 64 3 7
46 65 10 2
46 66 10 9
46 67 10 3
46 68 4 2
46 69 7 2
46 70 3 3
46 71 9 4
46 72 4 1
46 74 2 4
46 75 7 7
46 77 9 8
46 78 3 2
46 79 2 5
46 80 3 10
46 81 10 10
46 82 3 1
46 83 10 10
46 86 1 7
46 89 5 4
46 90 7 8
46 92 8 6
46 93 3 6
46 94 1 7
46 95 2 7
46 96 9 8
46 97 7 3
46 98 1 5
46 99 5 6
47 48 7 5
47 49 1 10
47 50 6 2
47 52 10 10
47 53 5 5
47 54 6 1
47 56 9 2
47 57 6 4
47 58 7 9
47 60 4 6
47 61 8 8
47 62 10 2
47 63 4 3
47 65 3 10
47 66 7 1
47 70 4 3
47 71 8 5
47 72 6 7
47 73 6 8
47 76 1 1
47 77 7 7
47 79 5 4
47 80 9 7
47 82 2 7
47 84 7 4
47 85 3 1
47 86 1 4
47 87 4 3
47 88 4 10
47 89 8 10
47 90 6 9
47 91 2 2
47 92 5 9
47 93 9 7
47 95 6 9
47 97 5 1
47 98 8 10
47 99 3 5
48 49 4 8
48 51 6 8
48 52 9 1
48 53 5 2
48 54 1 9
48 55 6 7
48 58 9 10
48 59 6 3
48 60 5 1
48 64 3 4
48 65 7 2
48 66 3 10
48 68 8 6
48 69 4 5
48 70 3 4
48 71 2 4
48 72 6 1
48 73 1 10
48 74 4 1
48 76 3 6
48 77 5 3
48 78 9 4
48 80 2 5
48 81 2 5
48 82 5 9
48 84 10 10
48 85 2 2
48 86 3 10
48 87 10 7
48 88 1 9
48 89 7 2
48 90 7 4
48 91 7 9
48 92 6 9
48 93 3 5
48 95 2 8
48 96 3 1
48 98 6 5
48 99 7 6
48 100 1 1
49 50 6 6
49 51 2 10
49 53 4 3
49 54 8 5
49 55 6 2
49 56 3 3
49 57 7 10
49 58 4 5
49 59 10 1
49 60 1 3
49 62 3 3
49 63 2 6
49 64 2 9
49 65 1 9
49 66 9 7
49 68 4 1
49 71 3 2
49 75 4 8
49 76 9 8
49 77 1 5
49 78 9 4
49 79 7 5
49 80 4 6
49 81 5 7
49 83 2 9
49 84 8 7
49 85 8 5
49 86 8 1
49 87 5 8
49 91 9 7
49 93 8 9
49 95 7 8
49 97 1 4
49 98 9 6
49 99 8 4
49 100 6 4
50 51 8 5
50 52 5 2
50 53 3 10
50 54 1 6
50 55 3 1
50 56 2 2
50 57 3 7
50 58 9 4
50 59 6 9
50 60 8 5
50 62 2 9
50 63 7 6
50 64 6 3
50 65 3 6
50 66 5 10
50 68 10 10
50 69 6 1
50 70 6 4
50 71 8 3
50 72 9 2
50 73 1 9
50 74 2 9
50 75 10 7
50 76 5 10
50 77 9 6
50 78 6 10
50 79 4 6
50 80 9 1
50 82 7 5
50 85 10 5
50 86 5 8
50 87 8 9
50 88 7 8
50 89 10 6
50 90 8 1
50 91 5 9
50 92 2 9
50 93 8 1
50 94 8 5
50 96 2 5
50 97 2 10
50 98 2 3
50 99 5 1
50 100 7 6
51 52 7 6
51 53 9 1
51 54 9 8
51 55 10 3
51 56 5 3
51 57 3 7
51 59 8 4
51 60 1 8
51 61 2 9
51 63 2 6
51 64 1 8
51 65 2 5
51 67 5 5
51 70 7 9
51 71 8 2
51 72 8 9
51 74 8 5
51 75 7 8
51 76 7 2
51 77 8 9
51 78 5 7
51 80 1 2
51 81 10 6
51 82 1 1
51 83 5 9
51 84 8 5
51 85 7 8
51 86 5 7
51 87 7 3
51 88 7 3
51 89 5 6
51 90 1 5
51 91 10 6
51 92 10 9
51 93 5 1
51 94 8 6
51 95 6 5
51 97 4 8
51 98 1 10
51 99 1 2
52 53 10 5
52 55 9 2
52 56 7 8
52 57 2 3
52 58 5 8
52 60 3 5
52 61 7 2
52 62 4 6
52 64 3 10
52 65 6 3
52 67 7 7
52 69 3 5
52 70 5 6
52 71 3 9
52 72 2 1
52 73 6 9
52 75 6 5
52 76 8 10
52 77 5 4
52 78 5 5
52 79 7 3
52 80 10 6
52 81 10 3
52 82 1 9
52 83 2 5
52 84 10 7
52 85 7 9
52 87 9 3
52 90 9 3
52 91 8 2
52 94 1 1
52 95 7 1
52 97 7 9
52 98 4 7
52 100 10 6
53 54 5 6
53 56 4 3
53 57 4 4
53 58 5 7
53 61 4 3
53 62 10 2
53 63 3 10
53 65 7 2
53 66 7 1
53 67 2 1
53 69 4 1
53 70 4 2
53 71 6 5
53 72 2 2
53 73 10 6
53 74 4 8
53 75 5 4
53 76 5 9
53 77 4 4
53 80 7 10
53 81 5 8
53 82 6 6
53 84 2 6
53 85 8 5
53 86 4 4
53 87 5 1
53 88 6 10
53 89 6 2
53 90 10 7
53 92 7 10
53 93 1 5
53 94 7 5
53 95 8 4
53 96 1 1
53 97 9 1
53 98 7 7
53 99 9 4
53 100 7 10
54 55 4 1
54 56 4 4
54 57 8 5
54 58 10 10
54 60 4 10
54 61 5 2
54 62 10 6
54 63 5 5
54 64 9 9
54 65 7 4
54 67 5 1
54 68 4 8
54 69 6 4
54 70 2 1
54 71 5 9
54 73 6 10
54 74 6 9
54 75 6 3
54 76 6 4
54 77 4 2
54 79 6 4
54 80 8 4
54 81 7 6
54 82 9 2
54 85 4 10
54 87 8 5
54 88 10 7
54 92 5 4
54 93 3 7
54 94 3 6
54 95 10 3
54 96 1 2
54 97 4 8
54 98 4 10
54 99 2 1
55 56 5 4
55 57 3 7
55 58 6 9
55 59 5 3
55 60 5 5
55 61 8 6
55 62 4 1
55 63 1 9
55 64 5 1
55 65 9 7
55 66 8 7
55 69 3 7
55 70 6 4
55 71 3 2
55 73 10 8
55 75 6 7
55 76 5 7
55 77 10 2
55 79 5 2
55 80 5 6
55 81 3 4
55 82 8 10
55 83 10 6
55 85 7 10
55 86 2 6
55 87 6 1
55 88 1 6
55 89 5 7
55 91 3 4
55 92 3 5
55 93 4 2
55 94 5 1
55 95 10 1
55 96 5 3
55 97 8 2
55 98 9 8
55 99 1 4
56 57 1 7
56 58 1 2
56 59 5 3
56 60 1 8
56 61 6 9
56 62 2 1
56 63 2 10
56 65 4 3
56 66 7 10
56 67 4 4
56 68 7 4
56 70 4 3
56 73 5 4
56 74 9 8
56 75 4 7
56 76 8 9
56 77 8 5
56 78 5 7
56 79 4 4
56 80 6 9
56 81 1 4
56 82 2 7
56 83 3 3
56 84 8 7
56 85 5 10
56 86 9 2
56 87 7 10
56 88 5 2
56 89 10 4
56 90 10 7
56 91 9 5
56 92 1 9
56 93 4 2
56 94 8 2
56 95 8 5
56 98 5 5
56 99 1 9
56 100 10 4
57 58 1 7
57 60 6 7
57 61 6 6
57 62 3 3
57 63 3 3
57 64 8 8
57 65 6 9
57 66 3 5
57 67 2 6
57 68 1 7
57 69 2 4
57 73 10 7
57 74 9 10
57 76 6 3
57 77 8 1
57 78 1 9
57 79 10 6
57 80 1 8
57 81 3 1
57 82 5 1
57 84 7 6
57 85 3 10
57 86 8 7
57 87 8 8
57 88 5 7
57 89 5 5
57 90 2 4
57 91 6 2
57 93 6 4
57 94 9 9
57 95 1 2
57 97 7 10
57 98 9 6
57 99 7 10
57 100 7 3
58 59 7 2
58 61 2 10
58 62 10 5
58 63 4 2
58 64 5 8
58 65 8 5
58 66 10 5
58 68 8 6
58 69 9 5
58 70 5 4
58 71 9 4
58 72 10 6
58 74 3 8
58 75 2 2
58 76 5 5
58 77 3 10
58 78 1 5
58 79 2 3
58 80 9 2
58 81 7 9
58 83 10 7
58 85 5 3
58 86 9 2
58 87 9 9
58 90 6 3
58 91 7 2
58 92 10 10
58 93 1 4
58 94 8 1
58 95 1 2
58 97 6 7
58 98 2 2
58 99 7 7
58 100 1 2
59 60 7 4
59 61 4 9
59 62 3 7
59 63 4 3
59 64 8 7
59 65 8 3
59 66 6 6
59 67 9 3
59 68 1 3
59 69 4 5
59 70 6 5
59 71 3 9
59 72 5 7
59 73 3 8
59 74 7 1
59 75 8 8
59 76 4 1
59 77 3 6
59 78 4 6
59 79 7 10
59 81 5 10
59 82 5 3
59 83 10 4
59 84 6 5
59 87 7 1
59 88 3 9
59 89 8 2
59 90 7 7
59 91 6 7
59 92 3 2
59 93 5 5
59 94 7 2
59 95 4 10
59 96 2 2
59 97 10 10
59 98 7 4
59 99 9 5
60 61 6 2
60 62 9 6
60 63 2 1
60 64 3 2
60 65 7 2
60 67 10 8
60 68 2 10
60 69 2 10
60 72 4 3
60 73 9 4
60 74 1 6
60 75 6 4
60 77 3 10
60 78 7 3
60 79 6 3
60 80 2 2
60 81 9 9
60 82 3 6
60 83 3 6
60 84 5 7
60 85 7 10
60 86 9 4
60 87 8 2
60 88 1 2
60 89 2 4
60 90 9 1
60 91 10 6
60 92 4 1
60 93 9 7
60 94 9 9
60 95 4 5
60 96 3 2
60 97 9 2
60 99 6 7
60 100 5 2
61 62 9 10
61 63 5 5
61 64 4 1
61 65 1 8
61 66 3 2
61 67 6 2
61 68 1 10
61 69 4 7
61 70 8 7
61 71 8 7
61 72 5 3
61 75 6 9
61 77 3 6
61 79 3 3
61 80 8 10
61 81 6 1
61 82 5 4
61 83 10 7
61 84 2 1
61 85 7 7
61 86 2 1
61 87 6 4
61 88 8 3
61 89 6 6
61 90 3 4
61 91 2 7
61 92 4 8
61 93 5 1
61 94 4 10
61 96 10 4
61 97 2 4
61 99 9 8
61 100 7 9
62 65 2 6
62 68 7 6
62 69 3 4
62 70 7 3
62 71 10 8
62 72 3 6
62 73 8 3
62 74 1 5
62 75 9 9
62 76 5 8
62 77 7 1
62 78 5 7
62 79 5 10
62 80 3 6
62 81 1 4
62 85 5 7
62 87 4 7
62 88 7 1
62 89 3 8
62 90 9 10
62 92 4 5
62 94 9 4
62 96 6 8
62 97 9 8
62 98 5 1
62 99 9 4
62 100 5 7
63 66 10 4
63 67 7 7
63 69 7 5
63 70 6 4
63 71 8 3
63 73 8 10
63 74 9 8
63 75 3 6
63 76 7 2
63 77 1 3
63 78 7 1
63 79 10 6
63 80 3 5
63 82 5 5
63 83 4 10
63 84 8 5
63 85 4 5
63 86 9 9
63 88 1 7
63 89 10 2
63 90 2 2
63 91 4 4
63 92 5 5
63 94 4 10
63 95 3 10
63 98 2 5
63 99 2 7
63 100 9 8
64 66 1 8
64 67 6 10
64 68 6 5
64 69 2 1
64 70 1 9
64 71 1 4
64 72 7 1
64 73 1 7
64 75 3 4
64 76 6 10
64 77 6 1
64 78 8 4
64 79 5 3
64 80 2 5
64 81 6 3
64 82 5 7
64 83 5 1
64 84 1 8
64 86 8 6
64 87 9 3
64 88 5 2
64 89 5 7
64 90 9 4
64 92 10 3
64 93 4 7
64 95 1 10
64 96 7 2
64 97 1 9
64 98 6 1
64 99 4 4
64 100 2 1
65 66 6 8
65 67 1 2
65 68 4 6
65 69 10 9
65 70 5 4
65 71 6 6
65 72 9 4
65 73 1 8
65 74 8 8
65 75 9 1
65 76 7 6
65 77 10 2
65 78 10 2
65 79 7 3
65 80 3 7
65 81 1 3
65 82 8 6
65 83 1 8
65 84 5 9
65 85 7 2
65 86 9 6
65 87 6 6
65 88 8 3
65 89 7 7
65 91 7 9
65 94 7 10
65 95 7 2
65 96 10 10
65 97 10 1
65 98 8 9
65 99 3 1
65 100 5 5
66 67 4 7
66 69 9 5
66 70 4 5
66 71 5 10
66 72 3 8
66 73 5 2
66 74 7 5
66 75 2 2
66 77 7 6
66 78 8 9
66 79 9 9
66 80 6 5
66 81 2 3
66 83 7 7
66 84 5 8
66 85 1 3
66 86 2 2
66 87 3 1
66 88 1 8
66 89 8 4
66 90 8 8
66 91 1 5
66 92 2 10
66 94 8 2
66 95 9 8
66 96 10 8
66 97 5 4
66 98 1 8
66 99 1 6
66 100 6 8
67 68 4 4
67 70 6 10
67 71 4 1
67 72 3 2
67 76 9 1
67 77 8 1
67 78 5 2
67 79 8 5
67 80 7 8
67 82 5 8
67 83 6 9
67 84 6 3
67 85 6 2
67 86 5 9
67 87 2 9
67 88 4 5
67 90 1 1
67 91 10 8
67 92 8 4
67 93 1 10
67 94 9 3
67 95 6 5
67 96 4 4
67 97 5 7
67 98 6 7
67 99 5 10
68 69 9 6
68 70 10 8
68 71 5 2
68 72 5 3
68 73 9 3
68 74 8 7
68 75 9 2
68 77 8 5
68 78 6 4
68 79 1 2
68 82 8 4
68 83 6 6
68 84 8 5
68 85 2 3
68 87 5 6
68 88 7 10
68 89 5 4
68 90 9 1
68 91 6 6
68 93 2 2
68 94 10 5
68 99 6 8
69 70 1 2
69 71 1 3
69 72 6 3
69 73 10 8
69 74 8 8
69 75 6 9
69 76 2 5
69 77 7 5
69 78 2 8
69 79 7 10
69 80 5 6
69 81 8 6
69 82 4 2
69 83 3 2
69 84 5 1
69 85 6 4
69 87 1 1
69 88 9 5
69 89 4 7
69 90 2 8
69 92 5 6
69 93 7 10
69 94 10 9
69 95 4 1
69 96 6 1
69 97 1 6
69 98 10 7
69 99 6 8
69 100 8 4
70 71 1 1
70 73 3 7
70 74 2 10
70 76 1 8
70 77 8 1
70 78 1 1
70 79 7 3
70 80 4 3
70 81 10 10
70 83 2 10
70 84 8 7
70 85 5 7
70 87 8 7
70 88 3 9
70 90 10 2
70 91 1 3
70 92 1 10
70 93 8 7
70 94 6 8
70 95 8 6
70 98 8 8
70 99 6 5
71 72 5 5
71 73 9 1
71 74 5 9
71 75 5 6
71 76 3 1
71 77 4 6
71 78 2 1
71 79 7 4
71 80 2 1
71 81 4 8
71 82 4 9
71 84 2 5
71 85 2 5
71 86 8 5
71 87 5 5
71 89 3 6
71 90 2 5
71 91 8 7
71 93 2 10
71 94 10 3
71 95 2 10
71 96 10 8
71 98 4 2
71 99 7 8
72 73 6 3
72 74 10 10
72 75 8 3
72 76 4 10
72 77 2 8
72 79 8 7
72 80 8 5
72 82 7 5
72 83 4 3
72 84 6 1
72 85 5 5
72 86 8 3
72 87 9 3
72 88 2 4
72 89 7 2
72 91 4 9
72 92 4 4
72 93 8 2
72 94 10 2
72 95 6 3
72 96 10 8
72 97 1 5
72 98 6 5
72 100 3 2
73 74 5 9
73 76 1 9
73 77 3 7
73 78 9 10
73 79 3 6
73 80 10 1
73 81 8 6
73 82 9 8
73 83 5 7
73 84 10 5
73 85 8 8
73 91 8 6
73 92 10 1
73 93 6 5
73 94 5 3
73 95 8 10
73 96 8 9
73 97 1 3
73 98 4 5
73 99 2 2
73 100 1 3
74 75 5 2
74 76 5 1
74 77 5 1
74 78 8 6
74 79 9 7
74 81 7 8
74 82 4 6
74 83 2 7
74 85 3 10
74 86 6 4
74 87 9 4
74 90 4 9
74 91 6 6
74 93 8 4
74 95 2 4
74 96 5 1
74 97 7 7
74 98 8 7
74 99 8 4
74 100 9 3
75 76 1 8
75 77 7 6
75 79 2 9
75 80 5 4
75 81 9 4
75 84 6 7
75 86 8 2
75 88 2 3
75 89 9 10
75 90 5 8
75 91 2 3
75 92 8 3
75 93 5 6
75 94 9 5
75 97 1 2
75 98 8 6
75 100 9 8
76 77 8 10
76 78 5 3
76 81 1 5
76 84 2 1
76 87 5 9
76 88 10 10
76 89 10 2
76 91 5 2
76 92 6 9
76 93 7 6
76 95 7 10
76 97 5 7
76 98 1 2
76 99 1 5
76 100 2 3
77 78 10 4
77 79 2 4
77 80 8 1
77 82 1 4
77 84 4 3
77 86 6 1
77 87 8 4
77 88 7 6
77 89 6 7
77 90 7 7
77 92 8 6
77 93 2 3
77 94 1 6
77 95 7 1
77 96 4 9
77 98 9 3
77 99 9 7
77 100 8 6
78 80 6 5
78 81 2 8
78 82 10 2
78 83 4 5
78 84 1 1
78 85 6 1
78 87 9 2
78 89 3 3
78 90 2 6
78 91 7 1
78 93 10 9
78 94 6 1
78 95 5 8
78 96 1 2
78 97 7 1
78 99 7 10
78 100 7 1
79 80 6 5
79 82 7 10
79 83 5 9
79 84 7 2
79 86 9 3
79 87 8 6
79 88 3 9
79 89 7 5
79 91 5 4
79 93 3 4
79 94 9 8
79 95 7 5
79 96 3 3
79 97 2 9
79 98 8 3
79 99 4 2
79 100 1 4
80 81 2 7
80 83 4 10
80 84 7 2
80 85 7 4
80 88 10 9
80 89 8 8
80 90 10 5
80 91 3 9
80 92 2 5
80 93 4 8
80 94 9 9
80 96 6 4
80 97 5 5
80 98 2 4
80 99 2 2
80 100 1 4
81 82 8 9
81 83 3 9
81 84 6 2
81 85 6 10
81 87 7 7
81 89 5 9
81 90 9 5
81 92 1 3
81 93 4 3
81 94 8 5
81 95 8 10
81 96 9 5
81 97 2 2
81 98 4 6
81 100 5 4
82 85 3 1
82 86 9 3
82 89 1 3
82 90 1 7
82 91 8 6
82 92 3 3
82 94 5 2
82 96 4 5
82 97 5 1
82 98 1 1
82 99 10 3
82 100 1 2
83 84 3 7
83 85 9 9
83 87 1 8
83 88 7 6
83 89 10 5
83 91 7 4
83 92 3 5
83 93 8 4
83 95 3 3
83 96 9 10
83 97 7 10
83 98 2 7
83 99 8 3
83 100 5 9
84 85 3 6
84 86 8 1
84 87 9 5
84 88 6 1
84 89 4 6
84 90 3 4
84 91 9 9
84 92 5 3
84 93 2 6
84 94 1 6
84 95 5 3
84 97 2 8
84 99 5 9
84 100 9 5
85 86 7 6
85 87 6 5
85 88 4 7
85 89 9 3
85 91 9 7
85 92 6 7
85 93 4 9
85 94 10 3
85 95 8 6
85 96 6 4
85 97 4 2
85 98 6 10
85 99 6 2
86 87 7 8
86 90 2 3
86 91 2 1
86 92 5 7
86 94 10 1
86 95 9 6
86 96 8 10
86 99 1 3
86 100 10 4
87 89 5 10
87 90 10 4
87 91 9 8
87 92 5 1
87 93 6 6
87 94 10 1
87 95 1 4
87 96 2 7
87 97 2 6
87 99 4 1
87 100 3 10
88 89 6 2
88 94 3 5
88 95 6 5
88 96 7 10
88 97 10 8
88 98 3 5
88 99 1 9
88 100 10 10
89 90 2 4
89 91 10 3
89 92 9 2
89 93 6 8
89 94 10 5
89 95 5 10
89 97 10 5
89 98 2 2
89 99 7 10
89 100 5 9
90 91 9 5
90 93 3 6
90 94 1 5
90 95 2 2
90 96 9 3
90 97 5 6
90 98 8 4
90 99 10 9
91 93 6 4
91 96 2 4
91 97 8 6
91 98 7 10
91 100 6 10
92 94 10 6
92 95 3 5
92 96 7 4
92 98 9 7
92 99 2 8
92 100 3 4
93 94 4 6
93 96 7 8
93 97 9 7
93 98 6 9
93 100 7 6
94 95 9 9
94 96 4 6
94 97 10 5
94 98 4 2
94 100 5 7
95 96 10 3
95 97 2 7
95 99 3 2
95 100 8 1
96 97 5 9
96 98 7 2
96 99 4 1
96 100 6 9
97 98 3 3
98 99 4 7
98 100 7 8
1
1 2 3 4 5 6 7 8 9 10 11 12 13 14 15 16 17 18 19 20 21 22 23 24 25 26 27 28 29 30 31 32 33 34 35 36 37 38 39 40 41 42 43 44 45 46 47 48 49 50
