3989
1 2 7 10
1 3 2 7
1 4 7 1
1 5 9 4
1 6 3 9
1 7 2 1
1 8 1 5
1 9 8 4
1 11 1 2
1 12 1 9
1 13 4 8
1 14 5 4
1 15 1 1
1 17 9 9
1 19 3 7
1 20 8 2
1 22 10 4
1 23 7 7
1 24 3 9
1 25 4 5
1 26 3 1
1 28 10 1
1 29 6 8
1 30 1 5
1 31 9 4
1 32 10 1
1 33 4 4
1 34 7 1
1 36 1 1
1 37 7 7
1 39 6 10
1 40 1 2
1 41 1 4
1 42 9 8
1 43 10 3
1 44 8 10
1 45 5 1
1 46 10 5
1 47 7 2
1 48 9 1
1 49 6 9
1 50 9 8
1 51 4 9
1 53 6 5
1 54 4 5
1 55 1 10
1 56 2 9
1 57 8 4
1 58 7 3
1 59 6 5
1 60 5 5
1 62 3 5
1 63 8 9
1 64 8 2
1 65 6 5
1 66 9 1
1 67 3 7
1 68 7 7
1 70 9 3
1 71 10 3
1 72 6 4
1 73 9 9
1 75 2 2
1 76 1 7
1 77 1 7
1 79 3 6
1 80 9 7
1 81 5 10
1 84 2 9
1 85 8 1
1 86 6 7
1 87 2 8
1 88 8 10
1 89 10 9
1 90 9 4
1 91 8 8
1 92 2 6
1 93 9 9
1 94 10 1
1 95 7 1
1 96 5 10
1 97 4 8
1 98 8 10
2 4 6 8
2 5 7 2
2 6 7 4
2 7 3 5
2 8 7 7
2 9 7 9
2 10 10 5
2 11 2 2
2 13 1 9
2 15 7 8
2 16 2 3
2 17 9 6
2 18 4 5
2 19 7 2
2 21 7 1
2 23 3 7
2 24 5 3
2 25 1 6
2 26 2 1
2 27 1 1
2 28 3 9
2 29 5 5
2 30 3 3
2 31 4 7
2 32 9 5
2 34 8 5
2 35 10 9
2 36 2 6
2 38 7 8
2 39 10 4
2 40 1 8
2 41 6 3
2 43 6 9
2 44 7 4
2 45 2 8
2 46 2 9
2 47 5 8
2 49 7 1
2 52 9 4
2 55 2 3
2 57 10 1
2 58 2 4
2 59 8 1
2 62 5 4
2 64 5 6
2 65 3 10
2 66 6 6
2 67 5 8
2 68 10 10
2 69 5 6
2 70 6 2
2 71 1 2
2 72 3 7
2 73 6 8
2 74 6 6
2 76 3 5
2 77 9 8
2 78 1 9
2 79 2 9
2 80 7 6
2 82 1 5
2 84 2 5
2 85 4 10
2 87 7 8
2 88 5 3
2 89 10 6
2 90 6 6
2 92 10 10
2 93 8 3
2 94 7 7
2 95 8 5
2 96 10 10
2 98 6 3
2 99 4 5
2 100 8 2
3 4 1 5
3 5 10 8
3 6 6 7
3 7 3 2
3 9 3 5
3 12 5 3
3 13 2 4
3 14 6 7
3 15 6 4
3 16 7 2
3 17 6 4
3 18 9 1
3 19 5 10
3 20 4 1
3 21 5 5
3 22 8 7
3 23 5 1
3 26 4 8
3 27 8 10
3 28 8 4
3 29 10 2
3 30 9 7
3 31 10 5
3 32 6 8
3 35 7 6
3 36 6 6
3 37 4 3
3 38 1 5
3 39 9 4
3 40 1 3
3 41 7 7
3 42 9 3
3 44 4 8
3 45 4 5
3 46 3 6
3 47 7 2
3 50 7 6
3 51 3 10
3 52 4 4
3 53 8 6
3 54 3 10
3 55 9 7
3 56 4 8
3 57 5 5
3 58 4 5
3 59 10 7
3 61 3 5
3 62 9 3
3 64 10 1
3 65 3 1
3 67 8 1
3 69 1 6
3 70 7 6
3 71 9 2
3 72 10 1
3 73 2 10
3 74 5 7
3 75 3 1
3 76 6 2
3 78 5 2
3 79 9 3
3 81 7 4
3 82 7 3
3 83 10 6
3 84 8 10
3 85 5 4
3 86 8 8
3 87 2 4
3 89 1 1
3 90 4 8
3 92 5 4
3 93 6 1
3 94 7 1
3 96 3 2
3 97 4 1
3 98 10 6
3 99 6 9
3 100 4 9
4 5 10 7
4 6 6 3
4 8 5 8
4 9 7 9
4 10 1 9
4 12 8 2
4 13 2 5
4 14 5 3
4 15 9 5
4 16 2 7
4 17 7 6
4 19 7 9
4 20 7 10
4 21 5 4
4 23 2 9
4 24 7 10
4 25 3 3
4 26 2 3
4 28 7 5
4 29 3 9
4 30 5 8
4 32 5 1
4 33 6 1
4 34 5 5
4 35 10 2
4 36 4 3
4 37 9 3
4 38 2 7
4 39 9 6
4 40 3 4
4 41 10 5
4 42 2 5
4 43 2 7
4 44 4 8
4 45 10 9
4 46 10 3
4 48 5 6
4 49 1 9
4 50 5 10
4 54 6 6
4 56 5 3
4 57 5 3
4 58 1 9
4 59 4 6
4 60 3 5
4 61 9 2
4 62 6 2
4 63 3 2
4 64 10 9
4 65 5 2
4 66 8 7
4 68 2 5
4 70 6 9
4 71 1 8
4 72 7 4
4 73 5 2
4 74 2 3
4 75 6 3
4 76 2 5
4 77 9 3
4 78 2 3
4 79 9 4
4 80 10 10
4 81 3 6
4 82 8 1
4 83 5 8
4 84 10 1
4 85 8 7
4 86 5 2
4 87 7 3
4 88 4 6
4 89 4 8
4 90 4 6
4 91 3 9
4 92 5 3
4 93 1 9
4 95 5 9
4 96 7 5
4 98 4 9
4 99 9 4
4 100 5 1
5 6 1 7
5 7 2 7
5 8 7 3
5 9 3 5
5 10 7 2
5 11 7 2
5 12 10 5
5 13 4 2
5 14 3 2
5 15 5 7
5 16 3 8
5 17 5 5
5 18 3 7
5 19 2 6
5 20 4 5
5 21 6 1
5 22 9 4
5 23 6 10
5 24 3 5
5 25 8 1
5 26 9 1
5 27 2 6
5 28 5 7
5 30 3 8
5 31 5 5
5 32 7 2
5 33 2 3
5 34 4 4
5 35 7 7
5 36 7 7
5 37 1 1
5 38 3 6
5 39 7 5
5 40 3 6
5 41 5 7
5 42 6 6
5 46 1 9
5 47 10 4
5 48 3 10
5 49 7 7
5 50 3 3
5 51 4 1
5 52 2 1
5 53 3 6
5 55 4 5
5 56 2 5
5 57 4 9
5 58 1 7
5 59 9 2
5 60 1 10
5 61 4 10
5 62 8 10
5 63 10 4
5 64 1 9
5 65 3 6
5 67 8 2
5 68 8 3
5 69 1 6
5 70 8 1
5 71 6 4
5 72 4 1
5 73 7 2
5 74 3 6
5 75 9 8
5 76 7 4
5 77 3 1
5 78 7 6
5 79 8 10
5 80 6 2
5 81 4 1
5 82 3 8
5 83 1 6
5 84 10 4
5 85 8 7
5 87 4 8
5 88 8 5
5 90 4 10
5 93 2 1
5 94 9 10
5 95 9 7
5 96 3 2
5 97 3 4
5 98 7 8
5 99 2 7
5 100 10 3
6 7 2 1
6 9 9 6
6 10 9 1
6 11 7 5
6 12 2 8
6 13 3 1
6 14 3 3
6 15 10 6
6 17 4 5
6 19 8 9
6 20 1 4
6 21 5 8
6 22 2 7
6 23 9 2
6 24 3 10
6 25 5 4
6 27 2 5
6 28 4 7
6 29 5 9
6 30 2 9
6 32 10 10
6 33 9 7
6 34 5 2
6 35 2 2
6 36 4 10
6 37 1 3
6 38 10 3
6 39 9 9
6 40 8 5
6 41 9 10
6 42 10 7
6 43 5 8
6 45 6 2
6 46 1 5
6 47 9 10
6 48 7 1
6 49 8 7
6 50 4 2
6 51 3 10
6 52 6 3
6 53 2 3
6 54 5 2
6 55 10 9
6 56 9 10
6 58 8 3
6 60 10 9
6 63 10 9
6 64 2 7
6 67 6 2
6 68 9 1
6 70 3 3
6 71 1 7
6 72 1 1
6 73 10 5
6 74 8 9
6 75 9 4
6 76 10 8
6 77 9 2
6 78 10 7
6 79 6 1
6 80 10 5
6 81 9 6
6 82 8 10
6 83 8 5
6 84 7 9
6 85 8 8
6 86 10 3
6 87 2 4
6 88 6 3
6 89 5 9
6 90 7 1
6 91 1 8
6 92 9 8
6 93 2 7
6 94 10 9
6 95 1 2
6 96 6 2
6 97 10 4
6 99 5 2
6 100 8 10
7 10 7 6
7 13 1 8
7 14 3 1
7 15 2 3
7 16 1 9
7 17 1 1
7 18 10 5
7 19 4 5
7 20 4 1
7 21 10 1
7 22 4 5
7 27 4 2
7 28 8 10
7 29 5 1
7 30 5 5
7 31 8 10
7 32 1 9
7 34 1 10
7 35 5 8
7 36 3 7
7 37 9 9
7 39 10 3
7 40 9 9
7 41 4 8
7 42 3 5
7 44 6 4
7 45 7 9
7 46 6 4
7 48 1 5
7 50 9 1
7 51 6 1
7 52 5 3
7 53 9 7
7 54 4 5
7 55 3 9
7 57 5 10
7 58 3 10
7 59 3 5
7 60 9 7
7 62 2 9
7 63 1 9
7 64 3 9
7 65 6 9
7 66 1 1
7 67 10 7
7 68 1 2
7 69 9 4
7 70 4 7
7 71 10 1
7 72 5 9
7 73 1 4
7 74 9 9
7 75 1 1
7 76 8 9
7 77 10 5
7 78 1 3
7 79 6 2
7 80 2 10
7 81 9 1
7 82 9 4
7 83 7 3
7 84 7 10
7 85 7 3
7 87 1 1
7 88 7 5
7 89 6 5
7 90 9 5
7 92 9 9
7 93 7 2
7 94 10 7
7 95 5 8
7 96 7 9
7 98 3 8
7 99 6 7
7 100 4 1
8 10 7 3
8 12 5 10
8 15 9 7
8 16 7 9
8 17 6 3
8 18 1 5
8 19 4 1
8 20 6 8
8 21 1 7
8 22 9 5
8 23 7 9
8 24 9 9
8 25 7 9
8 26 1 5
8 27 8 3
8 28 1 1
8 29 4 7
8 30 7 7
8 31 2 7
8 33 3 3
8 34 6 4
8 35 4 6
8 37 8 5
8 38 5 3
8 39 3 10
8 41 4 7
8 42 10 5
8 43 7 6
8 44 3 7
8 45 6 7
8 48 9 3
8 49 8 5
8 50 7 7
8 51 2 2
8 52 5 4
8 53 8 8
8 54 4 4
8 55 4 8
8 56 6 8
8 57 1 8
8 58 6 10
8 59 4 8
8 62 10 9
8 63 7 9
8 65 4 4
8 66 3 4
8 67 4 10
8 68 6 8
8 69 10 9
8 70 1 6
8 71 2 2
8 73 2 8
8 74 9 10
8 75 4 5
8 76 5 1
8 77 9 8
8 78 8 2
8 79 9 9
8 80 9 4
8 82 5 4
8 83 10 9
8 84 5 9
8 85 9 10
8 86 3 3
8 87 1 2
8 88 10 2
8 89 10 1
8 90 7 6
8 91 7 4
8 92 8 5
8 93 9 3
8 94 9 4
8 95 6 1
8 96 4 9
8 97 1 1
8 99 10 2
8 100 5 6
9 10 10 3
9 12 2 6
9 14 10 3
9 15 2 5
9 16 10 6
9 17 2 6
9 18 9 4
9 19 9 7
9 20 3 7
9 21 1 4
9 23 5 6
9 24 9 1
9 25 4 7
9 27 1 5
9 28 5 5
9 29 7 9
9 30 10 3
9 31 6 5
9 33 5 10
9 35 5 4
9 36 7 6
9 37 9 2
9 39 8 2
9 40 7 5
9 41 10 10
9 43 3 7
9 44 3 8
9 46 3 6
9 47 6 2
9 48 10 2
9 49 4 1
9 50 7 6
9 51 5 6
9 52 8 2
9 54 1 2
9 55 3 1
9 56 4 9
9 59 3 5
9 60 5 10
9 61 8 3
9 62 8 2
9 63 6 10
9 64 6 3
9 65 1 10
9 66 9 6
9 67 9 7
9 68 8 4
9 69 9 10
9 71 8 4
9 72 7 3
9 73 10 2
9 74 4 9
9 75 4 3
9 76 7 10
9 77 2 2
9 78 7 9
9 79 4 7
9 80 10 6
9 81 5 3
9 82 9 2
9 84 8 10
9 86 9 4
9 87 7 9
9 94 3 5
9 95 6 9
9 97 8 4
9 98 8 1
9 99 3 10
9 100 1 4
10 11 2 9
10 12 10 4
10 13 2 6
10 14 6 3
10 15 3 4
10 17 1 8
10 20 9 5
10 21 4 6
10 22 7 7
10 23 3 1
10 24 6 4
10 25 6 8
10 26 2 9
10 27 7 1
10 28 5 2
10 29 8 10
10 30 5 1
10 31 10 6
10 32 4 10
10 33 3 6
10 34 2 3
10 36 1 6
10 37 7 7
10 38 2 8
10 39 2 6
10 40 10 1
10 41 4 4
10 44 7 9
10 45 10 8
10 46 9 2
10 47 2 10
10 48 7 8
10 50 1 10
10 51 6 3
10 52 4 3
10 53 5 6
10 54 10 5
10 57 7 8
10 58 2 8
10 59 4 4
10 60 8 6
10 61 6 4
10 62 7 8
10 63 5 10
10 64 8 5
10 65 9 8
10 67 6 9
10 68 5 7
10 70 10 2
10 72 2 3
10 73 6 4
10 74 2 10
10 77 4 8
10 78 2 2
10 80 7 5
10 81 7 4
10 82 8 8
10 85 4 2
10 86 9 5
10 87 5 9
10 88 7 10
10 89 6 6
10 90 7 4
10 91 5 9
10 92 3 7
10 93 1 1
10 94 3 7
10 96 3 4
10 97 3 5
10 98 3 5
10 99 6 6
10 100 10 6
11 12 9 2
11 13 4 5
11 15 9 7
11 16 9 9
11 17 3 1
11 18 5 1
11 19 4 4
11 20 1 10
11 21 6 4
11 23 3 6
11 24 3 2
11 25 9 5
11 26 10 4
11 27 2 3
11 28 2 4
11 29 6 6
11 30 10 5
11 32 9 1
11 33 2 4
11 35 4 10
11 36 9 2
11 37 7 7
11 38 4 8
11 39 9 5
11 40 9 6
11 41 8 5
11 43 1 7
11 44 6 10
11 45 4 10
11 46 1 3
11 47 6 6
11 48 10 3
11 49 4 10
11 52 9 6
11 53 3 4
11 54 10 2
11 56 3 5
11 57 10 4
11 58 5 8
11 59 4 9
11 60 1 5
11 63 1 5
11 64 2 5
11 65 5 5
11 67 4 7
11 68 8 8
11 70 2 7
11 72 2 6
11 73 6 8
11 74 1 5
11 75 4 10
11 76 8 10
11 77 6 3
11 78 6 5
11 79 2 5
11 80 2 9
11 81 6 1
11 82 6 9
11 83 3 1
11 84 6 5
11 85 8 3
11 86 10 3
11 87 10 1
11 88 2 4
11 89 3 7
11 90 5 2
11 91 8 3
11 93 2 5
11 94 8 2
11 95 9 4
11 96 8 9
11 98 2 10
11 99 8 8
11 100 6 6
12 13 2 1
12 14 5 8
12 15 10 5
12 16 9 4
12 17 10 6
12 18 9 2
12 19 1 1
12 20 1 1
12 22 6 6
12 23 1 4
12 24 4 10
12 25 1 3
12 27 1 5
12 28 7 7
12 29 3 7
12 30 7 10
12 31 3 7
12 32 1 9
12 34 3 2
12 35 5 6
12 36 4 1
12 37 6 8
12 38 10 1
12 39 9 9
12 40 7 7
12 41 6 2
12 42 6 9
12 44 4 3
12 45 10 2
12 46 5 5
12 47 7 9
12 48 9 8
12 49 2 8
12 50 9 5
12 51 9 5
12 52 10 7
12 53 9 9
12 54 8 8
12 55 1 1
12 56 5 5
12 57 2 8
12 58 1 3
12 59 5 6
12 61 9 8
12 62 5 1
12 63 6 6
12 64 2 8
12 65 1 2
12 66 10 3
12 67 8 4
12 71 6 7
12 72 6 8
12 74 1 1
12 75 4 10
12 76 7 9
12 77 10 7
12 78 3 9
12 79 4 9
12 80 10 8
12 83 7 1
12 84 6 8
12 85 4 1
12 86 10 10
12 87 2 2
12 88 2 2
12 89 8 3
12 90 8 2
12 91 4 4
12 92 1 8
12 93 10 5
12 95 8 5
12 97 8 10
12 98 9 5
12 99 8 6
12 100 8 1
13 14 3 9
13 15 8 3
13 17 5 7
13 18 1 9
13 19 9 3
13 20 8 10
13 21 1 9
13 22 10 9
13 23 9 10
13 24 2 5
13 25 7 1
13 27 7 4
13 28 6 4
13 29 8 9
13 30 7 6
13 31 3 6
13 32 6 5
13 33 2 6
13 34 2 4
13 35 6 9
13 36 5 10
13 37 10 9
13 38 8 10
13 39 10 4
13 40 6 6
13 41 1 6
13 42 1 8
13 43 6 8
13 45 3 3
13 47 6 7
13 49 3 8
13 50 5 1
13 51 7 3
13 53 5 10
13 55 4 4
13 56 4 5
13 57 7 9
13 59 9 7
13 60 1 10
13 62 2 8
13 63 1 2
13 64 2 3
13 65 10 2
13 66 2 2
13 67 2 1
13 68 6 1
13 69 10 4
13 70 3 4
13 71 6 9
13 72 10 4
13 73 2 1
13 75 8 10
13 76 7 3
13 78 3 9
13 79 8 3
13 80 9 6
13 82 1 5
13 83 8 2
13 84 1 2
13 85 10 1
13 86 8 8
13 87 8 6
13 88 10 6
13 89 7 9
13 91 1 10
13 93 9 10
13 94 10 1
13 96 1 6
13 97 9 1
13 98 1 8
13 99 7 1
14 15 7 8
14 17 5 10
14 18 3 5
14 19 3 7
14 21 1 3
14 22 7 4
14 23 3 2
14 24 8 9
14 25 1 4
14 26 5 7
14 27 2 4
14 28 5 5
14 29 3 10
14 30 5 2
14 31 10 9
14 33 2 1
14 34 6 4
14 35 10 9
14 37 10 3
14 38 9 7
14 41 1 2
14 43 1 8
14 44 7 7
14 45 6 3
14 46 7 7
14 47 4 7
14 50 10 4
14 51 2 3
14 52 5 9
14 53 8 9
14 54 8 4
14 55 4 8
14 56 1 5
14 57 10 10
14 59 5 3
14 62 5 10
14 63 8 1
14 64 4 8
14 66 1 1
14 67 3 4
14 68 1 3
14 69 10 3
14 70 7 9
14 72 8 1
14 73 8 2
14 74 10 3
14 75 2 5
14 76 5 2
14 78 1 1
14 79 10 7
14 80 4 1
14 81 6 7
14 82 2 6
14 83 8 7
14 85 7 2
14 86 3 2
14 87 6 8
14 89 9 9
14 90 2 4
14 91 1 7
14 92 5 7
14 94 5 1
14 95 7 10
14 97 6 9
14 100 8 8
15 16 7 4
15 17 6 1
15 18 2 7
15 19 8 5
15 22 10 4
15 23 4 9
15 25 1 4
15 26 3 8
15 27 8 5
15 28 5 6
15 29 4 5
15 30 9 6
15 31 6 3
15 32 5 8
15 34 7 7
15 35 5 8
15 36 1 1
15 37 4 6
15 38 8 2
15 39 3 7
15 41 10 2
15 42 7 7
15 43 6 6
15 44 2 2
15 45 10 7
15 46 3 2
15 47 6 8
15 48 2 5
15 50 2 1
15 51 2 4
15 53 10 6
15 55 5 10
15 56 9 1
15 58 5 3
15 59 10 8
15 60 3 6
15 61 3 1
15 62 10 9
15 63 4 2
15 64 5 1
15 66 6 1
15 67 4 4
15 70 7 2
15 71 10 3
15 73 2 1
15 74 1 3
15 75 4 6
15 76 8 4
15 77 1 7
15 78 9 7
15 79 4 10
15 80 9 7
15 81 6 8
15 82 4 2
15 83 3 8
15 84 6 3
15 85 4 2
15 87 3 10
15 88 3 9
15 89 4 2
15 90 5 10
15 91 3 9
15 92 3 9
15 96 8 7
15 97 2 7
15 98 1 1
15 99 5 7
16 17 6 4
16 18 7 4
16 19 6 8
16 20 5 8
16 21 2 6
16 22 5 1
16 23 2 1
16 24 10 2
16 25 9 5
16 26 3 8
16 27 7 3
16 29 9 8
16 30 5 5
16 31 9 6
16 32 10 1
16 34 10 7
16 35 6 2
16 36 6 9
16 37 6 4
16 39 4 2
16 40 4 4
16 41 9 1
16 42 5 4
16 43 4 10
16 44 5 1
16 47 6 3
16 48 3 3
16 49 1 8
16 50 1 2
16 51 7 7
16 52 8 8
16 53 6 9
16 54 3 4
16 55 7 5
16 56 10 5
16 57 10 6
16 58 1 7
16 59 9 3
16 60 3 1
16 61 9 6
16 62 5 3
16 63 6 1
16 64 4 9
16 65 7 10
16 66 7 8
16 67 6 8
16 68 1 2
16 70 5 5
16 71 7 5
16 72 9 8
16 74 10 1
16 75 5 9
16 76 3 5
16 77 1 10
16 78 1 5
16 80 10 8
16 81 8 8
16 83 7 10
16 84 7 1
16 85 5 7
16 86 5 6
16 87 5 5
16 89 7 7
16 90 6 10
16 91 2 4
16 92 8 1
16 94 5 3
16 95 3 4
16 96 7 10
16 97 6 6
16 98 3 10
17 18 10 10
17 19 2 7
17 20 9 4
17 21 9 7
17 22 3 2
17 23 6 5
17 25 1 9
17 26 1 1
17 27 1 6
17 29 3 6
17 31 9 4
17 33 2 4
17 36 9 8
17 38 7 5
17 41 2 6
17 42 6 1
17 43 6 4
17 44 5 1
17 45 1 2
17 46 2 4
17 47 1 9
17 48 9 7
17 51 4 7
17 52 9 5
17 53 5 1
17 55 2 1
17 56 6 4
17 57 8 3
17 58 2 7
17 59 7 7
17 60 8 5
17 62 10 1
17 63 7 5
17 64 9 4
17 67 8 1
17 68 7 9
17 69 6 6
17 70 8 5
17 71 9 1
17 72 5 6
17 73 8 3
17 75 6 10
17 77 6 4
17 78 10 4
17 79 9 9
17 80 2 6
17 81 4 2
17 82 6 7
17 83 4 9
17 84 8 6
17 86 10 9
17 87 7 4
17 89 4 10
17 90 6 4
17 91 3 4
17 93 6 1
17 95 6 9
17 96 3 7
17 97 1 6
17 98 4 8
17 99 9 3
18 19 8 9
18 20 6 7
18 21 6 4
18 22 2 6
18 23 8 2
18 25 2 7
18 26 1 1
18 27 6 4
18 28 9 5
18 29 1 1
18 31 2 10
18 32 9 3
18 33 4 6
18 34 3 2
18 35 7 10
18 36 5 1
18 37 3 4
18 38 8 8
18 45 1 3
18 46 9 9
18 47 8 4
18 48 7 6
18 49 6 2
18 50 5 2
18 51 2 2
18 52 2 8
18 53 1 8
18 54 2 5
18 55 4 9
18 56 9 8
18 57 5 9
18 58 4 4
18 60 3 9
18 62 2 6
18 63 4 1
18 64 5 7
18 66 4 10
18 68 4 10
18 69 9 6
18 71 4 9
18 74 1 1
18 75 6 5
18 76 10 3
18 77 8 7
18 78 2 3
18 79 5 7
18 80 2 5
18 82 1 7
18 83 6 2
18 85 6 9
18 87 1 9
18 88 8 1
18 89 10 5
18 90 6 9
18 91 9 7
18 92 5 2
18 93 10 5
18 94 2 1
18 95 10 7
18 97 2 5
18 98 7 6
18 99 5 5
18 100 6 9
19 20 1 4
19 21 4 4
19 22 8 1
19 23 5 1
19 24 7 6
19 25 9 5
19 26 10 10
19 27 10 10
19 29 9 5
19 30 8 8
19 32 4 10
19 33 3 2
19 34 3 1
19 35 9 1
19 37 5 4
19 38 3 3
19 39 5 3
19 40 8 2
19 41 6 1
19 42 7 5
19 44 1 7
19 45 1 7
19 46 3 9
19 47 8 9
19 48 4 10
19 49 5 7
19 50 1 9
19 52 9 8
19 53 1 6
19 54 10 4
19 55 9 3
19 56 3 2
19 57 8 8
19 58 2 7
19 59 5 1
19 61 1 2
19 62 3 10
19 63 6 10
19 64 3 2
19 66 2 1
19 67 2 1
19 69 7 3
19 70 8 1
19 71 7 6
19 72 1 8
19 73 6 5
19 74 2 9
19 75 1 6
19 76 2 5
19 78 2 1
19 79 9 2
19 80 9 2
19 82 1 5
19 83 7 6
19 84 6 3
19 86 7 1
19 87 9 7
19 88 3 4
19 89 5 2
19 92 1 1
19 93 9 3
19 94 4 8
19 95 9 8
19 96 7 1
19 97 8 10
19 98 7 8
19 100 1 9
20 21 8 9
20 22 7 4
20 23 1 6
20 24 6 8
20 25 1 1
20 26 2 3
20 27 7 4
20 29 8 9
20 30 10 5
20 31 2 4
20 32 8 5
20 33 5 2
20 35 2 7
20 36 9 6
20 37 10 1
20 39 7 6
20 40 4 6
20 41 7 8
20 42 7 4
20 45 10 8
20 46 10 8
20 47 10 4
20 48 7 10
20 49 8 6
20 50 4 9
20 53 4 6
20 54 1 4
20 55 2 5
20 56 1 6
20 57 9 7
20 58 1 9
20 60 3 9
20 61 4 4
20 62 4 5
20 63 7 3
20 64 7 8
20 65 7 2
20 67 1 1
20 69 5 8
20 70 4 6
20 71 9 7
20 72 8 9
20 73 2 1
20 74 1 5
20 75 7 2
20 76 5 5
20 77 10 1
20 78 6 3
20 80 3 7
20 81 10 6
20 82 2 10
20 83 8 1
20 84 5 9
20 85 7 5
20 86 10 4
20 88 4 10
20 90 7 6
20 91 9 10
20 92 3 4
20 93 4 10
20 94 6 9
20 96 9 7
20 97 1 10
20 100 8 4
21 22 2 3
21 24 8 8
21 27 5 5
21 29 3 1
21 30 8 2
21 31 4 3
21 32 10 4
21 33 1 8
21 34 2 9
21 35 2 6
21 36 4 5
21 37 5 3
21 38 7 10
21 39 8 4
21 40 5 5
21 42 4 1
21 43 10 5
21 46 6 3
21 47 6 1
21 48 6 5
21 52 3 5
21 53 2 5
21 54 2 3
21 55 6 5
21 56 4 3
21 57 3 5
21 58 8 9
21 60 7 6
21 61 7 5
21 62 10 10
21 64 3 3
21 65 4 7
21 66 10 5
21 67 8 4
21 69 1 10
21 70 2 10
21 71 2 1
21 72 8 4
21 73 10 3
21 76 5 8
21 77 9 5
21 78 2 5
21 79 4 2
21 80 3 4
21 81 5 6
21 82 5 7
21 84 2 2
21 85 5 5
21 86 10 2
21 87 3 2
21 88 2 10
21 89 7 6
21 90 1 8
21 91 9 8
21 94 4 6
21 95 8 2
21 96 8 4
21 97 7 6
21 98 2 5
21 99 6 1
21 100 2 8
22 23 4 4
22 24 8 4
22 25 1 1
22 26 9 7
22 27 10 2
22 31 4 10
22 33 5 1
22 34 2 2
22 35 4 2
22 36 8 1
22 37 1 6
22 38 4 9
22 40 4 3
22 42 10 4
22 43 1 6
22 44 5 9
22 45 4 7
22 47 7 10
22 48 8 10
22 50 6 1
22 51 2 10
22 52 4 10
22 53 5 6
22 54 5 5
22 55 1 5
22 57 3 8
22 59 10 2
22 60 10 7
22 61 2 1
22 62 6 5
22 64 2 8
22 65 2 3
22 67 9 2
22 68 1 3
22 69 1 1
22 70 8 7
22 73 2 10
22 74 2 2
22 75 8 8
22 76 3 10
22 77 9 2
22 78 10 7
22 79 5 2
22 81 3 6
22 82 1 4
22 83 10 10
22 84 4 8
22 85 2 8
22 87 1 1
22 88 3 8
22 89 5 5
22 90 6 7
22 92 6 5
22 94 9 3
22 95 6 2
22 97 8 6
22 98 7 9
22 99 5 7
22 100 8 10
23 24 6 7
23 25 6 7
23 26 4 5
23 27 3 8
23 28 7 10
23 29 9 10
23 30 10 8
23 33 6 3
23 34 10 2
23 35 8 1
23 36 5 1
23 37 9 1
23 38 5 7
23 39 4 9
23 40 10 7
23 41 7 10
23 43 10 7
23 44 2 9
23 45 4 5
23 46 7 1
23 47 8 8
23 48 6 10
23 49 5 10
23 51 5 3
23 53 6 6
23 54 1 3
23 55 1 2
23 56 5 8
23 57 2 2
23 58 4 8
23 59 9 8
23 60 1 2
23 61 8 5
23 63 10 8
23 64 8 4
23 65 4 8
23 66 10 8
23 68 6 7
23 69 6 5
23 71 5 4
23 72 1 7
23 73 8 5
23 74 10 8
23 76 1 9
23 77 9 4
23 78 9 2
23 79 10 6
23 80 3 4
23 81 5 4
23 82 7 6
23 83 7 8
23 84 9 6
23 85 2 3
23 86 7 10
23 87 7 4
23 88 7 10
23 89 6 6
23 90 3 2
23 93 3 5
23 94 2 10
23 96 10 4
23 98 8 4
23 99 4 3
23 100 3 6
24 27 4 10
24 28 8 4
24 30 9 9
24 32 1 7
24 36 9 10
24 37 6 4
24 38 1 8
24 41 3 10
24 42 8 9
24 43 10 2
24 45 2 9
24 46 1 10
24 47 10 5
24 48 3 10
24 49 3 4
24 51 2 8
24 52 2 9
24 53 3 10
24 54 5 8
24 55 9 8
24 56 9 5
24 58 10 2
24 59 1 8
24 60 2 1
24 61 6 8
24 62 9 2
24 64 1 5
24 65 2 1
24 66 6 8
24 68 7 3
24 72 10 1
24 73 9 2
24 74 8 6
24 75 2 4
24 76 7 1
24 77 6 8
24 78 8 4
24 79 9 3
24 80 4 5
24 81 4 6
24 82 10 1
24 83 4 5
24 84 5 6
24 85 7 2
24 86 1 8
24 87 2 4
24 88 5 2
24 89 3 7
24 90 8 9
24 91 10 5
24 92 8 8
24 93 6 1
24 94 7 9
24 95 8 6
24 96 3 2
24 98 4 4
24 99 4 2
24 100 9 1
25 26 10 7
25 27 9 7
25 28 4 2
25 29 3 7
25 32 8 1
25 33 6 10
25 34 9 5
25 36 1 5
25 38 5 10
25 39 5 10
25 40 8 6
25 41 2 9
25 42 7 6
25 43 9 9
25 44 2 8
25 45 8 8
25 47 5 4
25 48 2 10
25 50 10 8
25 51 7 8
25 54 6 10
25 55 8 2
25 56 8 6
25 57 5 7
25 58 7 1
25 61 1 2
25 62 5 8
25 64 4 10
25 65 10 9
25 66 8 3
25 67 1 9
25 68 1 10
25 69 3 1
25 70 6 4
25 72 10 7
25 74 5 10
25 75 4 9
25 76 8 10
25 77 7 5
25 78 9 8
25 79 3 4
25 80 1 5
25 81 7 8
25 82 6 8
25 83 1 10
25 84 3 8
25 85 10 5
25 86 5 10
25 88 4 4
25 89 3 1
25 90 3 5
25 91 9 5
25 92 8 10
25 93 1 5
25 95 2 10
25 96 9 7
25 97 5 6
25 98 9 4
25 99 1 9
26 27 6 10
26 28 4 1
26 29 10 2
26 30 5 1
26 33 8 9
26 34 7 7
26 35 9 8
26 36 8 1
26 37 10 1
26 38 6 7
26 40 9 6
26 41 1 8
26 42 3 3
26 44 6 3
26 45 6 7
26 46 6 3
26 47 1 4
26 48 5 8
26 49 2 7
26 51 7 4
26 54 1 2
26 55 2 1
26 56 4 9
26 57 8 10
26 58 8 3
26 59 1 6
26 60 1 7
26 61 9 2
26 62 1 9
26 63 7 7
26 64 3 7
26 65 8 4
26 66 5 3
26 67 4 8
26 69 4 6
26 70 3 10
26 71 8 1
26 73 7 5
26 74 3 7
26 75 5 10
26 76 1 5
26 77 9 6
26 78 9 3
26 79 10 7
26 80 8 9
26 82 3 4
26 83 3 6
26 84 1 3
26 85 9 4
26 86 5 4
26 87 1 2
26 88 5 9
26 90 10 5
26 92 1 4
26 93 3 7
26 94 5 1
26 96 8 3
26 97 4 6
26 98 7 3
26 99 10 3
27 30 1 4
27 31 2 10
27 33 8 5
27 34 4 8
27 35 7 4
27 36 9 4
27 37 4 10
27 39 4 7
27 40 9 9
27 41 3 4
27 42 4 9
27 43 4 6
27 44 7 3
27 45 1 8
27 46 6 7
27 47 7 9
27 48 1 4
27 49 4 6
27 50 2 10
27 52 3 7
27 53 7 5
27 54 6 2
27 56 9 4
27 60 6 2
27 62 8 9
27 63 5 2
27 64 2 9
27 65 4 1
27 66 10 9
27 67 7 10
27 68 6 4
27 69 2 1
27 70 6 5
27 72 8 10
27 73 3 5
27 74 6 9
27 75 8 2
27 76 4 4
27 77 5 9
27 78 9 1
27 79 6 9
27 81 9 10
27 82 5 2
27 83 5 5
27 84 7 7
27 85 3 3
27 88 7 9
27 89 2 6
27 90 5 10
27 91 7 9
27 93 8 9
27 94 2 2
27 95 3 3
27 96 1 2
27 97 10 9
27 98 5 9
27 99 4 10
27 100 4 10
28 29 9 3
28 30 7 4
28 31 6 1
28 32 2 2
28 33 5 1
28 35 1 10
28 36 5 2
28 37 5 3
28 38 9 1
28 39 4 2
28 40 7 7
28 41 8 3
28 42 4 3
28 43 2 2
28 44 4 1
28 45 1 5
28 46 9 8
28 47 6 5
28 48 10 9
28 50 1 5
28 51 10 8
28 52 3 10
28 53 3 6
28 54 5 6
28 55 9 8
28 56 1 4
28 57 7 6
28 59 9 8
28 60 1 1
28 61 5 3
28 62 10 2
28 64 3 3
28 65 7 1
28 66 9 5
28 67 6 10
28 68 6 9
28 69 7 8
28 70 3 9
28 71 5 10
28 72 9 5
28 73 2 6
28 74 5 1
28 75 6 10
28 76 8 7
28 77 10 9
28 80 3 5
28 81 2 2
28 82 6 5
28 83 10 8
28 84 7 4
28 85 2 4
28 86 1 10
28 87 7 4
28 89 8 2
28 91 10 7
28 92 6 4
28 93 6 2
28 94 8 9
28 95 10 8
28 96 9 3
28 97 6 4
28 99 5 1
28 100 1 3
29 31 5 7
29 33 10 10
29 34 4 10
29 35 4 3
29 36 7 8
29 37 7 7
29 38 9 4
29 39 5 9
29 40 5 9
29 41 8 1
29 42 2 5
29 43 9 10
29 44 6 9
29 45 4 7
29 46 5 10
29 47 3 10
29 48 3 1
29 50 2 6
29 51 6 4
29 53 10 3
29 54 2 10
29 58 1 3
29 59 6 6
29 60 8 6
29 61 7 8
29 63 7 10
29 65 4 3
29 66 3 10
29 68 9 3
29 69 1 5
29 70 10 4
29 71 6 5
29 72 10 1
29 73 6 8
29 74 5 9
29 79 2 8
29 81 2 6
29 82 6 9
29 83 10 7
29 84 9 5
29 85 9 10
29 88 8 9
29 89 4 3
29 90 8 2
29 92 1 4
29 93 3 9
29 94 1 6
29 95 10 9
29 96 3 6
29 97 2 1
29 99 7 8
29 100 10 7
30 31 3 3
30 32 2 4
30 33 3 9
30 35 4 3
30 36 1 8
30 37 9 5
30 38 2 8
30 39 8 1
30 40 1 8
30 41 2 8
30 42 2 5
30 43 9 9
30 44 2 2
30 45 6 10
30 47 9 3
30 48 1 1
30 50 1 10
30 51 8 2
30 52 2 6
30 53 4 5
30 55 3 7
30 56 5 9
30 57 1 7
30 58 4 4
30 59 9 2
30 60 4 2
30 62 5 8
30 64 7 5
30 65 8 10
30 66 1 6
30 67 5 7
30 68 9 8
30 69 5 9
30 70 8 2
30 71 7 8
30 72 10 8
30 74 4 7
30 75 10 4
30 77 2 1
30 78 8 9
30 80 5 9
30 82 2 9
30 84 9 9
30 85 5 7
30 86 2 6
30 87 6 3
30 88 6 9
30 89 5 7
30 91 9 6
30 92 9 4
30 93 10 10
30 94 9 8
30 95 2 6
30 96 3 7
30 97 8 2
30 98 8 8
30 99 3 5
30 100 2 1
31 32 2 7
31 34 4 8
31 36 9 6
31 37 2 2
31 39 7 1
31 40 1 4
31 41 9 8
31 42 2 3
31 44 1 4
31 45 3 3
31 46 6 6
31 48 10 2
31 49 6 9
31 50 6 5
31 51 10 1
31 52 10 4
31 53 1 3
31 54 4 9
31 55 8 9
31 56 9 4
31 57 9 3
31 59 3 4
31 60 9 10
31 61 6 2
31 62 8 3
31 63 8 5
31 65 6 3
31 66 3 1
31 68 7 9
31 69 7 8
31 70 1 2
31 71 2 9
31 72 1 5
31 73 8 9
31 74 5 10
31 76 6 5
31 77 10 3
31 78 7 10
31 79 9 4
31 81 6 6
31 84 9 7
31 86 8 6
31 87 8 10
31 88 1 2
31 90 3 9
31 91 9 1
31 92 4 4
31 93 8 7
31 94 9 6
31 95 1 5
31 96 1 3
31 97 9 2
31 98 2 6
31 99 3 6
32 33 6 1
32 34 8 5
32 35 9 8
32 36 1 10
32 37 2 10
32 38 4 4
32 39 2 6
32 40 4 7
32 41 8 9
32 42 9 10
32 43 7 4
32 45 3 10
32 47 6 8
32 48 9 7
32 49 9 4
32 50 4 5
32 51 2 4
32 52 1 9
32 53 8 5
32 54 3 6
32 55 7 9
32 56 8 1
32 57 3 1
32 58 10 4
32 59 3 3
32 60 2 7
32 61 5 4
32 62 4 10
32 63 9 5
32 64 2 2
32 65 4 8
32 68 6 2
32 69 9 1
32 70 3 10
32 72 9 4
32 73 5 5
32 74 9 1
32 75 4 9
32 77 5 6
32 78 3 3
32 79 4 9
32 82 6 8
32 83 1 4
32 84 6 5
32 87 4 9
32 88 9 5
32 89 7 2
32 90 8 4
32 93 10 2
32 94 10 3
32 95 8 7
32 96 3 3
32 98 1 4
32 99 3 4
32 100 2 9
33 34 9 7
33 35 5 1
33 36 1 4
33 37 3 10
33 38 8 3
33 39 9 2
33 41 6 8
33 42 3 2
33 43 8 5
33 44 2 10
33 45 1 9
33 46 3 4
33 48 1 8
33 49 5 3
33 50 8 1
33 51 10 7
33 52 9 3
33 53 10 5
33 54 3 8
33 55 9 7
33 56 3 3
33 58 3 4
33 59 9 6
33 60 7 1
33 61 5 5
33 64 3 1
33 67 2 2
33 68 4 2
33 69 7 6
33 71 10 8
33 72 2 8
33 74 6 10
33 76 3 8
33 77 4 4
33 78 1 10
33 79 4 3
33 81 4 1
33 82 4 2
33 83 9 8
33 84 1 3
33 85 9 5
33 86 2 6
33 87 7 10
33 88 8 7
33 89 8 6
33 90 4 5
33 92 7 8
33 94 2 7
33 96 7 1
33 97 6 9
33 100 1 7
34 35 3 1
34 36 4 8
34 37 10 6
34 38 1 8
34 39 1 9
34 41 9 3
34 42 2 8
34 43 5 7
34 44 9 7
34 46 10 3
34 47 1 8
34 48 5 8
34 49 9 8
34 50 10 10
34 51 7 2
34 52 8 3
34 53 7 5
34 55 3 1
34 59 8 10
34 60 3 8
34 61 3 10
34 62 6 3
34 64 10 7
34 65 1 10
34 66 4 6
34 70 5 3
34 71 9 6
34 73 7 10
34 74 10 4
34 75 6 4
34 76 3 10
34 77 2 6
34 78 3 9
34 79 8 9
34 80 7 8
34 81 3 8
34 82 3 10
34 83 4 2
34 85 8 9
34 87 3 10
34 88 1 5
34 89 3 9
34 90 4 1
34 91 10 7
34 92 5 4
34 93 8 5
34 94 9 7
34 96 5 7
34 97 2 9
34 98 9 7
34 99 3 2
34 100 7 3
35 36 7 9
35 38 9 1
35 39 6 4
35 40 9 1
35 41 8 2
35 42 3 1
35 44 4 10
35 45 10 1
35 46 7 4
35 47 2 2
35 48 5 5
35 50 9 8
35 52 6 7
35 53 1 9
35 54 10 5
35 55 6 9
35 56 4 1
35 57 4 5
35 58 6 6
35 59 4 8
35 60 8 4
35 61 2 9
35 63 9 3
35 64 6 7
35 65 6 4
35 66 2 8
35 67 3 1
35 68 3 8
35 69 9 6
35 71 7 6
35 72 1 9
35 74 9 7
35 76 9 2
35 79 4 8
35 80 9 8
35 81 8 4
35 83 10 5
35 84 5 3
35 85 6 2
35 86 8 9
35 87 3 10
35 88 10 5
35 89 5 8
35 90 10 5
35 92 6 9
35 93 10 2
35 94 2 2
35 95 4 9
35 96 2 10
35 97 2 7
35 98 10 4
35 99 10 10
35 100 9 6
36 38 4 3
36 39 10 5
36 40 3 5
36 41 6 4
36 42 3 6
36 43 6 1
36 45 4 7
36 46 9 9
36 48 5 9
36 49 6 4
36 50 3 9
36 52 6 2
36 55 4 4
36 56 3 6
36 57 9 4
36 58 8 6
36 60 2 4
36 62 9 10
36 63 6 8
36 64 9 5
36 65 5 7
36 66 5 8
36 68 2 8
36 69 6 9
36 70 6 1
36 71 5 3
36 74 2 6
36 75 6 3
36 76 8 3
36 77 7 8
36 79 3 4
36 81 3 3
36 82 7 8
36 83 9 6
36 85 1 6
36 86 6 8
36 87 8 8
36 88 9 10
36 89 3 6
36 90 7 1
36 91 10 3
36 92 2 6
36 93 8 9
36 94 10 9
36 95 7 1
36 96 5 2
36 97 1 2
36 98 1 9
36 99 5 1
36 100 5 1
37 38 6 3
37 39 6 8
37 40 8 1
37 41 7 5
37 42 9 4
37 43 1 8
37 44 2 7
37 45 2 4
37 46 10 5
37 47 9 2
37 49 10 9
37 51 5 4
37 52 7 9
37 53 7 4
37 54 5 10
37 55 5 3
37 57 4 7
37 58 4 6
37 59 5 3
37 60 9 9
37 61 2 4
37 62 10 1
37 63 7 5
37 65 1 4
37 66 8 10
37 68 5 4
37 69 3 1
37 71 6 6
37 72 1 10
37 74 6 7
37 75 7 10
37 76 8 6
37 79 7 5
37 80 3 2
37 81 4 7
37 82 4 6
37 83 4 4
37 84 4 2
37 85 8 5
37 86 3 2
37 87 1 1
37 88 8 3
37 89 8 4
37 90 2 3
37 91 4 10
37 92 6 1
37 93 8 6
37 94 5 6
37 96 4 6
37 99 2 6
38 39 2 9
38 40 5 6
38 43 5 10
38 45 4 4
38 46 8 4
38 48 3 7
38 49 1 8
38 52 10 5
38 53 1 4
38 54 9 4
38 55 1 10
38 56 4 10
38 57 1 3
38 58 9 2
38 59 2 3
38 61 1 3
38 62 2 1
38 63 6 2
38 65 9 4
38 66 2 8
38 67 9 1
38 68 7 9
38 69 1 10
38 70 9 9
38 71 3 6
38 72 9 4
38 74 2 5
38 75 9 1
38 76 6 6
38 77 6 8
38 79 2 3
38 80 4 7
38 81 5 2
38 82 1 5
38 83 3 5
38 84 8 1
38 85 1 8
38 86 1 7
38 87 6 5
38 88 6 3
38 89 1 6
38 91 3 6
38 92 4 6
38 93 10 4
38 94 7 9
38 95 10 10
38 96 7 9
38 97 2 10
38 98 6 2
38 99 3 7
39 40 5 4
39 41 4 4
39 42 10 1
39 43 3 3
39 45 7 3
39 46 6 2
39 47 2 2
39 49 6 1
39 51 1 5
39 52 2 7
39 53 8 9
39 54 4 10
39 55 5 4
39 57 1 5
39 58 5 6
39 60 5 10
39 61 8 9
39 62 5 2
39 63 6 7
39 64 4 4
39 65 1 9
39 66 1 1
39 67 6 4
39 68 3 7
39 69 7 10
39 70 1 10
39 71 9 2
39 72 5 2
39 73 2 7
39 74 4 7
39 75 10 10
39 77 2 8
39 78 10 3
39 79 2 2
39 80 1 10
39 81 2 9
39 83 10 8
39 84 7 8
39 86 4 7
39 87 3 7
39 88 6 6
39 89 1 4
39 90 9 8
39 91 3 9
39 92 10 2
39 94 9 5
39 95 4 8
39 96 9 2
39 97 5 4
39 98 10 9
39 100 10 4
40 41 6 5
40 42 10 2
40 43 10 1
40 44 4 1
40 45 9 4
40 46 7 7
40 47 7 6
40 48 2 2
40 49 2 10
40 50 7 6
40 51 4 8
40 53 6 2
40 54 3 5
40 55 8 6
40 56 8 2
40 57 10 6
40 58 6 1
40 59 5 9
40 60 6 6
40 61 8 5
40 64 10 9
40 67 5 9
40 68 2 4
40 69 4 4
40 70 2 10
40 71 7 9
40 72 4 10
40 73 8 2
40 74 4 10
40 75 5 3
40 76 1 10
40 77 1 4
40 79 7 9
40 80 6 9
40 81 4 3
40 82 3 6
40 83 10 9
40 84 1 9
40 86 10 3
40 91 4 7
40 92 5 10
40 93 6 9
40 94 4 9
40 95 8 7
40 96 9 1
40 99 9 4
40 100 3 5
41 42 5 5
41 43 6 8
41 44 9 8
41 45 4 5
41 47 2 1
41 48 5 1
41 49 1 5
41 50 6 1
41 51 8 3
41 52 1 8
41 54 10 5
41 55 2 3
41 56 2 6
41 57 5 8
41 58 10 8
41 59 1 4
41 61 10 9
41 62 6 3
41 63 9 5
41 64 6 7
41 65 9 5
41 66 10 8
41 67 1 2
41 68 9 2
41 70 6 6
41 72 4 7
41 73 6 3
41 74 1 3
41 76 3 6
41 77 7 9
41 78 6 3
41 79 1 9
41 81 5 10
41 82 3 4
41 83 8 7
41 84 7 3
41 85 3 7
41 86 10 1
41 87 6 7
41 88 6 3
41 89 9 7
41 91 7 6
41 92 6 1
41 93 7 7
41 94 5 8
41 95 3 9
41 96 6 1
41 97 10 10
41 98 1 9
42 44 6 7
42 45 8 9
42 47 6 10
42 50 4 6
42 51 10 5
42 52 1 5
42 53 2 9
42 54 7 6
42 55 5 10
42 56 6 7
42 57 2 8
42 58 2 6
42 59 5 4
42 60 8 5
42 61 9 7
42 62 6 5
42 63 4 9
42 64 5 4
42 65 9 1
42 66 2 6
42 67 2 9
42 68 9 6
42 69 9 7
42 70 2 9
42 71 3 1
42 72 2 10
42 73 5 3
42 74 8 9
42 75 7 3
42 76 8 3
42 77 5 9
42 78 4 9
42 79 7 9
42 81 2 6
42 82 8 4
42 83 5 3
42 85 9 3
42 86 6 5
42 87 1 10
42 88 2 10
42 89 1 10
42 90 5 10
42 92 7 4
42 93 4 10
42 94 7 1
42 96 7 5
42 97 2 4
42 98 5 6
42 99 1 1
43 44 10 1
43 46 3 8
43 47 7 9
43 48 2 5
43 51 9 5
43 52 1 7
43 53 2 9
43 54 7 9
43 55 3 10
43 57 7 6
43 58 7 9
43 59 10 5
43 60 2 4
43 62 10 7
43 63 9 7
43 64 10 3
43 65 9 1
43 66 8 6
43 67 4 8
43 68 2 8
43 70 3 9
43 72 8 4
43 73 8 4
43 75 4 5
43 76 6 6
43 77 5 4
43 78 10 2
43 79 8 8
43 81 9 1
43 82 3 1
43 84 9 2
43 85 5 5
43 86 1 4
43 87 2 2
43 88 4 1
43 89 9 6
43 91 7 1
43 92 5 3
43 93 9 10
43 94 10 8
43 95 8 8
43 96 1 9
43 97 9 1
43 98 8 10
43 99 9 2
44 45 8 8
44 48 6 4
44 49 2 9
44 50 9 5
44 51 8 3
44 52 5 4
44 53 10 7
44 54 5 10
44 55 9 7
44 57 4 5
44 59 6 7
44 60 2 7
44 61 9 3
44 62 10 9
44 63 7 4
44 64 1 10
44 65 4 2
44 66 10 10
44 67 8 4
44 70 10 6
44 71 9 3
44 73 2 2
44 74 4 5
44 75 5 1
44 76 7 5
44 78 2 1
44 79 10 2
44 81 8 5
44 83 5 9
44 84 8 8
44 85 6 9
44 86 8 4
44 87 3 8
44 88 6 2
44 89 8 10
44 90 9 4
44 91 5 10
44 92 6 7
44 93 8 5
44 94 7 6
44 96 8 1
44 97 4 1
44 98 10 1
44 100 2 4
45 46 10 3
45 47 2 1
45 49 2 2
45 50 2 3
45 51 5 2
45 52 1 1
45 53 3 7
45 54 9 2
45 56 10 10
45 59 8 9
45 60 5 5
45 61 2 9
45 62 4 4
45 64 5 2
45 65 3 10
45 66 6 10
45 67 7 6
45 68 5 9
45 69 9 8
45 70 10 10
45 71 1 5
45 72 7 1
45 73 10 1
45 74 10 2
45 75 7 9
45 76 3 6
45 77 3 10
45 78 10 7
45 79 10 8
45 80 10 10
45 82 5 7
45 83 3 6
45 84 7 6
45 86 8 6
45 89 4 1
45 90 8 5
45 91 2 8
45 92 2 1
45 93 8 9
45 94 5 3
45 96 4 2
45 98 4 8
45 99 7 10
45 100 4 7
46 47 3 9
46 48 6 6
46 49 9 2
46 50 7 2
46 52 2 7
46 53 9 2
46 55 6 9
46 56 3 6
46 57 1 7
46 58 9 8
46 59 10 3
46 60 6 7
46 61 8 7
46 62 8 2
46 63 3 3
46 64 1 7
46 65 5 4
46 66 7 8
46 67 7 7
46 68 7 5
46 69 6 7
46 70 6 10
46 71 4 4
46 72 3 1
46 73 3 1
46 74 7 6
46 75 2 8
46 76 4 2
46 77 4 6
46 78 4 5
46 79 8 3
46 80 10 2
46 81 6 3
46 83 7 7
46 84 3 7
46 87 1 6
46 88 1 9
46 89 1 10
46 91 5 9
46 92 8 8
46 93 1 5
46 94 10 9
46 96 1 5
46 98 6 10
47 48 1 5
47 49 1 8
47 50 2 8
47 51 10 2
47 52 10 8
47 53 9 8
47 54 9 5
47 55 7 6
47 56 1 2
47 57 7 9
47 58 1 3
47 59 9 6
47 60 2 6
47 61 4 9
47 62 3 2
47 63 7 2
47 66 2 10
47 67 1 1
47 68 4 8
47 69 3 2
47 70 9 2
47 71 6 8
47 72 4 6
47 73 5 6
47 74 1 4
47 77 4 8
47 78 8 8
47 82 5 10
47 84 1 8
47 85 1 5
47 86 9 3
47 87 1 3
47 88 9 9
47 90 4 1
47 91 7 3
47 93 4 7
47 94 5 8
47 96 8 10
47 97 4 3
47 98 1 5
47 99 9 7
47 100 1 6
48 49 3 2
48 52 1 2
48 53 9 10
48 54 8 6
48 55 7 9
48 56 8 9
48 57 8 5
48 58 1 9
48 60 3 3
48 61 3 7
48 63 4 5
48 64 4 6
48 65 6 6
48 66 3 6
48 67 9 7
48 68 2 9
48 71 4 2
48 72 3 1
48 73 6 2
48 74 9 5
48 75 1 3
48 76 5 4
48 77 5 4
48 78 1 4
48 81 3 2
48 82 4 9
48 83 10 7
48 84 3 6
48 85 10 5
48 86 5 3
48 87 6 3
48 88 5 5
48 89 8 9
48 90 10 7
48 92 7 2
48 93 5 5
48 95 8 5
48 96 4 2
48 97 7 10
48 98 2 5
48 99 3 7
49 50 9 8
49 52 6 7
49 53 4 5
49 54 9 1
49 55 10 6
49 56 9 7
49 57 10 5
49 58 5 3
49 59 5 8
49 62 8 4
49 63 2 2
49 64 6 10
49 65 5 1
49 66 10 3
49 68 4 7
49 69 8 9
49 70 7 10
49 71 9 9
49 72 1 7
49 73 9 7
49 74 9 6
49 75 4 8
49 76 3 9
49 77 10 6
49 78 2 2
49 79 9 1
49 80 3 4
49 82 6 4
49 83 3 6
49 84 10 8
49 86 9 4
49 88 8 7
49 89 6 2
49 90 9 9
49 91 3 5
49 92 2 8
49 94 8 6
49 95 7 8
49 96 8 8
49 99 7 10
49 100 10 7
50 51 5 10
50 55 3 3
50 56 8 4
50 57 3 10
50 59 7 9
50 61 4 10
50 62 4 1
50 65 8 3
50 66 1 4
50 67 9 7
50 69 9 7
50 70 4 2
50 72 2 7
50 73 10 3
50 75 8 9
50 76 7 5
50 77 6 1
50 78 2 8
50 79 10 3
50 80 5 10
50 81 1 2
50 82 10 3
50 83 7 4
50 85 8 1
50 86 2 1
50 88 4 4
50 89 7 7
50 90 8 1
50 91 3 5
50 92 8 3
50 93 10 7
50 94 6 7
50 95 8 9
50 96 8 8
50 97 5 3
50 98 4 1
50 99 7 6
50 100 5 1
51 52 1 2
51 55 7 10
51 56 8 8
51 57 1 8
51 58 1 10
51 59 7 1
51 60 5 6
51 61 5 5
51 62 7 6
51 63 9 3
51 65 8 4
51 66 10 7
51 67 8 9
51 68 2 7
51 70 2 7
51 71 9 2
51 72 6 4
51 73 1 1
51 74 10 3
51 75 2 2
51 76 7 1
51 77 1 8
51 78 10 5
51 79 5 1
51 80 5 5
51 81 7 10
51 82 10 9
51 83 10 6
51 84 4 7
51 86 1 2
51 87 9 9
51 88 9 2
51 90 1 3
51 91 9 7
51 94 2 5
51 96 9 8
51 99 8 7
51 100 6 2
52 53 10 4
52 54 10 3
52 55 3 2
52 56 2 8
52 57 7 6
52 58 4 5
52 60 1 3
52 61 4 9
52 63 8 10
52 64 3 1
52 65 7 5
52 66 2 6
52 67 5 8
52 68 3 8
52 69 1 4
52 70 7 1
52 71 1 4
52 74 9 6
52 75 7 4
52 77 2 9
52 78 7 3
52 80 8 5
52 82 6 10
52 83 1 1
52 84 6 6
52 85 2 6
52 86 7 7
52 88 10 4
52 89 5 3
52 90 4 9
52 91 8 4
52 92 8 3
52 93 5 5
52 94 3 5
52 95 1 6
52 96 1 4
52 97 6 6
52 98 2 8
52 99 1 8
52 100 5 4
53 54 10 8
53 55 2 3
53 56 7 5
53 58 1 9
53 59 2 5
53 60 7 2
53 62 1 8
53 63 7 3
53 64 4 4
53 65 6 2
53 66 4 10
53 67 7 5
53 68 9 6
53 70 7 3
53 71 3 8
53 72 1 8
53 73 3 10
53 75 6 5
53 76 2 8
53 77 6 5
53 78 4 7
53 79 1 9
53 80 4 8
53 81 9 7
53 82 3 10
53 83 4 3
53 84 10 8
53 85 9 1
53 87 3 6
53 88 2 4
53 89 2 8
53 90 5 3
53 91 1 7
53 92 6 9
53 93 2 8
53 95 3 8
53 96 3 10
53 97 5 6
53 99 1 2
54 55 3 6
54 56 9 2
54 57 4 7
54 58 4 5
54 59 9 10
54 60 6 2
54 62 6 4
54 63 3 1
54 64 2 1
54 66 3 2
54 67 2 9
54 68 6 3
54 70 4 9
54 71 10 3
54 72 8 4
54 73 10 1
54 74 2 2
54 76 5 9
54 77 2 1
54 78 3 6
54 79 9 2
54 80 7 3
54 81 9 8
54 82 1 4
54 83 3 8
54 84 10 6
54 85 1 6
54 87 8 4
54 88 10 6
54 89 1 6
54 91 3 1
54 92 7 6
54 93 4 10
54 95 9 4
54 96 5 6
54 97 1 6
54 98 9 9
54 99 10 10
54 100 7 8
55 56 9 10
55 57 7 7
55 58 7 2
55 59 4 8
55 60 8 3
55 61 9 9
55 62 9 2
55 64 2 2
55 65 8 8
55 67 10 2
55 71 9 6
55 72 6 6
55 73 9 7
55 75 6 8
55 78 8 7
55 79 5 2
55 80 7 7
55 81 10 8
55 82 9 5
55 83 10 6
55 84 5 7
55 85 3 5
55 86 9 2
55 87 8 3
55 88 4 9
55 89 6 1
55 90 8 9
55 92 8 6
55 93 8 5
55 94 10 8
55 96 8 7
55 97 4 7
55 98 10 6
55 99 2 4
55 100 4 10
56 57 10 8
56 58 1 7
56 59 3 3
56 60 2 1
56 61 5 5
56 62 10 8
56 65 10 7
56 67 8 5
56 68 7 5
56 69 8 8
56 70 4 7
56 71 5 1
56 73 9 10
56 75 3 2
56 76 9 5
56 77 8 7
56 78 10 4
56 79 8 1
56 80 5 9
56 82 3 3
56 84 1 10
56 85 7 4
56 86 2 10
56 87 5 4
56 89 7 4
56 90 8 1
56 91 2 8
56 93 4 10
56 94 10 2
56 95 6 8
56 96 3 7
56 97 10 6
56 98 4 3
56 99 1 8
56 100 7 7
57 58 1 7
57 59 9 4
57 60 6 3
57 61 3 3
57 62 3 4
57 63 6 6
57 64 9 8
57 65 7 7
57 66 9 3
57 67 2 1
57 68 5 5
57 69 7 10
57 70 6 7
57 71 10 9
57 73 10 8
57 74 2 9
57 76 1 1
57 77 1 5
57 78 8 6
57 79 4 4
57 80 10 10
57 82 9 2
57 83 4 1
57 84 7 6
57 85 2 10
57 86 1 6
57 88 2 6
57 89 3 2
57 90 6 6
57 91 8 6
57 92 6 8
57 93 2 3
57 94 5 3
57 95 6 3
57 97 5 8
57 98 3 1
57 99 7 6
57 100 4 7
58 59 1 9
58 60 1 1
58 61 3 8
58 62 4 9
58 63 1 9
58 65 3 9
58 66 6 4
58 67 9 4
58 68 8 2
58 69 3 9
58 71 5 6
58 73 8 5
58 75 4 5
58 76 2 3
58 77 10 5
58 78 1 10
58 79 6 2
58 80 10 5
58 81 2 7
58 82 1 10
58 83 7 6
58 84 7 1
58 85 3 5
58 86 4 3
58 89 4 6
58 91 9 5
58 92 6 7
58 93 8 3
58 94 7 8
58 95 7 5
58 96 1 2
58 97 4 10
58 98 4 7
58 99 7 5
58 100 2 10
59 60 5 7
59 62 6 4
59 63 9 8
59 64 3 5
59 65 10 6
59 67 10 3
59 68 9 2
59 69 1 5
59 70 2 6
59 72 2 3
59 73 6 4
59 74 3 5
59 75 9 6
59 77 9 6
59 78 4 10
59 79 3 9
59 80 3 5
59 81 4 6
59 83 6 1
59 84 9 8
59 85 9 8
59 86 10 1
59 87 2 6
59 88 4 5
59 90 2 3
59 91 6 6
59 92 9 4
59 93 1 8
59 94 8 2
59 95 5 7
59 96 7 3
59 97 9 10
59 98 3 10
59 99 8 4
59 100 3 7
60 61 6 4
60 63 3 10
60 64 5 10
60 65 4 9
60 66 2 5
60 67 6 1
60 68 5 5
60 69 2 9
60 70 4 2
60 71 1 8
60 72 2 4
60 73 3 4
60 74 5 7
60 75 2 4
60 77 2 6
60 78 7 6
60 79 7 5
60 80 5 10
60 81 1 7
60 82 9 9
60 83 3 10
60 84 2 4
60 85 10 4
60 87 10 7
60 88 10 8
60 90 4 8
60 91 1 1
60 94 5 4
60 95 10 4
60 96 10 4
60 97 3 7
60 100 9 7
61 62 9 5
61 63 2 1
61 64 7 8
61 66 8 7
61 67 1 4
61 68 9 1
61 69 3 5
61 70 7 6
61 71 1 8
61 72 9 5
61 73 5 3
61 74 1 7
61 76 8 1
61 77 3 1
61 78 9 8
61 80 7 10
61 82 1 10
61 83 6 7
61 84 4 3
61 85 7 10
61 86 4 7
61 87 9 1
61 88 4 3
61 89 4 5
61 90 10 10
61 92 1 2
61 93 4 4
61 94 4 10
61 95 4 1
61 96 3 2
61 97 6 10
61 98 5 3
61 99 1 7
62 63 10 3
62 64 9 6
62 65 1 8
62 67 2 9
62 68 7 4
62 69 2 3
62 70 2 7
62 71 7 4
62 72 4 6
62 73 9 10
62 76 4 3
62 77 4 5
62 78 3 7
62 80 3 6
62 81 4 5
62 82 2 7
62 83 9 9
62 85 7 8
62 86 4 1
62 87 2 8
62 89 5 8
62 90 4 8
62 91 2 9
62 93 1 2
62 95 5 9
62 96 1 7
62 97 3 7
62 98 3 6
62 100 6 7
63 64 1 1
63 65 10 2
63 67 5 9
63 68 8 4
63 69 10 2
63 70 7 10
63 72 2 2
63 73 3 7
63 75 2 9
63 76 10 3
63 77 2 2
63 80 8 2
63 81 7 3
63 82 5 8
63 83 2 7
63 84 10 3
63 85 2 2
63 86 9 3
63 87 1 8
63 88 6 2
63 89 7 7
63 90 1 1
63 91 2 1
63 92 4 5
63 93 7 4
63 94 8 8
63 96 2 9
63 98 10 8
63 99 5 7
63 100 8 6
64 65 3 8
64 66 2 8
64 67 9 1
64 68 5 2
64 69 5 2
64 70 3 9
64 72 9 7
64 74 5 2
64 75 10 4
64 76 5 7
64 77 6 2
64 78 9 4
64 79 1 5
64 80 10 1
64 81 5 1
64 82 8 6
64 83 9 9
64 84 8 2
64 87 7 4
64 88 4 2
64 90 5 8
64 91 5 4
64 92 7 2
64 93 1 6
64 94 6 5
64 95 5 6
64 96 3 9
64 97 6 8
64 98 2 7
64 99 10 7
64 100 6 7
65 66 10 8
65 67 9 10
65 68 9 8
65 70 2 2
65 71 6 2
65 72 1 9
65 73 10 3
65 74 1 10
65 76 8 1
65 77 2 7
65 78 4 9
65 80 7 9
65 81 6 7
65 83 3 2
65 85 3 7
65 86 3 4
65 87 3 5
65 88 7 4
65 89 7 5
65 90 1 9
65 91 10 9
65 92 3 4
65 94 5 9
65 95 3 3
65 96 4 8
65 97 5 1
65 98 10 1
65 99 6 5
65 100 6 4
66 67 4 3
66 68 6 8
66 69 7 4
66 70 3 10
66 71 5 9
66 72 4 2
66 73 10 1
66 74 6 3
66 75 10 1
66 76 7 2
66 77 6 3
66 78 3 4
66 79 6 3
66 81 2 2
66 82 3 5
66 83 10 2
66 84 3 5
66 85 10 8
66 86 2 9
66 87 5 6
66 88 1 7
66 89 3 7
66 90 8 2
66 92 9 1
66 93 3 2
66 95 2 8
66 96 3 3
66 97 9 7
66 98 3 7
66 99 4 4
66 100 6 2
67 68 8 9
67 70 3 5
67 71 6 5
67 72 2 5
67 73 2 10
67 75 7 9
67 77 6 9
67 78 7 3
67 79 8 7
67 80 8 7
67 81 7 7
67 82 4 8
67 83 6 8
67 84 9 3
67 86 1 9
67 87 9 7
67 89 8 8
67 90 4 4
67 91 10 9
67 92 3 1
67 93 2 3
67 94 1 7
67 96 8 7
67 97 10 5
67 98 7 1
67 99 5 3
67 100 6 4
68 69 7 4
68 70 3 7
68 71 9 7
68 72 8 10
68 73 9 8
68 74 9 2
68 75 5 4
68 76 9 9
68 77 10 8
68 79 1 3
68 80 10 2
68 81 5 4
68 82 2 8
68 84 3 10
68 85 4 4
68 86 4 3
68 87 7 7
68 88 8 5
68 89 3 6
68 90 6 3
68 91 9 1
68 92 1 1
68 96 9 5
68 97 9 3
68 98 8 9
68 100 3 4
69 70 3 2
69 72 4 3
69 74 5 1
69 76 7 9
69 78 5 10
69 79 7 7
69 80 3 1
69 81 10 9
69 82 5 1
69 83 8 2
69 84 2 3
69 85 8 8
69 86 8 6
69 87 1 10
69 88 4 2
69 89 1 5
69 91 5 8
69 92 6 2
69 93 10 4
69 94 5 10
69 95 2 8
69 96 7 6
69 97 10 7
69 98 8 6
69 99 2 3
69 100 4 5
70 71 8 6
70 73 7 6
70 74 5 10
70 75 1 7
70 78 1 7
70 80 1 9
70 81 5 3
70 82 8 8
70 83 9 7
70 84 1 5
70 85 7 4
70 86 3 7
70 89 8 6
70 90 8 2
70 91 6 1
70 92 5 8
70 93 5 4
70 94 5 1
70 95 3 10
70 96 6 4
70 97 9 3
70 98 9 3
70 99 5 6
70 100 8 2
71 73 8 3
71 74 6 5
71 75 1 5
71 76 7 3
71 77 3 3
71 78 7 2
71 79 4 8
71 80 9 4
71 81 6 5
71 82 1 9
71 83 10 7
71 84 1 2
71 86 8 7
71 87 9 3
71 89 6 2
71 90 8 3
71 92 4 9
71 93 10 6
71 94 4 1
71 95 8 5
71 96 1 2
71 97 4 7
71 98 10 3
72 73 3 8
72 75 1 3
72 76 9 3
72 77 5 7
72 78 7 3
72 79 6 2
72 80 9 9
72 81 4 6
72 82 2 8
72 83 9 3
72 84 6 1
72 85 4 9
72 87 6 3
72 88 10 4
72 89 7 1
72 91 9 10
72 92 6 6
72 94 1 4
72 95 7 10
72 96 4 4
72 97 8 8
72 98 8 7
72 99 7 6
72 100 3 3
73 74 3 9
73 75 7 8
73 76 9 1
73 77 10 7
73 78 9 5
73 79 9 1
73 80 9 1
73 82 2 6
73 83 7 10
73 84 7 6
73 85 8 1
73 87 2 6
73 88 1 7
73 89 2 8
73 90 6 3
73 91 8 6
73 94 7 1
73 95 9 9
73 96 9 3
73 97 10 10
73 98 7 7
73 99 3 5
73 100 9 5
74 75 3 4
74 76 3 9
74 79 8 3
74 82 8 7
74 83 6 9
74 84 5 2
74 85 3 1
74 86 4 8
74 87 4 2
74 89 8 8
74 90 7 2
74 91 4 3
74 92 2 7
74 93 9 8
74 96 1 2
74 97 3 3
74 99 3 2
74 100 1 9
75 78 8 8
75 79 4 4
75 80 2 10
75 81 5 8
75 83 2 5
75 84 6 8
75 85 5 6
75 86 8 2
75 87 7 10
75 88 1 10
75 89 8 5
75 90 5 10
75 91 1 5
75 93 3 7
75 94 9 10
75 95 2 5
75 96 7 9
75 99 3 3
75 100 5 4
76 77 7 2
76 78 6 10
76 79 4 7
76 80 2 5
76 81 1 7
76 82 9 1
76 84 7 4
76 85 7 7
76 87 1 5
76 88 10 2
76 89 7 3
76 90 10 10
76 92 9 9
76 93 4 3
76 95 8 10
76 96 1 8
76 97 2 2
76 98 3 9
77 78 3 6
77 80 1 7
77 82 9 6
77 83 4 8
77 84 5 1
77 85 9 7
77 86 10 7
77 87 7 8
77 88 7 1
77 89 10 5
77 90 1 6
77 91 5 6
77 92 5 4
77 93 1 7
77 94 3 2
77 95 1 9
77 96 7 8
77 97 8 5
77 98 10 8
77 99 6 3
78 79 9 1
78 80 8 6
78 82 8 9
78 83 1 10
78 84 2 1
78 85 3 4
78 89 1 4
78 90 10 5
78 91 9 3
78 92 8 7
78 93 4 4
78 94 2 2
78 95 10 8
78 97 9 6
78 98 10 5
78 99 1 1
78 100 8 6
79 80 8 5
79 81 7 10
79 82 6 2
79 83 5 2
79 84 2 8
79 85 8 6
79 87 6 3
79 88 1 9
79 89 2 8
79 90 6 3
79 91 9 9
79 92 9 9
79 95 1 5
79 96 5 3
79 99 3 8
79 100 9 3
80 81 5 1
80 82 2 1
80 83 8 3
80 84 8 6
80 86 3 5
80 88 6 9
80 89 4 10
80 90 5 9
80 92 3 6
80 93 1 5
80 94 8 8
80 96 3 2
80 97 7 9
80 98 4 5
80 99 3 2
80 100 10 3
81 82 5 3
81 84 3 2
81 85 2 2
81 86 9 1
81 87 2 7
81 88 3 3
81 89 6 2
81 90 7 7
81 91 10 4
81 92 1 6
81 93 4 10
81 94 3 4
81 97 8 9
81 100 2 10
82 83 2 8
82 84 6 3
82 85 5 9
82 86 8 3
82 87 2 1
82 88 6 5
82 89 7 5
82 90 7 6
82 91 5 5
82 92 9 1
82 94 8 9
82 96 9 3
82 97 9 1
82 98 9 9
82 99 2 10
82 100 4 8
83 84 3 3
83 85 8 1
83 87 5 1
83 89 9 8
83 90 7 7
83 91 8 4
83 92 9 4
83 94 3 6
83 95 5 9
83 96 2 2
83 97 4 3
83 98 6 7
83 99 10 6
83 100 2 3
84 85 2 4
84 86 7 3
84 87 8 9
84 88 7 10
84 89 8 5
84 90 10 3
84 91 10 7
84 92 7 1
84 93 3 3
84 94 2 7
84 95 6 2
84 96 6 3
84 97 8 6
84 98 1 3
84 100 1 6
85 86 3 1
85 88 2 9
85 89 6 5
85 90 1 2
85 91 10 5
85 92 9 4
85 94 1 10
85 95 3 10
85 97 10 8
85 99 2 8
86 88 3 1
86 89 3 10
86 90 2 5
86 91 5 2
86 92 1 10
86 95 8 2
86 96 6 1
86 98 5 6
86 99 8 9
86 100 5 2
87 88 10 5
87 89 5 8
87 90 7 2
87 91 6 5
87 93 1 4
87 94 9 8
87 96 1 10
87 97 9 9
87 99 7 10
87 100 5 7
88 89 2 3
88 90 3 8
88 91 1 6
88 92 5 2
88 93 7 2
88 94 7 8
88 95 2 2
88 97 1 10
88 98 3 7
88 99 3 5
88 100 8 7
89 90 1 5
89 93 2 3
89 94 1 9
89 95 8 4
89 96 3 6
89 97 9 5
89 98 3 2
89 100 10 7
90 91 9 9
90 92 9 9
90 93 9 2
90 95 1 9
90 96 8 6
90 97 10 6
90 98 7 5
90 99 9 2
91 92 3 4
91 93 6 9
91 94 10 5
91 95 7 7
91 97 5 4
91 98 9 8
91 99 8 4
91 100 2 4
92 93 5 7
92 94 8 3
92 95 1 6
92 96 6 10
92 99 3 7
92 100 8 8
93 94 6 6
93 96 10 5
93 97 5 3
93 98 4 3
93 99 8 3
94 96 3 8
94 97 6 2
94 98 2 8
94 100 1 2
95 97 10 6
95 98 7 1
95 100 6 2
96 97 6 10
96 99 10 4
97 98 1 4
97 100 2 6
98 99 10 1
98 100 9 9
1
1 2 3 4 5 6 7 8 9 10 11 12 13 14 15 16 17 18 19 20 21 22 23 24 25 26 27 28 29 30 31 32 33 34 35 36 37 38 39 40 41 42 43 44 45 46 47 48 49 50
