3954
1 4 1 4
1 6 3 10
1 7 2 6
1 8 8 8
1 9 9 3
1 10 7 4
1 12 6 7
1 14 7 5
1 15 8 9
1 16 10 3
1 17 3 5
1 18 4 9
1 19 3 1
1 20 1 9
1 21 4 4
1 23 8 9
1 25 1 4
1 26 9 7
1 27 2 8
1 29 8 10
1 30 3 9
1 31 1 7
1 34 2 7
1 37 10 10
1 38 9 7
1 39 9 7
1 40 1 3
1 41 10 7
1 42 1 9
1 45 8 2
1 46 4 5
1 47 6 8
1 48 6 2
1 49 10 1
1 50 3 1
1 52 3 7
1 53 2 8
1 54 7 2
1 55 6 2
1 57 8 9
1 59 5 2
1 60 5 7
1 61 8 1
1 62 5 7
1 63 9 9
1 67 7 10
1 68 1 6
1 69 9 6
1 70 9 3
1 71 5 4
1 72 10 1
1 73 9 5
1 74 2 9
1 79 7 1
1 80 9 8
1 82 6 4
1 83 8 8
1 84 9 3
1 85 1 7
1 86 10 3
1 87 10 2
1 88 4 8
1 89 5 9
1 90 9 10
1 92 6 6
1 93 9 8
1 95 6 6
1 96 8 10
1 97 9 8
1 98 2 4
1 99 2 7
1 100 10 1
2 3 8 9
2 4 6 5
2 5 10 5
2 7 3 7
2 8 10 3
2 10 3 1
2 11 10 7
2 12 5 6
2 13 6 6
2 14 1 6
2 17 8 6
2 18 1 8
2 19 9 9
2 20 9 5
2 22 1 10
2 24 10 4
2 25 10 7
2 26 3 10
2 27 10 9
2 28 6 4
2 29 1 6
2 30 10 5
2 31 10 4
2 32 4 10
2 34 2 1
2 35 2 2
2 36 10 1
2 39 1 5
2 40 7 9
2 41 7 7
2 42 3 8
2 43 10 8
2 45 8 4
2 47 2 1
2 48 2 4
2 50 6 10
2 52 1 10
2 53 10 6
2 54 1 9
2 55 1 3
2 58 5 7
2 60 3 2
2 61 10 4
2 62 5 5
2 63 8 1
2 64 1 3
2 65 2 4
2 66 1 3
2 67 1 4
2 70 10 7
2 71 6 5
2 73 10 2
2 74 9 4
2 76 6 8
2 77 5 9
2 78 9 8
2 79 5 5
2 81 7 8
2 82 5 8
2 83 9 1
2 84 1 5
2 85 10 7
2 87 5 1
2 88 8 10
2 89 5 7
2 90 1 9
2 91 5 3
2 92 2 4
2 93 5 7
2 94 3 2
2 95 2 4
2 96 8 10
2 97 7 7
2 98 6 3
2 99 9 1
2 100 6 9
3 4 9 3
3 5 2 9
3 7 5 9
3 8 8 2
3 9 6 1
3 10 6 6
3 11 10 3
3 13 6 9
3 14 4 6
3 15 1 7
3 16 4 5
3 17 10 7
3 19 2 6
3 20 6 3
3 21 9 2
3 22 4 4
3 24 7 6
3 25 4 8
3 26 5 3
3 28 6 7
3 29 3 2
3 30 4 1
3 31 8 4
3 32 1 2
3 33 3 3
3 34 10 7
3 35 6 8
3 36 4 7
3 37 4 8
3 38 8 10
3 39 2 8
3 40 9 3
3 41 1 1
3 42 8 4
3 43 10 8
3 44 9 9
3 45 2 3
3 46 9 9
3 47 9 2
3 48 9 1
3 49 6 7
3 50 7 4
3 51 7 3
3 52 5 2
3 53 2 10
3 54 1 9
3 55 3 8
3 56 4 1
3 57 1 2
3 58 7 4
3 59 5 8
3 61 7 10
3 63 2 5
3 64 6 3
3 65 2 5
3 67 4 7
3 68 3 10
3 69 5 8
3 70 1 8
3 71 5 4
3 72 3 8
3 73 6 9
3 74 9 6
3 76 10 3
3 79 9 2
3 81 8 5
3 83 9 6
3 86 7 9
3 87 5 8
3 89 6 6
3 90 6 1
3 91 3 5
3 92 2 3
3 93 4 7
3 94 9 8
3 95 4 4
3 96 4 1
3 97 9 9
3 98 10 9
3 99 9 8
3 100 3 10
4 5 1 4
4 6 4 5
4 7 10 1
4 8 7 8
4 9 6 9
4 10 6 10
4 11 4 5
4 12 1 9
4 13 6 5
4 14 8 5
4 15 7 6
4 16 1 10
4 17 6 6
4 18 4 8
4 19 5 6
4 20 8 8
4 21 3 7
4 22 1 4
4 23 5 1
4 25 5 9
4 26 8 3
4 28 9 4
4 29 6 8
4 30 8 2
4 32 9 1
4 34 9 8
4 35 6 6
4 36 1 9
4 39 2 9
4 41 9 9
4 42 5 2
4 43 10 6
4 45 9 3
4 49 7 1
4 50 9 3
4 51 4 10
4 52 8 10
4 54 3 10
4 55 6 1
4 56 10 6
4 57 9 2
4 58 7 7
4 60 3 4
4 62 9 4
4 63 3 1
4 64 10 5
4 65 2 6
4 66 8 1
4 67 7 2
4 68 8 9
4 69 2 1
4 70 4 3
4 72 5 9
4 73 1 3
4 74 5 9
4 75 6 1
4 76 7 3
4 77 3 6
4 78 6 1
4 79 3 4
4 80 2 8
4 81 2 10
4 82 4 6
4 83 6 3
4 84 3 2
4 85 2 5
4 86 7 4
4 87 9 9
4 88 1 4
4 89 7 8
4 90 4 6
4 91 8 3
4 92 2 10
4 93 3 8
4 94 8 9
4 96 10 5
4 97 2 7
4 99 5 9
5 6 9 2
5 7 3 5
5 8 5 1
5 10 5 9
5 11 7 10
5 12 3 10
5 13 5 1
5 14 4 6
5 15 6 4
5 16 9 9
5 17 4 4
5 18 9 2
5 19 9 8
5 20 7 4
5 21 10 9
5 22 5 8
5 23 4 9
5 24 10 6
5 25 6 6
5 27 8 6
5 28 9 4
5 29 1 1
5 30 5 4
5 31 2 1
5 33 4 3
5 34 9 6
5 35 8 10
5 36 7 4
5 37 6 4
5 38 5 4
5 40 4 9
5 41 9 3
5 42 10 3
5 43 8 2
5 44 8 2
5 45 8 2
5 46 7 2
5 47 8 8
5 48 4 4
5 49 7 7
5 50 10 6
5 51 5 9
5 52 5 9
5 53 10 8
5 54 10 7
5 56 8 1
5 58 10 4
5 59 4 6
5 60 1 5
5 61 6 4
5 63 7 3
5 64 1 1
5 65 1 6
5 66 9 5
5 67 10 10
5 68 9 8
5 69 9 8
5 70 5 3
5 71 7 2
5 73 3 5
5 74 3 1
5 75 2 9
5 76 4 3
5 77 9 4
5 78 8 7
5 79 7 4
5 80 6 7
5 81 6 4
5 84 10 1
5 85 9 10
5 86 4 1
5 87 8 2
5 88 5 10
5 89 7 9
5 90 4 1
5 91 3 8
5 92 1 2
5 94 10 10
5 95 6 9
5 97 8 2
5 99 8 8
5 100 4 7
6 8 4 4
6 9 5 3
6 10 1 2
6 11 3 5
6 12 3 4
6 13 7 9
6 16 2 2
6 17 2 4
6 18 2 3
6 19 7 8
6 20 3 5
6 21 5 9
6 23 8 3
6 24 3 3
6 26 8 7
6 27 5 4
6 28 10 8
6 29 6 4
6 30 2 6
6 31 5 5
6 32 2 1
6 33 1 3
6 34 8 2
6 35 6 7
6 36 8 3
6 37 5 4
6 38 10 8
6 43 5 10
6 44 5 7
6 45 10 10
6 46 10 5
6 47 10 6
6 48 9 10
6 49 2 6
6 51 9 2
6 52 3 4
6 53 8 1
6 54 10 4
6 55 9 1
6 56 3 3
6 57 5 8
6 58 4 9
6 60 7 1
6 61 7 7
6 62 7 6
6 63 3 5
6 66 6 3
6 67 10 8
6 68 6 10
6 69 8 2
6 70 6 8
6 72 6 6
6 74 7 1
6 75 2 5
6 76 9 6
6 77 10 1
6 78 6 8
6 79 3 7
6 80 1 3
6 81 8 2
6 82 1 10
6 84 10 9
6 85 4 10
6 87 10 7
6 88 7 8
6 89 10 8
6 90 8 2
6 91 9 6
6 92 10 4
6 93 6 1
6 94 9 7
6 95 6 6
6 96 10 1
6 97 3 1
6 98 10 1
6 99 10 3
6 100 3 9
7 8 9 9
7 9 2 9
7 10 6 3
7 11 10 7
7 12 10 1
7 13 1 1
7 15 7 6
7 16 4 4
7 18 1 2
7 19 10 2
7 20 6 8
7 21 8 4
7 22 2 8
7 23 7 6
7 24 10 4
7 25 8 3
7 26 10 1
7 27 9 5
7 29 9 6
7 30 6 5
7 32 6 2
7 33 2 9
7 34 10 5
7 35 4 2
7 36 1 1
7 37 4 3
7 39 4 1
7 40 6 1
7 42 4 8
7 43 5 10
7 44 1 2
7 45 8 4
7 46 5 3
7 47 10 2
7 48 9 9
7 49 2 7
7 50 3 1
7 52 5 5
7 54 1 4
7 55 4 6
7 56 8 1
7 57 8 4
7 58 7 6
7 59 8 7
7 60 6 8
7 61 5 8
7 62 10 7
7 63 9 8
7 64 7 9
7 65 5 10
7 66 8 6
7 67 5 3
7 68 1 7
7 69 1 8
7 70 3 5
7 71 3 8
7 72 6 6
7 73 3 3
7 75 6 9
7 77 5 7
7 78 8 8
7 79 10 5
7 81 8 7
7 83 7 7
7 84 9 5
7 85 8 9
7 86 5 1
7 87 3 6
7 88 1 5
7 91 4 6
7 92 8 8
7 93 10 7
7 94 5 5
7 95 5 3
7 96 10 8
7 97 8 8
7 98 10 9
7 99 10 3
8 9 2 2
8 10 3 10
8 11 2 2
8 12 7 2
8 13 2 2
8 14 1 3
8 17 8 4
8 18 2 1
8 19 8 4
8 20 8 9
8 21 6 8
8 22 10 9
8 24 8 2
8 25 8 7
8 26 10 10
8 28 4 7
8 29 5 6
8 30 10 1
8 31 2 2
8 33 3 7
8 34 5 9
8 35 9 6
8 36 5 2
8 37 4 2
8 38 4 10
8 39 9 7
8 41 4 1
8 43 9 9
8 44 2 8
8 45 1 1
8 46 1 9
8 47 10 9
8 48 4 9
8 49 7 8
8 50 6 9
8 51 8 1
8 52 5 2
8 53 2 6
8 54 10 2
8 55 2 6
8 57 5 2
8 58 10 4
8 60 4 10
8 61 3 1
8 64 7 6
8 67 1 5
8 68 2 5
8 69 6 3
8 71 3 3
8 72 10 6
8 73 5 2
8 74 10 2
8 75 1 7
8 78 3 5
8 79 2 5
8 80 9 5
8 83 8 5
8 85 7 10
8 86 9 4
8 88 9 5
8 90 7 8
8 91 6 3
8 94 7 3
8 95 1 9
8 97 1 9
8 98 6 10
8 99 8 5
9 10 1 5
9 12 5 9
9 13 3 10
9 14 7 10
9 15 2 4
9 17 4 4
9 18 1 3
9 20 6 6
9 21 4 7
9 23 6 5
9 24 10 5
9 25 9 6
9 26 7 6
9 27 5 8
9 28 10 6
9 29 2 5
9 31 9 4
9 33 2 3
9 34 8 4
9 36 4 9
9 37 10 8
9 38 1 9
9 39 8 1
9 40 4 9
9 41 6 7
9 42 3 8
9 43 6 4
9 44 9 1
9 45 8 4
9 46 9 4
9 47 7 8
9 48 9 1
9 49 7 10
9 50 1 7
9 51 1 7
9 52 6 8
9 54 2 4
9 55 1 2
9 56 8 3
9 57 1 3
9 58 7 10
9 59 9 9
9 60 6 9
9 61 2 4
9 62 6 2
9 63 9 4
9 64 5 9
9 65 5 2
9 66 5 10
9 67 6 1
9 70 7 4
9 71 6 7
9 74 7 6
9 75 6 5
9 76 5 9
9 77 4 1
9 79 5 8
9 81 1 6
9 82 5 10
9 83 5 6
9 84 9 3
9 85 7 8
9 86 5 9
9 87 6 7
9 90 4 9
9 91 2 2
9 92 6 8
9 93 3 1
9 94 7 6
9 96 3 3
9 97 10 2
9 98 3 1
9 99 10 3
9 100 4 2
10 13 4 10
10 14 4 4
10 16 4 7
10 17 3 9
10 18 6 3
10 19 9 10
10 20 4 6
10 22 8 6
10 23 5 10
10 24 3 6
10 25 2 10
10 26 8 6
10 27 2 10
10 28 4 9
10 30 5 10
10 31 4 3
10 32 4 8
10 33 10 5
10 34 4 6
10 36 1 3
10 37 8 3
10 38 10 4
10 40 7 5
10 41 2 3
10 42 3 8
10 44 3 1
10 46 8 9
10 47 2 7
10 48 3 9
10 49 3 5
10 51 5 8
10 54 4 3
10 55 7 5
10 56 4 1
10 57 10 4
10 59 8 9
10 61 5 4
10 62 7 2
10 63 9 9
10 64 6 5
10 65 7 7
10 66 3 1
10 67 4 6
10 68 9 1
10 69 8 1
10 70 3 6
10 71 7 6
10 72 3 4
10 73 9 4
10 74 5 8
10 75 2 10
10 76 3 3
10 77 6 6
10 78 5 5
10 79 1 7
10 80 7 1
10 81 4 2
10 82 2 10
10 84 7 6
10 86 7 4
10 87 5 8
10 88 6 7
10 89 2 6
10 90 5 7
10 91 6 2
10 92 6 1
10 93 1 6
10 95 9 9
10 97 1 8
10 99 9 1
10 100 9 4
11 12 7 4
11 13 6 7
11 14 1 6
11 15 6 2
11 16 8 1
11 17 9 2
11 18 5 4
11 19 3 1
11 21 9 1
11 22 8 8
11 24 7 7
11 25 6 6
11 26 4 4
11 29 10 3
11 30 7 8
11 32 8 5
11 33 6 6
11 34 1 10
11 36 1 6
11 40 1 10
11 41 2 6
11 43 5 2
11 44 1 7
11 45 1 3
11 46 8 7
11 47 7 8
11 48 7 3
11 49 1 2
11 50 8 6
11 52 1 6
11 53 8 7
11 55 5 9
11 56 7 7
11 57 1 2
11 58 10 10
11 59 7 9
11 60 9 7
11 61 6 2
11 62 4 8
11 63 1 8
11 64 9 2
11 65 1 8
11 66 9 7
11 67 10 3
11 68 8 7
11 69 3 8
11 70 5 10
11 72 8 8
11 73 7 2
11 74 3 6
11 75 4 9
11 76 4 7
11 77 1 9
11 78 3 8
11 79 6 1
11 80 1 8
11 81 5 3
11 82 10 8
11 83 2 10
11 85 7 1
11 87 7 5
11 90 9 8
11 91 8 7
11 92 3 10
11 93 9 6
11 94 5 10
11 95 1 7
11 96 2 2
11 97 4 6
11 98 5 7
11 99 9 10
11 100 2 10
12 13 5 7
12 18 8 7
12 20 6 7
12 21 3 3
12 23 6 10
12 24 7 6
12 25 7 1
12 26 3 2
12 28 10 6
12 29 9 4
12 31 10 9
12 32 8 6
12 33 9 8
12 38 2 7
12 40 6 6
12 41 3 8
12 42 2 10
12 43 8 8
12 45 6 8
12 46 3 7
12 47 10 8
12 48 4 1
12 49 3 1
12 50 6 1
12 53 4 5
12 54 8 7
12 55 10 2
12 56 8 3
12 58 1 1
12 59 8 9
12 62 1 3
12 63 7 5
12 66 1 7
12 67 1 10
12 68 3 10
12 69 7 1
12 70 9 7
12 72 3 6
12 73 6 1
12 75 1 7
12 76 8 1
12 77 7 10
12 78 1 4
12 79 2 3
12 80 7 9
12 81 3 3
12 82 9 3
12 83 7 8
12 88 9 6
12 91 10 2
12 92 10 1
12 93 8 6
12 94 9 8
12 97 3 1
12 98 8 3
12 99 4 2
12 100 2 7
13 14 9 9
13 15 7 3
13 16 6 9
13 17 1 4
13 18 9 3
13 19 7 5
13 20 1 9
13 21 3 9
13 22 3 4
13 23 9 4
13 24 3 5
13 25 10 5
13 26 5 2
13 27 10 1
13 28 9 5
13 29 1 9
13 30 3 4
13 31 8 3
13 32 6 9
13 33 3 4
13 34 9 2
13 35 1 3
13 36 10 3
13 37 3 2
13 38 2 4
13 39 1 1
13 40 1 8
13 41 6 6
13 42 9 1
13 46 4 3
13 47 9 3
13 48 1 5
13 50 1 3
13 52 1 8
13 53 3 2
13 55 6 2
13 56 8 9
13 57 8 9
13 58 10 5
13 59 9 3
13 60 6 7
13 62 5 6
13 63 4 2
13 64 8 5
13 65 2 9
13 66 10 1
13 67 8 4
13 68 1 7
13 69 5 1
13 70 7 3
13 71 2 8
13 72 3 7
13 74 9 5
13 75 10 3
13 76 3 7
13 77 9 9
13 78 6 6
13 79 7 10
13 80 5 4
13 81 3 4
13 82 4 10
13 83 4 10
13 84 8 6
13 85 7 6
13 86 2 10
13 87 7 5
13 88 10 8
13 91 10 10
13 92 3 8
13 93 5 3
13 94 1 2
13 95 10 10
13 96 4 1
13 97 8 5
13 99 8 6
14 15 3 4
14 16 10 7
14 19 8 1
14 20 9 7
14 21 8 7
14 22 8 5
14 23 3 10
14 24 10 10
14 25 6 5
14 26 1 8
14 27 1 6
14 28 8 2
14 30 9 9
14 31 6 5
14 32 2 2
14 33 5 3
14 35 2 6
14 36 6 5
14 37 8 1
14 39 2 4
14 40 1 6
14 41 2 10
14 42 5 4
14 43 9 2
14 44 3 9
14 45 1 1
14 46 3 8
14 50 6 4
14 51 3 10
14 52 4 2
14 53 1 5
14 55 10 5
14 56 4 3
14 57 7 9
14 58 2 10
14 59 10 5
14 60 3 7
14 61 10 5
14 62 10 6
14 63 1 10
14 64 2 10
14 65 10 3
14 66 5 10
14 68 10 3
14 69 5 7
14 70 3 2
14 73 3 4
14 75 10 9
14 76 8 6
14 78 5 6
14 79 6 2
14 80 7 4
14 81 5 5
14 82 3 2
14 83 1 4
14 85 5 2
14 86 2 1
14 88 7 2
14 89 3 7
14 90 6 1
14 91 3 7
14 92 9 3
14 93 1 6
14 94 5 5
14 95 5 5
14 96 5 4
14 97 4 10
14 98 3 10
14 99 9 5
15 16 10 9
15 17 4 3
15 18 3 2
15 19 6 5
15 21 5 10
15 22 9 7
15 23 3 4
15 24 1 3
15 25 9 9
15 26 10 5
15 27 1 8
15 28 10 9
15 29 10 3
15 31 4 6
15 32 1 6
15 33 10 2
15 34 7 5
15 35 7 9
15 36 8 10
15 37 3 10
15 38 3 3
15 39 2 10
15 41 6 1
15 42 8 4
15 43 7 5
15 44 4 2
15 45 8 1
15 46 3 2
15 49 9 8
15 50 5 8
15 51 5 4
15 52 10 3
15 53 9 4
15 54 3 7
15 55 1 2
15 56 10 7
15 57 3 4
15 58 2 8
15 60 3 7
15 61 2 9
15 64 3 7
15 66 10 8
15 67 4 4
15 68 1 5
15 69 6 6
15 70 5 10
15 71 7 9
15 72 3 10
15 73 6 6
15 74 3 7
15 77 4 5
15 78 8 10
15 79 2 9
15 80 6 4
15 81 1 2
15 83 10 6
15 85 10 9
15 88 10 9
15 90 9 2
15 91 3 7
15 92 4 7
15 93 1 3
15 94 6 9
15 95 5 8
15 97 2 7
15 98 7 3
15 99 9 5
15 100 3 1
16 17 10 5
16 18 5 1
16 20 1 6
16 21 1 3
16 23 1 1
16 24 7 5
16 25 5 7
16 26 9 8
16 27 5 2
16 28 9 7
16 29 6 4
16 31 3 10
16 32 7 2
16 33 10 2
16 35 3 6
16 36 1 10
16 37 6 8
16 38 7 1
16 39 3 3
16 40 7 7
16 41 4 2
16 43 6 4
16 45 7 1
16 46 5 8
16 47 1 6
16 48 2 10
16 49 9 2
16 50 5 10
16 51 2 1
16 52 5 9
16 53 8 1
16 55 7 7
16 56 7 4
16 57 3 4
16 58 10 8
16 59 2 4
16 61 1 8
16 62 1 10
16 63 5 2
16 64 3 4
16 65 9 6
16 66 5 9
16 68 4 5
16 69 8 6
16 70 6 8
16 71 10 9
16 72 7 8
16 73 3 7
16 74 4 6
16 75 1 3
16 76 7 5
16 77 9 2
16 79 7 2
16 80 1 7
16 81 10 9
16 82 5 1
16 85 2 10
16 86 5 8
16 87 9 7
16 89 1 10
16 91 5 1
16 92 3 1
16 94 4 2
16 95 1 8
16 96 10 6
16 97 6 1
16 98 8 2
16 99 6 1
16 100 10 7
17 18 9 4
17 19 10 6
17 20 9 7
17 21 8 3
17 23 10 1
17 24 8 4
17 25 7 7
17 26 4 5
17 28 10 7
17 29 1 5
17 30 6 8
17 32 8 4
17 33 6 9
17 34 2 1
17 35 4 5
17 36 5 8
17 37 2 3
17 38 8 2
17 39 4 5
17 40 3 9
17 42 10 2
17 43 4 7
17 44 4 2
17 45 8 9
17 46 7 4
17 48 10 2
17 49 4 5
17 50 5 4
17 51 3 5
17 57 3 8
17 58 9 1
17 59 9 6
17 60 4 7
17 61 2 4
17 63 10 4
17 65 10 5
17 66 3 3
17 67 8 2
17 69 9 8
17 71 4 4
17 72 2 2
17 73 1 1
17 74 4 7
17 75 9 3
17 76 4 5
17 77 8 2
17 78 2 3
17 79 5 9
17 80 10 4
17 81 5 10
17 82 5 2
17 83 4 9
17 84 3 10
17 85 10 3
17 86 1 7
17 88 6 6
17 92 4 1
17 93 3 9
17 95 9 6
17 96 4 10
17 97 3 6
17 100 4 3
18 19 5 5
18 22 1 5
18 23 1 5
18 24 8 3
18 25 7 3
18 27 2 6
18 28 8 4
18 29 2 1
18 31 6 1
18 34 5 8
18 35 2 2
18 36 9 6
18 37 4 5
18 38 6 6
18 39 2 5
18 40 1 6
18 42 1 1
18 43 2 9
18 44 4 5
18 47 2 3
18 48 6 3
18 49 6 3
18 51 7 3
18 55 1 3
18 56 2 3
18 59 9 5
18 60 2 1
18 61 7 1
18 62 2 8
18 63 4 10
18 65 7 3
18 66 9 5
18 67 1 10
18 70 7 7
18 71 7 5
18 72 10 6
18 73 4 9
18 75 3 2
18 76 7 3
18 77 8 2
18 78 5 6
18 79 2 4
18 80 10 5
18 82 2 9
18 83 6 4
18 84 2 2
18 86 7 10
18 87 3 3
18 88 9 6
18 90 9 5
18 91 2 5
18 92 1 9
18 93 7 2
18 94 6 9
18 95 8 10
18 96 6 9
18 97 8 3
18 98 4 10
18 100 7 10
19 20 1 3
19 21 9 5
19 22 7 6
19 23 2 7
19 25 6 8
19 26 6 7
19 27 6 1
19 28 1 7
19 29 5 10
19 31 7 10
19 32 1 7
19 33 3 10
19 34 8 6
19 35 5 1
19 37 2 7
19 39 3 5
19 42 3 4
19 44 1 9
19 45 7 5
19 46 7 4
19 48 5 9
19 51 2 5
19 53 10 6
19 54 6 6
19 56 5 6
19 57 7 6
19 58 1 6
19 59 8 10
19 61 5 3
19 62 7 9
19 63 8 5
19 64 4 1
19 65 9 2
19 66 2 6
19 67 2 2
19 68 10 8
19 69 10 10
19 70 5 10
19 71 5 4
19 72 9 8
19 74 8 1
19 75 6 4
19 76 8 7
19 77 3 6
19 78 7 1
19 79 2 2
19 80 8 8
19 81 3 7
19 82 4 9
19 85 6 8
19 86 6 7
19 87 6 3
19 88 6 4
19 89 6 5
19 90 7 5
19 91 6 4
19 92 3 4
19 94 7 7
19 95 8 8
19 96 9 2
19 97 7 10
19 98 8 5
19 99 5 2
19 100 3 2
20 22 8 5
20 23 7 10
20 24 7 1
20 25 10 3
20 26 3 1
20 27 8 1
20 29 1 10
20 30 4 10
20 31 9 5
20 32 4 6
20 33 6 7
20 38 9 9
20 39 6 10
20 40 9 1
20 41 3 1
20 42 8 8
20 43 6 3
20 44 3 6
20 45 3 9
20 48 9 9
20 49 4 2
20 50 4 9
20 51 9 5
20 52 1 5
20 53 4 5
20 54 9 9
20 55 7 2
20 56 7 5
20 57 9 5
20 59 8 10
20 60 7 5
20 61 2 3
20 62 6 9
20 63 8 9
20 64 4 10
20 65 7 6
20 66 7 10
20 67 8 6
20 68 5 3
20 69 1 10
20 70 7 5
20 71 3 8
20 72 7 5
20 73 2 3
20 74 10 5
20 75 1 7
20 77 1 6
20 78 5 6
20 79 8 7
20 80 2 4
20 81 5 7
20 82 3 5
20 85 10 4
20 86 10 3
20 87 2 7
20 88 9 3
20 89 8 3
20 91 1 4
20 92 3 10
20 93 4 9
20 94 2 1
20 95 10 9
20 97 5 9
20 98 6 2
20 99 3 1
20 100 4 9
21 22 5 3
21 23 3 6
21 24 3 5
21 26 7 1
21 27 6 3
21 28 9 10
21 29 1 8
21 30 10 10
21 32 1 2
21 33 10 4
21 35 4 9
21 37 8 6
21 39 4 6
21 40 4 5
21 41 8 9
21 42 10 7
21 44 6 10
21 45 3 8
21 46 10 1
21 49 5 8
21 50 7 8
21 51 5 1
21 52 9 4
21 53 7 6
21 54 7 6
21 56 9 1
21 57 1 1
21 58 2 8
21 60 10 3
21 61 4 9
21 62 3 7
21 63 10 3
21 64 3 6
21 65 6 2
21 66 9 10
21 68 4 1
21 69 7 7
21 70 9 2
21 71 4 4
21 72 5 3
21 73 10 8
21 74 2 6
21 75 1 7
21 77 3 9
21 78 9 8
21 79 5 3
21 80 10 2
21 84 3 7
21 85 2 8
21 86 5 9
21 88 3 3
21 89 8 7
21 90 5 1
21 92 7 2
21 93 4 4
21 94 5 9
21 95 1 5
21 96 7 1
21 97 8 4
21 99 10 9
21 100 4 7
22 23 10 9
22 24 5 8
22 26 4 1
22 27 10 7
22 28 2 3
22 29 6 1
22 30 1 3
22 32 8 2
22 33 4 4
22 34 3 6
22 36 3 2
22 37 9 8
22 38 4 10
22 39 4 10
22 40 7 5
22 41 9 9
22 42 1 2
22 43 2 4
22 44 9 3
22 45 8 6
22 46 5 4
22 47 7 9
22 49 10 4
22 50 5 5
22 51 9 1
22 53 5 4
22 54 8 3
22 55 9 5
22 57 9 5
22 58 10 7
22 59 8 4
22 60 7 2
22 61 2 6
22 62 8 10
22 63 9 6
22 64 9 2
22 65 5 3
22 66 9 2
22 67 4 7
22 68 6 3
22 69 4 7
22 70 7 3
22 71 6 4
22 72 3 3
22 73 1 5
22 75 2 7
22 76 7 1
22 77 10 4
22 79 6 9
22 80 1 7
22 81 3 5
22 84 8 7
22 85 6 5
22 86 4 7
22 87 10 10
22 88 9 6
22 89 3 10
22 90 2 6
22 91 1 8
22 92 5 6
22 94 7 4
22 95 7 3
22 96 3 3
22 97 9 10
22 98 4 3
23 24 5 6
23 25 8 10
23 26 10 2
23 27 1 4
23 28 4 1
23 29 5 3
23 30 8 2
23 31 9 8
23 33 2 6
23 34 7 8
23 35 6 7
23 36 8 6
23 37 9 2
23 38 1 8
23 39 4 5
23 40 3 10
23 44 10 7
23 45 8 9
23 46 1 10
23 47 5 6
23 48 10 9
23 49 7 10
23 50 4 4
23 51 1 2
23 52 7 10
23 54 2 8
23 56 9 7
23 57 2 5
23 59 2 6
23 61 3 6
23 62 2 5
23 63 5 8
23 64 5 6
23 65 4 8
23 66 9 8
23 67 5 4
23 68 5 5
23 69 10 4
23 70 7 10
23 71 3 10
23 72 3 6
23 74 7 5
23 75 10 5
23 76 4 10
23 78 1 7
23 80 8 7
23 81 7 1
23 82 2 2
23 83 9 3
23 84 9 8
23 85 2 2
23 88 10 3
23 89 7 2
23 90 4 1
23 91 3 9
23 92 1 3
23 93 9 9
23 94 9 8
23 96 3 4
23 97 2 8
23 99 9 2
23 100 4 3
24 25 8 4
24 26 4 6
24 28 2 8
24 29 6 5
24 30 3 3
24 31 7 2
24 33 8 3
24 34 10 7
24 35 1 3
24 36 1 8
24 37 5 5
24 38 5 2
24 40 3 3
24 41 8 5
24 42 4 8
24 43 9 10
24 44 9 9
24 46 1 6
24 47 1 1
24 48 8 6
24 49 5 5
24 50 2 10
24 52 7 5
24 53 1 8
24 54 4 10
24 55 8 4
24 56 6 10
24 57 5 4
24 58 7 6
24 59 5 6
24 60 9 3
24 61 7 8
24 62 7 4
24 63 10 4
24 64 5 4
24 65 2 4
24 66 8 4
24 67 6 9
24 68 4 6
24 71 7 2
24 72 5 10
24 73 3 5
24 74 1 8
24 75 1 9
24 76 3 2
24 77 4 7
24 79 5 3
24 80 10 4
24 84 6 8
24 85 4 3
24 86 10 4
24 87 2 5
24 88 7 9
24 89 5 2
24 90 3 4
24 91 5 5
24 92 8 5
24 93 7 1
24 94 9 6
24 95 2 8
24 96 8 5
24 97 8 6
24 98 1 2
24 99 6 9
24 100 1 2
25 28 4 4
25 30 10 3
25 31 3 7
25 32 8 1
25 33 1 10
25 35 5 5
25 36 5 5
25 37 6 2
25 38 9 6
25 39 4 5
25 40 1 2
25 41 4 2
25 42 8 3
25 43 6 7
25 44 1 1
25 46 1 2
25 47 6 1
25 48 2 10
25 49 7 7
25 53 7 3
25 54 2 2
25 55 7 3
25 56 3 7
25 57 6 10
25 58 2 1
25 60 2 9
25 61 8 1
25 62 1 9
25 63 6 2
25 64 1 1
25 65 8 3
25 66 3 4
25 67 2 6
25 69 1 6
25 70 6 10
25 71 8 9
25 72 4 1
25 73 10 7
25 74 4 7
25 75 9 8
25 76 8 3
25 78 5 7
25 79 5 9
25 80 3 5
25 83 5 7
25 84 2 4
25 85 7 10
25 86 2 8
25 87 5 5
25 88 7 2
25 89 3 5
25 90 7 2
25 91 9 5
25 93 1 1
25 94 6 6
25 98 3 3
25 99 6 5
25 100 2 9
26 28 6 9
26 30 8 4
26 32 8 1
26 34 5 9
26 35 5 10
26 36 7 2
26 37 5 6
26 38 2 10
26 39 4 2
26 40 5 9
26 41 5 5
26 43 5 8
26 44 4 3
26 45 5 6
26 46 8 9
26 47 3 6
26 50 1 9
26 51 4 9
26 52 8 2
26 53 7 4
26 54 8 6
26 55 5 6
26 58 10 5
26 59 10 8
26 60 9 9
26 61 4 5
26 62 1 8
26 64 6 1
26 65 3 2
26 66 4 1
26 68 8 7
26 70 6 3
26 72 1 1
26 74 6 7
26 76 3 9
26 77 8 5
26 78 1 9
26 79 7 2
26 80 2 3
26 81 8 3
26 83 5 1
26 84 9 8
26 85 1 6
26 86 6 9
26 87 4 1
26 88 9 8
26 89 2 10
26 90 8 10
26 91 1 5
26 92 7 4
26 94 2 8
26 95 6 7
26 96 9 9
26 97 9 8
26 100 5 3
27 28 5 8
27 30 1 1
27 31 3 8
27 33 7 9
27 36 4 6
27 37 2 9
27 38 2 7
27 41 4 3
27 43 6 6
27 45 10 9
27 46 4 5
27 47 1 7
27 48 2 8
27 49 6 2
27 52 6 9
27 53 5 1
27 55 6 9
27 56 1 5
27 57 3 5
27 58 7 5
27 59 2 1
27 60 4 9
27 62 8 10
27 63 2 6
27 64 6 1
27 65 3 4
27 66 7 9
27 67 9 8
27 68 7 4
27 69 4 10
27 70 8 1
27 72 3 8
27 73 9 9
27 74 2 9
27 75 10 8
27 76 4 8
27 77 4 3
27 78 2 7
27 79 4 9
27 80 1 9
27 81 1 8
27 82 7 1
27 83 10 5
27 84 1 6
27 85 9 10
27 86 2 5
27 87 8 7
27 88 7 7
27 89 3 9
27 90 7 3
27 91 6 7
27 93 8 9
27 94 4 1
27 95 2 2
27 97 3 3
27 98 9 5
27 99 5 10
27 100 7 6
28 29 6 3
28 31 9 1
28 32 7 6
28 33 6 8
28 34 4 10
28 36 1 8
28 37 6 3
28 38 3 3
28 40 5 6
28 41 7 9
28 42 6 3
28 43 3 3
28 44 9 10
28 45 2 2
28 47 2 9
28 48 1 10
28 50 3 4
28 52 9 7
28 53 5 5
28 54 7 3
28 55 9 1
28 56 5 4
28 57 6 1
28 58 7 1
28 59 4 9
28 60 2 2
28 61 2 10
28 63 5 9
28 64 2 3
28 65 8 7
28 66 10 10
28 67 9 6
28 68 4 8
28 69 1 5
28 70 4 10
28 71 7 4
28 72 6 1
28 74 1 9
28 75 1 10
28 76 8 4
28 77 2 8
28 78 9 1
28 80 2 4
28 81 2 1
28 82 9 10
28 84 1 3
28 85 4 9
28 86 10 8
28 87 10 10
28 89 2 7
28 90 10 4
28 92 9 10
28 94 6 10
28 95 3 9
28 96 5 7
28 97 2 10
28 98 8 7
28 99 9 9
28 100 9 9
29 30 5 3
29 31 6 10
29 33 8 6
29 35 8 1
29 36 2 2
29 39 3 5
29 41 4 8
29 42 10 5
29 43 4 6
29 44 7 10
29 45 4 2
29 46 4 4
29 48 8 3
29 49 8 1
29 50 8 10
29 51 10 6
29 52 4 10
29 53 2 6
29 54 9 8
29 55 6 10
29 56 7 9
29 57 10 2
29 59 7 8
29 60 2 7
29 62 6 3
29 63 8 9
29 64 1 10
29 65 5 8
29 66 2 10
29 67 7 2
29 68 6 8
29 69 6 10
29 70 7 2
29 71 5 9
29 73 7 3
29 74 4 1
29 75 2 2
29 76 10 1
29 77 1 4
29 79 3 6
29 80 5 5
29 81 6 10
29 82 2 8
29 83 2 7
29 84 7 8
29 85 6 1
29 86 4 6
29 87 6 7
29 88 8 3
29 89 3 4
29 90 5 10
29 91 1 5
29 93 4 2
29 94 7 2
29 96 2 2
29 97 3 10
29 98 9 9
30 33 6 4
30 35 2 10
30 36 6 1
30 38 10 10
30 39 9 6
30 40 5 7
30 41 2 5
30 42 8 10
30 44 6 8
30 45 2 8
30 46 7 6
30 47 5 5
30 49 7 1
30 50 8 1
30 51 3 6
30 52 8 7
30 54 9 4
30 56 9 3
30 58 7 2
30 59 7 2
30 60 2 1
30 61 1 3
30 62 5 8
30 63 6 9
30 65 5 2
30 66 3 6
30 67 3 9
30 68 5 2
30 69 10 1
30 70 3 5
30 71 1 10
30 72 1 8
30 73 6 8
30 74 7 5
30 75 8 7
30 76 1 6
30 77 6 9
30 80 2 8
30 81 2 9
30 82 3 1
30 83 8 10
30 84 1 9
30 85 1 5
30 86 5 5
30 88 4 6
30 89 10 8
30 90 6 7
30 91 8 3
30 92 5 4
30 93 4 9
30 94 1 2
30 95 1 8
30 96 5 9
30 97 5 6
30 98 5 4
30 99 8 2
30 100 4 5
31 32 10 7
31 33 9 10
31 34 6 1
31 35 1 6
31 36 4 3
31 37 8 10
31 38 8 9
31 42 7 10
31 43 2 4
31 44 10 3
31 46 6 4
31 47 5 8
31 48 3 5
31 49 10 8
31 51 7 9
31 52 3 2
31 54 8 4
31 55 10 5
31 56 5 9
31 57 8 6
31 58 9 8
31 59 5 7
31 60 9 6
31 61 9 6
31 62 8 6
31 63 2 3
31 64 8 2
31 65 6 10
31 66 6 4
31 67 8 9
31 68 7 5
31 69 7 3
31 71 9 5
31 72 7 4
31 73 8 10
31 74 2 8
31 75 8 6
31 76 6 1
31 78 9 2
31 79 6 10
31 80 2 10
31 81 7 8
31 82 2 1
31 83 1 5
31 84 7 8
31 85 10 7
31 86 1 7
31 88 3 3
31 89 5 3
31 92 7 10
31 93 10 7
31 94 6 4
31 95 6 10
31 96 6 4
31 97 5 5
31 100 7 8
32 33 3 9
32 34 8 4
32 35 8 6
32 36 4 5
32 38 5 2
32 39 9 3
32 40 8 9
32 42 7 8
32 44 6 2
32 45 7 8
32 46 5 4
32 47 6 10
32 48 10 8
32 49 1 7
32 50 10 6
32 51 10 6
32 54 2 8
32 55 8 3
32 56 7 6
32 57 6 5
32 58 5 9
32 59 5 2
32 62 6 6
32 64 6 8
32 65 4 10
32 66 9 10
32 68 5 8
32 69 6 8
32 71 3 2
32 72 4 3
32 73 6 3
32 74 7 2
32 75 7 10
32 76 8 1
32 77 2 1
32 78 6 2
32 79 7 1
32 80 6 1
32 81 1 10
32 82 4 7
32 84 2 6
32 85 3 9
32 87 5 3
32 90 8 9
32 91 6 4
32 92 8 3
32 93 7 6
32 94 7 8
32 96 4 9
32 97 7 5
32 98 7 7
32 99 5 4
32 100 8 9
33 34 9 8
33 35 3 9
33 36 9 1
33 37 6 10
33 38 10 7
33 40 10 5
33 41 4 9
33 42 1 1
33 43 4 9
33 44 10 9
33 45 8 6
33 46 10 8
33 47 7 4
33 48 2 10
33 49 10 5
33 50 6 6
33 51 6 5
33 52 9 5
33 53 5 8
33 54 10 3
33 55 1 4
33 56 10 10
33 57 10 8
33 59 7 1
33 60 9 5
33 61 3 2
33 62 6 9
33 63 10 10
33 64 10 2
33 67 8 8
33 68 8 1
33 69 8 7
33 71 9 7
33 72 7 3
33 73 6 9
33 74 4 3
33 75 3 5
33 76 9 1
33 77 7 6
33 79 10 5
33 80 6 2
33 81 10 5
33 82 3 8
33 83 5 4
33 84 9 4
33 86 10 7
33 87 3 2
33 88 4 5
33 89 2 3
33 90 9 9
33 91 8 10
33 92 2 2
33 93 4 6
33 95 3 7
33 96 7 1
33 97 7 5
33 98 8 2
33 100 2 1
34 35 5 5
34 36 6 3
34 37 6 1
34 38 6 6
34 39 1 3
34 41 6 4
34 43 6 6
34 44 1 3
34 45 4 8
34 47 6 2
34 48 1 4
34 49 1 8
34 50 6 7
34 51 4 1
34 52 10 8
34 53 3 9
34 54 6 4
34 55 9 5
34 56 3 1
34 58 6 1
34 59 7 8
34 60 1 9
34 61 4 4
34 62 8 10
34 63 8 4
34 65 3 8
34 67 9 5
34 70 10 6
34 71 4 3
34 72 3 6
34 73 3 6
34 74 7 4
34 75 9 7
34 76 1 7
34 77 6 5
34 78 3 4
34 79 10 9
34 80 5 4
34 81 3 6
34 82 10 7
34 83 6 7
34 84 6 6
34 86 2 5
34 88 9 3
34 90 1 3
34 91 9 10
34 92 6 1
34 93 8 5
34 94 1 5
34 96 7 5
34 97 3 2
34 98 3 6
34 99 8 7
34 100 5 4
35 39 1 2
35 40 5 8
35 41 9 4
35 42 1 4
35 45 6 5
35 46 7 2
35 47 8 3
35 49 7 1
35 50 7 3
35 51 2 8
35 52 9 10
35 53 1 9
35 54 5 10
35 56 3 7
35 58 5 6
35 59 8 9
35 60 9 7
35 61 1 3
35 62 10 1
35 63 7 9
35 64 5 6
35 65 6 1
35 67 6 8
35 68 10 2
35 69 7 7
35 70 2 5
35 71 8 7
35 72 7 10
35 73 8 7
35 74 10 2
35 75 8 7
35 76 9 5
35 77 3 9
35 78 1 10
35 80 4 5
35 81 5 2
35 82 4 6
35 83 4 7
35 84 4 1
35 85 3 2
35 86 8 2
35 87 8 7
35 88 5 8
35 89 9 4
35 90 2 1
35 92 8 10
35 93 2 6
35 94 3 3
35 95 8 2
35 96 9 7
35 97 7 5
35 98 3 5
35 99 10 2
35 100 3 4
36 38 8 10
36 39 8 2
36 40 6 8
36 41 3 4
36 42 6 3
36 43 1 10
36 44 6 2
36 45 2 2
36 46 9 2
36 47 6 4
36 48 8 9
36 49 2 8
36 50 6 8
36 51 8 5
36 53 6 5
36 54 2 2
36 55 7 6
36 56 4 7
36 57 5 9
36 58 6 5
36 59 2 6
36 60 6 2
36 61 9 9
36 62 3 1
36 63 4 7
36 64 8 2
36 65 4 10
36 67 8 2
36 69 6 5
36 70 7 3
36 71 6 6
36 72 10 7
36 73 5 8
36 74 7 2
36 75 6 7
36 76 3 7
36 77 7 9
36 79 2 7
36 80 2 10
36 81 10 10
36 83 5 8
36 84 9 2
36 85 6 2
36 86 1 7
36 88 9 1
36 90 6 2
36 91 5 9
36 92 6 8
36 94 7 5
36 95 8 4
36 96 6 2
36 98 9 5
36 99 5 5
36 100 7 4
37 38 3 7
37 39 3 5
37 40 8 3
37 41 10 2
37 42 5 8
37 43 9 6
37 44 10 6
37 46 3 8
37 47 5 8
37 48 2 2
37 49 7 3
37 50 8 10
37 51 1 10
37 53 7 10
37 54 9 10
37 55 3 9
37 56 9 1
37 57 4 1
37 58 7 6
37 59 1 9
37 60 9 4
37 62 5 4
37 63 8 4
37 64 4 6
37 65 5 9
37 66 6 2
37 68 5 1
37 69 10 5
37 70 9 6
37 72 5 6
37 73 2 1
37 75 5 6
37 76 1 2
37 77 6 10
37 80 9 9
37 82 4 10
37 83 4 4
37 84 8 9
37 85 1 8
37 86 7 3
37 88 2 3
37 89 4 10
37 90 6 1
37 91 10 7
37 94 4 6
37 95 1 5
37 96 2 4
37 97 4 9
37 98 2 5
37 99 1 5
37 100 5 5
38 39 6 3
38 41 9 1
38 42 7 9
38 43 5 9
38 46 9 5
38 47 1 1
38 48 5 2
38 49 10 4
38 50 4 8
38 52 8 1
38 53 5 6
38 54 5 1
38 55 4 1
38 57 7 5
38 58 6 5
38 59 2 2
38 60 6 6
38 61 8 10
38 62 1 8
38 63 10 6
38 64 10 3
38 66 10 8
38 67 2 9
38 68 5 8
38 70 3 4
38 71 10 8
38 72 9 5
38 73 5 1
38 75 2 1
38 76 7 10
38 77 10 2
38 78 5 6
38 79 3 1
38 80 5 3
38 81 8 1
38 83 4 2
38 84 4 5
38 85 5 8
38 86 9 7
38 87 3 6
38 88 9 4
38 89 4 5
38 90 1 5
38 92 8 7
38 94 5 1
38 95 4 7
38 96 5 2
38 97 4 1
38 98 4 8
38 99 2 10
38 100 3 5
39 40 6 7
39 41 2 5
39 43 4 8
39 44 9 6
39 45 4 10
39 46 4 10
39 47 10 1
39 49 4 7
39 50 1 1
39 52 2 1
39 53 3 3
39 54 10 9
39 55 4 6
39 56 4 5
39 57 5 10
39 58 2 8
39 59 6 5
39 60 2 2
39 62 3 1
39 63 9 10
39 64 4 4
39 65 9 2
39 67 1 7
39 68 10 2
39 70 5 9
39 72 2 5
39 73 9 6
39 74 7 7
39 75 8 8
39 76 1 1
39 77 6 1
39 78 8 5
39 79 6 1
39 80 1 7
39 81 5 4
39 82 1 6
39 83 1 7
39 84 6 3
39 85 9 7
39 86 6 3
39 87 3 2
39 89 7 1
39 91 1 1
39 92 1 2
39 94 8 1
39 95 1 3
39 96 7 2
39 97 5 2
39 98 9 5
39 99 3 6
40 41 7 8
40 42 2 3
40 43 7 8
40 44 7 5
40 45 8 9
40 48 2 2
40 49 3 3
40 50 1 3
40 51 6 9
40 52 5 10
40 53 7 4
40 54 3 1
40 56 9 7
40 57 4 9
40 58 1 9
40 59 6 4
40 61 2 5
40 62 8 1
40 63 4 6
40 64 4 2
40 65 4 1
40 66 10 9
40 67 9 4
40 68 1 1
40 69 2 1
40 70 5 4
40 72 5 8
40 73 10 6
40 74 5 10
40 75 10 1
40 76 7 7
40 77 8 10
40 80 8 7
40 81 5 4
40 82 8 6
40 83 5 5
40 84 7 2
40 85 10 8
40 86 7 2
40 87 10 9
40 88 5 7
40 89 4 6
40 90 3 2
40 91 8 10
40 92 6 1
40 93 6 8
40 94 3 6
40 96 1 3
40 97 5 6
40 98 9 3
40 99 3 4
40 100 1 4
41 42 5 1
41 43 7 1
41 44 8 10
41 45 1 3
41 47 3 10
41 48 5 1
41 50 2 10
41 51 8 9
41 53 1 4
41 54 1 4
41 55 10 6
41 56 10 2
41 58 1 1
41 59 5 2
41 60 7 2
41 61 7 2
41 62 4 5
41 63 10 3
41 64 9 10
41 66 9 3
41 67 3 2
41 68 9 5
41 70 4 4
41 71 10 1
41 72 2 5
41 74 2 7
41 75 7 7
41 76 10 7
41 77 8 2
41 78 6 9
41 79 1 8
41 80 9 10
41 81 10 1
41 82 9 2
41 83 8 8
41 84 2 9
41 85 3 4
41 86 10 10
41 87 3 5
41 88 9 6
41 89 7 4
41 92 10 9
41 93 2 5
41 94 2 10
41 95 2 1
41 97 2 3
41 98 4 8
41 100 4 2
42 43 4 4
42 45 8 2
42 46 7 6
42 47 9 2
42 48 10 5
42 49 5 1
42 50 3 5
42 51 8 5
42 52 2 9
42 53 8 7
42 54 1 8
42 55 10 1
42 56 10 5
42 58 8 3
42 60 3 9
42 61 1 3
42 62 4 3
42 63 8 2
42 64 8 1
42 66 5 5
42 67 1 6
42 68 5 4
42 69 3 5
42 70 10 4
42 71 1 7
42 72 4 1
42 73 9 1
42 74 10 3
42 75 8 2
42 78 6 2
42 79 9 2
42 81 6 1
42 82 9 6
42 84 4 5
42 85 6 8
42 86 1 4
42 87 4 1
42 88 6 3
42 89 1 2
42 90 9 7
42 92 1 5
42 93 2 9
42 95 5 1
42 96 1 3
42 97 8 4
42 100 4 4
43 44 10 2
43 45 10 7
43 46 8 8
43 47 8 3
43 49 9 5
43 50 6 10
43 51 5 1
43 52 4 9
43 53 8 4
43 54 2 5
43 56 9 5
43 58 6 7
43 59 3 9
43 60 5 4
43 61 6 3
43 62 1 6
43 63 6 6
43 65 7 10
43 66 10 1
43 69 7 1
43 70 10 10
43 72 10 2
43 73 1 5
43 74 5 1
43 75 8 2
43 76 7 9
43 80 2 5
43 81 5 2
43 83 8 3
43 84 10 3
43 85 5 3
43 86 2 4
43 89 10 8
43 90 3 9
43 91 8 6
43 93 9 9
43 94 9 10
43 95 4 4
43 96 5 9
43 97 9 5
43 99 7 10
43 100 2 7
44 45 5 9
44 46 5 2
44 48 9 1
44 49 2 7
44 51 1 8
44 52 9 8
44 53 10 4
44 54 7 6
44 55 7 4
44 56 7 6
44 57 5 3
44 58 7 10
44 59 10 10
44 61 6 3
44 62 4 7
44 63 2 2
44 64 1 3
44 65 3 2
44 66 6 9
44 67 9 9
44 68 8 8
44 69 3 8
44 73 3 5
44 74 7 3
44 76 10 3
44 77 8 2
44 78 6 4
44 79 2 4
44 80 9 6
44 81 8 6
44 82 10 10
44 84 3 4
44 85 2 2
44 86 10 4
44 87 10 9
44 88 3 10
44 89 10 6
44 90 7 3
44 91 2 4
44 92 9 10
44 93 5 6
44 94 4 5
44 95 8 10
44 97 6 1
44 98 2 2
44 99 8 10
44 100 9 6
45 46 6 10
45 49 4 3
45 50 9 8
45 51 8 9
45 52 6 6
45 53 8 6
45 54 8 4
45 55 10 9
45 56 7 3
45 57 5 10
45 59 10 5
45 60 5 1
45 61 1 9
45 62 2 1
45 63 5 6
45 65 5 3
45 66 10 7
45 67 6 9
45 69 9 3
45 72 7 3
45 73 1 8
45 74 1 1
45 75 5 2
45 78 10 4
45 79 6 2
45 80 2 4
45 81 1 9
45 82 10 5
45 84 3 10
45 85 3 2
45 87 6 10
45 88 6 1
45 89 1 10
45 90 4 8
45 92 3 7
45 94 7 7
45 95 3 4
45 96 5 8
45 98 7 5
45 99 4 4
45 100 2 1
46 47 8 6
46 48 9 7
46 49 1 10
46 50 8 3
46 51 10 7
46 52 10 10
46 53 9 5
46 54 4 5
46 56 10 10
46 58 7 10
46 59 4 1
46 60 1 9
46 63 7 8
46 64 1 1
46 65 8 7
46 66 4 5
46 67 1 2
46 70 6 1
46 71 4 8
46 72 6 9
46 74 9 2
46 75 5 4
46 76 6 7
46 77 5 6
46 78 5 7
46 79 8 4
46 80 6 8
46 83 3 7
46 84 6 1
46 85 7 2
46 86 5 1
46 87 8 2
46 88 9 10
46 89 6 1
46 90 7 9
46 91 10 10
46 92 10 6
46 93 5 3
46 94 5 6
46 95 9 8
46 96 10 5
46 97 6 1
46 99 3 4
46 100 2 5
47 49 3 6
47 50 2 7
47 52 10 6
47 53 4 9
47 54 10 6
47 56 4 3
47 59 1 9
47 60 6 4
47 61 4 4
47 62 7 5
47 63 7 9
47 64 5 7
47 65 5 2
47 67 7 3
47 68 9 3
47 69 10 7
47 70 1 4
47 71 9 6
47 72 2 7
47 73 8 8
47 74 2 5
47 75 9 1
47 77 7 7
47 81 7 3
47 82 1 3
47 83 1 7
47 84 7 1
47 85 8 1
47 87 9 9
47 89 4 4
47 90 4 8
47 91 3 5
47 92 4 9
47 93 9 10
47 94 8 7
47 95 5 2
47 96 3 3
47 98 2 2
47 99 6 9
48 49 7 4
48 50 5 5
48 51 7 1
48 52 8 3
48 53 6 9
48 54 5 10
48 55 8 3
48 56 8 7
48 57 2 1
48 58 1 8
48 60 3 2
48 61 1 5
48 62 1 4
48 63 6 2
48 64 2 6
48 65 10 9
48 66 10 7
48 67 2 5
48 69 7 7
48 70 8 7
48 71 3 9
48 73 9 9
48 74 9 1
48 75 6 3
48 76 9 4
48 78 6 7
48 79 3 4
48 80 9 3
48 81 10 4
48 83 1 2
48 84 7 9
48 85 3 1
48 86 5 9
48 87 8 9
48 88 9 7
48 89 1 4
48 90 2 7
48 91 8 10
48 92 3 4
48 95 7 10
48 96 9 3
48 97 1 2
48 99 5 1
48 100 9 1
49 50 1 2
49 51 6 10
49 53 1 10
49 55 6 4
49 56 4 1
49 57 7 9
49 58 3 10
49 60 4 10
49 61 5 6
49 63 3 3
49 64 9 3
49 65 1 5
49 66 5 4
49 67 3 2
49 68 10 6
49 72 7 7
49 74 2 2
49 75 10 10
49 76 8 4
49 77 3 2
49 78 9 4
49 79 2 1
49 82 8 2
49 83 6 6
49 84 1 7
49 85 10 7
49 86 9 4
49 90 2 2
49 92 9 6
49 93 1 9
49 94 5 1
49 95 4 3
49 96 5 3
49 97 6 6
49 100 5 4
50 51 6 9
50 52 3 10
50 55 9 3
50 56 8 2
50 57 7 2
50 58 4 4
50 59 6 6
50 60 8 3
50 61 1 9
50 63 8 3
50 64 4 5
50 65 2 8
50 66 5 5
50 67 1 7
50 68 8 1
50 69 3 2
50 70 9 9
50 71 10 6
50 72 10 5
50 73 8 9
50 75 5 3
50 76 1 1
50 78 1 9
50 81 2 4
50 82 10 1
50 83 1 5
50 84 4 8
50 85 1 10
50 86 6 1
50 87 10 1
50 89 8 1
50 90 4 9
50 92 10 4
50 93 1 6
50 94 10 10
50 95 10 9
50 96 3 10
50 97 6 6
50 99 9 7
51 52 7 8
51 53 2 9
51 55 4 8
51 56 2 7
51 57 8 6
51 58 7 9
51 60 8 9
51 62 5 9
51 63 4 1
51 64 8 7
51 65 9 8
51 67 8 5
51 69 3 3
51 71 7 10
51 72 1 2
51 73 2 4
51 75 9 1
51 78 4 5
51 79 2 3
51 80 6 5
51 81 4 9
51 82 8 2
51 84 8 6
51 85 6 6
51 87 2 5
51 88 5 5
51 90 6 8
51 91 7 6
51 92 3 5
51 93 7 7
51 94 2 8
51 95 3 5
51 96 10 8
51 97 10 1
51 99 5 3
51 100 5 4
52 53 9 9
52 54 9 6
52 55 3 1
52 56 4 10
52 57 3 4
52 58 8 8
52 59 7 9
52 60 8 9
52 61 3 4
52 62 9 8
52 63 5 5
52 64 1 10
52 66 3 10
52 67 3 6
52 68 3 2
52 69 3 1
52 71 7 5
52 73 5 9
52 74 4 10
52 75 1 9
52 76 6 10
52 77 3 5
52 78 10 1
52 79 10 8
52 80 4 6
52 81 9 7
52 82 7 5
52 83 1 10
52 84 6 2
52 85 9 3
52 86 3 2
52 87 6 1
52 88 1 7
52 89 10 9
52 91 6 10
52 92 1 10
52 93 9 6
52 94 3 1
52 95 8 4
52 96 4 7
52 97 2 7
52 98 7 6
52 99 3 8
52 100 2 3
53 55 3 4
53 56 1 10
53 58 6 10
53 59 3 4
53 61 5 4
53 62 5 2
53 63 6 9
53 64 5 3
53 67 8 5
53 68 10 8
53 69 7 6
53 70 8 2
53 71 10 10
53 73 5 8
53 74 4 4
53 75 1 8
53 77 7 2
53 79 2 8
53 80 8 1
53 81 2 2
53 82 7 8
53 84 7 7
53 86 4 7
53 87 2 9
53 88 5 1
53 90 9 5
53 92 1 10
53 93 1 10
53 94 1 5
53 96 6 5
53 97 4 7
53 98 5 1
53 99 3 10
54 57 6 7
54 58 4 9
54 59 9 9
54 60 5 6
54 61 10 10
54 63 6 8
54 64 6 9
54 65 4 10
54 69 2 9
54 70 1 7
54 71 8 1
54 72 5 5
54 73 9 2
54 74 10 1
54 75 10 1
54 76 2 1
54 77 8 7
54 78 4 2
54 80 1 2
54 81 2 10
54 82 1 2
54 83 6 5
54 85 7 7
54 87 7 3
54 88 5 2
54 89 9 9
54 90 10 3
54 91 5 7
54 93 6 5
54 94 2 6
54 96 4 3
54 98 2 1
54 99 2 2
54 100 7 2
55 56 10 7
55 57 9 9
55 58 3 8
55 59 6 9
55 60 10 3
55 61 4 9
55 62 9 1
55 63 9 4
55 64 3 2
55 65 5 7
55 66 5 9
55 67 1 4
55 68 10 4
55 69 3 3
55 70 4 6
55 71 7 10
55 73 3 2
55 74 10 10
55 75 8 10
55 76 1 1
55 77 1 5
55 79 3 10
55 80 3 4
55 81 1 8
55 82 5 8
55 83 3 2
55 84 4 2
55 85 8 6
55 86 7 1
55 88 4 5
55 89 8 1
55 90 8 9
55 91 1 4
55 92 2 1
55 94 7 8
55 97 2 5
55 98 8 7
55 99 1 8
55 100 4 6
56 57 5 2
56 58 9 3
56 59 8 6
56 62 3 4
56 63 10 9
56 64 7 1
56 65 1 2
56 66 10 8
56 67 4 5
56 68 2 4
56 69 2 9
56 70 6 8
56 71 6 8
56 72 3 4
56 73 9 3
56 74 9 6
56 75 8 2
56 76 5 10
56 77 1 7
56 78 4 5
56 79 1 8
56 80 3 7
56 82 9 1
56 83 7 3
56 84 6 7
56 86 1 3
56 87 3 8
56 88 7 9
56 90 2 8
56 91 8 5
56 92 8 9
56 93 10 9
56 94 2 3
56 96 8 6
56 97 10 7
56 98 4 4
56 99 1 1
57 58 3 7
57 59 8 6
57 60 2 10
57 61 2 1
57 62 4 9
57 63 7 9
57 64 1 6
57 65 5 4
57 66 9 8
57 67 9 6
57 68 9 1
57 69 9 2
57 70 7 4
57 75 9 2
57 76 4 3
57 77 6 1
57 78 10 8
57 79 6 10
57 80 8 9
57 81 9 6
57 82 10 7
57 83 4 9
57 84 10 6
57 85 9 7
57 86 1 6
57 87 6 3
57 89 3 2
57 90 10 10
57 91 2 8
57 92 1 1
57 94 6 7
57 96 4 3
57 97 7 7
57 98 1 5
57 99 10 1
57 100 10 4
58 59 2 10
58 60 1 8
58 64 2 5
58 65 4 5
58 66 6 5
58 68 3 2
58 69 8 4
58 70 7 2
58 71 9 1
58 72 10 7
58 73 6 5
58 74 10 3
58 75 9 6
58 76 7 8
58 77 1 1
58 78 5 8
58 79 6 6
58 80 4 5
58 81 10 7
58 82 5 2
58 83 6 8
58 84 6 8
58 85 7 8
58 86 8 10
58 87 8 9
58 88 9 1
58 89 8 1
58 90 8 8
58 91 6 4
58 92 6 1
58 93 10 1
58 94 3 5
58 95 5 2
58 96 10 8
58 97 4 4
58 98 1 10
58 99 10 8
58 100 8 6
59 60 8 5
59 61 7 3
59 62 10 4
59 63 6 9
59 64 2 7
59 65 5 4
59 66 6 6
59 67 6 2
59 68 7 9
59 69 9 7
59 70 7 4
59 71 8 5
59 73 6 5
59 74 1 6
59 75 3 9
59 78 7 3
59 79 2 6
59 80 2 8
59 86 8 2
59 87 2 2
59 88 2 6
59 89 9 1
59 90 4 8
59 93 3 10
59 94 7 7
59 95 10 8
59 96 10 7
59 97 9 1
59 98 9 4
59 100 6 7
60 61 4 3
60 62 5 6
60 63 5 2
60 64 5 6
60 65 2 9
60 66 7 7
60 69 1 7
60 70 3 5
60 71 4 6
60 72 7 8
60 74 10 6
60 76 2 6
60 77 10 3
60 78 5 4
60 79 5 5
60 80 5 3
60 81 2 1
60 83 2 1
60 84 3 3
60 85 2 3
60 86 3 10
60 87 4 9
60 88 2 8
60 89 1 6
60 90 9 10
60 91 9 9
60 92 5 1
60 93 1 5
60 95 7 1
60 96 8 4
60 97 7 5
60 98 1 4
60 99 6 5
60 100 10 7
61 62 9 9
61 63 1 1
61 64 6 6
61 65 6 5
61 66 4 8
61 67 5 2
61 68 5 8
61 69 3 8
61 70 9 8
61 71 6 5
61 72 2 2
61 73 8 4
61 74 2 9
61 75 10 6
61 77 4 6
61 78 4 6
61 79 2 3
61 82 5 4
61 83 9 10
61 84 10 3
61 85 4 10
61 86 3 7
61 87 5 7
61 89 3 3
61 90 10 4
61 91 9 4
61 92 4 9
61 94 9 10
61 96 4 1
61 97 10 10
61 99 10 10
61 100 9 1
62 63 9 2
62 65 9 4
62 66 2 6
62 68 10 5
62 69 10 5
62 70 2 3
62 72 4 10
62 73 4 8
62 74 2 7
62 75 2 5
62 76 8 9
62 77 4 5
62 79 4 6
62 80 8 9
62 81 4 3
62 82 7 2
62 83 3 1
62 86 7 5
62 88 9 7
62 89 6 2
62 90 6 9
62 91 9 8
62 93 10 6
62 94 8 6
62 95 3 4
62 96 2 2
62 98 8 3
62 99 1 3
62 100 5 5
63 64 7 8
63 66 3 2
63 67 3 1
63 68 1 3
63 70 9 3
63 71 8 3
63 72 8 9
63 73 2 4
63 74 3 4
63 75 2 2
63 76 3 3
63 77 3 3
63 78 9 10
63 79 1 7
63 80 5 7
63 81 10 7
63 82 4 2
63 83 5 5
63 86 1 2
63 89 3 1
63 91 8 6
63 92 6 3
63 93 1 4
63 94 2 2
63 95 5 9
63 97 4 1
63 99 1 8
63 100 2 6
64 65 1 1
64 67 7 6
64 69 7 2
64 70 9 9
64 71 8 1
64 74 7 3
64 75 9 5
64 76 2 9
64 77 3 2
64 78 8 4
64 79 10 5
64 80 3 2
64 81 5 7
64 82 8 6
64 83 7 9
64 84 7 5
64 85 4 3
64 87 7 10
64 88 1 2
64 91 1 6
64 92 3 8
64 94 10 9
64 95 2 2
64 96 4 3
64 97 8 1
64 98 3 9
64 99 2 6
65 66 1 8
65 67 8 10
65 68 7 10
65 69 8 9
65 70 4 9
65 71 10 4
65 73 3 6
65 77 6 7
65 78 10 9
65 79 8 9
65 80 9 10
65 81 4 1
65 82 8 2
65 83 5 1
65 84 2 6
65 85 5 3
65 86 4 4
65 89 9 1
65 91 1 4
65 92 2 2
65 94 1 5
65 95 10 9
65 96 3 10
65 98 4 4
65 99 3 5
65 100 1 8
66 67 9 8
66 68 6 3
66 69 9 9
66 70 10 2
66 71 6 4
66 72 3 9
66 74 2 7
66 75 1 9
66 76 10 7
66 77 3 2
66 78 10 3
66 80 3 10
66 82 1 5
66 83 9 7
66 84 10 4
66 86 1 1
66 87 7 7
66 88 2 9
66 90 8 1
66 91 6 10
66 92 3 4
66 93 10 3
66 94 7 1
66 96 1 5
66 97 10 7
66 98 9 9
66 100 8 3
67 68 9 1
67 69 6 8
67 70 1 1
67 71 7 4
67 72 8 10
67 73 2 6
67 75 10 9
67 77 7 7
67 78 5 10
67 79 8 1
67 80 9 2
67 81 10 9
67 82 5 9
67 83 9 5
67 84 1 9
67 86 5 8
67 87 7 5
67 88 5 3
67 89 7 10
67 90 9 1
67 91 5 7
67 92 3 10
67 93 6 8
67 95 4 6
67 96 10 8
67 97 7 8
67 98 10 8
67 100 4 2
68 69 4 3
68 70 10 1
68 71 3 8
68 72 8 8
68 73 7 1
68 74 7 10
68 75 8 1
68 77 10 9
68 78 9 2
68 79 2 2
68 80 3 10
68 81 9 9
68 82 5 7
68 83 1 3
68 84 7 9
68 85 3 3
68 86 7 9
68 87 2 10
68 88 5 3
68 91 10 5
68 92 10 9
68 93 8 5
68 94 3 9
68 95 1 8
68 96 7 5
68 97 2 1
68 98 1 1
69 70 4 3
69 72 4 8
69 73 6 9
69 74 5 9
69 75 3 1
69 77 2 3
69 78 2 4
69 80 2 8
69 81 10 8
69 82 3 2
69 84 2 4
69 85 6 10
69 86 9 1
69 87 9 3
69 88 9 1
69 89 2 9
69 90 7 2
69 91 5 5
69 92 9 1
69 93 5 8
69 94 6 10
69 96 2 8
69 98 1 3
69 99 5 7
69 100 5 5
70 71 4 2
70 72 1 7
70 74 5 2
70 75 6 8
70 76 6 2
70 77 7 1
70 79 8 2
70 81 8 4
70 82 6 8
70 85 4 6
70 86 6 5
70 87 4 10
70 88 7 9
70 89 2 10
70 90 6 5
70 92 5 3
70 93 2 3
70 94 3 1
70 96 3 9
70 97 4 6
70 98 5 1
70 99 5 6
70 100 9 4
71 72 4 8
71 74 3 4
71 75 5 3
71 77 4 7
71 78 1 7
71 79 2 1
71 80 3 6
71 81 8 4
71 82 9 7
71 84 7 10
71 86 7 9
71 87 4 4
71 88 10 9
71 90 10 3
71 91 7 7
71 93 5 10
71 94 9 3
71 95 6 10
71 97 2 10
71 98 4 1
71 99 10 4
71 100 3 9
72 73 5 6
72 74 9 5
72 75 8 8
72 76 2 2
72 78 1 10
72 79 9 1
72 80 4 7
72 81 8 8
72 82 5 4
72 83 3 6
72 84 2 7
72 85 7 4
72 86 1 5
72 87 8 4
72 88 10 8
72 89 4 2
72 90 6 7
72 91 2 3
72 93 8 3
72 94 2 8
72 95 2 1
72 96 8 5
72 97 1 8
72 98 9 9
72 99 7 7
72 100 6 2
73 74 9 2
73 75 6 7
73 76 6 1
73 77 6 2
73 78 1 3
73 79 6 7
73 80 4 6
73 81 2 6
73 83 8 1
73 87 7 2
73 88 7 8
73 90 5 9
73 91 4 6
73 92 9 8
73 93 3 8
73 94 8 6
73 95 3 6
73 96 7 7
73 97 7 5
73 99 1 8
73 100 1 8
74 75 7 9
74 76 2 5
74 77 4 2
74 78 7 3
74 79 2 8
74 80 2 6
74 81 10 1
74 83 2 1
74 84 6 5
74 85 4 10
74 87 1 1
74 89 10 4
74 90 3 2
74 91 10 8
74 92 2 2
74 93 8 7
74 95 2 5
74 96 2 2
74 97 4 4
74 98 9 1
74 99 5 10
74 100 5 6
75 76 9 6
75 77 7 9
75 79 3 8
75 80 3 6
75 81 1 2
75 83 7 1
75 84 10 8
75 85 2 6
75 86 5 1
75 87 3 9
75 88 2 7
75 89 3 2
75 90 2 1
75 91 6 4
75 92 4 1
75 93 5 8
75 94 4 4
75 95 8 5
75 97 4 7
75 98 8 3
75 99 8 3
75 100 1 2
76 77 8 3
76 78 3 6
76 79 7 6
76 80 5 8
76 81 7 10
76 83 7 3
76 84 6 7
76 85 9 10
76 87 8 7
76 89 4 1
76 91 3 7
76 92 7 7
76 94 2 4
76 95 9 8
76 96 1 1
76 97 1 7
76 98 7 1
76 99 9 3
76 100 1 7
77 80 7 2
77 81 6 10
77 83 5 8
77 84 10 4
77 85 7 1
77 86 4 1
77 87 5 8
77 88 4 7
77 89 8 2
77 90 8 10
77 91 10 2
77 92 10 9
77 94 2 4
77 95 6 10
77 96 5 8
77 97 4 5
77 98 3 7
77 99 1 8
78 80 7 7
78 81 8 8
78 82 7 3
78 84 1 4
78 85 10 1
78 86 9 6
78 87 1 7
78 89 6 7
78 90 5 3
78 92 9 8
78 93 5 8
78 94 8 7
78 95 1 1
78 96 5 3
78 97 10 10
78 98 3 9
78 100 6 6
79 80 8 6
79 81 2 5
79 82 10 4
79 83 5 4
79 84 3 1
79 85 4 5
79 86 2 5
79 87 1 8
79 88 5 7
79 89 4 5
79 90 2 7
79 91 5 9
79 94 6 1
79 95 9 1
79 96 4 10
79 97 1 4
79 98 9 7
79 99 1 9
79 100 8 9
80 81 8 4
80 82 8 3
80 83 7 1
80 84 10 10
80 85 6 3
80 86 2 9
80 88 10 4
80 89 10 4
80 90 1 2
80 92 9 3
80 93 4 7
80 94 1 10
80 95 5 10
80 96 1 6
80 99 9 1
80 100 3 4
81 82 7 9
81 83 6 7
81 84 1 3
81 85 10 2
81 86 1 6
81 88 4 2
81 89 2 7
81 90 6 5
81 92 4 10
81 93 10 8
81 94 2 6
81 96 10 1
81 97 7 10
81 98 4 7
81 100 5 9
82 83 9 6
82 84 2 1
82 86 5 8
82 87 7 9
82 88 4 2
82 90 1 7
82 91 8 5
82 92 9 5
82 98 7 3
82 99 6 3
82 100 10 2
83 85 8 8
83 87 5 9
83 88 9 7
83 90 1 8
83 91 6 2
83 93 10 6
83 95 8 8
83 96 8 10
83 97 4 3
83 98 4 8
83 99 9 4
83 100 2 10
84 85 4 4
84 86 1 2
84 87 5 1
84 89 8 5
84 90 7 8
84 91 2 1
84 93 9 3
84 94 6 7
84 95 3 6
84 97 9 4
84 99 3 10
84 100 5 7
85 86 2 5
85 87 10 9
85 88 4 10
85 89 7 9
85 90 10 8
85 91 3 1
85 92 1 1
85 93 3 10
85 94 2 2
85 95 7 10
85 96 8 5
85 97 5 10
85 99 7 5
85 100 10 7
86 87 4 8
86 88 5 7
86 89 5 1
86 90 5 10
86 91 7 1
86 92 9 9
86 94 10 9
86 97 4 6
86 100 5 2
87 88 3 6
87 89 3 1
87 90 7 6
87 91 7 1
87 92 7 3
87 94 4 5
87 96 8 3
87 97 10 6
87 99 6 6
87 100 5 9
88 90 1 8
88 91 5 9
88 92 2 2
88 93 7 4
88 94 4 8
88 95 1 1
88 96 7 10
88 99 10 1
88 100 1 2
89 90 4 5
89 91 2 2
89 92 6 10
89 93 2 6
89 94 4 6
89 95 8 3
89 96 10 7
89 98 5 5
89 100 1 4
90 91 5 5
90 92 7 2
90 93 10 3
90 94 10 6
90 95 10 7
90 96 1 9
90 97 10 5
90 98 10 7
90 100 9 1
91 92 10 9
91 93 1 10
91 94 7 5
91 96 1 9
91 97 6 8
91 98 1 7
91 99 4 9
91 100 9 1
92 93 8 5
92 94 10 5
92 95 6 5
92 96 5 4
92 98 9 6
92 99 10 9
92 100 2 1
93 95 9 10
93 97 2 9
93 99 2 9
93 100 3 10
94 95 5 10
94 96 7 7
94 98 7 7
94 99 10 7
94 100 5 10
95 96 7 3
95 97 10 8
95 98 2 4
95 99 5 10
95 100 7 2
96 97 3 2
96 99 7 6
96 100 1 1
97 98 9 3
97 99 9 10
97 100 5 9
98 100 2 1
99 100 2 2
1
1 2 3 4 5 6 7 8 9 10 11 12 13 14 15 16 17 18 19 20 21 22 23 24 25 26 27 28 29 30 31 32 33 34 35 36 37 38 39 40 41 42 43 44 45 46 47 48 49 50
