3983
1 2 8 9
1 3 8 4
1 4 7 9
1 5 1 5
1 6 4 2
1 7 1 5
1 8 4 5
1 9 6 8
1 10 5 9
1 11 5 6
1 12 9 3
1 13 7 2
1 14 2 9
1 15 8 10
1 16 10 6
1 17 7 1
1 18 2 4
1 19 5 7
1 20 5 8
1 21 4 2
1 23 6 10
1 25 3 1
1 26 9 9
1 27 8 5
1 28 1 2
1 29 6 1
1 30 1 2
1 31 1 6
1 32 6 8
1 33 9 4
1 36 7 9
1 37 6 8
1 38 5 7
1 39 6 5
1 40 10 2
1 41 1 10
1 42 8 7
1 43 6 8
1 44 10 5
1 45 9 5
1 46 5 8
1 48 5 4
1 49 10 7
1 52 7 2
1 53 5 5
1 54 8 10
1 55 7 4
1 56 7 3
1 58 4 5
1 61 8 9
1 64 7 3
1 67 7 6
1 68 9 4
1 69 8 3
1 70 10 7
1 71 9 8
1 72 8 4
1 73 10 8
1 74 4 1
1 75 6 7
1 77 10 4
1 78 5 9
1 81 2 2
1 83 9 2
1 85 4 2
1 86 7 3
1 88 9 3
1 90 10 3
1 95 7 6
1 97 2 2
1 98 9 3
1 99 4 9
1 100 2 1
2 4 5 9
2 5 7 2
2 6 10 2
2 7 1 8
2 8 4 5
2 9 3 3
2 10 1 8
2 11 1 8
2 12 5 6
2 13 7 7
2 14 8 3
2 15 4 8
2 16 10 8
2 17 8 4
2 18 3 4
2 19 8 3
2 21 4 1
2 22 4 8
2 23 4 2
2 24 1 7
2 25 5 3
2 26 6 2
2 29 3 9
2 30 5 6
2 31 2 8
2 32 9 7
2 33 10 8
2 35 6 6
2 36 3 5
2 37 4 10
2 39 5 6
2 40 1 5
2 41 1 2
2 42 10 7
2 43 7 5
2 44 3 1
2 45 10 1
2 46 4 1
2 47 6 8
2 50 3 5
2 51 3 10
2 52 2 3
2 55 3 1
2 56 4 7
2 57 1 3
2 59 7 4
2 60 8 1
2 62 2 10
2 63 5 10
2 65 8 10
2 66 2 6
2 67 1 3
2 68 7 8
2 69 2 7
2 70 4 3
2 71 9 9
2 72 7 1
2 74 2 1
2 75 2 1
2 76 9 2
2 77 9 5
2 78 2 8
2 79 8 6
2 80 5 5
2 81 4 6
2 82 4 8
2 84 6 10
2 86 1 7
2 87 1 5
2 90 2 7
2 92 4 6
2 93 8 10
2 94 7 6
2 96 5 3
2 97 4 4
2 98 5 10
2 99 8 6
2 100 4 1
3 5 4 8
3 6 2 8
3 7 8 4
3 9 8 6
3 10 10 4
3 11 3 6
3 12 6 9
3 13 5 2
3 15 8 4
3 16 10 4
3 17 8 9
3 18 10 4
3 19 7 6
3 20 8 4
3 21 7 10
3 22 3 7
3 24 6 2
3 25 6 8
3 27 3 2
3 29 3 8
3 32 8 4
3 33 1 8
3 34 5 5
3 35 5 10
3 36 1 10
3 37 3 4
3 38 3 6
3 39 3 3
3 41 2 10
3 42 9 3
3 43 6 5
3 44 2 6
3 46 5 10
3 47 8 7
3 48 10 7
3 50 9 5
3 52 4 2
3 53 4 7
3 54 7 3
3 56 2 8
3 57 6 6
3 58 9 8
3 59 6 2
3 60 5 6
3 61 2 9
3 62 4 8
3 63 1 6
3 64 7 10
3 65 1 8
3 66 5 5
3 67 8 5
3 70 7 7
3 71 5 5
3 72 8 9
3 73 2 2
3 74 10 7
3 76 7 6
3 77 3 8
3 78 8 2
3 80 3 5
3 81 8 3
3 82 1 8
3 83 5 8
3 84 1 9
3 85 9 5
3 86 7 2
3 88 7 3
3 89 8 3
3 90 2 4
3 91 7 2
3 92 10 7
3 93 7 9
3 95 9 6
3 96 6 6
3 98 5 3
3 99 6 10
3 100 9 2
4 5 8 4
4 7 1 3
4 8 5 10
4 9 6 10
4 10 10 10
4 12 10 5
4 13 1 6
4 14 9 3
4 15 9 9
4 16 1 9
4 17 5 3
4 19 10 8
4 20 10 1
4 21 8 1
4 22 3 6
4 23 3 10
4 24 4 9
4 25 1 4
4 27 3 6
4 28 1 5
4 29 10 8
4 30 10 3
4 31 5 7
4 35 4 8
4 36 8 10
4 37 2 5
4 38 9 7
4 39 3 2
4 40 7 1
4 41 1 4
4 43 6 5
4 44 8 7
4 45 7 6
4 46 10 8
4 47 8 7
4 48 4 6
4 50 8 3
4 51 10 6
4 52 3 8
4 54 6 6
4 55 2 1
4 56 6 9
4 57 9 7
4 58 4 3
4 59 3 2
4 60 7 2
4 61 2 7
4 62 1 8
4 63 3 2
4 65 4 3
4 66 3 10
4 67 10 10
4 69 10 5
4 70 5 5
4 71 6 8
4 72 5 1
4 73 8 8
4 74 6 5
4 75 5 2
4 77 8 5
4 78 8 7
4 79 2 7
4 80 5 1
4 81 4 7
4 82 5 9
4 83 2 9
4 84 6 10
4 85 3 9
4 87 6 8
4 88 4 8
4 89 5 10
4 90 7 7
4 91 10 5
4 93 5 5
4 94 4 7
4 96 9 2
4 97 4 3
4 98 7 8
4 99 8 8
5 6 4 9
5 8 2 3
5 9 2 1
5 10 4 6
5 11 10 6
5 12 9 4
5 13 4 1
5 14 2 3
5 15 2 10
5 17 2 7
5 18 6 6
5 19 8 10
5 20 6 3
5 21 10 2
5 23 3 8
5 25 6 8
5 27 5 4
5 28 1 6
5 31 8 1
5 32 5 2
5 33 7 4
5 34 1 6
5 37 2 4
5 39 7 5
5 41 5 2
5 42 10 5
5 43 6 2
5 45 8 3
5 46 3 8
5 48 10 7
5 50 10 10
5 51 9 9
5 52 3 3
5 53 5 9
5 54 2 1
5 55 9 7
5 56 10 6
5 57 10 9
5 58 2 5
5 59 3 2
5 60 9 3
5 61 3 6
5 62 2 2
5 63 7 10
5 66 9 1
5 67 9 2
5 68 3 1
5 69 5 7
5 70 7 5
5 71 10 4
5 72 6 1
5 73 9 4
5 74 5 9
5 75 1 1
5 77 10 2
5 81 10 4
5 83 7 9
5 84 2 1
5 86 1 1
5 87 8 6
5 88 7 7
5 89 3 7
5 91 10 2
5 92 4 5
5 93 10 5
5 94 5 10
5 96 6 2
5 97 3 10
5 98 10 8
5 100 7 9
6 7 1 10
6 8 1 4
6 9 7 7
6 10 1 6
6 11 4 9
6 13 9 2
6 15 10 4
6 16 5 3
6 17 7 9
6 18 9 9
6 19 10 5
6 20 6 5
6 22 8 3
6 26 7 10
6 27 3 2
6 28 8 4
6 29 7 9
6 30 9 6
6 31 5 3
6 32 6 6
6 35 10 9
6 36 7 10
6 37 1 7
6 39 1 8
6 40 4 5
6 41 3 6
6 42 5 9
6 43 8 7
6 44 9 7
6 45 2 9
6 46 4 10
6 47 8 9
6 48 2 10
6 49 9 4
6 50 4 10
6 51 6 10
6 54 7 8
6 55 5 7
6 56 7 3
6 58 8 6
6 59 8 6
6 60 1 1
6 61 5 9
6 62 9 8
6 63 2 5
6 64 4 3
6 66 5 5
6 67 10 4
6 68 4 2
6 70 3 6
6 71 7 3
6 73 1 9
6 74 8 2
6 75 3 5
6 76 4 2
6 77 6 4
6 78 2 1
6 79 2 8
6 80 7 10
6 81 4 1
6 82 3 10
6 83 5 4
6 84 6 8
6 85 9 3
6 86 5 4
6 87 7 1
6 88 2 7
6 89 2 9
6 90 9 4
6 92 9 10
6 93 2 1
6 94 9 4
6 95 3 7
6 96 9 10
6 97 6 9
6 98 4 7
6 99 4 6
6 100 8 1
7 8 5 7
7 9 8 1
7 10 2 9
7 11 3 7
7 12 2 3
7 13 5 4
7 14 10 3
7 16 3 6
7 17 10 2
7 19 2 1
7 20 3 7
7 21 3 9
7 22 6 2
7 25 5 4
7 26 10 9
7 27 9 4
7 28 9 3
7 29 1 4
7 31 5 6
7 32 9 8
7 33 7 1
7 34 9 9
7 35 3 2
7 36 5 1
7 37 1 8
7 39 6 3
7 40 4 3
7 41 10 8
7 42 5 5
7 43 6 6
7 44 8 9
7 46 7 8
7 47 5 3
7 48 7 10
7 49 5 7
7 50 5 10
7 51 2 5
7 52 3 10
7 53 2 8
7 54 4 3
7 55 7 4
7 56 6 5
7 57 4 2
7 58 3 1
7 61 5 9
7 62 2 3
7 63 9 5
7 64 7 7
7 65 8 6
7 66 2 9
7 67 8 10
7 68 6 1
7 69 4 2
7 70 7 3
7 71 7 2
7 73 5 1
7 74 5 10
7 76 1 8
7 78 8 1
7 79 5 7
7 80 8 4
7 81 5 3
7 82 7 9
7 83 10 4
7 84 5 1
7 87 4 1
7 88 6 4
7 89 6 4
7 90 8 6
7 91 6 2
7 92 6 10
7 93 9 6
7 95 4 5
7 97 3 2
7 98 1 1
7 99 9 3
7 100 3 9
8 10 10 9
8 11 9 10
8 12 1 5
8 13 10 1
8 14 8 6
8 16 1 8
8 17 5 9
8 18 8 5
8 19 9 1
8 20 6 10
8 21 6 5
8 22 3 7
8 23 6 8
8 24 2 2
8 25 7 2
8 27 2 7
8 29 6 5
8 30 3 3
8 31 10 6
8 32 5 5
8 33 7 1
8 34 8 6
8 35 2 8
8 36 5 4
8 37 5 4
8 42 6 5
8 43 6 1
8 44 4 3
8 45 1 8
8 46 1 1
8 47 6 10
8 48 1 4
8 49 8 3
8 51 1 10
8 53 3 7
8 54 3 5
8 55 7 3
8 56 4 7
8 57 3 7
8 58 10 6
8 59 6 10
8 60 5 1
8 61 2 6
8 63 2 9
8 64 8 9
8 65 9 8
8 66 9 8
8 67 4 10
8 68 1 7
8 69 1 2
8 70 8 1
8 71 9 10
8 73 8 9
8 74 10 10
8 75 4 8
8 76 7 2
8 77 5 8
8 78 2 10
8 79 8 1
8 82 9 9
8 83 10 8
8 84 2 9
8 85 8 9
8 87 7 4
8 88 7 2
8 89 4 6
8 90 10 6
8 91 3 5
8 92 3 10
8 93 7 4
8 94 1 8
8 95 2 8
8 96 4 1
8 97 7 3
8 98 4 10
8 99 10 9
8 100 4 5
9 10 4 8
9 11 5 7
9 12 5 8
9 13 8 2
9 14 5 5
9 15 3 6
9 16 8 1
9 17 10 9
9 20 2 9
9 22 2 1
9 23 2 1
9 24 4 8
9 26 8 1
9 27 8 3
9 28 5 8
9 29 10 1
9 30 2 1
9 32 6 8
9 34 6 2
9 35 4 6
9 36 1 3
9 37 10 1
9 39 7 4
9 40 9 1
9 41 3 8
9 43 8 7
9 44 7 4
9 45 7 9
9 46 3 10
9 47 7 7
9 48 2 1
9 49 5 3
9 50 1 4
9 51 4 7
9 53 8 1
9 54 10 7
9 55 1 7
9 56 7 4
9 57 3 7
9 58 7 3
9 59 6 7
9 61 9 5
9 62 10 7
9 63 7 9
9 64 4 6
9 65 9 1
9 66 1 2
9 68 6 7
9 71 10 9
9 72 10 9
9 73 5 6
9 74 4 3
9 75 3 9
9 77 4 10
9 78 2 1
9 79 4 7
9 80 7 9
9 81 2 1
9 82 8 2
9 83 3 8
9 85 3 1
9 86 2 4
9 87 8 10
9 89 7 9
9 90 7 3
9 92 1 8
9 93 2 1
9 95 6 4
9 96 10 4
9 97 10 1
9 98 10 6
9 99 4 9
9 100 1 8
10 11 9 9
10 12 8 1
10 18 2 3
10 20 4 3
10 21 2 7
10 22 1 2
10 23 5 5
10 24 3 6
10 25 8 9
10 27 9 1
10 28 5 2
10 29 6 6
10 30 1 2
10 31 9 7
10 32 6 10
10 34 10 1
10 35 1 7
10 36 9 7
10 37 1 4
10 38 7 7
10 39 2 7
10 40 1 3
10 41 1 5
10 42 6 6
10 43 2 10
10 44 3 4
10 45 4 3
10 46 1 4
10 48 3 7
10 49 9 5
10 50 2 3
10 51 5 7
10 53 2 10
10 55 8 5
10 56 10 10
10 57 2 3
10 58 6 6
10 59 9 10
10 60 9 3
10 61 7 2
10 62 7 3
10 64 6 5
10 65 4 1
10 66 1 7
10 67 5 9
10 68 9 7
10 70 10 7
10 71 7 2
10 72 6 1
10 73 3 5
10 74 1 9
10 75 5 8
10 76 6 3
10 77 5 5
10 79 9 8
10 80 6 10
10 82 7 10
10 83 10 3
10 84 8 6
10 85 2 4
10 88 2 2
10 89 5 8
10 92 4 2
10 93 2 1
10 94 6 7
10 95 3 5
10 98 10 1
10 99 5 5
10 100 6 6
11 13 9 10
11 16 3 4
11 17 1 1
11 18 8 5
11 19 1 9
11 20 4 4
11 22 4 3
11 23 6 1
11 24 1 5
11 26 3 1
11 27 3 5
11 28 1 2
11 30 10 8
11 31 9 3
11 36 1 6
11 37 7 4
11 38 2 9
11 40 1 2
11 41 2 3
11 42 1 8
11 43 9 1
11 44 3 3
11 46 1 5
11 47 7 6
11 48 6 4
11 50 4 6
11 52 2 3
11 53 2 5
11 54 6 5
11 55 1 5
11 56 9 9
11 57 4 10
11 58 3 6
11 59 1 1
11 60 6 1
11 61 10 2
11 62 8 5
11 63 2 3
11 64 7 6
11 65 6 2
11 66 5 9
11 67 3 10
11 68 5 1
11 69 2 2
11 70 10 4
11 74 8 10
11 75 7 6
11 76 4 10
11 77 4 10
11 79 3 1
11 80 9 1
11 81 6 4
11 82 4 6
11 83 10 5
11 84 1 6
11 85 6 6
11 86 5 9
11 88 7 4
11 89 1 6
11 90 9 3
11 92 3 1
11 93 8 4
11 94 9 10
11 95 3 3
11 96 1 5
11 97 10 2
11 98 9 5
11 100 4 2
12 14 5 5
12 15 1 1
12 16 3 1
12 17 9 9
12 18 8 4
12 19 6 7
12 20 5 4
12 21 10 2
12 23 3 2
12 24 4 7
12 25 10 7
12 26 7 2
12 27 1 3
12 28 1 3
12 30 7 5
12 32 5 9
12 33 2 7
12 34 1 9
12 35 10 1
12 38 10 8
12 39 2 4
12 40 10 3
12 41 3 4
12 42 1 1
12 44 8 3
12 45 5 8
12 46 10 5
12 47 2 10
12 48 9 2
12 51 1 10
12 52 4 3
12 54 9 10
12 55 3 7
12 56 8 4
12 58 8 8
12 59 1 6
12 60 6 2
12 61 4 5
12 62 2 5
12 63 6 2
12 65 1 9
12 67 3 7
12 68 10 3
12 69 3 6
12 72 3 5
12 74 10 10
12 75 4 7
12 76 10 10
12 78 9 4
12 80 4 6
12 82 2 9
12 83 6 10
12 84 7 1
12 85 8 8
12 86 6 7
12 89 5 3
12 90 4 2
12 91 3 7
12 92 5 9
12 93 7 9
12 94 5 5
12 95 6 6
12 96 6 5
12 97 3 2
12 98 1 7
12 99 10 9
12 100 10 10
13 15 4 1
13 16 8 4
13 17 5 10
13 18 1 1
13 19 2 4
13 20 4 2
13 21 6 4
13 22 7 8
13 23 7 9
13 24 7 5
13 25 2 9
13 26 1 2
13 28 5 1
13 29 6 3
13 30 10 7
13 31 6 1
13 33 7 4
13 34 1 8
13 35 7 8
13 37 4 6
13 39 9 10
13 40 3 7
13 42 5 7
13 43 3 4
13 44 4 10
13 45 6 2
13 46 2 3
13 47 4 4
13 49 5 8
13 50 2 9
13 51 4 6
13 52 10 9
13 53 2 10
13 55 6 10
13 57 6 10
13 60 1 1
13 62 9 5
13 63 3 9
13 64 6 3
13 66 8 7
13 67 5 9
13 69 1 5
13 70 10 1
13 71 7 9
13 72 4 4
13 73 2 9
13 77 2 2
13 79 3 6
13 80 1 6
13 81 3 7
13 82 3 2
13 84 1 10
13 85 7 10
13 86 10 10
13 88 8 9
13 89 2 1
13 90 3 8
13 91 9 1
13 92 7 6
13 93 1 5
13 94 8 10
13 95 8 5
13 96 1 3
13 97 5 9
13 98 1 5
13 99 5 10
13 100 4 8
14 15 10 4
14 16 3 8
14 17 9 7
14 18 4 9
14 20 4 6
14 21 3 4
14 22 5 7
14 23 7 1
14 25 2 8
14 26 6 10
14 27 6 8
14 28 7 5
14 29 3 5
14 30 3 3
14 31 4 10
14 32 8 7
14 33 2 1
14 34 1 10
14 35 6 3
14 36 3 5
14 38 8 3
14 40 6 6
14 42 1 9
14 43 7 4
14 46 7 5
14 47 1 7
14 49 6 2
14 51 8 7
14 52 10 1
14 53 10 5
14 55 6 3
14 56 2 2
14 58 5 10
14 60 6 5
14 61 7 1
14 62 10 3
14 63 1 2
14 65 4 7
14 66 2 8
14 68 10 7
14 69 8 4
14 70 1 8
14 71 10 2
14 72 6 8
14 73 2 6
14 74 10 5
14 75 5 2
14 76 8 1
14 77 8 1
14 78 2 3
14 79 2 9
14 80 1 8
14 81 7 4
14 82 2 1
14 83 9 8
14 84 5 9
14 85 6 1
14 86 10 4
14 88 3 5
14 89 8 2
14 90 8 5
14 91 5 8
14 92 2 1
14 93 7 9
14 94 6 1
14 95 7 8
14 97 7 3
14 99 5 10
14 100 5 6
15 16 4 2
15 17 6 2
15 19 10 3
15 20 1 2
15 21 6 2
15 22 4 7
15 23 6 3
15 24 6 2
15 26 1 10
15 28 1 8
15 29 9 1
15 33 2 8
15 34 9 9
15 35 7 8
15 36 1 4
15 37 6 7
15 38 3 5
15 40 1 3
15 41 5 5
15 42 1 7
15 43 8 7
15 44 7 8
15 45 5 2
15 47 3 6
15 48 3 4
15 50 10 4
15 52 5 6
15 53 8 5
15 54 2 1
15 55 6 5
15 56 1 6
15 57 1 6
15 58 9 8
15 59 5 7
15 60 2 8
15 61 1 9
15 62 2 5
15 63 2 2
15 64 7 4
15 65 7 9
15 66 9 1
15 67 8 8
15 68 8 5
15 69 1 9
15 70 2 6
15 71 4 1
15 72 9 2
15 73 1 6
15 74 10 9
15 75 5 6
15 77 6 1
15 78 5 8
15 79 3 3
15 80 7 7
15 81 1 8
15 83 9 3
15 84 10 1
15 85 4 9
15 86 2 10
15 87 2 9
15 88 9 2
15 89 1 6
15 90 6 9
15 91 10 4
15 92 8 3
15 93 4 8
15 95 4 2
15 96 1 3
15 97 8 6
15 98 7 2
15 100 9 1
16 17 3 10
16 18 7 7
16 20 7 5
16 21 8 1
16 22 10 2
16 23 10 3
16 25 3 3
16 26 8 6
16 27 2 7
16 28 8 10
16 29 3 8
16 30 10 9
16 33 9 6
16 34 8 8
16 35 4 6
16 37 5 3
16 38 3 8
16 39 4 3
16 40 7 8
16 41 2 2
16 42 10 5
16 44 4 4
16 46 9 1
16 47 7 7
16 48 8 10
16 49 5 7
16 51 9 6
16 52 3 8
16 53 2 7
16 54 3 4
16 56 8 9
16 57 2 3
16 58 2 2
16 59 5 1
16 61 10 10
16 62 6 4
16 63 10 9
16 64 2 7
16 65 4 10
16 66 4 6
16 68 1 8
16 69 9 6
16 70 7 5
16 71 7 1
16 72 3 1
16 74 1 3
16 75 10 2
16 76 8 7
16 77 9 3
16 78 7 5
16 79 4 8
16 80 7 8
16 81 5 7
16 83 9 7
16 85 8 1
16 86 2 5
16 88 10 9
16 89 4 5
16 90 7 8
16 91 7 1
16 92 6 3
16 93 1 6
16 94 6 3
16 95 9 3
16 97 4 4
16 98 8 10
16 99 3 9
16 100 7 5
17 18 7 5
17 19 9 7
17 20 6 5
17 21 3 4
17 22 5 5
17 24 4 3
17 25 5 10
17 26 7 8
17 27 5 1
17 28 3 10
17 29 3 10
17 30 10 9
17 31 6 4
17 33 3 7
17 34 1 3
17 35 1 4
17 36 5 5
17 37 7 7
17 39 7 7
17 40 2 8
17 41 3 2
17 42 3 10
17 43 6 3
17 44 7 5
17 45 4 2
17 46 9 6
17 47 9 9
17 48 2 3
17 49 4 7
17 51 4 5
17 52 6 9
17 53 1 10
17 54 10 5
17 55 5 1
17 56 1 4
17 57 10 4
17 58 10 10
17 59 9 9
17 60 9 6
17 61 8 1
17 62 1 4
17 63 3 4
17 64 3 10
17 65 7 8
17 66 3 6
17 68 5 4
17 69 7 10
17 70 2 8
17 72 4 9
17 73 2 6
17 75 9 6
17 78 6 3
17 80 8 2
17 81 10 10
17 82 9 6
17 83 8 10
17 85 10 2
17 87 6 7
17 88 5 5
17 89 3 6
17 90 4 5
17 91 7 5
17 92 10 7
17 93 9 1
17 94 6 10
17 96 9 2
17 98 5 7
17 99 8 6
18 19 5 3
18 20 7 1
18 21 10 1
18 22 6 5
18 23 4 6
18 25 2 8
18 27 10 2
18 28 3 3
18 30 6 5
18 31 8 5
18 32 9 5
18 33 2 3
18 34 7 6
18 35 1 10
18 36 1 4
18 37 4 5
18 39 6 8
18 40 2 9
18 41 8 2
18 42 3 10
18 43 7 5
18 44 3 9
18 45 10 2
18 46 1 4
18 47 8 8
18 48 4 6
18 49 5 3
18 51 4 9
18 53 3 10
18 54 6 6
18 55 6 7
18 56 2 10
18 57 6 10
18 59 9 2
18 60 8 4
18 61 3 5
18 62 5 1
18 63 9 8
18 64 6 4
18 66 7 6
18 67 5 7
18 69 6 4
18 70 10 10
18 71 5 5
18 74 8 1
18 75 9 3
18 76 6 2
18 78 1 3
18 79 1 6
18 80 2 1
18 82 2 9
18 83 1 4
18 85 1 7
18 86 4 7
18 87 6 9
18 88 2 2
18 90 1 6
18 91 6 10
18 92 9 6
18 93 1 2
18 94 9 5
18 95 6 6
18 96 1 6
18 99 4 6
18 100 8 8
19 21 10 7
19 22 5 1
19 25 2 5
19 26 3 9
19 28 4 5
19 29 7 1
19 30 7 1
19 32 5 2
19 33 4 6
19 35 6 5
19 36 1 7
19 37 7 3
19 39 3 9
19 40 7 8
19 41 3 9
19 42 1 1
19 43 8 3
19 44 3 1
19 45 3 1
19 46 5 4
19 47 4 5
19 51 10 5
19 53 8 2
19 54 1 5
19 56 2 10
19 58 9 9
19 59 4 4
19 60 6 1
19 61 7 7
19 62 8 1
19 64 9 4
19 65 9 3
19 66 2 1
19 68 4 6
19 70 6 5
19 71 4 8
19 74 6 2
19 77 8 5
19 78 2 10
19 81 9 10
19 82 1 6
19 83 4 1
19 84 2 9
19 86 8 4
19 87 6 8
19 88 3 9
19 89 8 3
19 90 3 7
19 91 1 4
19 92 7 8
19 93 2 9
19 94 10 10
19 95 6 5
19 96 8 9
19 98 6 2
19 99 10 8
19 100 8 7
20 21 5 4
20 22 4 10
20 25 10 3
20 26 4 7
20 28 1 3
20 29 2 1
20 30 2 10
20 31 2 1
20 32 2 10
20 33 7 1
20 34 6 5
20 35 7 4
20 36 10 4
20 37 3 3
20 38 10 8
20 39 1 8
20 40 6 6
20 41 3 9
20 42 3 5
20 43 2 10
20 44 4 2
20 45 3 10
20 47 10 8
20 48 3 6
20 49 10 8
20 50 8 6
20 51 10 10
20 52 4 1
20 54 3 4
20 55 3 5
20 56 8 8
20 57 7 1
20 58 7 9
20 59 8 6
20 60 9 10
20 61 9 7
20 62 7 6
20 63 9 7
20 64 6 5
20 65 8 5
20 66 9 7
20 67 3 5
20 68 1 8
20 71 4 8
20 73 10 8
20 74 8 1
20 76 1 2
20 77 7 4
20 78 7 2
20 79 3 2
20 80 2 5
20 82 2 2
20 83 2 10
20 84 3 7
20 85 2 1
20 86 7 8
20 88 9 6
20 89 1 4
20 90 10 6
20 91 4 3
20 92 3 3
20 93 5 8
20 94 7 3
20 98 9 10
20 99 2 5
20 100 9 10
21 22 4 5
21 23 10 4
21 24 8 3
21 25 1 9
21 26 3 8
21 27 8 8
21 28 3 7
21 29 8 3
21 30 7 1
21 31 10 3
21 32 6 7
21 33 7 1
21 34 2 6
21 35 10 4
21 36 6 5
21 37 4 4
21 38 4 10
21 39 6 8
21 42 3 4
21 43 3 7
21 44 3 7
21 45 7 9
21 47 2 6
21 48 5 8
21 49 1 7
21 50 6 7
21 51 9 1
21 53 2 9
21 54 10 6
21 57 3 5
21 58 5 5
21 59 4 10
21 60 3 9
21 61 8 5
21 62 9 6
21 63 9 9
21 64 4 4
21 65 9 10
21 66 2 9
21 67 5 5
21 68 5 4
21 73 3 8
21 74 5 7
21 75 1 1
21 77 10 4
21 78 1 2
21 81 7 5
21 82 4 10
21 83 5 5
21 84 7 10
21 85 3 7
21 86 3 2
21 87 1 3
21 88 1 7
21 90 10 3
21 91 10 3
21 92 8 1
21 93 5 5
21 94 7 10
21 95 9 10
21 96 1 1
21 99 9 6
21 100 6 4
22 23 9 10
22 24 6 7
22 25 1 10
22 26 6 3
22 27 6 7
22 28 6 2
22 30 8 9
22 31 2 8
22 32 10 4
22 34 10 2
22 35 4 10
22 36 5 5
22 37 1 7
22 38 6 2
22 39 3 4
22 40 3 9
22 42 3 2
22 43 2 2
22 44 4 8
22 45 5 1
22 47 4 8
22 48 3 4
22 49 2 10
22 50 8 3
22 51 3 2
22 52 3 7
22 53 4 3
22 54 5 6
22 55 9 3
22 57 6 10
22 59 2 9
22 60 3 8
22 61 2 9
22 62 8 2
22 63 2 5
22 64 7 7
22 66 10 7
22 67 1 8
22 68 8 5
22 69 7 6
22 70 2 10
22 71 6 7
22 72 4 5
22 73 10 5
22 74 2 4
22 76 5 4
22 77 6 3
22 79 4 1
22 80 5 3
22 82 10 2
22 83 9 9
22 84 2 7
22 86 9 8
22 88 1 6
22 90 8 6
22 91 7 5
22 93 3 10
22 94 8 2
22 95 7 4
22 96 10 7
22 97 7 1
22 98 8 9
22 99 6 4
22 100 4 2
23 24 10 1
23 27 1 10
23 28 3 3
23 29 4 2
23 30 9 2
23 31 5 1
23 33 1 3
23 34 10 4
23 35 10 8
23 36 4 5
23 37 7 7
23 38 8 10
23 39 7 3
23 41 1 3
23 42 8 4
23 43 4 1
23 44 2 3
23 47 10 7
23 48 2 9
23 50 7 5
23 51 10 10
23 52 2 8
23 53 1 7
23 54 9 10
23 55 4 3
23 56 9 7
23 58 2 7
23 60 8 6
23 61 3 4
23 62 5 9
23 63 6 10
23 64 2 7
23 65 1 8
23 66 7 1
23 67 5 5
23 68 4 9
23 69 2 2
23 70 4 3
23 71 10 7
23 72 3 9
23 73 2 2
23 74 3 10
23 75 6 3
23 76 7 7
23 77 2 9
23 79 10 4
23 80 9 3
23 81 8 5
23 82 4 5
23 83 10 4
23 84 3 4
23 85 3 7
23 86 5 1
23 87 3 6
23 88 8 8
23 89 9 5
23 90 8 7
23 91 9 6
23 92 8 8
23 93 1 5
23 94 1 5
23 95 9 9
23 96 7 1
23 98 5 3
23 99 7 5
23 100 5 9
24 25 9 4
24 26 2 6
24 27 5 9
24 28 1 5
24 29 5 3
24 30 3 7
24 31 9 6
24 32 6 5
24 33 8 2
24 34 5 7
24 35 8 10
24 36 8 8
24 37 3 10
24 38 1 7
24 39 5 2
24 40 2 10
24 41 9 8
24 43 6 8
24 44 10 7
24 45 3 5
24 46 2 3
24 47 2 4
24 48 7 2
24 49 1 1
24 50 9 1
24 51 9 9
24 52 1 6
24 53 9 9
24 54 3 1
24 55 8 2
24 56 2 5
24 58 1 1
24 59 6 5
24 60 8 4
24 61 3 3
24 62 2 3
24 63 4 8
24 64 9 1
24 66 6 3
24 68 9 2
24 69 3 5
24 70 7 10
24 72 10 6
24 73 3 4
24 74 8 2
24 75 7 6
24 77 1 5
24 78 7 1
24 79 1 10
24 82 2 1
24 84 2 10
24 85 10 3
24 86 7 7
24 88 9 6
24 90 10 9
24 93 7 7
24 95 2 10
24 99 3 4
25 26 6 10
25 27 2 2
25 28 1 10
25 29 8 3
25 32 1 6
25 33 2 10
25 35 4 6
25 36 6 7
25 37 7 7
25 38 3 7
25 39 2 6
25 40 1 2
25 42 1 8
25 43 10 3
25 44 6 6
25 45 1 3
25 46 6 1
25 47 2 1
25 48 5 5
25 49 5 10
25 50 7 6
25 51 4 5
25 52 9 7
25 53 3 8
25 54 6 3
25 55 8 7
25 56 7 4
25 57 1 5
25 58 1 6
25 60 10 6
25 61 2 5
25 62 1 8
25 63 10 10
25 64 1 9
25 66 6 6
25 67 5 1
25 68 3 7
25 69 1 5
25 70 9 1
25 71 1 9
25 72 1 2
25 73 3 9
25 74 7 10
25 75 5 1
25 77 5 1
25 79 2 10
25 80 7 7
25 81 6 3
25 82 2 2
25 83 8 1
25 84 1 9
25 86 7 6
25 87 3 10
25 88 6 7
25 90 8 6
25 91 10 1
25 92 7 9
25 94 5 2
25 95 9 8
25 96 4 10
25 98 10 5
25 99 10 5
25 100 4 2
26 27 6 7
26 28 8 9
26 29 5 9
26 30 5 2
26 31 7 2
26 32 8 9
26 35 6 9
26 36 4 10
26 37 9 3
26 38 4 9
26 41 1 4
26 42 1 5
26 43 10 1
26 44 4 10
26 46 1 7
26 47 8 8
26 48 8 9
26 49 10 9
26 50 5 2
26 51 5 1
26 52 9 6
26 53 4 5
26 54 8 10
26 55 3 7
26 57 6 8
26 58 7 3
26 59 8 6
26 60 3 2
26 61 5 8
26 62 4 7
26 63 1 5
26 64 9 8
26 67 6 3
26 68 9 8
26 69 4 6
26 70 9 4
26 71 9 4
26 72 1 1
26 73 1 10
26 74 4 2
26 75 2 10
26 76 9 7
26 77 10 6
26 78 8 9
26 79 1 2
26 80 3 7
26 81 5 2
26 82 7 7
26 83 8 3
26 84 3 4
26 86 10 10
26 87 8 4
26 88 9 7
26 89 7 10
26 90 1 7
26 91 5 4
26 92 5 3
26 93 3 7
26 94 4 2
26 95 2 1
26 96 10 6
26 97 2 7
26 100 2 4
27 28 8 5
27 29 10 10
27 30 7 5
27 31 4 2
27 32 2 9
27 33 4 6
27 34 8 2
27 35 1 6
27 36 2 10
27 37 3 9
27 38 4 1
27 39 5 1
27 40 10 3
27 41 8 7
27 42 8 2
27 43 7 2
27 44 6 8
27 45 9 6
27 47 3 3
27 48 3 8
27 50 4 7
27 51 7 8
27 52 4 2
27 53 6 4
27 54 8 1
27 55 5 10
27 58 2 8
27 59 9 3
27 60 1 5
27 63 7 7
27 64 7 6
27 65 5 7
27 66 7 3
27 68 9 1
27 70 3 6
27 71 6 9
27 72 10 9
27 73 7 10
27 74 8 10
27 75 1 9
27 76 8 6
27 77 7 2
27 79 4 10
27 80 5 8
27 84 1 2
27 85 1 9
27 86 7 5
27 87 2 10
27 88 7 7
27 89 5 7
27 90 10 1
27 91 7 9
27 92 6 6
27 93 1 1
27 94 10 9
27 95 5 3
27 96 4 5
27 97 7 6
27 98 9 3
28 29 10 8
28 30 2 3
28 31 4 8
28 32 10 2
28 33 6 9
28 34 4 1
28 36 4 3
28 37 10 3
28 38 5 1
28 39 3 8
28 40 8 3
28 41 1 4
28 42 8 5
28 43 6 6
28 46 3 6
28 47 8 8
28 48 6 4
28 51 3 9
28 53 1 3
28 54 5 2
28 55 7 2
28 56 1 5
28 58 3 4
28 59 3 3
28 60 2 6
28 61 2 6
28 62 8 1
28 63 5 9
28 64 10 2
28 65 8 6
28 66 2 6
28 67 7 7
28 68 3 7
28 69 4 6
28 70 1 1
28 71 3 8
28 72 9 7
28 73 10 1
28 74 5 3
28 76 4 7
28 77 4 10
28 78 5 9
28 79 5 10
28 82 1 10
28 83 1 1
28 84 1 5
28 86 2 5
28 87 8 7
28 88 9 1
28 89 8 7
28 90 5 10
28 92 3 2
28 93 1 6
28 94 9 7
28 95 1 7
28 96 1 1
28 97 8 9
28 98 7 6
28 99 7 10
28 100 8 10
29 30 2 1
29 31 8 5
29 32 5 7
29 33 4 2
29 35 6 8
29 36 7 1
29 37 5 7
29 38 3 9
29 39 8 10
29 40 5 5
29 41 6 8
29 42 5 6
29 44 6 9
29 45 1 1
29 46 5 4
29 47 4 10
29 49 7 7
29 50 8 4
29 52 8 9
29 53 9 2
29 54 6 6
29 55 6 7
29 56 8 2
29 57 8 10
29 58 3 5
29 59 10 5
29 60 6 10
29 61 8 1
29 62 2 1
29 63 10 7
29 64 3 2
29 66 9 4
29 67 3 8
29 68 9 4
29 70 3 4
29 73 6 6
29 74 2 7
29 76 10 6
29 77 8 6
29 78 10 6
29 79 8 6
29 80 3 7
29 81 5 9
29 82 6 2
29 83 8 3
29 85 2 9
29 86 8 4
29 87 5 4
29 88 1 6
29 89 6 1
29 90 5 3
29 91 5 3
29 92 5 8
29 93 8 8
29 94 1 6
29 95 3 7
29 96 10 9
29 98 5 2
29 99 4 4
30 31 10 6
30 37 3 9
30 38 4 2
30 39 6 3
30 41 7 3
30 42 10 2
30 43 4 4
30 44 5 10
30 45 9 1
30 46 3 6
30 47 7 2
30 48 7 10
30 49 5 1
30 50 8 9
30 51 5 5
30 53 8 1
30 54 3 6
30 55 4 2
30 56 1 7
30 58 3 2
30 60 2 8
30 61 2 5
30 62 2 1
30 63 9 6
30 64 6 5
30 65 1 2
30 66 1 1
30 67 6 3
30 69 10 10
30 71 9 7
30 72 5 5
30 73 1 3
30 74 5 8
30 75 3 1
30 77 3 3
30 78 2 4
30 79 3 4
30 81 5 4
30 82 1 10
30 83 10 5
30 84 9 3
30 85 2 5
30 86 9 8
30 87 6 4
30 88 7 6
30 89 1 9
30 90 7 6
30 91 2 5
30 92 5 2
30 93 4 2
30 94 5 4
30 95 7 3
30 96 3 6
30 97 9 9
30 98 9 7
30 99 3 1
30 100 4 6
31 32 8 6
31 33 6 2
31 35 1 5
31 37 10 7
31 38 4 5
31 40 1 3
31 41 9 5
31 42 9 7
31 43 4 7
31 44 5 6
31 46 1 6
31 49 6 3
31 50 8 1
31 51 4 8
31 52 4 4
31 55 1 10
31 56 4 7
31 58 4 1
31 59 3 5
31 62 2 10
31 63 7 2
31 64 6 4
31 65 9 1
31 66 10 1
31 67 7 8
31 68 10 1
31 69 4 5
31 70 1 7
31 71 4 2
31 72 5 10
31 73 10 10
31 74 2 10
31 75 9 3
31 76 10 1
31 77 8 7
31 78 7 10
31 79 1 10
31 80 10 3
31 81 3 7
31 82 7 1
31 83 1 3
31 84 2 1
31 85 9 10
31 86 6 4
31 87 10 2
31 88 10 9
31 89 6 4
31 90 9 3
31 93 6 10
31 95 9 7
31 97 1 10
31 98 4 1
32 33 8 9
32 34 10 7
32 35 3 6
32 36 9 8
32 37 2 10
32 38 10 6
32 39 5 10
32 40 3 5
32 41 9 5
32 42 9 10
32 43 8 1
32 44 10 8
32 45 1 1
32 46 4 8
32 47 8 9
32 48 7 7
32 49 7 7
32 51 6 3
32 52 2 10
32 53 4 4
32 54 4 3
32 55 5 1
32 56 2 1
32 57 4 9
32 58 4 2
32 59 1 6
32 60 2 9
32 62 1 8
32 64 1 9
32 67 10 1
32 69 4 9
32 70 10 10
32 71 1 2
32 73 7 10
32 74 9 7
32 75 10 5
32 76 5 4
32 77 1 8
32 78 1 1
32 79 8 4
32 81 2 3
32 83 2 1
32 84 2 1
32 85 9 8
32 86 4 4
32 88 7 6
32 89 3 1
32 90 1 6
32 91 7 5
32 93 6 7
32 95 4 10
32 96 9 9
32 97 6 1
32 98 10 1
32 99 9 10
32 100 9 9
33 34 4 8
33 35 3 1
33 36 6 10
33 37 9 3
33 38 3 7
33 40 8 10
33 41 6 6
33 42 10 7
33 43 7 3
33 44 9 3
33 45 3 3
33 46 4 1
33 47 9 7
33 49 3 3
33 51 7 4
33 52 5 3
33 53 4 1
33 54 4 4
33 55 5 10
33 56 3 2
33 57 6 9
33 58 3 8
33 59 10 3
33 60 10 4
33 63 7 7
33 65 4 3
33 67 6 5
33 68 3 9
33 69 7 9
33 70 9 4
33 72 10 10
33 73 7 3
33 74 10 10
33 75 7 5
33 76 4 2
33 78 7 6
33 79 7 9
33 80 2 5
33 81 4 10
33 82 9 4
33 83 10 8
33 84 10 1
33 85 3 3
33 86 5 8
33 87 10 2
33 88 6 1
33 89 7 2
33 90 2 3
33 91 5 6
33 92 9 1
33 93 4 3
33 94 1 9
33 95 2 1
33 96 10 2
33 97 4 4
33 98 5 1
33 99 1 3
33 100 4 3
34 36 10 5
34 38 7 6
34 39 8 2
34 41 10 8
34 42 1 10
34 43 3 5
34 44 6 7
34 45 10 7
34 46 2 3
34 47 5 3
34 48 7 8
34 49 4 3
34 50 8 3
34 51 1 8
34 52 10 5
34 53 9 6
34 56 5 9
34 57 8 8
34 58 1 10
34 59 10 3
34 60 6 2
34 61 5 7
34 63 6 4
34 65 1 1
34 66 3 10
34 67 8 1
34 68 6 9
34 69 10 6
34 70 7 2
34 72 3 5
34 74 1 10
34 76 7 4
34 77 5 10
34 78 4 4
34 79 2 4
34 80 5 8
34 81 3 4
34 82 5 4
34 83 4 1
34 84 8 9
34 85 1 2
34 86 5 5
34 87 7 2
34 89 6 3
34 90 9 4
34 91 9 10
34 92 4 2
34 93 1 7
34 94 8 3
34 95 6 5
34 96 9 8
34 97 7 2
34 98 6 2
34 100 7 6
35 36 8 3
35 37 1 7
35 38 7 8
35 39 2 8
35 40 5 5
35 41 1 5
35 42 6 5
35 43 5 7
35 44 6 5
35 45 5 7
35 46 7 4
35 47 3 3
35 48 9 7
35 50 4 7
35 51 1 1
35 52 7 5
35 53 3 9
35 54 3 6
35 55 10 9
35 56 6 8
35 59 3 3
35 60 9 5
35 61 7 8
35 62 5 3
35 64 9 10
35 65 2 9
35 66 2 6
35 67 7 3
35 69 8 8
35 70 7 3
35 72 6 9
35 73 7 7
35 75 8 9
35 76 5 10
35 78 1 5
35 79 9 8
35 80 1 9
35 83 9 10
35 84 3 8
35 85 2 8
35 86 3 7
35 87 2 2
35 88 4 2
35 89 2 9
35 90 9 10
35 91 8 5
35 93 8 3
35 94 1 10
35 95 4 7
35 96 1 4
35 97 5 2
35 98 4 1
35 99 9 6
35 100 6 4
36 37 9 9
36 38 9 6
36 40 6 1
36 41 2 2
36 42 7 1
36 43 1 3
36 44 8 3
36 45 10 6
36 46 7 10
36 47 5 10
36 48 9 1
36 49 1 9
36 50 2 10
36 51 9 9
36 52 9 10
36 53 1 4
36 55 9 8
36 56 1 2
36 57 1 7
36 58 5 4
36 59 2 4
36 60 3 3
36 61 5 3
36 62 7 10
36 64 1 2
36 65 3 10
36 66 5 2
36 67 3 1
36 68 6 2
36 71 3 2
36 72 1 3
36 74 5 9
36 75 2 3
36 76 1 2
36 77 9 2
36 78 2 10
36 79 6 7
36 82 3 8
36 84 1 5
36 91 1 3
36 92 5 5
36 93 1 6
36 94 8 5
36 95 7 4
36 96 3 2
36 97 4 4
36 98 7 4
36 99 8 5
36 100 4 3
37 39 8 9
37 40 1 7
37 41 9 5
37 42 7 3
37 43 1 9
37 44 2 1
37 45 7 8
37 46 8 9
37 49 4 4
37 50 9 6
37 52 9 8
37 53 9 7
37 54 6 2
37 55 7 6
37 56 7 2
37 57 1 10
37 58 10 6
37 59 1 8
37 60 3 9
37 61 10 1
37 63 2 1
37 65 3 3
37 66 8 9
37 67 8 4
37 68 9 8
37 70 4 10
37 71 9 5
37 72 5 10
37 76 3 3
37 77 10 4
37 78 2 1
37 79 2 3
37 80 8 1
37 84 1 1
37 85 5 3
37 87 10 3
37 88 9 4
37 89 7 6
37 90 5 10
37 91 6 10
37 92 6 8
37 93 5 1
37 94 10 3
37 95 4 7
37 96 7 5
37 97 2 3
37 98 3 10
37 99 5 7
38 39 5 4
38 41 8 3
38 43 8 6
38 44 3 9
38 47 5 10
38 48 3 3
38 50 5 3
38 51 3 2
38 55 8 3
38 56 2 9
38 57 4 2
38 58 1 5
38 59 7 5
38 60 8 6
38 61 7 2
38 62 2 10
38 64 8 7
38 65 3 4
38 66 4 9
38 67 6 2
38 68 8 10
38 69 4 5
38 70 5 4
38 71 1 10
38 72 2 9
38 73 9 10
38 75 5 4
38 76 1 6
38 77 9 2
38 78 3 10
38 79 1 4
38 80 3 10
38 81 6 10
38 82 6 7
38 83 4 7
38 84 8 2
38 85 7 7
38 87 3 8
38 88 9 10
38 89 9 1
38 90 1 7
38 91 2 4
38 92 7 8
38 93 9 3
38 94 6 10
38 95 2 5
38 96 1 9
38 97 6 8
38 98 1 5
38 99 7 5
38 100 5 2
39 40 4 9
39 41 7 8
39 42 7 6
39 43 7 9
39 44 4 9
39 45 8 2
39 46 10 2
39 47 4 7
39 48 4 9
39 49 3 10
39 50 4 8
39 51 4 1
39 52 6 7
39 54 10 2
39 55 7 5
39 57 10 8
39 59 1 10
39 60 8 10
39 61 8 6
39 62 4 8
39 63 5 7
39 64 6 5
39 65 3 4
39 66 10 4
39 67 6 2
39 69 1 1
39 70 9 7
39 71 6 6
39 73 1 10
39 74 3 5
39 75 8 5
39 76 10 3
39 77 6 9
39 78 10 6
39 79 9 7
39 80 8 2
39 81 2 10
39 82 7 8
39 83 4 3
39 85 8 1
39 86 2 7
39 88 5 5
39 89 8 5
39 90 3 3
39 91 5 10
39 92 5 8
39 93 3 6
39 94 8 7
39 95 9 3
39 96 2 5
39 97 10 9
39 98 6 9
39 99 10 6
39 100 3 2
40 41 7 8
40 42 1 6
40 44 7 10
40 45 8 6
40 46 5 1
40 48 7 2
40 49 9 9
40 50 2 6
40 51 6 1
40 52 5 3
40 53 3 5
40 54 6 3
40 55 7 7
40 56 9 5
40 58 8 6
40 59 5 1
40 60 10 9
40 61 4 4
40 62 2 8
40 63 10 4
40 65 3 7
40 66 5 9
40 67 8 10
40 68 6 9
40 70 4 6
40 71 2 9
40 72 4 10
40 73 1 9
40 74 2 6
40 76 10 5
40 77 10 1
40 78 3 2
40 79 2 8
40 80 9 5
40 82 4 4
40 83 1 8
40 84 2 3
40 85 2 8
40 86 1 7
40 87 9 4
40 88 2 5
40 89 6 5
40 90 6 1
40 91 8 4
40 93 4 2
40 94 4 3
40 95 4 9
40 96 5 1
40 97 9 10
40 99 1 3
41 42 8 9
41 43 2 6
41 44 10 7
41 45 5 9
41 46 9 9
41 47 1 5
41 48 7 2
41 49 6 2
41 50 7 9
41 51 4 1
41 52 8 5
41 53 5 9
41 54 3 1
41 55 1 6
41 56 3 7
41 57 3 6
41 59 7 8
41 60 1 5
41 61 4 5
41 62 5 2
41 63 9 4
41 64 1 1
41 65 1 5
41 66 8 8
41 67 8 1
41 68 5 3
41 69 7 6
41 70 10 6
41 72 2 8
41 73 8 4
41 74 5 6
41 75 7 2
41 76 8 5
41 77 6 2
41 78 7 1
41 80 3 7
41 81 8 3
41 82 6 10
41 83 8 6
41 84 1 4
41 85 6 6
41 86 9 5
41 87 8 9
41 88 8 6
41 89 4 7
41 93 3 4
41 94 1 5
41 95 3 1
41 97 4 4
41 98 1 8
41 99 6 2
41 100 10 6
42 43 7 3
42 44 7 1
42 45 7 8
42 46 8 7
42 47 6 2
42 48 4 8
42 51 2 2
42 52 7 9
42 53 8 3
42 54 2 2
42 55 4 5
42 56 5 3
42 57 9 4
42 58 10 8
42 59 2 9
42 62 6 8
42 63 1 3
42 64 1 2
42 65 2 6
42 66 5 6
42 67 3 2
42 68 2 10
42 69 5 9
42 70 2 8
42 71 6 1
42 72 6 8
42 73 4 1
42 74 7 9
42 76 4 10
42 77 6 1
42 78 7 5
42 80 10 3
42 82 1 9
42 83 8 2
42 84 1 1
42 86 10 9
42 90 8 3
42 91 5 4
42 92 1 2
42 94 6 10
42 95 1 10
42 96 9 2
42 97 10 8
42 99 9 2
43 44 7 1
43 47 5 9
43 48 6 7
43 49 7 7
43 51 5 2
43 53 1 4
43 54 10 7
43 56 6 4
43 57 2 9
43 58 9 9
43 59 3 9
43 60 9 9
43 62 6 10
43 63 6 1
43 65 2 3
43 66 3 7
43 67 4 2
43 68 8 9
43 69 2 7
43 70 9 3
43 72 4 7
43 73 8 1
43 75 5 4
43 76 2 10
43 77 3 9
43 78 4 7
43 79 6 6
43 80 2 7
43 81 5 10
43 82 3 6
43 83 1 10
43 84 10 5
43 85 3 2
43 86 1 4
43 87 9 3
43 88 3 9
43 89 3 8
43 91 9 4
43 93 8 1
43 95 1 5
43 96 4 10
43 97 2 8
43 98 9 4
43 99 5 2
43 100 8 1
44 45 2 7
44 46 8 3
44 47 2 9
44 49 8 8
44 51 10 2
44 52 6 2
44 53 7 10
44 54 8 4
44 57 4 6
44 58 6 9
44 59 5 7
44 62 4 9
44 65 9 4
44 66 5 1
44 67 1 1
44 68 5 4
44 69 2 4
44 71 1 8
44 73 9 3
44 76 3 4
44 77 3 5
44 78 8 1
44 79 1 5
44 80 1 1
44 82 4 5
44 83 2 2
44 84 6 10
44 85 1 5
44 86 6 10
44 87 8 9
44 88 5 4
44 89 8 9
44 90 3 10
44 92 10 3
44 93 3 6
44 94 10 3
44 95 5 9
44 97 2 4
44 99 3 10
45 46 3 5
45 47 5 5
45 48 3 5
45 49 6 6
45 50 10 6
45 51 3 2
45 52 8 6
45 55 7 4
45 56 4 4
45 57 1 6
45 58 6 5
45 59 7 10
45 60 6 5
45 61 4 8
45 62 3 8
45 63 7 10
45 64 6 2
45 66 4 4
45 68 10 4
45 69 6 7
45 70 1 8
45 71 4 8
45 72 4 6
45 75 3 3
45 77 10 3
45 78 8 5
45 79 7 10
45 80 2 3
45 81 5 1
45 82 7 8
45 83 4 1
45 84 10 7
45 85 5 6
45 86 2 5
45 88 8 10
45 89 2 3
45 90 8 10
45 91 9 8
45 92 5 6
45 93 3 9
45 95 6 2
45 96 6 7
45 97 8 6
45 98 1 10
45 99 8 6
46 48 9 7
46 49 4 5
46 50 1 10
46 51 1 4
46 52 5 2
46 53 2 1
46 54 7 8
46 55 4 9
46 56 6 4
46 57 2 6
46 58 6 6
46 59 2 3
46 62 1 8
46 64 2 10
46 65 2 10
46 66 7 8
46 67 6 5
46 68 9 2
46 69 2 10
46 70 2 7
46 71 10 1
46 73 2 3
46 74 9 4
46 75 10 9
46 76 10 10
46 77 4 5
46 79 8 10
46 80 3 3
46 81 7 3
46 83 2 4
46 84 9 4
46 87 6 8
46 88 9 4
46 89 3 2
46 90 7 6
46 91 7 8
46 92 4 5
46 93 3 4
46 95 8 10
46 96 6 6
46 97 1 10
46 98 6 6
46 99 1 4
46 100 8 1
47 48 7 7
47 49 6 7
47 50 7 8
47 51 5 8
47 52 7 6
47 53 8 2
47 54 9 9
47 55 6 1
47 56 7 6
47 57 9 10
47 58 1 10
47 59 1 7
47 60 9 9
47 61 2 1
47 62 4 10
47 63 5 10
47 64 5 4
47 65 10 7
47 66 2 5
47 68 7 9
47 69 5 2
47 70 2 6
47 73 2 1
47 75 1 2
47 76 10 6
47 77 10 6
47 78 10 3
47 79 7 8
47 80 6 5
47 81 7 3
47 82 3 10
47 84 7 7
47 85 4 2
47 86 3 6
47 87 9 5
47 88 3 6
47 89 2 3
47 90 4 8
47 91 9 8
47 92 3 1
47 93 5 7
47 95 3 5
47 97 3 6
47 98 9 2
47 99 1 3
47 100 3 1
48 49 9 3
48 51 2 1
48 52 10 4
48 53 9 2
48 55 10 10
48 57 6 4
48 58 6 6
48 61 3 5
48 62 1 7
48 63 10 10
48 64 6 2
48 66 3 1
48 67 10 2
48 68 4 9
48 69 7 4
48 70 9 5
48 71 5 9
48 72 1 2
48 73 6 1
48 74 8 9
48 75 3 5
48 76 5 5
48 77 2 10
48 78 6 8
48 80 3 3
48 81 6 6
48 84 3 1
48 85 7 5
48 86 3 4
48 87 7 6
48 88 3 5
48 89 9 5
48 90 10 5
48 92 8 4
48 93 2 5
48 95 6 1
48 97 9 2
48 99 9 9
48 100 3 1
49 51 3 7
49 52 9 5
49 54 2 8
49 55 9 4
49 56 5 10
49 57 1 8
49 58 4 1
49 59 8 8
49 60 5 8
49 61 5 10
49 62 4 4
49 63 1 10
49 64 9 3
49 65 6 8
49 66 7 8
49 67 1 6
49 68 5 7
49 69 10 6
49 70 7 7
49 71 10 1
49 72 8 8
49 73 4 1
49 74 2 2
49 75 2 4
49 76 4 8
49 77 8 1
49 78 9 7
49 79 10 7
49 80 1 2
49 81 5 6
49 82 6 10
49 86 9 3
49 87 9 1
49 89 10 7
49 91 9 6
49 92 2 10
49 93 10 8
49 94 6 7
49 95 5 2
49 96 8 10
49 98 4 9
49 99 2 2
49 100 7 1
50 51 5 1
50 53 10 4
50 55 9 8
50 56 2 8
50 57 6 8
50 59 9 4
50 60 2 5
50 61 8 4
50 62 7 8
50 64 7 1
50 66 7 2
50 67 6 4
50 69 7 5
50 71 2 8
50 72 5 7
50 73 4 1
50 74 4 2
50 75 7 5
50 76 5 7
50 77 6 4
50 78 5 7
50 79 8 7
50 80 2 1
50 81 10 4
50 84 10 4
50 85 3 1
50 86 4 5
50 87 4 5
50 88 1 6
50 89 4 3
50 91 2 5
50 92 5 6
50 93 7 2
50 94 2 1
50 95 5 8
50 96 4 7
50 97 5 5
50 98 4 6
50 100 10 10
51 52 5 1
51 53 4 6
51 54 10 9
51 56 2 3
51 57 6 2
51 58 9 1
51 60 3 5
51 61 9 9
51 62 2 2
51 63 9 2
51 65 4 1
51 66 2 6
51 67 5 2
51 69 7 1
51 70 3 4
51 71 8 3
51 72 5 8
51 74 10 4
51 75 5 6
51 76 2 10
51 77 6 2
51 78 5 6
51 79 8 7
51 80 2 1
51 81 3 3
51 82 6 6
51 83 6 4
51 84 6 6
51 85 2 7
51 86 10 8
51 87 2 3
51 88 5 1
51 89 4 4
51 91 3 9
51 92 1 8
51 93 1 6
51 94 3 7
51 96 1 9
51 98 4 2
51 99 7 8
51 100 5 2
52 53 9 10
52 54 2 8
52 55 10 5
52 58 10 3
52 59 9 9
52 60 5 9
52 61 9 5
52 62 1 3
52 63 7 2
52 64 8 1
52 65 9 9
52 66 4 10
52 67 8 1
52 69 10 10
52 70 8 4
52 72 4 9
52 74 9 3
52 75 8 4
52 76 8 3
52 77 8 1
52 78 10 7
52 79 1 10
52 80 7 4
52 81 2 7
52 82 3 4
52 83 10 10
52 84 5 5
52 85 7 6
52 86 1 2
52 87 3 4
52 88 7 9
52 90 9 9
52 91 6 7
52 92 7 10
52 93 3 5
52 95 1 8
52 97 9 6
52 99 8 2
53 54 2 10
53 57 6 5
53 58 4 5
53 59 4 6
53 60 2 3
53 61 6 7
53 62 5 5
53 63 3 7
53 64 10 4
53 65 4 3
53 66 1 9
53 67 4 1
53 68 6 2
53 69 6 9
53 70 5 1
53 71 10 1
53 73 8 3
53 74 5 4
53 75 7 6
53 76 5 4
53 77 3 9
53 78 1 10
53 79 1 10
53 81 2 5
53 82 10 9
53 83 7 10
53 84 6 8
53 85 1 3
53 86 5 5
53 87 10 10
53 89 7 3
53 90 3 5
53 92 7 1
53 93 9 9
53 94 10 5
53 95 1 1
53 96 3 8
53 97 5 9
53 98 8 6
53 99 6 10
53 100 10 6
54 56 3 7
54 57 2 8
54 59 8 6
54 60 5 5
54 61 2 5
54 62 9 1
54 63 8 7
54 64 6 10
54 65 4 5
54 66 3 1
54 67 4 8
54 68 2 3
54 69 3 5
54 70 9 2
54 72 8 8
54 73 2 8
54 74 10 7
54 75 3 3
54 76 9 5
54 77 6 10
54 78 2 10
54 80 4 4
54 81 9 9
54 82 9 7
54 83 2 9
54 84 8 10
54 85 6 10
54 86 10 10
54 87 4 3
54 88 5 2
54 89 5 8
54 90 10 7
54 91 3 10
54 93 7 4
54 94 9 8
54 95 8 9
54 96 9 10
54 97 9 1
54 98 1 2
54 99 9 10
54 100 7 5
55 57 4 6
55 58 4 2
55 59 9 4
55 60 9 10
55 63 5 1
55 64 4 4
55 66 1 8
55 67 6 9
55 68 9 5
55 69 3 8
55 70 8 2
55 72 4 1
55 73 6 5
55 74 2 7
55 76 1 7
55 78 3 7
55 79 5 10
55 81 7 3
55 84 5 6
55 85 4 3
55 86 5 6
55 87 9 1
55 88 3 3
55 90 2 9
55 91 4 5
55 92 8 5
55 93 7 4
55 96 9 9
55 97 10 8
55 98 4 5
55 99 7 9
55 100 9 1
56 57 9 2
56 59 4 1
56 61 3 2
56 62 4 7
56 63 6 6
56 65 3 2
56 66 4 8
56 67 6 7
56 68 4 7
56 70 9 6
56 71 5 2
56 72 3 10
56 74 8 10
56 76 5 8
56 77 5 5
56 78 2 1
56 79 7 6
56 80 9 2
56 82 7 2
56 83 1 1
56 84 3 5
56 85 7 9
56 86 5 2
56 87 3 4
56 88 6 4
56 90 7 2
56 92 4 8
56 93 3 9
56 94 7 3
56 95 7 1
56 96 4 6
56 97 5 7
56 98 1 1
56 99 7 10
56 100 10 4
57 58 2 2
57 59 2 9
57 60 7 4
57 61 9 8
57 62 4 5
57 63 6 1
57 64 7 7
57 65 7 4
57 66 9 5
57 67 8 8
57 68 9 6
57 70 6 2
57 71 4 8
57 72 5 1
57 74 3 6
57 75 3 6
57 78 6 5
57 79 6 3
57 80 8 9
57 81 6 8
57 82 8 10
57 84 4 10
57 86 9 3
57 87 6 10
57 88 6 5
57 89 4 5
57 90 4 8
57 91 3 6
57 92 9 9
57 93 8 4
57 94 10 4
57 95 1 8
57 96 7 1
57 97 7 2
57 100 5 3
58 59 3 3
58 60 3 9
58 61 6 6
58 62 9 6
58 63 4 5
58 65 7 1
58 67 7 5
58 68 1 8
58 70 9 9
58 71 6 9
58 72 9 8
58 73 3 7
58 74 9 4
58 75 5 7
58 76 9 10
58 77 4 1
58 79 4 7
58 80 10 6
58 81 5 6
58 82 5 10
58 84 8 1
58 85 7 2
58 86 9 2
58 88 6 6
58 89 8 4
58 90 8 5
58 92 5 5
58 93 2 5
58 94 6 6
58 95 9 7
58 96 5 3
58 98 9 7
58 100 4 4
59 60 10 7
59 62 10 5
59 63 7 10
59 64 1 10
59 65 10 4
59 66 6 4
59 68 1 7
59 69 5 4
59 70 1 1
59 72 10 3
59 73 8 4
59 74 3 8
59 75 7 9
59 76 1 7
59 78 6 2
59 80 6 5
59 81 1 6
59 82 9 5
59 85 3 10
59 86 5 1
59 87 4 9
59 88 2 10
59 89 2 1
59 90 2 9
59 91 8 5
59 92 8 9
59 93 6 1
59 94 3 7
59 96 3 8
59 97 8 4
59 98 5 4
59 99 4 10
59 100 7 3
60 61 4 2
60 62 1 2
60 63 7 7
60 64 4 7
60 65 10 3
60 67 8 3
60 69 8 9
60 70 8 4
60 71 6 6
60 72 3 8
60 73 7 6
60 75 9 8
60 77 2 3
60 78 3 5
60 79 7 3
60 80 8 10
60 81 3 9
60 82 8 1
60 84 5 9
60 86 1 1
60 87 5 8
60 88 1 3
60 89 10 2
60 90 5 6
60 91 7 10
60 92 6 10
60 93 10 1
60 94 1 1
60 95 9 7
60 96 4 3
60 97 9 10
60 98 2 6
60 99 2 6
61 63 7 3
61 65 7 6
61 66 6 8
61 67 3 1
61 68 2 1
61 69 1 9
61 71 8 2
61 72 5 2
61 73 1 9
61 74 7 7
61 75 3 4
61 77 10 2
61 78 4 5
61 79 5 2
61 80 9 7
61 82 9 5
61 83 4 6
61 84 10 4
61 85 7 8
61 88 7 1
61 90 8 6
61 91 5 9
61 94 10 6
61 95 2 9
61 96 5 8
61 98 1 1
61 99 10 5
61 100 9 3
62 63 9 2
62 65 3 4
62 67 8 6
62 68 5 8
62 71 7 5
62 72 8 4
62 73 3 10
62 74 6 8
62 75 2 9
62 77 4 6
62 78 3 2
62 79 6 5
62 80 2 2
62 81 7 2
62 82 6 1
62 83 8 10
62 84 2 10
62 86 10 7
62 87 1 4
62 89 5 4
62 90 8 2
62 91 5 3
62 92 10 7
62 93 10 4
62 94 9 8
62 95 3 7
62 96 4 3
62 97 5 5
62 98 4 10
62 99 6 4
62 100 3 9
63 65 2 6
63 67 3 7
63 68 10 6
63 69 5 1
63 70 5 9
63 71 8 7
63 72 5 10
63 73 1 4
63 74 7 6
63 77 5 7
63 78 3 2
63 79 9 10
63 80 5 3
63 81 9 8
63 82 5 4
63 83 1 2
63 85 6 2
63 86 3 9
63 88 10 7
63 89 9 5
63 90 5 10
63 92 1 10
63 93 7 2
63 94 8 3
63 96 9 8
63 98 9 10
63 99 2 3
63 100 8 4
64 65 1 3
64 66 2 6
64 68 10 4
64 69 7 9
64 70 2 8
64 71 2 7
64 73 10 2
64 75 2 6
64 77 7 8
64 78 4 2
64 79 2 5
64 80 3 2
64 81 5 5
64 82 7 3
64 83 4 7
64 84 7 1
64 86 1 4
64 87 2 1
64 88 3 2
64 89 2 9
64 90 9 8
64 91 9 7
64 92 5 3
64 93 1 8
64 95 6 3
64 96 4 2
64 97 7 6
64 99 3 3
64 100 4 3
65 66 6 8
65 68 10 3
65 69 7 6
65 70 6 9
65 71 10 4
65 72 4 8
65 73 7 8
65 75 10 3
65 76 1 7
65 77 8 9
65 78 4 5
65 79 7 9
65 80 3 1
65 81 6 2
65 82 9 6
65 83 5 7
65 84 1 4
65 86 3 10
65 87 9 4
65 88 6 3
65 89 8 10
65 90 3 8
65 92 9 4
65 93 9 8
65 94 2 2
65 95 5 6
65 97 4 10
65 98 6 10
66 67 4 4
66 68 6 6
66 69 1 4
66 70 7 4
66 71 10 9
66 74 2 9
66 75 3 2
66 78 4 7
66 79 4 6
66 80 4 2
66 81 4 8
66 82 6 4
66 83 10 6
66 84 9 1
66 85 8 10
66 86 8 3
66 87 2 3
66 88 6 9
66 89 4 4
66 90 4 1
66 91 4 10
66 92 7 5
66 93 10 7
66 94 3 7
66 96 9 6
66 97 9 4
66 98 10 9
66 99 9 7
66 100 5 5
67 69 10 4
67 70 8 6
67 71 8 9
67 72 8 2
67 73 7 2
67 74 7 2
67 76 1 9
67 77 2 3
67 78 8 6
67 79 8 10
67 80 6 3
67 81 3 10
67 82 3 9
67 83 6 2
67 85 2 8
67 87 10 1
67 88 6 3
67 89 1 6
67 90 8 5
67 92 1 9
67 93 8 1
67 95 1 10
67 96 9 2
67 98 1 7
67 99 10 2
67 100 1 6
68 69 9 5
68 70 2 2
68 71 8 7
68 72 1 1
68 73 9 4
68 74 4 2
68 75 9 1
68 76 6 1
68 78 6 7
68 79 10 9
68 80 3 1
68 81 10 4
68 84 7 7
68 85 1 2
68 86 9 2
68 87 3 2
68 88 3 9
68 90 4 9
68 91 9 2
68 92 7 8
68 93 6 7
68 94 6 8
68 96 9 6
68 98 10 10
68 99 1 5
69 70 2 2
69 71 5 10
69 72 3 3
69 74 3 7
69 75 5 1
69 76 9 6
69 77 8 8
69 79 2 3
69 80 5 2
69 81 4 9
69 82 3 1
69 83 7 2
69 84 8 9
69 85 2 5
69 86 2 8
69 87 9 2
69 88 5 4
69 89 4 8
69 90 4 8
69 92 10 6
69 93 2 2
69 94 6 7
69 95 3 5
69 96 5 7
69 97 3 7
69 100 6 2
70 71 5 10
70 72 10 2
70 73 6 6
70 74 9 6
70 75 7 9
70 76 6 3
70 77 1 5
70 78 8 6
70 79 9 2
70 80 5 6
70 82 9 9
70 83 4 5
70 85 4 1
70 86 6 2
70 87 7 3
70 88 4 6
70 89 2 10
70 91 9 5
70 92 10 1
70 93 8 5
70 94 5 9
70 95 10 4
70 96 1 3
70 97 9 2
70 99 7 8
71 72 6 4
71 73 4 5
71 75 8 8
71 76 1 9
71 78 8 10
71 80 6 2
71 81 10 1
71 82 7 2
71 84 4 2
71 86 4 2
71 88 4 2
71 90 9 4
71 91 7 5
71 92 10 4
71 93 2 4
71 94 8 5
71 95 3 4
71 97 5 1
71 98 8 3
71 100 3 6
72 73 9 8
72 74 5 9
72 75 6 9
72 76 6 3
72 77 5 4
72 78 9 4
72 79 5 4
72 80 10 7
72 81 4 1
72 82 10 7
72 83 2 10
72 85 1 7
72 86 5 6
72 87 3 5
72 89 10 2
72 90 10 2
72 91 8 9
72 92 4 7
72 93 5 10
72 94 6 3
72 95 4 2
72 96 8 7
72 97 2 10
72 98 3 10
72 99 8 5
72 100 3 5
73 74 3 8
73 75 9 10
73 76 5 9
73 78 4 2
73 79 7 9
73 80 4 8
73 81 1 7
73 82 3 2
73 83 9 1
73 84 3 4
73 86 2 10
73 87 7 10
73 88 9 3
73 89 5 6
73 90 9 8
73 91 9 8
73 94 4 6
73 95 1 1
73 96 10 2
73 97 8 6
73 100 10 9
74 75 2 8
74 76 6 2
74 79 8 2
74 80 10 9
74 81 7 8
74 82 9 2
74 84 9 7
74 85 5 7
74 86 1 7
74 87 1 9
74 88 7 4
74 89 3 4
74 90 2 8
74 93 9 7
74 94 5 9
74 97 3 2
74 100 2 6
75 77 6 1
75 80 3 9
75 81 1 6
75 82 4 5
75 83 5 5
75 85 2 7
75 86 4 10
75 87 3 5
75 88 9 1
75 89 8 10
75 90 4 6
75 91 4 2
75 92 4 5
75 94 7 6
75 95 10 9
75 96 3 2
75 98 9 7
75 99 1 3
76 77 3 8
76 78 1 1
76 80 1 2
76 81 5 7
76 82 1 4
76 83 7 9
76 84 10 4
76 85 6 3
76 86 9 4
76 87 3 8
76 88 6 1
76 89 8 8
76 90 6 4
76 91 5 9
76 92 9 10
76 93 4 5
76 94 4 10
76 95 10 8
76 96 5 10
76 97 3 1
76 98 1 10
76 99 6 1
76 100 2 9
77 78 9 2
77 79 6 5
77 80 3 7
77 82 5 3
77 83 7 7
77 84 4 8
77 85 1 2
77 86 8 8
77 87 6 2
77 88 8 4
77 89 7 1
77 90 8 5
77 91 1 8
77 93 10 7
77 96 7 4
77 98 8 6
77 99 4 2
77 100 4 5
78 79 1 3
78 80 1 4
78 81 9 6
78 82 1 9
78 83 7 2
78 84 3 1
78 86 6 1
78 87 10 5
78 88 10 9
78 90 4 2
78 91 1 6
78 92 4 6
78 93 7 2
78 94 4 7
78 95 6 5
78 96 4 4
78 98 5 5
79 80 9 8
79 81 1 8
79 82 3 6
79 83 9 5
79 84 10 10
79 85 5 9
79 88 6 4
79 89 1 1
79 90 6 10
79 91 8 6
79 93 6 7
79 94 7 2
79 95 4 2
79 96 8 6
79 97 4 6
79 98 7 2
79 99 9 4
80 81 2 5
80 82 7 4
80 83 4 3
80 84 3 5
80 85 8 2
80 86 4 3
80 87 7 7
80 88 9 10
80 89 2 6
80 92 9 5
80 94 8 3
80 95 6 1
80 96 3 7
80 97 8 3
80 98 7 6
80 99 10 5
80 100 1 3
81 82 6 1
81 83 7 10
81 84 5 6
81 85 9 1
81 86 9 3
81 87 6 4
81 88 6 9
81 91 6 8
81 93 1 9
81 94 1 6
81 95 5 10
81 96 4 9
81 99 6 8
81 100 4 5
82 83 3 5
82 84 3 3
82 85 4 7
82 86 6 10
82 87 10 7
82 88 8 1
82 89 4 1
82 90 1 8
82 91 5 3
82 92 4 6
82 93 2 9
82 94 7 9
82 96 1 6
82 98 3 5
82 100 4 4
83 84 7 6
83 85 9 4
83 86 4 1
83 87 2 10
83 88 7 10
83 89 3 10
83 90 5 2
83 91 9 5
83 92 6 9
83 93 4 4
83 94 4 1
83 95 10 10
83 96 6 9
83 97 1 5
83 98 2 6
84 85 7 1
84 86 3 10
84 88 1 6
84 89 3 4
84 90 9 6
84 91 8 3
84 92 9 8
84 93 6 9
84 94 8 1
84 95 3 2
84 96 3 8
84 97 2 4
84 98 10 8
84 99 10 9
85 86 1 8
85 87 6 8
85 88 6 7
85 89 4 7
85 90 10 8
85 91 5 10
85 92 8 1
85 93 8 8
85 95 7 4
85 96 4 8
85 97 3 10
85 99 9 1
85 100 5 1
86 87 10 5
86 88 4 2
86 89 5 2
86 91 1 5
86 92 10 5
86 93 6 4
86 94 3 10
86 95 10 5
86 97 10 3
86 98 6 1
86 99 2 10
87 88 4 4
87 90 9 10
87 91 6 6
87 92 2 7
87 93 7 7
87 94 2 4
87 95 4 1
87 96 8 3
87 97 1 10
87 98 8 6
87 99 6 7
87 100 1 2
88 89 1 2
88 90 2 8
88 91 3 3
88 92 7 10
88 93 10 6
88 95 9 4
88 96 4 2
88 97 4 6
88 100 2 7
89 90 5 4
89 91 2 1
89 92 6 4
89 93 5 2
89 94 5 5
89 95 7 10
89 96 7 2
89 98 10 4
90 92 7 7
90 93 4 7
90 94 1 1
90 95 5 7
90 96 1 4
90 97 9 9
90 98 5 1
90 99 5 4
90 100 1 2
91 92 6 7
91 93 7 6
91 94 8 10
91 95 5 2
91 96 2 4
91 97 8 10
91 98 3 10
91 99 9 2
91 100 10 2
92 93 2 9
92 94 5 6
92 95 7 4
92 96 9 7
92 97 9 5
92 98 3 7
92 99 5 7
92 100 8 4
93 94 7 10
93 95 6 10
93 96 9 9
93 97 10 7
93 98 1 2
93 99 6 8
93 100 5 1
94 96 6 8
94 98 2 6
94 99 10 3
94 100 4 2
95 96 1 6
95 97 10 4
95 98 2 8
95 100 9 10
96 97 2 4
96 98 9 10
96 99 6 6
96 100 6 1
97 99 9 2
97 100 4 2
98 99 5 10
98 100 1 9
99 100 4 9
1
1 2 3 4 5 6 7 8 9 10 11 12 13 14 15 16 17 18 19 20 21 22 23 24 25 26 27 28 29 30 31 32 33 34 35 36 37 38 39 40 41 42 43 44 45 46 47 48 49 50
