3901
1 2 10 1
1 3 10 9
1 4 6 9
1 5 1 2
1 7 9 7
1 8 2 4
1 9 8 4
1 10 8 3
1 12 10 6
1 14 4 3
1 15 3 6
1 16 10 10
1 17 7 7
1 18 1 8
1 19 8 6
1 20 10 8
1 21 1 1
1 22 6 2
1 23 1 9
1 24 4 8
1 25 6 9
1 27 7 10
1 28 7 9
1 29 4 9
1 30 4 8
1 32 4 3
1 34 2 7
1 35 9 10
1 36 9 1
1 38 10 1
1 39 2 5
1 41 2 2
1 43 4 10
1 44 7 6
1 45 9 7
1 46 3 10
1 47 4 5
1 48 1 9
1 49 8 8
1 50 3 2
1 51 6 9
1 52 2 7
1 54 7 6
1 55 3 5
1 56 3 10
1 58 6 6
1 59 3 6
1 60 5 6
1 61 8 9
1 62 8 8
1 63 3 2
1 64 4 5
1 66 7 6
1 68 8 7
1 69 7 4
1 70 8 8
1 71 3 3
1 73 1 1
1 74 9 2
1 75 3 5
1 76 2 8
1 79 4 8
1 80 5 7
1 81 1 3
1 83 7 10
1 84 2 6
1 85 6 5
1 86 7 6
1 87 3 4
1 88 4 2
1 89 9 3
1 90 6 6
1 91 5 4
1 92 10 3
1 93 7 7
1 95 9 6
1 97 9 9
1 98 9 7
2 3 5 10
2 4 2 3
2 5 9 1
2 7 7 1
2 8 9 3
2 9 6 2
2 10 2 10
2 12 8 4
2 13 6 3
2 14 9 5
2 15 4 10
2 16 7 4
2 17 2 6
2 18 7 8
2 19 4 3
2 20 5 3
2 21 1 10
2 23 6 5
2 24 9 7
2 25 8 3
2 26 8 10
2 27 5 3
2 28 8 4
2 29 8 7
2 30 9 9
2 32 10 4
2 33 1 5
2 34 6 2
2 36 10 9
2 37 1 2
2 38 10 3
2 40 4 8
2 41 1 3
2 42 4 6
2 43 8 7
2 44 8 10
2 45 5 10
2 46 6 1
2 47 10 6
2 49 5 4
2 50 9 7
2 51 2 9
2 52 3 6
2 54 8 10
2 56 8 2
2 58 2 8
2 59 10 1
2 60 3 7
2 61 4 5
2 62 4 9
2 63 2 3
2 64 5 5
2 65 7 2
2 66 5 8
2 67 8 7
2 68 9 9
2 69 9 7
2 70 4 1
2 71 4 5
2 72 3 6
2 73 2 9
2 76 3 1
2 77 2 2
2 78 8 2
2 80 5 9
2 81 3 7
2 83 2 4
2 84 1 8
2 85 8 5
2 87 7 8
2 88 9 3
2 89 4 4
2 92 3 2
2 93 8 9
2 94 10 2
2 95 8 10
2 97 8 9
2 100 2 4
3 5 6 5
3 6 2 2
3 7 7 10
3 8 3 8
3 9 2 4
3 10 4 5
3 12 5 5
3 13 10 2
3 15 4 1
3 16 3 5
3 17 4 7
3 18 9 7
3 19 7 7
3 20 5 8
3 21 8 10
3 23 2 8
3 24 9 7
3 26 2 8
3 29 5 10
3 30 3 6
3 31 2 4
3 33 4 8
3 34 5 7
3 35 7 4
3 36 2 3
3 38 9 4
3 39 7 1
3 40 9 1
3 41 8 10
3 43 5 1
3 44 3 8
3 45 9 5
3 47 10 5
3 49 3 1
3 50 5 5
3 51 9 10
3 52 2 1
3 53 5 4
3 54 4 7
3 55 4 1
3 57 7 5
3 58 5 8
3 59 1 3
3 62 2 8
3 63 10 7
3 64 6 4
3 65 4 9
3 66 8 3
3 67 5 5
3 68 9 10
3 69 5 9
3 70 1 5
3 71 10 4
3 72 9 10
3 73 5 7
3 74 6 5
3 75 6 6
3 76 3 8
3 77 5 4
3 78 6 4
3 79 8 5
3 80 3 1
3 81 10 9
3 82 2 8
3 83 6 9
3 85 1 5
3 88 2 5
3 89 3 7
3 90 9 7
3 91 3 6
3 93 1 6
3 94 7 1
3 95 8 4
3 96 2 7
3 97 7 1
3 98 6 3
3 99 7 1
3 100 3 5
4 5 9 6
4 6 1 7
4 7 5 1
4 8 7 4
4 9 10 10
4 10 5 6
4 12 2 4
4 13 1 7
4 14 1 2
4 15 5 9
4 17 2 8
4 18 6 4
4 19 7 7
4 20 8 2
4 22 1 6
4 24 5 7
4 25 3 3
4 28 8 2
4 29 1 8
4 30 7 5
4 31 4 1
4 32 7 3
4 33 1 4
4 35 8 4
4 36 3 3
4 37 10 2
4 40 8 5
4 41 1 4
4 42 2 4
4 43 7 5
4 46 2 10
4 47 10 5
4 48 4 2
4 49 6 2
4 51 6 6
4 52 9 1
4 53 8 6
4 57 7 7
4 58 5 8
4 59 4 1
4 60 3 3
4 61 9 6
4 62 6 7
4 63 7 1
4 64 1 2
4 66 4 3
4 67 10 6
4 68 7 7
4 69 1 7
4 70 10 1
4 71 1 6
4 72 5 4
4 73 8 7
4 75 10 6
4 76 3 6
4 80 6 6
4 82 2 10
4 83 4 6
4 84 6 9
4 85 2 10
4 86 6 9
4 87 4 4
4 88 1 10
4 89 8 9
4 90 1 2
4 92 8 9
4 93 5 3
4 94 4 8
4 95 8 8
4 96 5 5
4 97 8 9
4 99 8 7
5 6 10 7
5 7 8 8
5 9 10 5
5 10 10 8
5 11 8 6
5 12 5 8
5 13 4 5
5 14 3 6
5 15 2 2
5 16 3 8
5 17 6 8
5 18 9 7
5 19 10 10
5 20 10 5
5 22 2 3
5 23 7 7
5 24 4 6
5 25 1 7
5 27 7 2
5 28 10 10
5 29 6 5
5 30 1 10
5 32 2 8
5 34 3 10
5 35 5 2
5 36 7 7
5 37 7 4
5 38 7 3
5 39 3 7
5 40 6 4
5 41 2 5
5 42 7 4
5 43 6 4
5 45 10 5
5 46 10 8
5 47 9 6
5 48 4 1
5 49 3 8
5 51 6 4
5 52 5 4
5 53 4 2
5 54 4 8
5 55 5 10
5 57 10 7
5 58 4 7
5 60 6 1
5 61 5 6
5 62 5 4
5 63 6 2
5 64 8 1
5 66 1 7
5 68 1 7
5 69 10 3
5 70 8 8
5 71 7 1
5 72 8 4
5 74 8 5
5 75 10 5
5 76 4 5
5 77 5 4
5 78 10 4
5 79 10 9
5 80 8 10
5 82 6 8
5 83 5 2
5 84 4 9
5 85 6 1
5 86 5 5
5 87 8 10
5 89 2 5
5 90 1 3
5 91 4 6
5 93 6 8
5 94 5 2
5 95 2 4
5 96 6 10
5 98 5 2
5 99 9 8
5 100 9 5
6 7 5 10
6 8 6 6
6 9 8 3
6 10 8 3
6 11 3 1
6 12 4 4
6 13 1 6
6 14 8 8
6 15 4 1
6 16 9 9
6 17 1 9
6 18 2 7
6 19 7 7
6 21 5 8
6 22 2 5
6 23 3 4
6 24 9 1
6 25 10 6
6 26 4 5
6 27 3 10
6 30 1 3
6 31 2 4
6 34 6 5
6 35 7 10
6 36 7 9
6 37 8 2
6 38 3 5
6 39 5 4
6 40 3 7
6 41 9 5
6 42 1 8
6 43 2 3
6 44 5 1
6 45 5 9
6 46 9 4
6 47 1 10
6 50 2 7
6 51 10 5
6 54 7 8
6 55 9 9
6 56 2 8
6 57 7 4
6 58 9 9
6 59 3 6
6 60 8 6
6 61 1 8
6 62 2 6
6 64 7 4
6 65 1 7
6 67 3 5
6 68 3 3
6 69 1 6
6 70 4 2
6 71 4 3
6 72 7 4
6 73 8 7
6 74 5 10
6 75 7 10
6 76 9 5
6 77 6 1
6 81 5 5
6 82 7 6
6 83 3 8
6 84 4 7
6 85 8 8
6 86 2 9
6 87 10 6
6 88 8 8
6 89 4 6
6 91 5 2
6 92 3 7
6 93 3 4
6 94 8 10
6 95 10 1
6 97 6 1
6 99 2 1
6 100 10 10
7 8 5 10
7 9 8 3
7 10 1 1
7 11 9 1
7 12 2 5
7 14 3 2
7 15 4 2
7 16 6 8
7 17 8 9
7 18 1 10
7 19 9 5
7 20 9 2
7 21 8 3
7 23 10 5
7 24 7 2
7 26 8 5
7 27 10 4
7 28 7 3
7 30 7 8
7 31 1 4
7 32 10 8
7 35 5 4
7 36 7 1
7 37 5 8
7 38 10 9
7 39 1 10
7 40 3 8
7 42 8 7
7 43 5 10
7 44 8 3
7 45 7 4
7 46 10 10
7 47 6 1
7 48 6 3
7 49 1 3
7 50 2 3
7 51 9 4
7 52 4 6
7 53 2 1
7 54 2 3
7 55 7 6
7 57 9 10
7 58 6 9
7 59 5 9
7 61 4 9
7 62 3 7
7 63 10 1
7 64 10 9
7 65 4 9
7 66 4 6
7 67 4 1
7 68 8 3
7 69 6 2
7 71 3 10
7 72 6 7
7 73 9 3
7 74 9 8
7 75 1 4
7 76 8 10
7 77 3 7
7 78 6 3
7 79 8 8
7 80 5 4
7 81 8 7
7 82 1 6
7 84 2 2
7 85 8 4
7 86 2 10
7 87 2 6
7 88 6 4
7 89 4 9
7 90 7 9
7 91 5 4
7 93 4 2
7 94 8 10
7 95 1 3
7 97 4 4
7 98 1 4
7 99 3 9
7 100 10 3
8 9 7 3
8 10 4 6
8 11 2 9
8 12 8 1
8 13 3 8
8 14 9 10
8 16 5 8
8 17 4 8
8 18 1 5
8 19 8 8
8 20 8 5
8 21 9 6
8 22 5 9
8 23 6 4
8 25 7 8
8 28 3 5
8 29 5 5
8 32 2 10
8 33 1 2
8 34 8 10
8 35 6 1
8 36 7 5
8 38 3 8
8 39 5 2
8 40 6 2
8 41 6 8
8 42 7 4
8 43 9 1
8 44 2 7
8 48 10 2
8 49 8 5
8 50 3 1
8 51 7 6
8 52 10 2
8 55 1 8
8 56 8 9
8 57 6 5
8 58 7 7
8 59 1 1
8 60 7 3
8 63 4 2
8 64 3 7
8 65 4 2
8 66 6 4
8 67 7 5
8 68 7 2
8 69 6 10
8 70 7 4
8 72 5 4
8 73 1 10
8 74 10 6
8 75 4 3
8 77 3 4
8 78 3 4
8 79 7 8
8 80 10 10
8 82 1 10
8 83 2 6
8 85 2 4
8 86 8 5
8 88 4 5
8 89 9 2
8 90 3 3
8 92 8 4
8 94 5 8
8 95 6 9
8 96 5 6
8 97 7 10
8 98 6 3
8 99 7 5
8 100 1 1
9 10 10 9
9 12 4 7
9 13 9 7
9 14 7 3
9 15 2 5
9 16 4 10
9 17 4 9
9 18 4 7
9 22 10 6
9 25 3 9
9 26 9 4
9 27 10 6
9 28 6 5
9 29 9 6
9 30 2 9
9 31 9 4
9 32 9 3
9 33 4 8
9 37 5 6
9 39 2 10
9 40 8 6
9 41 10 8
9 43 10 7
9 44 6 5
9 46 1 1
9 47 10 2
9 48 3 3
9 49 1 9
9 51 8 10
9 52 4 8
9 53 7 1
9 54 1 10
9 56 5 3
9 58 2 8
9 59 2 7
9 60 5 2
9 61 9 4
9 62 3 4
9 63 10 1
9 64 3 1
9 65 6 1
9 67 6 1
9 68 7 3
9 69 4 4
9 71 4 10
9 72 10 7
9 73 6 4
9 74 8 10
9 75 8 10
9 76 7 6
9 77 10 10
9 78 5 2
9 79 5 6
9 80 9 10
9 81 3 7
9 83 6 7
9 84 4 8
9 87 3 7
9 89 9 10
9 90 4 8
9 91 2 6
9 92 10 4
9 93 7 1
9 94 6 4
9 96 4 4
9 97 6 4
9 99 7 3
9 100 3 1
10 11 1 8
10 12 8 5
10 13 10 4
10 14 2 8
10 15 5 6
10 17 4 1
10 18 3 2
10 20 3 10
10 21 10 9
10 22 4 3
10 23 7 3
10 24 2 6
10 25 4 6
10 27 7 3
10 30 5 1
10 31 10 1
10 32 1 1
10 33 5 7
10 34 2 10
10 35 4 4
10 36 7 5
10 37 8 6
10 38 10 7
10 40 1 1
10 44 4 2
10 45 6 6
10 46 10 3
10 47 7 9
10 48 6 5
10 49 2 4
10 51 9 6
10 53 8 8
10 54 2 9
10 55 8 4
10 56 4 2
10 57 9 6
10 58 10 2
10 59 8 1
10 60 2 8
10 61 2 4
10 62 2 10
10 63 5 5
10 64 1 7
10 65 2 3
10 66 2 8
10 67 7 8
10 68 6 8
10 71 10 4
10 72 4 1
10 73 4 5
10 74 6 5
10 75 8 5
10 76 9 7
10 78 3 1
10 79 5 7
10 81 6 4
10 82 8 1
10 84 5 3
10 85 4 3
10 86 2 8
10 87 1 4
10 88 9 9
10 89 6 2
10 90 1 6
10 91 6 8
10 92 2 3
10 94 3 7
10 95 1 1
10 96 3 1
10 97 10 3
10 98 5 9
11 12 8 6
11 13 6 10
11 14 4 7
11 15 10 6
11 16 2 9
11 17 5 4
11 21 6 2
11 23 5 8
11 24 4 2
11 26 1 4
11 28 6 3
11 29 8 2
11 30 10 3
11 31 7 9
11 32 6 4
11 33 1 9
11 34 4 3
11 36 2 1
11 37 4 1
11 38 1 3
11 41 6 2
11 42 2 1
11 43 4 5
11 47 10 6
11 49 1 2
11 50 6 10
11 51 2 8
11 52 2 10
11 54 1 6
11 56 10 5
11 57 8 7
11 59 7 2
11 60 8 4
11 61 5 6
11 62 7 9
11 64 8 4
11 65 7 1
11 66 8 4
11 67 9 6
11 69 4 10
11 70 4 7
11 72 8 1
11 73 3 4
11 74 1 3
11 75 1 2
11 76 8 2
11 78 5 5
11 79 3 1
11 80 7 2
11 82 9 1
11 84 7 2
11 85 10 2
11 86 2 2
11 88 4 9
11 90 7 6
11 91 10 8
11 92 5 5
11 93 10 4
11 94 6 5
11 95 4 5
11 97 5 6
11 98 7 4
11 99 5 5
12 13 8 2
12 14 10 10
12 15 2 8
12 16 3 10
12 17 10 7
12 18 9 6
12 19 2 8
12 21 8 10
12 22 4 1
12 23 2 7
12 24 7 8
12 25 8 5
12 26 3 1
12 27 9 1
12 28 8 5
12 29 10 4
12 30 5 4
12 31 5 7
12 32 8 9
12 33 3 6
12 34 4 5
12 35 7 8
12 36 4 1
12 38 8 4
12 39 5 7
12 40 8 1
12 41 3 9
12 42 5 4
12 43 6 6
12 45 10 8
12 46 4 5
12 47 10 9
12 49 8 5
12 50 8 9
12 51 9 9
12 54 9 9
12 56 6 2
12 57 3 1
12 61 10 2
12 62 1 7
12 64 4 1
12 65 5 5
12 66 4 4
12 67 7 9
12 68 10 8
12 69 8 3
12 70 5 10
12 72 6 9
12 73 10 5
12 74 4 7
12 76 4 1
12 77 10 2
12 80 7 8
12 82 3 1
12 83 5 10
12 84 3 4
12 85 1 1
12 86 5 1
12 87 4 6
12 88 9 3
12 89 5 1
12 90 2 4
12 91 10 8
12 92 8 6
12 93 4 2
12 94 5 10
12 95 5 3
12 96 6 3
12 98 10 2
12 100 6 4
13 14 7 7
13 15 8 2
13 16 2 10
13 17 7 5
13 19 6 3
13 20 6 7
13 21 6 7
13 22 7 4
13 23 7 6
13 25 7 9
13 26 4 6
13 29 10 1
13 30 4 10
13 31 2 5
13 32 7 8
13 34 1 5
13 35 6 6
13 36 8 2
13 38 6 9
13 39 9 1
13 40 3 5
13 41 8 3
13 43 1 3
13 44 8 2
13 45 8 1
13 46 5 2
13 47 6 1
13 48 8 6
13 49 8 2
13 52 5 7
13 53 7 9
13 54 9 5
13 55 9 1
13 56 2 3
13 57 4 5
13 59 7 1
13 60 3 7
13 62 1 7
13 64 6 10
13 65 9 7
13 67 5 5
13 68 5 4
13 69 4 9
13 70 9 2
13 71 2 7
13 72 1 6
13 73 7 6
13 74 9 8
13 75 3 1
13 76 9 9
13 77 8 9
13 78 8 8
13 80 4 2
13 81 7 8
13 82 10 10
13 83 4 3
13 84 2 6
13 85 7 7
13 86 6 3
13 87 5 1
13 88 4 1
13 89 5 9
13 91 7 6
13 93 1 3
13 94 5 1
13 96 6 3
13 97 10 1
13 98 7 6
14 17 7 6
14 18 6 4
14 19 9 2
14 20 8 9
14 22 5 7
14 24 10 10
14 25 1 10
14 26 9 2
14 27 3 6
14 28 5 2
14 29 3 4
14 30 8 6
14 31 4 9
14 33 5 4
14 34 2 7
14 35 8 6
14 36 9 9
14 37 3 10
14 39 5 4
14 40 10 8
14 41 7 2
14 43 4 10
14 44 9 9
14 45 10 8
14 46 5 7
14 47 2 1
14 48 9 2
14 49 10 9
14 50 1 1
14 51 7 6
14 52 4 3
14 53 9 1
14 54 1 4
14 57 7 3
14 58 8 4
14 59 6 7
14 60 9 6
14 61 3 7
14 62 6 6
14 63 7 2
14 65 7 3
14 66 2 10
14 67 7 2
14 68 4 3
14 69 6 3
14 70 4 9
14 72 8 5
14 73 7 7
14 74 7 10
14 75 3 6
14 76 4 4
14 77 10 6
14 78 1 2
14 79 6 4
14 80 6 4
14 83 9 2
14 84 6 6
14 85 6 10
14 86 8 5
14 87 8 8
14 88 5 6
14 90 5 8
14 91 9 9
14 92 9 10
14 93 10 5
14 95 2 10
14 97 2 4
14 99 6 9
15 16 8 10
15 17 7 3
15 18 4 9
15 19 6 8
15 20 6 1
15 21 8 2
15 22 10 2
15 24 8 3
15 25 6 6
15 26 6 5
15 29 1 1
15 31 9 5
15 34 6 5
15 35 9 5
15 36 7 5
15 37 4 7
15 38 6 2
15 39 8 9
15 40 8 1
15 41 3 5
15 42 7 5
15 43 7 4
15 44 4 5
15 45 5 3
15 46 4 10
15 47 8 7
15 48 7 6
15 49 6 1
15 50 6 8
15 51 7 4
15 52 9 7
15 54 6 8
15 55 1 9
15 56 6 1
15 57 6 5
15 59 2 9
15 61 6 9
15 62 10 9
15 63 1 9
15 66 5 9
15 67 9 6
15 68 5 7
15 69 3 9
15 70 7 5
15 71 3 8
15 73 2 8
15 74 2 3
15 76 2 1
15 77 7 3
15 78 9 3
15 79 7 5
15 80 3 4
15 81 7 3
15 82 8 3
15 83 8 10
15 84 10 10
15 85 2 3
15 86 7 1
15 87 8 4
15 88 4 5
15 89 10 6
15 91 10 10
15 92 6 8
15 93 10 9
15 94 3 8
15 96 2 2
15 97 5 5
15 98 4 1
15 99 7 2
15 100 1 10
16 17 3 8
16 18 8 4
16 19 3 4
16 20 1 7
16 22 4 5
16 23 6 2
16 25 7 4
16 27 6 5
16 28 6 7
16 29 5 1
16 31 2 2
16 32 10 7
16 33 2 8
16 34 8 8
16 35 8 3
16 36 6 8
16 38 6 8
16 40 1 3
16 41 9 5
16 44 5 10
16 45 5 8
16 46 10 5
16 47 6 4
16 51 5 8
16 54 1 6
16 55 8 2
16 56 4 10
16 57 4 9
16 58 5 1
16 59 3 1
16 60 4 4
16 61 10 1
16 62 9 6
16 63 1 1
16 64 3 1
16 65 9 2
16 66 8 2
16 67 2 7
16 69 3 5
16 74 3 9
16 75 7 4
16 76 1 4
16 77 8 5
16 78 1 8
16 79 5 6
16 80 2 2
16 81 1 7
16 83 6 9
16 84 5 1
16 85 7 5
16 87 6 2
16 88 1 9
16 89 4 2
16 91 5 6
16 92 1 10
16 94 4 9
16 95 5 7
16 96 7 7
16 97 1 1
16 100 6 7
17 18 7 5
17 19 3 5
17 20 5 3
17 22 7 3
17 23 8 4
17 24 10 4
17 25 7 9
17 28 10 4
17 29 9 8
17 30 10 7
17 31 2 3
17 32 5 4
17 33 9 6
17 34 2 2
17 35 8 4
17 39 5 6
17 40 1 8
17 41 7 6
17 42 9 9
17 44 9 5
17 46 7 4
17 47 9 7
17 48 9 2
17 49 10 3
17 50 1 1
17 51 2 8
17 52 1 8
17 53 10 9
17 54 9 5
17 55 1 8
17 56 6 9
17 57 3 4
17 58 6 4
17 60 5 3
17 61 4 7
17 62 1 5
17 63 8 5
17 64 1 6
17 65 9 10
17 66 6 2
17 67 2 5
17 68 10 3
17 69 9 8
17 71 3 4
17 72 10 9
17 73 7 9
17 74 10 3
17 75 3 5
17 76 5 6
17 77 7 5
17 78 2 10
17 79 9 4
17 80 8 2
17 81 9 8
17 82 8 2
17 84 1 8
17 85 7 4
17 86 1 4
17 87 8 10
17 88 1 3
17 89 6 9
17 90 1 4
17 91 1 5
17 92 3 3
17 93 3 9
17 94 1 5
17 96 5 5
17 97 9 6
17 98 7 8
17 99 2 4
17 100 1 4
18 19 5 10
18 20 6 5
18 21 6 4
18 22 6 2
18 23 3 8
18 24 4 10
18 26 2 4
18 27 4 4
18 28 10 7
18 29 10 1
18 30 6 2
18 33 1 5
18 35 2 7
18 37 7 4
18 38 8 4
18 39 9 4
18 41 9 9
18 43 9 8
18 44 2 2
18 46 5 7
18 47 10 5
18 48 1 10
18 49 10 10
18 50 10 6
18 51 6 9
18 52 10 7
18 54 9 1
18 55 3 6
18 57 9 6
18 58 1 3
18 59 7 9
18 60 6 9
18 61 8 2
18 62 2 2
18 63 9 10
18 64 2 4
18 66 10 2
18 67 2 7
18 68 3 9
18 69 9 6
18 70 5 1
18 71 2 7
18 72 1 9
18 75 2 9
18 77 2 3
18 78 5 5
18 79 5 8
18 80 6 4
18 82 3 8
18 83 3 10
18 84 9 4
18 85 1 3
18 88 6 2
18 89 5 6
18 90 5 2
18 91 9 3
18 93 8 9
18 94 4 5
18 95 6 2
18 97 7 1
18 98 4 7
18 99 1 4
18 100 6 9
19 20 2 10
19 23 8 8
19 24 6 8
19 25 5 5
19 27 1 9
19 28 2 5
19 31 7 10
19 32 10 6
19 34 8 5
19 35 6 8
19 36 2 7
19 37 3 6
19 39 4 3
19 41 6 5
19 42 2 3
19 44 9 2
19 45 2 8
19 46 5 9
19 47 5 9
19 48 7 3
19 49 8 8
19 50 9 8
19 51 4 5
19 52 2 1
19 53 1 3
19 54 4 5
19 55 5 1
19 56 1 10
19 58 4 4
19 60 9 4
19 61 9 7
19 65 8 7
19 66 2 2
19 67 3 6
19 68 6 5
19 70 8 2
19 71 4 3
19 72 2 10
19 74 1 1
19 75 10 5
19 76 8 2
19 77 3 5
19 79 5 6
19 80 8 4
19 81 4 2
19 83 6 7
19 84 8 4
19 85 8 1
19 86 10 4
19 87 8 3
19 88 2 3
19 92 2 6
19 93 8 9
19 95 8 1
19 96 1 2
19 98 7 7
19 99 4 3
19 100 3 1
20 22 4 2
20 23 1 3
20 24 4 1
20 25 3 5
20 26 5 9
20 27 2 1
20 29 3 4
20 30 2 10
20 31 8 5
20 32 3 9
20 33 10 7
20 35 4 9
20 36 9 3
20 37 8 3
20 38 10 9
20 39 8 6
20 40 8 3
20 45 2 7
20 47 9 2
20 48 8 1
20 50 8 6
20 51 1 6
20 52 4 2
20 55 10 3
20 56 9 4
20 57 4 4
20 58 7 6
20 59 10 6
20 61 3 10
20 62 2 8
20 64 5 8
20 65 8 2
20 66 9 1
20 67 2 1
20 68 6 7
20 69 4 10
20 70 4 2
20 71 6 3
20 72 7 10
20 73 6 10
20 74 4 5
20 77 10 6
20 78 2 9
20 79 4 8
20 81 4 7
20 83 5 5
20 84 6 10
20 86 3 7
20 87 2 2
20 88 5 4
20 89 3 4
20 90 5 4
20 91 2 6
20 92 7 8
20 93 9 9
20 94 5 10
20 95 5 4
20 96 10 10
20 97 8 7
20 98 8 1
20 100 1 6
21 22 5 4
21 23 6 6
21 24 4 10
21 26 10 10
21 28 9 1
21 29 3 9
21 30 5 9
21 31 4 3
21 32 5 5
21 34 7 10
21 35 4 6
21 36 10 2
21 38 8 3
21 39 6 3
21 41 10 4
21 42 2 5
21 43 5 10
21 44 7 1
21 45 8 4
21 46 6 9
21 48 1 1
21 49 7 9
21 50 7 7
21 52 4 2
21 54 6 6
21 55 4 6
21 56 1 10
21 57 4 4
21 58 8 4
21 59 10 5
21 60 8 4
21 62 5 10
21 63 3 3
21 64 4 4
21 65 7 7
21 66 4 5
21 67 3 6
21 68 9 2
21 70 2 10
21 71 3 5
21 72 3 8
21 73 1 3
21 74 4 9
21 76 6 1
21 77 9 2
21 78 1 4
21 80 1 8
21 82 7 7
21 83 5 6
21 84 8 10
21 85 8 8
21 86 1 1
21 87 5 6
21 88 5 8
21 90 4 9
21 91 6 5
21 92 2 9
21 93 6 2
21 94 6 4
21 95 10 9
21 97 5 7
21 98 3 4
21 99 3 9
21 100 5 8
22 23 9 4
22 24 8 1
22 25 4 6
22 27 5 9
22 28 10 10
22 30 3 1
22 32 2 10
22 33 9 6
22 34 2 7
22 35 7 6
22 36 6 5
22 37 8 1
22 38 10 3
22 39 10 10
22 41 4 1
22 42 3 7
22 45 6 7
22 47 8 7
22 49 3 4
22 50 4 5
22 51 3 5
22 52 2 5
22 53 3 7
22 54 7 8
22 55 4 6
22 56 5 9
22 57 7 10
22 58 4 9
22 59 5 7
22 60 8 2
22 61 2 2
22 63 2 5
22 65 3 2
22 66 6 1
22 67 10 5
22 68 2 10
22 69 6 4
22 70 5 4
22 71 6 1
22 72 4 7
22 73 4 3
22 74 10 7
22 75 5 4
22 76 10 2
22 77 3 10
22 78 7 5
22 79 9 4
22 81 1 5
22 83 10 9
22 84 10 9
22 85 5 3
22 86 10 4
22 88 9 2
22 89 9 8
22 90 3 1
22 91 6 8
22 92 10 6
22 93 6 9
22 94 8 6
22 95 9 2
22 96 4 3
22 97 4 10
22 98 5 1
22 99 6 3
22 100 3 9
23 24 7 1
23 26 9 4
23 29 5 6
23 30 9 3
23 31 10 3
23 33 2 1
23 34 10 9
23 35 9 4
23 37 3 3
23 38 4 3
23 39 7 8
23 40 6 1
23 41 4 4
23 43 1 8
23 45 1 9
23 46 5 9
23 47 10 9
23 48 4 4
23 49 4 9
23 50 10 7
23 51 1 6
23 53 9 5
23 54 3 10
23 57 9 2
23 59 3 7
23 61 5 9
23 62 10 6
23 63 3 2
23 64 9 6
23 65 2 7
23 67 7 4
23 68 9 1
23 69 4 5
23 71 7 1
23 72 3 10
23 74 9 10
23 75 9 6
23 76 8 10
23 77 8 8
23 79 4 8
23 80 8 9
23 81 1 7
23 83 10 10
23 84 3 9
23 85 3 8
23 86 1 2
23 88 5 7
23 90 1 10
23 92 2 4
23 94 8 8
23 96 7 9
23 98 3 4
23 100 5 8
24 25 5 1
24 26 10 2
24 28 1 3
24 29 5 4
24 31 10 5
24 33 4 9
24 34 5 1
24 35 4 10
24 36 8 2
24 38 8 2
24 39 1 6
24 40 1 4
24 41 9 7
24 42 9 2
24 43 8 3
24 44 4 1
24 45 7 9
24 46 4 5
24 47 5 4
24 48 9 3
24 49 3 2
24 50 4 2
24 51 9 9
24 52 9 4
24 53 7 1
24 56 7 3
24 57 9 5
24 58 3 10
24 59 3 6
24 61 4 1
24 62 5 9
24 63 1 9
24 64 3 9
24 66 4 9
24 68 6 1
24 69 9 2
24 72 1 5
24 73 5 10
24 74 4 1
24 75 1 4
24 77 3 10
24 78 1 4
24 79 4 1
24 80 9 1
24 82 7 2
24 84 7 6
24 85 1 6
24 86 9 10
24 87 9 9
24 88 8 1
24 89 1 9
24 91 1 7
24 92 6 6
24 93 4 6
24 94 8 4
24 96 10 1
24 100 1 7
25 26 6 3
25 27 4 7
25 28 8 6
25 29 8 3
25 30 10 7
25 31 1 6
25 32 10 6
25 33 6 4
25 35 4 6
25 36 1 6
25 37 8 2
25 39 3 10
25 41 6 3
25 42 4 9
25 44 9 9
25 46 2 2
25 47 8 10
25 48 1 5
25 49 5 5
25 50 4 8
25 51 10 9
25 52 3 2
25 53 2 1
25 54 9 6
25 55 4 1
25 57 3 6
25 59 7 2
25 63 6 8
25 65 5 8
25 67 5 10
25 69 6 10
25 70 1 1
25 71 4 1
25 72 2 5
25 74 9 2
25 75 8 5
25 76 3 1
25 77 7 8
25 78 2 6
25 79 10 10
25 80 2 10
25 81 4 2
25 82 6 10
25 83 9 9
25 84 6 5
25 85 7 4
25 86 1 7
25 87 10 6
25 88 4 9
25 89 4 5
25 90 6 6
25 91 6 10
25 92 10 1
25 93 4 3
25 94 1 4
25 95 7 6
25 97 5 3
25 98 2 4
25 99 9 5
25 100 1 3
26 27 1 4
26 28 7 6
26 30 4 9
26 31 5 4
26 32 8 2
26 33 2 6
26 34 7 5
26 35 8 6
26 36 2 6
26 37 8 9
26 38 2 8
26 42 4 1
26 43 5 7
26 44 8 10
26 46 5 3
26 47 7 10
26 49 7 2
26 50 8 6
26 51 3 6
26 52 4 4
26 53 3 7
26 56 5 2
26 58 2 7
26 59 2 6
26 62 3 2
26 63 4 4
26 64 7 2
26 65 9 7
26 66 10 4
26 67 2 7
26 68 10 4
26 69 8 3
26 70 7 8
26 71 1 5
26 72 1 8
26 73 8 7
26 74 4 6
26 75 7 8
26 76 9 1
26 77 8 1
26 78 4 7
26 79 5 9
26 80 4 1
26 81 2 5
26 82 10 9
26 83 1 8
26 84 4 9
26 85 4 8
26 86 2 3
26 87 9 9
26 88 5 5
26 89 9 9
26 90 7 4
26 92 6 10
26 93 8 7
26 94 6 4
26 95 1 9
26 96 5 10
26 97 7 8
26 98 8 3
26 99 3 4
26 100 1 10
27 28 1 6
27 29 3 2
27 30 10 6
27 32 1 5
27 33 9 4
27 34 7 7
27 36 7 3
27 37 7 8
27 38 4 5
27 39 7 6
27 40 6 5
27 41 4 2
27 42 2 2
27 43 5 6
27 44 3 6
27 45 2 4
27 46 3 9
27 47 9 1
27 50 2 8
27 52 3 7
27 53 9 6
27 54 10 1
27 55 8 2
27 56 9 7
27 57 6 10
27 58 6 1
27 59 10 1
27 61 2 3
27 62 7 4
27 63 4 9
27 64 1 4
27 65 8 3
27 66 7 10
27 67 4 6
27 68 2 8
27 69 10 3
27 70 8 6
27 71 3 1
27 72 6 1
27 74 3 7
27 75 1 8
27 76 6 6
27 78 5 8
27 79 8 8
27 80 9 3
27 82 8 1
27 83 10 5
27 86 4 1
27 87 8 1
27 89 9 5
27 91 2 9
27 92 6 3
27 94 1 6
27 96 1 9
27 97 4 4
27 98 6 2
27 100 4 5
28 29 4 9
28 30 7 1
28 31 5 10
28 32 1 8
28 34 10 3
28 35 1 8
28 36 8 1
28 37 9 6
28 38 4 6
28 39 5 9
28 41 7 1
28 42 4 7
28 43 1 2
28 44 9 7
28 45 10 3
28 46 2 4
28 48 6 1
28 49 3 3
28 50 6 3
28 51 5 10
28 52 6 3
28 53 3 10
28 54 4 3
28 55 2 6
28 57 2 10
28 59 2 9
28 60 3 3
28 61 8 5
28 63 8 9
28 64 9 8
28 65 2 10
28 66 2 10
28 67 6 1
28 69 5 5
28 70 6 4
28 72 9 1
28 73 10 9
28 74 10 5
28 75 2 7
28 76 3 6
28 77 1 10
28 78 1 1
28 79 8 6
28 80 6 7
28 81 8 2
28 82 9 1
28 83 7 9
28 84 9 10
28 85 6 10
28 86 10 9
28 87 10 8
28 88 1 10
28 89 6 9
28 91 8 7
28 94 5 7
28 95 5 7
28 96 4 6
28 98 6 2
28 99 2 9
28 100 2 4
29 30 1 2
29 31 10 3
29 32 9 7
29 33 2 10
29 34 6 6
29 35 1 1
29 36 4 10
29 37 5 5
29 38 1 1
29 40 5 10
29 41 3 4
29 42 1 9
29 43 1 4
29 44 4 2
29 47 4 3
29 49 2 3
29 50 9 4
29 52 2 8
29 53 7 5
29 54 6 4
29 55 1 7
29 56 4 10
29 58 4 7
29 59 9 4
29 60 8 5
29 61 1 10
29 62 9 6
29 63 5 6
29 64 1 9
29 65 9 8
29 66 8 9
29 67 3 4
29 69 2 1
29 70 8 1
29 71 10 3
29 72 9 1
29 73 1 9
29 74 3 1
29 76 4 6
29 77 8 5
29 79 5 2
29 81 6 1
29 82 9 3
29 83 1 7
29 84 10 4
29 85 9 2
29 86 10 7
29 87 9 4
29 90 10 7
29 91 9 5
29 93 6 9
29 94 1 10
29 95 5 1
29 97 4 8
29 98 3 1
30 31 1 10
30 33 5 4
30 34 4 2
30 35 2 4
30 38 8 4
30 39 4 9
30 40 1 2
30 41 2 6
30 42 9 9
30 43 5 1
30 45 10 8
30 46 7 4
30 47 5 10
30 50 3 8
30 51 3 9
30 52 9 4
30 53 10 8
30 55 9 2
30 57 4 3
30 58 10 7
30 59 8 9
30 60 7 1
30 61 8 10
30 62 9 10
30 63 9 9
30 64 10 7
30 67 2 5
30 68 4 4
30 69 9 3
30 70 6 1
30 72 3 9
30 73 8 1
30 74 4 7
30 76 1 5
30 77 5 6
30 78 4 9
30 79 3 4
30 80 10 10
30 81 4 1
30 83 1 7
30 85 4 2
30 87 7 1
30 88 1 9
30 89 5 3
30 90 3 7
30 92 9 3
30 93 4 4
30 94 1 7
30 95 3 9
30 97 2 4
30 98 9 6
30 99 2 9
30 100 2 5
31 32 6 6
31 33 3 10
31 35 1 2
31 36 7 2
31 40 3 7
31 42 4 2
31 43 9 3
31 44 5 9
31 45 4 9
31 46 3 4
31 47 8 4
31 48 1 1
31 49 6 4
31 50 2 6
31 51 9 5
31 52 1 2
31 53 7 8
31 54 4 8
31 55 8 7
31 57 7 4
31 58 6 1
31 59 2 1
31 60 8 3
31 61 7 8
31 62 5 5
31 63 2 5
31 65 3 5
31 66 3 8
31 67 7 5
31 71 6 6
31 72 1 3
31 73 1 6
31 74 10 7
31 75 2 2
31 76 1 1
31 77 1 8
31 78 7 6
31 79 8 7
31 80 9 5
31 82 5 4
31 83 2 10
31 84 2 3
31 85 8 2
31 86 3 5
31 87 5 2
31 88 1 4
31 89 8 3
31 90 6 6
31 91 9 2
31 94 7 10
31 95 5 4
31 96 6 9
31 98 6 2
31 100 10 1
32 33 7 4
32 35 1 9
32 36 10 8
32 37 7 8
32 38 9 6
32 39 4 3
32 40 10 10
32 41 6 5
32 42 2 9
32 43 5 2
32 44 8 5
32 45 9 1
32 47 5 6
32 48 6 3
32 49 3 5
32 51 1 4
32 52 5 6
32 53 6 3
32 54 5 9
32 55 6 1
32 56 1 6
32 58 2 6
32 59 3 7
32 60 10 9
32 62 1 7
32 64 6 2
32 66 4 5
32 67 10 5
32 69 10 5
32 70 2 9
32 71 10 1
32 72 1 6
32 73 3 8
32 74 7 8
32 76 5 7
32 77 3 7
32 78 4 4
32 79 7 7
32 80 2 3
32 81 1 9
32 83 7 6
32 84 8 1
32 86 7 3
32 87 4 10
32 88 5 7
32 89 10 6
32 90 2 10
32 91 2 2
32 93 6 2
32 94 9 5
32 95 8 2
32 96 6 2
32 97 4 5
32 98 5 5
32 99 4 8
33 35 5 7
33 36 8 8
33 37 9 10
33 38 4 10
33 39 2 1
33 40 10 5
33 41 7 9
33 42 10 4
33 44 6 4
33 45 5 2
33 46 5 1
33 47 3 10
33 48 4 2
33 49 6 9
33 50 5 4
33 51 9 1
33 52 6 9
33 55 1 2
33 56 10 1
33 57 2 2
33 58 6 8
33 59 3 9
33 60 7 6
33 61 8 5
33 62 7 2
33 63 1 10
33 64 3 6
33 66 2 8
33 67 4 2
33 68 5 2
33 69 1 1
33 70 2 6
33 71 4 3
33 72 6 9
33 73 1 3
33 74 8 1
33 75 5 3
33 76 7 1
33 77 6 10
33 78 1 5
33 79 1 5
33 80 1 5
33 81 1 3
33 82 1 3
33 83 9 6
33 84 4 6
33 85 1 7
33 86 1 3
33 88 1 3
33 89 7 9
33 90 4 5
33 91 10 2
33 92 10 5
33 93 10 4
33 94 7 7
33 95 1 6
33 96 5 6
33 98 10 3
33 99 7 9
33 100 8 9
34 35 8 9
34 36 10 1
34 37 9 9
34 38 3 5
34 39 9 4
34 40 6 6
34 42 2 3
34 43 7 6
34 44 6 1
34 45 2 9
34 46 5 4
34 48 3 2
34 49 9 4
34 50 10 9
34 51 6 8
34 52 6 2
34 53 10 6
34 54 10 3
34 55 9 1
34 56 3 1
34 58 7 5
34 59 10 10
34 60 6 5
34 61 9 9
34 62 1 9
34 64 2 2
34 65 2 8
34 66 9 4
34 67 9 8
34 68 10 1
34 69 7 4
34 70 6 8
34 71 8 4
34 72 9 3
34 73 3 7
34 74 6 3
34 75 5 7
34 77 4 8
34 78 8 5
34 80 2 9
34 81 3 7
34 82 7 2
34 83 6 9
34 84 4 6
34 85 5 3
34 86 2 6
34 87 3 2
34 88 8 8
34 89 7 8
34 90 3 3
34 91 6 2
34 92 8 1
34 93 2 3
34 94 4 5
34 95 10 8
34 96 3 7
34 97 4 3
34 98 9 2
34 100 5 7
35 36 8 4
35 37 3 7
35 38 5 2
35 39 9 10
35 40 1 10
35 41 7 10
35 42 1 10
35 43 6 7
35 44 2 2
35 45 4 4
35 46 7 9
35 47 3 3
35 52 8 8
35 53 6 4
35 54 4 7
35 55 1 9
35 57 4 10
35 58 8 5
35 60 7 6
35 61 8 3
35 62 5 10
35 63 5 1
35 64 9 9
35 65 8 3
35 66 8 7
35 67 4 5
35 69 2 8
35 70 7 6
35 71 4 6
35 73 7 6
35 74 6 8
35 75 1 5
35 76 7 4
35 77 3 2
35 78 2 2
35 80 4 6
35 81 1 6
35 82 2 9
35 83 8 5
35 84 3 2
35 85 9 9
35 86 9 8
35 87 10 6
35 89 9 9
35 90 1 10
35 91 4 6
35 93 5 2
35 96 4 10
35 97 1 8
35 98 8 7
35 99 6 9
35 100 9 8
36 37 3 4
36 38 9 7
36 39 8 5
36 40 3 2
36 42 6 6
36 43 1 9
36 44 8 10
36 45 1 1
36 46 3 2
36 47 8 3
36 48 3 5
36 49 4 3
36 50 4 6
36 51 7 6
36 52 3 3
36 53 9 10
36 54 10 1
36 55 5 8
36 56 10 10
36 58 8 6
36 59 10 2
36 60 9 8
36 61 10 1
36 62 6 4
36 65 2 5
36 66 9 9
36 67 2 1
36 70 9 9
36 71 1 5
36 72 6 3
36 73 10 2
36 74 10 2
36 75 4 5
36 76 3 6
36 77 7 4
36 78 1 3
36 79 6 1
36 83 4 10
36 84 6 7
36 85 10 9
36 86 6 9
36 87 8 6
36 88 10 8
36 89 5 3
36 90 9 10
36 91 10 5
36 92 1 5
36 93 7 10
36 94 4 7
36 96 9 3
36 97 7 3
36 100 9 4
37 38 8 3
37 39 4 7
37 42 6 7
37 43 7 2
37 44 6 10
37 45 7 5
37 46 7 4
37 47 3 5
37 49 2 8
37 50 9 8
37 51 9 1
37 52 2 8
37 53 10 3
37 55 4 2
37 57 2 5
37 58 1 3
37 59 10 6
37 60 3 9
37 61 7 5
37 64 9 9
37 65 6 1
37 66 6 9
37 68 2 1
37 69 10 10
37 70 6 6
37 71 8 9
37 72 2 3
37 73 1 10
37 75 6 9
37 76 10 2
37 77 7 2
37 78 8 9
37 80 8 1
37 81 8 1
37 82 5 9
37 83 7 10
37 84 10 8
37 85 2 2
37 87 8 1
37 88 8 6
37 90 6 1
37 91 1 3
37 92 9 10
37 93 6 5
37 94 8 3
37 95 3 4
37 96 1 6
37 97 3 1
37 98 8 3
37 99 10 7
38 39 2 1
38 40 9 8
38 41 6 1
38 44 2 7
38 46 10 8
38 47 6 4
38 48 9 2
38 50 3 10
38 51 6 8
38 52 1 7
38 53 6 5
38 54 10 5
38 55 6 7
38 56 1 6
38 58 10 1
38 59 8 3
38 60 7 6
38 61 5 8
38 62 4 6
38 64 3 4
38 65 10 4
38 66 4 2
38 67 6 7
38 68 2 9
38 70 8 2
38 71 10 2
38 73 9 3
38 74 5 5
38 75 2 7
38 76 3 2
38 77 2 8
38 78 7 6
38 79 5 1
38 80 3 6
38 81 1 1
38 85 2 10
38 86 10 6
38 88 3 8
38 89 3 3
38 91 6 7
38 92 2 5
38 93 1 9
38 94 9 5
38 95 10 4
38 97 2 3
38 98 3 5
38 99 4 4
39 40 4 2
39 43 5 1
39 44 9 6
39 45 10 7
39 49 3 9
39 50 1 2
39 51 9 6
39 52 6 5
39 53 4 7
39 54 10 2
39 55 6 9
39 57 9 3
39 58 9 9
39 59 9 9
39 60 5 6
39 62 8 3
39 63 7 2
39 64 7 1
39 65 9 10
39 66 6 3
39 67 4 10
39 68 5 7
39 69 7 8
39 70 2 5
39 71 6 3
39 74 6 4
39 75 10 10
39 76 10 8
39 78 1 8
39 79 5 4
39 81 1 3
39 85 8 8
39 86 3 6
39 87 8 2
39 89 9 6
39 90 9 8
39 91 7 8
39 92 3 10
39 93 5 7
39 94 3 2
39 95 8 4
39 97 9 8
39 98 6 9
39 99 6 2
39 100 1 6
40 41 4 8
40 42 10 3
40 43 7 10
40 45 9 9
40 46 1 10
40 48 1 3
40 50 10 6
40 51 2 9
40 52 3 3
40 53 8 8
40 54 8 5
40 58 8 8
40 61 5 7
40 62 7 7
40 65 5 2
40 67 4 4
40 68 7 2
40 69 5 3
40 70 6 5
40 71 2 4
40 72 7 9
40 73 10 3
40 76 8 8
40 77 7 6
40 79 1 6
40 82 5 6
40 84 8 3
40 85 6 7
40 86 8 8
40 87 2 2
40 88 7 2
40 90 5 2
40 91 6 4
40 92 3 2
40 93 5 10
40 94 4 4
40 98 2 5
40 99 9 9
40 100 6 5
41 42 3 2
41 44 5 5
41 45 8 5
41 47 4 2
41 48 9 1
41 49 6 2
41 50 9 8
41 52 1 7
41 54 2 5
41 55 5 5
41 57 5 6
41 58 7 7
41 59 3 6
41 60 1 2
41 61 10 10
41 62 9 9
41 63 2 2
41 64 6 10
41 67 6 9
41 68 3 1
41 69 7 1
41 70 3 4
41 72 7 2
41 74 1 4
41 75 2 10
41 77 4 7
41 78 2 10
41 79 3 10
41 81 10 6
41 82 9 4
41 84 3 9
41 85 8 4
41 86 4 9
41 87 1 4
41 88 7 7
41 91 2 6
41 92 7 9
41 93 1 10
41 94 8 6
41 97 1 7
41 99 9 1
41 100 4 2
42 43 8 2
42 44 10 10
42 45 10 8
42 46 2 7
42 47 6 4
42 50 6 4
42 51 1 4
42 54 7 3
42 55 2 8
42 56 2 6
42 59 4 5
42 60 4 2
42 61 7 5
42 62 6 3
42 63 2 2
42 64 5 9
42 65 5 3
42 66 3 1
42 68 7 9
42 69 2 3
42 70 2 10
42 71 6 4
42 72 7 4
42 73 4 4
42 75 8 4
42 76 7 7
42 77 7 2
42 78 10 4
42 80 5 8
42 82 3 3
42 83 3 3
42 85 4 7
42 86 2 7
42 87 6 8
42 89 7 7
42 90 2 1
42 93 7 8
42 94 1 8
42 95 2 7
42 97 9 2
42 98 10 7
42 100 3 7
43 45 4 3
43 46 6 4
43 48 3 1
43 49 6 9
43 50 5 2
43 51 3 9
43 52 3 1
43 53 3 8
43 54 6 7
43 55 7 4
43 58 5 4
43 59 7 6
43 61 6 5
43 62 3 5
43 63 5 8
43 64 7 1
43 66 5 9
43 67 10 1
43 68 7 6
43 69 2 8
43 70 8 3
43 71 1 3
43 72 8 1
43 73 6 4
43 74 6 3
43 75 7 4
43 76 4 6
43 77 10 4
43 79 5 7
43 80 7 8
43 81 5 9
43 82 8 6
43 83 2 8
43 85 10 2
43 86 1 1
43 87 6 8
43 88 4 6
43 89 4 2
43 91 3 3
43 92 2 10
43 93 7 1
43 94 4 4
43 95 6 5
43 97 10 10
43 99 8 3
43 100 9 10
44 45 1 7
44 46 1 7
44 47 1 9
44 48 9 6
44 49 1 2
44 50 5 6
44 51 5 2
44 52 4 7
44 53 4 10
44 55 7 8
44 56 3 1
44 57 4 10
44 58 8 5
44 59 4 7
44 61 10 10
44 63 6 7
44 65 10 1
44 66 5 10
44 67 1 1
44 68 6 10
44 69 10 2
44 70 9 9
44 71 10 2
44 72 5 2
44 73 9 8
44 74 5 5
44 75 8 7
44 76 3 7
44 78 7 4
44 79 8 3
44 80 9 8
44 81 2 7
44 82 9 1
44 83 8 4
44 84 7 6
44 85 6 4
44 86 9 10
44 87 5 3
44 88 10 10
44 89 1 4
44 91 8 6
44 92 2 9
44 93 3 4
44 94 4 8
44 95 4 7
44 96 7 6
44 98 10 4
44 99 5 1
45 46 5 9
45 48 4 5
45 49 5 8
45 50 7 7
45 51 10 9
45 52 9 5
45 54 1 2
45 55 9 7
45 56 7 2
45 57 6 4
45 59 2 3
45 61 2 9
45 63 5 5
45 64 2 10
45 67 6 2
45 68 7 9
45 69 10 5
45 70 1 3
45 71 8 8
45 72 2 6
45 73 6 4
45 74 8 3
45 77 2 2
45 78 8 8
45 79 6 3
45 80 5 7
45 81 6 7
45 83 1 10
45 84 2 3
45 85 10 10
45 87 2 2
45 88 6 4
45 89 3 3
45 90 5 5
45 91 5 7
45 92 9 2
45 94 4 7
45 95 1 7
45 96 2 6
45 97 5 2
45 98 7 10
45 100 9 8
46 47 8 6
46 48 2 6
46 49 9 5
46 50 9 8
46 51 4 8
46 53 1 10
46 54 2 5
46 55 9 1
46 56 8 1
46 57 3 2
46 58 6 5
46 59 5 10
46 60 7 4
46 61 8 1
46 62 4 6
46 63 4 1
46 64 10 1
46 65 3 1
46 66 5 5
46 67 8 7
46 68 2 7
46 69 4 2
46 70 3 5
46 71 8 10
46 72 4 8
46 75 3 2
46 76 9 2
46 77 10 5
46 78 2 8
46 80 8 3
46 81 5 6
46 82 8 7
46 83 9 4
46 87 9 8
46 88 8 8
46 89 6 3
46 92 2 9
46 93 2 10
46 94 9 9
46 95 6 1
46 96 1 5
46 97 4 8
46 98 6 9
46 99 2 8
46 100 6 4
47 48 9 4
47 49 7 6
47 50 8 8
47 51 6 2
47 52 2 2
47 53 2 6
47 54 2 10
47 56 2 9
47 57 5 7
47 59 10 2
47 60 2 10
47 61 10 9
47 62 3 5
47 64 2 2
47 65 4 3
47 67 10 8
47 68 4 9
47 69 2 5
47 71 8 4
47 73 10 3
47 78 7 2
47 79 5 6
47 80 6 8
47 82 3 10
47 84 4 10
47 87 8 9
47 88 8 4
47 90 5 8
47 91 4 3
47 92 1 1
47 93 1 4
47 94 8 4
47 95 2 5
47 96 10 5
47 98 6 9
47 99 8 9
47 100 5 6
48 49 7 2
48 50 5 10
48 52 5 5
48 53 2 3
48 54 7 8
48 55 6 7
48 56 1 2
48 58 3 2
48 59 6 9
48 60 4 8
48 61 1 7
48 62 4 4
48 63 1 9
48 64 10 6
48 65 10 5
48 66 7 8
48 67 1 9
48 68 8 10
48 69 8 1
48 70 7 1
48 71 4 3
48 74 7 9
48 75 10 2
48 76 1 2
48 77 1 1
48 78 9 7
48 80 2 4
48 81 7 8
48 82 4 3
48 83 10 2
48 84 2 9
48 86 2 9
48 87 3 2
48 89 5 8
48 90 10 2
48 91 1 5
48 92 10 7
48 93 4 1
48 94 10 4
48 95 3 10
48 96 2 4
48 97 7 1
48 99 4 8
49 50 6 7
49 51 8 4
49 52 6 7
49 54 1 7
49 55 4 6
49 56 10 5
49 57 8 4
49 58 4 4
49 59 3 5
49 60 1 2
49 62 5 1
49 63 9 9
49 64 4 3
49 65 5 4
49 66 7 4
49 67 6 8
49 68 8 9
49 69 8 2
49 70 2 3
49 71 3 3
49 72 3 10
49 73 8 2
49 74 3 10
49 75 10 2
49 77 2 2
49 78 10 8
49 79 2 5
49 80 2 9
49 81 1 7
49 82 1 3
49 84 3 8
49 85 4 6
49 86 8 3
49 88 9 4
49 89 2 5
49 91 1 4
49 92 2 2
49 94 2 5
49 95 3 6
49 96 1 9
49 97 4 1
49 98 7 10
49 100 1 10
50 51 9 4
50 52 6 5
50 53 10 2
50 54 8 6
50 55 5 4
50 56 3 6
50 58 4 5
50 59 8 7
50 60 1 3
50 62 3 6
50 64 10 4
50 68 9 9
50 69 7 3
50 70 10 7
50 72 9 1
50 73 8 1
50 74 6 5
50 75 5 2
50 76 1 1
50 77 1 5
50 78 3 4
50 79 6 6
50 80 10 2
50 81 3 1
50 82 9 9
50 84 9 1
50 87 7 9
50 88 3 9
50 90 3 9
50 91 9 8
50 92 9 3
50 93 10 2
50 94 10 8
50 95 10 7
50 96 8 2
50 97 2 4
50 98 8 3
50 99 3 2
50 100 6 4
51 52 7 7
51 54 8 6
51 55 6 10
51 56 10 9
51 57 7 1
51 58 10 8
51 59 3 6
51 60 4 9
51 61 2 9
51 62 3 3
51 64 2 7
51 65 1 8
51 66 1 10
51 67 5 5
51 68 5 9
51 69 7 6
51 70 9 7
51 71 5 9
51 72 6 1
51 73 8 1
51 74 7 9
51 75 2 9
51 76 9 5
51 77 8 7
51 78 8 3
51 79 3 10
51 80 9 3
51 81 7 1
51 82 2 6
51 83 10 8
51 85 10 7
51 87 4 3
51 88 2 7
51 89 5 5
51 90 5 4
51 91 2 9
51 92 10 4
51 93 1 6
51 94 6 5
51 95 9 5
51 97 1 3
51 98 1 7
51 99 10 7
51 100 10 6
52 53 5 1
52 54 5 2
52 55 7 9
52 56 10 10
52 57 2 5
52 58 2 10
52 59 7 6
52 60 8 10
52 61 3 4
52 62 9 3
52 63 8 7
52 64 8 7
52 65 2 1
52 66 7 1
52 67 8 8
52 68 4 10
52 69 9 1
52 72 1 10
52 73 9 6
52 74 7 1
52 75 5 3
52 77 4 9
52 78 3 3
52 79 10 6
52 80 2 5
52 81 6 7
52 82 2 5
52 83 2 5
52 84 10 8
52 88 2 3
52 89 6 5
52 90 1 6
52 92 1 7
52 94 4 5
52 95 8 6
52 96 8 3
52 98 6 1
52 99 6 6
52 100 8 10
53 54 3 4
53 55 2 3
53 57 10 8
53 58 5 6
53 61 3 2
53 62 2 3
53 63 3 4
53 64 3 3
53 66 8 4
53 67 10 2
53 68 8 10
53 70 2 10
53 71 1 9
53 72 9 4
53 73 8 7
53 74 8 10
53 75 7 7
53 76 4 2
53 77 9 8
53 78 3 7
53 79 10 10
53 80 4 4
53 82 9 8
53 83 8 5
53 84 2 2
53 85 7 3
53 86 8 5
53 88 7 8
53 89 2 5
53 91 7 10
53 93 5 9
53 94 5 6
53 95 10 4
53 96 5 7
53 97 6 5
53 98 6 10
53 100 2 4
54 56 3 4
54 57 5 8
54 58 1 10
54 60 6 7
54 61 1 8
54 62 7 6
54 63 9 4
54 66 5 2
54 67 7 5
54 69 6 2
54 70 10 4
54 72 4 9
54 74 10 3
54 75 3 10
54 76 5 1
54 77 2 4
54 78 10 9
54 79 7 9
54 80 5 9
54 81 7 7
54 82 7 9
54 83 8 7
54 84 7 8
54 85 1 4
54 86 8 3
54 87 2 4
54 89 4 10
54 90 4 9
54 91 7 7
54 92 7 4
54 94 5 4
54 95 6 9
54 97 5 9
54 98 5 9
54 99 1 4
54 100 7 2
55 59 7 1
55 60 2 4
55 62 7 7
55 63 7 7
55 64 1 8
55 65 8 6
55 66 1 1
55 67 5 3
55 70 10 5
55 71 6 1
55 72 5 1
55 73 10 8
55 74 9 9
55 75 8 5
55 76 4 1
55 77 9 7
55 78 3 9
55 80 2 3
55 82 8 2
55 84 9 1
55 87 9 10
55 88 9 2
55 89 8 5
55 90 10 7
55 91 9 9
55 93 5 7
55 94 8 5
55 95 4 7
55 96 1 7
55 98 7 9
55 99 3 10
55 100 5 9
56 57 2 9
56 58 5 2
56 59 4 4
56 60 9 4
56 61 5 2
56 64 2 4
56 66 9 5
56 67 6 7
56 69 5 5
56 70 4 2
56 71 2 7
56 72 1 1
56 74 10 2
56 76 5 6
56 78 1 10
56 79 8 3
56 80 10 5
56 81 2 1
56 82 8 3
56 83 1 2
56 84 2 6
56 86 2 4
56 88 4 6
56 89 7 10
56 90 10 8
56 91 3 4
56 92 10 2
56 93 4 9
56 94 4 1
56 96 9 8
56 97 7 10
56 98 9 3
56 99 4 10
56 100 7 1
57 58 4 2
57 59 7 10
57 61 7 5
57 62 2 4
57 63 6 5
57 64 4 6
57 65 3 10
57 66 5 1
57 67 2 10
57 68 3 4
57 69 2 4
57 70 5 9
57 71 9 10
57 72 4 10
57 73 1 9
57 74 2 8
57 77 2 5
57 78 3 2
57 79 8 8
57 80 7 3
57 81 7 1
57 83 1 6
57 84 3 7
57 86 6 4
57 87 5 1
57 88 10 4
57 90 5 7
57 91 2 7
57 94 3 4
57 96 3 8
57 97 8 8
57 98 1 8
57 99 8 1
57 100 8 8
58 62 10 7
58 63 6 8
58 64 6 3
58 65 7 9
58 66 1 10
58 67 4 2
58 68 6 9
58 70 7 3
58 71 9 8
58 73 4 6
58 75 4 2
58 77 8 1
58 78 1 2
58 80 7 9
58 81 5 5
58 82 4 6
58 83 3 10
58 84 8 10
58 85 1 8
58 86 5 5
58 87 9 7
58 88 1 5
58 89 6 10
58 91 4 5
58 92 2 10
58 93 4 10
58 94 1 8
58 96 10 4
58 97 1 6
58 98 5 10
58 99 10 1
58 100 1 10
59 60 1 6
59 61 8 3
59 63 1 8
59 65 7 3
59 66 3 4
59 68 1 6
59 69 9 9
59 70 3 1
59 71 8 8
59 72 3 7
59 73 3 5
59 74 3 3
59 75 3 3
59 76 4 7
59 80 8 7
59 81 9 10
59 82 10 7
59 83 7 4
59 84 6 9
59 85 3 4
59 86 6 6
59 87 3 10
59 88 5 2
59 89 10 1
59 90 5 2
59 91 4 10
59 93 6 7
59 94 2 6
59 95 5 6
59 96 7 9
59 97 2 1
59 98 8 7
59 99 4 3
59 100 10 10
60 61 6 4
60 62 6 5
60 63 7 5
60 64 7 2
60 65 4 1
60 68 8 8
60 70 6 1
60 71 6 4
60 72 5 4
60 73 1 3
60 74 7 8
60 75 3 9
60 77 9 2
60 78 6 5
60 79 5 10
60 80 7 8
60 81 7 7
60 87 2 3
60 88 4 10
60 92 7 7
60 94 7 7
60 95 10 4
60 96 6 8
60 97 10 7
60 99 1 1
60 100 9 7
61 62 7 3
61 63 1 4
61 65 6 3
61 66 9 1
61 67 3 7
61 69 7 3
61 70 7 4
61 72 5 1
61 73 3 3
61 74 3 4
61 76 6 6
61 77 5 1
61 78 1 7
61 79 7 10
61 80 5 7
61 81 4 6
61 82 6 2
61 85 8 9
61 86 9 6
61 87 4 8
61 88 5 7
61 90 8 1
61 91 5 8
61 92 1 1
61 93 5 10
61 94 4 9
61 95 10 9
61 96 5 7
61 97 1 9
61 98 8 4
62 63 4 4
62 64 9 3
62 65 6 10
62 66 4 4
62 67 7 7
62 68 1 8
62 70 5 10
62 71 10 3
62 72 8 10
62 73 7 9
62 74 2 2
62 75 9 7
62 76 6 3
62 79 4 2
62 80 10 6
62 81 6 3
62 82 10 4
62 83 2 9
62 84 5 8
62 85 5 2
62 86 6 6
62 88 1 6
62 89 10 3
62 90 10 5
62 91 2 2
62 93 3 3
62 95 5 1
62 96 6 9
62 98 3 10
62 100 3 1
63 64 5 3
63 65 8 2
63 66 4 5
63 67 5 6
63 68 8 9
63 69 4 9
63 70 4 10
63 71 3 2
63 72 3 6
63 73 9 2
63 75 5 3
63 76 2 5
63 77 3 8
63 78 9 3
63 79 1 6
63 80 8 1
63 81 6 9
63 83 2 1
63 84 7 5
63 85 2 10
63 86 6 2
63 88 3 3
63 89 6 2
63 91 8 1
63 92 8 1
63 93 6 9
63 94 4 4
63 95 10 1
63 96 10 10
63 97 9 8
63 98 5 7
63 100 10 9
64 65 1 5
64 66 4 2
64 67 9 6
64 68 1 4
64 69 6 6
64 70 6 3
64 71 4 5
64 73 6 10
64 74 2 9
64 75 2 7
64 76 7 8
64 77 2 4
64 78 3 6
64 79 9 1
64 80 6 3
64 81 1 4
64 82 1 5
64 83 2 9
64 86 6 1
64 87 8 2
64 89 8 10
64 90 3 8
64 91 1 6
64 93 4 2
64 95 5 9
64 97 3 4
64 98 1 10
64 100 3 3
65 66 5 10
65 67 8 4
65 68 10 8
65 69 7 3
65 70 5 5
65 71 10 3
65 72 1 4
65 73 3 7
65 74 10 10
65 75 8 1
65 76 6 2
65 77 9 4
65 78 5 7
65 79 2 9
65 81 10 6
65 83 10 6
65 84 2 10
65 85 10 5
65 87 7 8
65 88 4 5
65 89 4 8
65 90 2 9
65 91 10 9
65 92 6 2
65 93 5 5
65 95 7 5
65 96 2 5
65 97 7 3
65 98 3 3
65 99 3 6
65 100 3 8
66 67 8 6
66 68 8 6
66 70 3 7
66 72 1 5
66 73 5 5
66 76 8 9
66 77 2 9
66 78 3 8
66 79 3 8
66 80 2 10
66 82 6 9
66 83 6 7
66 84 6 10
66 85 6 1
66 86 5 3
66 87 5 10
66 88 8 4
66 90 7 3
66 91 8 1
66 92 2 10
66 93 4 7
66 95 9 4
66 97 7 8
66 99 4 1
66 100 5 2
67 68 3 10
67 69 2 9
67 70 8 1
67 71 5 9
67 72 6 2
67 74 4 2
67 76 8 8
67 77 7 10
67 79 1 6
67 80 7 1
67 81 1 3
67 82 1 4
67 84 10 1
67 85 1 10
67 86 7 2
67 87 2 8
67 88 4 6
67 89 3 8
67 90 8 3
67 92 4 4
67 93 5 4
67 94 2 9
67 95 1 2
67 96 3 9
67 97 3 2
67 98 6 8
67 99 10 4
67 100 1 4
68 69 7 6
68 70 7 8
68 71 6 3
68 72 9 1
68 73 6 2
68 74 7 8
68 75 10 5
68 77 6 10
68 78 10 3
68 79 3 9
68 80 6 2
68 81 10 6
68 83 5 1
68 84 7 9
68 88 6 4
68 89 1 2
68 90 3 8
68 91 7 3
68 92 1 9
68 94 4 4
68 95 8 6
68 96 7 5
68 98 4 2
68 99 3 4
68 100 7 3
69 70 7 9
69 71 2 1
69 72 10 5
69 73 5 6
69 74 4 7
69 75 5 8
69 76 2 4
69 78 4 10
69 79 7 10
69 81 7 8
69 82 4 2
69 83 1 8
69 84 10 6
69 85 9 8
69 86 6 4
69 88 9 3
69 89 9 8
69 90 1 6
69 91 6 10
69 92 5 6
69 93 10 3
69 94 5 2
69 95 10 6
69 96 10 5
69 97 6 7
69 98 1 4
69 99 4 3
69 100 5 9
70 71 7 3
70 73 2 6
70 75 1 4
70 76 7 10
70 77 3 10
70 78 9 6
70 79 9 10
70 80 7 4
70 81 4 2
70 82 2 10
70 83 10 6
70 84 5 6
70 85 2 2
70 86 2 8
70 87 6 4
70 89 5 7
70 90 9 3
70 91 5 8
70 92 7 4
70 93 7 10
70 94 7 3
70 95 8 4
70 96 4 6
70 97 4 9
70 98 3 1
70 100 8 3
71 72 6 7
71 73 1 4
71 74 6 7
71 75 9 10
71 76 4 2
71 77 10 2
71 80 3 2
71 81 1 1
71 82 2 4
71 83 1 10
71 84 7 3
71 85 10 8
71 86 6 8
71 88 9 5
71 89 10 6
71 90 9 5
71 91 10 5
71 92 9 3
71 93 7 3
71 94 2 2
71 95 4 3
71 96 7 2
71 97 8 5
71 98 3 9
71 99 4 2
71 100 5 8
72 73 10 6
72 74 4 7
72 77 4 8
72 78 4 7
72 79 7 4
72 80 4 7
72 81 4 2
72 82 10 3
72 83 10 8
72 85 8 2
72 86 4 9
72 88 8 6
72 89 3 1
72 90 6 1
72 91 6 4
72 92 4 9
72 93 4 2
72 94 2 10
72 95 6 3
72 96 4 8
72 98 3 5
72 99 2 1
72 100 6 9
73 74 5 8
73 75 2 10
73 76 8 3
73 77 10 1
73 78 10 2
73 80 1 4
73 81 5 1
73 82 3 6
73 85 1 6
73 86 3 2
73 87 9 1
73 88 5 3
73 90 7 5
73 91 8 4
73 93 10 1
73 94 6 2
73 96 6 6
73 97 4 5
73 98 10 1
73 100 3 6
74 76 4 9
74 77 10 4
74 79 7 1
74 80 8 1
74 83 7 1
74 84 7 7
74 85 10 3
74 86 6 1
74 88 9 7
74 91 9 4
74 92 5 5
74 93 5 2
74 94 10 6
74 96 1 3
74 97 5 6
74 98 4 10
74 99 8 10
74 100 4 5
75 76 9 4
75 77 1 1
75 78 9 5
75 80 10 7
75 81 2 2
75 82 2 2
75 83 7 6
75 84 7 5
75 86 6 1
75 87 5 8
75 88 6 7
75 91 1 8
75 92 6 9
75 93 8 3
75 94 10 1
75 95 4 5
75 96 1 5
75 97 1 1
75 98 3 6
75 99 8 10
75 100 10 5
76 77 10 4
76 78 4 7
76 79 8 1
76 82 8 7
76 83 9 10
76 85 1 10
76 87 10 9
76 89 2 6
76 90 6 9
76 91 3 6
76 93 4 4
76 94 2 5
76 95 6 7
76 96 8 4
76 97 9 4
76 98 1 3
76 99 6 8
77 79 7 10
77 80 5 10
77 81 2 7
77 82 8 6
77 83 8 7
77 84 5 4
77 86 3 2
77 87 1 4
77 88 4 4
77 89 8 10
77 90 1 4
77 92 9 7
77 94 2 4
77 95 4 10
77 96 4 5
77 98 8 10
77 99 9 2
77 100 4 10
78 79 4 8
78 81 2 6
78 82 2 1
78 83 5 7
78 84 9 7
78 85 9 8
78 86 2 10
78 88 1 4
78 89 10 5
78 90 2 2
78 91 4 9
78 93 7 3
78 94 3 4
78 97 3 5
78 98 4 6
78 99 4 5
78 100 9 5
79 80 9 8
79 81 10 7
79 82 5 4
79 83 8 7
79 84 4 8
79 85 1 6
79 86 10 4
79 87 10 2
79 88 8 2
79 89 10 9
79 90 5 7
79 92 1 4
79 96 6 3
79 97 9 9
79 99 8 4
79 100 5 2
80 81 6 7
80 82 7 9
80 83 9 1
80 85 10 4
80 88 9 5
80 89 5 9
80 90 10 10
80 91 4 3
80 92 9 10
80 95 5 8
80 96 6 6
80 97 4 2
80 99 10 2
80 100 3 4
81 83 7 8
81 84 1 8
81 85 4 2
81 86 4 6
81 87 9 10
81 88 4 7
81 89 9 7
81 90 4 6
81 93 7 3
81 94 4 4
81 95 7 6
81 96 8 3
81 97 5 5
81 98 8 3
81 100 5 7
82 83 1 10
82 84 3 7
82 85 7 8
82 86 3 6
82 87 9 9
82 89 2 10
82 90 9 6
82 91 6 2
82 92 1 7
82 93 3 1
82 95 4 3
82 96 8 2
82 97 1 10
82 98 5 6
82 100 2 5
83 84 10 8
83 85 5 9
83 86 10 2
83 87 9 1
83 88 2 5
83 90 7 4
83 91 5 10
83 92 4 3
83 94 1 10
83 95 8 3
83 96 1 5
83 97 5 4
83 98 5 4
83 99 10 5
83 100 7 5
84 86 10 8
84 87 7 8
84 89 6 8
84 90 8 1
84 91 2 4
84 92 7 5
84 93 6 8
84 94 7 5
84 96 5 4
84 98 2 1
84 99 8 1
85 86 1 10
85 87 8 9
85 88 8 9
85 89 4 1
85 91 10 3
85 92 5 6
85 94 2 3
85 95 6 9
85 97 10 7
85 99 9 4
85 100 3 10
86 87 4 7
86 89 8 3
86 90 1 3
86 92 4 9
86 94 8 9
86 95 6 5
86 97 9 8
86 98 1 6
86 99 5 7
87 91 1 5
87 92 3 9
87 94 9 1
87 95 5 10
87 97 3 8
87 98 5 10
87 99 6 9
87 100 9 3
88 89 5 4
88 90 9 7
88 91 10 10
88 92 6 6
88 94 1 8
88 95 9 10
88 97 8 8
88 98 4 8
88 99 3 5
88 100 8 3
89 91 5 10
89 92 4 10
89 93 10 7
89 94 5 1
89 95 8 1
89 96 8 7
89 97 1 8
89 98 4 7
89 99 3 6
90 91 6 1
90 92 1 7
90 93 7 5
90 94 8 3
90 95 9 3
90 96 1 6
90 97 1 9
90 99 3 9
90 100 1 5
91 92 7 2
91 93 9 5
91 94 4 7
91 95 2 5
91 96 4 7
91 97 3 2
91 99 10 6
91 100 10 7
92 93 3 10
92 96 6 6
92 98 5 1
92 99 6 10
92 100 5 8
93 94 8 3
93 96 10 8
93 97 6 6
93 98 3 7
93 99 1 3
93 100 2 3
94 95 5 1
94 96 9 3
94 98 9 5
94 99 3 1
94 100 4 10
95 96 1 3
95 97 4 10
95 98 1 2
95 99 9 5
95 100 9 2
96 97 7 6
96 98 2 6
96 99 7 2
96 100 9 7
97 98 9 5
97 99 7 7
98 99 8 7
98 100 9 5
99 100 10 6
1
1 2 3 4 5 6 7 8 9 10 11 12 13 14 15 16 17 18 19 20 21 22 23 24 25 26 27 28 29 30 31 32 33 34 35 36 37 38 39 40 41 42 43 44 45 46 47 48 49 50
