3988
1 2 9 5
1 3 10 9
1 6 7 5
1 8 5 10
1 9 3 2
1 11 3 8
1 12 10 4
1 13 9 3
1 14 4 4
1 16 8 6
1 17 2 6
1 18 9 2
1 20 8 4
1 21 4 7
1 22 4 4
1 24 3 8
1 25 8 9
1 26 6 5
1 28 4 6
1 29 7 3
1 30 10 9
1 33 9 1
1 35 1 5
1 36 9 7
1 37 3 10
1 38 9 6
1 39 6 5
1 41 7 6
1 42 9 8
1 43 4 4
1 44 10 2
1 45 4 1
1 46 3 5
1 47 9 3
1 48 3 1
1 49 1 5
1 51 6 10
1 52 5 7
1 53 5 5
1 54 9 5
1 55 3 2
1 56 3 7
1 57 10 10
1 58 3 10
1 59 7 4
1 60 7 3
1 61 3 4
1 62 5 2
1 63 2 1
1 64 8 6
1 65 4 10
1 66 5 1
1 68 4 5
1 69 10 4
1 70 5 1
1 71 5 6
1 73 9 5
1 74 2 1
1 75 10 3
1 76 6 4
1 77 8 5
1 78 7 2
1 80 1 1
1 81 5 1
1 82 3 10
1 84 5 4
1 86 9 8
1 88 2 6
1 89 4 10
1 90 7 3
1 91 5 5
1 92 2 9
1 93 10 10
1 94 10 4
1 95 8 1
1 96 1 4
1 98 9 8
1 99 4 6
1 100 6 8
2 3 8 4
2 4 9 10
2 5 2 3
2 6 8 10
2 8 9 10
2 9 6 7
2 11 7 5
2 12 10 5
2 13 4 3
2 14 1 4
2 15 10 2
2 16 5 1
2 17 8 2
2 18 6 1
2 19 4 4
2 20 1 8
2 21 9 1
2 22 7 2
2 23 10 4
2 24 3 4
2 25 2 5
2 26 1 10
2 27 9 10
2 28 7 2
2 29 6 10
2 31 9 3
2 32 5 3
2 33 9 2
2 34 4 3
2 35 2 6
2 36 5 8
2 37 3 5
2 39 2 1
2 40 5 2
2 41 4 6
2 42 1 6
2 43 10 4
2 44 3 10
2 45 4 4
2 46 6 8
2 47 7 8
2 48 9 1
2 49 8 6
2 50 2 9
2 51 2 1
2 52 2 3
2 53 5 8
2 54 6 1
2 55 3 2
2 56 10 6
2 57 10 10
2 58 6 9
2 59 4 8
2 61 4 9
2 62 3 4
2 68 6 9
2 69 1 3
2 70 5 4
2 71 8 8
2 72 9 6
2 73 4 10
2 74 5 2
2 75 6 6
2 76 10 1
2 78 9 7
2 79 3 10
2 80 9 2
2 81 1 5
2 82 8 1
2 84 7 5
2 87 4 6
2 88 6 10
2 89 8 1
2 90 3 8
2 91 1 7
2 92 9 6
2 93 7 3
2 94 2 10
2 95 1 7
2 96 10 10
2 98 10 8
2 100 4 10
3 4 9 9
3 5 2 9
3 6 5 4
3 7 5 1
3 8 10 3
3 9 10 9
3 10 10 5
3 11 5 6
3 12 5 4
3 13 5 9
3 14 4 3
3 15 3 8
3 16 3 9
3 17 5 7
3 18 6 2
3 19 10 9
3 20 5 10
3 22 9 3
3 23 8 2
3 24 7 10
3 25 6 3
3 27 8 9
3 29 8 6
3 31 9 4
3 32 2 7
3 34 3 7
3 35 8 10
3 36 7 1
3 37 5 4
3 38 1 1
3 39 10 10
3 40 7 2
3 41 7 9
3 42 9 2
3 43 6 4
3 44 1 3
3 46 7 8
3 48 10 9
3 49 5 6
3 50 10 1
3 51 6 2
3 53 4 8
3 54 10 5
3 56 3 4
3 59 5 3
3 61 6 1
3 62 5 9
3 63 2 9
3 64 8 6
3 65 3 1
3 67 2 6
3 69 9 8
3 70 6 7
3 71 7 8
3 72 4 1
3 73 4 9
3 75 3 2
3 76 2 5
3 77 5 5
3 78 9 3
3 79 9 5
3 80 1 9
3 81 4 2
3 82 10 3
3 83 1 6
3 84 9 10
3 85 3 7
3 86 5 9
3 87 9 8
3 88 9 1
3 89 2 5
3 92 6 7
3 93 10 10
3 94 10 8
3 95 1 2
3 96 3 3
3 97 10 2
3 98 1 2
3 99 1 1
3 100 5 7
4 5 4 5
4 6 7 9
4 7 3 6
4 9 4 2
4 10 6 10
4 11 1 5
4 12 5 2
4 13 6 2
4 14 1 9
4 15 5 10
4 16 1 2
4 17 1 8
4 18 3 6
4 19 4 5
4 20 2 10
4 21 8 4
4 22 1 7
4 24 5 10
4 26 6 10
4 27 6 4
4 29 10 8
4 30 1 3
4 32 6 10
4 33 5 6
4 34 4 10
4 35 5 4
4 36 4 10
4 37 5 10
4 38 3 10
4 39 4 8
4 40 10 2
4 41 4 6
4 42 2 4
4 43 1 6
4 44 4 3
4 45 1 7
4 46 5 10
4 47 2 9
4 48 2 6
4 49 10 1
4 50 2 5
4 51 10 6
4 53 6 10
4 54 8 2
4 55 2 7
4 56 6 1
4 58 10 10
4 59 7 3
4 60 5 7
4 62 9 9
4 63 1 5
4 66 5 7
4 67 6 3
4 68 7 4
4 69 3 5
4 70 4 9
4 72 7 8
4 73 8 8
4 74 6 6
4 75 3 3
4 76 3 1
4 77 9 6
4 78 3 3
4 81 4 6
4 82 9 8
4 83 7 9
4 84 7 9
4 85 2 3
4 86 3 8
4 88 7 6
4 89 3 1
4 90 1 4
4 91 4 10
4 92 4 1
4 93 9 6
4 94 9 8
4 95 9 9
4 96 7 4
4 98 8 5
4 99 1 2
4 100 6 8
5 6 1 2
5 7 6 4
5 9 1 9
5 10 5 6
5 11 4 2
5 12 5 3
5 13 3 4
5 14 7 8
5 15 4 4
5 16 9 4
5 17 10 4
5 18 7 7
5 19 3 6
5 20 6 2
5 22 4 1
5 24 10 7
5 26 6 7
5 27 6 8
5 28 7 3
5 29 5 2
5 30 3 1
5 31 8 6
5 32 8 4
5 34 1 6
5 35 9 2
5 36 1 5
5 37 5 5
5 38 2 6
5 39 4 2
5 41 2 1
5 42 9 5
5 43 6 5
5 44 3 5
5 46 5 2
5 47 3 3
5 49 5 4
5 51 2 1
5 52 1 10
5 55 9 5
5 56 3 10
5 60 10 6
5 61 10 10
5 62 3 2
5 63 6 1
5 64 3 8
5 65 10 4
5 66 4 6
5 67 9 10
5 69 1 3
5 70 1 9
5 72 6 10
5 73 7 9
5 74 3 7
5 75 1 9
5 76 10 2
5 77 9 5
5 78 7 5
5 80 7 10
5 81 3 2
5 82 4 7
5 83 7 2
5 84 8 6
5 85 10 9
5 86 5 9
5 87 10 7
5 88 6 7
5 89 3 1
5 90 7 5
5 93 7 1
5 94 2 4
5 96 7 10
5 97 4 1
5 98 5 5
5 99 1 2
5 100 1 6
6 8 10 8
6 9 5 3
6 10 2 10
6 11 4 10
6 13 5 2
6 14 6 1
6 17 7 6
6 18 4 9
6 19 5 5
6 22 5 6
6 23 1 4
6 24 6 5
6 25 5 9
6 26 7 9
6 27 5 1
6 28 8 10
6 29 7 6
6 30 2 3
6 31 8 7
6 32 5 4
6 33 7 2
6 34 10 10
6 35 10 5
6 36 2 10
6 37 7 7
6 38 5 8
6 41 9 10
6 44 10 10
6 46 9 6
6 47 9 5
6 48 9 10
6 49 8 7
6 50 8 3
6 52 3 5
6 53 2 10
6 54 8 1
6 55 7 6
6 56 7 7
6 57 3 1
6 58 10 6
6 59 6 10
6 60 2 4
6 61 5 1
6 62 6 5
6 63 4 3
6 64 10 4
6 65 1 8
6 66 4 6
6 67 10 10
6 68 7 5
6 69 3 10
6 71 6 7
6 72 5 6
6 74 10 9
6 75 7 7
6 79 9 2
6 80 4 4
6 81 8 8
6 82 10 5
6 83 5 10
6 84 10 7
6 86 7 9
6 87 9 8
6 88 5 3
6 89 3 1
6 90 3 3
6 91 2 9
6 92 9 5
6 93 9 6
6 94 6 2
6 96 4 5
6 97 7 2
6 98 8 6
6 99 4 4
6 100 1 1
7 8 4 4
7 9 3 6
7 10 8 4
7 11 5 7
7 12 1 2
7 13 7 7
7 15 6 2
7 16 5 9
7 17 5 9
7 19 8 7
7 20 9 4
7 21 4 2
7 24 5 10
7 25 9 8
7 26 3 7
7 27 8 4
7 29 8 4
7 30 3 8
7 31 10 1
7 32 9 9
7 33 9 1
7 35 6 2
7 37 10 5
7 39 2 1
7 40 3 10
7 41 7 3
7 42 6 10
7 43 4 9
7 44 1 6
7 45 8 3
7 47 8 2
7 48 2 10
7 50 7 4
7 51 7 4
7 53 8 3
7 54 9 4
7 55 4 8
7 56 4 6
7 57 6 1
7 59 3 9
7 60 6 3
7 61 4 6
7 63 1 9
7 64 1 7
7 65 2 10
7 66 3 3
7 67 10 1
7 68 1 3
7 69 5 9
7 70 10 7
7 71 3 10
7 72 1 4
7 73 7 5
7 74 2 4
7 75 1 9
7 76 3 5
7 77 1 4
7 79 10 8
7 80 10 5
7 81 7 9
7 82 5 3
7 83 9 2
7 84 4 7
7 85 5 6
7 86 3 3
7 88 5 4
7 89 3 10
7 90 3 2
7 91 6 6
7 92 5 10
7 93 8 3
7 94 6 5
7 95 2 6
7 96 8 10
7 97 10 1
7 98 4 4
7 99 9 9
7 100 3 9
8 9 8 6
8 10 8 9
8 12 4 3
8 13 9 8
8 14 4 6
8 15 6 7
8 16 1 2
8 19 9 9
8 20 5 5
8 21 4 9
8 22 1 6
8 24 6 1
8 25 2 4
8 26 3 1
8 27 8 7
8 29 1 5
8 30 3 4
8 31 4 5
8 32 2 5
8 34 9 10
8 35 1 3
8 37 1 8
8 38 7 8
8 39 3 10
8 40 1 1
8 41 1 6
8 43 1 1
8 44 7 1
8 45 3 6
8 46 4 4
8 47 2 3
8 48 3 10
8 49 3 6
8 50 2 6
8 51 8 10
8 52 2 7
8 53 10 4
8 54 1 2
8 55 10 10
8 56 1 1
8 58 7 7
8 59 9 5
8 62 8 5
8 63 8 8
8 64 10 4
8 65 5 5
8 67 8 7
8 70 6 4
8 71 4 3
8 72 3 5
8 75 1 3
8 77 2 5
8 78 6 2
8 79 1 2
8 81 3 6
8 82 4 4
8 83 10 7
8 84 4 8
8 85 5 6
8 86 2 3
8 87 5 9
8 88 8 10
8 89 7 5
8 90 1 4
8 91 4 2
8 93 5 10
8 94 10 8
8 95 9 5
8 96 2 4
8 97 8 1
8 98 10 7
8 99 10 3
8 100 4 4
9 10 9 7
9 11 9 3
9 12 5 10
9 13 2 7
9 14 5 3
9 16 3 2
9 17 7 2
9 18 2 6
9 19 9 8
9 20 6 10
9 21 6 10
9 22 9 3
9 23 4 5
9 25 5 10
9 26 3 4
9 27 2 7
9 28 4 9
9 29 2 3
9 31 2 1
9 32 10 4
9 33 4 9
9 34 7 4
9 35 4 1
9 38 3 8
9 39 1 10
9 41 6 8
9 42 10 3
9 43 2 7
9 44 5 5
9 45 5 3
9 47 1 2
9 48 4 5
9 49 1 3
9 54 5 5
9 56 10 1
9 57 3 1
9 58 5 2
9 60 3 6
9 62 9 10
9 63 5 2
9 64 2 9
9 67 4 5
9 68 10 1
9 69 6 8
9 70 5 2
9 71 3 7
9 72 1 10
9 74 10 6
9 75 9 9
9 76 6 4
9 77 8 7
9 79 2 2
9 80 4 6
9 81 4 9
9 85 9 4
9 86 7 10
9 87 10 7
9 88 7 9
9 90 1 8
9 91 8 7
9 93 8 10
9 94 1 9
9 95 5 5
9 96 6 8
9 97 6 7
9 98 7 8
9 99 1 9
9 100 6 8
10 11 3 9
10 13 8 9
10 14 10 8
10 15 10 5
10 16 5 1
10 18 4 6
10 19 3 3
10 20 9 2
10 22 1 2
10 24 1 5
10 25 7 4
10 26 10 10
10 27 4 5
10 29 2 10
10 30 3 9
10 31 1 4
10 33 5 6
10 34 2 6
10 35 4 4
10 36 9 5
10 37 1 2
10 38 2 9
10 39 4 6
10 40 5 3
10 41 1 6
10 42 7 2
10 43 6 5
10 44 1 3
10 46 6 3
10 47 5 6
10 49 5 10
10 50 3 5
10 51 3 8
10 52 10 4
10 53 3 1
10 54 10 7
10 55 7 10
10 56 1 8
10 57 3 6
10 59 10 7
10 60 10 6
10 61 3 3
10 62 6 6
10 63 8 3
10 64 8 9
10 65 8 7
10 68 1 1
10 69 10 4
10 70 10 9
10 71 9 9
10 72 10 6
10 73 9 3
10 74 2 10
10 75 9 7
10 76 6 2
10 77 2 8
10 79 1 10
10 80 4 2
10 81 7 10
10 82 8 2
10 83 8 6
10 84 9 1
10 86 3 3
10 87 8 10
10 88 5 9
10 89 6 8
10 90 7 5
10 91 2 7
10 92 7 9
10 94 3 8
10 95 6 6
10 97 4 2
10 98 3 1
10 99 9 1
10 100 10 1
11 12 4 5
11 13 9 7
11 15 10 1
11 16 9 1
11 17 8 6
11 18 2 1
11 19 2 10
11 21 7 3
11 23 8 10
11 25 6 6
11 26 4 10
11 27 2 3
11 30 1 10
11 31 6 5
11 32 3 8
11 33 9 8
11 34 10 7
11 35 8 2
11 36 4 7
11 37 5 10
11 38 9 2
11 39 3 7
11 40 2 3
11 41 5 8
11 43 1 7
11 44 2 8
11 45 10 2
11 46 1 9
11 49 10 9
11 50 3 2
11 51 8 8
11 53 8 2
11 54 10 2
11 55 5 4
11 56 8 8
11 57 10 2
11 58 5 5
11 59 7 4
11 60 5 10
11 61 3 3
11 62 8 3
11 63 6 4
11 64 7 7
11 65 9 9
11 66 9 6
11 67 7 4
11 68 6 2
11 70 1 3
11 72 6 6
11 73 9 7
11 74 3 2
11 75 10 5
11 76 10 2
11 77 6 10
11 78 6 3
11 79 6 9
11 81 6 6
11 82 8 9
11 83 7 2
11 84 2 4
11 85 9 5
11 86 8 2
11 87 3 9
11 88 9 1
11 89 3 2
11 90 9 9
11 91 3 8
11 92 9 8
11 93 4 8
11 96 1 4
11 97 8 5
11 98 8 2
11 99 10 1
11 100 2 7
12 13 8 5
12 14 10 5
12 15 1 4
12 16 9 1
12 17 7 7
12 20 10 8
12 21 6 6
12 22 10 6
12 23 4 1
12 24 8 10
12 26 3 9
12 27 6 4
12 28 8 8
12 29 9 3
12 30 9 7
12 32 4 1
12 33 4 10
12 35 9 3
12 36 8 8
12 37 8 10
12 39 5 10
12 40 6 9
12 41 1 9
12 42 10 9
12 43 8 2
12 44 2 6
12 45 1 9
12 46 4 3
12 47 9 4
12 49 7 8
12 51 4 4
12 52 3 2
12 53 2 9
12 54 6 9
12 55 9 9
12 56 3 7
12 57 2 6
12 58 6 4
12 60 4 3
12 62 4 10
12 64 6 4
12 66 9 6
12 67 1 4
12 68 6 3
12 69 1 5
12 71 2 9
12 72 9 10
12 73 1 6
12 74 9 9
12 75 5 1
12 76 1 2
12 77 10 4
12 78 10 5
12 79 6 7
12 81 4 10
12 82 4 1
12 83 3 8
12 85 4 6
12 86 1 10
12 87 1 2
12 88 1 10
12 89 1 3
12 90 2 3
12 91 6 2
12 92 10 2
12 93 3 5
12 94 7 3
12 95 6 8
12 96 9 7
12 98 7 9
12 99 10 10
12 100 9 2
13 15 2 6
13 16 5 3
13 17 9 8
13 18 10 5
13 19 7 2
13 22 3 8
13 23 4 4
13 24 4 7
13 25 1 6
13 26 2 8
13 27 7 5
13 28 9 10
13 30 1 1
13 31 3 9
13 34 1 7
13 35 9 5
13 36 5 7
13 38 2 2
13 39 6 4
13 41 2 4
13 43 1 10
13 44 2 2
13 45 9 1
13 46 2 3
13 47 6 1
13 49 1 1
13 50 4 9
13 51 2 2
13 52 5 10
13 53 7 7
13 54 8 2
13 55 1 2
13 56 7 7
13 57 5 2
13 59 8 2
13 61 10 10
13 63 8 1
13 64 3 1
13 65 9 8
13 66 2 9
13 67 8 8
13 68 3 8
13 70 6 6
13 71 3 2
13 72 5 3
13 73 2 1
13 74 9 7
13 75 5 9
13 76 5 3
13 77 9 3
13 78 2 3
13 79 1 9
13 82 4 7
13 83 7 3
13 84 8 7
13 85 8 2
13 86 6 8
13 87 9 6
13 88 1 3
13 89 1 8
13 90 10 1
13 92 7 4
13 93 9 9
13 94 9 6
13 95 5 6
13 96 1 6
13 97 9 3
13 98 9 7
13 99 3 10
13 100 7 2
14 16 10 9
14 17 6 2
14 18 2 4
14 19 2 10
14 22 3 5
14 24 1 5
14 26 3 2
14 27 8 6
14 29 8 3
14 30 3 2
14 32 9 9
14 33 3 10
14 34 7 4
14 35 8 2
14 36 9 9
14 37 3 5
14 38 3 2
14 40 9 6
14 41 9 7
14 42 6 2
14 43 1 6
14 44 4 8
14 45 2 7
14 46 3 9
14 47 1 4
14 48 8 3
14 49 3 9
14 50 6 1
14 52 7 1
14 53 9 7
14 55 9 6
14 56 10 7
14 57 8 7
14 58 10 7
14 60 7 5
14 61 2 4
14 62 10 5
14 64 2 2
14 65 4 2
14 66 6 10
14 67 2 1
14 70 1 5
14 73 5 3
14 74 7 10
14 75 2 10
14 76 9 1
14 77 4 2
14 78 1 9
14 79 3 7
14 81 6 5
14 82 4 2
14 84 8 10
14 85 7 1
14 86 9 3
14 88 10 3
14 90 2 2
14 91 3 1
14 92 4 2
14 94 4 5
14 95 2 2
14 96 8 6
14 97 4 8
14 98 5 9
14 99 9 1
14 100 8 4
15 16 3 5
15 17 3 9
15 18 6 1
15 19 8 5
15 21 4 10
15 23 6 1
15 24 1 3
15 25 5 8
15 26 5 5
15 27 5 7
15 28 1 7
15 29 5 4
15 30 7 6
15 31 7 1
15 32 1 3
15 35 8 8
15 36 3 3
15 37 9 5
15 39 3 7
15 41 6 2
15 42 6 8
15 43 9 5
15 44 3 2
15 45 6 8
15 46 4 3
15 47 6 10
15 49 6 6
15 50 10 4
15 51 3 1
15 52 5 9
15 53 9 3
15 54 8 5
15 55 4 2
15 56 9 10
15 59 5 9
15 60 4 3
15 62 3 6
15 64 8 5
15 66 2 2
15 67 4 5
15 68 2 1
15 69 9 1
15 70 8 2
15 71 9 5
15 72 9 6
15 73 6 7
15 74 7 6
15 75 6 4
15 76 10 3
15 77 3 8
15 78 6 3
15 79 2 2
15 80 3 3
15 82 8 9
15 84 10 5
15 87 1 7
15 88 3 6
15 89 9 8
15 90 1 10
15 91 3 4
15 94 8 2
15 95 8 3
15 96 6 10
15 97 7 5
15 98 10 3
15 99 5 10
15 100 2 2
16 17 2 2
16 18 9 4
16 19 4 6
16 20 9 5
16 21 3 5
16 22 1 6
16 23 8 1
16 24 2 9
16 25 6 5
16 27 2 8
16 28 2 4
16 29 4 7
16 30 5 2
16 32 4 2
16 34 9 8
16 35 2 8
16 36 1 8
16 37 5 8
16 39 2 6
16 40 1 6
16 41 2 4
16 42 8 3
16 43 9 6
16 44 3 4
16 45 9 4
16 46 9 10
16 47 9 1
16 48 3 5
16 50 4 1
16 52 10 5
16 53 9 4
16 54 3 4
16 56 10 8
16 57 5 5
16 58 2 9
16 60 9 10
16 61 8 8
16 62 2 3
16 63 9 1
16 64 7 2
16 65 4 3
16 66 1 9
16 67 3 9
16 68 7 3
16 69 6 6
16 70 10 10
16 71 2 3
16 73 1 2
16 74 5 9
16 75 3 5
16 76 8 4
16 77 5 7
16 79 6 1
16 80 4 2
16 81 9 9
16 82 8 1
16 83 8 7
16 85 7 10
16 86 5 9
16 87 4 7
16 88 8 8
16 90 3 2
16 91 8 8
16 93 10 6
16 94 7 6
16 95 5 6
16 96 7 6
16 97 2 10
16 98 5 10
16 99 3 5
17 18 3 1
17 19 2 1
17 20 9 1
17 21 4 3
17 22 7 10
17 23 8 2
17 25 5 10
17 26 8 9
17 27 5 4
17 28 10 2
17 29 8 4
17 30 6 7
17 31 5 6
17 32 2 4
17 33 7 3
17 34 7 2
17 35 9 8
17 36 8 10
17 37 7 4
17 39 9 1
17 40 3 3
17 42 4 5
17 43 7 10
17 45 10 10
17 46 3 10
17 47 7 7
17 48 7 1
17 49 7 8
17 50 9 5
17 51 1 4
17 52 1 3
17 53 2 2
17 54 5 7
17 55 5 3
17 56 1 4
17 57 9 2
17 58 7 10
17 59 8 8
17 60 1 6
17 61 6 2
17 62 7 7
17 63 7 6
17 64 2 9
17 66 9 10
17 67 6 3
17 68 6 5
17 69 3 4
17 71 6 2
17 72 9 9
17 73 8 5
17 74 5 8
17 77 1 4
17 79 3 5
17 80 10 3
17 81 2 8
17 84 1 10
17 85 1 2
17 86 8 8
17 87 1 7
17 88 6 8
17 89 2 3
17 91 3 8
17 92 6 10
17 93 5 8
17 94 2 8
17 95 4 8
17 97 1 5
17 98 6 6
17 99 9 2
17 100 10 9
18 19 4 1
18 20 6 2
18 21 9 10
18 22 7 9
18 24 1 1
18 25 7 8
18 27 6 7
18 28 10 6
18 29 10 1
18 30 3 6
18 31 10 6
18 32 4 6
18 33 3 3
18 34 9 6
18 35 1 10
18 36 6 2
18 38 2 1
18 39 8 1
18 40 4 3
18 41 4 5
18 42 5 10
18 43 4 3
18 44 1 2
18 45 2 6
18 47 6 1
18 48 10 9
18 49 7 2
18 50 5 6
18 52 7 5
18 53 10 1
18 54 2 7
18 55 7 9
18 56 6 8
18 57 4 5
18 58 1 1
18 59 10 8
18 60 9 9
18 62 4 8
18 63 10 3
18 64 2 8
18 65 3 4
18 68 8 1
18 69 10 2
18 71 5 7
18 72 6 9
18 74 5 3
18 75 2 8
18 77 8 5
18 78 8 4
18 79 3 3
18 80 4 2
18 81 1 7
18 82 6 8
18 83 7 4
18 84 10 7
18 85 6 2
18 86 5 10
18 87 7 3
18 88 3 1
18 90 3 8
18 91 8 5
18 93 10 5
18 94 1 8
18 95 2 5
18 96 4 8
18 98 7 3
18 99 9 9
19 21 1 1
19 23 8 4
19 25 7 10
19 26 3 1
19 27 9 2
19 28 1 2
19 29 9 6
19 30 10 7
19 31 7 2
19 32 10 6
19 34 6 2
19 35 6 1
19 36 5 4
19 37 4 5
19 38 6 1
19 39 7 6
19 40 3 9
19 41 8 6
19 42 7 3
19 43 3 5
19 45 10 4
19 46 8 2
19 47 7 6
19 49 1 10
19 50 7 9
19 51 2 10
19 53 8 6
19 54 2 9
19 55 4 4
19 56 4 2
19 57 1 10
19 58 10 8
19 59 7 10
19 60 8 9
19 61 3 5
19 62 6 9
19 63 3 2
19 64 3 7
19 65 9 2
19 66 4 1
19 67 4 3
19 68 1 8
19 69 4 5
19 70 1 10
19 71 2 4
19 72 8 4
19 73 10 5
19 74 8 9
19 75 7 9
19 76 6 3
19 77 5 6
19 78 5 5
19 79 2 3
19 81 1 10
19 82 5 7
19 83 10 3
19 86 6 5
19 87 9 6
19 88 10 3
19 89 5 7
19 90 7 2
19 91 9 2
19 92 2 3
19 93 1 6
19 94 9 6
19 95 1 10
19 96 1 2
19 97 5 4
19 98 9 2
19 100 7 9
20 21 6 5
20 22 5 1
20 23 9 10
20 24 7 8
20 25 8 1
20 27 3 3
20 28 5 10
20 30 1 5
20 31 6 2
20 32 10 1
20 33 6 2
20 34 1 6
20 35 6 5
20 36 8 4
20 37 10 4
20 38 9 1
20 41 4 10
20 42 5 2
20 43 6 5
20 44 4 4
20 45 2 6
20 46 4 4
20 47 6 3
20 48 7 6
20 49 9 1
20 50 4 7
20 51 4 1
20 53 4 7
20 55 6 5
20 56 8 2
20 58 8 3
20 59 8 8
20 60 8 2
20 61 8 4
20 63 1 3
20 64 3 3
20 65 8 4
20 66 3 1
20 67 1 9
20 68 8 4
20 69 5 3
20 70 10 9
20 71 4 2
20 73 5 4
20 74 10 1
20 75 5 4
20 76 7 7
20 77 4 10
20 81 1 9
20 82 4 3
20 83 4 6
20 85 10 4
20 86 10 8
20 87 2 1
20 88 1 5
20 89 10 5
20 90 3 4
20 91 1 1
20 92 1 2
20 94 6 2
20 95 5 2
20 96 6 8
20 97 2 4
20 98 7 4
20 99 3 1
20 100 9 8
21 22 9 7
21 23 4 3
21 24 8 7
21 25 6 10
21 26 1 8
21 27 1 9
21 28 2 5
21 30 1 4
21 31 1 3
21 34 7 7
21 35 7 2
21 37 7 8
21 38 9 8
21 39 5 4
21 40 9 8
21 41 1 7
21 42 8 10
21 44 3 4
21 45 1 2
21 46 6 6
21 49 3 5
21 51 4 3
21 52 6 9
21 53 3 8
21 55 10 2
21 56 6 10
21 57 2 2
21 58 8 2
21 59 9 6
21 60 8 6
21 62 7 4
21 63 9 6
21 64 1 4
21 65 8 9
21 66 6 9
21 67 1 4
21 68 2 7
21 69 7 4
21 70 7 10
21 72 3 9
21 73 7 1
21 74 9 10
21 75 10 7
21 76 6 10
21 77 7 3
21 78 10 4
21 79 2 4
21 80 9 10
21 81 3 8
21 82 2 4
21 83 5 9
21 84 4 3
21 85 4 4
21 87 9 4
21 88 10 3
21 89 8 10
21 90 5 3
21 91 5 9
21 92 1 1
21 93 8 7
21 94 4 3
21 96 6 3
21 97 6 9
21 98 5 9
21 99 5 8
22 23 7 10
22 25 4 4
22 26 9 2
22 27 9 7
22 28 1 6
22 29 2 4
22 30 8 10
22 32 2 5
22 33 8 1
22 34 4 5
22 35 9 9
22 36 9 2
22 37 2 10
22 38 9 7
22 39 4 9
22 40 4 4
22 41 9 10
22 42 10 8
22 43 4 4
22 44 5 4
22 45 3 7
22 48 9 8
22 49 6 3
22 50 6 4
22 51 2 4
22 52 4 7
22 53 10 6
22 55 10 9
22 56 1 1
22 57 5 3
22 58 3 4
22 59 10 7
22 60 6 9
22 62 2 5
22 64 3 9
22 66 9 8
22 67 6 10
22 70 7 7
22 71 7 2
22 72 1 2
22 73 6 8
22 74 8 6
22 75 7 3
22 76 2 6
22 78 4 4
22 79 4 7
22 80 10 8
22 82 3 9
22 83 4 4
22 84 1 10
22 85 8 10
22 86 2 10
22 87 10 6
22 88 8 9
22 90 10 5
22 91 5 9
22 92 5 1
22 94 4 3
22 95 3 4
22 96 6 4
22 97 3 4
22 98 1 9
22 100 1 2
23 24 6 7
23 25 4 6
23 27 1 2
23 28 10 6
23 29 9 8
23 30 4 8
23 31 2 8
23 32 10 4
23 34 2 8
23 35 7 4
23 37 8 1
23 39 4 10
23 41 8 4
23 42 5 8
23 43 5 8
23 44 5 7
23 45 7 5
23 47 6 3
23 51 2 4
23 52 5 5
23 53 1 10
23 54 5 4
23 57 7 1
23 58 6 8
23 60 9 4
23 61 7 3
23 62 5 9
23 64 5 5
23 65 2 3
23 66 10 9
23 67 7 5
23 68 8 10
23 70 1 8
23 71 1 5
23 72 10 9
23 73 4 1
23 74 2 10
23 75 2 5
23 76 4 10
23 78 10 4
23 79 4 6
23 80 3 2
23 81 8 1
23 82 2 3
23 83 1 2
23 84 6 2
23 85 1 7
23 88 7 7
23 89 2 2
23 90 5 10
23 92 9 2
23 94 8 6
23 95 10 3
23 96 2 6
23 97 1 10
23 98 10 3
23 99 4 4
23 100 3 9
24 25 6 1
24 26 4 7
24 27 3 7
24 28 10 1
24 29 5 10
24 30 4 3
24 31 1 8
24 32 5 9
24 33 6 5
24 34 10 2
24 35 1 2
24 36 6 5
24 37 1 6
24 38 3 4
24 39 6 7
24 41 8 7
24 42 8 2
24 43 4 3
24 44 10 8
24 46 4 9
24 47 6 5
24 48 4 7
24 49 5 1
24 51 2 2
24 52 8 10
24 54 2 8
24 55 6 5
24 56 6 3
24 57 3 9
24 59 1 7
24 60 2 9
24 61 10 2
24 63 9 5
24 64 4 3
24 65 5 2
24 66 5 2
24 67 7 6
24 69 9 6
24 70 10 9
24 71 10 6
24 72 2 2
24 73 3 3
24 74 4 3
24 75 5 3
24 76 4 10
24 77 10 4
24 79 10 5
24 80 8 3
24 82 4 3
24 83 1 4
24 85 2 1
24 86 10 1
24 87 10 9
24 88 1 9
24 89 10 10
24 91 2 2
24 92 7 1
24 93 7 9
24 95 2 4
24 96 1 7
24 99 7 7
24 100 9 5
25 26 2 3
25 27 10 1
25 28 7 10
25 29 4 3
25 30 3 6
25 31 5 2
25 32 8 9
25 34 4 9
25 35 8 2
25 36 6 6
25 37 9 4
25 38 3 9
25 40 7 9
25 41 8 2
25 42 2 5
25 43 3 7
25 44 7 1
25 45 10 4
25 47 10 3
25 48 3 6
25 49 7 4
25 50 8 2
25 51 7 8
25 53 9 5
25 54 8 6
25 55 5 3
25 57 7 5
25 59 6 10
25 60 6 5
25 61 10 9
25 62 9 1
25 63 2 10
25 64 9 5
25 65 5 10
25 66 9 9
25 68 6 9
25 69 8 7
25 70 9 6
25 71 5 1
25 72 9 4
25 73 6 3
25 74 3 3
25 75 5 10
25 76 4 6
25 77 1 9
25 79 4 3
25 80 3 3
25 81 6 7
25 82 7 1
25 83 3 7
25 84 10 10
25 85 9 6
25 87 8 4
25 88 5 6
25 89 6 4
25 90 3 3
25 91 3 6
25 92 6 8
25 93 5 8
25 94 8 2
25 95 7 3
25 99 9 2
26 27 5 5
26 29 2 8
26 30 7 3
26 32 6 7
26 33 9 9
26 34 9 7
26 35 6 5
26 36 9 4
26 37 7 5
26 39 4 8
26 40 3 6
26 41 1 7
26 42 9 2
26 43 1 2
26 44 6 5
26 45 5 6
26 47 2 4
26 48 9 2
26 49 3 6
26 50 10 5
26 53 7 8
26 54 7 4
26 55 4 1
26 56 9 7
26 57 9 7
26 58 3 9
26 59 6 8
26 60 1 8
26 61 10 10
26 62 3 9
26 63 7 3
26 65 8 10
26 68 7 3
26 69 10 10
26 70 4 8
26 71 4 1
26 73 4 7
26 74 4 6
26 75 4 8
26 77 9 5
26 81 10 10
26 82 5 2
26 83 10 3
26 84 10 4
26 85 2 5
26 86 4 4
26 87 9 8
26 89 8 3
26 90 6 9
26 91 7 4
26 92 3 2
26 93 1 7
26 94 4 2
26 95 10 1
26 96 7 4
26 97 10 4
26 99 4 5
26 100 5 6
27 28 2 10
27 29 8 3
27 30 1 6
27 31 2 5
27 32 3 2
27 33 9 3
27 34 4 9
27 38 5 4
27 39 10 1
27 40 2 9
27 41 1 6
27 42 7 10
27 43 9 9
27 44 7 5
27 45 8 9
27 46 4 2
27 47 7 9
27 49 8 5
27 50 6 10
27 51 8 4
27 52 2 5
27 53 6 7
27 55 1 6
27 56 2 6
27 57 10 2
27 60 3 3
27 61 6 4
27 62 1 10
27 64 3 4
27 66 5 7
27 67 10 4
27 68 5 8
27 69 1 5
27 70 1 6
27 71 1 5
27 72 3 8
27 73 7 1
27 74 7 4
27 76 8 7
27 77 1 2
27 78 5 8
27 83 4 9
27 84 7 1
27 85 8 1
27 86 2 9
27 87 3 1
27 88 7 7
27 89 5 6
27 91 10 3
27 92 8 4
27 93 5 8
27 94 7 8
27 95 9 6
27 96 1 8
27 97 9 9
27 98 6 4
27 100 9 10
28 29 10 8
28 30 8 8
28 31 5 9
28 33 3 9
28 34 5 4
28 35 8 6
28 37 9 8
28 38 7 1
28 39 9 9
28 40 2 4
28 41 6 4
28 42 10 6
28 43 2 1
28 44 2 6
28 49 3 9
28 51 2 8
28 52 10 9
28 55 5 7
28 60 5 10
28 61 2 5
28 62 7 9
28 63 4 3
28 64 9 5
28 65 10 2
28 66 2 6
28 67 3 5
28 68 4 7
28 69 5 10
28 70 10 2
28 71 7 7
28 72 8 10
28 73 9 8
28 74 8 3
28 75 9 8
28 77 2 3
28 78 4 10
28 79 5 10
28 80 2 6
28 82 2 7
28 83 3 3
28 84 10 7
28 85 7 2
28 86 2 9
28 90 6 2
28 92 7 3
28 93 3 3
28 94 6 8
28 95 9 8
28 96 8 7
28 97 9 3
28 98 9 9
28 99 6 10
29 30 9 8
29 31 3 9
29 32 10 3
29 33 6 7
29 34 6 7
29 35 7 2
29 36 1 6
29 37 5 3
29 38 5 7
29 39 3 10
29 40 3 8
29 41 2 6
29 43 9 5
29 44 6 1
29 45 8 7
29 47 2 5
29 48 3 10
29 50 2 7
29 51 5 7
29 52 8 9
29 53 3 9
29 54 5 5
29 55 6 9
29 56 9 8
29 57 8 10
29 58 2 1
29 59 7 3
29 60 3 3
29 61 1 1
29 62 3 10
29 64 8 10
29 66 8 1
29 67 7 3
29 68 1 9
29 69 6 9
29 70 2 1
29 71 6 4
29 72 5 8
29 73 1 3
29 74 2 8
29 75 2 6
29 76 1 3
29 77 7 8
29 78 1 4
29 80 7 6
29 81 9 4
29 83 10 6
29 84 1 2
29 85 7 1
29 86 5 2
29 87 8 5
29 88 10 4
29 90 6 10
29 91 7 8
29 92 9 8
29 93 8 3
29 94 5 4
29 95 7 1
29 96 9 6
29 97 5 7
29 98 2 6
29 99 1 4
30 31 2 3
30 33 3 6
30 34 4 3
30 35 6 9
30 36 4 6
30 37 1 6
30 38 8 8
30 39 5 9
30 40 7 8
30 41 8 1
30 42 4 6
30 43 3 4
30 44 2 4
30 45 6 10
30 47 7 5
30 48 8 5
30 49 3 1
30 50 6 6
30 51 1 9
30 52 1 9
30 53 1 5
30 54 10 6
30 56 2 4
30 58 2 8
30 60 10 8
30 61 1 1
30 62 10 1
30 63 6 3
30 64 1 9
30 65 10 9
30 66 2 8
30 67 10 1
30 68 10 5
30 69 4 2
30 70 4 8
30 71 4 7
30 72 2 7
30 73 4 6
30 74 4 6
30 75 4 2
30 76 5 6
30 77 5 6
30 79 7 1
30 80 7 1
30 81 8 7
30 82 1 9
30 83 2 10
30 86 2 1
30 87 4 5
30 88 1 8
30 89 5 6
30 90 2 10
30 91 6 3
30 92 5 6
30 93 1 3
30 94 1 8
30 96 9 9
30 97 3 7
30 99 10 5
30 100 5 8
31 32 9 5
31 33 5 2
31 35 7 1
31 36 4 2
31 37 5 5
31 38 8 9
31 40 5 6
31 41 1 7
31 42 3 8
31 43 5 8
31 44 7 1
31 46 1 4
31 47 1 5
31 48 9 9
31 49 3 8
31 50 3 6
31 51 4 3
31 53 6 5
31 54 7 8
31 56 1 1
31 58 5 5
31 59 10 3
31 60 10 8
31 61 9 6
31 62 7 6
31 63 7 10
31 64 8 4
31 67 7 9
31 68 8 4
31 69 2 2
31 70 10 1
31 72 3 6
31 73 7 7
31 74 7 6
31 75 1 4
31 76 4 8
31 78 8 5
31 79 6 5
31 80 2 7
31 81 4 3
31 82 6 10
31 83 4 4
31 84 3 7
31 85 3 5
31 86 1 10
31 89 9 10
31 90 8 10
31 91 3 6
31 92 9 3
31 93 10 9
31 94 1 3
31 96 10 1
31 99 8 5
31 100 1 5
32 33 9 7
32 34 8 4
32 35 4 1
32 36 4 7
32 37 4 1
32 38 8 1
32 39 2 10
32 41 10 3
32 42 7 5
32 43 2 2
32 44 9 6
32 45 6 5
32 46 5 9
32 47 9 10
32 48 2 10
32 51 5 7
32 52 2 3
32 53 9 9
32 54 4 8
32 55 6 9
32 56 3 1
32 58 10 6
32 60 2 3
32 61 6 8
32 62 3 1
32 63 3 2
32 67 10 7
32 68 8 8
32 69 9 9
32 71 10 2
32 72 1 10
32 73 1 7
32 74 7 5
32 75 4 10
32 76 4 3
32 77 1 7
32 79 8 7
32 80 10 3
32 82 4 5
32 83 3 3
32 84 7 2
32 85 10 10
32 86 3 5
32 88 3 1
32 91 7 10
32 92 7 1
32 93 6 3
32 94 5 9
32 96 3 3
32 97 9 3
32 98 10 2
32 99 5 7
32 100 3 1
33 34 8 1
33 36 2 8
33 37 8 6
33 38 2 1
33 39 2 4
33 40 8 7
33 41 10 1
33 42 3 9
33 44 2 10
33 45 2 7
33 47 7 10
33 49 4 9
33 51 7 7
33 53 4 8
33 55 9 6
33 56 7 6
33 57 4 2
33 58 5 6
33 59 2 5
33 60 10 7
33 62 8 10
33 64 3 6
33 65 6 4
33 66 5 9
33 67 4 7
33 68 2 6
33 69 3 4
33 71 6 10
33 72 5 6
33 73 8 10
33 74 4 10
33 75 4 5
33 76 4 5
33 77 7 10
33 78 7 1
33 79 5 7
33 81 8 10
33 82 8 3
33 83 4 4
33 84 5 1
33 85 3 2
33 86 4 1
33 87 4 3
33 88 6 6
33 91 8 9
33 92 9 9
33 93 10 4
33 94 6 9
33 95 4 7
33 97 5 2
33 98 2 6
33 99 2 5
33 100 10 3
34 35 4 10
34 37 2 8
34 38 4 6
34 39 10 9
34 40 5 9
34 41 8 10
34 42 5 8
34 43 10 7
34 44 2 9
34 45 2 4
34 46 6 4
34 47 10 4
34 49 8 2
34 50 4 10
34 51 7 2
34 52 10 2
34 53 8 8
34 55 9 3
34 56 3 6
34 57 2 5
34 58 6 6
34 59 7 9
34 61 6 10
34 62 9 5
34 63 10 9
34 66 9 2
34 67 9 4
34 68 2 4
34 69 6 2
34 71 2 5
34 73 6 9
34 74 5 4
34 76 3 3
34 77 8 9
34 78 7 4
34 79 8 2
34 80 2 10
34 81 8 10
34 82 3 5
34 83 10 10
34 84 8 10
34 85 6 10
34 86 5 4
34 87 5 4
34 88 3 9
34 90 1 5
34 91 8 6
34 92 8 9
34 93 2 8
34 94 8 9
34 95 2 3
34 96 2 7
34 97 7 7
34 98 1 5
34 99 4 8
34 100 3 7
35 36 2 7
35 37 5 7
35 38 3 7
35 39 10 2
35 40 10 3
35 41 10 6
35 42 9 9
35 43 4 5
35 44 4 4
35 46 2 4
35 48 5 2
35 49 7 2
35 50 2 8
35 51 7 6
35 52 9 5
35 53 8 2
35 58 3 3
35 60 9 8
35 61 2 3
35 62 5 5
35 63 6 10
35 65 10 3
35 66 7 4
35 67 10 7
35 68 10 7
35 69 4 3
35 70 9 2
35 71 6 6
35 72 4 3
35 73 6 3
35 75 5 4
35 76 10 10
35 77 9 5
35 78 8 9
35 80 3 9
35 81 3 1
35 82 2 7
35 84 9 1
35 85 1 9
35 86 7 6
35 87 3 4
35 89 7 4
35 90 9 10
35 91 6 2
35 96 5 2
35 97 8 9
35 99 4 3
36 37 1 9
36 38 6 5
36 39 4 2
36 41 3 4
36 42 10 3
36 44 1 5
36 45 9 10
36 47 7 3
36 49 1 6
36 50 6 7
36 52 10 7
36 54 7 3
36 56 10 5
36 57 9 7
36 58 4 4
36 59 6 9
36 60 5 2
36 61 5 1
36 62 5 9
36 63 7 2
36 64 6 2
36 65 7 3
36 66 7 9
36 67 8 7
36 68 7 7
36 69 6 10
36 70 6 8
36 71 3 10
36 72 5 6
36 73 4 5
36 74 2 3
36 75 1 8
36 76 3 6
36 77 9 4
36 78 5 2
36 79 2 1
36 80 10 7
36 84 10 2
36 85 5 8
36 86 4 10
36 88 4 3
36 89 3 7
36 91 8 3
36 92 6 4
36 93 6 7
36 94 4 6
36 95 2 2
36 96 2 1
36 97 2 9
36 98 8 1
36 99 4 1
36 100 10 1
37 38 8 4
37 39 6 2
37 40 3 6
37 41 9 1
37 43 8 9
37 44 5 4
37 45 1 6
37 46 7 2
37 47 10 9
37 48 1 9
37 49 6 7
37 50 5 9
37 51 10 3
37 52 2 6
37 54 6 2
37 55 8 3
37 56 6 4
37 57 5 6
37 58 7 3
37 59 4 9
37 60 5 5
37 62 10 8
37 63 5 9
37 64 2 4
37 65 5 9
37 66 4 4
37 69 6 4
37 70 3 7
37 71 2 9
37 72 8 4
37 74 3 7
37 75 7 7
37 76 5 7
37 77 5 6
37 78 4 10
37 79 9 5
37 80 7 5
37 84 5 7
37 85 8 3
37 86 8 4
37 87 5 9
37 88 3 6
37 89 3 9
37 90 2 2
37 92 9 5
37 93 10 6
37 94 1 2
37 95 3 4
37 97 2 4
37 98 1 7
37 99 2 7
37 100 7 1
38 40 4 4
38 41 2 10
38 42 4 1
38 43 5 4
38 44 10 2
38 45 6 4
38 47 3 10
38 48 9 5
38 49 6 10
38 50 2 10
38 51 4 6
38 52 1 4
38 53 9 1
38 54 10 2
38 55 2 9
38 56 7 10
38 57 1 1
38 63 9 9
38 64 4 2
38 65 6 6
38 66 10 2
38 67 7 4
38 68 3 7
38 69 6 1
38 70 5 8
38 72 9 1
38 73 5 1
38 74 3 4
38 75 10 2
38 76 9 5
38 77 7 8
38 78 6 1
38 80 6 5
38 81 5 1
38 82 1 8
38 83 5 5
38 84 6 9
38 86 6 7
38 87 7 9
38 88 5 6
38 90 10 6
38 91 10 8
38 92 2 5
38 93 6 1
38 94 2 2
38 95 4 8
38 96 9 10
38 97 1 4
38 98 8 1
38 99 7 5
38 100 3 6
39 40 10 9
39 41 10 4
39 42 9 5
39 43 6 2
39 44 5 2
39 46 9 4
39 47 5 7
39 48 6 6
39 49 1 10
39 52 5 10
39 53 10 5
39 54 5 1
39 55 6 1
39 56 8 8
39 57 1 7
39 58 3 5
39 59 5 9
39 60 7 5
39 62 8 10
39 63 3 5
39 64 1 1
39 65 7 5
39 66 3 2
39 67 3 9
39 68 3 3
39 69 10 9
39 70 8 8
39 71 5 8
39 72 6 2
39 73 3 10
39 74 9 6
39 75 6 8
39 76 8 9
39 77 2 9
39 79 10 2
39 80 6 6
39 81 5 3
39 83 3 5
39 84 8 2
39 86 6 2
39 87 4 10
39 88 10 4
39 89 7 5
39 90 1 6
39 91 3 7
39 92 9 8
39 93 9 1
39 94 9 1
39 95 4 10
39 96 5 8
39 97 3 1
39 98 8 1
39 99 8 1
39 100 6 8
40 41 7 3
40 42 6 5
40 43 3 7
40 44 4 7
40 45 1 9
40 47 10 7
40 48 5 9
40 49 1 1
40 50 10 8
40 51 8 10
40 52 4 3
40 53 10 6
40 54 7 2
40 55 1 4
40 56 3 5
40 57 5 1
40 58 7 6
40 59 10 1
40 60 6 10
40 61 4 9
40 62 9 10
40 63 10 10
40 65 8 3
40 66 5 1
40 67 5 9
40 68 6 1
40 69 7 7
40 70 5 6
40 71 10 10
40 72 5 1
40 73 2 3
40 74 5 5
40 76 8 5
40 77 2 9
40 78 2 6
40 79 3 8
40 80 6 1
40 81 6 6
40 84 10 3
40 85 10 9
40 86 9 8
40 87 2 7
40 89 6 7
40 90 1 1
40 91 6 2
40 92 6 1
40 94 5 4
40 95 10 2
40 96 3 4
40 97 8 7
40 99 6 6
40 100 1 8
41 42 1 6
41 43 5 5
41 44 7 8
41 45 7 8
41 46 6 8
41 47 7 1
41 48 4 10
41 49 4 8
41 50 9 3
41 51 8 2
41 53 8 7
41 55 10 8
41 56 7 1
41 58 9 2
41 59 5 8
41 60 4 10
41 61 8 8
41 62 10 10
41 63 8 9
41 65 2 9
41 67 4 9
41 68 3 4
41 69 6 9
41 72 5 5
41 73 7 9
41 75 4 1
41 76 2 8
41 77 7 7
41 79 3 5
41 80 7 9
41 81 1 5
41 82 10 10
41 83 7 2
41 84 2 2
41 85 10 1
41 86 1 2
41 87 3 8
41 88 5 9
41 90 6 4
41 91 10 10
41 92 8 2
41 93 2 10
41 94 10 1
41 95 7 1
41 96 3 8
41 97 7 2
41 98 10 1
42 43 10 6
42 44 9 1
42 46 5 4
42 47 2 7
42 48 6 6
42 49 7 1
42 50 10 7
42 51 5 2
42 52 7 2
42 53 7 2
42 56 5 10
42 57 6 9
42 58 7 3
42 59 4 10
42 60 6 2
42 61 5 9
42 62 4 9
42 63 3 8
42 65 8 4
42 66 2 7
42 68 10 5
42 69 6 1
42 70 10 10
42 71 7 3
42 72 3 1
42 75 4 4
42 76 8 10
42 77 2 3
42 79 4 7
42 81 2 3
42 83 4 8
42 85 3 9
42 86 2 10
42 88 8 7
42 90 2 3
42 91 3 8
42 92 6 1
42 93 9 10
42 94 3 4
42 95 2 8
42 96 4 2
42 98 6 7
42 99 1 10
43 45 2 2
43 46 4 6
43 48 3 2
43 49 8 1
43 50 5 2
43 51 8 3
43 52 4 7
43 53 9 6
43 54 3 8
43 55 9 3
43 56 9 6
43 59 3 3
43 61 2 4
43 63 3 4
43 64 10 6
43 65 5 4
43 66 8 3
43 68 5 10
43 71 7 6
43 73 5 1
43 74 9 2
43 75 9 1
43 76 1 1
43 77 2 10
43 78 6 1
43 79 5 4
43 81 7 8
43 82 9 10
43 83 7 1
43 84 3 9
43 85 9 1
43 86 1 7
43 87 5 7
43 88 8 8
43 89 5 1
43 90 10 7
43 91 2 6
43 92 3 3
43 93 4 5
43 94 3 7
43 96 1 1
43 98 5 5
43 99 9 7
43 100 10 3
44 45 6 5
44 46 2 6
44 47 6 7
44 48 5 7
44 49 9 4
44 52 5 3
44 53 6 4
44 54 1 6
44 56 2 4
44 57 8 10
44 58 4 3
44 59 2 1
44 61 7 3
44 62 8 3
44 63 5 6
44 64 2 5
44 66 1 9
44 68 2 2
44 69 2 10
44 70 10 6
44 71 10 6
44 72 6 9
44 73 10 6
44 74 5 4
44 75 2 2
44 76 5 3
44 77 6 3
44 78 8 4
44 79 4 2
44 80 1 10
44 81 6 6
44 82 10 7
44 83 1 10
44 84 6 7
44 86 9 5
44 87 7 3
44 88 1 4
44 89 1 2
44 94 2 7
44 97 2 2
44 98 6 7
44 99 6 1
44 100 4 9
45 46 5 9
45 47 4 10
45 48 1 9
45 49 9 3
45 50 10 4
45 51 6 5
45 52 4 4
45 53 6 10
45 54 3 7
45 55 9 8
45 56 8 3
45 57 9 4
45 58 8 3
45 59 5 10
45 60 2 8
45 61 9 1
45 62 9 1
45 63 9 10
45 68 10 4
45 69 6 10
45 70 3 3
45 71 6 5
45 72 9 10
45 73 9 10
45 75 2 9
45 76 7 8
45 79 4 3
45 80 9 2
45 81 2 6
45 82 1 4
45 83 1 5
45 84 9 5
45 85 5 10
45 86 6 9
45 87 4 8
45 88 9 1
45 89 4 10
45 90 4 3
45 91 9 3
45 92 1 9
45 93 10 4
45 94 3 1
45 95 6 9
45 96 4 7
45 97 7 4
45 99 1 3
45 100 8 10
46 47 1 10
46 48 9 7
46 49 3 10
46 50 7 2
46 51 6 1
46 52 1 10
46 53 3 9
46 54 7 2
46 55 4 3
46 56 3 2
46 57 4 6
46 58 10 10
46 60 8 9
46 62 7 2
46 63 6 10
46 64 10 1
46 66 5 3
46 69 6 9
46 70 7 9
46 71 7 8
46 72 1 10
46 73 10 2
46 74 2 5
46 75 8 2
46 76 7 3
46 77 9 1
46 78 2 7
46 79 10 3
46 80 4 10
46 81 10 10
46 82 6 2
46 83 1 3
46 84 10 3
46 85 6 4
46 86 10 7
46 90 1 1
46 92 9 9
46 93 4 6
46 94 4 9
46 95 1 4
46 97 6 4
46 98 8 4
47 49 4 9
47 50 8 5
47 51 9 5
47 52 7 7
47 53 3 4
47 54 1 8
47 55 9 4
47 56 6 10
47 59 1 2
47 60 10 3
47 62 10 6
47 63 6 1
47 65 1 10
47 66 6 6
47 67 6 7
47 68 3 6
47 70 5 8
47 71 10 3
47 72 9 8
47 73 10 10
47 74 5 4
47 75 6 7
47 76 8 7
47 77 6 2
47 79 8 2
47 80 10 7
47 81 9 4
47 82 5 7
47 83 4 10
47 85 10 8
47 86 6 1
47 88 2 10
47 90 7 7
47 91 4 5
47 92 9 9
47 93 5 5
47 94 5 2
47 95 7 1
47 96 4 6
47 98 8 7
47 99 8 7
47 100 10 3
48 49 4 10
48 50 2 3
48 51 5 9
48 52 8 7
48 53 10 4
48 54 2 3
48 55 10 8
48 56 6 5
48 57 10 6
48 58 8 7
48 59 3 7
48 60 9 2
48 62 2 4
48 63 6 10
48 65 7 8
48 66 2 3
48 67 2 4
48 69 4 4
48 70 5 5
48 72 10 6
48 73 7 1
48 74 3 4
48 75 4 10
48 76 6 2
48 77 5 1
48 78 2 6
48 79 5 3
48 80 10 6
48 81 10 9
48 82 8 5
48 84 3 6
48 85 7 3
48 86 6 10
48 87 7 1
48 88 6 2
48 89 9 5
48 90 6 3
48 91 6 3
48 92 3 9
48 93 1 5
48 94 1 3
48 95 10 3
48 96 2 3
48 98 6 10
48 99 7 7
49 50 5 10
49 51 4 6
49 52 10 4
49 53 3 9
49 54 1 1
49 55 5 6
49 57 7 7
49 58 9 7
49 59 7 2
49 60 9 4
49 62 1 10
49 63 7 7
49 65 5 5
49 66 4 1
49 67 10 5
49 68 7 7
49 71 4 7
49 72 2 4
49 73 5 4
49 76 4 1
49 77 7 3
49 78 10 10
49 79 1 4
49 80 1 5
49 81 3 2
49 82 4 6
49 84 1 1
49 85 5 1
49 86 9 6
49 87 2 9
49 88 10 10
49 90 1 4
49 91 9 8
49 92 9 1
49 93 2 4
49 94 8 7
49 95 8 6
49 96 6 2
49 97 7 3
49 98 9 3
49 100 6 1
50 51 5 10
50 53 4 8
50 56 4 7
50 58 8 1
50 59 4 8
50 60 10 4
50 62 9 4
50 63 10 6
50 64 5 8
50 65 10 10
50 66 10 6
50 67 9 8
50 68 8 3
50 69 9 9
50 73 7 1
50 74 5 2
50 75 5 9
50 76 3 6
50 78 1 3
50 79 4 7
50 80 1 5
50 81 4 8
50 82 7 1
50 83 3 8
50 85 3 7
50 88 7 1
50 90 5 8
50 95 7 1
50 96 2 1
50 97 9 2
50 100 3 10
51 53 5 8
51 54 6 4
51 56 10 8
51 57 5 10
51 58 8 7
51 60 9 10
51 61 7 1
51 62 2 8
51 63 10 8
51 64 10 1
51 65 3 10
51 66 2 1
51 67 3 3
51 68 10 10
51 69 3 8
51 70 4 3
51 72 8 6
51 73 5 7
51 74 10 6
51 75 8 8
51 76 1 9
51 80 5 1
51 81 4 7
51 82 9 2
51 83 1 5
51 85 2 8
51 86 6 3
51 88 10 6
51 89 7 1
51 90 2 2
51 91 8 7
51 93 1 7
51 94 8 6
51 96 6 10
51 97 2 9
51 99 2 4
51 100 9 4
52 53 9 5
52 54 10 8
52 55 1 7
52 56 8 3
52 57 5 1
52 58 4 9
52 59 5 8
52 60 3 10
52 61 5 7
52 62 7 4
52 63 9 1
52 64 1 9
52 65 5 9
52 66 10 8
52 67 8 5
52 69 4 10
52 70 6 4
52 71 10 5
52 72 1 3
52 73 3 4
52 74 9 7
52 75 9 4
52 76 5 7
52 77 10 9
52 80 2 7
52 81 8 8
52 83 5 4
52 85 8 6
52 86 6 6
52 88 3 8
52 89 5 7
52 90 8 3
52 91 3 4
52 92 8 10
52 93 7 2
52 94 1 9
52 95 7 6
52 97 7 10
52 99 9 6
52 100 2 10
53 54 5 8
53 55 1 1
53 56 5 3
53 57 1 10
53 58 10 1
53 59 6 2
53 60 2 3
53 61 1 9
53 62 6 4
53 63 9 4
53 64 6 9
53 65 6 10
53 66 9 6
53 67 10 10
53 69 4 3
53 70 1 5
53 71 6 9
53 72 6 1
53 75 6 2
53 76 1 6
53 77 8 8
53 78 8 8
53 79 8 10
53 80 10 5
53 81 6 9
53 82 7 7
53 83 9 10
53 85 1 9
53 86 5 9
53 87 9 10
53 88 7 5
53 89 9 3
53 90 7 8
53 91 5 1
53 92 8 10
53 93 8 9
53 94 9 3
53 95 5 9
53 96 3 4
53 97 1 2
53 98 2 7
53 100 10 7
54 55 8 5
54 56 10 6
54 57 9 10
54 58 9 8
54 60 5 4
54 61 6 9
54 62 6 10
54 63 4 5
54 64 2 6
54 65 10 3
54 66 2 4
54 67 3 8
54 70 4 3
54 72 8 7
54 73 5 9
54 74 7 6
54 75 10 10
54 77 4 2
54 78 3 3
54 79 10 7
54 80 1 6
54 81 6 9
54 82 8 9
54 83 5 8
54 84 2 8
54 85 6 8
54 86 2 1
54 87 2 6
54 88 3 6
54 89 3 8
54 90 3 1
54 91 7 1
54 94 5 8
54 95 9 6
54 96 6 9
54 97 7 6
54 98 3 9
54 100 2 8
55 56 7 10
55 57 3 7
55 58 2 4
55 59 6 5
55 61 1 9
55 65 1 6
55 66 2 6
55 67 10 10
55 68 5 5
55 70 2 9
55 71 2 3
55 72 3 10
55 73 2 3
55 75 7 4
55 76 9 10
55 77 8 9
55 78 1 7
55 79 1 5
55 80 1 2
55 81 6 1
55 82 10 4
55 83 10 1
55 84 9 5
55 85 9 3
55 86 2 5
55 87 4 9
55 88 6 4
55 89 8 2
55 90 8 9
55 91 10 6
55 92 5 1
55 93 3 8
55 94 1 9
55 95 7 1
55 96 2 4
55 97 8 4
55 98 6 1
55 99 3 8
55 100 9 7
56 57 7 10
56 58 10 4
56 59 2 8
56 61 10 2
56 62 1 4
56 63 6 6
56 66 9 9
56 69 7 2
56 70 5 9
56 71 5 3
56 72 5 2
56 73 5 9
56 74 10 3
56 76 2 9
56 77 8 3
56 78 3 9
56 79 6 8
56 80 10 2
56 82 10 6
56 83 9 4
56 85 6 6
56 86 7 2
56 87 3 6
56 88 7 3
56 89 5 7
56 90 6 1
56 91 7 8
56 92 9 8
56 93 5 2
56 94 2 5
56 96 6 8
56 97 5 6
56 98 7 5
56 100 3 3
57 58 4 9
57 59 8 7
57 60 7 1
57 61 2 4
57 62 1 2
57 64 9 8
57 65 2 8
57 67 8 5
57 68 1 1
57 69 10 6
57 70 3 9
57 71 3 8
57 73 4 4
57 77 10 1
57 79 10 7
57 80 6 3
57 81 9 5
57 82 2 1
57 83 7 6
57 84 2 3
57 85 2 3
57 88 1 7
57 89 4 5
57 90 5 6
57 91 6 3
57 92 4 8
57 94 6 2
57 95 6 6
57 96 7 4
57 97 3 4
57 98 6 3
57 100 3 6
58 60 1 3
58 61 9 8
58 62 9 10
58 63 7 2
58 64 8 1
58 66 5 3
58 67 3 9
58 68 1 2
58 69 6 3
58 70 4 1
58 71 3 8
58 72 2 4
58 73 2 1
58 74 7 7
58 75 5 8
58 76 1 3
58 78 10 10
58 79 4 5
58 80 4 9
58 82 7 9
58 84 1 1
58 85 10 2
58 86 9 7
58 87 3 9
58 88 3 5
58 89 2 9
58 90 10 4
58 91 2 5
58 92 9 2
58 93 7 4
58 94 9 10
58 95 10 8
58 96 9 5
58 97 4 6
58 98 7 7
58 99 9 4
59 60 1 4
59 61 4 4
59 62 7 3
59 63 7 7
59 64 7 9
59 65 5 3
59 66 1 9
59 67 2 2
59 68 2 7
59 69 6 8
59 70 1 7
59 71 6 6
59 72 2 2
59 73 6 9
59 74 8 2
59 75 3 3
59 76 2 4
59 77 3 3
59 78 4 3
59 80 4 7
59 81 10 4
59 82 4 10
59 83 6 7
59 84 4 3
59 85 1 2
59 86 6 2
59 87 5 2
59 88 9 6
59 89 5 3
59 92 7 7
59 93 2 8
59 94 4 5
59 95 9 8
59 96 7 1
59 97 4 2
59 98 10 10
59 99 5 6
59 100 7 3
60 62 4 4
60 63 4 2
60 64 2 7
60 65 6 6
60 68 1 4
60 69 9 6
60 70 4 5
60 72 10 3
60 73 10 2
60 74 1 4
60 75 4 10
60 76 1 6
60 78 6 1
60 82 1 4
60 83 10 10
60 85 9 8
60 87 6 3
60 88 7 5
60 89 4 5
60 90 1 10
60 91 7 2
60 92 5 3
60 94 1 8
60 95 6 10
60 97 5 7
60 98 9 5
60 99 3 9
60 100 3 8
61 62 7 9
61 63 9 9
61 64 6 4
61 65 3 5
61 66 1 9
61 67 1 5
61 68 3 3
61 71 7 8
61 72 6 2
61 76 6 5
61 77 9 2
61 78 9 7
61 80 10 8
61 83 5 7
61 84 6 5
61 85 4 8
61 86 10 5
61 87 7 5
61 88 3 7
61 89 6 4
61 90 9 8
61 91 3 10
61 92 2 6
61 93 5 6
61 94 7 3
61 95 4 8
61 97 8 6
61 98 7 8
61 100 5 6
62 64 2 9
62 65 7 4
62 66 5 1
62 67 3 1
62 68 2 7
62 69 5 1
62 70 10 4
62 71 6 6
62 72 3 7
62 73 2 5
62 75 3 2
62 76 8 7
62 77 2 3
62 80 6 7
62 81 6 9
62 83 6 1
62 85 4 8
62 86 4 1
62 87 5 5
62 88 9 3
62 89 5 5
62 90 1 9
62 91 2 8
62 93 5 5
62 94 7 2
62 95 2 7
62 96 6 7
62 97 2 9
62 98 10 1
62 99 8 5
62 100 5 4
63 64 6 3
63 65 6 10
63 66 6 3
63 67 2 1
63 68 1 2
63 72 1 4
63 73 6 4
63 74 10 3
63 76 7 8
63 77 2 7
63 79 2 1
63 80 6 2
63 81 4 7
63 82 2 5
63 83 10 2
63 84 10 1
63 85 9 3
63 86 1 2
63 87 7 8
63 88 5 2
63 89 7 9
63 90 1 2
63 91 3 2
63 93 1 6
63 94 4 4
63 95 7 6
63 96 7 6
63 97 2 8
63 99 1 3
63 100 1 10
64 65 10 1
64 66 7 1
64 67 6 6
64 68 5 1
64 69 7 5
64 70 2 3
64 71 9 2
64 72 6 5
64 73 8 2
64 74 6 5
64 75 8 10
64 76 5 9
64 77 4 4
64 78 2 4
64 80 7 4
64 83 3 4
64 84 4 5
64 85 4 1
64 86 7 7
64 87 5 8
64 88 6 3
64 89 10 8
64 90 7 8
64 92 1 8
64 93 10 7
64 94 10 10
64 96 1 6
64 98 7 9
65 66 7 9
65 67 7 2
65 69 1 8
65 70 7 3
65 71 3 1
65 72 6 9
65 73 10 9
65 74 5 6
65 75 5 10
65 77 1 1
65 80 5 8
65 81 2 6
65 82 7 10
65 83 1 2
65 84 8 2
65 85 7 6
65 87 7 2
65 88 4 9
65 89 4 3
65 90 9 7
65 91 6 1
65 92 1 4
65 93 9 7
65 94 5 7
65 95 8 9
65 98 10 4
65 100 6 4
66 67 8 6
66 69 1 2
66 71 10 3
66 75 7 4
66 76 5 8
66 77 3 7
66 81 7 7
66 82 9 1
66 83 4 10
66 85 7 10
66 86 1 5
66 88 5 6
66 89 5 5
66 90 7 1
66 92 9 9
66 93 4 3
66 94 4 10
66 95 7 2
66 96 1 5
66 97 2 2
66 98 4 10
67 68 8 6
67 69 3 10
67 70 5 5
67 72 5 2
67 73 4 2
67 74 4 2
67 75 7 3
67 77 9 5
67 78 6 3
67 79 7 7
67 80 10 7
67 81 3 9
67 82 5 2
67 83 8 5
67 85 1 7
67 86 5 9
67 87 9 2
67 88 2 4
67 89 7 4
67 90 7 3
67 91 4 5
67 92 10 1
67 94 1 9
67 96 10 4
67 99 9 1
67 100 1 5
68 69 8 3
68 70 10 8
68 71 9 9
68 73 7 4
68 74 7 2
68 75 4 1
68 77 9 9
68 80 3 10
68 82 5 10
68 83 5 1
68 84 9 8
68 85 3 9
68 86 1 2
68 87 6 7
68 88 5 6
68 91 5 10
68 92 1 8
68 93 9 1
68 94 1 9
68 95 3 4
68 96 4 2
68 97 1 1
68 98 6 5
68 100 6 6
69 71 9 8
69 72 8 3
69 73 1 7
69 75 9 7
69 78 1 9
69 79 9 2
69 80 1 2
69 81 10 8
69 83 4 4
69 84 7 8
69 85 5 9
69 86 7 9
69 87 2 4
69 88 9 1
69 89 2 4
69 90 8 8
69 91 4 6
69 92 1 9
69 94 1 10
69 95 5 1
69 96 8 10
69 97 4 3
69 98 6 5
69 99 6 7
70 71 4 2
70 73 2 6
70 74 5 10
70 75 7 4
70 76 8 10
70 77 6 9
70 78 9 5
70 79 7 7
70 82 6 1
70 83 7 9
70 86 2 8
70 87 7 5
70 88 9 1
70 89 1 9
70 90 2 8
70 94 10 6
70 95 3 9
70 96 9 3
70 98 1 4
70 99 10 6
70 100 4 2
71 72 2 6
71 73 3 9
71 74 2 1
71 75 3 5
71 78 6 10
71 79 1 7
71 80 8 1
71 81 4 5
71 82 5 8
71 83 8 1
71 84 4 6
71 85 1 7
71 86 2 10
71 87 3 5
71 88 10 1
71 89 4 9
71 91 5 4
71 92 9 7
71 93 2 8
71 94 3 8
71 95 5 2
71 96 9 10
71 97 5 3
71 98 8 5
71 99 6 7
72 73 3 3
72 74 5 7
72 75 4 6
72 76 2 6
72 77 8 1
72 78 8 7
72 79 7 10
72 80 4 8
72 81 2 7
72 82 2 6
72 83 7 2
72 84 1 8
72 86 6 3
72 89 2 2
72 90 3 9
72 91 5 7
72 92 10 10
72 93 5 5
72 94 1 6
72 95 6 10
72 96 10 6
72 97 4 2
72 98 4 9
72 100 5 1
73 74 7 6
73 76 8 1
73 77 4 3
73 78 6 1
73 80 3 1
73 81 2 8
73 82 6 2
73 83 4 6
73 85 4 9
73 86 8 8
73 88 2 3
73 90 7 6
73 91 8 5
73 92 2 2
73 93 8 1
73 94 1 8
73 95 10 4
73 96 7 1
73 97 1 10
73 98 1 2
73 100 9 3
74 75 9 3
74 76 10 10
74 77 7 4
74 79 5 7
74 80 8 5
74 82 8 5
74 83 7 6
74 85 10 9
74 86 9 3
74 87 7 7
74 88 7 2
74 90 9 8
74 91 8 10
74 92 10 8
74 95 4 8
74 96 5 7
74 97 5 4
74 98 10 3
74 99 2 1
74 100 3 5
75 76 9 7
75 77 7 9
75 78 8 9
75 79 5 1
75 80 7 1
75 81 4 6
75 83 9 10
75 84 9 2
75 86 3 5
75 87 9 8
75 88 3 9
75 89 1 5
75 90 6 5
75 91 3 2
75 92 10 5
75 93 5 8
75 94 2 5
75 98 3 3
75 99 7 8
76 77 10 4
76 78 7 2
76 81 3 8
76 82 4 10
76 83 6 7
76 84 2 8
76 85 1 6
76 87 7 4
76 88 10 4
76 89 5 10
76 91 5 3
76 92 9 1
76 93 3 9
76 95 4 8
76 97 4 5
76 98 3 3
76 99 10 7
76 100 6 7
77 78 7 2
77 79 9 2
77 80 10 5
77 81 10 3
77 82 9 10
77 85 3 9
77 86 2 6
77 87 7 3
77 89 10 2
77 90 5 7
77 91 9 3
77 93 3 8
77 95 2 4
77 96 5 1
77 97 5 10
77 98 2 8
77 99 6 6
77 100 2 9
78 79 10 7
78 81 3 10
78 82 10 9
78 83 6 4
78 87 2 9
78 89 2 5
78 90 4 10
78 91 9 9
78 93 1 9
78 94 8 8
78 96 9 5
78 97 5 3
78 99 6 6
78 100 4 7
79 80 6 9
79 81 6 6
79 83 4 9
79 84 3 5
79 85 7 6
79 86 7 6
79 87 6 9
79 88 5 10
79 89 8 8
79 90 4 3
79 91 8 4
79 92 4 3
79 94 1 1
79 95 10 7
79 96 6 8
79 97 5 9
79 98 3 3
79 99 1 2
79 100 1 2
80 81 8 10
80 82 1 4
80 84 2 9
80 85 5 4
80 86 10 5
80 87 8 3
80 88 8 2
80 89 7 9
80 90 5 5
80 91 7 9
80 92 2 8
80 93 9 10
80 94 6 9
80 96 4 4
80 97 7 4
80 98 9 7
80 100 4 6
81 82 3 1
81 83 2 9
81 84 1 7
81 85 4 7
81 88 4 7
81 89 2 5
81 90 8 5
81 91 4 10
81 92 9 1
81 93 3 7
81 94 6 2
81 95 10 4
81 96 8 8
81 97 10 7
81 98 10 10
81 99 3 7
82 83 6 2
82 84 1 8
82 85 2 9
82 86 6 9
82 87 10 10
82 88 6 4
82 89 1 6
82 90 1 2
82 91 4 9
82 92 5 9
82 93 10 10
82 94 1 4
82 95 7 7
82 96 4 10
82 97 6 2
82 98 1 3
82 99 2 2
82 100 8 3
83 84 9 4
83 85 1 2
83 86 9 4
83 87 9 5
83 89 4 4
83 90 8 7
83 91 6 8
83 92 6 4
83 93 3 8
83 94 6 9
83 95 5 5
83 96 1 9
83 97 3 9
83 99 4 5
84 85 10 9
84 86 10 1
84 87 4 10
84 89 1 6
84 90 3 2
84 91 6 4
84 92 6 4
84 93 10 3
84 94 7 7
84 96 3 6
84 97 1 5
84 98 8 6
84 99 8 5
84 100 3 8
85 87 8 5
85 88 2 4
85 89 4 4
85 90 3 9
85 91 6 8
85 92 6 1
85 93 4 3
85 94 3 10
85 95 7 3
85 96 3 7
85 97 2 6
85 98 7 4
85 99 10 7
85 100 2 7
86 87 2 8
86 88 6 2
86 89 9 4
86 90 6 3
86 92 3 4
86 97 10 5
86 98 2 8
86 99 2 10
86 100 4 3
87 88 3 2
87 89 3 9
87 90 5 4
87 91 10 5
87 93 3 4
87 94 5 5
87 95 7 2
87 98 2 7
87 99 9 7
87 100 8 10
88 89 8 5
88 90 1 2
88 91 4 6
88 93 2 5
88 95 8 1
88 96 3 4
88 98 3 3
88 99 2 10
88 100 5 5
89 90 7 10
89 91 6 7
89 92 4 3
89 93 2 2
89 94 10 4
89 95 6 10
89 96 7 4
89 98 3 8
89 99 4 7
90 91 9 3
90 93 1 1
90 94 3 4
90 95 8 4
90 96 3 2
90 97 3 3
90 98 7 5
90 99 3 10
91 93 10 4
91 94 4 10
91 95 8 4
91 96 3 6
91 97 4 2
91 98 9 5
91 99 2 2
91 100 2 5
92 93 10 6
92 94 3 2
92 95 6 3
92 96 8 9
92 97 5 2
92 98 1 2
92 99 3 9
92 100 7 4
93 94 2 8
93 95 4 1
93 96 6 9
93 97 9 3
93 98 10 1
93 99 10 8
93 100 10 7
94 95 5 6
94 96 7 6
94 97 8 4
94 98 5 9
94 99 1 8
94 100 7 5
95 96 7 6
95 97 10 2
95 98 1 10
95 99 5 10
95 100 10 3
96 97 5 7
96 98 6 7
96 100 3 5
97 98 1 1
97 99 2 2
97 100 4 6
98 100 1 4
99 100 6 10
1
1 2 3 4 5 6 7 8 9 10 11 12 13 14 15 16 17 18 19 20 21 22 23 24 25 26 27 28 29 30 31 32 33 34 35 36 37 38 39 40 41 42 43 44 45 46 47 48 49 50
