3944
1 3 9 2
1 4 7 9
1 5 9 9
1 6 10 5
1 7 10 2
1 8 5 7
1 9 6 2
1 10 6 5
1 11 6 7
1 12 10 9
1 13 6 6
1 14 1 4
1 15 2 7
1 16 4 5
1 17 3 5
1 18 9 10
1 20 9 1
1 21 7 10
1 22 1 4
1 23 7 9
1 24 2 4
1 26 4 5
1 27 3 9
1 28 8 9
1 29 10 10
1 31 10 10
1 32 4 8
1 33 1 9
1 34 9 3
1 35 7 4
1 36 2 4
1 37 10 5
1 38 3 10
1 39 5 8
1 41 10 7
1 42 4 6
1 43 6 6
1 44 2 3
1 45 8 1
1 48 3 8
1 49 9 6
1 50 1 8
1 51 4 8
1 53 4 9
1 55 6 6
1 56 2 8
1 58 8 4
1 60 7 1
1 61 7 2
1 63 5 10
1 64 5 9
1 66 2 9
1 68 10 5
1 69 9 1
1 70 2 6
1 71 3 3
1 72 6 1
1 75 1 3
1 76 3 6
1 77 2 7
1 80 3 3
1 82 4 5
1 83 3 4
1 85 5 8
1 87 10 2
1 88 3 1
1 91 3 5
1 92 1 4
1 94 1 6
1 95 5 5
1 96 10 6
1 97 3 3
1 98 2 4
1 99 7 3
1 100 5 10
2 3 4 3
2 4 1 5
2 5 6 4
2 6 1 2
2 7 4 1
2 8 6 10
2 10 8 1
2 11 9 3
2 12 5 2
2 13 6 10
2 15 4 5
2 16 1 8
2 17 1 6
2 19 1 7
2 20 8 4
2 21 7 4
2 22 7 4
2 23 10 10
2 24 1 1
2 25 4 8
2 27 6 4
2 29 4 2
2 31 8 8
2 32 9 8
2 33 7 3
2 34 3 8
2 35 3 10
2 36 8 8
2 37 7 2
2 38 1 6
2 40 3 1
2 41 10 8
2 42 2 7
2 43 9 3
2 45 6 10
2 46 10 6
2 47 1 10
2 48 9 6
2 49 3 3
2 50 4 6
2 51 3 9
2 52 7 4
2 53 8 5
2 54 7 4
2 55 1 6
2 56 10 5
2 57 5 5
2 58 5 6
2 59 9 10
2 61 7 4
2 62 5 9
2 64 3 4
2 68 5 8
2 70 10 1
2 71 1 1
2 72 9 5
2 73 8 8
2 74 4 10
2 75 2 1
2 76 8 4
2 80 7 5
2 81 6 6
2 84 2 9
2 85 5 1
2 89 6 7
2 90 2 5
2 91 5 2
2 92 8 1
2 93 7 5
2 94 5 7
2 95 1 7
2 96 8 3
2 98 2 5
2 99 7 3
2 100 1 4
3 4 4 2
3 5 3 7
3 6 8 4
3 7 6 9
3 8 9 2
3 10 1 4
3 11 6 6
3 12 4 3
3 15 8 1
3 16 10 1
3 17 5 1
3 18 6 1
3 22 9 2
3 23 10 4
3 24 9 2
3 25 4 4
3 26 5 9
3 27 8 7
3 28 10 7
3 29 1 8
3 30 3 10
3 33 6 3
3 34 5 1
3 35 6 2
3 36 8 8
3 37 3 4
3 38 7 8
3 39 1 1
3 40 10 2
3 41 10 3
3 42 3 9
3 44 10 6
3 46 7 9
3 49 9 2
3 50 3 6
3 51 4 10
3 52 5 4
3 53 4 2
3 55 5 2
3 56 2 3
3 57 10 8
3 62 4 3
3 63 5 1
3 65 4 6
3 67 7 10
3 68 3 7
3 69 3 9
3 70 8 7
3 71 8 7
3 72 3 9
3 75 2 7
3 76 7 5
3 77 5 5
3 78 5 9
3 79 6 7
3 80 2 8
3 81 10 10
3 85 1 8
3 86 4 4
3 88 1 1
3 89 10 7
3 90 5 5
3 91 4 7
3 92 7 1
3 93 1 1
3 94 8 2
3 95 2 3
3 96 7 9
3 97 2 10
3 99 6 9
3 100 2 10
4 5 6 3
4 6 8 2
4 7 7 1
4 8 6 3
4 9 7 9
4 10 5 9
4 11 6 3
4 12 3 1
4 14 2 9
4 15 6 10
4 16 10 1
4 17 9 1
4 19 1 4
4 20 3 2
4 21 3 1
4 26 2 9
4 27 3 9
4 28 6 8
4 29 6 1
4 31 8 5
4 32 1 2
4 33 8 6
4 34 2 5
4 35 10 5
4 36 7 3
4 37 8 4
4 40 1 5
4 41 5 3
4 42 2 6
4 45 6 2
4 46 1 7
4 47 8 7
4 48 10 10
4 50 10 8
4 52 7 9
4 53 8 6
4 54 10 7
4 56 6 3
4 57 2 2
4 58 9 7
4 59 3 3
4 61 5 6
4 62 4 8
4 63 9 1
4 64 9 3
4 65 1 9
4 66 5 3
4 67 10 9
4 68 3 6
4 69 9 6
4 71 1 4
4 72 1 9
4 73 6 8
4 74 2 9
4 75 1 5
4 77 10 10
4 78 3 5
4 81 4 4
4 82 4 5
4 83 8 2
4 84 1 4
4 85 5 4
4 86 5 5
4 87 8 6
4 88 3 8
4 91 1 7
4 92 7 9
4 95 3 9
4 96 10 5
4 97 1 8
4 98 5 5
4 99 6 2
4 100 1 5
5 6 1 4
5 7 1 8
5 8 5 6
5 9 6 5
5 10 5 5
5 11 6 3
5 12 7 3
5 13 8 3
5 14 8 8
5 15 8 5
5 17 8 6
5 18 2 7
5 19 8 6
5 20 6 7
5 21 8 10
5 22 2 7
5 23 1 1
5 25 1 1
5 28 2 6
5 30 8 8
5 31 6 10
5 32 2 9
5 34 2 9
5 35 9 5
5 36 5 9
5 37 7 2
5 38 10 3
5 39 1 5
5 40 10 8
5 41 4 8
5 42 5 8
5 45 6 7
5 46 7 3
5 47 4 10
5 48 10 3
5 49 7 7
5 52 7 7
5 54 10 3
5 55 1 5
5 56 5 10
5 57 5 4
5 58 5 2
5 59 6 2
5 61 2 5
5 62 3 8
5 63 10 10
5 64 7 9
5 65 5 8
5 67 5 5
5 68 6 10
5 70 1 8
5 72 5 7
5 74 7 2
5 77 3 5
5 78 10 9
5 79 6 9
5 80 2 9
5 81 10 10
5 82 2 1
5 84 9 6
5 85 4 9
5 86 5 2
5 90 1 4
5 92 2 5
5 93 10 8
5 94 1 2
5 95 7 1
5 96 4 4
5 97 2 3
5 99 9 2
6 9 1 4
6 10 9 4
6 11 4 9
6 12 7 1
6 13 7 9
6 14 6 10
6 15 8 7
6 17 7 7
6 20 2 6
6 22 1 8
6 24 10 3
6 25 6 10
6 26 6 4
6 27 3 2
6 28 8 1
6 29 7 9
6 30 7 7
6 31 4 10
6 32 7 7
6 33 5 2
6 34 9 2
6 35 5 5
6 36 2 5
6 37 6 4
6 38 5 9
6 39 5 2
6 41 3 3
6 46 2 5
6 47 1 4
6 49 1 3
6 52 4 8
6 54 1 10
6 55 9 10
6 56 10 4
6 57 1 6
6 58 3 3
6 59 10 8
6 60 3 5
6 61 3 10
6 62 2 9
6 65 7 5
6 67 6 2
6 68 10 6
6 69 8 1
6 70 1 1
6 72 10 3
6 73 9 8
6 74 3 10
6 75 6 8
6 76 7 7
6 77 4 3
6 80 3 7
6 82 6 10
6 83 3 1
6 85 8 2
6 86 4 9
6 88 9 8
6 89 9 5
6 90 8 4
6 91 6 1
6 92 4 9
6 93 2 8
6 97 10 10
6 98 3 10
6 99 10 4
6 100 8 10
7 8 9 3
7 9 4 6
7 10 5 8
7 11 3 9
7 12 7 2
7 13 10 8
7 14 1 6
7 15 9 8
7 17 7 7
7 18 6 4
7 19 6 1
7 20 5 8
7 21 1 5
7 22 10 10
7 23 3 2
7 24 10 6
7 25 5 4
7 26 2 10
7 27 5 1
7 29 4 6
7 30 6 7
7 31 5 7
7 32 7 4
7 33 2 8
7 35 9 4
7 36 5 1
7 37 6 6
7 38 3 10
7 39 9 6
7 40 3 8
7 41 5 2
7 42 10 2
7 43 2 9
7 45 1 6
7 46 9 1
7 47 5 10
7 48 1 9
7 49 9 3
7 50 10 3
7 52 9 10
7 53 10 2
7 55 8 9
7 56 2 2
7 57 6 3
7 58 1 8
7 59 7 8
7 60 5 5
7 61 5 10
7 62 8 2
7 63 3 6
7 65 6 9
7 66 10 9
7 70 1 9
7 71 1 5
7 72 8 5
7 73 8 6
7 74 10 6
7 75 3 10
7 77 7 4
7 78 1 3
7 79 10 4
7 80 10 7
7 81 5 3
7 82 10 4
7 83 5 9
7 84 10 1
7 87 2 4
7 88 9 5
7 89 1 9
7 90 3 1
7 91 10 9
7 92 3 4
7 93 2 7
7 94 8 10
7 96 2 1
7 97 7 10
7 98 3 6
7 99 5 6
7 100 8 1
8 9 8 7
8 10 7 7
8 11 9 6
8 12 8 10
8 13 1 6
8 14 6 2
8 15 8 3
8 16 7 10
8 17 2 9
8 18 1 6
8 19 8 1
8 20 9 4
8 22 4 7
8 23 5 3
8 24 9 6
8 25 2 2
8 26 9 5
8 27 2 5
8 29 2 7
8 30 3 4
8 31 5 1
8 33 3 6
8 34 2 3
8 35 3 3
8 36 1 2
8 38 1 4
8 39 9 10
8 40 2 2
8 41 10 3
8 42 9 4
8 43 8 1
8 44 10 9
8 45 3 8
8 46 1 1
8 47 10 1
8 48 10 3
8 49 8 9
8 50 8 8
8 51 7 1
8 52 8 9
8 53 1 5
8 54 1 4
8 55 1 8
8 56 10 4
8 57 1 7
8 59 7 4
8 60 5 4
8 61 10 1
8 62 1 10
8 63 5 10
8 64 2 4
8 65 8 10
8 67 4 3
8 68 3 1
8 69 1 6
8 71 9 2
8 72 4 7
8 73 7 6
8 74 8 1
8 75 6 10
8 76 7 9
8 77 6 1
8 79 5 7
8 80 6 7
8 82 8 2
8 83 7 7
8 85 6 8
8 86 5 6
8 87 3 6
8 88 1 7
8 89 1 3
8 90 8 1
8 91 2 6
8 92 5 9
8 93 2 9
8 94 9 1
8 95 1 7
8 96 5 6
8 97 5 9
9 12 7 8
9 13 6 3
9 14 7 6
9 15 1 1
9 16 2 10
9 17 5 9
9 19 2 10
9 20 3 10
9 21 2 1
9 22 6 8
9 23 7 7
9 24 6 1
9 25 2 9
9 26 5 1
9 27 4 1
9 29 3 10
9 30 6 2
9 31 8 1
9 32 10 10
9 33 8 5
9 36 2 1
9 38 5 10
9 39 9 8
9 40 9 9
9 42 6 8
9 43 10 5
9 44 6 8
9 45 4 2
9 46 4 9
9 48 10 1
9 49 8 6
9 50 8 2
9 52 3 7
9 53 10 4
9 54 9 7
9 55 6 7
9 56 10 4
9 57 5 8
9 58 6 6
9 59 8 10
9 60 10 4
9 62 7 3
9 63 5 7
9 65 2 7
9 67 1 10
9 68 4 1
9 69 1 9
9 70 9 7
9 73 10 9
9 75 7 8
9 77 4 10
9 78 7 5
9 79 2 10
9 80 2 2
9 81 6 2
9 82 3 10
9 83 9 4
9 84 7 3
9 85 7 6
9 86 6 1
9 87 9 6
9 88 9 5
9 89 8 10
9 90 5 1
9 91 4 8
9 92 7 8
9 93 8 6
9 94 4 7
9 95 9 4
9 96 4 5
9 97 8 5
9 98 5 5
9 99 2 1
9 100 6 3
10 11 6 2
10 12 10 1
10 13 5 8
10 14 10 9
10 15 5 1
10 16 1 6
10 17 8 7
10 18 6 4
10 20 5 7
10 22 6 7
10 23 8 1
10 24 6 1
10 25 5 5
10 26 1 8
10 27 4 2
10 29 3 6
10 30 7 7
10 31 6 4
10 32 8 4
10 33 2 7
10 34 10 4
10 35 6 1
10 36 3 10
10 37 3 1
10 38 9 1
10 39 10 6
10 40 4 8
10 41 8 7
10 42 8 4
10 43 10 8
10 44 4 6
10 45 9 6
10 46 5 3
10 47 10 4
10 48 6 4
10 49 4 1
10 50 8 5
10 51 8 2
10 52 8 4
10 54 4 8
10 55 2 10
10 56 3 4
10 57 4 9
10 58 8 6
10 59 2 5
10 60 3 4
10 61 6 1
10 62 6 1
10 63 7 1
10 65 1 8
10 66 9 4
10 68 4 10
10 69 2 1
10 71 5 9
10 73 2 4
10 74 7 4
10 75 3 6
10 76 10 9
10 77 8 8
10 78 2 5
10 79 1 1
10 80 6 7
10 81 1 5
10 82 3 8
10 84 2 6
10 85 10 7
10 86 6 2
10 87 10 7
10 88 1 2
10 90 2 4
10 91 1 6
10 93 9 2
10 95 5 9
10 97 2 2
10 98 5 6
10 99 2 9
10 100 9 9
11 12 2 3
11 13 4 6
11 17 5 6
11 18 6 1
11 19 4 5
11 20 4 8
11 23 6 9
11 25 8 7
11 26 8 2
11 27 3 9
11 29 7 6
11 30 5 2
11 33 9 6
11 34 4 4
11 36 9 6
11 37 8 6
11 38 5 9
11 39 2 1
11 41 5 6
11 42 6 10
11 43 3 7
11 44 2 6
11 45 4 4
11 46 8 5
11 47 1 5
11 48 10 5
11 49 6 2
11 50 6 8
11 51 10 5
11 53 3 8
11 54 5 10
11 55 5 5
11 56 4 2
11 57 6 5
11 58 2 9
11 59 10 3
11 60 5 9
11 62 3 8
11 63 1 7
11 64 4 10
11 67 7 8
11 68 8 2
11 69 6 1
11 70 1 4
11 71 9 1
11 72 3 3
11 73 5 9
11 74 7 3
11 75 4 9
11 76 3 8
11 77 10 4
11 78 8 5
11 80 8 3
11 82 2 2
11 83 5 5
11 84 2 7
11 85 2 3
11 86 2 8
11 88 7 5
11 89 8 2
11 90 3 2
11 91 8 3
11 92 10 2
11 93 7 6
11 94 3 4
11 95 3 6
11 96 2 5
11 98 10 1
11 99 4 4
11 100 3 5
12 13 1 8
12 14 4 2
12 16 5 3
12 18 7 1
12 19 4 2
12 20 8 7
12 21 3 8
12 22 5 4
12 23 7 6
12 24 5 7
12 26 10 6
12 28 8 4
12 29 9 10
12 30 7 9
12 31 10 10
12 32 4 2
12 33 5 2
12 34 4 8
12 35 4 4
12 37 3 5
12 38 2 1
12 39 10 1
12 40 3 4
12 41 10 1
12 42 4 8
12 43 2 2
12 45 9 6
12 46 6 9
12 47 3 7
12 49 9 10
12 50 1 10
12 51 10 9
12 52 6 2
12 58 3 2
12 59 2 7
12 61 4 7
12 62 6 10
12 64 4 10
12 65 8 5
12 66 10 3
12 67 1 10
12 68 3 6
12 69 5 4
12 71 7 9
12 72 1 10
12 73 10 1
12 74 6 7
12 75 6 9
12 76 10 4
12 77 7 10
12 78 2 1
12 79 9 1
12 80 4 6
12 81 4 4
12 82 4 2
12 83 9 8
12 84 1 7
12 85 7 6
12 86 5 10
12 87 6 9
12 88 9 6
12 91 9 2
12 92 7 3
12 93 7 7
12 94 4 8
12 95 9 6
12 96 6 10
12 97 9 8
12 98 1 5
12 99 1 2
12 100 8 7
13 14 9 4
13 15 8 5
13 16 8 8
13 19 5 10
13 20 6 2
13 21 9 5
13 22 1 4
13 24 7 1
13 25 8 7
13 26 7 5
13 28 4 3
13 29 5 9
13 30 4 2
13 31 5 8
13 32 2 1
13 33 3 4
13 34 5 1
13 35 5 10
13 36 9 1
13 37 6 9
13 38 4 7
13 39 10 2
13 41 3 9
13 42 10 4
13 43 2 8
13 44 6 3
13 45 1 5
13 47 9 1
13 50 2 8
13 52 1 9
13 53 7 9
13 54 10 9
13 55 9 6
13 57 7 3
13 58 1 10
13 59 9 10
13 62 7 4
13 63 10 2
13 64 5 6
13 65 1 10
13 66 8 3
13 67 5 6
13 68 1 4
13 71 5 2
13 74 4 9
13 75 10 10
13 76 5 8
13 78 4 3
13 79 1 5
13 80 8 4
13 81 1 8
13 82 3 7
13 83 4 4
13 84 1 7
13 85 2 9
13 88 1 1
13 89 6 1
13 90 1 6
13 91 2 2
13 92 1 10
13 93 8 9
13 94 6 4
13 95 8 7
13 98 2 1
13 99 9 10
13 100 9 3
14 15 5 3
14 16 7 10
14 17 1 7
14 19 7 1
14 20 6 2
14 21 7 1
14 22 4 9
14 23 3 7
14 24 5 8
14 27 10 4
14 28 6 4
14 29 6 4
14 30 2 2
14 31 4 10
14 32 10 4
14 34 2 2
14 35 8 9
14 36 2 5
14 37 8 6
14 38 2 3
14 39 6 4
14 40 10 3
14 41 3 7
14 42 8 2
14 44 8 9
14 45 9 4
14 46 10 6
14 47 10 5
14 49 6 3
14 50 7 5
14 51 3 10
14 52 7 6
14 53 3 5
14 54 4 3
14 55 10 8
14 56 1 9
14 57 7 2
14 58 5 9
14 59 4 3
14 60 1 10
14 61 2 6
14 62 5 3
14 65 10 7
14 66 5 4
14 67 5 5
14 68 1 3
14 70 10 8
14 72 6 7
14 73 5 10
14 74 9 3
14 75 7 4
14 76 7 10
14 77 7 4
14 78 3 6
14 79 2 1
14 80 10 10
14 81 6 1
14 82 10 7
14 83 10 3
14 84 7 6
14 85 4 1
14 86 9 9
14 87 7 6
14 88 2 3
14 89 8 9
14 90 9 10
14 91 1 3
14 92 4 4
14 93 4 5
14 94 6 3
14 95 6 6
14 97 9 3
14 98 10 4
14 99 3 5
14 100 8 9
15 16 6 5
15 18 1 3
15 20 6 3
15 21 3 10
15 22 8 4
15 23 3 5
15 24 10 1
15 25 1 8
15 26 3 7
15 27 9 5
15 28 8 4
15 29 8 3
15 30 10 2
15 31 5 3
15 32 8 5
15 33 3 4
15 36 7 8
15 37 2 8
15 38 10 9
15 39 10 6
15 40 6 2
15 41 5 10
15 42 5 4
15 43 6 5
15 44 10 6
15 45 3 6
15 46 10 2
15 47 9 4
15 48 7 5
15 50 4 8
15 51 9 9
15 53 6 7
15 55 7 2
15 56 10 3
15 58 2 10
15 59 6 10
15 60 2 4
15 61 10 10
15 62 1 1
15 63 10 9
15 64 9 4
15 65 4 10
15 66 1 8
15 68 5 5
15 69 9 8
15 71 3 10
15 72 6 9
15 74 10 8
15 75 7 6
15 76 7 4
15 77 8 5
15 78 3 4
15 79 2 6
15 80 3 3
15 81 4 8
15 82 1 9
15 83 4 6
15 84 10 5
15 85 8 4
15 86 7 6
15 87 1 9
15 88 8 6
15 89 1 3
15 90 5 5
15 92 2 4
15 94 4 3
15 95 9 10
15 96 5 2
15 98 3 7
15 100 6 10
16 19 4 3
16 20 2 4
16 21 3 3
16 23 1 4
16 24 5 5
16 25 9 9
16 28 5 5
16 30 8 6
16 31 4 5
16 32 10 5
16 33 2 7
16 35 4 1
16 36 5 7
16 38 3 4
16 39 8 4
16 40 4 10
16 41 8 5
16 42 5 9
16 43 3 7
16 44 8 4
16 45 9 5
16 46 6 1
16 47 1 8
16 48 1 2
16 49 10 5
16 50 3 9
16 52 6 2
16 53 4 4
16 54 1 6
16 55 5 3
16 57 9 4
16 58 6 1
16 59 2 5
16 60 1 7
16 63 7 2
16 64 8 1
16 67 8 3
16 68 8 7
16 69 2 4
16 71 4 7
16 73 1 8
16 74 9 4
16 75 10 8
16 76 8 4
16 77 5 1
16 78 4 7
16 79 1 10
16 80 7 6
16 81 1 9
16 84 5 9
16 85 9 1
16 87 9 2
16 88 10 7
16 89 1 10
16 90 1 10
16 91 9 3
16 92 8 3
16 93 7 6
16 94 6 2
16 98 2 9
16 99 7 3
16 100 10 1
17 19 1 10
17 20 7 4
17 21 10 2
17 22 1 1
17 24 2 3
17 26 8 8
17 27 8 3
17 28 5 4
17 29 7 4
17 33 1 1
17 34 9 4
17 36 9 6
17 37 4 5
17 38 2 2
17 39 8 5
17 40 8 10
17 41 4 5
17 42 3 4
17 43 3 5
17 44 9 9
17 45 3 10
17 47 9 7
17 49 3 9
17 50 6 9
17 51 4 9
17 52 10 7
17 53 6 3
17 54 8 4
17 55 4 7
17 56 1 1
17 58 2 3
17 59 6 6
17 60 5 10
17 61 4 3
17 63 5 4
17 67 8 10
17 68 2 1
17 69 6 10
17 70 9 3
17 71 9 8
17 72 7 7
17 73 7 7
17 74 2 3
17 75 3 6
17 76 2 2
17 77 6 2
17 78 7 7
17 79 9 6
17 80 6 4
17 81 4 9
17 83 2 10
17 84 3 2
17 85 7 2
17 86 2 8
17 87 3 5
17 88 4 3
17 89 10 5
17 90 8 6
17 91 7 4
17 92 6 4
17 94 1 4
17 95 10 7
17 96 5 1
17 97 1 1
17 98 5 5
17 100 1 9
18 20 1 5
18 21 1 4
18 24 7 2
18 27 4 10
18 28 9 7
18 29 2 7
18 30 8 5
18 31 5 9
18 32 9 1
18 33 7 1
18 34 10 10
18 35 5 6
18 36 8 9
18 37 3 5
18 38 10 10
18 39 3 3
18 40 2 7
18 42 4 5
18 43 5 9
18 44 10 10
18 47 9 10
18 48 8 7
18 50 8 9
18 51 9 7
18 53 6 4
18 54 8 9
18 55 8 5
18 56 6 8
18 57 1 9
18 58 7 5
18 59 9 2
18 60 5 6
18 61 1 2
18 62 3 7
18 63 2 2
18 64 6 4
18 65 1 2
18 66 5 5
18 67 2 4
18 68 9 6
18 69 2 8
18 71 3 3
18 72 9 8
18 73 2 3
18 74 8 6
18 75 7 5
18 76 9 3
18 77 9 10
18 78 3 6
18 79 1 6
18 80 5 4
18 81 7 1
18 83 7 3
18 84 2 6
18 85 4 3
18 86 3 1
18 88 7 3
18 89 3 4
18 90 4 8
18 91 3 4
18 92 9 5
18 93 9 3
18 95 1 5
18 97 4 9
18 98 9 10
18 99 2 7
18 100 3 9
19 22 10 2
19 23 1 3
19 24 4 4
19 25 2 3
19 26 10 8
19 28 1 6
19 29 6 2
19 31 5 8
19 32 9 2
19 33 3 1
19 34 3 6
19 35 9 9
19 36 7 9
19 37 7 4
19 38 5 1
19 39 4 3
19 41 9 10
19 44 10 3
19 46 10 5
19 48 9 7
19 49 9 7
19 51 8 6
19 52 6 7
19 53 3 9
19 54 4 6
19 55 7 9
19 56 8 6
19 58 3 8
19 60 5 4
19 62 1 1
19 64 10 1
19 65 4 8
19 67 2 10
19 68 1 5
19 69 9 10
19 70 9 9
19 71 1 8
19 74 7 8
19 76 6 6
19 78 8 5
19 79 9 5
19 80 8 4
19 81 6 1
19 82 3 9
19 83 1 5
19 85 6 8
19 86 6 5
19 87 1 9
19 88 1 8
19 89 6 6
19 90 10 4
19 91 6 4
19 93 1 8
19 94 1 10
19 95 1 10
19 96 5 4
19 97 1 9
19 98 2 5
19 99 6 6
19 100 3 7
20 21 1 4
20 22 7 9
20 24 4 4
20 25 9 9
20 26 10 4
20 27 10 3
20 28 9 3
20 29 9 3
20 30 6 3
20 31 4 10
20 33 7 10
20 34 9 10
20 35 7 7
20 36 7 8
20 37 1 9
20 38 10 5
20 39 1 9
20 40 7 9
20 41 6 4
20 42 7 4
20 43 9 3
20 44 2 4
20 45 1 5
20 46 2 9
20 47 4 4
20 48 7 5
20 49 4 1
20 50 2 6
20 51 1 9
20 52 6 2
20 53 9 4
20 54 8 9
20 55 8 8
20 56 5 5
20 57 8 9
20 59 9 9
20 60 10 2
20 61 6 10
20 62 2 4
20 63 9 1
20 64 3 1
20 65 4 9
20 66 9 10
20 70 9 8
20 71 8 10
20 72 8 7
20 74 8 4
20 75 2 3
20 77 2 4
20 78 4 5
20 79 1 4
20 80 9 8
20 81 2 9
20 82 1 1
20 83 9 3
20 84 7 6
20 86 4 10
20 87 8 10
20 88 2 5
20 89 2 7
20 90 3 8
20 91 4 7
20 92 4 8
20 94 1 6
20 96 5 5
20 97 5 8
20 98 10 7
20 100 5 4
21 22 5 5
21 23 1 8
21 24 5 10
21 25 7 5
21 26 6 9
21 27 7 1
21 28 8 5
21 30 9 8
21 31 7 2
21 32 10 7
21 33 5 9
21 34 1 10
21 35 10 10
21 36 1 8
21 37 2 8
21 39 8 3
21 40 4 8
21 42 8 4
21 45 8 3
21 46 7 7
21 47 5 5
21 48 8 4
21 50 2 8
21 51 3 9
21 52 3 8
21 53 3 3
21 54 10 10
21 55 8 2
21 56 6 6
21 57 1 9
21 58 10 6
21 59 2 3
21 60 9 8
21 61 2 8
21 62 6 1
21 63 1 5
21 64 9 3
21 65 5 9
21 66 4 4
21 67 9 4
21 68 1 10
21 69 9 1
21 70 2 6
21 71 7 8
21 72 4 6
21 73 5 3
21 74 10 6
21 75 1 5
21 76 2 7
21 77 3 9
21 78 4 4
21 79 5 6
21 80 2 2
21 82 7 2
21 83 1 6
21 86 2 6
21 88 6 6
21 89 2 6
21 90 4 8
21 91 8 6
21 92 2 2
21 93 1 1
21 94 2 4
21 95 5 10
21 98 3 1
21 99 3 4
21 100 1 6
22 23 10 1
22 24 7 7
22 25 2 10
22 26 7 8
22 28 2 4
22 30 4 2
22 32 7 7
22 33 10 6
22 34 9 6
22 35 4 7
22 38 7 6
22 39 7 7
22 41 10 9
22 43 6 8
22 44 4 4
22 46 6 6
22 47 5 10
22 48 5 2
22 49 6 2
22 50 3 1
22 51 6 6
22 52 2 3
22 53 9 5
22 54 5 8
22 56 10 6
22 57 3 6
22 59 8 8
22 60 2 6
22 61 10 7
22 62 5 4
22 63 8 7
22 64 3 10
22 65 1 3
22 66 6 9
22 67 8 8
22 68 2 1
22 70 2 3
22 71 9 10
22 72 1 6
22 73 8 9
22 74 8 2
22 75 5 1
22 78 8 7
22 80 5 7
22 82 3 2
22 83 9 4
22 84 10 4
22 85 7 7
22 86 7 7
22 87 4 9
22 88 4 7
22 89 7 6
22 90 8 7
22 91 2 2
22 92 9 7
22 93 8 4
22 94 7 7
22 95 6 9
22 96 2 8
22 97 6 5
22 98 6 5
22 99 5 1
22 100 5 10
23 24 8 9
23 25 9 6
23 26 3 1
23 27 4 7
23 28 7 5
23 29 3 6
23 30 10 1
23 31 8 1
23 32 2 4
23 33 4 9
23 34 5 4
23 35 8 3
23 36 10 3
23 37 1 2
23 38 4 1
23 39 10 1
23 40 1 5
23 41 2 1
23 43 9 8
23 44 7 10
23 45 2 8
23 47 2 4
23 48 10 5
23 50 4 2
23 51 2 5
23 52 8 8
23 54 2 7
23 55 3 3
23 56 9 8
23 57 4 10
23 58 3 3
23 59 3 4
23 60 1 4
23 62 8 5
23 63 2 5
23 65 6 9
23 66 1 3
23 67 3 1
23 68 6 4
23 69 3 4
23 70 10 6
23 72 5 9
23 73 2 7
23 74 5 3
23 75 6 6
23 76 2 8
23 77 8 9
23 78 5 2
23 80 1 7
23 81 10 1
23 82 7 7
23 83 10 9
23 84 2 8
23 85 5 5
23 87 7 4
23 88 9 7
23 89 8 1
23 90 10 10
23 91 3 9
23 92 4 4
23 93 1 10
23 94 5 6
23 95 2 5
23 96 1 4
23 98 1 1
23 99 2 4
23 100 2 5
24 25 8 8
24 26 3 3
24 27 1 9
24 28 4 2
24 29 6 5
24 30 6 3
24 32 6 5
24 33 7 4
24 34 3 4
24 35 6 10
24 38 7 8
24 39 1 5
24 40 8 10
24 41 1 1
24 42 8 7
24 43 9 3
24 44 5 9
24 45 10 2
24 46 9 3
24 47 5 2
24 48 4 10
24 49 5 4
24 50 6 6
24 51 3 2
24 53 5 9
24 54 3 9
24 55 8 9
24 56 7 10
24 57 1 3
24 58 6 1
24 59 10 4
24 60 1 8
24 61 7 8
24 62 10 10
24 63 9 7
24 65 3 6
24 66 1 1
24 67 9 4
24 68 5 9
24 69 10 5
24 71 6 8
24 74 5 9
24 75 2 7
24 76 8 5
24 80 2 3
24 81 6 6
24 82 8 3
24 83 3 1
24 84 4 7
24 87 1 4
24 88 7 4
24 89 1 7
24 90 5 4
24 91 8 10
24 92 5 10
24 93 8 7
24 94 1 4
24 95 9 1
24 96 2 1
24 97 6 6
24 98 1 3
24 99 9 3
25 26 8 2
25 27 6 5
25 28 7 10
25 30 9 10
25 31 9 9
25 32 1 2
25 33 4 7
25 34 1 2
25 35 5 1
25 37 7 2
25 38 4 3
25 40 5 7
25 41 9 9
25 42 8 5
25 43 10 5
25 44 4 8
25 45 2 2
25 46 9 7
25 47 9 7
25 48 1 6
25 50 1 6
25 51 3 7
25 52 1 7
25 54 2 6
25 55 2 7
25 56 8 5
25 57 7 5
25 58 2 9
25 59 4 7
25 60 6 2
25 61 10 10
25 62 10 5
25 63 10 4
25 64 4 1
25 65 1 6
25 66 9 6
25 67 5 4
25 68 8 2
25 71 2 5
25 73 6 7
25 74 4 8
25 75 3 7
25 76 5 1
25 77 7 10
25 79 3 6
25 81 1 9
25 82 4 2
25 83 7 9
25 84 10 6
25 86 1 2
25 87 2 2
25 88 4 10
25 89 2 6
25 90 10 3
25 91 4 7
25 92 3 10
25 93 4 7
25 94 6 9
25 95 1 7
25 96 5 3
25 97 8 6
25 98 1 9
25 99 10 2
26 27 3 8
26 28 10 6
26 29 9 7
26 30 3 3
26 31 10 5
26 32 4 7
26 33 2 8
26 34 9 5
26 35 7 9
26 36 6 2
26 38 6 6
26 40 7 7
26 41 1 6
26 43 5 9
26 45 3 8
26 46 6 8
26 47 5 7
26 48 9 3
26 50 8 3
26 51 3 5
26 52 1 8
26 53 7 8
26 54 3 6
26 59 5 6
26 60 9 3
26 62 4 6
26 63 1 1
26 64 5 4
26 65 2 4
26 66 8 9
26 67 3 8
26 68 3 2
26 70 7 7
26 72 5 2
26 73 5 6
26 74 2 1
26 75 2 6
26 76 10 4
26 77 5 10
26 78 1 3
26 79 1 8
26 80 7 1
26 81 9 10
26 82 1 7
26 83 1 8
26 84 6 7
26 85 2 8
26 86 4 10
26 87 2 8
26 88 6 2
26 89 3 10
26 90 10 10
26 91 4 9
26 92 1 5
26 93 5 6
26 94 7 5
26 95 6 1
26 98 1 6
26 99 8 3
26 100 4 5
27 29 9 9
27 30 4 1
27 32 5 6
27 33 3 8
27 35 10 9
27 37 3 9
27 39 8 4
27 40 4 9
27 41 3 7
27 42 9 1
27 43 3 7
27 44 1 9
27 45 1 4
27 47 7 9
27 48 4 5
27 49 7 5
27 50 4 9
27 51 3 7
27 53 5 5
27 55 5 6
27 56 9 5
27 57 1 10
27 59 7 1
27 60 9 2
27 61 6 6
27 62 9 10
27 63 10 8
27 64 8 10
27 65 9 5
27 66 2 2
27 67 3 1
27 68 4 2
27 69 1 9
27 70 2 2
27 71 4 1
27 72 9 4
27 74 4 2
27 75 6 5
27 76 2 10
27 77 2 2
27 78 3 8
27 79 10 9
27 80 10 3
27 81 4 2
27 82 5 4
27 83 10 9
27 84 4 1
27 85 7 10
27 87 1 1
27 88 10 5
27 89 7 8
27 90 5 10
27 91 3 9
27 92 5 8
27 93 3 8
27 95 9 9
27 97 3 2
27 98 10 3
27 100 9 9
28 29 9 2
28 30 8 8
28 32 4 2
28 33 8 5
28 34 5 8
28 35 4 10
28 36 5 2
28 38 10 6
28 39 4 9
28 42 3 5
28 43 6 1
28 44 3 8
28 45 2 3
28 46 2 7
28 47 10 1
28 48 4 3
28 49 8 5
28 51 8 8
28 52 2 8
28 53 4 5
28 54 5 3
28 56 7 2
28 57 6 8
28 58 1 4
28 59 4 1
28 60 6 10
28 61 6 1
28 63 8 6
28 64 3 4
28 67 9 2
28 68 6 2
28 69 2 7
28 70 9 7
28 71 5 1
28 72 2 1
28 74 8 8
28 75 7 9
28 76 5 10
28 78 3 2
28 79 4 2
28 80 8 1
28 82 10 8
28 83 8 4
28 84 9 6
28 85 3 2
28 86 10 2
28 87 1 2
28 88 4 1
28 89 3 9
28 90 7 6
28 91 5 1
28 93 2 1
28 94 6 8
28 97 4 10
28 98 1 9
28 99 10 10
28 100 9 4
29 30 7 10
29 32 4 2
29 33 2 3
29 35 2 4
29 36 3 3
29 37 1 2
29 38 9 8
29 39 7 3
29 40 3 6
29 41 3 2
29 42 2 7
29 43 10 2
29 44 8 10
29 45 4 10
29 46 10 5
29 47 3 1
29 49 8 9
29 50 1 2
29 51 8 2
29 56 2 4
29 57 1 4
29 59 2 8
29 60 7 5
29 61 2 2
29 64 4 9
29 65 10 10
29 66 5 7
29 67 7 6
29 70 5 9
29 71 5 4
29 72 8 5
29 73 8 9
29 74 6 4
29 75 8 6
29 76 5 10
29 77 6 9
29 78 6 6
29 79 2 4
29 80 2 2
29 82 8 4
29 83 4 10
29 84 8 5
29 86 2 5
29 88 5 4
29 89 2 2
29 90 8 4
29 91 2 8
29 94 4 1
29 95 7 6
29 96 4 6
29 97 7 3
29 98 1 3
29 99 2 3
29 100 8 5
30 31 5 10
30 33 4 3
30 34 1 10
30 35 2 5
30 36 7 9
30 39 8 7
30 40 5 6
30 41 5 7
30 42 7 1
30 43 1 1
30 44 5 8
30 45 2 5
30 46 1 1
30 47 5 6
30 48 5 4
30 50 2 1
30 52 8 8
30 53 7 10
30 54 4 9
30 56 4 1
30 57 2 3
30 58 10 8
30 59 9 2
30 60 4 5
30 61 9 1
30 62 7 2
30 63 1 1
30 64 7 3
30 65 9 10
30 66 8 7
30 68 10 7
30 69 8 4
30 70 3 4
30 71 7 8
30 73 2 10
30 74 7 1
30 75 7 1
30 76 4 8
30 78 8 4
30 79 6 3
30 80 8 6
30 81 2 8
30 83 10 1
30 84 2 10
30 85 4 3
30 86 5 9
30 88 6 5
30 89 5 6
30 90 2 4
30 91 8 7
30 92 3 4
30 93 10 10
30 94 2 7
30 95 8 9
30 96 8 6
30 97 4 1
30 98 2 3
30 99 10 3
30 100 1 4
31 32 8 9
31 33 2 1
31 36 2 9
31 39 6 6
31 40 5 6
31 42 2 10
31 44 2 9
31 45 4 9
31 46 2 6
31 47 8 9
31 48 5 5
31 49 3 7
31 50 5 10
31 51 2 10
31 52 6 4
31 53 10 10
31 54 10 10
31 55 4 3
31 56 2 9
31 58 2 8
31 59 3 6
31 60 8 5
31 63 2 7
31 65 4 6
31 66 2 4
31 67 10 7
31 68 7 9
31 69 1 4
31 70 9 4
31 71 9 10
31 72 5 9
31 73 1 8
31 74 6 6
31 75 2 4
31 77 10 8
31 78 2 8
31 79 6 6
31 81 10 6
31 82 1 2
31 83 10 3
31 84 6 7
31 85 1 9
31 86 8 6
31 87 7 3
31 88 10 5
31 89 1 10
31 90 1 10
31 91 4 5
31 92 2 4
31 93 5 9
31 95 4 6
31 96 5 3
31 97 4 3
31 98 10 3
31 99 1 8
31 100 6 3
32 33 3 3
32 34 4 3
32 35 2 4
32 36 7 8
32 37 9 10
32 38 10 4
32 39 4 3
32 40 1 5
32 41 5 5
32 43 2 3
32 44 6 10
32 45 9 10
32 46 5 5
32 48 1 10
32 49 6 1
32 52 9 7
32 53 3 9
32 54 7 7
32 56 1 10
32 58 5 1
32 59 4 1
32 60 8 9
32 61 10 6
32 62 2 9
32 63 8 9
32 64 6 10
32 65 6 8
32 66 3 4
32 67 2 7
32 68 8 9
32 71 10 4
32 72 7 2
32 73 8 3
32 74 10 10
32 75 9 9
32 76 9 10
32 80 1 2
32 81 9 10
32 82 9 5
32 83 1 3
32 84 9 10
32 85 3 3
32 86 4 8
32 87 8 10
32 88 9 4
32 92 10 9
32 94 4 6
32 95 3 1
32 98 10 6
32 100 7 7
33 34 3 7
33 35 10 3
33 36 3 8
33 37 4 6
33 38 10 3
33 39 4 10
33 40 2 1
33 41 4 9
33 42 4 3
33 43 6 6
33 44 6 9
33 45 7 2
33 46 10 1
33 47 7 2
33 48 10 1
33 50 8 1
33 52 5 6
33 53 10 7
33 54 10 7
33 55 6 1
33 56 9 5
33 57 5 2
33 58 8 9
33 59 1 4
33 61 3 2
33 62 4 8
33 63 9 3
33 65 7 4
33 66 4 9
33 67 6 4
33 68 3 3
33 71 6 8
33 72 9 3
33 73 4 6
33 76 5 8
33 77 7 6
33 78 6 9
33 80 10 2
33 81 1 3
33 82 1 1
33 83 7 4
33 84 6 1
33 85 10 2
33 86 9 7
33 87 6 9
33 88 6 2
33 89 5 3
33 90 3 5
33 91 10 10
33 92 7 9
33 93 2 4
33 94 1 10
33 95 1 8
33 96 9 2
33 100 10 8
34 35 4 10
34 37 5 1
34 38 2 2
34 39 3 3
34 42 5 1
34 43 5 2
34 45 4 10
34 46 2 8
34 47 4 3
34 48 10 3
34 49 7 4
34 50 7 6
34 51 7 1
34 52 6 2
34 54 2 10
34 56 7 3
34 57 3 4
34 58 10 7
34 59 5 1
34 60 10 7
34 61 2 6
34 62 2 4
34 63 1 8
34 64 4 6
34 65 8 5
34 67 10 4
34 68 1 8
34 69 8 7
34 70 8 6
34 71 9 2
34 72 4 1
34 73 1 9
34 75 6 9
34 76 3 6
34 77 6 7
34 78 9 9
34 79 4 4
34 80 3 10
34 81 3 2
34 82 6 2
34 83 2 1
34 84 2 5
34 85 5 5
34 86 1 3
34 87 5 9
34 88 5 5
34 89 2 8
34 90 3 1
34 91 10 8
34 92 10 5
34 94 10 8
34 95 2 1
34 96 2 6
34 97 7 6
34 98 2 2
34 99 8 3
34 100 8 6
35 37 5 5
35 38 9 5
35 40 4 2
35 41 9 6
35 43 4 6
35 46 7 5
35 47 4 2
35 48 5 6
35 49 5 10
35 50 9 7
35 51 5 8
35 52 7 8
35 53 3 9
35 54 5 2
35 55 8 7
35 56 6 3
35 57 9 6
35 58 10 3
35 60 1 1
35 62 7 10
35 63 9 5
35 64 4 5
35 66 2 3
35 67 1 2
35 68 6 1
35 69 2 4
35 70 7 3
35 71 8 5
35 72 3 4
35 73 8 10
35 74 5 9
35 78 1 9
35 79 3 5
35 80 7 4
35 81 9 7
35 82 9 3
35 83 9 8
35 85 10 7
35 86 2 7
35 87 4 1
35 88 5 5
35 89 8 3
35 90 3 5
35 91 5 5
35 92 5 7
35 93 8 7
35 94 3 5
35 95 9 5
35 98 4 2
35 99 8 6
36 37 8 6
36 38 1 10
36 39 10 10
36 41 2 9
36 42 2 10
36 44 7 9
36 45 3 8
36 46 7 9
36 47 7 3
36 48 8 2
36 49 5 10
36 50 5 3
36 51 9 1
36 52 5 1
36 53 4 10
36 54 9 5
36 56 5 7
36 57 7 8
36 58 7 2
36 59 2 7
36 60 6 6
36 61 3 3
36 62 4 1
36 64 8 2
36 65 10 7
36 66 10 2
36 67 1 8
36 68 8 9
36 69 4 9
36 71 5 1
36 72 8 8
36 73 4 6
36 74 4 8
36 75 4 1
36 76 7 1
36 77 1 2
36 79 1 4
36 80 3 9
36 81 4 7
36 82 1 7
36 84 9 2
36 86 8 4
36 87 1 2
36 88 1 8
36 89 9 6
36 90 3 8
36 91 6 10
36 92 3 6
36 93 8 3
36 94 7 7
36 95 10 2
36 96 7 3
36 97 2 7
36 99 4 5
36 100 8 8
37 38 5 1
37 39 9 4
37 40 6 1
37 41 3 3
37 43 1 6
37 45 7 1
37 46 8 4
37 47 9 5
37 48 9 3
37 49 10 1
37 51 8 9
37 52 2 8
37 53 6 5
37 54 4 8
37 56 3 3
37 58 3 7
37 59 3 8
37 61 3 1
37 62 1 10
37 64 2 10
37 65 3 10
37 66 10 5
37 67 5 7
37 68 5 3
37 69 9 1
37 70 8 4
37 71 9 2
37 72 7 9
37 73 1 2
37 74 5 7
37 75 9 7
37 76 5 6
37 78 1 10
37 79 7 8
37 80 10 10
37 81 2 10
37 82 3 9
37 83 7 8
37 84 7 9
37 87 6 6
37 88 2 2
37 89 6 6
37 90 10 6
37 91 1 9
37 92 1 5
37 93 2 8
37 99 4 5
37 100 2 10
38 39 1 4
38 40 4 5
38 41 7 6
38 42 6 10
38 43 10 9
38 44 9 4
38 45 3 10
38 46 4 5
38 47 5 5
38 49 5 10
38 50 1 1
38 51 1 4
38 53 2 7
38 54 7 10
38 55 9 3
38 58 8 3
38 59 5 10
38 60 1 6
38 61 1 6
38 62 1 1
38 63 8 2
38 64 2 8
38 65 10 6
38 66 10 2
38 68 4 9
38 70 10 7
38 71 9 3
38 73 10 7
38 74 6 2
38 75 10 4
38 76 1 6
38 77 6 9
38 78 10 4
38 79 9 2
38 80 4 1
38 81 7 6
38 82 7 7
38 84 3 5
38 85 1 5
38 86 9 2
38 88 9 9
38 89 5 3
38 92 3 2
38 94 3 7
38 95 9 7
38 96 10 5
38 97 9 8
38 98 4 5
38 99 6 3
38 100 6 4
39 40 9 9
39 41 2 8
39 42 3 1
39 44 6 7
39 45 8 6
39 48 2 4
39 49 7 4
39 51 6 9
39 53 5 6
39 54 6 8
39 55 10 2
39 57 8 4
39 58 8 1
39 59 2 8
39 60 4 10
39 61 8 10
39 62 4 6
39 63 4 5
39 64 2 3
39 65 10 1
39 67 4 7
39 68 4 10
39 70 8 7
39 72 2 4
39 74 4 5
39 75 5 9
39 76 6 10
39 78 8 7
39 79 7 7
39 80 6 2
39 81 4 10
39 82 3 3
39 83 2 7
39 84 2 8
39 86 1 7
39 87 5 5
39 88 7 2
39 89 1 8
39 90 5 2
39 91 3 3
39 92 5 1
39 93 4 5
39 94 1 1
39 95 10 7
39 96 4 3
39 97 2 1
39 98 1 4
39 99 6 9
39 100 7 4
40 41 10 6
40 42 9 7
40 43 1 10
40 45 3 9
40 48 5 7
40 49 6 7
40 50 2 9
40 51 7 3
40 52 8 3
40 53 4 10
40 54 8 9
40 55 7 5
40 56 9 1
40 57 4 2
40 58 4 9
40 59 5 10
40 61 9 5
40 62 9 2
40 63 10 9
40 64 9 6
40 65 5 1
40 67 5 2
40 68 9 5
40 69 8 7
40 70 4 2
40 71 5 6
40 72 10 7
40 74 10 9
40 75 7 3
40 77 4 6
40 78 7 8
40 79 5 1
40 81 10 4
40 82 7 9
40 83 9 6
40 84 6 7
40 85 6 7
40 86 8 9
40 87 2 4
40 90 1 10
40 91 10 5
40 92 3 10
40 94 7 9
40 97 5 3
40 98 7 10
40 99 6 2
40 100 4 6
41 42 1 6
41 43 1 5
41 45 6 2
41 46 6 9
41 47 5 4
41 48 8 7
41 50 6 9
41 52 5 4
41 53 6 9
41 54 7 7
41 55 1 1
41 56 9 10
41 57 2 9
41 59 9 6
41 60 8 4
41 61 3 3
41 62 3 8
41 63 2 1
41 65 4 1
41 66 1 4
41 67 10 7
41 68 4 1
41 69 4 10
41 70 8 9
41 71 5 4
41 72 10 7
41 73 9 6
41 74 1 9
41 75 7 9
41 76 4 5
41 77 5 5
41 78 7 7
41 79 2 1
41 80 5 3
41 82 7 5
41 85 9 5
41 86 10 7
41 87 8 1
41 88 4 9
41 89 6 10
41 91 8 2
41 92 9 10
41 93 6 9
41 96 10 10
41 97 10 7
41 98 4 6
41 99 10 10
41 100 6 4
42 45 5 3
42 46 4 1
42 47 9 9
42 48 3 5
42 49 3 6
42 50 2 8
42 51 6 6
42 52 6 2
42 53 6 1
42 54 1 9
42 57 6 2
42 58 7 3
42 59 6 10
42 60 1 8
42 61 10 1
42 62 10 10
42 63 5 9
42 65 2 5
42 66 8 2
42 67 5 6
42 68 5 3
42 69 5 2
42 70 6 2
42 72 9 4
42 73 4 6
42 74 2 1
42 75 4 10
42 76 9 10
42 78 1 8
42 79 6 1
42 82 9 3
42 83 4 7
42 84 1 2
42 85 5 6
42 86 3 1
42 88 5 9
42 89 4 4
42 90 6 8
42 91 5 5
42 92 4 6
42 93 10 2
42 94 3 3
42 95 5 4
42 96 8 8
42 97 7 5
42 99 3 6
42 100 2 8
43 44 2 6
43 45 3 1
43 46 10 1
43 48 1 8
43 49 2 8
43 50 8 2
43 51 5 7
43 53 3 9
43 55 9 2
43 56 7 9
43 57 7 2
43 58 7 1
43 59 2 9
43 60 3 5
43 61 1 5
43 62 1 9
43 64 1 1
43 65 2 3
43 66 3 2
43 67 9 9
43 68 2 10
43 70 2 9
43 71 3 1
43 74 5 2
43 75 6 6
43 76 6 1
43 77 8 3
43 80 8 10
43 81 1 10
43 82 7 1
43 83 8 2
43 84 2 3
43 85 9 1
43 86 10 9
43 87 7 8
43 88 10 2
43 89 10 9
43 90 9 4
43 93 2 8
43 96 8 6
43 98 8 7
43 99 7 2
43 100 5 3
44 45 5 8
44 46 2 5
44 48 8 7
44 49 1 4
44 51 3 2
44 55 1 4
44 57 6 5
44 58 5 7
44 59 2 6
44 60 9 4
44 61 10 1
44 62 3 6
44 63 1 3
44 65 8 6
44 66 4 9
44 67 8 7
44 68 9 9
44 70 1 7
44 71 1 10
44 72 4 6
44 73 10 9
44 74 2 3
44 75 5 1
44 77 6 2
44 78 6 7
44 79 3 2
44 80 8 3
44 82 3 3
44 83 2 9
44 84 1 3
44 85 10 6
44 86 10 3
44 87 3 4
44 88 2 4
44 91 9 7
44 92 8 9
44 93 1 5
44 95 9 5
44 96 7 4
44 97 1 6
44 98 3 7
44 99 10 10
44 100 3 1
45 46 9 3
45 47 3 3
45 48 10 10
45 49 8 7
45 50 5 6
45 51 5 8
45 53 8 1
45 54 2 9
45 55 8 5
45 57 5 1
45 58 2 1
45 59 9 3
45 60 7 3
45 63 4 3
45 64 9 6
45 66 6 4
45 67 1 9
45 68 2 3
45 69 5 6
45 70 5 2
45 71 10 4
45 73 4 4
45 74 2 10
45 75 7 8
45 76 3 6
45 77 2 3
45 78 5 2
45 79 10 6
45 80 1 7
45 81 4 6
45 82 3 7
45 83 2 6
45 84 4 5
45 85 3 1
45 86 7 9
45 88 1 4
45 89 8 3
45 90 8 7
45 92 9 9
45 93 7 6
45 94 7 9
45 95 8 4
45 96 2 4
45 97 1 7
45 99 9 4
46 47 1 10
46 48 4 6
46 49 1 7
46 50 7 9
46 52 10 4
46 53 7 10
46 54 6 8
46 55 5 9
46 56 1 7
46 57 10 1
46 58 6 2
46 59 4 1
46 60 7 10
46 61 10 1
46 62 5 10
46 64 10 9
46 65 10 8
46 66 3 1
46 68 10 7
46 69 9 9
46 70 10 10
46 71 8 7
46 73 10 2
46 74 8 10
46 75 5 1
46 76 3 4
46 77 1 5
46 78 4 9
46 79 8 9
46 80 4 6
46 81 5 10
46 83 3 2
46 84 10 5
46 85 1 6
46 87 6 8
46 88 2 3
46 89 8 7
46 90 4 5
46 91 1 9
46 92 9 7
46 93 4 2
46 94 2 7
46 95 4 4
46 97 5 3
46 99 4 10
46 100 10 1
47 48 3 3
47 49 1 6
47 50 1 1
47 51 8 2
47 52 2 4
47 53 6 4
47 54 4 5
47 55 10 4
47 56 2 8
47 59 1 3
47 62 6 1
47 64 3 5
47 66 8 1
47 67 3 3
47 69 9 1
47 70 1 8
47 71 6 2
47 72 6 6
47 73 1 5
47 75 8 7
47 76 5 9
47 78 10 7
47 80 6 9
47 81 10 10
47 84 5 4
47 87 10 2
47 88 5 7
47 89 1 9
47 91 2 2
47 93 9 1
47 94 4 5
47 95 9 9
47 96 5 3
47 97 2 6
47 98 5 3
47 99 7 2
48 49 5 9
48 50 9 1
48 52 10 3
48 53 2 2
48 54 5 10
48 55 9 10
48 58 9 5
48 59 1 4
48 61 3 1
48 62 6 6
48 63 10 3
48 64 5 3
48 65 10 5
48 66 7 10
48 67 3 2
48 68 9 10
48 70 2 1
48 71 1 4
48 72 9 9
48 73 9 1
48 74 5 6
48 76 8 5
48 78 9 2
48 79 2 9
48 80 4 7
48 81 2 10
48 82 9 8
48 83 5 5
48 85 7 5
48 86 1 10
48 87 4 4
48 88 2 10
48 89 3 6
48 91 6 3
48 92 7 6
48 93 3 7
48 94 6 3
48 95 10 4
48 97 6 4
48 99 9 9
48 100 4 8
49 50 6 10
49 51 2 1
49 52 10 8
49 53 6 10
49 55 1 3
49 56 9 8
49 57 3 9
49 58 3 4
49 61 8 6
49 63 1 3
49 64 8 7
49 65 9 2
49 66 7 5
49 67 3 1
49 68 9 8
49 69 3 6
49 70 8 10
49 71 6 2
49 72 2 9
49 73 9 3
49 76 10 5
49 77 4 9
49 78 4 5
49 79 3 5
49 80 9 7
49 82 1 7
49 83 8 2
49 84 2 2
49 86 4 9
49 87 4 9
49 88 8 3
49 89 1 8
49 93 6 1
49 95 6 6
49 97 5 2
49 100 3 1
50 51 4 2
50 52 6 5
50 54 6 2
50 55 4 6
50 56 9 4
50 57 1 6
50 58 2 9
50 59 10 3
50 60 8 4
50 63 9 10
50 64 7 9
50 67 3 6
50 68 3 5
50 69 5 1
50 70 6 7
50 71 8 1
50 72 9 2
50 73 10 8
50 74 3 9
50 77 7 8
50 79 1 9
50 80 4 6
50 82 8 6
50 83 4 9
50 85 8 9
50 86 5 5
50 87 9 8
50 88 10 9
50 89 1 8
50 90 8 2
50 91 1 6
50 93 1 9
50 94 10 2
50 95 3 4
50 96 3 1
50 97 3 9
50 98 10 2
50 99 6 8
51 52 4 7
51 53 7 1
51 54 10 8
51 55 8 6
51 56 6 8
51 57 5 4
51 58 10 8
51 59 1 4
51 60 9 4
51 61 5 6
51 62 5 7
51 63 8 4
51 64 8 7
51 66 1 4
51 67 1 1
51 68 4 9
51 69 8 3
51 70 3 8
51 71 7 1
51 72 5 10
51 73 7 9
51 74 10 4
51 76 5 8
51 77 5 8
51 78 10 9
51 80 8 7
51 81 8 4
51 82 2 1
51 84 1 6
51 85 8 8
51 86 3 2
51 87 4 8
51 88 2 1
51 89 9 4
51 90 10 5
51 91 9 10
51 92 2 3
51 94 5 1
51 95 8 6
51 96 6 2
51 98 4 1
51 99 6 10
51 100 9 5
52 53 1 4
52 54 3 2
52 55 8 9
52 56 7 3
52 57 1 7
52 58 10 3
52 60 7 3
52 62 8 6
52 63 10 8
52 64 7 8
52 65 6 7
52 66 1 4
52 67 5 3
52 68 8 2
52 69 4 6
52 70 5 2
52 71 8 10
52 73 4 5
52 75 7 2
52 76 1 2
52 77 10 5
52 78 8 8
52 79 10 4
52 80 5 10
52 81 3 3
52 82 1 9
52 83 8 7
52 84 3 4
52 85 4 9
52 86 4 3
52 87 7 2
52 89 4 2
52 92 3 3
52 93 3 4
52 94 8 5
52 95 7 2
52 96 1 10
52 97 7 9
52 98 5 6
52 99 7 1
52 100 7 4
53 54 1 10
53 57 6 7
53 58 6 6
53 59 9 3
53 60 10 1
53 61 5 9
53 62 6 2
53 63 1 8
53 64 2 4
53 67 3 2
53 68 6 10
53 69 9 9
53 70 9 2
53 71 9 8
53 72 8 2
53 73 8 9
53 74 10 9
53 75 8 8
53 76 6 5
53 78 4 10
53 80 8 2
53 84 8 10
53 85 9 6
53 86 10 10
53 87 4 8
53 88 6 7
53 89 1 6
53 90 2 3
53 91 2 10
53 92 7 3
53 93 2 9
53 95 9 7
53 96 7 5
53 97 10 8
53 98 2 3
53 99 4 8
54 55 7 3
54 56 2 9
54 57 2 1
54 58 9 9
54 59 8 8
54 60 7 9
54 61 10 4
54 62 10 6
54 63 4 5
54 64 7 10
54 65 6 6
54 66 6 4
54 67 9 1
54 68 1 4
54 71 4 5
54 72 8 1
54 73 3 7
54 74 3 6
54 75 7 1
54 76 7 3
54 77 4 6
54 78 1 1
54 79 5 1
54 80 6 8
54 81 8 6
54 82 8 8
54 84 2 1
54 85 4 10
54 86 9 9
54 87 6 6
54 88 7 10
54 89 8 3
54 90 3 6
54 91 7 1
54 92 5 6
54 94 5 9
54 95 4 8
54 97 4 3
54 98 8 8
54 99 10 3
54 100 5 3
55 56 7 10
55 57 10 7
55 58 4 2
55 59 9 7
55 62 8 6
55 63 4 8
55 65 5 3
55 66 3 3
55 67 1 4
55 68 1 5
55 69 5 9
55 70 2 10
55 71 3 10
55 72 4 1
55 75 5 8
55 76 3 6
55 77 1 4
55 78 8 10
55 79 6 7
55 80 5 10
55 81 2 5
55 84 10 8
55 85 4 2
55 86 10 6
55 87 7 8
55 88 2 1
55 89 1 5
55 90 7 5
55 91 10 9
55 92 2 6
55 93 10 4
55 94 8 2
55 95 1 8
55 96 6 5
55 98 5 3
55 99 8 7
55 100 5 4
56 57 6 4
56 60 2 3
56 62 3 9
56 63 1 4
56 65 2 4
56 66 10 9
56 67 4 8
56 68 8 10
56 69 1 5
56 70 10 5
56 71 10 4
56 72 6 2
56 73 6 2
56 74 6 9
56 75 4 6
56 80 3 6
56 81 6 2
56 82 8 10
56 83 2 3
56 84 1 5
56 85 3 2
56 86 3 5
56 87 1 1
56 88 5 1
56 89 10 2
56 90 2 7
56 91 3 1
56 92 6 4
56 93 6 6
56 95 1 5
56 96 10 3
56 97 2 6
56 98 7 10
56 99 10 4
57 58 2 6
57 59 7 10
57 60 1 9
57 61 4 5
57 62 9 2
57 63 6 4
57 64 4 1
57 67 4 3
57 68 3 5
57 69 10 9
57 70 6 9
57 71 4 4
57 72 4 7
57 73 8 8
57 77 1 10
57 78 3 1
57 79 4 8
57 80 5 8
57 81 6 9
57 84 3 3
57 85 1 8
57 86 4 9
57 87 6 10
57 88 1 9
57 89 9 7
57 90 4 10
57 92 4 1
57 93 7 1
57 94 1 6
57 95 4 8
57 96 3 7
57 97 6 7
57 100 7 4
58 59 10 6
58 60 9 9
58 62 2 5
58 63 8 3
58 64 7 7
58 66 8 6
58 67 7 8
58 68 4 6
58 69 8 2
58 70 9 3
58 77 1 4
58 79 1 1
58 80 4 8
58 82 10 7
58 84 5 4
58 85 5 2
58 86 3 2
58 87 8 6
58 88 7 2
58 90 2 7
58 92 7 5
58 93 5 7
58 94 6 2
58 95 5 4
58 97 9 1
58 98 2 1
58 99 4 10
58 100 4 4
59 60 6 7
59 61 5 1
59 62 1 6
59 63 10 4
59 64 4 4
59 65 7 3
59 66 5 8
59 67 10 4
59 68 10 8
59 69 3 5
59 70 6 2
59 71 2 1
59 73 6 7
59 75 1 1
59 77 7 1
59 78 7 10
59 80 10 1
59 82 1 10
59 85 3 4
59 86 8 6
59 87 6 9
59 88 9 3
59 89 3 8
59 90 8 3
59 92 9 4
59 93 3 6
59 94 7 6
59 96 8 9
59 98 3 3
59 100 7 3
60 61 10 2
60 62 1 6
60 63 6 3
60 64 7 8
60 65 3 5
60 66 3 3
60 67 7 9
60 69 7 8
60 70 3 5
60 71 1 9
60 72 1 10
60 73 3 3
60 74 5 7
60 75 3 1
60 78 5 3
60 79 7 6
60 80 2 7
60 83 9 10
60 84 4 9
60 85 7 5
60 86 8 3
60 87 5 8
60 88 2 9
60 89 1 7
60 90 5 1
60 91 6 7
60 92 3 1
60 93 6 9
60 94 5 6
60 96 7 9
60 97 10 4
60 98 9 6
60 99 10 3
60 100 10 8
61 63 2 4
61 65 3 1
61 66 7 2
61 67 7 5
61 69 2 6
61 70 1 10
61 73 5 2
61 74 7 2
61 75 10 5
61 76 10 7
61 78 9 7
61 79 4 5
61 80 7 4
61 81 9 1
61 82 10 7
61 83 1 4
61 84 7 2
61 85 6 2
61 87 1 4
61 88 7 7
61 89 9 10
61 90 7 9
61 93 9 9
61 94 5 2
61 95 7 2
61 96 3 2
61 97 10 2
61 98 4 3
61 99 5 3
62 63 1 9
62 64 1 10
62 65 3 9
62 66 5 1
62 67 1 3
62 68 5 2
62 69 10 2
62 70 2 1
62 71 9 6
62 72 6 7
62 74 8 7
62 75 2 2
62 76 9 5
62 77 4 5
62 78 1 10
62 80 9 3
62 81 4 5
62 83 6 3
62 84 1 6
62 85 8 5
62 88 9 8
62 90 5 7
62 91 6 4
62 92 1 2
62 93 9 8
62 94 4 8
62 95 7 4
62 96 9 6
62 97 10 7
62 98 7 5
62 99 7 4
62 100 2 3
63 64 4 4
63 65 2 10
63 66 9 7
63 69 10 1
63 71 8 7
63 72 6 2
63 73 7 1
63 74 2 5
63 75 5 8
63 77 5 6
63 78 8 3
63 79 1 8
63 81 7 10
63 83 1 5
63 85 7 6
63 87 7 5
63 88 8 6
63 89 10 10
63 90 5 3
63 91 9 1
63 92 4 5
63 93 4 6
63 95 8 7
63 96 8 4
63 98 1 10
63 100 7 3
64 65 4 6
64 66 10 3
64 67 9 7
64 68 7 7
64 69 6 7
64 72 8 1
64 73 10 5
64 74 1 1
64 75 5 6
64 76 1 10
64 77 8 3
64 78 3 10
64 79 4 10
64 80 7 3
64 83 3 3
64 84 8 7
64 86 3 3
64 87 6 7
64 88 3 8
64 89 4 10
64 90 5 1
64 91 8 4
64 94 10 1
64 95 1 1
64 96 1 4
64 97 3 5
64 98 6 1
64 99 10 7
64 100 6 5
65 66 10 1
65 67 3 3
65 69 10 6
65 72 6 4
65 73 8 2
65 74 9 8
65 75 2 4
65 76 3 7
65 77 6 3
65 78 1 1
65 79 10 10
65 80 6 8
65 81 1 7
65 82 5 8
65 84 1 9
65 85 10 2
65 86 4 9
65 87 1 7
65 88 9 6
65 89 7 7
65 90 8 1
65 91 4 4
65 92 7 2
65 93 8 5
65 95 7 7
65 97 3 7
65 98 8 10
65 99 9 6
65 100 8 3
66 67 6 5
66 68 4 7
66 69 2 3
66 71 2 8
66 72 4 2
66 73 1 6
66 74 8 5
66 75 4 2
66 76 9 10
66 78 4 8
66 80 8 9
66 81 4 4
66 82 7 9
66 83 5 6
66 84 8 10
66 86 1 10
66 87 6 6
66 88 10 7
66 89 10 1
66 90 8 7
66 91 2 5
66 92 10 8
66 93 5 3
66 94 6 5
66 95 5 10
66 96 3 9
66 97 1 2
66 98 9 5
66 99 10 6
66 100 9 5
67 69 7 3
67 71 2 3
67 72 10 1
67 73 1 1
67 74 4 1
67 75 6 5
67 76 9 6
67 77 9 8
67 78 1 5
67 79 9 6
67 80 7 5
67 82 10 8
67 83 7 5
67 85 10 6
67 86 1 1
67 87 8 2
67 89 2 6
67 90 8 4
67 91 1 4
67 92 9 9
67 93 10 9
67 95 7 6
67 96 7 6
67 97 8 5
67 98 4 8
67 99 2 2
67 100 5 5
68 69 2 7
68 70 3 1
68 72 2 5
68 73 4 2
68 74 7 7
68 75 7 4
68 76 5 2
68 77 1 3
68 78 1 1
68 79 6 7
68 80 5 7
68 81 9 10
68 82 3 10
68 83 1 2
68 84 7 10
68 85 9 3
68 86 4 9
68 87 10 4
68 88 10 1
68 89 10 10
68 90 2 6
68 91 8 6
68 92 5 10
68 93 1 1
68 95 8 2
68 96 6 1
68 97 4 10
68 98 9 10
68 99 6 6
69 70 10 2
69 71 3 7
69 73 7 8
69 74 8 8
69 75 7 5
69 76 10 8
69 77 8 3
69 78 6 9
69 79 1 5
69 80 9 5
69 82 6 9
69 83 6 2
69 84 9 8
69 85 10 5
69 88 1 3
69 89 8 4
69 90 6 8
69 91 1 8
69 94 4 3
69 95 3 7
69 96 10 6
69 97 10 9
69 98 3 2
69 100 9 3
70 71 2 9
70 73 2 1
70 74 3 10
70 75 9 3
70 76 6 10
70 77 8 3
70 78 4 7
70 79 8 5
70 80 5 1
70 82 8 5
70 83 2 10
70 84 7 2
70 85 6 5
70 86 5 5
70 87 10 7
70 89 5 5
70 90 5 6
70 92 5 1
70 94 7 9
70 95 4 2
70 96 1 3
70 97 10 10
70 98 4 2
70 99 7 2
70 100 8 2
71 73 8 6
71 74 7 5
71 75 1 10
71 76 3 10
71 77 9 4
71 78 9 10
71 81 1 4
71 82 2 1
71 83 3 5
71 84 7 3
71 86 7 7
71 87 6 4
71 89 4 3
71 90 1 10
71 92 10 2
71 93 6 9
71 94 3 5
71 95 5 10
71 96 9 6
71 97 7 3
71 98 5 4
71 99 7 9
71 100 7 7
72 75 2 9
72 76 9 5
72 77 6 6
72 78 9 5
72 79 2 4
72 80 10 10
72 81 6 9
72 84 5 4
72 86 9 10
72 87 2 5
72 88 5 5
72 89 10 2
72 92 6 1
72 93 10 4
72 94 8 5
72 95 1 3
72 97 8 4
72 98 9 5
72 99 5 9
72 100 5 1
73 74 9 9
73 75 7 2
73 76 3 6
73 77 7 9
73 78 5 7
73 79 1 4
73 80 10 8
73 81 1 8
73 82 2 2
73 83 9 7
73 84 4 5
73 87 9 4
73 88 9 7
73 89 2 5
73 90 4 5
73 91 3 7
73 92 6 6
73 93 1 9
73 94 9 8
73 95 3 5
73 96 5 8
73 97 7 5
73 99 4 3
73 100 5 3
74 75 2 5
74 76 5 6
74 77 6 4
74 78 1 8
74 79 9 10
74 81 7 4
74 82 2 4
74 83 3 6
74 84 2 4
74 85 7 6
74 86 5 7
74 88 2 6
74 89 6 9
74 90 1 5
74 91 2 2
74 92 10 9
74 93 8 6
74 94 7 2
74 95 5 5
74 97 2 1
74 99 3 7
74 100 10 5
75 76 8 4
75 77 10 4
75 78 9 6
75 79 7 8
75 80 1 10
75 81 8 10
75 82 5 3
75 83 4 1
75 84 3 6
75 85 10 2
75 86 3 2
75 87 2 1
75 88 2 9
75 89 6 1
75 90 5 5
75 91 10 2
75 93 3 1
75 94 10 8
75 95 3 6
75 96 10 3
75 98 1 1
75 100 7 10
76 77 4 1
76 79 4 4
76 81 6 2
76 82 6 5
76 83 1 6
76 84 6 4
76 85 3 7
76 86 3 3
76 87 5 9
76 89 9 3
76 90 6 4
76 91 7 3
76 92 3 9
76 93 4 6
76 94 8 8
76 95 6 4
76 96 10 10
76 97 9 9
76 98 1 8
76 99 7 7
76 100 9 2
77 78 3 4
77 79 3 5
77 80 9 8
77 81 10 6
77 84 3 1
77 85 10 4
77 86 9 3
77 87 6 7
77 89 4 3
77 93 1 7
77 94 5 4
77 95 4 8
77 96 3 4
77 97 10 9
77 98 6 6
77 100 9 3
78 80 7 9
78 82 1 6
78 83 10 5
78 84 2 9
78 85 1 2
78 86 2 1
78 88 1 2
78 89 9 2
78 90 6 7
78 91 7 7
78 92 6 2
78 93 1 8
78 94 9 7
78 96 9 8
78 97 1 7
78 98 7 10
78 99 9 4
78 100 6 6
79 80 9 5
79 81 6 9
79 82 9 1
79 83 8 8
79 84 1 2
79 85 4 2
79 86 3 1
79 91 7 4
79 92 1 3
79 93 4 10
79 94 1 1
79 95 2 6
79 97 8 8
79 98 2 1
79 99 2 1
80 81 3 3
80 82 1 8
80 83 8 4
80 84 9 7
80 85 2 3
80 87 10 5
80 88 5 6
80 89 10 9
80 90 3 7
80 91 9 5
80 92 9 1
80 93 6 2
80 95 8 7
80 96 4 2
80 97 10 3
80 100 9 10
81 83 1 10
81 84 7 7
81 86 5 6
81 87 3 3
81 88 4 3
81 89 2 1
81 90 1 7
81 94 7 10
81 95 9 4
81 96 6 8
81 97 5 5
81 98 9 4
81 100 7 7
82 83 8 9
82 84 7 2
82 85 8 4
82 86 6 6
82 88 9 4
82 89 9 3
82 90 10 7
82 91 9 8
82 93 5 9
82 94 10 9
82 95 5 6
82 97 9 9
82 98 5 2
82 99 4 6
82 100 4 6
83 84 2 6
83 85 9 2
83 87 2 2
83 88 10 10
83 89 10 1
83 90 8 3
83 91 7 7
83 92 3 5
83 95 9 2
83 96 8 5
83 98 10 4
83 99 3 6
83 100 4 7
84 85 7 5
84 86 8 6
84 87 7 3
84 88 5 5
84 89 5 7
84 91 8 2
84 92 7 7
84 94 9 1
84 95 1 9
84 96 10 3
84 98 9 6
84 99 8 3
85 86 1 9
85 87 10 3
85 88 2 4
85 89 10 8
85 90 6 6
85 92 1 10
85 94 9 6
85 96 4 1
85 97 4 7
85 98 9 6
85 99 8 4
85 100 5 4
86 87 4 8
86 88 6 5
86 90 5 2
86 91 1 9
86 92 4 10
86 93 2 9
86 94 1 10
86 96 5 3
86 97 5 4
86 99 2 6
86 100 4 7
87 88 7 3
87 90 9 2
87 91 5 10
87 92 9 6
87 93 2 8
87 94 7 7
87 95 7 10
87 96 1 5
87 97 7 7
87 98 3 6
87 99 5 9
87 100 3 4
88 90 3 9
88 91 2 7
88 93 10 8
88 94 7 1
88 95 3 10
88 96 2 6
88 98 5 6
88 99 6 1
89 91 1 8
89 92 2 9
89 93 3 6
89 94 9 7
89 96 1 6
89 97 8 7
89 98 9 4
89 100 1 3
90 91 6 7
90 93 4 7
90 94 1 9
90 95 10 3
90 96 3 3
90 97 1 1
90 98 6 3
90 100 4 7
91 92 4 5
91 93 4 5
91 95 1 6
91 97 5 6
91 98 5 9
91 99 6 9
92 95 2 8
92 98 6 7
92 99 6 7
92 100 4 4
93 94 10 5
93 95 8 2
93 96 3 7
93 97 9 9
93 98 2 6
93 100 1 10
94 95 10 5
94 96 4 2
94 98 1 10
94 99 10 9
94 100 10 3
95 96 4 4
95 97 7 3
95 99 1 5
95 100 9 8
96 97 7 6
96 98 5 7
96 100 4 1
97 98 7 5
97 99 10 1
97 100 10 4
98 99 9 6
99 100 4 6
1
1 2 3 4 5 6 7 8 9 10 11 12 13 14 15 16 17 18 19 20 21 22 23 24 25 26 27 28 29 30 31 32 33 34 35 36 37 38 39 40 41 42 43 44 45 46 47 48 49 50
