3949
1 2 7 6
1 4 2 2
1 5 5 3
1 6 2 5
1 8 5 3
1 9 5 9
1 10 10 8
1 11 9 8
1 12 5 9
1 13 5 7
1 14 6 5
1 16 8 3
1 18 9 9
1 19 6 5
1 20 10 7
1 23 4 1
1 24 7 7
1 25 7 8
1 27 3 4
1 28 4 1
1 29 10 9
1 30 5 4
1 31 9 1
1 32 3 1
1 33 4 3
1 35 6 1
1 36 10 4
1 37 10 7
1 38 3 9
1 39 5 1
1 42 2 4
1 43 7 6
1 45 5 7
1 48 1 9
1 49 8 9
1 52 8 1
1 53 6 2
1 54 7 2
1 55 3 6
1 56 7 3
1 57 3 4
1 59 4 8
1 60 7 5
1 61 6 7
1 62 4 7
1 63 8 1
1 64 9 4
1 65 10 10
1 66 7 4
1 67 5 6
1 68 2 6
1 69 1 7
1 71 1 7
1 72 10 8
1 73 9 2
1 74 2 6
1 75 6 1
1 76 3 9
1 77 7 2
1 78 1 6
1 79 7 6
1 80 9 10
1 81 3 1
1 82 2 7
1 84 1 2
1 85 9 7
1 86 1 9
1 87 10 4
1 88 10 1
1 89 3 8
1 90 8 4
1 94 3 10
1 96 1 10
1 97 6 7
1 98 3 9
1 99 10 4
1 100 1 6
2 3 1 5
2 4 7 7
2 5 9 4
2 6 10 5
2 7 4 9
2 8 3 3
2 9 10 1
2 13 10 9
2 16 5 7
2 17 4 6
2 19 8 8
2 20 7 10
2 21 8 5
2 22 3 7
2 24 7 7
2 25 7 6
2 26 1 9
2 27 4 5
2 28 9 10
2 29 8 8
2 30 9 5
2 31 8 4
2 32 10 2
2 33 8 5
2 34 8 5
2 35 8 7
2 36 2 7
2 37 10 9
2 38 7 10
2 41 3 2
2 42 2 10
2 43 2 3
2 44 7 1
2 45 9 9
2 46 2 2
2 47 8 3
2 49 6 9
2 50 10 2
2 52 1 8
2 55 1 6
2 56 9 4
2 57 3 8
2 58 4 10
2 59 4 2
2 61 4 3
2 64 5 9
2 65 4 6
2 67 6 3
2 68 2 3
2 69 4 10
2 70 10 4
2 71 8 8
2 72 3 9
2 73 2 1
2 74 5 2
2 75 8 8
2 76 3 5
2 77 8 3
2 79 2 8
2 80 7 10
2 81 10 7
2 83 5 1
2 84 8 3
2 85 8 1
2 86 10 6
2 87 2 1
2 88 7 1
2 90 1 8
2 91 8 3
2 94 10 9
2 95 7 8
2 96 3 1
2 97 9 8
2 98 7 1
2 100 9 6
3 4 4 4
3 5 10 1
3 6 2 8
3 7 9 7
3 8 3 2
3 10 10 10
3 11 3 2
3 12 3 9
3 14 10 2
3 15 3 1
3 17 4 1
3 19 1 3
3 20 6 7
3 23 4 10
3 24 7 2
3 25 4 6
3 28 5 1
3 31 6 4
3 32 8 4
3 36 4 3
3 37 5 1
3 39 2 7
3 41 8 5
3 43 7 2
3 46 8 7
3 47 5 2
3 48 9 9
3 49 9 9
3 50 5 3
3 51 3 2
3 52 10 3
3 53 8 2
3 55 1 3
3 56 10 1
3 60 9 8
3 61 6 10
3 63 2 2
3 64 6 6
3 65 3 2
3 67 3 1
3 70 5 9
3 73 5 1
3 74 5 1
3 76 5 5
3 77 6 4
3 78 8 10
3 79 7 8
3 81 4 7
3 82 6 3
3 83 3 6
3 84 6 1
3 85 8 7
3 86 1 8
3 87 3 8
3 88 10 10
3 89 8 9
3 90 5 4
3 91 3 6
3 92 2 8
3 95 7 3
3 96 1 5
3 97 3 1
3 98 5 10
3 100 2 4
4 5 9 4
4 6 6 10
4 8 3 10
4 9 4 3
4 10 1 10
4 11 7 7
4 14 3 1
4 15 4 7
4 16 10 8
4 17 10 10
4 19 1 8
4 20 3 5
4 21 5 8
4 22 6 8
4 24 5 9
4 25 3 8
4 26 6 8
4 28 10 1
4 29 6 4
4 31 6 10
4 32 10 6
4 33 7 5
4 34 1 4
4 35 9 3
4 37 3 2
4 40 9 10
4 41 6 3
4 42 4 9
4 44 2 3
4 45 6 4
4 47 3 6
4 48 5 10
4 49 4 6
4 50 1 1
4 54 10 4
4 55 8 9
4 56 10 4
4 57 2 2
4 58 8 1
4 59 6 8
4 60 2 1
4 61 5 9
4 62 1 8
4 63 8 3
4 65 1 5
4 66 3 2
4 68 2 3
4 69 7 8
4 70 1 9
4 72 9 10
4 73 6 7
4 74 7 8
4 75 9 10
4 76 3 9
4 77 7 5
4 78 8 9
4 79 8 2
4 80 5 6
4 81 4 4
4 82 5 1
4 83 3 2
4 84 7 4
4 85 2 4
4 86 7 1
4 87 8 3
4 88 7 10
4 89 2 5
4 90 3 6
4 91 7 4
4 92 3 5
4 93 3 3
4 94 3 10
4 97 1 6
4 98 8 6
4 100 9 9
5 6 6 7
5 8 4 7
5 9 9 1
5 10 7 2
5 11 5 4
5 12 10 1
5 13 10 10
5 14 2 2
5 16 3 9
5 18 8 6
5 19 6 9
5 20 5 1
5 21 1 2
5 22 5 4
5 23 10 9
5 24 10 1
5 25 3 3
5 26 4 5
5 27 8 7
5 28 5 6
5 29 1 6
5 32 10 6
5 33 6 1
5 34 1 9
5 35 9 10
5 37 9 6
5 39 6 7
5 41 4 4
5 42 4 3
5 44 5 8
5 46 6 10
5 47 9 9
5 48 6 5
5 49 7 10
5 50 6 4
5 51 6 3
5 52 4 5
5 53 10 1
5 54 1 7
5 55 7 8
5 56 8 1
5 57 3 5
5 58 10 2
5 59 4 3
5 60 9 6
5 61 4 10
5 62 1 2
5 63 6 1
5 64 9 7
5 67 2 3
5 68 10 3
5 69 8 9
5 70 10 6
5 71 10 2
5 72 1 6
5 73 7 1
5 74 7 6
5 77 10 2
5 78 3 2
5 79 6 7
5 80 8 9
5 81 1 1
5 82 4 3
5 83 7 9
5 84 7 3
5 85 3 1
5 86 1 4
5 87 8 10
5 88 7 5
5 89 4 2
5 90 6 3
5 91 6 6
5 92 2 5
5 93 6 2
5 94 10 9
5 95 3 8
5 97 8 4
5 98 10 6
5 100 6 8
6 7 2 7
6 10 7 7
6 13 9 4
6 14 4 9
6 15 9 10
6 16 4 5
6 17 2 6
6 18 4 10
6 20 8 4
6 21 4 6
6 22 4 5
6 23 3 6
6 24 5 2
6 26 5 3
6 27 7 4
6 28 5 3
6 29 3 1
6 30 2 1
6 31 3 2
6 32 7 2
6 33 2 10
6 34 6 6
6 35 3 2
6 36 8 7
6 37 9 2
6 38 5 6
6 39 6 5
6 40 5 8
6 41 3 10
6 43 7 10
6 44 5 10
6 45 3 4
6 46 3 5
6 47 4 2
6 49 9 8
6 51 8 7
6 52 8 3
6 54 5 3
6 55 2 9
6 56 8 8
6 57 6 3
6 59 7 4
6 60 8 9
6 61 7 6
6 62 9 5
6 63 6 5
6 64 8 7
6 65 10 1
6 66 1 9
6 67 7 5
6 68 9 4
6 70 6 3
6 71 10 2
6 72 8 2
6 73 6 3
6 74 2 2
6 76 6 10
6 77 1 5
6 78 9 5
6 79 2 10
6 80 5 2
6 81 10 2
6 82 5 5
6 84 5 3
6 85 3 4
6 86 5 2
6 89 1 6
6 90 8 3
6 91 10 2
6 92 5 6
6 93 7 6
6 94 2 1
6 95 1 4
6 96 7 10
6 97 6 2
6 98 5 4
6 99 10 5
6 100 1 2
7 9 7 8
7 11 9 9
7 12 1 4
7 13 7 2
7 14 8 6
7 15 9 3
7 16 3 8
7 18 3 4
7 20 8 6
7 21 6 4
7 22 9 6
7 23 4 10
7 24 2 10
7 25 1 10
7 26 9 6
7 27 2 5
7 28 6 5
7 29 9 1
7 30 7 8
7 32 10 8
7 35 6 10
7 36 2 7
7 37 1 2
7 38 9 3
7 39 6 3
7 40 8 9
7 41 10 9
7 44 5 1
7 45 2 5
7 47 1 3
7 48 4 6
7 49 2 7
7 51 10 2
7 52 3 7
7 53 8 6
7 54 7 2
7 55 6 6
7 56 7 6
7 58 6 5
7 59 5 5
7 60 5 5
7 61 6 7
7 62 7 6
7 63 2 8
7 66 1 7
7 67 10 9
7 68 6 7
7 69 3 1
7 70 4 3
7 71 3 3
7 72 9 9
7 73 5 8
7 74 10 2
7 75 1 1
7 77 9 10
7 78 3 7
7 79 1 8
7 80 5 10
7 81 4 5
7 82 3 2
7 83 2 10
7 84 4 8
7 87 7 1
7 88 3 6
7 89 7 2
7 90 7 3
7 91 3 1
7 92 8 2
7 93 10 1
7 94 4 5
7 95 1 7
7 96 4 6
7 97 4 9
7 98 3 1
7 99 1 10
7 100 5 9
8 9 4 2
8 11 3 10
8 12 8 1
8 13 10 4
8 14 8 8
8 15 1 9
8 16 3 6
8 17 1 7
8 19 5 1
8 20 3 8
8 21 1 6
8 23 8 10
8 24 7 9
8 25 6 3
8 27 9 10
8 28 9 6
8 29 5 3
8 30 5 7
8 31 8 1
8 32 4 8
8 33 3 1
8 34 3 6
8 35 9 6
8 36 8 9
8 37 10 6
8 39 7 10
8 40 2 9
8 41 1 4
8 42 5 10
8 43 4 5
8 45 7 6
8 46 3 4
8 47 8 7
8 48 7 7
8 49 2 5
8 50 5 7
8 51 3 1
8 52 6 10
8 54 8 8
8 55 6 6
8 56 8 2
8 57 10 9
8 58 10 3
8 60 7 6
8 61 10 3
8 62 9 4
8 65 4 5
8 66 6 4
8 68 3 5
8 69 6 4
8 71 5 1
8 72 4 8
8 73 5 8
8 74 2 10
8 75 1 6
8 76 3 5
8 78 9 8
8 79 10 5
8 80 10 4
8 81 1 4
8 83 4 8
8 84 4 5
8 86 9 9
8 87 9 4
8 88 9 2
8 89 10 3
8 90 1 5
8 91 8 9
8 92 9 7
8 93 10 3
8 94 2 8
8 95 8 8
8 96 4 6
8 98 1 9
8 99 9 3
8 100 5 6
9 10 5 3
9 11 8 5
9 13 2 4
9 14 1 1
9 15 8 7
9 16 3 8
9 17 8 2
9 18 3 1
9 19 2 7
9 20 2 2
9 22 10 7
9 23 5 2
9 24 2 7
9 25 6 8
9 26 9 8
9 27 10 6
9 29 10 8
9 30 1 6
9 31 8 2
9 33 8 4
9 35 6 7
9 36 9 5
9 37 5 5
9 38 6 3
9 39 4 2
9 40 2 2
9 41 7 10
9 42 9 1
9 43 2 10
9 44 6 6
9 45 9 7
9 47 3 10
9 48 1 5
9 49 5 6
9 50 2 8
9 51 3 2
9 52 3 8
9 54 8 4
9 56 6 10
9 57 4 7
9 58 2 6
9 59 2 6
9 60 8 8
9 61 5 9
9 62 3 5
9 63 8 8
9 64 10 3
9 66 4 9
9 67 5 2
9 68 10 5
9 69 9 4
9 70 1 10
9 71 2 4
9 72 6 10
9 73 10 5
9 74 6 10
9 75 5 6
9 76 3 10
9 77 2 10
9 78 8 1
9 79 3 7
9 81 7 7
9 82 8 1
9 83 7 5
9 85 4 2
9 86 8 9
9 87 8 9
9 88 10 5
9 89 8 6
9 90 3 7
9 91 10 7
9 92 6 9
9 93 4 2
9 94 2 10
9 95 1 8
9 96 5 10
9 97 6 2
9 98 8 7
9 99 5 2
9 100 1 1
10 11 9 6
10 12 6 10
10 13 6 6
10 14 3 7
10 16 4 2
10 18 9 10
10 20 9 10
10 21 5 3
10 22 7 2
10 23 8 2
10 24 7 6
10 25 3 4
10 26 1 2
10 27 8 1
10 29 8 4
10 30 5 9
10 32 3 7
10 33 10 7
10 34 2 6
10 35 10 7
10 36 5 2
10 38 4 5
10 39 6 2
10 40 1 9
10 41 2 7
10 42 10 1
10 43 10 2
10 44 2 2
10 46 10 7
10 48 10 1
10 51 8 4
10 54 10 9
10 55 6 4
10 57 8 3
10 58 2 4
10 59 6 9
10 60 3 4
10 61 5 6
10 62 4 2
10 65 10 5
10 66 8 2
10 67 3 5
10 68 9 4
10 69 7 8
10 70 9 7
10 71 6 2
10 72 5 5
10 73 9 8
10 74 3 5
10 75 4 9
10 76 10 6
10 77 8 6
10 78 8 8
10 79 9 8
10 80 5 9
10 83 5 4
10 85 2 3
10 86 3 2
10 88 9 7
10 89 10 9
10 90 4 5
10 91 9 4
10 92 6 7
10 95 5 7
10 96 4 10
10 97 9 5
10 98 6 8
10 99 4 7
10 100 9 7
11 13 4 2
11 14 1 8
11 15 8 4
11 16 4 7
11 17 9 7
11 18 9 2
11 19 1 7
11 21 2 6
11 22 10 7
11 23 1 5
11 24 4 6
11 25 2 7
11 26 6 4
11 27 10 6
11 28 9 4
11 29 3 10
11 30 3 7
11 32 9 6
11 33 5 7
11 34 7 1
11 36 9 5
11 37 4 10
11 38 7 8
11 39 10 2
11 41 10 8
11 42 5 5
11 43 5 2
11 44 1 3
11 45 1 9
11 46 4 2
11 48 4 1
11 49 5 3
11 50 9 6
11 51 8 10
11 52 3 7
11 53 7 6
11 54 3 1
11 55 4 9
11 56 3 4
11 58 2 5
11 59 2 1
11 60 4 7
11 61 1 2
11 62 6 2
11 64 3 1
11 65 1 8
11 66 7 4
11 67 5 7
11 70 9 9
11 71 1 7
11 72 2 1
11 73 5 6
11 75 3 5
11 76 3 6
11 78 2 8
11 79 9 6
11 80 8 2
11 81 5 3
11 82 3 7
11 83 10 10
11 84 1 10
11 85 6 2
11 87 7 10
11 88 3 1
11 89 7 5
11 90 5 4
11 91 8 2
11 92 6 3
11 94 4 5
11 95 6 3
11 96 7 8
11 97 6 9
11 98 3 3
11 99 5 3
11 100 10 10
12 13 6 10
12 15 6 1
12 16 6 4
12 17 6 7
12 18 10 8
12 19 9 8
12 20 6 8
12 21 9 2
12 22 10 2
12 23 7 9
12 26 8 8
12 27 8 9
12 28 7 1
12 29 7 3
12 30 4 2
12 32 10 9
12 33 7 7
12 34 7 1
12 35 4 10
12 37 10 9
12 38 4 8
12 40 8 8
12 41 7 1
12 42 3 7
12 43 2 9
12 44 3 9
12 45 3 10
12 46 10 7
12 47 10 7
12 48 4 5
12 49 4 9
12 50 8 3
12 51 10 7
12 52 1 2
12 53 6 9
12 56 7 3
12 57 2 10
12 58 7 5
12 59 2 10
12 61 8 4
12 62 7 8
12 63 3 5
12 64 3 2
12 65 3 2
12 66 1 2
12 67 2 1
12 68 7 4
12 69 8 10
12 71 3 4
12 72 4 9
12 73 1 3
12 74 10 3
12 75 10 2
12 76 9 6
12 77 4 2
12 79 2 5
12 80 2 2
12 82 6 8
12 84 4 6
12 86 4 6
12 87 1 4
12 88 2 5
12 89 5 2
12 90 5 8
12 91 10 6
12 92 8 9
12 94 7 4
12 95 6 9
12 96 5 8
12 99 2 2
12 100 8 10
13 14 2 5
13 15 5 9
13 16 2 9
13 17 9 10
13 18 2 1
13 19 1 3
13 21 10 6
13 22 8 3
13 24 6 4
13 25 9 10
13 27 10 1
13 29 7 5
13 30 1 4
13 33 3 2
13 34 4 8
13 35 10 5
13 36 4 3
13 37 9 7
13 38 10 10
13 39 5 5
13 40 7 3
13 41 7 9
13 42 7 1
13 44 2 1
13 45 6 7
13 46 3 1
13 47 2 2
13 48 10 6
13 49 6 5
13 50 3 3
13 51 4 2
13 52 9 9
13 53 5 4
13 54 2 8
13 56 2 3
13 57 5 9
13 58 9 3
13 59 3 6
13 60 4 3
13 61 7 6
13 62 5 2
13 63 8 3
13 64 5 5
13 65 7 5
13 66 7 4
13 67 7 7
13 69 3 9
13 71 3 9
13 72 5 7
13 73 4 6
13 74 8 5
13 76 4 6
13 77 4 4
13 78 9 2
13 79 9 1
13 80 1 6
13 82 2 1
13 83 4 5
13 84 6 3
13 88 1 7
13 89 6 10
13 90 5 6
13 91 9 5
13 93 2 6
13 94 3 1
13 95 1 6
13 96 9 10
13 97 2 1
13 98 2 10
13 100 3 6
14 15 8 3
14 16 10 7
14 17 10 2
14 18 1 5
14 19 2 10
14 20 4 10
14 22 7 6
14 23 10 1
14 24 2 4
14 25 7 6
14 26 1 7
14 27 4 9
14 28 8 1
14 29 3 5
14 31 2 2
14 32 5 6
14 33 9 7
14 34 3 9
14 35 4 3
14 38 4 2
14 39 1 3
14 41 8 5
14 43 7 8
14 44 4 7
14 45 7 9
14 46 2 5
14 47 8 3
14 48 10 4
14 50 5 5
14 52 6 4
14 53 5 10
14 55 9 4
14 57 1 10
14 59 6 2
14 61 5 8
14 62 5 4
14 63 10 3
14 65 5 8
14 66 4 3
14 68 8 6
14 70 1 6
14 71 3 6
14 72 3 3
14 73 2 8
14 74 7 6
14 75 1 5
14 77 1 1
14 79 2 1
14 80 2 4
14 81 6 6
14 82 8 3
14 86 1 4
14 87 4 10
14 88 10 7
14 89 2 6
14 90 8 5
14 91 6 10
14 93 4 6
14 94 7 1
14 95 10 1
14 96 4 9
14 97 10 1
14 98 3 2
14 99 2 8
14 100 2 9
15 18 6 1
15 20 7 6
15 21 9 8
15 22 2 10
15 23 2 3
15 24 6 5
15 25 9 9
15 26 9 9
15 27 9 2
15 28 7 6
15 29 2 6
15 30 10 6
15 31 9 2
15 32 7 9
15 34 6 9
15 36 6 4
15 37 9 1
15 38 3 8
15 39 1 6
15 40 7 1
15 41 9 2
15 42 4 10
15 44 8 2
15 46 8 3
15 47 5 7
15 49 4 1
15 50 9 4
15 51 4 9
15 53 4 8
15 54 6 3
15 55 5 10
15 57 1 9
15 58 2 3
15 59 7 9
15 60 8 7
15 61 8 4
15 62 4 4
15 63 2 9
15 64 4 7
15 65 10 3
15 66 9 3
15 67 6 5
15 68 10 6
15 70 2 2
15 71 4 5
15 72 9 9
15 73 2 4
15 75 8 10
15 77 1 9
15 78 5 9
15 79 2 3
15 81 10 7
15 82 3 1
15 83 4 4
15 85 6 2
15 86 10 9
15 87 10 4
15 89 10 4
15 90 8 10
15 91 4 5
15 92 9 8
15 93 5 3
15 94 10 3
15 95 2 3
15 96 3 6
15 97 1 10
15 98 1 5
16 17 9 2
16 18 4 3
16 19 2 6
16 20 2 8
16 21 2 2
16 22 9 6
16 23 4 6
16 24 3 8
16 26 9 10
16 27 2 9
16 28 3 6
16 29 6 6
16 30 8 4
16 31 3 1
16 32 2 10
16 34 8 1
16 35 2 9
16 37 1 2
16 39 3 3
16 40 2 10
16 42 3 5
16 43 5 8
16 45 10 1
16 47 5 9
16 48 5 8
16 49 5 5
16 50 3 10
16 51 3 4
16 52 1 7
16 53 4 1
16 54 6 7
16 57 10 3
16 58 5 9
16 60 9 10
16 61 3 6
16 62 10 6
16 63 4 9
16 64 9 4
16 65 9 4
16 66 9 5
16 68 2 1
16 70 6 3
16 71 5 4
16 72 9 8
16 73 7 7
16 74 10 5
16 75 4 2
16 76 4 4
16 77 4 5
16 78 1 2
16 79 10 1
16 80 3 3
16 81 1 9
16 82 3 7
16 83 10 10
16 84 6 3
16 85 6 1
16 86 1 8
16 87 6 9
16 88 6 4
16 89 8 6
16 91 3 9
16 92 10 10
16 93 6 10
16 95 8 9
16 97 7 4
16 98 9 8
16 99 5 10
16 100 5 6
17 18 8 10
17 19 10 2
17 20 2 10
17 21 8 4
17 22 8 10
17 23 10 7
17 24 3 4
17 25 7 5
17 26 8 6
17 27 2 9
17 29 1 1
17 33 8 3
17 34 3 7
17 35 6 8
17 36 8 9
17 37 7 3
17 38 10 4
17 39 6 6
17 40 9 8
17 41 9 3
17 42 4 9
17 44 4 7
17 45 9 2
17 46 1 5
17 47 5 2
17 48 1 10
17 49 10 4
17 50 1 1
17 51 4 6
17 53 5 2
17 56 7 3
17 57 10 4
17 58 8 8
17 59 2 8
17 60 3 9
17 61 9 10
17 62 9 6
17 63 7 3
17 66 3 10
17 67 1 8
17 68 10 9
17 69 3 1
17 70 2 6
17 71 7 3
17 72 6 8
17 73 4 9
17 74 8 1
17 75 7 4
17 76 3 8
17 77 4 2
17 78 3 3
17 79 9 1
17 80 1 6
17 81 8 5
17 84 8 5
17 85 8 6
17 86 2 10
17 87 10 7
17 88 6 2
17 89 5 4
17 90 7 8
17 91 10 10
17 92 10 3
17 94 10 4
17 95 5 10
17 96 7 7
17 97 1 5
17 98 3 4
17 100 10 4
18 20 8 3
18 21 4 5
18 22 2 7
18 23 1 1
18 24 4 6
18 25 1 1
18 26 4 6
18 27 9 9
18 28 1 4
18 29 3 10
18 30 2 7
18 31 6 9
18 32 2 4
18 33 2 5
18 34 5 8
18 35 5 10
18 36 7 2
18 37 6 3
18 38 6 1
18 39 8 6
18 40 4 8
18 41 9 5
18 42 1 3
18 43 4 7
18 44 4 3
18 45 6 8
18 46 9 5
18 47 2 6
18 48 2 9
18 49 4 6
18 50 6 6
18 52 6 7
18 53 5 1
18 54 3 9
18 56 10 2
18 59 3 7
18 60 10 5
18 61 5 10
18 62 5 5
18 63 2 7
18 64 9 3
18 65 6 6
18 67 3 6
18 68 9 1
18 69 9 3
18 70 4 8
18 71 2 7
18 72 1 4
18 73 2 8
18 74 10 4
18 75 5 5
18 77 3 2
18 78 5 4
18 79 4 3
18 80 7 9
18 81 6 7
18 84 4 9
18 85 7 7
18 86 8 1
18 87 10 6
18 89 2 2
18 90 2 3
18 91 9 2
18 92 5 4
18 93 9 6
18 94 10 8
18 95 8 6
18 96 8 2
18 97 1 10
18 98 2 1
18 99 10 9
18 100 2 7
19 20 9 2
19 21 5 6
19 22 1 8
19 23 9 3
19 26 10 7
19 28 2 4
19 29 3 10
19 30 8 1
19 31 6 8
19 32 4 5
19 33 7 5
19 36 10 2
19 37 5 9
19 38 4 8
19 39 7 9
19 41 7 6
19 42 1 2
19 43 8 6
19 44 4 3
19 45 1 4
19 46 10 10
19 47 4 9
19 48 1 6
19 49 4 2
19 50 8 2
19 52 10 3
19 53 5 3
19 54 5 6
19 55 6 7
19 56 3 1
19 57 5 9
19 58 9 3
19 59 6 9
19 61 8 10
19 62 4 3
19 63 9 5
19 66 6 10
19 67 4 9
19 68 6 3
19 69 8 5
19 70 10 1
19 73 5 4
19 74 8 5
19 75 3 4
19 76 8 8
19 77 10 9
19 78 10 1
19 79 6 1
19 80 2 3
19 82 2 8
19 83 8 8
19 84 6 5
19 85 4 5
19 88 7 7
19 90 8 3
19 92 1 1
19 93 2 5
19 94 10 4
19 95 8 5
19 97 8 8
19 98 10 7
20 22 1 2
20 23 9 6
20 25 4 9
20 26 1 2
20 27 6 10
20 28 2 8
20 29 7 4
20 30 3 2
20 32 2 7
20 33 1 5
20 34 7 9
20 35 1 5
20 36 3 5
20 37 5 8
20 39 6 5
20 40 5 5
20 41 1 2
20 42 3 6
20 44 2 2
20 45 5 9
20 46 3 10
20 47 7 5
20 48 7 10
20 49 5 1
20 51 4 10
20 55 8 3
20 56 2 10
20 59 7 3
20 60 9 1
20 61 4 10
20 62 5 5
20 64 4 1
20 65 4 10
20 66 4 7
20 67 10 7
20 68 3 7
20 70 1 5
20 71 2 8
20 75 10 10
20 76 5 3
20 77 2 8
20 78 2 7
20 79 3 8
20 80 8 1
20 82 1 9
20 84 6 2
20 86 7 10
20 87 2 7
20 89 1 7
20 90 2 5
20 92 7 2
20 93 7 1
20 94 7 2
20 95 9 8
20 96 1 8
20 98 9 4
20 99 1 10
20 100 3 3
21 22 5 9
21 23 6 9
21 24 3 10
21 25 7 2
21 26 2 10
21 27 6 4
21 28 2 1
21 30 7 2
21 31 9 7
21 32 2 2
21 33 5 3
21 34 6 4
21 39 5 7
21 40 4 10
21 42 6 6
21 43 10 10
21 44 1 10
21 46 8 1
21 47 7 10
21 48 3 8
21 49 7 4
21 50 5 2
21 51 9 2
21 52 8 10
21 53 5 5
21 54 3 1
21 55 4 10
21 57 1 2
21 58 9 5
21 59 9 7
21 60 4 3
21 61 2 4
21 63 2 7
21 64 4 7
21 66 2 6
21 68 3 2
21 69 7 5
21 71 10 7
21 72 3 10
21 73 4 6
21 74 2 8
21 75 3 2
21 76 2 7
21 77 5 10
21 78 5 7
21 79 7 7
21 81 6 8
21 82 7 4
21 83 7 4
21 84 9 9
21 85 6 3
21 86 9 9
21 88 9 10
21 89 2 3
21 91 10 7
21 92 10 1
21 93 7 9
21 94 6 10
21 95 6 7
21 97 7 2
21 98 6 3
21 99 1 9
21 100 7 9
22 23 8 4
22 24 1 7
22 25 10 10
22 26 10 7
22 27 2 8
22 28 6 1
22 29 10 1
22 30 4 5
22 31 8 2
22 32 7 6
22 33 6 5
22 34 8 7
22 35 7 7
22 36 1 7
22 37 1 6
22 38 2 4
22 39 2 2
22 41 2 8
22 42 7 4
22 43 1 4
22 44 2 8
22 45 8 3
22 47 3 3
22 48 7 5
22 50 8 6
22 51 4 4
22 52 3 1
22 53 8 6
22 54 7 2
22 56 2 1
22 58 2 6
22 59 1 6
22 60 8 2
22 62 5 9
22 63 3 1
22 64 9 9
22 67 2 3
22 69 2 7
22 70 3 4
22 71 7 5
22 72 6 7
22 73 5 1
22 74 9 7
22 75 8 1
22 77 4 6
22 78 2 6
22 79 5 8
22 80 4 6
22 81 1 4
22 83 9 9
22 84 6 3
22 85 7 3
22 86 7 8
22 89 4 1
22 92 3 7
22 93 1 9
22 94 8 10
22 95 3 1
22 97 7 5
22 100 10 8
23 24 7 6
23 25 7 7
23 26 5 9
23 27 6 1
23 28 1 8
23 29 4 1
23 30 8 10
23 31 6 5
23 32 5 8
23 34 2 8
23 35 4 10
23 36 8 3
23 37 5 4
23 41 9 5
23 42 10 9
23 43 6 1
23 45 5 1
23 46 8 8
23 47 4 1
23 48 2 2
23 49 1 3
23 50 8 5
23 51 9 10
23 52 6 10
23 53 3 9
23 54 8 5
23 55 7 8
23 56 5 3
23 57 5 9
23 58 9 2
23 59 7 7
23 60 8 8
23 61 5 6
23 62 5 9
23 63 7 10
23 64 5 9
23 65 9 8
23 67 1 3
23 68 4 4
23 70 1 7
23 71 9 6
23 73 6 2
23 74 1 9
23 76 9 3
23 77 9 7
23 79 9 3
23 80 8 4
23 81 2 1
23 82 1 8
23 84 4 6
23 86 7 2
23 87 2 8
23 88 6 3
23 89 4 10
23 90 7 9
23 91 1 3
23 92 3 4
23 93 7 8
23 94 8 3
23 95 6 10
23 96 6 4
23 97 10 4
23 98 4 8
23 99 7 5
23 100 6 4
24 25 6 5
24 26 8 5
24 27 9 4
24 30 8 10
24 31 8 1
24 32 8 4
24 34 3 7
24 35 3 1
24 36 9 4
24 37 6 8
24 38 7 8
24 39 5 3
24 40 3 5
24 41 9 6
24 42 10 8
24 43 8 3
24 44 1 3
24 45 1 1
24 46 9 5
24 47 5 7
24 48 1 3
24 50 5 9
24 51 6 6
24 52 6 7
24 53 1 4
24 54 9 1
24 55 10 5
24 56 8 4
24 57 8 3
24 59 9 5
24 60 4 10
24 61 9 4
24 62 1 8
24 63 5 2
24 64 2 10
24 65 1 8
24 66 4 6
24 68 4 7
24 69 10 3
24 70 2 8
24 71 1 8
24 72 2 6
24 73 8 5
24 75 1 2
24 77 5 2
24 78 10 4
24 79 2 4
24 80 8 8
24 81 6 7
24 82 2 6
24 84 6 3
24 86 3 1
24 89 8 8
24 90 5 10
24 92 3 5
24 93 1 4
24 95 3 9
24 96 10 6
24 99 5 10
24 100 2 5
25 27 3 5
25 28 10 9
25 29 10 5
25 30 5 7
25 32 6 6
25 33 6 4
25 34 8 4
25 35 9 7
25 36 10 8
25 39 6 9
25 41 8 9
25 42 6 9
25 43 6 2
25 44 4 6
25 45 7 9
25 47 6 10
25 48 8 8
25 49 7 2
25 50 2 8
25 51 4 5
25 52 2 7
25 54 7 2
25 55 10 4
25 56 5 9
25 57 10 2
25 58 5 5
25 61 3 8
25 62 6 7
25 63 3 3
25 64 9 8
25 65 9 3
25 66 4 6
25 67 8 7
25 68 10 8
25 69 1 5
25 72 1 10
25 73 1 4
25 74 2 2
25 75 10 5
25 76 5 9
25 78 10 9
25 79 6 5
25 80 3 6
25 81 3 7
25 84 7 5
25 87 8 10
25 88 5 4
25 89 8 10
25 90 9 8
25 91 1 8
25 92 6 2
25 93 8 2
25 94 8 7
25 95 9 2
25 96 8 5
25 97 2 10
25 98 6 3
25 100 3 3
26 27 1 10
26 28 1 3
26 29 8 4
26 30 8 7
26 31 10 3
26 32 9 3
26 33 1 10
26 34 2 10
26 36 6 2
26 37 6 1
26 38 5 1
26 41 6 5
26 42 4 2
26 43 7 3
26 45 3 5
26 46 2 8
26 48 8 6
26 49 10 1
26 50 6 5
26 51 8 2
26 52 7 8
26 53 6 1
26 54 3 4
26 55 2 7
26 57 8 1
26 58 2 3
26 61 3 1
26 63 9 4
26 64 8 7
26 65 8 9
26 66 1 3
26 67 8 8
26 68 10 1
26 69 8 9
26 70 6 5
26 71 1 8
26 73 2 4
26 74 2 10
26 76 7 8
26 77 4 2
26 79 2 1
26 80 3 10
26 81 5 10
26 82 9 9
26 84 3 4
26 85 8 4
26 86 2 1
26 87 10 9
26 88 2 1
26 89 5 8
26 90 7 1
26 91 1 10
26 92 9 2
26 94 7 4
26 95 9 7
26 96 1 2
26 97 3 10
26 98 8 1
26 99 1 6
26 100 1 7
27 28 4 1
27 29 2 5
27 30 6 7
27 31 8 2
27 32 6 4
27 39 8 4
27 40 2 2
27 41 5 5
27 43 8 7
27 44 3 6
27 45 2 2
27 46 5 10
27 47 2 8
27 49 2 3
27 50 4 7
27 52 3 10
27 53 4 9
27 54 6 1
27 55 9 2
27 56 4 9
27 57 8 3
27 58 10 8
27 59 2 4
27 60 3 6
27 61 5 3
27 62 6 1
27 63 5 10
27 64 9 3
27 65 5 1
27 66 1 1
27 67 7 5
27 68 10 3
27 69 1 9
27 71 9 5
27 72 10 5
27 73 9 7
27 75 9 2
27 76 4 3
27 77 7 1
27 78 7 1
27 79 6 4
27 80 4 1
27 81 3 4
27 82 5 6
27 83 4 4
27 84 3 2
27 85 10 9
27 86 5 10
27 88 7 8
27 90 1 3
27 91 2 4
27 92 1 7
27 95 8 4
27 96 3 6
27 97 9 3
27 98 2 2
27 99 8 3
27 100 4 4
28 29 1 1
28 30 7 8
28 31 5 2
28 32 3 4
28 33 2 6
28 34 7 5
28 35 7 4
28 36 10 10
28 37 2 10
28 38 4 9
28 39 1 1
28 40 1 2
28 41 6 1
28 42 3 4
28 43 1 3
28 44 9 10
28 45 3 6
28 46 3 4
28 48 1 1
28 49 9 3
28 50 9 5
28 52 10 5
28 53 1 2
28 54 2 7
28 57 2 6
28 59 1 9
28 60 8 1
28 61 9 2
28 62 6 8
28 63 3 3
28 64 2 10
28 66 2 1
28 67 5 10
28 69 7 10
28 70 3 9
28 71 1 2
28 72 10 7
28 73 8 2
28 74 4 10
28 75 4 10
28 76 9 4
28 77 3 5
28 78 5 8
28 79 4 3
28 80 8 4
28 81 4 5
28 82 7 5
28 84 5 3
28 85 10 7
28 87 9 5
28 88 1 10
28 89 10 7
28 90 10 1
28 92 9 1
28 93 2 10
28 94 3 5
28 95 3 4
28 96 10 10
28 97 6 6
28 99 6 9
28 100 6 8
29 30 5 7
29 31 8 7
29 33 1 9
29 34 1 9
29 35 3 1
29 36 9 4
29 39 4 8
29 40 10 7
29 42 4 10
29 43 4 9
29 44 1 7
29 45 7 2
29 46 1 3
29 49 7 2
29 51 6 10
29 53 7 9
29 54 3 3
29 55 7 3
29 56 5 1
29 57 6 6
29 58 10 5
29 60 4 3
29 61 7 7
29 62 2 2
29 63 6 1
29 64 5 1
29 66 10 2
29 67 8 9
29 68 7 1
29 69 6 10
29 71 10 9
29 72 10 3
29 73 9 7
29 74 2 8
29 76 4 4
29 78 3 8
29 79 6 3
29 80 5 4
29 82 1 2
29 84 2 10
29 85 6 8
29 86 4 9
29 89 7 2
29 90 8 10
29 91 6 3
29 92 4 1
29 94 3 7
29 95 5 6
29 96 5 2
29 97 6 10
29 98 1 3
29 99 3 7
29 100 8 9
30 31 6 10
30 32 1 7
30 33 7 6
30 34 2 9
30 35 5 1
30 36 8 7
30 37 9 3
30 38 4 5
30 40 10 4
30 41 6 2
30 42 1 3
30 43 6 8
30 45 2 9
30 46 2 8
30 47 5 9
30 48 3 4
30 51 5 6
30 52 2 6
30 53 10 1
30 56 8 8
30 57 3 5
30 58 4 6
30 59 5 9
30 60 2 1
30 62 3 10
30 64 1 9
30 66 1 5
30 67 2 4
30 68 3 7
30 69 3 4
30 70 9 3
30 71 9 10
30 72 9 10
30 73 3 6
30 74 4 1
30 75 9 1
30 76 8 5
30 78 7 7
30 79 5 9
30 80 4 1
30 81 1 7
30 83 5 3
30 84 4 5
30 86 9 5
30 87 7 4
30 88 8 9
30 89 4 8
30 90 4 2
30 91 3 10
30 92 3 7
30 93 6 4
30 94 7 9
30 95 3 8
30 96 9 3
30 98 7 1
30 99 5 9
31 32 7 9
31 33 7 4
31 34 7 6
31 36 3 4
31 37 2 8
31 38 9 1
31 39 1 8
31 40 10 5
31 41 4 9
31 42 1 8
31 43 6 1
31 45 2 9
31 46 3 5
31 47 4 5
31 48 1 2
31 49 5 9
31 51 5 2
31 52 6 3
31 53 1 4
31 55 5 3
31 57 7 9
31 58 1 9
31 59 5 7
31 60 2 7
31 61 9 8
31 62 3 1
31 63 8 4
31 64 2 9
31 65 4 9
31 66 9 2
31 67 2 2
31 68 2 2
31 69 5 4
31 70 1 4
31 71 4 10
31 73 9 1
31 75 3 2
31 76 10 5
31 77 8 5
31 78 7 10
31 79 8 6
31 80 4 2
31 81 6 5
31 82 9 1
31 83 4 9
31 84 8 6
31 85 4 1
31 86 7 1
31 87 5 1
31 88 5 7
31 89 8 3
31 90 2 4
31 91 2 5
31 92 1 6
31 93 9 5
31 94 9 2
31 95 7 8
31 96 9 7
31 97 3 10
31 98 9 6
31 99 10 4
32 34 6 2
32 36 9 5
32 37 6 10
32 38 7 5
32 39 5 7
32 40 3 2
32 41 7 6
32 42 10 1
32 43 1 6
32 45 10 6
32 46 6 6
32 47 5 9
32 48 6 6
32 49 10 10
32 51 4 7
32 52 3 6
32 53 2 8
32 54 9 2
32 55 2 5
32 56 1 10
32 57 10 2
32 58 2 5
32 59 8 5
32 60 1 2
32 61 6 7
32 62 6 9
32 63 1 1
32 64 5 9
32 65 8 7
32 66 9 1
32 67 10 3
32 68 1 3
32 69 8 5
32 70 2 2
32 72 6 7
32 73 7 4
32 75 5 4
32 77 6 4
32 78 10 10
32 80 4 5
32 81 6 8
32 82 2 4
32 83 6 3
32 84 1 8
32 87 1 3
32 89 5 9
32 91 2 4
32 93 9 10
32 94 7 10
32 95 6 5
32 96 4 8
32 97 1 7
32 99 3 6
32 100 2 3
33 34 5 10
33 35 2 7
33 36 9 3
33 38 7 4
33 40 4 2
33 41 10 4
33 43 10 1
33 44 5 9
33 45 1 7
33 46 8 10
33 49 2 5
33 50 5 2
33 51 6 1
33 52 1 1
33 54 5 3
33 55 7 2
33 56 2 6
33 57 1 2
33 58 8 2
33 59 9 10
33 60 10 8
33 61 1 4
33 62 8 7
33 63 5 1
33 64 6 10
33 65 3 10
33 66 9 8
33 67 7 4
33 69 7 1
33 70 10 1
33 72 2 8
33 73 4 1
33 74 5 7
33 75 10 9
33 76 2 8
33 77 8 6
33 78 4 6
33 79 9 9
33 80 3 10
33 81 4 1
33 82 10 8
33 83 6 9
33 84 9 5
33 86 1 9
33 87 5 5
33 88 8 4
33 89 10 2
33 90 8 3
33 92 5 5
33 93 7 5
33 95 2 10
33 98 4 1
33 99 6 8
33 100 8 4
34 35 3 1
34 36 9 6
34 37 5 8
34 39 10 5
34 40 7 1
34 41 5 5
34 43 7 4
34 44 3 4
34 45 5 7
34 46 7 10
34 48 8 7
34 49 3 1
34 50 5 6
34 51 9 6
34 52 3 1
34 53 5 6
34 54 10 4
34 55 9 5
34 56 8 8
34 57 6 1
34 58 9 8
34 60 1 9
34 61 2 6
34 62 10 1
34 63 4 2
34 64 2 6
34 65 3 9
34 66 6 7
34 68 5 7
34 70 5 7
34 71 9 3
34 72 7 2
34 73 3 7
34 74 6 10
34 76 9 2
34 77 4 4
34 78 1 4
34 80 5 2
34 81 10 3
34 82 1 8
34 85 10 8
34 86 3 2
34 87 6 9
34 88 8 2
34 90 6 6
34 91 1 7
34 94 2 1
34 95 5 1
34 96 6 3
34 99 2 6
34 100 9 6
35 36 2 4
35 37 10 5
35 38 7 7
35 39 10 3
35 40 6 7
35 41 8 7
35 42 8 8
35 43 1 6
35 45 1 7
35 46 7 6
35 49 10 4
35 51 3 7
35 53 9 4
35 57 6 5
35 58 9 6
35 59 7 8
35 60 3 5
35 61 10 1
35 62 4 4
35 63 4 9
35 64 6 2
35 65 5 4
35 66 1 3
35 67 10 2
35 69 9 8
35 70 9 3
35 71 10 7
35 72 5 10
35 73 6 3
35 74 3 2
35 75 6 4
35 76 10 5
35 77 9 2
35 78 10 10
35 79 6 3
35 80 4 2
35 81 1 3
35 82 2 9
35 83 8 6
35 84 1 9
35 85 3 3
35 86 3 6
35 87 9 10
35 88 7 7
35 91 7 4
35 92 6 7
35 93 10 8
35 95 3 3
35 96 8 9
35 97 10 6
35 98 4 3
35 99 7 10
35 100 9 10
36 37 2 9
36 38 1 2
36 39 1 10
36 40 9 1
36 41 3 7
36 43 6 9
36 44 6 7
36 46 4 5
36 47 2 7
36 48 3 5
36 49 6 10
36 50 2 8
36 51 9 3
36 52 2 5
36 53 3 2
36 54 1 7
36 55 9 8
36 56 10 4
36 57 8 1
36 59 4 7
36 60 8 6
36 61 9 6
36 62 9 6
36 63 4 2
36 64 3 8
36 67 3 10
36 69 7 6
36 71 1 1
36 73 1 9
36 74 1 10
36 75 8 7
36 77 9 8
36 78 2 5
36 79 1 10
36 80 9 9
36 81 10 5
36 83 10 1
36 85 7 8
36 86 3 9
36 87 8 7
36 88 8 9
36 89 3 5
36 90 5 10
36 91 8 3
36 92 6 7
36 93 9 9
36 94 9 10
36 95 2 5
36 97 5 10
36 98 10 7
36 99 5 6
36 100 5 8
37 38 8 7
37 39 9 3
37 41 1 8
37 44 7 1
37 45 2 6
37 46 10 3
37 47 2 8
37 48 10 4
37 49 6 7
37 50 3 2
37 53 3 7
37 54 8 10
37 55 10 1
37 56 2 3
37 57 8 4
37 58 8 4
37 59 6 9
37 60 4 10
37 63 2 4
37 64 4 2
37 65 1 2
37 66 2 2
37 67 7 9
37 69 4 2
37 70 5 9
37 71 9 3
37 72 8 3
37 75 4 9
37 76 5 6
37 78 4 6
37 79 1 7
37 80 9 9
37 81 10 7
37 82 10 2
37 83 8 7
37 84 7 5
37 85 7 9
37 86 3 7
37 87 7 8
37 88 1 9
37 89 9 8
37 90 9 1
37 91 9 10
37 92 5 1
37 93 5 6
37 94 6 2
37 95 4 2
37 96 2 3
37 97 5 2
37 98 10 3
37 100 4 6
38 39 9 2
38 41 6 7
38 43 3 1
38 44 6 3
38 45 7 1
38 47 6 7
38 48 1 8
38 49 3 2
38 50 10 10
38 51 5 5
38 52 10 4
38 53 6 7
38 54 2 7
38 55 2 9
38 56 7 1
38 57 10 3
38 59 4 1
38 60 10 9
38 61 6 6
38 62 5 1
38 63 1 9
38 64 7 1
38 65 8 7
38 68 8 9
38 69 4 5
38 70 1 8
38 71 5 3
38 72 6 5
38 73 3 5
38 74 10 1
38 75 5 5
38 76 7 9
38 77 2 1
38 78 6 9
38 79 6 8
38 83 6 3
38 84 3 5
38 85 6 10
38 86 6 3
38 88 4 2
38 90 8 3
38 91 8 2
38 92 7 9
38 93 6 2
38 94 1 9
38 95 7 10
38 96 8 6
38 98 2 5
38 99 1 4
39 40 7 4
39 41 9 9
39 44 10 5
39 45 3 1
39 46 5 1
39 47 3 6
39 48 2 8
39 50 4 3
39 51 4 5
39 52 10 4
39 53 1 10
39 54 10 1
39 55 6 9
39 56 3 6
39 57 10 7
39 59 2 8
39 60 2 3
39 62 1 7
39 64 3 8
39 65 6 9
39 66 10 1
39 67 6 9
39 68 2 3
39 70 6 1
39 71 4 3
39 72 6 4
39 73 6 5
39 74 2 3
39 75 9 5
39 76 4 2
39 77 6 4
39 78 8 6
39 79 3 10
39 81 2 6
39 82 4 3
39 83 10 10
39 84 3 6
39 85 1 2
39 86 9 5
39 87 4 9
39 91 3 4
39 92 2 3
39 94 4 2
39 95 9 7
39 97 9 1
39 99 6 10
40 42 8 8
40 43 10 8
40 44 7 7
40 45 8 4
40 47 3 6
40 48 9 4
40 49 1 2
40 51 7 9
40 52 8 8
40 53 10 3
40 54 10 3
40 55 4 5
40 58 7 1
40 60 3 3
40 61 8 8
40 62 1 9
40 64 7 3
40 65 8 3
40 66 9 5
40 67 7 3
40 68 7 6
40 70 1 8
40 71 2 3
40 72 6 1
40 73 4 9
40 74 1 10
40 75 2 1
40 79 3 4
40 80 5 8
40 81 1 4
40 82 3 6
40 83 3 8
40 84 2 2
40 85 2 9
40 86 7 9
40 87 3 4
40 88 10 3
40 89 4 10
40 90 7 4
40 91 8 8
40 92 3 9
40 93 8 10
40 94 1 6
40 95 5 6
40 96 6 7
40 97 2 5
41 43 7 10
41 44 2 5
41 45 8 2
41 46 1 6
41 47 8 7
41 48 2 9
41 49 1 5
41 54 4 4
41 56 2 9
41 59 1 9
41 61 6 8
41 63 1 10
41 64 5 5
41 65 3 3
41 66 1 8
41 68 6 2
41 69 10 10
41 70 6 5
41 72 2 3
41 75 2 8
41 78 1 3
41 79 5 4
41 80 6 6
41 81 8 2
41 82 6 1
41 83 4 8
41 84 8 8
41 85 1 4
41 86 1 1
41 87 3 8
41 88 3 4
41 89 3 2
41 90 7 7
41 91 10 5
41 92 8 1
41 93 3 10
41 95 5 4
41 96 3 4
41 97 10 8
41 98 9 4
41 99 9 3
41 100 4 3
42 44 7 7
42 45 1 4
42 46 6 3
42 47 8 1
42 49 7 10
42 51 6 4
42 53 9 1
42 54 10 2
42 55 4 2
42 56 2 9
42 57 10 7
42 58 1 1
42 60 1 6
42 61 8 6
42 62 2 4
42 63 6 1
42 64 9 2
42 65 4 4
42 66 3 2
42 67 9 2
42 68 1 7
42 70 9 5
42 71 3 1
42 72 9 2
42 73 10 8
42 74 3 5
42 75 4 6
42 76 8 10
42 77 8 8
42 78 8 1
42 79 9 9
42 80 6 3
42 81 6 2
42 83 10 5
42 84 4 7
42 85 6 8
42 86 10 2
42 89 6 7
42 90 2 6
42 91 3 6
42 92 1 1
42 95 7 1
42 96 6 3
42 97 10 8
42 100 7 1
43 45 7 3
43 46 2 7
43 47 1 3
43 48 9 10
43 49 10 1
43 50 10 7
43 51 1 5
43 52 6 5
43 53 6 3
43 54 3 10
43 56 6 7
43 57 6 6
43 58 8 5
43 59 2 4
43 60 2 8
43 61 5 3
43 62 7 9
43 63 7 2
43 64 10 8
43 65 3 4
43 66 6 4
43 67 7 6
43 68 4 3
43 69 7 7
43 71 8 5
43 72 4 5
43 73 2 7
43 74 6 3
43 75 3 6
43 76 6 3
43 77 9 1
43 78 6 3
43 79 6 7
43 80 6 7
43 81 6 5
43 82 9 1
43 83 10 3
43 84 6 9
43 85 1 2
43 87 10 4
43 88 9 8
43 89 9 8
43 91 5 7
43 92 3 1
43 94 7 3
43 96 1 6
43 97 10 9
43 98 10 5
43 99 10 1
43 100 5 8
44 45 10 10
44 46 9 9
44 47 8 1
44 48 4 9
44 49 4 10
44 50 5 5
44 51 3 4
44 52 9 9
44 53 10 5
44 55 6 8
44 56 10 8
44 57 10 4
44 58 8 2
44 59 4 10
44 60 8 3
44 61 5 4
44 62 1 10
44 63 7 7
44 64 9 2
44 66 2 6
44 67 5 6
44 69 4 2
44 71 1 6
44 72 6 7
44 73 9 9
44 74 6 8
44 75 7 3
44 76 4 3
44 77 2 2
44 78 5 5
44 80 3 9
44 81 7 6
44 82 3 2
44 83 8 10
44 84 8 4
44 85 7 4
44 88 1 9
44 89 7 9
44 90 9 1
44 91 9 4
44 92 10 5
44 93 10 3
44 94 1 5
44 95 6 9
44 96 3 10
44 97 4 2
44 98 2 9
44 99 7 3
44 100 9 10
45 46 7 5
45 48 6 6
45 49 8 7
45 50 1 1
45 52 5 9
45 54 5 1
45 55 2 6
45 57 2 2
45 59 9 4
45 60 5 8
45 61 2 3
45 63 1 9
45 65 5 4
45 66 1 4
45 67 8 2
45 70 2 5
45 71 1 9
45 72 8 4
45 73 4 3
45 74 4 8
45 77 7 9
45 78 5 9
45 82 5 2
45 83 2 2
45 84 3 8
45 85 10 1
45 86 5 1
45 88 3 6
45 89 9 5
45 90 2 8
45 92 3 3
45 93 2 9
45 96 1 4
45 97 8 8
45 98 5 8
45 99 7 2
45 100 7 5
46 47 2 5
46 48 4 5
46 49 7 8
46 50 6 3
46 51 10 7
46 52 4 1
46 53 7 4
46 54 5 3
46 55 5 4
46 56 9 5
46 57 10 8
46 59 3 10
46 60 3 5
46 61 7 7
46 63 1 5
46 64 4 1
46 65 1 7
46 66 4 4
46 67 4 3
46 68 7 2
46 69 10 2
46 70 6 4
46 71 3 4
46 72 8 7
46 74 9 4
46 76 6 3
46 77 9 7
46 79 7 10
46 80 7 3
46 82 3 9
46 84 1 6
46 85 10 6
46 86 9 9
46 87 7 8
46 88 9 4
46 89 6 6
46 90 3 2
46 91 9 2
46 93 10 4
46 94 6 9
46 95 6 10
46 97 10 9
46 99 5 1
46 100 7 10
47 48 5 2
47 49 10 5
47 51 5 8
47 52 7 10
47 53 2 10
47 54 2 8
47 55 5 3
47 56 2 7
47 57 4 10
47 58 9 10
47 59 10 4
47 61 5 9
47 62 9 2
47 63 6 7
47 64 7 3
47 65 3 10
47 69 10 5
47 70 6 4
47 71 5 4
47 72 6 4
47 73 10 9
47 74 2 4
47 75 4 6
47 76 7 7
47 77 1 7
47 78 4 4
47 79 1 5
47 80 3 10
47 81 8 2
47 82 8 6
47 83 1 2
47 84 8 4
47 87 9 6
47 88 10 7
47 89 3 9
47 91 5 8
47 92 3 8
47 93 5 10
47 94 5 2
47 95 2 7
47 96 1 1
47 98 3 3
47 99 4 3
48 49 10 1
48 50 10 3
48 51 10 8
48 52 6 4
48 53 10 5
48 54 5 9
48 55 8 2
48 56 10 9
48 57 2 8
48 58 7 9
48 59 10 3
48 61 9 10
48 63 4 8
48 65 8 4
48 66 10 9
48 68 2 6
48 69 6 5
48 70 6 6
48 71 6 1
48 72 4 2
48 74 7 8
48 76 10 7
48 77 3 6
48 78 8 2
48 79 2 5
48 82 10 10
48 83 4 3
48 84 10 6
48 85 8 6
48 86 8 5
48 88 8 2
48 90 4 7
48 91 6 2
48 93 6 8
48 94 2 7
48 98 2 6
48 99 7 6
48 100 1 1
49 50 1 6
49 51 6 4
49 52 4 3
49 53 6 4
49 54 1 3
49 55 3 9
49 56 5 5
49 57 3 7
49 58 6 6
49 59 8 7
49 60 9 3
49 61 8 3
49 62 10 2
49 64 2 4
49 65 8 1
49 66 9 7
49 69 10 10
49 71 10 10
49 72 9 5
49 73 10 10
49 75 7 1
49 76 8 1
49 78 2 5
49 79 1 9
49 82 1 6
49 84 8 6
49 85 9 10
49 86 7 5
49 87 1 4
49 88 1 4
49 89 1 2
49 90 1 2
49 91 1 3
49 92 2 10
49 93 1 9
49 95 6 4
49 96 10 4
49 97 3 7
49 98 9 2
49 99 3 7
49 100 2 3
50 51 7 6
50 52 2 7
50 53 2 9
50 54 10 5
50 55 7 2
50 56 6 6
50 57 10 4
50 58 3 6
50 59 1 2
50 60 9 3
50 61 9 2
50 62 6 8
50 63 5 8
50 65 7 8
50 68 9 2
50 69 7 1
50 70 7 7
50 72 5 1
50 73 6 2
50 74 5 5
50 75 2 8
50 76 4 6
50 77 8 9
50 78 5 8
50 81 1 10
50 83 1 8
50 84 5 3
50 85 9 7
50 87 1 3
50 88 2 4
50 89 10 10
50 90 6 2
50 91 5 4
50 92 4 8
50 93 2 2
50 94 6 5
50 95 8 8
50 96 8 5
50 98 9 7
50 99 10 6
50 100 9 2
51 52 10 3
51 54 2 8
51 55 8 5
51 56 9 8
51 57 5 1
51 59 7 1
51 60 3 10
51 61 1 6
51 63 7 8
51 64 1 7
51 67 9 10
51 69 4 7
51 71 7 4
51 72 5 10
51 74 10 4
51 76 9 7
51 77 7 1
51 79 10 7
51 80 9 9
51 81 6 3
51 82 4 3
51 83 6 6
51 84 9 1
51 85 3 6
51 86 6 1
51 87 10 10
51 88 3 7
51 89 6 8
51 92 8 3
51 93 8 8
51 94 2 7
51 95 10 3
51 96 10 5
51 97 1 2
51 98 6 9
51 99 10 8
51 100 2 9
52 53 6 10
52 54 2 2
52 56 2 1
52 57 6 3
52 58 2 6
52 59 5 6
52 60 4 5
52 61 10 8
52 62 3 8
52 64 8 3
52 65 3 2
52 66 7 4
52 67 2 10
52 68 5 6
52 69 6 2
52 70 6 7
52 71 4 9
52 72 1 9
52 73 8 3
52 74 2 8
52 76 1 2
52 79 8 6
52 80 7 3
52 81 9 9
52 82 4 7
52 83 1 10
52 84 4 2
52 85 3 1
52 86 6 7
52 87 9 10
52 88 10 10
52 89 3 10
52 90 6 9
52 92 1 3
52 93 9 9
52 94 7 5
52 95 2 8
52 97 10 3
52 98 1 9
53 54 3 10
53 56 10 6
53 57 6 5
53 58 9 7
53 59 2 4
53 60 7 7
53 61 6 4
53 63 8 8
53 64 10 6
53 65 3 5
53 66 5 9
53 67 7 4
53 68 2 9
53 69 3 6
53 72 10 6
53 73 8 9
53 74 4 9
53 75 3 6
53 77 4 5
53 78 2 5
53 79 3 2
53 80 2 6
53 82 6 1
53 84 10 8
53 85 8 7
53 87 8 7
53 88 4 8
53 89 6 9
53 90 6 3
53 91 8 1
53 94 9 8
53 95 3 3
53 97 1 7
53 98 3 10
53 99 6 4
53 100 7 5
54 55 10 10
54 56 3 8
54 57 4 4
54 58 1 9
54 60 3 10
54 61 3 9
54 62 6 7
54 63 3 7
54 64 2 9
54 65 7 3
54 66 7 5
54 68 3 2
54 69 6 5
54 70 10 8
54 71 3 9
54 72 10 1
54 73 1 7
54 75 8 7
54 76 2 2
54 77 7 3
54 78 2 4
54 79 7 1
54 80 7 3
54 81 7 8
54 82 8 4
54 83 10 9
54 84 10 6
54 85 3 9
54 86 2 10
54 87 10 2
54 89 7 7
54 90 4 4
54 91 2 2
54 92 3 4
54 94 4 5
54 95 7 10
54 96 6 8
54 97 9 4
54 98 6 10
54 99 5 2
54 100 10 8
55 57 1 3
55 58 4 10
55 59 2 4
55 60 7 7
55 62 9 6
55 63 9 5
55 64 9 8
55 65 10 4
55 66 1 5
55 67 3 5
55 68 1 9
55 69 1 8
55 70 3 1
55 71 2 1
55 72 9 10
55 73 10 2
55 74 3 6
55 75 6 10
55 76 3 9
55 77 3 1
55 80 7 8
55 81 10 4
55 82 10 6
55 83 6 10
55 85 10 3
55 86 3 6
55 87 10 3
55 88 6 3
55 89 3 9
55 90 8 8
55 91 9 9
55 92 2 4
55 93 3 1
55 94 7 4
55 96 8 8
55 98 6 9
55 99 1 4
55 100 2 7
56 57 3 5
56 59 10 2
56 60 3 5
56 61 3 6
56 62 10 5
56 63 3 4
56 64 3 1
56 65 2 3
56 66 3 7
56 68 9 4
56 69 1 2
56 70 7 2
56 71 4 8
56 72 8 4
56 73 2 5
56 74 4 3
56 75 8 5
56 76 3 3
56 77 8 5
56 78 6 2
56 79 1 6
56 80 8 2
56 81 8 7
56 82 1 5
56 83 2 3
56 84 8 1
56 85 6 4
56 86 8 2
56 87 7 9
56 88 7 3
56 89 10 3
56 91 5 5
56 93 9 4
56 94 5 10
56 95 2 1
56 96 9 7
56 98 10 5
56 99 6 1
56 100 4 10
57 58 10 8
57 59 4 4
57 60 2 9
57 61 1 1
57 62 3 9
57 65 6 9
57 66 4 6
57 67 6 9
57 68 10 4
57 70 2 1
57 73 6 4
57 75 10 5
57 76 7 7
57 77 4 9
57 78 6 2
57 79 1 7
57 81 8 3
57 82 1 1
57 83 6 5
57 84 3 9
57 87 4 4
57 88 4 2
57 89 5 6
57 90 7 5
57 91 4 5
57 92 2 6
57 94 10 8
57 95 8 2
57 96 9 3
57 97 6 1
57 98 1 1
57 100 7 8
58 60 9 7
58 61 3 9
58 62 10 5
58 63 7 3
58 64 5 3
58 65 7 4
58 66 9 9
58 67 5 4
58 68 9 10
58 69 1 2
58 70 7 8
58 71 3 6
58 73 4 5
58 74 6 7
58 75 7 3
58 76 9 10
58 77 9 10
58 78 6 7
58 81 5 4
58 85 8 1
58 86 7 5
58 87 2 1
58 88 5 4
58 89 8 4
58 90 1 4
58 91 6 9
58 92 8 8
58 93 3 4
58 95 7 10
58 97 6 6
58 98 4 9
58 99 8 6
58 100 4 5
59 60 7 10
59 62 8 6
59 65 2 7
59 66 9 10
59 67 7 5
59 68 1 9
59 69 3 9
59 70 8 9
59 71 8 6
59 72 8 8
59 73 3 9
59 74 5 5
59 76 2 8
59 77 9 1
59 78 7 9
59 80 5 10
59 81 6 2
59 82 7 6
59 83 1 10
59 84 7 3
59 86 1 3
59 87 5 5
59 88 3 6
59 89 9 3
59 90 10 8
59 91 4 6
59 92 7 4
59 93 10 5
59 95 8 6
59 96 7 5
59 98 2 1
59 99 4 5
59 100 9 10
60 61 9 6
60 62 3 10
60 63 7 7
60 64 4 3
60 65 10 2
60 66 4 5
60 67 4 7
60 68 6 1
60 70 9 8
60 71 1 4
60 72 9 8
60 73 1 7
60 74 7 1
60 75 9 9
60 76 10 2
60 78 5 3
60 79 3 6
60 80 1 10
60 81 2 4
60 82 3 5
60 83 6 4
60 84 1 3
60 85 8 10
60 86 1 9
60 87 7 7
60 89 3 8
60 90 3 6
60 91 3 6
60 92 9 5
60 93 7 9
60 94 6 2
60 95 10 5
60 96 10 1
60 97 9 1
60 98 9 2
60 99 10 5
60 100 4 8
61 62 5 2
61 63 7 3
61 66 3 2
61 68 5 7
61 71 1 4
61 72 7 3
61 73 7 10
61 74 9 10
61 75 10 2
61 76 10 8
61 77 10 9
61 78 5 1
61 79 3 8
61 80 6 10
61 81 4 1
61 82 7 5
61 83 3 1
61 84 3 7
61 85 9 7
61 86 4 9
61 87 9 3
61 88 1 10
61 90 5 6
61 91 2 3
61 93 2 7
61 94 3 3
61 95 1 2
61 96 3 4
61 97 10 3
61 98 9 1
61 99 2 8
61 100 8 6
62 63 1 2
62 64 6 8
62 65 4 9
62 66 8 1
62 67 5 6
62 68 2 5
62 71 9 9
62 72 3 10
62 73 6 1
62 74 4 10
62 75 3 7
62 76 2 6
62 77 7 8
62 78 2 6
62 82 2 5
62 83 3 3
62 84 1 10
62 85 1 5
62 86 9 1
62 87 2 6
62 91 5 9
62 93 2 4
62 94 9 3
62 95 2 2
62 97 3 8
62 99 8 4
62 100 10 7
63 65 10 8
63 66 4 9
63 67 4 7
63 69 7 1
63 70 8 2
63 71 3 6
63 75 4 2
63 76 4 4
63 77 6 9
63 78 4 8
63 79 10 10
63 80 6 5
63 81 6 6
63 82 8 10
63 84 10 10
63 85 10 9
63 86 4 5
63 87 3 2
63 89 3 5
63 91 7 6
63 93 5 6
63 95 2 6
63 96 4 10
63 97 4 6
63 98 3 10
63 99 3 8
63 100 5 2
64 65 3 8
64 66 9 2
64 67 5 7
64 68 4 6
64 70 6 4
64 71 4 3
64 73 5 6
64 75 10 1
64 76 7 5
64 79 9 5
64 80 5 6
64 81 7 4
64 83 5 9
64 84 9 10
64 85 2 10
64 86 10 6
64 87 9 9
64 88 3 4
64 90 6 8
64 91 3 3
64 93 10 7
64 94 9 6
64 95 10 10
64 96 5 3
64 97 4 2
64 99 7 1
64 100 8 8
65 66 5 2
65 68 1 2
65 70 10 2
65 71 1 5
65 72 5 6
65 73 5 10
65 74 10 7
65 78 7 8
65 79 5 8
65 80 4 2
65 81 1 5
65 82 6 10
65 83 5 2
65 84 5 4
65 85 2 1
65 86 6 1
65 87 4 8
65 88 7 1
65 90 7 4
65 92 3 1
65 93 6 3
65 94 1 3
65 95 7 10
65 97 4 6
65 98 8 3
65 99 7 1
66 67 10 9
66 68 3 5
66 69 8 3
66 70 5 3
66 71 3 7
66 72 4 1
66 73 2 9
66 74 8 2
66 76 5 6
66 77 8 2
66 78 8 3
66 79 2 9
66 80 5 9
66 81 9 2
66 82 4 6
66 84 3 4
66 85 1 10
66 86 1 5
66 89 4 6
66 90 1 10
66 91 5 8
66 92 9 2
66 93 2 4
66 94 1 4
66 95 7 6
66 96 5 7
66 97 8 3
66 98 7 6
66 99 3 1
66 100 6 6
67 68 4 2
67 69 10 3
67 70 3 10
67 71 2 4
67 72 4 5
67 73 4 4
67 75 7 7
67 76 4 3
67 77 1 4
67 78 3 9
67 79 1 2
67 80 9 5
67 81 1 8
67 83 4 10
67 85 5 3
67 86 6 2
67 88 10 10
67 89 1 6
67 91 10 10
67 95 10 4
67 96 4 1
67 97 8 4
67 98 8 3
67 99 10 9
67 100 10 5
68 70 4 6
68 71 2 1
68 72 4 6
68 74 5 3
68 76 2 1
68 77 4 5
68 78 10 10
68 79 8 4
68 80 1 3
68 81 9 9
68 83 8 2
68 85 8 6
68 86 9 8
68 87 4 2
68 88 10 9
68 89 10 1
68 90 8 8
68 91 9 8
68 92 2 1
68 93 5 1
68 94 2 4
68 97 10 10
68 98 8 3
68 99 3 5
68 100 9 8
69 70 9 1
69 71 7 3
69 72 1 2
69 74 7 5
69 76 3 10
69 77 3 1
69 78 5 3
69 80 10 7
69 81 2 8
69 83 1 2
69 86 3 4
69 87 8 2
69 89 5 4
69 91 8 8
69 94 6 2
69 95 7 3
69 97 2 8
69 99 1 9
69 100 2 9
70 72 3 3
70 73 7 9
70 74 10 4
70 75 1 2
70 76 10 7
70 79 10 1
70 80 1 9
70 82 6 9
70 84 4 7
70 85 5 1
70 86 7 6
70 87 1 4
70 88 10 10
70 89 1 3
70 91 7 8
70 92 9 8
70 94 7 2
70 95 6 7
70 96 9 7
70 97 10 7
70 98 1 6
70 99 6 2
70 100 6 9
71 72 2 2
71 73 10 3
71 74 5 10
71 75 7 7
71 76 6 1
71 77 5 7
71 78 6 2
71 79 3 7
71 80 3 3
71 81 3 9
71 82 2 5
71 83 3 10
71 85 10 9
71 86 4 5
71 87 3 4
71 88 10 10
71 89 5 1
71 90 8 1
71 93 4 1
71 94 1 1
71 95 6 5
71 96 10 10
71 97 4 1
71 98 10 7
71 99 3 1
71 100 1 2
72 73 1 6
72 77 3 5
72 78 1 1
72 79 6 10
72 80 2 3
72 81 2 1
72 82 8 1
72 83 8 2
72 84 7 1
72 85 7 3
72 86 3 2
72 87 7 9
72 88 10 4
72 89 8 7
72 90 2 7
72 91 7 10
72 92 5 6
72 93 9 2
72 94 6 8
72 95 3 4
72 97 10 8
72 99 4 10
72 100 6 2
73 74 2 2
73 75 9 8
73 76 2 4
73 77 6 2
73 78 3 8
73 80 6 9
73 81 7 6
73 82 6 6
73 84 7 7
73 85 4 4
73 86 10 10
73 87 9 1
73 88 8 4
73 89 10 10
73 91 1 10
73 92 6 9
73 93 9 10
73 94 3 6
73 96 3 7
73 97 3 9
73 98 9 6
73 99 10 7
74 75 9 5
74 76 3 5
74 77 1 4
74 78 6 3
74 80 6 2
74 81 9 2
74 84 8 10
74 85 2 7
74 86 4 3
74 87 2 7
74 89 4 1
74 91 10 8
74 94 9 9
74 95 6 10
74 96 3 7
74 98 8 6
74 99 9 3
75 76 1 7
75 77 7 3
75 78 7 6
75 79 1 6
75 80 10 8
75 81 2 4
75 82 7 10
75 83 6 6
75 85 2 7
75 86 9 8
75 88 10 8
75 89 3 2
75 90 2 5
75 91 4 6
75 92 4 8
75 93 6 5
75 95 7 10
75 98 9 6
75 99 1 2
75 100 6 4
76 77 9 9
76 79 3 8
76 80 8 7
76 81 1 9
76 82 3 6
76 83 3 4
76 84 6 1
76 85 7 7
76 86 2 1
76 87 2 5
76 88 7 2
76 89 8 6
76 90 5 8
76 91 1 2
76 92 5 2
76 93 7 4
76 94 7 5
76 95 10 9
76 96 7 2
76 97 3 4
76 98 8 2
76 99 1 9
76 100 7 8
77 78 2 3
77 79 6 8
77 80 8 5
77 82 4 9
77 84 7 5
77 85 6 9
77 86 10 1
77 87 6 4
77 88 10 2
77 89 9 1
77 90 8 2
77 91 4 10
77 92 6 8
77 93 10 1
77 94 9 4
77 95 9 10
77 96 7 9
77 97 8 9
77 98 5 8
77 99 3 6
77 100 7 8
78 79 8 5
78 80 2 10
78 81 2 7
78 82 8 1
78 83 10 5
78 84 4 3
78 85 5 10
78 86 1 9
78 87 7 7
78 88 2 7
78 90 3 1
78 91 10 10
78 92 6 9
78 93 9 6
78 94 6 4
78 96 10 2
78 98 3 3
79 80 4 1
79 81 2 1
79 82 6 4
79 83 5 6
79 85 4 10
79 87 4 8
79 88 3 5
79 89 3 6
79 90 2 6
79 91 3 5
79 93 10 6
79 95 5 7
79 96 4 6
79 97 4 5
79 98 7 1
79 99 7 2
79 100 9 8
80 81 10 7
80 83 3 1
80 84 1 7
80 85 7 9
80 86 9 4
80 87 3 4
80 88 9 5
80 89 8 5
80 90 9 1
80 91 3 7
80 92 4 8
80 93 4 1
80 94 4 9
80 95 6 7
80 96 3 7
80 97 4 6
80 99 8 4
80 100 9 9
81 82 9 7
81 83 5 4
81 84 3 7
81 85 5 4
81 86 9 5
81 88 8 5
81 89 1 9
81 90 4 5
81 93 4 9
81 94 5 8
81 95 5 7
81 96 1 5
81 97 4 10
81 98 1 1
81 99 9 4
81 100 6 4
82 83 5 3
82 84 3 8
82 85 1 9
82 86 9 1
82 87 1 2
82 88 10 6
82 89 9 7
82 91 7 4
82 92 5 5
82 93 4 9
82 94 8 2
82 95 10 6
82 96 3 1
82 97 2 10
82 98 4 7
82 99 9 1
82 100 3 4
83 84 5 6
83 85 4 2
83 86 3 3
83 87 1 6
83 90 6 5
83 92 7 7
83 93 1 8
83 95 2 2
83 96 9 8
83 97 10 5
83 98 5 9
83 100 4 2
84 85 10 4
84 87 1 1
84 88 5 7
84 91 9 9
84 92 1 4
84 93 9 6
84 95 2 4
84 97 1 5
84 98 1 3
84 99 3 5
84 100 5 1
85 86 5 5
85 87 4 8
85 88 10 3
85 90 1 6
85 91 1 3
85 93 7 6
85 97 10 7
85 98 1 6
85 99 8 5
85 100 3 7
86 87 7 1
86 88 2 5
86 89 3 6
86 91 1 2
86 92 7 9
86 93 8 2
86 94 9 6
86 95 10 2
86 97 2 8
86 98 6 8
86 99 1 4
86 100 8 5
87 88 3 6
87 91 7 6
87 92 5 10
87 93 2 6
87 94 3 1
87 95 9 5
87 96 4 10
87 97 1 4
87 98 5 4
87 99 10 7
87 100 5 1
88 89 10 4
88 94 9 8
88 95 3 1
88 97 8 5
88 98 2 10
88 99 9 8
88 100 3 2
89 90 7 8
89 91 6 8
89 92 2 6
89 93 2 1
89 94 6 8
89 95 1 1
89 96 7 1
89 97 7 9
89 98 10 4
89 99 4 1
90 91 8 2
90 92 6 2
90 94 1 3
90 95 5 2
90 96 7 3
90 97 7 7
90 98 1 7
90 99 4 7
90 100 4 8
91 92 5 8
91 94 1 9
91 95 7 4
91 96 3 8
91 97 10 7
91 98 9 9
91 99 1 5
91 100 4 2
92 93 1 1
92 94 4 10
92 96 2 7
92 97 2 9
92 98 5 4
92 99 6 7
92 100 6 7
93 94 7 2
93 95 5 7
93 96 2 4
93 97 8 3
93 98 7 10
93 99 2 9
94 96 6 10
94 97 8 1
94 99 1 2
94 100 8 8
95 97 8 2
95 99 8 1
95 100 10 8
96 97 6 5
96 98 10 5
96 99 6 3
96 100 3 4
97 98 4 1
97 99 4 6
97 100 10 2
98 100 7 1
99 100 6 5
1
1 2 3 4 5 6 7 8 9 10 11 12 13 14 15 16 17 18 19 20 21 22 23 24 25 26 27 28 29 30 31 32 33 34 35 36 37 38 39 40 41 42 43 44 45 46 47 48 49 50
