3952
1 3 8 9
1 4 9 10
1 5 5 10
1 6 4 1
1 7 7 6
1 8 8 10
1 9 10 3
1 10 6 5
1 11 6 7
1 12 2 6
1 13 7 5
1 14 3 9
1 15 2 9
1 16 8 5
1 17 1 4
1 18 1 5
1 19 9 4
1 20 4 10
1 21 8 9
1 22 6 8
1 24 3 7
1 25 4 1
1 26 9 2
1 28 4 6
1 29 8 8
1 31 9 3
1 34 6 8
1 35 3 1
1 36 5 5
1 38 4 10
1 40 5 8
1 41 1 5
1 42 10 8
1 43 1 7
1 46 1 7
1 49 5 2
1 50 1 1
1 51 7 10
1 52 3 5
1 56 4 5
1 57 1 1
1 58 5 7
1 59 8 7
1 60 8 9
1 62 1 1
1 63 4 5
1 64 1 3
1 66 5 4
1 68 3 6
1 70 1 4
1 71 2 7
1 73 8 7
1 74 3 7
1 75 4 10
1 77 9 7
1 78 8 5
1 80 8 6
1 81 2 1
1 83 1 1
1 84 9 1
1 86 5 1
1 88 7 2
1 89 3 2
1 91 5 4
1 92 4 1
1 93 10 7
1 94 10 8
1 96 8 2
1 97 4 2
1 98 4 4
1 99 4 3
1 100 1 8
2 3 5 7
2 4 4 1
2 5 2 5
2 6 9 7
2 7 3 2
2 8 3 5
2 9 6 10
2 10 3 4
2 12 1 5
2 13 4 2
2 14 7 7
2 15 9 10
2 16 7 9
2 17 3 5
2 18 6 6
2 19 9 2
2 20 1 10
2 21 2 10
2 22 1 10
2 23 7 8
2 24 9 10
2 25 6 4
2 26 2 1
2 28 4 5
2 29 6 3
2 30 9 3
2 31 1 10
2 32 9 7
2 33 5 9
2 34 2 6
2 37 4 2
2 39 3 10
2 40 4 1
2 42 4 8
2 43 8 9
2 44 1 9
2 45 5 3
2 46 9 5
2 47 3 4
2 48 6 6
2 49 5 8
2 50 5 3
2 51 6 6
2 52 2 3
2 53 6 6
2 54 7 3
2 55 6 10
2 56 6 3
2 58 4 10
2 61 6 1
2 62 2 8
2 63 6 9
2 64 9 2
2 65 9 4
2 66 8 4
2 67 5 6
2 68 3 6
2 69 10 1
2 71 5 9
2 72 2 1
2 73 9 8
2 74 6 1
2 75 9 1
2 76 2 7
2 77 2 2
2 78 2 7
2 80 1 4
2 85 6 7
2 86 9 7
2 87 5 4
2 88 8 5
2 89 8 4
2 91 1 3
2 92 2 5
2 93 1 9
2 95 5 3
2 96 10 10
2 97 3 1
2 99 1 2
3 4 2 7
3 5 7 3
3 7 7 3
3 9 8 7
3 10 9 10
3 11 10 3
3 12 3 5
3 13 8 9
3 14 8 10
3 15 9 6
3 16 3 6
3 19 1 4
3 20 4 5
3 21 7 6
3 22 5 4
3 23 5 4
3 24 1 6
3 25 3 1
3 27 9 7
3 28 5 9
3 29 3 9
3 30 10 1
3 32 8 7
3 33 6 1
3 34 10 6
3 35 6 1
3 36 2 5
3 37 7 8
3 39 7 4
3 41 1 10
3 42 6 10
3 43 4 9
3 44 7 8
3 45 3 7
3 46 7 6
3 47 3 2
3 48 6 4
3 49 6 2
3 50 5 6
3 51 1 4
3 52 6 1
3 53 8 7
3 54 6 5
3 55 9 3
3 56 5 5
3 57 7 1
3 59 2 7
3 60 9 2
3 61 3 10
3 62 6 8
3 63 10 1
3 64 8 4
3 65 4 5
3 66 8 6
3 67 7 10
3 69 4 6
3 72 7 8
3 73 1 4
3 74 4 10
3 75 7 8
3 76 6 7
3 78 2 6
3 80 2 6
3 81 8 5
3 82 3 3
3 83 7 2
3 86 9 7
3 87 10 8
3 89 9 4
3 90 5 6
3 91 1 9
3 92 8 10
3 93 5 9
3 94 8 6
3 95 3 10
3 99 8 3
3 100 9 6
4 5 5 6
4 6 3 1
4 9 4 8
4 10 2 10
4 12 5 10
4 14 2 7
4 15 7 2
4 16 6 1
4 17 8 8
4 18 7 9
4 19 3 9
4 22 9 7
4 23 5 1
4 24 4 2
4 25 10 1
4 27 7 3
4 29 3 8
4 31 4 7
4 32 8 2
4 33 6 10
4 34 3 5
4 35 4 5
4 38 2 10
4 39 5 7
4 40 3 5
4 43 7 7
4 44 6 2
4 45 10 8
4 46 5 6
4 47 6 10
4 48 8 9
4 49 1 8
4 50 5 8
4 51 8 4
4 52 1 10
4 53 10 6
4 54 4 6
4 57 3 9
4 60 1 5
4 61 3 1
4 62 5 5
4 63 9 3
4 64 4 1
4 65 6 9
4 66 1 2
4 67 9 4
4 68 7 6
4 69 3 5
4 71 4 4
4 72 4 9
4 73 8 1
4 74 6 3
4 75 4 3
4 77 6 5
4 78 10 1
4 80 7 10
4 82 1 3
4 83 10 4
4 84 9 3
4 85 3 8
4 86 10 1
4 87 5 1
4 88 5 3
4 89 2 8
4 90 7 8
4 91 9 9
4 92 7 9
4 93 1 5
4 94 7 2
4 95 8 7
4 96 2 6
4 97 10 8
4 98 5 8
4 99 2 7
4 100 4 8
5 6 1 3
5 7 10 9
5 9 9 6
5 10 5 8
5 12 1 7
5 13 4 10
5 14 10 8
5 15 8 1
5 16 8 9
5 17 3 8
5 18 8 1
5 19 2 10
5 21 7 10
5 22 2 9
5 23 7 6
5 24 5 5
5 25 10 4
5 26 1 1
5 27 7 9
5 28 3 10
5 29 4 2
5 32 4 2
5 33 10 4
5 34 3 3
5 35 2 3
5 37 2 7
5 39 10 1
5 40 6 9
5 43 2 8
5 44 10 10
5 45 8 5
5 47 9 2
5 49 6 9
5 50 6 3
5 51 8 6
5 52 8 10
5 55 7 8
5 56 6 7
5 57 1 1
5 58 8 3
5 59 9 8
5 61 2 1
5 62 8 1
5 63 4 4
5 64 5 6
5 65 3 2
5 67 8 5
5 68 9 10
5 69 6 5
5 70 6 7
5 71 3 9
5 72 8 8
5 73 3 10
5 74 3 5
5 75 8 6
5 76 1 7
5 79 5 1
5 80 10 2
5 82 10 1
5 84 5 5
5 86 2 3
5 87 2 8
5 88 5 5
5 89 1 6
5 90 8 2
5 91 6 8
5 92 2 1
5 93 3 2
5 94 1 5
5 95 7 7
5 96 4 5
5 97 9 5
5 99 8 6
5 100 8 7
6 7 4 2
6 8 6 9
6 9 5 6
6 10 7 1
6 11 2 1
6 12 9 10
6 13 5 4
6 14 3 5
6 15 8 6
6 16 4 7
6 17 4 1
6 19 3 8
6 20 7 4
6 23 2 6
6 24 3 1
6 25 5 8
6 26 2 3
6 28 9 5
6 30 3 6
6 31 7 10
6 32 8 3
6 33 6 1
6 34 7 7
6 35 1 6
6 36 8 10
6 37 2 7
6 39 8 1
6 40 2 6
6 41 10 5
6 42 10 7
6 43 1 2
6 44 7 6
6 45 7 2
6 46 10 4
6 48 2 1
6 49 9 7
6 50 9 7
6 51 6 2
6 54 5 6
6 55 2 1
6 57 5 5
6 58 1 1
6 59 8 10
6 60 8 2
6 61 8 7
6 62 1 7
6 63 9 10
6 64 9 9
6 65 2 1
6 66 9 3
6 68 3 8
6 69 5 7
6 70 6 1
6 71 3 10
6 72 8 5
6 73 8 10
6 74 4 4
6 75 1 4
6 76 3 9
6 77 8 5
6 78 6 9
6 79 10 5
6 80 10 9
6 82 1 6
6 83 5 3
6 84 9 8
6 85 1 6
6 86 3 2
6 87 4 4
6 88 7 5
6 90 3 8
6 91 4 4
6 92 10 3
6 93 2 2
6 94 9 7
6 95 1 5
6 96 9 8
6 97 5 3
6 98 2 3
6 99 2 3
7 8 7 1
7 9 9 1
7 10 10 5
7 12 8 5
7 14 3 2
7 16 4 9
7 17 6 3
7 18 2 1
7 19 10 9
7 20 1 10
7 21 8 9
7 22 8 9
7 23 10 8
7 24 6 8
7 25 9 3
7 26 10 5
7 27 7 5
7 28 7 10
7 29 2 4
7 30 4 8
7 31 7 10
7 32 7 6
7 33 10 2
7 34 6 6
7 35 8 5
7 36 5 3
7 37 6 3
7 38 5 9
7 39 4 7
7 40 1 10
7 41 10 2
7 42 7 4
7 43 5 10
7 44 5 8
7 45 3 8
7 46 1 5
7 47 2 10
7 48 6 1
7 50 1 1
7 51 6 6
7 52 10 7
7 53 3 3
7 54 6 3
7 55 2 9
7 56 2 2
7 57 7 2
7 58 10 2
7 59 1 5
7 60 6 2
7 61 9 7
7 62 5 10
7 63 10 3
7 64 4 8
7 66 3 2
7 67 10 5
7 68 3 1
7 69 10 10
7 70 4 6
7 71 7 6
7 72 2 4
7 73 5 10
7 74 9 2
7 76 9 1
7 77 5 4
7 78 3 7
7 79 3 10
7 80 7 2
7 81 10 10
7 82 2 6
7 84 5 7
7 85 1 1
7 86 1 1
7 88 1 2
7 89 1 4
7 91 4 2
7 92 1 6
7 93 7 8
7 94 8 4
7 95 7 2
7 96 9 5
7 97 2 10
7 98 9 2
7 99 9 9
8 9 6 8
8 10 9 3
8 11 1 8
8 12 9 7
8 13 5 6
8 14 6 7
8 16 5 8
8 18 9 9
8 19 7 9
8 20 9 3
8 21 8 6
8 22 5 7
8 28 1 8
8 29 9 2
8 31 6 2
8 33 10 3
8 34 9 9
8 35 2 4
8 36 6 7
8 37 1 5
8 38 6 7
8 39 3 6
8 40 6 3
8 41 6 3
8 42 8 3
8 43 7 10
8 44 7 5
8 47 8 6
8 48 4 10
8 49 9 10
8 50 9 4
8 51 3 1
8 52 8 9
8 54 8 10
8 55 9 4
8 56 9 5
8 57 4 3
8 58 7 1
8 60 2 3
8 61 4 6
8 63 9 2
8 64 4 5
8 65 8 1
8 66 10 8
8 67 9 5
8 68 4 3
8 69 6 4
8 70 7 1
8 71 4 3
8 72 6 6
8 73 7 7
8 75 1 10
8 76 1 4
8 78 9 1
8 79 9 3
8 80 9 6
8 81 9 7
8 82 1 1
8 83 6 2
8 85 4 1
8 86 8 3
8 87 4 3
8 89 8 7
8 91 9 8
8 92 9 6
8 93 8 6
8 94 4 2
8 95 2 8
8 96 3 3
8 97 5 8
8 99 4 8
8 100 2 7
9 10 9 10
9 11 4 8
9 12 4 4
9 13 7 6
9 14 4 3
9 15 5 6
9 16 8 1
9 17 6 1
9 18 1 9
9 19 7 3
9 20 9 4
9 22 3 8
9 24 1 6
9 25 8 10
9 26 4 4
9 27 3 9
9 28 4 1
9 30 7 1
9 31 8 1
9 32 7 10
9 33 7 8
9 34 3 5
9 35 8 4
9 38 3 9
9 39 8 6
9 40 8 6
9 41 8 6
9 42 9 8
9 43 1 5
9 44 1 3
9 45 8 8
9 46 8 10
9 48 2 6
9 50 10 8
9 51 4 1
9 52 6 10
9 55 3 3
9 56 1 6
9 57 6 6
9 58 8 9
9 59 10 1
9 60 6 4
9 61 4 6
9 65 4 4
9 66 1 10
9 67 3 9
9 68 1 3
9 69 9 1
9 71 6 5
9 73 8 3
9 74 10 10
9 75 2 10
9 76 10 7
9 77 6 8
9 78 2 7
9 79 1 2
9 80 3 5
9 81 1 8
9 82 3 10
9 83 10 7
9 84 6 8
9 85 8 7
9 86 1 9
9 88 2 8
9 89 1 9
9 90 6 7
9 92 4 1
9 93 4 9
9 94 3 3
9 95 7 10
9 96 7 10
9 97 5 4
9 99 8 6
10 11 3 10
10 12 8 2
10 14 5 7
10 15 5 1
10 16 3 10
10 18 8 3
10 19 5 5
10 20 5 7
10 22 6 1
10 23 1 1
10 24 5 1
10 26 9 7
10 28 8 6
10 29 5 5
10 30 6 7
10 31 2 10
10 32 8 1
10 33 9 1
10 34 6 5
10 35 10 1
10 36 5 8
10 37 9 1
10 40 3 9
10 41 4 9
10 42 1 1
10 43 5 4
10 44 5 9
10 46 6 2
10 50 1 9
10 52 9 6
10 53 2 8
10 54 6 7
10 55 10 10
10 56 5 9
10 57 7 10
10 58 3 3
10 59 4 3
10 60 4 8
10 61 3 1
10 62 2 6
10 64 1 6
10 65 9 5
10 66 10 5
10 67 3 5
10 68 7 3
10 69 9 5
10 71 2 5
10 72 1 9
10 73 5 5
10 75 10 9
10 79 9 6
10 80 10 2
10 82 4 3
10 83 4 6
10 84 4 6
10 85 7 3
10 86 10 8
10 87 3 4
10 89 7 7
10 90 4 3
10 91 1 7
10 92 10 10
10 94 8 6
10 95 8 7
10 96 2 1
10 97 1 2
10 98 10 4
10 99 4 9
10 100 1 10
11 13 7 7
11 14 2 1
11 15 8 5
11 16 7 9
11 17 9 8
11 19 4 6
11 20 5 3
11 22 7 2
11 23 7 4
11 26 10 1
11 27 1 1
11 29 4 8
11 31 2 10
11 32 6 6
11 33 3 9
11 35 2 10
11 36 1 7
11 38 2 5
11 39 3 6
11 40 10 1
11 41 8 3
11 43 7 5
11 44 8 1
11 45 3 5
11 46 5 3
11 47 4 9
11 48 5 3
11 49 7 4
11 50 6 5
11 51 4 8
11 52 6 3
11 53 6 7
11 54 4 8
11 55 2 1
11 57 7 2
11 58 5 4
11 59 9 9
11 60 9 2
11 61 4 1
11 62 5 10
11 63 9 8
11 64 2 7
11 65 2 6
11 66 6 5
11 68 3 6
11 69 2 7
11 71 8 3
11 72 7 8
11 75 10 7
11 76 9 3
11 77 3 10
11 78 9 1
11 79 5 8
11 80 9 3
11 81 2 10
11 82 7 4
11 83 7 3
11 84 2 10
11 85 7 9
11 86 1 2
11 87 1 10
11 88 5 2
11 89 7 3
11 90 9 5
11 91 5 10
11 94 4 1
11 95 8 7
11 96 7 7
11 97 4 6
11 99 6 6
12 13 2 2
12 14 2 7
12 15 4 2
12 17 2 1
12 18 4 8
12 19 4 4
12 20 3 3
12 21 3 10
12 22 2 4
12 23 5 1
12 24 6 3
12 25 2 2
12 26 10 7
12 27 1 4
12 29 1 3
12 30 3 6
12 31 6 5
12 32 8 10
12 33 10 4
12 34 6 10
12 35 7 5
12 36 7 4
12 38 6 7
12 39 1 5
12 40 2 10
12 41 2 5
12 42 8 8
12 43 9 1
12 44 9 9
12 45 8 8
12 46 8 5
12 49 5 6
12 50 6 1
12 51 2 1
12 53 5 8
12 54 7 9
12 55 1 9
12 56 6 9
12 57 6 8
12 59 8 7
12 60 6 9
12 61 6 2
12 62 2 8
12 63 3 10
12 64 7 4
12 65 8 4
12 66 3 7
12 67 6 9
12 68 8 5
12 69 7 1
12 70 3 6
12 71 5 9
12 74 2 2
12 76 8 6
12 77 5 2
12 78 6 3
12 79 5 3
12 81 2 7
12 82 3 9
12 83 5 2
12 84 8 6
12 85 1 2
12 86 2 1
12 87 1 6
12 88 6 4
12 89 3 1
12 91 4 5
12 92 4 9
12 93 9 5
12 94 3 5
12 96 7 6
12 97 8 5
12 98 8 5
12 99 1 6
12 100 6 4
13 14 6 5
13 16 8 7
13 17 5 9
13 18 9 1
13 19 9 9
13 20 2 1
13 21 5 1
13 22 9 2
13 24 4 1
13 25 6 7
13 26 5 9
13 27 2 7
13 28 5 10
13 29 4 8
13 30 7 3
13 32 6 10
13 33 10 4
13 34 1 4
13 36 3 9
13 37 7 6
13 39 3 7
13 40 1 3
13 41 8 7
13 44 6 10
13 45 9 1
13 47 3 2
13 48 5 10
13 49 8 1
13 50 4 5
13 51 2 3
13 53 6 10
13 54 4 6
13 55 9 4
13 56 1 3
13 57 10 2
13 59 4 4
13 60 8 4
13 61 4 4
13 63 5 5
13 64 2 10
13 66 1 1
13 67 7 7
13 68 10 9
13 69 1 7
13 70 1 9
13 71 3 6
13 74 2 9
13 76 9 2
13 77 7 4
13 78 3 5
13 79 1 4
13 80 7 2
13 81 4 5
13 83 4 2
13 84 3 6
13 85 8 8
13 88 5 3
13 89 4 1
13 90 6 5
13 91 1 2
13 92 5 10
13 93 5 5
13 94 6 8
13 95 5 8
13 96 1 10
13 98 3 3
14 15 4 2
14 17 7 10
14 18 4 10
14 20 7 3
14 21 9 10
14 22 3 1
14 23 2 3
14 24 6 2
14 26 10 5
14 27 5 9
14 28 3 3
14 30 3 9
14 31 10 2
14 33 3 8
14 34 10 8
14 35 4 7
14 36 6 9
14 37 3 7
14 38 6 7
14 39 10 2
14 40 6 10
14 41 4 5
14 43 2 10
14 44 3 4
14 45 2 4
14 46 1 10
14 48 4 8
14 49 9 10
14 50 6 2
14 52 1 1
14 53 10 9
14 54 1 9
14 55 2 1
14 56 5 9
14 57 7 2
14 58 9 3
14 59 7 8
14 60 2 1
14 61 2 6
14 62 6 5
14 63 9 2
14 64 6 5
14 65 8 4
14 66 4 4
14 67 6 10
14 68 8 9
14 70 3 5
14 71 8 7
14 72 7 7
14 73 6 5
14 75 1 7
14 76 10 1
14 77 8 10
14 78 3 4
14 79 1 3
14 80 3 8
14 81 10 10
14 82 10 2
14 83 1 9
14 86 1 2
14 88 8 4
14 89 3 1
14 90 6 7
14 91 5 1
14 92 6 4
14 93 8 8
14 94 8 7
14 95 2 10
14 98 3 9
14 99 10 1
14 100 4 1
15 16 7 4
15 17 6 5
15 18 2 10
15 19 2 10
15 20 9 8
15 21 5 9
15 23 1 5
15 24 10 7
15 25 1 2
15 26 9 8
15 27 5 2
15 28 9 1
15 29 3 7
15 30 3 6
15 31 8 4
15 32 4 9
15 34 10 3
15 35 5 4
15 36 1 2
15 37 6 10
15 39 3 7
15 40 1 9
15 41 6 5
15 42 3 3
15 43 2 7
15 44 6 3
15 45 1 4
15 46 3 8
15 47 4 7
15 49 5 7
15 50 2 7
15 51 4 3
15 52 1 6
15 54 5 1
15 55 1 10
15 56 10 7
15 57 6 6
15 58 9 1
15 59 8 2
15 60 3 6
15 61 9 9
15 62 10 6
15 63 2 2
15 64 7 3
15 65 2 8
15 67 10 4
15 70 2 3
15 71 6 1
15 72 3 2
15 73 4 9
15 74 9 6
15 76 4 6
15 77 7 2
15 78 7 9
15 79 3 10
15 80 10 8
15 81 10 6
15 82 2 3
15 83 4 3
15 85 9 2
15 86 8 2
15 87 6 10
15 89 4 10
15 91 3 4
15 93 3 7
15 94 6 4
15 95 9 7
15 96 4 3
15 98 3 3
15 99 4 3
15 100 10 7
16 18 5 5
16 19 9 2
16 20 10 6
16 21 3 1
16 22 2 4
16 24 10 9
16 25 3 9
16 26 9 9
16 27 2 4
16 29 8 4
16 30 3 2
16 31 2 8
16 32 2 2
16 36 3 3
16 37 10 7
16 38 2 1
16 41 8 9
16 42 6 6
16 44 5 8
16 45 3 9
16 48 3 7
16 49 4 2
16 50 3 2
16 51 1 10
16 52 7 4
16 53 8 5
16 54 6 3
16 57 1 1
16 58 9 6
16 60 1 5
16 62 7 10
16 63 2 10
16 65 5 10
16 66 9 9
16 68 7 8
16 70 5 4
16 71 10 6
16 72 6 5
16 73 10 9
16 74 3 5
16 76 9 7
16 77 4 1
16 78 10 3
16 79 9 5
16 80 4 8
16 82 9 3
16 83 2 1
16 85 1 1
16 86 3 7
16 89 5 5
16 90 5 9
16 91 6 1
16 92 10 6
16 94 10 3
16 95 5 3
16 96 8 10
16 97 6 2
16 98 10 7
16 99 4 10
16 100 2 2
17 18 5 6
17 19 8 9
17 20 5 6
17 22 1 5
17 23 1 7
17 24 5 2
17 25 2 9
17 26 8 6
17 27 1 1
17 28 1 4
17 29 1 10
17 30 3 4
17 32 5 6
17 33 9 8
17 34 10 6
17 35 8 4
17 36 10 2
17 40 7 10
17 41 5 7
17 42 8 2
17 43 5 2
17 44 3 3
17 45 7 9
17 46 2 8
17 47 7 1
17 48 2 3
17 49 6 8
17 50 2 1
17 51 4 5
17 52 5 1
17 55 8 7
17 56 9 8
17 57 10 4
17 58 10 10
17 59 5 6
17 60 4 1
17 61 7 5
17 62 9 3
17 63 7 5
17 64 7 5
17 65 5 9
17 67 7 2
17 68 10 6
17 71 4 10
17 72 2 4
17 73 5 3
17 74 10 1
17 75 10 10
17 76 1 5
17 78 4 8
17 79 6 8
17 80 2 7
17 81 1 9
17 83 1 8
17 84 4 2
17 85 1 7
17 86 10 10
17 88 3 3
17 89 9 8
17 90 5 2
17 93 8 4
17 95 5 4
17 96 8 6
17 97 10 6
17 98 3 10
17 99 1 10
17 100 4 4
18 19 3 10
18 22 5 10
18 23 2 10
18 24 8 3
18 25 3 8
18 26 3 5
18 27 7 9
18 29 2 2
18 30 9 4
18 31 10 7
18 33 6 3
18 34 4 1
18 35 9 7
18 36 9 3
18 37 10 3
18 38 2 4
18 39 8 3
18 40 6 10
18 41 6 5
18 42 1 6
18 43 8 6
18 46 3 4
18 48 3 8
18 49 7 3
18 50 1 9
18 51 10 3
18 53 4 2
18 54 7 8
18 55 3 1
18 59 9 10
18 61 3 3
18 62 6 2
18 63 4 8
18 64 1 10
18 65 9 7
18 67 8 8
18 68 4 5
18 69 1 9
18 70 7 1
18 71 9 1
18 72 3 10
18 73 4 4
18 74 2 7
18 75 10 3
18 76 3 5
18 77 2 10
18 78 3 4
18 79 9 6
18 80 5 4
18 81 2 7
18 82 9 10
18 83 10 5
18 85 8 3
18 86 10 3
18 87 6 1
18 88 9 2
18 89 4 2
18 91 7 1
18 92 8 1
18 93 1 9
18 94 8 2
18 95 8 9
18 96 3 2
18 97 7 5
18 98 9 9
18 99 7 8
18 100 5 9
19 20 5 10
19 21 8 1
19 22 2 8
19 23 1 10
19 24 10 2
19 26 1 8
19 28 6 5
19 29 8 8
19 31 5 9
19 32 6 2
19 34 9 9
19 36 2 10
19 37 9 10
19 38 5 7
19 39 7 7
19 40 6 5
19 41 1 10
19 42 1 5
19 43 2 1
19 44 10 3
19 45 3 1
19 46 8 1
19 48 1 4
19 49 5 10
19 50 10 4
19 51 3 9
19 52 7 1
19 53 5 3
19 54 7 9
19 55 4 6
19 56 6 4
19 57 1 2
19 58 1 8
19 59 2 1
19 61 2 8
19 62 9 9
19 63 10 1
19 64 4 5
19 65 1 8
19 66 10 6
19 68 5 3
19 69 9 3
19 71 2 4
19 72 1 10
19 73 10 1
19 74 2 3
19 75 2 3
19 76 6 9
19 77 5 3
19 78 6 10
19 80 6 7
19 82 3 8
19 83 3 3
19 85 3 5
19 86 3 5
19 88 8 7
19 90 5 4
19 91 10 7
19 92 10 7
19 93 7 4
19 95 8 3
19 97 1 7
19 98 1 4
19 100 5 4
20 21 8 2
20 23 7 5
20 24 2 7
20 26 3 5
20 27 5 1
20 28 6 9
20 29 1 7
20 30 10 6
20 31 3 5
20 34 3 4
20 35 1 3
20 36 5 5
20 37 8 6
20 38 8 4
20 39 7 5
20 40 6 2
20 41 6 7
20 42 7 2
20 43 7 1
20 44 3 5
20 45 10 8
20 46 6 5
20 47 1 1
20 48 7 9
20 49 6 9
20 51 2 1
20 52 1 1
20 53 7 6
20 56 8 2
20 57 8 5
20 59 7 4
20 60 4 4
20 61 10 3
20 63 2 1
20 64 5 10
20 65 10 6
20 66 8 10
20 67 7 4
20 68 10 4
20 69 10 6
20 70 6 10
20 73 4 5
20 74 3 10
20 76 3 7
20 78 10 9
20 79 4 2
20 81 7 6
20 82 8 4
20 83 1 9
20 84 8 4
20 86 8 10
20 88 6 10
20 90 8 3
20 91 9 9
20 92 8 5
20 95 9 4
20 96 8 3
20 97 6 4
20 98 4 9
20 99 5 8
20 100 2 1
21 22 9 10
21 23 5 10
21 24 5 2
21 25 10 5
21 26 8 3
21 27 8 8
21 29 5 6
21 30 4 3
21 31 3 5
21 32 10 8
21 33 5 1
21 34 8 4
21 35 4 7
21 36 5 9
21 37 9 4
21 38 10 3
21 39 9 1
21 40 1 9
21 41 7 1
21 42 7 4
21 43 5 5
21 45 3 10
21 46 7 6
21 48 8 9
21 49 7 2
21 50 3 8
21 51 6 6
21 52 8 4
21 53 6 9
21 54 6 8
21 55 3 8
21 57 9 2
21 58 9 7
21 59 5 7
21 60 1 3
21 61 10 7
21 62 7 8
21 64 7 2
21 65 9 5
21 66 10 1
21 68 4 5
21 70 8 7
21 71 2 4
21 72 6 3
21 73 6 10
21 74 3 3
21 75 1 8
21 76 7 1
21 77 8 4
21 78 9 4
21 79 4 1
21 80 5 7
21 82 4 4
21 85 6 4
21 86 10 3
21 88 6 1
21 90 4 2
21 91 4 8
21 92 4 9
21 93 3 7
21 94 4 2
21 96 6 1
21 97 1 5
21 98 10 5
21 99 3 10
21 100 10 1
22 23 7 6
22 24 8 6
22 28 6 1
22 31 2 8
22 32 1 1
22 34 5 8
22 35 8 1
22 36 6 5
22 37 5 2
22 38 9 1
22 39 7 9
22 40 5 4
22 41 4 7
22 42 6 3
22 43 3 6
22 44 10 2
22 46 9 8
22 47 5 5
22 48 3 8
22 50 7 4
22 51 2 5
22 52 2 4
22 54 8 10
22 55 9 5
22 56 3 10
22 57 7 2
22 58 5 8
22 59 9 5
22 60 9 6
22 61 9 3
22 62 10 7
22 63 7 6
22 64 5 1
22 66 7 1
22 67 8 1
22 69 10 4
22 70 5 10
22 72 7 5
22 73 5 1
22 75 9 4
22 77 10 5
22 79 5 8
22 80 10 8
22 81 3 3
22 82 5 2
22 83 4 9
22 84 6 6
22 85 3 2
22 87 7 3
22 88 1 10
22 89 6 10
22 90 5 5
22 91 4 4
22 92 1 1
22 93 7 7
22 94 4 8
22 95 1 1
22 97 9 6
22 98 1 6
22 99 3 1
23 24 7 10
23 25 5 8
23 26 6 8
23 27 5 6
23 28 10 8
23 29 7 2
23 30 4 4
23 31 5 10
23 32 8 4
23 33 1 5
23 36 7 10
23 39 7 6
23 40 10 9
23 41 7 7
23 42 5 6
23 43 5 9
23 44 8 1
23 45 6 2
23 46 8 8
23 47 3 1
23 51 4 5
23 52 9 7
23 53 2 2
23 54 6 5
23 55 2 3
23 56 6 7
23 57 9 6
23 58 6 6
23 59 9 5
23 60 2 3
23 62 9 8
23 64 3 1
23 65 3 2
23 66 10 7
23 67 7 8
23 68 6 6
23 69 4 9
23 70 7 4
23 71 10 6
23 72 3 8
23 73 10 10
23 74 8 1
23 75 2 3
23 76 8 10
23 77 6 8
23 78 1 8
23 79 5 8
23 80 3 7
23 83 1 1
23 84 2 2
23 86 9 2
23 87 1 9
23 89 3 10
23 90 2 8
23 91 5 9
23 92 2 1
23 93 6 7
23 94 6 5
23 96 10 3
23 97 3 3
23 99 7 6
23 100 3 8
24 25 9 8
24 26 6 4
24 27 3 8
24 28 3 8
24 29 7 9
24 30 2 9
24 31 9 8
24 32 3 4
24 33 9 9
24 34 10 10
24 35 3 3
24 36 5 10
24 38 6 7
24 39 6 8
24 41 8 7
24 42 10 9
24 43 6 1
24 44 7 7
24 45 8 4
24 46 4 3
24 47 10 5
24 48 6 7
24 49 4 6
24 50 2 8
24 51 4 4
24 52 9 8
24 53 1 8
24 55 9 6
24 57 1 7
24 58 9 10
24 59 8 6
24 60 6 10
24 62 5 2
24 63 1 3
24 64 1 6
24 66 1 5
24 67 8 1
24 68 8 7
24 71 6 4
24 73 6 2
24 75 2 4
24 76 10 3
24 78 8 3
24 79 4 8
24 81 4 7
24 82 9 3
24 83 4 6
24 84 8 5
24 85 2 3
24 86 5 10
24 87 8 7
24 89 8 6
24 90 6 5
24 91 9 4
24 92 1 4
24 93 3 4
24 94 3 5
24 95 5 1
24 96 5 9
24 97 8 5
24 98 2 5
24 99 5 9
24 100 10 6
25 26 9 1
25 27 3 8
25 28 4 7
25 29 5 10
25 30 8 8
25 31 4 6
25 32 5 7
25 34 5 9
25 35 3 1
25 36 2 9
25 37 2 7
25 38 3 2
25 39 9 6
25 40 6 3
25 42 7 8
25 43 7 3
25 44 5 9
25 45 9 3
25 46 10 8
25 47 5 1
25 48 3 1
25 50 6 1
25 51 8 6
25 52 6 6
25 53 5 2
25 54 7 5
25 57 2 1
25 58 3 9
25 59 5 9
25 60 5 6
25 61 4 1
25 62 8 6
25 63 10 5
25 64 4 6
25 66 1 6
25 68 7 7
25 70 2 1
25 71 5 10
25 72 5 5
25 73 9 8
25 76 10 4
25 77 6 10
25 78 1 2
25 79 6 6
25 80 10 5
25 81 8 10
25 82 4 6
25 84 4 8
25 85 7 10
25 86 6 5
25 87 3 8
25 88 5 6
25 90 5 8
25 91 2 9
25 92 5 10
25 93 3 3
25 95 6 10
25 96 3 1
25 97 8 8
25 98 3 7
25 99 10 7
25 100 3 7
26 28 4 10
26 29 9 7
26 30 8 10
26 31 5 8
26 32 3 5
26 33 3 7
26 34 5 9
26 37 10 5
26 39 4 4
26 40 5 1
26 41 4 6
26 45 5 1
26 47 4 1
26 48 4 4
26 49 9 10
26 50 1 9
26 51 4 8
26 54 9 6
26 58 2 3
26 59 6 9
26 61 2 7
26 62 5 7
26 63 7 2
26 64 3 4
26 65 8 9
26 66 7 6
26 67 10 5
26 68 8 8
26 69 8 9
26 72 10 9
26 74 3 1
26 75 7 1
26 76 5 3
26 77 6 10
26 78 3 8
26 80 4 3
26 81 7 5
26 82 9 10
26 83 10 7
26 84 5 2
26 85 3 9
26 86 3 8
26 87 10 9
26 88 6 9
26 89 10 8
26 91 6 10
26 92 5 2
26 93 4 8
26 94 10 4
26 95 3 9
26 96 8 6
26 98 7 6
26 99 1 8
26 100 1 5
27 28 5 10
27 29 10 4
27 32 3 2
27 33 10 5
27 34 2 8
27 38 8 5
27 39 2 2
27 40 8 8
27 41 2 4
27 42 5 2
27 43 3 4
27 44 5 4
27 45 10 1
27 47 5 2
27 48 1 7
27 49 9 3
27 51 2 10
27 52 8 8
27 53 5 8
27 54 4 3
27 55 2 7
27 56 8 9
27 57 1 9
27 58 5 10
27 59 5 1
27 60 7 5
27 62 7 5
27 63 9 1
27 64 9 3
27 67 2 9
27 68 6 10
27 69 4 3
27 70 4 6
27 71 2 1
27 72 5 2
27 75 8 4
27 77 2 10
27 78 10 3
27 79 3 10
27 80 5 7
27 82 5 5
27 83 7 8
27 84 1 4
27 85 7 3
27 87 7 4
27 88 8 9
27 89 7 6
27 90 2 1
27 91 4 9
27 92 5 10
27 93 3 9
27 95 6 6
27 96 10 5
27 97 3 4
27 98 9 10
27 99 2 8
27 100 2 4
28 29 3 8
28 30 5 7
28 31 1 5
28 32 5 6
28 33 7 7
28 34 6 1
28 35 8 7
28 37 3 8
28 38 8 9
28 40 7 8
28 41 3 10
28 42 8 1
28 43 6 4
28 44 7 7
28 46 8 8
28 48 9 3
28 49 5 3
28 50 9 5
28 51 6 2
28 52 8 4
28 53 9 2
28 54 4 6
28 55 7 2
28 56 5 3
28 57 3 5
28 58 8 8
28 59 5 9
28 60 1 9
28 61 2 4
28 63 10 9
28 64 3 7
28 72 5 8
28 73 8 6
28 74 3 3
28 75 8 7
28 76 8 8
28 77 4 3
28 79 5 9
28 80 7 2
28 81 8 1
28 82 9 4
28 83 8 10
28 84 2 6
28 86 7 5
28 88 1 5
28 89 1 7
28 90 1 7
28 91 7 7
28 92 2 3
28 93 8 7
28 95 8 2
28 96 9 1
28 99 7 2
28 100 5 6
29 31 7 9
29 32 2 8
29 34 9 9
29 35 3 5
29 37 5 5
29 38 5 1
29 40 3 8
29 41 3 7
29 42 10 4
29 44 2 6
29 46 7 3
29 47 5 1
29 48 9 6
29 50 2 6
29 51 10 2
29 52 3 1
29 53 8 8
29 54 8 3
29 55 5 7
29 59 9 7
29 60 5 2
29 61 1 8
29 62 4 8
29 63 6 7
29 64 4 8
29 65 7 6
29 66 5 5
29 67 4 2
29 68 6 8
29 70 4 9
29 71 5 5
29 72 6 9
29 73 4 6
29 74 6 6
29 75 10 8
29 76 5 4
29 78 3 3
29 79 3 5
29 80 10 4
29 83 10 8
29 87 10 8
29 88 7 9
29 89 6 3
29 90 1 6
29 92 8 1
29 94 9 9
29 96 2 8
29 98 2 9
29 99 4 9
29 100 4 5
30 32 3 10
30 33 3 9
30 34 5 10
30 35 3 5
30 36 10 1
30 37 2 8
30 38 1 1
30 39 10 2
30 40 1 7
30 41 10 10
30 43 6 5
30 44 1 4
30 45 9 8
30 46 8 3
30 47 6 10
30 49 3 3
30 50 5 5
30 51 1 4
30 53 7 3
30 54 3 10
30 55 3 6
30 56 4 1
30 57 10 9
30 58 1 1
30 60 3 2
30 61 2 9
30 64 8 3
30 65 1 7
30 66 7 6
30 67 5 7
30 68 6 4
30 69 8 4
30 70 9 6
30 72 9 5
30 74 5 4
30 75 2 4
30 76 2 7
30 77 9 4
30 78 6 9
30 79 10 6
30 80 10 10
30 81 5 9
30 83 6 4
30 84 2 2
30 85 8 10
30 86 5 10
30 87 5 5
30 88 3 5
30 89 1 7
30 90 7 10
30 91 4 10
30 92 7 10
30 93 6 6
30 94 7 1
30 95 5 6
30 96 2 5
30 97 7 8
30 98 3 1
30 100 4 3
31 32 3 2
31 33 3 9
31 34 6 10
31 35 2 2
31 36 8 4
31 37 6 10
31 38 4 4
31 39 8 4
31 40 7 8
31 41 5 7
31 43 8 5
31 44 2 5
31 46 5 7
31 47 2 8
31 48 4 6
31 49 3 6
31 50 9 7
31 52 4 8
31 54 2 3
31 55 2 8
31 57 10 1
31 59 10 9
31 61 4 2
31 63 2 7
31 65 10 7
31 67 10 4
31 68 6 4
31 69 2 6
31 70 8 9
31 71 4 4
31 72 10 1
31 73 10 10
31 75 2 2
31 76 10 6
31 77 3 7
31 78 6 9
31 79 6 1
31 80 9 3
31 81 9 8
31 82 8 3
31 83 5 10
31 84 1 5
31 87 5 2
31 88 2 7
31 90 1 2
31 91 8 1
31 92 3 1
31 93 4 10
31 95 2 7
31 98 7 7
31 99 1 5
32 33 4 10
32 34 5 2
32 38 7 1
32 40 6 7
32 41 2 9
32 44 4 2
32 45 4 7
32 46 2 8
32 47 8 1
32 49 8 10
32 50 4 1
32 51 6 1
32 52 2 1
32 55 10 6
32 57 8 10
32 58 10 10
32 59 4 5
32 60 8 7
32 61 5 9
32 62 8 10
32 63 5 8
32 65 2 6
32 66 10 10
32 68 2 9
32 69 9 7
32 70 10 7
32 71 7 5
32 72 3 1
32 73 10 2
32 74 9 9
32 75 2 2
32 76 4 8
32 77 3 6
32 78 1 8
32 80 6 5
32 81 8 1
32 82 7 10
32 83 6 5
32 84 6 6
32 85 1 6
32 86 5 9
32 88 10 1
32 89 10 1
32 90 1 2
32 91 10 5
32 93 9 2
32 95 5 4
32 96 9 5
32 97 10 10
32 98 9 3
32 99 4 2
33 34 4 6
33 36 7 7
33 37 10 8
33 39 10 3
33 40 4 5
33 42 8 2
33 43 3 5
33 44 7 1
33 45 1 4
33 46 7 2
33 47 1 8
33 48 4 6
33 49 3 6
33 50 9 7
33 51 1 10
33 53 6 3
33 54 3 3
33 55 1 1
33 56 9 9
33 57 4 1
33 59 4 4
33 60 1 2
33 62 6 5
33 64 5 7
33 65 8 3
33 67 2 5
33 68 8 9
33 69 10 3
33 70 5 7
33 71 4 7
33 72 8 2
33 73 1 5
33 74 2 7
33 75 8 2
33 76 3 8
33 77 2 1
33 78 6 1
33 80 8 5
33 81 9 10
33 82 5 5
33 83 1 4
33 84 1 2
33 85 4 1
33 86 5 9
33 87 4 2
33 88 9 1
33 90 1 2
33 91 1 6
33 92 1 2
33 93 2 6
33 94 2 4
33 96 6 2
33 97 7 6
33 100 1 7
34 35 7 3
34 36 10 8
34 37 5 10
34 38 4 8
34 39 2 1
34 40 7 5
34 41 3 2
34 42 9 2
34 43 6 4
34 44 9 5
34 46 3 3
34 47 9 7
34 48 9 8
34 49 10 8
34 50 7 4
34 51 6 2
34 52 8 8
34 53 9 7
34 54 4 3
34 55 5 1
34 56 2 2
34 57 3 9
34 58 10 8
34 60 7 10
34 61 7 4
34 64 8 10
34 65 7 8
34 67 6 3
34 68 9 5
34 70 1 3
34 72 3 5
34 73 9 4
34 74 3 6
34 75 2 3
34 76 10 2
34 79 9 9
34 80 8 10
34 81 8 3
34 83 10 6
34 84 9 2
34 85 7 8
34 86 9 8
34 87 4 7
34 88 9 1
34 90 6 9
34 91 1 5
34 92 6 9
34 94 9 7
34 95 10 3
34 96 6 10
34 97 10 2
34 98 8 10
34 100 8 8
35 37 3 10
35 38 10 7
35 39 8 5
35 41 2 8
35 42 2 5
35 43 2 1
35 44 9 6
35 45 1 3
35 46 7 6
35 48 9 1
35 49 2 5
35 51 2 3
35 52 8 3
35 54 2 6
35 55 8 9
35 56 8 9
35 57 5 7
35 58 3 6
35 59 3 10
35 60 1 2
35 61 3 1
35 62 8 5
35 63 5 6
35 64 9 10
35 65 4 7
35 66 9 2
35 67 1 9
35 68 4 1
35 70 1 5
35 71 2 7
35 72 4 6
35 73 7 4
35 74 8 10
35 75 4 9
35 76 10 6
35 77 8 1
35 78 6 3
35 79 8 4
35 80 4 8
35 81 7 3
35 82 2 1
35 83 1 4
35 84 3 8
35 85 10 2
35 86 2 8
35 87 1 10
35 89 9 4
35 90 4 1
35 91 1 7
35 93 3 7
35 96 2 5
35 97 8 7
35 98 4 1
35 99 9 8
35 100 4 6
36 37 8 6
36 39 6 3
36 41 10 5
36 42 8 8
36 43 9 5
36 46 1 7
36 48 1 10
36 50 6 9
36 51 8 6
36 52 5 4
36 54 5 7
36 55 7 2
36 57 2 7
36 59 4 1
36 60 3 6
36 61 5 6
36 62 5 9
36 64 6 3
36 65 9 7
36 66 6 4
36 67 5 7
36 68 5 1
36 69 2 2
36 71 7 1
36 72 6 1
36 73 4 2
36 74 8 1
36 76 10 6
36 77 5 3
36 78 10 9
36 80 7 9
36 81 10 3
36 82 1 4
36 83 4 3
36 84 5 5
36 86 9 5
36 87 9 4
36 88 7 7
36 89 4 5
36 90 2 5
36 92 6 3
36 93 4 5
36 94 9 5
36 95 1 8
36 97 8 2
36 99 10 2
37 39 7 4
37 40 3 2
37 41 9 9
37 42 3 2
37 43 5 10
37 44 8 3
37 45 8 1
37 46 3 1
37 47 8 10
37 48 1 7
37 49 9 5
37 50 1 2
37 52 5 5
37 53 8 10
37 54 3 4
37 55 8 10
37 56 6 1
37 57 9 2
37 58 4 3
37 59 2 1
37 60 7 4
37 61 6 10
37 62 3 10
37 63 1 6
37 64 3 7
37 65 5 8
37 66 9 6
37 67 9 5
37 68 4 2
37 70 2 10
37 71 3 2
37 72 7 5
37 73 5 4
37 74 4 3
37 75 6 7
37 77 3 1
37 78 1 9
37 80 1 9
37 81 6 2
37 82 8 8
37 83 4 4
37 85 7 3
37 86 10 7
37 87 10 9
37 88 1 9
37 89 1 6
37 90 1 5
37 91 4 7
37 93 3 8
37 94 6 9
37 95 1 3
37 96 7 10
37 97 3 3
37 98 7 3
37 99 2 5
37 100 9 6
38 39 6 7
38 40 7 5
38 41 10 4
38 42 5 2
38 43 6 7
38 44 1 8
38 45 5 4
38 46 7 7
38 47 8 2
38 49 8 2
38 50 1 1
38 51 9 6
38 52 1 8
38 53 6 6
38 54 4 1
38 55 7 8
38 56 4 3
38 59 3 1
38 60 3 8
38 61 7 5
38 63 6 10
38 64 2 7
38 65 8 8
38 66 1 8
38 67 8 8
38 69 3 4
38 70 5 7
38 71 8 7
38 72 5 6
38 74 3 10
38 75 10 9
38 76 5 2
38 77 2 3
38 78 5 3
38 80 6 3
38 81 7 10
38 82 8 1
38 83 6 8
38 85 1 9
38 86 1 2
38 87 3 8
38 88 10 4
38 89 10 8
38 91 4 4
38 92 5 3
38 94 4 6
38 95 6 1
38 98 3 4
38 99 6 5
38 100 8 4
39 41 8 7
39 42 10 3
39 43 3 5
39 44 10 1
39 45 8 6
39 46 3 1
39 47 7 8
39 49 2 5
39 50 6 5
39 51 7 9
39 52 5 8
39 53 2 2
39 54 1 2
39 55 2 9
39 56 7 5
39 57 7 1
39 58 4 7
39 59 8 8
39 61 3 7
39 62 3 8
39 63 8 4
39 66 7 7
39 67 9 6
39 68 4 5
39 69 3 9
39 70 10 1
39 71 7 4
39 72 1 7
39 73 10 3
39 74 1 6
39 75 4 10
39 76 1 1
39 77 10 4
39 78 5 8
39 79 4 8
39 80 5 4
39 83 1 7
39 84 3 7
39 86 3 6
39 87 1 6
39 88 7 3
39 90 5 1
39 91 6 6
39 92 3 8
39 93 9 6
39 94 2 3
39 96 5 3
39 97 2 1
39 98 5 4
39 99 1 5
39 100 3 9
40 42 8 5
40 43 4 3
40 44 10 7
40 45 1 7
40 46 3 4
40 47 1 6
40 48 5 1
40 49 4 9
40 50 1 10
40 51 8 6
40 52 7 8
40 54 10 7
40 56 9 1
40 57 8 3
40 59 6 7
40 60 5 5
40 61 2 10
40 63 4 6
40 64 6 2
40 66 4 8
40 68 3 9
40 69 9 8
40 71 6 3
40 72 4 2
40 74 1 1
40 75 7 3
40 78 10 3
40 80 6 7
40 81 6 5
40 83 2 2
40 84 7 6
40 86 2 3
40 87 2 1
40 88 10 9
40 89 7 10
40 90 1 7
40 91 1 7
40 93 8 10
40 94 10 7
40 95 1 1
40 97 7 2
40 98 4 5
40 99 2 6
40 100 1 5
41 42 10 10
41 43 1 3
41 44 4 1
41 46 1 8
41 49 2 7
41 50 10 1
41 51 2 1
41 53 10 9
41 54 4 2
41 55 2 8
41 56 3 2
41 57 9 3
41 58 8 7
41 60 2 3
41 61 6 8
41 62 9 2
41 63 1 10
41 64 2 5
41 66 8 9
41 67 1 9
41 68 3 4
41 69 6 3
41 71 1 7
41 72 1 9
41 73 6 10
41 74 1 3
41 75 6 2
41 76 8 6
41 77 10 3
41 78 1 9
41 79 10 6
41 80 7 3
41 81 9 9
41 82 4 2
41 83 4 7
41 84 2 3
41 86 1 2
41 87 9 10
41 88 10 10
41 89 7 2
41 90 1 5
41 92 7 2
41 93 7 10
41 94 8 4
41 95 3 6
41 96 1 9
41 97 10 8
41 98 8 1
41 99 4 4
41 100 8 6
42 43 6 9
42 44 10 7
42 47 4 7
42 49 10 4
42 50 2 3
42 51 5 5
42 53 2 6
42 54 3 9
42 56 10 5
42 57 8 2
42 59 9 10
42 60 6 8
42 61 8 7
42 62 5 4
42 64 5 3
42 66 4 3
42 67 2 4
42 68 8 5
42 69 6 5
42 71 5 2
42 72 9 4
42 73 3 6
42 74 1 1
42 75 7 9
42 77 5 7
42 78 10 3
42 80 1 6
42 81 2 1
42 82 10 6
42 83 1 2
42 84 6 6
42 85 8 2
42 86 9 6
42 87 3 3
42 88 10 10
42 89 9 9
42 90 8 1
42 91 5 2
42 92 9 4
42 93 7 6
42 95 4 3
42 96 7 9
42 97 7 1
42 98 4 5
42 99 2 6
42 100 6 9
43 44 10 1
43 45 6 6
43 46 9 9
43 47 6 3
43 48 8 7
43 49 7 3
43 50 3 3
43 52 4 3
43 53 4 10
43 54 7 2
43 55 8 2
43 58 1 5
43 59 10 8
43 60 7 10
43 61 6 9
43 62 1 9
43 63 1 7
43 64 2 5
43 65 9 10
43 67 1 8
43 68 3 2
43 69 4 5
43 71 6 6
43 72 7 10
43 73 3 4
43 74 4 6
43 75 5 9
43 76 10 1
43 77 5 4
43 78 7 3
43 79 8 1
43 81 2 3
43 83 2 7
43 84 4 2
43 85 1 5
43 86 6 8
43 87 2 4
43 88 8 2
43 89 1 6
43 91 9 8
43 92 5 5
43 93 2 2
43 94 5 8
43 95 7 8
43 97 8 7
43 98 9 9
43 99 5 1
43 100 3 10
44 45 1 9
44 46 7 10
44 47 8 3
44 48 2 4
44 49 5 2
44 51 6 5
44 53 10 6
44 55 1 6
44 56 6 5
44 57 5 4
44 58 9 2
44 59 6 2
44 61 1 1
44 62 2 7
44 63 9 4
44 67 2 2
44 69 6 1
44 70 3 10
44 71 10 1
44 73 1 8
44 74 3 8
44 75 8 2
44 76 5 3
44 77 3 10
44 78 1 8
44 80 1 2
44 81 1 3
44 82 2 6
44 83 1 6
44 84 6 2
44 85 8 9
44 86 9 1
44 87 4 2
44 88 3 6
44 91 8 10
44 92 9 10
44 93 8 1
44 94 9 1
44 95 1 4
44 96 3 3
44 97 5 9
44 98 10 7
44 99 4 8
44 100 5 2
45 46 10 7
45 47 8 3
45 48 1 6
45 49 5 10
45 51 3 7
45 52 8 7
45 54 3 4
45 57 10 10
45 58 4 6
45 59 7 1
45 61 3 10
45 62 7 10
45 63 3 7
45 64 5 9
45 65 1 6
45 66 5 10
45 67 1 7
45 68 9 2
45 70 8 8
45 72 8 9
45 73 1 8
45 74 4 1
45 75 3 9
45 76 3 7
45 79 8 1
45 81 7 10
45 83 3 6
45 84 9 5
45 85 2 6
45 86 8 6
45 88 3 1
45 89 10 2
45 91 6 3
45 92 6 5
45 93 2 1
45 95 9 8
45 96 1 10
45 98 2 7
45 99 10 7
46 47 6 6
46 48 4 9
46 49 4 6
46 50 3 10
46 52 1 5
46 53 6 10
46 54 8 5
46 55 8 3
46 56 10 8
46 57 7 3
46 58 7 4
46 59 6 9
46 60 1 9
46 61 2 6
46 63 3 3
46 64 7 9
46 65 4 7
46 67 5 3
46 68 9 3
46 69 7 2
46 70 8 5
46 71 2 3
46 72 9 10
46 73 3 7
46 75 8 7
46 77 6 6
46 78 6 5
46 79 7 9
46 80 8 4
46 82 6 1
46 83 6 9
46 84 4 4
46 85 7 6
46 86 4 7
46 87 1 8
46 88 1 7
46 89 4 7
46 90 6 5
46 91 6 3
46 93 10 5
46 95 4 5
46 97 2 6
46 98 6 7
46 99 9 1
46 100 5 8
47 48 10 10
47 49 4 9
47 50 9 7
47 51 7 7
47 52 3 7
47 53 6 2
47 54 10 4
47 55 4 2
47 56 7 4
47 57 2 4
47 58 9 1
47 59 10 3
47 61 7 2
47 62 1 3
47 64 10 6
47 65 10 3
47 66 5 9
47 67 5 9
47 68 9 1
47 69 5 6
47 70 6 3
47 71 4 2
47 73 8 2
47 74 9 4
47 76 1 3
47 77 8 8
47 78 1 7
47 80 3 4
47 81 4 7
47 82 10 5
47 83 2 9
47 84 2 1
47 85 9 2
47 86 7 4
47 87 2 5
47 88 2 5
47 89 1 6
47 90 1 10
47 94 5 4
47 97 3 3
47 98 1 2
47 99 1 9
47 100 8 1
48 49 9 8
48 50 9 6
48 51 2 7
48 54 4 9
48 55 5 6
48 56 8 4
48 57 10 3
48 58 7 8
48 59 7 3
48 61 9 5
48 62 5 9
48 63 6 9
48 65 8 3
48 66 6 2
48 67 7 8
48 71 9 6
48 72 5 1
48 73 8 1
48 75 2 10
48 76 2 4
48 77 5 7
48 78 1 10
48 80 8 10
48 82 3 10
48 83 3 10
48 84 9 3
48 85 6 5
48 86 8 7
48 88 1 4
48 89 10 3
48 90 9 2
48 94 10 8
48 95 10 8
48 96 9 2
48 97 5 10
48 98 10 4
48 99 10 10
49 50 5 4
49 51 9 6
49 52 4 10
49 53 10 10
49 55 4 3
49 56 4 10
49 57 4 5
49 58 4 2
49 59 7 1
49 61 4 7
49 62 5 4
49 63 5 8
49 64 1 3
49 65 3 8
49 66 8 2
49 67 9 6
49 68 9 1
49 70 3 3
49 71 2 7
49 73 7 2
49 74 3 5
49 75 3 4
49 76 2 5
49 77 3 2
49 78 10 10
49 79 9 10
49 80 10 10
49 81 4 9
49 82 8 7
49 83 1 5
49 85 2 2
49 87 6 3
49 88 1 4
49 89 4 5
49 90 9 7
49 92 9 4
49 93 2 3
49 94 4 3
49 95 6 9
49 96 9 6
49 97 10 6
49 98 2 8
49 99 10 7
49 100 8 10
50 51 3 8
50 52 5 10
50 53 1 8
50 54 6 3
50 55 5 2
50 56 8 1
50 57 3 10
50 60 9 6
50 61 5 7
50 63 4 5
50 64 1 8
50 65 6 3
50 67 5 7
50 68 3 5
50 69 2 4
50 70 7 10
50 71 6 3
50 72 3 10
50 73 8 3
50 74 1 2
50 75 3 10
50 76 6 3
50 77 9 5
50 78 8 3
50 81 10 1
50 83 7 8
50 84 3 1
50 85 9 4
50 86 8 10
50 87 1 10
50 89 9 2
50 90 3 1
50 91 9 7
50 92 1 8
50 93 6 9
50 94 3 4
50 95 6 6
50 96 3 10
50 97 7 9
50 98 10 8
50 99 2 9
50 100 3 4
51 52 9 3
51 53 6 10
51 54 1 8
51 55 10 6
51 57 7 8
51 58 2 3
51 59 9 9
51 60 9 4
51 61 4 6
51 62 9 7
51 63 3 8
51 64 9 2
51 66 9 9
51 67 10 5
51 69 6 8
51 71 3 2
51 72 9 10
51 74 10 4
51 75 9 7
51 76 2 10
51 77 1 7
51 78 6 8
51 79 2 8
51 80 2 2
51 81 4 3
51 82 1 6
51 84 10 9
51 85 1 9
51 86 7 10
51 87 7 8
51 88 3 4
51 89 6 10
51 90 5 3
51 91 5 10
51 92 3 2
51 94 8 4
51 95 7 10
51 96 9 3
51 97 6 7
51 98 10 2
51 99 8 6
52 53 5 4
52 54 2 3
52 56 5 7
52 57 4 10
52 58 6 3
52 59 10 7
52 60 4 6
52 61 3 4
52 64 10 5
52 65 8 5
52 66 1 4
52 68 5 10
52 69 10 3
52 70 4 6
52 71 6 10
52 74 2 8
52 78 10 2
52 79 7 8
52 80 8 10
52 81 5 3
52 82 2 9
52 83 2 9
52 84 7 1
52 85 7 1
52 86 3 3
52 87 7 4
52 88 6 1
52 89 2 1
52 90 4 8
52 91 1 8
52 93 8 3
52 94 3 7
52 96 3 8
52 97 4 1
52 98 6 7
52 99 10 10
52 100 8 4
53 54 7 5
53 56 2 2
53 57 5 4
53 59 5 7
53 60 8 8
53 61 1 1
53 62 3 8
53 63 9 8
53 65 3 4
53 66 2 2
53 67 4 7
53 68 7 3
53 69 10 10
53 70 9 4
53 71 9 7
53 72 8 4
53 75 2 4
53 77 1 3
53 78 5 3
53 79 8 2
53 81 5 5
53 82 6 1
53 83 1 9
53 84 6 3
53 85 6 10
53 86 1 9
53 88 8 8
53 89 5 4
53 90 8 10
53 91 4 9
53 92 6 8
53 93 5 2
53 96 4 3
53 97 5 8
53 98 7 9
53 99 1 1
53 100 10 1
54 56 9 8
54 59 2 6
54 61 8 7
54 62 4 6
54 63 9 7
54 64 7 2
54 66 7 4
54 67 8 2
54 68 7 8
54 69 8 3
54 70 5 3
54 73 8 8
54 74 4 3
54 75 1 7
54 76 2 8
54 77 5 9
54 78 3 9
54 81 9 3
54 83 1 6
54 84 6 4
54 86 1 5
54 87 2 2
54 88 1 2
54 90 1 7
54 92 4 7
54 93 8 5
54 96 5 8
54 98 5 6
54 99 5 9
54 100 10 2
55 56 5 6
55 57 2 10
55 58 6 1
55 59 8 4
55 61 7 3
55 62 2 7
55 63 3 6
55 64 4 7
55 65 8 9
55 66 1 6
55 67 3 5
55 68 8 3
55 69 4 8
55 70 2 3
55 71 5 5
55 73 6 5
55 74 6 9
55 76 5 1
55 77 3 8
55 78 6 3
55 79 5 9
55 80 2 1
55 81 6 2
55 82 7 9
55 83 6 7
55 85 10 8
55 86 10 3
55 89 1 5
55 90 6 9
55 91 5 1
55 92 1 5
55 94 6 9
55 95 4 5
55 97 1 7
55 98 6 10
55 99 6 4
55 100 5 5
56 57 5 2
56 58 6 8
56 60 7 4
56 61 3 5
56 62 2 7
56 63 6 5
56 64 7 4
56 65 10 10
56 67 3 4
56 68 5 6
56 69 4 7
56 71 3 9
56 72 4 9
56 73 6 1
56 76 1 9
56 77 1 3
56 78 10 1
56 79 10 6
56 80 8 10
56 81 10 1
56 83 2 1
56 84 1 1
56 85 3 1
56 86 2 9
56 87 10 2
56 88 2 1
56 89 4 9
56 90 1 7
56 91 7 6
56 92 5 2
56 93 4 8
56 94 8 5
56 95 9 2
56 96 7 9
56 97 3 9
56 98 4 1
56 99 6 7
56 100 9 8
57 58 4 5
57 59 4 8
57 60 5 10
57 61 4 10
57 62 9 8
57 64 4 9
57 65 4 5
57 66 10 8
57 67 2 5
57 68 5 8
57 69 10 2
57 71 9 8
57 72 3 9
57 73 7 4
57 76 10 3
57 77 4 8
57 81 6 9
57 82 3 10
57 83 4 7
57 84 10 4
57 85 8 6
57 88 7 6
57 90 6 4
57 91 4 5
57 94 9 8
57 95 8 1
57 96 2 2
57 97 6 5
57 98 2 2
57 99 1 8
58 60 4 8
58 62 5 5
58 63 9 1
58 64 10 4
58 65 10 6
58 66 4 3
58 67 9 1
58 68 4 7
58 69 7 7
58 70 3 10
58 71 3 8
58 72 10 9
58 73 7 4
58 74 6 4
58 75 4 1
58 76 4 3
58 77 1 9
58 78 10 5
58 79 9 7
58 80 6 4
58 81 9 3
58 82 7 3
58 83 10 1
58 84 1 7
58 86 8 6
58 87 2 8
58 88 8 10
58 89 2 5
58 90 5 10
58 91 8 1
58 92 10 9
58 93 3 2
58 94 9 9
58 95 9 8
58 96 9 5
58 97 8 5
58 98 3 3
58 99 5 2
58 100 7 6
59 60 4 4
59 61 8 6
59 62 3 10
59 63 6 8
59 65 3 3
59 66 2 7
59 68 2 5
59 69 4 1
59 70 8 8
59 73 9 7
59 74 9 3
59 75 1 1
59 76 9 10
59 77 2 4
59 78 4 4
59 79 1 9
59 80 9 3
59 81 3 9
59 82 5 6
59 85 8 9
59 86 1 9
59 88 10 5
59 89 6 2
59 90 9 10
59 91 7 2
59 93 3 5
59 94 2 7
59 95 4 8
59 96 5 9
59 97 1 1
59 98 10 6
59 100 5 4
60 61 7 5
60 62 10 7
60 65 1 6
60 66 3 10
60 67 1 5
60 68 6 4
60 69 7 9
60 70 6 10
60 71 5 5
60 72 8 4
60 73 2 5
60 74 1 2
60 75 7 7
60 76 9 6
60 78 9 1
60 79 5 7
60 80 4 10
60 81 8 2
60 82 10 3
60 83 4 2
60 84 6 5
60 85 2 7
60 86 9 6
60 87 9 5
60 89 10 6
60 91 3 8
60 92 1 2
60 93 4 6
60 94 3 5
60 95 3 3
60 96 2 2
60 97 5 7
60 98 10 8
60 99 4 4
60 100 3 8
61 62 8 9
61 63 3 8
61 64 6 5
61 65 3 6
61 67 4 9
61 68 6 3
61 69 9 7
61 70 1 1
61 72 8 8
61 73 9 4
61 74 8 9
61 75 7 6
61 76 10 8
61 78 10 2
61 79 5 10
61 80 2 10
61 81 3 4
61 82 4 6
61 83 10 7
61 84 2 2
61 85 1 8
61 86 9 2
61 87 5 5
61 88 8 4
61 89 5 6
61 90 10 3
61 91 1 5
61 92 2 2
61 94 2 3
61 95 5 7
61 96 2 3
61 97 6 5
61 98 5 8
61 99 2 1
61 100 2 8
62 63 2 10
62 64 9 6
62 65 10 2
62 66 9 7
62 67 6 9
62 68 4 5
62 70 4 8
62 71 5 10
62 72 7 9
62 73 1 1
62 74 9 5
62 75 1 6
62 76 8 6
62 77 3 8
62 78 2 1
62 79 6 3
62 80 3 7
62 83 2 7
62 84 9 9
62 85 4 1
62 87 8 4
62 88 8 3
62 90 8 8
62 91 2 2
62 92 3 7
62 93 4 10
62 94 4 1
62 96 10 8
62 97 9 5
62 98 3 8
62 100 8 10
63 64 5 10
63 66 3 6
63 67 8 8
63 68 3 5
63 69 4 5
63 70 3 3
63 71 1 5
63 72 2 9
63 75 4 4
63 76 4 8
63 77 2 7
63 78 5 2
63 79 3 2
63 80 4 6
63 82 5 4
63 83 8 5
63 85 9 5
63 86 4 5
63 87 1 6
63 88 3 2
63 90 2 6
63 91 6 5
63 92 9 7
63 93 3 1
63 96 6 9
63 97 10 10
63 99 2 4
63 100 8 4
64 65 7 6
64 67 8 2
64 70 3 8
64 71 9 4
64 72 4 3
64 73 8 2
64 74 5 9
64 75 3 4
64 76 2 8
64 77 6 6
64 78 6 1
64 79 8 9
64 80 6 4
64 81 3 5
64 82 1 4
64 84 7 2
64 85 8 4
64 86 8 4
64 88 3 4
64 90 6 10
64 93 9 3
64 94 3 4
64 95 4 9
64 96 5 9
64 97 3 1
64 100 5 9
65 67 4 7
65 69 1 10
65 70 6 4
65 71 2 2
65 72 1 10
65 74 7 3
65 75 4 6
65 77 8 9
65 79 6 4
65 81 1 1
65 82 5 8
65 83 5 1
65 84 7 2
65 85 4 4
65 86 7 7
65 87 10 10
65 89 10 9
65 90 5 9
65 91 8 8
65 92 2 3
65 93 4 7
65 94 10 5
65 95 4 7
65 96 9 7
65 99 4 10
65 100 4 3
66 67 3 3
66 68 5 8
66 69 4 2
66 70 3 5
66 71 8 9
66 72 2 7
66 73 1 6
66 74 6 1
66 75 6 2
66 76 9 2
66 77 8 4
66 79 9 10
66 80 7 8
66 81 3 1
66 82 9 4
66 83 10 6
66 84 3 4
66 86 10 7
66 87 9 5
66 88 5 2
66 89 2 4
66 90 6 5
66 91 7 4
66 92 5 8
66 93 10 9
66 95 10 9
66 96 10 9
66 98 8 9
66 99 7 1
67 68 5 5
67 69 7 10
67 70 7 1
67 71 10 1
67 72 6 3
67 73 7 1
67 74 2 7
67 76 2 8
67 77 3 8
67 78 5 1
67 79 4 7
67 80 1 10
67 81 1 7
67 82 9 3
67 83 2 3
67 84 6 9
67 85 1 9
67 86 9 9
67 87 9 9
67 88 4 4
67 89 3 6
67 90 2 6
67 91 7 1
67 93 2 8
67 95 3 2
67 96 9 4
67 97 10 9
67 98 1 2
67 100 1 6
68 69 9 4
68 70 3 3
68 71 10 6
68 72 5 7
68 73 4 8
68 75 10 1
68 76 10 6
68 78 4 7
68 79 6 5
68 81 2 4
68 84 2 7
68 85 3 9
68 87 5 8
68 88 5 4
68 91 3 5
68 92 3 8
68 93 6 1
68 94 8 4
68 96 3 1
68 97 6 9
68 98 7 3
68 99 4 1
68 100 2 3
69 70 7 3
69 71 10 5
69 72 1 1
69 73 4 8
69 74 9 7
69 75 5 4
69 76 2 9
69 77 10 1
69 78 7 3
69 80 3 6
69 81 1 6
69 82 2 9
69 83 4 1
69 84 5 10
69 85 7 7
69 86 9 6
69 87 9 4
69 88 10 6
69 89 1 9
69 91 8 10
69 92 4 3
69 93 7 10
69 95 3 4
69 96 8 7
69 97 8 8
69 98 1 2
69 99 1 5
69 100 3 1
70 71 7 8
70 72 2 2
70 73 10 4
70 75 9 4
70 76 3 10
70 77 5 2
70 79 5 10
70 80 5 6
70 81 1 9
70 82 6 8
70 83 5 3
70 86 1 2
70 87 6 7
70 88 1 3
70 89 2 4
70 90 1 9
70 92 9 9
70 93 2 4
70 94 5 1
70 95 3 1
70 96 10 3
70 97 2 5
70 99 5 3
70 100 7 2
71 72 10 2
71 74 3 2
71 75 8 8
71 76 9 10
71 77 1 8
71 78 6 3
71 79 2 6
71 80 5 8
71 81 5 1
71 83 10 1
71 84 9 2
71 85 7 1
71 86 9 1
71 87 6 10
71 88 4 7
71 89 10 1
71 90 6 6
71 91 9 8
71 92 2 7
71 94 6 4
71 97 2 10
71 98 4 8
71 99 6 8
72 73 1 5
72 74 1 1
72 75 2 8
72 78 10 9
72 80 8 6
72 81 7 7
72 82 6 5
72 83 10 6
72 84 3 5
72 86 9 7
72 87 1 7
72 88 5 2
72 89 5 3
72 90 7 6
72 91 7 6
72 92 9 3
72 93 4 7
72 94 4 8
72 95 1 8
72 96 2 1
72 97 5 8
72 98 6 2
72 99 9 8
72 100 4 2
73 75 4 7
73 76 6 7
73 77 2 3
73 79 1 6
73 81 2 7
73 82 5 6
73 85 8 6
73 87 10 3
73 88 9 9
73 89 4 1
73 90 5 7
73 92 7 8
73 93 4 1
73 95 10 3
73 96 10 2
73 97 5 9
73 98 2 1
73 99 10 7
73 100 3 9
74 75 9 8
74 76 8 1
74 77 5 8
74 78 8 8
74 79 10 2
74 80 10 7
74 81 9 7
74 82 6 2
74 84 3 3
74 85 6 10
74 87 3 8
74 88 4 6
74 89 7 2
74 90 8 3
74 91 5 7
74 92 9 5
74 93 3 5
74 94 5 2
74 96 7 9
74 97 2 5
74 98 2 2
74 99 6 4
74 100 8 7
75 76 10 2
75 77 4 10
75 78 7 3
75 79 2 1
75 80 5 1
75 81 7 6
75 82 6 7
75 83 1 8
75 84 9 1
75 85 6 2
75 87 10 9
75 89 4 5
75 91 8 7
75 92 3 8
75 93 2 2
75 94 6 4
75 95 3 2
75 96 7 2
75 97 6 4
75 98 1 4
75 99 8 8
75 100 5 5
76 77 3 9
76 78 6 5
76 79 5 5
76 82 1 4
76 83 5 8
76 84 9 3
76 85 5 4
76 87 8 4
76 88 3 1
76 89 6 2
76 90 2 4
76 91 7 9
76 92 1 8
76 93 8 7
76 94 4 5
76 95 1 5
76 98 5 3
76 99 4 10
76 100 1 9
77 79 7 9
77 80 5 1
77 82 3 5
77 83 5 4
77 84 8 10
77 86 9 8
77 87 1 3
77 88 4 1
77 89 4 2
77 90 10 10
77 91 9 5
77 93 1 1
77 95 9 2
77 96 10 6
77 97 9 5
77 98 7 10
77 99 6 2
77 100 8 5
78 79 10 9
78 80 3 9
78 81 7 7
78 82 5 9
78 83 4 3
78 84 7 4
78 85 7 5
78 86 9 2
78 87 4 1
78 88 5 2
78 89 8 1
78 90 10 6
78 91 4 6
78 92 8 2
78 93 6 5
78 95 7 10
78 96 7 3
78 97 5 8
78 99 10 8
79 81 1 7
79 82 8 9
79 84 2 8
79 85 5 8
79 87 8 4
79 88 7 1
79 90 5 2
79 91 10 3
79 92 9 1
79 93 5 1
79 94 3 8
79 95 3 7
79 96 6 9
79 97 8 10
79 98 7 1
79 99 8 7
79 100 2 1
80 81 5 10
80 82 2 8
80 84 1 10
80 86 4 1
80 87 9 6
80 88 10 6
80 89 9 2
80 90 9 10
80 91 8 9
80 95 10 8
80 96 9 10
80 97 3 10
80 98 8 6
80 99 6 4
80 100 5 3
81 82 1 8
81 83 8 1
81 84 10 1
81 85 1 10
81 86 4 8
81 89 7 7
81 90 9 2
81 91 10 6
81 92 6 4
81 93 8 2
81 95 2 1
81 96 6 6
81 98 8 4
81 99 9 10
81 100 9 1
82 84 7 7
82 85 6 2
82 86 7 4
82 87 9 1
82 88 2 4
82 90 7 8
82 91 6 2
82 92 6 9
82 93 4 10
82 94 4 8
82 95 4 6
82 96 9 10
82 97 6 8
82 98 1 6
82 99 4 4
82 100 8 10
83 84 4 1
83 85 2 5
83 86 5 5
83 87 5 5
83 89 10 7
83 90 10 5
83 92 9 2
83 93 2 4
83 94 5 2
83 96 9 9
83 97 5 4
83 98 9 6
83 99 5 1
83 100 2 1
84 85 5 5
84 86 10 2
84 87 7 10
84 88 1 2
84 89 1 7
84 90 8 3
84 91 3 5
84 92 5 1
84 93 9 8
84 94 6 9
84 95 7 1
84 96 6 1
84 97 7 8
84 99 6 1
84 100 3 1
85 86 7 1
85 87 8 1
85 88 10 8
85 89 6 7
85 90 4 1
85 91 5 7
85 92 9 10
85 93 6 5
85 96 6 3
85 98 1 2
85 100 1 6
86 87 9 1
86 89 7 8
86 90 7 10
86 91 1 2
86 92 7 6
86 93 3 8
86 96 6 1
86 97 6 1
86 100 2 10
87 89 2 3
87 90 2 1
87 92 10 7
87 93 5 7
87 95 10 9
87 96 7 7
87 97 8 1
87 99 1 1
87 100 6 6
88 89 1 7
88 90 6 6
88 91 1 4
88 92 10 6
88 93 10 1
88 94 2 7
88 96 3 8
88 97 6 8
88 98 10 8
88 99 9 9
88 100 7 10
89 90 10 2
89 91 7 8
89 92 2 8
89 93 6 5
89 94 6 8
89 95 3 5
89 96 4 9
89 97 2 4
89 98 6 7
90 91 2 4
90 92 9 8
90 93 3 7
90 95 9 7
90 97 7 4
90 98 5 3
90 99 5 8
90 100 4 5
91 92 5 3
91 94 2 7
91 95 6 3
91 96 2 5
91 97 9 8
91 98 2 8
91 99 3 7
91 100 7 6
92 93 10 5
92 94 1 2
92 95 7 2
92 97 5 6
92 98 4 6
92 99 4 8
92 100 5 10
93 94 3 2
93 95 5 2
93 97 6 8
93 98 1 9
93 99 3 4
94 95 2 8
94 96 5 3
94 98 4 10
94 100 2 9
95 96 6 8
95 97 5 6
95 98 4 1
95 99 2 1
95 100 10 10
96 97 9 5
96 98 8 7
96 99 2 6
96 100 2 1
97 98 7 7
97 99 9 3
97 100 6 1
98 99 9 6
98 100 2 8
99 100 4 7
1
1 2 3 4 5 6 7 8 9 10 11 12 13 14 15 16 17 18 19 20 21 22 23 24 25 26 27 28 29 30 31 32 33 34 35 36 37 38 39 40 41 42 43 44 45 46 47 48 49 50
