3946
1 2 9 8
1 3 7 1
1 4 8 7
1 6 2 2
1 7 1 7
1 8 6 5
1 9 6 3
1 11 10 4
1 12 6 3
1 13 4 2
1 14 6 4
1 15 1 6
1 16 2 9
1 17 8 8
1 18 10 9
1 19 5 1
1 20 5 4
1 21 1 8
1 22 3 4
1 23 9 7
1 24 2 10
1 26 1 1
1 27 7 7
1 28 8 7
1 29 2 6
1 32 10 9
1 33 8 6
1 34 8 6
1 35 2 7
1 36 1 10
1 37 7 6
1 38 1 1
1 39 6 8
1 41 6 7
1 42 3 10
1 43 2 3
1 44 3 9
1 45 5 4
1 47 1 10
1 48 6 9
1 49 3 3
1 51 4 8
1 52 2 5
1 53 10 8
1 54 8 3
1 55 8 9
1 56 9 3
1 58 4 8
1 59 2 10
1 60 8 6
1 61 6 5
1 62 1 7
1 63 2 1
1 64 8 3
1 65 10 6
1 66 8 8
1 67 3 3
1 68 8 4
1 69 7 5
1 70 5 2
1 72 10 6
1 73 7 10
1 74 1 3
1 75 10 6
1 76 3 4
1 77 6 4
1 78 9 6
1 79 8 1
1 80 5 9
1 81 6 4
1 83 8 1
1 85 8 3
1 86 10 4
1 87 7 3
1 88 9 10
1 89 1 6
1 90 2 6
1 91 8 6
1 92 2 9
1 93 10 5
1 96 7 6
1 97 1 7
1 98 1 8
1 99 10 1
1 100 6 6
2 3 10 6
2 4 7 9
2 5 8 5
2 6 3 2
2 7 4 10
2 9 6 5
2 10 5 10
2 11 4 6
2 12 6 8
2 14 2 3
2 16 6 3
2 17 9 1
2 18 1 2
2 19 6 1
2 20 10 5
2 21 8 1
2 22 3 6
2 23 9 3
2 24 3 7
2 25 9 10
2 26 6 7
2 27 8 10
2 28 4 10
2 29 9 10
2 30 4 8
2 31 2 6
2 32 8 10
2 34 2 1
2 35 6 1
2 36 10 3
2 37 2 3
2 40 5 1
2 41 2 1
2 42 9 9
2 43 8 10
2 45 10 10
2 46 9 5
2 47 7 1
2 50 10 10
2 51 3 2
2 53 2 1
2 54 1 3
2 56 5 4
2 57 3 5
2 58 2 2
2 59 8 6
2 60 6 1
2 62 8 2
2 63 9 3
2 64 10 6
2 65 7 9
2 67 8 5
2 68 3 1
2 71 7 7
2 73 7 8
2 74 6 3
2 75 9 10
2 76 7 4
2 77 2 6
2 79 10 4
2 82 7 7
2 83 10 9
2 84 2 3
2 86 4 2
2 87 8 6
2 88 9 6
2 90 9 3
2 91 1 4
2 92 4 9
2 93 5 7
2 94 10 7
2 95 7 3
2 96 7 2
2 99 3 10
2 100 2 1
3 4 3 3
3 7 8 1
3 8 9 2
3 9 5 9
3 11 9 1
3 13 8 4
3 14 2 6
3 15 3 8
3 16 2 2
3 17 2 8
3 18 6 5
3 19 3 1
3 20 10 4
3 21 3 9
3 22 7 1
3 23 9 7
3 24 3 4
3 25 4 1
3 26 9 9
3 27 4 4
3 28 2 8
3 29 8 9
3 30 2 3
3 31 9 2
3 32 2 5
3 33 2 10
3 34 8 4
3 35 9 5
3 36 3 5
3 37 1 2
3 38 9 10
3 39 7 6
3 41 4 2
3 43 6 6
3 44 10 2
3 45 4 7
3 46 7 10
3 48 3 5
3 49 4 1
3 50 8 2
3 51 7 2
3 53 10 4
3 55 5 3
3 56 2 2
3 58 7 8
3 59 1 2
3 60 8 6
3 62 8 6
3 63 1 4
3 64 4 2
3 65 2 9
3 66 6 1
3 67 1 3
3 68 8 6
3 69 6 5
3 71 1 10
3 73 7 1
3 74 10 7
3 76 8 10
3 77 3 8
3 78 4 4
3 79 1 9
3 80 8 5
3 81 3 1
3 83 5 3
3 84 5 9
3 85 2 8
3 86 3 6
3 87 8 5
3 89 8 7
3 90 7 1
3 91 4 8
3 92 7 8
3 93 2 1
3 94 6 5
3 95 8 9
3 97 10 1
3 98 6 6
3 99 7 9
4 5 9 1
4 6 4 4
4 7 2 7
4 8 3 7
4 9 7 4
4 10 2 5
4 11 7 10
4 12 3 5
4 13 1 9
4 14 5 5
4 15 7 6
4 17 1 3
4 19 3 6
4 23 1 9
4 24 6 9
4 25 8 1
4 26 1 9
4 27 8 5
4 28 10 2
4 29 5 9
4 31 7 5
4 35 3 8
4 36 6 5
4 37 9 8
4 40 6 6
4 41 10 10
4 42 8 1
4 44 3 5
4 46 8 1
4 47 3 7
4 48 7 7
4 49 7 4
4 50 9 7
4 51 1 4
4 52 3 7
4 53 3 3
4 54 5 8
4 55 8 8
4 56 7 7
4 57 5 8
4 59 3 7
4 60 4 9
4 61 9 8
4 62 8 2
4 63 5 5
4 65 9 8
4 66 1 5
4 67 2 7
4 68 9 4
4 69 5 8
4 70 9 8
4 72 7 10
4 73 6 9
4 74 3 8
4 75 10 2
4 76 6 6
4 79 1 3
4 81 7 1
4 82 10 8
4 83 7 4
4 84 1 7
4 85 10 9
4 87 10 7
4 90 5 5
4 91 3 1
4 92 5 5
4 93 2 4
4 94 1 10
4 95 2 7
4 97 9 8
4 98 5 1
4 100 3 5
5 6 10 3
5 7 2 7
5 8 9 7
5 9 7 6
5 10 2 8
5 11 9 1
5 13 6 7
5 15 5 7
5 16 9 2
5 17 3 7
5 18 10 8
5 19 1 4
5 20 9 5
5 21 1 10
5 22 7 5
5 23 9 3
5 24 1 3
5 25 2 9
5 26 10 3
5 27 7 3
5 30 6 4
5 31 2 8
5 32 9 3
5 33 10 10
5 34 1 7
5 35 5 10
5 36 4 1
5 37 8 1
5 39 9 6
5 40 9 6
5 41 4 3
5 42 6 10
5 45 10 1
5 46 4 7
5 47 10 3
5 48 6 6
5 50 3 7
5 51 1 10
5 53 3 1
5 54 10 8
5 55 9 4
5 56 3 6
5 57 5 9
5 59 4 6
5 60 2 1
5 61 7 2
5 62 10 10
5 63 1 8
5 64 3 7
5 65 1 10
5 66 3 10
5 68 10 2
5 69 5 2
5 70 4 8
5 71 1 9
5 72 1 7
5 73 4 8
5 74 4 5
5 75 1 5
5 76 10 3
5 77 1 9
5 78 8 5
5 79 4 6
5 80 8 10
5 81 3 9
5 82 2 4
5 83 9 2
5 85 8 10
5 86 1 1
5 88 10 6
5 89 4 1
5 90 9 5
5 91 6 7
5 92 9 7
5 93 2 6
5 94 7 8
5 96 7 5
5 97 7 1
5 98 7 4
6 7 9 4
6 8 3 8
6 9 9 4
6 10 5 8
6 12 9 3
6 13 7 5
6 15 8 9
6 18 8 1
6 19 5 6
6 20 2 3
6 21 3 5
6 22 4 6
6 24 4 1
6 25 3 6
6 26 3 9
6 27 2 1
6 28 8 7
6 29 6 1
6 30 10 9
6 31 2 10
6 32 2 5
6 33 6 10
6 34 9 4
6 36 5 1
6 37 6 3
6 38 7 6
6 39 1 2
6 40 4 5
6 41 9 10
6 44 8 1
6 45 6 4
6 46 7 1
6 47 10 4
6 48 5 1
6 49 2 9
6 50 3 4
6 51 2 8
6 53 9 3
6 55 9 2
6 56 6 9
6 57 5 1
6 59 9 4
6 60 8 8
6 61 7 3
6 62 7 8
6 63 10 7
6 64 1 9
6 65 9 7
6 67 3 6
6 68 5 6
6 69 5 4
6 70 8 2
6 71 1 1
6 72 10 4
6 73 9 2
6 74 6 2
6 75 7 3
6 76 7 10
6 77 2 5
6 79 3 3
6 80 9 5
6 84 8 8
6 85 9 2
6 86 7 1
6 87 4 8
6 88 10 3
6 89 5 6
6 91 5 10
6 92 4 10
6 94 10 5
6 95 6 9
6 96 10 10
6 98 3 8
6 99 7 5
6 100 7 3
7 9 1 2
7 11 2 2
7 12 7 5
7 13 7 2
7 14 2 4
7 15 2 7
7 16 4 3
7 17 10 6
7 18 2 2
7 20 5 3
7 21 9 4
7 22 8 2
7 23 9 6
7 24 4 6
7 25 3 7
7 26 7 5
7 30 3 2
7 31 2 1
7 32 9 7
7 33 4 9
7 34 2 5
7 37 5 2
7 38 2 4
7 39 1 8
7 40 10 3
7 43 9 4
7 44 6 4
7 46 6 8
7 47 7 2
7 48 4 2
7 49 9 4
7 51 2 10
7 52 6 2
7 54 4 4
7 55 9 5
7 56 8 4
7 57 3 2
7 58 8 10
7 59 5 8
7 60 5 8
7 62 1 1
7 63 6 6
7 64 5 6
7 65 1 5
7 66 2 10
7 67 4 6
7 68 6 6
7 69 4 5
7 72 5 5
7 73 1 7
7 74 7 9
7 75 8 10
7 76 10 8
7 78 6 3
7 79 6 2
7 80 7 7
7 82 5 6
7 83 2 1
7 84 6 10
7 85 8 1
7 88 3 3
7 89 1 8
7 91 7 6
7 92 8 8
7 93 10 6
7 94 2 2
7 95 3 1
7 96 3 5
7 97 7 1
7 98 4 2
7 99 8 1
7 100 7 2
8 9 5 2
8 10 2 6
8 11 10 9
8 12 9 9
8 13 6 3
8 17 7 2
8 20 10 8
8 21 1 10
8 22 8 10
8 23 3 6
8 24 6 7
8 25 3 5
8 26 4 7
8 28 3 3
8 30 6 3
8 31 3 3
8 33 2 9
8 34 9 4
8 35 7 6
8 36 9 6
8 37 10 8
8 40 4 2
8 41 10 8
8 42 4 1
8 43 6 6
8 44 10 5
8 45 2 3
8 46 10 7
8 47 5 5
8 48 1 2
8 50 10 2
8 51 5 5
8 52 7 2
8 53 9 10
8 55 8 9
8 57 1 8
8 58 3 2
8 59 8 10
8 60 1 1
8 61 5 3
8 62 5 10
8 63 9 3
8 64 3 2
8 65 3 8
8 66 3 9
8 67 3 6
8 68 6 9
8 69 6 6
8 70 2 5
8 72 8 8
8 73 5 8
8 75 10 4
8 76 9 9
8 77 8 3
8 78 7 2
8 79 8 10
8 82 4 2
8 83 4 2
8 84 9 7
8 85 5 2
8 86 9 2
8 87 4 3
8 89 4 7
8 90 1 6
8 91 6 2
8 92 10 4
8 93 3 2
8 94 6 1
8 95 5 5
8 96 2 4
8 97 5 10
8 99 5 3
8 100 9 2
9 10 6 1
9 11 9 1
9 12 6 6
9 13 5 1
9 14 1 2
9 15 8 8
9 16 5 4
9 17 9 8
9 20 7 3
9 22 1 9
9 24 8 10
9 25 7 3
9 26 2 1
9 27 9 3
9 28 1 1
9 29 10 7
9 31 3 7
9 32 10 9
9 33 8 8
9 35 4 9
9 36 6 10
9 37 5 8
9 38 5 8
9 39 3 3
9 40 2 6
9 41 4 1
9 42 3 3
9 43 2 3
9 44 7 1
9 45 5 4
9 46 8 7
9 47 2 7
9 50 10 2
9 51 4 10
9 52 4 5
9 53 8 1
9 57 6 5
9 58 10 10
9 59 8 3
9 60 9 4
9 64 9 2
9 65 5 3
9 67 7 9
9 69 5 8
9 71 1 9
9 72 8 7
9 74 3 2
9 75 4 3
9 77 7 2
9 78 2 3
9 79 4 4
9 80 7 6
9 81 2 7
9 82 7 9
9 83 7 3
9 85 7 8
9 86 3 3
9 87 9 7
9 88 6 5
9 89 6 1
9 90 7 4
9 91 2 2
9 92 2 1
9 93 6 10
9 95 5 9
9 96 9 3
9 97 3 6
9 98 8 8
9 99 6 5
9 100 9 6
10 11 5 7
10 12 3 2
10 13 7 3
10 14 5 3
10 15 4 4
10 16 1 3
10 17 2 1
10 18 8 2
10 20 6 6
10 21 3 2
10 24 7 5
10 25 9 3
10 26 8 1
10 28 6 4
10 29 2 6
10 31 3 10
10 32 5 3
10 33 1 2
10 35 6 6
10 36 7 2
10 37 1 2
10 39 1 3
10 41 6 2
10 42 5 1
10 43 6 8
10 44 1 7
10 45 1 4
10 46 8 8
10 47 1 1
10 48 2 5
10 49 6 6
10 50 2 8
10 51 7 2
10 52 6 6
10 54 5 3
10 55 1 9
10 56 8 7
10 57 4 9
10 58 10 3
10 59 10 5
10 60 10 9
10 61 9 6
10 62 2 8
10 63 1 7
10 64 9 10
10 65 7 2
10 66 3 1
10 67 3 1
10 68 1 8
10 69 10 6
10 70 10 9
10 71 4 7
10 72 5 8
10 73 7 5
10 74 9 2
10 75 6 8
10 77 1 6
10 78 10 2
10 79 4 7
10 80 5 3
10 81 3 7
10 82 10 4
10 83 7 7
10 84 9 9
10 85 6 4
10 86 7 10
10 87 7 3
10 88 10 9
10 89 2 9
10 91 4 10
10 93 5 1
10 96 3 4
10 97 6 8
10 98 10 2
10 99 7 9
11 12 3 3
11 13 8 9
11 14 4 10
11 15 5 5
11 16 1 2
11 17 7 10
11 18 9 1
11 19 6 10
11 20 2 4
11 23 4 5
11 24 3 9
11 26 8 4
11 29 10 6
11 30 1 4
11 31 2 9
11 32 7 6
11 34 1 8
11 35 1 5
11 39 7 5
11 41 10 4
11 42 7 8
11 43 8 8
11 44 4 3
11 45 4 6
11 46 6 6
11 47 9 5
11 49 4 10
11 52 5 10
11 53 2 1
11 54 5 1
11 55 9 8
11 56 7 4
11 58 7 9
11 59 1 2
11 60 8 4
11 61 2 4
11 62 4 5
11 63 10 7
11 64 3 2
11 66 8 10
11 67 4 4
11 68 8 3
11 69 1 2
11 70 6 5
11 72 9 10
11 73 10 4
11 74 1 1
11 75 1 10
11 76 10 4
11 77 9 7
11 78 10 3
11 79 6 8
11 80 1 5
11 81 5 3
11 82 10 3
11 84 3 2
11 86 10 3
11 87 5 2
11 88 9 5
11 89 10 9
11 92 6 9
11 93 7 5
11 94 1 6
11 95 2 3
11 98 4 5
11 99 3 9
11 100 5 4
12 13 1 4
12 14 7 2
12 15 6 10
12 16 6 8
12 17 3 9
12 18 8 10
12 19 2 10
12 20 2 6
12 21 5 5
12 22 8 9
12 23 10 9
12 25 7 2
12 26 7 4
12 27 3 2
12 28 8 9
12 29 1 6
12 30 7 10
12 31 1 7
12 32 10 4
12 33 3 6
12 35 4 3
12 36 10 9
12 38 2 2
12 39 4 5
12 40 9 9
12 42 3 7
12 43 1 1
12 44 9 4
12 45 3 3
12 46 7 2
12 47 10 3
12 48 5 10
12 51 3 8
12 52 8 6
12 53 7 1
12 54 6 4
12 55 4 10
12 58 5 1
12 59 4 7
12 60 4 1
12 61 1 2
12 63 10 7
12 65 8 10
12 66 3 9
12 67 10 6
12 69 10 3
12 70 6 10
12 71 10 8
12 73 5 7
12 74 1 2
12 75 1 4
12 76 4 4
12 77 8 8
12 78 7 9
12 81 2 8
12 82 9 9
12 84 7 2
12 86 4 8
12 87 9 7
12 88 1 9
12 89 2 4
12 90 2 7
12 92 5 9
12 94 3 7
12 95 3 3
12 96 8 4
12 97 6 6
12 98 1 9
12 99 5 7
13 14 2 2
13 15 5 3
13 19 6 10
13 21 8 2
13 22 1 10
13 23 10 10
13 24 9 1
13 25 6 10
13 26 1 8
13 28 9 10
13 29 8 6
13 31 8 4
13 33 4 10
13 34 3 6
13 37 9 10
13 38 7 2
13 40 5 4
13 41 2 3
13 42 3 2
13 43 9 6
13 45 9 7
13 47 5 3
13 48 3 9
13 51 9 1
13 52 7 5
13 54 8 1
13 55 9 3
13 56 6 10
13 57 6 7
13 58 2 6
13 59 2 1
13 60 2 8
13 62 7 2
13 63 8 9
13 64 5 3
13 65 9 9
13 66 1 10
13 67 2 8
13 68 1 6
13 69 4 8
13 71 2 2
13 72 2 8
13 73 10 3
13 74 10 3
13 76 4 1
13 78 6 9
13 79 4 1
13 80 10 5
13 81 4 6
13 83 10 2
13 84 8 7
13 85 1 5
13 86 1 7
13 90 3 2
13 91 5 7
13 92 6 7
13 93 5 9
13 94 10 2
13 95 6 6
13 96 2 6
13 97 2 3
13 100 8 8
14 15 5 9
14 16 1 6
14 17 5 1
14 18 4 10
14 19 8 3
14 20 5 4
14 21 8 4
14 22 2 8
14 24 3 8
14 25 7 2
14 26 9 10
14 28 8 10
14 30 6 1
14 31 10 3
14 32 5 4
14 33 9 7
14 34 5 3
14 35 3 9
14 36 5 10
14 37 7 5
14 38 3 4
14 39 1 9
14 41 5 6
14 42 8 4
14 43 1 10
14 44 8 1
14 45 1 4
14 46 7 7
14 47 4 9
14 48 8 2
14 49 7 9
14 50 3 5
14 51 6 3
14 52 3 3
14 53 2 3
14 55 5 3
14 57 10 5
14 58 7 10
14 59 5 1
14 60 1 9
14 61 6 6
14 62 8 4
14 63 9 5
14 64 5 8
14 65 10 6
14 66 8 3
14 67 2 1
14 68 6 7
14 70 8 10
14 71 4 7
14 74 2 6
14 76 1 10
14 77 4 8
14 78 1 8
14 79 5 10
14 80 5 3
14 81 2 6
14 82 8 6
14 83 5 8
14 84 6 2
14 85 1 4
14 87 7 1
14 88 6 10
14 89 5 6
14 90 1 3
14 91 6 2
14 92 1 5
14 93 7 6
14 94 5 4
14 95 5 6
14 96 5 4
14 97 10 6
14 98 3 8
14 99 1 1
14 100 2 8
15 16 8 4
15 17 9 4
15 18 10 9
15 19 9 1
15 22 2 6
15 24 9 10
15 25 3 4
15 27 8 8
15 28 1 1
15 29 3 3
15 32 3 6
15 33 7 2
15 34 4 6
15 35 6 7
15 36 5 2
15 39 6 8
15 40 10 5
15 41 10 3
15 42 8 7
15 44 9 5
15 45 10 5
15 46 4 5
15 47 2 4
15 48 4 8
15 49 6 6
15 50 1 10
15 52 3 9
15 53 10 4
15 54 4 7
15 55 1 3
15 56 2 8
15 59 5 6
15 60 6 4
15 61 4 4
15 62 1 3
15 63 6 4
15 64 1 5
15 65 8 4
15 66 6 10
15 68 2 6
15 69 1 6
15 70 2 4
15 71 10 7
15 72 4 10
15 73 9 4
15 74 1 1
15 76 9 8
15 77 8 6
15 78 6 8
15 79 3 1
15 80 2 1
15 81 4 7
15 82 2 7
15 83 10 10
15 85 9 9
15 86 2 10
15 87 3 2
15 88 2 8
15 93 9 9
15 94 10 7
15 97 6 5
15 98 9 2
15 99 1 1
16 17 8 7
16 18 9 6
16 20 7 4
16 21 9 2
16 22 5 1
16 23 7 7
16 26 4 8
16 27 10 3
16 28 2 8
16 29 6 9
16 31 2 5
16 32 5 6
16 33 4 8
16 34 6 3
16 35 9 4
16 36 5 3
16 37 7 10
16 40 7 7
16 41 9 8
16 42 7 4
16 43 1 2
16 44 5 10
16 45 3 5
16 46 5 10
16 47 3 7
16 48 3 4
16 49 8 6
16 50 9 3
16 51 5 5
16 52 4 2
16 53 8 1
16 54 5 8
16 55 8 5
16 56 7 1
16 57 1 10
16 60 4 5
16 62 3 6
16 63 2 9
16 65 10 8
16 66 9 1
16 67 4 5
16 68 5 7
16 69 7 5
16 70 9 2
16 71 5 7
16 72 9 1
16 73 6 2
16 75 8 5
16 76 10 10
16 79 5 4
16 81 9 5
16 84 9 1
16 85 6 7
16 86 4 4
16 87 1 3
16 88 9 5
16 89 10 4
16 90 5 7
16 92 5 1
16 93 9 6
16 94 1 6
16 95 3 9
16 97 9 6
16 98 1 8
16 99 3 8
16 100 4 2
17 18 2 3
17 23 7 5
17 25 7 5
17 26 10 4
17 27 10 9
17 28 2 6
17 30 8 6
17 31 2 9
17 32 6 7
17 34 6 6
17 35 5 9
17 36 7 6
17 37 3 10
17 38 1 8
17 39 3 1
17 41 1 3
17 44 2 6
17 45 9 9
17 46 7 7
17 48 10 6
17 49 6 3
17 50 5 2
17 51 9 1
17 52 1 2
17 53 8 1
17 54 4 8
17 55 1 3
17 56 1 7
17 57 7 3
17 58 10 7
17 59 2 6
17 60 6 3
17 61 3 8
17 62 10 6
17 63 8 3
17 65 6 7
17 67 6 6
17 68 8 9
17 69 3 8
17 70 10 4
17 71 6 8
17 72 5 8
17 73 7 8
17 74 10 1
17 75 2 3
17 76 3 2
17 78 3 4
17 79 7 7
17 80 6 2
17 81 3 3
17 82 8 5
17 83 6 1
17 84 3 10
17 85 3 3
17 86 9 4
17 87 7 5
17 88 6 7
17 89 10 2
17 90 2 8
17 91 7 4
17 93 5 8
17 94 6 2
17 95 3 6
17 96 7 4
17 97 1 7
17 98 5 8
17 100 6 7
18 19 10 7
18 20 3 4
18 21 4 4
18 22 1 3
18 23 6 5
18 24 8 10
18 25 5 10
18 26 7 10
18 27 8 3
18 28 1 7
18 31 9 8
18 33 1 10
18 34 5 7
18 35 1 8
18 36 8 2
18 38 4 2
18 39 9 2
18 41 2 5
18 42 9 9
18 44 6 5
18 45 1 3
18 47 6 3
18 48 1 9
18 49 2 5
18 50 8 8
18 51 1 2
18 52 1 6
18 53 8 4
18 54 6 10
18 55 7 2
18 57 9 1
18 59 7 7
18 61 6 1
18 63 8 8
18 64 7 9
18 67 8 10
18 68 7 5
18 70 6 4
18 71 5 6
18 72 10 10
18 73 3 5
18 75 1 5
18 76 5 2
18 77 7 9
18 78 6 6
18 79 3 5
18 80 9 4
18 81 8 2
18 82 2 7
18 84 1 6
18 85 6 6
18 86 9 8
18 89 1 1
18 91 7 2
18 92 4 2
18 94 10 2
18 95 10 6
18 97 1 2
18 98 7 3
18 99 5 3
18 100 6 2
19 20 8 5
19 21 8 7
19 22 8 2
19 23 5 3
19 24 5 1
19 26 7 7
19 27 1 8
19 28 3 8
19 29 4 4
19 31 7 3
19 32 9 6
19 33 1 8
19 34 2 1
19 35 1 1
19 36 9 5
19 37 7 2
19 39 9 10
19 40 1 9
19 41 5 3
19 42 2 8
19 43 3 7
19 44 1 8
19 45 5 8
19 47 7 9
19 48 8 6
19 49 8 8
19 50 6 4
19 52 2 2
19 53 1 2
19 54 4 3
19 55 4 7
19 58 9 9
19 60 8 6
19 61 3 6
19 63 5 9
19 66 4 9
19 67 2 6
19 68 7 6
19 69 8 10
19 70 9 7
19 71 4 7
19 72 8 4
19 73 5 2
19 74 9 2
19 75 5 10
19 76 3 4
19 77 7 5
19 78 5 7
19 79 8 9
19 81 2 2
19 82 4 9
19 83 7 8
19 84 9 9
19 85 4 8
19 86 1 10
19 88 4 8
19 89 1 6
19 90 9 9
19 91 9 3
19 92 4 9
19 93 9 1
19 94 7 8
19 96 9 4
19 97 3 4
19 99 1 1
19 100 10 4
20 21 3 9
20 23 8 9
20 24 3 4
20 25 8 1
20 26 5 10
20 27 10 6
20 28 10 10
20 29 9 7
20 31 5 5
20 32 3 4
20 33 2 2
20 34 8 7
20 35 2 2
20 36 10 4
20 37 4 7
20 38 3 1
20 41 9 7
20 42 10 1
20 43 5 7
20 44 10 6
20 45 10 9
20 46 7 8
20 47 6 8
20 48 4 1
20 49 8 2
20 50 10 6
20 51 8 2
20 52 10 9
20 54 10 7
20 55 9 10
20 56 9 1
20 57 3 8
20 58 9 8
20 59 2 3
20 60 7 3
20 61 8 6
20 62 10 5
20 63 10 6
20 65 3 9
20 66 10 5
20 67 4 4
20 68 6 7
20 69 7 10
20 70 7 8
20 71 10 8
20 72 10 2
20 74 2 7
20 76 8 8
20 77 9 8
20 78 10 4
20 79 2 7
20 81 1 9
20 82 6 8
20 83 7 8
20 84 8 8
20 85 9 9
20 86 10 8
20 87 8 5
20 88 2 7
20 90 10 10
20 91 10 9
20 93 2 2
20 95 2 2
20 96 2 8
20 97 2 3
20 98 1 10
20 99 5 10
20 100 10 6
21 23 7 7
21 24 9 2
21 25 8 2
21 26 9 10
21 27 7 10
21 28 3 1
21 30 7 3
21 31 10 9
21 33 10 8
21 34 3 4
21 35 7 4
21 36 8 6
21 37 7 10
21 40 6 5
21 41 10 6
21 42 9 10
21 43 2 3
21 44 6 5
21 45 1 1
21 46 7 3
21 47 7 7
21 48 2 2
21 49 7 1
21 50 5 4
21 51 6 1
21 52 4 8
21 53 8 10
21 54 7 9
21 55 3 3
21 56 1 10
21 57 2 2
21 58 5 7
21 59 7 9
21 60 7 4
21 61 10 5
21 62 8 6
21 63 6 3
21 64 8 4
21 65 5 2
21 66 2 7
21 67 9 9
21 68 1 3
21 70 8 1
21 71 8 7
21 72 4 10
21 73 10 3
21 74 6 2
21 76 10 5
21 77 9 5
21 79 3 4
21 80 7 2
21 82 1 5
21 83 6 3
21 84 2 5
21 86 4 5
21 87 6 4
21 88 7 10
21 89 4 2
21 90 1 3
21 91 10 4
21 92 9 5
21 93 10 10
21 95 1 6
21 96 7 8
21 97 3 9
21 99 9 2
21 100 6 1
22 23 2 2
22 24 10 7
22 26 8 7
22 27 3 6
22 29 4 1
22 31 1 8
22 32 3 2
22 33 10 9
22 34 10 6
22 35 10 8
22 36 4 5
22 37 2 5
22 38 7 4
22 40 4 8
22 42 3 3
22 44 7 7
22 45 9 7
22 46 1 3
22 47 2 7
22 48 7 10
22 49 4 2
22 50 10 9
22 53 1 5
22 54 3 6
22 55 2 6
22 56 10 10
22 57 8 1
22 59 7 7
22 60 7 7
22 61 1 2
22 62 10 7
22 63 8 10
22 66 9 7
22 67 5 6
22 69 4 4
22 70 6 6
22 72 8 4
22 73 5 3
22 76 3 9
22 77 4 4
22 78 4 1
22 79 10 3
22 80 1 6
22 81 9 9
22 83 9 9
22 84 8 4
22 85 5 4
22 87 8 9
22 88 1 6
22 89 10 9
22 90 2 6
22 91 7 3
22 92 4 2
22 93 6 8
22 94 6 3
22 95 1 7
22 96 10 6
22 97 6 10
22 98 1 7
22 99 3 3
22 100 8 7
23 24 1 9
23 25 3 1
23 26 10 7
23 27 10 9
23 29 2 1
23 30 5 8
23 31 3 4
23 32 6 10
23 33 9 4
23 34 1 2
23 35 10 7
23 36 4 2
23 37 3 7
23 38 9 1
23 39 3 7
23 40 7 8
23 41 3 9
23 42 10 9
23 45 10 4
23 46 6 3
23 48 5 7
23 49 7 9
23 50 4 10
23 52 8 7
23 53 4 2
23 54 2 5
23 55 3 7
23 56 10 10
23 58 10 1
23 59 3 2
23 60 9 8
23 61 7 7
23 62 6 2
23 63 10 3
23 64 7 1
23 65 4 8
23 66 5 3
23 68 5 10
23 70 1 7
23 71 9 7
23 72 3 8
23 73 1 1
23 74 10 8
23 76 5 6
23 77 7 8
23 78 3 6
23 79 1 7
23 80 4 6
23 81 9 1
23 82 3 5
23 83 8 8
23 85 9 7
23 86 1 9
23 87 3 9
23 89 5 9
23 91 4 1
23 93 4 7
23 94 10 5
23 95 8 5
23 96 6 1
23 97 3 7
23 98 4 5
23 99 3 6
23 100 1 9
24 25 2 6
24 26 2 3
24 27 5 2
24 29 8 6
24 30 9 4
24 31 2 9
24 32 9 4
24 33 2 1
24 34 8 10
24 36 1 4
24 37 7 6
24 39 7 2
24 40 7 1
24 41 4 1
24 44 4 4
24 45 6 7
24 46 5 1
24 47 10 7
24 50 3 4
24 52 2 4
24 53 6 6
24 54 9 4
24 55 8 3
24 56 7 10
24 58 7 1
24 59 8 8
24 60 6 8
24 61 8 9
24 62 7 8
24 63 6 2
24 64 5 5
24 66 8 10
24 67 8 10
24 68 3 10
24 69 8 5
24 72 2 4
24 73 4 1
24 74 6 10
24 75 9 1
24 76 4 1
24 77 5 7
24 78 8 10
24 79 9 5
24 81 3 8
24 83 5 9
24 84 6 1
24 85 7 6
24 87 2 2
24 88 10 5
24 91 6 8
24 92 8 8
24 93 7 5
24 94 3 2
24 95 3 2
24 96 1 6
24 97 10 3
24 98 8 6
24 99 5 1
24 100 1 1
25 28 6 8
25 29 8 3
25 32 2 1
25 33 9 7
25 36 7 8
25 37 5 7
25 38 10 5
25 40 1 7
25 41 4 5
25 42 1 10
25 43 10 5
25 46 4 10
25 48 3 9
25 50 6 3
25 51 10 2
25 52 5 9
25 53 9 4
25 54 2 6
25 55 3 5
25 56 6 1
25 58 2 10
25 59 7 10
25 60 7 2
25 61 4 2
25 62 1 7
25 63 2 1
25 65 1 5
25 68 2 2
25 69 1 7
25 70 2 10
25 72 9 9
25 73 7 7
25 75 10 1
25 76 10 4
25 77 5 6
25 80 4 6
25 81 5 7
25 82 9 5
25 83 3 10
25 84 7 6
25 85 1 2
25 86 7 5
25 87 2 2
25 88 5 5
25 89 5 4
25 90 7 7
25 91 2 3
25 92 6 3
25 94 3 6
25 95 7 8
25 97 8 1
25 98 10 2
25 100 10 9
26 27 8 7
26 28 9 4
26 30 2 9
26 32 8 10
26 33 9 10
26 34 6 4
26 36 9 1
26 37 3 4
26 38 7 8
26 39 1 1
26 40 6 10
26 41 1 7
26 42 7 5
26 43 10 7
26 44 9 8
26 46 10 9
26 47 8 5
26 48 10 6
26 49 10 6
26 50 10 8
26 51 4 1
26 53 8 7
26 54 2 10
26 55 6 6
26 56 10 4
26 57 7 10
26 58 3 6
26 59 8 8
26 61 4 8
26 62 6 2
26 63 3 5
26 64 5 3
26 65 10 4
26 67 1 4
26 68 10 6
26 69 4 7
26 70 3 8
26 72 5 7
26 75 3 1
26 76 10 5
26 77 1 9
26 79 5 6
26 80 3 6
26 82 6 2
26 83 2 5
26 84 4 5
26 85 10 4
26 86 7 2
26 87 6 1
26 89 9 9
26 90 6 9
26 91 4 8
26 92 9 1
26 93 5 5
26 94 2 7
26 95 6 6
26 96 6 5
26 97 7 5
26 98 7 8
26 99 6 3
27 29 10 6
27 30 1 10
27 31 4 3
27 32 8 10
27 33 7 10
27 34 3 7
27 37 2 4
27 39 4 1
27 40 1 6
27 41 6 5
27 44 10 2
27 46 10 7
27 47 6 7
27 48 8 4
27 49 8 9
27 50 5 2
27 51 5 10
27 52 7 3
27 53 2 1
27 54 9 1
27 56 10 5
27 58 5 9
27 59 6 6
27 61 3 6
27 63 2 2
27 64 2 8
27 66 2 2
27 67 9 4
27 68 4 6
27 70 1 10
27 72 7 7
27 73 5 1
27 74 10 9
27 76 9 9
27 77 10 6
27 78 1 6
27 79 7 9
27 80 10 8
27 81 8 7
27 82 7 10
27 83 3 4
27 84 2 4
27 85 8 10
27 86 7 2
27 87 6 10
27 88 6 9
27 89 10 3
27 90 5 7
27 91 3 5
27 92 10 9
27 93 3 1
27 95 2 7
27 96 1 6
27 97 2 6
27 98 6 5
27 99 9 5
27 100 5 3
28 29 9 7
28 30 6 1
28 31 10 7
28 33 4 7
28 34 2 9
28 35 6 6
28 37 10 3
28 38 8 8
28 39 3 9
28 40 3 7
28 42 1 9
28 44 2 9
28 45 6 8
28 46 4 1
28 47 1 5
28 48 1 1
28 49 3 5
28 50 3 5
28 51 10 1
28 52 9 6
28 54 6 3
28 55 9 5
28 56 9 3
28 57 3 7
28 58 10 1
28 60 9 8
28 61 8 1
28 62 7 6
28 63 6 5
28 64 7 3
28 65 2 8
28 66 9 5
28 67 2 6
28 68 6 1
28 69 7 4
28 70 2 6
28 72 3 7
28 73 2 7
28 74 7 10
28 75 2 7
28 76 10 4
28 77 3 4
28 78 10 4
28 79 9 2
28 80 6 5
28 81 1 1
28 83 7 7
28 84 3 8
28 85 1 2
28 86 4 7
28 87 2 4
28 88 6 4
28 89 10 7
28 90 6 3
28 91 8 9
28 92 2 10
28 93 2 10
28 94 1 1
28 96 10 8
28 97 2 1
28 98 5 4
28 99 1 5
29 30 3 6
29 31 3 5
29 32 10 10
29 33 10 3
29 34 10 2
29 35 5 5
29 36 4 6
29 37 6 5
29 38 3 1
29 39 1 9
29 40 7 5
29 41 1 6
29 42 1 2
29 43 2 3
29 44 1 5
29 45 10 10
29 46 7 2
29 47 6 8
29 48 9 9
29 49 3 10
29 50 7 2
29 51 6 5
29 52 1 2
29 54 9 5
29 55 6 10
29 56 3 5
29 57 6 6
29 58 8 4
29 59 3 5
29 60 10 10
29 61 9 3
29 62 6 6
29 63 10 7
29 64 9 8
29 65 8 5
29 66 2 6
29 69 10 1
29 70 6 2
29 71 3 2
29 72 2 6
29 73 10 7
29 74 6 6
29 75 2 4
29 76 8 1
29 78 2 8
29 80 3 6
29 81 7 4
29 83 2 5
29 84 9 4
29 86 2 5
29 87 10 4
29 88 9 8
29 89 3 7
29 90 3 2
29 91 10 1
29 92 7 2
29 93 1 10
29 95 3 10
29 96 4 8
29 98 1 5
29 99 8 4
29 100 4 6
30 31 1 5
30 32 3 2
30 33 7 9
30 34 9 5
30 35 9 5
30 36 8 3
30 37 10 6
30 38 8 5
30 40 8 6
30 41 7 1
30 42 1 6
30 43 1 5
30 45 2 6
30 46 6 8
30 47 9 7
30 48 6 5
30 49 7 8
30 50 1 8
30 51 5 7
30 53 8 7
30 54 7 7
30 55 7 3
30 57 7 3
30 58 5 5
30 59 2 5
30 60 9 7
30 61 3 4
30 62 7 2
30 63 2 1
30 65 6 10
30 66 5 2
30 67 9 4
30 68 4 10
30 69 4 4
30 70 5 2
30 71 7 1
30 72 6 4
30 73 3 7
30 74 1 3
30 76 1 6
30 78 9 7
30 79 3 3
30 81 4 1
30 83 9 5
30 84 6 3
30 85 10 1
30 87 9 10
30 88 4 3
30 89 6 2
30 90 9 9
30 92 6 6
30 93 5 9
30 94 10 6
30 95 2 1
30 96 2 6
30 98 10 4
30 100 6 5
31 33 1 9
31 36 6 6
31 37 7 4
31 38 10 9
31 39 1 8
31 40 4 10
31 41 8 9
31 42 9 3
31 43 5 9
31 44 5 10
31 45 4 8
31 46 10 1
31 47 2 8
31 48 7 1
31 49 7 5
31 50 6 4
31 51 3 2
31 54 2 10
31 56 1 2
31 57 6 4
31 58 7 4
31 59 3 1
31 60 1 2
31 61 3 9
31 62 9 2
31 63 1 7
31 64 10 9
31 65 9 2
31 66 3 10
31 69 2 4
31 70 2 6
31 71 5 9
31 72 7 2
31 73 2 2
31 74 6 1
31 76 2 2
31 77 8 1
31 78 1 8
31 79 5 9
31 81 9 7
31 82 9 10
31 83 1 4
31 84 6 6
31 85 7 1
31 86 8 2
31 88 9 9
31 89 10 2
31 90 1 9
31 91 3 4
31 92 4 3
31 93 6 1
31 94 4 10
31 95 1 8
31 96 7 3
31 97 7 2
31 98 6 4
31 99 10 9
32 33 7 7
32 34 8 4
32 35 8 10
32 36 9 4
32 37 5 8
32 39 6 6
32 40 9 2
32 41 10 8
32 42 5 1
32 43 10 7
32 44 8 7
32 45 5 9
32 46 7 10
32 47 8 6
32 48 9 5
32 49 7 3
32 50 2 9
32 51 10 5
32 52 9 1
32 53 6 7
32 54 3 6
32 55 9 3
32 56 7 7
32 57 5 5
32 58 1 8
32 59 3 2
32 60 9 2
32 61 4 1
32 62 1 10
32 63 1 2
32 65 2 4
32 66 4 1
32 67 10 5
32 70 6 8
32 72 7 1
32 73 3 5
32 74 9 6
32 76 2 3
32 77 6 3
32 78 6 3
32 79 10 1
32 80 3 3
32 81 7 4
32 82 1 8
32 83 4 4
32 84 3 8
32 85 9 9
32 86 2 1
32 87 6 1
32 88 2 5
32 90 5 3
32 91 10 5
32 92 10 9
32 93 3 4
32 94 5 5
32 96 6 8
32 97 6 2
32 98 6 4
33 34 6 5
33 35 8 4
33 36 2 8
33 38 5 10
33 40 2 1
33 41 2 4
33 42 8 10
33 43 2 5
33 44 9 8
33 46 3 9
33 47 2 1
33 48 2 3
33 50 8 8
33 51 7 3
33 52 9 10
33 54 3 3
33 55 3 4
33 56 6 2
33 57 8 1
33 58 10 3
33 59 4 3
33 61 4 6
33 62 7 6
33 63 3 7
33 65 10 5
33 66 1 1
33 67 9 9
33 68 8 9
33 69 10 3
33 70 10 3
33 71 9 8
33 72 9 6
33 73 6 6
33 74 4 9
33 76 7 4
33 77 9 10
33 78 1 9
33 81 5 8
33 82 4 3
33 83 3 7
33 84 7 9
33 85 3 8
33 86 4 4
33 88 4 6
33 89 2 8
33 90 10 5
33 92 8 8
33 93 7 9
33 94 8 3
33 95 10 7
33 96 5 3
33 98 7 5
33 100 4 4
34 35 8 9
34 36 10 10
34 38 5 7
34 39 10 6
34 40 8 9
34 44 1 7
34 45 6 6
34 46 1 6
34 48 3 9
34 49 9 5
34 50 5 9
34 51 7 5
34 52 7 7
34 53 6 8
34 54 9 2
34 55 8 1
34 56 2 7
34 57 7 1
34 58 7 10
34 60 4 10
34 61 6 1
34 63 8 8
34 64 5 10
34 65 2 7
34 66 4 1
34 69 9 9
34 70 6 6
34 72 9 10
34 73 2 8
34 74 3 10
34 75 1 4
34 76 7 1
34 78 6 6
34 80 5 9
34 81 7 1
34 82 7 2
34 84 7 5
34 85 4 5
34 86 9 7
34 87 2 8
34 88 5 4
34 90 4 10
34 92 5 9
34 93 8 2
34 94 3 6
34 95 7 3
34 96 1 5
34 97 5 7
34 99 3 1
35 37 3 9
35 38 2 9
35 39 10 2
35 41 1 1
35 42 3 9
35 43 6 8
35 44 9 2
35 45 7 5
35 46 7 9
35 48 2 9
35 49 1 4
35 51 7 1
35 53 5 5
35 54 1 1
35 55 5 6
35 56 10 7
35 57 10 6
35 58 8 2
35 59 5 8
35 60 5 7
35 61 3 2
35 62 1 4
35 63 4 5
35 64 8 2
35 65 8 7
35 66 9 3
35 67 3 5
35 70 9 4
35 71 9 8
35 72 4 5
35 73 2 7
35 74 9 6
35 77 4 5
35 79 6 3
35 80 6 1
35 81 10 9
35 83 2 6
35 84 3 6
35 85 9 3
35 86 4 6
35 87 8 1
35 90 8 10
35 92 9 1
35 94 4 5
35 95 4 8
35 96 4 4
35 97 6 10
35 98 6 8
35 99 4 7
35 100 10 10
36 37 1 4
36 38 6 3
36 40 10 5
36 41 5 7
36 42 2 3
36 43 8 10
36 44 4 4
36 45 8 6
36 46 9 4
36 47 4 9
36 48 8 3
36 49 5 5
36 53 3 8
36 54 6 1
36 55 7 1
36 56 1 7
36 57 7 8
36 58 10 6
36 59 5 4
36 60 3 6
36 62 4 4
36 63 10 2
36 64 5 10
36 65 9 1
36 67 10 2
36 68 4 10
36 70 6 9
36 71 7 9
36 72 1 7
36 73 4 6
36 74 6 3
36 75 8 9
36 76 10 2
36 77 1 3
36 78 10 8
36 79 10 9
36 80 3 5
36 81 7 10
36 82 7 2
36 83 5 7
36 84 7 1
36 85 10 8
36 86 7 10
36 88 9 9
36 89 9 7
36 90 6 3
36 92 6 1
36 93 10 10
36 96 10 3
36 98 8 2
36 99 4 8
36 100 10 8
37 38 10 4
37 39 6 10
37 40 6 2
37 41 2 9
37 43 8 1
37 44 8 5
37 45 10 7
37 48 9 2
37 49 8 8
37 50 5 3
37 51 4 6
37 52 4 7
37 53 10 3
37 55 7 3
37 57 3 3
37 58 5 8
37 59 4 9
37 60 9 2
37 61 5 1
37 62 5 3
37 63 8 5
37 65 8 6
37 66 1 1
37 68 8 1
37 69 2 9
37 70 10 8
37 71 6 10
37 72 8 4
37 73 7 3
37 74 3 7
37 76 3 7
37 77 2 7
37 78 7 9
37 79 7 7
37 80 1 4
37 81 10 1
37 82 9 1
37 83 5 1
37 84 10 8
37 85 4 1
37 86 8 9
37 87 4 6
37 89 10 10
37 91 2 3
37 92 7 1
37 95 6 7
37 97 5 5
37 99 1 6
37 100 7 5
38 39 4 4
38 41 10 8
38 42 3 1
38 43 7 10
38 44 10 10
38 45 9 8
38 46 1 4
38 47 3 5
38 51 2 10
38 52 6 7
38 53 1 4
38 54 1 1
38 55 8 7
38 56 4 7
38 57 4 1
38 58 10 1
38 60 4 5
38 61 8 8
38 63 8 8
38 64 8 4
38 65 3 5
38 66 8 9
38 67 7 4
38 69 5 5
38 70 2 2
38 71 1 8
38 72 10 10
38 73 10 3
38 74 5 1
38 76 3 4
38 77 1 1
38 81 10 4
38 82 2 7
38 83 8 9
38 84 5 6
38 85 2 7
38 86 4 6
38 87 8 8
38 88 6 7
38 89 3 2
38 90 10 2
38 91 7 2
38 92 9 9
38 94 8 3
38 95 3 5
38 96 2 6
38 97 3 6
38 99 6 9
38 100 5 2
39 41 9 7
39 42 8 1
39 43 7 4
39 44 4 9
39 45 10 4
39 46 7 7
39 47 7 6
39 48 2 4
39 49 10 10
39 50 9 2
39 51 7 3
39 53 9 4
39 54 10 3
39 56 1 4
39 57 9 7
39 58 7 7
39 59 3 5
39 60 10 8
39 62 3 10
39 64 4 7
39 68 10 3
39 69 10 1
39 71 9 7
39 72 2 9
39 73 3 6
39 74 3 8
39 75 3 6
39 76 6 8
39 77 10 1
39 78 6 7
39 79 9 3
39 80 8 1
39 81 7 6
39 82 6 9
39 84 2 2
39 88 1 6
39 89 6 7
39 90 10 1
39 92 7 10
39 93 6 9
39 94 8 7
39 95 8 6
39 96 8 6
39 97 1 2
39 99 3 3
39 100 10 3
40 41 5 5
40 43 2 3
40 44 4 2
40 45 9 9
40 46 2 4
40 47 7 8
40 48 8 5
40 50 4 3
40 51 5 7
40 52 3 8
40 53 1 8
40 54 8 1
40 55 4 5
40 56 7 10
40 57 4 2
40 58 9 10
40 59 4 9
40 61 10 8
40 63 7 10
40 64 3 4
40 66 3 10
40 67 1 3
40 68 7 8
40 70 4 10
40 72 1 8
40 73 7 9
40 74 4 6
40 75 2 5
40 76 5 4
40 79 3 7
40 80 9 5
40 81 8 4
40 82 7 9
40 83 7 6
40 84 7 2
40 86 6 2
40 87 6 1
40 88 8 1
40 89 3 10
40 90 4 2
40 91 4 7
40 92 2 7
40 93 8 7
40 94 9 2
40 95 4 2
40 97 10 1
40 98 5 8
40 100 10 9
41 42 2 7
41 43 1 3
41 45 3 10
41 46 10 8
41 47 3 9
41 48 2 10
41 49 1 6
41 51 6 5
41 52 1 8
41 53 4 5
41 54 10 5
41 55 2 3
41 56 1 5
41 57 1 3
41 58 2 7
41 60 8 6
41 61 6 8
41 62 7 8
41 63 1 4
41 64 3 10
41 65 2 6
41 66 6 5
41 67 7 1
41 70 6 3
41 71 9 4
41 72 5 2
41 73 5 9
41 74 10 8
41 75 6 8
41 76 9 3
41 77 3 1
41 79 5 5
41 80 10 6
41 81 8 1
41 84 8 6
41 86 5 6
41 88 2 6
41 90 3 7
41 92 9 9
41 93 5 1
41 95 2 9
41 96 9 9
41 97 6 1
41 98 4 2
41 99 3 6
41 100 9 1
42 43 1 1
42 44 3 9
42 45 4 9
42 47 9 10
42 48 2 1
42 49 8 5
42 50 9 7
42 51 5 7
42 53 3 6
42 54 1 4
42 55 4 4
42 56 4 10
42 57 4 6
42 58 10 10
42 59 6 9
42 60 7 1
42 62 2 4
42 65 5 3
42 67 2 1
42 69 7 3
42 70 9 2
42 71 3 3
42 73 10 2
42 74 6 9
42 75 2 2
42 76 2 2
42 77 3 7
42 80 8 10
42 82 1 6
42 83 6 6
42 84 2 7
42 86 3 9
42 87 6 4
42 88 1 6
42 89 2 1
42 90 10 1
42 91 10 6
42 92 5 6
42 93 5 8
42 95 7 8
42 96 4 5
42 97 9 8
42 98 6 9
42 99 10 10
42 100 4 8
43 45 10 1
43 47 9 8
43 48 1 7
43 49 9 3
43 50 2 10
43 51 2 1
43 53 6 1
43 54 9 7
43 56 4 5
43 57 6 2
43 58 1 4
43 59 2 4
43 60 6 3
43 61 10 9
43 63 3 4
43 64 6 6
43 65 8 4
43 66 4 4
43 67 8 5
43 68 4 8
43 71 4 8
43 74 5 3
43 75 1 3
43 76 8 8
43 77 10 6
43 78 2 2
43 79 3 2
43 81 9 9
43 82 8 5
43 84 4 6
43 86 5 4
43 87 1 1
43 88 7 10
43 89 9 9
43 90 9 2
43 91 4 8
43 92 10 2
43 94 3 8
43 95 5 10
43 96 7 7
43 97 2 2
43 99 10 8
44 45 2 2
44 46 9 6
44 47 8 2
44 48 1 8
44 50 3 9
44 51 10 2
44 53 10 7
44 54 6 2
44 56 3 6
44 57 4 6
44 58 7 9
44 59 10 6
44 60 4 3
44 62 8 2
44 63 7 2
44 64 4 7
44 65 8 7
44 66 4 5
44 67 2 7
44 68 4 7
44 69 8 7
44 70 10 7
44 71 8 9
44 72 6 7
44 74 8 2
44 75 6 1
44 76 5 8
44 78 4 1
44 79 9 8
44 80 7 1
44 81 9 6
44 83 8 5
44 84 1 1
44 85 6 7
44 86 6 10
44 87 5 5
44 88 8 6
44 89 6 1
44 90 3 8
44 92 4 2
44 93 4 6
44 94 4 1
44 97 4 1
44 98 7 5
44 99 5 3
44 100 6 4
45 46 8 9
45 47 4 1
45 48 1 3
45 49 2 2
45 50 8 1
45 51 9 1
45 52 7 4
45 53 6 2
45 54 1 2
45 55 7 10
45 56 6 10
45 57 6 5
45 59 3 5
45 60 2 7
45 61 5 7
45 62 9 2
45 64 6 4
45 65 1 3
45 66 6 8
45 68 6 10
45 70 4 6
45 71 7 2
45 72 4 6
45 73 4 7
45 74 8 1
45 75 10 2
45 76 10 8
45 78 1 10
45 79 4 6
45 81 8 8
45 82 5 8
45 83 2 4
45 84 1 5
45 85 6 3
45 86 9 9
45 87 8 2
45 88 10 8
45 89 1 2
45 90 10 5
45 92 5 9
45 93 2 4
45 95 9 10
45 96 4 2
45 97 8 9
45 98 5 5
45 99 10 6
45 100 9 2
46 47 1 6
46 48 2 1
46 49 4 1
46 50 7 7
46 51 7 7
46 53 2 8
46 54 1 8
46 55 6 6
46 56 10 3
46 57 2 9
46 58 2 6
46 59 7 4
46 60 5 5
46 61 5 3
46 62 3 1
46 63 3 7
46 65 7 5
46 66 6 10
46 67 10 10
46 72 7 2
46 73 5 8
46 74 2 6
46 75 5 8
46 76 2 5
46 77 5 9
46 78 8 7
46 79 8 2
46 80 6 6
46 81 8 9
46 82 4 2
46 84 8 5
46 85 7 4
46 86 9 10
46 87 9 10
46 88 5 4
46 89 6 9
46 90 4 4
46 91 7 1
46 92 7 8
46 93 6 6
46 94 4 7
46 96 6 3
46 98 4 9
46 99 10 1
47 48 4 6
47 50 7 1
47 51 4 5
47 52 8 7
47 53 6 4
47 54 1 7
47 55 3 2
47 56 4 1
47 58 9 1
47 60 2 3
47 62 2 7
47 64 5 8
47 65 8 6
47 67 1 3
47 69 8 3
47 70 5 8
47 71 2 7
47 73 5 3
47 74 2 10
47 75 3 7
47 77 10 2
47 78 10 10
47 79 10 1
47 80 7 7
47 81 8 10
47 82 8 6
47 83 6 6
47 84 8 8
47 86 2 3
47 87 3 2
47 88 6 4
47 89 8 8
47 90 2 10
47 91 2 8
47 92 2 5
47 93 10 10
47 94 2 7
47 95 2 7
47 96 4 9
47 97 7 10
47 98 8 7
47 99 3 3
47 100 4 4
48 50 1 10
48 51 6 4
48 52 9 2
48 53 8 10
48 54 3 5
48 55 4 4
48 56 4 6
48 58 2 8
48 61 3 8
48 62 9 9
48 63 2 10
48 64 8 1
48 65 4 2
48 66 4 1
48 67 2 9
48 68 9 6
48 70 7 5
48 71 10 8
48 73 1 4
48 75 3 10
48 77 8 2
48 78 6 2
48 80 8 2
48 82 9 9
48 83 8 4
48 84 9 10
48 85 10 9
48 86 7 4
48 87 8 9
48 88 3 10
48 89 2 8
48 90 2 9
48 92 10 4
48 93 8 8
48 94 1 1
48 95 7 3
48 96 5 1
48 97 10 8
48 98 10 2
48 99 3 4
48 100 3 4
49 50 10 1
49 51 8 10
49 52 5 9
49 54 5 2
49 55 5 4
49 56 5 2
49 57 7 7
49 58 2 4
49 59 9 4
49 60 6 10
49 61 5 1
49 62 9 4
49 64 9 1
49 65 8 7
49 66 2 9
49 67 6 1
49 68 10 1
49 69 4 9
49 70 1 2
49 72 2 5
49 73 7 1
49 75 4 4
49 76 10 8
49 77 2 9
49 79 7 4
49 80 1 4
49 81 10 3
49 82 10 2
49 83 10 2
49 84 3 3
49 85 10 5
49 86 7 1
49 87 3 10
49 89 6 7
49 90 6 6
49 91 4 3
49 92 8 3
49 96 4 1
49 97 10 9
49 98 1 6
49 99 2 2
49 100 8 1
50 51 1 9
50 52 6 4
50 53 4 6
50 54 2 1
50 55 1 6
50 56 2 2
50 57 5 9
50 58 7 1
50 59 3 3
50 60 2 7
50 61 4 3
50 63 1 10
50 64 7 10
50 66 2 7
50 67 6 4
50 68 1 5
50 70 9 5
50 71 7 10
50 73 2 9
50 74 1 9
50 75 10 4
50 76 4 8
50 78 5 4
50 80 5 4
50 81 6 7
50 82 2 1
50 84 1 7
50 85 2 6
50 86 7 7
50 87 3 6
50 88 7 8
50 89 10 10
50 91 5 8
50 92 5 5
50 93 7 8
50 94 8 7
50 95 3 8
50 97 6 8
50 99 5 4
51 52 6 1
51 54 1 1
51 55 3 9
51 56 2 5
51 57 7 6
51 58 8 7
51 59 1 6
51 60 2 4
51 63 6 8
51 64 7 5
51 65 5 9
51 67 6 5
51 68 5 1
51 69 6 1
51 70 1 9
51 71 6 7
51 72 10 3
51 73 9 3
51 75 4 7
51 78 8 8
51 79 6 4
51 80 3 5
51 81 7 7
51 83 1 4
51 84 6 2
51 85 9 8
51 86 2 3
51 87 8 8
51 88 10 9
51 89 10 9
51 90 9 4
51 92 5 10
51 93 1 3
51 94 3 3
51 95 6 6
51 96 4 3
51 97 4 7
51 98 7 2
51 99 7 2
52 53 4 2
52 54 9 5
52 55 6 7
52 56 8 6
52 57 4 5
52 58 4 3
52 59 9 1
52 61 6 4
52 63 9 8
52 64 5 7
52 66 4 10
52 67 1 8
52 68 4 3
52 69 5 1
52 70 2 3
52 71 1 8
52 73 6 6
52 74 1 7
52 75 1 8
52 76 5 2
52 77 9 3
52 78 1 7
52 79 5 10
52 80 3 3
52 82 1 4
52 83 9 6
52 84 9 4
52 85 3 9
52 86 6 2
52 91 8 5
52 92 5 6
52 93 1 7
52 95 5 4
52 96 9 1
52 99 4 2
53 54 3 4
53 55 5 4
53 56 2 3
53 57 7 2
53 58 10 8
53 59 6 4
53 60 10 6
53 62 6 9
53 64 5 7
53 65 1 4
53 67 6 10
53 68 10 2
53 69 4 9
53 70 5 1
53 72 9 10
53 73 10 4
53 75 3 1
53 77 8 7
53 78 3 1
53 79 2 7
53 80 1 3
53 81 4 10
53 82 2 1
53 83 7 4
53 85 7 3
53 86 7 10
53 87 10 9
53 88 6 6
53 89 7 3
53 90 1 7
53 91 5 9
53 92 7 3
53 93 10 5
53 94 10 6
53 95 1 2
53 96 9 4
53 97 3 6
53 98 3 2
53 99 4 4
53 100 9 2
54 55 1 1
54 56 9 8
54 58 2 3
54 59 2 3
54 60 5 3
54 62 10 9
54 64 10 1
54 66 2 3
54 67 4 9
54 68 7 9
54 69 3 3
54 70 7 8
54 72 7 2
54 73 6 2
54 74 9 6
54 75 8 10
54 77 6 5
54 78 3 8
54 79 10 6
54 80 3 1
54 81 5 5
54 83 10 4
54 84 5 2
54 85 9 5
54 86 3 6
54 87 5 5
54 88 9 6
54 89 6 4
54 91 10 10
54 93 1 1
54 94 3 6
54 95 5 2
54 96 7 4
54 97 10 8
54 98 10 2
54 99 2 7
54 100 8 3
55 56 7 3
55 58 6 10
55 59 5 3
55 62 3 6
55 63 9 6
55 64 8 10
55 65 9 7
55 66 6 2
55 67 5 6
55 68 7 9
55 70 7 9
55 71 3 7
55 73 2 2
55 74 2 10
55 75 3 5
55 76 7 10
55 77 9 3
55 78 7 5
55 79 6 6
55 80 1 9
55 81 4 10
55 82 7 8
55 83 5 8
55 84 3 6
55 85 6 1
55 86 1 3
55 88 7 1
55 89 2 4
55 92 7 2
55 93 5 1
55 94 1 4
55 95 3 9
55 96 8 2
55 97 9 2
55 98 6 3
55 99 7 8
55 100 10 3
56 58 4 3
56 59 6 2
56 60 7 9
56 61 7 8
56 62 3 7
56 63 10 1
56 64 3 2
56 65 6 2
56 66 4 8
56 67 5 10
56 68 3 5
56 70 6 9
56 72 4 2
56 73 10 5
56 74 8 2
56 76 3 5
56 77 6 2
56 78 7 5
56 79 6 9
56 80 5 10
56 81 10 5
56 82 3 1
56 83 8 8
56 84 4 6
56 86 1 3
56 88 6 7
56 89 1 7
56 90 10 6
56 91 5 2
56 92 3 1
56 93 8 8
56 94 9 9
56 95 10 6
56 97 1 10
56 98 4 3
56 99 10 10
57 59 8 7
57 61 6 1
57 62 8 8
57 63 5 2
57 64 1 8
57 65 10 4
57 66 7 9
57 67 3 4
57 68 7 7
57 69 4 2
57 70 2 8
57 72 8 5
57 73 7 3
57 74 9 8
57 75 6 2
57 76 4 2
57 77 10 8
57 79 6 7
57 81 1 4
57 82 10 4
57 83 8 10
57 84 4 2
57 87 8 1
57 90 7 5
57 92 6 1
57 93 10 1
57 94 4 4
57 95 6 2
57 96 4 7
57 100 6 5
58 59 1 7
58 60 4 6
58 61 4 6
58 63 7 5
58 64 7 5
58 65 5 6
58 66 4 10
58 67 1 10
58 68 8 6
58 69 9 8
58 70 10 9
58 71 10 10
58 72 5 9
58 73 9 5
58 74 7 8
58 75 1 9
58 76 10 2
58 77 4 8
58 78 3 1
58 79 2 4
58 81 5 4
58 82 2 10
58 83 6 6
58 85 3 2
58 88 10 9
58 89 10 1
58 90 3 4
58 91 2 7
58 92 1 8
58 93 10 9
58 94 10 2
58 95 1 3
58 96 6 10
58 97 7 5
58 98 1 1
58 99 4 4
58 100 7 7
59 60 5 6
59 62 9 6
59 63 7 1
59 64 6 5
59 65 8 10
59 67 9 7
59 68 4 8
59 69 10 8
59 70 8 5
59 72 5 4
59 73 3 4
59 74 3 9
59 75 10 4
59 76 7 4
59 77 4 8
59 79 9 7
59 80 4 1
59 81 10 1
59 82 9 1
59 83 8 10
59 84 8 6
59 86 5 4
59 88 5 8
59 89 10 4
59 90 1 4
59 91 2 2
59 92 9 4
59 93 9 3
59 94 1 10
59 95 4 4
59 96 6 1
59 97 3 7
59 98 4 1
59 99 5 4
59 100 6 5
60 61 7 5
60 62 2 1
60 63 5 9
60 64 7 1
60 65 3 4
60 66 4 5
60 67 4 6
60 68 4 3
60 69 7 3
60 70 3 10
60 71 10 1
60 73 1 2
60 74 10 1
60 75 10 4
60 76 8 1
60 77 4 1
60 78 2 6
60 79 5 1
60 81 6 6
60 83 8 9
60 85 10 10
60 86 9 7
60 87 3 7
60 88 9 4
60 89 4 4
60 90 9 9
60 91 9 6
60 92 10 4
60 94 2 2
60 95 6 10
60 96 7 6
60 98 3 2
60 99 6 1
61 62 3 2
61 63 4 6
61 64 5 3
61 65 2 3
61 67 9 4
61 69 10 10
61 70 8 4
61 72 7 9
61 73 1 1
61 75 8 8
61 76 3 6
61 77 4 5
61 79 6 1
61 80 4 7
61 81 10 10
61 82 2 1
61 85 4 5
61 87 8 2
61 89 6 2
61 91 9 7
61 92 1 7
61 93 9 3
61 95 3 1
61 96 5 1
61 97 2 2
61 98 5 7
61 100 10 3
62 63 8 10
62 64 3 10
62 65 9 9
62 66 7 2
62 67 2 6
62 68 9 5
62 69 10 5
62 70 8 9
62 71 2 2
62 72 6 9
62 73 7 3
62 74 7 3
62 75 1 2
62 76 10 3
62 78 7 8
62 79 4 10
62 82 9 5
62 84 7 3
62 85 10 4
62 88 3 9
62 89 4 9
62 90 4 4
62 91 6 1
62 92 8 9
62 94 9 5
62 96 7 10
62 98 3 5
62 99 4 1
63 64 7 9
63 65 1 9
63 66 1 9
63 67 2 3
63 68 5 7
63 69 7 1
63 70 8 3
63 71 2 7
63 72 1 10
63 74 9 9
63 75 5 7
63 76 7 5
63 77 2 6
63 78 3 9
63 79 3 8
63 80 7 6
63 81 7 6
63 83 4 3
63 84 9 6
63 85 8 2
63 86 3 7
63 87 4 5
63 88 9 7
63 89 5 1
63 90 10 6
63 91 7 4
63 92 4 1
63 93 2 3
63 94 10 8
63 96 4 8
63 97 9 5
63 98 8 10
63 99 6 5
63 100 1 8
64 65 5 8
64 66 9 3
64 67 6 8
64 68 2 6
64 69 5 4
64 70 6 4
64 71 5 6
64 72 6 2
64 73 9 3
64 74 5 10
64 76 8 6
64 77 6 9
64 78 1 2
64 79 10 1
64 80 6 10
64 81 6 1
64 82 4 6
64 83 1 3
64 84 7 7
64 85 6 6
64 86 2 2
64 87 9 10
64 88 6 7
64 91 8 3
64 92 9 4
64 93 5 3
64 94 6 2
64 95 9 3
64 96 3 1
64 97 10 3
64 98 9 4
64 99 9 6
65 66 4 1
65 67 4 9
65 68 6 3
65 69 10 6
65 70 6 5
65 71 1 7
65 72 6 9
65 73 2 4
65 74 8 7
65 75 5 9
65 76 5 8
65 77 3 2
65 78 2 9
65 79 2 5
65 80 5 10
65 81 7 8
65 82 2 1
65 83 10 5
65 84 8 2
65 86 5 10
65 88 7 2
65 89 5 9
65 90 6 9
65 91 6 5
65 92 5 7
65 93 1 7
65 94 6 9
65 95 4 6
65 96 10 7
65 97 7 3
65 99 9 4
65 100 5 7
66 67 3 8
66 68 2 4
66 69 9 6
66 70 6 1
66 71 8 1
66 72 9 6
66 74 8 6
66 75 5 10
66 76 3 2
66 78 4 10
66 80 6 2
66 81 5 3
66 82 9 8
66 83 5 4
66 85 3 2
66 86 7 6
66 87 6 7
66 88 3 10
66 89 5 1
66 90 3 5
66 91 5 1
66 92 3 2
66 93 9 9
66 94 9 6
66 95 10 6
66 96 2 10
66 97 6 4
66 98 4 9
66 99 2 2
66 100 6 1
67 68 2 2
67 69 3 4
67 70 10 4
67 71 5 9
67 72 8 10
67 73 2 8
67 74 7 3
67 75 5 10
67 76 5 6
67 77 10 5
67 80 10 8
67 81 5 5
67 82 7 10
67 83 10 2
67 85 9 5
67 86 3 9
67 89 3 9
67 92 2 3
67 93 4 6
67 94 3 9
67 95 4 9
67 98 2 4
67 99 4 4
67 100 10 2
68 69 3 1
68 70 1 2
68 71 6 8
68 72 4 5
68 74 5 7
68 75 1 8
68 76 9 2
68 77 5 3
68 79 10 7
68 81 1 6
68 83 8 9
68 84 5 8
68 85 10 8
68 87 4 2
68 89 9 3
68 90 7 8
68 91 7 4
68 92 2 9
68 94 10 9
68 96 2 9
68 97 2 8
68 99 2 1
68 100 3 1
69 71 1 2
69 72 3 1
69 73 3 3
69 75 4 5
69 77 5 5
69 79 1 5
69 81 3 8
69 82 8 7
69 83 1 4
69 84 10 3
69 85 10 8
69 88 6 7
69 89 10 10
69 90 5 8
69 91 7 5
69 92 3 7
69 93 8 3
69 94 5 6
69 95 5 2
69 96 6 1
69 97 1 7
69 99 1 10
69 100 3 3
70 72 10 9
70 73 7 1
70 74 4 6
70 75 7 9
70 76 1 3
70 78 1 5
70 79 3 9
70 80 9 5
70 81 9 4
70 82 10 4
70 83 9 10
70 85 9 5
70 86 6 5
70 87 3 3
70 88 5 9
70 89 5 7
70 92 5 1
70 93 5 5
70 94 5 7
70 95 5 6
70 96 9 7
70 97 9 6
70 98 1 2
70 99 9 10
70 100 7 9
71 72 10 2
71 73 5 1
71 74 9 8
71 77 5 10
71 78 5 8
71 79 6 5
71 80 4 10
71 81 7 7
71 82 9 3
71 83 5 3
71 84 2 10
71 86 2 6
71 88 6 1
71 89 6 8
71 90 6 8
71 91 4 10
71 92 9 1
71 94 10 1
71 96 7 9
71 97 7 6
71 98 10 7
71 99 1 9
72 73 3 9
72 74 5 2
72 75 1 4
72 76 8 5
72 77 4 6
72 78 7 4
72 79 10 7
72 80 5 7
72 81 5 8
72 82 10 3
72 83 2 2
72 85 10 1
72 86 9 5
72 87 8 8
72 88 5 3
72 89 9 9
72 91 8 3
72 92 10 5
72 93 7 1
72 96 9 1
72 97 4 6
72 100 6 9
73 74 10 5
73 75 1 8
73 76 6 5
73 77 7 5
73 78 7 10
73 79 8 3
73 80 1 9
73 81 6 6
73 83 7 2
73 84 4 3
73 85 8 9
73 89 2 5
73 90 5 4
73 91 6 3
73 92 4 9
73 93 2 8
73 95 3 8
73 97 10 9
73 98 4 8
73 99 5 9
73 100 9 8
74 75 8 7
74 76 7 9
74 78 9 10
74 79 5 4
74 80 7 7
74 81 10 8
74 82 3 5
74 83 1 8
74 84 6 1
74 85 8 8
74 86 7 1
74 87 2 9
74 88 4 3
74 89 6 1
74 90 3 3
74 91 6 7
74 92 2 10
74 93 6 5
74 94 2 3
74 95 5 8
74 97 10 3
74 98 4 3
74 99 5 8
75 77 2 3
75 78 8 7
75 79 2 9
75 80 10 2
75 81 2 5
75 82 9 4
75 83 9 6
75 84 6 7
75 85 6 7
75 86 5 10
75 87 5 8
75 88 10 9
75 89 3 9
75 90 5 6
75 91 3 9
75 92 9 2
75 93 3 1
75 94 2 7
75 96 6 4
75 97 5 10
75 98 3 9
75 99 9 5
75 100 6 6
76 77 8 8
76 79 9 7
76 80 7 9
76 81 4 4
76 83 8 5
76 84 2 4
76 85 1 4
76 86 10 10
76 87 7 1
76 88 1 7
76 91 4 1
76 92 3 7
76 93 10 8
76 94 1 4
76 95 4 6
76 96 9 4
76 97 9 5
76 98 4 6
76 100 8 5
77 78 10 7
77 80 7 10
77 81 1 9
77 82 5 2
77 83 1 9
77 84 5 9
77 85 3 7
77 86 7 2
77 88 8 4
77 89 1 3
77 90 9 3
77 92 1 1
77 93 9 5
77 94 9 4
77 95 10 3
77 96 1 9
77 97 9 10
77 98 7 4
77 99 6 3
77 100 9 10
78 79 4 4
78 80 7 4
78 81 4 4
78 82 4 2
78 83 1 4
78 87 4 9
78 88 5 9
78 89 10 6
78 90 7 5
78 91 9 10
78 93 5 9
78 95 6 8
78 96 3 10
79 80 1 9
79 81 4 8
79 82 6 2
79 83 5 8
79 86 2 3
79 88 4 1
79 89 10 10
79 90 1 1
79 91 5 9
79 92 6 4
79 93 3 1
79 95 9 10
79 96 3 9
79 97 4 8
79 98 6 3
79 99 2 7
79 100 3 4
80 81 4 7
80 82 4 4
80 83 5 2
80 85 3 6
80 86 5 3
80 87 10 4
80 88 5 9
80 90 8 5
80 92 3 1
80 94 8 10
80 95 10 1
80 96 10 2
80 97 5 2
80 99 7 8
80 100 3 4
81 83 1 9
81 84 6 3
81 85 8 6
81 86 6 2
81 87 10 4
81 88 9 8
81 89 5 7
81 90 1 1
81 91 6 9
81 93 6 3
81 94 1 8
81 96 7 5
81 97 10 5
81 98 8 6
82 83 7 8
82 84 7 10
82 86 4 9
82 87 5 9
82 88 5 1
82 90 9 1
82 91 6 8
82 92 4 4
82 93 5 5
82 94 7 6
82 95 2 4
82 96 9 5
82 97 8 7
82 98 9 1
82 99 8 6
83 84 4 3
83 85 10 10
83 86 5 5
83 88 10 9
83 90 5 3
83 91 9 7
83 92 7 9
83 93 2 8
83 94 7 5
83 95 7 8
83 96 9 10
83 97 2 2
83 98 5 7
83 99 2 1
83 100 10 4
84 85 8 9
84 86 8 8
84 87 7 6
84 88 5 9
84 89 9 8
84 90 3 10
84 91 5 10
84 92 7 8
84 93 2 2
84 94 8 2
84 95 8 2
84 99 5 7
84 100 10 4
85 86 10 6
85 87 10 7
85 89 7 2
85 90 6 4
85 91 7 4
85 92 8 2
85 94 5 4
85 95 8 5
85 96 2 5
85 97 8 7
85 98 8 7
85 99 5 1
85 100 1 10
86 88 5 4
86 89 9 3
86 91 4 2
86 92 8 6
86 93 1 6
86 95 9 4
86 96 8 7
86 98 6 4
86 99 5 7
87 89 4 1
87 90 1 1
87 91 7 3
87 92 8 9
87 93 5 1
87 94 9 5
87 95 9 3
87 96 2 5
87 97 7 1
87 98 9 4
87 99 1 4
88 89 2 1
88 90 6 10
88 91 6 5
88 92 7 8
88 93 1 1
88 94 3 7
88 96 10 8
88 97 8 7
88 98 8 6
89 90 7 4
89 91 3 9
89 92 5 9
89 93 1 4
89 94 1 9
89 95 10 5
89 99 7 1
89 100 1 3
90 91 10 3
90 92 2 3
90 94 5 3
90 95 9 7
90 96 8 2
90 97 4 9
90 98 4 10
90 100 3 7
91 92 8 10
91 94 10 1
91 95 4 10
91 97 4 9
91 98 10 8
91 99 7 7
91 100 5 1
92 93 1 2
92 94 8 7
92 95 3 1
92 98 1 4
92 99 5 5
93 95 4 7
93 97 6 2
93 99 1 6
93 100 7 8
94 95 3 9
94 96 6 4
94 97 5 10
94 98 6 5
94 99 6 2
95 96 6 1
95 97 7 5
95 98 9 5
95 99 6 3
96 97 5 2
96 98 6 4
96 100 9 3
97 99 9 3
98 99 8 3
98 100 3 4
99 100 1 4
1
1 2 3 4 5 6 7 8 9 10 11 12 13 14 15 16 17 18 19 20 21 22 23 24 25 26 27 28 29 30 31 32 33 34 35 36 37 38 39 40 41 42 43 44 45 46 47 48 49 50
