4019
1 2 1 9
1 3 10 9
1 4 3 2
1 5 7 3
1 7 10 5
1 8 1 10
1 9 3 2
1 10 5 7
1 11 10 8
1 12 6 4
1 13 9 2
1 15 5 6
1 16 7 10
1 17 2 2
1 19 4 7
1 20 2 2
1 21 6 8
1 22 7 10
1 26 7 7
1 27 5 2
1 28 2 5
1 29 1 3
1 30 7 3
1 31 7 7
1 32 6 1
1 33 3 4
1 35 7 2
1 36 10 4
1 37 3 6
1 38 6 8
1 39 4 10
1 40 3 5
1 41 5 1
1 42 4 10
1 43 1 9
1 44 9 6
1 45 4 7
1 46 7 2
1 48 3 7
1 49 10 1
1 50 7 6
1 51 1 8
1 52 9 9
1 53 2 1
1 54 9 6
1 55 10 7
1 56 6 4
1 57 5 10
1 59 10 9
1 60 8 2
1 61 5 2
1 63 7 2
1 64 3 4
1 65 10 2
1 66 10 9
1 68 1 7
1 69 1 2
1 72 10 5
1 73 7 10
1 74 4 9
1 75 3 9
1 77 5 2
1 78 5 4
1 79 5 2
1 80 4 6
1 82 7 6
1 84 9 7
1 86 2 4
1 89 10 7
1 90 2 10
1 92 5 5
1 93 9 8
1 94 7 10
1 96 7 7
1 97 7 9
1 99 1 4
1 100 5 3
2 3 4 1
2 7 2 2
2 8 5 4
2 9 1 8
2 10 2 9
2 11 5 2
2 12 10 3
2 14 7 10
2 15 9 4
2 16 4 10
2 17 10 1
2 18 3 2
2 20 1 4
2 21 1 8
2 22 1 2
2 23 4 9
2 24 2 10
2 26 8 5
2 27 9 3
2 28 5 10
2 29 1 3
2 30 4 7
2 31 10 8
2 32 6 6
2 33 9 7
2 34 5 9
2 35 10 10
2 36 8 4
2 37 5 4
2 38 8 8
2 39 2 8
2 40 2 10
2 41 6 9
2 42 10 3
2 44 9 5
2 45 1 3
2 46 8 8
2 48 4 8
2 49 9 8
2 50 9 7
2 51 4 2
2 52 7 9
2 54 1 2
2 55 5 2
2 56 2 2
2 57 2 1
2 58 6 7
2 59 8 8
2 60 7 6
2 61 7 9
2 62 8 10
2 63 8 4
2 65 5 6
2 66 5 4
2 67 4 8
2 68 1 10
2 69 5 6
2 70 3 3
2 71 9 5
2 72 9 4
2 74 3 2
2 75 5 1
2 76 9 9
2 77 4 2
2 78 2 1
2 80 7 8
2 81 3 10
2 84 8 6
2 85 5 1
2 86 5 5
2 87 3 6
2 88 9 4
2 89 6 2
2 90 3 9
2 94 2 8
2 95 1 1
2 96 7 1
2 98 4 4
2 99 5 3
2 100 7 6
3 4 6 2
3 6 4 6
3 7 3 8
3 8 6 5
3 9 4 6
3 10 8 1
3 12 4 6
3 13 10 9
3 15 6 2
3 16 8 4
3 17 7 10
3 18 7 9
3 19 5 9
3 20 8 8
3 22 5 6
3 23 5 7
3 25 2 3
3 27 4 4
3 28 8 5
3 29 7 9
3 30 6 2
3 31 4 10
3 32 10 3
3 33 9 10
3 34 2 10
3 35 4 5
3 36 3 9
3 37 10 1
3 38 6 10
3 39 10 9
3 40 10 8
3 41 4 7
3 42 9 3
3 44 4 6
3 45 8 4
3 47 10 5
3 48 4 8
3 49 4 9
3 50 10 10
3 51 8 4
3 52 3 3
3 53 9 2
3 56 8 3
3 57 5 5
3 58 6 2
3 59 2 7
3 60 1 2
3 61 8 3
3 63 2 2
3 64 8 9
3 65 10 4
3 66 5 9
3 67 9 9
3 68 9 3
3 69 5 10
3 70 10 5
3 71 6 3
3 72 7 1
3 73 4 10
3 75 2 7
3 77 1 7
3 78 4 2
3 81 9 1
3 82 1 6
3 83 6 2
3 84 3 9
3 85 9 3
3 86 3 6
3 87 2 10
3 88 10 6
3 89 8 10
3 90 6 7
3 91 3 1
3 92 6 10
3 93 8 9
3 94 5 5
3 96 2 8
3 97 7 3
3 98 7 2
3 99 8 4
4 6 5 5
4 7 9 2
4 8 10 1
4 9 2 2
4 10 8 1
4 14 1 5
4 15 3 9
4 17 1 7
4 18 1 9
4 19 3 2
4 20 5 6
4 24 3 8
4 25 9 3
4 27 7 6
4 28 5 7
4 29 10 4
4 30 8 1
4 31 7 9
4 32 3 5
4 33 9 5
4 34 8 10
4 35 1 9
4 37 1 1
4 38 5 4
4 40 1 7
4 41 3 9
4 42 10 6
4 43 7 2
4 44 4 5
4 45 3 1
4 47 3 7
4 49 2 1
4 51 3 8
4 52 4 1
4 53 4 5
4 54 5 6
4 55 5 3
4 56 1 2
4 57 5 10
4 58 10 4
4 59 5 5
4 60 9 1
4 61 4 1
4 62 5 2
4 64 6 4
4 67 9 4
4 68 10 8
4 69 10 1
4 70 9 8
4 71 10 9
4 72 7 2
4 73 10 4
4 75 5 3
4 76 9 3
4 79 4 3
4 80 3 5
4 82 3 1
4 83 5 3
4 85 10 6
4 86 6 8
4 87 9 10
4 88 3 8
4 89 7 6
4 90 6 3
4 91 4 9
4 92 2 2
4 93 5 1
4 94 10 4
4 95 6 2
4 96 7 9
4 99 7 4
5 6 4 6
5 7 7 4
5 10 3 5
5 11 4 3
5 12 2 2
5 13 4 5
5 14 7 10
5 15 10 6
5 16 1 7
5 17 5 8
5 18 10 5
5 19 6 6
5 21 3 3
5 22 8 3
5 23 4 2
5 25 9 1
5 26 2 10
5 27 6 2
5 29 10 8
5 30 4 5
5 32 3 8
5 33 1 3
5 34 10 6
5 35 10 4
5 36 1 3
5 37 8 3
5 38 10 7
5 39 4 3
5 40 6 7
5 41 6 3
5 42 5 2
5 43 4 10
5 44 4 5
5 45 5 10
5 46 4 6
5 47 6 9
5 48 7 6
5 49 5 5
5 50 1 10
5 52 5 4
5 53 10 4
5 54 10 8
5 55 1 3
5 56 7 8
5 57 3 2
5 58 4 1
5 59 9 7
5 60 1 9
5 61 10 5
5 63 8 4
5 64 7 2
5 66 3 8
5 68 1 7
5 69 8 8
5 71 6 10
5 72 2 6
5 73 3 10
5 74 7 6
5 75 5 4
5 76 8 9
5 77 4 3
5 78 3 3
5 80 1 6
5 82 10 2
5 83 6 9
5 84 2 7
5 85 7 2
5 86 6 4
5 88 8 5
5 89 3 1
5 91 4 1
5 92 5 7
5 93 10 10
5 94 10 8
5 95 3 1
5 96 3 9
5 97 1 4
5 98 1 3
5 99 2 1
5 100 6 2
6 7 1 8
6 8 2 1
6 9 8 5
6 10 7 8
6 11 6 4
6 13 9 6
6 14 8 4
6 15 9 9
6 18 9 2
6 20 8 6
6 21 10 8
6 22 9 4
6 23 10 4
6 24 3 6
6 25 9 4
6 29 1 8
6 30 2 3
6 31 6 8
6 32 4 10
6 33 6 6
6 36 8 7
6 37 6 1
6 38 6 5
6 39 4 4
6 40 7 10
6 42 10 8
6 43 2 5
6 44 4 10
6 45 6 8
6 47 1 6
6 48 2 8
6 49 3 6
6 52 9 3
6 53 4 9
6 56 2 7
6 57 2 10
6 58 9 3
6 59 7 2
6 60 5 10
6 61 8 6
6 62 2 3
6 63 1 8
6 65 1 6
6 66 8 4
6 67 9 10
6 68 10 7
6 69 6 2
6 70 7 3
6 71 4 5
6 73 7 2
6 74 2 7
6 75 10 2
6 76 8 9
6 77 4 5
6 78 8 6
6 79 8 6
6 80 6 1
6 81 7 10
6 82 8 3
6 84 2 2
6 86 5 1
6 88 8 4
6 89 10 3
6 90 4 10
6 91 4 7
6 93 4 9
6 95 9 8
6 96 7 8
6 97 4 6
6 98 9 9
6 99 1 4
6 100 6 10
7 8 2 10
7 9 7 6
7 10 2 5
7 11 5 8
7 12 3 3
7 13 1 4
7 14 2 7
7 16 4 6
7 17 10 10
7 18 10 10
7 20 6 1
7 21 2 7
7 22 1 2
7 23 1 10
7 24 7 2
7 25 1 1
7 26 7 10
7 27 7 2
7 28 4 6
7 29 10 9
7 30 6 4
7 31 1 6
7 33 6 2
7 37 8 4
7 40 7 2
7 41 6 1
7 42 9 5
7 43 10 6
7 46 7 6
7 48 9 7
7 49 9 10
7 50 2 7
7 52 7 4
7 53 9 1
7 54 3 8
7 55 7 1
7 56 3 7
7 57 9 10
7 58 1 2
7 59 9 4
7 60 7 4
7 61 1 4
7 62 2 7
7 63 9 5
7 64 6 10
7 66 5 10
7 67 9 2
7 68 7 6
7 69 3 6
7 70 3 4
7 71 8 7
7 72 3 4
7 73 6 9
7 74 5 5
7 75 7 2
7 76 9 10
7 77 10 6
7 78 3 6
7 79 10 10
7 80 7 5
7 83 1 10
7 84 1 5
7 86 5 10
7 87 4 2
7 88 7 10
7 89 6 4
7 91 5 5
7 92 1 8
7 93 10 1
7 94 1 2
7 95 8 6
7 96 1 1
7 97 2 6
7 98 3 8
7 99 3 10
7 100 9 7
8 9 8 1
8 10 5 2
8 11 2 1
8 13 6 2
8 14 3 10
8 16 9 3
8 17 6 9
8 18 10 3
8 19 5 8
8 20 4 4
8 23 4 6
8 24 2 3
8 25 5 1
8 27 1 7
8 28 1 6
8 29 8 1
8 30 1 5
8 31 7 3
8 32 9 9
8 33 3 4
8 35 10 5
8 36 3 4
8 38 4 8
8 41 6 9
8 42 9 8
8 43 10 5
8 44 4 5
8 45 7 5
8 47 5 10
8 48 3 5
8 49 3 3
8 50 9 5
8 51 9 5
8 52 8 8
8 53 1 3
8 55 4 2
8 56 5 8
8 57 3 6
8 58 7 4
8 60 4 1
8 61 5 10
8 62 8 8
8 63 3 4
8 65 1 6
8 67 4 4
8 69 2 4
8 70 10 3
8 71 8 7
8 72 9 4
8 73 4 6
8 74 5 10
8 75 8 2
8 76 5 10
8 78 9 3
8 79 2 1
8 80 6 9
8 81 1 8
8 82 8 5
8 83 5 10
8 84 10 10
8 85 9 3
8 86 3 3
8 87 9 7
8 88 5 3
8 90 7 6
8 91 1 8
8 92 4 1
8 93 2 3
8 95 9 5
8 96 7 5
8 97 10 3
8 98 2 4
8 99 4 2
9 10 2 7
9 11 1 10
9 12 6 10
9 13 1 6
9 14 2 7
9 15 5 2
9 16 7 9
9 17 1 4
9 18 3 5
9 19 7 3
9 20 4 10
9 21 7 2
9 23 9 3
9 24 8 8
9 25 6 8
9 26 6 9
9 27 4 9
9 28 4 10
9 29 4 7
9 30 3 5
9 31 4 3
9 33 2 2
9 34 9 4
9 35 8 7
9 37 9 10
9 39 10 7
9 40 2 5
9 41 10 4
9 42 8 6
9 43 2 3
9 44 3 10
9 45 8 6
9 46 9 6
9 47 10 5
9 48 9 7
9 49 3 2
9 50 2 5
9 54 3 3
9 55 6 7
9 56 6 2
9 57 7 1
9 58 6 9
9 59 8 7
9 60 4 4
9 63 5 6
9 64 5 4
9 65 7 4
9 66 3 9
9 67 6 9
9 69 4 2
9 70 1 5
9 71 4 1
9 72 4 5
9 73 1 9
9 74 6 9
9 75 2 8
9 77 10 7
9 79 2 4
9 80 2 5
9 81 9 3
9 83 1 1
9 84 5 6
9 85 9 3
9 86 8 3
9 87 6 1
9 88 1 8
9 89 6 8
9 91 10 6
9 92 9 8
9 93 6 5
9 94 10 9
9 95 4 3
9 96 9 8
9 97 2 4
9 98 7 5
9 99 4 3
9 100 3 6
10 11 6 8
10 12 1 1
10 13 1 10
10 14 4 5
10 15 9 6
10 16 9 3
10 18 4 6
10 19 2 7
10 20 5 2
10 21 3 10
10 22 3 8
10 24 3 7
10 25 3 2
10 26 5 6
10 27 5 10
10 28 5 10
10 29 10 4
10 30 6 2
10 31 10 9
10 34 8 7
10 35 5 2
10 36 9 6
10 37 8 2
10 38 7 8
10 39 1 8
10 41 3 10
10 42 9 1
10 43 4 1
10 44 9 10
10 45 6 4
10 46 1 8
10 47 5 3
10 48 2 10
10 50 8 7
10 51 10 6
10 52 4 3
10 53 2 10
10 54 6 4
10 55 5 3
10 56 1 3
10 57 5 1
10 58 7 2
10 59 9 2
10 60 7 10
10 61 4 9
10 62 3 3
10 64 1 5
10 67 2 5
10 68 9 1
10 69 7 7
10 71 6 5
10 72 6 2
10 73 8 8
10 74 6 9
10 75 9 10
10 76 5 10
10 77 2 9
10 78 1 5
10 79 4 9
10 80 6 1
10 81 10 9
10 82 1 7
10 83 8 4
10 84 1 1
10 85 7 4
10 86 1 4
10 87 10 3
10 88 10 7
10 90 1 1
10 91 8 4
10 92 10 6
10 94 5 3
10 95 6 8
10 96 8 6
10 97 5 10
10 98 4 10
10 99 4 1
10 100 10 10
11 12 4 1
11 14 10 1
11 16 5 9
11 17 2 6
11 19 2 2
11 21 3 8
11 23 3 10
11 24 3 3
11 25 1 10
11 26 8 10
11 27 10 1
11 28 10 2
11 29 5 2
11 30 4 9
11 31 6 8
11 32 9 5
11 33 1 6
11 34 9 4
11 35 2 3
11 36 3 7
11 37 3 1
11 38 2 4
11 39 3 6
11 41 5 1
11 42 3 5
11 43 7 6
11 44 10 2
11 45 1 2
11 46 6 7
11 47 1 7
11 49 5 2
11 51 3 2
11 53 2 1
11 54 8 10
11 55 1 2
11 56 1 2
11 58 3 7
11 60 7 7
11 61 4 2
11 62 4 3
11 63 9 9
11 64 7 4
11 66 3 5
11 67 1 3
11 68 6 6
11 71 3 4
11 72 9 4
11 73 9 8
11 74 3 4
11 75 7 10
11 76 9 7
11 77 3 1
11 78 5 7
11 79 10 8
11 81 7 2
11 82 10 2
11 83 6 5
11 85 1 7
11 86 10 4
11 87 6 5
11 88 4 3
11 89 4 8
11 90 4 7
11 91 9 6
11 92 10 5
11 93 8 9
11 94 9 5
11 95 5 8
11 96 8 1
11 97 5 5
11 98 5 6
11 99 1 5
12 13 5 2
12 14 5 10
12 15 5 1
12 16 2 2
12 17 4 9
12 18 4 7
12 19 8 3
12 20 4 10
12 21 6 6
12 22 6 8
12 24 2 6
12 25 6 4
12 26 3 7
12 27 9 4
12 28 2 6
12 30 8 8
12 31 7 10
12 32 2 4
12 33 9 10
12 35 4 8
12 36 1 6
12 38 4 8
12 39 5 1
12 42 4 1
12 43 8 9
12 44 2 2
12 45 2 10
12 46 1 10
12 47 2 7
12 48 3 8
12 49 10 5
12 52 6 7
12 53 1 6
12 54 6 8
12 55 9 1
12 56 2 1
12 57 1 4
12 58 6 10
12 59 7 4
12 60 6 4
12 61 7 3
12 63 1 7
12 64 7 10
12 65 9 10
12 66 3 6
12 67 5 8
12 68 10 6
12 70 9 7
12 71 7 4
12 72 5 4
12 74 1 6
12 75 9 5
12 76 10 8
12 77 7 1
12 78 9 10
12 79 5 5
12 80 9 1
12 81 1 4
12 82 5 6
12 83 7 1
12 84 4 6
12 85 4 2
12 86 5 1
12 88 2 1
12 89 4 9
12 90 6 4
12 91 9 10
12 92 3 4
12 93 3 1
12 94 1 3
12 96 6 3
12 97 1 8
12 98 1 2
12 99 5 6
12 100 7 8
13 14 3 6
13 15 2 1
13 16 2 8
13 17 1 8
13 18 7 6
13 19 7 5
13 21 10 6
13 22 6 4
13 23 4 3
13 24 9 7
13 26 2 9
13 27 1 1
13 28 9 8
13 29 3 8
13 30 4 6
13 31 3 6
13 33 10 2
13 34 6 4
13 35 10 8
13 36 8 2
13 38 4 4
13 39 1 7
13 40 5 4
13 41 2 4
13 42 7 8
13 43 5 7
13 46 6 10
13 47 4 5
13 48 8 7
13 49 7 1
13 50 1 8
13 51 2 8
13 53 4 3
13 55 3 9
13 58 10 6
13 60 4 6
13 61 8 3
13 62 10 9
13 63 5 4
13 65 7 8
13 66 6 6
13 67 5 7
13 68 8 1
13 69 4 6
13 72 5 6
13 73 8 1
13 74 7 3
13 75 9 5
13 76 4 8
13 77 1 3
13 78 3 1
13 80 1 10
13 81 7 10
13 83 5 3
13 84 4 4
13 85 10 2
13 88 7 4
13 89 6 9
13 91 1 10
13 92 6 2
13 94 1 10
13 95 8 7
13 97 3 6
13 98 7 2
13 100 8 6
14 15 5 1
14 16 5 10
14 17 6 8
14 18 3 6
14 19 9 2
14 20 7 10
14 21 1 6
14 23 4 5
14 24 5 3
14 26 4 4
14 27 2 8
14 29 5 9
14 31 6 10
14 32 3 8
14 33 2 9
14 34 6 9
14 35 4 6
14 37 8 2
14 38 9 8
14 39 8 7
14 40 2 7
14 41 5 6
14 42 1 6
14 43 10 4
14 44 9 4
14 45 1 8
14 46 5 7
14 47 3 9
14 49 1 5
14 50 4 2
14 51 9 9
14 52 6 4
14 53 5 7
14 54 9 1
14 55 9 2
14 56 8 10
14 57 7 6
14 58 1 3
14 59 5 6
14 61 9 3
14 62 5 2
14 63 2 10
14 64 2 1
14 66 1 10
14 67 1 4
14 68 3 5
14 69 9 1
14 70 7 9
14 71 6 6
14 72 9 6
14 73 5 9
14 74 5 1
14 76 5 7
14 77 4 2
14 78 6 4
14 79 8 5
14 81 3 6
14 82 9 5
14 83 4 7
14 84 3 7
14 85 6 2
14 86 9 10
14 88 9 2
14 91 5 9
14 92 7 2
14 93 6 5
14 94 7 1
14 95 6 5
14 96 3 6
14 97 2 3
14 98 7 1
14 99 10 8
14 100 10 4
15 16 8 5
15 17 4 3
15 18 10 4
15 19 5 6
15 21 7 1
15 22 3 2
15 23 2 1
15 24 10 4
15 25 1 3
15 26 7 2
15 28 1 9
15 29 2 6
15 30 10 3
15 31 5 10
15 33 4 10
15 34 1 1
15 35 6 9
15 36 2 6
15 37 1 4
15 38 7 1
15 39 9 5
15 40 5 9
15 41 1 6
15 42 5 4
15 44 7 7
15 45 7 7
15 46 3 4
15 47 4 6
15 48 7 7
15 50 10 8
15 52 4 6
15 53 10 10
15 55 4 6
15 56 7 10
15 57 10 1
15 58 1 6
15 59 4 10
15 61 7 5
15 62 7 6
15 63 4 5
15 64 8 2
15 65 3 9
15 66 3 9
15 67 9 8
15 68 9 5
15 69 5 5
15 70 1 3
15 71 7 5
15 73 3 1
15 74 8 1
15 75 2 9
15 76 6 6
15 77 6 8
15 78 1 8
15 80 5 10
15 81 6 4
15 83 10 6
15 84 1 10
15 85 1 2
15 86 1 4
15 90 9 7
15 91 1 7
15 92 9 1
15 93 1 1
15 94 6 7
15 95 9 2
15 96 10 6
15 98 3 1
15 99 8 1
15 100 2 3
16 17 10 10
16 18 5 7
16 19 4 5
16 20 6 2
16 21 9 1
16 22 9 10
16 24 9 3
16 25 1 5
16 26 1 10
16 27 2 4
16 28 1 10
16 29 6 10
16 30 9 2
16 31 1 9
16 32 10 8
16 34 8 3
16 35 10 2
16 36 1 9
16 37 8 5
16 40 7 3
16 41 3 9
16 42 1 8
16 43 6 8
16 44 10 7
16 45 5 2
16 46 10 10
16 47 8 3
16 48 4 6
16 50 2 1
16 51 7 8
16 52 4 1
16 53 3 10
16 55 7 9
16 56 9 3
16 57 6 2
16 58 5 4
16 59 8 7
16 60 9 10
16 61 8 7
16 62 2 10
16 64 5 1
16 66 8 4
16 67 5 4
16 68 5 5
16 69 5 6
16 71 4 6
16 72 10 6
16 73 4 9
16 74 1 5
16 75 2 1
16 78 9 6
16 79 1 7
16 81 1 2
16 82 7 10
16 84 7 5
16 85 7 9
16 86 3 7
16 87 8 5
16 88 2 8
16 90 6 2
16 91 7 10
16 93 8 6
16 94 9 3
16 95 7 5
16 96 10 2
16 97 5 8
16 98 6 6
17 18 1 6
17 21 6 2
17 22 6 8
17 24 1 8
17 25 3 7
17 26 6 8
17 27 4 8
17 28 4 10
17 29 6 7
17 30 6 6
17 31 7 8
17 33 8 9
17 35 6 3
17 36 5 4
17 37 1 10
17 38 1 1
17 39 8 1
17 40 3 6
17 41 7 2
17 42 4 2
17 44 8 1
17 45 3 9
17 46 8 10
17 47 6 9
17 48 7 10
17 49 2 5
17 50 6 6
17 51 2 5
17 52 4 2
17 53 4 5
17 54 9 2
17 55 5 6
17 56 2 9
17 57 3 10
17 59 4 6
17 60 1 6
17 61 4 2
17 62 4 10
17 63 1 3
17 65 4 4
17 66 8 9
17 67 5 7
17 68 4 8
17 70 3 2
17 71 1 6
17 72 4 9
17 73 9 5
17 74 1 7
17 75 10 1
17 77 1 10
17 78 5 7
17 79 7 6
17 80 5 2
17 81 9 7
17 84 2 1
17 85 9 8
17 86 7 10
17 88 4 1
17 90 10 9
17 91 9 4
17 92 7 6
17 93 2 6
17 94 7 2
17 96 7 2
17 97 7 7
18 19 6 9
18 20 2 4
18 21 1 4
18 22 6 2
18 23 5 7
18 24 4 5
18 25 4 4
18 26 10 2
18 27 7 3
18 28 9 4
18 29 10 9
18 30 10 2
18 31 3 4
18 34 5 7
18 35 10 10
18 36 6 2
18 37 9 1
18 40 7 4
18 41 8 3
18 42 9 3
18 44 4 9
18 45 5 4
18 46 5 10
18 47 8 9
18 49 3 7
18 50 5 1
18 51 10 5
18 52 9 3
18 53 1 8
18 55 3 5
18 56 2 9
18 58 1 4
18 59 7 7
18 60 10 6
18 61 9 6
18 62 2 8
18 63 4 1
18 64 1 5
18 65 7 10
18 67 3 9
18 68 9 1
18 69 1 6
18 70 10 2
18 71 6 9
18 72 5 6
18 73 10 7
18 74 3 8
18 75 6 4
18 76 4 3
18 77 10 10
18 78 9 9
18 79 10 6
18 80 5 10
18 81 3 3
18 82 3 8
18 83 3 6
18 84 1 9
18 85 3 4
18 86 1 1
18 87 1 10
18 88 5 2
18 89 6 7
18 91 4 10
18 92 5 4
18 93 4 1
18 95 8 2
18 97 3 7
18 98 8 1
18 99 3 10
18 100 5 4
19 20 3 6
19 21 8 10
19 23 3 4
19 25 9 6
19 27 6 4
19 28 8 6
19 31 4 5
19 32 2 5
19 33 6 7
19 34 2 7
19 36 8 6
19 37 9 7
19 38 2 5
19 39 8 8
19 40 3 4
19 41 8 2
19 42 7 7
19 43 9 10
19 44 1 1
19 45 8 1
19 46 6 1
19 47 3 9
19 49 7 5
19 50 7 4
19 52 3 10
19 53 2 4
19 54 6 8
19 55 5 7
19 56 6 7
19 57 6 3
19 58 1 5
19 60 6 1
19 61 6 3
19 64 5 8
19 65 3 2
19 67 7 7
19 68 5 2
19 71 1 6
19 73 7 4
19 74 6 8
19 75 4 2
19 76 2 1
19 77 6 7
19 79 1 10
19 80 10 5
19 81 8 9
19 82 5 3
19 85 7 4
19 86 9 6
19 87 2 4
19 89 10 10
19 90 4 5
19 91 7 3
19 92 1 6
19 93 8 6
19 95 6 8
19 96 1 4
19 100 5 6
20 21 3 2
20 22 1 9
20 23 8 7
20 24 2 3
20 26 7 4
20 28 10 2
20 29 8 1
20 30 7 3
20 31 6 5
20 32 8 10
20 33 10 7
20 34 2 4
20 35 7 1
20 39 3 9
20 43 3 5
20 44 7 10
20 45 1 5
20 46 8 2
20 47 1 10
20 48 2 5
20 49 8 3
20 50 8 10
20 51 10 10
20 52 6 3
20 54 4 4
20 55 3 10
20 56 6 1
20 57 3 6
20 59 1 8
20 60 8 10
20 63 5 4
20 64 5 3
20 65 4 6
20 66 6 9
20 68 7 1
20 69 7 4
20 71 9 1
20 74 1 4
20 76 7 1
20 77 9 8
20 79 9 1
20 80 8 2
20 81 4 7
20 82 7 5
20 83 10 7
20 84 5 3
20 85 8 3
20 86 7 1
20 88 2 7
20 89 2 2
20 90 5 4
20 91 5 10
20 92 7 3
20 94 7 2
20 95 3 1
20 97 4 6
20 98 2 6
20 99 7 9
20 100 8 5
21 22 4 2
21 23 2 7
21 25 7 2
21 26 3 2
21 27 2 5
21 28 4 3
21 29 1 10
21 30 4 2
21 31 3 1
21 32 9 3
21 33 5 8
21 34 4 5
21 36 4 6
21 39 7 1
21 40 7 3
21 41 2 10
21 42 9 1
21 43 10 4
21 44 7 4
21 48 9 5
21 49 7 5
21 50 8 4
21 52 7 3
21 53 6 1
21 54 7 2
21 55 2 10
21 56 5 9
21 57 8 4
21 58 1 9
21 60 10 4
21 61 4 9
21 62 5 5
21 64 8 2
21 65 8 5
21 66 2 10
21 67 9 9
21 68 2 2
21 69 6 4
21 72 7 4
21 73 7 9
21 74 5 9
21 75 1 9
21 76 3 7
21 77 4 3
21 78 8 3
21 79 9 2
21 80 5 5
21 81 9 9
21 82 5 8
21 83 7 2
21 84 9 5
21 85 7 3
21 86 5 7
21 87 8 5
21 88 1 4
21 89 5 2
21 90 10 7
21 91 2 6
21 92 10 5
21 93 9 2
21 94 6 7
21 95 9 5
21 96 6 3
21 97 5 4
22 23 2 7
22 24 7 3
22 25 8 1
22 26 4 8
22 27 6 1
22 28 6 6
22 29 2 1
22 31 3 5
22 32 2 8
22 35 5 9
22 36 3 6
22 37 7 9
22 38 2 3
22 39 3 5
22 40 10 1
22 41 4 6
22 43 9 8
22 44 9 4
22 45 2 3
22 49 9 4
22 52 6 8
22 54 8 6
22 55 5 8
22 56 7 2
22 58 8 6
22 59 2 3
22 60 6 8
22 62 10 5
22 64 5 2
22 65 2 8
22 66 10 3
22 67 6 1
22 68 10 6
22 69 2 10
22 70 4 3
22 72 3 10
22 73 7 2
22 75 5 4
22 76 9 8
22 77 1 5
22 78 2 6
22 80 1 8
22 81 1 8
22 82 3 6
22 84 4 10
22 86 7 5
22 88 7 8
22 89 8 8
22 90 4 5
22 91 10 2
22 92 4 10
22 93 3 4
22 94 1 6
22 95 6 1
22 96 4 2
22 99 5 7
23 24 3 1
23 25 3 1
23 26 7 6
23 27 6 7
23 28 7 7
23 29 8 7
23 30 6 9
23 31 1 9
23 33 8 1
23 34 7 1
23 35 4 10
23 36 9 6
23 37 5 6
23 39 4 2
23 40 6 8
23 41 8 6
23 42 6 1
23 43 2 1
23 44 1 7
23 45 5 6
23 46 9 2
23 48 3 5
23 49 5 4
23 50 10 9
23 52 4 6
23 53 5 8
23 54 7 7
23 55 6 4
23 56 2 10
23 57 10 10
23 58 6 3
23 59 7 9
23 60 4 3
23 61 6 6
23 63 5 6
23 64 8 4
23 65 10 6
23 66 2 2
23 67 10 9
23 68 8 3
23 69 1 2
23 70 8 7
23 71 6 6
23 72 4 9
23 73 3 8
23 74 10 4
23 77 6 3
23 79 8 7
23 80 8 7
23 81 10 5
23 82 4 5
23 83 2 1
23 84 7 1
23 85 4 3
23 86 2 3
23 87 6 6
23 88 1 8
23 89 10 3
23 91 9 9
23 92 5 5
23 93 5 3
23 94 9 10
23 95 6 1
23 96 2 7
23 97 10 2
23 98 8 5
23 99 1 5
23 100 10 1
24 25 4 10
24 27 7 2
24 29 9 6
24 30 6 4
24 31 3 3
24 33 5 3
24 34 5 1
24 35 4 6
24 36 10 2
24 37 8 8
24 41 7 1
24 42 5 3
24 43 6 3
24 44 9 6
24 45 7 8
24 46 3 8
24 47 4 7
24 49 9 6
24 50 4 4
24 51 8 7
24 52 1 10
24 53 3 8
24 54 4 7
24 55 3 9
24 56 7 9
24 57 3 7
24 58 1 3
24 61 3 10
24 62 1 3
24 63 4 7
24 65 7 2
24 66 6 4
24 67 4 9
24 68 9 5
24 69 8 6
24 70 4 2
24 71 3 5
24 72 6 2
24 73 9 5
24 74 7 10
24 75 10 10
24 76 4 6
24 77 1 2
24 80 5 10
24 81 2 9
24 82 6 3
24 83 7 7
24 85 9 7
24 86 10 4
24 87 4 8
24 88 2 2
24 89 5 8
24 90 4 1
24 91 1 1
24 92 9 9
24 93 10 9
24 94 7 8
24 95 3 5
24 96 1 9
24 97 4 1
24 100 8 9
25 26 7 4
25 27 4 3
25 28 3 5
25 30 3 1
25 32 8 7
25 33 1 1
25 34 4 10
25 35 1 9
25 36 8 3
25 37 9 9
25 38 8 7
25 41 1 6
25 42 7 1
25 43 10 9
25 45 7 6
25 46 4 4
25 47 2 3
25 48 4 9
25 50 10 5
25 51 5 3
25 53 7 6
25 55 2 1
25 56 3 10
25 57 5 6
25 58 2 3
25 59 3 6
25 60 6 10
25 61 4 1
25 62 4 10
25 63 7 3
25 64 9 3
25 66 5 1
25 67 6 6
25 68 5 10
25 69 1 1
25 70 5 5
25 72 3 2
25 73 3 9
25 74 5 10
25 76 2 4
25 77 8 8
25 78 4 1
25 79 10 4
25 82 10 6
25 83 6 3
25 84 3 10
25 85 3 6
25 86 4 3
25 87 9 7
25 88 6 10
25 89 3 3
25 90 8 6
25 91 2 4
25 93 6 5
25 94 8 6
25 95 10 1
25 96 9 10
25 97 7 3
25 98 8 10
25 99 3 4
25 100 5 4
26 27 4 8
26 29 3 10
26 30 7 5
26 31 3 3
26 33 3 5
26 34 2 5
26 35 7 9
26 36 4 5
26 37 4 5
26 38 6 1
26 39 6 7
26 40 8 8
26 41 8 1
26 43 1 3
26 44 10 2
26 46 7 1
26 47 2 9
26 48 8 3
26 49 1 7
26 50 7 7
26 52 5 9
26 53 9 2
26 54 10 8
26 55 1 1
26 56 4 6
26 57 8 5
26 59 10 10
26 60 7 2
26 61 8 6
26 62 3 9
26 63 10 7
26 64 2 2
26 65 7 4
26 67 1 7
26 69 9 8
26 70 1 10
26 71 5 10
26 72 2 2
26 73 4 8
26 74 10 3
26 75 3 8
26 76 3 8
26 77 2 8
26 78 8 2
26 79 7 6
26 80 1 8
26 82 9 7
26 83 8 6
26 84 7 5
26 86 3 9
26 87 10 5
26 88 4 7
26 89 6 7
26 90 10 4
26 92 10 3
26 94 2 3
26 95 6 1
26 96 4 4
26 98 3 5
26 99 9 4
26 100 9 8
27 29 2 1
27 30 8 10
27 31 5 2
27 32 6 7
27 33 1 3
27 34 6 3
27 35 3 4
27 36 2 2
27 37 8 5
27 38 5 1
27 39 3 1
27 40 4 4
27 41 5 7
27 42 4 5
27 43 4 8
27 44 4 5
27 45 2 7
27 46 6 2
27 47 10 6
27 48 1 1
27 49 10 7
27 50 7 7
27 51 6 5
27 52 5 1
27 53 10 2
27 54 8 2
27 55 6 2
27 56 2 1
27 57 4 1
27 58 10 8
27 60 5 10
27 62 6 7
27 63 6 9
27 64 7 9
27 65 1 10
27 66 9 1
27 67 10 6
27 68 9 5
27 69 6 7
27 71 1 10
27 72 4 10
27 73 2 9
27 74 6 9
27 75 7 10
27 76 5 10
27 77 8 8
27 78 6 2
27 79 8 5
27 80 4 8
27 81 7 8
27 84 9 8
27 85 2 6
27 86 3 3
27 88 6 1
27 89 8 9
27 90 9 6
27 91 2 5
27 92 4 3
27 93 6 10
27 94 2 5
27 95 6 8
27 96 8 4
27 97 4 2
27 98 7 7
27 99 10 6
27 100 10 9
28 29 2 5
28 30 3 4
28 31 3 2
28 32 5 1
28 33 4 4
28 34 8 9
28 36 7 7
28 37 9 8
28 40 7 9
28 41 7 9
28 42 4 1
28 43 3 1
28 44 10 4
28 45 6 10
28 46 7 9
28 49 2 5
28 50 1 7
28 51 7 3
28 52 10 10
28 53 1 4
28 54 3 4
28 56 3 5
28 57 5 5
28 58 3 6
28 59 1 3
28 61 3 2
28 63 3 5
28 64 3 6
28 65 10 1
28 66 6 1
28 67 7 10
28 69 7 9
28 70 10 6
28 71 5 5
28 72 6 3
28 73 10 4
28 75 2 8
28 76 3 5
28 77 8 4
28 78 10 1
28 80 2 6
28 81 8 9
28 82 2 1
28 83 7 3
28 85 7 4
28 86 1 1
28 88 9 4
28 89 4 10
28 90 5 3
28 92 2 9
28 93 9 2
28 94 3 6
28 95 4 10
28 96 2 5
28 97 8 5
28 98 7 3
28 99 1 6
28 100 5 7
29 31 7 10
29 32 4 9
29 33 6 6
29 34 9 8
29 35 3 6
29 36 8 4
29 37 9 4
29 38 3 4
29 39 8 9
29 41 4 10
29 43 3 9
29 44 10 5
29 45 9 1
29 47 3 10
29 51 5 4
29 52 6 9
29 53 1 3
29 55 2 2
29 56 2 1
29 57 9 9
29 58 1 7
29 59 8 6
29 60 10 10
29 61 10 9
29 63 3 8
29 64 3 3
29 65 3 2
29 67 4 4
29 69 3 4
29 70 2 5
29 71 10 6
29 73 7 8
29 74 6 2
29 75 10 2
29 77 3 6
29 79 2 6
29 80 3 3
29 81 9 10
29 82 10 8
29 83 10 2
29 84 5 10
29 85 2 4
29 86 3 9
29 87 3 1
29 88 6 6
29 89 3 4
29 90 10 1
29 91 6 3
29 92 10 1
29 93 3 3
29 94 3 8
29 96 5 1
29 97 7 6
29 98 4 5
29 99 5 4
29 100 7 6
30 31 1 10
30 32 8 4
30 33 4 4
30 34 1 8
30 35 7 6
30 36 5 3
30 38 2 1
30 40 7 5
30 41 5 3
30 43 8 2
30 44 5 7
30 45 2 1
30 46 2 6
30 47 10 4
30 48 7 9
30 51 8 5
30 53 5 2
30 54 8 9
30 55 8 6
30 56 1 10
30 57 1 1
30 59 6 1
30 60 10 9
30 61 3 8
30 62 7 1
30 63 8 3
30 64 3 5
30 65 10 9
30 66 5 6
30 67 8 8
30 68 2 8
30 69 1 2
30 71 5 2
30 72 3 2
30 73 10 9
30 75 8 5
30 76 6 9
30 77 5 4
30 78 5 4
30 79 9 10
30 80 6 6
30 81 4 2
30 82 1 3
30 83 3 5
30 85 7 6
30 86 8 5
30 89 5 9
30 90 10 6
30 91 5 1
30 93 3 8
30 95 5 8
30 96 5 1
30 98 3 8
30 99 8 8
30 100 8 4
31 32 6 8
31 33 7 6
31 34 3 9
31 36 3 10
31 38 3 2
31 39 3 5
31 40 9 8
31 41 4 1
31 42 5 1
31 43 2 7
31 44 8 6
31 46 7 7
31 47 9 3
31 50 7 1
31 51 2 4
31 52 6 6
31 54 10 2
31 55 9 10
31 56 3 9
31 58 1 4
31 59 1 3
31 60 2 2
31 61 4 3
31 62 7 7
31 63 7 2
31 64 7 7
31 66 5 5
31 67 9 2
31 68 5 6
31 69 4 1
31 71 2 7
31 72 4 8
31 73 4 5
31 74 10 3
31 76 6 2
31 77 9 5
31 79 1 4
31 80 8 5
31 81 9 3
31 82 7 4
31 84 6 7
31 85 1 7
31 86 10 8
31 87 2 10
31 88 10 7
31 89 10 8
31 90 8 2
31 91 10 5
31 92 5 8
31 93 4 7
31 95 5 8
31 97 8 7
31 98 5 2
31 99 7 5
32 33 1 5
32 34 5 9
32 36 6 10
32 37 6 10
32 39 4 2
32 40 4 5
32 41 8 5
32 42 4 2
32 44 1 4
32 45 2 10
32 46 3 7
32 47 4 1
32 48 9 7
32 49 8 4
32 50 6 6
32 51 4 5
32 52 3 2
32 54 7 4
32 56 5 6
32 57 3 5
32 59 3 4
32 60 4 9
32 61 4 3
32 62 10 10
32 63 7 1
32 64 2 5
32 65 10 9
32 66 1 8
32 68 1 8
32 69 10 10
32 71 7 4
32 72 2 9
32 74 7 1
32 75 7 2
32 76 6 2
32 77 4 7
32 78 3 3
32 79 3 10
32 81 6 7
32 82 10 7
32 83 2 6
32 84 6 2
32 85 8 5
32 86 3 7
32 87 1 9
32 89 8 3
32 90 9 3
32 91 4 3
32 92 6 2
32 93 4 9
32 95 8 9
32 96 8 6
32 97 10 3
32 98 9 7
32 99 3 8
33 34 9 9
33 35 10 3
33 36 4 5
33 37 8 7
33 38 3 6
33 39 4 8
33 41 1 8
33 42 6 8
33 43 4 1
33 44 1 2
33 45 7 10
33 46 6 9
33 47 5 2
33 48 10 9
33 49 1 8
33 51 9 6
33 52 5 7
33 53 6 5
33 54 1 1
33 55 5 10
33 56 1 5
33 57 4 10
33 59 6 6
33 61 6 3
33 62 5 8
33 63 4 8
33 64 1 3
33 65 3 1
33 66 6 9
33 67 7 7
33 69 1 10
33 70 9 1
33 71 8 1
33 72 1 6
33 73 6 3
33 74 3 7
33 75 6 5
33 76 1 1
33 77 5 10
33 78 4 2
33 79 8 1
33 80 4 5
33 81 9 6
33 82 6 7
33 84 2 5
33 85 5 3
33 86 8 10
33 87 10 5
33 88 2 6
33 89 1 9
33 91 1 2
33 92 2 7
33 93 9 5
33 95 8 5
33 96 5 5
33 97 6 3
33 99 1 5
33 100 9 6
34 35 10 3
34 36 1 6
34 37 7 3
34 38 9 8
34 39 7 7
34 40 9 6
34 43 2 1
34 44 9 4
34 45 2 2
34 47 6 9
34 48 4 5
34 49 5 5
34 50 4 10
34 53 9 2
34 54 6 8
34 55 7 2
34 56 5 2
34 57 6 1
34 58 10 4
34 59 1 4
34 61 8 2
34 62 8 2
34 63 10 1
34 64 7 6
34 66 8 4
34 67 6 6
34 69 1 10
34 71 8 9
34 73 1 5
34 74 2 10
34 75 9 7
34 76 5 4
34 77 5 2
34 78 2 1
34 79 10 5
34 80 3 2
34 81 6 9
34 83 1 10
34 84 8 9
34 85 10 10
34 86 5 6
34 87 8 8
34 88 6 5
34 89 1 6
34 90 5 7
34 91 10 5
34 93 4 10
34 94 6 8
34 96 2 3
34 97 2 7
34 99 8 5
34 100 3 8
35 36 8 4
35 38 5 2
35 39 5 1
35 40 1 2
35 41 8 6
35 42 7 9
35 43 7 7
35 44 4 8
35 45 2 4
35 47 1 7
35 49 10 1
35 50 8 4
35 51 8 10
35 52 3 8
35 54 4 4
35 56 10 5
35 57 3 10
35 58 1 1
35 59 2 2
35 60 4 5
35 61 1 4
35 62 9 1
35 63 6 8
35 65 1 7
35 66 2 8
35 68 3 7
35 69 6 9
35 70 7 2
35 71 4 7
35 72 3 7
35 73 2 9
35 74 10 9
35 75 4 10
35 76 10 4
35 77 1 9
35 80 8 5
35 82 7 1
35 83 1 9
35 84 10 1
35 86 8 2
35 87 7 7
35 88 1 10
35 89 5 3
35 91 1 7
35 92 5 8
35 93 5 1
35 94 3 7
35 95 1 1
35 96 2 10
35 97 1 2
35 98 9 5
35 99 5 4
35 100 3 9
36 37 10 3
36 41 5 7
36 43 7 5
36 44 10 5
36 45 10 6
36 46 6 7
36 47 1 7
36 48 6 10
36 49 10 1
36 51 8 9
36 52 4 9
36 54 5 3
36 55 8 3
36 56 10 8
36 57 5 8
36 60 5 4
36 61 10 6
36 62 9 5
36 63 7 4
36 64 6 2
36 65 3 5
36 66 6 7
36 67 10 2
36 69 9 7
36 70 1 2
36 71 8 8
36 72 7 5
36 73 2 8
36 74 5 10
36 76 6 6
36 77 8 7
36 78 10 6
36 79 5 8
36 80 9 3
36 81 9 6
36 82 3 10
36 85 10 2
36 86 5 6
36 87 6 1
36 88 8 10
36 89 8 10
36 90 2 7
36 91 10 5
36 93 4 8
36 95 4 7
36 96 1 5
36 97 5 5
36 98 2 10
36 99 10 2
36 100 4 1
37 38 8 1
37 39 7 7
37 41 9 1
37 42 4 1
37 43 4 6
37 44 1 4
37 45 10 3
37 47 9 10
37 48 6 2
37 50 2 1
37 51 6 7
37 52 1 4
37 54 1 4
37 55 2 9
37 56 2 6
37 57 2 1
37 58 8 9
37 60 3 2
37 61 6 5
37 63 4 4
37 65 3 2
37 66 1 1
37 68 10 2
37 70 10 2
37 71 3 7
37 72 3 9
37 73 5 4
37 74 9 7
37 75 1 3
37 76 7 3
37 77 5 9
37 79 2 4
37 80 6 7
37 83 8 6
37 84 1 2
37 86 8 10
37 88 4 7
37 89 2 10
37 91 10 4
37 92 9 6
37 93 10 10
37 94 1 7
37 95 10 2
37 96 6 2
37 97 4 9
37 98 7 1
37 99 3 2
37 100 5 6
38 39 7 9
38 40 2 5
38 41 1 3
38 42 6 6
38 43 2 1
38 44 4 8
38 45 3 9
38 46 6 8
38 47 7 9
38 49 1 7
38 50 4 2
38 51 5 1
38 52 9 9
38 53 6 3
38 54 1 5
38 55 2 2
38 57 9 3
38 58 8 7
38 59 8 7
38 60 6 6
38 61 6 7
38 62 8 7
38 64 8 8
38 65 1 10
38 67 7 8
38 68 1 9
38 69 7 6
38 70 4 6
38 71 10 7
38 72 1 1
38 73 1 8
38 74 2 3
38 75 3 2
38 77 10 6
38 79 1 10
38 80 5 8
38 81 3 8
38 82 1 5
38 83 5 8
38 84 2 7
38 86 10 8
38 87 5 4
38 88 1 2
38 89 4 6
38 90 9 6
38 91 4 3
38 92 3 10
38 93 1 1
38 94 9 8
38 95 7 5
38 96 8 4
38 97 6 9
38 98 10 4
38 99 6 5
38 100 6 4
39 40 10 2
39 41 9 2
39 43 2 9
39 44 5 6
39 45 3 10
39 46 5 5
39 47 1 2
39 48 3 6
39 50 6 10
39 51 6 10
39 52 5 6
39 53 8 9
39 54 9 3
39 55 7 5
39 56 3 5
39 57 10 5
39 58 10 10
39 59 1 10
39 60 1 3
39 61 5 9
39 62 5 10
39 63 9 3
39 64 5 6
39 65 8 3
39 66 2 8
39 67 6 1
39 69 3 5
39 71 5 5
39 72 3 2
39 75 9 9
39 76 7 10
39 77 10 4
39 78 7 5
39 79 7 9
39 80 8 1
39 81 10 3
39 83 2 5
39 84 5 4
39 85 1 8
39 86 8 2
39 87 2 9
39 88 2 10
39 89 3 3
39 90 8 4
39 91 4 4
39 93 3 10
39 94 1 7
39 96 3 4
39 99 9 3
40 41 6 1
40 42 5 6
40 43 2 10
40 44 4 6
40 45 10 10
40 46 4 3
40 47 8 4
40 49 8 4
40 50 9 4
40 51 2 10
40 52 10 9
40 53 3 2
40 54 6 4
40 56 6 7
40 57 9 8
40 60 7 8
40 62 10 2
40 63 1 3
40 64 5 3
40 65 7 5
40 66 2 9
40 67 8 6
40 69 9 9
40 70 5 8
40 71 10 8
40 72 3 1
40 73 5 2
40 74 9 1
40 75 5 2
40 76 9 8
40 77 1 4
40 78 2 9
40 79 4 8
40 80 2 5
40 81 9 9
40 82 2 3
40 83 10 4
40 85 5 4
40 86 8 1
40 87 2 3
40 88 2 8
40 89 3 6
40 91 9 1
40 93 4 6
40 94 10 3
40 97 1 8
40 98 4 5
40 99 5 8
40 100 10 1
41 43 6 7
41 44 2 6
41 45 10 10
41 47 4 3
41 49 1 5
41 50 3 9
41 52 5 1
41 53 10 2
41 54 8 9
41 55 3 3
41 56 3 10
41 57 1 10
41 58 6 3
41 59 5 3
41 60 6 3
41 61 3 6
41 62 2 9
41 64 6 3
41 65 1 1
41 66 9 9
41 68 10 8
41 69 9 8
41 70 9 5
41 72 1 8
41 73 8 7
41 75 7 1
41 76 4 3
41 77 6 9
41 78 9 3
41 82 5 8
41 83 5 2
41 84 4 6
41 86 2 9
41 87 10 9
41 90 2 10
41 91 5 4
41 92 1 3
41 93 9 5
41 94 10 5
41 95 1 4
41 96 10 6
41 98 1 3
41 99 6 5
41 100 4 2
42 43 8 2
42 45 8 3
42 46 5 10
42 47 4 7
42 48 8 7
42 50 10 10
42 51 10 1
42 52 2 2
42 53 2 8
42 54 1 6
42 55 4 4
42 56 3 9
42 57 4 4
42 59 10 7
42 60 2 5
42 62 9 6
42 63 9 4
42 64 3 4
42 65 4 10
42 66 4 3
42 67 8 2
42 68 1 5
42 69 6 10
42 70 8 7
42 72 9 6
42 73 8 5
42 75 8 5
42 76 6 6
42 77 1 2
42 78 8 5
42 80 2 4
42 81 4 2
42 82 6 5
42 83 5 8
42 84 9 9
42 85 7 5
42 86 9 1
42 88 1 1
42 89 5 9
42 90 2 6
42 91 6 1
42 92 1 10
42 93 7 5
42 94 5 7
42 95 4 9
42 96 6 8
42 97 8 3
42 98 1 7
42 99 7 2
42 100 8 1
43 44 9 4
43 45 5 10
43 47 1 2
43 48 7 10
43 49 4 8
43 50 3 1
43 51 9 5
43 56 9 2
43 57 5 7
43 58 10 2
43 59 6 5
43 60 8 8
43 61 6 4
43 62 10 7
43 63 5 5
43 64 9 3
43 65 9 2
43 66 8 2
43 67 5 7
43 68 6 9
43 69 5 4
43 70 8 3
43 71 6 4
43 72 6 9
43 74 7 2
43 75 1 6
43 76 9 7
43 77 3 1
43 78 1 5
43 79 2 4
43 80 4 4
43 81 7 10
43 82 10 3
43 83 2 2
43 84 7 7
43 85 9 7
43 86 6 4
43 87 9 6
43 88 9 10
43 89 8 8
43 91 2 10
43 93 9 4
43 94 6 6
43 95 1 4
43 96 4 1
43 97 2 3
43 98 1 9
43 99 4 1
44 45 10 6
44 46 5 5
44 47 9 1
44 49 6 8
44 50 4 5
44 51 4 8
44 52 2 4
44 53 5 5
44 54 5 9
44 55 10 6
44 57 9 9
44 58 9 6
44 59 9 3
44 60 7 1
44 61 5 9
44 62 10 7
44 65 6 4
44 66 1 10
44 68 4 5
44 69 9 3
44 70 3 10
44 71 7 8
44 73 5 2
44 74 8 5
44 75 4 9
44 76 7 8
44 78 2 9
44 80 7 2
44 81 7 3
44 82 6 2
44 83 3 9
44 84 3 8
44 85 5 2
44 86 5 1
44 87 8 1
44 88 8 1
44 89 10 9
44 90 9 4
44 91 5 5
44 92 4 1
44 93 1 3
44 94 3 5
44 95 1 5
44 96 7 4
44 97 4 5
44 98 3 5
44 99 2 1
44 100 1 8
45 46 5 4
45 47 10 6
45 48 2 9
45 49 8 9
45 50 5 4
45 51 4 7
45 52 3 5
45 53 4 2
45 54 7 5
45 55 2 2
45 56 6 1
45 57 7 1
45 58 3 6
45 60 1 4
45 63 2 10
45 64 3 5
45 65 4 6
45 66 10 6
45 67 3 9
45 68 7 9
45 71 9 3
45 73 8 2
45 74 1 10
45 75 4 2
45 77 7 9
45 78 3 4
45 79 6 9
45 81 9 8
45 83 3 2
45 84 7 8
45 85 1 1
45 86 2 1
45 87 1 6
45 89 4 5
45 90 1 3
45 91 9 10
45 92 4 9
45 93 7 2
45 94 7 2
45 95 4 6
45 96 5 4
45 97 5 10
45 98 7 10
45 99 10 6
45 100 10 3
46 47 3 7
46 48 3 1
46 49 8 10
46 50 6 1
46 51 2 6
46 52 10 5
46 54 1 1
46 55 7 4
46 57 4 3
46 58 9 9
46 60 3 7
46 61 3 5
46 62 8 9
46 63 8 9
46 64 6 3
46 65 10 2
46 66 8 8
46 67 8 4
46 68 8 6
46 69 4 1
46 70 3 8
46 71 2 10
46 72 3 10
46 75 1 6
46 76 8 3
46 77 2 6
46 78 10 4
46 82 2 7
46 83 9 10
46 84 10 6
46 85 9 4
46 86 2 1
46 87 1 7
46 88 7 6
46 89 6 3
46 90 4 3
46 91 9 7
46 92 8 4
46 93 9 7
46 95 4 2
46 96 4 3
46 99 3 3
46 100 1 8
47 48 7 5
47 49 5 9
47 50 1 7
47 52 4 6
47 53 8 9
47 55 6 7
47 56 2 3
47 57 3 8
47 58 1 3
47 59 8 4
47 60 6 7
47 61 5 10
47 62 10 7
47 63 7 5
47 64 5 8
47 65 3 4
47 66 7 6
47 67 3 4
47 68 1 5
47 70 2 2
47 71 2 8
47 72 5 2
47 75 6 7
47 76 3 2
47 78 4 10
47 79 7 9
47 80 6 8
47 81 7 2
47 82 7 8
47 84 4 2
47 85 8 8
47 86 3 1
47 87 6 8
47 88 10 10
47 89 9 1
47 90 7 8
47 91 1 6
47 92 6 9
47 93 8 9
47 94 10 6
47 95 1 3
47 97 8 7
47 98 10 2
47 99 6 6
47 100 1 5
48 49 9 6
48 51 8 4
48 52 10 7
48 53 7 10
48 54 7 10
48 56 5 7
48 57 4 8
48 59 7 6
48 60 6 1
48 61 10 6
48 63 2 9
48 64 8 9
48 65 1 8
48 66 4 3
48 67 2 2
48 68 4 6
48 69 6 3
48 70 8 5
48 71 1 8
48 73 10 10
48 74 6 9
48 75 2 4
48 76 4 7
48 77 10 5
48 78 9 4
48 79 7 4
48 80 8 9
48 81 8 8
48 82 10 4
48 84 5 2
48 85 4 7
48 86 9 1
48 87 3 2
48 88 1 6
48 89 1 10
48 90 8 1
48 91 9 5
48 92 6 3
48 93 4 3
48 94 10 3
48 95 8 2
48 96 9 2
48 98 2 1
49 50 4 10
49 52 9 3
49 53 9 9
49 54 7 2
49 55 8 1
49 56 4 8
49 58 1 3
49 60 5 1
49 62 9 6
49 63 4 5
49 64 4 7
49 65 4 1
49 66 9 5
49 67 3 7
49 68 10 7
49 69 8 7
49 70 4 1
49 71 4 7
49 72 6 5
49 74 4 7
49 75 5 5
49 76 1 1
49 77 3 4
49 78 9 6
49 79 7 2
49 80 7 5
49 81 8 3
49 82 8 7
49 83 6 1
49 84 10 4
49 85 7 8
49 87 5 8
49 88 8 5
49 89 7 6
49 90 10 7
49 91 8 1
49 92 6 7
49 95 9 1
49 96 5 9
49 98 8 1
49 99 2 6
50 51 5 1
50 52 10 5
50 53 5 6
50 54 3 7
50 55 4 9
50 57 7 4
50 58 5 6
50 59 1 1
50 60 7 4
50 61 9 4
50 62 3 5
50 63 3 8
50 64 8 6
50 65 10 1
50 67 4 9
50 68 3 3
50 69 4 8
50 70 6 6
50 71 7 2
50 72 7 5
50 73 8 6
50 74 5 6
50 75 6 4
50 76 2 2
50 77 6 5
50 79 5 4
50 80 6 5
50 82 1 3
50 83 5 7
50 84 8 4
50 85 6 5
50 87 7 7
50 88 3 5
50 90 8 4
50 91 2 7
50 92 8 2
50 94 9 10
50 95 3 8
50 96 2 7
50 98 3 3
50 99 2 2
50 100 1 6
51 52 6 8
51 53 5 2
51 54 7 9
51 56 8 4
51 57 3 1
51 58 7 6
51 59 8 3
51 60 8 6
51 61 6 10
51 62 3 6
51 63 10 1
51 64 8 5
51 65 3 3
51 66 5 1
51 67 10 3
51 68 1 9
51 69 8 1
51 70 8 3
51 71 6 4
51 73 2 7
51 74 10 8
51 75 8 7
51 76 2 3
51 77 5 9
51 78 5 10
51 79 6 7
51 81 9 5
51 82 6 6
51 83 3 7
51 84 8 2
51 86 1 3
51 87 8 5
51 88 1 6
51 89 5 2
51 91 6 9
51 93 4 5
51 94 10 7
51 95 6 3
51 96 4 10
51 98 3 8
51 99 4 9
51 100 4 1
52 54 7 5
52 55 5 10
52 56 7 2
52 57 3 6
52 58 6 5
52 59 4 7
52 60 1 4
52 61 6 7
52 62 4 4
52 63 8 3
52 64 1 5
52 65 1 9
52 66 5 4
52 67 9 9
52 68 4 4
52 69 8 9
52 70 1 6
52 71 6 9
52 72 4 6
52 73 2 9
52 77 1 6
52 78 2 6
52 79 1 9
52 80 1 7
52 81 1 9
52 82 10 10
52 83 6 9
52 84 8 5
52 85 5 2
52 91 4 10
52 92 10 7
52 93 10 4
52 94 7 3
52 95 4 10
52 98 8 6
52 99 10 4
53 54 5 7
53 55 7 9
53 56 2 2
53 58 3 4
53 60 4 7
53 62 6 4
53 64 4 9
53 65 4 5
53 67 7 1
53 70 5 3
53 71 6 9
53 73 4 10
53 75 9 1
53 76 7 8
53 77 7 10
53 78 4 10
53 79 1 6
53 80 7 8
53 82 2 9
53 83 7 2
53 84 8 4
53 85 4 10
53 86 1 9
53 87 5 7
53 88 6 2
53 92 2 10
53 93 2 9
53 94 10 9
53 95 9 9
53 97 3 1
53 98 1 2
53 100 10 10
54 55 3 10
54 56 5 5
54 57 5 10
54 58 9 9
54 60 3 2
54 63 6 9
54 65 6 1
54 66 5 7
54 67 10 3
54 68 9 2
54 69 3 8
54 70 8 6
54 71 10 9
54 72 7 7
54 73 1 1
54 74 9 7
54 75 8 6
54 76 7 1
54 77 2 2
54 78 10 4
54 79 5 10
54 80 7 7
54 81 10 8
54 82 6 1
54 83 8 1
54 85 6 5
54 86 4 7
54 87 2 1
54 88 8 9
54 89 10 7
54 90 2 6
54 91 8 1
54 92 6 10
54 93 4 2
54 94 9 3
54 95 5 10
54 97 6 8
54 98 10 10
54 99 7 2
54 100 2 2
55 56 5 5
55 57 2 4
55 58 10 6
55 60 10 3
55 61 9 1
55 62 4 9
55 63 9 7
55 65 10 7
55 66 10 10
55 67 2 3
55 68 1 1
55 69 6 7
55 70 10 10
55 71 9 8
55 72 5 8
55 73 2 4
55 74 6 8
55 75 10 9
55 76 9 3
55 77 7 4
55 78 10 4
55 79 4 5
55 80 1 6
55 81 7 4
55 82 2 10
55 83 4 1
55 84 1 4
55 85 5 9
55 86 6 4
55 87 4 5
55 88 10 2
55 90 4 5
55 91 6 5
55 92 9 3
55 93 10 7
55 94 2 1
55 95 9 10
55 96 6 10
55 99 9 3
55 100 2 5
56 57 5 9
56 59 3 6
56 61 9 8
56 62 6 6
56 63 2 2
56 64 3 1
56 66 5 8
56 68 6 1
56 69 10 6
56 70 8 5
56 71 5 8
56 72 4 10
56 73 1 5
56 75 7 4
56 76 10 4
56 77 10 1
56 78 3 9
56 79 8 1
56 80 8 10
56 82 7 7
56 83 1 5
56 84 8 6
56 85 4 4
56 86 8 1
56 87 4 6
56 88 4 9
56 89 1 2
56 90 6 9
56 91 6 1
56 92 10 8
56 93 4 7
56 94 9 8
56 95 3 6
56 96 6 6
56 98 5 6
56 99 9 2
56 100 1 8
57 58 7 8
57 59 3 7
57 61 7 3
57 62 10 1
57 63 1 6
57 64 4 1
57 65 4 5
57 66 9 3
57 67 2 7
57 69 10 9
57 70 8 6
57 71 7 5
57 72 6 7
57 73 4 1
57 74 1 3
57 75 8 4
57 76 1 5
57 78 8 6
57 80 7 4
57 81 10 7
57 82 9 6
57 86 2 3
57 87 7 5
57 88 3 8
57 89 7 6
57 90 5 8
57 91 3 6
57 92 5 9
57 93 9 3
57 94 3 5
57 96 2 8
57 97 2 6
57 98 8 3
57 100 9 9
58 61 10 1
58 62 10 4
58 63 3 9
58 64 8 3
58 66 4 7
58 67 5 4
58 68 8 7
58 69 6 8
58 70 4 10
58 73 7 3
58 74 6 6
58 75 5 3
58 77 7 5
58 78 1 6
58 79 7 9
58 80 5 10
58 81 9 8
58 83 1 2
58 84 3 8
58 85 7 7
58 86 3 3
58 88 8 8
58 90 10 3
58 91 4 6
58 92 4 10
58 93 8 7
58 94 8 4
58 97 2 1
58 98 8 1
58 99 5 6
58 100 7 9
59 60 1 6
59 61 8 7
59 63 4 7
59 64 1 2
59 65 6 6
59 67 5 3
59 68 9 3
59 69 7 6
59 70 1 7
59 71 4 8
59 72 6 7
59 73 8 5
59 74 2 1
59 76 5 4
59 77 3 3
59 78 9 2
59 79 10 4
59 80 4 6
59 81 2 8
59 82 5 9
59 84 6 6
59 85 7 10
59 86 10 8
59 87 7 10
59 89 9 9
59 90 5 1
59 91 5 1
59 94 2 8
59 95 8 2
59 97 1 3
59 99 8 10
60 61 10 8
60 62 10 10
60 63 9 2
60 64 6 1
60 65 1 1
60 66 6 6
60 67 1 10
60 68 2 9
60 69 2 2
60 70 9 5
60 71 5 6
60 73 4 10
60 74 10 7
60 75 3 3
60 76 9 10
60 77 2 1
60 78 4 6
60 79 4 9
60 80 1 3
60 81 9 4
60 82 2 5
60 85 8 6
60 87 9 6
60 90 4 2
60 91 9 10
60 92 10 2
60 93 6 5
60 94 9 9
60 95 1 10
60 96 9 2
60 97 2 4
60 98 5 6
60 99 2 1
61 62 6 1
61 63 9 5
61 65 8 4
61 67 1 6
61 68 8 10
61 69 10 5
61 70 4 10
61 71 10 6
61 72 3 2
61 73 7 10
61 74 9 2
61 75 7 1
61 77 6 2
61 78 3 2
61 80 3 7
61 81 9 2
61 82 5 3
61 83 2 1
61 84 2 9
61 85 7 9
61 87 7 1
61 88 8 5
61 89 3 8
61 90 6 6
61 91 6 10
61 92 10 4
61 93 7 1
61 96 6 2
61 97 4 6
61 98 1 6
61 99 1 3
61 100 6 9
62 63 1 4
62 64 2 5
62 67 3 6
62 68 1 3
62 69 7 2
62 70 1 10
62 71 6 9
62 72 7 9
62 73 10 4
62 75 4 7
62 76 3 9
62 77 8 2
62 78 6 7
62 79 6 5
62 81 10 3
62 83 3 10
62 84 6 4
62 85 3 9
62 86 8 6
62 87 8 9
62 88 5 1
62 89 2 10
62 90 3 3
62 91 6 5
62 92 4 6
62 93 2 5
62 94 2 9
62 95 5 4
62 96 5 6
62 97 9 4
62 98 7 4
62 99 5 3
62 100 10 6
63 64 7 4
63 65 6 6
63 66 4 7
63 67 7 9
63 68 1 4
63 69 3 9
63 70 5 8
63 71 2 6
63 73 2 2
63 74 7 1
63 75 5 9
63 76 8 5
63 77 7 10
63 82 6 6
63 83 5 5
63 84 10 3
63 85 10 4
63 86 9 8
63 87 4 6
63 88 2 1
63 89 6 7
63 90 5 7
63 91 2 5
63 92 10 7
63 94 10 5
63 95 6 3
63 96 10 9
63 97 4 8
63 98 7 9
63 99 4 4
63 100 4 2
64 65 10 1
64 66 3 6
64 67 4 9
64 70 8 6
64 71 8 10
64 72 7 4
64 73 2 9
64 74 6 4
64 75 9 4
64 77 10 9
64 78 8 4
64 79 2 7
64 80 2 10
64 81 5 2
64 82 4 4
64 83 4 2
64 85 7 2
64 86 3 6
64 87 3 4
64 88 8 8
64 89 8 10
64 90 5 7
64 91 1 6
64 92 4 8
64 93 6 8
64 94 10 8
64 96 6 6
64 99 5 1
64 100 1 8
65 66 2 8
65 67 6 3
65 69 4 4
65 70 7 8
65 71 5 9
65 72 5 4
65 73 9 10
65 74 9 2
65 75 5 8
65 76 7 10
65 77 1 10
65 78 10 8
65 79 10 2
65 80 1 1
65 81 5 1
65 83 1 9
65 84 7 2
65 85 4 5
65 86 7 1
65 87 3 3
65 88 9 9
65 89 1 2
65 90 7 5
65 91 2 10
65 92 7 10
65 93 1 6
65 94 1 9
65 95 8 1
65 97 5 5
65 100 5 7
66 67 6 6
66 68 2 5
66 69 5 2
66 70 1 1
66 71 10 2
66 72 10 9
66 74 10 4
66 76 7 7
66 77 4 2
66 79 9 8
66 80 4 1
66 83 7 6
66 84 4 7
66 85 3 3
66 86 8 3
66 87 3 5
66 88 2 9
66 89 3 1
66 90 2 6
66 91 9 5
66 92 5 7
66 93 2 4
66 94 2 9
66 96 2 10
66 98 6 6
66 99 5 7
66 100 10 8
67 68 8 8
67 69 7 4
67 70 9 7
67 71 4 8
67 72 9 8
67 75 9 6
67 76 9 2
67 77 9 6
67 78 7 6
67 79 5 2
67 80 6 1
67 82 7 8
67 83 5 5
67 84 2 10
67 86 10 1
67 89 3 6
67 90 9 7
67 91 7 8
67 92 6 7
67 93 7 1
67 95 6 9
67 96 2 8
67 97 4 8
67 98 1 10
67 100 5 5
68 69 10 8
68 71 10 9
68 72 1 10
68 73 6 1
68 74 1 2
68 75 2 7
68 76 1 1
68 77 7 10
68 78 8 6
68 79 6 2
68 80 4 5
68 81 6 4
68 82 4 10
68 83 6 8
68 84 1 3
68 85 1 8
68 86 4 10
68 87 10 5
68 88 10 3
68 89 4 9
68 90 10 5
68 91 2 3
68 93 1 9
68 94 7 1
68 95 6 3
68 96 4 2
68 97 3 2
68 99 2 10
69 70 1 2
69 72 1 7
69 73 6 6
69 75 9 6
69 76 7 2
69 78 6 8
69 79 2 9
69 80 4 10
69 81 9 8
69 82 3 10
69 83 4 9
69 84 4 1
69 86 9 6
69 87 8 5
69 88 8 6
69 89 2 5
69 90 3 2
69 91 3 9
69 92 6 9
69 93 10 5
69 94 7 1
69 95 7 6
69 96 8 1
69 97 4 4
69 98 2 7
69 99 2 2
70 71 2 10
70 72 6 4
70 73 1 5
70 74 7 7
70 75 3 1
70 76 8 1
70 77 5 8
70 78 2 2
70 80 9 7
70 81 2 7
70 83 9 6
70 84 9 8
70 85 2 7
70 86 6 10
70 87 4 7
70 88 7 5
70 89 4 9
70 90 6 9
70 92 8 9
70 93 2 7
70 94 6 3
70 95 4 5
70 96 9 3
70 97 7 3
70 98 10 3
70 99 4 10
70 100 7 9
71 72 4 8
71 73 9 4
71 74 2 2
71 75 8 7
71 76 4 5
71 77 10 1
71 78 10 7
71 79 8 10
71 80 5 7
71 82 5 10
71 83 10 4
71 84 3 7
71 86 4 3
71 87 1 4
71 89 4 2
71 90 9 5
71 91 5 2
71 92 1 9
71 93 1 3
71 94 8 4
71 95 1 6
71 96 8 6
71 97 3 3
71 98 8 3
71 99 9 9
71 100 5 8
72 74 5 8
72 75 4 10
72 76 4 2
72 77 4 8
72 78 4 4
72 79 5 9
72 80 3 6
72 81 7 7
72 83 4 5
72 84 8 2
72 86 1 7
72 87 4 4
72 88 6 1
72 89 6 7
72 90 2 3
72 91 9 2
72 93 1 5
72 94 1 3
72 95 8 4
72 96 8 1
72 98 1 6
72 99 1 2
72 100 1 2
73 74 4 2
73 76 4 9
73 77 2 10
73 78 8 5
73 80 8 4
73 81 6 6
73 82 8 9
73 83 6 1
73 84 7 6
73 85 9 8
73 86 10 3
73 87 1 3
73 88 7 1
73 89 4 5
73 90 9 2
73 91 10 1
73 92 2 3
73 93 6 7
73 95 7 8
73 97 10 10
73 99 3 8
73 100 3 3
74 76 4 5
74 77 5 10
74 78 4 4
74 79 6 5
74 81 8 8
74 82 4 2
74 83 2 3
74 84 7 5
74 85 1 9
74 86 9 4
74 87 8 4
74 88 8 9
74 89 4 10
74 90 7 7
74 91 6 10
74 92 7 9
74 93 4 4
74 94 10 2
74 95 8 2
74 96 3 2
74 97 3 6
74 98 6 5
74 99 7 4
75 76 4 9
75 77 10 3
75 78 4 3
75 79 10 2
75 80 4 3
75 82 4 9
75 83 7 6
75 84 4 6
75 85 1 1
75 87 3 5
75 88 9 2
75 89 8 2
75 90 2 5
75 91 6 4
75 92 5 10
75 93 1 7
75 95 6 2
75 97 1 2
75 99 1 7
75 100 8 5
76 77 2 8
76 79 10 5
76 82 8 8
76 83 6 2
76 85 8 8
76 88 8 6
76 89 1 10
76 90 9 3
76 91 4 8
76 92 2 3
76 93 3 4
76 94 5 1
76 95 7 9
76 96 1 5
76 97 6 8
76 98 6 5
76 99 6 10
76 100 5 4
77 78 9 7
77 79 2 10
77 80 2 1
77 82 9 9
77 83 9 7
77 84 10 6
77 85 9 10
77 87 2 1
77 88 5 5
77 89 5 4
77 90 4 10
77 91 6 5
77 92 6 10
77 94 1 7
77 95 6 4
77 96 2 9
77 97 5 7
77 98 9 6
77 100 8 10
78 79 7 3
78 80 3 9
78 81 6 6
78 82 3 9
78 83 9 3
78 84 7 5
78 85 2 6
78 86 10 9
78 87 10 2
78 88 4 3
78 89 8 5
78 91 4 2
78 92 9 2
78 94 1 7
78 95 9 2
78 96 1 3
78 97 6 10
78 98 3 10
78 99 7 7
79 80 9 6
79 81 9 7
79 82 5 3
79 83 7 5
79 85 8 2
79 86 10 10
79 87 8 1
79 88 2 5
79 89 10 5
79 90 2 1
79 91 4 2
79 93 8 9
79 94 4 5
79 97 2 1
79 98 9 4
80 82 10 6
80 83 5 5
80 84 2 4
80 86 10 1
80 87 1 7
80 90 2 10
80 91 3 5
80 92 7 3
80 93 10 1
80 94 2 9
80 95 5 7
80 96 5 7
80 98 2 2
80 99 7 2
80 100 8 1
81 82 1 9
81 83 10 8
81 84 6 10
81 85 8 6
81 87 5 1
81 89 7 8
81 90 6 4
81 91 6 10
81 92 4 6
81 93 2 2
81 94 8 5
81 95 6 5
81 96 8 1
81 97 10 3
81 98 10 9
81 99 9 8
81 100 2 4
82 83 3 3
82 84 2 10
82 85 4 5
82 86 7 4
82 89 8 4
82 90 4 1
82 91 1 2
82 92 4 3
82 93 4 1
82 94 9 2
82 95 2 2
82 96 9 2
82 98 9 5
82 100 5 2
83 84 4 8
83 85 2 6
83 87 8 1
83 89 4 8
83 90 3 5
83 91 3 8
83 92 10 2
83 93 8 4
83 94 3 1
83 95 4 6
83 96 9 10
83 98 1 9
83 99 6 9
83 100 9 2
84 85 8 6
84 86 1 6
84 87 3 8
84 88 2 4
84 89 3 1
84 90 10 7
84 91 10 7
84 92 2 10
84 93 7 2
84 94 9 7
84 95 9 10
84 96 8 7
84 97 3 9
84 98 4 5
84 99 9 4
84 100 8 8
85 87 10 8
85 88 6 4
85 89 3 6
85 90 7 8
85 91 8 5
85 92 7 10
85 93 10 6
85 94 4 6
85 95 9 5
85 96 3 7
85 98 10 4
85 99 4 2
85 100 9 10
86 87 3 7
86 89 6 10
86 90 7 9
86 91 7 6
86 93 6 6
86 94 8 5
86 96 1 4
86 97 4 8
86 98 5 6
86 99 9 4
87 88 1 10
87 89 6 3
87 90 1 6
87 91 1 3
87 92 10 4
87 93 8 2
87 94 8 1
87 95 9 1
87 96 1 6
87 98 3 6
87 99 7 1
87 100 4 3
88 90 7 4
88 92 6 5
88 93 5 6
88 94 3 9
88 95 9 6
88 96 4 8
88 97 8 1
88 98 6 8
88 99 8 4
89 90 1 10
89 91 5 9
89 93 8 8
89 95 1 1
89 96 10 6
89 97 9 2
89 99 5 8
89 100 9 2
90 91 5 2
90 92 7 4
90 93 4 9
90 94 9 8
90 95 2 9
90 96 9 3
90 97 4 7
90 98 7 1
90 99 3 3
90 100 6 10
91 92 2 3
91 93 7 8
91 94 6 3
91 95 7 2
91 96 1 7
91 97 2 1
91 98 4 2
91 99 8 1
92 93 5 1
92 94 9 5
92 96 7 7
92 97 9 7
92 98 1 5
92 99 4 8
92 100 3 8
93 94 4 9
93 95 9 8
93 96 7 10
93 98 6 6
93 99 7 5
93 100 6 4
94 95 1 5
94 96 1 5
94 98 4 9
94 99 2 3
94 100 8 7
95 96 7 8
95 97 2 10
95 98 3 10
95 99 8 6
96 98 1 10
96 99 9 3
96 100 2 8
97 98 4 7
97 99 10 10
97 100 5 4
1
1 2 3 4 5 6 7 8 9 10 11 12 13 14 15 16 17 18 19 20 21 22 23 24 25 26 27 28 29 30 31 32 33 34 35 36 37 38 39 40 41 42 43 44 45 46 47 48 49 50
