3971
1 4 2 7
1 6 6 9
1 7 5 10
1 8 2 10
1 9 4 6
1 11 8 2
1 12 4 10
1 13 2 9
1 14 8 1
1 15 9 2
1 16 7 2
1 17 1 10
1 18 10 7
1 19 10 9
1 20 6 10
1 21 6 4
1 22 10 7
1 23 9 2
1 24 8 4
1 25 1 2
1 26 10 4
1 27 1 9
1 28 2 3
1 29 9 5
1 30 9 2
1 31 6 8
1 33 3 8
1 34 4 9
1 35 5 2
1 36 10 7
1 38 9 7
1 42 2 5
1 43 10 8
1 44 10 1
1 45 9 2
1 47 6 3
1 48 9 6
1 49 3 5
1 50 3 10
1 51 3 9
1 52 5 7
1 54 7 8
1 55 7 6
1 56 4 2
1 58 1 5
1 60 9 7
1 62 7 8
1 63 9 5
1 64 10 8
1 65 8 4
1 66 10 9
1 67 10 8
1 69 2 2
1 70 1 8
1 71 9 4
1 72 10 1
1 73 9 10
1 74 4 10
1 75 3 1
1 76 1 4
1 77 1 9
1 78 5 9
1 79 1 2
1 80 8 8
1 81 5 6
1 84 4 7
1 85 7 2
1 86 8 10
1 88 2 3
1 89 6 3
1 90 7 4
1 91 7 9
1 93 2 2
1 97 3 8
1 98 9 8
1 99 3 2
2 3 1 9
2 4 3 1
2 7 4 2
2 8 1 8
2 9 9 7
2 10 6 4
2 12 2 1
2 13 7 10
2 14 6 6
2 15 5 1
2 16 10 10
2 17 9 4
2 18 8 8
2 19 5 2
2 20 1 5
2 21 2 8
2 22 2 9
2 23 7 2
2 24 5 4
2 25 3 10
2 26 8 7
2 27 6 4
2 28 1 2
2 29 2 7
2 30 3 2
2 31 3 6
2 32 1 8
2 33 6 6
2 34 4 1
2 35 7 10
2 36 1 9
2 37 5 7
2 38 1 3
2 39 3 7
2 42 4 1
2 43 9 8
2 44 8 4
2 45 4 1
2 46 5 1
2 47 1 6
2 48 3 1
2 50 8 3
2 51 2 2
2 52 10 7
2 53 1 10
2 54 9 5
2 55 7 6
2 56 5 4
2 57 7 4
2 58 8 6
2 59 3 1
2 60 1 1
2 61 5 7
2 62 2 4
2 63 9 2
2 64 3 7
2 65 7 2
2 66 6 10
2 67 7 10
2 68 5 4
2 71 4 1
2 73 2 5
2 74 2 5
2 75 2 7
2 76 8 6
2 77 9 4
2 78 9 5
2 79 1 1
2 82 5 8
2 83 1 5
2 84 5 5
2 85 7 3
2 87 5 9
2 90 3 7
2 92 4 7
2 93 10 1
2 94 3 10
2 95 4 1
2 97 4 8
2 98 3 3
2 100 4 8
3 4 5 5
3 5 1 1
3 7 9 6
3 9 8 9
3 10 5 2
3 11 3 3
3 12 6 10
3 13 5 8
3 14 9 10
3 15 10 10
3 16 5 4
3 17 9 8
3 18 3 3
3 19 9 1
3 20 1 5
3 21 5 7
3 23 2 2
3 24 1 8
3 26 5 9
3 27 5 2
3 28 4 3
3 29 2 2
3 30 1 4
3 31 9 1
3 32 2 7
3 33 4 7
3 34 8 6
3 36 6 3
3 38 10 7
3 39 10 4
3 40 1 5
3 41 5 6
3 42 3 2
3 43 4 4
3 44 2 8
3 45 2 7
3 46 10 2
3 47 8 9
3 48 7 2
3 50 9 9
3 51 8 3
3 52 2 9
3 53 3 2
3 54 10 6
3 55 1 7
3 57 7 6
3 58 8 1
3 59 9 7
3 60 10 10
3 61 2 8
3 62 7 2
3 63 4 5
3 64 5 6
3 65 9 5
3 66 2 1
3 69 10 4
3 72 9 10
3 74 5 1
3 75 4 2
3 76 4 10
3 79 1 5
3 80 8 5
3 81 1 2
3 82 6 9
3 83 7 5
3 84 1 3
3 85 10 6
3 86 9 7
3 87 5 7
3 88 9 9
3 89 8 8
3 91 3 8
3 93 9 9
3 94 6 8
3 95 8 1
3 96 10 1
3 97 7 10
3 98 8 4
3 99 5 10
4 5 9 1
4 6 8 4
4 8 4 4
4 9 2 10
4 10 9 10
4 12 8 1
4 13 6 5
4 14 2 10
4 16 8 3
4 17 1 5
4 18 9 7
4 19 6 6
4 20 10 4
4 22 7 6
4 23 4 5
4 24 8 3
4 26 3 9
4 27 3 5
4 28 4 6
4 30 7 2
4 31 10 7
4 32 8 5
4 33 5 1
4 34 1 3
4 35 9 8
4 36 9 4
4 37 10 8
4 38 4 9
4 39 1 6
4 40 7 10
4 41 3 7
4 44 10 1
4 45 8 10
4 46 4 3
4 47 2 7
4 50 9 4
4 52 9 5
4 53 4 8
4 54 5 7
4 56 3 5
4 57 9 9
4 58 7 4
4 59 2 2
4 60 2 6
4 61 7 3
4 63 7 3
4 64 7 5
4 65 9 8
4 68 2 8
4 69 3 8
4 70 7 1
4 71 2 6
4 72 1 6
4 73 4 9
4 74 5 9
4 75 6 8
4 77 5 8
4 78 6 10
4 79 2 3
4 80 5 6
4 81 3 10
4 82 6 7
4 83 1 2
4 84 2 3
4 85 8 2
4 87 6 8
4 88 9 5
4 91 2 1
4 92 5 7
4 94 7 1
4 95 5 3
4 96 5 5
4 98 3 9
4 99 1 8
4 100 9 3
5 6 10 3
5 8 6 3
5 9 9 8
5 10 5 9
5 13 7 7
5 14 7 3
5 15 3 10
5 16 8 6
5 17 7 4
5 20 6 8
5 21 8 8
5 22 7 3
5 23 7 8
5 25 4 1
5 29 3 1
5 30 9 1
5 31 1 3
5 32 7 10
5 33 4 10
5 35 2 9
5 36 2 3
5 37 9 5
5 38 9 8
5 39 1 10
5 40 4 2
5 41 9 2
5 42 6 1
5 43 4 2
5 44 2 4
5 45 1 6
5 46 5 8
5 48 3 6
5 49 5 7
5 50 10 9
5 51 9 6
5 52 2 6
5 53 1 5
5 54 7 3
5 56 3 7
5 59 6 2
5 60 4 8
5 61 8 5
5 62 10 6
5 63 5 10
5 65 7 3
5 66 4 2
5 67 9 10
5 68 7 5
5 69 1 2
5 70 5 1
5 72 10 6
5 73 7 8
5 74 7 2
5 75 9 6
5 76 3 4
5 77 3 3
5 79 9 6
5 80 8 2
5 81 8 6
5 82 1 1
5 83 10 4
5 84 6 6
5 85 4 8
5 86 7 8
5 87 7 10
5 88 10 8
5 89 5 6
5 91 4 9
5 92 1 10
5 93 2 5
5 94 4 9
5 95 6 6
5 97 5 10
5 98 2 2
5 99 2 1
5 100 5 7
6 7 6 10
6 8 9 4
6 9 6 3
6 10 4 3
6 11 4 2
6 12 3 3
6 13 7 3
6 14 9 4
6 15 2 4
6 16 6 9
6 18 2 5
6 19 9 8
6 20 7 7
6 21 9 6
6 22 3 6
6 23 2 10
6 24 7 9
6 25 5 1
6 26 9 4
6 27 7 9
6 28 6 2
6 30 3 2
6 31 4 7
6 32 6 4
6 33 5 9
6 34 4 7
6 35 6 8
6 37 5 6
6 38 10 7
6 39 6 5
6 40 1 8
6 41 3 8
6 43 8 5
6 44 1 4
6 45 2 5
6 46 8 10
6 47 10 2
6 50 9 9
6 51 8 5
6 53 6 4
6 54 3 2
6 57 9 8
6 59 9 1
6 60 6 9
6 61 6 9
6 62 9 3
6 63 4 5
6 64 1 6
6 67 3 3
6 68 2 6
6 69 4 9
6 70 7 5
6 71 7 2
6 73 9 5
6 74 7 1
6 76 7 8
6 77 5 7
6 79 10 10
6 80 4 6
6 81 7 7
6 82 6 9
6 83 4 3
6 84 4 7
6 85 4 7
6 86 6 9
6 87 2 5
6 89 1 9
6 90 2 8
6 91 5 4
6 92 7 2
6 94 5 5
6 95 7 10
6 96 1 3
6 97 5 3
6 99 4 6
6 100 5 1
7 10 9 1
7 11 2 3
7 12 10 10
7 13 7 10
7 14 6 5
7 15 9 8
7 16 5 5
7 17 10 10
7 18 7 8
7 19 10 3
7 20 5 3
7 22 7 9
7 23 7 3
7 24 10 7
7 25 9 1
7 26 2 7
7 27 5 5
7 28 10 8
7 30 8 2
7 32 8 4
7 33 7 9
7 34 10 1
7 35 4 3
7 37 10 6
7 38 3 2
7 40 10 7
7 43 7 3
7 44 6 8
7 45 2 9
7 46 1 3
7 47 10 3
7 48 2 10
7 49 9 4
7 50 8 3
7 51 8 4
7 52 9 10
7 54 1 5
7 56 9 3
7 58 7 10
7 59 2 5
7 60 10 8
7 61 2 2
7 62 6 9
7 63 6 10
7 65 9 7
7 67 10 7
7 68 6 6
7 69 1 4
7 70 6 8
7 71 4 2
7 72 10 10
7 73 5 4
7 74 10 9
7 77 8 9
7 78 2 1
7 79 3 7
7 81 5 1
7 82 2 8
7 83 4 5
7 84 4 8
7 85 7 9
7 86 9 1
7 88 1 10
7 89 2 8
7 90 6 6
7 91 1 10
7 92 8 9
7 94 3 7
7 96 10 6
7 97 3 9
7 98 8 3
7 99 1 4
7 100 6 4
8 9 10 2
8 10 1 7
8 11 8 5
8 12 6 3
8 13 6 9
8 14 9 1
8 15 9 6
8 16 10 4
8 17 8 7
8 19 4 6
8 20 4 5
8 21 4 1
8 22 9 9
8 23 2 5
8 24 4 6
8 25 5 3
8 27 9 9
8 28 1 10
8 29 9 7
8 31 10 9
8 32 1 5
8 33 6 6
8 34 10 4
8 35 2 3
8 36 6 7
8 38 2 8
8 39 6 2
8 40 3 4
8 41 3 10
8 42 4 5
8 43 4 4
8 44 10 2
8 45 2 7
8 46 1 8
8 47 9 6
8 48 5 8
8 49 9 3
8 50 7 10
8 52 2 4
8 53 8 1
8 55 1 5
8 56 8 10
8 57 10 9
8 58 7 5
8 59 9 5
8 60 6 1
8 61 10 5
8 63 10 6
8 65 1 9
8 66 1 2
8 67 8 6
8 68 10 1
8 69 5 6
8 71 1 3
8 72 10 4
8 73 5 10
8 74 3 3
8 75 2 7
8 77 1 9
8 78 10 4
8 79 3 1
8 80 6 2
8 81 1 7
8 82 8 5
8 83 3 4
8 84 7 7
8 85 4 4
8 86 6 7
8 87 7 2
8 88 8 2
8 90 2 2
8 92 10 3
8 93 9 3
8 94 7 3
8 95 6 5
8 97 4 5
8 98 10 9
8 99 5 6
8 100 7 1
9 10 8 9
9 12 7 5
9 13 2 4
9 14 10 1
9 15 1 4
9 16 3 1
9 17 6 1
9 18 10 3
9 20 8 1
9 21 1 3
9 23 9 9
9 24 6 6
9 25 2 8
9 26 6 7
9 27 9 6
9 28 1 6
9 29 7 7
9 30 10 5
9 32 6 10
9 33 6 1
9 34 10 9
9 35 7 7
9 36 5 4
9 38 1 6
9 39 7 9
9 40 3 9
9 41 9 10
9 42 8 3
9 43 10 8
9 44 8 2
9 45 9 7
9 46 5 6
9 47 1 8
9 48 3 9
9 49 6 8
9 50 3 6
9 51 9 7
9 52 10 4
9 53 6 6
9 54 4 1
9 55 9 2
9 56 9 2
9 57 8 6
9 59 8 4
9 62 5 8
9 63 10 3
9 65 7 2
9 66 2 8
9 67 9 4
9 68 2 6
9 69 1 10
9 71 4 5
9 72 1 9
9 73 3 3
9 74 4 2
9 75 6 7
9 76 8 10
9 77 7 3
9 78 3 4
9 79 7 8
9 80 2 10
9 81 5 2
9 82 4 5
9 83 10 4
9 84 4 5
9 86 10 7
9 87 2 3
9 89 9 7
9 90 1 10
9 91 10 6
9 92 9 6
9 93 6 5
9 94 4 5
9 95 6 9
9 96 1 8
9 97 5 5
9 98 4 9
9 99 10 9
10 11 2 8
10 12 1 1
10 13 1 10
10 14 6 9
10 15 9 10
10 16 6 5
10 17 7 7
10 18 6 9
10 19 2 3
10 20 2 2
10 21 2 10
10 22 9 10
10 23 1 2
10 24 2 7
10 25 7 9
10 26 1 7
10 27 7 4
10 29 5 2
10 30 9 9
10 32 1 7
10 33 2 8
10 34 10 4
10 35 3 4
10 36 3 8
10 37 9 9
10 38 3 6
10 39 4 9
10 40 10 1
10 41 10 3
10 42 7 5
10 44 3 8
10 45 7 10
10 47 9 7
10 48 7 1
10 49 4 8
10 50 2 1
10 51 1 9
10 53 3 7
10 54 2 9
10 56 2 5
10 57 3 3
10 58 4 5
10 59 10 10
10 60 8 7
10 61 4 4
10 62 1 1
10 65 3 2
10 66 8 8
10 68 2 5
10 69 4 9
10 70 9 4
10 71 7 9
10 72 9 3
10 73 10 4
10 75 10 6
10 76 8 1
10 77 9 4
10 78 2 8
10 79 1 9
10 80 10 5
10 81 1 9
10 83 2 3
10 84 5 1
10 85 8 7
10 86 1 3
10 87 9 8
10 88 9 9
10 89 10 4
10 90 10 8
10 92 9 1
10 93 9 8
10 94 8 7
10 96 6 10
10 97 4 6
10 99 7 6
10 100 6 10
11 12 2 7
11 13 2 9
11 14 2 2
11 15 9 8
11 16 1 7
11 18 3 6
11 19 2 1
11 21 4 10
11 23 3 9
11 24 1 6
11 25 10 9
11 29 6 1
11 30 5 4
11 31 3 4
11 32 9 8
11 33 6 5
11 34 1 1
11 35 7 1
11 36 6 5
11 37 4 8
11 38 4 1
11 39 10 7
11 40 7 1
11 42 2 6
11 44 10 3
11 45 6 1
11 47 4 9
11 48 10 7
11 49 1 1
11 50 4 1
11 51 4 7
11 52 2 10
11 53 3 5
11 54 3 2
11 55 4 5
11 56 1 5
11 59 10 8
11 60 3 8
11 61 4 4
11 62 3 4
11 63 9 6
11 64 10 2
11 65 3 5
11 66 8 2
11 67 8 6
11 69 4 4
11 70 2 8
11 71 2 8
11 72 3 7
11 73 9 7
11 74 5 1
11 76 6 1
11 77 8 4
11 78 1 8
11 80 4 2
11 81 5 3
11 82 5 2
11 83 3 7
11 84 5 7
11 85 9 4
11 86 4 2
11 87 3 1
11 89 4 3
11 90 4 5
11 92 4 5
11 93 6 5
11 94 6 6
11 98 5 9
11 100 8 8
12 15 2 8
12 16 3 10
12 17 3 3
12 18 10 5
12 19 6 4
12 20 9 1
12 21 6 10
12 22 10 6
12 24 9 7
12 25 10 9
12 27 4 8
12 30 10 8
12 31 3 6
12 32 6 6
12 33 1 8
12 36 7 7
12 37 10 9
12 38 10 7
12 40 4 3
12 42 8 8
12 45 4 4
12 46 8 7
12 47 8 8
12 48 8 1
12 50 8 2
12 52 7 5
12 54 5 8
12 55 6 1
12 56 6 9
12 58 6 10
12 59 10 9
12 61 1 3
12 62 7 3
12 63 6 4
12 64 1 2
12 65 2 1
12 66 3 5
12 67 9 1
12 68 5 8
12 69 8 4
12 70 1 10
12 71 2 8
12 73 7 6
12 74 4 7
12 76 8 3
12 77 7 7
12 78 10 5
12 79 9 10
12 80 1 7
12 81 8 1
12 82 6 1
12 83 5 10
12 84 10 5
12 85 4 10
12 86 1 4
12 87 7 10
12 89 3 1
12 90 7 8
12 91 3 10
12 92 7 3
12 93 9 9
12 94 3 7
12 95 9 3
12 96 4 6
12 97 8 7
12 98 1 1
12 99 2 5
12 100 6 7
13 14 4 9
13 15 6 6
13 17 7 5
13 18 8 9
13 20 2 5
13 21 4 7
13 22 4 9
13 23 10 4
13 24 4 2
13 26 7 3
13 27 6 7
13 28 1 2
13 32 7 1
13 33 7 9
13 35 3 4
13 37 4 4
13 38 9 4
13 39 2 3
13 40 3 4
13 41 1 5
13 42 10 1
13 43 2 1
13 44 6 6
13 46 8 5
13 47 10 8
13 49 6 7
13 50 10 10
13 52 10 7
13 53 10 5
13 55 1 3
13 56 9 4
13 57 2 1
13 58 8 8
13 59 7 6
13 60 5 7
13 61 9 1
13 63 4 1
13 64 1 2
13 65 5 4
13 66 7 5
13 67 9 1
13 68 9 6
13 69 2 2
13 70 9 9
13 71 1 4
13 73 4 3
13 74 8 4
13 76 8 10
13 77 4 10
13 78 1 7
13 79 4 1
13 80 8 8
13 81 2 2
13 82 2 1
13 83 9 1
13 84 6 10
13 87 6 7
13 88 6 10
13 89 10 7
13 90 5 10
13 91 4 6
13 92 7 8
13 93 3 1
13 94 3 2
13 95 2 10
13 97 10 1
13 98 9 5
13 99 2 6
13 100 10 3
14 16 5 10
14 17 10 8
14 18 10 8
14 19 2 10
14 21 10 1
14 22 2 1
14 23 9 6
14 24 7 1
14 25 1 4
14 26 1 2
14 27 9 7
14 28 7 9
14 29 6 1
14 30 6 10
14 31 8 9
14 32 6 3
14 34 1 5
14 36 8 9
14 38 5 7
14 39 9 5
14 40 5 8
14 41 1 7
14 42 5 1
14 43 8 9
14 44 3 6
14 45 3 6
14 46 5 1
14 47 6 5
14 48 8 10
14 49 3 4
14 51 10 8
14 52 3 8
14 53 2 3
14 54 7 6
14 55 3 7
14 57 8 9
14 58 1 8
14 59 2 9
14 60 4 5
14 61 8 6
14 62 6 4
14 63 10 10
14 64 8 10
14 65 1 5
14 67 4 1
14 68 1 8
14 69 9 10
14 70 7 10
14 73 4 1
14 74 5 10
14 75 4 9
14 76 4 7
14 77 2 5
14 78 5 1
14 79 3 3
14 80 6 3
14 81 3 7
14 83 4 7
14 84 6 8
14 85 6 1
14 86 6 4
14 87 10 1
14 88 9 9
14 89 8 7
14 90 6 5
14 91 1 3
14 92 2 10
14 93 3 8
14 94 3 3
14 95 3 8
14 96 8 2
14 97 8 9
14 98 1 1
14 99 5 5
14 100 1 3
15 16 8 9
15 17 5 2
15 18 5 6
15 19 9 7
15 20 8 3
15 21 1 7
15 22 3 6
15 24 10 1
15 25 5 9
15 26 3 4
15 27 2 8
15 29 6 5
15 30 9 6
15 32 1 10
15 34 2 2
15 35 7 4
15 36 1 9
15 37 2 8
15 38 3 4
15 39 3 10
15 40 6 7
15 41 2 10
15 44 1 4
15 45 9 6
15 46 2 8
15 48 5 4
15 50 8 1
15 51 4 3
15 52 9 2
15 55 3 3
15 56 1 6
15 57 3 10
15 58 6 9
15 59 9 4
15 60 9 5
15 61 8 7
15 62 2 9
15 63 8 10
15 64 5 8
15 65 9 3
15 66 9 6
15 67 2 10
15 68 8 10
15 69 6 6
15 70 2 2
15 72 6 5
15 73 1 8
15 74 9 8
15 75 3 7
15 76 7 7
15 77 9 6
15 78 5 2
15 79 3 9
15 81 9 2
15 82 2 7
15 83 10 9
15 85 4 3
15 87 10 3
15 89 2 7
15 90 4 7
15 91 2 8
15 92 4 7
15 93 2 5
15 94 4 9
15 95 2 5
15 96 3 2
15 97 5 2
15 98 4 9
15 99 3 8
16 17 8 8
16 18 3 2
16 19 3 7
16 20 3 5
16 21 2 6
16 24 6 5
16 25 3 8
16 26 8 10
16 27 7 4
16 29 3 2
16 30 4 2
16 31 3 3
16 32 6 7
16 33 7 6
16 34 3 8
16 35 3 10
16 36 4 8
16 37 10 4
16 38 2 3
16 39 2 3
16 40 2 8
16 41 6 8
16 42 9 10
16 43 4 3
16 44 4 7
16 45 10 5
16 48 6 2
16 49 9 2
16 50 8 6
16 51 2 7
16 52 2 4
16 58 5 4
16 59 9 10
16 60 2 1
16 61 3 10
16 62 5 10
16 63 10 8
16 65 6 10
16 66 2 8
16 67 3 6
16 68 4 1
16 69 10 8
16 72 2 8
16 73 4 9
16 75 10 1
16 76 1 10
16 77 8 5
16 78 8 4
16 79 2 3
16 81 1 1
16 82 7 3
16 83 9 10
16 84 2 6
16 85 1 3
16 86 3 1
16 87 2 9
16 88 6 2
16 89 3 1
16 90 8 1
16 91 9 1
16 93 7 4
16 94 4 6
16 96 4 4
16 98 3 2
16 100 3 10
17 18 9 3
17 19 7 9
17 20 6 8
17 21 5 7
17 22 4 2
17 23 1 4
17 24 1 10
17 26 3 3
17 27 2 5
17 29 8 10
17 31 8 3
17 32 6 4
17 33 1 2
17 34 8 10
17 36 1 6
17 37 2 3
17 38 4 8
17 39 2 8
17 40 2 8
17 41 8 10
17 42 8 2
17 43 3 6
17 44 6 2
17 46 1 8
17 47 3 1
17 48 5 3
17 50 6 6
17 51 8 8
17 52 1 4
17 53 9 5
17 54 1 7
17 56 10 3
17 57 5 5
17 58 4 6
17 59 8 8
17 61 5 6
17 62 10 4
17 63 6 3
17 64 8 5
17 65 2 2
17 66 9 9
17 67 2 7
17 68 9 5
17 69 8 3
17 70 5 9
17 71 9 6
17 72 4 5
17 74 6 3
17 75 3 7
17 77 10 5
17 78 9 7
17 79 7 7
17 80 5 6
17 82 5 4
17 83 4 8
17 84 5 8
17 85 5 5
17 86 5 6
17 87 7 5
17 88 5 8
17 89 5 6
17 90 9 2
17 91 8 2
17 92 8 5
17 93 1 10
17 94 6 9
17 96 4 10
17 97 2 4
17 98 5 3
17 99 6 4
17 100 1 5
18 19 5 4
18 20 7 9
18 21 4 5
18 22 2 9
18 23 10 8
18 24 2 8
18 26 2 6
18 27 9 1
18 29 6 10
18 30 5 6
18 33 5 8
18 34 3 10
18 35 2 6
18 36 3 7
18 37 7 3
18 38 6 10
18 39 6 5
18 41 7 1
18 42 5 7
18 43 5 4
18 44 1 7
18 47 3 2
18 48 9 1
18 49 5 7
18 50 4 9
18 51 8 5
18 53 7 6
18 55 7 4
18 56 10 1
18 57 3 8
18 59 1 1
18 60 8 10
18 61 8 8
18 62 7 5
18 63 2 8
18 65 9 9
18 66 8 10
18 67 8 9
18 68 4 7
18 70 6 8
18 71 1 10
18 72 6 7
18 73 3 2
18 74 4 9
18 75 2 4
18 76 10 10
18 77 6 2
18 78 9 10
18 80 5 1
18 83 4 10
18 84 3 4
18 85 9 7
18 86 1 3
18 87 8 5
18 88 1 8
18 89 1 5
18 90 6 5
18 91 1 10
18 92 7 5
18 94 1 1
18 95 4 10
18 97 8 7
18 98 7 10
18 99 6 5
18 100 2 5
19 21 1 4
19 22 8 10
19 23 8 7
19 24 1 4
19 25 6 1
19 26 1 1
19 27 3 1
19 28 6 9
19 29 4 6
19 31 4 4
19 32 6 9
19 33 10 1
19 34 9 9
19 39 2 10
19 40 9 5
19 41 3 9
19 42 6 10
19 43 5 7
19 44 1 10
19 45 10 5
19 46 9 7
19 48 8 8
19 51 3 4
19 52 10 4
19 55 3 4
19 56 5 9
19 57 8 7
19 58 2 5
19 59 7 4
19 60 2 7
19 61 8 9
19 62 5 4
19 63 1 1
19 64 4 3
19 65 8 9
19 67 2 1
19 69 1 1
19 70 2 10
19 71 3 4
19 72 4 9
19 73 10 4
19 74 9 8
19 75 6 2
19 76 6 8
19 77 6 8
19 79 5 2
19 80 3 1
19 82 5 5
19 83 2 10
19 84 9 9
19 85 7 7
19 87 6 2
19 88 9 2
19 89 6 2
19 90 1 9
19 91 2 5
19 93 9 1
19 94 4 2
19 96 6 5
19 97 1 5
19 98 7 1
19 99 1 5
19 100 3 8
20 21 1 4
20 22 1 8
20 24 7 4
20 25 6 5
20 26 6 3
20 27 2 7
20 29 7 4
20 30 4 2
20 31 10 7
20 33 10 7
20 34 10 1
20 36 7 6
20 37 9 9
20 38 2 1
20 41 2 4
20 42 5 3
20 43 10 6
20 44 7 7
20 46 10 1
20 47 8 10
20 49 1 7
20 50 5 1
20 51 1 4
20 52 10 1
20 53 3 9
20 54 1 7
20 56 10 4
20 57 8 5
20 58 10 7
20 59 3 4
20 60 1 2
20 62 7 7
20 63 6 6
20 64 9 10
20 66 5 9
20 68 1 5
20 69 7 7
20 70 2 2
20 71 3 4
20 72 7 10
20 73 7 7
20 74 2 6
20 75 6 6
20 76 2 3
20 77 5 2
20 78 8 3
20 79 6 3
20 80 5 4
20 81 1 9
20 82 9 8
20 83 2 7
20 84 9 10
20 86 1 6
20 88 4 10
20 91 3 9
20 92 2 2
20 93 2 3
20 97 6 6
20 98 4 6
20 99 8 2
21 22 5 8
21 23 6 4
21 24 9 5
21 25 9 8
21 26 8 9
21 27 8 1
21 28 10 6
21 29 9 9
21 30 4 3
21 32 10 3
21 33 6 8
21 36 9 3
21 38 3 8
21 39 6 8
21 40 1 1
21 41 2 1
21 42 1 8
21 43 10 6
21 46 7 6
21 49 5 9
21 51 4 1
21 52 5 8
21 53 4 8
21 54 2 10
21 56 3 4
21 57 4 6
21 58 7 5
21 59 1 7
21 60 2 8
21 61 10 2
21 62 8 8
21 63 9 7
21 64 6 7
21 65 3 3
21 66 10 5
21 67 1 10
21 68 7 7
21 70 10 8
21 71 9 8
21 72 9 10
21 73 8 7
21 74 4 9
21 75 1 10
21 76 1 7
21 77 3 5
21 78 10 10
21 79 5 1
21 80 2 9
21 81 3 4
21 84 4 3
21 85 9 10
21 86 8 5
21 87 2 9
21 88 6 3
21 90 8 6
21 91 10 3
21 92 7 3
21 94 1 1
21 96 9 4
21 98 5 2
21 99 9 4
21 100 9 8
22 23 7 7
22 24 2 8
22 25 8 8
22 26 9 9
22 28 6 8
22 29 2 10
22 30 9 2
22 31 10 3
22 34 4 10
22 35 5 4
22 37 3 4
22 38 1 4
22 40 2 10
22 41 6 7
22 42 7 4
22 43 1 1
22 45 8 9
22 46 9 8
22 47 2 1
22 49 7 8
22 51 1 1
22 52 5 9
22 53 2 3
22 55 5 8
22 56 3 5
22 58 7 2
22 59 10 10
22 60 8 4
22 61 6 1
22 62 9 4
22 63 5 1
22 64 5 6
22 65 6 6
22 66 3 3
22 67 2 6
22 68 2 4
22 69 5 3
22 71 9 6
22 72 9 4
22 73 8 6
22 75 9 9
22 78 9 5
22 80 10 5
22 81 5 3
22 83 10 2
22 84 3 1
22 85 6 6
22 86 4 2
22 87 5 3
22 88 5 7
22 90 10 9
22 91 2 2
22 92 7 7
22 93 5 2
22 94 5 1
22 95 6 8
22 97 7 3
22 98 6 2
22 99 10 6
23 24 2 4
23 26 5 10
23 27 1 9
23 28 4 9
23 29 8 2
23 32 4 1
23 33 7 6
23 34 6 9
23 35 3 8
23 36 10 8
23 38 8 4
23 39 6 3
23 40 4 5
23 41 5 7
23 42 10 4
23 44 5 8
23 46 9 4
23 47 8 8
23 49 1 7
23 50 7 8
23 52 4 9
23 53 2 8
23 54 4 6
23 55 4 6
23 56 10 4
23 58 6 1
23 59 5 2
23 60 8 2
23 61 9 2
23 62 9 10
23 64 5 4
23 65 2 3
23 66 5 2
23 67 3 2
23 69 10 2
23 70 2 5
23 71 10 3
23 72 5 8
23 73 1 9
23 74 10 5
23 76 8 3
23 77 10 8
23 78 10 9
23 79 2 10
23 81 8 10
23 83 8 2
23 85 8 3
23 86 7 4
23 87 1 10
23 88 6 3
23 89 1 10
23 90 6 4
23 91 9 5
23 92 7 10
23 93 2 5
23 94 7 4
23 95 10 3
23 96 3 3
23 97 4 9
23 99 7 1
23 100 7 9
24 26 4 3
24 27 6 6
24 28 2 9
24 30 2 8
24 31 1 8
24 32 3 5
24 34 7 10
24 35 2 2
24 36 2 3
24 37 4 1
24 38 10 10
24 40 8 9
24 41 5 4
24 42 10 10
24 43 1 4
24 44 3 6
24 45 9 7
24 46 10 8
24 47 7 4
24 48 8 7
24 49 9 4
24 50 2 3
24 52 3 8
24 54 9 7
24 56 10 6
24 57 3 5
24 58 5 6
24 60 10 10
24 61 4 1
24 62 10 9
24 63 9 1
24 65 5 8
24 66 7 4
24 68 3 3
24 69 9 6
24 70 5 1
24 71 5 10
24 72 3 8
24 73 9 4
24 75 10 3
24 76 4 8
24 77 5 3
24 78 7 10
24 79 7 9
24 80 9 8
24 82 7 4
24 84 8 1
24 85 3 7
24 86 10 10
24 87 5 6
24 88 9 7
24 89 7 10
24 90 6 7
24 91 5 5
24 92 3 10
24 94 10 5
24 95 5 8
24 98 1 7
24 100 9 7
25 26 10 3
25 27 10 2
25 29 9 2
25 31 4 3
25 32 10 5
25 33 2 2
25 34 4 8
25 37 1 10
25 38 8 9
25 39 8 5
25 40 5 5
25 41 2 8
25 42 9 8
25 43 7 10
25 44 8 1
25 46 6 5
25 47 7 10
25 48 9 4
25 49 5 8
25 50 4 4
25 52 5 1
25 54 7 8
25 55 1 6
25 56 2 6
25 57 8 3
25 61 2 6
25 64 7 8
25 65 6 2
25 66 1 5
25 67 10 3
25 68 6 5
25 69 2 3
25 70 10 8
25 71 6 10
25 72 2 9
25 73 1 9
25 74 6 8
25 75 9 8
25 76 2 3
25 77 4 5
25 78 3 6
25 79 8 10
25 80 4 10
25 81 4 3
25 83 2 2
25 84 9 6
25 86 5 10
25 87 4 4
25 88 2 5
25 89 2 3
25 90 9 8
25 91 1 4
25 92 7 7
25 93 3 10
25 95 6 3
25 96 9 7
25 98 10 2
25 99 7 3
25 100 2 4
26 27 4 3
26 28 10 3
26 29 10 5
26 30 5 1
26 31 9 10
26 32 7 9
26 33 10 8
26 34 6 5
26 35 10 7
26 37 4 7
26 38 1 6
26 40 6 1
26 41 3 1
26 42 9 7
26 43 5 3
26 44 5 4
26 46 7 4
26 47 4 8
26 48 3 4
26 49 5 3
26 50 2 9
26 51 2 2
26 52 8 2
26 53 8 7
26 55 10 8
26 56 8 8
26 58 2 10
26 59 8 8
26 60 5 9
26 61 5 4
26 62 10 1
26 63 8 5
26 64 3 6
26 66 9 6
26 68 1 2
26 70 10 4
26 71 6 8
26 73 8 10
26 74 6 2
26 75 8 1
26 76 2 9
26 77 7 8
26 78 5 5
26 79 2 7
26 80 6 7
26 81 4 9
26 82 1 6
26 87 2 5
26 88 9 3
26 89 3 10
26 90 10 3
26 91 10 7
26 93 1 3
26 94 9 2
26 95 1 7
26 96 1 1
26 97 7 2
26 99 4 8
26 100 10 1
27 28 9 8
27 29 5 9
27 30 8 7
27 31 2 6
27 32 2 10
27 33 10 1
27 34 7 3
27 35 3 10
27 36 2 9
27 37 3 9
27 39 10 6
27 41 3 9
27 42 6 10
27 43 7 4
27 44 4 3
27 45 2 8
27 46 9 9
27 47 5 2
27 48 3 6
27 49 1 3
27 50 9 7
27 51 6 2
27 52 3 1
27 53 4 9
27 54 5 10
27 55 4 4
27 56 6 9
27 58 8 2
27 59 3 6
27 60 4 2
27 61 9 4
27 63 3 2
27 64 3 3
27 65 3 1
27 67 3 2
27 68 3 5
27 69 10 9
27 70 7 5
27 71 8 3
27 73 7 8
27 74 6 8
27 75 4 10
27 76 1 10
27 77 6 3
27 78 1 4
27 79 2 2
27 81 5 2
27 82 8 9
27 83 3 1
27 85 6 8
27 86 2 7
27 87 2 8
27 90 8 4
27 91 2 6
27 92 10 5
27 93 9 3
27 94 9 9
27 95 2 4
27 97 8 1
27 98 10 2
27 99 2 10
28 30 6 8
28 31 10 6
28 34 8 2
28 35 9 2
28 36 3 7
28 37 2 1
28 38 4 7
28 39 2 6
28 40 6 5
28 41 9 7
28 43 7 7
28 45 9 7
28 46 9 5
28 48 9 8
28 49 1 8
28 50 1 9
28 51 1 6
28 52 2 3
28 53 8 8
28 55 9 6
28 56 2 8
28 57 8 10
28 58 8 8
28 59 8 1
28 60 7 9
28 61 5 4
28 62 10 1
28 63 6 3
28 64 2 7
28 65 2 6
28 66 3 10
28 67 8 6
28 68 6 1
28 69 7 6
28 70 10 8
28 71 10 6
28 72 8 1
28 73 4 4
28 74 6 7
28 76 7 6
28 78 3 3
28 79 8 10
28 80 4 5
28 81 8 6
28 82 6 4
28 83 3 9
28 84 1 3
28 85 5 9
28 86 8 2
28 87 3 10
28 88 10 7
28 90 3 9
28 91 4 1
28 92 7 2
28 93 5 3
28 94 3 4
28 95 7 10
28 96 2 2
28 97 1 4
28 98 2 3
28 99 1 6
28 100 5 10
29 32 6 6
29 34 5 6
29 37 2 9
29 38 5 10
29 39 3 2
29 40 3 8
29 41 7 10
29 42 1 7
29 43 7 10
29 44 4 9
29 45 2 8
29 46 5 6
29 47 10 10
29 48 7 3
29 49 8 5
29 50 5 6
29 51 4 4
29 52 7 10
29 53 1 5
29 54 5 9
29 55 3 5
29 58 8 4
29 61 6 1
29 62 5 4
29 63 3 9
29 64 3 2
29 65 6 6
29 66 8 8
29 67 2 10
29 68 4 7
29 69 4 5
29 70 5 1
29 72 9 5
29 73 7 7
29 76 8 1
29 77 9 4
29 78 1 3
29 79 7 6
29 81 8 10
29 82 1 5
29 83 7 7
29 84 1 4
29 85 9 3
29 86 4 7
29 87 2 6
29 88 8 1
29 89 2 2
29 90 9 6
29 91 9 5
29 92 1 9
29 93 6 2
29 94 5 2
29 96 8 2
29 97 5 1
29 99 9 4
30 31 8 2
30 32 2 1
30 33 10 10
30 34 6 3
30 36 3 6
30 37 9 10
30 40 1 5
30 43 7 2
30 44 3 7
30 45 5 6
30 46 2 7
30 47 4 5
30 48 10 5
30 49 2 8
30 51 4 9
30 53 7 7
30 55 8 7
30 57 3 2
30 58 9 4
30 60 8 10
30 62 2 6
30 63 7 3
30 64 7 4
30 65 4 10
30 66 2 10
30 67 5 6
30 68 8 9
30 69 2 2
30 70 10 4
30 73 10 10
30 74 5 10
30 75 9 5
30 76 7 7
30 78 4 2
30 79 8 4
30 80 3 8
30 82 3 4
30 83 2 1
30 84 9 1
30 85 4 8
30 86 4 1
30 87 4 6
30 90 6 5
30 91 4 5
30 92 9 10
30 93 7 7
30 95 2 8
30 97 1 7
30 98 10 8
30 99 8 8
30 100 4 6
31 34 10 5
31 35 5 3
31 37 2 6
31 38 5 9
31 40 10 1
31 41 2 8
31 42 5 1
31 43 8 3
31 44 7 9
31 45 4 1
31 46 4 7
31 47 3 4
31 48 7 6
31 49 7 7
31 50 2 1
31 51 1 2
31 52 4 2
31 53 7 7
31 54 6 4
31 55 9 8
31 56 2 7
31 57 3 2
31 58 5 9
31 59 10 10
31 60 9 5
31 61 6 10
31 62 4 7
31 63 8 6
31 65 10 7
31 66 2 3
31 68 7 1
31 69 3 8
31 70 10 8
31 72 9 10
31 73 9 10
31 76 9 3
31 77 1 9
31 78 4 8
31 79 7 10
31 80 10 6
31 82 4 5
31 84 7 10
31 85 2 8
31 86 5 1
31 87 6 4
31 88 4 1
31 89 10 2
31 90 9 8
31 91 3 3
31 92 1 5
31 93 6 6
31 94 10 7
31 95 7 8
31 96 6 10
31 98 9 4
31 99 6 1
31 100 10 8
32 34 5 3
32 36 4 10
32 37 2 6
32 38 8 9
32 39 1 1
32 40 7 4
32 41 5 10
32 42 3 5
32 43 9 3
32 44 1 3
32 45 2 8
32 46 10 9
32 47 6 6
32 48 9 6
32 49 2 1
32 50 6 10
32 52 2 1
32 53 3 10
32 56 8 10
32 57 5 7
32 58 7 2
32 59 8 10
32 60 8 5
32 61 3 1
32 62 9 8
32 63 5 9
32 64 9 7
32 65 9 3
32 66 7 5
32 68 6 2
32 69 1 10
32 70 3 3
32 72 5 3
32 73 2 5
32 74 5 5
32 76 3 6
32 77 5 8
32 78 5 9
32 80 1 1
32 81 3 4
32 82 1 10
32 84 9 9
32 85 9 1
32 87 8 4
32 88 7 8
32 89 7 9
32 91 5 2
32 92 8 7
32 94 3 4
32 95 5 7
32 96 9 6
32 97 10 1
32 98 3 2
32 100 10 10
33 35 8 10
33 36 6 5
33 37 7 4
33 39 10 8
33 40 3 5
33 41 8 5
33 42 3 3
33 43 3 4
33 44 2 1
33 45 6 4
33 47 1 10
33 48 9 6
33 49 3 2
33 52 9 2
33 53 2 3
33 55 9 10
33 58 10 10
33 59 4 3
33 60 2 6
33 61 1 5
33 63 7 7
33 64 3 2
33 65 9 2
33 66 1 9
33 69 4 5
33 70 3 10
33 71 3 2
33 72 2 5
33 74 10 9
33 76 6 1
33 77 8 4
33 78 1 7
33 79 3 5
33 80 10 3
33 82 10 8
33 84 4 5
33 85 7 10
33 86 2 3
33 87 3 2
33 88 4 2
33 89 9 9
33 91 9 10
33 93 2 6
33 95 7 5
33 96 8 8
33 97 2 10
33 98 5 7
33 99 2 7
33 100 5 7
34 35 2 10
34 36 1 9
34 37 9 2
34 38 4 3
34 39 6 6
34 40 5 8
34 41 6 7
34 42 4 2
34 43 10 6
34 45 1 1
34 48 9 7
34 49 6 9
34 50 1 4
34 53 8 5
34 54 4 10
34 55 5 6
34 56 6 5
34 61 3 7
34 62 5 4
34 63 8 1
34 64 9 6
34 65 6 7
34 66 1 8
34 67 8 1
34 68 3 2
34 69 4 2
34 70 3 6
34 72 5 4
34 73 9 7
34 74 5 1
34 75 6 7
34 76 6 1
34 79 6 7
34 80 7 9
34 81 9 2
34 82 10 1
34 84 4 6
34 85 7 7
34 86 8 6
34 87 5 1
34 88 9 8
34 89 4 4
34 91 3 6
34 92 5 8
34 93 7 10
34 95 6 6
34 97 4 2
34 98 2 6
34 99 4 10
34 100 5 4
35 36 3 5
35 37 6 1
35 38 10 2
35 39 9 9
35 40 7 2
35 41 3 5
35 42 6 1
35 45 5 9
35 46 5 4
35 47 5 9
35 48 8 5
35 49 10 4
35 51 6 3
35 53 10 10
35 56 7 6
35 57 9 10
35 58 1 1
35 59 2 8
35 62 6 6
35 64 5 8
35 65 10 9
35 66 7 10
35 69 9 3
35 71 8 3
35 72 2 4
35 74 9 5
35 76 6 9
35 77 3 9
35 78 4 4
35 80 5 1
35 81 3 9
35 83 7 8
35 84 2 6
35 85 7 4
35 86 3 2
35 87 2 2
35 89 7 7
35 90 7 5
35 91 9 8
35 92 1 8
35 93 1 1
35 94 7 1
35 95 7 10
35 97 4 9
35 98 1 9
35 99 3 10
35 100 7 7
36 37 10 6
36 38 4 2
36 39 5 4
36 41 7 2
36 42 2 7
36 43 10 4
36 44 1 1
36 45 3 9
36 46 3 5
36 47 5 7
36 48 9 7
36 50 5 8
36 51 5 9
36 53 10 1
36 54 7 2
36 55 3 5
36 56 6 3
36 57 7 7
36 58 8 10
36 59 3 6
36 60 10 10
36 61 5 10
36 62 3 3
36 64 4 6
36 65 3 6
36 66 3 10
36 67 10 3
36 68 3 7
36 69 6 8
36 70 3 5
36 71 4 8
36 73 8 6
36 74 3 5
36 75 1 1
36 76 6 1
36 77 8 4
36 78 3 3
36 79 4 7
36 80 5 8
36 81 7 1
36 82 9 10
36 83 9 6
36 84 1 4
36 85 9 6
36 86 3 1
36 87 2 3
36 88 6 3
36 89 4 1
36 91 10 10
36 92 3 6
36 93 5 6
36 94 8 6
36 95 8 5
36 96 3 4
36 97 4 5
36 99 7 6
36 100 2 4
37 39 2 4
37 42 7 6
37 43 2 2
37 44 8 2
37 45 1 1
37 47 6 1
37 48 4 9
37 49 2 1
37 50 4 9
37 51 3 4
37 52 8 4
37 53 2 8
37 54 5 10
37 55 6 5
37 56 3 8
37 58 4 3
37 59 2 4
37 60 1 3
37 61 2 3
37 63 8 6
37 64 9 4
37 66 4 10
37 67 3 2
37 68 8 6
37 69 5 9
37 70 1 9
37 71 3 7
37 72 6 4
37 73 6 1
37 74 6 4
37 75 5 10
37 76 5 3
37 77 10 3
37 78 9 8
37 79 1 5
37 80 10 10
37 81 6 1
37 83 4 1
37 84 10 8
37 85 10 10
37 86 2 7
37 87 9 1
37 88 1 8
37 90 1 10
37 91 8 1
37 94 6 7
37 95 10 6
37 96 8 8
37 97 4 8
37 98 3 6
37 99 10 3
37 100 8 1
38 39 8 3
38 41 9 7
38 42 5 8
38 43 4 7
38 44 2 6
38 46 8 6
38 47 4 4
38 48 9 5
38 50 9 6
38 51 8 5
38 52 5 5
38 53 7 3
38 54 8 7
38 55 5 3
38 56 4 4
38 57 3 7
38 58 8 10
38 59 8 8
38 60 9 10
38 61 6 2
38 62 6 9
38 63 1 5
38 64 9 8
38 65 10 10
38 66 6 3
38 67 7 3
38 68 6 10
38 69 9 9
38 70 8 4
38 71 1 1
38 73 4 9
38 74 3 2
38 75 1 8
38 76 4 6
38 77 8 4
38 78 9 8
38 79 6 10
38 81 5 9
38 82 3 5
38 83 2 6
38 84 4 1
38 85 2 3
38 86 7 6
38 87 8 8
38 88 4 6
38 90 6 6
38 92 3 9
38 95 5 10
38 97 3 2
38 98 8 4
38 100 1 4
39 41 1 1
39 43 5 3
39 44 6 2
39 48 8 8
39 49 6 4
39 50 8 3
39 51 2 2
39 52 4 5
39 53 1 5
39 54 4 3
39 55 10 10
39 56 6 9
39 58 5 8
39 60 2 8
39 61 3 7
39 62 3 4
39 63 6 8
39 64 1 1
39 65 2 8
39 66 1 9
39 67 8 7
39 68 4 2
39 69 6 4
39 71 7 4
39 72 8 6
39 73 4 9
39 74 1 9
39 75 3 9
39 76 5 2
39 78 9 2
39 79 6 7
39 80 2 1
39 81 4 3
39 82 6 6
39 83 1 9
39 84 4 8
39 87 6 2
39 88 10 6
39 89 4 7
39 90 8 3
39 91 9 6
39 92 3 5
39 93 4 7
39 94 9 7
39 95 6 4
39 96 3 10
39 98 9 6
40 43 7 7
40 44 5 8
40 45 2 2
40 47 5 2
40 48 7 2
40 49 8 2
40 50 2 9
40 51 2 4
40 52 2 4
40 53 7 4
40 54 2 3
40 55 9 1
40 56 8 6
40 57 1 7
40 58 2 4
40 59 3 3
40 60 5 1
40 61 1 2
40 62 9 3
40 63 10 3
40 64 5 8
40 66 1 5
40 70 5 4
40 71 9 1
40 73 8 9
40 75 6 9
40 76 5 5
40 78 5 9
40 79 7 7
40 80 6 3
40 81 8 3
40 82 7 3
40 83 7 6
40 84 2 10
40 85 3 4
40 89 8 1
40 90 6 10
40 91 1 2
40 93 4 6
40 95 8 10
40 96 7 9
40 98 10 7
40 99 2 3
40 100 3 4
41 42 8 5
41 44 3 7
41 45 7 2
41 47 6 7
41 48 3 3
41 49 1 8
41 50 10 9
41 51 3 2
41 53 10 5
41 54 2 9
41 55 4 5
41 56 4 3
41 57 10 8
41 58 6 3
41 59 2 3
41 61 9 6
41 62 5 1
41 63 1 6
41 64 10 8
41 65 4 3
41 66 8 4
41 67 6 1
41 68 6 6
41 70 8 2
41 71 9 8
41 72 9 1
41 73 9 8
41 74 7 8
41 75 1 9
41 76 6 6
41 77 2 10
41 78 9 8
41 80 7 9
41 81 9 9
41 83 2 1
41 84 3 10
41 85 7 3
41 86 5 6
41 88 7 4
41 89 3 1
41 90 10 9
41 91 9 4
41 94 7 9
41 95 6 7
41 96 8 1
41 97 3 3
41 98 2 7
42 43 1 9
42 44 8 3
42 45 10 4
42 46 1 9
42 47 1 5
42 49 9 9
42 50 5 6
42 51 2 3
42 52 7 6
42 53 9 6
42 54 2 3
42 55 4 4
42 56 10 8
42 57 6 5
42 58 2 2
42 59 10 2
42 61 6 10
42 62 1 8
42 63 6 5
42 64 3 1
42 65 10 8
42 66 2 9
42 67 7 5
42 69 9 7
42 70 6 9
42 73 5 4
42 76 9 9
42 77 6 4
42 78 4 2
42 79 2 4
42 80 5 1
42 81 3 9
42 82 1 4
42 84 5 2
42 85 6 5
42 86 10 8
42 87 1 5
42 89 9 2
42 90 10 4
42 91 10 7
42 92 6 9
42 93 6 5
42 94 4 4
42 95 10 2
42 96 10 7
42 97 5 9
42 98 7 7
43 44 5 9
43 45 10 1
43 46 7 9
43 48 9 5
43 49 2 3
43 50 9 9
43 51 4 5
43 52 2 10
43 55 7 1
43 56 2 1
43 57 1 7
43 58 9 6
43 59 9 10
43 60 9 5
43 61 3 1
43 63 10 10
43 65 3 10
43 66 7 6
43 67 7 8
43 68 6 6
43 69 2 6
43 70 2 3
43 71 10 6
43 72 6 2
43 73 2 9
43 74 10 1
43 75 4 5
43 77 6 2
43 78 10 7
43 79 8 8
43 80 9 6
43 81 9 3
43 82 4 8
43 84 9 4
43 85 7 6
43 87 9 2
43 88 8 10
43 89 6 7
43 90 6 10
43 91 4 2
43 92 1 10
43 94 9 4
43 95 5 1
43 96 7 7
43 97 10 4
43 99 7 6
43 100 5 10
44 45 6 2
44 46 2 9
44 47 3 7
44 48 4 10
44 49 2 6
44 51 8 7
44 52 1 5
44 53 5 2
44 55 4 1
44 57 2 2
44 59 9 6
44 62 1 3
44 63 4 5
44 64 8 6
44 65 2 7
44 67 3 5
44 68 9 10
44 69 9 1
44 71 1 3
44 72 5 7
44 73 5 9
44 74 8 3
44 75 2 2
44 76 4 5
44 77 2 1
44 78 9 10
44 80 4 4
44 81 5 7
44 82 7 3
44 83 3 3
44 84 4 7
44 86 10 4
44 87 7 3
44 88 4 3
44 89 3 1
44 90 9 2
44 91 9 5
44 93 3 8
44 94 6 4
44 95 5 1
44 97 1 4
44 98 5 8
44 99 5 8
44 100 5 3
45 46 4 6
45 47 4 4
45 50 2 5
45 51 8 1
45 52 3 7
45 54 1 4
45 55 6 1
45 58 10 1
45 59 10 6
45 60 9 4
45 61 3 8
45 62 4 9
45 63 2 6
45 65 8 7
45 66 4 3
45 68 3 3
45 69 10 5
45 70 2 2
45 72 4 1
45 73 7 9
45 74 5 2
45 75 3 1
45 76 6 4
45 77 2 3
45 79 1 3
45 80 7 1
45 81 8 2
45 82 10 1
45 83 10 8
45 84 4 7
45 86 1 7
45 87 4 3
45 88 7 1
45 92 7 5
45 93 3 5
45 97 5 6
45 98 9 2
45 100 2 1
46 47 10 2
46 48 9 7
46 52 5 4
46 53 7 9
46 54 10 6
46 55 4 8
46 56 8 4
46 57 8 2
46 58 6 5
46 59 9 2
46 60 7 4
46 61 2 5
46 62 8 3
46 64 7 5
46 65 6 1
46 66 2 1
46 67 6 5
46 68 6 10
46 69 3 7
46 70 7 7
46 71 5 9
46 72 9 4
46 73 7 8
46 74 6 9
46 75 2 2
46 76 6 8
46 77 1 10
46 78 1 8
46 79 9 3
46 80 1 8
46 81 2 5
46 82 7 8
46 83 1 4
46 84 1 9
46 85 7 1
46 86 7 9
46 87 10 9
46 88 9 3
46 89 4 7
46 90 3 2
46 91 3 2
46 92 3 5
46 93 1 8
46 94 7 10
46 95 9 2
46 96 10 9
46 97 3 6
46 99 7 2
46 100 10 6
47 48 5 5
47 49 10 5
47 50 3 9
47 51 10 3
47 52 9 3
47 54 6 10
47 55 10 8
47 56 2 6
47 57 5 4
47 58 5 2
47 59 8 7
47 62 6 7
47 63 2 9
47 64 9 10
47 66 5 6
47 67 2 1
47 69 10 4
47 71 1 9
47 72 1 1
47 73 1 6
47 76 6 1
47 78 1 4
47 79 2 8
47 80 3 6
47 82 7 1
47 83 4 1
47 84 7 8
47 85 4 3
47 86 6 3
47 88 6 6
47 89 10 10
47 90 10 10
47 93 1 7
47 94 1 1
47 95 7 8
47 96 2 3
47 97 10 6
47 98 9 10
47 99 1 10
48 49 5 10
48 50 4 3
48 52 5 10
48 53 1 3
48 55 9 5
48 56 3 5
48 59 7 3
48 60 2 7
48 62 6 1
48 63 8 10
48 64 3 2
48 65 2 5
48 66 1 1
48 67 4 1
48 68 2 1
48 69 1 9
48 70 7 6
48 71 3 3
48 72 7 9
48 73 10 7
48 74 8 3
48 75 1 6
48 76 6 7
48 77 2 7
48 78 1 7
48 79 1 2
48 80 6 8
48 81 10 9
48 85 5 8
48 87 5 7
48 88 2 10
48 89 7 7
48 90 10 8
48 91 1 7
48 93 5 1
48 94 8 1
48 95 1 3
48 96 2 6
48 97 1 10
48 98 4 6
48 100 2 3
49 50 2 10
49 51 7 4
49 52 1 8
49 53 10 1
49 54 9 10
49 55 9 5
49 57 4 4
49 58 9 10
49 59 10 7
49 60 2 3
49 61 3 6
49 62 8 3
49 63 7 1
49 64 1 8
49 65 4 7
49 66 3 1
49 67 10 4
49 69 6 4
49 72 5 3
49 73 8 3
49 74 7 5
49 76 3 7
49 77 6 8
49 78 3 2
49 79 2 3
49 80 3 2
49 82 10 6
49 83 7 9
49 86 7 5
49 87 7 5
49 89 9 8
49 90 5 8
49 91 7 8
49 92 10 4
49 93 1 4
49 94 6 1
49 95 5 6
49 96 1 4
49 97 7 10
49 98 1 9
49 99 7 2
50 51 8 6
50 53 9 8
50 54 8 10
50 55 7 4
50 56 1 8
50 57 4 4
50 58 8 4
50 59 6 8
50 60 4 9
50 61 5 8
50 64 4 6
50 65 8 2
50 66 6 5
50 67 2 3
50 68 4 6
50 69 5 8
50 70 6 8
50 71 6 2
50 72 2 9
50 73 5 9
50 74 7 10
50 75 9 4
50 76 8 10
50 78 3 4
50 79 3 2
50 80 7 9
50 81 6 7
50 82 3 3
50 83 4 8
50 84 9 4
50 87 9 10
50 90 1 4
50 91 9 3
50 92 3 6
50 93 3 3
50 94 3 2
50 96 7 3
50 99 9 4
51 52 5 6
51 53 7 3
51 55 6 2
51 56 7 4
51 57 1 1
51 58 2 6
51 59 1 9
51 60 2 9
51 61 3 10
51 62 7 9
51 64 3 3
51 65 7 10
51 66 5 3
51 67 6 8
51 68 1 6
51 69 1 2
51 71 9 7
51 72 2 3
51 73 4 7
51 74 4 1
51 75 9 3
51 77 1 5
51 78 6 6
51 79 4 5
51 80 7 3
51 81 7 9
51 82 6 3
51 85 3 2
51 87 9 6
51 88 8 4
51 89 6 5
51 90 3 8
51 91 2 4
51 92 4 2
51 93 4 2
51 94 2 3
51 97 1 5
51 98 8 3
51 99 3 3
51 100 9 7
52 56 8 2
52 57 7 4
52 59 6 4
52 60 7 9
52 61 10 10
52 62 6 9
52 64 10 8
52 65 3 1
52 67 4 7
52 68 3 6
52 69 3 7
52 70 1 4
52 71 1 1
52 72 6 9
52 73 1 1
52 74 1 9
52 75 2 10
52 76 2 3
52 78 3 10
52 79 9 5
52 80 6 6
52 81 6 4
52 83 10 6
52 84 1 10
52 86 1 8
52 87 1 9
52 89 4 9
52 90 10 5
52 91 6 1
52 92 4 6
52 93 5 2
52 94 2 3
52 95 4 10
52 96 4 1
52 97 9 6
52 99 9 7
52 100 2 1
53 54 2 3
53 55 2 5
53 56 1 5
53 57 1 2
53 58 9 3
53 59 4 7
53 60 9 7
53 61 8 5
53 62 3 5
53 63 10 2
53 66 8 1
53 67 3 6
53 68 2 1
53 69 7 4
53 70 5 8
53 71 1 1
53 72 4 9
53 73 9 9
53 75 9 7
53 76 4 4
53 77 4 5
53 78 4 2
53 80 10 10
53 81 6 3
53 82 9 2
53 83 6 3
53 85 1 8
53 86 10 3
53 87 7 5
53 88 5 3
53 89 6 5
53 90 9 1
53 91 2 4
53 92 7 9
53 93 2 10
53 94 2 10
53 95 8 2
53 96 4 4
53 97 6 3
53 99 3 9
53 100 9 7
54 55 9 1
54 56 10 7
54 57 8 6
54 58 9 1
54 59 8 4
54 61 2 9
54 62 10 5
54 64 4 9
54 65 9 5
54 68 1 5
54 69 9 1
54 70 9 1
54 71 1 5
54 72 3 3
54 74 4 4
54 75 6 9
54 76 10 5
54 78 6 5
54 79 5 7
54 80 1 10
54 81 1 6
54 82 3 8
54 83 2 6
54 85 10 7
54 86 6 2
54 87 4 7
54 88 6 10
54 89 3 3
54 90 1 4
54 91 4 10
54 92 6 1
54 94 6 7
54 95 6 2
54 96 6 2
54 97 10 3
54 98 1 4
55 56 3 8
55 57 3 9
55 58 1 10
55 59 7 2
55 60 7 8
55 61 1 8
55 62 9 5
55 63 1 1
55 64 8 3
55 65 1 1
55 66 3 9
55 67 3 10
55 69 1 2
55 70 4 10
55 71 9 9
55 72 4 4
55 73 5 2
55 74 9 10
55 75 2 3
55 77 8 10
55 79 2 10
55 80 4 8
55 81 3 5
55 83 8 8
55 84 6 4
55 86 5 4
55 87 2 3
55 88 1 2
55 89 7 4
55 91 3 10
55 92 10 6
55 93 8 5
55 94 6 4
55 95 3 5
55 96 7 2
55 99 3 7
55 100 1 4
56 59 2 9
56 60 5 8
56 61 7 9
56 64 7 2
56 65 1 8
56 66 5 8
56 67 3 8
56 68 8 1
56 69 5 5
56 70 9 10
56 71 8 6
56 72 2 3
56 74 9 5
56 77 9 3
56 79 4 5
56 80 1 3
56 81 5 4
56 82 10 3
56 83 1 7
56 84 9 5
56 85 4 10
56 86 10 6
56 87 8 7
56 89 7 9
56 90 8 1
56 91 8 1
56 92 2 1
56 95 2 6
56 96 9 7
56 97 5 7
56 98 2 6
56 99 2 8
56 100 7 2
57 58 6 6
57 59 3 4
57 60 8 2
57 61 4 8
57 62 8 7
57 63 2 9
57 64 2 9
57 65 6 3
57 66 1 9
57 67 2 1
57 68 5 9
57 70 7 3
57 72 5 10
57 73 9 1
57 75 6 8
57 76 10 3
57 77 3 7
57 78 4 5
57 79 9 10
57 81 5 2
57 82 5 7
57 83 4 4
57 84 8 6
57 85 2 1
57 86 6 3
57 87 2 1
57 88 6 8
57 89 1 9
57 90 3 2
57 91 10 7
57 92 6 4
57 93 4 2
57 94 1 8
57 95 10 6
57 96 1 10
57 97 10 7
57 98 4 3
57 100 8 5
58 59 6 8
58 60 5 10
58 61 5 6
58 62 4 10
58 63 2 7
58 64 10 6
58 65 9 6
58 66 10 2
58 67 10 9
58 68 3 3
58 70 8 6
58 71 10 8
58 72 8 8
58 73 1 7
58 74 7 4
58 75 3 7
58 77 9 10
58 78 4 8
58 79 7 7
58 80 2 4
58 82 8 10
58 83 3 6
58 84 10 6
58 85 6 6
58 86 3 4
58 87 3 3
58 88 5 2
58 89 5 4
58 90 1 3
58 91 6 6
58 93 4 6
58 94 10 6
58 95 10 1
58 97 4 5
58 98 6 9
58 99 6 9
59 60 5 6
59 61 10 2
59 62 6 5
59 63 7 1
59 64 3 9
59 65 8 7
59 67 7 5
59 69 3 6
59 70 2 5
59 71 1 10
59 72 5 2
59 73 3 9
59 74 2 7
59 75 3 1
59 77 4 3
59 78 6 2
59 79 8 2
59 81 4 8
59 82 8 7
59 83 6 1
59 84 3 10
59 85 4 2
59 86 10 7
59 87 9 7
59 88 1 6
59 89 2 1
59 90 6 5
59 91 10 6
59 92 1 8
59 93 6 1
59 94 7 9
59 95 8 3
59 96 10 7
59 98 6 6
59 99 3 8
59 100 8 3
60 61 7 2
60 62 5 5
60 63 5 2
60 64 5 9
60 65 10 2
60 67 2 5
60 68 10 10
60 69 3 10
60 70 3 3
60 71 10 3
60 72 6 1
60 74 8 8
60 75 3 2
60 77 6 9
60 78 8 5
60 81 9 9
60 82 8 5
60 83 4 6
60 84 10 1
60 85 8 9
60 86 1 8
60 87 2 7
60 89 10 1
60 91 3 9
60 92 9 1
60 95 5 5
60 97 6 2
60 100 3 7
61 62 6 9
61 63 5 8
61 65 9 9
61 66 6 5
61 67 1 3
61 68 3 6
61 69 8 8
61 70 8 5
61 71 10 8
61 72 10 10
61 73 1 8
61 74 2 10
61 75 5 6
61 76 3 1
61 77 8 6
61 78 3 10
61 79 6 4
61 80 7 7
61 81 10 1
61 82 9 7
61 83 7 5
61 84 6 1
61 85 2 10
61 86 10 3
61 87 1 5
61 88 3 1
61 89 4 10
61 90 9 10
61 91 5 8
61 93 6 5
61 94 3 5
61 95 5 5
61 96 4 4
61 97 1 8
61 98 5 4
61 99 2 8
61 100 3 9
62 63 4 9
62 64 5 4
62 65 6 4
62 66 1 5
62 67 6 9
62 68 1 10
62 69 10 5
62 72 8 4
62 73 2 1
62 74 4 4
62 75 10 3
62 76 8 2
62 77 1 5
62 79 7 3
62 81 1 7
62 82 3 8
62 83 7 9
62 84 6 7
62 86 9 8
62 87 3 10
62 89 8 5
62 90 7 9
62 91 9 5
62 93 5 5
62 94 6 5
62 95 6 3
62 96 8 8
62 97 9 6
62 98 1 2
62 99 4 7
63 64 10 10
63 65 6 8
63 66 4 7
63 67 10 4
63 69 5 10
63 71 7 10
63 73 7 1
63 75 8 2
63 76 6 8
63 77 7 7
63 78 4 3
63 79 10 6
63 80 3 10
63 81 4 7
63 82 10 6
63 83 6 10
63 84 10 5
63 85 5 9
63 86 4 7
63 87 1 8
63 88 6 5
63 89 8 7
63 91 1 4
63 92 8 10
63 94 9 6
63 97 8 8
63 98 7 10
63 99 2 3
63 100 3 2
64 65 2 3
64 66 8 1
64 69 3 7
64 70 3 4
64 71 5 1
64 72 1 2
64 73 4 8
64 74 8 2
64 75 5 10
64 76 5 6
64 77 6 10
64 78 2 9
64 79 3 8
64 80 1 1
64 81 10 5
64 82 10 10
64 83 5 8
64 84 4 5
64 85 10 2
64 87 10 1
64 89 10 9
64 90 2 2
64 91 4 6
64 92 10 7
64 93 2 5
64 94 8 3
64 95 7 2
64 96 2 1
64 97 5 9
64 98 4 9
64 99 8 7
64 100 1 5
65 66 1 4
65 70 7 7
65 71 9 2
65 72 6 5
65 74 8 10
65 75 2 8
65 76 9 9
65 77 7 2
65 78 1 4
65 79 2 2
65 80 1 6
65 81 9 10
65 82 5 6
65 83 5 7
65 84 1 2
65 85 10 1
65 86 5 2
65 87 4 1
65 88 7 7
65 90 5 7
65 91 5 8
65 92 3 5
65 93 3 7
65 94 3 7
65 95 10 10
65 97 4 4
65 98 7 5
65 99 3 8
65 100 10 4
66 67 6 6
66 68 2 6
66 69 7 9
66 70 3 9
66 73 10 3
66 74 6 6
66 75 6 3
66 76 9 6
66 77 7 3
66 78 2 4
66 79 1 9
66 80 8 2
66 81 10 2
66 82 6 6
66 83 6 10
66 84 5 7
66 86 1 3
66 88 7 3
66 89 2 8
66 90 10 4
66 91 5 6
66 92 2 9
66 93 8 7
66 94 9 9
66 96 5 5
66 97 2 4
66 99 4 3
66 100 6 10
67 68 10 3
67 71 9 7
67 72 10 6
67 73 5 5
67 74 5 8
67 75 7 6
67 76 4 9
67 77 7 4
67 78 3 10
67 79 2 2
67 81 5 6
67 82 9 3
67 83 7 9
67 84 10 3
67 85 6 10
67 86 5 3
67 88 6 4
67 90 2 10
67 93 5 8
67 94 3 10
67 95 4 5
67 96 10 1
67 97 10 10
67 98 1 9
67 99 2 10
67 100 10 6
68 70 8 8
68 71 7 3
68 72 9 6
68 73 9 9
68 75 8 8
68 76 3 3
68 77 6 10
68 80 10 7
68 81 3 9
68 82 4 2
68 83 2 4
68 84 2 9
68 85 8 7
68 86 3 8
68 87 9 8
68 88 10 1
68 89 5 3
68 90 6 2
68 91 7 4
68 92 4 8
68 93 6 9
68 94 8 7
68 95 4 6
68 96 2 10
68 98 1 10
68 99 2 4
69 70 6 5
69 72 1 4
69 73 9 10
69 74 2 4
69 75 3 10
69 76 10 9
69 77 2 4
69 78 4 2
69 79 4 5
69 80 7 8
69 81 10 2
69 84 3 10
69 85 1 8
69 86 10 5
69 87 7 2
69 88 2 5
69 89 2 9
69 90 9 5
69 91 8 6
69 92 9 6
69 93 9 9
69 94 3 10
69 95 9 3
69 96 10 4
69 97 3 9
69 98 5 2
69 99 5 1
69 100 9 8
70 71 5 2
70 73 7 9
70 74 8 9
70 75 3 2
70 76 8 4
70 77 5 1
70 78 1 2
70 79 8 8
70 80 8 6
70 81 3 3
70 82 1 10
70 83 5 5
70 84 5 7
70 85 8 4
70 86 5 6
70 87 5 2
70 88 9 4
70 89 8 8
70 90 2 7
70 91 3 3
70 92 3 6
70 93 9 8
70 95 10 9
70 96 5 10
70 97 8 7
70 99 2 9
71 72 8 3
71 73 1 1
71 76 3 4
71 79 2 7
71 80 2 5
71 81 10 6
71 82 5 9
71 83 7 5
71 85 5 9
71 86 2 4
71 87 9 5
71 88 8 8
71 89 5 1
71 91 1 1
71 93 3 2
71 94 4 7
71 95 3 2
71 96 5 2
71 97 10 5
71 98 9 2
71 100 2 9
72 73 10 2
72 74 10 8
72 75 5 7
72 77 7 7
72 78 3 4
72 79 2 2
72 81 3 8
72 82 6 8
72 84 8 3
72 85 5 10
72 86 6 3
72 88 7 1
72 90 4 4
72 92 5 10
72 93 4 9
72 94 1 7
72 95 2 5
72 96 9 10
72 97 9 10
72 98 3 9
72 99 3 4
73 74 6 3
73 75 3 5
73 77 4 3
73 78 7 8
73 79 10 3
73 81 4 10
73 82 10 3
73 83 6 4
73 84 9 10
73 86 4 4
73 87 1 10
73 88 6 1
73 89 6 7
73 90 1 1
73 91 2 2
73 93 4 6
73 94 6 10
73 95 7 4
73 96 4 4
73 97 8 1
73 98 1 9
73 99 4 2
73 100 10 6
74 75 8 8
74 76 7 5
74 78 3 4
74 79 3 9
74 81 1 4
74 83 5 2
74 84 1 6
74 85 7 3
74 86 6 5
74 87 10 5
74 88 2 1
74 89 9 8
74 91 6 9
74 92 2 10
74 93 10 7
74 95 7 2
74 97 6 6
74 98 3 7
74 99 4 9
75 76 9 10
75 77 9 1
75 79 8 9
75 80 10 8
75 82 1 6
75 84 1 3
75 85 5 3
75 86 5 1
75 87 8 10
75 88 5 8
75 89 2 7
75 92 7 4
75 93 8 8
75 94 1 7
75 96 4 4
75 97 4 7
75 98 6 5
75 99 2 7
75 100 1 4
76 77 9 1
76 79 8 5
76 80 5 9
76 81 9 3
76 83 9 9
76 84 3 1
76 87 10 9
76 88 4 2
76 89 5 4
76 90 3 1
76 91 7 1
76 92 4 1
76 93 1 2
76 95 5 1
76 96 10 7
76 97 8 1
77 78 1 1
77 79 2 5
77 80 7 3
77 82 6 2
77 84 4 4
77 85 7 1
77 86 1 2
77 87 9 10
77 89 9 9
77 90 3 4
77 91 6 4
77 93 5 3
77 94 6 5
77 95 8 2
77 96 6 10
77 97 10 10
77 98 8 1
77 99 4 10
77 100 1 7
78 79 1 4
78 80 8 5
78 81 8 7
78 82 7 6
78 83 10 5
78 84 2 9
78 85 4 10
78 87 3 8
78 89 7 9
78 90 4 8
78 91 8 1
78 92 9 9
78 94 8 8
78 95 9 10
78 96 9 3
78 97 10 4
78 99 10 10
79 80 6 9
79 81 8 5
79 82 4 10
79 83 4 1
79 85 6 7
79 86 10 7
79 87 2 7
79 88 7 3
79 89 7 7
79 90 3 1
79 91 2 1
79 92 1 6
79 93 5 4
79 94 4 9
79 95 10 3
79 96 2 1
79 97 6 6
79 98 9 10
79 99 3 7
80 81 9 10
80 83 1 3
80 84 3 7
80 85 8 2
80 86 7 6
80 87 6 6
80 88 6 10
80 89 2 6
80 91 1 3
80 92 2 4
80 93 5 8
80 94 4 2
80 95 1 8
80 96 8 1
80 99 5 8
80 100 2 8
81 82 2 5
81 83 5 1
81 84 10 4
81 85 3 1
81 86 5 5
81 87 3 9
81 88 1 10
81 90 6 10
81 91 7 8
81 92 6 10
81 93 4 2
81 94 9 6
81 95 7 8
81 97 9 5
81 99 9 3
81 100 5 8
82 83 1 10
82 84 9 1
82 85 1 6
82 86 2 9
82 87 7 3
82 88 9 5
82 89 9 6
82 90 7 6
82 91 7 5
82 92 3 6
82 93 4 5
82 94 3 8
82 95 8 1
82 96 9 7
82 99 4 4
82 100 1 5
83 84 6 8
83 85 10 1
83 87 2 10
83 89 4 8
83 90 5 4
83 91 3 3
83 92 8 6
83 93 2 8
83 94 1 8
83 95 2 8
83 96 7 4
83 97 5 6
83 98 7 9
84 85 1 2
84 86 8 7
84 88 3 6
84 89 9 7
84 90 7 2
84 92 6 1
84 93 7 6
84 94 6 7
84 95 3 4
84 96 1 6
84 97 1 5
84 98 2 2
84 99 3 7
84 100 7 9
85 86 10 6
85 88 8 5
85 89 10 5
85 90 5 2
85 92 3 2
85 93 9 1
85 94 5 8
85 95 5 8
85 96 8 10
85 97 9 1
85 98 4 10
85 99 6 10
85 100 5 7
86 87 8 10
86 89 10 5
86 90 2 9
86 91 6 4
86 92 5 7
86 93 2 9
86 94 3 9
86 95 10 2
86 96 3 8
86 97 7 7
86 98 5 2
86 100 4 9
87 90 10 9
87 91 7 9
87 92 8 1
87 93 5 6
87 94 1 10
87 95 2 6
87 96 6 3
87 97 5 5
87 98 9 1
88 89 4 3
88 91 6 9
88 93 8 1
88 95 6 9
88 97 9 4
88 98 7 9
88 99 10 1
88 100 1 6
89 90 1 3
89 91 4 2
89 92 4 4
89 95 7 2
89 96 5 1
89 97 5 9
89 98 2 5
89 99 4 2
89 100 4 9
90 91 10 3
90 92 5 9
90 93 10 8
90 95 10 8
90 96 7 9
90 97 8 7
90 98 1 10
90 99 1 3
91 92 10 7
91 93 1 5
91 94 10 9
91 95 2 8
91 96 2 10
91 97 1 1
91 98 6 5
91 99 2 4
91 100 4 5
92 93 1 5
92 94 1 2
92 96 4 10
92 97 4 7
92 99 2 10
92 100 10 10
93 94 7 9
93 95 3 4
93 96 8 5
93 97 10 6
93 98 7 7
93 99 8 9
93 100 2 5
94 95 9 9
94 96 4 3
94 97 5 8
94 98 4 6
94 100 4 6
95 96 3 4
95 97 4 7
95 98 7 9
95 99 2 4
95 100 4 9
96 97 8 4
96 99 6 1
96 100 9 2
97 98 2 5
97 99 3 1
98 99 2 8
98 100 1 10
99 100 3 8
1
1 2 3 4 5 6 7 8 9 10 11 12 13 14 15 16 17 18 19 20 21 22 23 24 25 26 27 28 29 30 31 32 33 34 35 36 37 38 39 40 41 42 43 44 45 46 47 48 49 50
