4008
1 2 10 10
1 3 1 10
1 4 2 7
1 6 3 3
1 7 4 10
1 8 2 9
1 9 8 5
1 10 7 1
1 11 8 2
1 12 7 4
1 13 8 8
1 14 5 9
1 15 1 4
1 16 5 8
1 17 9 5
1 18 9 8
1 20 8 7
1 21 8 9
1 22 7 8
1 23 2 7
1 24 7 1
1 25 5 5
1 26 2 9
1 27 3 3
1 28 5 9
1 30 10 5
1 31 7 3
1 32 5 4
1 33 6 7
1 34 1 3
1 35 5 2
1 36 6 4
1 37 1 6
1 38 3 7
1 39 10 3
1 40 10 3
1 41 1 4
1 42 6 1
1 43 5 5
1 44 5 4
1 45 9 10
1 47 2 5
1 48 10 6
1 49 10 8
1 50 2 6
1 51 4 3
1 52 4 7
1 53 3 9
1 54 9 2
1 55 3 7
1 56 3 5
1 57 4 9
1 58 10 9
1 60 5 4
1 61 5 3
1 62 4 8
1 63 9 3
1 64 8 2
1 67 4 1
1 68 7 4
1 69 5 6
1 70 6 8
1 72 2 8
1 73 1 1
1 74 6 8
1 75 9 7
1 76 10 1
1 78 2 3
1 79 7 6
1 80 10 1
1 81 1 9
1 82 2 9
1 83 1 10
1 84 7 3
1 86 3 7
1 87 8 7
1 88 7 10
1 89 2 6
1 90 10 6
1 91 4 2
1 92 1 9
1 93 2 1
1 94 9 6
1 96 5 2
1 97 1 1
1 98 8 9
1 99 4 9
2 3 5 2
2 4 7 8
2 5 6 8
2 6 4 6
2 7 6 6
2 8 10 10
2 9 8 3
2 12 2 9
2 14 5 3
2 15 6 8
2 16 10 9
2 17 5 8
2 18 10 3
2 19 6 1
2 20 8 4
2 22 9 2
2 24 9 2
2 25 2 7
2 26 10 9
2 27 2 10
2 29 1 3
2 30 5 5
2 31 3 10
2 32 8 6
2 33 3 3
2 34 2 6
2 35 8 8
2 36 2 1
2 37 3 6
2 40 8 6
2 41 10 7
2 42 1 1
2 43 8 4
2 44 2 7
2 50 8 2
2 51 2 4
2 52 2 4
2 53 4 4
2 54 4 8
2 58 10 9
2 59 1 10
2 60 6 5
2 61 8 1
2 62 7 5
2 63 10 1
2 64 7 1
2 66 1 3
2 67 5 5
2 69 8 5
2 70 1 5
2 71 9 8
2 72 10 4
2 73 8 3
2 74 3 8
2 75 10 1
2 76 5 8
2 77 8 9
2 78 10 5
2 79 10 5
2 80 3 10
2 81 7 9
2 82 6 4
2 83 4 7
2 84 10 10
2 86 9 6
2 87 1 6
2 88 10 10
2 89 8 1
2 90 6 1
2 92 5 5
2 93 3 10
2 94 2 5
2 95 8 5
2 96 9 4
2 97 10 8
2 98 4 10
2 99 8 4
2 100 9 7
3 4 8 7
3 5 8 7
3 6 2 3
3 7 9 9
3 9 9 1
3 11 7 7
3 13 7 7
3 14 3 8
3 15 8 5
3 17 9 10
3 18 9 5
3 19 1 3
3 20 3 4
3 21 5 2
3 22 4 2
3 23 8 9
3 24 10 6
3 25 6 8
3 27 6 6
3 28 6 3
3 29 8 8
3 30 6 9
3 31 8 7
3 33 1 8
3 34 8 7
3 35 2 1
3 36 9 2
3 39 5 2
3 41 3 2
3 42 6 2
3 44 6 5
3 46 8 8
3 47 7 1
3 48 1 6
3 49 4 4
3 50 5 4
3 52 7 7
3 54 5 6
3 55 5 6
3 56 4 9
3 58 9 9
3 59 4 3
3 60 3 7
3 62 5 2
3 63 9 6
3 64 8 7
3 65 10 2
3 66 3 5
3 67 6 4
3 68 4 3
3 69 7 10
3 70 1 7
3 72 10 2
3 74 9 3
3 75 5 1
3 76 8 5
3 79 4 10
3 80 4 7
3 81 10 6
3 82 9 2
3 83 7 2
3 84 7 6
3 85 3 10
3 86 7 5
3 87 5 3
3 88 9 9
3 89 9 5
3 90 7 5
3 91 8 7
3 92 3 5
3 93 7 1
3 94 1 6
3 95 3 7
3 96 8 1
3 97 4 10
3 98 3 2
3 100 3 6
4 5 1 8
4 6 8 8
4 7 6 6
4 8 6 8
4 10 7 4
4 12 10 2
4 13 7 4
4 16 6 2
4 17 2 6
4 20 9 9
4 21 6 1
4 22 2 7
4 24 9 1
4 26 2 4
4 27 7 6
4 28 10 3
4 29 6 2
4 30 5 6
4 31 9 5
4 32 10 10
4 34 7 5
4 35 4 5
4 36 4 10
4 37 6 6
4 38 2 8
4 39 6 1
4 40 5 2
4 41 8 8
4 43 2 3
4 44 7 6
4 45 4 7
4 46 10 10
4 47 2 10
4 48 5 6
4 49 2 2
4 50 4 2
4 51 4 4
4 52 8 5
4 53 2 2
4 55 8 5
4 56 1 5
4 57 1 6
4 58 3 10
4 59 8 5
4 61 6 5
4 62 9 2
4 63 8 2
4 64 10 8
4 65 1 1
4 66 3 2
4 67 1 8
4 68 4 1
4 69 1 7
4 70 6 2
4 71 10 7
4 72 7 8
4 73 4 3
4 74 8 2
4 75 3 5
4 76 2 8
4 77 4 2
4 78 7 7
4 79 7 2
4 80 8 5
4 81 6 9
4 83 9 6
4 84 10 9
4 85 8 7
4 86 3 9
4 87 5 3
4 88 5 7
4 90 7 1
4 91 5 4
4 92 3 1
4 93 1 1
4 94 6 10
4 95 1 6
4 96 7 4
4 97 7 2
4 98 9 6
4 99 3 1
5 6 8 8
5 8 10 10
5 9 10 1
5 10 5 7
5 11 10 8
5 12 6 9
5 13 4 2
5 14 2 2
5 16 8 3
5 17 10 7
5 18 7 1
5 19 9 4
5 20 10 5
5 22 7 6
5 23 4 7
5 25 4 8
5 26 7 5
5 27 1 7
5 28 1 2
5 31 4 7
5 32 3 2
5 33 9 5
5 34 2 2
5 36 3 9
5 38 9 8
5 39 2 7
5 40 10 9
5 41 1 4
5 42 7 9
5 43 4 7
5 45 8 1
5 46 8 7
5 47 9 3
5 48 9 10
5 49 7 8
5 51 9 2
5 52 9 10
5 54 6 9
5 55 9 4
5 56 7 1
5 57 3 5
5 59 2 7
5 60 8 9
5 61 7 4
5 62 3 4
5 63 7 9
5 64 9 2
5 65 2 6
5 67 10 5
5 68 6 6
5 69 5 6
5 70 5 1
5 71 5 10
5 72 2 8
5 73 5 7
5 74 2 1
5 77 4 6
5 79 9 3
5 80 7 4
5 81 5 6
5 82 6 8
5 83 4 9
5 84 5 9
5 88 8 5
5 89 10 4
5 90 4 6
5 91 3 4
5 93 3 3
5 94 4 10
5 95 6 6
5 96 6 9
5 97 2 9
5 99 4 6
5 100 1 5
6 7 8 8
6 9 9 6
6 10 8 5
6 11 2 4
6 13 3 6
6 14 8 5
6 15 8 4
6 16 9 9
6 18 1 6
6 20 1 9
6 23 2 9
6 24 8 4
6 25 1 4
6 26 3 2
6 27 3 5
6 28 6 4
6 29 9 3
6 30 1 10
6 33 6 1
6 34 8 2
6 35 5 6
6 36 10 10
6 37 10 10
6 38 3 5
6 39 9 8
6 41 8 10
6 42 7 7
6 44 3 2
6 45 1 9
6 48 7 3
6 51 6 9
6 52 4 10
6 53 1 1
6 55 3 8
6 56 1 10
6 57 8 6
6 59 4 2
6 60 9 5
6 61 1 10
6 62 7 4
6 63 5 1
6 64 7 10
6 65 5 5
6 66 10 6
6 67 2 7
6 68 2 5
6 69 9 8
6 70 10 1
6 71 1 4
6 72 6 2
6 73 3 8
6 74 9 2
6 77 7 8
6 79 6 2
6 80 2 9
6 81 7 7
6 82 1 3
6 83 9 5
6 88 2 5
6 89 9 10
6 90 9 7
6 92 8 7
6 93 7 1
6 94 3 7
6 95 3 3
6 96 8 2
6 97 8 6
6 98 4 10
6 99 8 8
6 100 3 6
7 8 3 9
7 9 5 7
7 10 8 4
7 11 1 9
7 12 10 3
7 13 1 5
7 14 2 1
7 15 1 9
7 16 4 3
7 18 9 6
7 19 3 6
7 20 10 5
7 21 5 6
7 22 9 3
7 23 9 4
7 24 2 6
7 26 2 1
7 27 7 9
7 28 4 8
7 29 1 6
7 30 4 2
7 31 6 10
7 32 8 3
7 34 1 6
7 37 8 10
7 40 8 9
7 41 6 8
7 42 3 1
7 44 6 8
7 45 1 3
7 46 6 9
7 47 4 5
7 48 10 9
7 49 4 6
7 50 10 10
7 52 1 6
7 53 7 4
7 54 6 8
7 55 3 2
7 56 8 1
7 57 10 5
7 58 4 7
7 60 9 1
7 61 5 8
7 62 3 8
7 63 5 2
7 64 1 6
7 66 9 10
7 67 2 7
7 68 9 8
7 70 3 9
7 71 4 4
7 72 8 4
7 73 8 8
7 74 1 9
7 75 5 10
7 77 2 6
7 78 5 4
7 79 6 1
7 80 7 10
7 81 4 8
7 83 10 3
7 84 8 7
7 85 8 6
7 86 9 4
7 87 2 9
7 88 8 7
7 89 3 6
7 90 4 8
7 91 2 7
7 92 4 10
7 93 2 8
7 94 1 2
7 95 2 3
7 96 2 1
7 97 6 9
7 99 5 9
7 100 8 10
8 9 6 10
8 10 9 9
8 11 7 1
8 12 3 6
8 13 4 1
8 14 10 10
8 15 5 10
8 17 6 6
8 18 10 8
8 19 1 8
8 20 7 10
8 21 2 4
8 22 10 2
8 25 7 2
8 26 2 5
8 27 10 2
8 28 6 1
8 29 4 6
8 30 8 8
8 32 8 7
8 33 9 4
8 34 9 3
8 35 9 3
8 36 10 6
8 38 10 4
8 40 8 5
8 41 5 2
8 42 6 6
8 43 7 1
8 44 3 3
8 45 10 5
8 46 7 7
8 47 2 1
8 49 7 4
8 50 10 9
8 51 4 7
8 53 9 4
8 55 4 8
8 56 1 10
8 58 10 9
8 59 5 4
8 60 10 2
8 62 4 6
8 63 10 6
8 65 6 10
8 67 6 4
8 68 10 8
8 69 5 7
8 70 5 9
8 73 3 10
8 74 5 9
8 76 10 1
8 77 4 6
8 79 5 9
8 80 6 2
8 82 6 2
8 84 9 2
8 85 3 7
8 86 1 1
8 88 3 8
8 90 10 4
8 91 6 7
8 92 7 10
8 93 7 3
8 94 10 9
8 95 9 3
8 96 9 1
8 97 6 9
8 98 6 4
8 100 6 6
9 10 5 4
9 13 8 1
9 14 8 3
9 15 9 9
9 16 7 10
9 18 2 3
9 19 6 7
9 20 4 3
9 21 1 7
9 22 10 5
9 23 5 8
9 24 1 7
9 25 1 9
9 26 10 2
9 27 9 4
9 29 10 4
9 30 5 3
9 31 7 2
9 33 10 3
9 34 10 2
9 35 6 8
9 36 5 4
9 37 5 4
9 38 9 6
9 39 5 5
9 40 8 8
9 41 9 8
9 42 2 10
9 43 1 9
9 44 10 8
9 45 5 8
9 46 1 10
9 47 5 10
9 48 3 3
9 49 4 9
9 50 10 7
9 52 2 7
9 53 10 9
9 54 6 8
9 55 7 6
9 56 7 6
9 57 7 2
9 58 2 6
9 59 6 8
9 62 8 4
9 63 4 10
9 64 2 6
9 65 5 8
9 66 8 7
9 67 2 5
9 68 5 10
9 69 4 9
9 70 5 3
9 71 10 2
9 72 4 7
9 73 10 3
9 74 7 5
9 75 2 6
9 78 10 6
9 79 10 5
9 80 9 1
9 81 8 2
9 82 7 2
9 83 5 3
9 85 9 1
9 86 10 7
9 87 2 6
9 88 8 3
9 89 8 4
9 90 9 3
9 91 1 10
9 92 10 9
9 93 10 5
9 94 8 10
9 96 2 1
9 97 5 10
9 98 3 4
9 99 6 10
9 100 8 10
10 11 6 8
10 12 2 1
10 13 2 6
10 15 5 7
10 16 7 2
10 18 9 5
10 19 3 5
10 20 6 4
10 23 4 10
10 24 7 8
10 25 1 3
10 26 6 1
10 27 8 9
10 28 1 10
10 29 3 4
10 30 1 3
10 31 4 2
10 33 4 2
10 34 2 9
10 35 4 7
10 36 6 7
10 37 1 3
10 38 3 3
10 39 9 10
10 40 4 1
10 41 6 8
10 43 4 10
10 45 3 10
10 47 9 5
10 48 9 10
10 49 2 1
10 50 5 6
10 52 4 1
10 53 6 5
10 54 10 8
10 55 9 6
10 56 6 3
10 57 2 1
10 58 4 3
10 59 8 7
10 60 1 4
10 62 6 3
10 63 1 10
10 64 4 2
10 65 1 3
10 67 6 1
10 68 10 4
10 69 1 4
10 70 2 4
10 71 1 2
10 72 9 5
10 73 10 1
10 74 1 1
10 76 10 9
10 78 6 10
10 79 4 2
10 82 9 2
10 84 3 3
10 85 4 5
10 86 5 8
10 87 8 2
10 88 3 10
10 89 10 7
10 91 5 6
10 92 3 9
10 93 9 3
10 95 10 7
10 98 6 9
10 99 5 2
11 12 9 9
11 13 3 8
11 15 2 4
11 16 2 9
11 17 8 10
11 18 7 8
11 20 3 4
11 21 3 1
11 22 9 5
11 23 6 2
11 24 4 9
11 25 2 4
11 27 5 2
11 29 1 10
11 30 9 8
11 31 9 2
11 32 10 10
11 33 8 2
11 34 1 9
11 35 4 3
11 37 10 2
11 38 8 3
11 39 4 4
11 40 10 5
11 41 4 2
11 42 4 6
11 46 5 5
11 47 7 5
11 48 7 5
11 49 4 3
11 50 3 1
11 51 10 2
11 52 5 7
11 54 2 8
11 55 2 3
11 56 5 9
11 57 3 7
11 59 1 1
11 60 7 10
11 61 3 6
11 62 2 8
11 64 5 5
11 65 1 9
11 66 6 2
11 67 10 1
11 68 6 5
11 69 7 9
11 70 3 9
11 72 4 7
11 73 3 10
11 75 8 4
11 77 9 3
11 78 5 3
11 79 2 9
11 80 7 3
11 81 5 1
11 82 3 5
11 83 2 4
11 84 3 3
11 85 7 10
11 86 8 1
11 88 4 7
11 89 1 1
11 90 3 5
11 91 5 3
11 92 8 1
11 93 3 7
11 94 2 4
11 95 2 2
11 97 6 7
11 98 10 2
11 99 4 10
11 100 3 9
12 14 10 4
12 15 3 9
12 16 5 8
12 17 8 8
12 18 8 7
12 19 8 3
12 20 7 1
12 21 9 5
12 24 1 1
12 25 5 9
12 26 10 7
12 28 5 5
12 29 4 3
12 30 10 2
12 31 5 3
12 32 4 10
12 33 1 6
12 34 5 6
12 35 4 10
12 36 6 10
12 38 4 1
12 40 6 7
12 41 6 1
12 42 3 3
12 43 8 2
12 45 9 5
12 46 4 9
12 47 2 8
12 51 7 10
12 52 7 1
12 53 7 4
12 54 9 5
12 55 7 7
12 56 7 4
12 57 9 5
12 58 2 3
12 59 3 7
12 60 8 1
12 61 9 1
12 62 3 2
12 63 1 9
12 66 10 5
12 67 1 1
12 68 10 2
12 69 6 1
12 71 1 4
12 72 4 8
12 73 10 10
12 75 6 8
12 78 6 3
12 79 7 10
12 80 1 10
12 81 7 1
12 82 7 9
12 83 10 10
12 84 6 10
12 85 6 10
12 86 7 8
12 87 1 1
12 89 8 10
12 90 4 3
12 91 6 8
12 92 9 3
12 93 4 10
12 94 9 10
12 95 1 6
12 96 5 2
12 97 6 1
12 98 3 5
12 100 8 6
13 14 9 1
13 17 3 2
13 19 9 6
13 20 6 8
13 21 2 8
13 23 1 10
13 24 3 9
13 25 6 8
13 26 9 1
13 27 5 6
13 28 10 2
13 29 9 1
13 30 10 6
13 31 4 3
13 32 5 7
13 34 7 2
13 35 9 8
13 36 8 10
13 37 6 7
13 38 9 9
13 39 8 4
13 40 3 7
13 41 6 10
13 42 7 8
13 44 8 6
13 45 1 3
13 48 7 4
13 50 7 9
13 51 4 5
13 54 5 5
13 56 6 7
13 57 4 8
13 58 9 2
13 59 8 2
13 60 8 4
13 62 5 10
13 63 8 3
13 64 2 10
13 65 7 1
13 66 10 1
13 67 4 5
13 69 5 2
13 70 2 4
13 71 6 2
13 72 4 4
13 73 3 5
13 74 3 8
13 75 8 1
13 76 3 10
13 78 6 4
13 79 2 1
13 80 8 9
13 81 8 3
13 82 1 1
13 83 5 4
13 84 5 8
13 85 7 1
13 86 2 1
13 87 5 8
13 88 4 3
13 89 9 9
13 90 2 5
13 91 8 6
13 92 8 1
13 93 7 3
13 94 4 9
13 95 10 5
13 96 6 6
13 97 9 3
13 98 2 7
13 99 5 6
13 100 5 8
14 15 3 7
14 16 5 1
14 17 1 6
14 18 6 10
14 19 1 9
14 21 6 5
14 22 5 7
14 23 2 2
14 25 9 2
14 26 7 9
14 27 7 3
14 28 1 8
14 29 6 5
14 30 2 2
14 32 1 3
14 33 1 7
14 34 1 9
14 35 8 8
14 36 2 6
14 37 1 9
14 38 8 10
14 40 5 2
14 42 5 2
14 43 6 4
14 45 4 4
14 46 10 6
14 47 8 10
14 48 7 2
14 49 6 2
14 51 10 1
14 52 2 1
14 53 2 8
14 54 9 1
14 55 1 1
14 56 2 10
14 57 2 10
14 60 10 1
14 61 4 7
14 62 4 9
14 63 1 2
14 64 1 1
14 65 8 2
14 66 2 8
14 67 10 1
14 68 4 2
14 69 10 7
14 70 6 3
14 71 1 6
14 72 3 6
14 73 3 8
14 75 1 9
14 76 7 1
14 77 6 9
14 78 9 6
14 81 7 1
14 82 9 4
14 83 4 7
14 86 9 3
14 87 6 8
14 91 6 1
14 92 1 9
14 93 4 6
14 94 1 7
14 95 3 3
14 96 4 1
14 98 5 1
14 99 4 1
14 100 8 4
15 17 10 9
15 18 2 1
15 19 10 5
15 20 9 6
15 21 10 2
15 22 3 5
15 23 1 5
15 24 1 5
15 25 9 4
15 26 5 4
15 27 3 1
15 28 6 5
15 29 8 4
15 31 8 1
15 32 4 8
15 33 4 6
15 34 7 3
15 36 6 8
15 37 2 8
15 38 6 4
15 39 8 7
15 40 7 1
15 41 9 6
15 42 3 7
15 43 4 2
15 45 6 3
15 46 1 1
15 47 6 10
15 48 1 2
15 49 6 2
15 50 1 4
15 51 2 10
15 52 1 2
15 53 2 8
15 54 10 4
15 56 3 7
15 57 5 8
15 58 4 6
15 59 8 4
15 61 10 10
15 62 4 1
15 63 5 3
15 64 8 3
15 65 6 8
15 66 10 6
15 67 1 6
15 68 1 2
15 69 7 3
15 70 9 10
15 71 4 1
15 72 8 7
15 74 3 5
15 75 9 2
15 76 8 9
15 77 6 9
15 79 10 9
15 80 6 1
15 82 6 7
15 83 1 9
15 84 7 10
15 85 9 2
15 86 7 10
15 88 8 10
15 89 4 1
15 90 9 7
15 91 7 5
15 93 5 7
15 94 9 4
15 95 2 8
15 96 8 5
15 97 5 9
15 98 7 2
15 100 6 9
16 19 2 2
16 20 1 2
16 21 7 10
16 22 5 7
16 23 3 4
16 24 6 6
16 25 6 6
16 27 9 2
16 28 3 7
16 29 2 6
16 30 4 9
16 31 6 2
16 32 4 8
16 33 3 3
16 34 8 1
16 35 8 8
16 37 6 8
16 38 9 9
16 39 10 8
16 40 2 4
16 41 6 9
16 42 5 9
16 43 2 5
16 45 1 2
16 46 1 5
16 47 7 1
16 48 5 10
16 49 1 10
16 50 6 10
16 53 2 10
16 54 8 7
16 55 10 2
16 56 8 8
16 58 6 9
16 59 10 1
16 60 5 9
16 61 9 10
16 62 10 1
16 63 10 7
16 64 9 1
16 65 3 9
16 66 7 7
16 67 3 3
16 68 9 2
16 69 10 10
16 70 7 6
16 71 1 9
16 72 3 3
16 73 2 5
16 74 4 8
16 77 7 7
16 78 4 3
16 80 8 4
16 81 7 5
16 82 5 7
16 83 6 10
16 84 10 7
16 86 4 5
16 88 6 7
16 89 3 7
16 90 4 2
16 91 1 2
16 92 10 6
16 93 10 10
16 94 8 2
16 96 4 10
16 98 5 10
16 99 5 1
16 100 7 9
17 19 8 1
17 20 7 7
17 21 7 7
17 22 3 4
17 23 1 10
17 24 10 7
17 25 2 7
17 26 8 9
17 27 8 8
17 28 6 2
17 29 10 3
17 31 4 7
17 32 3 5
17 33 4 5
17 34 8 2
17 35 10 8
17 36 8 2
17 37 6 8
17 39 5 4
17 40 8 7
17 41 6 5
17 42 5 6
17 43 8 8
17 44 9 5
17 46 4 9
17 47 1 9
17 48 4 2
17 49 2 10
17 50 10 3
17 51 10 2
17 52 2 6
17 54 2 6
17 55 5 3
17 56 7 1
17 58 2 3
17 59 8 10
17 60 6 1
17 61 4 6
17 63 9 3
17 65 4 2
17 66 4 2
17 67 7 3
17 68 2 10
17 70 10 9
17 71 9 3
17 73 9 4
17 75 7 2
17 76 9 1
17 77 5 1
17 78 4 7
17 79 4 9
17 80 1 1
17 81 4 3
17 82 9 2
17 83 4 7
17 84 1 2
17 86 2 5
17 87 4 10
17 88 7 4
17 89 7 9
17 90 7 6
17 91 1 2
17 92 5 7
17 93 3 10
17 94 6 4
17 95 2 6
17 96 8 3
17 97 5 2
17 98 1 4
17 99 3 5
17 100 10 1
18 19 1 3
18 20 3 10
18 22 6 10
18 23 1 10
18 25 2 4
18 26 6 3
18 28 3 5
18 29 6 6
18 30 5 5
18 31 4 8
18 33 6 7
18 34 10 9
18 36 10 4
18 37 3 7
18 38 6 7
18 39 3 9
18 40 6 4
18 41 1 3
18 42 5 1
18 43 2 7
18 45 4 9
18 46 10 6
18 47 1 10
18 48 2 10
18 49 10 2
18 52 10 10
18 53 1 10
18 54 3 2
18 55 1 2
18 56 4 1
18 58 1 7
18 63 9 7
18 64 1 1
18 65 5 10
18 66 5 2
18 67 6 4
18 68 9 6
18 69 9 5
18 70 4 9
18 71 1 7
18 72 6 3
18 73 10 7
18 74 8 10
18 76 2 10
18 77 10 1
18 78 9 4
18 79 4 6
18 80 9 9
18 81 5 2
18 84 6 8
18 85 2 1
18 86 7 7
18 87 4 5
18 88 10 9
18 89 1 9
18 90 5 6
18 91 4 3
18 92 7 3
18 93 9 5
18 94 3 4
18 96 2 1
18 97 1 1
18 98 9 1
18 99 9 8
19 20 5 3
19 21 6 4
19 22 2 1
19 23 8 10
19 24 7 4
19 25 3 1
19 27 2 2
19 28 1 10
19 29 3 4
19 30 6 8
19 31 4 4
19 32 5 3
19 33 6 1
19 35 4 7
19 37 7 9
19 38 2 1
19 39 10 2
19 40 10 1
19 41 4 8
19 42 9 4
19 43 6 1
19 44 6 6
19 45 1 9
19 47 6 9
19 49 5 2
19 50 9 1
19 51 4 8
19 52 5 8
19 53 4 7
19 55 10 9
19 56 6 2
19 57 3 4
19 58 5 8
19 59 9 10
19 60 2 3
19 61 7 4
19 62 5 10
19 63 10 7
19 65 7 4
19 66 9 10
19 68 7 6
19 69 10 4
19 70 4 3
19 71 5 7
19 72 8 10
19 73 6 1
19 75 3 1
19 77 8 8
19 78 10 8
19 79 1 2
19 80 4 3
19 81 8 1
19 82 2 8
19 83 6 2
19 84 5 3
19 85 4 5
19 86 9 10
19 87 8 3
19 88 8 10
19 89 9 8
19 90 1 3
19 91 7 3
19 93 5 10
19 94 6 6
19 96 4 10
19 97 1 9
19 98 6 3
20 21 6 1
20 22 4 10
20 23 8 6
20 25 9 1
20 27 10 4
20 28 10 6
20 29 3 4
20 30 2 6
20 31 6 4
20 32 4 7
20 33 5 2
20 36 10 1
20 37 1 5
20 38 7 4
20 39 3 4
20 40 6 5
20 41 8 2
20 42 7 2
20 43 8 4
20 44 3 10
20 45 9 6
20 46 10 6
20 47 9 7
20 49 3 8
20 50 7 4
20 51 3 3
20 52 7 7
20 53 5 3
20 55 2 1
20 56 4 9
20 57 4 1
20 58 2 1
20 59 10 3
20 60 6 7
20 62 7 10
20 63 2 4
20 64 3 2
20 65 9 7
20 66 6 7
20 67 7 5
20 70 6 3
20 71 6 9
20 72 9 5
20 73 8 3
20 75 4 4
20 77 1 2
20 78 6 6
20 79 1 1
20 81 9 4
20 84 6 8
20 85 4 10
20 87 10 4
20 89 3 10
20 90 1 8
20 91 3 5
20 92 7 6
20 93 5 5
20 94 4 5
20 95 1 7
20 96 9 9
20 97 9 10
20 99 7 8
20 100 5 2
21 22 3 2
21 23 1 7
21 24 6 7
21 25 4 8
21 26 4 4
21 27 5 4
21 31 10 4
21 34 3 8
21 36 2 1
21 37 5 5
21 38 7 1
21 39 3 3
21 41 9 10
21 42 1 8
21 45 5 7
21 46 10 10
21 47 1 4
21 48 4 9
21 49 1 10
21 50 2 8
21 51 2 2
21 52 10 9
21 53 7 2
21 54 6 9
21 55 3 5
21 56 5 2
21 57 4 4
21 59 6 8
21 60 9 5
21 61 4 9
21 62 8 4
21 63 10 4
21 64 2 9
21 65 10 5
21 66 5 7
21 67 2 6
21 68 2 5
21 69 2 6
21 70 6 6
21 71 7 1
21 72 3 2
21 73 6 2
21 74 9 6
21 75 3 3
21 76 10 9
21 77 8 6
21 78 5 10
21 79 1 1
21 80 7 6
21 81 1 7
21 82 1 9
21 83 4 7
21 84 8 5
21 86 5 4
21 87 2 6
21 88 1 9
21 90 5 10
21 91 9 2
21 92 9 5
21 93 9 2
21 94 1 8
21 95 2 5
21 96 9 9
21 97 2 8
21 99 1 1
21 100 10 7
22 23 9 7
22 25 3 8
22 26 6 4
22 27 9 9
22 28 1 10
22 29 1 10
22 30 3 3
22 31 9 3
22 32 10 3
22 33 8 5
22 34 6 2
22 35 8 1
22 36 9 5
22 37 7 4
22 38 5 7
22 39 7 1
22 40 4 4
22 42 7 9
22 43 3 5
22 44 4 7
22 45 7 3
22 46 2 8
22 47 10 9
22 48 4 7
22 50 4 10
22 51 2 2
22 52 7 4
22 54 1 6
22 55 8 7
22 56 7 4
22 57 4 9
22 60 2 10
22 61 5 6
22 62 8 4
22 63 2 7
22 64 10 1
22 68 5 4
22 69 6 8
22 70 3 10
22 71 8 4
22 72 10 5
22 73 3 4
22 75 2 5
22 76 6 9
22 78 7 6
22 79 5 10
22 80 2 8
22 81 1 1
22 82 5 1
22 83 7 10
22 84 10 7
22 85 9 2
22 87 4 8
22 88 9 1
22 89 2 7
22 90 1 4
22 91 1 2
22 94 4 2
22 95 1 6
22 96 6 10
23 24 8 7
23 25 8 3
23 26 7 7
23 27 3 10
23 29 10 7
23 30 1 10
23 31 3 2
23 32 1 2
23 33 6 2
23 34 8 1
23 35 5 9
23 36 5 6
23 37 9 1
23 38 2 6
23 39 2 5
23 40 3 8
23 41 3 6
23 43 4 6
23 44 2 10
23 45 5 1
23 46 6 10
23 47 9 9
23 48 5 5
23 49 9 9
23 50 4 3
23 52 8 6
23 54 5 3
23 55 4 4
23 56 4 5
23 59 6 4
23 60 3 2
23 61 8 6
23 62 9 6
23 63 5 2
23 64 5 1
23 66 7 3
23 67 4 3
23 68 3 6
23 69 5 1
23 70 3 8
23 71 6 9
23 72 7 8
23 73 7 1
23 74 8 5
23 75 3 3
23 76 4 9
23 77 2 8
23 78 3 8
23 79 9 7
23 80 2 10
23 81 3 7
23 82 4 8
23 84 3 5
23 85 1 9
23 86 2 10
23 87 10 9
23 88 4 3
23 89 4 3
23 92 7 8
23 93 8 8
23 94 3 2
23 95 5 10
23 96 10 1
23 97 5 3
23 98 7 8
23 99 8 10
23 100 5 4
24 25 3 8
24 26 9 3
24 27 7 3
24 29 4 9
24 30 1 1
24 32 7 3
24 33 5 3
24 34 4 2
24 35 9 2
24 36 9 2
24 38 7 6
24 39 5 4
24 40 9 9
24 42 1 9
24 43 2 7
24 44 5 7
24 45 2 5
24 48 3 2
24 49 1 6
24 50 10 7
24 51 6 7
24 53 2 4
24 54 9 3
24 55 5 2
24 58 6 6
24 59 1 8
24 60 6 8
24 61 8 4
24 62 6 9
24 63 9 2
24 64 5 10
24 65 6 3
24 66 10 4
24 67 5 7
24 68 4 4
24 69 1 8
24 70 9 9
24 71 4 6
24 72 6 6
24 73 9 4
24 74 7 10
24 76 1 9
24 77 10 9
24 78 2 7
24 79 10 5
24 80 1 6
24 81 6 4
24 82 6 8
24 84 1 8
24 85 2 1
24 86 8 10
24 87 10 8
24 88 7 4
24 89 8 10
24 90 2 7
24 91 9 6
24 92 7 8
24 93 7 1
24 94 2 6
24 95 9 10
24 96 3 10
24 97 8 1
24 99 3 9
24 100 9 3
25 26 5 7
25 28 2 2
25 29 5 2
25 31 2 3
25 32 5 7
25 33 7 9
25 34 10 7
25 35 3 2
25 36 7 3
25 37 10 5
25 38 4 5
25 40 10 6
25 41 6 4
25 42 4 3
25 44 1 8
25 45 5 9
25 46 10 3
25 47 7 10
25 48 10 8
25 49 10 9
25 50 3 9
25 51 3 3
25 52 4 5
25 53 2 4
25 54 2 10
25 55 7 3
25 56 1 8
25 58 2 3
25 59 5 2
25 60 5 8
25 61 1 5
25 62 10 1
25 63 5 5
25 65 5 4
25 66 5 3
25 67 10 7
25 68 5 7
25 69 3 9
25 71 7 3
25 73 4 10
25 74 8 2
25 75 4 1
25 76 2 10
25 78 10 10
25 79 5 7
25 80 8 3
25 81 9 2
25 83 5 7
25 84 1 5
25 85 8 5
25 86 7 9
25 87 8 8
25 88 10 3
25 89 4 6
25 90 4 1
25 91 4 10
25 92 2 7
25 93 3 10
25 94 7 7
25 95 3 2
25 96 7 2
25 98 5 5
25 99 4 3
25 100 8 1
26 27 2 4
26 33 8 1
26 34 10 5
26 35 5 6
26 38 3 10
26 39 10 8
26 40 8 1
26 41 4 5
26 42 1 8
26 43 4 2
26 44 9 8
26 46 2 9
26 47 1 4
26 49 1 3
26 50 10 6
26 51 6 6
26 52 10 6
26 53 3 7
26 54 3 10
26 55 2 1
26 56 2 9
26 57 8 9
26 58 10 3
26 59 2 5
26 60 3 1
26 62 7 3
26 65 9 1
26 66 1 7
26 67 1 4
26 68 5 8
26 69 10 10
26 70 7 5
26 74 6 10
26 75 5 6
26 76 1 1
26 78 10 6
26 79 5 8
26 80 7 6
26 82 1 6
26 83 3 7
26 85 5 6
26 87 7 7
26 88 4 1
26 89 6 7
26 90 3 6
26 92 9 8
26 93 3 7
26 94 10 3
26 95 3 3
26 96 9 2
26 97 6 6
26 98 4 10
26 99 8 9
26 100 9 1
27 28 5 5
27 29 8 5
27 30 8 1
27 31 9 7
27 32 2 3
27 33 3 4
27 34 4 5
27 35 8 10
27 36 7 7
27 37 8 5
27 39 5 6
27 40 2 8
27 42 7 5
27 43 7 2
27 44 5 5
27 45 2 9
27 46 9 6
27 47 8 3
27 48 5 10
27 49 2 6
27 50 9 7
27 51 2 10
27 52 2 3
27 53 1 5
27 54 2 10
27 55 9 10
27 56 5 8
27 57 1 5
27 58 5 2
27 59 4 4
27 60 6 10
27 61 8 5
27 62 10 4
27 63 8 9
27 64 10 8
27 65 10 8
27 66 1 1
27 67 5 2
27 68 5 10
27 69 4 6
27 70 3 9
27 71 6 6
27 72 3 2
27 73 8 7
27 74 6 3
27 75 8 2
27 76 1 9
27 77 9 5
27 78 4 3
27 79 7 2
27 80 7 7
27 81 3 4
27 82 5 8
27 83 1 8
27 84 2 2
27 85 3 4
27 86 4 10
27 87 8 1
27 89 3 4
27 92 5 4
27 93 8 3
27 94 3 1
27 95 1 2
27 97 1 7
27 99 7 7
27 100 8 10
28 29 2 9
28 30 7 4
28 31 9 7
28 32 8 4
28 34 2 3
28 36 5 5
28 38 10 2
28 39 9 4
28 40 7 10
28 42 5 5
28 43 4 7
28 45 8 10
28 46 2 9
28 47 5 2
28 48 6 2
28 49 3 2
28 50 10 7
28 52 8 1
28 53 4 8
28 54 9 3
28 55 2 9
28 56 10 10
28 57 9 9
28 58 9 4
28 59 7 3
28 60 2 4
28 61 9 5
28 62 8 4
28 63 3 5
28 64 4 5
28 65 2 4
28 66 10 5
28 67 6 8
28 68 10 10
28 70 3 8
28 71 2 6
28 72 3 5
28 76 8 9
28 77 8 8
28 78 9 3
28 79 4 9
28 80 4 10
28 81 2 7
28 82 7 6
28 83 10 2
28 84 10 8
28 85 9 7
28 86 1 10
28 87 3 5
28 88 10 2
28 92 2 1
28 95 2 4
28 97 4 8
28 98 5 10
28 99 2 9
28 100 5 3
29 30 3 7
29 31 1 6
29 33 4 8
29 34 10 5
29 35 10 4
29 36 3 9
29 37 3 7
29 38 3 9
29 39 10 4
29 42 3 2
29 44 2 10
29 45 3 2
29 46 6 5
29 47 1 7
29 48 9 2
29 49 3 7
29 50 8 5
29 51 7 3
29 52 4 6
29 53 2 10
29 54 7 7
29 55 9 8
29 57 4 2
29 59 7 2
29 60 3 2
29 61 8 2
29 62 4 4
29 63 6 2
29 64 6 9
29 66 4 1
29 67 2 8
29 68 2 10
29 69 2 9
29 70 4 9
29 72 4 3
29 73 9 10
29 74 9 8
29 75 8 6
29 76 7 9
29 77 1 5
29 79 6 3
29 80 3 9
29 81 1 6
29 82 4 6
29 85 8 10
29 86 2 9
29 87 6 2
29 88 9 5
29 89 10 5
29 90 5 9
29 91 9 1
29 93 8 2
29 94 8 3
29 95 3 4
29 96 9 10
29 97 8 10
29 98 7 10
29 100 1 8
30 32 8 9
30 33 9 6
30 34 1 8
30 35 2 5
30 36 6 6
30 37 8 5
30 38 4 9
30 39 3 5
30 41 9 5
30 42 1 1
30 43 2 7
30 44 3 10
30 45 8 1
30 47 1 1
30 48 8 1
30 49 2 2
30 51 3 10
30 53 5 1
30 54 9 4
30 55 7 5
30 56 4 1
30 57 3 2
30 58 2 9
30 59 4 9
30 60 6 1
30 61 5 7
30 62 7 5
30 64 2 3
30 65 6 2
30 66 3 8
30 67 1 3
30 68 1 5
30 69 7 3
30 70 9 2
30 71 9 7
30 72 9 2
30 73 5 6
30 74 8 9
30 75 7 7
30 77 8 9
30 78 7 6
30 79 8 5
30 80 4 2
30 81 10 9
30 82 7 10
30 83 4 8
30 84 10 5
30 85 6 1
30 86 10 3
30 88 3 1
30 89 2 2
30 91 6 3
30 92 2 5
30 93 8 9
30 94 6 8
30 95 9 1
30 96 4 8
30 97 2 7
30 98 10 4
30 99 3 9
30 100 5 2
31 32 2 9
31 33 8 8
31 34 9 2
31 35 10 7
31 36 8 4
31 37 5 4
31 38 3 4
31 39 1 10
31 40 4 2
31 41 3 2
31 42 7 6
31 44 5 9
31 45 10 2
31 46 3 3
31 49 10 4
31 51 8 6
31 53 4 6
31 54 3 6
31 58 6 8
31 59 3 2
31 60 2 6
31 61 10 1
31 62 6 7
31 63 5 8
31 65 4 8
31 66 3 2
31 67 4 8
31 68 7 7
31 69 5 2
31 70 1 4
31 71 10 4
31 73 5 9
31 74 7 4
31 75 3 1
31 76 9 2
31 78 3 1
31 79 4 5
31 80 7 1
31 81 9 8
31 83 4 8
31 84 6 4
31 85 1 4
31 86 2 4
31 89 10 5
31 90 5 6
31 91 8 2
31 92 10 2
31 93 10 7
31 94 5 8
31 95 6 4
31 96 8 9
31 97 8 9
31 98 2 9
31 99 3 3
32 33 3 5
32 34 9 8
32 35 9 8
32 36 3 10
32 39 5 1
32 40 8 2
32 41 10 8
32 42 8 1
32 43 3 3
32 45 5 4
32 46 1 1
32 47 8 9
32 48 7 9
32 49 3 3
32 51 7 10
32 52 1 5
32 54 1 1
32 55 9 5
32 56 7 5
32 57 1 4
32 58 7 5
32 60 1 3
32 61 5 8
32 62 8 1
32 63 10 1
32 64 9 8
32 65 1 2
32 66 4 3
32 67 4 7
32 69 2 1
32 70 5 7
32 71 2 5
32 72 1 2
32 73 3 8
32 74 8 3
32 75 1 9
32 76 5 3
32 77 7 9
32 78 7 4
32 79 5 5
32 80 7 7
32 81 2 5
32 82 2 7
32 83 6 6
32 84 2 6
32 85 9 5
32 87 3 7
32 89 8 1
32 90 4 1
32 91 8 6
32 92 6 8
32 93 6 9
32 95 10 10
32 96 2 7
32 97 7 3
32 98 9 10
32 100 10 2
33 35 6 9
33 36 2 2
33 37 5 3
33 38 3 10
33 39 2 2
33 40 10 4
33 42 3 8
33 43 6 6
33 45 5 2
33 46 4 3
33 47 6 8
33 48 7 3
33 49 5 6
33 50 3 9
33 52 4 9
33 53 2 4
33 54 3 4
33 58 1 10
33 59 1 9
33 61 5 4
33 62 10 4
33 63 10 8
33 64 4 6
33 65 5 1
33 66 3 8
33 68 6 2
33 69 4 3
33 70 3 6
33 71 6 10
33 73 10 8
33 74 2 1
33 75 7 1
33 76 10 8
33 77 3 3
33 78 8 7
33 79 2 8
33 80 6 5
33 81 9 8
33 82 3 6
33 83 9 7
33 84 3 6
33 85 6 8
33 86 10 10
33 87 5 6
33 88 4 8
33 89 5 3
33 90 8 7
33 91 10 3
33 92 2 5
33 93 2 3
33 94 9 8
33 96 9 2
33 98 2 4
33 99 10 4
33 100 2 9
34 35 2 4
34 36 1 7
34 37 10 5
34 38 10 6
34 39 1 6
34 40 3 9
34 41 8 4
34 42 8 10
34 43 2 2
34 44 7 2
34 47 4 9
34 48 6 4
34 49 6 10
34 50 1 6
34 51 10 3
34 53 2 10
34 54 10 1
34 55 4 8
34 57 8 2
34 58 9 8
34 59 9 4
34 60 5 10
34 62 2 7
34 63 8 2
34 64 6 1
34 65 3 10
34 67 9 2
34 68 6 10
34 69 4 9
34 70 9 1
34 71 1 3
34 72 6 4
34 73 6 2
34 74 4 5
34 75 1 3
34 76 1 4
34 77 9 3
34 78 8 10
34 79 4 7
34 81 5 1
34 82 3 1
34 83 9 2
34 84 6 3
34 85 6 8
34 87 9 5
34 88 1 6
34 89 2 10
34 90 5 3
34 91 9 10
34 92 1 2
34 93 5 9
34 94 1 5
34 95 4 3
34 96 1 1
34 99 10 4
34 100 9 10
35 36 7 1
35 37 10 9
35 38 9 9
35 39 2 7
35 40 1 2
35 41 8 4
35 43 10 5
35 44 2 4
35 45 1 6
35 47 7 2
35 48 4 10
35 49 9 5
35 50 2 8
35 51 1 3
35 52 5 5
35 53 10 9
35 54 10 1
35 55 5 9
35 56 4 4
35 57 9 10
35 58 8 3
35 59 9 5
35 60 4 9
35 61 4 3
35 62 10 4
35 63 1 10
35 64 4 7
35 66 4 4
35 67 2 10
35 68 5 10
35 70 7 6
35 71 7 7
35 72 5 6
35 73 4 6
35 74 5 5
35 77 8 4
35 78 3 10
35 79 10 3
35 81 10 10
35 83 5 1
35 84 4 10
35 85 7 5
35 86 6 10
35 87 10 8
35 89 8 9
35 90 1 8
35 91 1 10
35 92 10 8
35 95 3 6
35 96 4 2
35 97 4 7
35 98 10 10
35 99 3 4
35 100 2 1
36 37 3 4
36 38 8 10
36 40 9 1
36 41 7 10
36 43 2 3
36 44 3 7
36 45 1 7
36 46 6 4
36 47 8 6
36 48 1 5
36 49 8 5
36 50 7 8
36 51 8 9
36 52 7 10
36 53 8 2
36 54 1 5
36 55 3 10
36 56 7 10
36 57 1 6
36 58 1 4
36 59 9 2
36 62 6 10
36 63 4 7
36 64 4 1
36 65 9 10
36 66 2 6
36 67 5 4
36 68 6 8
36 69 9 6
36 70 6 5
36 72 9 10
36 73 8 9
36 75 9 2
36 76 1 8
36 77 9 5
36 79 10 8
36 80 9 2
36 81 10 2
36 82 2 10
36 83 9 1
36 84 2 3
36 85 9 1
36 86 3 4
36 87 1 10
36 88 8 3
36 89 4 8
36 90 7 10
36 91 1 1
36 92 4 10
36 93 8 6
36 94 3 3
36 95 3 9
36 97 9 9
36 99 5 5
37 39 9 2
37 40 5 6
37 41 9 7
37 42 8 1
37 43 2 3
37 44 2 6
37 46 4 2
37 47 2 1
37 48 3 2
37 50 8 2
37 51 6 8
37 53 3 7
37 54 2 9
37 55 1 2
37 56 9 1
37 57 7 1
37 58 1 4
37 59 6 8
37 60 9 8
37 61 9 10
37 62 8 5
37 63 7 5
37 64 6 3
37 65 3 7
37 66 4 8
37 67 9 10
37 68 6 5
37 70 6 5
37 71 1 8
37 73 6 10
37 74 8 6
37 76 9 2
37 77 5 4
37 78 7 2
37 79 10 6
37 80 9 9
37 82 7 1
37 83 3 8
37 84 1 5
37 85 3 6
37 86 2 5
37 88 10 5
37 89 10 9
37 90 7 2
37 91 2 8
37 92 7 4
37 93 3 8
37 94 10 7
37 97 5 3
37 98 10 3
37 99 2 6
37 100 4 9
38 40 8 4
38 41 7 3
38 42 10 4
38 43 2 9
38 45 8 4
38 46 1 8
38 47 7 4
38 48 5 3
38 49 2 3
38 50 5 4
38 51 10 5
38 53 3 1
38 55 9 9
38 56 6 6
38 57 3 10
38 59 10 2
38 60 7 1
38 61 9 8
38 62 7 5
38 63 9 9
38 64 8 8
38 66 10 3
38 68 2 7
38 69 4 1
38 70 8 2
38 71 9 8
38 72 10 4
38 73 6 6
38 74 1 8
38 76 4 3
38 78 5 3
38 81 5 2
38 82 8 1
38 84 9 2
38 85 7 10
38 86 5 2
38 87 4 5
38 88 6 1
38 89 9 7
38 91 10 3
38 93 6 4
38 94 1 4
38 96 2 5
38 97 10 8
38 98 5 8
38 99 3 8
38 100 9 3
39 40 3 10
39 41 2 7
39 42 6 4
39 43 5 8
39 45 3 10
39 46 3 8
39 47 6 7
39 48 1 10
39 49 6 9
39 50 10 10
39 51 9 6
39 52 4 9
39 53 3 7
39 54 2 6
39 55 2 7
39 56 1 3
39 57 6 10
39 59 6 6
39 60 6 7
39 61 6 4
39 62 4 3
39 63 10 7
39 64 10 6
39 65 4 9
39 66 3 3
39 67 4 5
39 70 5 6
39 72 2 2
39 73 4 9
39 77 5 2
39 80 5 10
39 81 10 10
39 82 5 8
39 83 8 5
39 84 8 7
39 85 10 10
39 86 10 7
39 87 9 7
39 88 8 6
39 90 7 5
39 91 1 4
39 93 10 8
39 94 2 3
39 95 1 7
39 98 1 10
39 99 5 3
39 100 3 1
40 41 2 3
40 42 10 4
40 43 5 9
40 44 2 9
40 45 2 9
40 46 1 1
40 47 7 3
40 48 1 2
40 49 2 10
40 50 5 1
40 51 9 5
40 52 8 8
40 53 3 3
40 54 3 9
40 55 5 6
40 56 4 8
40 57 5 1
40 58 1 3
40 59 6 1
40 60 7 8
40 61 5 1
40 62 10 8
40 63 5 9
40 64 8 4
40 65 1 6
40 67 2 3
40 68 6 2
40 69 3 5
40 70 7 4
40 71 9 4
40 72 7 6
40 73 2 10
40 76 2 2
40 78 1 1
40 79 6 8
40 80 9 10
40 83 5 3
40 84 2 5
40 85 7 4
40 86 10 2
40 87 3 7
40 88 2 8
40 89 9 7
40 90 6 9
40 92 7 8
40 94 2 4
40 95 7 9
40 96 1 2
40 97 7 2
40 98 3 10
40 99 10 2
40 100 8 7
41 43 2 6
41 44 6 4
41 45 8 6
41 47 6 2
41 48 6 1
41 49 10 6
41 50 10 8
41 52 1 7
41 53 2 1
41 54 3 8
41 55 5 6
41 56 5 3
41 57 8 2
41 58 5 3
41 60 9 10
41 61 4 9
41 62 7 2
41 63 6 8
41 64 7 4
41 65 10 4
41 66 1 2
41 67 8 2
41 68 6 8
41 70 5 7
41 71 10 6
41 72 9 2
41 73 8 9
41 74 4 7
41 76 7 3
41 78 3 1
41 79 4 9
41 80 1 9
41 83 4 1
41 84 9 4
41 85 3 3
41 86 1 2
41 87 10 4
41 88 5 9
41 89 2 4
41 90 7 4
41 91 4 10
41 92 6 8
41 93 9 9
41 95 7 10
41 96 8 8
41 97 10 7
41 98 10 7
41 100 6 5
42 43 5 3
42 44 10 10
42 45 7 7
42 46 10 8
42 47 7 4
42 48 3 5
42 49 1 3
42 50 6 6
42 51 8 10
42 53 9 6
42 54 2 6
42 55 6 5
42 56 5 3
42 57 6 1
42 58 8 2
42 59 5 1
42 61 2 10
42 62 8 10
42 63 3 8
42 64 10 2
42 65 3 1
42 68 1 6
42 69 10 10
42 70 5 10
42 71 7 8
42 73 9 6
42 74 5 5
42 75 6 5
42 76 7 10
42 77 6 7
42 78 10 1
42 79 5 4
42 80 10 5
42 81 4 10
42 82 10 8
42 84 10 7
42 85 3 10
42 86 10 2
42 87 10 9
42 88 7 9
42 89 10 7
42 90 2 8
42 91 9 1
42 92 7 5
42 94 5 8
42 95 10 9
42 96 7 6
42 98 8 6
43 44 9 5
43 45 3 3
43 46 4 5
43 47 3 2
43 48 6 9
43 49 4 6
43 50 10 4
43 51 6 6
43 52 1 4
43 54 3 3
43 55 8 10
43 56 7 2
43 58 3 4
43 59 5 9
43 60 1 6
43 62 2 2
43 63 4 8
43 64 6 9
43 66 3 1
43 67 6 1
43 68 9 3
43 69 9 9
43 70 5 6
43 71 3 1
43 73 2 2
43 74 2 9
43 76 3 5
43 77 5 4
43 78 10 4
43 82 10 9
43 83 5 6
43 84 5 3
43 86 6 10
43 87 9 9
43 89 3 5
43 90 7 7
43 91 4 2
43 92 6 6
43 94 7 10
43 96 4 3
43 97 10 2
43 98 1 8
43 100 7 5
44 46 2 3
44 47 8 2
44 48 5 9
44 49 7 10
44 50 5 5
44 51 5 3
44 52 1 8
44 54 3 3
44 55 2 4
44 57 1 8
44 58 6 3
44 59 5 10
44 60 6 5
44 61 7 7
44 62 10 7
44 63 10 9
44 64 4 6
44 65 8 8
44 66 6 4
44 67 2 7
44 68 2 6
44 69 5 8
44 70 3 8
44 72 5 2
44 73 4 3
44 74 8 1
44 77 7 10
44 78 4 6
44 79 6 2
44 81 8 2
44 83 7 5
44 84 6 9
44 85 2 5
44 86 4 8
44 87 3 5
44 88 2 9
44 89 3 10
44 90 8 4
44 91 9 5
44 92 2 4
44 94 5 5
44 96 6 9
44 97 2 2
44 98 9 5
44 100 4 2
45 46 6 9
45 47 9 9
45 50 3 5
45 52 5 3
45 53 6 1
45 54 5 1
45 55 6 8
45 56 3 7
45 57 1 9
45 59 3 5
45 60 8 4
45 61 10 9
45 62 8 8
45 64 7 8
45 65 6 4
45 66 7 9
45 67 6 9
45 68 2 10
45 69 9 9
45 70 9 4
45 71 7 9
45 72 5 10
45 76 2 4
45 78 1 7
45 79 10 4
45 80 10 10
45 81 8 5
45 82 5 2
45 84 6 10
45 86 8 3
45 87 2 8
45 88 9 7
45 89 1 9
45 90 10 3
45 92 4 8
45 93 4 1
45 95 1 7
45 96 2 6
45 97 1 3
45 98 2 9
45 99 7 4
45 100 3 2
46 47 2 3
46 48 5 5
46 49 6 2
46 50 4 5
46 51 3 7
46 52 8 5
46 54 7 5
46 56 10 2
46 57 6 5
46 58 2 5
46 59 6 2
46 60 8 10
46 61 10 5
46 62 8 7
46 63 1 3
46 64 4 6
46 67 9 6
46 69 5 1
46 73 8 5
46 74 4 9
46 75 6 10
46 76 8 2
46 77 4 2
46 78 4 7
46 79 7 6
46 82 6 8
46 83 9 2
46 84 9 5
46 85 10 8
46 87 10 9
46 88 7 5
46 89 7 7
46 90 1 10
46 91 3 4
46 92 6 5
46 93 4 8
46 95 10 2
46 96 8 6
46 97 9 4
46 99 9 2
46 100 5 10
47 48 5 8
47 49 10 6
47 50 9 6
47 51 5 5
47 52 1 4
47 53 10 1
47 55 1 6
47 56 9 5
47 58 4 10
47 59 4 3
47 60 7 3
47 61 6 9
47 62 4 8
47 63 8 8
47 65 8 5
47 66 2 1
47 67 2 8
47 69 10 9
47 71 9 8
47 72 2 9
47 73 1 4
47 74 7 9
47 75 1 5
47 76 8 5
47 77 2 1
47 79 7 5
47 80 10 2
47 82 5 3
47 83 4 6
47 84 2 10
47 85 5 8
47 86 9 5
47 87 2 3
47 88 2 5
47 89 3 2
47 90 10 9
47 91 10 2
47 92 3 10
47 93 3 10
47 94 6 3
47 95 2 9
47 96 2 7
47 97 9 4
47 98 4 6
47 99 4 9
47 100 9 2
48 51 6 8
48 52 4 9
48 53 2 9
48 54 2 8
48 55 10 4
48 57 6 2
48 58 7 1
48 59 4 6
48 60 5 6
48 64 10 9
48 65 4 2
48 66 9 8
48 68 8 8
48 69 8 9
48 70 3 2
48 71 8 6
48 72 6 1
48 73 10 4
48 75 8 8
48 76 3 2
48 77 2 8
48 78 9 6
48 79 9 9
48 80 10 8
48 81 2 7
48 82 2 10
48 83 10 5
48 84 4 6
48 85 3 9
48 86 2 6
48 87 10 9
48 88 9 5
48 89 6 2
48 90 1 1
48 93 10 6
48 94 10 8
48 95 5 8
48 96 9 2
48 98 9 10
48 99 10 3
48 100 1 2
49 50 6 9
49 51 6 2
49 52 4 10
49 53 1 2
49 54 3 7
49 55 8 1
49 56 3 5
49 57 7 3
49 59 2 3
49 60 8 9
49 61 2 7
49 62 6 4
49 63 5 5
49 64 7 8
49 66 8 8
49 67 10 2
49 68 8 10
49 69 8 10
49 70 2 6
49 72 7 3
49 73 4 1
49 74 9 8
49 75 9 9
49 77 2 10
49 78 2 4
49 79 2 3
49 80 9 1
49 81 9 6
49 83 4 7
49 84 8 5
49 85 1 2
49 86 9 7
49 87 6 2
49 88 9 10
49 89 3 5
49 90 2 1
49 91 8 7
49 92 5 8
49 95 7 8
49 96 9 8
49 97 10 9
49 98 6 9
49 99 4 5
49 100 8 7
50 51 6 7
50 52 6 7
50 53 7 4
50 54 8 6
50 55 4 6
50 56 9 7
50 58 2 8
50 59 4 5
50 60 8 6
50 62 9 8
50 63 2 9
50 64 6 9
50 65 4 1
50 66 1 10
50 67 7 6
50 69 7 5
50 70 9 10
50 71 9 1
50 72 2 3
50 73 6 2
50 74 2 8
50 75 3 6
50 76 2 4
50 78 4 9
50 79 3 7
50 80 7 7
50 82 3 7
50 83 2 4
50 84 7 9
50 85 7 1
50 87 2 1
50 89 1 6
50 92 6 8
50 93 2 8
50 95 7 7
50 97 7 10
50 98 7 2
50 99 5 9
50 100 10 4
51 52 6 7
51 53 7 8
51 54 2 5
51 55 6 5
51 56 4 7
51 57 5 8
51 58 6 5
51 59 10 7
51 61 6 5
51 63 4 8
51 66 8 10
51 67 5 8
51 68 1 10
51 69 2 3
51 70 1 4
51 71 7 8
51 73 9 2
51 74 10 4
51 76 7 3
51 77 8 6
51 78 10 5
51 79 2 5
51 80 2 2
51 81 7 1
51 82 3 6
51 83 2 1
51 84 10 2
51 85 4 3
51 87 2 8
51 88 9 5
51 89 3 7
51 91 10 6
51 92 7 6
51 93 6 2
51 94 2 2
51 96 3 1
51 97 9 6
51 98 8 7
52 53 7 6
52 54 1 10
52 55 6 4
52 57 3 3
52 58 3 7
52 59 6 7
52 60 10 9
52 61 7 4
52 62 9 9
52 63 4 2
52 64 6 8
52 66 7 7
52 67 3 3
52 68 7 2
52 69 10 9
52 70 1 2
52 71 1 5
52 73 7 5
52 75 3 5
52 76 3 4
52 77 3 3
52 78 5 1
52 79 8 7
52 80 10 1
52 81 6 7
52 83 10 2
52 84 5 9
52 85 4 2
52 86 3 2
52 87 6 3
52 88 7 5
52 89 1 4
52 90 8 9
52 91 10 1
52 92 5 1
52 94 1 9
52 96 2 7
52 97 9 2
52 98 7 9
52 99 5 4
53 54 3 1
53 55 8 10
53 56 1 7
53 57 2 1
53 58 9 8
53 59 5 7
53 61 6 1
53 62 1 6
53 64 1 9
53 65 9 2
53 66 5 7
53 67 10 1
53 68 1 10
53 69 1 6
53 70 2 10
53 71 8 9
53 72 6 10
53 73 6 8
53 74 8 1
53 75 7 5
53 76 3 6
53 78 3 2
53 79 1 8
53 80 4 1
53 81 9 5
53 86 3 5
53 87 10 3
53 88 4 1
53 89 8 2
53 91 10 5
53 92 2 6
53 93 10 9
53 94 2 7
53 96 10 7
53 98 3 8
53 99 8 10
54 55 9 4
54 57 8 3
54 59 10 1
54 60 1 4
54 62 6 5
54 63 6 6
54 64 8 3
54 65 10 7
54 66 7 10
54 67 8 4
54 68 7 1
54 69 3 5
54 70 4 4
54 71 5 9
54 72 7 8
54 73 2 6
54 74 2 8
54 75 1 3
54 76 4 5
54 78 7 6
54 79 7 2
54 80 10 8
54 81 8 1
54 82 5 2
54 83 2 3
54 84 9 1
54 85 4 1
54 86 7 5
54 88 7 2
54 89 8 1
54 90 2 10
54 91 6 7
54 92 8 3
54 93 4 2
54 94 1 1
54 95 2 10
54 97 6 7
54 98 8 4
54 99 8 7
54 100 6 9
55 56 5 6
55 58 1 2
55 59 4 2
55 60 7 3
55 61 4 1
55 62 10 5
55 63 5 6
55 65 2 9
55 67 7 1
55 68 5 6
55 69 1 2
55 71 2 1
55 72 8 5
55 73 1 7
55 74 9 1
55 75 10 7
55 76 4 8
55 77 7 3
55 79 5 2
55 80 1 7
55 81 4 5
55 82 4 1
55 83 8 4
55 84 8 10
55 85 6 4
55 86 9 2
55 88 8 5
55 89 4 4
55 90 4 2
55 91 5 8
55 92 6 7
55 93 2 4
55 94 1 4
55 95 10 8
55 96 9 5
55 97 5 7
55 98 9 3
55 99 6 6
55 100 6 8
56 57 2 5
56 58 9 5
56 60 9 3
56 61 7 5
56 62 4 6
56 63 9 3
56 64 6 8
56 65 1 9
56 66 2 8
56 67 8 8
56 68 7 6
56 69 7 1
56 71 8 10
56 72 6 6
56 75 9 4
56 76 8 1
56 77 7 8
56 79 4 1
56 82 9 4
56 84 2 4
56 85 8 6
56 87 5 2
56 88 9 2
56 90 5 3
56 91 2 5
56 92 3 2
56 93 9 7
56 94 2 9
56 95 2 9
56 96 7 9
56 97 5 2
56 98 1 3
56 100 8 4
57 58 3 5
57 60 2 3
57 61 4 2
57 63 6 1
57 64 5 4
57 65 2 6
57 66 6 8
57 67 2 4
57 68 7 6
57 69 10 9
57 70 3 6
57 72 5 9
57 73 8 7
57 74 1 5
57 75 1 10
57 76 7 1
57 78 1 1
57 79 5 8
57 80 3 6
57 82 8 3
57 83 9 9
57 84 3 5
57 85 5 10
57 87 2 5
57 90 6 3
57 92 3 5
57 94 7 10
57 95 10 6
57 98 10 1
57 99 6 8
57 100 5 5
58 59 2 5
58 60 7 2
58 61 5 9
58 62 1 8
58 63 2 7
58 64 9 8
58 65 3 7
58 66 3 6
58 68 7 6
58 70 8 5
58 71 3 6
58 72 4 5
58 73 3 5
58 74 3 3
58 75 9 8
58 80 7 5
58 81 3 8
58 82 6 4
58 83 5 3
58 84 9 6
58 85 9 1
58 86 6 6
58 87 10 3
58 88 10 4
58 89 1 2
58 90 10 10
58 91 10 2
58 92 8 2
58 93 3 9
58 94 4 9
58 95 10 6
58 96 10 7
58 97 8 10
58 98 2 10
58 99 5 2
58 100 7 6
59 60 6 8
59 61 3 5
59 62 6 4
59 63 10 2
59 65 7 3
59 66 1 1
59 67 3 5
59 68 4 10
59 69 3 8
59 70 4 9
59 72 1 2
59 74 4 10
59 75 9 8
59 76 3 1
59 77 5 2
59 79 4 8
59 80 6 4
59 81 7 9
59 82 7 8
59 83 5 5
59 84 2 2
59 85 4 3
59 87 3 8
59 88 4 10
59 89 5 8
59 90 7 7
59 91 8 8
59 93 8 8
59 94 4 9
59 95 6 2
59 96 10 4
59 97 6 2
59 99 4 1
59 100 4 1
60 61 3 6
60 62 7 6
60 63 2 10
60 64 10 3
60 66 6 2
60 70 10 4
60 73 6 3
60 74 4 7
60 75 3 7
60 76 6 9
60 77 5 1
60 78 2 6
60 80 3 1
60 82 8 6
60 84 2 9
60 85 4 10
60 87 10 1
60 88 7 8
60 89 8 6
60 91 10 3
60 93 6 9
60 94 7 1
60 96 3 2
60 97 7 1
60 100 2 4
61 62 9 10
61 63 7 2
61 64 9 7
61 65 10 10
61 66 2 3
61 68 10 4
61 69 7 6
61 70 6 10
61 71 7 7
61 72 2 3
61 73 8 9
61 75 4 7
61 76 7 3
61 77 5 9
61 81 4 1
61 82 3 7
61 84 7 7
61 85 8 2
61 86 4 3
61 87 2 5
61 89 4 6
61 90 10 6
61 91 4 8
61 92 3 2
61 94 9 2
61 95 3 6
61 97 1 9
61 98 6 7
61 100 1 8
62 63 1 2
62 64 8 7
62 65 4 10
62 67 2 8
62 68 8 5
62 69 4 3
62 70 3 6
62 72 2 6
62 73 5 3
62 74 6 4
62 75 9 5
62 76 6 5
62 77 2 5
62 79 3 1
62 81 2 3
62 83 6 10
62 84 1 3
62 85 6 8
62 86 5 10
62 87 4 7
62 88 8 2
62 89 10 3
62 90 10 2
62 91 10 5
62 92 5 1
62 93 2 3
62 94 3 6
62 95 10 3
62 96 6 4
62 97 1 3
62 98 4 5
62 99 9 2
63 64 4 7
63 68 4 8
63 69 10 8
63 70 2 4
63 71 5 10
63 72 5 9
63 73 9 7
63 74 9 3
63 75 5 6
63 76 9 5
63 77 2 7
63 78 10 5
63 79 7 7
63 81 9 4
63 82 10 3
63 85 1 7
63 86 10 3
63 87 1 1
63 88 8 8
63 89 4 9
63 90 4 4
63 93 10 10
63 94 7 7
63 95 4 8
63 96 2 1
63 97 3 5
63 98 7 2
63 100 8 2
64 65 5 6
64 66 2 10
64 67 1 4
64 69 7 3
64 70 2 3
64 71 1 4
64 72 10 1
64 73 3 8
64 74 8 10
64 75 6 5
64 76 8 6
64 77 9 8
64 79 10 9
64 81 1 7
64 82 10 2
64 83 1 3
64 84 10 9
64 85 4 9
64 88 4 10
64 89 9 10
64 90 1 5
64 91 4 3
64 94 10 9
64 95 3 4
64 96 7 3
64 97 4 3
64 98 10 8
64 99 7 2
64 100 10 3
65 66 6 8
65 67 1 2
65 68 6 8
65 70 2 1
65 72 8 6
65 73 3 8
65 74 1 4
65 76 2 2
65 77 9 4
65 78 1 1
65 79 1 2
65 81 10 2
65 82 7 4
65 83 4 10
65 84 4 8
65 85 6 10
65 86 6 5
65 87 8 1
65 89 5 8
65 91 8 1
65 92 4 3
65 94 5 8
65 95 9 5
65 97 6 4
65 98 6 3
65 99 8 7
66 67 10 3
66 69 10 8
66 70 5 2
66 71 2 7
66 72 4 5
66 73 8 8
66 74 6 3
66 75 1 5
66 76 3 8
66 77 7 9
66 78 5 7
66 79 9 3
66 80 5 2
66 81 10 5
66 82 9 8
66 83 8 9
66 84 8 8
66 85 7 3
66 86 5 4
66 87 1 9
66 88 10 10
66 89 8 4
66 90 7 6
66 92 6 1
66 93 6 10
66 94 8 10
66 95 7 4
66 96 3 6
66 97 1 6
66 98 10 4
66 99 8 3
66 100 2 3
67 68 10 5
67 70 2 9
67 71 6 4
67 72 10 6
67 73 8 8
67 74 6 7
67 75 2 9
67 76 4 10
67 77 9 5
67 79 6 8
67 80 2 4
67 81 7 1
67 82 6 1
67 84 8 2
67 85 3 8
67 86 9 5
67 87 6 2
67 88 1 2
67 90 8 5
67 91 3 3
67 93 6 2
67 95 5 9
67 96 8 4
67 97 10 4
67 98 8 9
67 99 7 5
67 100 6 3
68 70 1 1
68 71 7 1
68 72 8 8
68 73 9 8
68 74 3 9
68 75 5 1
68 76 2 3
68 79 3 3
68 80 10 5
68 81 6 7
68 82 3 2
68 83 8 9
68 84 4 9
68 85 10 3
68 86 8 4
68 88 4 8
68 89 3 4
68 90 6 6
68 92 2 2
68 93 9 6
68 94 8 3
68 95 10 4
68 96 4 9
68 98 6 8
68 99 5 2
68 100 4 9
69 70 6 1
69 71 10 4
69 72 2 6
69 73 2 1
69 74 6 10
69 75 9 7
69 76 9 8
69 77 7 1
69 79 7 2
69 80 8 5
69 81 1 8
69 82 2 4
69 83 6 5
69 84 9 7
69 86 4 10
69 87 2 8
69 88 9 5
69 89 9 4
69 90 6 10
69 92 7 3
69 93 6 4
69 96 5 2
69 97 8 7
69 98 9 1
69 99 2 7
69 100 8 2
70 71 7 1
70 72 3 9
70 73 9 8
70 75 6 10
70 77 5 4
70 78 6 5
70 79 1 10
70 80 7 6
70 81 10 10
70 82 9 1
70 83 4 8
70 84 2 8
70 85 6 3
70 86 4 3
70 87 10 2
70 88 1 5
70 89 2 6
70 90 10 8
70 92 8 9
70 93 8 7
70 94 4 6
70 97 2 9
70 98 3 8
70 99 1 1
70 100 2 1
71 72 2 5
71 73 2 8
71 74 6 9
71 75 10 5
71 76 10 3
71 77 1 1
71 78 5 3
71 79 2 10
71 80 10 7
71 81 1 2
71 83 2 4
71 84 6 3
71 85 1 9
71 86 10 7
71 87 2 10
71 88 1 8
71 89 1 6
71 91 3 8
71 92 3 4
71 94 8 10
71 95 7 6
71 96 2 4
71 97 5 2
71 98 9 7
71 99 9 9
71 100 8 5
72 73 10 7
72 74 3 8
72 75 10 6
72 76 3 10
72 77 1 1
72 79 2 3
72 80 5 9
72 81 9 2
72 82 2 5
72 83 2 9
72 84 4 8
72 85 9 5
72 86 4 5
72 87 8 6
72 88 6 7
72 90 4 6
72 91 6 3
72 93 8 10
72 95 4 6
72 96 8 6
72 97 9 6
72 98 1 1
72 99 8 3
73 74 10 2
73 75 6 5
73 76 7 3
73 77 1 7
73 78 3 9
73 80 3 3
73 81 10 6
73 82 5 6
73 85 3 8
73 86 3 1
73 87 5 3
73 88 2 2
73 89 5 8
73 90 8 5
73 91 1 10
73 92 2 4
73 93 1 6
73 94 2 6
73 95 8 1
73 98 3 9
73 100 10 8
74 75 3 2
74 76 8 5
74 78 6 9
74 79 10 9
74 80 5 6
74 82 3 9
74 83 6 3
74 84 9 10
74 85 6 4
74 88 6 9
74 89 7 4
74 90 9 5
74 91 4 4
74 92 4 4
74 93 8 3
74 94 5 1
74 96 3 9
74 98 9 6
74 99 3 10
74 100 8 10
75 76 1 4
75 77 3 8
75 78 3 7
75 79 1 4
75 80 7 6
75 81 10 2
75 82 10 1
75 83 6 8
75 85 9 2
75 86 2 3
75 87 8 4
75 88 1 5
75 89 9 5
75 91 6 3
75 92 1 10
75 93 2 9
75 94 10 5
75 95 1 2
75 96 1 7
75 98 3 4
75 100 10 3
76 77 6 9
76 78 9 3
76 80 5 6
76 81 8 5
76 82 3 9
76 83 2 5
76 84 10 2
76 85 1 6
76 86 8 4
76 87 10 4
76 88 9 2
76 89 2 1
76 90 7 9
76 91 5 1
76 92 8 1
76 93 7 9
76 94 10 5
76 95 8 7
76 96 3 7
76 97 7 2
76 98 10 4
76 99 8 7
76 100 7 2
77 78 4 6
77 79 5 4
77 80 5 3
77 82 7 9
77 83 6 6
77 84 8 8
77 85 3 8
77 86 7 5
77 88 3 4
77 89 1 2
77 90 4 6
77 92 3 6
77 93 8 4
77 95 10 6
77 97 9 10
77 98 5 1
78 79 6 9
78 80 9 9
78 82 4 6
78 83 2 6
78 84 10 9
78 86 2 3
78 87 9 10
78 88 3 4
78 89 8 6
78 90 9 8
78 91 8 10
78 93 5 1
78 94 2 5
78 97 10 7
78 99 7 5
78 100 1 6
79 80 9 6
79 81 9 4
79 82 3 5
79 83 2 10
79 84 10 8
79 85 1 1
79 87 8 3
79 88 7 2
79 89 8 3
79 91 4 10
79 92 5 9
79 94 7 9
79 95 2 2
79 96 4 1
79 97 9 4
79 98 6 1
79 99 3 7
79 100 3 9
80 83 5 10
80 84 5 8
80 85 2 3
80 87 1 5
80 88 3 8
80 90 7 6
80 93 2 1
80 94 9 10
80 95 5 1
80 96 2 5
80 99 4 6
80 100 4 3
81 82 9 5
81 83 3 10
81 84 9 1
81 85 7 3
81 86 8 6
81 87 6 2
81 90 1 10
81 91 4 8
81 92 1 10
81 94 1 5
81 95 3 4
81 97 9 1
81 98 1 7
81 100 8 3
82 83 9 2
82 84 8 9
82 86 10 8
82 87 7 1
82 88 10 6
82 89 7 1
82 93 6 3
82 94 7 7
82 95 6 2
82 96 3 10
82 98 9 7
82 99 3 6
82 100 1 4
83 84 7 9
83 85 1 6
83 86 7 1
83 87 7 4
83 90 8 10
83 91 10 3
83 93 5 1
83 94 6 4
83 95 1 3
83 96 6 1
83 97 3 4
83 99 5 9
83 100 1 2
84 85 7 4
84 86 2 10
84 88 4 7
84 89 1 6
84 90 1 8
84 91 6 7
84 92 6 6
84 94 8 5
84 95 3 3
84 97 8 1
84 99 4 5
84 100 1 10
85 87 7 8
85 88 5 5
85 89 10 7
85 90 5 3
85 91 5 8
85 92 2 1
85 94 8 5
85 95 4 6
85 96 4 10
85 97 7 6
85 98 6 4
85 99 5 9
85 100 8 8
86 88 10 8
86 89 7 5
86 90 1 1
86 91 4 2
86 93 2 8
86 95 10 3
86 96 8 9
86 97 1 4
86 98 5 4
86 99 9 7
86 100 3 7
87 89 8 5
87 90 8 8
87 91 8 7
87 92 4 1
87 93 7 2
87 94 5 9
87 95 1 7
87 96 10 7
87 97 7 6
87 99 4 8
87 100 7 6
88 90 4 5
88 91 7 4
88 92 7 3
88 93 4 2
88 94 7 10
88 95 4 4
88 96 6 4
88 97 10 4
88 98 3 10
88 100 2 7
89 90 7 10
89 91 8 3
89 92 5 10
89 93 10 4
89 94 3 9
89 95 6 3
89 96 10 10
89 97 2 9
89 98 9 9
89 99 5 3
89 100 1 8
90 93 3 1
90 95 6 8
90 97 1 6
90 98 1 7
90 100 7 7
91 92 6 3
91 94 2 3
91 95 9 6
91 96 5 3
91 97 5 2
91 98 8 9
91 99 7 1
91 100 7 7
92 93 8 10
92 94 3 8
92 95 9 8
92 97 7 10
92 98 8 7
92 99 2 1
92 100 10 9
93 94 8 10
93 98 1 8
93 99 10 5
93 100 1 2
94 95 6 10
94 96 7 5
94 98 6 8
94 100 9 1
95 96 2 5
95 97 3 4
95 98 9 1
95 99 4 3
95 100 3 4
96 98 10 6
96 99 9 8
96 100 10 8
97 98 2 9
97 99 6 6
1
1 2 3 4 5 6 7 8 9 10 11 12 13 14 15 16 17 18 19 20 21 22 23 24 25 26 27 28 29 30 31 32 33 34 35 36 37 38 39 40 41 42 43 44 45 46 47 48 49 50
