3980
1 2 1 10
1 3 2 4
1 4 8 7
1 5 10 8
1 6 5 8
1 7 1 3
1 8 1 8
1 14 5 10
1 18 6 4
1 19 2 1
1 20 8 8
1 22 2 2
1 23 3 5
1 24 10 6
1 25 8 5
1 26 9 3
1 27 3 4
1 28 8 5
1 31 5 3
1 33 10 10
1 34 7 2
1 35 4 4
1 36 9 8
1 37 10 1
1 38 8 8
1 39 6 9
1 41 3 3
1 42 1 8
1 43 7 2
1 44 4 10
1 45 9 1
1 47 6 9
1 49 3 9
1 50 3 5
1 51 7 10
1 52 5 4
1 53 4 1
1 54 4 9
1 55 7 5
1 56 5 5
1 57 3 10
1 58 1 3
1 61 6 1
1 62 4 3
1 63 1 6
1 65 9 2
1 67 9 3
1 68 9 3
1 69 5 9
1 70 1 8
1 71 1 3
1 72 4 7
1 74 1 4
1 75 2 8
1 76 8 3
1 77 3 1
1 78 4 6
1 79 1 9
1 80 1 7
1 81 10 6
1 82 4 8
1 84 1 5
1 85 4 2
1 86 8 9
1 88 2 9
1 89 3 4
1 90 5 4
1 91 7 6
1 93 4 2
1 94 9 3
1 96 7 1
1 98 7 5
1 99 9 2
2 3 5 7
2 5 1 8
2 6 7 4
2 7 1 7
2 8 10 9
2 9 2 7
2 12 1 1
2 13 5 7
2 14 9 3
2 15 7 8
2 16 5 3
2 17 9 5
2 19 2 1
2 20 5 8
2 23 9 3
2 24 9 7
2 25 8 3
2 27 10 1
2 28 4 2
2 29 4 1
2 30 10 3
2 31 7 2
2 32 4 7
2 33 10 6
2 34 4 5
2 35 1 8
2 37 10 1
2 38 9 4
2 39 7 7
2 40 5 5
2 41 6 1
2 42 7 10
2 43 2 2
2 44 10 8
2 46 3 9
2 47 6 1
2 48 2 10
2 49 10 6
2 52 2 6
2 53 1 5
2 54 3 6
2 55 2 3
2 56 3 3
2 57 7 10
2 58 6 1
2 59 9 2
2 60 9 7
2 61 4 8
2 62 6 7
2 63 7 2
2 64 5 5
2 66 5 2
2 67 8 7
2 68 3 6
2 69 8 1
2 70 6 5
2 71 7 8
2 72 8 5
2 73 4 6
2 74 7 4
2 75 1 3
2 76 9 7
2 77 4 9
2 78 6 2
2 80 3 3
2 82 9 10
2 83 6 5
2 84 9 5
2 87 5 1
2 88 3 2
2 89 3 9
2 90 2 8
2 91 4 4
2 92 10 3
2 93 6 9
2 94 4 10
2 96 1 8
2 97 9 10
2 98 7 4
2 99 6 9
3 4 2 1
3 5 10 9
3 6 2 9
3 8 10 9
3 9 5 3
3 11 8 8
3 12 6 9
3 13 10 7
3 15 8 8
3 17 9 2
3 18 3 6
3 19 9 5
3 20 2 4
3 21 10 6
3 22 10 3
3 24 10 10
3 25 7 6
3 28 3 8
3 30 2 4
3 31 8 10
3 32 8 6
3 34 4 2
3 35 6 2
3 36 5 9
3 37 7 4
3 38 5 3
3 39 2 2
3 40 7 9
3 41 10 10
3 42 4 8
3 43 6 1
3 44 2 7
3 45 2 6
3 46 10 4
3 47 10 1
3 49 2 5
3 52 3 2
3 53 6 5
3 54 8 8
3 55 3 4
3 56 3 9
3 57 1 6
3 58 7 2
3 59 7 9
3 60 1 6
3 61 7 7
3 62 9 9
3 63 10 5
3 64 9 2
3 66 9 5
3 67 1 3
3 68 4 4
3 69 6 9
3 70 3 7
3 71 1 5
3 72 2 4
3 73 2 9
3 74 3 4
3 75 9 6
3 77 9 1
3 78 3 6
3 79 2 8
3 80 6 3
3 81 7 9
3 82 3 3
3 83 5 2
3 84 3 9
3 85 3 6
3 86 8 4
3 87 7 2
3 88 1 5
3 89 8 4
3 90 4 6
3 91 4 7
3 92 9 6
3 93 2 4
3 96 5 10
3 97 5 2
3 98 1 10
3 99 6 10
3 100 3 9
4 5 4 2
4 6 8 5
4 7 6 9
4 8 6 5
4 10 3 1
4 11 1 3
4 12 2 8
4 13 9 9
4 14 9 9
4 15 7 10
4 16 3 2
4 17 7 6
4 18 9 6
4 19 2 10
4 21 4 7
4 22 8 7
4 23 1 4
4 25 5 7
4 26 7 1
4 28 10 3
4 29 5 10
4 30 10 2
4 31 7 2
4 33 3 2
4 34 7 5
4 35 9 10
4 36 5 7
4 37 9 1
4 38 8 8
4 39 4 10
4 42 3 9
4 43 1 6
4 44 4 3
4 45 5 1
4 46 1 1
4 47 5 4
4 49 8 10
4 50 4 5
4 51 3 10
4 52 3 8
4 53 4 3
4 54 8 5
4 55 4 8
4 56 6 7
4 57 9 8
4 58 3 10
4 59 1 4
4 60 10 6
4 61 8 9
4 62 3 3
4 63 3 3
4 64 9 6
4 65 8 1
4 66 1 2
4 67 5 4
4 68 8 10
4 69 5 5
4 71 3 4
4 73 10 4
4 74 9 1
4 76 8 8
4 77 6 6
4 78 3 10
4 79 5 10
4 80 7 3
4 81 10 3
4 82 9 3
4 83 9 2
4 84 5 5
4 85 9 6
4 87 4 10
4 88 8 2
4 89 7 2
4 90 4 9
4 91 9 1
4 92 8 10
4 93 5 2
4 94 10 4
4 95 5 9
4 99 5 1
4 100 9 5
5 6 9 6
5 7 3 7
5 8 3 9
5 9 3 7
5 10 6 4
5 11 2 9
5 12 9 8
5 13 3 9
5 16 6 3
5 17 10 9
5 21 10 10
5 23 5 4
5 27 2 7
5 28 9 2
5 29 3 5
5 30 8 5
5 31 8 7
5 32 6 2
5 33 6 1
5 34 7 3
5 36 7 1
5 38 10 10
5 39 8 10
5 40 8 3
5 41 10 3
5 42 8 2
5 43 5 3
5 44 1 2
5 45 8 9
5 46 1 7
5 47 10 1
5 49 8 7
5 50 4 3
5 51 1 4
5 52 2 3
5 53 9 1
5 54 5 9
5 55 5 5
5 56 1 6
5 57 7 9
5 58 2 10
5 60 10 8
5 61 8 4
5 62 4 2
5 64 5 10
5 66 9 4
5 67 7 2
5 68 3 5
5 69 10 9
5 70 5 3
5 72 3 1
5 73 9 5
5 74 7 1
5 75 6 7
5 76 4 10
5 77 6 5
5 79 7 4
5 80 9 6
5 81 5 2
5 82 9 10
5 83 2 1
5 84 3 6
5 85 4 3
5 86 9 3
5 88 4 9
5 89 5 3
5 90 2 2
5 91 1 10
5 92 8 3
5 93 8 4
5 94 3 9
5 96 9 6
5 97 9 9
5 98 2 2
5 100 8 1
6 7 6 8
6 8 1 5
6 9 3 9
6 10 4 1
6 11 7 5
6 13 8 3
6 14 1 5
6 15 9 7
6 16 7 6
6 17 7 2
6 19 3 10
6 20 1 3
6 21 9 6
6 22 1 4
6 23 3 7
6 25 5 3
6 26 10 10
6 27 4 10
6 28 3 10
6 29 3 1
6 31 6 10
6 32 8 4
6 33 5 1
6 34 5 8
6 35 6 2
6 36 6 6
6 37 2 6
6 38 5 3
6 39 7 7
6 40 10 1
6 41 6 6
6 42 9 4
6 43 5 7
6 44 8 2
6 45 7 1
6 46 7 9
6 47 4 7
6 48 5 2
6 49 10 9
6 50 10 5
6 53 4 3
6 55 7 4
6 56 1 9
6 57 10 10
6 62 9 2
6 63 1 1
6 64 5 9
6 65 5 7
6 66 2 6
6 67 9 9
6 68 7 6
6 69 6 2
6 70 9 3
6 72 10 3
6 73 1 1
6 74 9 5
6 75 3 10
6 77 7 4
6 78 7 1
6 79 7 8
6 80 2 6
6 81 3 8
6 82 10 8
6 83 9 4
6 84 1 1
6 85 3 4
6 86 8 5
6 88 6 10
6 89 10 3
6 91 9 4
6 93 8 4
6 94 6 7
6 95 7 7
6 96 7 7
6 97 6 1
6 98 3 7
6 99 1 4
6 100 5 1
7 8 1 6
7 9 4 10
7 10 4 4
7 11 4 9
7 12 8 3
7 13 6 8
7 14 7 7
7 15 10 3
7 16 1 4
7 18 4 3
7 19 5 8
7 20 8 4
7 21 10 7
7 22 2 2
7 24 9 2
7 25 4 3
7 26 1 7
7 27 1 10
7 28 10 8
7 30 10 6
7 31 2 2
7 32 4 1
7 33 4 10
7 34 3 8
7 36 10 9
7 37 10 3
7 38 6 4
7 39 5 7
7 40 5 10
7 41 6 7
7 42 10 2
7 43 4 1
7 45 2 10
7 46 4 3
7 47 8 3
7 48 4 7
7 49 10 9
7 50 7 4
7 51 6 6
7 53 5 3
7 54 8 5
7 55 6 3
7 56 2 7
7 58 3 6
7 59 6 4
7 60 8 4
7 61 2 8
7 62 1 2
7 63 7 1
7 65 7 5
7 67 3 1
7 69 4 4
7 70 1 9
7 72 9 9
7 73 1 4
7 74 9 4
7 76 3 9
7 77 4 7
7 78 3 10
7 80 2 7
7 81 2 3
7 82 6 6
7 83 6 1
7 84 2 4
7 85 3 4
7 87 10 5
7 88 1 5
7 89 1 9
7 90 2 7
7 91 7 9
7 92 4 8
7 93 6 9
7 95 2 3
7 96 1 10
7 97 5 6
7 98 6 3
7 99 2 10
8 11 10 7
8 12 1 5
8 14 1 5
8 15 9 6
8 17 10 3
8 18 10 2
8 19 5 2
8 21 3 7
8 23 6 1
8 24 4 10
8 25 1 2
8 26 6 10
8 27 9 5
8 28 5 2
8 29 6 10
8 31 1 6
8 32 1 3
8 33 5 2
8 34 7 3
8 36 10 5
8 38 6 8
8 39 1 10
8 40 4 10
8 41 6 1
8 42 2 8
8 43 6 1
8 44 5 6
8 46 2 5
8 48 4 6
8 49 10 10
8 50 4 8
8 51 9 4
8 52 8 4
8 53 10 1
8 55 10 8
8 56 8 8
8 58 10 9
8 59 10 9
8 60 10 6
8 61 4 10
8 62 1 4
8 63 9 9
8 64 2 4
8 66 9 4
8 68 7 8
8 69 8 2
8 70 4 6
8 71 2 9
8 73 10 9
8 74 7 9
8 76 7 7
8 78 3 2
8 79 9 6
8 80 3 5
8 81 5 8
8 82 6 7
8 83 2 7
8 84 10 9
8 86 6 8
8 87 2 1
8 88 8 4
8 89 5 8
8 90 3 4
8 92 9 5
8 93 9 9
8 94 1 2
8 95 10 6
8 96 9 1
8 97 5 4
8 99 4 7
9 10 2 4
9 11 1 7
9 12 3 6
9 13 1 6
9 14 4 10
9 15 7 9
9 16 9 3
9 18 10 7
9 19 6 10
9 20 4 5
9 21 8 1
9 22 6 10
9 23 5 1
9 25 3 5
9 26 6 7
9 27 2 10
9 28 5 1
9 29 8 3
9 30 1 10
9 31 9 9
9 33 2 1
9 35 9 2
9 36 3 6
9 37 5 7
9 38 8 7
9 39 10 1
9 40 8 5
9 41 6 9
9 42 10 3
9 43 2 2
9 44 3 4
9 45 3 9
9 47 1 5
9 48 4 1
9 49 3 3
9 50 8 3
9 51 8 3
9 52 8 2
9 53 2 7
9 54 8 6
9 56 7 6
9 58 5 7
9 59 9 4
9 60 6 1
9 61 3 9
9 62 4 5
9 64 7 2
9 65 8 7
9 66 3 7
9 67 8 3
9 68 4 4
9 69 4 9
9 70 6 5
9 71 2 6
9 72 3 4
9 73 1 1
9 74 6 1
9 75 5 1
9 77 1 5
9 78 3 6
9 79 10 7
9 81 4 7
9 82 6 9
9 85 4 4
9 86 2 10
9 90 1 1
9 91 3 9
9 92 6 7
9 93 7 3
9 94 5 6
9 95 9 4
9 96 3 8
9 97 8 1
9 98 2 2
9 99 9 4
9 100 7 2
10 11 7 7
10 13 1 6
10 14 1 10
10 15 4 10
10 16 9 5
10 17 8 8
10 19 10 2
10 20 4 8
10 21 8 8
10 22 1 7
10 23 6 6
10 24 7 1
10 26 5 2
10 27 6 6
10 28 7 6
10 29 6 6
10 30 9 6
10 31 3 9
10 32 5 10
10 34 4 6
10 35 9 6
10 36 8 7
10 37 2 2
10 40 1 9
10 41 7 8
10 42 4 8
10 43 10 7
10 44 10 1
10 45 1 6
10 46 6 10
10 47 1 6
10 48 8 7
10 49 4 10
10 50 8 5
10 51 7 2
10 52 8 3
10 53 8 8
10 55 7 4
10 56 1 3
10 59 8 6
10 61 10 8
10 62 3 7
10 63 1 4
10 64 8 6
10 65 9 10
10 66 4 8
10 68 5 8
10 70 1 10
10 71 5 2
10 72 5 3
10 73 6 5
10 74 10 5
10 75 1 6
10 76 5 8
10 77 5 4
10 78 10 5
10 79 9 2
10 80 3 9
10 81 9 5
10 82 9 5
10 83 10 5
10 84 10 5
10 85 2 6
10 86 10 2
10 87 7 8
10 88 1 9
10 89 7 3
10 93 7 2
10 94 5 10
10 96 8 2
10 97 3 9
10 98 10 3
10 99 6 8
10 100 9 7
11 12 1 8
11 13 4 9
11 14 2 1
11 15 8 8
11 16 9 8
11 17 10 5
11 18 5 1
11 19 8 6
11 20 10 3
11 21 7 4
11 22 1 8
11 23 3 5
11 24 6 5
11 26 5 6
11 27 1 2
11 28 6 8
11 29 2 2
11 30 4 8
11 31 10 7
11 32 3 1
11 35 5 5
11 37 9 9
11 38 9 7
11 39 1 6
11 40 3 7
11 41 6 1
11 42 3 1
11 44 6 10
11 45 1 5
11 46 3 3
11 48 8 9
11 50 6 9
11 51 3 9
11 52 9 7
11 56 3 9
11 57 6 2
11 58 1 5
11 59 10 6
11 61 5 6
11 62 3 2
11 63 7 2
11 65 6 5
11 67 3 7
11 68 9 9
11 69 2 8
11 70 10 1
11 71 8 7
11 72 6 8
11 74 5 6
11 75 5 10
11 76 8 2
11 78 4 6
11 79 5 3
11 80 10 1
11 81 4 1
11 82 6 8
11 83 10 10
11 84 9 7
11 85 6 9
11 87 6 8
11 88 10 5
11 90 10 9
11 92 5 10
11 94 7 4
11 96 5 10
11 97 9 7
11 98 6 6
11 99 8 6
11 100 5 4
12 13 3 7
12 14 3 6
12 15 8 10
12 16 10 4
12 18 2 3
12 19 1 7
12 20 3 4
12 21 4 6
12 23 2 1
12 24 4 9
12 25 6 1
12 26 8 6
12 29 2 9
12 30 6 4
12 32 6 4
12 33 8 10
12 34 5 8
12 35 4 6
12 36 9 2
12 37 2 8
12 38 5 1
12 40 5 3
12 41 6 2
12 42 8 2
12 43 7 4
12 44 5 2
12 45 2 3
12 46 1 6
12 47 9 5
12 48 8 10
12 49 4 1
12 50 4 4
12 51 7 10
12 53 9 6
12 54 8 8
12 55 8 2
12 56 4 7
12 57 1 3
12 58 9 4
12 59 2 4
12 61 4 9
12 62 6 10
12 63 8 5
12 64 10 2
12 65 8 3
12 66 10 3
12 67 5 9
12 68 7 7
12 69 7 6
12 70 10 3
12 74 10 3
12 75 3 4
12 76 7 4
12 78 4 9
12 79 2 7
12 80 10 10
12 82 5 10
12 83 2 2
12 84 2 10
12 85 7 4
12 86 7 8
12 88 9 6
12 89 1 6
12 90 9 3
12 91 4 7
12 92 2 4
12 93 10 10
12 94 10 4
12 95 4 7
12 96 1 7
12 97 2 8
12 99 1 1
12 100 6 10
13 15 6 1
13 16 7 1
13 17 6 9
13 18 9 6
13 19 9 1
13 20 2 6
13 22 7 10
13 24 4 3
13 25 3 3
13 26 4 9
13 27 1 1
13 28 9 9
13 29 2 7
13 31 10 4
13 32 8 2
13 33 8 3
13 34 2 7
13 36 8 9
13 37 9 1
13 38 9 4
13 39 6 5
13 40 6 3
13 42 8 8
13 43 9 7
13 44 1 9
13 45 1 2
13 46 6 2
13 48 9 6
13 50 4 7
13 51 1 9
13 52 10 6
13 54 9 7
13 55 9 8
13 56 10 2
13 57 5 3
13 58 3 4
13 59 9 8
13 60 10 9
13 61 6 10
13 62 2 9
13 63 4 8
13 65 2 2
13 66 2 7
13 68 5 10
13 69 6 5
13 70 1 3
13 71 1 6
13 73 5 1
13 75 7 2
13 77 3 2
13 80 9 1
13 81 8 10
13 82 1 4
13 83 6 3
13 85 6 8
13 86 6 2
13 87 10 3
13 88 3 4
13 89 10 7
13 90 4 10
13 92 4 6
13 93 5 2
13 94 9 2
13 95 9 3
13 99 8 8
13 100 6 7
14 15 6 3
14 16 9 1
14 17 6 8
14 18 2 9
14 21 4 1
14 22 2 3
14 23 1 8
14 24 9 5
14 26 5 7
14 27 2 4
14 28 10 5
14 29 3 9
14 30 4 9
14 31 5 1
14 32 8 9
14 33 4 2
14 34 4 6
14 35 10 5
14 36 6 4
14 37 7 10
14 38 9 8
14 40 10 1
14 42 1 1
14 43 8 2
14 44 4 10
14 45 9 10
14 46 3 5
14 48 9 9
14 50 1 9
14 51 8 8
14 52 9 1
14 53 5 5
14 56 2 7
14 58 5 4
14 60 8 2
14 61 10 6
14 62 8 3
14 65 9 10
14 66 8 8
14 67 3 1
14 68 8 2
14 71 4 5
14 72 1 1
14 73 9 2
14 74 8 9
14 75 3 4
14 76 5 3
14 78 5 3
14 79 3 3
14 80 6 7
14 81 2 6
14 82 6 8
14 84 2 5
14 85 9 8
14 86 7 6
14 87 8 4
14 89 5 7
14 90 5 4
14 92 1 8
14 93 6 7
14 94 10 1
14 95 6 1
14 96 1 3
14 98 3 8
14 99 3 5
14 100 3 10
15 16 8 6
15 17 6 9
15 18 6 10
15 19 1 3
15 20 8 9
15 21 6 3
15 22 7 7
15 23 3 6
15 24 7 5
15 26 10 10
15 28 2 1
15 29 7 10
15 30 10 3
15 31 6 3
15 33 7 1
15 34 4 1
15 36 1 9
15 37 10 2
15 38 3 4
15 39 3 7
15 40 10 3
15 41 3 2
15 42 4 2
15 43 6 5
15 44 7 10
15 45 5 3
15 47 10 9
15 48 6 2
15 51 8 6
15 52 5 3
15 53 5 1
15 55 6 7
15 56 9 10
15 57 4 7
15 58 3 2
15 60 1 5
15 61 3 1
15 63 7 9
15 65 8 6
15 67 8 3
15 69 6 8
15 72 8 8
15 73 6 5
15 75 6 5
15 76 1 1
15 78 2 10
15 80 5 4
15 81 8 4
15 82 2 3
15 84 2 9
15 87 9 10
15 88 9 3
15 89 4 8
15 90 5 2
15 91 1 1
15 93 10 7
15 94 7 6
15 95 1 10
15 96 2 1
15 97 7 6
15 99 10 9
15 100 8 5
16 17 7 6
16 18 10 7
16 19 6 7
16 20 3 6
16 22 4 4
16 23 1 7
16 24 8 8
16 25 2 8
16 26 9 6
16 27 8 10
16 28 7 8
16 29 8 5
16 30 5 6
16 31 6 2
16 33 4 2
16 34 1 5
16 35 6 10
16 36 1 10
16 37 5 6
16 39 8 8
16 41 1 3
16 43 8 6
16 44 1 5
16 46 1 7
16 47 6 3
16 48 9 10
16 51 8 8
16 52 5 2
16 53 5 5
16 54 9 1
16 55 9 2
16 57 10 9
16 58 2 6
16 59 8 9
16 60 7 5
16 61 1 10
16 62 6 3
16 63 1 3
16 64 7 2
16 65 2 3
16 67 6 9
16 68 10 7
16 69 10 8
16 70 4 5
16 72 1 1
16 73 4 5
16 74 1 9
16 75 1 7
16 76 2 7
16 78 5 5
16 79 7 9
16 80 4 7
16 81 7 5
16 82 1 10
16 87 3 10
16 88 7 4
16 89 4 1
16 90 5 9
16 91 6 10
16 92 6 8
16 94 6 7
16 95 10 8
16 96 2 5
16 97 7 5
16 98 2 5
16 99 6 8
16 100 1 4
17 18 10 5
17 20 10 1
17 21 4 7
17 22 4 3
17 23 9 4
17 24 6 1
17 25 3 1
17 27 5 7
17 28 7 6
17 29 5 1
17 31 9 3
17 32 8 5
17 34 8 2
17 35 2 1
17 36 3 7
17 37 8 6
17 38 10 8
17 39 4 4
17 40 10 8
17 41 1 6
17 42 7 1
17 43 1 10
17 44 4 4
17 45 10 3
17 46 6 6
17 47 1 10
17 48 6 2
17 50 4 9
17 52 5 8
17 53 10 8
17 54 9 6
17 55 10 6
17 57 6 10
17 58 6 8
17 59 4 3
17 60 8 7
17 61 1 7
17 62 10 7
17 63 9 10
17 65 3 10
17 66 1 9
17 67 8 2
17 68 7 4
17 69 8 4
17 70 3 7
17 71 9 2
17 72 3 9
17 75 10 8
17 76 4 8
17 77 5 6
17 78 2 9
17 80 8 5
17 81 5 5
17 82 2 1
17 83 4 3
17 85 1 4
17 87 2 4
17 89 1 4
17 90 1 6
17 91 6 9
17 92 4 8
17 93 7 9
17 95 10 8
17 96 10 10
17 97 7 2
17 98 1 1
17 100 4 3
18 21 1 2
18 22 8 1
18 23 8 7
18 24 10 2
18 26 2 5
18 27 5 5
18 30 5 4
18 31 9 1
18 32 1 5
18 33 1 5
18 34 9 4
18 35 8 8
18 36 3 10
18 37 5 9
18 38 10 7
18 40 3 7
18 42 8 3
18 43 2 8
18 44 7 3
18 45 2 6
18 46 3 9
18 47 6 2
18 48 10 5
18 49 3 6
18 51 2 10
18 52 5 10
18 53 10 10
18 54 9 5
18 55 6 1
18 57 1 10
18 58 10 10
18 59 5 3
18 60 5 5
18 61 1 8
18 62 5 8
18 63 5 10
18 64 8 5
18 65 8 2
18 66 4 7
18 67 2 7
18 68 9 9
18 69 7 4
18 70 1 4
18 73 5 10
18 74 8 1
18 76 9 5
18 77 8 3
18 78 9 7
18 80 5 5
18 81 1 4
18 82 7 9
18 83 4 5
18 84 8 1
18 85 5 6
18 86 3 6
18 87 10 7
18 90 4 1
18 91 6 7
18 92 2 6
18 93 2 8
18 94 9 4
18 95 3 3
18 96 9 3
18 97 2 6
18 98 6 7
18 99 1 4
18 100 3 3
19 20 6 8
19 21 9 1
19 24 4 9
19 25 1 3
19 27 8 5
19 28 4 7
19 29 7 6
19 31 6 9
19 32 6 2
19 33 3 10
19 34 1 10
19 35 3 4
19 36 8 2
19 37 2 8
19 38 5 1
19 39 6 8
19 40 9 3
19 41 6 7
19 42 2 10
19 44 7 6
19 45 3 5
19 46 1 9
19 47 3 4
19 48 9 10
19 50 8 7
19 51 8 8
19 52 9 4
19 53 3 7
19 54 4 8
19 55 2 4
19 56 9 4
19 57 9 8
19 60 8 9
19 62 6 2
19 63 9 9
19 66 3 3
19 67 7 7
19 68 9 10
19 69 9 1
19 70 6 8
19 72 7 10
19 73 10 7
19 74 9 7
19 75 7 10
19 76 9 1
19 77 8 9
19 78 1 8
19 79 10 8
19 80 9 8
19 81 10 6
19 82 9 4
19 84 7 10
19 85 6 5
19 86 5 7
19 87 7 8
19 89 6 10
19 90 9 5
19 91 5 6
19 92 2 1
19 93 3 5
19 94 4 8
19 95 5 10
19 97 5 10
19 98 8 3
19 99 8 2
19 100 7 9
20 21 1 5
20 22 1 4
20 23 4 2
20 24 6 10
20 25 9 9
20 26 3 8
20 27 9 5
20 28 5 7
20 29 4 6
20 30 9 7
20 31 5 2
20 32 6 4
20 34 10 2
20 35 4 5
20 36 1 2
20 37 5 3
20 38 1 6
20 39 6 5
20 40 5 4
20 41 8 1
20 42 5 4
20 43 5 6
20 44 2 10
20 45 4 5
20 46 3 5
20 47 6 6
20 48 4 9
20 49 10 1
20 50 7 8
20 51 2 3
20 52 10 6
20 53 10 8
20 55 5 3
20 58 2 10
20 59 1 4
20 60 2 2
20 61 2 10
20 62 3 6
20 66 6 9
20 68 4 8
20 69 7 10
20 70 10 5
20 71 1 4
20 73 6 1
20 75 4 9
20 76 8 4
20 77 5 3
20 78 7 3
20 79 1 2
20 81 5 1
20 82 3 5
20 83 3 5
20 85 2 7
20 86 10 9
20 87 8 10
20 88 7 4
20 89 7 6
20 90 1 1
20 92 5 9
20 93 9 1
20 95 1 8
20 96 6 8
20 97 6 9
20 98 6 3
20 99 10 4
20 100 8 4
21 22 7 7
21 23 7 7
21 24 5 3
21 25 8 1
21 26 7 3
21 27 6 1
21 28 2 9
21 30 6 7
21 31 3 7
21 32 2 1
21 33 7 3
21 34 4 1
21 35 7 10
21 36 7 5
21 37 10 8
21 38 1 5
21 39 4 4
21 41 7 1
21 42 2 3
21 43 10 9
21 44 10 6
21 45 7 3
21 46 6 3
21 47 7 2
21 48 4 3
21 49 3 3
21 50 8 9
21 52 1 6
21 53 9 5
21 54 4 1
21 55 9 4
21 56 8 6
21 57 1 7
21 58 3 1
21 59 10 2
21 60 5 2
21 64 3 10
21 65 5 7
21 66 1 1
21 68 7 9
21 69 2 1
21 71 2 3
21 74 6 4
21 75 4 2
21 77 5 9
21 78 6 10
21 79 2 2
21 80 6 10
21 81 5 7
21 83 10 6
21 85 10 8
21 86 1 8
21 87 2 6
21 89 2 3
21 91 9 8
21 92 10 5
21 93 10 6
21 95 7 5
21 96 10 2
21 97 10 3
21 98 4 5
21 99 3 8
21 100 7 2
22 23 7 4
22 24 7 2
22 26 1 8
22 28 6 2
22 29 3 3
22 30 9 1
22 31 3 10
22 33 9 2
22 34 6 4
22 35 6 9
22 36 9 2
22 37 9 8
22 38 8 10
22 39 2 6
22 40 4 6
22 41 1 10
22 42 8 9
22 43 10 10
22 44 1 6
22 45 2 7
22 47 2 4
22 49 2 7
22 51 1 9
22 53 2 1
22 54 9 7
22 55 1 4
22 56 4 8
22 57 4 6
22 58 4 5
22 59 5 4
22 60 7 3
22 61 3 5
22 62 2 7
22 63 10 6
22 64 4 7
22 65 4 6
22 67 1 5
22 68 7 8
22 70 5 3
22 71 4 9
22 72 3 2
22 73 10 6
22 74 5 5
22 75 1 1
22 76 7 10
22 77 10 7
22 78 10 8
22 79 1 4
22 80 2 6
22 81 8 1
22 82 2 7
22 83 8 8
22 84 1 2
22 85 6 2
22 86 5 1
22 87 9 2
22 88 6 9
22 90 3 8
22 91 2 8
22 92 10 4
22 93 8 10
22 95 10 4
22 97 1 7
22 98 8 6
22 99 4 2
22 100 1 4
23 24 9 7
23 25 3 7
23 26 10 4
23 27 6 4
23 29 6 3
23 30 7 9
23 31 6 3
23 32 10 4
23 33 5 6
23 34 8 4
23 35 7 5
23 38 4 9
23 39 8 3
23 40 5 1
23 41 6 9
23 42 3 9
23 43 1 8
23 45 3 4
23 46 4 3
23 47 7 2
23 49 7 4
23 51 10 9
23 52 2 2
23 53 9 1
23 54 8 3
23 55 6 3
23 56 4 3
23 57 5 6
23 58 5 6
23 59 1 4
23 60 10 10
23 61 9 1
23 62 2 2
23 63 9 5
23 64 1 6
23 65 5 3
23 67 6 1
23 68 5 2
23 69 6 5
23 70 1 2
23 71 3 4
23 73 7 8
23 74 6 9
23 75 1 3
23 76 10 9
23 77 6 5
23 78 1 2
23 79 5 3
23 80 1 1
23 84 5 10
23 86 5 10
23 87 3 6
23 90 7 8
23 91 2 10
23 92 9 7
23 93 8 6
23 94 2 10
23 95 2 9
23 98 4 5
23 99 3 6
23 100 9 6
24 25 10 10
24 26 1 8
24 29 10 9
24 30 3 9
24 32 5 8
24 33 6 7
24 34 2 4
24 35 10 6
24 36 2 7
24 37 2 4
24 38 1 4
24 39 7 7
24 40 7 3
24 41 5 6
24 42 7 5
24 44 3 3
24 47 4 6
24 48 8 4
24 49 10 8
24 50 4 1
24 52 2 6
24 53 9 9
24 54 4 1
24 55 9 5
24 56 6 5
24 57 5 3
24 58 1 2
24 59 4 5
24 60 2 7
24 62 4 1
24 63 8 8
24 64 4 10
24 65 3 8
24 67 9 3
24 70 8 4
24 71 8 5
24 72 8 10
24 73 4 5
24 74 8 10
24 75 6 7
24 76 3 9
24 77 2 8
24 78 9 3
24 79 9 6
24 82 2 7
24 83 6 3
24 84 7 1
24 85 4 8
24 86 9 10
24 87 1 4
24 88 8 10
24 89 10 2
24 91 9 6
24 92 2 4
24 94 2 5
24 95 1 7
24 97 10 9
24 98 1 3
24 99 10 1
24 100 6 5
25 26 9 9
25 27 4 8
25 28 9 8
25 29 8 3
25 30 4 3
25 32 9 7
25 33 6 4
25 34 7 2
25 35 2 1
25 36 10 9
25 37 9 4
25 38 1 10
25 41 9 5
25 42 3 2
25 43 8 8
25 44 2 6
25 47 7 8
25 48 9 1
25 49 5 3
25 50 4 5
25 52 10 10
25 53 10 10
25 54 7 7
25 56 8 1
25 58 3 2
25 59 2 1
25 60 4 3
25 62 6 3
25 63 3 5
25 64 9 8
25 65 7 6
25 66 5 9
25 67 9 5
25 69 10 1
25 70 7 3
25 71 5 3
25 75 3 9
25 77 6 7
25 78 8 5
25 79 9 6
25 80 7 9
25 82 5 10
25 84 4 9
25 85 1 8
25 86 9 7
25 87 7 1
25 88 2 3
25 90 4 2
25 91 2 7
25 92 5 5
25 93 10 5
25 94 7 6
25 95 8 4
25 96 1 1
25 98 8 1
25 100 10 3
26 27 2 10
26 29 1 10
26 30 3 2
26 31 6 10
26 32 9 4
26 33 2 5
26 34 4 1
26 35 3 2
26 36 5 2
26 37 2 7
26 39 9 7
26 41 5 8
26 42 8 4
26 43 7 4
26 46 4 7
26 47 8 4
26 48 3 3
26 49 10 1
26 50 3 3
26 51 10 8
26 52 4 3
26 53 7 4
26 54 7 9
26 55 3 4
26 56 10 5
26 57 2 2
26 58 5 9
26 59 8 10
26 60 5 9
26 61 7 2
26 63 1 7
26 64 9 5
26 65 2 4
26 66 4 10
26 67 2 7
26 68 10 6
26 69 9 4
26 70 1 2
26 71 10 8
26 72 2 8
26 73 3 7
26 75 5 8
26 76 2 1
26 77 7 4
26 78 3 9
26 79 4 5
26 80 2 3
26 81 8 1
26 82 4 2
26 83 5 6
26 84 7 5
26 85 4 6
26 87 2 5
26 88 5 3
26 89 8 6
26 90 8 8
26 92 2 1
26 93 2 8
26 94 9 4
26 96 8 2
26 97 8 1
26 98 3 9
26 100 10 1
27 28 2 10
27 29 5 10
27 30 1 10
27 32 1 10
27 33 9 6
27 35 5 6
27 38 8 3
27 39 3 3
27 40 7 8
27 41 1 7
27 42 7 3
27 43 3 8
27 44 10 6
27 45 3 10
27 46 2 9
27 47 9 1
27 48 7 10
27 49 4 5
27 50 7 8
27 52 5 4
27 53 1 2
27 54 10 5
27 55 4 4
27 57 2 7
27 58 2 5
27 59 10 1
27 60 3 4
27 61 8 5
27 63 8 4
27 64 6 4
27 65 5 8
27 66 1 10
27 67 2 9
27 70 3 7
27 72 6 6
27 73 10 2
27 74 7 8
27 75 2 7
27 76 6 3
27 77 9 2
27 78 8 7
27 79 5 10
27 80 7 8
27 81 1 9
27 82 7 10
27 83 6 3
27 84 4 3
27 86 9 3
27 87 1 4
27 88 8 7
27 89 7 5
27 90 4 4
27 92 5 9
27 93 2 3
27 94 2 7
27 95 10 8
27 96 4 10
27 97 7 8
27 98 2 2
27 99 9 3
27 100 10 8
28 29 6 7
28 30 9 10
28 31 1 3
28 32 10 7
28 34 4 2
28 35 10 5
28 36 6 4
28 37 2 2
28 38 2 1
28 39 10 1
28 40 5 8
28 41 8 6
28 42 5 7
28 43 6 10
28 45 8 7
28 46 3 6
28 48 1 2
28 49 8 9
28 50 7 9
28 51 6 10
28 52 6 10
28 53 8 8
28 54 10 9
28 55 4 4
28 56 5 1
28 58 2 4
28 59 6 2
28 60 4 2
28 61 8 2
28 63 10 6
28 64 4 9
28 66 6 8
28 67 6 2
28 68 10 8
28 69 1 4
28 70 9 2
28 71 3 8
28 73 3 3
28 74 7 2
28 75 5 2
28 77 9 3
28 78 8 6
28 79 3 6
28 80 1 2
28 84 2 4
28 86 1 3
28 87 4 8
28 88 8 6
28 89 5 8
28 93 3 9
28 94 4 9
28 95 6 3
28 98 10 6
28 99 4 3
28 100 6 4
29 31 3 6
29 33 7 2
29 34 4 5
29 35 6 8
29 37 1 9
29 38 8 4
29 39 2 8
29 41 3 2
29 42 2 2
29 43 7 7
29 44 2 6
29 45 2 9
29 46 9 7
29 47 5 4
29 49 4 1
29 50 10 6
29 52 6 6
29 53 6 2
29 55 3 5
29 56 2 7
29 57 7 1
29 58 10 7
29 59 1 5
29 60 7 1
29 61 9 1
29 62 5 8
29 63 2 4
29 64 9 4
29 65 3 2
29 66 6 6
29 68 1 1
29 69 9 6
29 71 9 7
29 72 8 9
29 73 3 6
29 74 9 5
29 76 5 2
29 77 4 10
29 78 7 9
29 79 7 6
29 80 10 9
29 81 3 7
29 82 1 1
29 83 5 5
29 84 10 8
29 85 3 1
29 86 3 9
29 88 7 10
29 89 10 8
29 90 6 1
29 91 9 7
29 92 6 5
29 93 10 2
29 94 5 5
29 97 2 7
29 98 1 9
29 99 3 2
29 100 9 4
30 32 1 8
30 34 7 2
30 36 2 2
30 37 5 10
30 38 5 3
30 39 3 7
30 41 2 9
30 42 1 4
30 43 4 5
30 45 10 5
30 46 8 7
30 47 1 7
30 48 4 4
30 49 1 9
30 50 2 7
30 51 4 6
30 52 3 7
30 53 6 6
30 54 5 5
30 55 1 5
30 56 8 10
30 57 6 8
30 58 7 3
30 59 3 8
30 60 10 6
30 61 7 6
30 63 6 10
30 64 1 9
30 65 4 7
30 66 3 4
30 69 4 10
30 71 10 3
30 74 6 6
30 75 6 2
30 76 5 9
30 77 10 2
30 78 3 6
30 79 6 6
30 81 1 2
30 84 6 4
30 88 7 4
30 89 10 7
30 91 7 9
30 92 4 6
30 93 5 8
30 94 10 7
30 95 7 1
30 96 5 4
30 98 2 2
30 99 10 2
30 100 3 8
31 32 9 6
31 34 5 8
31 35 7 9
31 36 7 7
31 37 5 3
31 38 4 10
31 39 9 1
31 41 3 3
31 42 6 9
31 43 8 8
31 44 2 8
31 45 7 9
31 47 10 2
31 48 6 7
31 49 10 3
31 50 2 1
31 52 3 9
31 53 4 2
31 54 7 10
31 55 5 6
31 56 7 6
31 57 9 3
31 58 8 9
31 59 5 6
31 60 4 10
31 61 6 4
31 63 10 1
31 65 1 8
31 66 3 4
31 67 7 6
31 68 10 5
31 69 5 6
31 70 4 3
31 72 5 7
31 73 6 9
31 74 9 2
31 75 9 2
31 76 3 3
31 77 7 7
31 78 4 10
31 79 4 3
31 80 4 9
31 81 7 2
31 82 10 5
31 85 3 8
31 86 3 7
31 87 2 4
31 88 7 9
31 90 3 10
31 91 3 4
31 92 3 9
31 93 1 2
31 94 10 4
31 96 3 6
31 97 3 9
31 98 6 10
31 99 4 2
31 100 5 3
32 33 3 5
32 34 9 7
32 35 5 3
32 36 1 10
32 37 9 10
32 40 6 3
32 43 4 1
32 44 10 8
32 45 6 2
32 46 2 3
32 47 4 3
32 48 8 3
32 49 7 5
32 51 3 1
32 52 4 10
32 53 7 10
32 54 1 3
32 56 2 8
32 57 2 7
32 58 3 5
32 59 3 10
32 61 6 1
32 63 5 6
32 64 3 9
32 65 6 9
32 66 5 7
32 67 8 5
32 68 4 4
32 69 7 4
32 71 6 3
32 72 8 10
32 74 7 9
32 75 3 2
32 76 4 7
32 77 7 2
32 78 6 1
32 80 5 9
32 81 1 6
32 83 1 7
32 84 3 10
32 85 10 9
32 86 2 6
32 87 2 3
32 88 5 8
32 90 8 8
32 91 5 4
32 92 6 3
32 93 8 7
32 94 6 7
32 95 10 7
32 96 4 10
32 97 2 2
32 98 7 10
32 99 8 2
32 100 6 2
33 35 8 3
33 36 6 1
33 37 4 8
33 38 3 5
33 39 2 7
33 40 9 4
33 41 10 8
33 43 2 3
33 44 5 4
33 45 3 8
33 46 7 9
33 47 3 6
33 48 7 4
33 49 1 5
33 51 7 6
33 52 7 9
33 53 2 1
33 55 8 6
33 56 9 9
33 57 9 9
33 59 5 5
33 60 3 7
33 62 4 4
33 65 10 3
33 66 7 4
33 68 9 8
33 70 3 3
33 71 6 1
33 73 10 8
33 74 1 3
33 75 5 1
33 76 2 3
33 77 4 1
33 78 6 10
33 79 5 1
33 80 8 10
33 81 9 3
33 83 3 10
33 84 7 7
33 85 3 7
33 86 8 2
33 87 6 9
33 88 4 5
33 89 9 4
33 91 4 3
33 92 8 1
33 93 2 7
33 94 4 6
33 95 4 7
33 96 7 8
33 97 7 2
33 98 9 10
33 99 9 5
34 35 8 1
34 36 10 5
34 37 1 1
34 38 1 5
34 39 6 2
34 40 8 7
34 42 6 8
34 43 4 5
34 45 2 5
34 47 6 9
34 49 7 8
34 50 2 7
34 51 2 5
34 52 7 7
34 53 6 3
34 54 8 5
34 55 10 3
34 56 5 8
34 57 6 9
34 59 6 3
34 60 5 5
34 61 10 7
34 62 3 3
34 63 10 2
34 65 4 4
34 66 6 8
34 67 1 1
34 69 1 1
34 70 7 10
34 71 6 6
34 72 2 7
34 73 10 7
34 74 5 8
34 75 3 8
34 76 6 2
34 78 6 3
34 79 1 7
34 81 4 6
34 82 1 7
34 83 4 8
34 84 2 1
34 85 7 4
34 86 4 5
34 87 1 6
34 90 7 8
34 92 5 10
34 93 4 8
34 94 5 4
34 96 5 9
34 98 10 9
34 99 8 5
34 100 9 7
35 36 6 6
35 37 3 6
35 39 6 9
35 40 8 2
35 44 6 7
35 46 10 5
35 47 2 4
35 48 8 6
35 49 4 3
35 50 3 4
35 51 1 7
35 52 2 7
35 53 8 1
35 54 7 10
35 55 3 4
35 56 2 5
35 57 2 1
35 58 3 3
35 59 9 8
35 60 1 2
35 61 3 8
35 62 2 9
35 63 10 7
35 64 8 4
35 65 2 1
35 66 5 6
35 67 7 5
35 68 3 7
35 70 3 2
35 71 3 6
35 72 5 10
35 74 3 9
35 75 6 2
35 76 1 5
35 78 9 1
35 81 10 3
35 82 9 9
35 83 10 4
35 84 6 9
35 85 6 7
35 86 6 4
35 87 8 8
35 88 8 3
35 89 9 1
35 91 8 1
35 94 5 8
35 95 8 7
35 96 10 1
35 97 5 1
35 98 2 6
35 99 1 4
36 37 5 2
36 38 3 2
36 39 6 10
36 40 4 1
36 41 9 6
36 42 7 5
36 43 3 2
36 44 2 9
36 45 4 5
36 48 6 2
36 49 4 3
36 50 9 3
36 51 6 4
36 52 9 6
36 54 5 2
36 55 2 7
36 56 10 5
36 57 7 6
36 59 9 5
36 60 10 2
36 61 4 2
36 62 2 5
36 63 10 3
36 64 7 6
36 65 4 1
36 66 2 9
36 68 10 3
36 69 2 1
36 70 10 1
36 71 8 10
36 72 2 7
36 73 2 5
36 74 3 5
36 75 6 4
36 76 10 7
36 77 7 10
36 80 10 3
36 81 4 3
36 82 9 10
36 83 2 1
36 84 6 8
36 85 3 2
36 86 10 1
36 88 1 2
36 90 4 2
36 93 2 5
36 94 7 4
36 96 2 2
36 97 4 4
36 98 4 7
36 99 4 4
36 100 4 6
37 38 3 6
37 40 2 5
37 41 9 1
37 42 6 1
37 43 5 10
37 44 10 10
37 45 6 6
37 46 6 1
37 47 4 9
37 48 9 6
37 49 7 4
37 50 8 1
37 51 6 4
37 52 8 8
37 53 5 4
37 54 6 7
37 57 1 3
37 58 6 8
37 60 2 2
37 61 10 9
37 63 3 2
37 64 2 1
37 65 7 4
37 66 6 4
37 67 4 4
37 68 1 2
37 69 10 5
37 71 7 1
37 72 1 3
37 73 2 10
37 74 1 2
37 75 7 1
37 76 2 6
37 77 9 9
37 78 6 2
37 79 8 5
37 80 10 9
37 82 7 7
37 83 5 3
37 84 3 4
37 85 3 1
37 86 5 4
37 87 5 3
37 88 5 4
37 89 2 4
37 90 4 9
37 91 8 3
37 92 5 5
37 93 6 6
37 94 10 2
37 95 5 7
37 96 2 1
37 97 2 6
37 98 8 7
37 99 6 7
37 100 5 6
38 39 3 7
38 41 7 1
38 42 3 4
38 43 1 4
38 44 3 7
38 45 3 5
38 46 7 4
38 47 9 9
38 48 7 2
38 49 10 6
38 50 10 4
38 51 5 6
38 52 2 6
38 53 4 1
38 54 10 3
38 55 5 1
38 56 8 5
38 57 5 7
38 58 3 9
38 59 6 5
38 61 2 8
38 62 8 1
38 63 7 1
38 64 8 10
38 65 10 2
38 67 6 2
38 68 7 5
38 69 3 2
38 70 5 2
38 71 6 3
38 72 3 2
38 73 10 7
38 74 8 8
38 75 9 9
38 77 4 7
38 78 3 5
38 79 9 4
38 80 2 2
38 81 1 8
38 82 10 5
38 83 3 2
38 84 2 10
38 85 6 8
38 86 9 9
38 87 3 7
38 89 1 2
38 90 9 9
38 92 3 9
38 93 3 10
38 94 9 7
38 96 6 6
38 97 1 9
38 98 4 3
38 99 6 2
38 100 9 5
39 41 4 2
39 44 8 7
39 45 8 4
39 46 2 3
39 47 4 9
39 48 1 7
39 49 5 8
39 50 9 8
39 52 10 9
39 54 5 6
39 55 3 3
39 56 7 9
39 57 3 1
39 58 2 6
39 60 2 8
39 61 8 3
39 62 6 9
39 63 3 6
39 64 1 9
39 65 6 5
39 66 9 9
39 68 2 6
39 69 1 9
39 70 4 7
39 71 10 4
39 74 2 8
39 75 3 5
39 77 1 4
39 78 4 5
39 79 1 8
39 80 6 9
39 82 5 1
39 83 8 3
39 84 6 8
39 85 3 6
39 86 2 10
39 88 7 9
39 89 5 10
39 90 2 2
39 91 8 9
39 92 1 9
39 93 1 9
39 94 6 10
39 96 2 2
39 97 10 10
39 98 2 8
39 99 8 1
39 100 1 9
40 41 1 2
40 42 9 2
40 43 2 9
40 45 8 10
40 46 6 3
40 47 9 3
40 48 7 9
40 49 7 3
40 50 7 8
40 52 8 4
40 53 2 8
40 54 2 5
40 55 4 6
40 57 3 6
40 58 9 1
40 59 9 2
40 60 4 5
40 62 3 3
40 63 1 1
40 65 1 8
40 66 4 5
40 67 2 7
40 68 7 1
40 69 10 7
40 70 7 2
40 71 10 6
40 72 10 7
40 73 8 1
40 74 10 6
40 75 3 5
40 77 4 1
40 80 7 9
40 81 5 7
40 82 3 7
40 83 8 8
40 84 7 8
40 85 9 4
40 87 2 7
40 89 8 2
40 90 10 4
40 91 8 3
40 92 10 1
40 93 4 4
40 95 6 1
40 96 7 8
40 97 6 6
40 98 9 7
40 99 1 2
40 100 3 1
41 42 6 3
41 43 2 8
41 44 7 8
41 45 5 4
41 46 4 7
41 49 8 8
41 50 2 5
41 51 1 8
41 52 5 10
41 53 10 6
41 54 2 7
41 55 1 7
41 56 7 7
41 57 1 2
41 58 3 10
41 60 8 9
41 61 5 4
41 62 4 2
41 63 4 4
41 64 7 2
41 65 8 8
41 66 7 10
41 67 4 5
41 68 2 2
41 69 3 6
41 70 5 1
41 71 5 10
41 73 7 4
41 74 6 9
41 75 7 5
41 76 8 9
41 77 7 10
41 78 8 2
41 79 6 6
41 80 9 1
41 81 5 8
41 82 5 1
41 83 10 7
41 85 3 10
41 86 7 8
41 88 7 8
41 89 3 8
41 90 10 6
41 91 3 9
41 93 3 8
41 94 9 6
41 95 1 7
41 96 2 5
41 97 2 2
41 98 7 7
41 100 6 10
42 43 2 9
42 44 7 8
42 45 3 10
42 46 5 5
42 47 1 6
42 48 7 3
42 50 2 2
42 51 2 4
42 52 8 9
42 53 10 3
42 54 3 8
42 56 1 8
42 57 6 6
42 58 10 9
42 59 3 9
42 60 2 5
42 61 4 1
42 62 10 3
42 63 7 6
42 65 1 5
42 66 6 7
42 67 3 8
42 68 2 2
42 69 9 9
42 70 3 1
42 71 3 6
42 72 9 1
42 73 5 2
42 75 4 10
42 76 3 6
42 78 8 6
42 79 1 6
42 80 2 1
42 81 8 2
42 82 4 2
42 83 9 1
42 85 5 8
42 86 2 4
42 87 10 9
42 89 8 8
42 90 5 10
42 91 6 4
42 92 9 7
42 93 8 7
42 94 5 7
42 95 6 3
42 96 5 3
42 97 10 5
42 98 8 2
42 100 4 6
43 44 3 2
43 45 9 10
43 46 7 1
43 47 4 4
43 48 4 8
43 49 4 7
43 50 7 2
43 51 2 10
43 52 8 6
43 53 7 4
43 54 1 9
43 55 10 1
43 56 6 9
43 57 10 8
43 59 2 2
43 60 7 1
43 61 6 1
43 62 9 3
43 63 5 7
43 64 4 3
43 66 4 7
43 67 6 6
43 68 7 3
43 70 5 4
43 71 9 3
43 72 2 10
43 73 1 6
43 76 9 8
43 77 10 4
43 78 10 10
43 79 7 1
43 80 9 6
43 81 5 4
43 82 3 10
43 83 4 2
43 84 6 10
43 87 8 10
43 88 3 9
43 90 9 2
43 91 1 1
43 92 10 3
43 93 1 1
43 94 6 5
43 95 10 10
43 96 5 2
43 97 4 3
43 98 3 2
43 99 3 4
43 100 1 5
44 45 7 10
44 46 7 4
44 47 10 4
44 48 6 5
44 49 10 9
44 50 4 8
44 51 6 1
44 53 2 3
44 55 2 4
44 56 1 4
44 57 1 6
44 58 10 1
44 60 7 2
44 61 9 9
44 62 3 5
44 63 7 4
44 64 9 2
44 65 8 5
44 66 2 5
44 67 9 4
44 68 2 5
44 71 10 10
44 72 8 4
44 73 1 4
44 74 8 4
44 75 7 3
44 76 1 5
44 78 7 6
44 79 7 10
44 80 7 4
44 81 6 10
44 82 3 2
44 83 3 3
44 84 1 4
44 85 3 5
44 86 3 4
44 87 2 3
44 88 8 10
44 89 6 8
44 90 7 8
44 91 9 4
44 92 1 9
44 93 9 7
44 94 5 2
44 95 7 4
44 96 3 4
44 97 2 9
44 98 6 4
44 99 7 3
44 100 7 6
45 46 3 1
45 47 10 9
45 48 2 6
45 49 2 2
45 50 9 10
45 51 10 4
45 52 9 4
45 54 8 10
45 55 5 3
45 56 10 7
45 58 3 6
45 59 7 3
45 60 2 1
45 62 9 6
45 63 6 4
45 64 2 1
45 65 10 5
45 66 7 8
45 67 4 9
45 70 4 10
45 71 10 2
45 72 4 5
45 73 3 7
45 75 1 7
45 76 5 4
45 77 2 10
45 78 3 8
45 79 4 10
45 80 7 10
45 81 3 8
45 82 5 10
45 83 10 1
45 84 6 10
45 85 6 9
45 91 8 6
45 92 6 2
45 93 2 6
45 94 5 5
45 95 5 10
45 96 7 9
45 97 6 8
45 98 4 6
45 99 2 10
45 100 10 3
46 47 3 1
46 48 2 10
46 49 3 2
46 50 8 4
46 51 6 1
46 52 5 3
46 53 9 10
46 55 4 1
46 56 5 7
46 58 7 4
46 59 2 5
46 62 2 4
46 63 9 3
46 64 7 9
46 65 10 9
46 67 8 10
46 68 4 1
46 69 2 10
46 70 7 9
46 71 7 8
46 72 3 2
46 73 1 9
46 74 4 3
46 75 4 6
46 77 1 2
46 78 5 1
46 79 2 9
46 80 5 10
46 81 6 4
46 82 5 2
46 83 3 5
46 84 7 9
46 85 9 7
46 86 4 6
46 87 10 6
46 88 4 5
46 89 4 2
46 90 4 6
46 91 6 6
46 93 5 2
46 94 4 10
46 95 10 9
46 97 10 1
46 99 4 2
46 100 9 9
47 48 3 10
47 49 2 5
47 50 8 2
47 52 2 1
47 54 5 8
47 55 5 3
47 56 1 2
47 57 5 3
47 58 5 5
47 59 3 10
47 60 9 4
47 61 1 9
47 62 1 4
47 63 6 4
47 64 1 1
47 65 5 5
47 66 3 2
47 67 3 1
47 68 6 2
47 69 8 7
47 71 8 4
47 72 10 1
47 73 3 2
47 75 5 4
47 76 10 6
47 78 2 7
47 79 4 5
47 80 4 5
47 81 1 4
47 83 8 7
47 85 6 1
47 87 1 2
47 88 5 9
47 89 3 5
47 90 5 6
47 91 10 9
47 92 1 3
47 93 5 10
47 94 1 2
47 95 1 9
47 96 8 10
47 97 2 6
47 99 4 4
47 100 2 2
48 49 6 7
48 50 4 6
48 51 2 6
48 52 8 8
48 53 3 6
48 57 2 9
48 58 6 4
48 59 8 6
48 60 10 1
48 64 5 1
48 65 7 6
48 66 5 3
48 67 5 6
48 68 1 6
48 69 8 2
48 70 5 1
48 71 1 8
48 72 9 7
48 73 3 4
48 75 5 6
48 76 3 8
48 77 3 8
48 78 8 10
48 79 8 6
48 80 2 5
48 81 9 8
48 83 7 8
48 84 4 8
48 85 7 10
48 86 3 10
48 87 3 6
48 88 9 6
48 89 7 1
48 90 5 2
48 91 7 1
48 92 10 5
48 93 5 1
48 94 1 2
48 97 9 1
48 99 5 9
48 100 10 10
49 50 6 1
49 51 9 5
49 52 9 1
49 53 7 6
49 54 9 9
49 55 8 8
49 56 6 10
49 57 2 1
49 58 8 5
49 59 2 6
49 60 6 3
49 61 6 10
49 62 10 6
49 63 9 7
49 64 5 2
49 66 9 2
49 67 3 1
49 68 4 7
49 69 3 8
49 70 3 9
49 71 10 7
49 72 10 8
49 73 2 9
49 74 5 1
49 75 9 7
49 76 2 3
49 77 9 7
49 78 10 7
49 79 9 2
49 80 10 6
49 81 5 7
49 82 2 4
49 83 4 8
49 84 9 9
49 85 1 2
49 88 8 5
49 89 4 9
49 90 8 5
49 91 5 4
49 93 1 9
49 94 3 9
49 95 8 1
49 96 7 4
49 98 8 4
49 99 8 7
49 100 3 1
50 51 5 6
50 52 9 4
50 53 8 9
50 55 2 2
50 56 8 2
50 57 6 8
50 59 2 10
50 60 10 6
50 61 4 4
50 62 6 8
50 63 7 10
50 64 3 6
50 65 7 3
50 66 4 9
50 67 6 4
50 69 6 8
50 70 8 8
50 71 3 10
50 73 4 7
50 75 2 10
50 76 2 10
50 77 9 1
50 78 7 3
50 79 6 2
50 80 1 4
50 82 9 3
50 83 9 4
50 84 4 9
50 85 5 4
50 86 1 5
50 87 9 6
50 88 4 3
50 89 1 4
50 90 5 5
50 93 8 5
50 94 1 1
50 95 6 7
50 98 5 1
50 99 2 1
50 100 6 8
51 52 7 8
51 53 7 8
51 54 7 3
51 55 3 7
51 56 3 5
51 57 1 10
51 58 1 7
51 59 2 4
51 60 7 9
51 61 7 1
51 63 9 5
51 64 4 5
51 65 9 6
51 66 10 5
51 67 5 9
51 68 4 3
51 70 5 2
51 72 8 4
51 73 9 1
51 74 5 10
51 75 1 6
51 76 3 2
51 77 3 1
51 78 9 5
51 79 6 10
51 80 7 2
51 81 10 9
51 82 8 9
51 83 5 8
51 84 8 5
51 85 2 6
51 87 2 7
51 88 8 10
51 89 10 2
51 90 1 1
51 91 6 6
51 93 1 6
51 95 3 7
51 96 6 5
51 97 7 9
51 99 3 3
51 100 1 6
52 53 10 5
52 54 9 10
52 55 2 8
52 56 5 6
52 57 6 7
52 59 2 1
52 60 4 3
52 61 6 10
52 62 1 8
52 63 1 10
52 65 4 10
52 66 8 7
52 68 10 9
52 69 2 5
52 70 8 6
52 72 4 4
52 73 6 2
52 74 9 8
52 75 2 9
52 76 5 3
52 77 1 7
52 78 3 4
52 79 1 10
52 80 8 2
52 81 4 5
52 82 1 1
52 83 5 9
52 84 10 9
52 86 3 3
52 87 2 7
52 88 7 3
52 89 3 6
52 90 8 2
52 91 7 2
52 93 10 7
52 94 4 8
52 95 1 1
52 96 2 5
52 97 2 1
52 98 8 2
52 99 10 10
53 54 3 4
53 55 1 6
53 56 10 10
53 58 1 8
53 59 8 5
53 60 1 8
53 61 5 10
53 62 6 2
53 63 6 10
53 64 4 8
53 65 9 3
53 66 7 4
53 68 9 9
53 69 3 6
53 70 9 9
53 72 9 5
53 73 10 7
53 74 7 2
53 75 3 3
53 76 4 5
53 78 8 9
53 79 2 8
53 80 8 3
53 82 8 4
53 83 4 2
53 84 5 8
53 85 2 3
53 86 5 6
53 87 1 9
53 88 8 8
53 89 3 8
53 90 8 8
53 91 8 10
53 93 3 8
53 95 8 7
53 96 3 10
53 97 2 4
53 98 3 3
53 100 2 8
54 55 3 1
54 56 2 8
54 57 4 4
54 58 6 5
54 60 1 6
54 61 10 8
54 63 9 3
54 64 7 4
54 65 8 6
54 66 2 5
54 68 7 7
54 70 2 3
54 71 5 5
54 72 7 2
54 73 7 7
54 74 9 7
54 75 8 1
54 76 6 2
54 77 5 6
54 78 5 6
54 79 1 8
54 80 6 5
54 81 4 9
54 82 8 10
54 83 5 4
54 84 4 9
54 86 3 1
54 87 3 8
54 88 9 6
54 89 7 3
54 90 4 6
54 91 10 9
54 92 1 6
54 94 4 2
54 95 2 2
54 98 7 8
54 99 1 1
54 100 5 9
55 56 8 4
55 57 1 2
55 60 6 3
55 62 2 4
55 63 8 3
55 64 2 8
55 65 7 5
55 66 1 6
55 67 4 6
55 68 5 6
55 69 2 3
55 70 1 6
55 71 4 3
55 72 10 9
55 75 9 3
55 76 1 10
55 77 9 8
55 79 2 8
55 80 3 10
55 81 3 2
55 84 4 1
55 86 1 3
55 87 9 3
55 88 6 4
55 90 6 10
55 91 7 3
55 92 9 3
55 93 9 8
55 95 5 7
55 98 3 10
55 99 4 2
55 100 10 5
56 57 1 10
56 58 4 9
56 60 1 8
56 61 7 9
56 63 8 3
56 64 8 6
56 65 9 10
56 66 8 9
56 68 5 10
56 73 7 7
56 74 8 2
56 75 9 7
56 76 9 7
56 78 8 10
56 79 4 5
56 80 2 9
56 82 4 6
56 83 4 7
56 84 1 3
56 85 3 5
56 86 1 9
56 87 8 1
56 88 10 6
56 89 2 4
56 90 10 7
56 91 5 2
56 92 6 5
56 94 4 9
56 95 1 4
56 96 7 2
56 97 3 8
56 98 5 9
56 99 7 8
56 100 9 3
57 58 2 4
57 60 6 5
57 61 10 2
57 62 8 3
57 63 9 6
57 64 4 1
57 65 5 7
57 66 6 4
57 67 4 4
57 68 6 1
57 69 7 9
57 70 4 9
57 71 4 2
57 72 10 8
57 73 2 9
57 75 3 9
57 77 4 2
57 78 8 9
57 79 9 8
57 80 1 6
57 81 10 2
57 84 2 9
57 85 6 7
57 86 1 7
57 88 3 2
57 89 6 5
57 91 4 3
57 92 5 6
57 93 6 1
57 94 1 7
57 96 2 8
57 97 10 9
57 98 4 6
57 99 9 10
57 100 1 9
58 60 6 6
58 61 2 10
58 62 10 7
58 63 4 3
58 65 10 5
58 66 10 8
58 67 7 5
58 69 2 2
58 70 10 6
58 71 6 10
58 72 5 8
58 73 8 8
58 74 7 6
58 77 2 4
58 78 2 8
58 79 3 6
58 80 2 2
58 81 6 6
58 82 5 4
58 83 9 4
58 85 6 5
58 86 3 6
58 87 1 2
58 88 10 9
58 90 5 7
58 91 10 10
58 92 10 8
58 93 7 9
58 94 6 10
58 96 3 7
58 98 10 7
58 99 1 7
58 100 3 1
59 60 1 9
59 61 1 6
59 62 9 5
59 64 4 7
59 65 8 8
59 66 10 9
59 67 10 1
59 68 3 2
59 69 1 10
59 71 8 9
59 72 1 2
59 73 8 8
59 75 7 9
59 76 3 3
59 77 9 9
59 78 10 9
59 79 3 3
59 81 1 4
59 83 8 5
59 86 4 9
59 87 8 3
59 88 4 9
59 89 4 7
59 90 5 4
59 93 2 1
59 94 4 4
59 95 10 2
59 97 2 4
59 99 4 9
59 100 4 4
60 61 4 2
60 62 8 6
60 63 1 2
60 64 6 6
60 65 2 9
60 66 7 3
60 67 5 8
60 69 4 2
60 70 10 3
60 71 7 2
60 72 1 2
60 73 4 10
60 74 2 2
60 75 1 2
60 76 5 8
60 77 9 1
60 78 3 10
60 79 3 10
60 80 9 6
60 82 2 7
60 83 5 2
60 84 6 1
60 85 8 2
60 86 1 2
60 87 5 3
60 90 9 9
60 91 10 1
60 93 5 7
60 94 2 3
60 95 9 3
60 96 7 6
60 97 6 5
60 98 10 1
60 99 4 10
60 100 3 6
61 62 10 8
61 63 5 3
61 64 2 6
61 65 6 9
61 66 7 9
61 67 3 8
61 68 5 3
61 70 6 6
61 71 5 5
61 72 8 6
61 73 4 4
61 74 6 10
61 75 10 4
61 76 8 5
61 78 3 3
61 80 7 1
61 82 1 8
61 83 2 3
61 85 1 5
61 86 5 6
61 87 1 6
61 88 7 1
61 89 5 7
61 91 3 2
61 92 9 8
61 93 8 7
61 94 1 8
61 96 5 7
61 98 4 9
61 99 8 2
62 63 5 8
62 64 8 2
62 65 4 1
62 66 6 5
62 67 3 3
62 68 9 3
62 69 9 9
62 70 8 4
62 71 4 1
62 72 7 7
62 73 4 4
62 74 10 1
62 76 6 2
62 77 1 5
62 78 4 5
62 79 3 5
62 80 8 3
62 81 9 4
62 82 6 3
62 83 8 8
62 85 6 3
62 86 9 10
62 87 6 10
62 88 6 8
62 89 4 3
62 90 7 6
62 93 1 5
62 94 5 1
62 95 1 10
62 96 8 3
62 97 4 1
62 98 9 2
62 99 2 8
62 100 6 4
63 64 2 1
63 65 5 7
63 67 5 6
63 69 6 1
63 70 5 5
63 71 5 3
63 72 7 2
63 73 3 10
63 74 2 10
63 75 9 5
63 76 10 10
63 77 4 7
63 78 4 3
63 80 7 4
63 82 1 7
63 83 4 7
63 85 9 8
63 88 8 6
63 89 10 10
63 90 3 6
63 91 4 2
63 93 4 2
63 94 10 9
63 95 10 1
63 96 1 9
63 97 6 8
63 99 7 3
63 100 4 8
64 65 3 1
64 66 2 3
64 67 2 3
64 68 4 7
64 69 8 10
64 70 9 10
64 71 7 1
64 72 9 7
64 73 10 1
64 74 8 4
64 75 1 7
64 76 7 10
64 77 5 6
64 79 8 1
64 80 6 3
64 81 2 7
64 82 7 8
64 83 7 4
64 84 10 2
64 88 8 9
64 90 2 8
64 91 5 3
64 92 4 9
64 94 4 8
64 95 2 2
64 96 4 7
64 97 10 9
64 98 7 2
64 99 8 6
65 67 5 4
65 68 10 5
65 69 4 6
65 71 10 4
65 72 3 6
65 73 6 7
65 74 9 3
65 75 10 9
65 76 8 5
65 77 6 3
65 78 10 9
65 79 3 8
65 80 2 4
65 82 6 4
65 83 5 9
65 84 7 9
65 85 7 8
65 86 1 9
65 87 1 7
65 88 9 7
65 89 2 3
65 91 9 1
65 92 1 5
65 93 10 8
65 94 10 8
65 96 4 5
65 98 2 1
65 99 8 5
65 100 4 2
66 67 9 9
66 68 7 3
66 69 5 10
66 71 7 10
66 72 3 1
66 73 8 6
66 74 6 2
66 76 9 8
66 77 1 2
66 78 7 7
66 79 4 8
66 83 4 7
66 84 2 6
66 85 7 8
66 86 5 7
66 87 3 2
66 88 1 3
66 89 2 4
66 90 8 6
66 92 1 8
66 93 1 1
66 94 2 6
66 96 8 4
66 97 2 8
66 98 3 4
66 99 1 1
67 68 1 8
67 69 9 1
67 70 3 2
67 72 2 9
67 73 2 2
67 74 9 7
67 75 1 4
67 77 5 9
67 78 2 7
67 79 8 7
67 80 7 4
67 81 10 8
67 83 5 9
67 85 2 7
67 86 4 8
67 87 10 4
67 89 3 5
67 90 5 3
67 91 1 6
67 92 4 4
67 93 3 2
67 94 9 8
67 95 1 1
67 96 6 1
67 98 7 7
67 99 7 5
67 100 4 6
68 69 5 9
68 71 4 1
68 72 5 9
68 74 10 1
68 78 9 9
68 79 4 1
68 80 9 1
68 81 7 4
68 82 6 10
68 83 2 7
68 84 5 5
68 85 8 8
68 86 6 8
68 87 9 10
68 89 10 2
68 90 1 3
68 91 6 7
68 92 6 4
68 93 7 10
68 94 5 6
68 95 1 6
68 96 2 1
68 97 4 10
68 98 1 5
68 99 3 6
68 100 6 9
69 70 6 7
69 72 9 4
69 73 2 6
69 75 1 4
69 76 8 5
69 77 7 1
69 78 10 7
69 79 1 6
69 80 1 2
69 81 9 4
69 82 7 8
69 83 1 2
69 84 6 7
69 86 8 6
69 87 8 7
69 89 3 6
69 90 5 2
69 93 1 7
69 94 4 10
69 95 2 1
69 97 5 5
69 98 6 9
69 99 8 4
70 71 8 1
70 72 8 3
70 73 1 4
70 74 3 1
70 75 2 1
70 77 10 10
70 78 9 4
70 79 2 2
70 81 8 7
70 82 3 10
70 83 10 7
70 84 6 4
70 85 2 1
70 86 4 1
70 88 7 4
70 91 4 4
70 92 2 4
70 93 5 1
70 94 8 2
70 96 6 5
70 97 7 6
70 98 8 10
70 99 7 10
71 72 10 8
71 73 2 3
71 74 3 3
71 76 1 9
71 77 10 5
71 80 5 8
71 81 10 4
71 82 1 2
71 83 8 9
71 84 9 5
71 85 10 8
71 87 7 9
71 88 6 10
71 89 6 10
71 90 7 8
71 91 10 3
71 92 9 9
71 93 5 6
71 94 9 2
71 95 5 6
71 98 10 4
71 100 2 5
72 73 8 10
72 75 2 8
72 76 10 9
72 77 7 10
72 78 4 10
72 79 3 4
72 80 1 2
72 81 7 9
72 82 7 5
72 83 3 6
72 84 5 1
72 85 4 3
72 86 5 3
72 88 2 5
72 89 8 1
72 90 10 9
72 92 1 2
72 94 7 8
72 95 3 6
72 97 7 9
73 74 9 10
73 75 2 4
73 77 5 5
73 79 9 8
73 80 5 8
73 81 8 9
73 83 7 4
73 84 6 7
73 86 6 5
73 87 4 10
73 88 6 10
73 89 10 6
73 91 8 6
73 92 9 6
73 94 3 3
73 95 7 8
73 96 4 4
73 97 8 10
73 98 10 9
73 99 4 8
73 100 1 5
74 76 1 6
74 77 2 4
74 78 2 1
74 79 5 10
74 81 4 3
74 82 2 2
74 83 3 1
74 84 8 3
74 86 10 7
74 87 4 8
74 88 1 8
74 89 5 5
74 90 2 3
74 91 7 2
74 92 3 5
74 95 10 6
74 96 9 10
74 97 4 9
74 98 8 7
74 100 5 7
75 76 4 5
75 77 6 6
75 78 1 9
75 79 1 5
75 80 2 4
75 81 2 5
75 82 2 7
75 84 8 9
75 85 6 10
75 88 7 8
75 89 5 4
75 90 3 10
75 91 1 10
75 92 6 1
75 93 3 1
75 94 3 3
75 95 6 1
75 96 7 7
75 97 7 1
75 98 4 8
75 99 7 5
76 77 8 9
76 78 4 9
76 79 1 8
76 80 3 2
76 81 2 6
76 82 7 2
76 83 10 8
76 84 4 1
76 85 1 8
76 86 6 1
76 88 9 6
76 90 1 7
76 91 2 8
76 92 9 8
76 94 3 8
76 95 5 4
76 96 3 3
76 97 7 5
76 99 8 4
76 100 5 8
77 79 3 6
77 80 4 3
77 82 4 4
77 83 4 7
77 85 4 5
77 86 3 7
77 87 2 8
77 88 2 9
77 89 8 5
77 90 8 10
77 91 8 8
77 93 3 9
77 94 6 7
77 96 2 5
77 97 10 4
77 98 3 7
77 99 3 10
77 100 4 3
78 79 3 9
78 83 8 8
78 84 5 6
78 86 4 6
78 87 5 3
78 89 9 3
78 90 1 6
78 92 5 6
78 93 2 5
78 95 7 10
78 96 7 9
78 97 10 6
78 99 2 3
78 100 3 1
79 80 4 5
79 81 8 9
79 82 4 8
79 83 3 6
79 84 9 10
79 85 3 7
79 86 1 6
79 87 10 10
79 93 3 3
79 94 10 6
79 96 7 3
79 99 3 9
79 100 10 9
80 81 10 4
80 83 4 4
80 85 3 1
80 86 9 1
80 87 5 8
80 88 6 2
80 89 4 9
80 91 1 1
80 92 6 4
80 93 8 9
80 95 9 3
80 96 8 7
80 97 3 10
80 98 10 2
80 99 8 8
81 83 4 6
81 84 3 3
81 85 5 8
81 87 6 7
81 88 7 7
81 90 6 3
81 91 4 8
81 93 2 7
81 94 1 10
81 97 4 4
82 83 4 8
82 85 10 3
82 86 8 10
82 87 6 6
82 88 10 8
82 89 1 6
82 91 3 4
82 92 3 9
82 93 7 6
82 94 10 7
82 95 2 5
82 97 5 10
82 99 6 1
82 100 9 5
83 84 9 9
83 85 4 4
83 86 6 2
83 88 2 4
83 89 1 10
83 90 10 4
83 91 4 7
83 92 5 9
83 93 8 1
83 94 8 6
83 95 4 5
83 96 7 8
83 98 1 7
83 99 10 10
83 100 6 2
84 85 9 10
84 87 5 4
84 88 9 9
84 89 3 10
84 90 1 10
84 91 10 4
84 92 8 6
84 93 7 10
84 95 5 2
84 96 2 4
84 98 1 7
84 99 6 4
84 100 7 7
85 86 9 7
85 87 1 3
85 91 2 4
85 92 6 8
85 93 7 9
85 94 7 10
85 95 3 7
85 96 7 2
85 97 3 7
85 98 2 3
85 99 6 9
85 100 7 5
86 87 3 3
86 89 6 2
86 91 5 3
86 92 5 1
86 94 1 10
86 95 7 6
86 96 10 8
86 97 5 1
86 98 8 9
86 99 1 6
86 100 1 10
87 88 3 1
87 89 7 7
87 91 9 5
87 93 2 8
87 94 2 3
87 95 5 4
87 96 8 2
87 97 7 2
88 89 8 8
88 91 4 4
88 92 3 4
88 93 3 1
88 95 8 5
88 96 9 8
88 97 5 10
88 98 9 7
88 99 4 9
88 100 2 3
89 90 2 10
89 91 3 2
89 92 7 5
89 93 10 7
89 94 5 6
89 95 6 3
89 96 6 8
89 97 2 6
89 98 5 7
89 99 4 4
89 100 9 4
90 91 2 8
90 92 1 7
90 94 3 3
90 95 4 2
90 97 6 5
90 98 10 8
90 99 2 4
91 92 4 4
91 93 9 1
91 95 3 7
91 98 1 3
91 99 1 9
92 94 6 2
92 97 7 9
92 98 5 7
92 99 3 5
92 100 8 9
93 94 9 2
93 95 1 1
93 96 6 9
93 97 1 4
93 99 9 4
94 95 4 5
94 96 10 6
94 97 7 4
94 99 10 3
94 100 2 6
95 96 5 4
95 97 9 8
95 98 4 8
95 99 7 10
95 100 6 9
96 97 5 3
96 98 7 3
96 99 2 10
96 100 7 4
97 98 3 8
97 99 1 4
97 100 2 9
98 100 3 1
99 100 6 8
1
1 2 3 4 5 6 7 8 9 10 11 12 13 14 15 16 17 18 19 20 21 22 23 24 25 26 27 28 29 30 31 32 33 34 35 36 37 38 39 40 41 42 43 44 45 46 47 48 49 50
