3940
1 2 3 5
1 3 7 8
1 4 3 7
1 6 6 7
1 9 2 7
1 11 4 10
1 12 1 8
1 13 4 10
1 15 7 4
1 16 10 6
1 17 4 2
1 18 8 3
1 19 9 3
1 20 10 9
1 22 2 8
1 23 9 5
1 24 4 7
1 25 9 9
1 27 1 3
1 28 2 7
1 29 4 9
1 31 6 9
1 32 8 5
1 33 4 10
1 35 7 7
1 36 3 8
1 38 5 10
1 39 2 3
1 41 1 8
1 42 3 3
1 43 1 8
1 44 1 6
1 46 5 8
1 47 5 1
1 48 1 4
1 50 6 1
1 52 5 7
1 53 8 6
1 54 1 2
1 55 6 10
1 56 6 7
1 58 5 6
1 59 3 8
1 63 2 7
1 64 3 2
1 67 6 8
1 68 7 10
1 70 7 7
1 71 3 2
1 72 2 7
1 74 7 3
1 75 8 3
1 76 3 2
1 77 10 4
1 78 4 3
1 80 8 4
1 81 4 1
1 82 3 9
1 84 1 8
1 85 2 2
1 87 5 8
1 88 10 4
1 89 1 1
1 92 1 1
1 93 1 9
1 94 1 9
1 95 6 10
1 97 10 4
1 98 1 4
1 99 4 2
1 100 3 9
2 3 6 9
2 4 10 3
2 5 6 7
2 6 8 1
2 7 6 4
2 8 8 6
2 9 8 7
2 10 8 6
2 11 4 8
2 13 8 5
2 16 2 5
2 18 6 6
2 19 9 2
2 20 5 2
2 21 1 1
2 23 2 3
2 24 10 10
2 25 5 9
2 26 7 10
2 27 3 2
2 28 10 8
2 29 7 4
2 32 10 2
2 33 7 10
2 34 6 1
2 36 10 10
2 38 5 10
2 39 4 4
2 40 1 9
2 41 7 4
2 42 1 9
2 43 3 10
2 44 10 4
2 45 10 8
2 46 7 7
2 47 9 10
2 48 7 9
2 49 2 5
2 51 4 7
2 52 4 1
2 54 9 9
2 56 2 6
2 57 9 3
2 59 6 7
2 60 5 9
2 61 2 8
2 62 4 4
2 64 1 1
2 65 8 8
2 66 4 4
2 68 3 3
2 69 1 7
2 70 4 10
2 71 2 7
2 72 6 7
2 73 9 3
2 74 10 3
2 75 8 9
2 76 1 1
2 79 5 2
2 81 10 8
2 82 5 4
2 83 9 7
2 84 10 3
2 85 5 8
2 86 6 4
2 87 4 10
2 89 2 6
2 90 4 10
2 91 5 1
2 92 4 2
2 93 3 4
2 95 10 5
2 96 6 9
2 97 1 5
2 98 9 6
3 4 7 8
3 5 6 8
3 6 3 10
3 7 3 5
3 9 6 5
3 10 5 2
3 11 5 2
3 12 4 2
3 13 10 5
3 15 10 4
3 16 4 3
3 17 2 4
3 18 2 1
3 19 8 2
3 20 2 2
3 22 1 5
3 23 1 5
3 24 10 8
3 25 6 5
3 26 9 1
3 27 7 9
3 28 10 1
3 29 7 10
3 31 8 4
3 32 2 10
3 33 7 3
3 34 5 9
3 35 7 2
3 37 8 1
3 38 1 4
3 39 1 7
3 40 7 9
3 41 10 4
3 42 1 6
3 44 2 9
3 45 9 1
3 47 8 8
3 48 7 9
3 49 6 8
3 50 10 3
3 51 9 10
3 52 10 1
3 54 7 6
3 55 5 9
3 56 4 4
3 57 9 7
3 58 3 1
3 59 10 1
3 60 6 1
3 62 1 7
3 63 8 8
3 65 2 4
3 66 4 8
3 67 10 5
3 68 10 1
3 69 3 4
3 70 4 5
3 73 2 9
3 74 5 5
3 76 2 7
3 78 6 1
3 79 6 8
3 80 9 10
3 81 2 5
3 82 2 5
3 83 10 9
3 84 5 3
3 85 7 6
3 86 3 8
3 87 9 6
3 89 9 5
3 90 9 6
3 91 1 7
3 92 5 4
3 93 3 7
3 94 2 6
3 95 2 3
3 96 10 10
3 97 5 4
3 98 9 10
3 99 7 7
3 100 6 9
4 5 1 6
4 6 3 9
4 7 6 6
4 8 1 4
4 9 5 7
4 11 5 1
4 12 10 3
4 13 9 3
4 14 8 10
4 16 10 6
4 17 2 8
4 18 10 2
4 19 4 9
4 20 2 3
4 21 3 10
4 23 1 4
4 24 5 1
4 25 5 5
4 26 3 3
4 28 7 2
4 29 3 8
4 31 6 4
4 32 9 3
4 33 3 4
4 34 6 9
4 35 8 4
4 36 9 6
4 37 10 9
4 38 7 3
4 39 6 10
4 40 7 4
4 41 8 5
4 42 7 1
4 43 2 4
4 44 2 2
4 45 4 5
4 46 1 8
4 47 1 1
4 48 4 10
4 49 5 10
4 50 10 4
4 52 6 5
4 53 4 9
4 54 1 7
4 55 4 1
4 56 3 8
4 58 4 4
4 60 9 2
4 61 2 3
4 62 2 9
4 63 1 2
4 64 7 8
4 65 10 6
4 66 7 2
4 67 10 4
4 68 3 3
4 69 9 7
4 70 9 4
4 71 8 3
4 72 1 9
4 73 2 7
4 74 10 6
4 75 2 8
4 76 9 1
4 77 7 7
4 79 6 4
4 80 10 4
4 81 4 2
4 82 8 7
4 84 9 5
4 85 8 3
4 87 4 9
4 88 5 4
4 89 1 7
4 90 6 5
4 91 5 7
4 92 3 1
4 93 4 7
4 95 3 3
4 96 1 5
4 97 6 8
4 98 8 3
4 100 6 10
5 6 5 1
5 7 7 8
5 9 2 9
5 10 2 5
5 12 1 6
5 13 5 3
5 14 7 2
5 15 10 3
5 16 1 3
5 17 2 7
5 19 6 2
5 20 4 10
5 21 2 10
5 22 9 3
5 23 10 3
5 24 7 4
5 25 2 4
5 26 7 9
5 27 1 6
5 28 8 2
5 30 8 9
5 31 7 3
5 32 7 5
5 33 9 5
5 35 4 5
5 36 3 5
5 37 7 4
5 38 3 7
5 40 9 4
5 43 6 3
5 46 8 10
5 47 2 5
5 48 4 6
5 53 10 9
5 54 7 5
5 55 2 3
5 56 10 2
5 57 5 10
5 59 6 9
5 60 8 1
5 61 6 2
5 63 10 5
5 64 8 3
5 66 2 10
5 67 8 10
5 68 8 4
5 69 7 4
5 70 4 8
5 71 7 2
5 72 4 4
5 73 5 9
5 74 8 4
5 77 7 9
5 78 8 3
5 79 2 9
5 80 3 5
5 81 2 8
5 83 1 1
5 84 7 8
5 85 7 4
5 86 5 2
5 87 6 9
5 88 7 8
5 89 3 7
5 90 4 10
5 91 6 2
5 92 2 2
5 93 6 5
5 94 4 5
5 95 6 4
5 96 7 9
5 97 8 3
5 100 9 4
6 8 7 9
6 9 8 1
6 10 1 7
6 11 9 10
6 12 1 8
6 13 6 4
6 14 4 9
6 16 1 10
6 17 5 7
6 18 1 4
6 19 2 4
6 20 9 10
6 21 10 6
6 22 1 6
6 23 8 7
6 25 10 6
6 26 9 10
6 28 6 10
6 29 1 8
6 30 2 2
6 32 4 4
6 33 7 1
6 34 5 6
6 35 5 4
6 36 5 10
6 37 7 4
6 38 4 7
6 39 1 10
6 40 3 1
6 42 1 5
6 44 1 5
6 45 7 1
6 46 6 9
6 48 3 9
6 49 3 4
6 50 8 7
6 54 5 5
6 55 4 2
6 56 7 8
6 57 1 3
6 60 7 4
6 61 2 9
6 62 8 9
6 63 2 1
6 66 2 6
6 67 10 6
6 68 8 3
6 69 7 10
6 70 3 10
6 72 2 3
6 73 8 6
6 74 3 3
6 75 10 7
6 76 7 7
6 78 7 1
6 79 2 4
6 81 7 8
6 82 5 3
6 83 8 7
6 84 4 8
6 85 7 10
6 86 2 6
6 87 2 7
6 88 7 8
6 89 9 8
6 91 6 7
6 92 7 7
6 93 6 3
6 94 4 5
6 95 2 3
6 96 8 10
6 97 6 2
6 98 1 9
6 99 5 9
7 8 5 1
7 9 10 4
7 10 8 4
7 11 5 2
7 12 7 5
7 14 9 7
7 15 3 4
7 17 2 5
7 18 3 1
7 19 6 10
7 20 1 8
7 21 5 5
7 22 9 7
7 23 7 1
7 26 7 8
7 27 7 4
7 28 2 8
7 29 3 4
7 31 9 10
7 32 5 10
7 33 8 7
7 34 3 5
7 35 5 4
7 37 1 1
7 38 4 10
7 39 7 9
7 40 9 6
7 43 4 3
7 44 8 8
7 45 2 9
7 46 4 1
7 47 7 1
7 48 1 1
7 49 6 5
7 51 7 3
7 52 10 4
7 54 2 1
7 55 2 1
7 57 7 5
7 59 2 5
7 61 2 5
7 63 10 9
7 64 10 8
7 65 8 2
7 66 5 10
7 68 4 4
7 69 9 6
7 70 8 7
7 71 8 5
7 72 1 9
7 73 4 1
7 74 3 10
7 75 7 4
7 77 2 6
7 78 9 5
7 79 6 8
7 80 6 3
7 81 6 7
7 82 8 6
7 83 9 3
7 85 8 4
7 86 8 4
7 87 5 8
7 88 5 3
7 89 4 9
7 91 3 6
7 92 3 7
7 93 6 9
7 95 2 5
7 96 1 8
7 97 6 10
7 99 2 10
7 100 10 9
8 9 2 2
8 10 9 3
8 11 1 3
8 13 9 10
8 14 3 4
8 15 3 10
8 16 8 1
8 17 2 7
8 18 6 4
8 20 9 9
8 21 8 5
8 23 7 9
8 24 7 2
8 26 1 1
8 28 9 3
8 29 5 6
8 30 2 3
8 31 6 1
8 32 4 2
8 33 4 1
8 34 7 4
8 35 1 5
8 36 3 8
8 37 1 8
8 38 10 2
8 39 5 10
8 40 3 4
8 41 8 10
8 42 7 9
8 43 7 4
8 44 3 8
8 45 5 2
8 46 7 6
8 47 5 3
8 48 1 8
8 49 6 7
8 50 7 8
8 53 2 7
8 54 10 9
8 55 9 9
8 56 1 7
8 58 3 4
8 59 10 10
8 61 9 3
8 62 1 7
8 63 9 10
8 66 5 7
8 67 5 4
8 69 10 1
8 70 8 7
8 71 1 4
8 74 4 4
8 75 10 10
8 77 4 3
8 78 9 5
8 79 2 4
8 80 5 8
8 81 3 9
8 82 2 10
8 84 5 3
8 85 7 3
8 87 1 3
8 90 2 3
8 91 8 10
8 92 3 6
8 93 6 7
8 95 8 6
8 96 3 5
8 98 8 6
8 99 6 6
8 100 10 9
9 10 8 5
9 11 3 7
9 12 9 8
9 13 10 9
9 14 6 8
9 15 2 9
9 16 6 6
9 18 6 10
9 19 4 3
9 20 6 1
9 21 8 7
9 22 9 3
9 23 8 2
9 24 1 2
9 27 4 4
9 28 8 7
9 29 10 4
9 30 3 4
9 31 6 7
9 32 1 10
9 34 7 3
9 35 4 7
9 36 8 3
9 37 8 3
9 40 1 6
9 41 6 4
9 42 8 4
9 43 4 9
9 44 9 10
9 45 1 2
9 47 7 6
9 49 6 1
9 50 5 1
9 51 4 4
9 52 6 4
9 53 6 8
9 54 4 2
9 55 2 1
9 56 2 3
9 58 4 4
9 59 7 10
9 60 3 9
9 61 2 2
9 62 9 6
9 63 1 10
9 64 3 9
9 65 8 2
9 66 4 10
9 67 1 8
9 68 2 10
9 69 2 7
9 70 2 8
9 71 6 1
9 72 7 7
9 74 3 4
9 75 4 1
9 76 4 6
9 79 2 7
9 81 1 2
9 82 2 10
9 83 9 9
9 84 1 2
9 85 2 2
9 86 6 6
9 87 5 4
9 88 9 10
9 89 10 4
9 90 4 10
9 91 10 6
9 92 10 9
9 93 8 3
9 94 10 5
9 95 3 5
9 97 6 10
9 98 10 6
9 99 2 2
9 100 5 1
10 11 10 6
10 12 2 5
10 13 3 10
10 14 10 5
10 15 3 5
10 16 2 4
10 17 8 8
10 19 3 3
10 21 1 7
10 22 1 9
10 23 1 5
10 24 5 1
10 25 4 2
10 26 9 7
10 27 2 9
10 28 5 5
10 29 10 9
10 30 3 4
10 31 9 6
10 32 10 6
10 33 1 4
10 35 9 6
10 37 8 9
10 38 7 10
10 39 9 10
10 40 9 10
10 41 6 8
10 42 6 3
10 43 9 8
10 44 4 8
10 46 10 9
10 47 4 1
10 48 3 1
10 49 2 9
10 52 8 7
10 53 2 5
10 55 3 5
10 57 9 1
10 58 3 7
10 59 1 4
10 60 2 6
10 63 6 5
10 64 3 2
10 66 2 10
10 67 6 9
10 68 5 9
10 70 9 10
10 71 2 2
10 72 8 1
10 73 4 2
10 74 6 2
10 75 3 5
10 76 4 4
10 77 5 8
10 79 2 3
10 81 8 9
10 82 2 4
10 83 4 2
10 84 6 3
10 85 6 5
10 86 3 10
10 87 1 1
10 88 2 9
10 89 5 5
10 90 10 7
10 91 7 10
10 92 8 10
10 94 8 7
10 95 6 2
10 96 3 9
10 97 8 9
10 98 9 2
10 99 5 5
10 100 10 4
11 14 8 3
11 17 5 7
11 18 7 4
11 19 2 5
11 20 8 9
11 21 1 9
11 23 3 3
11 24 1 10
11 25 6 3
11 26 9 6
11 28 8 2
11 31 8 3
11 32 2 2
11 34 6 8
11 37 9 8
11 38 5 4
11 39 4 3
11 40 7 3
11 41 7 4
11 42 1 5
11 43 1 10
11 44 5 6
11 45 2 2
11 47 9 3
11 48 6 4
11 49 9 8
11 50 8 3
11 51 4 10
11 52 1 2
11 53 1 9
11 55 7 7
11 56 2 4
11 59 7 4
11 60 7 8
11 61 6 2
11 62 5 8
11 63 1 1
11 64 2 2
11 65 10 10
11 67 7 7
11 68 7 8
11 69 10 4
11 70 1 4
11 71 7 5
11 72 6 3
11 74 6 9
11 75 5 4
11 76 8 5
11 78 7 9
11 79 5 2
11 80 1 4
11 81 3 8
11 82 2 6
11 83 5 9
11 84 10 7
11 85 6 5
11 86 3 10
11 87 5 2
11 89 6 3
11 90 4 7
11 92 9 1
11 93 10 7
11 94 9 1
11 95 3 5
11 96 2 6
11 97 5 1
11 99 4 8
12 13 1 3
12 14 2 10
12 15 2 9
12 16 1 4
12 17 1 9
12 18 2 4
12 19 2 7
12 20 1 7
12 21 9 8
12 22 2 9
12 23 3 2
12 24 2 10
12 27 7 10
12 28 8 8
12 29 4 5
12 30 9 2
12 31 1 2
12 32 3 5
12 33 3 1
12 34 8 8
12 35 8 2
12 37 5 2
12 38 9 7
12 39 9 8
12 40 7 3
12 41 9 6
12 42 2 5
12 43 7 5
12 44 6 1
12 45 9 9
12 46 3 8
12 47 1 5
12 48 10 4
12 49 6 7
12 50 9 8
12 51 7 3
12 52 5 1
12 53 7 10
12 54 7 9
12 55 6 9
12 56 9 7
12 57 8 2
12 59 6 8
12 60 9 6
12 61 4 10
12 62 4 3
12 63 1 7
12 64 6 6
12 65 4 8
12 66 8 2
12 67 1 2
12 68 10 8
12 69 8 9
12 70 9 1
12 71 4 4
12 72 5 9
12 73 5 1
12 74 9 9
12 75 10 5
12 76 2 9
12 77 3 3
12 79 3 9
12 80 8 9
12 81 10 4
12 82 1 9
12 83 4 9
12 84 8 3
12 85 8 7
12 86 7 8
12 87 3 9
12 88 1 2
12 89 8 6
12 91 9 10
12 92 6 2
12 93 1 10
12 94 7 5
12 95 3 9
12 96 3 7
12 97 4 8
12 98 8 7
12 99 10 9
12 100 2 9
13 16 10 2
13 17 6 6
13 18 5 2
13 19 1 6
13 20 4 8
13 21 7 5
13 23 2 4
13 24 10 1
13 25 7 7
13 27 8 7
13 28 1 1
13 29 9 2
13 30 6 1
13 31 7 4
13 32 5 7
13 34 8 9
13 35 8 7
13 37 2 3
13 38 9 2
13 39 8 2
13 40 7 8
13 41 5 10
13 43 4 4
13 44 2 1
13 45 2 1
13 46 5 6
13 47 8 8
13 48 4 3
13 49 7 1
13 50 3 6
13 51 10 9
13 52 9 5
13 53 8 2
13 54 7 9
13 56 7 5
13 57 1 1
13 58 6 6
13 59 5 4
13 60 2 7
13 62 4 10
13 63 4 2
13 64 5 5
13 65 4 9
13 68 3 10
13 69 10 4
13 70 5 10
13 71 9 2
13 72 9 8
13 74 7 5
13 75 9 4
13 76 2 1
13 78 5 1
13 79 9 6
13 82 2 8
13 84 2 1
13 85 1 7
13 87 6 10
13 88 4 6
13 89 3 8
13 90 10 3
13 91 6 6
13 92 9 7
13 93 5 2
13 94 3 9
13 96 5 4
13 97 9 7
13 98 1 8
13 99 3 4
13 100 3 8
14 15 4 3
14 16 6 2
14 17 9 2
14 19 6 9
14 20 1 2
14 21 3 1
14 22 3 5
14 23 2 7
14 24 1 7
14 25 5 6
14 26 8 5
14 28 7 5
14 29 1 7
14 30 7 4
14 32 7 4
14 34 10 1
14 35 2 1
14 36 7 8
14 37 3 6
14 38 8 8
14 39 2 1
14 40 6 6
14 41 1 2
14 42 4 1
14 44 6 8
14 45 1 1
14 46 6 6
14 47 3 8
14 48 1 7
14 49 5 6
14 50 5 8
14 52 4 5
14 56 2 7
14 58 8 10
14 59 7 2
14 61 2 3
14 63 6 2
14 64 5 3
14 65 10 7
14 66 9 4
14 67 8 6
14 71 7 4
14 72 6 3
14 73 5 1
14 74 8 6
14 76 1 4
14 77 3 7
14 78 5 3
14 79 2 6
14 80 7 2
14 81 1 5
14 83 5 7
14 84 4 9
14 85 10 5
14 86 1 1
14 87 10 8
14 88 6 5
14 91 9 6
14 92 9 5
14 93 9 7
14 94 9 8
14 95 9 4
14 97 6 1
14 98 9 5
14 100 5 7
15 16 8 3
15 17 2 3
15 19 3 10
15 22 9 3
15 23 7 7
15 25 7 1
15 27 6 1
15 29 1 7
15 30 4 9
15 31 1 9
15 32 3 7
15 33 10 5
15 34 10 1
15 35 1 3
15 36 9 7
15 37 9 6
15 38 3 9
15 40 9 7
15 41 5 10
15 42 6 4
15 43 6 2
15 44 10 6
15 45 5 3
15 46 5 4
15 47 5 1
15 48 5 10
15 50 1 7
15 51 5 2
15 52 4 5
15 53 10 10
15 54 10 3
15 56 3 4
15 57 5 10
15 59 2 1
15 60 5 3
15 61 10 7
15 63 8 7
15 64 3 5
15 66 6 10
15 67 10 3
15 68 10 4
15 69 7 2
15 70 3 5
15 71 7 5
15 72 6 8
15 74 2 7
15 75 4 2
15 76 1 1
15 77 5 7
15 78 5 4
15 79 6 10
15 80 6 7
15 81 5 1
15 82 3 9
15 83 6 7
15 85 1 6
15 86 2 4
15 87 8 10
15 88 2 8
15 89 10 5
15 90 1 8
15 91 6 6
15 92 1 2
15 93 4 10
15 94 8 1
15 96 5 8
15 97 4 5
15 98 7 2
16 17 10 6
16 18 10 8
16 19 9 3
16 20 1 7
16 22 1 4
16 23 9 4
16 24 1 8
16 25 3 1
16 26 2 6
16 27 2 9
16 28 9 9
16 29 3 3
16 30 10 10
16 32 10 10
16 33 7 3
16 35 7 2
16 36 2 10
16 37 3 5
16 38 2 6
16 39 6 10
16 40 9 5
16 42 8 8
16 43 1 8
16 45 8 6
16 46 1 10
16 47 6 5
16 48 9 1
16 49 10 10
16 50 8 6
16 52 9 3
16 53 6 2
16 54 4 6
16 55 6 6
16 56 4 5
16 57 3 8
16 58 9 9
16 59 1 8
16 60 1 5
16 61 6 9
16 63 9 2
16 64 6 2
16 66 4 3
16 67 3 1
16 68 4 2
16 69 3 4
16 70 7 4
16 71 10 10
16 74 2 5
16 75 4 1
16 76 10 10
16 77 6 2
16 79 2 5
16 80 6 10
16 81 6 9
16 83 10 2
16 84 1 2
16 85 8 2
16 86 6 4
16 89 6 4
16 90 2 3
16 91 10 1
16 92 10 10
16 93 2 2
16 95 2 2
16 97 2 10
16 98 10 1
16 99 4 3
16 100 7 8
17 18 4 8
17 20 2 7
17 21 10 7
17 22 2 8
17 23 5 7
17 24 6 1
17 25 2 2
17 26 5 6
17 27 6 1
17 29 4 2
17 30 4 5
17 31 8 7
17 32 9 7
17 35 4 6
17 37 10 1
17 38 2 4
17 39 2 4
17 40 7 6
17 41 3 9
17 42 9 5
17 43 6 7
17 45 2 10
17 46 8 1
17 47 10 9
17 48 8 3
17 49 7 2
17 50 4 5
17 53 7 9
17 55 10 4
17 56 5 10
17 57 9 1
17 58 6 10
17 60 4 6
17 61 5 2
17 62 2 6
17 63 1 6
17 67 6 2
17 68 3 10
17 69 8 9
17 70 6 7
17 71 3 10
17 72 10 3
17 73 3 5
17 74 6 8
17 77 10 9
17 79 7 5
17 80 1 4
17 82 2 7
17 84 7 8
17 85 3 4
17 86 3 7
17 88 4 8
17 89 10 5
17 90 6 2
17 91 10 3
17 92 6 10
17 93 3 8
17 94 2 3
17 95 3 4
17 96 2 6
17 97 7 5
17 98 5 10
17 99 2 6
18 19 3 4
18 20 6 6
18 21 1 6
18 22 10 8
18 23 2 8
18 24 1 10
18 26 1 8
18 28 7 1
18 29 7 2
18 30 9 10
18 31 6 7
18 34 2 9
18 35 5 6
18 36 5 8
18 37 5 8
18 39 10 5
18 40 8 7
18 41 8 9
18 42 4 9
18 43 9 4
18 44 5 6
18 46 9 9
18 47 8 5
18 48 4 3
18 50 9 10
18 51 1 9
18 52 4 4
18 53 7 10
18 54 9 3
18 56 7 10
18 57 4 2
18 58 9 10
18 59 8 4
18 60 6 7
18 62 7 6
18 63 1 6
18 64 4 1
18 65 5 10
18 66 3 8
18 68 9 4
18 69 8 4
18 70 2 1
18 71 3 4
18 75 6 6
18 76 2 8
18 77 6 7
18 78 10 7
18 80 5 7
18 81 10 2
18 82 8 6
18 83 9 8
18 84 10 9
18 85 5 1
18 86 5 10
18 88 2 6
18 89 5 5
18 90 1 10
18 91 8 2
18 92 10 2
18 93 5 7
18 94 4 4
18 95 7 9
18 96 6 3
18 97 4 9
18 98 6 8
18 99 4 5
18 100 9 8
19 20 8 4
19 21 7 6
19 22 5 3
19 25 5 1
19 28 5 6
19 29 6 7
19 30 8 3
19 31 4 3
19 32 8 6
19 33 5 4
19 34 1 10
19 35 3 6
19 37 1 3
19 38 7 2
19 39 6 7
19 40 8 8
19 41 3 10
19 42 7 7
19 43 3 6
19 44 5 6
19 45 4 1
19 46 10 4
19 47 10 9
19 48 4 8
19 49 9 1
19 50 4 2
19 51 10 2
19 52 10 4
19 53 1 3
19 54 1 9
19 55 9 3
19 57 3 2
19 58 5 4
19 61 5 10
19 62 10 4
19 63 7 2
19 64 9 4
19 67 10 8
19 69 6 2
19 70 10 1
19 71 5 10
19 72 1 10
19 73 4 6
19 74 2 7
19 75 9 3
19 78 6 2
19 79 4 2
19 80 6 5
19 81 10 6
19 83 1 9
19 84 4 1
19 87 6 5
19 88 5 3
19 89 6 8
19 90 1 6
19 91 4 4
19 92 9 6
19 93 9 5
19 94 6 3
19 95 10 2
19 96 8 3
19 97 7 7
19 98 2 1
19 99 8 1
19 100 9 4
20 23 1 2
20 24 1 3
20 25 5 3
20 28 10 4
20 30 7 7
20 31 4 8
20 32 6 4
20 33 1 5
20 34 10 2
20 35 9 2
20 36 2 2
20 37 9 4
20 38 4 2
20 39 7 1
20 42 9 1
20 44 1 8
20 45 3 8
20 46 6 7
20 47 1 6
20 48 1 2
20 49 4 8
20 50 3 8
20 51 2 5
20 53 8 8
20 55 1 3
20 56 5 7
20 57 9 9
20 58 8 4
20 59 1 2
20 61 1 8
20 64 6 7
20 65 3 3
20 67 2 5
20 69 1 1
20 71 8 4
20 73 1 8
20 76 4 4
20 78 8 1
20 79 8 10
20 80 2 2
20 81 6 9
20 82 7 10
20 83 2 9
20 84 4 6
20 88 7 9
20 89 3 2
20 90 1 1
20 92 5 6
20 93 3 2
20 94 9 8
20 95 6 8
20 96 2 7
20 97 8 4
20 99 3 10
21 22 5 10
21 23 2 8
21 25 5 6
21 26 9 3
21 27 1 5
21 28 2 4
21 29 3 1
21 30 7 2
21 31 8 3
21 32 3 7
21 35 6 6
21 36 5 10
21 37 2 2
21 38 1 9
21 40 3 4
21 41 7 6
21 42 3 1
21 43 5 1
21 44 8 10
21 45 3 3
21 46 6 2
21 47 6 1
21 48 4 7
21 49 7 2
21 50 2 1
21 51 10 5
21 52 4 8
21 54 2 9
21 55 4 3
21 57 4 4
21 59 1 6
21 60 3 5
21 61 9 8
21 63 3 10
21 65 10 6
21 66 4 8
21 67 2 3
21 69 9 6
21 70 1 7
21 71 2 5
21 72 6 10
21 73 5 8
21 74 4 10
21 76 5 4
21 78 6 3
21 81 5 1
21 82 2 2
21 83 8 2
21 85 2 6
21 86 8 6
21 87 8 4
21 88 10 6
21 89 5 4
21 90 7 8
21 91 6 9
21 93 1 10
21 94 8 3
21 95 7 1
21 96 5 10
21 97 2 2
21 98 4 4
21 99 4 9
21 100 1 10
22 23 5 7
22 24 6 4
22 26 1 9
22 27 5 7
22 28 2 5
22 29 8 4
22 30 6 3
22 34 9 3
22 35 5 2
22 36 7 7
22 37 5 8
22 38 10 1
22 39 8 8
22 40 5 7
22 41 2 9
22 42 5 1
22 43 9 4
22 44 8 8
22 45 1 10
22 46 9 4
22 48 1 1
22 50 1 1
22 51 2 3
22 52 3 6
22 53 2 7
22 55 5 2
22 57 7 3
22 59 10 3
22 61 2 7
22 62 6 10
22 65 2 10
22 66 6 3
22 67 5 3
22 68 8 9
22 70 6 10
22 71 9 8
22 72 4 1
22 73 10 9
22 74 8 10
22 75 5 2
22 76 7 3
22 77 3 2
22 78 5 2
22 80 2 3
22 81 10 8
22 82 7 9
22 83 9 9
22 84 2 2
22 85 2 2
22 87 3 7
22 88 1 3
22 89 3 2
22 90 9 3
22 91 5 5
22 92 7 4
22 93 3 2
22 94 4 8
22 95 5 1
22 98 7 8
22 99 6 9
23 24 7 7
23 25 6 10
23 26 6 10
23 28 8 5
23 29 5 6
23 30 5 6
23 31 6 3
23 32 8 3
23 33 1 9
23 34 8 2
23 35 8 2
23 36 1 2
23 37 5 5
23 38 5 9
23 39 1 9
23 40 8 7
23 41 5 8
23 43 9 5
23 44 3 9
23 45 2 3
23 46 2 1
23 47 9 2
23 48 4 8
23 49 4 3
23 50 1 10
23 52 6 9
23 54 3 9
23 56 1 2
23 57 10 4
23 58 2 3
23 59 8 8
23 60 5 3
23 61 4 4
23 62 1 9
23 63 4 4
23 64 2 10
23 68 6 7
23 69 3 5
23 70 1 3
23 72 3 1
23 73 4 8
23 74 3 5
23 75 4 1
23 76 5 9
23 78 4 3
23 79 9 8
23 80 5 5
23 81 7 10
23 82 1 4
23 83 7 6
23 84 4 10
23 88 5 2
23 91 3 4
23 93 2 1
23 94 2 8
23 96 1 4
23 97 5 7
23 98 8 4
23 99 1 10
23 100 10 1
24 25 1 5
24 27 5 6
24 28 10 4
24 30 5 7
24 31 8 1
24 32 2 10
24 33 4 1
24 34 6 3
24 35 1 9
24 36 4 5
24 38 7 7
24 39 7 8
24 40 3 10
24 43 8 3
24 44 4 1
24 45 8 2
24 46 9 10
24 47 8 4
24 49 9 3
24 50 10 8
24 52 7 4
24 54 4 1
24 55 8 7
24 57 8 4
24 58 1 1
24 59 6 6
24 61 7 5
24 62 4 8
24 63 1 8
24 64 1 9
24 65 9 3
24 66 2 4
24 68 9 3
24 69 3 10
24 71 5 5
24 73 3 3
24 74 4 9
24 75 2 10
24 76 4 8
24 77 6 9
24 78 3 4
24 80 4 4
24 81 4 3
24 82 2 4
24 83 6 5
24 84 2 4
24 85 9 2
24 87 1 1
24 89 3 5
24 90 1 4
24 91 7 4
24 92 2 7
24 93 5 6
24 94 1 4
24 95 8 3
24 96 4 7
24 97 9 4
24 98 4 5
24 99 5 10
24 100 7 9
25 26 7 10
25 27 1 6
25 28 10 9
25 29 9 1
25 30 1 6
25 31 1 2
25 32 9 2
25 33 2 7
25 34 2 1
25 35 10 4
25 36 1 3
25 37 8 1
25 38 6 7
25 41 8 10
25 43 6 7
25 44 10 1
25 45 2 8
25 46 8 2
25 47 2 10
25 48 4 10
25 50 5 1
25 51 9 8
25 52 7 5
25 53 10 3
25 54 3 1
25 56 8 2
25 57 8 3
25 58 7 2
25 59 10 6
25 60 4 1
25 61 2 2
25 62 6 5
25 63 10 6
25 64 1 10
25 66 10 4
25 67 1 9
25 68 9 8
25 69 10 1
25 71 9 4
25 73 6 8
25 74 8 3
25 75 3 1
25 76 7 9
25 77 4 6
25 78 8 8
25 79 8 6
25 81 10 7
25 82 3 10
25 83 6 2
25 84 1 8
25 85 4 9
25 86 1 5
25 87 8 3
25 88 2 5
25 89 2 4
25 91 5 9
25 92 1 2
25 93 6 10
25 94 7 3
25 95 4 2
25 96 7 1
25 99 7 9
25 100 4 3
26 27 1 1
26 28 9 3
26 29 5 1
26 30 8 8
26 31 6 9
26 33 1 7
26 34 6 3
26 35 3 4
26 36 9 7
26 37 4 9
26 38 5 10
26 39 2 9
26 40 1 3
26 41 2 10
26 42 10 5
26 43 5 6
26 45 4 10
26 46 10 1
26 47 4 1
26 48 2 5
26 49 3 1
26 50 4 9
26 51 10 3
26 52 3 8
26 53 1 4
26 54 4 5
26 55 3 2
26 56 4 2
26 57 5 7
26 58 6 7
26 59 5 2
26 60 5 5
26 61 6 10
26 62 2 4
26 63 8 10
26 65 6 4
26 66 3 10
26 67 9 10
26 68 5 3
26 71 7 3
26 73 5 5
26 74 4 3
26 75 9 4
26 76 1 2
26 79 3 7
26 80 1 2
26 83 7 5
26 84 7 6
26 85 5 10
26 86 1 8
26 90 5 7
26 91 1 6
26 92 1 10
26 93 2 6
26 94 7 4
26 95 6 3
26 96 4 1
26 97 8 8
26 98 1 4
26 99 3 2
26 100 3 4
27 28 6 7
27 29 6 10
27 30 7 5
27 31 10 5
27 32 2 9
27 33 1 3
27 35 9 4
27 36 8 8
27 37 4 10
27 39 4 8
27 40 2 6
27 41 6 3
27 42 10 6
27 43 8 1
27 44 7 4
27 45 6 8
27 46 8 8
27 47 3 10
27 48 2 1
27 49 2 3
27 50 7 2
27 51 9 3
27 53 3 1
27 55 5 5
27 56 7 5
27 58 10 7
27 59 10 1
27 60 6 7
27 61 4 6
27 62 8 8
27 63 2 10
27 64 9 1
27 65 5 6
27 68 9 9
27 69 3 1
27 71 8 6
27 72 3 1
27 73 2 8
27 74 9 7
27 75 10 9
27 76 5 10
27 77 9 3
27 78 10 9
27 79 4 8
27 80 4 9
27 81 9 8
27 82 2 3
27 84 7 9
27 85 7 9
27 86 8 8
27 88 1 7
27 89 8 7
27 90 9 8
27 91 9 7
27 92 9 2
27 93 7 7
27 94 3 3
27 95 9 9
27 98 5 1
27 99 2 4
28 29 2 6
28 31 3 2
28 32 4 8
28 33 10 5
28 34 3 3
28 35 9 6
28 36 8 2
28 39 6 6
28 40 8 5
28 41 1 10
28 42 6 4
28 43 7 5
28 44 2 8
28 45 9 4
28 46 6 7
28 48 6 9
28 49 3 8
28 50 3 2
28 51 2 8
28 53 9 9
28 55 5 9
28 56 5 4
28 57 4 4
28 58 8 4
28 59 2 9
28 60 10 5
28 62 7 2
28 64 3 8
28 66 8 5
28 67 4 9
28 69 2 3
28 70 2 7
28 71 10 7
28 74 2 8
28 76 1 6
28 77 5 4
28 78 6 2
28 79 5 5
28 80 7 10
28 81 1 10
28 82 8 7
28 83 7 9
28 84 6 3
28 85 2 9
28 87 3 9
28 90 8 5
28 91 5 1
28 94 10 3
28 95 7 1
28 96 1 5
28 98 3 7
28 99 6 8
29 30 2 10
29 31 9 7
29 32 9 2
29 34 6 1
29 35 5 4
29 38 9 2
29 39 7 8
29 41 8 7
29 42 9 2
29 43 1 6
29 45 10 8
29 46 10 9
29 48 2 5
29 50 2 5
29 51 6 1
29 52 1 9
29 53 4 9
29 54 1 10
29 55 2 1
29 56 4 8
29 57 2 10
29 58 1 3
29 59 1 5
29 60 5 6
29 61 3 8
29 62 3 6
29 63 8 8
29 64 5 5
29 67 3 8
29 68 6 2
29 69 4 7
29 70 1 7
29 72 7 5
29 73 4 9
29 74 3 5
29 75 6 7
29 76 8 4
29 77 2 8
29 78 3 2
29 80 1 3
29 82 8 2
29 84 2 4
29 85 5 3
29 86 6 6
29 87 2 7
29 88 9 7
29 89 8 8
29 90 2 10
29 91 9 6
29 92 1 4
29 93 4 9
29 94 4 7
29 95 10 3
29 96 1 4
29 98 7 8
29 99 9 6
30 31 9 2
30 32 6 2
30 33 9 1
30 34 3 9
30 38 3 3
30 39 1 4
30 41 10 8
30 43 4 2
30 46 9 10
30 47 4 5
30 48 3 7
30 49 1 4
30 52 4 1
30 53 3 7
30 54 3 6
30 55 1 7
30 56 3 3
30 58 9 4
30 59 6 1
30 60 2 3
30 61 1 9
30 62 3 4
30 63 10 3
30 64 7 3
30 66 4 7
30 67 3 2
30 68 10 2
30 71 5 1
30 72 3 10
30 73 10 9
30 74 6 5
30 75 7 2
30 77 6 9
30 78 1 4
30 82 4 10
30 83 9 3
30 84 1 9
30 85 2 3
30 87 2 9
30 88 1 10
30 89 3 4
30 90 4 8
30 91 4 4
30 92 8 8
30 93 2 5
30 94 7 10
30 95 9 6
30 96 8 1
30 97 7 2
30 98 2 9
30 99 10 10
30 100 1 1
31 32 8 10
31 33 2 7
31 34 2 7
31 36 2 5
31 37 5 9
31 38 4 2
31 39 5 5
31 40 9 4
31 41 6 1
31 42 10 8
31 43 9 4
31 46 1 4
31 47 5 2
31 48 6 7
31 50 9 9
31 51 5 2
31 53 4 2
31 54 6 3
31 55 9 4
31 56 9 8
31 59 8 8
31 60 2 6
31 61 1 3
31 62 6 10
31 64 7 5
31 65 3 8
31 66 3 2
31 67 4 3
31 68 3 2
31 70 3 4
31 71 2 3
31 72 5 1
31 73 4 9
31 74 10 2
31 76 6 6
31 78 7 5
31 79 9 3
31 81 7 3
31 82 1 1
31 83 6 8
31 84 4 5
31 86 1 8
31 88 5 3
31 89 8 2
31 90 3 3
31 91 8 9
31 92 8 4
31 93 1 5
31 94 8 3
31 95 10 1
31 96 9 8
31 97 5 7
31 98 9 3
31 99 10 7
31 100 4 9
32 34 3 5
32 35 5 7
32 36 9 4
32 37 10 2
32 38 4 6
32 39 5 3
32 41 5 7
32 42 7 2
32 44 8 8
32 45 3 9
32 46 9 6
32 47 7 1
32 48 3 1
32 49 7 3
32 50 6 5
32 51 6 2
32 53 6 7
32 54 4 8
32 55 1 9
32 56 7 5
32 57 8 4
32 58 10 1
32 60 4 5
32 61 5 8
32 62 5 6
32 63 3 6
32 64 2 8
32 65 6 8
32 66 3 2
32 67 6 1
32 68 1 9
32 69 9 1
32 71 1 6
32 72 3 8
32 73 8 9
32 74 7 2
32 75 6 8
32 76 10 9
32 77 3 8
32 78 6 3
32 79 6 6
32 80 9 2
32 81 8 2
32 82 10 8
32 83 7 6
32 84 4 4
32 85 7 5
32 86 3 6
32 87 5 7
32 88 5 4
32 89 4 8
32 90 2 4
32 91 2 7
32 92 5 7
32 93 3 7
32 94 6 1
32 95 10 9
32 96 9 4
32 97 8 10
32 99 5 1
32 100 5 3
33 35 4 7
33 36 5 3
33 37 10 8
33 38 2 8
33 40 1 9
33 41 1 7
33 42 1 9
33 43 8 7
33 44 6 2
33 46 6 5
33 47 7 1
33 48 3 2
33 49 4 10
33 50 9 7
33 51 2 4
33 52 2 3
33 53 10 10
33 55 9 6
33 56 3 9
33 57 6 4
33 58 9 10
33 59 5 7
33 60 1 1
33 61 6 1
33 62 4 2
33 63 8 4
33 64 8 2
33 65 9 5
33 66 8 6
33 67 4 1
33 70 10 9
33 71 10 6
33 72 7 10
33 74 6 10
33 75 10 2
33 77 9 7
33 79 1 4
33 81 1 1
33 82 9 9
33 83 8 7
33 84 4 10
33 85 5 10
33 86 4 6
33 88 3 9
33 89 2 9
33 91 1 5
33 92 5 5
33 93 10 4
33 94 10 5
33 96 10 1
33 97 2 8
33 98 3 6
33 99 10 4
33 100 2 9
34 35 7 6
34 36 7 5
34 38 9 3
34 39 5 8
34 40 5 3
34 42 8 1
34 43 9 5
34 44 1 1
34 45 2 2
34 46 1 8
34 47 8 1
34 50 6 2
34 51 9 8
34 52 1 1
34 53 1 10
34 54 4 2
34 57 8 7
34 58 7 6
34 60 10 2
34 62 8 10
34 64 9 10
34 65 10 10
34 67 1 7
34 68 6 1
34 69 4 8
34 72 1 1
34 73 6 1
34 74 10 9
34 75 9 7
34 76 5 2
34 77 8 7
34 78 10 10
34 79 4 4
34 80 10 1
34 81 3 5
34 82 10 5
34 83 9 4
34 84 2 5
34 86 5 2
34 87 4 7
34 88 6 7
34 90 8 7
34 91 7 9
34 92 2 5
34 93 3 8
34 95 3 7
34 96 8 2
34 97 10 4
34 98 1 5
34 99 5 10
34 100 4 5
35 36 1 8
35 37 2 2
35 38 8 10
35 39 7 1
35 40 7 3
35 41 1 3
35 42 5 6
35 43 4 5
35 44 10 4
35 45 9 6
35 48 6 6
35 50 10 8
35 51 8 10
35 52 2 7
35 53 6 10
35 54 1 4
35 56 7 1
35 57 4 6
35 58 2 5
35 59 4 8
35 60 8 9
35 61 1 6
35 62 6 2
35 63 5 2
35 64 9 8
35 65 6 7
35 67 1 3
35 68 1 4
35 69 4 8
35 70 5 6
35 71 4 10
35 73 8 9
35 74 7 2
35 75 7 3
35 76 4 3
35 77 1 3
35 78 1 6
35 79 10 1
35 80 2 10
35 82 4 9
35 83 8 3
35 85 1 2
35 86 10 6
35 87 8 5
35 88 2 3
35 89 9 9
35 90 1 9
35 91 10 3
35 93 4 3
35 94 1 5
35 95 5 2
35 96 4 2
35 97 7 3
35 100 2 1
36 37 1 2
36 39 2 7
36 40 9 3
36 41 10 3
36 42 2 10
36 43 1 3
36 44 5 5
36 46 6 1
36 47 6 10
36 49 4 6
36 50 10 4
36 51 6 8
36 52 6 6
36 53 7 10
36 54 1 2
36 55 8 3
36 57 1 1
36 59 4 5
36 60 5 1
36 62 2 5
36 63 10 3
36 65 1 7
36 66 10 2
36 67 2 10
36 69 10 1
36 70 1 2
36 71 9 5
36 74 6 4
36 75 2 7
36 76 3 1
36 78 1 1
36 79 6 4
36 81 7 1
36 82 10 4
36 84 6 4
36 87 6 5
36 88 1 7
36 89 9 2
36 91 2 2
36 92 6 9
36 93 1 6
36 94 10 9
36 95 2 9
36 96 8 8
36 98 5 5
36 99 9 8
37 38 5 7
37 40 4 7
37 41 8 4
37 42 2 10
37 43 4 7
37 44 9 10
37 46 2 4
37 47 5 1
37 49 1 2
37 52 8 3
37 54 4 2
37 55 8 6
37 56 7 7
37 57 7 6
37 59 4 1
37 60 6 6
37 61 3 10
37 62 7 3
37 63 6 2
37 64 7 7
37 65 7 3
37 66 4 1
37 67 8 5
37 68 10 8
37 69 10 1
37 70 1 4
37 71 6 5
37 72 2 5
37 73 4 1
37 74 10 4
37 75 8 6
37 76 6 5
37 78 10 2
37 80 10 8
37 81 7 5
37 82 1 2
37 84 8 10
37 88 2 5
37 89 5 2
37 91 5 2
37 92 1 5
37 93 5 3
37 94 10 7
37 95 7 10
37 96 10 8
37 97 5 6
37 98 10 8
37 99 10 10
37 100 10 4
38 39 6 9
38 40 9 6
38 41 9 2
38 42 1 2
38 43 1 7
38 44 4 10
38 45 10 3
38 46 10 1
38 47 2 10
38 48 4 10
38 49 8 10
38 50 9 5
38 51 2 1
38 52 3 10
38 53 2 7
38 54 1 3
38 55 8 10
38 56 4 6
38 57 10 5
38 60 1 7
38 61 4 8
38 62 2 5
38 63 1 6
38 64 9 7
38 65 1 1
38 69 10 10
38 70 1 7
38 71 9 8
38 73 3 10
38 74 9 9
38 75 10 6
38 76 3 2
38 77 6 1
38 79 5 2
38 80 5 6
38 83 1 3
38 84 4 8
38 85 4 1
38 87 5 3
38 89 2 8
38 90 2 4
38 91 6 8
38 92 3 3
38 93 6 1
38 94 1 4
38 95 6 3
38 97 5 1
38 98 3 5
38 100 8 7
39 40 10 6
39 42 9 10
39 43 4 7
39 44 9 6
39 45 9 5
39 46 4 5
39 48 3 9
39 49 3 9
39 50 10 3
39 51 2 5
39 52 9 7
39 54 2 3
39 56 6 2
39 57 8 10
39 58 3 9
39 59 8 9
39 60 6 7
39 61 6 10
39 62 5 6
39 63 10 4
39 65 2 4
39 66 1 6
39 67 7 5
39 69 1 5
39 70 5 2
39 71 9 1
39 72 9 8
39 74 5 4
39 75 4 2
39 76 4 1
39 77 3 8
39 78 3 4
39 79 8 8
39 80 2 10
39 81 5 7
39 82 2 7
39 83 4 3
39 84 10 7
39 85 4 8
39 86 4 2
39 87 10 3
39 88 4 8
39 90 7 3
39 91 1 1
39 92 5 1
39 93 10 5
39 96 8 10
39 97 4 6
39 99 6 7
39 100 6 1
40 41 10 10
40 42 3 1
40 44 4 7
40 45 10 5
40 46 2 7
40 48 3 2
40 49 8 6
40 50 2 9
40 51 9 7
40 53 2 5
40 54 6 7
40 55 4 4
40 56 4 3
40 57 9 10
40 59 9 7
40 60 1 10
40 61 8 9
40 62 10 9
40 63 8 8
40 64 2 3
40 65 10 3
40 67 3 4
40 68 7 8
40 70 8 5
40 71 1 5
40 72 1 1
40 74 1 8
40 77 7 9
40 78 5 5
40 79 7 7
40 82 4 5
40 85 10 5
40 87 2 2
40 88 7 2
40 89 4 8
40 90 5 4
40 91 4 5
40 92 5 4
40 93 10 8
40 95 5 6
40 96 6 8
40 97 1 8
40 98 7 10
40 99 10 6
41 42 1 9
41 43 5 7
41 44 3 10
41 45 7 4
41 47 6 7
41 48 1 7
41 49 10 4
41 50 5 7
41 51 3 3
41 52 10 9
41 53 9 8
41 54 7 3
41 56 4 3
41 57 3 4
41 58 4 10
41 59 1 10
41 61 8 8
41 62 8 3
41 64 10 7
41 65 9 9
41 67 8 6
41 68 8 8
41 69 10 2
41 70 10 9
41 71 8 5
41 72 10 5
41 74 3 5
41 75 8 10
41 76 3 5
41 77 10 2
41 78 10 7
41 79 8 6
41 80 9 5
41 82 5 2
41 83 7 6
41 84 3 6
41 85 3 3
41 86 5 4
41 87 2 6
41 88 10 8
41 90 4 8
41 92 1 7
41 94 8 7
41 96 9 10
41 97 7 10
41 99 5 9
42 43 7 1
42 44 5 5
42 45 4 5
42 46 2 8
42 48 9 2
42 49 3 4
42 50 1 2
42 51 6 1
42 52 7 7
42 53 8 6
42 54 5 10
42 55 5 1
42 57 1 7
42 58 6 1
42 59 1 10
42 60 1 6
42 61 2 3
42 62 4 10
42 63 5 6
42 64 8 5
42 66 7 3
42 67 10 5
42 68 5 6
42 69 9 9
42 70 4 3
42 71 4 6
42 72 2 7
42 73 10 1
42 74 5 2
42 76 10 4
42 77 4 9
42 78 6 1
42 79 2 4
42 80 4 6
42 82 1 5
42 83 10 9
42 84 3 6
42 85 4 7
42 86 7 5
42 87 5 7
42 89 7 3
42 90 6 7
42 91 6 2
42 92 10 3
42 93 6 7
42 95 10 6
42 96 6 7
42 97 8 1
42 99 3 6
42 100 9 8
43 44 4 3
43 45 7 9
43 46 10 3
43 47 9 9
43 48 3 3
43 49 2 8
43 50 1 3
43 52 10 6
43 53 8 3
43 54 7 2
43 55 4 5
43 56 3 9
43 58 5 7
43 59 3 5
43 61 9 9
43 62 8 3
43 63 7 8
43 64 8 2
43 65 3 6
43 66 3 10
43 67 3 10
43 68 4 5
43 70 6 8
43 71 1 6
43 72 3 9
43 73 1 10
43 75 10 2
43 77 6 4
43 78 2 8
43 79 8 9
43 80 2 3
43 81 3 8
43 83 3 8
43 84 2 10
43 85 9 6
43 86 5 9
43 87 8 5
43 88 10 6
43 90 8 10
43 92 5 1
43 93 9 1
43 94 1 9
43 95 1 6
43 96 3 7
43 97 5 4
43 98 4 9
43 99 3 4
43 100 6 8
44 45 9 3
44 46 3 5
44 47 4 5
44 48 3 2
44 50 9 7
44 51 8 7
44 52 2 6
44 53 9 4
44 54 10 8
44 55 6 2
44 56 1 4
44 57 2 9
44 58 8 10
44 59 10 1
44 60 3 9
44 61 3 3
44 62 2 5
44 65 1 1
44 66 8 4
44 67 9 4
44 68 9 7
44 69 6 1
44 70 7 3
44 71 4 5
44 72 9 9
44 75 5 6
44 76 9 9
44 77 3 3
44 78 9 4
44 79 10 3
44 80 8 4
44 81 3 9
44 84 1 6
44 85 7 2
44 87 3 1
44 88 10 7
44 89 3 9
44 91 8 2
44 92 4 4
44 93 9 8
44 94 7 1
44 95 5 6
44 96 10 8
44 97 8 10
44 99 5 1
45 46 6 5
45 47 2 7
45 49 7 5
45 50 8 6
45 52 6 4
45 53 1 2
45 54 9 1
45 55 9 3
45 56 8 2
45 57 3 7
45 58 7 7
45 59 4 1
45 60 3 7
45 61 9 7
45 62 7 1
45 63 5 6
45 65 6 1
45 66 9 8
45 67 5 5
45 68 9 8
45 69 9 10
45 70 2 4
45 71 8 3
45 73 3 4
45 75 10 10
45 78 10 9
45 79 2 4
45 80 4 4
45 81 2 3
45 82 2 7
45 83 4 3
45 85 5 2
45 86 4 4
45 87 8 2
45 88 1 7
45 91 7 10
45 92 3 10
45 93 2 2
45 94 9 2
45 95 10 6
45 97 5 3
45 98 8 3
45 100 8 5
46 47 1 1
46 48 1 9
46 50 5 5
46 51 4 3
46 52 7 8
46 53 2 2
46 54 5 7
46 55 5 1
46 56 9 4
46 57 8 6
46 58 8 5
46 59 3 6
46 60 4 7
46 61 4 3
46 62 4 2
46 63 2 8
46 64 6 3
46 66 4 3
46 67 3 2
46 68 7 3
46 69 1 4
46 70 7 2
46 71 10 7
46 72 4 3
46 73 10 6
46 74 3 6
46 75 7 10
46 76 6 3
46 77 4 7
46 79 1 7
46 80 5 9
46 81 8 7
46 83 8 9
46 84 2 5
46 85 9 6
46 86 3 1
46 87 7 10
46 88 10 7
46 90 7 10
46 91 3 10
46 94 8 3
46 95 10 7
46 98 9 1
46 99 2 3
46 100 9 2
47 48 1 1
47 49 3 2
47 50 5 6
47 52 5 9
47 54 2 8
47 55 3 3
47 57 8 8
47 58 1 7
47 59 1 9
47 60 5 9
47 61 4 3
47 62 6 1
47 64 8 10
47 65 10 8
47 66 2 8
47 67 9 5
47 68 5 9
47 69 3 5
47 70 4 1
47 71 6 5
47 72 1 8
47 75 4 1
47 76 3 5
47 77 3 5
47 78 7 5
47 79 7 3
47 80 5 4
47 81 8 4
47 82 7 5
47 83 2 2
47 85 2 7
47 86 5 4
47 87 2 8
47 88 4 8
47 89 6 6
47 90 7 7
47 91 5 2
47 92 1 9
47 93 4 6
47 94 2 2
47 95 5 7
47 96 4 5
47 97 5 3
47 98 9 6
47 99 9 6
47 100 8 7
48 49 2 10
48 50 2 8
48 51 1 10
48 52 6 10
48 53 4 10
48 54 3 6
48 55 10 5
48 56 6 9
48 57 1 2
48 58 4 5
48 63 4 7
48 64 2 1
48 65 4 10
48 66 1 7
48 67 4 10
48 68 10 4
48 69 8 9
48 70 8 3
48 71 10 5
48 72 7 2
48 73 4 10
48 75 1 2
48 76 5 1
48 79 9 3
48 81 10 4
48 82 7 2
48 83 6 1
48 84 5 6
48 85 7 8
48 86 2 10
48 88 7 9
48 89 4 1
48 90 10 5
48 91 6 8
48 92 6 10
48 93 9 1
48 94 2 2
48 95 5 1
48 96 3 2
48 97 7 9
48 98 1 6
48 99 3 7
48 100 2 7
49 50 7 6
49 53 8 5
49 54 2 3
49 55 3 5
49 56 4 3
49 57 1 2
49 58 6 9
49 59 3 9
49 60 10 7
49 61 4 5
49 62 2 9
49 63 2 5
49 65 3 1
49 66 6 6
49 67 5 9
49 68 3 10
49 69 2 3
49 71 4 9
49 72 9 9
49 73 7 9
49 74 4 10
49 75 10 6
49 77 7 10
49 78 10 5
49 79 6 9
49 80 1 1
49 81 6 4
49 82 4 9
49 83 5 5
49 84 6 6
49 85 7 1
49 86 4 3
49 87 7 1
49 88 4 8
49 89 2 1
49 90 9 10
49 91 3 3
49 92 2 7
49 93 6 5
49 94 4 8
49 95 6 10
49 96 10 4
49 97 8 5
49 98 4 5
49 99 3 1
49 100 5 2
50 53 8 5
50 54 1 2
50 55 4 7
50 56 3 2
50 57 5 10
50 59 9 5
50 60 4 9
50 61 7 2
50 63 5 1
50 64 10 3
50 65 1 3
50 66 3 2
50 67 5 10
50 68 6 2
50 69 8 7
50 70 4 10
50 71 8 7
50 72 4 4
50 73 4 6
50 74 9 3
50 75 6 10
50 76 5 4
50 78 6 4
50 79 2 4
50 81 5 8
50 82 7 8
50 83 4 2
50 84 6 4
50 85 6 10
50 86 4 6
50 87 5 9
50 88 4 2
50 89 5 9
50 90 3 5
50 91 7 9
50 92 4 7
50 93 4 4
50 95 6 8
50 97 9 8
50 98 5 3
50 99 9 9
50 100 8 2
51 53 8 3
51 54 3 3
51 55 9 4
51 57 8 9
51 59 4 4
51 61 9 1
51 62 1 2
51 63 9 1
51 64 10 10
51 65 4 6
51 66 5 6
51 67 7 6
51 68 8 3
51 70 3 8
51 72 6 2
51 73 1 9
51 74 6 8
51 75 7 7
51 76 6 6
51 77 3 9
51 78 7 10
51 79 1 9
51 80 7 9
51 83 6 6
51 84 9 8
51 86 2 5
51 88 7 2
51 89 3 10
51 90 1 9
51 91 9 1
51 92 9 9
51 93 1 5
51 94 4 8
51 95 5 4
51 96 9 9
51 98 8 10
51 99 4 6
51 100 6 8
52 56 4 2
52 58 3 5
52 60 2 2
52 61 5 7
52 62 2 3
52 63 1 1
52 64 1 5
52 65 3 5
52 66 8 4
52 67 8 5
52 69 3 2
52 70 2 2
52 71 7 2
52 72 2 2
52 73 6 8
52 74 8 7
52 75 9 7
52 76 2 9
52 77 9 3
52 78 2 5
52 79 4 5
52 80 4 5
52 81 2 6
52 82 5 8
52 83 4 1
52 84 4 1
52 85 6 10
52 86 1 5
52 87 2 10
52 88 7 4
52 92 10 10
52 93 6 1
52 94 9 2
52 95 4 6
52 97 7 8
52 98 1 2
52 99 10 3
52 100 2 5
53 54 9 4
53 55 9 7
53 56 5 4
53 57 8 8
53 58 5 3
53 60 9 4
53 61 10 9
53 62 1 4
53 63 9 2
53 64 5 1
53 65 3 6
53 66 6 8
53 67 5 10
53 68 8 8
53 69 10 5
53 70 4 9
53 71 8 6
53 72 6 8
53 73 6 6
53 75 5 1
53 76 2 8
53 77 10 7
53 78 6 6
53 79 2 2
53 80 9 7
53 81 6 6
53 82 9 4
53 83 10 3
53 85 3 7
53 86 6 5
53 88 7 3
53 89 4 3
53 91 1 8
53 92 3 2
53 93 8 10
53 94 4 2
53 95 6 9
53 96 3 2
53 98 7 7
54 56 7 1
54 57 3 6
54 58 10 1
54 59 5 4
54 60 2 6
54 61 10 7
54 62 7 9
54 63 5 8
54 64 9 5
54 65 9 7
54 66 8 3
54 67 9 6
54 68 3 6
54 69 5 9
54 70 10 1
54 71 8 5
54 72 5 4
54 73 9 5
54 74 3 8
54 75 8 8
54 76 1 4
54 77 4 2
54 78 10 2
54 79 4 9
54 81 1 6
54 83 1 1
54 84 4 9
54 86 3 3
54 87 3 7
54 88 10 9
54 89 5 3
54 90 1 1
54 91 2 5
54 92 4 3
54 93 6 1
54 94 1 8
54 95 9 9
54 96 5 6
54 97 3 10
54 100 3 4
55 57 4 8
55 59 5 2
55 61 5 2
55 62 5 1
55 63 5 5
55 64 7 6
55 65 4 3
55 66 2 5
55 67 10 5
55 68 10 6
55 70 10 10
55 71 10 5
55 72 4 8
55 73 9 2
55 74 10 7
55 75 6 9
55 76 10 8
55 77 10 2
55 80 5 2
55 81 4 7
55 82 6 6
55 83 5 1
55 84 9 9
55 86 1 8
55 87 4 3
55 88 4 6
55 90 2 7
55 91 5 6
55 92 7 9
55 93 10 4
55 95 4 4
55 96 5 8
55 97 5 4
55 98 8 10
55 99 4 8
56 57 10 3
56 58 2 6
56 59 4 2
56 60 9 3
56 61 2 4
56 62 9 2
56 63 6 10
56 65 8 6
56 67 10 9
56 68 5 6
56 69 4 7
56 71 7 6
56 72 2 9
56 73 4 9
56 74 3 4
56 75 3 1
56 76 9 9
56 77 2 8
56 78 4 5
56 79 3 9
56 80 3 5
56 83 4 5
56 84 7 7
56 85 3 4
56 86 9 10
56 87 8 1
56 88 10 10
56 89 4 7
56 91 10 3
56 92 2 9
56 93 2 1
56 95 8 2
56 96 1 3
56 97 7 3
56 98 4 3
56 99 7 1
56 100 2 2
57 58 8 5
57 59 2 10
57 60 1 1
57 61 5 3
57 62 1 4
57 63 4 9
57 64 9 10
57 65 9 1
57 66 6 8
57 68 9 4
57 70 5 7
57 71 4 10
57 72 3 6
57 73 3 6
57 75 9 7
57 76 4 8
57 78 6 5
57 79 8 3
57 80 4 1
57 81 9 3
57 82 1 2
57 84 2 9
57 85 6 3
57 86 6 5
57 89 5 9
57 90 9 3
57 91 9 1
57 93 5 8
57 94 3 8
57 95 5 2
57 97 1 3
57 98 6 5
57 99 10 4
57 100 6 10
58 59 4 5
58 61 5 7
58 62 5 10
58 63 10 4
58 64 4 1
58 65 1 9
58 66 1 9
58 67 5 7
58 70 4 1
58 71 3 9
58 72 2 5
58 74 2 2
58 75 1 7
58 76 10 8
58 79 1 5
58 80 2 7
58 81 10 1
58 82 6 8
58 83 6 2
58 86 9 3
58 87 3 10
58 88 9 4
58 90 4 4
58 92 4 5
58 94 4 10
58 95 10 9
58 96 10 7
58 97 3 9
58 100 9 7
59 60 5 1
59 61 5 6
59 63 4 2
59 64 2 10
59 65 5 4
59 66 3 3
59 67 5 5
59 69 10 5
59 70 9 7
59 71 10 8
59 72 6 7
59 73 1 1
59 74 4 8
59 75 5 6
59 77 9 10
59 78 10 1
59 79 2 10
59 80 6 2
59 82 9 1
59 83 4 5
59 84 6 6
59 85 8 6
59 86 2 9
59 87 3 10
59 88 8 7
59 89 2 7
59 90 8 10
59 91 7 8
59 92 9 5
59 95 1 8
59 97 9 5
59 98 6 3
59 99 5 7
59 100 7 10
60 61 8 5
60 62 8 1
60 63 4 7
60 64 2 3
60 65 9 2
60 66 10 6
60 67 2 5
60 68 8 7
60 69 8 6
60 70 5 7
60 71 3 7
60 72 3 9
60 73 8 5
60 74 9 10
60 75 9 10
60 76 5 8
60 78 3 8
60 79 1 3
60 80 10 10
60 81 3 3
60 82 7 3
60 83 1 3
60 84 9 8
60 86 7 3
60 87 7 7
60 88 7 9
60 90 5 4
60 91 8 2
60 92 9 4
60 93 2 6
60 95 6 4
60 96 9 9
60 97 7 3
60 99 4 8
60 100 7 2
61 62 9 4
61 63 9 6
61 65 6 5
61 66 10 4
61 67 7 8
61 68 6 4
61 69 8 1
61 70 7 8
61 71 7 2
61 72 4 9
61 75 1 1
61 76 4 2
61 77 4 5
61 78 6 5
61 79 1 3
61 81 8 2
61 82 9 1
61 83 5 8
61 84 6 1
61 86 5 4
61 87 10 3
61 89 7 5
61 92 1 3
61 93 7 1
61 96 2 9
61 97 4 5
61 98 3 4
61 99 4 8
61 100 2 1
62 63 9 9
62 64 3 4
62 65 4 6
62 66 7 1
62 67 1 7
62 68 10 10
62 69 1 7
62 70 1 2
62 71 1 5
62 72 8 10
62 73 5 9
62 74 7 2
62 75 3 9
62 76 8 4
62 77 9 5
62 78 4 3
62 79 4 4
62 80 2 3
62 81 7 2
62 83 2 9
62 84 7 10
62 85 1 9
62 86 6 3
62 87 4 9
62 88 2 4
62 89 3 2
62 90 8 6
62 92 4 4
62 93 2 3
62 94 7 5
62 95 5 4
62 97 9 1
62 98 5 3
62 100 9 5
63 64 5 3
63 65 10 3
63 66 1 5
63 68 9 10
63 69 5 9
63 71 10 9
63 74 5 5
63 75 6 7
63 77 4 6
63 78 8 3
63 79 2 7
63 80 1 9
63 81 9 6
63 82 9 3
63 83 2 9
63 84 6 5
63 85 9 8
63 86 4 6
63 89 3 1
63 90 6 1
63 92 3 1
63 94 8 2
63 95 1 3
63 96 1 9
63 98 3 1
63 99 3 10
63 100 2 2
64 65 2 2
64 66 4 2
64 68 1 6
64 69 7 10
64 70 4 2
64 71 6 8
64 72 6 7
64 73 7 4
64 74 6 7
64 75 4 10
64 78 1 5
64 79 8 9
64 81 9 4
64 82 4 7
64 84 4 4
64 85 6 6
64 86 8 6
64 87 3 7
64 88 10 5
64 91 10 9
64 92 9 6
64 93 9 8
64 96 2 3
64 98 8 5
64 99 5 1
64 100 6 10
65 66 8 7
65 67 8 4
65 68 6 9
65 69 4 6
65 70 10 2
65 71 8 3
65 72 7 3
65 73 7 8
65 74 10 9
65 75 2 10
65 76 7 3
65 77 8 8
65 78 4 5
65 81 1 7
65 83 10 10
65 86 4 5
65 87 4 2
65 88 6 7
65 89 5 8
65 90 3 8
65 92 10 3
65 93 10 2
65 95 3 6
65 96 7 7
65 97 2 2
65 99 7 10
65 100 7 8
66 67 5 1
66 68 8 7
66 69 9 3
66 70 3 1
66 72 9 7
66 73 3 2
66 74 4 9
66 75 10 10
66 76 2 8
66 77 8 4
66 78 4 3
66 79 9 4
66 80 9 10
66 81 7 7
66 82 3 7
66 83 8 2
66 84 3 8
66 85 5 1
66 86 7 2
66 88 10 7
66 89 7 10
66 90 2 9
66 91 8 6
66 92 8 5
66 93 10 2
66 94 10 2
66 97 8 5
66 98 3 9
66 100 3 2
67 68 7 5
67 69 3 10
67 70 6 4
67 71 9 6
67 72 8 1
67 75 9 1
67 76 10 7
67 78 3 10
67 79 9 9
67 80 7 5
67 83 10 3
67 85 3 4
67 86 1 5
67 88 6 2
67 91 6 8
67 94 4 8
67 95 1 5
67 96 7 8
67 97 4 2
67 98 8 1
67 100 8 7
68 69 2 2
68 70 8 5
68 72 3 3
68 74 7 3
68 75 3 7
68 76 8 1
68 77 6 2
68 79 7 7
68 80 9 5
68 81 3 9
68 82 7 10
68 83 2 4
68 84 8 3
68 85 2 1
68 87 6 5
68 89 9 10
68 90 6 5
68 91 7 7
68 92 2 6
68 93 1 1
68 94 9 3
68 95 10 10
68 96 2 6
69 72 5 9
69 73 2 5
69 74 2 6
69 75 10 3
69 76 1 9
69 77 3 10
69 78 3 1
69 79 10 4
69 82 8 7
69 84 5 4
69 85 10 5
69 88 3 1
69 89 3 5
69 90 10 7
69 91 4 7
69 92 9 10
69 93 7 3
69 95 4 6
69 97 1 5
69 98 4 7
69 99 6 9
69 100 3 6
70 71 9 10
70 72 10 7
70 73 6 10
70 74 2 7
70 75 9 2
70 77 9 8
70 78 1 10
70 79 2 5
70 80 5 9
70 81 3 2
70 82 2 8
70 83 10 5
70 85 7 7
70 87 2 3
70 88 6 10
70 89 1 3
70 91 2 6
70 94 6 3
70 96 5 8
70 97 5 3
70 98 3 10
70 99 6 1
71 72 3 6
71 73 9 9
71 77 10 6
71 78 1 7
71 79 10 5
71 80 4 8
71 81 5 5
71 83 9 8
71 84 3 5
71 86 10 10
71 88 10 10
71 89 3 2
71 90 6 8
71 91 5 5
71 92 8 3
71 93 6 2
71 94 2 2
71 95 5 1
71 96 3 3
71 97 2 3
71 98 9 7
71 99 10 5
71 100 1 8
72 73 1 9
72 76 1 10
72 77 9 7
72 78 3 6
72 79 9 4
72 80 6 6
72 82 1 1
72 83 7 8
72 84 7 3
72 85 5 10
72 86 4 1
72 87 7 1
72 88 9 10
72 89 10 4
72 91 5 1
72 92 10 9
72 94 3 6
72 96 2 5
72 99 4 8
72 100 5 6
73 74 5 3
73 75 6 5
73 76 10 5
73 78 7 9
73 79 7 7
73 80 6 8
73 81 1 9
73 82 1 3
73 83 6 4
73 84 7 6
73 85 8 6
73 87 7 8
73 89 3 2
73 90 4 7
73 91 1 10
73 92 10 9
73 96 8 4
73 97 6 9
73 98 10 7
73 99 2 9
73 100 9 6
74 75 8 3
74 76 3 10
74 77 7 3
74 79 4 6
74 80 8 8
74 81 5 2
74 82 6 8
74 84 2 1
74 86 10 2
74 87 2 7
74 88 7 6
74 90 2 9
74 91 3 10
74 93 7 1
74 95 9 2
74 96 7 6
74 97 7 2
74 98 10 1
74 99 1 1
75 76 6 9
75 77 5 5
75 78 7 8
75 79 3 5
75 80 10 10
75 81 5 10
75 82 4 3
75 83 4 2
75 84 6 8
75 85 1 8
75 86 6 1
75 88 1 10
75 91 8 8
75 92 6 6
75 93 3 6
75 94 1 1
75 95 6 2
75 96 6 8
75 97 8 1
75 99 1 6
75 100 6 7
76 77 2 7
76 79 8 8
76 80 2 3
76 81 6 7
76 82 1 2
76 83 4 7
76 89 6 3
76 90 5 10
76 91 6 10
76 92 3 10
76 93 8 1
76 94 1 4
76 95 9 7
76 96 7 10
76 97 10 7
76 98 6 2
76 99 1 10
76 100 7 10
77 78 10 10
77 79 9 3
77 81 4 2
77 83 6 8
77 84 5 8
77 85 8 2
77 86 8 1
77 87 4 9
77 88 10 1
77 89 10 9
77 90 9 6
77 91 2 8
77 94 1 6
77 95 2 5
77 96 10 8
77 97 5 3
77 98 5 7
77 99 9 7
77 100 6 5
78 79 8 3
78 80 5 10
78 81 8 1
78 83 5 4
78 84 2 2
78 85 3 9
78 86 10 9
78 87 8 9
78 88 1 1
78 89 10 10
78 90 5 10
78 92 10 6
78 93 3 7
78 94 2 4
78 95 4 7
78 96 7 5
78 97 1 6
78 98 3 9
78 99 7 2
79 81 3 10
79 82 5 10
79 83 2 9
79 84 10 3
79 86 5 7
79 87 9 9
79 88 10 1
79 89 6 2
79 90 1 10
79 91 10 8
79 92 4 9
79 93 8 3
79 94 2 1
79 95 8 6
79 96 7 4
79 97 7 2
79 98 7 7
79 99 6 9
79 100 2 1
80 81 5 7
80 82 10 8
80 83 2 10
80 84 3 9
80 85 7 3
80 86 10 9
80 87 1 7
80 89 2 3
80 90 3 8
80 91 7 3
80 93 8 7
80 95 6 5
80 96 9 6
80 97 8 3
80 98 9 5
80 99 5 2
81 82 4 1
81 83 2 7
81 86 10 8
81 87 1 6
81 88 10 3
81 90 10 6
81 91 7 6
81 93 5 1
81 94 9 6
81 95 5 6
81 96 7 10
81 97 6 2
81 98 1 10
81 99 9 8
81 100 3 8
82 83 8 2
82 84 4 3
82 86 10 10
82 87 4 6
82 88 8 7
82 89 4 4
82 90 6 10
82 92 9 9
82 94 2 5
82 95 6 2
82 96 5 7
82 97 3 7
82 98 8 9
82 99 1 5
83 84 3 3
83 85 1 4
83 87 3 6
83 88 1 2
83 89 4 6
83 91 4 3
83 92 10 6
83 94 10 1
83 95 5 9
83 96 10 5
83 97 4 3
83 98 9 8
83 99 6 2
83 100 1 3
84 86 4 1
84 88 4 2
84 89 8 1
84 90 1 6
84 91 9 1
84 92 5 6
84 94 9 6
84 95 1 4
84 97 6 10
84 98 5 3
84 99 1 6
85 87 7 1
85 88 8 5
85 89 10 7
85 90 10 4
85 92 1 5
85 93 7 9
85 94 2 2
85 95 4 8
85 96 6 4
85 97 4 7
85 98 6 8
85 100 5 9
86 87 4 5
86 88 6 3
86 89 10 3
86 90 8 5
86 91 6 5
86 92 2 6
86 93 4 5
86 94 4 9
86 95 10 4
86 96 2 10
86 97 7 1
86 99 2 5
86 100 5 9
87 88 6 6
87 89 8 4
87 92 9 6
87 94 6 5
87 95 1 8
87 97 9 1
87 98 1 5
87 99 6 9
87 100 1 9
88 90 7 5
88 91 4 7
88 92 6 10
88 93 6 10
88 94 10 4
88 95 10 1
88 96 10 6
88 97 8 1
88 98 1 10
88 99 10 2
88 100 1 10
89 90 6 9
89 91 1 6
89 92 7 3
89 93 10 9
89 94 1 6
89 96 1 3
89 97 5 4
89 98 4 7
89 99 1 2
89 100 9 1
90 91 5 8
90 93 6 8
90 94 7 6
90 95 5 2
90 96 10 7
90 97 8 5
90 98 7 1
90 99 9 10
90 100 5 5
91 92 2 6
91 93 6 2
91 94 10 7
91 96 10 1
91 100 3 9
92 94 6 10
92 95 10 4
92 98 6 2
92 99 5 8
92 100 6 9
93 94 8 10
93 95 2 8
93 96 8 9
93 97 2 4
93 98 3 8
93 99 5 8
94 95 10 3
94 96 10 10
94 97 5 7
94 98 5 6
94 100 3 8
95 96 2 5
95 97 5 8
95 99 2 7
95 100 8 1
96 97 2 5
96 98 6 8
96 99 10 7
96 100 2 6
97 100 3 3
98 99 7 2
99 100 8 9
1
1 2 3 4 5 6 7 8 9 10 11 12 13 14 15 16 17 18 19 20 21 22 23 24 25 26 27 28 29 30 31 32 33 34 35 36 37 38 39 40 41 42 43 44 45 46 47 48 49 50
