3958
1 3 7 2
1 4 7 2
1 5 9 10
1 6 6 4
1 7 4 3
1 8 2 3
1 9 10 2
1 10 4 7
1 11 9 9
1 12 7 9
1 13 5 5
1 14 10 6
1 15 6 4
1 16 4 1
1 17 3 5
1 18 2 5
1 20 6 7
1 22 7 4
1 26 3 1
1 27 10 2
1 29 7 1
1 30 7 2
1 31 6 6
1 32 8 10
1 33 1 9
1 34 7 9
1 35 6 10
1 37 7 8
1 38 9 8
1 39 2 7
1 40 4 5
1 42 6 4
1 43 5 8
1 45 10 10
1 46 7 8
1 47 3 6
1 48 6 7
1 49 3 8
1 50 10 4
1 51 8 8
1 52 10 10
1 53 8 9
1 54 10 1
1 55 6 5
1 56 3 1
1 57 4 6
1 58 9 6
1 59 6 9
1 60 9 4
1 61 2 9
1 62 9 9
1 63 8 3
1 64 8 10
1 65 8 5
1 66 9 2
1 67 1 4
1 68 1 10
1 69 8 6
1 70 2 3
1 71 1 8
1 72 3 3
1 73 8 9
1 74 2 9
1 75 6 7
1 76 10 2
1 77 2 9
1 78 1 1
1 79 4 4
1 81 7 2
1 83 9 5
1 84 3 7
1 86 9 9
1 88 5 2
1 89 5 10
1 90 9 4
1 91 9 1
1 92 2 8
1 93 6 4
1 94 2 5
1 95 9 1
1 96 6 2
1 97 6 10
1 98 1 2
1 99 6 6
1 100 5 10
2 4 7 4
2 7 10 5
2 8 4 5
2 9 2 2
2 10 10 6
2 11 6 2
2 12 1 10
2 13 6 10
2 14 3 7
2 15 10 8
2 16 1 1
2 18 7 5
2 19 4 1
2 20 9 4
2 21 4 2
2 22 6 2
2 24 1 8
2 26 8 1
2 27 1 6
2 28 10 2
2 29 5 6
2 30 8 9
2 31 9 4
2 32 2 1
2 33 8 1
2 34 6 8
2 36 3 8
2 38 7 6
2 39 9 10
2 40 2 3
2 41 6 9
2 42 1 9
2 43 4 3
2 44 3 7
2 46 10 10
2 47 10 9
2 48 5 8
2 49 2 6
2 50 3 7
2 53 6 4
2 54 10 6
2 55 10 10
2 56 3 10
2 57 8 6
2 58 4 3
2 59 8 3
2 60 1 1
2 61 6 6
2 62 4 4
2 65 8 8
2 66 6 6
2 68 3 5
2 69 5 9
2 70 9 7
2 71 10 7
2 73 8 10
2 74 5 6
2 75 8 8
2 76 3 3
2 79 1 6
2 80 6 4
2 81 1 4
2 83 2 4
2 84 10 6
2 85 4 4
2 86 3 8
2 87 1 3
2 88 1 5
2 89 5 6
2 90 8 6
2 91 1 3
2 92 6 1
2 93 6 7
2 95 2 10
2 96 7 5
2 97 10 8
2 98 6 7
2 100 8 8
3 4 6 4
3 5 10 10
3 6 3 7
3 7 4 2
3 8 1 6
3 9 7 10
3 10 5 1
3 11 10 7
3 12 6 5
3 13 7 5
3 14 4 5
3 16 6 6
3 17 10 2
3 18 10 7
3 19 7 8
3 20 1 1
3 21 9 6
3 22 10 9
3 23 9 9
3 24 6 8
3 25 3 3
3 26 1 7
3 28 6 2
3 29 2 6
3 30 3 6
3 31 3 1
3 32 5 9
3 33 10 3
3 34 5 1
3 35 10 6
3 36 5 10
3 37 2 4
3 38 2 7
3 40 8 5
3 41 3 9
3 42 3 8
3 43 9 3
3 44 9 2
3 45 9 6
3 46 3 5
3 48 9 10
3 49 1 9
3 50 4 2
3 51 8 3
3 52 1 4
3 53 7 3
3 54 8 8
3 55 8 1
3 56 8 7
3 57 7 3
3 58 9 7
3 59 7 9
3 60 6 7
3 61 6 1
3 62 1 6
3 63 6 1
3 64 4 10
3 65 5 9
3 66 3 8
3 67 7 3
3 68 1 5
3 69 1 1
3 70 2 1
3 72 5 3
3 73 2 6
3 74 1 2
3 75 5 1
3 76 3 5
3 77 5 6
3 78 5 2
3 79 9 9
3 81 4 2
3 82 3 9
3 83 9 6
3 84 5 1
3 85 5 10
3 86 10 1
3 87 10 6
3 88 10 4
3 89 10 8
3 90 1 3
3 91 8 4
3 92 10 3
3 96 7 6
3 98 6 9
3 99 5 7
3 100 1 9
4 5 7 5
4 6 2 3
4 7 3 9
4 8 8 2
4 9 7 1
4 10 3 6
4 11 9 7
4 12 6 1
4 13 8 4
4 14 10 3
4 15 6 6
4 17 5 6
4 18 6 5
4 19 9 2
4 22 8 3
4 23 4 5
4 24 3 6
4 25 9 2
4 26 9 5
4 27 5 3
4 28 6 5
4 29 3 10
4 30 4 2
4 31 4 2
4 32 4 9
4 33 2 7
4 34 9 2
4 37 3 6
4 39 1 5
4 40 2 6
4 41 10 7
4 43 4 5
4 44 9 2
4 45 7 5
4 46 4 3
4 47 3 3
4 48 8 9
4 49 5 4
4 50 10 2
4 51 8 9
4 52 8 9
4 54 2 5
4 55 5 4
4 56 5 1
4 57 3 2
4 58 6 10
4 59 7 3
4 60 9 5
4 62 9 7
4 64 1 2
4 65 2 1
4 66 10 2
4 67 10 4
4 68 4 8
4 69 8 9
4 70 6 5
4 71 7 10
4 72 9 4
4 74 7 1
4 75 9 1
4 76 5 1
4 77 2 6
4 79 8 9
4 80 3 9
4 81 2 2
4 84 3 10
4 85 4 1
4 87 1 5
4 88 7 4
4 89 4 1
4 90 6 5
4 91 2 4
4 92 5 10
4 93 7 3
4 94 1 4
4 95 7 7
4 96 3 7
4 97 5 6
4 98 3 4
4 99 8 8
4 100 6 1
5 6 4 10
5 7 3 9
5 8 5 2
5 9 7 9
5 10 9 8
5 11 6 4
5 12 4 6
5 13 1 9
5 14 2 7
5 15 10 10
5 16 2 6
5 17 10 4
5 18 3 10
5 19 5 5
5 20 6 3
5 21 4 5
5 23 1 10
5 24 9 7
5 25 1 4
5 26 3 2
5 27 5 5
5 29 3 4
5 32 1 10
5 33 4 6
5 34 6 4
5 35 5 10
5 36 10 10
5 37 1 8
5 38 9 7
5 39 10 5
5 40 2 2
5 41 2 8
5 42 1 4
5 43 9 7
5 45 1 2
5 48 6 8
5 49 9 5
5 50 2 8
5 52 1 6
5 53 6 8
5 54 8 10
5 55 3 8
5 56 7 6
5 58 5 2
5 59 8 6
5 60 9 5
5 61 6 9
5 62 6 1
5 63 3 4
5 64 1 7
5 65 5 1
5 66 5 10
5 67 5 1
5 68 2 7
5 70 4 5
5 71 9 8
5 72 9 4
5 74 1 7
5 75 3 9
5 76 10 3
5 77 8 7
5 78 1 10
5 79 7 8
5 81 4 5
5 82 6 3
5 83 8 5
5 84 9 3
5 85 1 9
5 87 7 9
5 88 6 8
5 89 6 9
5 90 2 9
5 91 10 7
5 92 10 7
5 93 6 4
5 94 7 6
5 95 10 9
5 96 1 6
5 97 3 6
5 100 4 8
6 7 4 5
6 8 2 10
6 9 2 6
6 10 9 9
6 11 7 10
6 13 3 4
6 14 3 8
6 15 10 6
6 16 6 4
6 17 4 8
6 18 8 4
6 19 2 4
6 22 6 3
6 23 3 7
6 24 6 2
6 26 5 2
6 27 9 3
6 28 10 10
6 30 9 8
6 31 9 2
6 32 3 2
6 33 1 10
6 34 8 6
6 35 5 7
6 37 10 9
6 38 10 3
6 39 7 10
6 41 5 3
6 42 4 2
6 44 10 9
6 45 4 6
6 46 6 10
6 47 10 5
6 48 10 1
6 49 10 2
6 50 7 8
6 51 3 8
6 52 7 7
6 53 2 10
6 54 10 9
6 55 7 2
6 57 3 3
6 58 10 8
6 59 8 3
6 60 3 7
6 61 4 7
6 62 10 4
6 64 3 2
6 65 2 8
6 66 1 10
6 68 2 5
6 69 3 5
6 70 1 7
6 71 1 6
6 74 3 9
6 76 1 5
6 77 3 1
6 78 6 7
6 79 8 10
6 80 2 10
6 82 3 5
6 83 10 10
6 84 3 3
6 85 7 6
6 86 7 5
6 87 1 7
6 88 5 5
6 89 3 6
6 90 9 10
6 91 4 9
6 94 1 7
6 95 3 5
6 96 10 3
6 97 7 1
6 98 8 9
6 99 6 1
6 100 2 8
7 8 9 9
7 9 2 3
7 14 5 7
7 15 1 3
7 16 8 9
7 18 8 2
7 22 1 1
7 23 7 8
7 24 3 5
7 25 1 2
7 26 9 8
7 27 9 4
7 29 5 4
7 30 2 9
7 31 7 5
7 32 3 10
7 33 1 5
7 34 3 5
7 36 8 7
7 37 4 1
7 38 8 10
7 39 8 7
7 40 9 4
7 41 6 9
7 42 4 7
7 44 2 4
7 45 3 1
7 47 9 5
7 49 6 4
7 50 9 1
7 52 2 8
7 53 7 10
7 54 6 10
7 56 2 10
7 59 1 3
7 60 3 4
7 62 4 7
7 63 2 4
7 64 1 5
7 65 10 2
7 67 6 10
7 68 3 2
7 70 9 5
7 71 1 3
7 72 2 9
7 73 1 5
7 74 2 1
7 75 4 4
7 76 4 5
7 77 10 8
7 78 5 5
7 79 4 2
7 80 8 5
7 81 6 7
7 82 6 2
7 83 2 6
7 84 4 6
7 85 7 1
7 86 5 2
7 87 3 3
7 88 6 2
7 89 4 3
7 90 8 2
7 91 10 8
7 92 1 7
7 93 3 7
7 95 8 5
7 96 4 1
7 97 5 2
7 98 1 3
7 99 8 2
7 100 7 10
8 10 8 6
8 11 8 9
8 13 3 6
8 14 2 5
8 15 7 2
8 17 2 7
8 18 8 6
8 19 9 1
8 20 3 3
8 21 9 9
8 22 10 6
8 23 7 8
8 24 5 10
8 25 10 9
8 26 4 8
8 27 8 2
8 28 3 5
8 29 6 6
8 31 8 2
8 32 10 9
8 33 6 8
8 35 6 8
8 36 4 10
8 38 3 1
8 40 7 3
8 41 5 3
8 44 10 2
8 45 2 6
8 46 8 2
8 47 8 4
8 48 2 9
8 49 6 4
8 50 8 6
8 51 1 1
8 52 3 4
8 53 6 2
8 54 3 3
8 55 5 8
8 56 9 10
8 57 5 5
8 58 2 8
8 59 8 2
8 61 4 9
8 62 7 5
8 64 8 4
8 68 5 1
8 69 1 2
8 70 1 8
8 73 5 6
8 74 7 3
8 75 10 2
8 77 4 4
8 78 5 2
8 79 5 2
8 80 3 10
8 82 2 4
8 83 2 8
8 84 7 1
8 85 3 6
8 87 4 2
8 88 3 8
8 89 10 3
8 90 4 7
8 91 2 10
8 94 5 1
8 95 2 7
8 96 7 1
8 97 6 8
8 98 9 10
8 99 1 10
8 100 5 1
9 10 2 2
9 12 2 1
9 13 8 10
9 14 8 4
9 15 4 1
9 16 5 2
9 17 8 7
9 18 5 1
9 19 2 4
9 20 5 8
9 21 1 2
9 22 3 5
9 23 2 4
9 24 5 6
9 25 1 1
9 27 7 6
9 28 2 10
9 29 1 8
9 31 2 1
9 33 5 4
9 36 1 5
9 37 9 1
9 38 4 2
9 40 1 3
9 41 3 10
9 43 8 10
9 44 4 6
9 45 2 6
9 46 4 2
9 47 1 9
9 48 6 9
9 49 7 3
9 50 8 6
9 52 1 8
9 53 7 2
9 54 9 9
9 56 3 9
9 57 2 2
9 58 9 7
9 59 5 9
9 60 3 7
9 61 2 3
9 62 7 10
9 63 6 10
9 64 2 2
9 65 3 2
9 67 6 9
9 68 1 5
9 69 10 7
9 70 5 6
9 72 1 1
9 73 9 8
9 74 6 7
9 75 6 10
9 76 7 3
9 77 2 3
9 78 3 7
9 79 8 1
9 80 3 9
9 81 8 8
9 82 6 1
9 83 4 6
9 84 6 7
9 85 1 8
9 86 3 3
9 87 3 8
9 88 5 3
9 89 5 6
9 91 1 1
9 92 8 10
9 93 1 1
9 94 4 8
9 95 2 10
9 97 6 7
9 98 2 1
9 99 1 10
9 100 5 3
10 11 6 3
10 13 6 5
10 14 9 4
10 15 4 6
10 16 1 2
10 17 5 1
10 18 8 5
10 20 7 3
10 22 8 7
10 23 10 5
10 25 9 9
10 26 8 8
10 27 3 6
10 28 5 2
10 29 7 9
10 30 7 10
10 31 5 5
10 32 10 9
10 33 9 2
10 35 10 3
10 36 3 9
10 37 9 2
10 38 4 2
10 39 9 3
10 42 1 7
10 43 1 5
10 44 8 4
10 45 3 7
10 46 3 2
10 47 5 4
10 49 2 10
10 50 4 9
10 51 6 4
10 53 3 7
10 54 2 5
10 55 5 9
10 56 5 7
10 57 2 7
10 58 6 7
10 59 10 1
10 60 9 8
10 61 10 1
10 63 3 6
10 64 8 7
10 65 10 1
10 66 10 4
10 69 5 1
10 70 7 8
10 71 1 4
10 72 4 10
10 73 2 3
10 76 2 8
10 77 1 1
10 78 3 8
10 80 10 3
10 81 6 1
10 82 3 3
10 83 4 4
10 84 8 8
10 86 1 9
10 88 9 7
10 89 3 7
10 90 2 10
10 91 5 9
10 92 8 10
10 93 4 8
10 94 5 7
10 95 7 9
10 96 6 8
10 97 2 5
10 99 9 2
10 100 7 8
11 12 8 3
11 14 10 10
11 15 8 6
11 16 9 9
11 17 4 4
11 18 9 8
11 20 10 10
11 21 8 6
11 24 2 3
11 25 7 10
11 26 8 8
11 27 3 6
11 28 2 10
11 29 2 6
11 30 8 6
11 31 7 4
11 32 8 9
11 33 9 5
11 34 7 4
11 35 1 8
11 36 7 5
11 37 3 3
11 38 7 1
11 39 8 6
11 40 10 4
11 41 6 6
11 42 10 10
11 43 9 10
11 44 10 2
11 45 7 10
11 46 9 6
11 47 2 3
11 48 5 7
11 50 8 2
11 51 3 1
11 52 1 4
11 53 9 3
11 54 10 1
11 55 6 6
11 56 8 1
11 57 10 1
11 58 3 1
11 59 10 1
11 60 7 1
11 61 4 8
11 62 10 5
11 63 2 9
11 64 9 3
11 65 8 8
11 66 6 10
11 67 4 5
11 68 7 5
11 70 9 5
11 71 6 2
11 72 9 7
11 74 1 9
11 75 5 1
11 76 4 3
11 78 7 5
11 79 5 2
11 80 8 1
11 81 6 4
11 82 1 10
11 83 8 9
11 84 6 9
11 86 9 1
11 88 2 1
11 91 10 4
11 92 9 9
11 94 10 6
11 95 9 10
11 96 1 6
11 97 6 8
11 99 10 2
11 100 2 7
12 13 6 3
12 14 9 4
12 15 1 8
12 16 9 10
12 17 10 3
12 21 9 5
12 22 9 4
12 24 5 2
12 25 8 6
12 26 2 1
12 27 4 7
12 28 3 6
12 29 5 9
12 30 9 2
12 32 10 1
12 33 8 4
12 34 6 6
12 37 1 1
12 38 7 6
12 39 8 6
12 40 9 3
12 41 1 10
12 42 2 9
12 43 8 9
12 44 1 10
12 46 3 10
12 47 3 7
12 48 2 5
12 49 7 10
12 50 10 6
12 51 8 3
12 53 7 10
12 54 9 6
12 55 5 7
12 56 10 2
12 57 2 1
12 58 2 3
12 59 6 7
12 60 7 10
12 61 5 6
12 62 10 2
12 63 2 2
12 64 3 8
12 65 9 6
12 67 10 9
12 68 9 7
12 69 5 5
12 70 1 7
12 71 6 2
12 72 6 1
12 73 8 2
12 74 8 8
12 76 1 2
12 77 3 4
12 78 1 3
12 79 2 5
12 80 2 9
12 81 8 6
12 82 5 8
12 83 6 1
12 84 7 2
12 85 6 5
12 86 1 8
12 90 8 1
12 91 6 5
12 92 2 8
12 93 10 4
12 94 9 2
12 95 6 10
12 96 3 9
12 97 9 9
12 98 8 9
12 99 9 3
12 100 7 10
13 14 8 9
13 17 6 1
13 18 3 1
13 19 1 1
13 21 10 4
13 23 6 8
13 24 1 10
13 25 10 7
13 26 7 4
13 27 4 7
13 28 7 3
13 29 8 5
13 31 1 1
13 32 7 1
13 33 4 7
13 34 6 7
13 35 3 8
13 36 1 4
13 37 10 9
13 38 5 1
13 39 3 6
13 41 4 6
13 42 1 6
13 43 3 1
13 44 4 4
13 45 6 1
13 46 9 5
13 47 8 5
13 48 6 9
13 49 7 2
13 52 9 8
13 53 7 1
13 54 9 9
13 55 1 3
13 56 6 5
13 57 8 3
13 58 4 10
13 60 3 5
13 61 8 7
13 62 6 9
13 63 6 10
13 64 2 2
13 65 3 6
13 66 10 10
13 67 5 10
13 68 9 7
13 70 2 8
13 71 6 4
13 72 2 10
13 73 4 2
13 74 10 7
13 75 9 4
13 76 10 3
13 77 10 9
13 80 8 7
13 81 1 9
13 83 2 1
13 84 1 6
13 85 8 8
13 87 1 3
13 88 2 8
13 89 4 5
13 90 5 10
13 91 7 4
13 92 3 8
13 93 9 9
13 94 8 7
13 95 8 1
13 96 8 3
13 97 3 3
13 99 8 1
13 100 7 4
14 15 4 6
14 16 10 7
14 17 9 3
14 18 7 7
14 19 1 8
14 21 10 2
14 22 6 3
14 24 2 9
14 25 10 10
14 26 2 8
14 27 9 4
14 28 2 3
14 29 10 9
14 30 6 5
14 31 6 7
14 32 1 9
14 33 7 1
14 34 9 5
14 36 4 5
14 37 1 6
14 38 8 4
14 39 6 8
14 41 6 10
14 42 2 8
14 43 8 9
14 44 2 10
14 46 1 4
14 47 7 5
14 48 6 5
14 49 6 6
14 50 9 4
14 51 8 10
14 52 1 8
14 53 1 4
14 54 1 2
14 55 9 3
14 56 4 4
14 57 5 8
14 58 10 3
14 59 7 8
14 60 8 5
14 61 9 10
14 62 7 7
14 63 5 8
14 64 9 2
14 65 9 4
14 66 4 9
14 68 7 8
14 71 6 9
14 72 2 3
14 73 6 3
14 74 4 5
14 75 1 9
14 76 10 7
14 77 8 5
14 78 9 7
14 79 3 7
14 81 10 1
14 82 1 3
14 83 9 5
14 86 3 7
14 87 6 4
14 88 7 10
14 89 8 2
14 90 9 7
14 91 2 5
14 93 9 2
14 95 3 8
14 96 3 5
14 97 7 5
14 100 2 6
15 17 8 1
15 19 5 7
15 23 1 3
15 24 7 7
15 25 10 8
15 26 2 2
15 27 8 4
15 28 9 1
15 30 3 5
15 31 9 6
15 32 6 7
15 34 10 3
15 35 1 9
15 36 9 9
15 37 6 1
15 38 7 1
15 39 1 2
15 41 6 2
15 42 5 2
15 43 4 4
15 45 5 9
15 46 8 5
15 47 3 9
15 48 7 6
15 49 2 1
15 50 5 4
15 51 1 2
15 53 1 10
15 54 10 6
15 55 10 5
15 56 1 10
15 57 5 6
15 58 3 6
15 60 2 4
15 61 4 1
15 62 3 9
15 63 6 1
15 65 5 8
15 66 4 2
15 67 4 4
15 70 9 10
15 71 7 4
15 72 2 8
15 73 8 7
15 75 4 2
15 76 6 8
15 77 8 8
15 78 7 6
15 79 9 3
15 80 8 7
15 84 5 7
15 85 1 2
15 86 4 8
15 87 1 6
15 88 4 2
15 91 8 4
15 93 9 9
15 94 3 8
15 95 4 10
15 96 1 9
15 97 2 8
15 98 5 1
15 99 8 7
16 18 8 8
16 19 5 9
16 20 1 9
16 21 9 4
16 22 7 10
16 23 3 6
16 24 5 7
16 25 2 1
16 28 9 1
16 29 3 1
16 30 7 1
16 31 10 3
16 32 8 10
16 33 6 1
16 35 1 7
16 36 3 10
16 37 5 8
16 38 3 5
16 39 9 5
16 40 6 5
16 41 5 6
16 42 2 9
16 43 3 4
16 44 9 4
16 45 9 8
16 47 1 10
16 48 2 8
16 49 4 4
16 51 10 9
16 52 10 7
16 54 10 1
16 57 6 2
16 58 3 7
16 59 1 7
16 61 3 8
16 62 5 9
16 63 6 4
16 66 4 7
16 71 3 4
16 72 10 1
16 73 8 1
16 74 1 8
16 75 4 3
16 76 7 8
16 77 3 2
16 78 8 2
16 79 10 9
16 81 7 7
16 82 4 8
16 83 3 7
16 84 5 6
16 87 9 5
16 91 1 7
16 93 10 9
16 94 6 9
16 95 10 10
16 96 1 1
16 97 8 6
16 99 5 3
16 100 8 1
17 18 7 5
17 19 2 7
17 20 1 8
17 21 10 6
17 22 8 9
17 23 3 10
17 24 6 4
17 25 1 3
17 26 5 3
17 28 9 6
17 29 6 6
17 30 8 5
17 31 2 9
17 32 9 4
17 33 6 1
17 34 4 5
17 35 8 1
17 36 3 6
17 37 7 1
17 38 1 10
17 39 10 3
17 40 8 2
17 41 7 10
17 42 10 4
17 44 8 1
17 45 4 8
17 46 6 5
17 47 1 5
17 48 8 7
17 49 2 1
17 50 8 9
17 51 5 8
17 52 10 3
17 53 6 10
17 54 4 7
17 55 1 9
17 56 8 4
17 57 8 8
17 58 6 1
17 59 4 6
17 60 10 5
17 61 7 3
17 62 2 5
17 63 9 1
17 64 1 2
17 66 9 3
17 68 8 9
17 69 9 4
17 70 10 9
17 71 5 6
17 72 10 3
17 73 6 3
17 75 7 9
17 76 6 8
17 77 6 3
17 79 4 6
17 81 10 7
17 83 9 3
17 85 10 10
17 86 8 2
17 88 8 5
17 89 7 3
17 90 7 1
17 91 9 7
17 92 3 8
17 93 7 7
17 95 8 6
17 96 1 6
17 97 9 9
17 98 1 10
17 99 4 9
17 100 2 1
18 19 3 9
18 20 5 6
18 21 6 7
18 22 4 2
18 23 8 10
18 25 4 5
18 26 3 3
18 27 7 8
18 28 2 6
18 29 10 10
18 30 4 8
18 31 2 7
18 32 8 5
18 33 6 9
18 34 7 3
18 35 5 1
18 36 3 4
18 38 3 4
18 39 6 10
18 40 5 9
18 41 8 7
18 42 3 2
18 43 9 5
18 44 5 6
18 45 10 2
18 47 4 7
18 48 9 3
18 49 6 7
18 51 4 7
18 52 4 10
18 53 10 6
18 54 6 6
18 55 10 4
18 56 1 8
18 57 9 4
18 60 8 1
18 61 7 6
18 62 7 1
18 63 5 4
18 64 4 5
18 65 2 4
18 66 4 4
18 67 6 8
18 68 9 1
18 69 4 3
18 71 1 8
18 72 8 10
18 74 10 3
18 75 5 8
18 76 6 7
18 77 8 9
18 78 4 5
18 79 8 10
18 80 8 8
18 81 8 9
18 82 9 3
18 83 7 4
18 84 8 10
18 85 4 9
18 87 3 7
18 88 10 2
18 89 8 7
18 90 10 7
18 91 4 1
18 92 8 3
18 94 3 9
18 96 3 3
18 97 8 7
18 98 4 9
18 99 5 6
18 100 1 7
19 20 7 2
19 23 9 5
19 24 5 2
19 25 2 9
19 26 1 3
19 27 3 4
19 28 10 2
19 29 4 9
19 30 4 10
19 31 8 8
19 32 5 7
19 33 9 8
19 35 7 7
19 36 8 9
19 38 6 3
19 39 2 9
19 40 7 5
19 42 9 10
19 43 7 3
19 45 10 5
19 46 4 2
19 47 1 1
19 48 4 7
19 49 9 7
19 50 5 2
19 51 9 8
19 52 5 9
19 54 2 2
19 55 9 7
19 56 5 4
19 57 8 8
19 58 1 4
19 59 2 2
19 60 7 2
19 61 3 8
19 62 3 2
19 63 8 9
19 64 5 6
19 65 8 1
19 66 6 8
19 68 4 7
19 70 9 7
19 71 1 6
19 72 1 3
19 74 5 6
19 77 8 6
19 78 6 2
19 79 7 8
19 80 4 3
19 82 4 8
19 83 10 7
19 84 8 9
19 85 2 3
19 86 4 8
19 87 6 8
19 88 7 4
19 89 5 1
19 91 10 2
19 92 8 1
19 93 9 1
19 94 2 6
19 95 5 4
19 96 8 7
19 97 6 4
19 98 6 5
19 100 3 7
20 23 9 4
20 24 2 1
20 25 7 10
20 26 1 1
20 27 8 1
20 29 6 4
20 30 2 3
20 31 2 7
20 35 7 8
20 36 9 2
20 38 9 1
20 40 8 4
20 42 6 10
20 43 6 6
20 44 1 5
20 45 2 10
20 46 6 6
20 47 3 7
20 48 10 6
20 49 1 6
20 50 7 8
20 51 9 8
20 52 4 8
20 53 10 2
20 55 3 8
20 56 8 10
20 57 4 6
20 60 1 1
20 61 6 7
20 65 7 5
20 66 6 6
20 67 2 5
20 68 6 9
20 69 7 4
20 70 7 7
20 71 10 2
20 72 6 3
20 73 5 1
20 74 6 10
20 76 9 5
20 77 10 2
20 78 7 1
20 79 7 3
20 81 10 10
20 82 1 2
20 86 9 3
20 87 2 4
20 88 3 7
20 89 1 5
20 90 7 5
20 91 6 4
20 93 6 7
20 94 10 7
20 95 5 4
20 96 7 5
20 98 4 8
20 99 4 5
20 100 7 8
21 23 8 3
21 25 6 6
21 26 9 7
21 27 3 3
21 28 10 3
21 29 7 6
21 33 6 10
21 35 2 2
21 36 4 5
21 37 1 7
21 38 3 5
21 39 5 5
21 40 10 1
21 41 8 1
21 42 1 3
21 43 6 1
21 45 7 10
21 47 5 9
21 48 6 2
21 50 7 3
21 51 2 1
21 53 10 1
21 54 3 9
21 55 2 2
21 57 8 7
21 58 10 4
21 59 10 8
21 60 6 10
21 61 9 7
21 62 1 6
21 64 9 6
21 65 9 1
21 66 7 10
21 68 4 7
21 69 2 1
21 70 1 6
21 71 10 10
21 72 8 9
21 73 5 9
21 74 10 1
21 75 5 9
21 76 5 6
21 77 4 9
21 78 9 3
21 79 10 1
21 81 4 6
21 82 2 7
21 83 9 7
21 84 10 3
21 85 9 4
21 86 3 8
21 88 7 1
21 89 6 2
21 90 1 9
21 91 1 4
21 92 7 9
21 94 4 9
21 95 8 9
21 96 10 3
21 97 1 5
21 99 9 6
21 100 10 7
22 23 7 3
22 24 9 8
22 25 1 2
22 27 4 9
22 29 7 1
22 30 1 7
22 31 8 3
22 32 7 1
22 33 6 5
22 34 2 9
22 35 10 3
22 36 4 6
22 37 6 3
22 38 6 3
22 39 7 2
22 40 7 6
22 41 7 1
22 42 5 6
22 43 6 1
22 44 7 2
22 45 7 9
22 46 7 7
22 47 2 7
22 48 4 9
22 49 9 6
22 50 1 7
22 51 5 6
22 52 5 4
22 55 10 7
22 56 9 8
22 57 6 6
22 58 7 6
22 59 2 9
22 60 1 4
22 61 7 5
22 63 6 8
22 64 7 3
22 65 9 6
22 66 10 3
22 67 5 1
22 68 7 10
22 69 1 2
22 70 8 5
22 71 1 1
22 72 2 5
22 73 6 5
22 74 2 3
22 75 4 3
22 77 3 3
22 79 1 1
22 80 5 9
22 81 5 6
22 83 5 9
22 84 8 4
22 85 1 8
22 87 6 3
22 88 7 9
22 90 4 3
22 92 10 1
22 93 7 5
22 94 6 9
22 95 2 2
22 96 7 2
22 97 8 1
22 98 6 1
23 24 8 3
23 25 10 9
23 26 8 4
23 27 1 1
23 28 7 1
23 29 2 10
23 30 8 9
23 31 8 2
23 32 8 10
23 33 2 3
23 34 5 1
23 35 2 1
23 36 9 10
23 37 5 4
23 38 8 1
23 39 6 9
23 41 1 10
23 42 9 6
23 43 3 9
23 45 8 8
23 46 7 8
23 49 9 8
23 50 9 3
23 51 9 1
23 52 5 4
23 56 4 1
23 57 8 7
23 58 6 7
23 60 7 10
23 62 6 8
23 63 8 7
23 65 7 7
23 67 2 9
23 68 5 8
23 69 5 6
23 70 8 5
23 71 4 1
23 72 4 1
23 73 8 9
23 74 10 8
23 76 5 8
23 77 1 5
23 78 1 2
23 79 3 1
23 80 6 2
23 82 9 2
23 83 10 9
23 84 3 9
23 85 5 1
23 86 6 8
23 87 2 6
23 88 7 8
23 89 1 7
23 90 1 3
23 91 6 7
23 92 5 6
23 93 9 6
23 94 10 1
23 95 4 1
23 96 8 5
23 97 10 8
23 98 2 8
23 99 1 7
23 100 10 7
24 25 2 1
24 26 4 9
24 27 4 10
24 28 7 5
24 29 5 7
24 33 4 6
24 34 10 6
24 35 9 10
24 36 2 9
24 40 4 6
24 41 8 2
24 42 6 3
24 43 5 2
24 45 2 10
24 46 2 6
24 48 9 6
24 49 5 4
24 50 9 6
24 51 10 1
24 52 7 7
24 53 5 2
24 54 9 6
24 55 10 9
24 56 10 7
24 57 8 5
24 60 3 2
24 62 3 6
24 63 2 7
24 65 9 3
24 67 7 9
24 68 6 5
24 69 9 8
24 72 9 6
24 73 7 1
24 74 9 2
24 75 1 9
24 76 7 6
24 77 4 9
24 78 10 9
24 79 3 6
24 80 1 10
24 81 3 3
24 82 8 6
24 83 3 2
24 85 3 4
24 86 3 9
24 87 6 4
24 88 2 6
24 90 6 4
24 91 5 2
24 92 2 8
24 93 2 2
24 94 6 2
24 95 8 1
24 96 2 9
24 97 7 6
24 98 8 2
24 99 9 1
24 100 1 2
25 26 4 10
25 27 8 10
25 28 2 1
25 31 6 3
25 32 4 1
25 33 6 6
25 34 6 5
25 35 5 9
25 36 5 4
25 39 3 7
25 40 8 8
25 41 5 4
25 42 4 5
25 43 5 4
25 44 6 7
25 45 5 7
25 46 7 1
25 47 9 10
25 48 3 6
25 49 10 3
25 50 2 10
25 51 10 7
25 53 8 7
25 54 8 2
25 55 1 2
25 56 9 9
25 57 10 1
25 58 2 3
25 59 10 4
25 63 4 4
25 64 5 2
25 65 9 2
25 66 10 2
25 67 9 9
25 69 7 6
25 70 4 2
25 71 2 1
25 72 1 9
25 73 3 8
25 75 1 3
25 76 3 7
25 77 8 1
25 78 7 3
25 80 1 7
25 81 5 8
25 82 1 7
25 83 6 2
25 84 9 4
25 85 5 2
25 88 7 8
25 89 2 2
25 90 1 5
25 91 9 10
25 94 3 6
25 95 1 10
25 96 5 8
25 98 3 3
25 99 5 2
25 100 4 9
26 28 6 6
26 29 4 7
26 31 8 6
26 32 10 3
26 33 7 5
26 34 8 7
26 35 1 9
26 37 10 9
26 38 1 3
26 39 6 2
26 41 1 9
26 42 4 7
26 43 2 3
26 44 7 8
26 45 8 8
26 46 8 5
26 49 2 5
26 50 5 2
26 52 1 9
26 53 2 8
26 54 6 1
26 55 8 9
26 56 5 1
26 57 10 9
26 59 4 5
26 60 3 1
26 61 5 9
26 62 1 1
26 63 3 10
26 65 1 8
26 67 10 10
26 68 8 7
26 69 10 7
26 70 1 10
26 71 6 7
26 72 3 4
26 73 2 1
26 74 8 9
26 75 6 2
26 76 10 2
26 78 3 3
26 81 1 2
26 82 9 10
26 85 7 2
26 86 10 7
26 87 10 1
26 88 3 3
26 89 9 8
26 90 10 2
26 91 9 10
26 92 2 1
26 95 9 8
26 96 4 1
26 97 8 2
26 98 6 4
26 100 3 1
27 30 10 10
27 31 8 5
27 32 6 6
27 34 6 1
27 36 8 6
27 37 8 9
27 38 6 1
27 42 10 3
27 44 6 3
27 46 1 9
27 48 3 6
27 49 8 7
27 50 1 2
27 51 7 9
27 52 5 9
27 53 8 9
27 55 1 10
27 56 2 6
27 58 10 8
27 60 6 2
27 61 8 4
27 62 10 4
27 63 6 4
27 65 8 10
27 66 3 2
27 67 10 10
27 68 7 3
27 69 6 5
27 70 9 4
27 71 10 10
27 72 10 3
27 73 6 7
27 74 1 10
27 75 4 10
27 76 6 2
27 78 2 10
27 79 9 3
27 81 9 8
27 82 3 2
27 83 2 6
27 84 9 5
27 85 8 1
27 87 6 3
27 89 5 5
27 91 2 9
27 92 6 10
27 93 1 8
27 94 5 2
27 95 6 5
27 96 10 4
27 97 10 8
27 98 5 3
27 99 6 3
27 100 1 1
28 30 1 3
28 31 3 3
28 32 4 2
28 33 7 3
28 34 5 4
28 35 6 2
28 36 5 6
28 37 10 3
28 38 4 3
28 39 10 1
28 40 4 5
28 41 4 8
28 42 4 10
28 44 9 10
28 45 6 3
28 46 6 6
28 48 3 1
28 49 2 3
28 50 9 5
28 51 2 2
28 53 8 5
28 54 4 10
28 55 5 8
28 56 4 7
28 57 1 8
28 58 8 2
28 60 1 6
28 61 7 5
28 62 10 8
28 63 6 7
28 64 5 10
28 65 9 7
28 66 4 1
28 67 9 6
28 68 1 8
28 70 5 3
28 71 3 9
28 72 6 1
28 73 6 10
28 75 4 1
28 76 8 1
28 77 7 8
28 78 9 6
28 79 1 3
28 81 10 7
28 87 1 3
28 88 5 8
28 89 7 7
28 90 9 2
28 91 4 5
28 92 3 6
28 93 5 6
28 94 6 8
28 95 1 8
28 96 10 4
28 97 5 8
28 98 1 2
28 99 4 10
29 30 5 2
29 31 5 8
29 34 6 2
29 35 5 5
29 36 1 6
29 37 7 3
29 38 2 1
29 39 3 6
29 40 6 7
29 41 4 1
29 42 1 10
29 43 1 4
29 44 6 10
29 45 9 2
29 47 4 9
29 48 9 1
29 49 7 8
29 50 7 8
29 51 9 9
29 52 10 6
29 53 9 4
29 54 9 2
29 55 2 7
29 56 10 8
29 57 9 1
29 58 9 1
29 59 2 4
29 64 4 1
29 65 5 6
29 66 3 1
29 67 7 8
29 69 8 5
29 70 3 4
29 71 4 3
29 72 9 1
29 73 7 10
29 74 4 8
29 75 1 6
29 76 6 1
29 77 1 1
29 78 6 2
29 79 8 4
29 80 2 3
29 81 1 4
29 82 2 1
29 84 7 2
29 85 7 8
29 87 6 4
29 88 9 8
29 91 2 7
29 92 8 5
29 93 4 8
29 94 4 9
29 95 9 10
29 96 9 3
29 97 10 2
29 99 1 2
29 100 8 9
30 31 8 2
30 32 8 4
30 33 2 5
30 35 3 5
30 36 9 8
30 37 4 10
30 40 3 1
30 41 9 8
30 42 4 5
30 43 9 8
30 44 4 4
30 45 10 5
30 46 2 10
30 47 9 4
30 48 4 9
30 49 9 1
30 50 10 6
30 51 10 8
30 52 7 6
30 53 3 4
30 54 7 4
30 55 8 3
30 57 5 5
30 58 8 10
30 59 2 7
30 60 3 6
30 61 2 3
30 62 1 5
30 63 2 10
30 66 5 3
30 67 5 3
30 68 1 4
30 69 5 10
30 70 9 10
30 71 5 6
30 73 7 6
30 74 4 10
30 75 2 3
30 76 8 9
30 77 6 2
30 79 9 3
30 80 3 1
30 81 9 8
30 83 10 1
30 84 1 7
30 85 10 4
30 86 3 8
30 89 8 5
30 90 1 10
30 91 8 9
30 93 2 8
30 95 9 3
30 96 2 5
30 97 9 6
30 100 4 4
31 32 10 10
31 33 7 3
31 34 7 8
31 36 5 4
31 37 6 9
31 38 8 10
31 39 2 7
31 42 3 1
31 44 1 6
31 45 1 6
31 46 10 3
31 48 4 5
31 49 9 3
31 50 7 2
31 52 7 4
31 53 7 1
31 54 6 5
31 55 7 8
31 57 8 1
31 58 1 1
31 59 8 1
31 60 5 7
31 61 3 4
31 62 10 9
31 63 9 3
31 64 7 5
31 66 8 8
31 67 10 1
31 68 5 7
31 69 4 5
31 70 6 9
31 72 1 10
31 73 8 8
31 74 8 4
31 75 5 2
31 76 8 7
31 77 2 5
31 78 3 4
31 80 5 2
31 83 1 2
31 84 9 5
31 85 7 8
31 87 10 6
31 89 7 8
31 91 5 2
31 92 9 10
31 94 5 1
31 95 4 6
31 96 8 1
31 97 3 2
31 98 5 1
31 99 2 7
31 100 1 8
32 33 1 6
32 35 3 8
32 36 2 2
32 37 4 8
32 38 9 4
32 40 4 6
32 43 6 2
32 44 9 6
32 46 5 3
32 47 6 3
32 51 6 7
32 52 9 7
32 53 9 7
32 54 3 4
32 55 4 6
32 56 10 5
32 57 10 2
32 58 7 10
32 59 9 10
32 60 6 3
32 62 4 3
32 63 7 4
32 64 10 8
32 65 9 9
32 66 8 2
32 67 8 3
32 69 4 7
32 70 8 3
32 71 7 7
32 72 10 8
32 73 5 5
32 74 2 5
32 75 8 10
32 76 1 1
32 77 6 9
32 78 5 2
32 80 4 9
32 82 6 6
32 83 8 6
32 84 6 2
32 86 8 9
32 87 1 7
32 88 7 5
32 89 1 7
32 90 4 4
32 91 5 3
32 92 2 8
32 93 9 7
32 98 2 5
32 100 5 9
33 34 10 10
33 36 4 9
33 37 8 9
33 38 3 9
33 39 9 7
33 41 3 3
33 42 5 8
33 43 2 3
33 44 9 1
33 45 5 4
33 46 2 6
33 53 9 4
33 54 8 9
33 55 9 7
33 56 1 10
33 57 4 4
33 58 5 5
33 59 1 9
33 61 10 4
33 62 7 6
33 63 5 4
33 64 1 2
33 65 6 4
33 66 5 7
33 69 1 5
33 70 1 3
33 71 6 6
33 72 7 1
33 73 7 8
33 74 10 3
33 75 2 8
33 76 3 9
33 77 2 5
33 78 7 9
33 79 5 6
33 80 3 7
33 81 9 2
33 82 7 9
33 83 8 9
33 84 2 3
33 85 1 1
33 86 4 3
33 87 5 8
33 88 3 7
33 90 5 10
33 92 6 2
33 94 6 5
33 95 2 7
33 98 5 5
33 99 5 1
33 100 2 5
34 35 10 8
34 36 9 10
34 37 3 1
34 38 4 3
34 39 5 1
34 40 6 2
34 41 8 9
34 42 5 7
34 43 6 10
34 44 3 7
34 45 2 6
34 47 10 1
34 48 8 5
34 49 1 10
34 50 8 5
34 51 9 7
34 53 6 4
34 54 6 1
34 55 3 5
34 56 8 6
34 58 4 8
34 59 9 6
34 61 10 6
34 62 9 9
34 63 8 9
34 64 3 1
34 65 6 1
34 66 2 3
34 67 2 7
34 68 9 1
34 69 6 9
34 70 1 8
34 71 3 9
34 73 9 1
34 75 4 5
34 76 3 2
34 77 3 8
34 78 5 8
34 79 2 4
34 80 7 4
34 81 8 4
34 82 9 7
34 83 1 9
34 85 8 4
34 86 8 10
34 87 10 8
34 88 10 9
34 89 2 5
34 91 1 3
34 92 1 3
34 93 4 1
34 94 5 1
34 95 5 6
34 96 1 10
34 97 3 7
34 99 10 9
35 36 1 6
35 38 3 8
35 39 2 4
35 40 1 2
35 42 3 3
35 43 6 6
35 45 7 8
35 46 5 3
35 47 1 7
35 48 6 7
35 50 6 5
35 51 9 3
35 53 2 9
35 54 8 8
35 55 2 6
35 56 4 2
35 57 9 5
35 58 1 1
35 61 9 2
35 62 10 5
35 63 7 5
35 65 3 9
35 66 10 10
35 67 9 2
35 68 2 6
35 69 6 7
35 73 1 4
35 74 9 8
35 75 1 8
35 76 4 6
35 77 1 2
35 78 7 1
35 79 3 10
35 80 8 10
35 81 6 10
35 82 3 8
35 84 4 8
35 85 7 4
35 86 8 4
35 87 7 3
35 88 2 9
35 90 9 2
35 91 6 3
35 94 5 5
35 95 8 7
35 96 10 3
35 97 9 10
35 98 6 10
35 99 3 1
36 37 4 3
36 38 2 2
36 39 2 9
36 40 7 8
36 42 3 10
36 44 2 7
36 45 6 9
36 46 4 1
36 47 1 3
36 48 3 2
36 49 8 2
36 50 9 10
36 51 1 9
36 53 9 2
36 54 1 2
36 55 10 7
36 56 10 1
36 58 5 2
36 59 5 3
36 61 6 1
36 63 9 7
36 65 2 4
36 66 3 8
36 67 6 8
36 69 9 10
36 70 4 10
36 71 1 6
36 72 10 7
36 73 6 4
36 74 7 4
36 75 4 8
36 77 3 7
36 78 7 5
36 79 7 7
36 81 5 9
36 82 9 1
36 83 6 1
36 84 1 6
36 85 9 5
36 86 5 2
36 87 10 8
36 89 6 7
36 90 8 10
36 91 6 10
36 92 1 8
36 93 7 9
36 94 6 7
36 95 1 8
36 98 2 5
36 99 3 8
36 100 9 3
37 38 8 4
37 39 3 7
37 40 6 9
37 41 8 4
37 42 9 3
37 43 1 2
37 44 3 8
37 45 8 5
37 48 1 1
37 49 7 9
37 50 9 10
37 51 3 6
37 52 5 6
37 53 1 4
37 55 2 5
37 56 5 10
37 60 4 3
37 61 7 1
37 62 5 10
37 64 2 2
37 65 4 9
37 66 7 3
37 67 6 6
37 69 2 8
37 70 4 9
37 73 7 10
37 74 8 6
37 75 6 9
37 78 1 8
37 79 2 9
37 80 4 1
37 81 5 10
37 82 2 9
37 83 1 10
37 85 6 2
37 86 6 5
37 87 9 7
37 88 6 7
37 89 6 2
37 90 8 9
37 91 6 8
37 92 10 8
37 93 9 8
37 94 1 9
37 96 5 10
37 97 5 5
37 98 6 9
37 100 8 2
38 39 10 10
38 40 5 4
38 43 3 5
38 45 10 5
38 47 8 10
38 48 7 8
38 49 5 5
38 50 8 7
38 51 1 2
38 53 5 4
38 54 3 3
38 55 6 10
38 56 5 3
38 57 1 2
38 58 7 10
38 59 3 8
38 60 2 7
38 61 4 7
38 62 10 10
38 64 5 7
38 65 3 9
38 66 1 1
38 67 3 7
38 69 2 8
38 70 5 6
38 71 3 8
38 72 5 3
38 73 4 2
38 74 3 9
38 75 10 5
38 76 6 8
38 77 4 7
38 79 1 6
38 80 6 7
38 82 9 9
38 83 6 2
38 84 3 1
38 85 4 6
38 86 6 1
38 87 4 3
38 88 8 2
38 89 1 2
38 90 3 5
38 91 6 7
38 92 2 4
38 93 8 2
38 94 1 5
38 95 5 6
38 97 7 5
38 99 10 6
39 40 5 3
39 42 6 8
39 43 1 6
39 44 9 10
39 45 10 2
39 46 5 7
39 48 1 4
39 49 1 3
39 50 4 2
39 51 3 10
39 52 1 6
39 53 1 8
39 54 3 10
39 55 1 4
39 56 3 2
39 57 7 2
39 58 4 7
39 60 5 4
39 61 4 9
39 63 7 9
39 65 1 3
39 66 2 2
39 67 4 10
39 68 10 8
39 69 9 7
39 70 4 2
39 72 10 8
39 73 2 10
39 74 10 3
39 76 4 2
39 77 10 3
39 78 4 8
39 80 4 8
39 81 1 10
39 82 6 6
39 83 10 10
39 85 2 10
39 86 9 2
39 89 9 3
39 91 5 2
39 92 10 8
39 93 6 6
39 94 2 10
39 96 9 3
39 97 9 9
39 98 9 5
40 41 1 5
40 42 5 5
40 44 6 10
40 45 6 4
40 46 10 7
40 47 5 10
40 48 1 9
40 49 5 10
40 50 8 3
40 51 5 7
40 52 5 8
40 53 5 2
40 54 8 5
40 55 4 6
40 56 8 10
40 58 5 7
40 59 8 10
40 60 1 8
40 61 9 9
40 62 6 7
40 63 3 6
40 64 6 10
40 65 10 4
40 66 3 9
40 67 1 8
40 68 3 7
40 70 2 1
40 71 9 1
40 72 6 6
40 73 2 5
40 74 4 2
40 76 6 10
40 77 8 3
40 78 10 5
40 81 6 7
40 82 4 10
40 83 8 1
40 84 3 5
40 86 9 3
40 88 2 10
40 89 9 8
40 91 6 3
40 92 10 1
40 93 3 1
40 94 9 2
40 96 9 6
40 97 6 9
40 99 2 6
41 43 3 5
41 44 9 9
41 45 8 1
41 46 5 9
41 47 1 7
41 48 10 2
41 49 9 10
41 50 3 1
41 51 2 4
41 52 9 4
41 53 2 10
41 54 4 3
41 55 8 9
41 56 6 6
41 57 6 6
41 58 2 3
41 62 8 6
41 64 6 8
41 65 2 3
41 66 9 9
41 68 2 2
41 69 2 10
41 70 2 7
41 71 3 5
41 72 10 6
41 73 2 2
41 74 2 6
41 77 3 5
41 80 7 6
41 81 5 9
41 83 10 1
41 84 8 2
41 85 1 2
41 86 2 1
41 87 9 5
41 89 6 2
41 90 6 4
41 91 1 10
41 92 9 10
41 93 6 5
41 94 9 6
41 95 3 5
41 96 10 6
41 97 1 5
41 98 5 6
41 100 10 6
42 43 4 7
42 45 4 6
42 46 3 8
42 47 8 2
42 48 3 6
42 49 2 9
42 50 1 9
42 51 1 1
42 52 10 2
42 53 9 5
42 54 6 1
42 55 4 2
42 56 3 4
42 57 3 8
42 59 7 3
42 61 8 9
42 62 10 6
42 63 2 5
42 65 5 1
42 67 7 1
42 69 2 5
42 70 1 8
42 71 1 1
42 72 5 2
42 73 10 7
42 75 10 10
42 76 5 5
42 77 4 1
42 78 2 5
42 79 10 5
42 81 5 1
42 82 4 2
42 83 1 6
42 84 7 6
42 85 8 4
42 87 4 7
42 88 1 6
42 89 4 4
42 90 1 6
42 91 7 8
42 92 3 7
42 93 9 7
42 94 9 9
42 95 9 7
42 97 8 5
42 98 9 6
42 100 1 2
43 44 7 7
43 46 1 7
43 47 4 5
43 48 3 4
43 51 3 4
43 52 6 9
43 53 7 2
43 54 7 4
43 55 10 10
43 56 4 9
43 58 3 8
43 61 1 2
43 62 7 3
43 63 5 7
43 64 9 9
43 65 3 6
43 66 10 6
43 67 3 4
43 68 7 4
43 69 7 10
43 70 9 2
43 71 6 2
43 72 9 4
43 75 4 7
43 76 1 10
43 77 10 1
43 78 10 8
43 79 4 9
43 80 10 2
43 81 4 10
43 82 4 8
43 83 2 2
43 84 7 2
43 85 4 9
43 86 7 7
43 89 4 8
43 91 9 6
43 92 7 6
43 93 4 9
43 94 10 6
43 95 2 4
43 96 9 10
43 97 4 4
43 98 2 1
43 99 5 4
43 100 9 6
44 45 8 6
44 47 4 10
44 48 9 3
44 51 4 4
44 52 1 2
44 53 6 3
44 55 1 1
44 59 10 2
44 60 6 9
44 61 1 8
44 62 5 7
44 63 6 3
44 65 9 4
44 66 6 9
44 67 10 10
44 69 7 2
44 70 10 1
44 71 1 9
44 72 3 2
44 73 4 9
44 74 3 9
44 75 10 9
44 76 10 8
44 77 9 3
44 78 8 2
44 79 8 7
44 81 2 10
44 82 9 8
44 83 4 2
44 84 9 6
44 85 2 8
44 86 9 7
44 87 7 6
44 88 5 7
44 89 10 3
44 90 4 6
44 91 3 8
44 93 8 7
44 94 1 8
44 95 4 5
44 96 8 6
44 97 7 1
44 98 6 4
44 99 6 2
45 46 7 2
45 47 6 6
45 48 2 6
45 49 7 7
45 50 2 4
45 51 5 5
45 52 3 6
45 53 2 4
45 54 7 2
45 55 10 8
45 56 7 5
45 59 4 7
45 60 7 4
45 62 6 2
45 63 3 9
45 64 4 3
45 65 5 10
45 67 2 5
45 68 3 8
45 69 8 3
45 71 9 6
45 72 4 3
45 75 7 3
45 76 2 2
45 77 8 1
45 78 2 9
45 79 8 8
45 81 7 10
45 82 4 2
45 83 10 10
45 84 4 5
45 85 3 2
45 86 4 1
45 87 10 9
45 91 9 7
45 95 10 4
45 96 6 2
45 97 9 2
45 98 5 1
45 99 5 10
46 47 9 10
46 48 10 7
46 49 10 3
46 50 6 3
46 51 8 1
46 52 2 4
46 53 7 7
46 54 8 3
46 55 3 7
46 57 3 3
46 58 3 1
46 59 1 5
46 60 7 7
46 61 4 3
46 62 2 3
46 63 7 5
46 64 4 4
46 65 2 5
46 69 10 6
46 70 4 9
46 71 8 7
46 72 8 2
46 74 8 4
46 75 4 7
46 76 9 8
46 79 6 4
46 80 8 2
46 81 1 4
46 82 2 6
46 83 10 10
46 84 5 3
46 85 9 6
46 86 6 2
46 88 10 7
46 89 5 4
46 90 6 7
46 91 4 10
46 92 3 3
46 93 6 8
46 94 5 7
46 96 10 9
46 97 5 2
46 98 2 8
46 99 9 10
46 100 5 1
47 48 2 9
47 49 7 6
47 50 8 3
47 51 4 1
47 52 8 10
47 53 10 8
47 54 10 6
47 55 9 5
47 56 7 10
47 57 3 7
47 58 2 3
47 59 8 1
47 60 8 1
47 61 8 10
47 64 9 2
47 66 5 10
47 67 10 5
47 68 5 7
47 69 8 5
47 71 7 1
47 72 9 4
47 73 6 2
47 74 8 6
47 75 5 4
47 76 5 9
47 77 1 7
47 78 6 7
47 79 8 3
47 82 1 7
47 83 5 5
47 86 6 8
47 87 9 8
47 88 8 10
47 89 1 7
47 90 8 2
47 91 8 4
47 92 9 10
47 93 6 5
47 95 4 3
47 97 8 10
47 98 7 9
48 49 3 7
48 51 9 8
48 52 5 4
48 53 5 6
48 55 1 5
48 56 7 10
48 57 2 5
48 58 10 3
48 59 10 4
48 62 1 3
48 63 7 8
48 64 3 2
48 65 9 10
48 67 2 5
48 68 1 1
48 70 2 2
48 71 3 6
48 73 9 10
48 74 1 8
48 75 5 5
48 76 5 6
48 78 7 3
48 79 6 4
48 80 5 8
48 81 1 8
48 82 5 7
48 83 8 1
48 84 1 3
48 85 10 4
48 86 4 9
48 87 3 5
48 88 1 9
48 90 8 5
48 91 8 1
48 92 2 4
48 93 2 10
48 94 5 9
48 95 7 4
48 97 6 8
48 98 5 1
48 99 9 7
48 100 4 3
49 51 8 10
49 53 10 7
49 54 10 2
49 55 2 5
49 56 10 7
49 57 2 6
49 58 10 1
49 59 4 6
49 60 2 3
49 61 7 10
49 62 1 5
49 63 6 5
49 64 1 7
49 68 6 5
49 70 5 10
49 72 5 7
49 74 3 10
49 75 5 1
49 76 8 3
49 77 8 2
49 78 5 4
49 79 9 3
49 82 6 3
49 83 6 9
49 87 8 1
49 88 4 3
49 89 7 6
49 91 3 4
49 92 2 9
49 93 1 2
49 94 2 10
49 95 7 5
49 96 8 6
49 97 3 1
49 98 1 3
49 100 2 4
50 51 4 9
50 52 8 3
50 53 10 7
50 54 10 6
50 55 5 8
50 56 1 2
50 57 7 7
50 58 9 1
50 61 6 9
50 62 3 8
50 63 2 10
50 64 10 2
50 66 4 1
50 68 8 6
50 69 9 6
50 70 1 7
50 71 8 4
50 72 4 7
50 73 7 1
50 74 2 2
50 75 7 1
50 76 1 2
50 77 6 3
50 78 7 5
50 79 2 7
50 80 10 9
50 81 1 4
50 82 10 3
50 84 2 5
50 85 8 8
50 86 1 7
50 89 4 6
50 90 10 3
50 91 4 3
50 93 8 8
50 94 10 8
50 95 8 6
50 96 3 7
50 97 10 1
50 98 4 1
50 99 4 3
50 100 10 6
51 52 5 8
51 53 7 5
51 54 1 6
51 55 2 1
51 57 8 2
51 58 2 7
51 59 5 10
51 62 4 6
51 63 1 10
51 64 2 1
51 65 8 9
51 66 1 2
51 68 6 4
51 70 9 2
51 71 2 10
51 73 1 4
51 74 7 5
51 75 5 6
51 76 3 1
51 77 10 9
51 78 8 7
51 79 3 7
51 80 6 6
51 81 10 1
51 83 6 6
51 85 1 8
51 86 6 1
51 88 2 2
51 89 3 9
51 91 10 10
51 92 4 8
51 93 4 2
51 94 3 6
51 95 7 2
51 97 8 8
51 98 2 2
51 99 2 6
51 100 1 8
52 53 7 9
52 54 3 5
52 55 1 1
52 56 8 6
52 57 9 1
52 60 4 8
52 61 3 10
52 63 7 1
52 66 1 2
52 67 2 5
52 68 8 4
52 69 3 4
52 71 7 5
52 72 9 3
52 75 4 8
52 76 7 6
52 77 2 5
52 78 3 8
52 79 4 4
52 80 1 9
52 81 2 10
52 82 6 10
52 83 2 6
52 84 5 2
52 85 3 6
52 88 5 4
52 90 5 1
52 91 6 8
52 92 2 10
52 93 5 2
52 94 6 6
52 95 8 6
52 97 2 6
52 98 5 3
52 99 5 3
53 54 4 6
53 55 5 2
53 57 1 7
53 58 9 9
53 59 2 9
53 60 3 3
53 61 3 8
53 62 7 2
53 63 4 5
53 64 2 4
53 65 9 6
53 66 10 3
53 67 1 2
53 69 1 5
53 71 10 8
53 72 2 1
53 73 7 9
53 75 9 6
53 78 4 2
53 79 1 9
53 80 7 1
53 81 8 7
53 82 4 4
53 83 9 3
53 84 1 4
53 86 1 10
53 88 1 8
53 89 4 10
53 90 8 3
53 91 6 2
53 92 6 5
53 93 4 2
53 94 4 4
53 96 10 8
53 100 5 4
54 55 5 1
54 56 6 7
54 57 9 3
54 58 8 3
54 59 7 5
54 60 10 9
54 61 7 3
54 62 8 7
54 63 5 7
54 64 5 10
54 65 3 5
54 66 1 7
54 69 3 6
54 70 5 7
54 72 3 10
54 73 6 3
54 76 10 8
54 77 9 4
54 78 2 9
54 79 8 6
54 80 4 2
54 81 9 4
54 82 8 5
54 83 1 3
54 84 10 7
54 85 2 7
54 86 5 1
54 87 1 5
54 88 2 1
54 89 7 9
54 90 1 4
54 92 9 9
54 93 7 7
54 95 10 8
54 96 10 1
54 97 5 8
54 98 9 7
54 99 1 4
55 57 5 5
55 58 4 5
55 60 8 5
55 61 3 9
55 62 4 3
55 63 9 9
55 64 7 8
55 65 3 1
55 66 6 1
55 67 3 3
55 69 8 1
55 70 3 6
55 71 6 6
55 73 8 2
55 74 6 7
55 76 10 7
55 77 10 3
55 78 2 3
55 80 3 10
55 83 7 3
55 86 5 9
55 88 2 10
55 89 4 6
55 91 5 3
55 92 7 10
55 93 5 9
55 94 5 1
55 96 1 4
55 97 10 4
55 98 10 5
55 99 2 1
55 100 4 9
56 58 1 8
56 59 1 1
56 60 6 8
56 62 1 5
56 63 9 8
56 64 7 6
56 66 6 2
56 67 8 3
56 69 7 8
56 71 6 6
56 72 4 3
56 73 10 6
56 74 3 9
56 75 5 4
56 76 8 9
56 77 1 7
56 78 10 9
56 79 8 8
56 80 9 9
56 81 10 6
56 82 2 2
56 83 8 7
56 86 4 1
56 87 4 5
56 89 1 8
56 91 7 2
56 92 7 1
56 93 2 1
56 94 10 8
56 95 10 5
56 96 2 3
56 97 4 10
56 98 5 7
56 99 5 9
57 58 5 3
57 61 6 8
57 62 4 1
57 64 9 8
57 65 6 3
57 66 10 3
57 69 10 1
57 71 1 10
57 72 2 2
57 73 9 3
57 74 5 2
57 75 9 5
57 76 4 4
57 77 2 7
57 78 10 6
57 79 2 7
57 80 9 6
57 81 8 2
57 84 5 8
57 86 1 6
57 87 1 10
57 88 4 1
57 91 4 9
57 92 7 7
57 94 4 1
57 96 9 1
57 97 7 2
57 98 9 4
57 99 5 6
57 100 8 7
58 59 2 4
58 60 3 4
58 61 4 8
58 63 4 10
58 64 10 5
58 65 8 8
58 67 3 6
58 68 1 5
58 69 5 7
58 70 3 7
58 72 1 5
58 73 8 10
58 74 10 4
58 76 5 5
58 77 2 9
58 79 7 1
58 80 8 6
58 81 7 5
58 82 3 5
58 83 10 7
58 84 9 10
58 85 7 1
58 86 7 5
58 87 3 3
58 88 9 3
58 89 6 8
58 91 1 6
58 92 4 8
58 93 3 3
58 94 8 10
58 96 10 1
58 98 10 7
58 99 6 3
58 100 2 2
59 60 10 6
59 61 5 4
59 63 6 2
59 64 10 5
59 66 5 8
59 67 7 5
59 68 10 4
59 69 1 5
59 70 4 5
59 72 8 1
59 73 4 7
59 74 10 2
59 75 8 4
59 76 4 2
59 78 7 7
59 79 1 7
59 80 10 4
59 81 1 4
59 82 3 9
59 83 4 10
59 84 2 9
59 85 4 1
59 86 3 6
59 87 2 7
59 89 6 5
59 90 3 5
59 91 9 6
59 92 5 8
59 94 5 2
59 95 1 3
59 98 4 8
60 61 3 6
60 62 9 4
60 63 2 9
60 64 6 5
60 66 8 9
60 67 2 10
60 68 6 4
60 69 3 5
60 71 5 3
60 72 1 9
60 73 10 7
60 74 6 3
60 75 5 3
60 77 6 5
60 78 5 6
60 79 9 8
60 81 4 5
60 83 9 5
60 84 5 6
60 85 1 5
60 86 5 10
60 87 5 6
60 88 3 6
60 89 1 10
60 90 8 6
60 91 1 10
60 92 8 10
60 94 8 5
60 95 6 6
60 96 4 6
60 97 10 4
60 98 2 1
60 99 9 2
60 100 2 9
61 62 1 6
61 63 9 3
61 64 8 2
61 65 4 9
61 66 10 10
61 67 1 4
61 68 1 5
61 69 9 6
61 70 8 8
61 71 8 5
61 72 2 8
61 73 8 9
61 74 3 5
61 75 3 10
61 76 10 3
61 77 7 3
61 78 8 6
61 79 1 6
61 80 3 3
61 81 2 3
61 82 8 4
61 85 10 1
61 86 9 4
61 87 5 1
61 88 4 9
61 89 7 1
61 92 2 5
61 93 1 4
61 94 8 3
61 95 8 2
61 97 4 4
61 98 6 8
61 99 6 6
61 100 7 7
62 63 8 3
62 64 1 1
62 65 8 5
62 66 6 1
62 67 7 9
62 68 5 10
62 69 3 6
62 70 9 2
62 71 3 9
62 72 9 5
62 74 10 6
62 75 7 5
62 77 8 3
62 79 6 7
62 80 9 6
62 81 7 9
62 82 7 2
62 83 7 2
62 84 5 5
62 85 5 2
62 86 5 1
62 87 1 2
62 90 7 6
62 91 7 2
62 93 7 7
62 94 2 6
62 95 1 6
62 97 9 3
62 99 2 2
62 100 8 4
63 64 3 10
63 65 4 1
63 66 9 4
63 67 8 6
63 68 8 7
63 69 5 8
63 70 1 3
63 71 4 4
63 72 1 3
63 73 3 8
63 74 4 9
63 75 4 8
63 76 2 5
63 77 5 3
63 78 6 2
63 79 3 5
63 80 10 5
63 81 9 9
63 82 2 7
63 83 3 2
63 84 5 4
63 85 4 7
63 86 6 10
63 87 7 4
63 88 2 5
63 89 6 8
63 90 4 6
63 91 10 3
63 92 5 9
63 93 1 7
63 94 10 9
63 95 9 6
63 96 6 6
63 97 9 2
63 98 3 8
63 99 1 4
64 65 7 9
64 66 10 1
64 67 4 4
64 68 9 8
64 69 3 2
64 70 1 2
64 72 2 8
64 73 5 10
64 74 10 9
64 75 6 10
64 76 1 1
64 77 9 7
64 78 2 8
64 79 9 8
64 80 1 2
64 82 2 7
64 84 9 4
64 85 9 1
64 87 5 9
64 89 10 4
64 90 3 10
64 91 6 7
64 92 9 5
64 93 2 9
64 94 10 1
64 95 5 3
64 96 2 4
64 97 6 1
64 99 9 2
65 67 1 2
65 68 5 2
65 69 6 3
65 71 3 2
65 74 5 5
65 76 6 3
65 77 4 6
65 78 6 1
65 79 8 3
65 80 1 7
65 81 1 10
65 82 9 10
65 83 10 6
65 84 7 1
65 85 8 1
65 86 4 3
65 89 7 7
65 92 5 1
65 94 10 10
65 95 4 6
65 96 7 1
65 97 2 10
65 99 9 3
66 67 9 9
66 68 6 1
66 69 10 7
66 70 10 10
66 73 8 4
66 74 4 7
66 75 2 7
66 76 8 10
66 78 4 2
66 79 1 5
66 80 7 10
66 81 10 3
66 85 3 9
66 88 2 1
66 89 10 2
66 90 3 9
66 91 8 9
66 93 9 9
66 94 3 5
66 95 5 2
66 96 2 5
66 98 10 3
66 99 8 6
66 100 7 6
67 68 9 9
67 70 6 9
67 71 9 7
67 72 6 9
67 73 6 5
67 74 7 1
67 76 5 6
67 77 1 3
67 79 2 5
67 80 2 3
67 81 4 8
67 82 7 3
67 83 6 6
67 85 6 1
67 86 2 4
67 87 3 3
67 90 1 1
67 91 10 10
67 92 9 6
67 93 3 5
67 94 1 5
67 98 5 9
67 99 5 8
67 100 1 9
68 69 7 5
68 70 10 8
68 71 10 2
68 72 10 8
68 73 4 10
68 74 7 2
68 75 7 9
68 76 5 10
68 78 7 1
68 80 5 10
68 81 4 9
68 82 6 3
68 84 8 4
68 85 7 7
68 86 2 1
68 87 5 9
68 88 9 5
68 89 9 7
68 90 7 7
68 91 10 3
68 92 7 6
68 93 8 9
68 94 4 8
68 95 2 4
68 97 6 9
68 98 10 6
68 100 4 8
69 70 9 8
69 71 4 1
69 72 3 5
69 73 7 10
69 74 8 9
69 77 8 7
69 78 2 5
69 80 5 8
69 81 6 2
69 82 3 7
69 83 9 7
69 84 1 7
69 85 4 7
69 86 2 8
69 87 6 1
69 88 8 1
69 89 8 4
69 90 6 4
69 91 1 3
69 92 9 5
69 93 3 10
69 94 3 2
69 95 5 4
69 96 10 6
69 97 5 5
69 98 9 3
69 99 4 1
69 100 9 5
70 71 10 4
70 72 1 10
70 73 4 1
70 74 2 4
70 76 1 9
70 80 3 6
70 81 4 9
70 82 2 4
70 83 8 4
70 85 5 10
70 86 3 3
70 88 3 8
70 89 7 2
70 90 8 2
70 93 9 8
70 94 8 6
70 95 2 10
70 96 7 5
70 97 1 5
70 99 4 6
70 100 5 10
71 72 2 5
71 73 6 9
71 74 1 1
71 76 4 8
71 77 7 2
71 78 4 3
71 79 6 3
71 81 8 8
71 82 2 7
71 83 3 6
71 86 4 5
71 88 3 8
71 89 6 3
71 90 8 4
71 91 3 9
71 92 4 6
71 93 8 10
71 94 5 4
71 96 4 2
71 97 3 10
71 98 3 9
71 100 8 2
72 74 6 10
72 75 6 8
72 76 2 4
72 77 3 10
72 78 4 2
72 79 1 6
72 80 3 2
72 81 10 1
72 83 3 2
72 84 7 4
72 86 2 9
72 87 8 8
72 88 7 8
72 89 7 1
72 90 1 8
72 91 1 1
72 92 3 7
72 93 9 6
72 95 9 9
72 97 7 2
72 98 6 1
72 99 4 8
72 100 1 10
73 76 5 10
73 77 8 1
73 78 5 8
73 79 5 2
73 81 10 7
73 83 8 2
73 84 2 7
73 85 8 1
73 88 10 1
73 89 3 9
73 90 5 4
73 91 1 9
73 92 5 5
73 93 1 6
73 94 4 8
73 95 10 1
73 96 9 3
73 97 3 8
73 98 6 2
73 99 10 4
73 100 10 8
74 75 4 7
74 76 10 8
74 77 6 7
74 78 8 2
74 80 5 1
74 82 10 9
74 83 1 10
74 84 1 9
74 85 10 10
74 87 10 7
74 88 8 2
74 89 10 4
74 90 8 3
74 91 1 9
74 92 4 2
74 93 10 9
74 95 1 2
74 96 1 6
74 98 7 6
74 99 6 4
74 100 10 4
75 78 4 2
75 79 9 10
75 80 9 10
75 81 9 2
75 82 8 2
75 83 1 10
75 84 10 10
75 85 9 3
75 88 9 3
75 91 6 2
75 92 8 6
75 93 10 1
75 94 6 9
75 95 3 10
75 96 1 7
75 97 10 3
75 98 7 7
75 99 7 3
75 100 4 8
76 77 8 9
76 78 9 1
76 79 10 7
76 80 9 2
76 81 4 5
76 82 6 3
76 83 10 1
76 84 5 7
76 85 8 7
76 87 2 9
76 88 8 6
76 89 4 5
76 90 10 7
76 91 9 2
76 92 6 7
76 93 7 7
76 94 3 5
76 95 2 5
76 96 4 5
76 97 2 3
76 98 2 10
76 99 2 4
76 100 10 3
77 78 4 6
77 79 8 5
77 80 7 9
77 81 4 7
77 82 7 1
77 83 4 1
77 84 2 7
77 85 9 8
77 86 9 6
77 87 8 1
77 88 10 3
77 89 1 10
77 90 9 9
77 91 9 4
77 92 6 9
77 93 5 6
77 94 5 3
77 95 7 5
77 96 2 8
77 97 10 1
77 98 10 5
77 99 6 3
77 100 10 1
78 79 10 6
78 80 8 2
78 82 4 6
78 83 10 9
78 84 8 1
78 85 10 10
78 86 8 2
78 88 9 9
78 89 6 1
78 90 9 9
78 91 10 10
78 92 5 9
78 93 9 4
78 94 7 1
78 95 4 7
78 96 6 2
78 97 10 2
78 98 1 9
78 100 3 1
79 80 4 3
79 81 8 6
79 82 6 7
79 84 3 8
79 86 10 1
79 88 1 9
79 89 7 6
79 91 4 5
79 92 2 4
79 94 8 4
79 95 10 6
79 96 5 9
79 97 10 9
79 98 5 4
79 99 6 10
79 100 1 9
80 81 4 7
80 82 2 4
80 84 9 8
80 85 1 4
80 86 10 1
80 89 10 1
80 90 5 2
80 91 10 2
80 92 9 5
80 93 10 8
80 94 2 4
80 95 3 3
80 96 8 8
80 97 9 10
80 99 9 2
81 82 9 9
81 86 2 5
81 87 10 4
81 88 4 9
81 89 8 4
81 90 10 1
81 92 8 1
81 93 2 4
81 94 1 6
81 95 1 3
81 96 2 3
81 97 4 2
81 98 2 1
81 99 2 6
81 100 7 1
82 83 5 2
82 86 8 5
82 87 9 4
82 88 7 5
82 89 1 1
82 90 9 7
82 91 3 7
82 94 1 1
82 95 1 10
82 96 9 2
82 97 10 4
82 98 3 8
82 99 10 2
83 84 5 8
83 85 4 2
83 86 8 10
83 87 3 3
83 88 5 7
83 90 5 4
83 91 10 5
83 94 7 6
83 95 9 6
83 96 7 2
83 97 2 6
83 100 7 6
84 85 4 8
84 86 2 6
84 87 10 4
84 88 6 8
84 89 5 9
84 90 3 10
84 91 6 7
84 92 5 3
84 94 6 3
84 95 3 9
84 97 8 1
84 98 1 8
84 99 3 6
84 100 3 8
85 86 2 5
85 87 3 2
85 88 3 10
85 89 2 1
85 90 10 2
85 92 2 3
85 93 2 10
85 94 7 9
85 95 2 3
85 96 8 4
85 97 7 9
85 98 5 3
85 99 3 5
85 100 10 5
86 87 9 2
86 88 5 8
86 89 8 2
86 90 6 5
86 91 6 2
86 92 7 7
86 94 6 2
86 95 7 4
86 96 9 4
86 98 7 1
86 100 5 4
87 88 10 3
87 89 9 10
87 90 6 2
87 91 8 6
87 92 6 9
87 93 1 10
87 94 3 1
87 95 2 6
87 96 3 9
87 97 4 5
87 98 5 7
87 99 1 6
87 100 2 4
88 89 1 5
88 90 8 3
88 91 7 7
88 92 6 10
88 93 1 9
88 94 3 4
88 95 6 3
88 96 1 5
88 97 4 7
88 98 3 10
88 100 1 5
89 90 9 3
89 92 10 6
89 93 6 4
89 96 10 4
89 97 8 9
89 98 2 3
89 99 10 4
89 100 4 5
90 91 7 6
90 92 1 2
90 93 10 9
90 94 1 2
90 96 9 7
90 98 2 7
90 99 8 8
90 100 1 4
91 93 8 9
91 94 3 3
91 95 8 7
91 96 3 2
91 97 6 10
91 98 10 10
91 99 5 3
91 100 3 8
92 96 4 5
92 97 6 1
92 99 6 5
92 100 2 7
93 94 1 9
93 95 1 3
93 96 2 4
93 97 7 2
93 98 7 7
93 99 1 6
93 100 6 7
94 95 8 8
94 96 7 6
94 97 4 7
94 98 10 6
94 99 1 9
94 100 10 1
95 96 4 1
95 97 8 6
95 100 9 2
96 97 1 1
96 98 8 6
96 99 7 2
96 100 7 8
97 99 8 2
97 100 10 10
98 99 2 5
98 100 10 6
99 100 2 3
1
1 2 3 4 5 6 7 8 9 10 11 12 13 14 15 16 17 18 19 20 21 22 23 24 25 26 27 28 29 30 31 32 33 34 35 36 37 38 39 40 41 42 43 44 45 46 47 48 49 50
