4003
1 3 8 1
1 5 4 6
1 6 7 3
1 7 10 9
1 8 6 8
1 9 3 6
1 12 5 7
1 13 8 10
1 15 4 5
1 16 4 9
1 17 1 7
1 18 5 4
1 19 9 9
1 20 6 4
1 21 10 4
1 22 9 6
1 24 1 8
1 25 6 10
1 26 9 8
1 27 4 10
1 28 5 1
1 29 6 7
1 30 7 8
1 31 10 8
1 32 1 5
1 33 6 2
1 34 2 10
1 35 5 1
1 36 10 2
1 37 3 7
1 38 1 6
1 39 5 7
1 40 6 2
1 41 9 1
1 42 8 8
1 43 6 10
1 44 2 1
1 45 1 5
1 46 4 9
1 47 4 4
1 48 4 5
1 49 8 5
1 50 1 9
1 51 10 8
1 52 2 8
1 53 7 10
1 54 5 1
1 55 8 3
1 57 3 9
1 58 2 1
1 59 3 3
1 60 5 4
1 61 5 7
1 62 3 1
1 63 1 8
1 64 6 8
1 65 7 1
1 66 1 1
1 67 5 3
1 68 1 2
1 70 2 6
1 71 8 9
1 73 8 8
1 75 8 8
1 77 1 1
1 78 4 4
1 79 6 1
1 80 5 8
1 81 8 1
1 82 3 5
1 84 7 10
1 85 3 2
1 86 5 6
1 87 1 9
1 88 9 4
1 89 2 4
1 90 5 2
1 91 5 7
1 92 3 6
1 93 9 6
1 94 2 2
1 95 6 1
1 96 6 10
1 97 6 10
1 98 9 7
1 99 3 7
1 100 9 3
2 3 4 9
2 5 9 6
2 7 1 10
2 8 8 9
2 9 5 3
2 10 1 3
2 11 3 2
2 12 6 5
2 13 6 7
2 14 9 10
2 15 9 4
2 17 9 10
2 19 9 9
2 21 2 2
2 23 4 4
2 24 9 9
2 25 6 7
2 26 5 9
2 27 9 3
2 28 6 4
2 29 8 7
2 30 4 7
2 31 5 2
2 33 8 9
2 34 2 9
2 35 3 2
2 36 10 4
2 37 9 6
2 38 3 7
2 39 8 4
2 40 5 9
2 41 6 4
2 42 3 8
2 43 4 7
2 44 9 10
2 45 7 6
2 46 7 2
2 48 6 2
2 49 4 6
2 50 9 3
2 51 2 1
2 52 7 3
2 53 6 9
2 55 8 5
2 56 2 5
2 57 8 7
2 58 10 3
2 59 5 2
2 60 1 7
2 61 3 3
2 62 8 3
2 63 4 10
2 64 3 10
2 65 3 3
2 67 2 1
2 68 7 7
2 69 8 5
2 70 7 9
2 71 6 4
2 72 4 7
2 73 8 9
2 74 5 6
2 75 9 7
2 77 10 6
2 78 10 8
2 79 3 5
2 80 1 5
2 81 8 10
2 82 2 4
2 84 6 3
2 85 3 8
2 86 6 4
2 87 8 9
2 88 10 7
2 89 8 3
2 90 7 6
2 91 3 2
2 92 5 10
2 93 6 6
2 94 4 7
2 95 10 4
2 96 10 8
2 97 6 7
2 99 2 7
2 100 8 9
3 4 6 8
3 5 8 1
3 7 6 10
3 8 4 10
3 9 8 1
3 10 7 4
3 11 8 8
3 12 6 3
3 13 5 7
3 14 6 3
3 16 6 1
3 17 1 1
3 18 2 7
3 19 2 9
3 20 5 2
3 21 10 5
3 22 6 10
3 23 1 1
3 24 10 5
3 25 1 3
3 26 2 10
3 27 2 1
3 28 2 6
3 29 10 6
3 30 9 6
3 32 2 4
3 33 9 8
3 34 1 3
3 35 9 2
3 36 5 10
3 37 6 6
3 40 3 7
3 41 1 7
3 42 7 3
3 43 2 10
3 44 10 10
3 45 5 5
3 48 3 8
3 49 8 2
3 50 9 3
3 51 7 5
3 52 5 4
3 53 9 6
3 54 10 7
3 56 5 8
3 57 6 5
3 60 5 9
3 61 1 8
3 63 9 7
3 64 8 5
3 65 4 4
3 66 4 4
3 67 9 2
3 68 5 6
3 69 1 4
3 70 9 1
3 71 1 7
3 72 8 4
3 73 5 1
3 74 1 6
3 75 8 10
3 76 9 2
3 77 9 1
3 78 8 8
3 79 10 9
3 80 2 3
3 81 1 1
3 82 6 2
3 83 3 1
3 84 9 2
3 85 4 9
3 86 3 9
3 87 9 2
3 88 2 7
3 89 5 4
3 90 2 7
3 93 5 10
3 94 7 6
3 96 8 1
3 97 9 4
3 98 8 7
3 99 10 6
3 100 2 1
4 6 9 1
4 7 2 1
4 8 4 7
4 9 6 6
4 10 4 8
4 11 3 3
4 12 2 1
4 13 4 1
4 14 5 1
4 15 8 5
4 16 8 3
4 17 10 1
4 18 7 5
4 19 7 8
4 21 1 3
4 22 3 10
4 23 4 8
4 24 4 9
4 27 10 9
4 28 7 9
4 29 8 6
4 30 8 2
4 32 10 9
4 34 5 7
4 36 6 6
4 37 6 10
4 38 2 1
4 39 6 1
4 40 1 2
4 41 7 5
4 42 10 6
4 43 1 9
4 45 2 7
4 46 4 10
4 48 3 3
4 49 9 4
4 50 8 2
4 51 4 6
4 52 7 4
4 53 2 2
4 54 10 6
4 56 7 7
4 57 4 6
4 58 7 10
4 60 4 5
4 61 3 1
4 62 2 10
4 63 5 7
4 64 6 2
4 65 8 1
4 66 3 5
4 68 9 1
4 70 3 4
4 71 2 2
4 72 1 1
4 73 6 2
4 74 9 3
4 75 2 10
4 76 7 1
4 77 9 9
4 78 2 5
4 79 10 3
4 80 2 6
4 81 1 4
4 83 1 2
4 84 9 4
4 85 8 7
4 86 6 2
4 88 10 6
4 89 8 2
4 91 6 10
4 92 4 8
4 93 7 6
4 95 4 6
4 98 4 3
4 99 3 5
4 100 8 2
5 6 10 8
5 7 7 9
5 8 3 4
5 9 3 1
5 10 2 2
5 11 7 1
5 12 5 10
5 13 10 1
5 14 10 4
5 16 1 2
5 17 8 1
5 18 8 3
5 20 6 7
5 21 2 2
5 23 7 9
5 26 2 9
5 28 8 3
5 29 5 9
5 30 3 4
5 31 7 9
5 32 9 10
5 33 7 5
5 34 3 1
5 35 4 8
5 36 5 9
5 37 7 3
5 38 10 9
5 40 4 4
5 43 3 2
5 44 1 1
5 45 7 5
5 47 1 6
5 49 3 7
5 50 4 6
5 53 7 6
5 55 6 1
5 57 3 6
5 58 10 5
5 59 1 7
5 61 1 8
5 62 3 7
5 63 9 10
5 66 3 5
5 67 4 5
5 68 8 6
5 69 7 10
5 71 1 2
5 74 10 10
5 76 6 1
5 77 10 7
5 78 9 8
5 80 2 10
5 81 1 5
5 82 6 7
5 83 7 10
5 84 4 7
5 85 8 10
5 86 10 10
5 87 5 8
5 88 10 9
5 89 8 6
5 90 2 2
5 92 6 1
5 93 8 2
5 94 5 10
5 95 8 3
5 96 4 8
5 97 8 7
5 100 7 10
6 7 8 9
6 8 7 10
6 9 9 7
6 11 9 4
6 12 7 1
6 13 2 4
6 14 7 2
6 15 3 8
6 16 6 5
6 18 3 3
6 19 8 2
6 20 4 9
6 21 4 6
6 22 1 9
6 23 1 7
6 24 3 8
6 25 8 6
6 26 6 10
6 29 2 1
6 31 7 10
6 34 5 9
6 35 1 6
6 36 3 5
6 37 8 8
6 38 9 8
6 39 8 4
6 41 2 6
6 42 9 5
6 44 3 7
6 45 3 2
6 46 2 1
6 47 9 5
6 48 8 8
6 49 4 8
6 50 10 9
6 52 2 8
6 53 4 3
6 54 4 2
6 55 3 8
6 56 7 6
6 57 5 8
6 58 1 9
6 59 1 7
6 60 5 6
6 61 4 1
6 62 6 7
6 63 7 3
6 65 2 3
6 66 6 3
6 67 9 6
6 69 6 9
6 70 9 10
6 71 6 10
6 72 1 1
6 73 1 1
6 74 1 8
6 76 8 2
6 77 2 1
6 78 7 4
6 79 7 9
6 81 10 9
6 82 2 5
6 83 4 3
6 85 10 8
6 86 8 3
6 87 5 10
6 88 6 8
6 90 10 3
6 91 6 3
6 92 6 7
6 93 2 10
6 94 6 1
6 97 10 3
6 98 7 2
6 99 1 4
6 100 3 6
7 10 1 9
7 11 6 1
7 12 10 9
7 13 7 6
7 15 9 4
7 16 1 3
7 17 2 5
7 18 6 2
7 20 7 8
7 21 8 9
7 22 1 9
7 23 4 4
7 24 7 9
7 25 8 2
7 26 5 7
7 27 9 6
7 29 4 2
7 30 6 2
7 31 5 9
7 32 10 8
7 33 10 8
7 34 1 3
7 35 2 2
7 36 10 3
7 37 1 7
7 40 7 8
7 41 9 2
7 42 3 4
7 43 6 10
7 45 9 4
7 46 9 3
7 48 9 4
7 50 6 9
7 51 6 9
7 52 5 7
7 55 9 9
7 57 9 7
7 58 8 9
7 59 1 1
7 60 8 9
7 62 9 6
7 63 6 5
7 64 2 9
7 65 2 5
7 67 5 2
7 69 1 8
7 70 9 2
7 71 4 2
7 72 9 7
7 73 3 9
7 74 1 9
7 75 8 10
7 76 10 1
7 77 1 7
7 78 1 7
7 79 4 8
7 80 5 9
7 81 1 6
7 82 3 2
7 83 10 5
7 84 4 4
7 85 9 10
7 86 5 2
7 88 8 4
7 89 1 10
7 90 4 6
7 91 5 5
7 92 3 10
7 94 8 4
7 95 8 9
7 96 7 1
7 97 8 9
7 98 5 3
7 99 6 5
8 9 7 3
8 10 2 8
8 11 6 2
8 13 10 1
8 14 2 8
8 15 4 5
8 17 7 8
8 18 7 2
8 20 1 5
8 21 6 1
8 22 9 8
8 23 4 3
8 25 3 7
8 26 6 9
8 27 7 4
8 28 2 7
8 30 6 6
8 32 3 5
8 33 3 9
8 34 1 3
8 35 2 2
8 36 3 8
8 37 7 8
8 38 9 5
8 39 5 7
8 40 8 5
8 41 2 9
8 43 6 8
8 44 7 2
8 45 1 3
8 46 5 8
8 49 1 9
8 50 4 9
8 52 2 6
8 53 7 8
8 54 3 7
8 55 4 8
8 56 5 7
8 57 9 4
8 58 6 7
8 59 10 1
8 61 3 8
8 64 3 8
8 65 3 8
8 66 2 2
8 68 3 1
8 71 6 8
8 72 7 7
8 75 5 4
8 77 10 9
8 78 7 7
8 79 3 10
8 80 10 3
8 81 3 8
8 82 7 2
8 84 2 3
8 85 9 2
8 86 9 9
8 87 4 5
8 88 7 4
8 89 4 1
8 90 7 6
8 91 2 1
8 92 10 4
8 93 8 7
8 94 3 2
8 95 1 6
8 96 3 10
8 97 9 1
8 98 9 1
8 99 1 9
8 100 6 2
9 10 5 10
9 12 3 4
9 13 6 8
9 15 9 9
9 16 8 3
9 17 3 9
9 18 2 7
9 19 8 4
9 20 10 7
9 22 1 2
9 24 3 7
9 25 7 8
9 26 8 10
9 27 6 8
9 28 5 3
9 31 1 5
9 34 4 5
9 35 5 5
9 36 9 3
9 37 5 6
9 38 5 8
9 39 10 4
9 40 6 3
9 43 1 7
9 44 1 2
9 49 6 1
9 50 10 2
9 51 7 10
9 52 4 4
9 55 7 4
9 56 1 3
9 57 9 2
9 58 1 4
9 59 1 6
9 60 2 4
9 61 8 8
9 63 7 3
9 65 10 2
9 66 2 6
9 67 7 1
9 68 9 7
9 71 3 3
9 73 1 1
9 74 6 7
9 76 6 4
9 79 1 2
9 80 10 3
9 83 1 8
9 84 10 2
9 85 3 7
9 86 7 10
9 87 10 1
9 88 8 9
9 89 9 6
9 90 6 9
9 91 9 5
9 92 9 10
9 93 2 9
9 94 6 6
9 95 3 1
9 96 10 6
9 97 8 6
9 98 6 3
9 99 8 7
9 100 9 7
10 13 4 3
10 14 8 4
10 15 9 6
10 16 6 8
10 17 3 8
10 18 9 7
10 19 7 10
10 20 9 6
10 22 4 1
10 23 8 6
10 24 10 9
10 25 10 8
10 26 8 2
10 27 1 4
10 28 6 7
10 29 10 3
10 30 8 9
10 31 4 8
10 32 7 3
10 33 5 2
10 34 5 1
10 35 4 1
10 36 9 2
10 37 6 9
10 38 9 10
10 39 5 3
10 40 7 3
10 41 5 6
10 42 5 5
10 43 9 10
10 44 6 2
10 46 10 9
10 47 2 2
10 48 3 10
10 49 10 9
10 50 1 10
10 51 8 1
10 52 9 8
10 53 9 10
10 54 4 1
10 55 2 9
10 56 1 3
10 57 2 7
10 58 2 1
10 59 5 2
10 61 2 8
10 62 9 10
10 64 2 9
10 65 2 7
10 66 3 6
10 67 4 4
10 68 6 10
10 69 5 2
10 71 10 7
10 73 5 5
10 74 1 9
10 76 4 2
10 77 10 4
10 79 1 10
10 80 1 3
10 81 4 6
10 82 4 9
10 83 4 3
10 84 9 1
10 86 3 4
10 87 7 10
10 89 5 2
10 91 6 9
10 92 1 1
10 94 4 4
10 99 6 4
10 100 7 6
11 12 10 5
11 13 4 6
11 15 7 1
11 16 1 7
11 17 2 4
11 19 5 2
11 20 8 2
11 22 9 8
11 23 2 6
11 24 4 8
11 25 2 6
11 26 1 4
11 27 2 5
11 30 4 7
11 32 3 7
11 33 8 2
11 34 6 1
11 35 2 4
11 38 7 3
11 40 6 1
11 43 3 1
11 44 7 1
11 45 10 3
11 46 10 9
11 47 1 8
11 48 10 10
11 49 6 4
11 50 10 7
11 51 1 6
11 53 3 8
11 54 2 2
11 56 3 1
11 57 2 7
11 58 5 7
11 59 10 10
11 60 9 5
11 62 9 2
11 63 10 10
11 64 2 1
11 66 7 6
11 67 3 2
11 69 2 7
11 71 3 10
11 72 1 1
11 73 9 7
11 74 6 3
11 75 10 7
11 76 5 6
11 77 4 6
11 80 6 5
11 81 3 7
11 82 3 10
11 83 2 9
11 84 5 4
11 85 5 6
11 86 7 9
11 87 7 2
11 88 4 8
11 90 1 7
11 91 2 5
11 92 3 9
11 93 1 6
11 94 4 7
11 95 5 6
11 97 6 9
11 98 3 3
11 100 6 9
12 15 3 4
12 16 8 2
12 18 6 4
12 19 1 4
12 20 8 4
12 21 4 3
12 22 3 1
12 23 2 7
12 25 2 8
12 26 10 7
12 27 8 4
12 31 6 7
12 32 9 8
12 34 4 8
12 35 10 9
12 36 7 1
12 37 9 2
12 38 1 1
12 39 7 1
12 40 4 10
12 41 2 4
12 43 2 4
12 44 3 8
12 45 4 3
12 47 5 6
12 48 7 1
12 49 10 5
12 51 6 1
12 52 10 2
12 53 6 7
12 54 6 4
12 57 1 5
12 58 9 6
12 59 9 3
12 60 3 7
12 62 9 4
12 63 8 10
12 64 8 7
12 66 5 5
12 67 9 1
12 68 6 5
12 70 9 1
12 72 7 8
12 73 9 10
12 74 8 8
12 75 2 3
12 76 9 9
12 78 4 3
12 79 6 1
12 80 8 2
12 81 4 6
12 83 2 8
12 84 6 10
12 86 1 3
12 88 2 6
12 89 8 10
12 90 6 10
12 91 4 5
12 92 2 7
12 94 9 5
12 96 2 6
12 97 6 7
12 98 9 3
12 99 5 10
12 100 7 7
13 14 8 1
13 15 2 3
13 16 2 4
13 17 5 5
13 18 7 4
13 19 6 6
13 20 2 4
13 23 6 1
13 24 1 1
13 25 3 6
13 27 10 10
13 28 8 1
13 29 5 6
13 30 3 6
13 31 9 9
13 34 6 2
13 35 7 3
13 37 1 5
13 40 8 5
13 41 10 8
13 42 3 3
13 43 2 6
13 44 4 10
13 46 10 1
13 47 5 10
13 49 10 10
13 51 6 6
13 52 2 4
13 53 8 2
13 55 1 8
13 56 3 3
13 57 8 4
13 58 6 5
13 59 10 3
13 60 5 8
13 61 3 10
13 63 10 10
13 64 1 2
13 65 1 9
13 66 2 7
13 67 1 1
13 68 7 6
13 69 10 4
13 70 1 3
13 71 2 2
13 73 4 7
13 74 10 5
13 76 5 9
13 77 9 4
13 78 2 5
13 79 1 7
13 80 1 10
13 81 5 9
13 82 6 4
13 83 6 9
13 84 8 5
13 85 10 5
13 88 7 6
13 89 8 1
13 93 4 8
13 94 10 3
13 95 1 9
13 96 10 4
13 98 4 6
13 99 9 2
13 100 4 7
14 16 8 8
14 17 3 7
14 18 3 8
14 19 5 7
14 21 9 3
14 24 2 3
14 25 10 8
14 26 2 1
14 27 10 6
14 28 2 1
14 29 6 2
14 30 6 10
14 31 8 5
14 32 1 9
14 34 3 8
14 35 7 10
14 36 5 5
14 38 10 7
14 39 2 10
14 40 8 8
14 41 6 1
14 42 5 2
14 43 1 6
14 44 4 10
14 45 2 9
14 46 7 10
14 47 7 3
14 48 7 5
14 52 1 7
14 54 2 4
14 55 8 10
14 57 10 5
14 58 7 10
14 60 10 4
14 62 3 3
14 64 1 8
14 65 7 10
14 66 10 7
14 67 10 2
14 68 2 2
14 69 6 1
14 70 4 10
14 71 1 6
14 72 10 6
14 74 10 2
14 75 9 6
14 76 9 6
14 77 8 1
14 81 2 5
14 82 2 10
14 83 4 10
14 84 10 6
14 85 10 9
14 87 2 5
14 88 9 7
14 89 4 9
14 90 6 1
14 91 3 1
14 93 6 9
14 95 3 4
14 97 4 3
14 98 7 6
14 99 9 8
14 100 8 10
15 16 10 4
15 17 5 2
15 18 5 9
15 20 9 5
15 21 5 6
15 22 7 2
15 23 2 4
15 24 5 10
15 25 1 8
15 26 2 1
15 28 2 6
15 31 8 10
15 32 9 4
15 33 6 2
15 34 5 10
15 35 10 8
15 36 8 1
15 37 9 5
15 38 5 3
15 39 4 9
15 40 6 1
15 42 6 7
15 43 7 9
15 44 2 7
15 45 8 4
15 47 7 6
15 49 4 4
15 50 6 10
15 51 10 3
15 52 1 6
15 53 7 2
15 55 8 7
15 56 9 5
15 57 6 6
15 58 7 3
15 60 2 2
15 61 1 5
15 62 9 4
15 64 8 8
15 67 3 3
15 69 4 9
15 70 8 3
15 71 10 5
15 72 7 2
15 73 9 4
15 74 8 8
15 75 3 10
15 77 8 10
15 78 10 3
15 79 4 5
15 80 9 5
15 81 2 9
15 82 10 6
15 83 1 8
15 84 7 8
15 85 10 2
15 86 8 3
15 88 2 9
15 89 8 10
15 90 7 6
15 92 9 5
15 93 3 1
15 94 2 10
15 95 3 1
15 96 10 6
15 98 10 10
15 99 4 1
15 100 1 10
16 17 10 7
16 18 10 6
16 19 4 7
16 20 7 1
16 21 4 9
16 22 5 3
16 24 4 3
16 25 1 1
16 26 6 2
16 27 3 7
16 28 1 3
16 29 5 4
16 30 7 5
16 31 5 8
16 32 6 3
16 33 4 1
16 34 9 9
16 35 9 6
16 36 4 9
16 37 2 10
16 38 5 8
16 39 4 1
16 40 4 4
16 42 7 4
16 43 1 1
16 44 3 5
16 45 7 2
16 47 4 7
16 49 2 4
16 50 8 8
16 51 2 2
16 52 8 3
16 53 5 4
16 54 10 8
16 55 9 7
16 56 6 8
16 57 7 1
16 58 4 6
16 59 7 2
16 60 3 1
16 61 6 10
16 62 2 8
16 65 2 3
16 66 4 2
16 67 2 6
16 68 6 4
16 69 10 7
16 70 5 3
16 71 6 2
16 73 7 1
16 75 10 8
16 76 6 10
16 77 10 7
16 78 9 1
16 79 2 5
16 80 6 3
16 81 2 8
16 82 6 1
16 86 8 9
16 87 9 10
16 88 1 9
16 89 6 9
16 90 2 3
16 91 6 6
16 92 2 2
16 94 1 7
16 95 3 5
16 96 2 3
16 98 4 8
16 99 4 3
16 100 1 6
17 18 8 1
17 20 8 8
17 21 1 3
17 22 8 5
17 25 6 4
17 26 9 2
17 27 9 2
17 29 8 7
17 30 9 5
17 31 3 5
17 33 5 10
17 34 2 6
17 36 2 8
17 37 8 6
17 38 4 8
17 40 2 7
17 41 8 9
17 42 6 2
17 43 10 7
17 44 10 1
17 45 8 7
17 46 9 5
17 47 2 2
17 48 8 5
17 49 5 7
17 51 10 1
17 52 7 1
17 53 8 4
17 55 5 6
17 56 9 2
17 57 10 5
17 58 3 2
17 59 6 3
17 60 9 5
17 62 10 3
17 63 7 3
17 64 1 9
17 67 7 1
17 68 7 4
17 70 10 2
17 72 3 10
17 73 6 10
17 74 7 4
17 75 4 9
17 76 8 4
17 77 2 8
17 78 9 9
17 79 8 4
17 80 4 6
17 81 2 3
17 82 6 8
17 83 5 2
17 84 7 1
17 85 7 9
17 86 4 1
17 87 8 5
17 88 10 6
17 89 1 8
17 90 4 4
17 91 5 8
17 92 8 10
17 93 1 5
17 94 1 6
17 95 1 10
17 96 8 10
17 97 10 9
17 98 8 8
17 99 8 10
17 100 6 6
18 19 2 9
18 20 3 7
18 21 2 2
18 22 4 9
18 23 4 6
18 24 3 2
18 25 8 8
18 26 6 3
18 27 4 5
18 28 9 6
18 31 4 6
18 32 6 4
18 33 10 7
18 35 7 8
18 37 3 6
18 38 1 8
18 40 5 2
18 43 2 4
18 44 5 7
18 45 10 1
18 47 1 4
18 48 8 5
18 49 4 8
18 50 7 7
18 51 9 4
18 53 3 10
18 54 9 5
18 55 2 9
18 56 5 4
18 57 2 7
18 58 8 10
18 59 2 9
18 60 2 2
18 61 6 6
18 62 7 9
18 63 8 8
18 64 9 1
18 68 9 4
18 69 9 4
18 70 2 10
18 71 3 6
18 74 5 3
18 75 1 10
18 76 4 3
18 77 5 5
18 78 6 9
18 81 1 9
18 82 8 6
18 83 1 9
18 84 1 8
18 85 4 3
18 89 10 8
18 90 7 6
18 91 8 7
18 93 9 9
18 94 6 7
18 95 8 7
18 96 6 1
18 97 6 3
18 99 1 8
18 100 1 1
19 20 2 6
19 21 10 2
19 22 4 10
19 23 9 10
19 25 1 10
19 27 7 5
19 29 5 6
19 30 4 3
19 31 5 6
19 32 10 8
19 33 4 3
19 34 10 9
19 35 9 3
19 36 4 10
19 37 10 3
19 38 5 8
19 39 5 7
19 42 8 7
19 43 2 9
19 44 1 4
19 45 2 6
19 46 5 10
19 48 10 10
19 49 2 8
19 50 4 2
19 51 2 6
19 52 7 5
19 53 10 1
19 57 6 9
19 60 2 1
19 62 5 1
19 63 9 3
19 64 9 5
19 65 6 9
19 66 7 4
19 67 8 5
19 68 6 6
19 69 4 10
19 71 8 9
19 72 4 4
19 73 9 2
19 74 8 3
19 75 5 6
19 76 10 8
19 77 10 3
19 78 8 8
19 80 8 4
19 81 2 2
19 82 8 7
19 83 4 4
19 84 5 9
19 86 5 1
19 87 5 10
19 88 3 5
19 89 2 3
19 91 7 1
19 92 3 2
19 93 5 9
19 94 7 6
19 95 10 10
19 97 4 2
19 98 3 8
19 99 6 6
19 100 4 6
20 22 2 6
20 23 2 5
20 24 1 7
20 25 8 9
20 27 8 3
20 28 9 6
20 29 5 5
20 30 2 3
20 31 3 4
20 32 6 7
20 33 10 9
20 35 6 4
20 37 1 1
20 39 1 8
20 40 5 9
20 42 5 4
20 43 1 4
20 44 3 8
20 45 5 3
20 46 3 4
20 47 1 3
20 48 2 3
20 49 10 8
20 50 10 5
20 51 5 6
20 52 8 7
20 53 3 5
20 54 10 5
20 55 9 1
20 56 3 8
20 57 2 9
20 58 6 5
20 60 2 9
20 61 6 10
20 62 1 10
20 65 10 3
20 66 1 10
20 67 7 9
20 68 8 8
20 69 6 1
20 72 10 8
20 73 7 8
20 74 8 7
20 76 2 1
20 77 10 10
20 79 9 6
20 80 4 4
20 81 10 3
20 82 5 9
20 83 7 3
20 84 3 6
20 85 1 4
20 87 10 2
20 88 7 6
20 89 1 5
20 90 10 7
20 91 7 3
20 92 6 2
20 93 6 6
20 95 7 6
20 96 9 1
20 97 4 4
20 98 9 7
20 99 4 2
20 100 3 6
21 22 2 7
21 23 7 5
21 24 1 3
21 25 9 10
21 27 3 3
21 28 5 5
21 29 3 7
21 30 4 2
21 31 2 9
21 33 3 2
21 35 8 10
21 36 5 1
21 39 1 10
21 40 3 4
21 41 2 1
21 42 9 6
21 43 1 8
21 44 8 5
21 45 8 1
21 46 6 6
21 47 9 2
21 48 7 10
21 49 9 10
21 50 4 6
21 51 5 7
21 52 2 7
21 53 3 1
21 54 2 1
21 56 5 8
21 57 9 6
21 58 2 4
21 59 9 1
21 60 10 3
21 61 3 6
21 63 2 5
21 64 7 7
21 65 2 4
21 66 5 9
21 67 6 10
21 70 2 7
21 71 10 8
21 73 10 3
21 74 8 3
21 78 5 5
21 80 4 6
21 81 9 5
21 82 8 8
21 83 2 7
21 84 8 2
21 86 2 7
21 87 4 3
21 88 1 10
21 90 10 2
21 91 8 6
21 92 7 10
21 93 7 5
21 94 8 5
21 96 7 6
21 97 3 6
21 99 5 8
22 23 2 7
22 24 4 2
22 26 9 3
22 27 1 7
22 30 9 1
22 31 1 4
22 34 5 10
22 35 5 9
22 36 9 8
22 37 3 7
22 38 5 4
22 39 4 9
22 41 6 1
22 42 7 10
22 43 1 7
22 44 10 10
22 46 10 6
22 48 3 7
22 49 8 2
22 50 2 2
22 51 4 8
22 52 2 4
22 53 4 2
22 54 6 2
22 55 5 1
22 56 10 7
22 57 5 3
22 58 5 3
22 59 3 5
22 60 7 3
22 61 2 8
22 62 10 9
22 63 7 10
22 64 1 4
22 65 5 5
22 66 9 6
22 67 2 6
22 68 6 3
22 69 6 7
22 70 1 3
22 71 3 1
22 72 6 8
22 73 2 5
22 74 9 2
22 75 8 10
22 76 2 8
22 78 9 3
22 79 10 2
22 80 10 8
22 81 1 8
22 82 3 10
22 84 6 7
22 85 6 3
22 87 3 5
22 88 4 3
22 89 5 2
22 90 6 3
22 91 5 1
22 93 8 8
22 94 5 3
22 95 3 3
22 96 1 5
22 97 6 8
22 98 7 9
22 99 6 8
22 100 2 8
23 25 5 1
23 26 6 3
23 27 1 7
23 28 5 9
23 30 3 4
23 31 4 6
23 32 6 5
23 33 4 6
23 34 4 10
23 35 10 4
23 36 7 9
23 38 2 8
23 39 1 3
23 40 10 3
23 41 5 6
23 43 1 3
23 44 9 4
23 45 4 2
23 47 7 2
23 48 10 2
23 49 2 6
23 50 6 5
23 51 7 10
23 53 9 2
23 54 1 6
23 55 8 5
23 56 3 5
23 57 5 9
23 58 10 7
23 59 10 5
23 61 7 4
23 62 6 5
23 63 3 9
23 64 1 5
23 66 8 8
23 67 7 2
23 69 8 10
23 70 3 6
23 71 4 2
23 72 5 2
23 73 6 2
23 75 9 9
23 76 9 7
23 77 3 8
23 78 3 10
23 79 3 3
23 81 2 6
23 82 6 5
23 86 4 10
23 88 2 2
23 89 7 1
23 90 6 7
23 91 2 7
23 92 2 9
23 95 4 2
23 96 2 6
23 97 1 2
23 98 5 2
23 99 10 4
23 100 6 6
24 25 6 4
24 26 8 5
24 27 3 2
24 30 7 9
24 31 10 8
24 32 3 6
24 33 8 8
24 34 6 3
24 35 5 4
24 36 7 9
24 38 3 2
24 39 2 1
24 40 5 8
24 41 7 10
24 42 6 7
24 43 10 6
24 44 7 9
24 45 10 3
24 46 3 2
24 47 9 10
24 48 6 4
24 52 3 2
24 53 9 10
24 54 9 10
24 56 9 9
24 57 10 1
24 61 7 4
24 62 4 1
24 63 10 9
24 64 6 7
24 66 1 8
24 67 6 5
24 68 1 6
24 69 6 3
24 70 1 4
24 72 9 5
24 73 8 10
24 74 8 6
24 75 1 10
24 76 8 5
24 77 4 8
24 78 1 10
24 79 4 10
24 80 3 6
24 81 5 4
24 82 6 3
24 83 8 4
24 84 8 9
24 85 2 9
24 86 4 4
24 87 9 7
24 90 2 5
24 91 5 9
24 92 9 8
24 93 7 1
24 94 8 3
24 95 8 8
24 96 6 3
24 97 9 5
24 98 7 6
24 99 5 3
24 100 2 9
25 26 4 3
25 27 5 7
25 28 4 3
25 29 5 1
25 30 1 2
25 31 9 5
25 34 10 7
25 35 7 8
25 36 6 10
25 37 10 7
25 38 5 6
25 40 3 6
25 41 10 7
25 42 9 5
25 43 10 10
25 47 3 5
25 50 2 2
25 51 5 8
25 52 8 1
25 53 5 8
25 54 2 6
25 56 6 9
25 57 10 3
25 59 5 7
25 60 4 9
25 61 2 5
25 62 6 7
25 63 4 5
25 65 6 9
25 68 9 10
25 69 6 10
25 70 7 7
25 72 6 6
25 73 5 5
25 75 1 6
25 76 6 2
25 77 2 5
25 78 3 5
25 79 4 1
25 80 7 2
25 81 4 8
25 82 2 4
25 83 5 5
25 85 3 4
25 86 5 5
25 87 4 4
25 88 2 1
25 89 6 5
25 90 5 2
25 91 4 3
25 92 9 8
25 93 4 2
25 94 10 5
25 95 3 8
25 96 5 6
25 97 2 9
25 100 5 7
26 27 5 10
26 28 7 9
26 29 7 5
26 30 1 3
26 32 5 6
26 34 6 6
26 35 4 7
26 36 7 9
26 37 1 3
26 38 2 3
26 40 8 3
26 41 9 9
26 43 7 3
26 44 1 4
26 45 2 4
26 46 8 9
26 47 1 1
26 48 10 5
26 49 8 8
26 50 6 8
26 51 1 1
26 52 7 9
26 53 4 4
26 54 8 7
26 55 3 5
26 56 7 8
26 58 5 2
26 59 8 3
26 61 9 9
26 62 7 6
26 63 5 7
26 64 5 9
26 65 2 10
26 67 6 4
26 68 8 8
26 69 5 5
26 71 1 1
26 72 9 3
26 73 9 9
26 74 5 5
26 77 6 5
26 78 5 7
26 79 4 7
26 80 8 8
26 81 9 1
26 82 1 7
26 83 7 2
26 84 1 4
26 85 10 2
26 86 5 4
26 87 2 7
26 88 9 5
26 89 5 3
26 90 7 2
26 91 8 8
26 92 1 9
26 93 5 10
26 94 6 2
26 97 5 3
26 98 9 10
26 100 9 2
27 28 2 3
27 29 8 1
27 30 9 4
27 31 1 5
27 32 6 5
27 33 2 1
27 34 6 1
27 37 6 3
27 38 4 9
27 40 10 7
27 42 10 9
27 43 3 5
27 44 2 6
27 45 3 7
27 46 2 1
27 47 10 4
27 48 8 6
27 49 9 5
27 50 8 6
27 52 5 10
27 55 10 2
27 56 8 3
27 57 7 2
27 58 9 4
27 59 10 2
27 62 10 4
27 64 5 8
27 66 1 1
27 67 6 6
27 68 2 7
27 69 3 2
27 70 4 5
27 71 7 6
27 72 3 7
27 73 10 3
27 76 6 8
27 77 3 2
27 78 1 3
27 79 9 1
27 80 6 7
27 81 5 10
27 82 5 2
27 83 5 7
27 84 2 5
27 85 3 8
27 87 10 7
27 91 5 8
27 92 4 4
27 93 5 2
27 94 7 5
27 95 2 6
27 97 10 1
27 98 6 10
27 99 4 7
27 100 6 10
28 29 8 1
28 30 6 8
28 31 4 2
28 32 10 2
28 33 6 1
28 34 4 5
28 35 9 10
28 37 6 1
28 38 3 7
28 39 5 10
28 40 8 3
28 41 7 2
28 42 1 8
28 43 2 6
28 45 5 5
28 47 5 8
28 49 9 4
28 50 9 2
28 51 9 10
28 53 5 1
28 55 9 5
28 56 9 5
28 57 7 2
28 58 8 5
28 59 2 10
28 60 7 3
28 61 8 9
28 62 1 6
28 63 10 8
28 64 10 9
28 65 9 1
28 66 4 6
28 67 4 2
28 68 2 3
28 69 2 2
28 70 7 1
28 71 10 1
28 72 4 7
28 73 8 3
28 74 5 7
28 75 7 3
28 76 5 2
28 77 6 4
28 78 7 4
28 79 2 10
28 80 3 1
28 81 9 9
28 83 8 4
28 86 2 9
28 87 3 9
28 88 3 2
28 89 6 2
28 90 10 9
28 91 3 8
28 92 2 8
28 93 7 8
28 95 5 3
28 96 10 6
28 97 10 3
28 98 9 2
28 99 4 2
28 100 8 7
29 30 8 9
29 31 4 1
29 33 2 3
29 34 8 10
29 35 2 10
29 37 7 4
29 38 5 1
29 39 9 9
29 40 1 7
29 41 3 1
29 42 2 3
29 43 1 9
29 44 8 9
29 46 6 6
29 49 2 2
29 50 5 3
29 51 6 6
29 53 8 6
29 55 1 1
29 57 6 1
29 59 2 6
29 61 3 3
29 62 6 3
29 63 4 2
29 64 10 1
29 65 4 7
29 66 9 7
29 67 4 9
29 68 7 6
29 69 1 9
29 70 8 7
29 71 2 6
29 72 6 4
29 73 3 4
29 74 4 4
29 75 4 1
29 76 3 8
29 77 10 2
29 78 9 3
29 79 7 8
29 80 4 10
29 81 6 6
29 82 2 4
29 83 4 9
29 84 5 6
29 86 6 9
29 88 7 7
29 90 1 10
29 91 3 1
29 92 3 2
29 93 5 8
29 94 8 2
29 95 1 6
29 96 9 5
29 98 4 9
29 99 5 7
29 100 10 7
30 31 2 3
30 33 6 1
30 34 4 1
30 35 7 3
30 36 2 5
30 38 3 7
30 39 10 6
30 41 9 6
30 43 3 4
30 44 1 4
30 45 10 6
30 46 3 10
30 47 4 9
30 48 3 1
30 49 2 2
30 51 6 2
30 52 1 6
30 53 8 10
30 54 8 1
30 55 9 2
30 56 8 8
30 57 3 2
30 58 6 6
30 59 1 4
30 60 1 5
30 62 4 1
30 63 10 8
30 64 1 10
30 65 9 10
30 66 5 9
30 67 2 10
30 68 10 8
30 69 8 6
30 70 1 8
30 71 7 1
30 72 5 6
30 73 9 2
30 76 1 8
30 77 1 3
30 78 10 4
30 79 6 8
30 80 9 4
30 81 5 3
30 82 7 10
30 83 6 9
30 84 2 6
30 85 4 9
30 86 7 2
30 88 1 4
30 89 1 1
30 90 3 6
30 91 7 6
30 93 8 5
30 94 1 2
30 95 9 1
30 96 5 5
30 97 7 7
30 99 2 8
30 100 9 9
31 32 5 4
31 33 8 8
31 34 3 2
31 36 3 10
31 37 8 8
31 38 10 2
31 40 7 6
31 41 3 6
31 43 7 3
31 44 9 6
31 45 4 6
31 47 3 2
31 48 10 5
31 49 5 5
31 52 5 9
31 53 5 10
31 54 2 3
31 55 6 7
31 56 9 2
31 57 3 7
31 58 7 9
31 59 10 10
31 60 9 9
31 61 5 7
31 62 8 8
31 63 4 8
31 64 8 6
31 65 9 9
31 66 9 6
31 67 3 5
31 70 3 7
31 71 3 4
31 72 5 4
31 74 3 5
31 75 9 2
31 76 2 3
31 77 4 7
31 78 2 8
31 80 8 1
31 82 1 9
31 84 9 8
31 85 2 4
31 87 4 5
31 88 3 7
31 89 3 1
31 90 6 9
31 91 2 5
31 92 10 9
31 93 2 6
31 94 1 1
31 95 2 3
31 98 9 9
31 99 9 9
31 100 9 8
32 33 5 10
32 34 1 10
32 35 8 10
32 36 2 1
32 37 2 3
32 38 4 6
32 39 7 7
32 40 10 5
32 41 2 3
32 42 8 5
32 43 5 5
32 46 3 1
32 48 6 6
32 49 1 9
32 50 7 7
32 51 4 3
32 52 2 9
32 53 5 5
32 54 2 9
32 57 7 2
32 58 5 7
32 59 1 9
32 60 9 10
32 61 3 3
32 63 4 2
32 64 9 4
32 65 7 1
32 66 7 4
32 68 7 9
32 69 8 5
32 70 3 4
32 71 6 2
32 72 3 9
32 73 8 5
32 74 4 2
32 75 2 9
32 76 1 6
32 77 10 4
32 78 4 5
32 79 2 6
32 80 5 6
32 81 9 9
32 82 8 5
32 84 2 2
32 85 10 4
32 86 3 8
32 88 1 8
32 89 6 8
32 90 3 5
32 91 5 9
32 92 3 2
32 94 3 10
32 97 4 10
32 98 5 6
32 99 4 5
33 34 8 10
33 36 6 4
33 37 4 7
33 38 8 4
33 39 6 2
33 40 8 5
33 41 9 8
33 42 7 3
33 43 1 7
33 44 1 5
33 45 1 6
33 46 10 1
33 47 1 1
33 48 2 3
33 50 6 8
33 51 1 10
33 52 2 9
33 53 5 1
33 54 5 7
33 55 4 4
33 56 10 9
33 57 1 10
33 58 2 4
33 59 4 8
33 60 3 2
33 62 2 2
33 63 10 4
33 65 4 10
33 67 8 6
33 68 2 6
33 71 1 10
33 76 1 10
33 77 6 5
33 78 3 2
33 80 5 9
33 81 9 3
33 82 5 5
33 83 2 3
33 85 2 6
33 86 6 5
33 87 2 3
33 88 4 5
33 89 7 5
33 90 9 4
33 91 6 5
33 92 10 6
33 93 7 6
33 94 8 2
33 95 1 9
33 98 7 1
33 99 5 1
33 100 4 8
34 35 3 1
34 36 5 6
34 37 2 10
34 38 1 6
34 40 4 6
34 41 6 10
34 42 10 10
34 43 10 7
34 44 2 6
34 45 4 3
34 46 7 5
34 47 5 6
34 48 1 10
34 49 6 6
34 50 4 6
34 51 1 3
34 53 10 3
34 54 2 5
34 56 3 1
34 57 2 5
34 58 10 2
34 60 7 8
34 62 1 4
34 63 6 1
34 64 9 7
34 65 1 8
34 66 10 8
34 69 8 10
34 70 1 8
34 71 5 5
34 72 5 2
34 73 3 5
34 74 6 3
34 76 5 10
34 77 7 7
34 79 3 6
34 81 10 7
34 82 2 6
34 83 3 10
34 84 7 8
34 85 1 4
34 86 10 4
34 88 3 6
34 89 7 10
34 90 4 6
34 91 10 5
34 92 8 2
34 93 4 3
34 94 8 2
34 95 10 5
34 96 8 9
34 97 7 8
34 98 4 4
34 99 6 5
35 36 4 1
35 37 10 1
35 38 8 7
35 39 3 8
35 40 1 10
35 41 6 1
35 42 7 5
35 43 7 1
35 45 4 1
35 46 1 10
35 47 4 2
35 48 9 9
35 49 5 10
35 52 1 8
35 57 6 6
35 58 5 5
35 59 5 5
35 60 1 5
35 61 8 4
35 62 6 5
35 63 9 2
35 65 7 7
35 66 2 10
35 67 4 6
35 68 3 8
35 70 4 5
35 71 7 2
35 72 9 5
35 73 10 4
35 74 8 1
35 75 4 8
35 76 7 2
35 77 5 5
35 78 1 4
35 79 3 1
35 80 4 8
35 81 8 8
35 82 1 4
35 83 1 5
35 84 6 1
35 85 8 8
35 86 10 5
35 87 1 8
35 88 3 8
35 89 8 3
35 90 9 6
35 91 6 4
35 92 3 9
35 93 7 3
35 94 5 10
35 95 2 2
35 96 6 8
35 97 7 3
35 98 3 9
35 99 10 9
35 100 7 6
36 37 9 10
36 38 6 4
36 39 2 8
36 40 4 2
36 41 4 3
36 42 4 9
36 44 5 1
36 45 9 6
36 46 8 9
36 48 1 1
36 49 4 10
36 50 10 4
36 52 6 9
36 53 1 1
36 54 2 6
36 55 4 2
36 57 2 3
36 58 1 4
36 59 2 10
36 60 8 2
36 61 9 6
36 62 5 5
36 63 10 5
36 64 1 5
36 66 4 8
36 67 6 6
36 68 10 1
36 70 2 8
36 71 9 6
36 73 6 7
36 74 3 2
36 75 3 6
36 76 8 5
36 77 6 3
36 78 7 2
36 79 9 8
36 80 2 10
36 81 8 7
36 82 6 8
36 83 5 1
36 84 10 9
36 85 8 6
36 86 9 9
36 87 10 10
36 88 10 6
36 89 2 8
36 90 9 4
36 91 5 5
36 92 9 1
36 94 5 1
36 96 6 5
36 97 4 8
36 98 2 2
36 100 6 1
37 38 7 7
37 40 6 7
37 41 8 4
37 43 10 1
37 46 9 9
37 47 5 3
37 48 8 4
37 49 2 4
37 51 3 3
37 52 7 9
37 53 9 7
37 54 8 4
37 55 8 9
37 56 9 8
37 57 4 5
37 58 1 4
37 59 6 10
37 60 1 7
37 62 7 4
37 63 8 6
37 64 8 5
37 65 1 1
37 67 3 10
37 68 8 8
37 69 9 5
37 70 4 9
37 71 10 8
37 72 6 8
37 73 4 4
37 74 1 2
37 75 5 10
37 76 5 6
37 77 3 4
37 78 9 5
37 79 4 2
37 80 8 4
37 81 8 8
37 82 1 10
37 83 10 5
37 84 6 4
37 85 8 6
37 86 2 7
37 87 2 7
37 88 9 6
37 89 7 8
37 90 4 7
37 91 6 1
37 92 8 7
37 93 1 6
37 94 8 5
37 95 5 5
37 96 1 9
37 97 5 2
37 98 6 4
37 99 6 2
37 100 1 4
38 39 1 5
38 40 9 8
38 42 8 4
38 44 6 6
38 45 10 8
38 46 5 10
38 48 8 7
38 50 1 8
38 51 7 9
38 53 3 1
38 54 7 8
38 55 8 1
38 56 5 1
38 60 3 3
38 61 4 4
38 62 6 10
38 63 9 5
38 65 5 6
38 66 10 2
38 67 5 6
38 69 8 9
38 70 8 6
38 73 4 8
38 74 9 10
38 75 5 5
38 76 1 9
38 77 1 9
38 78 4 6
38 81 3 10
38 83 5 8
38 84 7 2
38 85 2 6
38 86 4 5
38 87 8 10
38 88 9 9
38 89 2 10
38 92 10 9
38 93 1 8
38 94 7 10
38 95 6 2
38 96 9 9
38 97 6 7
38 98 3 1
38 99 7 2
38 100 6 1
39 40 1 5
39 42 5 6
39 43 4 6
39 44 5 4
39 45 4 1
39 46 7 6
39 47 2 6
39 48 7 7
39 49 8 10
39 50 3 1
39 51 4 10
39 52 1 9
39 53 4 1
39 56 9 2
39 57 5 5
39 58 9 6
39 59 4 7
39 60 7 8
39 61 5 4
39 62 9 3
39 63 3 5
39 64 10 6
39 65 4 5
39 67 2 6
39 69 3 3
39 70 6 5
39 73 7 5
39 74 9 8
39 75 6 8
39 76 5 8
39 77 2 9
39 79 1 2
39 81 7 6
39 82 6 8
39 83 5 3
39 84 1 8
39 85 4 6
39 86 10 9
39 87 5 10
39 88 7 3
39 90 3 6
39 91 7 7
39 92 4 2
39 94 1 7
39 95 10 6
39 96 10 10
39 97 3 2
39 98 7 2
39 99 7 6
39 100 10 9
40 41 1 3
40 42 9 4
40 43 5 5
40 44 9 9
40 45 8 3
40 46 2 5
40 47 5 3
40 48 10 4
40 49 4 6
40 50 2 9
40 51 8 7
40 52 5 7
40 53 8 2
40 55 9 5
40 57 7 10
40 58 8 6
40 59 8 7
40 60 7 1
40 61 1 6
40 62 1 4
40 63 8 6
40 64 8 10
40 65 5 1
40 66 3 8
40 67 6 8
40 68 6 8
40 69 10 8
40 70 2 10
40 71 1 5
40 72 3 3
40 73 1 5
40 75 8 9
40 76 8 9
40 77 7 4
40 78 6 10
40 79 1 2
40 80 2 10
40 83 10 7
40 85 2 4
40 86 1 4
40 87 10 2
40 88 9 5
40 91 5 2
40 92 5 10
40 93 10 4
40 94 1 9
40 95 10 6
40 96 8 10
40 97 5 10
40 98 9 8
40 99 10 8
40 100 2 9
41 42 9 10
41 44 3 9
41 45 3 6
41 46 10 5
41 47 4 3
41 48 3 8
41 49 5 8
41 50 7 1
41 51 1 8
41 52 1 10
41 53 1 4
41 54 5 10
41 55 4 6
41 56 2 6
41 57 1 6
41 59 7 1
41 60 8 7
41 61 2 3
41 62 2 7
41 63 6 3
41 64 4 7
41 65 6 3
41 66 5 6
41 67 7 7
41 68 4 8
41 69 1 8
41 70 9 10
41 71 1 9
41 72 6 2
41 74 1 3
41 75 1 3
41 76 8 5
41 77 10 1
41 78 7 9
41 79 6 9
41 80 9 8
41 81 8 2
41 82 7 6
41 85 10 5
41 86 6 2
41 87 2 3
41 88 5 4
41 90 8 2
41 91 5 7
41 92 1 9
41 93 9 8
41 94 6 2
41 95 6 7
41 96 5 9
41 97 3 7
41 98 9 10
41 99 6 7
41 100 7 10
42 43 1 8
42 44 6 4
42 46 9 2
42 47 2 4
42 48 2 5
42 49 7 10
42 50 5 10
42 51 8 1
42 53 10 10
42 54 4 3
42 56 5 5
42 59 1 10
42 61 7 6
42 62 2 5
42 63 8 7
42 64 7 4
42 65 9 1
42 66 9 4
42 67 4 4
42 68 1 8
42 69 6 7
42 70 4 8
42 72 8 4
42 73 1 7
42 74 4 10
42 75 9 6
42 77 3 3
42 78 8 3
42 79 8 8
42 80 5 5
42 81 7 1
42 82 5 9
42 83 6 6
42 84 5 4
42 85 8 1
42 86 2 6
42 87 1 6
42 88 8 1
42 89 3 4
42 90 10 7
42 92 10 8
42 93 8 5
42 94 10 2
42 95 2 8
42 96 10 3
42 97 4 8
42 98 1 8
42 99 6 10
42 100 2 7
43 47 2 9
43 49 1 9
43 50 4 2
43 51 2 1
43 53 5 5
43 55 10 5
43 56 4 8
43 58 1 6
43 59 3 7
43 60 7 1
43 62 1 4
43 63 7 9
43 64 10 4
43 65 10 6
43 66 5 4
43 67 2 9
43 68 7 2
43 69 3 8
43 70 9 7
43 71 6 6
43 72 1 2
43 73 2 10
43 74 4 10
43 75 8 6
43 76 2 7
43 78 7 5
43 79 5 1
43 84 2 1
43 85 9 10
43 86 10 1
43 87 3 2
43 89 10 4
43 90 3 6
43 91 3 2
43 94 8 7
43 95 5 6
43 96 5 10
43 97 8 1
43 99 3 6
43 100 9 3
44 45 10 1
44 47 10 6
44 48 6 1
44 50 4 8
44 51 10 1
44 52 8 1
44 53 3 8
44 56 8 8
44 57 1 9
44 58 10 8
44 59 6 8
44 60 10 4
44 61 9 1
44 62 9 5
44 64 6 7
44 66 9 3
44 67 7 10
44 68 4 7
44 69 8 2
44 71 8 9
44 72 1 9
44 73 4 6
44 74 3 7
44 76 5 10
44 77 3 7
44 78 6 8
44 80 4 10
44 81 6 5
44 82 4 2
44 83 2 2
44 84 9 5
44 85 2 10
44 86 5 1
44 87 2 6
44 88 3 5
44 89 2 7
44 90 2 3
44 91 10 8
44 92 5 2
44 94 6 7
44 95 10 2
44 96 9 6
44 98 2 1
44 99 3 5
44 100 4 5
45 46 7 1
45 48 1 4
45 50 2 4
45 51 2 10
45 52 3 8
45 53 2 2
45 54 4 8
45 56 9 2
45 57 2 2
45 58 10 3
45 59 8 10
45 60 5 4
45 62 4 6
45 63 5 4
45 64 3 1
45 65 7 10
45 66 8 7
45 67 1 6
45 68 7 10
45 69 7 4
45 71 5 5
45 72 4 9
45 73 6 8
45 75 9 2
45 76 6 8
45 77 10 4
45 78 7 2
45 79 8 2
45 81 4 3
45 82 2 10
45 83 9 2
45 84 8 1
45 85 10 2
45 86 9 7
45 87 6 7
45 88 5 7
45 91 2 1
45 92 2 8
45 93 8 8
45 94 5 6
45 95 2 5
45 96 4 9
45 97 3 7
45 98 7 7
45 99 1 9
45 100 10 9
46 47 4 1
46 48 2 7
46 51 10 7
46 52 2 4
46 54 7 7
46 55 3 3
46 56 3 8
46 57 1 6
46 58 4 1
46 59 8 5
46 61 2 6
46 62 9 2
46 63 1 9
46 64 3 9
46 65 8 1
46 66 7 6
46 67 7 4
46 68 7 2
46 69 10 2
46 70 9 9
46 72 2 7
46 74 9 7
46 75 10 5
46 76 6 2
46 77 4 4
46 78 1 7
46 79 1 3
46 81 3 7
46 82 5 1
46 84 8 9
46 87 5 9
46 88 2 4
46 89 10 6
46 90 10 5
46 91 6 5
46 93 9 5
46 94 10 6
46 96 10 5
46 97 6 2
46 98 8 9
46 99 6 2
46 100 1 4
47 48 4 2
47 49 9 10
47 50 6 3
47 51 2 10
47 52 4 10
47 53 8 5
47 55 3 9
47 56 7 2
47 58 8 4
47 59 8 5
47 60 10 9
47 61 7 5
47 62 5 10
47 63 3 9
47 64 3 4
47 65 9 2
47 66 4 1
47 67 7 10
47 68 9 4
47 69 7 3
47 70 8 3
47 72 8 3
47 73 1 7
47 74 6 2
47 75 4 8
47 76 9 4
47 77 1 7
47 78 7 10
47 80 2 8
47 81 7 1
47 84 9 8
47 85 7 5
47 86 7 2
47 89 2 8
47 90 9 7
47 91 4 9
47 92 4 10
47 93 4 9
47 96 9 6
47 97 5 6
47 98 5 1
47 99 9 7
47 100 5 1
48 49 6 3
48 50 9 8
48 51 8 8
48 52 5 8
48 53 7 5
48 54 4 6
48 55 7 9
48 58 6 9
48 59 8 4
48 60 8 7
48 61 7 10
48 62 10 4
48 63 3 4
48 64 9 10
48 66 6 9
48 68 9 1
48 69 6 4
48 70 4 7
48 71 3 8
48 73 2 8
48 75 3 10
48 77 2 7
48 78 4 7
48 79 10 1
48 80 5 2
48 81 1 10
48 82 5 4
48 84 2 10
48 85 1 2
48 86 5 9
48 89 2 1
48 90 10 6
48 91 10 10
48 93 1 4
48 95 6 4
48 96 1 2
48 97 10 10
48 99 3 3
48 100 4 2
49 50 2 1
49 52 5 1
49 53 2 9
49 54 4 3
49 55 8 2
49 56 3 3
49 57 10 8
49 58 3 2
49 59 4 2
49 61 8 10
49 62 2 2
49 63 7 9
49 64 9 3
49 65 7 9
49 66 4 1
49 67 10 2
49 70 4 4
49 71 6 5
49 73 1 3
49 74 8 3
49 75 10 4
49 76 5 1
49 77 8 8
49 78 1 8
49 79 9 3
49 80 1 9
49 81 7 7
49 82 8 6
49 83 1 5
49 84 4 4
49 85 4 4
49 86 5 6
49 87 7 3
49 88 1 6
49 89 9 4
49 90 9 5
49 91 5 3
49 92 6 10
49 93 10 9
49 94 2 10
49 95 4 10
49 97 2 6
49 99 4 2
49 100 10 7
50 51 9 4
50 53 2 9
50 55 3 6
50 57 6 2
50 58 2 2
50 60 3 4
50 61 4 5
50 62 8 4
50 64 6 7
50 65 10 7
50 66 2 9
50 67 8 8
50 68 5 9
50 69 3 10
50 70 1 2
50 71 10 1
50 73 2 1
50 74 4 10
50 75 5 10
50 76 10 3
50 77 4 8
50 78 10 2
50 79 2 4
50 80 5 7
50 81 1 4
50 82 5 8
50 83 10 6
50 84 5 3
50 85 7 2
50 86 4 2
50 87 4 5
50 89 3 1
50 90 10 7
50 91 8 9
50 92 4 8
50 94 10 1
50 96 4 8
50 97 2 4
50 98 2 7
50 99 1 3
50 100 2 3
51 53 5 10
51 54 1 3
51 55 3 6
51 57 4 1
51 58 6 6
51 59 7 5
51 61 7 6
51 62 5 1
51 63 3 8
51 64 8 6
51 65 10 9
51 67 8 6
51 68 1 3
51 69 8 5
51 71 2 4
51 73 4 4
51 75 2 8
51 76 3 8
51 77 8 2
51 79 2 5
51 80 5 9
51 81 9 8
51 82 1 8
51 83 5 4
51 84 6 1
51 85 7 8
51 86 1 3
51 87 4 9
51 88 3 9
51 89 6 6
51 90 4 5
51 91 4 4
51 92 4 7
51 93 2 10
51 97 6 1
51 98 5 7
51 100 7 9
52 53 9 6
52 54 1 6
52 55 1 8
52 56 6 8
52 58 2 9
52 60 4 5
52 61 6 10
52 62 1 3
52 63 1 8
52 64 8 3
52 65 10 5
52 66 9 9
52 67 10 1
52 68 6 8
52 69 2 8
52 70 5 3
52 72 1 7
52 74 10 7
52 75 3 8
52 76 1 5
52 77 1 5
52 78 3 4
52 79 7 6
52 80 7 3
52 81 6 9
52 82 6 7
52 83 4 4
52 84 9 4
52 85 9 9
52 86 6 10
52 87 4 6
52 89 1 3
52 91 5 7
52 92 2 9
52 93 6 8
52 94 6 10
52 96 2 3
52 98 5 6
52 100 5 10
53 54 5 3
53 55 2 4
53 56 2 1
53 57 4 6
53 59 4 10
53 61 1 4
53 62 6 1
53 63 8 4
53 64 6 6
53 66 4 2
53 67 2 1
53 68 5 2
53 69 9 2
53 71 10 1
53 72 5 8
53 74 4 1
53 75 6 3
53 76 5 4
53 77 9 10
53 78 7 7
53 79 10 7
53 80 7 8
53 81 2 6
53 83 7 5
53 84 4 5
53 85 7 9
53 87 6 9
53 88 2 2
53 89 10 6
53 90 5 4
53 91 4 1
53 92 7 10
53 94 5 1
53 95 7 8
53 96 4 6
53 97 9 4
53 98 10 8
53 99 7 2
53 100 3 8
54 55 5 6
54 56 3 1
54 57 3 9
54 58 5 3
54 59 4 3
54 60 4 3
54 61 4 6
54 62 6 6
54 63 4 7
54 64 10 6
54 65 3 8
54 66 7 8
54 70 3 3
54 71 6 4
54 72 8 4
54 73 7 5
54 75 8 8
54 76 6 6
54 78 2 8
54 79 5 2
54 80 8 5
54 81 9 3
54 82 9 9
54 85 3 10
54 86 7 5
54 87 4 7
54 88 1 7
54 90 10 6
54 91 6 3
54 92 2 9
54 93 10 9
54 94 4 2
54 95 10 9
54 96 1 10
54 97 9 4
54 99 1 2
54 100 2 2
55 56 2 3
55 57 1 2
55 58 7 10
55 59 8 8
55 60 7 9
55 61 1 1
55 62 9 3
55 64 5 10
55 67 7 2
55 68 7 5
55 69 5 7
55 70 3 9
55 71 8 3
55 72 9 5
55 73 8 3
55 74 8 7
55 76 2 2
55 77 7 5
55 78 4 2
55 79 7 2
55 80 10 6
55 81 7 5
55 82 3 1
55 84 10 7
55 85 9 6
55 86 2 6
55 87 2 2
55 88 6 9
55 89 6 1
55 90 5 3
55 91 3 2
55 92 7 7
55 93 6 8
55 95 9 9
55 96 10 4
55 98 2 2
55 99 9 9
56 57 8 4
56 58 1 5
56 60 9 7
56 61 8 2
56 62 5 10
56 63 2 8
56 64 6 10
56 66 3 2
56 67 7 6
56 68 9 3
56 71 1 10
56 72 7 10
56 73 9 5
56 74 6 10
56 75 10 1
56 79 9 6
56 80 10 8
56 81 1 7
56 82 10 6
56 83 9 2
56 84 6 2
56 85 4 2
56 86 5 9
56 87 5 8
56 88 1 10
56 89 2 9
56 91 9 9
56 92 5 2
56 94 1 9
56 95 6 8
56 97 9 3
56 98 5 9
56 99 7 8
56 100 2 10
57 59 5 1
57 61 2 3
57 62 6 10
57 63 3 3
57 64 5 1
57 66 8 5
57 67 2 5
57 68 7 6
57 69 7 10
57 70 3 2
57 71 8 4
57 72 3 1
57 73 5 2
57 74 4 2
57 75 10 6
57 78 4 2
57 79 5 10
57 80 2 10
57 81 10 1
57 82 7 10
57 83 7 10
57 85 9 10
57 86 8 2
57 87 6 9
57 88 3 5
57 90 6 3
57 91 3 8
57 93 3 5
57 94 2 5
57 95 8 9
57 96 6 5
57 97 4 5
57 98 6 7
57 100 7 7
58 60 6 1
58 61 6 5
58 62 2 2
58 64 7 1
58 65 9 1
58 66 4 1
58 68 5 4
58 69 2 3
58 70 1 5
58 71 4 2
58 72 3 7
58 73 3 7
58 74 6 3
58 75 7 4
58 76 1 4
58 77 10 2
58 78 8 2
58 79 6 10
58 80 9 5
58 81 6 2
58 82 2 3
58 84 9 1
58 86 5 8
58 87 5 2
58 88 3 4
58 90 8 4
58 91 6 4
58 92 9 9
58 93 7 5
58 94 5 9
58 95 9 7
58 96 7 7
58 97 10 5
58 99 7 2
58 100 6 8
59 60 6 5
59 61 6 3
59 62 5 6
59 63 3 8
59 64 2 5
59 65 10 10
59 66 5 5
59 67 4 2
59 68 3 6
59 69 9 1
59 71 6 10
59 72 6 5
59 73 5 3
59 74 2 2
59 76 6 1
59 77 2 10
59 78 7 3
59 79 3 5
59 81 2 7
59 82 5 6
59 83 8 8
59 84 3 6
59 85 10 7
59 88 6 3
59 89 3 2
59 90 6 5
59 91 1 2
59 92 8 7
59 93 3 6
59 94 7 9
59 95 9 9
59 96 9 2
59 97 1 6
59 98 2 1
59 99 8 3
59 100 2 2
60 62 3 10
60 63 5 6
60 67 8 9
60 69 7 5
60 70 7 5
60 71 10 9
60 72 5 3
60 73 10 6
60 74 8 6
60 75 6 5
60 76 9 7
60 78 10 7
60 79 9 3
60 80 7 1
60 81 8 8
60 82 5 10
60 83 9 8
60 84 5 9
60 85 10 5
60 86 8 6
60 87 7 3
60 88 1 6
60 90 6 9
60 91 6 10
60 92 9 9
60 93 7 10
60 94 2 5
60 95 7 1
60 96 9 1
60 97 7 9
60 98 8 6
60 100 3 10
61 62 6 9
61 63 7 4
61 64 6 3
61 65 10 3
61 66 2 8
61 67 6 2
61 69 9 3
61 70 6 4
61 72 7 4
61 73 2 6
61 74 2 6
61 75 3 7
61 76 3 2
61 77 9 2
61 78 6 10
61 79 9 6
61 80 8 5
61 81 10 6
61 82 5 4
61 83 6 1
61 84 9 1
61 86 7 4
61 87 1 1
61 90 7 2
61 91 7 1
61 94 5 6
61 95 9 3
61 96 7 9
61 97 7 4
61 98 8 8
61 99 2 1
61 100 6 7
62 63 4 4
62 64 4 10
62 65 8 2
62 66 3 4
62 68 2 7
62 69 3 3
62 70 5 10
62 72 6 5
62 73 4 10
62 74 6 10
62 76 1 5
62 77 2 3
62 78 3 3
62 79 10 6
62 80 7 6
62 81 3 10
62 83 7 1
62 84 9 2
62 85 4 5
62 86 10 6
62 87 7 6
62 89 7 7
62 90 7 8
62 91 4 10
62 92 5 4
62 93 5 8
62 94 9 5
62 96 10 8
62 97 7 5
62 98 4 5
62 100 10 4
63 65 6 5
63 66 4 6
63 68 3 2
63 69 1 2
63 70 8 7
63 73 5 10
63 74 3 6
63 75 10 7
63 76 2 3
63 77 3 8
63 79 1 6
63 80 10 3
63 81 3 5
63 82 7 5
63 83 2 10
63 84 8 5
63 85 9 7
63 86 3 3
63 87 2 5
63 88 3 5
63 89 3 1
63 91 6 3
63 92 1 10
63 94 10 4
63 95 3 8
63 96 5 9
63 97 3 9
63 98 10 5
63 99 9 8
63 100 4 9
64 65 5 1
64 66 3 2
64 67 2 4
64 68 2 8
64 69 3 8
64 71 8 9
64 72 9 4
64 74 9 10
64 76 6 9
64 78 8 4
64 79 7 7
64 80 8 8
64 81 8 3
64 82 8 5
64 83 6 3
64 84 6 6
64 85 9 5
64 86 7 10
64 88 8 10
64 89 3 6
64 90 4 1
64 91 3 2
64 92 2 5
64 93 10 8
64 95 1 3
64 96 7 4
64 97 4 9
64 98 9 10
64 99 6 7
64 100 8 7
65 66 3 8
65 67 2 6
65 68 2 2
65 69 4 5
65 71 8 5
65 72 8 4
65 73 10 6
65 75 1 3
65 76 5 2
65 77 5 8
65 79 6 7
65 80 6 7
65 82 9 7
65 83 7 6
65 84 7 8
65 85 3 9
65 86 6 4
65 88 10 6
65 89 9 3
65 90 9 7
65 91 9 6
65 92 6 3
65 94 2 5
65 95 4 7
65 96 7 5
65 97 5 7
65 98 2 9
65 99 5 6
65 100 2 1
66 67 3 2
66 68 1 8
66 69 8 9
66 70 3 5
66 71 5 10
66 72 5 6
66 73 3 7
66 74 7 3
66 75 4 8
66 76 9 3
66 78 4 2
66 79 9 3
66 80 7 7
66 81 6 10
66 82 9 8
66 83 7 10
66 84 9 3
66 85 5 2
66 86 4 3
66 87 7 2
66 88 6 5
66 89 6 9
66 90 7 6
66 91 9 4
66 92 7 4
66 93 3 4
66 95 7 8
66 96 6 6
66 97 6 9
66 98 4 9
66 99 1 4
66 100 2 2
67 68 1 2
67 69 1 4
67 71 1 6
67 73 8 8
67 74 7 1
67 75 1 10
67 76 10 6
67 77 2 3
67 78 4 4
67 79 9 6
67 80 8 9
67 81 4 4
67 82 2 8
67 83 7 6
67 84 5 2
67 85 5 2
67 86 1 6
67 88 8 1
67 89 7 5
67 90 7 5
67 91 9 9
67 92 2 7
67 93 5 10
67 94 5 4
67 97 3 8
67 98 4 6
67 99 7 3
67 100 6 9
68 69 1 1
68 70 5 9
68 71 7 9
68 72 7 5
68 74 10 10
68 75 9 4
68 76 2 1
68 77 8 5
68 79 4 8
68 82 9 10
68 83 1 2
68 84 8 7
68 85 9 9
68 86 3 5
68 87 5 10
68 88 8 3
68 90 2 3
68 91 9 10
68 92 5 7
68 93 5 5
68 94 3 8
68 95 7 5
68 96 6 9
68 97 8 5
68 98 4 7
68 99 6 3
68 100 2 10
69 70 5 5
69 71 1 1
69 72 6 6
69 73 4 3
69 74 9 5
69 76 3 4
69 77 10 10
69 78 3 2
69 79 5 10
69 80 1 7
69 81 3 6
69 82 3 2
69 83 8 7
69 84 6 3
69 85 9 7
69 86 1 4
69 87 5 1
69 88 8 10
69 89 6 3
69 90 7 1
69 92 5 3
69 94 3 6
69 95 2 5
69 96 5 9
69 97 8 6
69 98 7 5
69 99 5 1
69 100 3 2
70 71 2 1
70 72 2 8
70 73 1 6
70 77 1 2
70 78 7 2
70 79 1 6
70 82 4 5
70 83 8 1
70 85 6 2
70 86 9 6
70 88 5 4
70 89 9 2
70 90 4 9
70 91 9 7
70 92 4 1
70 93 8 9
70 94 6 6
70 95 7 4
70 96 5 1
70 97 7 5
70 98 8 1
70 100 7 2
71 72 4 10
71 73 4 5
71 74 4 2
71 76 4 7
71 77 9 10
71 78 1 9
71 79 7 8
71 80 10 1
71 81 6 9
71 82 1 8
71 83 5 4
71 84 5 7
71 85 9 5
71 86 7 3
71 87 2 8
71 89 7 1
71 90 2 5
71 91 5 6
71 92 3 8
71 93 6 8
71 94 9 8
71 96 5 6
71 97 10 7
71 98 4 5
71 99 6 5
71 100 3 7
72 73 5 5
72 74 2 5
72 75 6 2
72 77 5 7
72 78 9 9
72 79 6 1
72 80 1 7
72 81 3 7
72 82 4 3
72 83 7 10
72 84 8 1
72 85 4 6
72 86 9 3
72 88 7 10
72 89 1 10
72 91 3 1
72 92 2 4
72 93 4 6
72 94 7 1
72 95 2 7
72 96 3 10
72 97 2 6
72 98 5 1
72 99 9 1
72 100 5 3
73 74 2 9
73 75 9 4
73 76 4 10
73 77 7 3
73 78 6 6
73 79 3 2
73 81 3 2
73 83 2 9
73 84 10 6
73 85 8 4
73 87 10 10
73 88 7 2
73 90 2 1
73 91 2 7
73 92 6 10
73 93 3 8
73 94 7 8
73 95 2 9
73 96 2 3
73 97 1 4
73 98 4 6
73 99 6 4
73 100 9 7
74 75 3 7
74 76 9 7
74 77 1 10
74 78 3 1
74 79 1 7
74 80 1 7
74 81 3 4
74 82 1 1
74 83 7 6
74 84 6 4
74 85 2 8
74 87 4 10
74 88 10 6
74 89 4 9
74 90 6 2
74 91 3 10
74 92 6 3
74 93 5 7
74 95 9 1
74 96 7 8
74 97 1 10
74 98 4 9
74 99 1 2
75 77 8 2
75 78 3 6
75 79 4 6
75 80 6 8
75 81 3 9
75 82 4 10
75 83 2 9
75 84 6 5
75 86 8 8
75 87 3 3
75 88 9 2
75 89 7 4
75 90 5 2
75 91 4 4
75 93 4 10
75 94 3 1
75 95 8 6
75 96 6 9
75 97 8 6
75 98 2 4
75 99 2 9
75 100 1 8
76 77 2 2
76 78 1 1
76 79 5 3
76 80 5 8
76 81 5 6
76 82 2 2
76 83 7 3
76 84 7 5
76 86 7 3
76 87 7 3
76 88 5 6
76 89 3 3
76 90 10 8
76 92 7 1
76 93 3 6
76 94 8 9
76 95 4 1
76 96 5 3
76 97 9 5
76 98 7 1
76 99 8 7
76 100 6 4
77 78 7 4
77 79 4 1
77 80 1 6
77 81 7 3
77 82 2 10
77 83 10 2
77 84 2 8
77 85 5 7
77 88 4 5
77 90 6 1
77 91 6 9
77 92 10 7
77 93 2 10
77 95 3 6
77 96 1 7
77 97 7 9
77 98 1 5
77 99 8 5
78 80 2 5
78 81 6 3
78 82 4 4
78 83 5 9
78 84 4 2
78 85 10 10
78 86 4 3
78 87 5 7
78 88 3 8
78 92 9 8
78 93 4 6
78 94 9 4
78 95 2 4
78 96 3 8
78 97 7 6
78 98 5 4
78 100 8 6
79 80 2 7
79 81 8 1
79 82 5 6
79 83 9 9
79 85 8 8
79 86 1 4
79 87 10 8
79 88 4 2
79 89 3 2
79 90 4 8
79 93 4 7
79 94 10 8
79 96 5 8
79 97 4 10
79 98 6 10
79 99 5 5
79 100 10 9
80 82 4 7
80 83 6 1
80 84 2 3
80 85 7 7
80 87 10 1
80 88 1 3
80 89 4 7
80 90 8 6
80 92 8 1
80 93 9 10
80 94 6 3
80 95 10 2
80 97 7 7
80 98 9 5
80 99 8 3
80 100 2 5
81 82 2 2
81 83 4 6
81 84 9 9
81 85 2 5
81 89 1 8
81 91 7 6
81 93 3 8
81 94 10 8
81 96 8 3
81 97 10 10
81 99 3 10
81 100 4 3
82 83 1 6
82 84 7 1
82 86 8 9
82 88 5 1
82 89 2 8
82 90 7 1
82 91 8 3
82 92 8 8
82 93 8 7
82 94 9 10
82 95 9 3
82 96 4 7
82 97 8 4
82 98 7 5
83 84 1 9
83 85 5 4
83 86 3 1
83 87 2 5
83 88 8 8
83 89 10 10
83 92 9 1
83 93 3 8
83 94 4 10
83 95 7 4
83 96 3 3
83 97 5 8
83 98 3 1
83 99 4 6
83 100 3 6
84 85 7 4
84 86 6 10
84 87 6 1
84 88 8 4
84 89 3 6
84 90 5 2
84 91 6 1
84 92 7 8
84 93 5 1
84 94 5 2
84 95 8 1
84 96 4 9
84 97 10 2
84 98 3 9
84 100 7 3
85 87 3 6
85 88 7 9
85 89 5 8
85 90 6 8
85 91 8 7
85 92 8 8
85 93 7 9
85 94 7 10
85 95 3 8
85 96 7 7
85 97 7 3
85 98 3 9
85 99 6 8
85 100 7 6
86 87 2 9
86 88 10 10
86 91 10 4
86 92 3 9
86 93 7 4
86 94 10 8
86 95 2 9
86 97 5 1
86 98 9 6
86 99 9 5
86 100 9 8
87 88 2 7
87 89 4 3
87 90 7 1
87 92 4 10
87 93 9 5
87 94 5 10
87 95 6 4
87 96 8 8
87 97 2 10
87 99 5 7
87 100 3 7
88 89 10 5
88 90 10 7
88 92 5 1
88 93 9 6
88 96 5 4
88 97 4 9
89 90 9 3
89 91 4 5
89 92 10 8
89 93 10 10
89 94 4 9
89 95 10 2
89 97 10 6
89 98 2 1
89 99 4 2
89 100 4 8
90 91 7 9
90 92 2 2
90 93 2 10
90 94 2 6
90 95 4 6
90 96 2 7
90 97 2 2
90 98 2 7
90 99 1 2
90 100 5 8
91 92 8 2
91 93 3 6
91 94 8 1
91 95 2 8
91 97 2 8
91 98 3 2
91 99 1 1
91 100 8 5
92 93 10 5
92 95 6 2
92 96 2 7
92 97 8 10
92 99 3 7
93 94 2 5
93 95 8 2
93 96 1 6
93 97 8 3
93 98 9 5
93 99 5 4
93 100 7 9
94 95 3 2
94 96 2 6
94 97 1 7
94 98 7 3
94 99 2 3
94 100 7 1
95 96 6 1
95 97 1 10
95 100 8 8
96 97 6 5
96 98 5 8
96 99 7 1
96 100 7 10
97 98 4 3
97 100 5 4
98 99 4 7
98 100 6 9
99 100 5 4
1
1 2 3 4 5 6 7 8 9 10 11 12 13 14 15 16 17 18 19 20 21 22 23 24 25 26 27 28 29 30 31 32 33 34 35 36 37 38 39 40 41 42 43 44 45 46 47 48 49 50
