3955
1 2 2 7
1 3 4 7
1 4 5 2
1 5 7 10
1 6 8 6
1 8 5 5
1 10 9 7
1 11 3 8
1 12 6 3
1 13 5 6
1 14 3 4
1 16 3 7
1 17 2 8
1 18 3 6
1 19 1 9
1 21 8 6
1 22 1 7
1 23 5 10
1 24 3 10
1 25 4 6
1 26 1 4
1 27 1 3
1 28 6 7
1 29 5 2
1 30 4 10
1 31 4 8
1 32 6 10
1 34 8 8
1 35 5 10
1 36 5 3
1 37 2 1
1 38 10 5
1 39 2 6
1 40 1 4
1 41 10 2
1 42 2 4
1 43 9 1
1 44 8 8
1 45 8 10
1 46 9 1
1 47 9 8
1 48 7 7
1 49 8 5
1 50 10 4
1 51 3 8
1 52 3 7
1 53 5 6
1 54 1 9
1 55 6 9
1 57 6 8
1 58 3 6
1 59 7 9
1 60 9 7
1 61 2 5
1 62 8 7
1 63 6 8
1 64 2 4
1 65 5 8
1 66 2 5
1 69 1 10
1 70 6 10
1 71 10 10
1 72 8 6
1 73 1 9
1 74 9 5
1 76 2 2
1 78 3 6
1 79 1 4
1 80 9 5
1 83 5 8
1 84 6 9
1 91 7 4
1 92 7 7
1 93 1 1
1 94 4 4
1 95 2 1
1 96 4 3
1 97 3 9
1 98 7 5
1 100 9 10
2 3 6 8
2 4 9 1
2 5 1 3
2 6 2 1
2 7 10 5
2 8 4 10
2 9 1 1
2 10 7 2
2 12 9 1
2 13 4 9
2 14 1 1
2 15 10 2
2 16 6 1
2 18 8 1
2 19 5 7
2 20 10 8
2 21 7 2
2 23 2 4
2 25 7 8
2 26 3 5
2 27 4 8
2 28 2 9
2 30 8 8
2 34 6 1
2 35 5 7
2 36 7 7
2 37 5 2
2 39 10 2
2 40 7 6
2 42 4 9
2 43 10 10
2 44 9 5
2 45 2 5
2 46 5 6
2 47 6 10
2 48 10 5
2 49 5 8
2 50 5 2
2 51 6 3
2 52 5 6
2 53 7 1
2 54 8 4
2 55 6 1
2 56 1 5
2 58 4 9
2 59 9 8
2 60 5 5
2 61 7 6
2 62 10 5
2 63 1 9
2 64 7 3
2 65 7 9
2 66 4 8
2 67 8 1
2 69 10 2
2 70 7 3
2 71 9 9
2 73 4 5
2 74 9 3
2 75 9 4
2 79 8 1
2 80 1 1
2 81 10 2
2 83 5 9
2 84 10 3
2 85 9 10
2 86 3 8
2 87 1 6
2 88 6 9
2 89 1 8
2 91 8 9
2 95 5 9
2 97 10 7
2 98 2 7
2 99 2 3
2 100 5 3
3 5 10 9
3 6 3 10
3 7 3 5
3 8 9 2
3 10 4 8
3 11 8 2
3 12 5 10
3 13 4 3
3 14 3 9
3 15 2 6
3 16 1 6
3 18 1 5
3 19 7 8
3 20 2 7
3 21 9 7
3 22 3 9
3 23 10 6
3 24 1 4
3 25 1 5
3 26 4 5
3 29 9 9
3 31 4 8
3 33 2 6
3 34 8 9
3 35 2 4
3 36 3 4
3 37 7 3
3 38 6 10
3 39 1 5
3 41 7 5
3 42 6 5
3 43 4 5
3 45 9 3
3 46 1 3
3 47 7 5
3 48 7 1
3 50 1 9
3 51 2 8
3 52 7 2
3 54 3 10
3 55 10 6
3 56 4 8
3 57 2 8
3 58 6 3
3 59 9 1
3 60 7 5
3 61 6 10
3 63 7 1
3 64 2 4
3 65 5 6
3 66 7 1
3 67 8 4
3 68 8 4
3 69 8 7
3 70 4 5
3 72 4 4
3 74 10 10
3 76 2 9
3 77 6 4
3 78 3 6
3 79 2 7
3 80 8 2
3 81 5 3
3 82 2 8
3 83 8 10
3 84 6 8
3 85 4 6
3 86 5 5
3 87 5 6
3 88 1 7
3 89 7 9
3 90 8 5
3 91 3 4
3 92 9 1
3 93 1 10
3 94 5 6
3 97 4 10
3 98 10 2
3 100 9 4
4 5 3 6
4 9 4 7
4 10 9 8
4 14 9 7
4 15 5 7
4 16 4 1
4 18 7 1
4 19 3 1
4 20 4 3
4 21 6 10
4 22 6 2
4 23 9 8
4 24 4 4
4 25 7 4
4 26 6 6
4 27 2 4
4 29 6 8
4 30 7 1
4 31 4 8
4 33 6 9
4 34 7 3
4 35 8 8
4 36 5 3
4 37 3 5
4 39 1 3
4 40 4 9
4 42 7 6
4 43 4 7
4 44 2 1
4 45 9 5
4 46 6 2
4 47 3 4
4 48 6 2
4 50 6 4
4 52 10 6
4 54 1 8
4 55 8 10
4 57 2 8
4 58 4 7
4 59 1 10
4 60 1 10
4 61 1 8
4 62 7 2
4 63 1 8
4 64 8 1
4 65 9 6
4 66 7 10
4 67 2 10
4 68 10 7
4 70 5 3
4 72 3 4
4 73 4 9
4 74 8 9
4 75 9 2
4 76 2 10
4 77 9 6
4 78 7 6
4 79 3 1
4 81 2 3
4 82 1 3
4 83 10 8
4 85 9 4
4 86 5 8
4 87 9 8
4 89 5 1
4 91 1 3
4 92 4 3
4 94 4 4
4 96 2 2
4 97 1 9
4 99 3 5
4 100 1 10
5 6 2 6
5 7 7 9
5 8 6 3
5 9 8 1
5 10 9 6
5 11 9 1
5 12 3 3
5 13 3 4
5 14 9 6
5 15 6 5
5 16 4 9
5 17 7 10
5 18 7 5
5 19 6 3
5 22 4 1
5 23 1 10
5 24 10 1
5 25 9 3
5 28 2 4
5 30 10 1
5 32 1 4
5 33 2 7
5 34 1 8
5 35 5 3
5 36 4 7
5 37 7 10
5 38 6 1
5 39 10 4
5 40 9 5
5 41 10 10
5 42 7 1
5 43 7 1
5 44 2 2
5 46 10 5
5 47 4 9
5 48 8 3
5 49 8 4
5 50 4 1
5 52 8 10
5 53 9 6
5 54 9 1
5 55 1 10
5 56 2 8
5 57 10 5
5 58 1 8
5 60 8 8
5 61 10 5
5 63 6 9
5 64 3 7
5 65 1 8
5 66 5 8
5 67 9 1
5 68 3 3
5 69 10 7
5 70 8 1
5 71 7 1
5 72 2 6
5 73 2 1
5 76 7 2
5 78 9 1
5 79 10 4
5 80 2 5
5 84 8 2
5 85 1 8
5 86 8 5
5 87 10 6
5 88 1 3
5 89 6 10
5 90 10 4
5 91 5 3
5 92 6 1
5 93 4 9
5 94 9 9
5 95 6 9
5 97 8 5
5 98 1 6
5 99 9 4
5 100 7 7
6 7 6 3
6 8 7 7
6 9 7 8
6 10 2 10
6 12 4 3
6 14 5 8
6 15 5 3
6 18 10 6
6 19 4 5
6 20 2 3
6 23 9 2
6 24 10 9
6 26 7 4
6 27 4 4
6 28 4 6
6 29 1 8
6 31 3 8
6 32 6 10
6 33 1 9
6 34 8 1
6 35 10 9
6 36 6 4
6 37 2 10
6 38 4 3
6 39 2 1
6 40 2 2
6 41 3 10
6 42 7 8
6 43 7 9
6 46 7 10
6 47 10 8
6 50 1 5
6 51 7 1
6 52 3 9
6 53 5 10
6 54 1 10
6 55 10 10
6 57 4 9
6 58 6 9
6 59 7 2
6 61 7 4
6 64 10 9
6 65 10 7
6 67 4 5
6 69 7 9
6 70 8 6
6 71 6 5
6 73 9 9
6 74 9 9
6 76 7 1
6 77 3 3
6 78 2 6
6 79 4 8
6 80 9 3
6 81 1 8
6 83 3 3
6 84 10 1
6 85 2 1
6 86 1 5
6 87 7 1
6 88 10 3
6 89 7 6
6 90 8 1
6 92 7 8
6 93 9 4
6 95 6 9
6 97 4 10
6 99 5 5
6 100 5 8
7 8 6 5
7 9 6 3
7 14 6 7
7 15 6 3
7 16 8 9
7 18 7 8
7 19 4 6
7 20 6 10
7 21 9 4
7 22 2 2
7 23 3 9
7 25 8 9
7 26 8 1
7 27 2 6
7 28 8 4
7 29 4 10
7 30 8 5
7 31 9 5
7 32 9 2
7 33 10 2
7 34 9 6
7 35 9 9
7 36 4 9
7 37 3 10
7 39 5 9
7 40 10 9
7 41 9 3
7 42 9 5
7 43 1 10
7 44 9 1
7 45 4 2
7 46 5 4
7 47 2 2
7 49 5 2
7 50 10 10
7 51 2 3
7 52 10 2
7 53 4 3
7 54 4 7
7 55 10 3
7 59 8 1
7 60 5 10
7 61 10 2
7 62 8 2
7 64 4 6
7 65 2 7
7 66 1 5
7 67 7 9
7 68 10 4
7 69 8 2
7 70 1 2
7 71 6 3
7 72 10 7
7 73 4 1
7 74 1 7
7 75 8 5
7 76 4 3
7 77 1 6
7 78 6 3
7 79 9 2
7 80 5 6
7 84 7 1
7 85 1 9
7 86 9 4
7 87 10 4
7 88 9 7
7 89 1 4
7 91 10 3
7 92 8 2
7 93 7 9
7 94 4 5
7 95 1 9
7 96 2 1
7 98 5 1
7 99 1 1
7 100 1 8
8 10 9 6
8 11 7 5
8 12 1 7
8 14 1 5
8 16 3 3
8 17 1 3
8 18 8 9
8 19 3 3
8 20 9 2
8 21 5 7
8 22 3 7
8 23 2 8
8 24 3 10
8 26 7 6
8 27 3 5
8 28 1 2
8 30 8 4
8 31 8 4
8 32 3 8
8 33 9 3
8 35 8 8
8 36 9 10
8 37 1 1
8 38 2 2
8 39 2 4
8 41 3 10
8 42 5 7
8 44 7 8
8 45 10 7
8 46 5 4
8 48 3 2
8 49 8 4
8 50 10 9
8 51 9 9
8 52 1 5
8 53 10 4
8 54 7 1
8 55 9 3
8 56 5 1
8 57 7 4
8 58 8 10
8 60 8 9
8 61 4 1
8 62 3 7
8 63 6 7
8 64 7 10
8 65 2 3
8 66 3 5
8 67 9 2
8 68 10 4
8 70 4 10
8 71 8 5
8 73 9 10
8 74 3 5
8 75 1 3
8 76 4 3
8 77 6 7
8 78 3 1
8 79 6 1
8 81 7 1
8 83 2 9
8 84 9 6
8 86 2 6
8 87 3 8
8 88 6 9
8 89 9 7
8 90 7 3
8 91 6 6
8 92 3 2
8 93 2 1
8 95 2 1
8 97 9 9
8 99 2 10
8 100 6 10
9 10 3 2
9 11 4 7
9 12 1 7
9 14 8 8
9 15 10 2
9 16 7 5
9 17 6 2
9 18 10 7
9 19 4 6
9 20 1 7
9 21 10 3
9 22 4 8
9 25 10 2
9 26 4 1
9 30 6 4
9 32 4 1
9 33 5 3
9 36 7 10
9 38 6 4
9 39 9 10
9 40 8 5
9 41 9 5
9 42 1 8
9 44 10 4
9 45 6 9
9 46 2 5
9 47 9 10
9 48 3 1
9 49 6 9
9 51 2 10
9 52 10 3
9 53 5 8
9 54 4 1
9 55 10 5
9 57 10 2
9 58 10 2
9 59 10 2
9 60 6 1
9 61 2 10
9 62 7 1
9 63 2 8
9 64 3 7
9 65 9 5
9 66 4 9
9 67 6 7
9 68 8 6
9 69 2 7
9 70 1 4
9 71 1 2
9 72 1 7
9 73 3 7
9 74 2 9
9 75 5 2
9 76 6 10
9 77 10 4
9 78 4 2
9 80 10 4
9 81 6 9
9 83 10 6
9 84 2 8
9 85 9 5
9 86 7 6
9 87 7 7
9 88 10 2
9 89 10 5
9 90 8 1
9 91 10 7
9 92 2 10
9 93 10 2
9 94 1 2
9 95 1 10
9 97 6 1
9 98 6 6
9 99 6 4
9 100 9 1
10 11 5 3
10 13 4 4
10 14 7 9
10 16 1 8
10 17 8 10
10 18 10 8
10 19 7 1
10 20 6 3
10 21 1 10
10 22 1 6
10 23 5 8
10 24 10 3
10 25 9 1
10 26 6 9
10 27 10 2
10 28 10 3
10 29 10 10
10 30 9 5
10 31 10 8
10 33 5 5
10 35 6 4
10 36 5 10
10 37 10 9
10 39 1 1
10 40 6 4
10 42 6 2
10 44 5 4
10 46 2 1
10 47 4 4
10 48 7 6
10 50 1 1
10 51 5 10
10 52 9 7
10 53 10 1
10 54 8 5
10 55 6 3
10 56 9 6
10 58 2 4
10 59 5 4
10 60 8 3
10 61 2 2
10 62 6 8
10 63 2 2
10 64 4 5
10 65 2 4
10 67 3 9
10 68 9 7
10 69 1 6
10 70 8 2
10 71 3 4
10 72 3 4
10 75 4 5
10 78 7 3
10 79 4 5
10 80 8 9
10 81 5 8
10 83 9 3
10 84 4 10
10 85 2 7
10 86 4 10
10 87 3 3
10 88 8 3
10 89 4 2
10 92 3 3
10 93 7 1
10 94 6 7
10 96 2 3
10 97 10 9
10 99 1 6
10 100 8 7
11 12 9 2
11 14 9 9
11 15 7 5
11 17 1 5
11 18 9 5
11 19 3 1
11 20 8 8
11 21 4 1
11 22 6 1
11 23 7 3
11 24 8 9
11 26 3 10
11 27 7 9
11 28 9 1
11 29 2 9
11 32 5 10
11 34 3 7
11 35 7 2
11 36 2 9
11 37 9 9
11 38 6 5
11 39 7 2
11 40 2 3
11 41 6 9
11 42 4 5
11 43 7 10
11 46 7 8
11 47 6 8
11 48 4 4
11 49 5 4
11 50 2 4
11 51 1 7
11 53 9 5
11 54 6 1
11 55 5 9
11 56 8 6
11 57 6 4
11 58 1 9
11 59 3 6
11 60 9 8
11 62 4 9
11 63 10 7
11 64 10 9
11 65 2 2
11 66 3 4
11 67 8 10
11 68 3 4
11 71 7 5
11 73 6 8
11 74 4 2
11 76 3 1
11 77 2 6
11 78 5 3
11 79 5 9
11 80 2 9
11 81 6 4
11 82 3 9
11 83 6 10
11 85 7 1
11 86 3 4
11 88 9 1
11 89 4 7
11 90 7 2
11 91 7 5
11 93 7 10
11 94 6 2
11 95 8 6
11 98 7 2
11 99 4 4
12 15 9 10
12 16 10 9
12 17 7 10
12 18 3 3
12 19 5 7
12 20 8 3
12 22 9 10
12 23 4 9
12 24 7 2
12 25 4 3
12 26 9 6
12 27 4 3
12 28 4 4
12 29 2 8
12 30 9 10
12 31 10 7
12 32 9 6
12 33 10 9
12 34 10 3
12 35 1 8
12 36 4 1
12 37 3 9
12 38 9 5
12 39 6 9
12 40 3 1
12 41 7 2
12 42 2 4
12 43 8 10
12 44 2 4
12 45 6 4
12 46 10 9
12 47 4 5
12 49 2 1
12 50 4 3
12 51 1 8
12 52 3 3
12 53 3 10
12 54 10 10
12 56 7 8
12 57 7 9
12 58 2 7
12 60 5 7
12 61 2 4
12 62 1 10
12 63 6 5
12 64 6 6
12 65 5 8
12 66 3 1
12 67 10 1
12 68 7 7
12 69 7 10
12 70 3 3
12 71 9 10
12 72 1 1
12 74 2 10
12 75 3 1
12 76 8 3
12 79 4 1
12 80 6 6
12 82 10 4
12 83 4 1
12 85 4 9
12 86 1 8
12 88 3 5
12 89 10 3
12 90 6 8
12 92 7 5
12 93 4 5
12 94 7 3
12 96 9 4
12 99 5 10
12 100 2 8
13 16 6 9
13 18 5 1
13 21 1 7
13 22 2 2
13 24 7 1
13 26 6 5
13 27 1 2
13 28 4 6
13 29 8 2
13 31 8 5
13 32 6 2
13 34 9 9
13 35 3 4
13 36 8 1
13 37 5 3
13 38 10 3
13 40 3 4
13 42 6 7
13 43 10 4
13 44 3 7
13 45 2 4
13 46 6 10
13 48 10 6
13 49 7 8
13 50 1 1
13 51 1 8
13 54 9 1
13 55 4 9
13 56 9 9
13 57 6 7
13 58 8 3
13 59 9 6
13 60 10 1
13 61 5 1
13 62 6 8
13 63 8 7
13 64 9 7
13 66 10 10
13 67 9 10
13 68 8 3
13 69 8 7
13 70 10 2
13 71 5 5
13 73 2 1
13 74 1 7
13 75 10 5
13 76 2 7
13 77 1 6
13 78 10 9
13 79 9 6
13 81 4 1
13 82 4 5
13 83 3 1
13 84 3 3
13 85 1 10
13 87 3 2
13 88 3 7
13 89 1 4
13 91 1 2
13 92 5 1
13 93 6 1
13 95 2 8
13 96 8 10
13 97 7 9
13 98 9 2
13 99 6 5
13 100 10 9
14 15 6 4
14 16 6 2
14 17 6 7
14 18 6 5
14 19 4 3
14 20 1 5
14 21 6 10
14 22 7 3
14 23 4 5
14 28 8 6
14 30 8 7
14 31 8 5
14 32 6 10
14 33 4 5
14 35 1 1
14 36 1 6
14 39 9 9
14 40 1 7
14 41 9 1
14 42 6 10
14 43 7 8
14 45 8 10
14 46 6 6
14 49 1 6
14 50 8 7
14 52 10 10
14 53 9 8
14 54 3 8
14 55 6 1
14 56 7 7
14 57 5 2
14 58 1 8
14 59 10 10
14 61 6 6
14 62 7 3
14 65 10 3
14 67 4 2
14 68 8 9
14 69 7 5
14 72 2 3
14 74 5 3
14 77 5 3
14 78 3 9
14 79 3 7
14 80 4 10
14 81 8 4
14 82 8 3
14 83 10 9
14 84 6 1
14 85 1 4
14 86 7 5
14 87 8 5
14 88 7 7
14 89 2 1
14 90 9 7
14 91 9 8
14 92 3 3
14 93 4 3
14 94 6 7
14 95 6 3
14 96 6 2
14 97 1 4
14 98 7 9
14 99 2 10
14 100 2 3
15 17 8 4
15 18 6 5
15 20 3 9
15 21 10 2
15 22 7 10
15 23 5 10
15 24 10 2
15 25 9 7
15 26 8 8
15 27 9 10
15 28 5 10
15 29 2 3
15 30 1 4
15 31 2 1
15 32 4 8
15 33 2 8
15 34 8 7
15 35 2 7
15 36 7 1
15 37 3 3
15 38 4 5
15 40 2 6
15 41 8 5
15 43 10 8
15 44 2 7
15 45 10 5
15 46 8 1
15 48 3 8
15 51 3 10
15 52 10 7
15 53 3 3
15 54 3 9
15 55 6 7
15 56 3 3
15 57 9 7
15 58 4 7
15 59 3 3
15 60 2 7
15 62 7 10
15 64 5 1
15 65 6 5
15 66 2 4
15 67 8 4
15 68 6 6
15 69 6 8
15 70 1 9
15 71 1 2
15 72 4 1
15 73 10 3
15 74 6 2
15 75 6 3
15 77 7 4
15 79 1 8
15 80 3 10
15 81 7 8
15 82 7 5
15 83 1 1
15 84 3 1
15 86 7 5
15 87 5 3
15 88 1 1
15 89 10 6
15 90 5 5
15 91 5 9
15 92 10 10
15 93 5 10
15 94 8 1
15 95 6 6
15 96 10 1
15 97 9 9
15 98 4 1
15 99 2 8
16 17 8 3
16 18 1 7
16 19 8 5
16 20 7 1
16 21 9 6
16 23 9 3
16 26 8 9
16 27 5 4
16 28 3 10
16 29 6 5
16 30 2 7
16 31 2 4
16 32 10 9
16 33 4 1
16 34 3 3
16 36 10 10
16 37 9 1
16 38 7 3
16 39 4 2
16 41 4 9
16 42 1 5
16 43 9 7
16 45 3 8
16 46 8 4
16 47 2 7
16 48 3 1
16 49 9 9
16 50 2 4
16 51 2 10
16 52 8 4
16 53 3 3
16 55 8 9
16 56 3 4
16 57 7 6
16 59 3 7
16 60 8 4
16 61 8 1
16 62 4 5
16 63 10 8
16 64 3 8
16 65 4 3
16 66 2 7
16 67 2 7
16 68 6 6
16 69 9 6
16 70 7 10
16 71 4 4
16 72 1 4
16 73 10 7
16 75 7 3
16 77 3 6
16 78 4 10
16 79 4 6
16 80 10 8
16 81 7 5
16 82 3 7
16 83 9 9
16 85 6 1
16 86 3 6
16 87 8 3
16 88 8 8
16 89 1 2
16 91 3 10
16 92 6 2
16 93 2 6
16 94 6 2
16 95 4 1
16 96 6 8
16 97 9 5
16 98 1 2
16 99 8 5
17 18 10 8
17 19 7 2
17 22 7 6
17 23 5 5
17 24 2 8
17 26 7 7
17 27 2 4
17 28 2 8
17 29 6 7
17 31 8 4
17 34 4 2
17 35 3 10
17 38 7 3
17 39 8 7
17 40 2 8
17 41 3 4
17 42 9 3
17 43 6 8
17 44 1 1
17 45 4 7
17 47 4 9
17 48 7 10
17 49 10 2
17 50 7 2
17 51 4 6
17 52 7 5
17 53 3 5
17 54 4 9
17 57 8 6
17 59 10 1
17 60 2 10
17 62 2 8
17 64 2 7
17 65 2 3
17 66 10 10
17 67 4 1
17 68 2 8
17 69 4 9
17 70 2 3
17 71 8 10
17 72 1 7
17 73 2 10
17 75 2 3
17 77 9 6
17 78 6 10
17 79 8 7
17 80 1 8
17 81 2 4
17 84 4 5
17 85 8 3
17 86 9 3
17 87 4 9
17 88 3 2
17 90 7 5
17 91 5 5
17 92 1 1
17 93 1 8
17 94 3 10
17 97 9 5
17 98 2 8
17 99 1 10
17 100 5 9
18 19 5 10
18 20 4 2
18 21 3 10
18 22 1 6
18 23 3 5
18 25 4 10
18 28 1 3
18 29 2 10
18 32 7 1
18 34 1 5
18 35 10 1
18 36 7 8
18 37 8 2
18 38 6 6
18 40 10 6
18 41 10 4
18 42 5 6
18 43 5 4
18 45 5 4
18 46 3 8
18 47 8 7
18 48 3 7
18 49 3 10
18 50 3 6
18 51 1 5
18 52 6 4
18 53 7 7
18 54 5 3
18 55 2 1
18 56 4 10
18 57 2 8
18 58 7 9
18 59 9 7
18 60 4 6
18 61 3 9
18 62 3 10
18 64 9 1
18 65 4 7
18 66 1 8
18 67 2 3
18 68 5 6
18 70 2 1
18 71 6 7
18 72 5 9
18 73 2 10
18 75 10 9
18 76 5 8
18 77 1 5
18 78 4 9
18 79 7 9
18 80 4 3
18 81 3 9
18 82 6 1
18 83 9 2
18 84 10 5
18 86 9 10
18 87 5 2
18 88 7 8
18 89 1 10
18 90 2 10
18 91 1 6
18 92 7 8
18 93 4 7
18 94 3 4
18 95 7 3
18 96 5 10
18 97 9 6
18 98 3 9
18 99 1 6
18 100 1 5
19 20 6 6
19 21 8 7
19 22 10 4
19 23 3 7
19 24 10 1
19 25 6 5
19 26 6 7
19 27 5 1
19 28 9 1
19 30 5 10
19 31 1 8
19 32 2 4
19 33 6 2
19 34 4 6
19 35 3 8
19 36 2 3
19 39 10 5
19 40 9 3
19 41 7 3
19 42 2 8
19 43 8 3
19 44 8 2
19 45 8 8
19 46 6 3
19 47 10 2
19 48 7 10
19 49 7 9
19 50 3 8
19 51 3 8
19 52 7 10
19 53 5 10
19 55 2 10
19 56 5 7
19 57 9 8
19 58 8 4
19 59 4 4
19 60 3 9
19 61 5 1
19 63 9 4
19 66 3 9
19 67 1 10
19 72 7 4
19 73 10 8
19 74 1 6
19 75 8 9
19 76 2 4
19 78 6 2
19 79 9 6
19 80 7 1
19 81 6 10
19 82 6 8
19 83 1 1
19 85 3 7
19 86 7 6
19 87 10 9
19 88 3 4
19 89 1 5
19 91 8 9
19 93 8 2
19 94 6 10
19 95 7 1
19 96 4 6
19 97 1 7
19 98 10 10
20 21 1 5
20 22 1 8
20 23 7 2
20 24 6 7
20 25 8 7
20 26 6 3
20 28 5 5
20 29 9 10
20 30 1 8
20 31 4 8
20 32 2 3
20 33 10 2
20 34 8 1
20 35 3 8
20 36 4 2
20 37 2 6
20 39 10 9
20 40 3 3
20 41 9 7
20 42 9 7
20 43 6 7
20 44 5 5
20 45 10 7
20 46 7 6
20 47 2 6
20 48 4 2
20 49 3 10
20 50 9 7
20 51 5 7
20 53 5 2
20 54 5 8
20 55 3 6
20 57 2 2
20 58 6 5
20 59 3 3
20 60 9 4
20 61 10 5
20 62 9 6
20 63 8 8
20 66 4 8
20 67 9 4
20 68 4 7
20 69 5 5
20 71 5 6
20 73 3 7
20 75 4 9
20 76 10 7
20 77 9 8
20 78 1 3
20 79 8 5
20 80 7 6
20 81 6 6
20 82 7 1
20 83 4 7
20 85 9 7
20 86 5 9
20 87 10 9
20 88 4 1
20 90 7 2
20 91 7 10
20 92 3 10
20 93 10 4
20 94 2 5
20 95 1 7
20 96 6 1
20 97 1 3
20 98 3 3
20 99 9 5
20 100 5 3
21 23 6 5
21 24 5 3
21 25 10 7
21 26 1 6
21 27 6 5
21 28 9 4
21 29 6 10
21 30 3 3
21 31 4 6
21 32 5 1
21 35 2 3
21 36 9 6
21 37 5 7
21 38 2 2
21 39 1 7
21 40 8 10
21 41 6 7
21 42 2 10
21 44 8 5
21 46 7 9
21 47 3 9
21 49 4 10
21 50 6 4
21 51 10 1
21 52 5 7
21 53 2 8
21 55 8 5
21 56 8 6
21 57 1 7
21 58 1 10
21 59 6 8
21 60 9 10
21 61 5 7
21 62 8 10
21 63 5 4
21 64 1 7
21 65 4 10
21 67 4 8
21 69 8 3
21 70 10 6
21 72 6 10
21 73 1 4
21 74 9 8
21 75 3 6
21 77 10 1
21 78 5 8
21 79 2 5
21 80 9 5
21 81 1 6
21 82 3 10
21 83 7 8
21 85 8 1
21 87 7 7
21 88 7 6
21 89 8 8
21 90 1 7
21 91 5 10
21 92 5 5
21 93 6 9
21 94 6 9
21 95 10 7
21 96 7 4
21 97 7 1
22 23 5 9
22 24 3 9
22 25 1 7
22 26 5 8
22 27 9 8
22 28 1 10
22 29 6 3
22 30 7 9
22 31 8 4
22 32 4 2
22 33 5 2
22 34 2 6
22 35 7 4
22 36 8 10
22 37 9 5
22 40 7 3
22 42 5 7
22 43 1 8
22 44 10 5
22 45 1 2
22 46 7 9
22 47 2 9
22 50 9 4
22 51 10 10
22 52 8 1
22 53 6 5
22 54 7 9
22 55 3 9
22 56 3 5
22 57 3 2
22 59 8 5
22 60 8 5
22 61 7 9
22 62 5 9
22 63 9 2
22 64 7 6
22 65 2 10
22 67 8 10
22 68 2 9
22 71 9 1
22 72 2 5
22 73 7 2
22 74 3 4
22 75 6 6
22 77 9 10
22 78 2 2
22 79 7 3
22 80 1 7
22 81 9 4
22 82 4 6
22 83 10 2
22 84 6 3
22 87 4 4
22 88 6 1
22 89 9 9
22 90 2 10
22 91 7 8
22 92 9 8
22 94 8 9
22 95 9 5
22 96 5 5
22 98 4 6
22 99 9 1
22 100 8 9
23 24 3 7
23 25 10 9
23 26 10 7
23 27 4 6
23 28 7 2
23 29 9 5
23 30 2 7
23 31 4 10
23 33 9 5
23 34 2 10
23 35 3 8
23 36 2 10
23 38 8 3
23 39 10 7
23 40 9 8
23 42 6 1
23 43 6 9
23 44 8 9
23 45 1 1
23 47 3 6
23 49 10 3
23 50 2 2
23 51 2 6
23 52 2 5
23 53 9 1
23 54 4 10
23 55 3 7
23 56 2 10
23 57 8 7
23 58 6 2
23 59 1 1
23 60 10 4
23 61 5 1
23 62 8 6
23 63 5 1
23 64 10 1
23 65 9 10
23 66 5 8
23 67 1 1
23 68 2 7
23 69 1 9
23 70 5 6
23 71 1 9
23 73 4 3
23 75 2 8
23 76 1 5
23 77 3 4
23 78 9 4
23 80 5 5
23 81 1 9
23 82 2 7
23 83 6 9
23 86 3 9
23 87 9 3
23 88 3 1
23 90 10 9
23 91 3 9
23 93 1 5
23 95 4 1
23 96 6 7
23 97 1 5
23 98 9 7
23 99 6 7
23 100 5 10
24 25 5 2
24 26 3 2
24 27 1 1
24 28 5 9
24 29 5 2
24 31 3 1
24 32 1 1
24 33 7 9
24 34 7 9
24 35 8 5
24 38 8 3
24 39 6 2
24 40 8 8
24 41 5 3
24 42 10 5
24 43 10 7
24 44 9 4
24 45 3 9
24 46 7 1
24 47 9 3
24 48 7 1
24 49 5 6
24 50 5 6
24 51 10 9
24 52 9 9
24 53 1 3
24 54 10 9
24 55 8 4
24 56 7 4
24 57 1 10
24 58 6 7
24 59 5 2
24 60 8 7
24 62 8 1
24 63 6 7
24 65 1 8
24 66 5 6
24 70 8 9
24 71 7 1
24 72 4 8
24 73 5 5
24 74 3 3
24 75 9 7
24 76 3 5
24 77 6 1
24 79 8 4
24 81 6 5
24 82 9 7
24 83 5 6
24 84 4 9
24 85 9 2
24 86 6 5
24 87 6 2
24 88 1 6
24 89 5 7
24 91 2 3
24 92 7 7
24 93 6 7
24 95 3 4
24 96 9 7
24 97 9 3
24 98 5 1
24 99 9 8
24 100 5 9
25 26 8 7
25 27 7 4
25 28 7 10
25 29 6 6
25 32 2 4
25 33 9 4
25 34 2 2
25 36 3 1
25 37 3 6
25 38 4 10
25 39 1 1
25 40 2 8
25 43 10 7
25 44 2 9
25 45 2 3
25 48 4 3
25 49 2 6
25 51 6 10
25 52 7 5
25 54 7 8
25 55 8 6
25 56 5 6
25 57 8 8
25 59 10 7
25 60 8 4
25 63 6 3
25 64 1 9
25 67 3 10
25 68 8 2
25 69 5 1
25 70 9 3
25 72 2 9
25 73 1 5
25 74 4 2
25 75 5 8
25 76 7 2
25 77 7 1
25 78 2 9
25 79 7 10
25 80 4 1
25 81 7 9
25 82 7 4
25 83 8 6
25 84 10 9
25 85 10 2
25 86 10 3
25 87 9 4
25 88 9 1
25 89 8 4
25 90 2 10
25 92 5 1
25 93 6 5
25 94 2 2
25 95 6 7
25 96 6 2
25 97 1 7
25 99 6 8
25 100 3 1
26 28 4 10
26 29 7 9
26 30 7 3
26 31 9 7
26 32 6 5
26 34 6 9
26 35 1 3
26 36 1 9
26 37 7 5
26 38 1 8
26 39 9 4
26 40 5 2
26 42 3 5
26 43 2 4
26 45 7 10
26 46 5 1
26 47 8 4
26 48 2 9
26 53 5 5
26 54 3 3
26 55 7 7
26 56 5 6
26 57 10 10
26 58 6 6
26 59 1 5
26 61 8 2
26 62 10 5
26 64 5 3
26 65 7 3
26 66 1 2
26 67 3 10
26 68 4 8
26 69 9 8
26 70 7 5
26 71 7 6
26 73 6 5
26 74 5 6
26 75 2 8
26 76 8 10
26 78 5 3
26 80 8 4
26 81 2 5
26 82 6 6
26 83 10 6
26 85 10 4
26 86 7 7
26 87 10 4
26 89 4 5
26 90 7 10
26 91 4 6
26 93 8 9
26 94 5 5
26 96 10 8
26 98 1 4
26 99 9 2
26 100 7 7
27 28 3 7
27 29 3 10
27 30 7 2
27 31 9 4
27 32 9 2
27 33 9 9
27 35 8 8
27 36 2 1
27 38 4 2
27 40 9 7
27 41 9 4
27 42 10 9
27 43 1 6
27 45 7 3
27 46 6 10
27 47 2 4
27 49 1 2
27 52 1 5
27 54 8 7
27 55 6 2
27 56 4 3
27 57 2 6
27 59 6 6
27 60 6 3
27 61 7 4
27 62 6 8
27 64 9 6
27 65 1 4
27 66 3 10
27 67 9 1
27 68 5 2
27 69 3 8
27 70 10 4
27 72 7 9
27 73 10 5
27 74 5 6
27 76 9 6
27 77 6 10
27 78 8 5
27 80 10 5
27 81 1 4
27 82 2 9
27 83 7 9
27 84 9 3
27 85 5 3
27 86 2 4
27 87 4 4
27 88 3 2
27 89 1 9
27 92 3 5
27 93 9 6
27 96 7 4
27 97 2 9
27 98 4 9
27 99 7 1
27 100 2 7
28 30 5 3
28 32 2 4
28 34 1 2
28 36 3 10
28 37 8 5
28 38 8 5
28 39 7 5
28 42 6 7
28 43 4 9
28 44 9 8
28 46 6 2
28 47 10 7
28 50 1 4
28 51 7 3
28 52 9 7
28 53 3 10
28 55 5 9
28 57 4 6
28 58 2 2
28 59 1 3
28 62 5 8
28 63 8 9
28 64 2 4
28 65 4 5
28 66 10 10
28 68 5 6
28 70 5 5
28 72 2 7
28 73 3 7
28 74 6 1
28 75 8 2
28 76 10 9
28 77 3 8
28 78 7 2
28 79 10 4
28 80 1 10
28 81 3 5
28 83 10 10
28 84 3 1
28 85 4 4
28 86 9 9
28 87 7 4
28 88 3 7
28 89 10 8
28 91 1 7
28 93 5 9
28 94 3 1
28 95 2 9
28 96 3 8
28 97 2 9
28 98 6 2
28 99 9 9
28 100 5 9
29 30 10 10
29 31 1 2
29 33 10 1
29 34 7 10
29 35 7 7
29 36 8 5
29 38 8 4
29 39 10 2
29 41 10 5
29 42 8 5
29 43 5 3
29 44 9 6
29 46 6 9
29 47 10 5
29 49 1 10
29 50 6 2
29 51 4 7
29 52 7 7
29 53 6 2
29 54 4 1
29 56 9 3
29 57 4 4
29 58 8 4
29 60 8 10
29 62 7 4
29 63 3 8
29 64 4 1
29 65 7 4
29 66 5 4
29 67 4 10
29 69 6 3
29 70 7 1
29 71 6 7
29 72 5 8
29 73 7 2
29 74 9 10
29 75 8 6
29 76 6 4
29 77 1 9
29 79 4 2
29 80 3 5
29 81 5 9
29 82 9 2
29 83 4 4
29 84 2 9
29 85 6 2
29 87 7 4
29 88 6 8
29 89 7 3
29 91 10 2
29 92 10 2
29 93 6 5
29 94 6 4
29 95 3 4
29 97 7 7
29 98 3 9
29 99 1 2
29 100 8 5
30 32 9 9
30 33 4 7
30 34 3 6
30 35 2 2
30 36 3 8
30 37 1 10
30 38 1 5
30 39 2 4
30 40 2 5
30 41 9 5
30 42 7 1
30 43 2 6
30 44 8 9
30 45 5 2
30 46 3 6
30 48 2 4
30 49 3 4
30 50 1 2
30 51 4 4
30 53 5 9
30 54 10 10
30 55 7 1
30 56 7 10
30 57 2 4
30 59 3 3
30 60 1 10
30 62 5 5
30 63 4 6
30 64 1 1
30 65 4 7
30 66 8 10
30 67 10 10
30 69 8 10
30 70 3 1
30 71 3 2
30 74 10 6
30 75 4 10
30 76 5 2
30 77 10 1
30 78 5 1
30 79 10 2
30 81 10 6
30 84 9 2
30 86 2 2
30 87 10 2
30 89 5 8
30 90 4 5
30 92 4 7
30 93 4 4
30 94 8 6
30 95 3 9
30 97 6 2
30 98 6 7
30 99 9 6
30 100 4 1
31 32 10 10
31 33 2 7
31 34 9 3
31 35 5 7
31 36 9 8
31 37 2 5
31 38 1 3
31 39 4 1
31 40 3 4
31 41 4 7
31 42 2 5
31 44 7 1
31 45 2 9
31 47 1 5
31 48 8 10
31 49 1 3
31 51 8 1
31 52 5 9
31 53 2 2
31 54 10 8
31 56 8 3
31 57 4 8
31 59 10 9
31 62 10 9
31 64 7 8
31 65 5 7
31 66 8 8
31 67 7 5
31 68 2 7
31 69 8 7
31 70 10 3
31 71 1 10
31 72 7 1
31 73 5 2
31 74 7 8
31 76 8 10
31 77 10 1
31 78 10 6
31 79 1 8
31 80 1 4
31 81 6 8
31 82 9 4
31 83 2 4
31 84 8 3
31 85 10 4
31 86 3 2
31 87 2 7
31 88 4 2
31 89 8 5
31 90 5 3
31 92 5 5
31 93 6 2
31 94 1 7
31 95 3 10
31 96 10 1
31 97 9 10
31 98 4 6
31 99 7 1
31 100 9 10
32 33 1 2
32 34 6 3
32 35 8 8
32 36 2 2
32 38 1 7
32 41 9 6
32 43 1 5
32 44 8 10
32 46 4 10
32 47 5 7
32 48 9 7
32 49 5 5
32 50 4 10
32 51 8 9
32 54 3 5
32 55 8 2
32 56 2 4
32 57 8 1
32 58 8 1
32 60 8 7
32 61 9 2
32 62 4 10
32 63 6 5
32 64 7 1
32 65 1 7
32 66 1 3
32 67 3 3
32 68 5 9
32 70 5 7
32 71 8 3
32 72 5 8
32 73 5 8
32 74 2 9
32 75 2 8
32 76 2 7
32 77 6 6
32 78 9 3
32 79 3 8
32 80 10 9
32 81 8 10
32 82 6 7
32 83 4 2
32 85 8 1
32 89 5 2
32 90 3 9
32 92 5 8
32 93 2 8
32 94 8 1
32 95 9 3
32 97 5 9
32 98 1 9
32 99 4 6
33 35 7 1
33 36 5 6
33 37 8 4
33 38 6 9
33 39 8 1
33 40 8 2
33 41 9 9
33 44 2 5
33 45 8 2
33 46 3 7
33 47 4 6
33 49 5 5
33 50 1 2
33 51 4 7
33 52 4 2
33 53 2 3
33 54 2 1
33 55 8 4
33 57 10 2
33 58 4 1
33 59 7 9
33 60 5 7
33 61 6 8
33 62 7 3
33 63 10 1
33 64 2 2
33 65 8 4
33 66 2 6
33 67 3 9
33 68 1 8
33 69 8 6
33 70 10 7
33 71 9 2
33 72 2 10
33 73 2 3
33 75 4 5
33 76 7 6
33 77 3 3
33 78 6 8
33 79 4 9
33 80 3 10
33 81 6 7
33 82 7 9
33 83 2 1
33 85 9 8
33 86 6 3
33 87 5 8
33 88 8 7
33 90 3 2
33 91 3 8
33 92 10 10
33 93 4 7
33 95 1 7
33 96 3 3
33 97 1 7
33 99 4 5
34 35 8 6
34 36 3 1
34 37 1 6
34 38 7 7
34 39 6 5
34 40 8 1
34 41 7 6
34 42 4 4
34 43 2 9
34 44 2 2
34 46 7 5
34 47 4 7
34 48 9 8
34 49 6 8
34 50 10 6
34 51 4 10
34 52 1 10
34 53 4 4
34 54 1 3
34 55 8 7
34 56 5 10
34 57 5 8
34 59 10 8
34 60 9 2
34 61 5 5
34 63 5 6
34 65 8 4
34 66 4 6
34 67 10 8
34 69 3 8
34 70 4 7
34 71 7 3
34 72 4 6
34 73 8 2
34 74 8 5
34 75 10 4
34 76 9 10
34 77 9 1
34 78 3 3
34 80 2 10
34 81 3 2
34 82 10 7
34 83 6 3
34 84 5 2
34 85 2 9
34 86 1 7
34 87 10 7
34 89 10 5
34 92 5 10
34 93 7 10
34 94 9 8
34 96 3 6
34 97 2 5
34 98 10 9
34 100 3 9
35 36 7 10
35 37 3 9
35 38 5 9
35 39 7 4
35 40 9 3
35 41 10 5
35 42 9 8
35 43 5 6
35 44 8 9
35 45 5 9
35 46 3 3
35 47 1 1
35 48 6 7
35 49 1 3
35 50 7 4
35 52 5 9
35 53 4 10
35 54 8 7
35 55 5 9
35 56 5 2
35 57 2 4
35 58 4 4
35 59 9 9
35 60 10 1
35 61 1 1
35 62 2 3
35 63 7 1
35 64 3 9
35 65 8 5
35 66 9 8
35 67 4 7
35 68 9 5
35 70 6 2
35 72 10 6
35 73 1 2
35 74 9 2
35 75 5 9
35 76 10 1
35 77 3 9
35 78 1 2
35 79 3 3
35 80 10 1
35 81 9 3
35 82 3 6
35 83 7 5
35 86 8 4
35 87 7 3
35 88 2 2
35 91 7 9
35 92 2 2
35 93 7 10
35 94 9 5
35 96 1 2
35 97 4 7
35 98 9 3
35 99 4 10
35 100 3 9
36 37 6 3
36 38 6 2
36 39 3 8
36 40 9 9
36 42 8 5
36 43 8 4
36 44 8 3
36 45 8 9
36 46 8 4
36 47 4 8
36 49 7 3
36 53 5 5
36 54 1 4
36 55 9 5
36 58 3 5
36 59 8 4
36 61 6 6
36 65 2 1
36 66 7 7
36 67 5 6
36 68 7 3
36 69 10 7
36 70 4 6
36 71 5 1
36 72 6 8
36 73 10 4
36 74 4 6
36 75 4 3
36 76 2 4
36 77 4 10
36 78 6 10
36 79 5 6
36 81 1 10
36 82 9 1
36 83 2 5
36 85 7 3
36 86 9 2
36 87 4 8
36 88 9 6
36 89 7 7
36 90 6 3
36 91 1 4
36 92 3 2
36 94 10 8
36 95 10 6
36 97 6 10
36 98 7 3
36 99 7 7
37 38 4 9
37 40 8 1
37 41 1 1
37 42 6 8
37 44 1 9
37 45 2 8
37 46 6 4
37 48 1 1
37 49 9 1
37 52 5 3
37 53 9 6
37 54 1 4
37 55 5 3
37 56 7 9
37 57 8 10
37 58 2 9
37 61 6 10
37 62 5 9
37 63 1 8
37 64 1 6
37 65 3 6
37 66 3 1
37 67 5 2
37 68 7 10
37 69 5 4
37 71 6 9
37 72 3 6
37 73 9 1
37 75 2 4
37 76 1 3
37 79 8 8
37 81 5 5
37 82 1 3
37 83 1 10
37 84 9 8
37 85 4 10
37 87 9 3
37 88 1 10
37 89 2 3
37 90 4 8
37 91 2 6
37 92 3 2
37 93 4 1
37 95 1 3
37 96 2 9
37 97 6 4
37 98 1 2
37 99 10 8
37 100 4 2
38 39 8 6
38 40 9 10
38 41 9 4
38 42 2 9
38 45 1 3
38 46 2 2
38 48 2 9
38 49 6 3
38 50 8 8
38 51 3 4
38 52 7 6
38 54 9 7
38 55 3 6
38 56 8 1
38 57 6 5
38 58 9 6
38 59 6 4
38 60 5 9
38 61 8 8
38 62 5 4
38 63 6 8
38 64 3 1
38 65 5 10
38 66 6 4
38 67 2 8
38 71 3 7
38 72 7 4
38 73 5 2
38 74 9 5
38 75 10 2
38 76 2 3
38 78 6 7
38 79 5 4
38 80 3 4
38 81 6 5
38 82 6 5
38 83 1 8
38 84 5 6
38 85 8 4
38 87 5 6
38 90 6 4
38 92 5 8
38 93 8 8
38 94 2 1
38 95 2 6
38 96 1 2
38 98 8 7
38 99 8 9
38 100 9 6
39 40 7 5
39 41 10 9
39 42 4 8
39 43 10 9
39 44 7 3
39 45 3 10
39 46 2 1
39 48 4 8
39 49 7 8
39 50 4 4
39 51 2 1
39 52 7 6
39 53 1 2
39 54 1 10
39 55 8 1
39 57 3 1
39 58 4 9
39 59 10 4
39 61 9 5
39 62 3 1
39 63 2 7
39 64 5 9
39 65 2 3
39 67 9 6
39 69 10 5
39 70 10 2
39 71 9 7
39 72 9 5
39 74 1 1
39 75 10 4
39 76 10 4
39 77 4 5
39 78 8 7
39 80 10 1
39 81 1 10
39 82 5 1
39 83 9 8
39 84 8 3
39 86 5 2
39 87 2 8
39 88 5 10
39 89 10 10
39 91 8 6
39 92 6 6
39 94 7 6
39 95 10 1
39 96 3 3
39 97 4 5
39 99 8 2
39 100 7 6
40 41 10 4
40 42 9 3
40 43 2 4
40 44 3 9
40 45 6 8
40 46 9 1
40 47 10 3
40 48 6 3
40 50 2 3
40 51 2 4
40 52 9 10
40 53 9 8
40 54 1 2
40 57 7 6
40 58 8 7
40 60 10 6
40 61 9 10
40 63 1 2
40 64 4 8
40 66 9 4
40 67 5 7
40 69 3 8
40 70 8 2
40 71 5 1
40 73 4 7
40 76 3 4
40 78 4 5
40 79 1 8
40 81 6 1
40 83 3 1
40 84 3 6
40 85 2 10
40 86 10 1
40 87 1 6
40 88 4 7
40 89 10 7
40 90 8 3
40 92 2 4
40 93 7 4
40 94 6 1
40 97 7 6
40 98 7 10
40 99 9 3
40 100 10 2
41 43 2 10
41 45 4 7
41 46 3 2
41 47 8 1
41 48 9 1
41 50 7 10
41 51 4 2
41 52 6 9
41 53 7 1
41 55 6 6
41 56 2 3
41 57 6 6
41 58 9 10
41 59 1 10
41 60 4 9
41 61 10 8
41 62 6 8
41 63 6 3
41 64 4 2
41 67 2 5
41 69 2 3
41 71 6 10
41 72 4 2
41 73 7 6
41 74 8 3
41 76 10 4
41 77 7 1
41 78 8 8
41 79 10 8
41 80 8 7
41 81 8 1
41 82 1 3
41 83 7 8
41 84 7 2
41 86 8 2
41 88 9 1
41 89 9 9
41 92 9 1
41 93 2 7
41 94 3 7
41 95 3 8
41 96 2 4
41 98 2 1
41 99 5 6
41 100 2 1
42 43 10 8
42 44 3 2
42 46 5 8
42 47 8 4
42 48 4 2
42 49 1 3
42 50 2 7
42 51 10 1
42 52 5 3
42 53 9 1
42 54 8 4
42 55 3 4
42 56 10 2
42 57 1 5
42 58 2 4
42 59 4 6
42 60 3 7
42 61 2 3
42 62 6 9
42 63 7 1
42 64 10 3
42 65 2 5
42 68 1 2
42 69 3 3
42 70 6 8
42 72 3 7
42 73 1 8
42 74 3 5
42 75 3 9
42 76 1 2
42 77 10 6
42 79 7 4
42 80 3 10
42 82 2 6
42 84 4 8
42 85 3 6
42 86 9 5
42 87 2 1
42 88 3 3
42 89 9 8
42 91 7 10
42 94 1 5
42 95 8 9
42 96 2 5
42 97 9 2
42 98 7 1
42 99 3 8
42 100 5 4
43 44 2 10
43 46 6 9
43 47 4 8
43 48 5 10
43 49 9 2
43 50 5 6
43 51 2 6
43 52 10 4
43 55 10 6
43 56 3 3
43 57 7 9
43 58 6 3
43 59 9 3
43 60 9 1
43 61 2 3
43 62 6 8
43 63 4 3
43 64 9 10
43 65 9 3
43 66 5 3
43 67 6 7
43 68 6 8
43 70 10 9
43 72 10 4
43 73 7 10
43 74 7 8
43 76 2 1
43 77 8 6
43 78 4 10
43 79 8 3
43 80 2 8
43 81 5 8
43 82 5 5
43 84 3 2
43 85 9 6
43 86 2 3
43 87 2 5
43 88 7 3
43 89 1 4
43 90 2 4
43 91 3 8
43 92 3 9
43 93 10 9
43 94 10 2
43 95 4 1
43 96 7 1
43 97 4 4
43 98 6 4
43 99 2 5
43 100 5 6
44 47 5 10
44 49 4 4
44 50 4 9
44 52 4 1
44 53 10 2
44 54 5 8
44 55 3 10
44 56 2 8
44 57 2 1
44 58 4 2
44 59 10 7
44 60 4 3
44 61 4 2
44 64 3 3
44 65 9 5
44 66 2 8
44 67 7 9
44 68 10 7
44 69 4 7
44 73 3 7
44 74 10 9
44 76 6 4
44 77 9 8
44 78 4 7
44 79 9 1
44 80 6 10
44 81 2 6
44 82 3 5
44 83 10 7
44 84 4 8
44 86 9 6
44 87 10 4
44 88 2 2
44 90 2 7
44 92 9 9
44 93 9 8
44 94 1 1
44 95 5 3
44 96 8 5
44 97 4 7
44 99 5 5
45 46 3 6
45 47 4 10
45 48 1 4
45 50 10 5
45 51 7 4
45 52 6 9
45 53 8 5
45 55 4 10
45 56 7 6
45 57 5 3
45 58 2 5
45 59 9 8
45 60 2 2
45 61 8 8
45 63 10 6
45 64 1 4
45 65 7 10
45 66 4 10
45 67 8 6
45 68 7 6
45 69 9 2
45 70 8 6
45 71 7 8
45 72 3 3
45 73 2 10
45 74 2 7
45 75 1 9
45 76 2 8
45 77 3 9
45 78 5 8
45 79 5 9
45 81 7 4
45 83 4 4
45 85 10 7
45 87 9 9
45 88 10 1
45 89 5 5
45 91 10 6
45 93 6 7
45 94 10 5
45 95 4 1
45 96 2 7
45 97 10 7
45 98 5 9
45 99 2 10
45 100 3 10
46 47 6 6
46 48 9 3
46 49 1 7
46 50 4 9
46 51 3 9
46 53 1 9
46 54 2 4
46 55 5 2
46 56 8 9
46 57 8 4
46 58 2 3
46 59 10 9
46 60 6 5
46 61 7 8
46 62 10 6
46 63 4 2
46 64 9 5
46 65 3 4
46 66 8 6
46 67 2 4
46 68 10 2
46 69 3 2
46 70 3 6
46 71 8 3
46 72 4 7
46 73 2 6
46 74 7 8
46 75 9 5
46 76 10 7
46 77 4 1
46 78 6 4
46 80 6 1
46 81 1 3
46 82 8 10
46 83 9 2
46 85 1 4
46 86 10 7
46 88 4 6
46 89 8 10
46 90 6 3
46 91 9 1
46 92 5 1
46 93 10 8
46 94 7 6
46 95 9 4
46 96 6 7
46 98 5 7
46 99 10 2
47 48 9 6
47 49 3 9
47 50 8 1
47 51 5 10
47 52 7 9
47 53 4 5
47 54 7 8
47 55 2 7
47 56 1 8
47 57 6 10
47 59 4 3
47 60 9 5
47 62 8 10
47 63 3 10
47 64 4 7
47 65 5 10
47 66 9 6
47 67 3 6
47 68 6 10
47 70 4 9
47 71 1 2
47 72 6 7
47 73 3 4
47 75 3 8
47 76 1 8
47 77 3 2
47 78 2 7
47 79 2 1
47 80 2 9
47 81 2 6
47 82 5 8
47 83 5 1
47 85 2 6
47 86 3 4
47 87 7 5
47 88 2 1
47 90 9 4
47 91 8 3
47 92 8 10
47 93 6 2
47 94 9 3
47 96 6 6
47 99 1 7
47 100 7 4
48 49 1 2
48 50 6 6
48 52 3 7
48 53 6 8
48 54 4 5
48 55 6 4
48 56 5 2
48 57 8 3
48 58 9 7
48 59 9 4
48 60 5 4
48 63 1 8
48 64 8 4
48 65 10 10
48 68 3 5
48 69 9 5
48 70 7 6
48 71 8 3
48 72 1 6
48 73 10 7
48 74 9 4
48 75 2 1
48 77 10 5
48 79 6 10
48 80 9 6
48 83 8 3
48 84 3 2
48 85 7 7
48 86 6 9
48 93 10 10
48 95 6 4
48 96 7 10
48 97 7 8
48 98 5 5
48 99 1 8
48 100 2 8
49 51 8 9
49 52 1 6
49 53 2 10
49 54 2 4
49 55 9 8
49 56 7 8
49 57 1 4
49 58 7 4
49 59 3 3
49 60 2 6
49 61 7 10
49 65 4 4
49 67 6 4
49 68 8 5
49 70 7 6
49 71 4 10
49 72 10 4
49 75 2 6
49 76 6 4
49 77 6 5
49 78 5 5
49 79 8 2
49 81 6 2
49 83 7 2
49 84 3 10
49 85 8 4
49 87 1 1
49 88 9 8
49 89 10 10
49 90 2 10
49 91 3 9
49 95 5 9
49 96 1 3
49 97 9 5
49 98 4 9
49 99 3 2
49 100 8 3
50 51 10 2
50 53 4 4
50 55 1 6
50 56 9 8
50 57 5 7
50 59 3 5
50 60 1 9
50 61 7 5
50 62 7 2
50 63 2 3
50 64 2 5
50 65 10 9
50 66 3 7
50 67 8 1
50 68 2 2
50 70 5 10
50 71 8 5
50 72 2 9
50 73 2 3
50 74 5 3
50 75 8 8
50 76 3 9
50 77 3 6
50 78 6 6
50 79 4 8
50 80 7 9
50 81 8 4
50 82 9 2
50 83 1 1
50 84 8 8
50 85 3 2
50 87 10 4
50 88 3 5
50 89 3 7
50 90 5 3
50 91 4 1
50 93 1 4
50 94 9 4
50 95 5 7
50 96 5 8
50 98 4 5
50 99 6 6
50 100 9 6
51 52 10 6
51 53 5 9
51 54 9 4
51 55 2 6
51 56 4 10
51 57 4 5
51 59 8 9
51 60 4 8
51 62 1 6
51 63 7 8
51 64 3 9
51 66 3 4
51 67 5 9
51 68 8 1
51 69 9 9
51 70 1 1
51 72 10 10
51 73 3 9
51 74 1 8
51 75 5 7
51 76 2 4
51 77 4 1
51 78 6 2
51 79 5 2
51 80 7 8
51 81 9 6
51 82 6 5
51 83 4 7
51 84 3 4
51 85 5 9
51 86 10 1
51 87 8 9
51 88 8 9
51 89 10 8
51 90 10 10
51 91 2 5
51 92 5 2
51 93 9 2
51 94 7 4
51 95 2 9
51 96 8 2
51 97 1 10
51 98 5 3
51 100 10 5
52 53 1 2
52 54 3 4
52 55 1 6
52 56 8 2
52 57 4 1
52 58 3 5
52 60 4 10
52 61 4 8
52 62 2 5
52 63 5 4
52 64 6 8
52 66 8 8
52 68 6 5
52 69 7 9
52 70 3 7
52 71 5 5
52 72 4 8
52 73 4 6
52 74 4 10
52 75 5 7
52 76 8 9
52 77 3 6
52 78 5 6
52 79 8 6
52 80 2 1
52 81 7 9
52 83 5 8
52 86 9 1
52 87 7 3
52 89 10 5
52 90 5 9
52 91 9 3
52 92 6 3
52 94 6 2
52 95 5 8
52 96 10 4
52 97 10 1
52 99 10 3
52 100 2 2
53 54 6 6
53 55 9 8
53 56 3 5
53 57 6 6
53 58 8 10
53 59 5 7
53 60 10 10
53 61 10 5
53 62 6 3
53 63 7 8
53 64 8 9
53 65 8 1
53 66 8 3
53 67 8 8
53 68 9 3
53 69 4 1
53 71 9 3
53 72 1 6
53 73 10 4
53 74 9 4
53 76 2 8
53 77 10 4
53 78 5 4
53 79 3 3
53 80 10 2
53 81 3 1
53 84 3 1
53 85 10 8
53 86 10 6
53 87 9 10
53 89 6 4
53 90 10 5
53 91 9 3
53 92 5 8
53 93 7 5
53 94 3 2
53 95 6 3
53 96 8 10
53 99 4 2
53 100 10 10
54 57 3 7
54 58 3 10
54 59 6 10
54 61 6 9
54 62 8 4
54 63 5 2
54 64 8 2
54 65 2 5
54 66 9 9
54 67 7 7
54 68 8 2
54 69 3 5
54 70 10 1
54 71 7 2
54 72 9 1
54 73 4 4
54 75 4 1
54 76 4 9
54 77 9 5
54 79 1 3
54 80 7 9
54 81 7 5
54 82 8 7
54 84 5 7
54 85 3 5
54 86 5 3
54 87 10 7
54 89 1 6
54 90 1 10
54 91 2 3
54 92 3 5
54 93 6 7
54 94 4 7
54 96 2 10
54 97 7 9
54 98 3 2
54 99 9 8
54 100 10 2
55 56 7 6
55 57 3 9
55 58 4 1
55 59 10 4
55 60 10 9
55 62 3 5
55 63 6 10
55 65 4 2
55 66 4 6
55 67 4 9
55 68 5 9
55 69 5 5
55 70 7 10
55 71 7 8
55 72 4 10
55 74 8 2
55 75 10 7
55 76 3 7
55 77 3 7
55 78 8 2
55 79 1 8
55 80 5 6
55 82 2 4
55 83 6 3
55 84 7 10
55 85 3 10
55 86 1 7
55 87 3 8
55 88 3 2
55 89 6 3
55 90 1 6
55 91 1 10
55 92 4 1
55 93 4 9
55 94 4 5
55 95 6 10
55 96 8 4
55 99 5 4
55 100 2 5
56 57 7 4
56 58 1 4
56 59 8 5
56 60 7 6
56 61 1 1
56 62 5 2
56 64 6 8
56 68 8 3
56 70 5 9
56 75 7 6
56 76 9 1
56 77 1 4
56 78 2 5
56 79 2 5
56 80 8 1
56 81 10 3
56 82 1 3
56 83 1 6
56 84 10 10
56 85 7 10
56 86 9 7
56 87 6 4
56 88 2 10
56 89 4 7
56 90 5 5
56 91 8 5
56 92 3 1
56 94 5 7
56 95 8 5
56 96 6 2
56 98 10 3
56 99 5 6
56 100 10 1
57 58 7 8
57 60 10 10
57 62 7 4
57 63 9 3
57 65 10 9
57 66 3 3
57 67 10 9
57 68 2 10
57 70 4 2
57 71 10 7
57 72 3 8
57 73 9 10
57 74 3 10
57 76 3 3
57 77 9 3
57 78 4 4
57 79 7 10
57 80 6 5
57 83 9 1
57 85 3 3
57 86 1 10
57 87 3 2
57 88 6 6
57 89 7 8
57 90 6 1
57 92 3 9
57 93 9 8
57 94 3 8
57 95 2 4
57 96 3 7
57 97 9 3
57 98 2 7
57 99 6 3
57 100 5 8
58 59 4 5
58 62 1 10
58 63 3 7
58 64 4 3
58 65 2 2
58 68 1 3
58 69 3 4
58 71 6 2
58 73 8 4
58 74 8 10
58 75 9 9
58 76 9 3
58 77 8 8
58 78 1 8
58 79 4 9
58 81 7 4
58 83 9 1
58 84 3 4
58 86 2 6
58 87 7 9
58 88 2 1
58 89 3 9
58 93 8 2
58 94 8 2
58 95 4 2
58 96 6 9
58 97 7 7
58 99 4 6
58 100 5 1
59 60 10 10
59 61 2 7
59 62 1 9
59 63 3 2
59 64 3 3
59 65 8 10
59 67 7 2
59 69 6 8
59 70 9 4
59 71 4 9
59 72 4 10
59 73 9 5
59 74 4 6
59 75 5 4
59 76 8 10
59 77 4 6
59 81 9 9
59 82 6 4
59 83 3 9
59 84 6 8
59 86 9 10
59 88 10 2
59 89 5 4
59 91 10 3
59 92 8 8
59 93 5 8
59 94 8 5
59 95 7 7
59 97 6 10
59 99 10 3
60 62 3 6
60 63 9 5
60 64 7 1
60 66 4 5
60 67 1 4
60 68 7 7
60 69 2 8
60 70 10 6
60 71 7 10
60 72 10 9
60 74 6 3
60 75 8 3
60 76 8 10
60 77 6 2
60 79 8 2
60 80 2 10
60 81 9 1
60 82 4 4
60 83 10 5
60 84 10 6
60 85 3 2
60 87 6 4
60 88 5 4
60 89 6 9
60 91 8 8
60 92 4 5
60 93 6 3
60 94 1 1
60 95 6 2
60 98 4 9
60 99 9 3
60 100 7 9
61 62 5 4
61 63 1 2
61 64 7 10
61 65 6 1
61 67 4 6
61 68 7 1
61 69 10 4
61 70 10 8
61 71 5 1
61 72 6 3
61 73 4 4
61 74 10 2
61 75 1 4
61 76 2 8
61 77 9 1
61 80 2 10
61 83 10 3
61 84 7 3
61 85 3 8
61 87 3 8
61 88 9 4
61 89 8 8
61 90 4 9
61 91 3 6
61 93 10 4
61 95 6 1
61 96 9 9
61 98 5 5
61 99 3 8
61 100 2 2
62 63 3 8
62 64 3 10
62 65 10 4
62 66 2 9
62 67 8 2
62 68 10 9
62 69 4 1
62 70 10 6
62 71 7 9
62 73 7 9
62 74 4 7
62 77 2 5
62 78 1 8
62 79 1 8
62 80 3 2
62 82 9 5
62 84 6 5
62 86 3 5
62 88 2 2
62 89 4 3
62 91 2 6
62 92 10 2
62 93 4 9
62 94 1 2
62 95 3 6
62 96 7 4
62 97 8 3
62 98 2 10
62 99 8 5
62 100 9 8
63 64 7 10
63 65 7 3
63 66 6 5
63 67 2 6
63 69 8 9
63 71 6 6
63 72 4 7
63 74 8 9
63 75 10 2
63 76 10 7
63 77 6 2
63 78 6 9
63 79 8 5
63 80 8 2
63 82 10 4
63 83 2 1
63 85 1 8
63 86 7 9
63 87 2 1
63 89 2 6
63 90 4 10
63 91 1 8
63 92 2 9
63 93 4 3
63 94 9 4
63 96 3 2
63 97 2 3
63 98 7 10
63 99 3 6
63 100 2 3
64 65 1 1
64 66 5 6
64 67 4 8
64 68 7 7
64 70 8 8
64 71 8 10
64 72 1 5
64 73 10 3
64 74 1 2
64 76 3 9
64 78 2 5
64 80 7 6
64 81 4 2
64 82 1 9
64 83 5 1
64 84 8 8
64 86 7 7
64 88 6 7
64 89 8 9
64 90 9 7
64 91 6 2
64 92 4 5
64 93 2 1
64 94 10 1
64 95 4 7
64 96 5 3
64 97 9 7
64 98 2 3
64 99 2 5
64 100 1 5
65 66 7 5
65 67 9 10
65 68 1 5
65 69 10 4
65 70 1 1
65 71 1 4
65 73 9 1
65 74 10 9
65 76 1 6
65 77 9 7
65 78 6 1
65 80 5 8
65 81 2 5
65 82 1 4
65 84 7 7
65 91 4 9
65 92 6 6
65 93 8 1
65 94 6 6
65 95 2 3
65 96 8 5
65 97 2 5
65 98 9 4
65 99 1 8
65 100 7 1
66 67 7 6
66 68 4 4
66 69 1 2
66 70 7 1
66 72 9 8
66 74 5 2
66 75 5 2
66 76 8 9
66 77 1 3
66 78 4 10
66 79 2 3
66 80 1 2
66 81 3 4
66 82 6 2
66 83 1 3
66 84 7 3
66 85 2 10
66 87 1 9
66 89 3 3
66 90 4 10
66 91 6 2
66 92 7 10
66 93 3 10
66 94 7 8
66 95 4 4
66 96 4 3
66 97 4 5
66 98 7 5
66 99 3 6
66 100 6 1
67 68 6 3
67 69 10 5
67 70 6 7
67 71 7 8
67 72 8 8
67 73 4 10
67 74 7 9
67 75 10 1
67 76 1 5
67 77 3 7
67 78 6 10
67 79 4 9
67 81 2 8
67 82 2 7
67 83 2 4
67 85 2 8
67 86 8 10
67 88 8 9
67 89 8 8
67 90 9 5
67 91 3 8
67 92 10 6
67 93 6 10
67 94 3 1
67 95 7 4
67 96 2 2
67 97 4 1
67 98 8 7
67 99 4 4
67 100 2 7
68 71 1 10
68 73 9 9
68 74 4 3
68 75 4 7
68 76 4 4
68 77 2 9
68 79 6 8
68 80 4 3
68 81 2 10
68 82 2 3
68 84 10 2
68 85 4 10
68 87 9 3
68 88 6 6
68 91 6 9
68 92 4 5
68 96 3 8
68 97 3 4
68 98 1 5
68 99 7 7
68 100 4 9
69 71 2 2
69 72 6 9
69 73 9 10
69 75 2 10
69 76 10 5
69 78 3 3
69 80 4 3
69 81 9 8
69 82 10 10
69 84 8 1
69 85 7 10
69 87 5 7
69 88 8 5
69 89 2 9
69 90 9 1
69 91 1 8
69 93 4 9
69 94 3 10
69 95 8 8
69 96 6 9
69 97 2 1
69 98 9 1
69 99 5 2
69 100 9 10
70 71 7 2
70 72 1 2
70 73 8 1
70 74 5 4
70 75 5 7
70 76 2 6
70 77 7 4
70 80 6 8
70 81 5 1
70 82 6 2
70 84 5 1
70 85 4 2
70 86 9 1
70 87 7 6
70 88 4 10
70 89 2 6
70 90 5 3
70 91 5 6
70 92 8 5
70 93 2 4
70 94 2 1
70 95 2 7
70 96 1 6
70 97 7 1
70 98 8 9
70 99 8 5
70 100 7 4
71 72 6 4
71 73 10 10
71 76 3 9
71 77 3 3
71 78 7 9
71 79 4 7
71 81 8 8
71 82 1 3
71 83 5 4
71 84 4 6
71 85 5 3
71 86 3 5
71 87 2 8
71 88 3 8
71 89 9 9
71 91 9 8
71 92 4 8
71 93 5 9
71 94 3 7
71 95 1 8
71 96 7 2
71 98 7 9
71 99 3 6
71 100 8 9
72 73 9 3
72 74 6 6
72 76 3 1
72 77 4 6
72 78 3 6
72 79 7 9
72 80 5 9
72 81 4 2
72 82 5 7
72 83 8 6
72 84 7 2
72 85 9 6
72 87 7 9
72 88 8 8
72 89 3 8
72 90 7 1
72 91 3 5
72 92 4 3
72 93 7 7
72 94 4 7
72 95 10 1
72 96 10 1
72 97 4 4
72 98 8 9
72 99 1 3
72 100 2 3
73 78 7 4
73 79 4 2
73 80 7 5
73 81 4 7
73 82 10 6
73 84 6 5
73 87 8 9
73 89 8 2
73 90 1 3
73 91 5 6
73 92 6 7
73 93 8 2
73 95 6 9
73 96 6 9
73 97 5 10
73 98 6 7
73 100 2 2
74 75 8 2
74 76 2 8
74 77 8 5
74 79 5 1
74 81 8 10
74 82 2 5
74 84 9 3
74 86 8 6
74 88 9 3
74 90 1 1
74 91 6 8
74 93 3 1
74 95 4 2
74 99 1 9
74 100 6 10
75 76 8 9
75 77 2 10
75 78 9 6
75 79 5 7
75 80 6 1
75 81 5 9
75 82 2 2
75 83 5 10
75 85 9 7
75 86 10 2
75 87 9 10
75 88 7 8
75 89 3 7
75 90 5 8
75 92 2 8
75 93 5 6
75 96 7 3
75 98 5 3
75 99 4 10
75 100 1 2
76 77 8 3
76 78 9 1
76 79 4 10
76 81 1 7
76 82 2 1
76 84 4 9
76 85 10 3
76 87 2 7
76 88 3 2
76 89 10 1
76 91 8 4
76 93 6 2
76 95 3 10
76 96 9 7
76 97 6 10
76 99 2 3
77 78 9 6
77 79 4 2
77 80 2 1
77 82 9 2
77 83 2 10
77 85 1 4
77 87 1 8
77 88 1 8
77 89 2 1
77 90 1 6
77 91 8 7
77 92 7 10
77 93 9 10
77 94 7 2
77 95 10 4
77 96 4 10
77 97 5 8
77 98 8 3
77 100 4 6
78 79 3 4
78 80 4 2
78 81 10 6
78 82 4 8
78 83 6 10
78 84 5 10
78 85 7 5
78 86 1 6
78 89 10 7
78 91 5 4
78 93 10 4
78 94 5 7
78 95 8 2
78 96 2 3
78 97 5 10
78 98 2 9
78 99 9 6
78 100 6 4
79 80 8 2
79 81 5 6
79 82 8 2
79 83 4 4
79 84 6 10
79 86 7 1
79 87 8 6
79 88 1 7
79 89 9 4
79 90 7 1
79 91 7 6
79 92 10 9
79 93 3 8
79 94 8 4
79 99 9 9
80 81 8 8
80 82 1 4
80 83 5 2
80 84 1 4
80 85 7 8
80 88 3 3
80 89 6 7
80 90 5 6
80 91 2 2
80 92 4 1
80 95 2 3
80 97 3 1
80 98 2 9
80 99 2 9
80 100 10 5
81 82 8 10
81 83 9 6
81 86 1 9
81 87 10 8
81 89 8 10
81 90 6 1
81 91 10 5
81 92 6 2
81 93 10 7
81 94 5 7
81 95 10 5
81 96 10 4
81 98 7 4
81 99 2 6
81 100 8 1
82 83 4 9
82 84 9 1
82 85 4 4
82 86 10 9
82 87 4 9
82 88 9 8
82 89 2 5
82 90 10 6
82 92 5 7
82 93 5 9
82 94 5 9
82 95 9 9
82 96 3 8
82 97 8 7
82 98 9 1
82 99 8 4
82 100 4 1
83 85 1 1
83 86 2 4
83 87 1 6
83 88 9 6
83 89 8 7
83 90 8 6
83 91 7 8
83 92 3 8
83 93 2 6
83 94 2 8
83 95 2 8
83 96 1 10
83 97 6 5
83 98 7 4
83 99 7 7
84 85 9 5
84 86 5 5
84 87 2 4
84 88 3 10
84 89 2 7
84 90 2 9
84 91 8 10
84 92 1 5
84 93 7 7
84 94 2 7
84 95 10 5
84 96 7 4
84 98 8 5
84 99 4 6
84 100 6 4
85 86 8 3
85 87 5 4
85 88 4 3
85 89 4 7
85 90 1 2
85 91 3 3
85 92 3 7
85 93 7 6
85 96 8 6
85 97 8 6
85 98 7 6
85 99 10 5
85 100 10 3
86 89 2 8
86 90 8 4
86 91 2 2
86 92 3 2
86 93 7 8
86 94 5 8
86 97 9 5
86 98 2 8
86 99 8 7
86 100 2 2
87 88 7 6
87 90 10 10
87 91 6 3
87 92 4 6
87 94 2 9
87 95 2 5
87 96 1 4
87 97 8 6
87 98 4 3
87 99 1 3
87 100 6 1
88 89 1 1
88 90 5 2
88 91 5 9
88 92 1 8
88 93 6 6
88 94 5 1
88 95 5 6
88 96 2 3
88 97 3 3
88 98 7 8
88 99 5 4
88 100 8 8
89 90 5 8
89 91 1 7
89 92 1 7
89 93 5 3
89 94 3 4
89 95 5 2
89 97 9 9
89 98 5 5
89 99 6 10
89 100 8 4
90 92 3 3
90 94 5 6
90 95 1 7
90 96 5 4
90 97 1 5
90 98 3 5
90 100 3 10
91 92 2 10
91 94 8 1
91 95 8 8
91 96 4 4
91 97 9 1
91 99 2 3
91 100 8 8
92 93 2 7
92 94 3 2
92 97 8 3
92 99 5 6
92 100 9 5
93 94 3 6
93 95 7 1
93 96 5 7
93 97 3 5
93 98 4 7
93 99 6 10
93 100 1 7
94 95 5 7
94 97 7 7
94 98 7 1
94 99 3 3
94 100 1 1
95 97 9 9
95 98 5 10
95 99 3 7
96 97 5 9
96 99 1 6
97 99 6 2
98 99 1 1
98 100 7 5
1
1 2 3 4 5 6 7 8 9 10 11 12 13 14 15 16 17 18 19 20 21 22 23 24 25 26 27 28 29 30 31 32 33 34 35 36 37 38 39 40 41 42 43 44 45 46 47 48 49 50
