3973
1 2 5 6
1 3 8 2
1 4 8 8
1 5 10 10
1 6 2 3
1 7 7 6
1 8 10 1
1 9 1 3
1 10 1 6
1 11 8 5
1 13 6 1
1 14 4 2
1 15 3 3
1 17 6 6
1 18 3 6
1 19 3 10
1 20 2 9
1 21 6 10
1 22 8 5
1 23 6 4
1 24 6 6
1 25 10 5
1 26 1 2
1 29 8 9
1 30 9 8
1 33 8 2
1 34 6 10
1 35 1 9
1 36 5 1
1 37 10 9
1 38 3 8
1 39 5 3
1 40 4 6
1 41 6 9
1 42 2 4
1 43 2 8
1 44 9 7
1 45 10 1
1 46 10 7
1 47 6 2
1 48 5 7
1 49 8 6
1 50 6 3
1 51 6 3
1 53 4 4
1 55 7 5
1 57 5 6
1 58 7 5
1 59 6 6
1 60 8 10
1 63 5 7
1 64 6 7
1 65 2 6
1 66 1 1
1 67 1 2
1 68 3 8
1 69 7 9
1 70 8 9
1 71 4 10
1 72 3 9
1 73 4 8
1 74 7 6
1 75 9 1
1 76 6 6
1 77 3 1
1 78 4 9
1 79 7 6
1 80 1 5
1 81 4 5
1 82 9 3
1 84 6 9
1 85 8 8
1 86 9 4
1 88 1 7
1 89 10 7
1 91 10 10
1 93 9 10
1 94 3 7
1 95 6 2
1 96 5 3
1 97 1 9
1 100 6 5
2 3 3 9
2 5 7 1
2 6 7 5
2 8 3 6
2 9 10 1
2 10 3 6
2 11 6 9
2 12 3 7
2 13 3 2
2 14 1 6
2 15 4 5
2 16 7 1
2 17 10 9
2 19 6 6
2 20 1 10
2 21 10 7
2 22 3 2
2 24 3 9
2 25 8 2
2 27 4 3
2 28 5 2
2 30 8 9
2 32 9 6
2 33 10 10
2 34 7 3
2 36 6 4
2 37 5 9
2 38 6 8
2 39 8 4
2 40 6 7
2 45 4 8
2 47 6 1
2 48 9 10
2 50 1 2
2 51 4 7
2 52 1 3
2 53 4 8
2 54 6 1
2 55 6 6
2 56 1 9
2 57 10 6
2 58 3 9
2 59 8 8
2 60 5 2
2 61 8 9
2 62 7 3
2 63 7 10
2 64 1 9
2 65 7 5
2 66 4 2
2 67 9 10
2 68 1 3
2 69 3 7
2 70 5 7
2 72 2 9
2 73 4 1
2 74 5 4
2 75 4 7
2 77 3 3
2 78 10 1
2 79 9 9
2 80 7 3
2 81 8 6
2 83 3 2
2 84 5 8
2 85 3 2
2 86 9 7
2 87 10 4
2 88 7 3
2 89 7 4
2 90 3 9
2 91 2 1
2 92 4 6
2 93 2 10
2 96 3 2
2 97 7 10
2 98 8 6
2 99 10 10
2 100 6 9
3 5 1 8
3 6 7 4
3 7 10 4
3 8 6 1
3 9 3 1
3 10 7 8
3 11 8 4
3 12 2 4
3 13 10 7
3 14 8 10
3 15 5 8
3 16 2 8
3 17 3 1
3 20 9 9
3 21 10 5
3 22 10 4
3 23 6 10
3 24 1 10
3 25 6 8
3 26 10 10
3 27 6 7
3 29 4 5
3 30 4 4
3 31 9 9
3 32 8 8
3 33 10 7
3 34 2 1
3 37 3 2
3 41 10 9
3 43 10 9
3 44 5 6
3 46 9 9
3 47 7 9
3 48 6 3
3 50 7 1
3 51 2 1
3 54 5 10
3 55 10 7
3 57 6 6
3 59 3 7
3 61 2 1
3 62 1 1
3 64 6 1
3 65 4 5
3 66 8 9
3 67 1 1
3 69 4 7
3 71 4 4
3 73 4 7
3 74 6 3
3 75 3 2
3 76 10 1
3 77 2 8
3 78 5 4
3 79 3 10
3 80 3 2
3 82 2 6
3 83 9 1
3 85 4 4
3 86 5 3
3 87 7 1
3 88 7 10
3 89 4 2
3 90 4 3
3 91 10 6
3 93 8 3
3 94 3 5
3 95 3 8
3 96 6 4
3 97 9 10
3 98 8 2
3 99 5 4
3 100 10 3
4 5 2 9
4 6 10 10
4 7 6 7
4 8 2 3
4 9 2 9
4 10 6 8
4 11 9 1
4 12 2 4
4 13 6 10
4 14 10 1
4 17 8 9
4 18 5 8
4 20 2 7
4 21 3 2
4 23 6 7
4 24 10 3
4 25 1 10
4 26 4 3
4 27 9 3
4 28 1 2
4 29 7 8
4 30 7 10
4 31 4 5
4 32 1 10
4 33 3 9
4 34 2 9
4 35 8 5
4 36 4 2
4 37 4 8
4 38 2 3
4 39 10 2
4 41 4 5
4 44 8 10
4 45 9 6
4 46 6 7
4 47 8 3
4 48 2 9
4 49 6 9
4 51 7 3
4 52 9 9
4 53 3 10
4 54 3 9
4 57 1 3
4 58 8 6
4 60 8 6
4 61 4 4
4 63 1 1
4 64 1 7
4 65 3 1
4 66 8 9
4 68 6 1
4 69 5 4
4 70 2 10
4 71 5 8
4 72 10 8
4 73 1 1
4 74 8 5
4 75 4 1
4 76 4 2
4 77 10 1
4 78 7 10
4 79 3 7
4 81 6 6
4 82 7 10
4 83 5 2
4 85 1 10
4 86 10 6
4 87 5 5
4 89 6 2
4 90 4 8
4 91 7 4
4 92 2 6
4 93 10 2
4 95 6 1
4 96 9 8
4 98 7 1
4 99 1 2
4 100 3 10
5 6 10 9
5 7 8 10
5 8 10 5
5 9 3 9
5 10 6 1
5 11 5 7
5 13 4 10
5 14 10 8
5 15 5 10
5 16 6 2
5 17 3 10
5 18 5 9
5 21 1 8
5 22 4 9
5 23 5 7
5 24 9 7
5 25 5 7
5 27 7 4
5 28 2 4
5 31 2 6
5 32 3 6
5 33 8 10
5 34 9 3
5 35 5 2
5 36 1 8
5 37 3 9
5 39 1 5
5 40 1 3
5 41 9 10
5 43 7 6
5 44 4 10
5 45 10 9
5 46 10 8
5 48 2 9
5 49 6 4
5 50 2 4
5 51 8 2
5 52 7 1
5 53 2 8
5 54 2 1
5 56 7 6
5 57 4 1
5 59 7 2
5 60 1 8
5 61 10 7
5 62 5 1
5 63 4 4
5 64 7 9
5 65 4 5
5 66 5 7
5 67 1 9
5 68 6 8
5 70 3 6
5 71 1 5
5 72 9 4
5 73 7 1
5 74 7 2
5 75 6 3
5 76 5 5
5 77 4 3
5 78 4 8
5 79 5 2
5 81 2 10
5 82 9 4
5 83 8 9
5 84 9 4
5 85 1 6
5 86 4 5
5 87 1 7
5 88 2 6
5 89 2 5
5 91 10 9
5 92 1 6
5 93 10 3
5 94 4 3
5 95 4 9
5 96 9 8
5 97 3 1
5 98 6 4
5 99 4 1
5 100 10 4
6 7 3 1
6 9 6 9
6 10 9 1
6 11 7 10
6 12 9 3
6 16 10 10
6 17 6 8
6 18 6 9
6 19 7 4
6 20 8 2
6 21 3 10
6 22 7 1
6 23 8 1
6 25 1 7
6 26 1 10
6 27 5 2
6 28 2 6
6 30 10 9
6 32 8 8
6 33 1 5
6 34 1 10
6 35 4 6
6 36 10 3
6 38 8 7
6 39 8 6
6 40 6 1
6 41 7 8
6 42 1 8
6 43 10 2
6 44 10 10
6 46 9 1
6 47 9 2
6 48 5 10
6 49 7 6
6 52 7 1
6 53 9 5
6 54 10 3
6 55 8 8
6 56 10 3
6 57 2 4
6 58 4 9
6 60 7 2
6 62 3 10
6 63 1 5
6 64 2 6
6 65 6 10
6 66 4 7
6 67 4 3
6 68 2 5
6 70 6 7
6 71 8 5
6 72 4 2
6 73 3 3
6 74 1 7
6 75 8 10
6 76 6 2
6 77 6 4
6 78 3 9
6 80 1 4
6 81 6 7
6 82 10 2
6 83 6 9
6 84 6 10
6 85 4 2
6 86 6 6
6 87 10 1
6 88 3 10
6 89 5 9
6 90 2 3
6 91 6 7
6 92 5 3
6 93 1 2
6 95 4 2
6 96 1 2
6 97 10 9
6 98 9 6
6 99 7 3
7 9 8 4
7 10 1 5
7 11 3 10
7 13 9 9
7 15 4 9
7 16 10 6
7 17 8 7
7 18 9 3
7 19 6 9
7 20 4 6
7 21 8 8
7 23 4 10
7 24 3 7
7 25 3 7
7 26 4 6
7 27 6 5
7 28 1 2
7 31 9 3
7 32 5 2
7 35 2 9
7 36 7 1
7 38 8 1
7 39 2 4
7 40 3 2
7 41 4 7
7 42 7 9
7 43 10 10
7 44 5 7
7 45 6 5
7 46 2 10
7 47 1 9
7 48 6 3
7 49 10 9
7 50 5 2
7 51 7 6
7 52 10 3
7 54 6 6
7 55 4 2
7 56 10 3
7 57 7 10
7 61 7 5
7 62 3 9
7 65 4 1
7 70 3 3
7 71 5 10
7 72 7 7
7 73 4 8
7 76 1 7
7 77 1 7
7 78 1 9
7 79 6 1
7 80 4 6
7 82 9 3
7 83 3 8
7 85 8 5
7 86 10 5
7 87 9 7
7 90 7 2
7 91 5 3
7 92 4 2
7 93 2 1
7 94 8 1
7 96 3 6
7 97 5 3
7 98 5 9
7 99 1 4
7 100 5 5
8 9 2 1
8 10 10 10
8 12 2 10
8 13 3 9
8 14 8 8
8 15 2 4
8 16 6 8
8 18 6 6
8 19 5 1
8 20 7 5
8 21 3 5
8 22 2 6
8 23 3 6
8 25 6 6
8 26 8 1
8 27 3 1
8 28 10 7
8 29 3 1
8 30 10 1
8 31 4 4
8 32 7 10
8 33 2 9
8 34 1 6
8 35 9 10
8 37 6 9
8 38 9 10
8 39 2 5
8 40 5 6
8 41 9 9
8 42 5 1
8 43 4 2
8 44 6 8
8 46 6 1
8 48 3 7
8 50 4 5
8 52 9 7
8 53 4 1
8 55 8 1
8 56 8 5
8 57 6 10
8 59 5 1
8 60 2 10
8 61 3 9
8 62 2 7
8 63 4 4
8 64 4 10
8 65 3 4
8 66 1 1
8 67 5 2
8 68 8 2
8 69 7 9
8 71 2 6
8 72 7 5
8 73 8 6
8 74 9 7
8 75 2 10
8 76 5 5
8 77 6 2
8 78 10 1
8 79 4 2
8 80 4 8
8 81 7 4
8 83 7 5
8 84 4 10
8 86 5 1
8 87 2 8
8 88 5 7
8 89 2 10
8 92 10 2
8 93 9 9
8 94 5 4
8 95 7 8
8 96 9 8
8 98 5 10
8 99 10 10
8 100 4 8
9 10 10 5
9 11 1 1
9 12 2 3
9 13 1 5
9 15 3 4
9 16 9 2
9 17 10 9
9 19 6 10
9 20 3 1
9 21 1 5
9 22 4 9
9 24 9 1
9 25 9 6
9 26 9 5
9 27 7 3
9 30 1 6
9 31 2 8
9 32 5 2
9 33 6 5
9 34 6 3
9 35 3 9
9 37 9 5
9 38 9 9
9 39 2 7
9 41 3 1
9 42 4 6
9 43 1 5
9 44 10 10
9 46 8 10
9 47 8 8
9 48 9 2
9 50 5 9
9 51 10 7
9 53 2 4
9 54 1 7
9 55 2 9
9 56 4 10
9 57 5 6
9 58 7 3
9 59 5 3
9 60 7 4
9 61 9 3
9 62 3 1
9 63 8 2
9 64 4 5
9 65 4 7
9 66 6 1
9 67 1 8
9 68 1 7
9 70 2 1
9 71 7 7
9 72 10 2
9 73 5 6
9 74 2 8
9 75 8 4
9 79 5 1
9 80 5 3
9 81 8 9
9 82 8 7
9 83 10 2
9 84 10 10
9 85 6 10
9 86 4 4
9 87 2 2
9 88 7 4
9 89 1 2
9 91 3 4
9 92 2 1
9 93 10 6
9 94 6 3
9 97 3 7
9 98 6 10
9 99 8 2
9 100 10 8
10 11 4 8
10 13 4 5
10 14 10 8
10 15 3 9
10 16 10 7
10 19 10 6
10 20 3 7
10 21 5 9
10 22 6 2
10 23 3 4
10 24 3 1
10 25 10 9
10 27 3 1
10 28 1 5
10 29 1 7
10 30 8 4
10 31 9 2
10 32 6 10
10 34 9 1
10 35 2 10
10 36 7 7
10 37 6 9
10 38 8 6
10 39 4 3
10 40 8 3
10 41 1 9
10 42 4 9
10 43 9 9
10 44 1 6
10 45 8 10
10 46 5 6
10 47 6 9
10 49 2 10
10 51 10 3
10 52 8 2
10 53 1 7
10 54 6 8
10 55 10 9
10 56 8 10
10 57 9 3
10 58 2 5
10 59 3 5
10 60 4 9
10 61 6 1
10 63 9 9
10 65 3 5
10 67 1 9
10 68 7 4
10 69 4 10
10 70 2 4
10 72 1 6
10 73 8 9
10 75 1 6
10 76 8 9
10 78 6 10
10 79 3 3
10 80 8 8
10 81 8 1
10 82 6 2
10 83 10 6
10 85 4 2
10 87 4 3
10 88 3 6
10 89 1 9
10 90 8 7
10 91 8 5
10 92 8 5
10 93 7 6
10 95 1 8
10 96 1 8
10 97 6 7
10 99 9 3
10 100 8 7
11 12 8 9
11 13 5 6
11 14 9 8
11 15 3 10
11 16 6 7
11 17 2 7
11 18 7 3
11 20 6 5
11 21 9 2
11 22 10 9
11 23 8 10
11 24 2 3
11 25 3 7
11 27 10 2
11 28 6 1
11 30 10 5
11 32 9 6
11 33 6 1
11 34 6 6
11 37 6 7
11 38 8 5
11 39 1 9
11 40 9 3
11 41 10 3
11 42 8 8
11 43 10 5
11 44 1 3
11 45 10 4
11 46 6 2
11 47 10 4
11 48 7 1
11 49 5 4
11 50 2 7
11 51 4 2
11 53 10 6
11 54 10 1
11 55 9 2
11 56 9 9
11 57 7 9
11 58 8 7
11 60 7 1
11 61 2 7
11 62 3 1
11 63 7 4
11 64 1 9
11 67 3 6
11 68 2 10
11 69 8 6
11 70 9 8
11 71 3 6
11 72 8 2
11 73 9 3
11 74 5 3
11 75 3 1
11 76 7 1
11 77 6 8
11 78 7 3
11 79 4 7
11 80 3 8
11 82 10 7
11 83 1 8
11 84 9 5
11 85 9 8
11 86 9 1
11 87 1 6
11 88 4 8
11 89 6 6
11 91 4 3
11 92 5 8
11 93 2 4
11 94 4 4
11 95 2 8
11 96 10 3
11 98 6 6
11 99 9 8
11 100 10 4
12 14 7 10
12 15 10 1
12 16 4 7
12 17 7 10
12 19 9 4
12 21 5 1
12 22 3 3
12 23 10 9
12 24 3 9
12 25 5 6
12 26 4 5
12 27 7 1
12 28 9 2
12 30 2 2
12 31 10 10
12 32 3 10
12 33 5 5
12 34 10 1
12 37 5 3
12 38 9 8
12 39 10 4
12 40 4 2
12 41 10 9
12 42 4 2
12 43 9 5
12 44 2 1
12 45 9 10
12 46 7 3
12 47 6 9
12 48 7 7
12 49 2 5
12 50 2 4
12 51 4 7
12 53 8 2
12 54 5 1
12 55 3 1
12 56 8 1
12 58 4 1
12 60 1 3
12 61 6 6
12 62 7 10
12 63 5 7
12 64 6 2
12 65 2 9
12 66 3 1
12 67 6 8
12 68 1 9
12 70 4 2
12 71 10 5
12 72 2 7
12 73 7 4
12 74 8 9
12 76 4 6
12 77 10 9
12 79 9 4
12 80 6 8
12 81 8 5
12 82 9 7
12 83 4 8
12 84 10 8
12 85 5 4
12 86 8 7
12 87 8 3
12 90 10 1
12 91 8 8
12 92 10 6
12 93 4 3
12 94 2 1
12 95 8 7
12 96 9 5
12 97 4 6
12 98 7 3
12 99 7 5
12 100 4 8
13 14 6 9
13 15 7 9
13 18 6 6
13 19 5 7
13 21 3 6
13 22 2 9
13 23 10 3
13 24 1 2
13 25 10 3
13 26 8 3
13 28 4 1
13 29 3 1
13 30 6 6
13 33 1 4
13 34 9 7
13 36 6 6
13 37 5 4
13 38 7 7
13 39 3 8
13 41 10 1
13 42 3 8
13 43 7 1
13 44 1 1
13 45 3 5
13 46 4 4
13 47 7 8
13 48 3 1
13 49 1 9
13 50 3 7
13 51 2 10
13 52 10 3
13 53 5 4
13 54 5 3
13 55 7 5
13 56 3 6
13 57 9 3
13 58 2 8
13 59 8 10
13 60 5 9
13 61 10 7
13 62 9 2
13 64 9 10
13 65 7 2
13 66 7 8
13 67 3 10
13 68 9 10
13 69 3 4
13 70 4 8
13 71 7 3
13 72 10 7
13 74 8 8
13 75 9 3
13 78 7 8
13 79 2 5
13 80 8 6
13 81 10 10
13 83 8 4
13 84 7 2
13 85 2 2
13 86 6 10
13 87 2 5
13 89 3 3
13 90 6 8
13 92 3 5
13 93 5 2
13 94 2 9
13 96 2 7
13 97 2 8
13 98 3 8
13 99 5 3
13 100 9 8
14 15 1 8
14 17 10 2
14 19 5 4
14 20 8 6
14 22 1 3
14 23 2 1
14 24 8 5
14 25 2 9
14 26 6 8
14 27 6 10
14 28 7 8
14 31 8 3
14 32 10 7
14 33 2 2
14 34 10 4
14 35 10 9
14 36 9 2
14 37 8 2
14 38 8 8
14 39 10 10
14 40 6 5
14 42 6 1
14 43 6 1
14 46 8 5
14 47 1 4
14 48 7 5
14 51 2 10
14 52 4 3
14 54 5 4
14 55 9 7
14 56 5 1
14 57 7 8
14 58 3 3
14 60 3 4
14 61 4 8
14 62 6 4
14 64 9 6
14 65 9 10
14 67 10 8
14 70 3 6
14 71 10 3
14 72 2 4
14 73 1 1
14 74 6 8
14 75 3 9
14 76 6 1
14 77 4 1
14 78 5 4
14 79 2 9
14 80 3 4
14 81 2 3
14 82 5 8
14 83 2 2
14 84 8 1
14 86 10 3
14 87 1 1
14 89 1 7
14 90 3 1
14 91 6 9
14 92 10 7
14 93 9 6
14 94 5 1
14 95 4 6
14 96 4 4
14 97 10 10
14 98 7 9
14 100 7 4
15 16 2 7
15 17 7 2
15 18 8 7
15 19 4 4
15 20 7 8
15 21 8 10
15 22 3 4
15 23 1 7
15 24 2 1
15 25 10 6
15 26 10 8
15 27 3 2
15 28 7 4
15 31 5 10
15 33 4 2
15 34 6 6
15 35 10 3
15 36 10 5
15 38 9 5
15 39 2 7
15 40 1 7
15 41 3 1
15 42 10 10
15 43 3 8
15 44 3 1
15 45 5 3
15 46 10 8
15 47 5 3
15 48 7 10
15 49 3 9
15 50 3 8
15 51 2 8
15 53 2 9
15 54 5 8
15 55 10 10
15 56 4 9
15 57 3 5
15 59 5 1
15 60 2 3
15 61 8 3
15 62 1 1
15 64 7 1
15 65 4 2
15 66 4 1
15 67 5 1
15 68 10 5
15 69 8 4
15 70 1 9
15 71 9 6
15 72 10 3
15 74 10 1
15 75 9 4
15 76 10 2
15 77 8 1
15 79 10 6
15 80 10 2
15 82 8 9
15 84 1 1
15 85 6 1
15 86 1 5
15 87 8 7
15 88 6 9
15 89 10 2
15 90 7 10
15 91 10 6
15 92 8 3
15 93 2 3
15 96 4 6
15 97 9 8
15 98 8 8
15 99 4 10
15 100 1 3
16 17 4 3
16 20 9 4
16 21 5 5
16 22 1 3
16 23 5 5
16 24 8 1
16 25 7 9
16 27 1 4
16 28 1 8
16 29 2 8
16 31 3 10
16 32 9 8
16 34 7 10
16 35 4 9
16 37 3 3
16 38 4 6
16 39 9 6
16 40 1 10
16 41 2 6
16 42 1 8
16 45 3 5
16 46 8 2
16 47 2 2
16 48 10 7
16 49 9 1
16 50 5 2
16 52 9 10
16 53 5 3
16 54 5 5
16 56 7 9
16 58 9 5
16 59 4 8
16 61 4 2
16 62 6 5
16 63 3 8
16 64 3 1
16 65 3 3
16 66 7 7
16 67 9 7
16 69 6 1
16 70 10 9
16 72 6 4
16 73 8 1
16 74 8 8
16 76 9 4
16 78 9 1
16 79 8 8
16 80 8 8
16 81 2 8
16 82 1 1
16 83 10 7
16 84 7 7
16 85 7 8
16 88 5 5
16 89 1 9
16 90 8 10
16 93 3 4
16 94 7 10
16 95 4 1
16 96 1 2
16 97 6 10
16 98 6 6
16 100 6 3
17 18 1 2
17 19 4 4
17 20 10 6
17 22 8 1
17 23 9 5
17 24 7 2
17 26 8 8
17 27 4 10
17 28 4 4
17 30 2 9
17 31 1 4
17 32 7 7
17 33 9 10
17 34 2 9
17 35 2 4
17 36 2 7
17 37 7 10
17 38 1 2
17 39 7 9
17 40 1 4
17 42 7 9
17 43 6 10
17 44 5 10
17 46 4 4
17 47 6 2
17 48 1 5
17 49 10 2
17 50 9 3
17 51 5 9
17 52 6 2
17 53 3 8
17 55 2 6
17 56 1 8
17 57 7 1
17 58 1 3
17 60 1 10
17 61 5 9
17 62 2 10
17 63 2 3
17 64 7 10
17 65 1 9
17 66 3 5
17 68 5 2
17 69 3 5
17 70 4 8
17 71 4 2
17 72 9 2
17 73 7 7
17 74 7 3
17 75 4 3
17 76 6 6
17 77 1 6
17 78 3 9
17 79 2 4
17 80 10 3
17 81 5 7
17 82 4 6
17 83 6 8
17 84 10 3
17 87 6 9
17 88 9 5
17 89 4 10
17 92 10 2
17 93 3 3
17 94 6 6
17 96 5 4
17 97 4 6
17 98 5 9
17 99 1 1
17 100 6 4
18 19 3 4
18 20 8 10
18 22 7 4
18 24 10 10
18 25 3 2
18 26 9 4
18 27 9 2
18 29 3 7
18 30 8 5
18 31 9 8
18 32 10 2
18 33 8 6
18 34 5 10
18 35 9 2
18 36 4 2
18 37 4 3
18 38 3 5
18 39 1 4
18 40 4 8
18 41 3 2
18 42 10 9
18 43 10 6
18 44 1 3
18 46 1 2
18 47 3 5
18 49 7 9
18 50 10 6
18 51 6 4
18 53 2 9
18 55 3 1
18 56 4 10
18 57 6 7
18 58 4 5
18 59 1 7
18 60 2 10
18 61 4 9
18 62 8 2
18 63 1 7
18 64 7 2
18 69 4 7
18 70 5 4
18 71 8 9
18 72 5 6
18 73 9 10
18 74 4 5
18 76 10 4
18 78 7 7
18 80 8 6
18 81 2 1
18 83 7 3
18 84 10 1
18 85 3 2
18 87 3 9
18 88 7 8
18 89 10 2
18 90 7 9
18 91 10 8
18 93 1 8
18 94 3 10
18 95 8 6
18 96 1 2
18 97 6 4
18 98 2 2
18 99 10 4
18 100 2 7
19 20 3 3
19 22 3 6
19 23 2 6
19 24 6 5
19 25 3 5
19 26 4 6
19 27 4 6
19 28 10 8
19 29 6 3
19 30 7 5
19 31 5 5
19 32 6 3
19 33 6 5
19 34 9 5
19 35 3 8
19 37 6 1
19 38 4 3
19 39 10 6
19 40 10 2
19 42 3 5
19 43 3 9
19 44 5 7
19 45 1 6
19 46 5 1
19 47 9 8
19 48 6 7
19 49 9 10
19 50 8 6
19 51 4 5
19 54 10 4
19 55 5 9
19 56 2 9
19 59 7 8
19 61 10 3
19 62 4 7
19 63 2 4
19 64 5 2
19 65 2 5
19 66 4 6
19 67 9 10
19 68 5 9
19 69 10 2
19 70 7 9
19 72 2 9
19 73 10 3
19 74 5 2
19 75 4 8
19 76 4 6
19 79 8 7
19 80 4 6
19 83 6 6
19 84 2 7
19 85 5 3
19 87 8 9
19 88 10 6
19 90 6 5
19 91 2 2
19 92 5 1
19 93 9 8
19 95 7 10
19 96 2 4
19 98 3 9
19 99 2 4
20 22 9 2
20 23 8 7
20 24 3 7
20 25 7 8
20 26 1 2
20 30 2 7
20 31 4 5
20 32 5 8
20 34 4 8
20 35 2 8
20 36 6 7
20 37 7 7
20 38 8 5
20 39 10 7
20 42 5 6
20 43 10 2
20 44 5 3
20 45 1 3
20 47 9 1
20 48 7 10
20 49 8 4
20 50 2 8
20 51 10 3
20 52 4 10
20 53 6 6
20 55 3 9
20 56 8 2
20 57 5 7
20 58 3 5
20 59 6 3
20 60 9 5
20 61 2 5
20 62 2 9
20 63 5 8
20 64 10 9
20 65 7 5
20 66 2 9
20 67 7 5
20 68 1 6
20 69 3 4
20 70 7 4
20 71 2 10
20 72 4 1
20 73 7 4
20 75 9 3
20 76 4 5
20 77 8 4
20 78 1 3
20 79 1 5
20 80 6 1
20 81 9 3
20 85 6 10
20 86 1 1
20 87 9 2
20 88 3 1
20 90 10 3
20 91 8 1
20 92 8 1
20 94 1 2
20 95 8 2
20 96 6 10
20 97 7 5
20 98 10 9
20 99 8 10
20 100 8 7
21 22 8 2
21 23 8 1
21 24 6 1
21 25 1 10
21 26 10 7
21 27 3 8
21 28 9 7
21 29 2 8
21 30 2 2
21 31 9 5
21 32 4 7
21 33 7 9
21 34 8 3
21 35 9 10
21 36 3 2
21 37 9 2
21 38 4 5
21 40 10 6
21 41 8 8
21 42 8 8
21 43 8 2
21 45 5 4
21 46 2 4
21 47 5 8
21 48 5 4
21 49 9 3
21 50 3 1
21 51 10 3
21 52 2 6
21 55 9 5
21 56 6 10
21 58 8 1
21 59 9 5
21 60 6 5
21 61 5 10
21 62 8 5
21 63 8 8
21 65 9 3
21 66 9 3
21 67 9 6
21 69 7 6
21 70 2 4
21 71 2 3
21 72 1 4
21 74 8 6
21 75 6 9
21 77 6 1
21 79 6 3
21 81 3 3
21 82 9 8
21 83 3 3
21 84 6 9
21 86 3 10
21 87 6 9
21 89 1 6
21 90 1 5
21 92 8 1
21 93 3 9
21 94 4 7
21 95 6 4
21 96 7 5
21 98 6 8
21 99 10 8
21 100 1 9
22 24 4 6
22 27 1 4
22 28 2 2
22 29 8 7
22 30 2 1
22 32 1 3
22 33 9 3
22 34 10 2
22 35 7 5
22 36 10 8
22 37 4 6
22 38 8 10
22 39 3 1
22 40 5 5
22 41 8 3
22 42 8 5
22 43 6 3
22 46 5 2
22 49 10 10
22 50 6 4
22 54 4 8
22 55 5 7
22 56 5 8
22 57 3 4
22 59 9 1
22 60 10 10
22 61 10 3
22 62 10 8
22 63 4 3
22 64 4 7
22 65 1 10
22 67 2 6
22 68 8 1
22 69 2 8
22 70 5 8
22 73 10 1
22 74 8 4
22 76 2 10
22 79 5 8
22 80 7 5
22 81 6 8
22 82 7 4
22 83 7 6
22 84 10 1
22 86 3 1
22 90 10 7
22 91 8 7
22 92 1 4
22 93 6 3
22 94 8 2
22 95 9 5
22 96 3 8
22 97 4 10
22 99 7 6
22 100 3 3
23 25 9 4
23 26 3 1
23 27 2 2
23 30 9 5
23 31 9 7
23 32 7 5
23 33 5 7
23 35 8 4
23 37 2 9
23 38 8 3
23 39 3 9
23 41 2 4
23 42 8 6
23 45 2 7
23 46 7 4
23 47 2 2
23 48 6 4
23 49 4 8
23 50 5 2
23 51 5 7
23 52 4 2
23 53 2 2
23 54 7 9
23 55 9 10
23 57 2 4
23 58 7 10
23 59 2 2
23 60 5 8
23 61 4 7
23 65 1 8
23 66 4 7
23 68 2 10
23 69 4 7
23 70 6 4
23 72 9 2
23 73 9 10
23 75 10 4
23 78 10 3
23 79 7 10
23 80 3 8
23 81 6 9
23 82 7 8
23 84 8 6
23 85 3 7
23 86 7 7
23 87 5 7
23 88 10 4
23 89 4 8
23 90 7 4
23 91 1 6
23 93 7 3
23 94 10 8
23 95 6 3
23 96 8 6
23 97 4 10
23 99 9 3
23 100 4 7
24 25 3 1
24 26 10 2
24 27 3 2
24 28 4 10
24 30 8 9
24 31 6 8
24 32 1 1
24 36 10 8
24 37 8 9
24 38 7 7
24 39 10 7
24 40 7 5
24 41 2 7
24 42 9 5
24 43 3 1
24 44 1 6
24 45 4 6
24 47 4 4
24 49 9 7
24 50 1 10
24 51 6 8
24 52 6 7
24 53 2 5
24 54 5 2
24 55 2 9
24 56 1 2
24 57 4 8
24 59 9 7
24 60 8 2
24 61 5 7
24 62 3 6
24 63 4 4
24 64 9 6
24 65 6 6
24 66 4 9
24 67 2 2
24 69 3 5
24 70 4 6
24 71 2 4
24 72 8 9
24 73 5 4
24 74 7 1
24 75 9 4
24 76 2 3
24 77 6 7
24 78 8 5
24 79 8 7
24 81 7 8
24 82 8 5
24 83 10 8
24 85 4 8
24 86 7 1
24 90 3 8
24 91 10 5
24 92 9 3
24 95 8 4
24 96 1 3
24 97 10 3
24 98 10 4
24 99 7 9
24 100 1 7
25 26 10 3
25 27 10 9
25 28 2 2
25 30 2 5
25 31 6 8
25 32 1 4
25 33 10 7
25 34 7 6
25 36 4 2
25 37 7 3
25 38 8 4
25 39 1 8
25 40 5 7
25 41 1 7
25 42 5 9
25 44 9 5
25 45 7 7
25 46 5 3
25 47 6 1
25 48 6 5
25 49 2 7
25 50 8 8
25 51 1 4
25 52 5 1
25 53 2 1
25 54 2 5
25 55 10 8
25 56 6 1
25 58 4 2
25 59 1 3
25 60 2 8
25 61 3 2
25 62 6 2
25 63 2 6
25 64 7 4
25 65 6 2
25 66 7 8
25 68 9 5
25 69 3 9
25 70 2 9
25 71 9 7
25 73 9 10
25 74 2 3
25 75 4 1
25 76 10 7
25 77 8 10
25 78 6 4
25 79 1 4
25 80 4 1
25 81 3 7
25 82 4 9
25 84 2 5
25 85 2 5
25 86 5 2
25 87 9 4
25 88 5 6
25 89 1 9
25 91 6 7
25 92 8 6
25 93 3 4
25 94 5 5
25 95 10 3
25 97 8 4
25 99 8 8
26 28 3 3
26 29 8 1
26 30 10 9
26 31 7 2
26 32 4 1
26 33 5 10
26 34 6 4
26 35 4 10
26 37 4 10
26 38 7 8
26 39 7 6
26 40 8 5
26 41 9 6
26 42 7 10
26 43 5 9
26 45 2 2
26 46 5 8
26 47 6 8
26 48 7 6
26 49 3 8
26 50 3 5
26 52 2 1
26 54 1 7
26 56 5 8
26 57 1 9
26 58 3 10
26 60 5 10
26 61 6 1
26 63 4 7
26 64 8 5
26 65 4 10
26 66 10 8
26 67 4 5
26 68 8 6
26 69 8 8
26 70 6 10
26 71 9 5
26 72 1 3
26 73 4 6
26 74 6 5
26 75 2 4
26 76 5 5
26 77 5 9
26 79 9 4
26 81 10 9
26 83 4 2
26 84 1 8
26 85 5 2
26 86 7 2
26 88 2 10
26 91 3 9
26 92 1 3
26 94 3 8
26 95 5 8
26 96 3 10
26 97 2 3
26 98 5 9
26 100 8 1
27 28 1 1
27 31 7 1
27 32 9 6
27 34 4 3
27 35 8 4
27 36 5 3
27 37 5 5
27 39 8 9
27 40 7 10
27 41 10 8
27 43 2 10
27 45 7 4
27 47 9 5
27 48 6 9
27 49 1 10
27 50 9 9
27 51 8 7
27 52 9 7
27 55 10 5
27 56 4 2
27 57 1 6
27 58 8 5
27 59 3 7
27 61 7 2
27 62 7 7
27 63 3 8
27 64 7 3
27 65 5 2
27 66 1 1
27 68 4 7
27 69 6 5
27 70 10 1
27 75 1 8
27 76 4 9
27 77 8 7
27 79 3 5
27 81 7 7
27 83 3 7
27 86 7 4
27 87 9 2
27 89 8 8
27 90 7 2
27 91 5 6
27 92 4 1
27 94 8 1
27 95 6 8
27 96 8 8
27 98 10 7
27 100 5 9
28 29 7 6
28 30 3 7
28 31 10 7
28 33 9 10
28 34 4 1
28 35 10 4
28 36 2 4
28 37 10 10
28 39 3 6
28 40 6 3
28 41 2 6
28 43 8 10
28 44 5 8
28 45 9 5
28 46 4 7
28 47 3 1
28 48 8 2
28 49 7 10
28 50 10 3
28 52 8 1
28 53 5 4
28 55 7 8
28 56 5 10
28 57 1 4
28 58 2 10
28 59 9 1
28 60 2 7
28 61 3 5
28 63 8 1
28 64 6 8
28 65 3 6
28 69 2 1
28 71 4 2
28 72 4 10
28 73 1 9
28 74 4 2
28 75 3 5
28 78 4 5
28 80 6 5
28 81 1 9
28 82 4 9
28 83 2 7
28 84 5 5
28 85 9 1
28 86 4 4
28 88 5 4
28 89 9 7
28 93 8 2
28 95 4 7
28 96 2 3
28 97 2 3
28 98 2 7
28 99 2 5
28 100 5 2
29 30 5 3
29 31 3 3
29 32 8 10
29 33 1 2
29 35 3 10
29 37 7 2
29 38 1 10
29 39 7 2
29 41 1 1
29 42 2 6
29 43 1 2
29 44 5 7
29 45 10 8
29 46 4 3
29 47 3 5
29 48 8 6
29 50 3 8
29 52 5 5
29 53 7 6
29 55 3 3
29 58 4 2
29 59 7 10
29 61 5 3
29 63 7 6
29 66 2 2
29 67 2 7
29 69 10 8
29 70 3 7
29 73 1 6
29 74 9 2
29 75 9 6
29 76 7 5
29 77 2 1
29 78 6 3
29 79 2 7
29 80 10 10
29 81 1 2
29 82 5 6
29 83 9 6
29 84 6 4
29 85 6 8
29 86 6 1
29 88 7 1
29 90 5 2
29 91 5 2
29 92 3 2
29 95 9 5
29 96 1 2
29 98 4 1
29 99 7 9
29 100 5 9
30 32 1 10
30 33 3 2
30 34 3 9
30 35 7 1
30 36 10 8
30 38 9 8
30 39 4 9
30 40 8 1
30 41 3 3
30 43 9 10
30 45 2 9
30 46 4 9
30 48 4 7
30 49 10 7
30 50 4 3
30 51 9 3
30 52 4 9
30 53 1 8
30 54 1 10
30 55 4 2
30 56 10 3
30 57 8 2
30 58 1 4
30 59 3 2
30 62 4 3
30 63 3 5
30 64 5 2
30 65 5 3
30 66 5 10
30 67 6 7
30 68 4 10
30 69 9 8
30 70 7 4
30 71 10 4
30 73 2 2
30 74 8 8
30 75 4 10
30 76 5 8
30 77 5 7
30 78 7 2
30 79 6 7
30 80 5 2
30 81 6 3
30 82 5 1
30 83 8 2
30 84 5 9
30 85 9 8
30 90 4 1
30 92 2 6
30 93 3 4
30 94 8 9
30 95 1 3
30 96 1 5
30 98 10 4
30 99 3 7
30 100 4 6
31 32 4 9
31 33 10 8
31 35 1 7
31 36 5 10
31 37 8 5
31 38 3 9
31 39 10 1
31 40 7 4
31 41 3 6
31 42 1 2
31 44 6 5
31 45 10 6
31 47 3 3
31 48 5 10
31 49 3 6
31 50 10 3
31 52 10 7
31 53 7 3
31 54 4 2
31 55 2 1
31 56 4 6
31 57 1 8
31 58 2 5
31 60 1 3
31 61 6 2
31 62 2 2
31 63 7 9
31 64 6 6
31 65 8 10
31 66 10 2
31 67 8 3
31 68 7 6
31 69 6 3
31 70 9 2
31 71 4 3
31 72 9 5
31 73 10 2
31 74 2 1
31 75 3 4
31 76 3 5
31 77 7 6
31 78 7 3
31 79 1 9
31 80 1 3
31 81 10 5
31 84 8 1
31 87 8 6
31 89 8 2
31 91 10 6
31 92 1 2
31 93 2 4
31 95 6 7
31 96 8 2
31 97 9 9
31 99 5 8
31 100 7 6
32 33 4 4
32 34 3 10
32 35 7 5
32 37 7 5
32 39 7 6
32 40 10 4
32 41 4 4
32 42 5 2
32 43 2 1
32 44 10 1
32 45 2 2
32 47 2 10
32 50 8 1
32 51 5 10
32 52 4 5
32 53 5 6
32 54 8 2
32 55 7 10
32 56 3 1
32 58 7 3
32 59 4 1
32 60 8 10
32 61 8 8
32 62 6 3
32 63 5 6
32 64 4 2
32 65 2 8
32 66 6 7
32 67 6 9
32 68 1 6
32 69 6 3
32 71 10 6
32 72 10 9
32 73 4 1
32 74 4 8
32 75 4 4
32 76 1 5
32 77 9 2
32 78 4 7
32 79 8 3
32 80 10 10
32 81 1 9
32 82 2 7
32 83 5 3
32 84 3 4
32 85 5 6
32 86 3 3
32 87 8 10
32 89 6 3
32 90 10 1
32 91 4 2
32 92 2 7
32 93 1 7
32 94 7 2
32 95 6 10
32 96 7 3
32 98 3 7
32 99 10 1
32 100 8 8
33 35 9 1
33 36 1 7
33 39 10 7
33 40 10 7
33 41 5 2
33 42 7 7
33 43 8 10
33 45 7 6
33 46 9 9
33 48 5 7
33 49 5 8
33 50 2 10
33 51 7 2
33 52 9 6
33 53 10 9
33 54 9 2
33 55 10 5
33 57 8 7
33 58 10 3
33 59 9 5
33 62 3 2
33 64 5 8
33 65 5 9
33 66 7 2
33 68 7 5
33 69 8 5
33 70 10 7
33 72 2 9
33 73 9 5
33 74 3 7
33 75 7 8
33 76 10 5
33 78 2 9
33 79 1 8
33 80 9 6
33 81 1 9
33 82 4 7
33 83 6 3
33 84 8 3
33 86 9 7
33 87 7 2
33 88 4 1
33 89 9 7
33 90 5 3
33 91 5 4
33 92 1 1
33 93 4 1
33 94 1 9
33 95 4 3
33 96 2 9
33 97 5 7
33 98 2 1
33 100 7 8
34 35 9 10
34 36 8 9
34 37 8 10
34 39 8 5
34 40 2 5
34 41 2 1
34 42 2 1
34 45 6 6
34 46 9 2
34 47 8 2
34 49 2 8
34 51 5 1
34 52 1 10
34 53 8 9
34 56 8 7
34 58 5 1
34 59 8 7
34 61 2 1
34 62 8 4
34 63 4 6
34 65 10 5
34 66 8 1
34 67 7 3
34 68 4 3
34 69 8 3
34 71 9 4
34 72 4 3
34 73 10 2
34 74 6 1
34 75 6 4
34 76 7 9
34 77 5 9
34 78 9 5
34 80 2 10
34 81 5 6
34 82 1 3
34 83 2 8
34 84 10 5
34 85 1 1
34 86 4 5
34 87 4 3
34 88 1 1
34 89 6 3
34 91 10 6
34 92 7 7
34 93 1 6
34 94 4 6
34 95 6 1
34 98 7 10
34 99 9 1
34 100 4 3
35 36 6 2
35 37 9 3
35 38 6 5
35 40 6 9
35 41 4 8
35 42 1 1
35 43 1 3
35 45 2 2
35 47 6 10
35 49 10 4
35 50 9 9
35 51 1 7
35 52 10 4
35 53 1 5
35 54 1 3
35 55 6 5
35 57 3 5
35 58 4 4
35 59 5 7
35 60 1 5
35 61 4 2
35 62 4 9
35 63 3 5
35 64 9 10
35 65 1 10
35 66 5 3
35 67 2 10
35 68 6 8
35 69 1 9
35 70 10 1
35 71 2 6
35 72 10 4
35 73 4 8
35 74 7 9
35 76 10 9
35 78 2 8
35 79 1 9
35 80 8 5
35 82 5 5
35 83 2 3
35 84 5 1
35 85 7 2
35 86 1 8
35 87 5 6
35 88 2 6
35 89 7 5
35 90 8 7
35 91 8 6
35 92 4 2
35 93 9 9
35 94 7 3
35 95 1 5
35 96 1 6
35 97 10 10
35 98 6 3
35 99 3 7
35 100 1 7
36 37 4 4
36 38 4 1
36 39 4 4
36 41 3 9
36 42 6 1
36 43 7 7
36 44 8 9
36 45 3 7
36 46 8 4
36 47 2 2
36 48 1 7
36 49 1 9
36 50 10 5
36 51 10 10
36 52 6 3
36 53 10 4
36 56 8 9
36 57 10 5
36 58 10 8
36 59 7 9
36 60 10 10
36 61 3 4
36 63 7 1
36 64 6 7
36 66 8 8
36 67 2 4
36 68 3 3
36 70 9 1
36 71 2 4
36 72 2 3
36 73 9 9
36 75 8 9
36 76 2 6
36 77 1 10
36 78 5 5
36 79 10 5
36 80 4 8
36 82 1 10
36 83 6 7
36 86 9 3
36 87 3 7
36 88 7 2
36 89 2 4
36 90 3 1
36 91 2 4
36 92 1 7
36 93 7 9
36 94 7 7
36 95 9 9
36 96 1 10
36 97 7 5
36 98 9 10
36 99 10 8
36 100 3 10
37 38 7 9
37 39 4 5
37 43 9 5
37 44 6 7
37 46 2 5
37 48 3 9
37 49 10 7
37 50 6 6
37 51 2 4
37 53 1 2
37 54 1 4
37 55 5 4
37 57 4 4
37 58 4 2
37 60 10 4
37 61 1 1
37 65 1 8
37 66 1 4
37 67 4 4
37 68 1 8
37 69 2 6
37 70 2 6
37 72 2 5
37 73 10 6
37 74 4 8
37 76 5 9
37 77 1 2
37 78 8 1
37 79 3 10
37 80 10 1
37 81 5 1
37 83 7 8
37 84 2 5
37 85 4 8
37 86 3 1
37 87 1 7
37 91 6 8
37 92 2 4
37 93 7 2
37 94 3 6
37 95 2 9
37 96 2 6
37 98 5 7
37 99 3 2
37 100 3 8
38 39 1 2
38 41 5 8
38 42 7 1
38 43 2 1
38 44 1 7
38 45 2 1
38 46 8 5
38 47 8 3
38 48 5 5
38 49 10 7
38 50 7 4
38 51 4 10
38 52 6 10
38 53 7 9
38 54 3 3
38 55 5 1
38 56 9 3
38 57 9 7
38 58 10 4
38 61 10 5
38 62 6 4
38 63 1 6
38 64 6 3
38 65 7 7
38 67 8 3
38 68 3 4
38 69 5 10
38 70 10 3
38 71 9 8
38 72 3 6
38 73 2 2
38 74 3 1
38 76 9 4
38 77 5 5
38 78 7 9
38 79 7 8
38 80 7 10
38 81 10 3
38 82 3 8
38 83 10 3
38 84 2 8
38 86 4 9
38 87 3 1
38 89 10 7
38 90 2 8
38 93 7 8
38 94 3 8
38 97 8 9
38 98 4 6
38 99 5 5
38 100 5 4
39 40 8 7
39 41 8 7
39 42 10 7
39 44 4 6
39 45 8 6
39 46 10 5
39 47 9 4
39 48 4 5
39 50 7 9
39 51 5 6
39 52 4 3
39 53 4 6
39 54 7 7
39 55 3 5
39 56 8 9
39 57 7 4
39 58 10 6
39 59 2 2
39 60 10 10
39 61 4 6
39 62 3 1
39 63 9 7
39 64 6 7
39 65 3 6
39 66 10 6
39 67 5 8
39 68 3 9
39 69 9 4
39 70 8 4
39 71 6 5
39 75 10 7
39 76 3 7
39 77 1 3
39 80 2 4
39 81 7 7
39 82 3 8
39 84 4 4
39 85 8 10
39 86 8 8
39 87 6 8
39 88 5 2
39 90 5 8
39 91 2 8
39 93 3 9
39 96 9 6
39 97 2 1
39 98 9 6
39 99 5 9
39 100 2 4
40 41 9 4
40 42 5 8
40 43 10 5
40 46 7 7
40 47 6 6
40 48 1 4
40 49 7 4
40 50 8 9
40 52 2 5
40 53 2 5
40 55 4 9
40 56 7 8
40 57 6 9
40 58 6 7
40 60 7 1
40 61 5 10
40 62 4 3
40 63 10 5
40 64 6 9
40 65 5 4
40 66 9 8
40 67 1 9
40 69 5 10
40 70 3 7
40 71 10 3
40 73 8 2
40 74 5 7
40 75 6 1
40 79 8 7
40 82 7 7
40 83 8 5
40 84 2 7
40 85 1 2
40 86 7 9
40 87 1 1
40 88 9 4
40 89 3 7
40 90 5 1
40 91 9 8
40 92 7 8
40 93 9 2
40 94 2 1
40 95 6 8
40 96 10 7
40 97 3 1
40 98 5 10
40 99 1 7
40 100 7 1
41 42 8 3
41 43 2 10
41 44 3 2
41 45 1 10
41 46 1 1
41 47 6 6
41 49 7 2
41 50 4 2
41 51 7 10
41 53 1 4
41 54 8 5
41 55 7 3
41 56 10 6
41 57 9 7
41 58 3 10
41 59 9 8
41 60 6 2
41 61 8 7
41 62 9 1
41 63 9 7
41 64 4 5
41 66 9 4
41 68 8 10
41 69 7 1
41 71 7 6
41 73 3 7
41 74 5 6
41 76 6 10
41 77 4 4
41 78 9 10
41 79 9 5
41 81 2 7
41 82 2 5
41 84 10 5
41 87 10 6
41 88 2 8
41 89 7 2
41 90 3 4
41 91 9 10
41 92 2 5
41 94 9 7
41 96 1 6
41 97 6 9
41 98 3 6
41 100 4 4
42 43 3 7
42 44 8 4
42 45 7 6
42 46 4 8
42 47 2 1
42 48 5 10
42 49 3 10
42 50 2 4
42 51 4 4
42 52 7 3
42 53 9 1
42 54 4 5
42 55 1 6
42 56 5 3
42 57 10 2
42 58 8 3
42 59 7 2
42 60 2 1
42 61 8 9
42 63 10 4
42 64 4 5
42 65 9 7
42 66 5 4
42 67 1 7
42 68 2 9
42 69 2 2
42 70 6 1
42 71 8 4
42 72 2 2
42 73 7 8
42 74 3 4
42 75 10 4
42 76 7 1
42 77 1 5
42 78 8 6
42 79 2 7
42 80 6 4
42 81 9 2
42 83 1 1
42 84 7 10
42 85 10 4
42 86 7 8
42 87 6 6
42 88 9 7
42 89 1 6
42 91 8 4
42 92 7 1
42 93 1 3
42 95 5 3
42 97 2 1
42 98 10 3
42 99 5 4
42 100 3 1
43 44 4 3
43 45 4 4
43 46 3 3
43 48 1 6
43 49 2 6
43 50 6 6
43 51 9 5
43 52 6 3
43 53 3 4
43 55 5 9
43 56 8 5
43 58 3 4
43 59 4 1
43 60 5 9
43 61 2 1
43 62 3 6
43 63 10 4
43 64 9 4
43 65 6 9
43 66 10 1
43 67 9 4
43 68 5 5
43 70 4 7
43 71 9 8
43 72 5 8
43 73 9 8
43 75 3 7
43 76 4 10
43 78 9 6
43 80 10 8
43 81 8 3
43 82 9 1
43 83 2 10
43 84 4 9
43 85 2 10
43 87 4 4
43 89 6 2
43 90 4 8
43 92 6 8
43 93 4 9
43 94 6 7
43 95 10 4
43 96 5 1
43 97 9 1
43 98 9 7
43 100 3 10
44 45 6 10
44 47 7 8
44 48 5 5
44 49 8 9
44 50 2 4
44 51 3 8
44 52 1 2
44 54 2 1
44 55 5 7
44 56 4 10
44 57 10 3
44 59 3 8
44 60 5 6
44 61 4 1
44 62 10 5
44 63 2 8
44 65 10 10
44 66 1 5
44 67 6 10
44 68 8 10
44 69 4 10
44 70 4 5
44 72 2 7
44 74 8 1
44 77 4 4
44 78 6 9
44 79 8 2
44 80 8 9
44 81 6 6
44 82 9 8
44 83 10 8
44 84 7 4
44 85 3 3
44 86 3 6
44 87 7 5
44 90 4 6
44 91 8 4
44 92 1 3
44 93 2 7
44 94 9 9
44 95 2 9
44 96 7 5
44 97 6 8
44 98 6 9
44 99 9 10
44 100 5 6
45 46 7 8
45 47 5 1
45 50 2 9
45 51 6 4
45 52 6 3
45 53 6 10
45 54 1 3
45 55 5 6
45 56 7 9
45 57 3 6
45 59 6 7
45 60 5 8
45 61 9 2
45 62 8 4
45 64 6 9
45 65 3 10
45 66 1 9
45 67 1 1
45 68 3 7
45 71 10 8
45 72 1 4
45 74 3 8
45 75 10 8
45 76 8 6
45 79 10 10
45 80 1 5
45 81 3 10
45 82 10 9
45 83 7 7
45 84 4 7
45 85 3 4
45 86 1 8
45 87 9 10
45 88 3 7
45 89 2 10
45 90 4 7
45 93 10 9
45 94 2 1
45 95 7 6
45 97 4 2
45 100 6 3
46 48 1 10
46 49 4 2
46 52 10 9
46 54 3 3
46 55 8 7
46 58 8 7
46 59 1 4
46 61 8 7
46 62 10 2
46 63 7 10
46 66 2 10
46 67 9 3
46 68 7 3
46 70 4 4
46 71 5 4
46 74 3 1
46 75 8 6
46 76 9 2
46 78 3 9
46 80 4 3
46 81 4 10
46 82 10 8
46 83 5 6
46 84 8 5
46 85 8 10
46 86 2 10
46 87 7 1
46 88 6 9
46 89 10 2
46 90 6 10
46 91 10 3
46 93 9 9
46 95 4 8
46 96 8 7
46 98 10 1
46 99 7 2
46 100 8 5
47 48 6 2
47 51 7 6
47 52 10 9
47 53 9 3
47 54 9 7
47 57 6 3
47 58 10 8
47 60 2 4
47 61 8 4
47 62 7 10
47 63 10 9
47 64 1 3
47 65 6 1
47 66 4 7
47 67 5 6
47 68 8 1
47 70 7 2
47 71 6 1
47 72 2 4
47 73 10 5
47 74 8 2
47 76 2 1
47 78 8 8
47 79 3 7
47 80 2 1
47 82 8 7
47 83 8 4
47 84 3 7
47 85 1 1
47 87 7 1
47 88 4 8
47 89 9 8
47 91 2 3
47 92 10 1
47 93 9 2
47 94 1 1
47 95 3 4
47 96 8 1
47 97 10 2
47 98 2 8
47 99 7 6
48 49 3 5
48 50 4 7
48 51 9 5
48 54 3 8
48 56 3 10
48 57 4 4
48 58 5 3
48 59 5 3
48 60 5 1
48 61 8 9
48 62 4 8
48 66 2 9
48 67 4 6
48 68 1 3
48 69 5 7
48 70 7 9
48 71 10 3
48 72 7 5
48 74 4 1
48 75 8 3
48 76 2 1
48 77 3 9
48 79 7 6
48 80 9 5
48 81 4 8
48 82 7 9
48 83 6 7
48 84 10 6
48 87 9 4
48 88 8 5
48 89 10 8
48 90 5 7
48 92 10 1
48 94 9 2
48 95 5 8
48 96 6 6
48 97 4 3
48 99 7 7
48 100 7 9
49 52 7 1
49 53 1 9
49 55 1 10
49 56 1 10
49 59 9 8
49 60 8 7
49 61 1 2
49 62 7 9
49 63 9 4
49 64 6 4
49 65 9 1
49 66 7 7
49 67 1 9
49 69 5 2
49 70 1 3
49 71 2 1
49 74 3 5
49 76 2 3
49 78 6 6
49 79 3 5
49 80 10 5
49 81 8 2
49 82 5 8
49 83 2 5
49 84 8 6
49 86 5 10
49 87 4 7
49 89 5 3
49 90 7 1
49 91 6 7
49 92 8 8
49 94 4 1
49 95 3 10
49 96 3 9
49 97 8 7
49 98 9 6
49 99 1 8
50 51 8 2
50 52 8 10
50 53 6 4
50 54 5 6
50 55 5 7
50 56 4 8
50 57 1 9
50 58 5 2
50 59 8 8
50 60 6 9
50 61 3 7
50 62 3 2
50 63 6 3
50 64 5 5
50 66 6 8
50 68 7 10
50 69 10 2
50 70 9 2
50 71 6 4
50 72 10 9
50 73 6 2
50 74 10 5
50 75 4 8
50 77 10 1
50 79 3 1
50 81 1 8
50 82 3 8
50 83 4 9
50 84 2 4
50 86 3 9
50 87 10 1
50 88 3 3
50 89 4 7
50 90 3 2
50 91 5 10
50 92 4 2
50 93 10 3
50 94 7 6
50 96 7 9
50 97 4 2
50 98 7 1
50 99 3 10
51 53 4 4
51 55 6 7
51 56 6 3
51 57 5 7
51 58 7 1
51 61 3 10
51 62 5 3
51 63 3 6
51 65 7 8
51 66 5 6
51 67 6 7
51 68 4 4
51 70 5 1
51 71 8 10
51 72 2 7
51 73 2 5
51 74 6 3
51 75 4 4
51 77 1 1
51 78 8 7
51 79 5 8
51 80 9 6
51 81 5 10
51 82 1 9
51 83 9 3
51 86 7 9
51 87 7 5
51 88 7 2
51 89 7 2
51 90 5 2
51 91 9 10
51 92 9 7
51 94 4 5
51 95 4 8
51 96 7 7
51 97 5 10
51 98 5 5
51 99 9 10
51 100 2 7
52 53 8 5
52 54 4 9
52 55 9 1
52 56 8 6
52 57 8 5
52 58 5 2
52 59 1 10
52 60 7 6
52 61 5 1
52 63 5 4
52 65 1 6
52 67 8 2
52 68 5 5
52 69 1 1
52 70 1 2
52 71 1 4
52 72 10 4
52 73 6 7
52 74 8 4
52 75 9 10
52 76 5 1
52 78 6 7
52 79 5 6
52 81 5 9
52 82 6 8
52 83 6 5
52 84 7 6
52 85 8 5
52 86 1 1
52 87 8 6
52 88 7 4
52 89 9 10
52 91 8 6
52 92 7 5
52 93 4 10
52 94 9 5
52 95 5 10
52 96 10 2
52 97 2 3
52 99 7 1
52 100 5 2
53 54 3 7
53 55 3 1
53 56 6 8
53 57 8 3
53 58 1 1
53 59 8 8
53 60 7 7
53 61 8 8
53 62 8 3
53 65 2 3
53 66 2 5
53 67 2 1
53 68 3 1
53 70 8 6
53 71 5 10
53 72 1 6
53 75 4 8
53 76 7 2
53 78 6 10
53 79 6 9
53 80 1 4
53 81 1 10
53 82 7 7
53 83 4 2
53 84 4 8
53 85 2 7
53 86 5 8
53 87 8 10
53 88 9 10
53 89 9 2
53 90 10 1
53 91 1 10
53 93 2 5
53 94 1 1
53 95 5 10
53 98 8 2
53 99 6 10
53 100 3 7
54 56 8 2
54 58 1 6
54 59 3 1
54 60 4 2
54 62 4 9
54 63 6 10
54 64 9 2
54 65 4 10
54 69 5 2
54 70 8 9
54 71 4 10
54 73 2 7
54 74 9 8
54 75 6 2
54 76 3 3
54 77 2 5
54 78 8 5
54 79 6 3
54 80 7 2
54 83 6 10
54 84 9 3
54 85 8 3
54 87 2 3
54 88 9 3
54 89 4 9
54 90 7 6
54 91 9 1
54 92 9 3
54 93 2 6
54 95 5 5
54 96 5 1
54 97 4 8
54 98 5 5
54 99 1 1
54 100 6 5
55 56 2 1
55 58 4 7
55 59 9 1
55 60 9 6
55 61 4 2
55 62 7 4
55 63 4 2
55 66 5 1
55 67 6 9
55 68 7 3
55 69 10 1
55 70 10 8
55 71 8 9
55 73 2 9
55 74 9 5
55 76 10 10
55 77 6 6
55 78 5 4
55 81 1 5
55 82 3 1
55 83 9 8
55 84 3 1
55 85 5 5
55 86 10 5
55 87 7 7
55 88 10 4
55 90 10 9
55 91 1 4
55 93 3 5
55 94 9 3
55 95 10 7
55 96 10 4
55 97 1 1
55 98 1 2
55 99 9 2
55 100 9 8
56 57 4 4
56 58 1 9
56 59 7 5
56 60 7 4
56 61 10 8
56 62 3 10
56 63 7 1
56 64 7 6
56 65 4 5
56 66 7 7
56 68 1 4
56 70 1 9
56 71 8 3
56 73 1 10
56 74 6 3
56 75 10 5
56 76 10 6
56 77 2 7
56 78 10 4
56 79 6 5
56 80 9 4
56 82 8 7
56 83 10 8
56 84 5 7
56 86 2 10
56 87 5 1
56 88 5 10
56 89 10 10
56 90 5 4
56 91 4 8
56 92 10 1
56 93 8 8
56 95 10 8
56 96 7 9
56 97 2 1
56 98 4 7
56 99 3 1
57 58 8 10
57 59 7 1
57 60 9 2
57 61 4 5
57 62 7 3
57 65 6 1
57 66 4 2
57 70 3 8
57 72 7 1
57 73 4 6
57 74 6 6
57 75 4 10
57 76 3 2
57 77 1 5
57 78 9 3
57 79 8 7
57 80 4 3
57 81 5 4
57 82 5 10
57 83 1 2
57 84 6 10
57 85 7 3
57 86 2 8
57 87 2 2
57 88 2 9
57 91 9 5
57 93 3 9
57 94 1 7
57 96 5 7
57 98 3 9
57 99 10 3
58 59 10 10
58 60 7 9
58 61 1 3
58 62 4 3
58 63 6 5
58 64 5 9
58 65 7 1
58 66 4 6
58 68 8 9
58 70 3 10
58 71 10 8
58 72 3 9
58 73 4 4
58 74 8 10
58 75 1 2
58 76 4 1
58 77 1 4
58 78 8 5
58 79 10 4
58 80 8 6
58 81 4 5
58 82 4 1
58 83 10 5
58 84 9 6
58 87 9 3
58 88 1 3
58 89 5 6
58 91 6 10
58 93 1 5
58 94 9 5
58 95 9 5
58 96 8 5
58 97 10 4
58 99 6 1
58 100 10 2
59 60 3 6
59 62 5 8
59 63 6 2
59 64 10 10
59 66 6 8
59 67 5 1
59 69 6 5
59 70 5 7
59 71 9 2
59 72 9 10
59 75 2 5
59 76 1 7
59 78 10 5
59 79 10 8
59 80 1 7
59 81 1 10
59 82 4 5
59 84 4 8
59 86 1 8
59 87 10 8
59 88 8 5
59 89 8 9
59 90 10 9
59 91 10 8
59 92 5 9
59 94 8 1
59 95 6 3
59 96 10 3
59 97 3 9
59 98 6 2
59 99 5 1
59 100 6 1
60 62 10 4
60 63 2 7
60 65 9 4
60 67 9 9
60 68 5 6
60 69 7 7
60 71 7 3
60 72 8 1
60 73 1 9
60 74 1 9
60 75 5 6
60 76 9 7
60 77 5 9
60 79 6 2
60 80 1 7
60 81 3 9
60 82 1 8
60 83 9 3
60 84 8 10
60 85 9 2
60 86 7 2
60 87 5 7
60 88 1 4
60 89 4 3
60 90 9 1
60 91 1 9
60 93 8 4
60 94 7 3
60 96 9 8
60 97 7 3
60 98 6 3
60 99 4 10
60 100 9 8
61 62 3 2
61 63 6 5
61 64 2 6
61 65 5 10
61 66 1 1
61 68 2 3
61 69 2 8
61 70 6 5
61 71 3 1
61 72 6 8
61 73 3 5
61 74 1 2
61 75 4 7
61 76 9 2
61 77 9 9
61 78 3 7
61 79 8 3
61 83 10 5
61 84 3 5
61 85 6 1
61 86 10 10
61 87 5 7
61 88 9 8
61 89 3 3
61 92 8 9
61 93 10 10
61 95 8 4
61 96 9 1
61 97 6 3
61 98 1 3
61 100 9 2
62 63 5 4
62 64 4 10
62 65 10 6
62 66 9 6
62 67 9 7
62 68 3 5
62 69 6 5
62 70 7 5
62 73 8 3
62 74 8 1
62 75 10 6
62 76 8 1
62 77 3 6
62 78 9 10
62 79 1 7
62 80 4 2
62 82 10 10
62 83 8 1
62 84 4 1
62 88 5 1
62 89 8 4
62 90 2 8
62 92 9 3
62 93 2 8
62 94 7 3
62 95 3 3
62 96 4 8
62 97 1 5
62 98 4 3
62 99 1 2
62 100 9 10
63 65 2 7
63 66 8 4
63 67 8 1
63 68 4 10
63 69 1 10
63 70 2 10
63 71 8 6
63 72 8 1
63 73 8 9
63 75 7 10
63 76 3 8
63 78 4 8
63 79 5 2
63 80 8 6
63 81 8 4
63 82 4 9
63 83 6 9
63 85 9 10
63 88 3 6
63 90 2 10
63 92 5 2
63 93 5 2
63 94 4 3
63 97 1 9
63 99 9 2
63 100 5 6
64 65 1 9
64 66 1 1
64 67 4 2
64 68 4 10
64 69 8 1
64 70 6 3
64 71 8 4
64 72 5 9
64 73 7 1
64 74 2 8
64 75 8 9
64 76 6 7
64 77 4 4
64 78 8 6
64 79 4 7
64 81 10 3
64 82 10 1
64 83 7 10
64 84 7 5
64 85 1 4
64 86 3 10
64 87 5 5
64 88 10 1
64 89 2 8
64 90 4 1
64 91 10 4
64 92 9 8
64 93 5 10
64 94 4 2
64 95 8 2
64 96 9 6
64 98 1 4
64 99 6 8
64 100 2 3
65 66 7 6
65 68 7 2
65 69 7 2
65 70 3 5
65 71 8 3
65 72 4 2
65 73 6 10
65 74 1 10
65 76 7 3
65 77 1 8
65 78 5 10
65 79 9 6
65 80 9 2
65 81 8 8
65 82 8 6
65 83 10 8
65 84 1 6
65 85 1 6
65 86 6 9
65 87 3 1
65 88 2 4
65 89 10 4
65 90 2 7
65 91 10 9
65 92 1 6
65 93 9 1
65 94 3 2
65 95 4 8
65 96 5 10
65 97 10 3
65 98 9 4
65 99 5 9
65 100 6 6
66 68 2 3
66 69 6 3
66 70 9 1
66 71 4 5
66 72 8 9
66 74 5 5
66 75 5 5
66 77 3 4
66 78 7 9
66 79 3 7
66 80 2 6
66 81 2 3
66 82 4 2
66 83 9 5
66 85 2 10
66 86 7 3
66 88 8 1
66 89 3 7
66 90 2 5
66 91 8 8
66 92 1 8
66 93 9 8
66 94 2 3
66 95 1 4
66 96 4 9
66 97 5 2
66 98 1 7
66 100 4 9
67 68 8 6
67 69 2 5
67 70 7 9
67 71 10 6
67 72 6 1
67 73 2 9
67 75 2 5
67 78 10 2
67 79 3 9
67 80 7 5
67 81 5 6
67 82 6 7
67 83 4 8
67 84 6 2
67 86 2 6
67 87 7 5
67 88 5 7
67 91 9 4
67 92 9 10
67 93 6 2
67 94 3 4
67 95 8 9
67 97 1 4
67 98 3 5
67 99 3 7
67 100 3 4
68 69 4 10
68 70 4 4
68 71 8 8
68 72 9 10
68 73 5 7
68 74 10 9
68 75 3 7
68 76 6 9
68 78 9 6
68 79 5 8
68 80 4 2
68 81 4 5
68 82 9 10
68 83 9 6
68 84 6 6
68 85 7 1
68 86 8 2
68 87 1 8
68 88 3 1
68 89 1 5
68 90 1 7
68 91 8 6
68 92 1 10
68 93 2 4
68 95 6 10
68 96 5 5
68 99 8 5
68 100 7 5
69 70 2 4
69 71 2 3
69 73 2 6
69 74 10 5
69 76 3 1
69 77 4 3
69 79 10 1
69 80 10 7
69 81 7 2
69 82 5 2
69 83 1 4
69 84 8 2
69 85 3 3
69 86 7 8
69 87 7 2
69 88 6 2
69 89 3 2
69 91 10 1
69 92 3 4
69 93 8 2
69 94 7 2
69 95 10 10
69 96 1 9
69 97 9 5
69 98 7 3
69 99 9 4
69 100 5 1
70 71 8 4
70 72 3 2
70 73 2 5
70 74 9 3
70 75 4 10
70 76 3 3
70 77 2 1
70 78 3 8
70 80 2 4
70 81 9 5
70 82 8 5
70 84 6 5
70 85 3 9
70 87 5 10
70 88 8 3
70 89 4 1
70 90 10 10
70 91 5 3
70 92 8 10
70 93 6 3
70 95 4 5
70 96 3 5
70 97 5 4
70 98 6 7
70 100 3 7
71 72 10 10
71 73 6 9
71 74 3 6
71 76 8 8
71 77 8 7
71 78 10 9
71 79 5 1
71 80 4 2
71 81 6 10
71 82 5 9
71 83 10 2
71 84 6 8
71 86 1 9
71 87 6 8
71 88 5 2
71 89 1 10
71 90 6 1
71 91 4 8
71 92 10 5
71 93 6 9
71 94 3 10
71 95 7 5
71 96 4 2
71 98 7 3
71 99 8 7
71 100 6 9
72 73 3 9
72 74 9 3
72 75 9 3
72 78 7 2
72 79 4 2
72 80 1 9
72 81 8 2
72 82 5 10
72 83 5 1
72 84 8 6
72 86 9 1
72 87 1 5
72 89 8 4
72 91 4 8
72 92 9 5
72 94 3 2
72 95 7 1
72 96 2 4
72 97 6 6
72 99 1 4
72 100 9 2
73 74 6 8
73 75 3 7
73 76 1 5
73 77 6 5
73 78 5 7
73 79 4 7
73 80 7 9
73 81 7 4
73 82 4 7
73 84 5 9
73 85 7 3
73 86 10 1
73 87 2 9
73 88 9 6
73 90 8 3
73 91 1 3
73 92 6 5
73 93 10 5
73 94 5 1
73 95 7 1
73 96 7 9
73 97 6 3
73 98 9 6
73 99 6 9
74 76 7 9
74 77 2 7
74 78 2 6
74 79 3 10
74 80 10 4
74 81 3 3
74 82 5 2
74 84 9 4
74 86 1 4
74 87 5 5
74 88 8 3
74 90 8 3
74 92 10 4
74 93 6 2
74 94 7 3
74 95 9 2
74 96 3 1
74 97 1 10
74 99 6 5
74 100 5 8
75 76 2 5
75 77 3 8
75 78 9 4
75 80 2 4
75 81 7 7
75 82 6 4
75 83 8 7
75 84 3 6
75 85 7 4
75 86 7 3
75 88 2 3
75 89 5 9
75 90 6 1
75 91 1 3
75 94 10 10
75 95 2 5
75 96 9 2
75 97 5 10
75 98 6 3
75 99 3 10
75 100 1 10
76 78 3 8
76 79 5 8
76 80 7 7
76 81 1 10
76 84 7 9
76 85 6 1
76 86 9 5
76 87 7 7
76 88 8 8
76 89 5 6
76 90 7 4
76 91 7 8
76 92 6 7
76 93 3 2
76 94 3 10
76 96 6 8
76 97 4 8
76 98 3 2
76 99 2 5
76 100 5 9
77 79 1 8
77 80 6 10
77 81 5 4
77 82 4 9
77 84 4 6
77 85 9 4
77 86 7 7
77 87 4 6
77 88 9 1
77 89 4 2
77 90 2 2
77 93 5 6
77 96 7 3
77 97 1 9
77 98 2 9
77 99 4 8
77 100 10 6
78 79 7 7
78 80 2 7
78 81 1 3
78 82 5 3
78 83 5 4
78 84 9 10
78 86 1 5
78 87 6 10
78 88 2 5
78 89 8 3
78 90 2 7
78 91 5 2
78 92 10 8
78 93 9 10
78 94 8 3
78 95 6 9
78 97 1 2
78 98 2 9
78 99 1 8
79 80 7 6
79 81 7 3
79 82 10 7
79 83 4 6
79 84 1 7
79 85 8 3
79 87 3 3
79 88 9 3
79 91 2 1
79 92 3 2
79 94 4 4
79 95 2 5
79 96 2 4
79 97 1 10
79 98 7 1
79 100 2 10
80 81 3 8
80 83 3 9
80 84 5 7
80 85 2 10
80 86 7 1
80 88 3 8
80 89 5 4
80 90 3 5
80 92 6 1
80 93 5 7
80 94 4 5
80 95 8 6
80 96 2 4
80 97 4 10
80 98 4 7
80 99 4 3
80 100 8 10
81 82 7 1
81 83 5 8
81 84 9 7
81 85 8 9
81 86 9 7
81 87 3 7
81 88 1 9
81 90 1 1
81 91 1 2
81 92 9 7
81 93 3 8
81 95 3 9
81 96 7 8
81 97 7 2
81 99 3 2
81 100 3 9
82 83 7 6
82 85 10 10
82 86 6 2
82 87 8 5
82 88 5 5
82 89 6 8
82 91 8 3
82 92 7 6
82 93 4 8
82 94 5 6
82 95 6 8
82 96 9 4
82 97 2 6
82 99 5 6
82 100 4 7
83 84 1 3
83 86 2 10
83 88 8 4
83 89 3 9
83 90 9 9
83 91 7 5
83 92 1 9
83 93 10 9
83 94 2 7
83 95 2 7
83 96 2 4
83 97 6 3
83 98 5 6
84 85 6 5
84 86 10 2
84 87 9 4
84 89 8 2
84 90 10 6
84 91 3 7
84 92 8 2
84 94 2 7
84 96 5 5
84 97 2 7
84 98 5 9
84 99 6 2
84 100 7 5
85 86 3 9
85 87 4 2
85 88 5 1
85 89 1 3
85 90 2 4
85 91 9 7
85 94 4 4
85 95 5 9
85 96 3 5
85 97 6 9
85 98 10 7
85 99 3 6
85 100 3 4
86 87 1 10
86 88 7 8
86 89 2 8
86 90 8 5
86 92 6 10
86 94 5 2
86 95 3 8
86 96 6 7
86 97 2 8
86 98 8 4
86 99 1 3
86 100 10 7
87 88 10 3
87 89 7 9
87 91 4 5
87 92 7 6
87 94 1 10
87 95 10 4
87 96 10 7
87 97 7 8
87 98 2 9
87 99 4 1
87 100 3 4
88 89 7 1
88 90 10 5
88 91 6 6
88 92 7 5
88 93 1 3
88 94 10 2
88 95 7 1
88 96 1 4
88 97 1 3
88 98 9 1
88 99 6 4
89 90 10 1
89 91 5 7
89 92 10 7
89 93 4 8
89 94 1 8
89 96 2 5
89 97 9 6
89 98 5 1
89 100 7 5
90 91 2 6
90 92 3 1
90 93 8 4
90 95 8 8
90 96 3 5
90 97 6 7
90 98 6 9
90 99 10 10
91 92 4 7
91 94 9 10
91 95 2 2
91 96 9 8
91 97 9 4
91 98 4 2
91 99 9 8
92 93 10 9
92 94 6 2
92 95 7 7
92 96 4 7
92 97 7 8
92 99 7 10
92 100 3 6
93 94 9 1
93 95 7 2
93 96 9 10
93 97 1 7
93 98 9 9
93 99 5 7
93 100 10 7
94 95 8 10
94 96 8 4
94 97 2 3
94 98 9 6
94 99 8 5
94 100 7 7
95 96 9 3
95 97 1 10
95 99 2 7
95 100 1 3
96 97 9 7
96 98 1 2
96 99 9 2
96 100 6 2
97 98 1 7
97 99 1 7
97 100 4 5
98 99 4 2
99 100 8 9
1
1 2 3 4 5 6 7 8 9 10 11 12 13 14 15 16 17 18 19 20 21 22 23 24 25 26 27 28 29 30 31 32 33 34 35 36 37 38 39 40 41 42 43 44 45 46 47 48 49 50
