3969
1 2 2 3
1 3 7 2
1 4 6 6
1 5 6 1
1 6 3 7
1 7 4 4
1 8 8 1
1 9 9 6
1 10 5 4
1 11 9 7
1 13 6 6
1 16 9 1
1 17 8 10
1 18 10 6
1 19 6 6
1 22 10 7
1 23 4 1
1 25 6 9
1 26 6 10
1 27 1 1
1 28 2 8
1 29 3 1
1 30 9 6
1 31 9 1
1 32 5 8
1 33 3 7
1 34 9 3
1 35 4 7
1 36 4 7
1 37 4 7
1 39 1 2
1 40 1 7
1 41 10 4
1 42 4 10
1 43 4 7
1 44 10 6
1 45 7 8
1 48 6 2
1 49 5 3
1 50 8 2
1 51 4 5
1 52 2 10
1 53 2 5
1 57 5 9
1 59 2 5
1 60 2 1
1 62 9 2
1 63 7 7
1 64 3 5
1 65 9 3
1 67 4 7
1 68 6 1
1 69 4 5
1 71 3 7
1 72 6 7
1 76 8 5
1 77 5 6
1 79 4 8
1 80 2 8
1 81 3 3
1 82 9 10
1 83 7 3
1 84 10 3
1 85 2 9
1 86 9 2
1 87 9 5
1 88 5 9
1 91 9 3
1 92 8 4
1 93 2 1
1 94 10 4
1 95 5 1
1 96 9 4
1 97 8 5
1 99 2 7
1 100 7 2
2 3 9 5
2 5 8 7
2 6 1 3
2 7 10 3
2 8 8 6
2 11 6 6
2 12 6 10
2 13 2 2
2 15 1 3
2 16 3 8
2 17 2 3
2 18 4 3
2 21 6 3
2 22 9 6
2 23 1 9
2 25 5 1
2 26 6 2
2 28 5 5
2 29 8 3
2 30 7 5
2 31 2 4
2 32 5 4
2 33 8 9
2 34 7 2
2 36 10 4
2 37 9 7
2 38 2 6
2 39 1 1
2 41 10 10
2 42 4 5
2 43 8 3
2 44 6 3
2 45 10 3
2 46 1 1
2 48 10 10
2 49 5 10
2 50 9 5
2 51 7 10
2 53 2 5
2 55 7 9
2 56 7 6
2 57 8 10
2 60 9 2
2 61 6 8
2 62 3 1
2 64 5 7
2 65 5 3
2 66 3 4
2 67 1 7
2 68 6 8
2 69 3 8
2 70 6 4
2 71 9 1
2 72 5 4
2 73 6 10
2 74 2 6
2 75 7 7
2 76 4 10
2 77 2 6
2 79 3 7
2 80 1 6
2 82 3 5
2 83 10 5
2 84 5 5
2 85 2 9
2 86 4 3
2 87 10 1
2 88 10 8
2 89 8 1
2 90 2 2
2 91 10 3
2 92 3 5
2 93 2 4
2 94 8 2
2 95 4 4
2 96 1 8
2 97 3 7
2 98 10 2
2 99 4 2
2 100 3 4
3 4 2 1
3 5 1 3
3 7 8 1
3 8 8 10
3 9 6 2
3 10 9 10
3 11 4 6
3 12 9 5
3 13 3 7
3 15 4 8
3 16 7 5
3 17 2 7
3 18 6 8
3 19 3 10
3 20 8 1
3 21 3 6
3 22 3 2
3 23 9 4
3 25 2 2
3 27 4 2
3 28 5 2
3 29 5 8
3 31 3 2
3 32 4 1
3 33 7 3
3 35 10 6
3 36 1 9
3 37 4 4
3 38 5 6
3 39 1 2
3 40 10 5
3 41 10 5
3 42 7 10
3 43 8 3
3 44 3 2
3 45 9 5
3 46 2 6
3 48 1 10
3 49 1 5
3 50 1 10
3 51 6 4
3 52 10 6
3 53 3 2
3 54 1 1
3 55 6 2
3 56 8 6
3 57 5 2
3 58 3 10
3 59 5 7
3 60 8 4
3 61 10 5
3 62 9 10
3 63 3 3
3 64 7 6
3 65 7 7
3 67 5 1
3 68 3 4
3 70 2 9
3 71 4 4
3 72 2 4
3 73 2 5
3 74 10 4
3 75 8 9
3 76 5 4
3 78 9 2
3 79 8 6
3 80 7 7
3 81 3 5
3 82 2 5
3 85 3 7
3 87 10 6
3 89 4 5
3 90 5 4
3 92 9 6
3 94 7 10
3 95 10 5
3 98 3 3
3 99 2 3
3 100 3 10
4 5 4 8
4 6 7 4
4 8 1 1
4 9 8 10
4 10 7 7
4 11 1 2
4 12 10 6
4 13 8 8
4 14 8 1
4 15 6 5
4 16 7 3
4 17 3 6
4 18 9 8
4 20 6 8
4 21 6 6
4 22 5 3
4 24 1 3
4 25 10 8
4 27 1 1
4 28 1 8
4 29 5 10
4 30 6 3
4 31 3 8
4 33 7 7
4 34 10 2
4 36 6 8
4 37 8 8
4 38 3 8
4 39 9 7
4 40 3 6
4 41 4 1
4 42 10 5
4 43 4 8
4 44 2 1
4 46 5 5
4 47 6 10
4 48 8 8
4 49 7 10
4 50 9 7
4 51 7 1
4 52 9 9
4 53 5 9
4 54 9 4
4 55 8 9
4 56 9 1
4 57 7 1
4 58 5 5
4 59 2 4
4 60 8 7
4 61 5 8
4 62 9 9
4 63 7 4
4 64 3 9
4 65 10 2
4 66 3 9
4 67 10 2
4 71 6 1
4 72 3 2
4 73 3 6
4 74 3 10
4 75 9 2
4 76 5 10
4 78 9 5
4 79 7 1
4 80 6 8
4 81 7 1
4 82 3 10
4 84 3 6
4 85 6 7
4 86 3 3
4 87 2 2
4 88 6 10
4 89 9 1
4 91 6 1
4 92 3 4
4 93 3 2
4 94 1 10
4 95 6 4
4 96 3 8
4 97 7 6
4 98 2 7
4 99 4 8
4 100 3 10
5 6 8 9
5 7 9 6
5 9 8 8
5 11 10 4
5 12 7 3
5 13 2 6
5 15 3 10
5 16 7 8
5 17 6 2
5 20 7 2
5 21 6 4
5 22 9 6
5 23 6 3
5 24 7 10
5 25 8 6
5 26 9 4
5 27 7 4
5 28 7 1
5 29 10 6
5 30 8 7
5 31 6 5
5 32 1 9
5 33 3 7
5 34 2 3
5 36 6 7
5 37 4 10
5 38 10 5
5 39 2 5
5 41 5 5
5 42 3 5
5 43 4 3
5 46 6 9
5 48 7 4
5 49 5 4
5 50 9 1
5 51 9 4
5 52 3 2
5 53 1 3
5 54 5 7
5 55 7 5
5 56 4 2
5 57 10 10
5 58 2 10
5 59 4 7
5 60 4 10
5 61 6 10
5 62 4 4
5 63 4 8
5 65 6 6
5 66 6 10
5 67 9 10
5 68 3 5
5 69 4 2
5 70 3 1
5 71 1 2
5 72 9 6
5 73 3 5
5 75 2 8
5 76 3 4
5 77 6 9
5 78 1 10
5 79 4 1
5 81 4 8
5 82 7 5
5 83 1 10
5 84 6 4
5 86 5 6
5 87 4 1
5 89 8 3
5 90 5 9
5 91 1 3
5 93 10 5
5 94 3 2
5 95 6 10
5 96 4 8
5 97 8 9
5 98 2 7
5 99 7 1
6 7 1 4
6 9 4 9
6 10 10 6
6 11 9 3
6 12 3 4
6 13 8 10
6 14 9 7
6 15 3 9
6 16 9 5
6 17 2 9
6 18 9 2
6 20 4 9
6 21 8 3
6 22 5 7
6 23 4 8
6 24 7 5
6 25 10 5
6 26 9 9
6 28 6 10
6 29 7 10
6 33 1 10
6 34 6 7
6 35 4 8
6 36 2 7
6 38 4 9
6 39 5 2
6 40 4 10
6 41 5 7
6 43 7 7
6 44 7 6
6 45 4 3
6 46 8 4
6 47 3 2
6 48 8 5
6 49 6 9
6 50 5 4
6 51 2 6
6 52 4 9
6 53 5 10
6 54 9 9
6 55 10 3
6 56 3 1
6 57 5 9
6 58 9 5
6 61 2 6
6 63 5 2
6 64 6 4
6 65 7 3
6 71 10 10
6 72 4 2
6 73 2 5
6 74 3 5
6 75 2 6
6 76 6 2
6 77 4 2
6 80 6 6
6 81 8 9
6 82 1 7
6 83 6 4
6 84 6 6
6 86 2 2
6 87 4 8
6 88 5 8
6 90 8 4
6 91 3 6
6 92 4 3
6 93 8 6
6 95 5 2
6 96 5 1
6 97 3 1
6 99 3 4
6 100 9 8
7 8 2 7
7 9 5 3
7 10 10 6
7 12 6 7
7 13 7 9
7 14 7 3
7 15 7 10
7 18 8 7
7 19 9 10
7 21 7 6
7 22 10 8
7 23 3 5
7 24 8 8
7 25 9 10
7 26 1 9
7 27 8 4
7 28 1 2
7 30 10 9
7 31 6 10
7 32 9 4
7 33 3 8
7 34 3 6
7 36 9 4
7 37 5 3
7 38 4 10
7 39 7 5
7 40 2 1
7 41 7 10
7 42 8 2
7 43 9 5
7 44 8 3
7 45 7 5
7 46 3 6
7 47 4 2
7 48 6 2
7 49 8 1
7 50 2 4
7 51 1 4
7 53 4 10
7 54 9 8
7 56 6 4
7 57 5 4
7 58 8 10
7 59 4 1
7 61 7 10
7 62 4 4
7 63 3 10
7 64 1 7
7 65 2 5
7 66 9 8
7 67 5 10
7 68 1 10
7 71 10 9
7 72 3 4
7 73 4 10
7 74 9 6
7 75 5 10
7 78 10 5
7 79 3 9
7 80 7 4
7 82 6 8
7 83 5 5
7 85 4 3
7 87 6 1
7 88 3 3
7 89 4 5
7 90 9 10
7 91 4 10
7 92 4 7
7 93 2 2
7 94 3 10
7 95 10 2
7 97 1 3
7 98 8 8
7 100 4 7
8 9 3 9
8 10 7 9
8 11 9 8
8 12 9 7
8 13 4 2
8 14 5 1
8 15 10 6
8 17 4 9
8 18 9 10
8 19 3 10
8 21 8 10
8 22 10 5
8 23 5 10
8 24 7 8
8 25 2 3
8 26 6 1
8 27 4 6
8 28 3 2
8 29 3 4
8 32 10 5
8 33 1 6
8 34 9 3
8 35 9 6
8 36 5 3
8 37 6 6
8 38 2 7
8 40 3 2
8 41 7 9
8 42 10 10
8 43 10 8
8 46 6 1
8 47 9 10
8 48 10 5
8 51 10 8
8 52 6 7
8 53 7 1
8 54 10 2
8 55 7 8
8 57 2 6
8 59 8 9
8 60 10 5
8 61 8 6
8 62 3 9
8 63 6 10
8 64 2 7
8 68 1 7
8 69 5 1
8 70 1 1
8 71 4 4
8 72 2 7
8 73 6 10
8 74 6 9
8 75 8 2
8 76 8 4
8 77 10 9
8 78 3 3
8 79 7 7
8 81 4 1
8 82 9 8
8 83 9 8
8 84 4 4
8 85 10 4
8 87 3 4
8 88 4 6
8 89 5 9
8 92 6 1
8 93 1 2
8 94 8 1
8 95 2 3
8 97 5 7
8 98 1 5
8 99 6 6
8 100 5 9
9 10 9 1
9 11 6 3
9 12 4 2
9 13 9 3
9 14 2 4
9 15 1 10
9 17 2 5
9 18 6 1
9 19 1 5
9 20 10 4
9 21 7 5
9 22 1 2
9 23 7 10
9 25 7 10
9 28 2 1
9 29 6 10
9 31 4 6
9 32 1 10
9 33 10 8
9 35 7 1
9 36 4 1
9 37 6 3
9 38 5 8
9 39 1 5
9 40 3 5
9 41 10 10
9 42 1 6
9 43 1 2
9 44 7 9
9 46 2 10
9 47 9 1
9 50 7 2
9 51 7 10
9 53 2 2
9 54 1 6
9 55 10 6
9 57 8 8
9 58 9 1
9 59 10 2
9 60 3 3
9 61 9 9
9 62 1 7
9 63 7 5
9 65 8 6
9 66 7 7
9 69 7 9
9 70 2 2
9 71 9 2
9 72 5 9
9 73 8 10
9 74 8 6
9 76 6 5
9 77 8 8
9 78 2 2
9 80 8 1
9 83 4 1
9 84 9 2
9 85 7 5
9 86 6 9
9 87 2 1
9 88 7 3
9 89 7 7
9 90 8 7
9 91 4 7
9 92 4 3
9 93 2 5
9 95 2 4
9 96 3 2
9 97 8 8
9 98 4 3
9 100 10 1
10 11 2 5
10 12 2 4
10 13 5 8
10 14 3 10
10 15 7 1
10 17 5 10
10 18 1 3
10 19 3 10
10 20 3 4
10 21 5 2
10 22 8 10
10 23 5 2
10 25 4 10
10 27 2 9
10 30 5 7
10 31 2 4
10 33 8 2
10 34 10 7
10 35 8 4
10 36 5 10
10 37 4 1
10 38 5 1
10 39 10 3
10 41 6 5
10 42 8 3
10 43 10 6
10 44 1 7
10 46 7 7
10 47 6 5
10 49 9 2
10 50 4 6
10 52 5 4
10 53 7 3
10 54 2 1
10 56 3 10
10 57 5 7
10 58 7 3
10 61 2 6
10 62 7 4
10 64 7 4
10 65 5 2
10 66 9 4
10 67 7 1
10 68 2 8
10 69 8 5
10 71 2 7
10 72 5 10
10 74 1 7
10 76 9 3
10 77 3 10
10 78 3 10
10 79 9 2
10 80 5 3
10 81 10 8
10 82 5 8
10 85 8 5
10 86 7 8
10 87 8 8
10 88 3 6
10 89 6 4
10 90 8 8
10 91 5 6
10 93 8 5
10 94 8 5
10 95 4 4
10 96 6 3
10 98 10 2
10 100 10 5
11 12 3 7
11 13 3 8
11 14 2 2
11 15 7 8
11 16 4 10
11 17 9 8
11 18 8 9
11 19 7 10
11 20 9 1
11 21 7 6
11 24 3 5
11 25 10 1
11 26 7 10
11 28 3 10
11 29 6 7
11 30 5 2
11 31 8 3
11 32 3 4
11 33 1 1
11 34 6 5
11 36 1 1
11 37 2 6
11 38 2 9
11 39 4 9
11 40 10 10
11 41 6 6
11 42 4 8
11 43 7 1
11 44 6 10
11 45 5 6
11 46 5 9
11 47 3 1
11 48 5 8
11 50 2 2
11 51 9 6
11 52 2 9
11 53 4 3
11 54 5 5
11 56 2 5
11 57 9 1
11 58 4 1
11 59 10 1
11 60 2 3
11 61 10 2
11 62 8 6
11 63 10 9
11 64 1 3
11 65 1 4
11 66 1 3
11 67 9 9
11 68 7 9
11 69 4 1
11 70 4 10
11 72 8 5
11 73 2 4
11 74 1 10
11 75 2 2
11 76 4 2
11 77 6 3
11 79 5 10
11 80 4 1
11 81 4 7
11 82 6 5
11 83 5 1
11 84 10 6
11 85 6 9
11 86 6 3
11 87 4 6
11 88 9 4
11 89 9 10
11 90 2 4
11 91 1 1
11 92 4 9
11 93 5 1
11 94 2 5
11 95 6 3
11 96 4 1
11 98 8 9
11 99 5 7
11 100 1 10
12 13 1 10
12 14 6 3
12 15 4 7
12 16 1 5
12 17 10 1
12 18 3 4
12 19 9 7
12 20 9 8
12 21 9 6
12 22 7 5
12 23 9 5
12 24 8 5
12 26 8 5
12 27 4 3
12 28 10 3
12 29 3 10
12 30 4 1
12 31 4 7
12 32 8 3
12 33 5 5
12 34 5 10
12 35 6 7
12 36 1 2
12 37 6 6
12 39 1 9
12 41 3 6
12 42 3 10
12 43 7 10
12 45 7 4
12 46 6 9
12 47 10 9
12 48 3 2
12 50 8 3
12 51 1 3
12 52 5 3
12 54 8 1
12 55 8 4
12 56 10 9
12 57 10 6
12 60 9 1
12 62 1 3
12 63 6 7
12 64 6 6
12 68 3 3
12 69 9 8
12 70 3 8
12 71 3 5
12 72 9 4
12 73 5 3
12 74 4 3
12 75 2 6
12 76 10 2
12 77 6 9
12 78 10 7
12 80 2 8
12 81 5 2
12 82 4 2
12 83 2 7
12 84 1 1
12 86 8 4
12 87 7 10
12 88 2 2
12 89 7 7
12 90 1 1
12 91 4 5
12 93 1 6
12 94 3 5
12 97 4 1
12 98 8 9
12 99 6 3
12 100 2 4
13 14 1 6
13 15 6 8
13 16 2 8
13 17 4 7
13 18 6 5
13 19 9 4
13 20 10 1
13 21 9 8
13 22 4 6
13 23 4 10
13 25 6 2
13 26 2 7
13 27 9 6
13 28 7 1
13 31 4 7
13 33 6 10
13 34 3 1
13 35 3 5
13 37 3 6
13 38 5 7
13 39 6 7
13 40 3 9
13 41 7 3
13 42 5 1
13 43 8 1
13 44 8 5
13 45 3 9
13 46 4 2
13 47 4 7
13 48 5 5
13 49 6 6
13 50 9 6
13 51 2 1
13 52 5 4
13 53 3 7
13 54 2 4
13 55 6 9
13 56 7 2
13 57 3 9
13 58 7 9
13 59 1 1
13 60 7 6
13 61 5 2
13 63 6 9
13 64 6 5
13 65 1 1
13 66 6 5
13 67 9 4
13 68 7 5
13 69 6 4
13 71 6 1
13 72 3 7
13 73 4 9
13 76 8 6
13 77 6 6
13 78 5 7
13 79 7 7
13 80 4 8
13 81 4 10
13 82 8 9
13 83 1 3
13 85 3 4
13 86 2 1
13 87 10 1
13 88 1 2
13 89 2 3
13 90 3 5
13 92 10 9
13 93 2 9
13 94 9 1
13 95 8 8
13 97 4 2
13 98 6 8
13 99 7 9
13 100 1 8
14 15 2 10
14 16 1 10
14 17 8 4
14 18 5 4
14 19 8 5
14 20 2 3
14 22 4 2
14 23 3 2
14 24 6 5
14 25 4 10
14 26 8 2
14 27 7 10
14 28 1 5
14 29 2 10
14 31 9 4
14 33 1 2
14 36 1 4
14 37 5 6
14 38 8 9
14 39 4 7
14 40 9 5
14 41 8 2
14 42 4 10
14 43 7 8
14 44 1 1
14 45 5 4
14 47 3 6
14 49 3 9
14 51 4 9
14 52 1 6
14 53 1 10
14 54 2 7
14 55 10 4
14 56 9 1
14 57 1 6
14 58 4 9
14 59 2 1
14 60 1 4
14 61 3 7
14 62 2 7
14 63 2 1
14 64 2 4
14 66 5 1
14 67 6 10
14 68 7 5
14 69 8 5
14 70 8 9
14 71 6 10
14 72 8 2
14 73 1 1
14 74 7 9
14 75 10 5
14 76 5 6
14 77 4 6
14 78 9 4
14 79 8 6
14 80 5 8
14 81 10 10
14 82 9 3
14 83 8 1
14 85 3 10
14 87 3 7
14 88 6 6
14 92 1 10
14 95 1 9
14 96 2 10
14 97 3 5
14 98 5 2
14 100 6 10
15 17 1 9
15 18 5 8
15 19 7 8
15 20 7 7
15 21 6 4
15 22 7 1
15 23 3 4
15 24 7 4
15 25 1 1
15 26 6 8
15 27 8 9
15 28 4 9
15 30 9 9
15 32 8 7
15 33 9 7
15 34 9 1
15 35 6 6
15 36 5 10
15 37 5 7
15 39 3 8
15 40 6 3
15 41 7 10
15 42 5 8
15 43 1 9
15 44 8 10
15 45 5 4
15 47 6 5
15 48 10 2
15 49 10 9
15 50 1 8
15 51 2 10
15 53 4 8
15 55 8 2
15 56 5 1
15 58 4 4
15 61 1 6
15 63 2 10
15 64 1 9
15 65 9 3
15 68 8 5
15 69 10 4
15 70 4 4
15 71 8 2
15 73 9 3
15 74 6 2
15 75 5 8
15 76 7 8
15 77 1 8
15 78 1 1
15 79 3 7
15 80 2 8
15 81 5 7
15 82 4 7
15 83 4 2
15 84 10 2
15 85 9 10
15 86 9 6
15 87 8 4
15 88 2 7
15 89 7 9
15 91 2 4
15 92 10 9
15 93 5 1
15 95 6 8
15 96 8 7
15 97 5 7
15 98 2 9
15 99 7 8
15 100 5 2
16 17 8 8
16 19 9 10
16 20 5 8
16 21 4 8
16 22 9 7
16 25 4 10
16 27 7 2
16 29 3 8
16 30 2 4
16 31 2 6
16 33 10 4
16 34 3 10
16 35 2 3
16 36 7 9
16 37 5 6
16 38 4 1
16 39 4 10
16 40 3 4
16 41 8 2
16 42 7 6
16 43 3 6
16 44 3 7
16 45 6 1
16 47 6 4
16 48 5 7
16 49 7 10
16 50 4 3
16 51 9 2
16 52 7 3
16 53 3 2
16 54 8 3
16 55 7 7
16 56 9 6
16 57 10 7
16 59 10 3
16 60 3 7
16 61 9 7
16 63 6 10
16 64 1 4
16 65 2 3
16 67 1 4
16 68 3 9
16 69 8 8
16 70 2 10
16 71 4 4
16 72 10 2
16 73 7 4
16 74 5 2
16 75 7 3
16 76 6 2
16 77 9 7
16 78 5 5
16 79 1 6
16 80 5 10
16 81 1 6
16 82 9 1
16 84 6 2
16 85 1 5
16 86 3 7
16 87 5 6
16 88 1 3
16 89 9 1
16 90 8 9
16 91 5 9
16 92 3 3
16 94 3 5
16 95 8 9
16 96 6 9
16 97 1 8
16 99 4 9
16 100 2 2
17 18 2 3
17 19 8 7
17 20 1 6
17 22 8 7
17 24 4 5
17 25 6 6
17 26 9 10
17 27 3 3
17 28 9 10
17 31 5 9
17 32 9 2
17 33 2 5
17 34 1 10
17 35 6 10
17 36 7 7
17 37 10 1
17 38 1 7
17 40 2 4
17 41 6 9
17 42 2 8
17 43 6 10
17 44 9 9
17 45 9 6
17 46 7 6
17 49 7 1
17 50 8 7
17 51 1 3
17 53 1 5
17 54 3 1
17 55 10 8
17 57 9 10
17 58 7 6
17 59 7 7
17 60 3 10
17 61 1 3
17 64 2 2
17 65 1 6
17 66 10 9
17 67 5 7
17 68 8 9
17 70 10 1
17 71 6 1
17 72 2 8
17 73 9 5
17 74 9 4
17 76 7 7
17 77 4 6
17 78 3 4
17 79 8 7
17 80 3 8
17 81 1 3
17 82 3 10
17 83 9 5
17 84 4 7
17 85 7 3
17 87 2 4
17 88 1 4
17 89 6 7
17 90 9 3
17 91 2 4
17 92 7 7
17 93 8 2
17 94 6 4
17 97 7 1
17 98 9 7
17 99 5 1
17 100 2 3
18 20 6 3
18 21 6 3
18 22 4 2
18 25 9 4
18 28 2 2
18 29 9 1
18 30 4 3
18 31 9 10
18 32 7 1
18 34 9 2
18 36 3 5
18 38 1 1
18 39 1 7
18 40 1 1
18 41 6 10
18 42 9 8
18 43 1 6
18 44 5 5
18 46 7 2
18 47 3 1
18 48 1 6
18 49 10 6
18 50 5 10
18 52 3 4
18 53 10 5
18 55 1 9
18 56 2 8
18 57 5 2
18 58 3 10
18 59 9 10
18 60 4 3
18 61 2 1
18 62 9 3
18 64 1 5
18 65 3 3
18 66 4 7
18 67 8 2
18 68 4 3
18 69 10 8
18 70 7 5
18 72 2 9
18 73 2 8
18 75 8 4
18 76 3 1
18 77 5 8
18 78 2 10
18 79 4 7
18 82 4 10
18 84 8 5
18 85 10 7
18 86 7 6
18 87 4 8
18 88 7 6
18 90 4 7
18 91 5 2
18 92 1 5
18 93 10 2
18 94 4 7
18 95 3 2
18 96 5 4
18 97 5 2
18 98 5 2
18 99 3 4
18 100 6 2
19 20 2 5
19 21 1 6
19 22 10 6
19 23 9 1
19 24 1 9
19 25 9 5
19 26 1 10
19 27 6 2
19 28 5 5
19 30 2 4
19 33 10 2
19 34 10 8
19 37 10 5
19 38 3 4
19 39 4 5
19 40 9 10
19 41 5 4
19 42 4 8
19 43 9 9
19 44 1 7
19 45 2 6
19 46 10 2
19 48 9 10
19 49 7 1
19 50 9 6
19 51 7 9
19 53 5 1
19 54 9 10
19 55 5 9
19 56 2 7
19 57 2 8
19 58 9 10
19 59 7 2
19 61 7 8
19 62 8 1
19 63 5 4
19 64 8 9
19 65 4 2
19 66 8 2
19 67 5 2
19 68 2 9
19 69 10 10
19 70 4 1
19 71 4 7
19 72 3 2
19 73 9 5
19 74 9 7
19 76 4 6
19 77 3 4
19 78 8 10
19 79 2 2
19 80 7 5
19 83 10 10
19 84 7 5
19 85 4 6
19 88 1 9
19 89 4 7
19 91 8 4
19 92 9 2
19 93 10 2
19 94 2 9
19 97 10 4
19 98 7 8
19 99 6 2
19 100 8 10
20 21 2 8
20 22 2 10
20 24 1 9
20 25 6 2
20 26 6 6
20 27 1 9
20 29 5 3
20 30 6 10
20 31 5 7
20 32 2 5
20 33 4 2
20 34 1 2
20 35 4 2
20 37 10 4
20 39 8 10
20 40 7 8
20 41 9 4
20 42 3 5
20 44 10 9
20 46 3 8
20 47 5 6
20 49 5 8
20 50 5 1
20 52 5 3
20 53 8 4
20 54 7 7
20 55 4 10
20 56 2 10
20 57 10 7
20 58 3 7
20 60 10 2
20 62 3 3
20 63 7 3
20 64 3 9
20 65 6 6
20 67 4 2
20 68 4 10
20 70 3 4
20 71 3 1
20 74 9 1
20 75 1 5
20 76 2 7
20 79 5 10
20 80 9 9
20 82 9 4
20 83 10 3
20 84 4 2
20 85 1 4
20 86 8 8
20 87 1 2
20 90 9 9
20 91 9 6
20 92 6 5
20 93 9 6
20 94 1 7
20 95 3 3
20 96 6 1
20 97 9 2
20 98 8 3
20 99 5 1
21 22 2 3
21 23 8 3
21 24 3 9
21 25 6 2
21 26 2 5
21 28 3 5
21 29 4 5
21 30 1 5
21 31 2 4
21 33 4 8
21 35 8 5
21 36 8 10
21 38 9 2
21 39 5 10
21 40 8 4
21 41 7 2
21 42 2 2
21 43 5 9
21 44 2 1
21 45 7 7
21 47 4 3
21 48 3 6
21 49 5 1
21 50 8 3
21 51 3 4
21 52 4 4
21 54 5 3
21 55 4 7
21 56 10 1
21 57 7 4
21 58 1 4
21 59 3 1
21 60 9 1
21 61 2 4
21 62 6 5
21 63 7 10
21 64 5 3
21 66 8 8
21 67 7 4
21 68 1 5
21 69 6 9
21 70 6 1
21 71 6 4
21 72 5 9
21 73 8 4
21 74 8 10
21 75 1 1
21 76 4 3
21 77 2 7
21 78 8 9
21 79 10 2
21 80 1 8
21 81 3 6
21 82 5 10
21 83 6 10
21 84 5 3
21 85 9 6
21 87 5 4
21 89 8 9
21 90 1 9
21 91 3 10
21 92 1 9
21 94 7 6
21 95 4 6
21 96 8 1
21 97 9 9
21 98 7 1
21 99 10 2
22 23 8 4
22 24 3 7
22 25 7 7
22 26 7 10
22 27 1 2
22 28 7 4
22 30 7 8
22 31 9 6
22 32 2 6
22 33 3 3
22 35 5 4
22 36 3 5
22 37 1 7
22 38 5 10
22 39 4 1
22 41 6 6
22 42 6 9
22 43 2 10
22 44 2 8
22 45 7 5
22 46 8 2
22 47 7 2
22 48 1 9
22 49 6 9
22 50 2 2
22 51 8 4
22 52 1 3
22 53 4 10
22 54 3 6
22 55 6 6
22 56 10 3
22 57 10 5
22 58 10 10
22 59 9 2
22 60 9 7
22 62 8 2
22 63 3 8
22 65 8 4
22 66 4 7
22 68 4 8
22 69 8 2
22 70 9 5
22 71 8 1
22 72 8 9
22 73 6 10
22 74 3 4
22 76 1 7
22 79 7 5
22 80 5 6
22 81 10 1
22 82 9 2
22 83 8 6
22 84 2 4
22 85 1 10
22 86 5 1
22 87 9 5
22 89 3 9
22 90 7 2
22 91 10 7
22 92 9 5
22 93 3 3
22 94 3 7
22 96 1 2
22 97 9 10
22 98 10 4
22 99 6 5
22 100 6 5
23 24 1 2
23 25 1 5
23 26 5 10
23 27 8 8
23 28 3 5
23 29 1 3
23 30 7 8
23 32 7 10
23 33 3 3
23 34 4 10
23 35 4 6
23 36 3 9
23 38 9 5
23 39 10 2
23 40 5 9
23 41 8 6
23 42 2 1
23 43 8 1
23 44 3 8
23 45 7 5
23 46 3 5
23 47 7 5
23 48 7 10
23 49 6 1
23 52 6 8
23 53 10 6
23 54 4 3
23 55 6 1
23 56 3 1
23 58 2 5
23 59 1 9
23 60 10 5
23 61 4 7
23 62 4 5
23 63 7 4
23 64 7 10
23 65 10 4
23 66 6 2
23 67 2 4
23 68 1 8
23 69 5 6
23 71 6 8
23 72 8 5
23 73 10 3
23 75 2 4
23 76 3 8
23 78 5 7
23 79 2 7
23 80 2 6
23 81 3 3
23 82 2 4
23 83 3 4
23 84 9 1
23 85 4 10
23 87 4 9
23 88 8 8
23 89 5 3
23 90 9 5
23 92 6 1
23 93 10 10
23 95 9 4
23 97 7 5
23 98 4 4
23 99 1 2
24 25 10 6
24 26 1 6
24 27 9 8
24 28 4 1
24 29 2 8
24 31 7 3
24 32 8 2
24 33 4 4
24 36 6 3
24 37 2 7
24 38 6 1
24 39 5 2
24 41 1 7
24 44 2 8
24 45 8 4
24 46 5 7
24 47 7 3
24 48 3 9
24 49 1 7
24 50 9 8
24 51 10 7
24 54 2 9
24 55 4 4
24 56 9 2
24 57 7 8
24 59 10 9
24 60 1 8
24 61 10 4
24 62 1 8
24 64 6 8
24 66 2 1
24 67 9 7
24 68 8 9
24 69 4 10
24 72 9 4
24 73 10 9
24 74 7 7
24 75 3 4
24 76 7 10
24 77 2 9
24 78 6 1
24 79 9 3
24 80 10 10
24 81 5 5
24 82 7 9
24 83 1 2
24 84 3 1
24 85 2 7
24 86 9 2
24 87 5 8
24 88 1 5
24 89 8 9
24 90 10 6
24 91 3 8
24 93 4 4
24 94 3 4
24 95 10 6
24 96 2 7
24 98 10 6
24 100 9 6
25 26 2 3
25 27 7 4
25 28 9 9
25 29 6 4
25 30 1 2
25 31 3 3
25 32 1 4
25 34 2 5
25 35 7 3
25 36 2 5
25 37 10 7
25 38 4 7
25 39 7 8
25 40 1 4
25 41 10 10
25 42 3 9
25 47 10 10
25 48 6 10
25 49 7 7
25 50 4 10
25 52 7 4
25 53 9 3
25 54 5 1
25 55 2 5
25 56 10 9
25 57 9 2
25 58 9 1
25 59 10 5
25 60 9 4
25 61 7 5
25 63 8 1
25 64 5 3
25 65 9 8
25 66 5 7
25 67 8 4
25 68 8 9
25 69 2 1
25 71 2 1
25 72 3 4
25 73 1 3
25 75 9 9
25 77 9 4
25 78 3 10
25 80 9 10
25 81 3 7
25 82 10 5
25 83 7 8
25 84 6 2
25 85 10 4
25 86 7 2
25 87 7 3
25 88 1 8
25 89 1 1
25 90 6 4
25 91 5 6
25 92 2 7
25 94 6 1
25 95 7 10
25 96 5 4
25 97 8 3
25 98 9 6
25 99 2 1
25 100 2 4
26 27 2 1
26 28 9 6
26 30 6 9
26 31 4 10
26 33 4 1
26 34 2 2
26 35 6 6
26 36 10 5
26 37 1 6
26 38 9 8
26 39 6 7
26 40 4 5
26 41 2 1
26 42 9 6
26 43 2 10
26 44 5 10
26 45 7 9
26 46 3 1
26 47 3 2
26 48 7 7
26 49 1 10
26 50 2 6
26 51 9 3
26 52 5 9
26 53 6 8
26 54 5 4
26 56 5 10
26 57 9 1
26 58 8 10
26 59 2 10
26 60 9 4
26 61 9 5
26 62 9 5
26 64 1 7
26 65 2 3
26 66 4 9
26 67 3 6
26 68 8 9
26 69 3 10
26 70 8 8
26 72 3 3
26 73 4 10
26 74 5 10
26 75 5 6
26 76 3 9
26 77 7 2
26 78 5 1
26 79 4 4
26 80 8 5
26 81 10 7
26 84 4 10
26 85 9 9
26 86 7 5
26 87 2 2
26 88 9 2
26 89 7 10
26 90 1 1
26 91 7 5
26 92 4 4
26 93 5 4
26 94 1 5
26 95 2 10
26 96 5 10
26 98 2 7
26 99 5 6
26 100 10 8
27 28 3 2
27 29 7 1
27 31 6 6
27 32 4 10
27 33 6 7
27 34 1 5
27 35 5 8
27 36 1 9
27 37 7 6
27 38 3 3
27 39 6 9
27 40 3 8
27 41 4 8
27 42 5 10
27 43 3 4
27 44 5 4
27 45 8 4
27 46 7 10
27 47 10 3
27 48 5 10
27 49 4 8
27 50 9 7
27 51 1 10
27 52 6 2
27 53 1 1
27 54 3 7
27 55 4 3
27 56 1 5
27 58 10 5
27 59 9 5
27 60 6 5
27 62 8 3
27 65 2 2
27 66 1 1
27 68 4 8
27 70 2 6
27 71 10 3
27 73 2 8
27 74 1 3
27 75 4 4
27 76 8 6
27 77 10 1
27 78 6 10
27 79 8 10
27 80 4 7
27 81 6 7
27 83 2 3
27 84 3 10
27 85 6 2
27 86 8 6
27 89 7 4
27 90 6 5
27 91 4 4
27 93 6 4
27 94 6 5
27 95 10 5
27 97 1 8
27 98 4 8
27 99 6 10
27 100 10 3
28 30 4 4
28 32 10 9
28 33 9 6
28 34 2 2
28 36 6 7
28 37 10 1
28 38 1 4
28 39 6 7
28 40 6 1
28 41 1 7
28 42 3 8
28 43 2 4
28 45 2 2
28 46 6 8
28 47 8 3
28 48 6 2
28 49 4 1
28 50 9 6
28 51 4 3
28 52 1 6
28 53 8 3
28 54 2 3
28 55 10 4
28 56 6 1
28 57 7 3
28 58 10 4
28 59 6 7
28 60 7 4
28 61 3 1
28 62 9 8
28 63 1 10
28 64 3 2
28 66 8 9
28 67 6 1
28 68 4 4
28 71 8 7
28 72 6 9
28 73 1 6
28 74 2 6
28 75 7 8
28 77 6 7
28 78 10 2
28 79 10 3
28 80 6 7
28 81 3 6
28 82 7 6
28 83 3 7
28 84 1 8
28 85 2 6
28 87 7 4
28 88 9 10
28 89 9 4
28 92 6 3
28 93 2 8
28 94 8 10
28 95 3 8
28 96 4 7
28 97 7 2
28 99 9 1
28 100 10 9
29 30 5 8
29 31 2 6
29 32 9 9
29 34 7 6
29 36 4 3
29 37 6 1
29 38 7 2
29 39 4 3
29 40 4 5
29 42 6 4
29 43 10 3
29 46 1 3
29 48 5 5
29 49 8 3
29 51 9 5
29 53 4 6
29 54 4 6
29 55 9 10
29 56 7 9
29 57 9 10
29 58 2 7
29 59 5 6
29 60 9 8
29 61 5 6
29 62 7 7
29 64 6 3
29 65 2 8
29 66 3 7
29 68 3 9
29 69 3 9
29 71 5 5
29 72 6 8
29 73 5 8
29 74 1 10
29 75 10 1
29 76 3 1
29 77 4 2
29 79 3 5
29 80 3 9
29 81 4 8
29 82 4 3
29 83 4 7
29 84 6 7
29 85 2 9
29 86 10 1
29 87 8 6
29 88 6 3
29 90 3 10
29 92 9 8
29 93 10 10
29 96 9 6
29 97 9 4
29 99 2 8
29 100 4 10
30 32 6 3
30 33 6 4
30 34 1 10
30 35 7 10
30 36 1 3
30 37 6 10
30 38 6 10
30 39 6 7
30 41 9 1
30 42 6 2
30 44 3 9
30 45 9 6
30 46 6 10
30 47 6 5
30 49 8 7
30 50 10 3
30 51 7 9
30 52 7 7
30 53 10 8
30 54 3 2
30 55 8 9
30 56 7 3
30 57 1 5
30 58 7 6
30 59 5 9
30 60 1 4
30 61 8 6
30 62 2 1
30 66 9 6
30 67 2 1
30 68 3 7
30 69 10 2
30 71 7 4
30 72 4 3
30 73 10 10
30 74 7 4
30 76 4 3
30 77 2 7
30 80 2 7
30 82 10 8
30 83 3 5
30 84 8 5
30 85 5 7
30 86 3 7
30 87 9 9
30 88 4 4
30 89 9 5
30 90 7 3
30 91 2 1
30 93 7 9
30 94 4 4
30 95 10 10
30 96 9 9
30 97 1 2
30 99 8 6
31 33 5 4
31 34 5 2
31 35 9 4
31 36 9 7
31 37 4 6
31 38 7 4
31 39 3 8
31 40 6 6
31 41 2 5
31 42 6 4
31 43 5 1
31 44 9 5
31 45 6 7
31 46 7 5
31 47 4 6
31 49 8 8
31 50 1 4
31 51 4 1
31 52 4 3
31 53 6 8
31 54 2 5
31 55 8 8
31 56 2 1
31 57 9 2
31 58 4 5
31 59 4 6
31 60 4 10
31 61 9 9
31 64 8 8
31 66 9 9
31 67 4 8
31 68 6 4
31 69 2 5
31 70 7 2
31 71 8 9
31 72 2 9
31 73 5 1
31 74 5 1
31 75 3 1
31 76 4 7
31 77 10 4
31 78 6 8
31 79 3 10
31 81 3 6
31 82 7 2
31 84 9 3
31 85 4 9
31 86 9 8
31 87 4 4
31 88 7 1
31 90 7 2
31 92 3 3
31 93 3 6
31 94 7 5
31 95 8 5
31 96 7 10
31 97 4 7
31 98 6 10
31 100 9 1
32 34 7 1
32 35 3 3
32 36 9 8
32 39 3 7
32 40 3 1
32 42 8 7
32 43 8 7
32 44 2 8
32 45 1 10
32 46 7 5
32 47 8 2
32 48 10 6
32 49 9 3
32 50 3 2
32 51 5 4
32 52 1 9
32 54 6 4
32 55 8 3
32 56 3 9
32 57 9 6
32 58 1 10
32 59 1 8
32 60 3 6
32 61 3 1
32 62 7 9
32 64 7 8
32 65 5 6
32 66 2 4
32 67 1 6
32 68 4 8
32 69 4 7
32 70 2 6
32 71 4 2
32 72 4 6
32 73 4 2
32 74 9 2
32 76 9 4
32 77 7 8
32 79 1 4
32 80 9 8
32 81 7 3
32 82 5 7
32 84 1 3
32 85 2 6
32 86 2 1
32 88 4 4
32 89 1 4
32 92 3 2
32 93 9 7
32 94 10 10
32 95 5 5
32 97 2 1
32 98 5 3
32 99 10 1
32 100 4 1
33 34 9 10
33 36 10 6
33 37 1 2
33 38 8 1
33 39 1 5
33 41 10 5
33 42 5 5
33 43 7 2
33 44 8 2
33 45 10 4
33 46 2 7
33 48 6 3
33 49 3 2
33 50 8 1
33 52 4 10
33 53 3 10
33 54 9 8
33 55 6 8
33 56 3 5
33 57 2 7
33 58 1 9
33 59 2 4
33 60 4 7
33 62 9 3
33 63 6 6
33 64 3 3
33 65 10 1
33 66 6 5
33 67 10 8
33 70 10 4
33 71 9 9
33 72 1 1
33 73 2 9
33 74 10 9
33 77 9 7
33 78 9 7
33 79 2 10
33 80 4 10
33 82 9 1
33 83 6 2
33 84 5 6
33 85 2 9
33 88 3 4
33 89 3 6
33 90 4 1
33 91 7 7
33 92 1 9
33 93 2 7
33 95 5 10
33 97 2 1
33 99 9 1
33 100 1 8
34 35 8 3
34 38 3 2
34 39 8 9
34 40 5 2
34 41 3 7
34 44 4 1
34 45 4 1
34 46 1 2
34 48 8 2
34 50 1 3
34 51 8 4
34 52 3 1
34 54 10 9
34 55 4 10
34 56 4 5
34 57 5 2
34 58 8 6
34 62 4 4
34 65 6 9
34 66 3 7
34 67 3 6
34 68 7 1
34 70 7 7
34 71 1 8
34 72 10 9
34 73 6 7
34 74 6 8
34 75 10 8
34 76 1 1
34 77 6 4
34 79 5 9
34 82 7 7
34 83 4 3
34 85 10 9
34 86 2 6
34 87 5 10
34 88 10 1
34 89 1 8
34 90 9 6
34 91 6 4
34 92 10 6
34 93 1 5
34 94 7 10
34 95 5 4
34 96 5 1
34 97 7 5
34 98 3 9
34 99 6 8
34 100 9 6
35 36 4 9
35 37 5 8
35 38 1 4
35 39 10 4
35 40 10 1
35 41 9 6
35 42 7 10
35 43 6 2
35 44 10 10
35 45 5 5
35 46 3 2
35 47 1 4
35 48 6 7
35 49 7 10
35 50 9 4
35 51 8 1
35 52 4 7
35 53 2 1
35 54 7 10
35 55 3 8
35 56 9 5
35 57 3 10
35 58 1 10
35 59 6 5
35 60 3 10
35 61 6 9
35 62 3 4
35 63 1 7
35 64 9 4
35 65 4 1
35 68 10 8
35 71 2 1
35 72 7 3
35 73 7 6
35 74 8 8
35 75 10 10
35 76 10 2
35 77 3 8
35 78 3 5
35 79 1 3
35 81 4 2
35 83 10 7
35 84 2 7
35 85 7 3
35 86 8 1
35 87 4 5
35 88 7 10
35 89 5 7
35 90 5 3
35 92 9 8
35 93 10 6
35 94 7 7
35 95 10 7
35 96 5 4
35 98 4 1
36 37 3 3
36 38 6 6
36 39 5 3
36 41 2 2
36 42 4 6
36 44 9 4
36 45 8 7
36 46 5 10
36 47 9 4
36 48 4 2
36 49 8 7
36 50 3 9
36 51 10 2
36 52 3 7
36 54 6 4
36 55 6 2
36 57 6 8
36 58 7 1
36 61 7 7
36 62 7 10
36 63 10 1
36 65 1 1
36 66 5 2
36 67 6 6
36 68 7 9
36 69 1 1
36 70 4 5
36 71 5 1
36 72 10 1
36 75 6 7
36 76 9 3
36 78 6 1
36 80 4 1
36 81 3 5
36 87 8 10
36 88 10 8
36 89 10 5
36 90 10 1
36 91 4 6
36 92 8 9
36 93 5 6
36 94 8 5
36 95 3 5
36 96 4 1
36 97 4 9
36 98 8 10
36 99 2 7
36 100 9 1
37 39 7 5
37 40 6 6
37 42 5 1
37 43 7 6
37 45 4 5
37 46 9 3
37 47 2 1
37 48 7 1
37 49 5 3
37 50 6 9
37 51 9 9
37 52 6 5
37 53 8 8
37 54 10 9
37 55 1 7
37 56 4 9
37 58 10 8
37 59 2 8
37 60 5 1
37 61 10 1
37 62 7 7
37 64 9 7
37 65 4 7
37 68 8 3
37 69 5 7
37 70 9 3
37 71 3 3
37 72 3 1
37 73 6 1
37 74 2 2
37 75 5 6
37 76 10 9
37 77 7 8
37 78 3 10
37 79 7 6
37 80 2 8
37 81 5 2
37 82 10 2
37 86 10 10
37 88 4 9
37 89 6 8
37 90 6 1
37 91 9 9
37 93 10 8
37 94 2 2
37 95 6 4
37 96 8 2
37 97 3 9
37 98 8 2
37 99 5 1
37 100 5 5
38 39 3 5
38 40 7 6
38 42 3 5
38 43 2 9
38 44 2 9
38 45 1 4
38 46 4 10
38 48 7 10
38 49 1 7
38 50 1 7
38 52 8 3
38 53 5 9
38 54 7 8
38 55 1 9
38 56 6 10
38 58 4 6
38 59 8 10
38 61 4 1
38 62 5 2
38 64 5 7
38 65 6 4
38 66 7 9
38 67 6 6
38 68 7 6
38 69 4 10
38 70 9 1
38 71 4 4
38 72 4 7
38 73 9 3
38 75 4 2
38 76 8 10
38 78 9 1
38 79 1 10
38 81 5 4
38 82 1 1
38 83 10 2
38 85 10 7
38 86 4 5
38 87 8 6
38 89 5 9
38 90 10 7
38 91 3 2
38 92 3 4
38 93 4 1
38 94 6 4
38 95 3 3
38 97 5 5
38 98 4 8
38 99 6 10
39 40 7 9
39 42 6 2
39 44 7 7
39 45 3 10
39 46 8 7
39 47 7 4
39 48 9 1
39 51 8 5
39 53 8 10
39 55 2 10
39 56 9 10
39 57 4 7
39 58 4 5
39 59 6 7
39 60 5 10
39 61 5 5
39 62 7 1
39 63 5 5
39 64 8 7
39 65 10 5
39 66 2 2
39 67 2 6
39 68 8 6
39 70 6 7
39 71 10 10
39 72 7 1
39 73 6 10
39 74 7 2
39 76 3 8
39 79 7 1
39 81 5 2
39 82 9 8
39 87 2 3
39 88 3 10
39 89 6 3
39 90 1 6
39 91 6 1
39 93 9 5
39 94 4 1
39 95 2 8
39 96 3 2
39 97 7 9
39 98 7 1
39 99 9 5
39 100 9 7
40 41 8 4
40 43 9 8
40 45 2 2
40 46 10 6
40 47 8 8
40 49 2 6
40 51 6 7
40 52 3 5
40 54 2 10
40 55 7 4
40 56 7 3
40 58 4 8
40 60 5 8
40 62 2 8
40 63 4 3
40 67 1 2
40 68 5 8
40 69 8 10
40 71 7 6
40 72 3 5
40 73 7 9
40 74 4 5
40 76 4 8
40 77 5 4
40 79 4 10
40 80 6 5
40 81 7 4
40 82 7 2
40 83 5 2
40 86 5 10
40 88 1 1
40 89 2 7
40 91 7 2
40 92 5 4
40 93 2 9
40 94 8 7
40 96 8 1
40 97 4 6
40 99 9 6
41 42 1 7
41 43 5 2
41 44 2 5
41 45 7 8
41 46 10 2
41 47 8 10
41 48 6 8
41 50 4 7
41 51 4 3
41 52 2 7
41 53 6 4
41 54 10 7
41 55 2 2
41 56 10 5
41 57 2 2
41 59 2 1
41 60 5 9
41 63 9 6
41 64 7 7
41 65 5 1
41 67 1 8
41 70 3 1
41 71 9 5
41 72 3 7
41 73 2 5
41 74 9 10
41 75 1 6
41 76 5 8
41 78 6 3
41 79 3 2
41 81 4 6
41 82 6 2
41 84 6 4
41 85 2 5
41 86 3 10
41 89 4 6
41 90 4 5
41 91 4 2
41 93 7 7
41 94 1 9
41 95 7 4
41 97 4 4
41 98 5 7
41 99 2 10
41 100 8 4
42 43 1 9
42 45 3 7
42 46 7 7
42 47 7 2
42 48 8 6
42 49 9 6
42 51 4 1
42 52 6 9
42 53 10 7
42 55 2 3
42 56 2 3
42 57 7 9
42 58 2 2
42 59 8 4
42 60 3 6
42 61 9 8
42 62 7 3
42 64 8 1
42 65 7 9
42 67 4 3
42 68 5 3
42 70 9 3
42 71 7 9
42 72 6 8
42 73 2 10
42 74 1 3
42 75 10 9
42 76 4 10
42 77 9 3
42 78 5 3
42 79 7 9
42 80 7 3
42 82 4 7
42 83 10 4
42 84 9 1
42 85 6 7
42 86 8 8
42 87 10 2
42 88 5 1
42 89 3 2
42 90 5 3
42 91 6 9
42 92 2 2
42 93 3 2
42 94 7 3
42 95 4 9
42 97 10 8
42 98 2 5
42 100 4 3
43 44 10 9
43 45 3 9
43 46 4 5
43 47 6 10
43 48 6 2
43 50 1 10
43 51 6 3
43 52 10 8
43 53 7 7
43 54 3 2
43 55 4 7
43 56 1 5
43 59 6 7
43 60 5 5
43 62 10 9
43 63 10 2
43 64 6 1
43 65 3 9
43 66 6 10
43 67 10 4
43 68 5 1
43 70 4 9
43 71 8 1
43 72 1 10
43 73 9 10
43 74 1 8
43 75 5 10
43 76 7 7
43 77 1 3
43 79 9 7
43 81 9 10
43 82 3 1
43 83 7 4
43 84 1 3
43 85 3 2
43 86 3 5
43 87 7 6
43 88 3 7
43 89 2 5
43 90 3 4
43 91 3 5
43 92 3 2
43 93 5 5
43 94 6 2
43 95 7 3
43 97 3 7
43 98 5 10
43 99 3 3
43 100 4 1
44 45 10 8
44 46 3 9
44 47 9 3
44 48 9 3
44 49 2 4
44 50 5 9
44 51 7 10
44 52 6 3
44 53 1 2
44 54 6 2
44 56 8 6
44 57 1 4
44 58 8 2
44 59 6 1
44 60 1 5
44 61 4 3
44 62 9 6
44 63 3 1
44 64 5 1
44 65 5 6
44 66 1 8
44 67 4 7
44 68 2 5
44 71 7 8
44 72 4 5
44 73 7 6
44 74 5 5
44 76 10 9
44 77 7 3
44 79 4 3
44 81 9 10
44 84 6 10
44 85 5 6
44 87 7 5
44 88 3 8
44 89 5 7
44 90 3 5
44 91 10 9
44 92 3 1
44 93 6 2
44 95 6 5
44 96 3 1
44 97 5 10
45 46 1 5
45 48 2 9
45 49 7 4
45 51 7 10
45 52 7 6
45 53 1 8
45 56 10 5
45 58 2 9
45 60 10 10
45 61 5 9
45 62 4 6
45 63 8 5
45 64 6 6
45 65 6 5
45 66 3 4
45 67 2 10
45 68 2 1
45 69 7 2
45 70 1 2
45 71 3 3
45 72 5 6
45 73 8 2
45 74 2 10
45 75 2 2
45 76 3 5
45 77 5 9
45 78 6 6
45 79 10 7
45 81 4 3
45 82 8 5
45 84 3 3
45 85 5 9
45 86 7 3
45 87 3 2
45 88 4 4
45 89 1 6
45 90 8 2
45 91 1 9
45 92 6 3
45 94 1 9
45 96 3 3
45 98 10 3
45 99 6 3
45 100 3 3
46 47 10 1
46 48 7 6
46 49 2 1
46 51 10 9
46 52 3 10
46 55 5 6
46 56 6 1
46 57 3 8
46 58 1 1
46 59 3 5
46 60 9 7
46 61 2 3
46 62 6 1
46 63 4 9
46 64 7 1
46 65 6 4
46 66 5 8
46 67 2 1
46 68 7 8
46 69 2 1
46 71 10 4
46 72 10 7
46 73 2 9
46 75 4 1
46 76 7 6
46 77 8 5
46 78 10 1
46 79 8 4
46 82 8 5
46 83 3 1
46 84 1 9
46 85 2 9
46 86 6 6
46 88 4 5
46 90 2 6
46 91 4 7
46 93 1 2
46 94 10 6
46 95 5 7
46 97 10 6
46 98 1 1
46 99 1 4
47 48 10 6
47 49 3 5
47 50 8 4
47 51 7 3
47 52 3 6
47 53 7 2
47 54 7 1
47 55 2 6
47 56 5 1
47 58 1 9
47 59 4 8
47 60 5 1
47 62 5 3
47 63 2 4
47 65 5 5
47 67 2 8
47 68 7 8
47 69 5 10
47 70 2 10
47 71 2 10
47 72 6 1
47 73 9 8
47 74 3 4
47 76 6 3
47 77 3 9
47 78 7 9
47 80 8 8
47 82 7 3
47 83 5 7
47 84 5 10
47 86 5 6
47 88 10 8
47 89 5 1
47 90 6 8
47 91 9 5
47 92 7 5
47 93 9 3
47 94 3 2
47 95 5 6
47 97 7 7
47 98 10 3
47 99 3 6
48 49 3 1
48 50 5 6
48 51 2 1
48 52 5 10
48 53 2 10
48 54 1 6
48 56 4 7
48 58 3 6
48 59 1 10
48 60 6 1
48 66 8 10
48 67 5 5
48 68 9 7
48 69 1 4
48 70 3 6
48 71 7 2
48 74 10 3
48 75 6 4
48 76 9 5
48 78 5 8
48 79 2 5
48 82 1 9
48 83 9 6
48 84 7 4
48 86 8 2
48 87 10 3
48 88 9 6
48 89 4 5
48 91 1 2
48 92 6 9
48 93 7 9
48 94 6 7
48 95 5 2
48 96 3 9
48 98 4 2
48 99 8 4
48 100 2 3
49 50 7 8
49 51 2 10
49 52 3 1
49 53 10 9
49 54 5 1
49 56 5 4
49 57 8 4
49 58 3 5
49 59 5 2
49 60 5 7
49 61 2 6
49 62 8 1
49 63 9 2
49 65 6 4
49 66 4 2
49 67 9 1
49 68 10 10
49 70 1 8
49 71 7 9
49 73 6 9
49 75 2 6
49 76 4 2
49 77 9 4
49 78 4 10
49 79 9 2
49 80 2 9
49 81 6 10
49 82 1 4
49 83 2 6
49 86 3 3
49 87 4 1
49 88 9 9
49 89 10 10
49 90 4 10
49 91 3 2
49 92 2 6
49 94 3 1
49 95 6 1
49 96 1 5
49 100 8 3
50 51 10 10
50 52 8 6
50 53 4 6
50 54 10 3
50 55 2 3
50 56 10 5
50 57 8 2
50 59 10 1
50 60 10 8
50 61 7 2
50 62 4 2
50 63 7 4
50 64 5 4
50 68 5 2
50 69 7 4
50 70 3 1
50 71 7 6
50 72 3 1
50 73 6 7
50 74 7 3
50 75 10 3
50 76 8 2
50 78 9 6
50 79 1 7
50 80 3 6
50 81 1 1
50 82 5 9
50 83 2 7
50 84 2 7
50 86 10 6
50 88 3 9
50 89 7 8
50 90 4 7
50 92 1 4
50 93 8 10
50 94 8 4
50 95 8 6
50 96 9 2
50 97 4 8
50 98 5 1
50 99 4 1
50 100 4 10
51 52 2 5
51 54 6 10
51 55 10 6
51 56 9 5
51 57 1 9
51 58 4 1
51 59 10 1
51 61 4 3
51 62 1 6
51 64 1 10
51 65 9 7
51 66 2 8
51 67 10 2
51 69 10 3
51 70 8 6
51 71 5 5
51 72 4 5
51 73 1 5
51 74 2 3
51 75 3 5
51 76 4 7
51 78 6 7
51 79 6 7
51 80 2 2
51 81 1 7
51 82 4 1
51 84 4 6
51 85 5 5
51 87 2 9
51 88 5 8
51 92 8 10
51 94 4 3
51 95 9 4
51 96 8 4
51 97 3 5
51 98 9 6
51 99 4 9
51 100 7 4
52 53 3 2
52 55 10 1
52 56 4 5
52 57 7 4
52 58 8 4
52 59 5 4
52 60 3 9
52 62 4 8
52 63 9 5
52 65 4 5
52 66 1 4
52 67 2 6
52 68 4 2
52 69 9 7
52 70 10 4
52 71 6 7
52 72 3 7
52 73 8 5
52 74 5 5
52 75 6 2
52 76 3 6
52 77 4 3
52 78 4 6
52 79 5 6
52 81 10 1
52 83 7 3
52 84 7 8
52 85 3 10
52 86 4 10
52 87 1 1
52 88 1 4
52 89 9 4
52 90 8 2
52 91 3 7
52 92 3 6
52 95 7 10
52 96 4 1
52 97 9 2
52 98 5 4
52 99 1 7
52 100 5 7
53 54 3 9
53 55 7 10
53 56 5 8
53 57 2 6
53 58 10 9
53 59 1 10
53 60 8 5
53 61 6 6
53 62 7 3
53 63 2 1
53 64 5 2
53 65 10 4
53 66 4 3
53 67 6 2
53 69 8 2
53 70 1 10
53 72 6 9
53 73 8 4
53 74 3 9
53 75 2 7
53 76 3 10
53 77 9 1
53 78 8 1
53 79 2 4
53 80 1 1
53 81 6 9
53 82 6 5
53 83 1 9
53 85 4 4
53 87 8 10
53 88 3 3
53 89 5 1
53 91 8 9
53 92 7 2
53 94 4 9
53 95 9 1
53 96 4 7
53 97 7 7
53 98 7 8
53 99 8 10
53 100 2 5
54 56 1 7
54 59 7 9
54 60 5 5
54 62 9 1
54 63 2 8
54 64 4 7
54 65 10 4
54 66 5 5
54 69 1 10
54 70 10 8
54 72 5 6
54 73 2 7
54 74 3 9
54 75 10 1
54 76 3 1
54 78 1 5
54 81 9 7
54 82 6 1
54 83 10 1
54 84 3 5
54 85 4 10
54 86 2 2
54 87 2 6
54 88 2 7
54 89 4 3
54 90 2 7
54 91 1 6
54 92 4 7
54 93 8 7
54 94 10 7
54 95 4 1
54 96 10 9
54 97 9 4
54 98 3 2
54 99 4 6
55 56 6 9
55 58 9 10
55 60 6 2
55 61 10 5
55 62 4 10
55 63 1 7
55 65 9 7
55 66 1 3
55 67 2 7
55 68 8 6
55 69 4 1
55 70 8 5
55 71 1 6
55 72 8 6
55 73 4 7
55 74 6 8
55 75 5 8
55 77 8 6
55 78 5 4
55 79 8 4
55 80 1 5
55 81 7 1
55 83 1 10
55 84 8 3
55 85 6 1
55 86 4 1
55 87 4 6
55 88 9 1
55 89 8 1
55 91 6 6
55 92 2 5
55 93 2 4
55 94 3 4
55 95 3 3
55 96 7 10
55 98 5 5
55 99 1 3
56 57 1 3
56 58 7 5
56 59 6 5
56 60 10 1
56 61 2 3
56 63 3 10
56 64 9 5
56 65 1 2
56 66 4 3
56 67 2 5
56 68 5 5
56 69 9 10
56 70 9 3
56 72 9 2
56 73 5 10
56 74 6 7
56 75 1 2
56 76 8 1
56 77 6 6
56 78 9 2
56 80 3 1
56 81 8 5
56 82 6 6
56 83 1 1
56 84 1 2
56 85 9 7
56 86 8 2
56 87 2 4
56 88 7 3
56 90 6 8
56 91 1 4
56 93 6 7
56 95 5 2
56 96 7 5
56 99 9 3
56 100 9 1
57 58 6 2
57 59 2 1
57 60 8 1
57 63 3 9
57 64 4 1
57 65 1 5
57 67 7 6
57 68 6 4
57 69 8 3
57 70 8 8
57 71 3 8
57 72 2 2
57 73 5 3
57 74 1 4
57 75 2 3
57 76 10 2
57 77 2 8
57 78 8 6
57 79 7 10
57 80 8 10
57 82 9 8
57 83 3 4
57 84 6 2
57 85 10 8
57 87 8 3
57 88 2 8
57 89 8 9
57 90 1 1
57 93 5 5
57 94 9 3
57 95 3 4
57 96 2 3
57 97 9 6
57 99 8 4
57 100 1 2
58 59 4 6
58 60 2 4
58 61 8 1
58 62 6 6
58 63 3 4
58 64 7 2
58 65 4 4
58 66 7 1
58 67 7 3
58 68 10 7
58 72 8 8
58 73 6 4
58 74 8 4
58 75 9 3
58 77 9 3
58 79 7 8
58 80 8 9
58 81 5 6
58 82 7 8
58 84 10 7
58 87 1 3
58 89 7 5
58 90 6 8
58 91 7 10
58 93 9 4
58 94 2 1
58 96 10 7
58 97 4 3
58 98 3 9
58 99 5 5
58 100 7 2
59 60 1 10
59 62 7 9
59 63 8 2
59 64 5 2
59 65 6 9
59 66 2 10
59 67 4 1
59 68 4 2
59 69 3 6
59 70 1 4
59 72 10 7
59 74 6 10
59 75 4 6
59 76 1 3
59 77 7 9
59 78 8 4
59 79 10 5
59 81 2 5
59 83 3 1
59 84 4 10
59 85 4 6
59 86 9 1
59 87 8 5
59 89 2 2
59 90 3 8
59 91 10 4
59 92 4 10
59 93 2 6
59 94 2 4
59 95 10 7
59 96 4 8
59 97 3 10
59 98 2 10
59 100 8 2
60 61 4 9
60 63 5 5
60 64 1 3
60 66 8 4
60 67 9 10
60 68 4 10
60 69 8 9
60 70 9 9
60 71 2 4
60 72 5 6
60 73 6 1
60 74 4 8
60 75 3 3
60 76 7 3
60 77 2 7
60 78 3 2
60 80 10 2
60 81 2 7
60 82 1 5
60 84 3 7
60 85 8 7
60 86 4 7
60 88 4 3
60 89 6 8
60 90 8 10
60 92 4 4
60 93 9 4
60 94 8 8
60 96 10 9
60 97 1 5
60 98 9 5
60 99 3 3
60 100 3 6
61 62 6 8
61 63 4 4
61 64 7 3
61 65 5 9
61 66 1 2
61 67 6 10
61 68 8 5
61 69 10 5
61 71 8 8
61 73 7 4
61 74 6 3
61 76 6 5
61 77 7 10
61 78 8 5
61 80 9 10
61 81 9 4
61 82 8 3
61 83 10 4
61 84 4 7
61 87 5 10
61 88 10 6
61 89 2 4
61 90 3 4
61 91 7 2
61 92 3 5
61 93 2 5
61 95 7 6
61 98 8 3
61 99 5 8
61 100 5 9
62 63 10 7
62 65 2 2
62 66 6 6
62 67 5 3
62 68 7 1
62 70 5 10
62 72 4 7
62 73 10 5
62 74 1 9
62 75 8 2
62 76 5 3
62 77 8 6
62 78 2 6
62 79 9 4
62 80 2 1
62 81 6 2
62 83 7 9
62 84 9 2
62 85 8 9
62 86 5 8
62 87 4 3
62 88 8 7
62 90 4 10
62 91 4 3
62 92 9 6
62 95 5 10
62 96 3 10
62 97 7 8
62 98 5 2
62 99 9 5
62 100 10 2
63 64 3 1
63 65 2 5
63 66 3 8
63 67 8 4
63 68 7 1
63 71 6 4
63 72 10 3
63 73 2 7
63 74 7 5
63 75 4 2
63 76 7 9
63 77 8 8
63 78 1 4
63 79 2 8
63 80 8 7
63 81 5 9
63 82 4 6
63 83 4 10
63 84 2 2
63 85 5 6
63 86 3 7
63 87 8 9
63 89 4 8
63 90 6 10
63 91 9 3
63 92 8 10
63 93 2 10
63 94 7 4
63 95 7 6
63 96 9 3
63 98 7 6
63 99 8 7
63 100 10 1
64 65 5 7
64 66 1 3
64 67 4 6
64 69 1 10
64 70 4 2
64 71 5 2
64 72 3 5
64 74 6 5
64 75 6 1
64 79 2 1
64 80 4 9
64 82 2 9
64 83 3 1
64 84 8 3
64 85 1 4
64 87 6 9
64 89 2 5
64 90 7 9
64 91 9 5
64 93 5 10
64 94 2 1
64 95 7 5
64 96 3 8
64 97 7 9
64 98 1 10
64 99 6 1
64 100 2 10
65 66 6 1
65 67 6 2
65 68 10 6
65 69 10 2
65 73 8 10
65 74 2 4
65 75 3 2
65 78 5 8
65 79 4 8
65 81 4 7
65 82 10 6
65 84 2 7
65 85 8 6
65 86 9 9
65 87 6 1
65 88 4 7
65 89 9 3
65 90 9 4
65 92 10 4
65 95 9 10
65 97 1 8
65 98 7 7
65 99 1 2
65 100 6 10
66 68 5 4
66 69 10 2
66 70 7 8
66 71 3 6
66 72 1 5
66 73 8 6
66 74 3 5
66 75 4 10
66 76 5 4
66 77 2 9
66 78 10 8
66 81 9 4
66 82 8 9
66 84 7 10
66 85 7 5
66 86 6 2
66 88 4 5
66 89 5 3
66 90 2 8
66 91 2 9
66 93 6 2
66 94 7 7
66 95 8 8
66 96 3 6
66 98 7 5
66 99 7 3
66 100 4 6
67 68 6 8
67 69 2 1
67 70 6 9
67 71 2 6
67 72 9 8
67 73 7 1
67 75 5 9
67 76 2 5
67 78 6 2
67 79 5 1
67 80 5 3
67 81 10 1
67 83 4 10
67 85 5 10
67 86 2 8
67 88 4 3
67 89 9 4
67 90 3 2
67 91 9 5
67 92 9 4
67 93 5 4
67 94 9 3
67 96 9 6
67 98 7 6
67 99 2 9
67 100 6 9
68 69 6 10
68 71 7 4
68 72 4 5
68 73 4 7
68 75 4 3
68 76 9 10
68 77 9 6
68 78 3 8
68 80 7 1
68 84 10 8
68 85 6 10
68 86 1 1
68 87 1 5
68 89 8 5
68 90 4 10
68 91 5 1
68 92 5 1
68 93 8 1
68 94 1 9
68 95 7 4
68 96 4 9
68 98 5 1
68 99 3 9
68 100 8 6
69 70 7 3
69 71 10 8
69 76 10 4
69 78 6 1
69 80 6 5
69 81 4 6
69 82 2 6
69 83 10 3
69 85 8 5
69 86 6 5
69 87 2 9
69 88 8 5
69 90 9 6
69 91 10 1
69 92 5 1
69 93 8 1
69 94 2 10
69 95 4 9
69 96 4 2
69 97 10 2
69 98 10 5
69 100 5 5
70 72 1 1
70 73 2 8
70 74 2 8
70 76 7 2
70 77 9 9
70 78 1 5
70 79 1 1
70 80 4 5
70 81 4 3
70 82 4 5
70 83 7 6
70 85 3 5
70 86 4 1
70 87 10 6
70 88 6 8
70 89 10 1
70 90 6 9
70 91 2 8
70 92 8 4
70 93 8 2
70 94 3 3
70 95 3 7
70 96 8 9
70 99 10 5
70 100 3 5
71 72 7 4
71 73 8 7
71 74 10 10
71 75 5 5
71 76 10 4
71 77 6 2
71 78 2 3
71 79 2 5
71 80 5 9
71 83 5 9
71 85 10 4
71 86 1 10
71 87 1 9
71 88 10 2
71 92 4 9
71 94 3 5
71 97 1 8
71 98 8 8
71 99 1 7
71 100 6 5
72 75 7 6
72 76 10 5
72 77 1 9
72 78 1 7
72 79 6 6
72 81 3 1
72 82 1 6
72 83 1 5
72 84 6 3
72 85 10 10
72 86 4 4
72 87 9 5
72 88 2 3
72 89 4 10
72 90 2 9
72 91 4 4
72 92 10 10
72 93 3 7
72 94 5 7
72 95 7 1
72 96 2 7
72 97 2 2
72 98 1 7
72 99 3 1
72 100 3 8
73 74 5 9
73 75 7 3
73 76 6 8
73 77 3 8
73 78 7 5
73 81 8 8
73 83 4 10
73 84 2 9
73 85 2 5
73 86 5 9
73 87 2 1
73 88 4 7
73 89 2 7
73 90 1 2
73 91 9 1
73 93 10 4
73 94 5 4
73 96 9 3
73 99 3 5
73 100 4 5
74 75 2 2
74 76 5 5
74 77 2 1
74 78 7 2
74 79 6 6
74 81 7 8
74 82 2 3
74 83 3 7
74 84 7 8
74 86 7 3
74 87 4 2
74 89 7 2
74 91 7 10
74 92 9 6
74 94 10 10
74 95 6 4
74 97 5 3
74 98 9 7
74 99 6 2
74 100 5 2
75 76 7 8
75 78 3 1
75 81 4 8
75 83 6 1
75 84 10 5
75 85 9 9
75 86 6 9
75 87 3 7
75 88 3 8
75 89 2 2
75 91 2 2
75 92 5 6
75 93 9 4
75 94 10 8
75 95 8 5
75 96 7 7
75 97 5 6
75 98 9 1
75 99 10 2
75 100 2 8
76 77 3 2
76 78 2 5
76 79 3 1
76 81 10 9
76 82 3 1
76 83 9 2
76 84 3 3
76 86 1 10
76 87 1 6
76 89 1 10
76 90 6 3
76 92 8 6
76 95 4 10
76 96 5 1
76 97 6 8
76 98 8 10
76 99 9 1
76 100 4 8
77 78 9 10
77 80 1 2
77 81 3 7
77 82 5 5
77 83 3 8
77 85 1 8
77 86 9 5
77 87 5 2
77 88 5 4
77 89 2 1
77 90 1 2
77 91 2 2
77 92 4 8
77 94 5 5
77 95 4 9
77 96 6 7
77 97 3 9
77 98 8 7
77 99 3 6
77 100 10 2
78 79 10 6
78 80 8 8
78 86 1 2
78 87 4 7
78 88 4 7
78 90 6 6
78 91 5 9
78 93 8 7
78 94 10 9
78 95 10 3
78 96 9 9
78 97 2 8
78 98 5 7
78 99 2 10
78 100 10 9
79 80 6 10
79 82 8 5
79 83 9 6
79 84 9 10
79 85 8 10
79 86 4 8
79 90 7 5
79 91 6 1
79 92 9 4
79 93 8 7
79 94 2 3
79 95 2 2
79 96 2 4
79 98 5 4
79 99 5 5
79 100 1 3
80 81 3 2
80 82 4 8
80 84 7 1
80 85 4 9
80 86 9 4
80 87 9 1
80 88 1 9
80 89 1 2
80 90 7 10
80 92 9 2
80 93 8 2
80 94 6 2
80 96 1 7
80 97 10 9
80 98 9 9
80 100 10 10
81 82 7 6
81 84 2 1
81 85 4 10
81 86 8 8
81 87 2 3
81 88 2 9
81 92 10 7
81 94 5 2
81 95 10 4
81 96 5 4
81 99 3 10
82 83 1 4
82 84 4 1
82 85 5 6
82 87 10 5
82 88 10 5
82 89 6 7
82 90 3 10
82 93 3 9
82 94 5 2
82 95 9 1
82 97 9 9
82 98 10 2
82 99 3 9
82 100 3 6
83 85 1 5
83 86 2 1
83 87 2 1
83 88 7 4
83 89 8 8
83 90 5 8
83 91 9 2
83 92 2 4
83 93 2 8
83 95 8 6
83 97 3 1
83 98 6 6
83 100 10 9
84 85 2 5
84 87 6 1
84 88 1 3
84 89 10 9
84 90 5 5
84 91 2 4
84 92 4 6
84 93 3 8
84 94 4 3
84 95 10 4
84 96 8 1
84 98 7 6
85 86 6 7
85 87 9 8
85 88 1 5
85 89 9 1
85 90 4 3
85 91 3 4
85 92 2 10
85 93 1 1
85 95 1 5
85 96 5 8
85 97 4 9
85 98 2 6
85 99 3 4
85 100 4 6
86 87 3 2
86 88 2 6
86 89 6 5
86 90 10 9
86 91 4 4
86 94 6 5
86 95 9 2
86 96 10 10
86 97 7 2
86 98 10 1
86 99 6 7
87 88 4 3
87 90 4 8
87 91 7 6
87 93 2 8
87 94 7 10
87 95 6 10
87 96 4 10
87 98 3 6
87 99 9 6
87 100 6 7
88 89 3 10
88 90 6 8
88 91 3 9
88 92 4 4
88 93 6 9
88 94 9 10
88 95 1 7
88 96 6 6
88 97 10 5
88 98 4 10
88 99 1 3
88 100 4 2
89 91 9 5
89 92 3 4
89 95 4 6
89 96 4 1
89 97 6 7
89 98 5 4
89 99 3 7
89 100 8 2
90 91 3 8
90 93 6 6
90 94 7 8
90 95 5 6
90 97 5 2
90 98 4 5
90 100 1 9
91 92 6 7
91 93 3 10
91 94 6 3
91 95 2 9
91 96 3 9
91 98 1 5
91 99 4 10
91 100 6 1
92 93 4 2
92 94 2 10
92 96 4 7
92 97 2 1
92 98 8 3
92 99 5 2
92 100 7 4
93 94 7 8
93 95 2 10
93 96 7 8
93 97 10 3
93 98 1 6
93 99 2 1
93 100 10 8
94 95 7 5
94 96 1 3
94 97 4 6
94 98 7 9
94 99 10 10
94 100 7 8
95 96 4 8
95 97 5 10
95 99 8 4
95 100 8 8
96 98 1 8
96 99 8 10
96 100 1 10
97 98 8 3
97 99 1 4
98 100 9 3
99 100 8 4
1
1 2 3 4 5 6 7 8 9 10 11 12 13 14 15 16 17 18 19 20 21 22 23 24 25 26 27 28 29 30 31 32 33 34 35 36 37 38 39 40 41 42 43 44 45 46 47 48 49 50
