3941
1 2 6 1
1 3 3 3
1 5 7 9
1 6 3 3
1 10 8 10
1 11 2 5
1 12 2 5
1 14 3 9
1 16 10 4
1 17 1 7
1 18 1 9
1 19 1 4
1 20 10 3
1 21 7 10
1 23 1 3
1 25 6 9
1 26 6 3
1 27 8 10
1 28 2 6
1 29 9 8
1 30 8 10
1 31 1 7
1 32 2 3
1 33 5 10
1 34 4 3
1 35 6 9
1 36 3 8
1 37 9 7
1 38 1 4
1 39 1 10
1 40 2 6
1 41 2 7
1 42 7 9
1 43 4 10
1 44 10 2
1 45 4 7
1 46 8 3
1 48 4 7
1 49 5 6
1 50 7 3
1 52 5 7
1 54 5 3
1 55 7 8
1 56 1 7
1 57 9 3
1 58 9 1
1 59 6 1
1 60 4 10
1 61 5 5
1 62 3 1
1 63 6 6
1 65 5 6
1 66 3 4
1 68 4 4
1 71 8 10
1 72 4 3
1 73 2 9
1 74 9 5
1 75 3 9
1 76 9 8
1 77 7 7
1 79 3 3
1 80 7 6
1 81 9 5
1 83 2 7
1 85 9 7
1 87 4 5
1 88 5 5
1 89 4 5
1 90 6 6
1 91 8 1
1 92 5 6
1 93 4 2
1 94 2 6
1 95 2 4
1 96 7 5
2 3 7 7
2 5 6 7
2 6 6 3
2 7 4 7
2 8 5 2
2 9 8 9
2 10 1 9
2 12 4 2
2 13 9 8
2 14 2 3
2 15 7 3
2 16 3 8
2 17 9 1
2 18 10 5
2 19 5 3
2 20 10 9
2 21 5 6
2 22 10 2
2 23 3 6
2 24 10 10
2 25 7 6
2 26 5 1
2 27 7 10
2 28 10 4
2 29 7 6
2 30 7 9
2 31 1 2
2 32 6 3
2 36 10 9
2 37 5 5
2 39 9 1
2 40 7 6
2 41 3 6
2 42 7 1
2 44 6 3
2 45 4 7
2 47 5 1
2 51 4 1
2 52 3 9
2 53 9 5
2 55 1 5
2 56 7 3
2 57 5 6
2 58 4 4
2 59 4 7
2 60 9 9
2 61 5 9
2 63 5 6
2 64 7 8
2 65 6 5
2 66 5 9
2 67 3 3
2 69 5 4
2 70 3 10
2 71 7 8
2 73 6 10
2 75 7 6
2 76 8 4
2 77 10 7
2 78 10 5
2 79 1 1
2 80 10 2
2 81 2 2
2 82 3 2
2 83 8 2
2 84 1 2
2 86 4 3
2 87 10 7
2 88 4 1
2 89 3 1
2 91 3 6
2 92 8 10
2 94 7 7
2 95 2 1
2 96 9 2
2 97 5 6
2 98 6 1
2 100 7 3
3 4 5 10
3 5 7 8
3 6 4 10
3 7 6 3
3 8 6 2
3 9 5 6
3 11 9 8
3 12 7 9
3 13 9 10
3 15 2 7
3 16 4 2
3 17 8 9
3 18 7 9
3 20 3 10
3 21 7 10
3 22 8 2
3 23 1 6
3 24 7 2
3 25 3 1
3 26 8 4
3 28 2 9
3 29 9 2
3 30 9 7
3 31 2 8
3 32 8 9
3 33 10 8
3 34 6 4
3 35 9 5
3 36 6 10
3 37 2 2
3 38 6 2
3 39 10 10
3 41 8 4
3 42 9 1
3 43 5 3
3 44 2 5
3 45 10 6
3 46 4 5
3 47 7 7
3 48 6 10
3 49 5 2
3 52 4 3
3 53 6 4
3 54 3 9
3 55 9 9
3 56 3 8
3 57 4 7
3 58 3 4
3 59 9 6
3 60 8 7
3 61 5 1
3 62 5 7
3 63 1 6
3 64 5 10
3 65 7 10
3 66 7 1
3 67 6 4
3 68 6 9
3 69 1 2
3 71 2 6
3 72 7 4
3 73 5 2
3 76 6 5
3 77 3 6
3 78 2 3
3 79 6 8
3 80 8 9
3 81 8 5
3 85 9 1
3 86 6 10
3 87 5 1
3 88 9 7
3 89 4 1
3 90 2 7
3 91 4 2
3 92 8 9
3 93 8 7
3 94 10 1
3 95 9 8
3 96 5 5
3 97 7 10
3 98 8 2
3 99 6 3
3 100 6 10
4 5 3 5
4 6 8 10
4 7 6 8
4 8 3 5
4 9 10 6
4 10 6 1
4 11 3 4
4 12 9 4
4 13 5 1
4 14 4 10
4 17 3 7
4 18 1 3
4 19 8 1
4 20 8 7
4 21 8 3
4 22 2 9
4 23 4 10
4 26 6 4
4 27 5 4
4 28 8 6
4 29 2 9
4 30 5 6
4 31 6 1
4 32 2 3
4 33 4 7
4 34 10 3
4 36 9 8
4 37 7 9
4 38 1 3
4 39 3 2
4 40 8 6
4 42 9 9
4 43 5 4
4 45 7 5
4 47 9 7
4 49 4 7
4 50 8 8
4 51 6 4
4 52 2 4
4 54 9 5
4 55 1 10
4 56 8 6
4 57 1 5
4 59 8 1
4 61 3 9
4 62 9 8
4 63 7 8
4 65 4 4
4 66 5 6
4 67 3 1
4 68 4 9
4 69 3 5
4 70 10 10
4 71 9 4
4 72 3 4
4 73 4 3
4 74 9 9
4 76 10 4
4 77 8 9
4 78 3 10
4 79 6 5
4 80 1 9
4 81 4 7
4 82 7 2
4 83 2 10
4 84 10 10
4 85 4 1
4 86 5 3
4 87 6 10
4 88 8 10
4 89 10 2
4 90 10 2
4 91 5 2
4 92 1 4
4 94 5 1
4 95 4 4
4 96 9 8
4 97 2 5
4 98 9 2
4 99 4 3
4 100 2 2
5 6 4 4
5 7 10 4
5 8 5 4
5 10 3 10
5 11 5 10
5 13 8 9
5 15 4 3
5 16 7 10
5 18 2 7
5 19 5 3
5 22 10 8
5 23 8 8
5 24 6 4
5 25 3 2
5 27 7 2
5 28 6 4
5 30 4 2
5 32 2 5
5 33 4 9
5 34 5 8
5 35 1 1
5 36 10 2
5 37 5 1
5 38 6 10
5 40 9 7
5 41 4 5
5 42 6 8
5 43 6 2
5 44 9 4
5 45 9 6
5 46 9 2
5 47 4 6
5 48 10 3
5 49 9 2
5 50 7 4
5 51 5 8
5 52 1 2
5 54 7 9
5 56 8 2
5 57 7 8
5 58 2 10
5 59 2 9
5 60 1 6
5 61 2 10
5 62 9 10
5 63 5 10
5 64 2 9
5 66 9 3
5 67 3 4
5 68 2 7
5 70 7 3
5 71 7 3
5 73 5 10
5 74 3 8
5 75 6 1
5 76 1 7
5 77 5 4
5 78 1 7
5 79 8 4
5 80 9 3
5 81 7 3
5 82 3 10
5 83 9 1
5 84 2 2
5 86 2 10
5 88 8 2
5 89 4 10
5 90 8 4
5 92 8 8
5 94 9 2
5 95 6 10
5 96 3 2
5 97 7 7
5 98 7 9
5 99 3 1
5 100 3 2
6 7 6 4
6 9 1 1
6 11 8 8
6 12 2 8
6 13 7 8
6 15 10 1
6 16 1 8
6 17 8 3
6 18 1 10
6 19 9 7
6 21 4 2
6 23 3 9
6 25 2 1
6 26 3 3
6 27 1 3
6 28 5 8
6 29 2 8
6 30 10 7
6 31 5 3
6 32 9 4
6 33 7 4
6 34 4 5
6 35 9 6
6 36 4 8
6 39 2 10
6 40 8 3
6 41 7 2
6 42 2 2
6 43 7 10
6 46 9 10
6 47 9 6
6 48 6 3
6 49 2 2
6 50 8 3
6 51 8 8
6 52 5 8
6 55 8 9
6 56 5 10
6 59 2 4
6 60 4 6
6 61 5 5
6 62 4 3
6 63 2 7
6 65 4 5
6 66 3 7
6 67 3 4
6 68 5 8
6 69 8 1
6 70 9 10
6 71 10 5
6 72 9 3
6 73 10 10
6 74 3 4
6 75 10 2
6 76 4 8
6 78 5 8
6 81 8 3
6 83 6 4
6 84 5 3
6 85 10 4
6 86 8 3
6 87 5 8
6 88 10 2
6 90 5 7
6 91 4 5
6 92 6 6
6 93 10 10
6 95 5 4
6 96 10 3
6 98 4 8
6 99 10 8
6 100 1 10
7 9 10 2
7 11 4 6
7 13 5 2
7 14 4 10
7 15 4 1
7 16 1 1
7 18 5 1
7 19 7 7
7 20 1 4
7 21 9 6
7 23 2 9
7 24 3 8
7 25 1 7
7 26 6 4
7 27 1 5
7 29 5 8
7 30 3 1
7 31 1 4
7 33 6 9
7 34 6 4
7 35 7 9
7 36 9 8
7 38 1 5
7 39 6 10
7 40 7 8
7 41 6 9
7 42 1 3
7 43 7 10
7 44 2 6
7 45 10 1
7 46 9 6
7 47 5 1
7 48 2 2
7 49 1 5
7 50 1 7
7 53 3 7
7 54 5 2
7 55 3 7
7 56 2 1
7 57 7 2
7 59 2 9
7 60 6 6
7 61 2 2
7 62 9 7
7 63 8 10
7 64 2 10
7 65 2 3
7 66 4 4
7 68 6 1
7 69 9 6
7 71 6 7
7 72 7 4
7 74 2 2
7 75 7 2
7 77 2 2
7 78 10 9
7 79 4 2
7 82 3 1
7 83 9 9
7 84 9 8
7 86 5 3
7 87 10 7
7 90 6 5
7 91 1 10
7 92 10 4
7 93 6 9
7 94 3 8
7 95 5 2
7 96 8 2
7 97 2 3
7 99 1 5
7 100 5 9
8 9 9 6
8 13 3 7
8 14 1 4
8 16 1 10
8 18 6 2
8 19 4 4
8 20 1 3
8 21 10 6
8 22 6 4
8 23 7 8
8 24 1 1
8 26 2 10
8 27 8 7
8 29 2 4
8 30 8 8
8 31 4 8
8 32 7 4
8 33 5 2
8 34 2 6
8 35 6 5
8 37 2 1
8 38 4 3
8 40 2 8
8 41 5 6
8 42 10 10
8 43 10 3
8 44 6 3
8 46 1 7
8 47 8 6
8 48 2 1
8 49 9 7
8 50 10 3
8 52 9 7
8 54 1 8
8 55 10 4
8 56 2 2
8 57 3 5
8 59 10 10
8 61 3 7
8 62 10 4
8 63 5 8
8 64 5 4
8 66 8 4
8 67 9 1
8 68 5 5
8 69 8 7
8 70 10 5
8 71 3 7
8 72 2 9
8 75 1 8
8 76 5 8
8 77 8 4
8 78 3 2
8 79 3 7
8 80 5 3
8 81 9 1
8 82 8 1
8 84 1 9
8 85 7 3
8 86 1 9
8 88 6 8
8 89 3 5
8 90 6 8
8 91 10 3
8 92 8 3
8 93 6 8
8 95 8 7
8 96 3 7
8 98 3 9
8 99 4 1
8 100 8 8
9 11 1 8
9 12 7 7
9 13 1 1
9 15 10 1
9 16 1 3
9 17 1 10
9 18 9 5
9 19 7 10
9 20 8 3
9 21 3 10
9 22 2 3
9 23 8 3
9 24 9 6
9 25 3 10
9 26 5 3
9 27 8 9
9 28 6 9
9 29 6 2
9 30 10 7
9 31 6 6
9 32 9 5
9 35 6 9
9 37 7 5
9 38 7 6
9 41 3 1
9 42 10 3
9 43 6 6
9 44 6 2
9 45 7 9
9 46 10 10
9 47 8 3
9 48 3 7
9 49 2 5
9 50 10 9
9 52 3 7
9 53 7 7
9 54 3 2
9 56 3 3
9 57 7 1
9 58 2 3
9 59 3 3
9 60 10 2
9 61 1 5
9 62 7 3
9 64 10 10
9 65 2 4
9 66 1 3
9 67 5 4
9 68 8 8
9 69 7 3
9 71 6 1
9 74 8 5
9 75 7 10
9 76 4 1
9 77 10 2
9 78 6 7
9 79 7 4
9 80 5 10
9 81 10 8
9 82 10 7
9 83 4 2
9 85 3 10
9 86 9 9
9 88 8 10
9 91 3 3
9 92 4 7
9 93 9 5
9 95 7 5
9 96 1 5
9 97 5 1
9 98 5 7
9 99 5 10
9 100 1 2
10 12 8 6
10 13 5 2
10 14 3 6
10 16 6 6
10 17 6 5
10 18 8 1
10 19 5 2
10 20 5 7
10 21 2 7
10 22 3 1
10 23 10 4
10 25 7 6
10 26 9 6
10 28 10 8
10 29 8 9
10 30 4 8
10 31 5 9
10 32 7 5
10 34 1 1
10 35 2 6
10 37 1 9
10 38 5 9
10 39 10 3
10 40 2 10
10 41 3 10
10 42 3 6
10 43 8 2
10 44 2 9
10 45 8 4
10 46 7 9
10 47 3 1
10 50 1 1
10 51 5 7
10 52 8 5
10 53 3 3
10 54 10 4
10 55 6 7
10 58 2 8
10 59 4 10
10 60 1 5
10 62 10 10
10 64 9 5
10 65 7 1
10 66 7 5
10 67 9 4
10 68 2 4
10 69 2 4
10 70 6 5
10 71 4 1
10 72 1 8
10 73 5 2
10 75 6 7
10 76 1 9
10 77 7 10
10 78 5 7
10 79 6 1
10 80 8 8
10 81 2 9
10 82 4 8
10 83 6 9
10 84 7 2
10 85 8 1
10 86 10 7
10 87 3 1
10 88 7 1
10 89 8 8
10 92 5 2
10 93 2 5
10 95 2 9
10 96 1 8
10 97 1 8
10 98 2 5
10 99 8 10
10 100 10 6
11 12 2 10
11 13 10 5
11 15 3 3
11 16 8 3
11 17 6 6
11 18 6 10
11 19 6 6
11 21 9 2
11 22 2 6
11 23 4 1
11 24 6 3
11 26 7 2
11 27 1 3
11 28 1 7
11 29 8 9
11 31 4 1
11 32 6 1
11 33 3 3
11 34 8 9
11 35 4 9
11 36 10 9
11 37 1 2
11 38 3 5
11 39 1 8
11 40 4 3
11 41 3 9
11 43 1 9
11 44 9 10
11 46 6 6
11 47 5 3
11 48 10 10
11 49 9 2
11 50 3 5
11 51 2 8
11 52 9 9
11 54 10 2
11 55 6 6
11 56 6 5
11 57 6 1
11 58 7 8
11 59 5 3
11 60 9 5
11 61 3 5
11 62 4 4
11 63 8 5
11 64 8 8
11 65 5 4
11 66 5 4
11 67 2 10
11 68 8 2
11 70 9 4
11 72 5 10
11 73 10 9
11 75 6 8
11 76 3 2
11 78 3 2
11 79 5 6
11 80 1 1
11 82 4 10
11 83 2 4
11 84 7 8
11 85 2 2
11 86 10 4
11 89 7 2
11 90 9 8
11 91 9 3
11 92 4 9
11 93 5 10
11 94 6 8
11 95 2 9
11 97 2 7
11 98 5 10
11 100 5 7
12 14 5 1
12 15 2 6
12 16 8 10
12 18 5 4
12 20 2 3
12 21 1 8
12 22 4 2
12 25 2 7
12 26 7 3
12 27 9 10
12 28 10 4
12 29 6 7
12 30 4 10
12 31 3 8
12 32 1 7
12 33 3 5
12 34 9 2
12 35 5 6
12 37 10 9
12 38 5 1
12 40 4 5
12 41 7 8
12 42 7 3
12 43 6 4
12 44 8 1
12 45 10 6
12 46 6 3
12 47 1 2
12 48 5 3
12 49 4 4
12 50 1 3
12 51 7 1
12 52 6 7
12 53 9 8
12 54 7 1
12 56 4 9
12 57 7 1
12 58 9 7
12 59 9 8
12 61 5 6
12 62 2 5
12 63 6 7
12 64 4 7
12 65 5 5
12 68 7 7
12 69 7 10
12 71 4 6
12 72 5 1
12 73 7 10
12 74 1 3
12 75 8 8
12 76 1 7
12 77 8 2
12 78 10 4
12 79 2 7
12 80 5 8
12 81 10 8
12 82 4 5
12 83 4 9
12 84 5 5
12 85 4 9
12 86 4 7
12 88 7 10
12 89 1 3
12 90 6 4
12 91 3 3
12 92 10 4
12 93 2 9
12 95 5 2
12 96 5 1
12 97 7 7
12 98 4 4
12 99 1 4
12 100 4 4
13 14 7 7
13 15 8 9
13 16 1 8
13 17 9 6
13 20 6 5
13 21 3 2
13 22 4 9
13 23 8 1
13 24 5 3
13 25 8 6
13 26 8 3
13 27 7 6
13 28 6 3
13 29 5 1
13 32 1 6
13 34 5 1
13 35 3 4
13 36 1 7
13 38 10 10
13 39 8 4
13 40 6 4
13 41 7 6
13 43 10 4
13 44 7 1
13 45 8 2
13 46 4 4
13 47 4 4
13 48 9 3
13 49 6 5
13 51 9 7
13 52 1 9
13 53 1 7
13 54 6 2
13 55 1 9
13 56 5 9
13 57 10 5
13 59 3 4
13 60 9 2
13 61 2 4
13 62 5 3
13 63 7 8
13 64 5 5
13 65 10 9
13 66 9 1
13 68 10 10
13 69 7 1
13 73 6 7
13 74 5 10
13 75 4 1
13 76 9 1
13 77 3 9
13 78 9 5
13 79 4 6
13 80 2 10
13 81 10 1
13 82 8 9
13 83 5 10
13 84 5 4
13 87 6 4
13 88 10 9
13 89 7 10
13 90 1 7
13 91 6 7
13 92 2 4
13 93 9 2
13 94 3 8
13 95 5 3
13 96 9 1
13 99 3 2
13 100 1 1
14 15 2 2
14 16 4 3
14 17 10 5
14 18 3 2
14 19 8 6
14 20 9 10
14 22 8 1
14 23 3 4
14 24 3 9
14 27 2 3
14 28 6 3
14 29 4 1
14 31 8 3
14 32 4 7
14 33 7 10
14 35 8 5
14 36 10 1
14 37 9 4
14 38 10 10
14 39 3 6
14 40 3 9
14 41 7 5
14 42 8 2
14 43 6 10
14 44 5 4
14 45 4 5
14 46 8 6
14 47 8 3
14 48 5 4
14 49 4 6
14 50 4 3
14 51 3 4
14 52 6 7
14 54 3 8
14 56 8 6
14 57 10 2
14 58 3 2
14 60 10 10
14 61 8 6
14 62 2 9
14 63 1 3
14 64 6 10
14 65 7 7
14 67 5 3
14 68 7 1
14 69 10 9
14 70 8 4
14 72 4 7
14 73 8 8
14 76 6 7
14 77 6 3
14 79 3 7
14 80 9 2
14 81 9 5
14 82 7 9
14 83 8 9
14 84 4 9
14 86 8 3
14 87 5 2
14 89 9 9
14 91 8 6
14 92 9 2
14 93 10 10
14 94 4 3
14 95 9 6
14 97 2 6
14 99 8 3
14 100 4 7
15 16 2 3
15 19 5 3
15 21 7 1
15 22 5 8
15 24 1 2
15 25 8 3
15 26 7 7
15 27 10 5
15 29 3 4
15 30 7 4
15 31 10 4
15 32 4 7
15 33 4 8
15 34 7 7
15 35 6 4
15 37 2 7
15 38 3 3
15 40 2 1
15 41 9 10
15 42 3 3
15 43 5 6
15 44 3 3
15 45 5 5
15 46 3 10
15 47 5 8
15 48 4 9
15 49 9 9
15 50 2 6
15 51 8 2
15 52 9 6
15 53 7 8
15 54 9 10
15 55 7 3
15 56 4 4
15 57 10 1
15 58 7 2
15 60 1 9
15 61 3 4
15 62 6 1
15 63 2 6
15 64 7 3
15 65 4 4
15 66 10 1
15 69 10 10
15 71 6 3
15 72 8 6
15 73 8 8
15 74 6 3
15 75 6 1
15 76 6 4
15 78 7 8
15 79 4 8
15 80 4 6
15 82 7 2
15 83 6 8
15 84 6 9
15 85 9 2
15 88 10 7
15 90 6 9
15 91 4 2
15 92 1 5
15 93 1 9
15 94 2 9
15 95 7 1
15 97 9 2
15 100 10 2
16 18 1 3
16 19 9 1
16 20 5 8
16 21 7 1
16 22 7 7
16 23 1 1
16 24 2 7
16 26 10 1
16 27 10 7
16 28 7 10
16 29 1 6
16 30 8 5
16 32 6 9
16 33 9 8
16 34 4 10
16 35 4 1
16 36 3 8
16 37 2 4
16 38 8 9
16 39 8 5
16 40 6 8
16 41 6 2
16 42 10 9
16 43 2 8
16 44 7 9
16 45 1 6
16 46 3 6
16 47 4 8
16 48 8 9
16 49 1 10
16 50 5 7
16 51 3 9
16 52 9 10
16 53 10 8
16 54 9 3
16 55 7 2
16 56 8 10
16 57 10 4
16 58 1 10
16 60 5 1
16 62 2 1
16 63 5 8
16 64 1 6
16 66 7 7
16 67 6 9
16 68 8 7
16 69 5 3
16 70 5 7
16 71 2 3
16 72 1 6
16 74 2 5
16 76 5 4
16 78 2 6
16 79 8 7
16 81 8 9
16 83 2 4
16 85 7 7
16 86 7 8
16 87 1 10
16 88 4 8
16 89 7 4
16 90 2 4
16 91 3 4
16 94 3 3
16 95 8 3
16 97 6 2
16 98 8 8
16 99 5 1
16 100 1 6
17 18 1 10
17 19 5 4
17 20 4 10
17 21 10 1
17 22 1 7
17 23 2 7
17 24 9 9
17 25 10 4
17 27 8 9
17 28 9 2
17 29 6 6
17 30 7 2
17 31 7 8
17 32 1 10
17 33 9 1
17 35 7 2
17 37 8 9
17 38 1 6
17 39 9 8
17 40 4 7
17 41 1 10
17 42 4 5
17 43 3 4
17 44 6 6
17 45 10 6
17 46 1 1
17 47 1 8
17 49 1 4
17 50 2 8
17 52 10 6
17 53 3 9
17 54 4 2
17 55 7 4
17 56 1 10
17 58 8 9
17 59 3 3
17 61 8 9
17 62 7 4
17 64 9 4
17 65 6 5
17 66 8 2
17 67 7 6
17 68 6 6
17 69 4 8
17 71 7 4
17 72 8 3
17 74 9 7
17 76 5 3
17 77 3 8
17 78 10 3
17 79 1 3
17 80 7 2
17 81 7 7
17 86 1 6
17 87 8 8
17 88 9 9
17 89 3 8
17 90 6 6
17 91 4 8
17 92 8 4
17 93 2 2
17 95 3 1
17 96 9 1
17 97 8 6
17 99 4 2
18 19 7 3
18 20 2 1
18 21 5 7
18 22 7 7
18 23 7 5
18 24 2 2
18 25 5 9
18 26 6 3
18 27 4 4
18 28 8 10
18 29 7 8
18 30 4 6
18 31 7 5
18 32 3 1
18 33 2 9
18 34 3 10
18 35 2 6
18 36 4 8
18 38 4 4
18 39 4 4
18 40 2 6
18 41 10 4
18 42 3 8
18 43 2 3
18 45 10 3
18 46 10 5
18 49 9 6
18 50 3 6
18 51 6 6
18 52 6 4
18 53 4 8
18 54 2 9
18 55 7 7
18 56 6 5
18 57 1 10
18 58 8 6
18 59 9 1
18 61 4 9
18 63 9 1
18 64 8 1
18 65 6 5
18 66 1 10
18 67 5 1
18 69 1 9
18 71 5 3
18 72 3 1
18 73 5 4
18 74 1 9
18 76 8 1
18 78 9 2
18 79 4 4
18 80 8 6
18 81 4 5
18 82 1 10
18 83 9 7
18 84 4 3
18 86 5 2
18 87 4 3
18 89 8 5
18 91 10 8
18 92 5 5
18 94 4 2
18 95 1 4
18 96 9 2
18 97 6 3
18 98 9 10
18 99 9 8
18 100 9 9
19 20 2 2
19 21 2 7
19 22 8 5
19 23 1 10
19 24 1 10
19 25 6 5
19 26 8 2
19 27 4 9
19 29 3 6
19 32 1 8
19 33 9 9
19 34 10 5
19 35 3 9
19 37 9 1
19 38 3 5
19 39 8 1
19 40 4 5
19 41 5 5
19 42 6 9
19 43 4 5
19 44 6 7
19 45 5 3
19 46 5 2
19 47 6 5
19 49 6 8
19 50 7 8
19 51 3 7
19 52 8 10
19 53 2 5
19 54 9 5
19 55 9 9
19 56 10 2
19 58 5 2
19 59 3 7
19 60 6 6
19 61 7 8
19 62 4 10
19 63 1 5
19 64 7 10
19 65 9 6
19 66 3 10
19 67 1 5
19 68 3 2
19 69 10 5
19 70 1 9
19 71 5 2
19 72 5 9
19 73 7 4
19 74 9 5
19 75 3 10
19 76 1 5
19 80 2 8
19 81 8 2
19 86 2 5
19 87 5 4
19 88 3 3
19 89 10 6
19 92 5 7
19 93 3 10
19 94 9 4
19 95 8 3
19 96 5 8
19 98 7 7
19 99 3 8
19 100 5 3
20 21 4 6
20 22 4 5
20 24 4 8
20 25 10 6
20 26 9 2
20 27 4 8
20 28 6 7
20 29 10 4
20 30 4 10
20 31 1 6
20 32 3 2
20 33 3 5
20 34 5 10
20 35 3 9
20 36 6 3
20 37 6 2
20 39 6 5
20 41 6 7
20 43 4 2
20 44 7 4
20 45 1 9
20 46 8 4
20 47 8 1
20 48 6 4
20 49 5 3
20 50 10 5
20 51 3 7
20 52 2 7
20 53 2 4
20 55 1 8
20 56 9 10
20 57 8 8
20 58 3 9
20 59 5 5
20 60 1 2
20 61 6 2
20 62 5 5
20 63 2 10
20 64 4 3
20 65 9 4
20 67 10 5
20 68 1 9
20 69 9 1
20 70 9 3
20 72 2 5
20 73 10 6
20 74 8 7
20 76 9 9
20 77 7 10
20 78 8 7
20 79 3 7
20 80 8 6
20 82 3 8
20 83 8 7
20 84 5 4
20 85 3 7
20 86 3 2
20 90 9 2
20 91 4 6
20 92 2 7
20 93 3 3
20 94 10 1
20 95 8 3
20 98 1 8
20 99 10 7
20 100 6 6
21 22 4 4
21 24 10 3
21 25 5 3
21 26 6 2
21 27 7 8
21 28 3 8
21 29 3 5
21 30 7 10
21 31 3 5
21 36 10 7
21 37 4 6
21 38 6 6
21 39 8 4
21 40 5 5
21 41 8 8
21 42 6 10
21 43 1 1
21 44 1 10
21 45 7 10
21 47 4 10
21 48 10 8
21 49 2 4
21 50 3 10
21 51 2 8
21 53 6 2
21 54 6 9
21 55 10 1
21 56 3 9
21 57 2 4
21 58 5 8
21 59 8 5
21 60 8 6
21 62 1 3
21 63 5 9
21 64 2 10
21 65 10 3
21 66 10 5
21 67 9 4
21 68 5 1
21 69 2 10
21 71 6 2
21 72 6 5
21 73 8 5
21 74 6 10
21 76 7 3
21 77 6 3
21 78 10 10
21 79 9 1
21 81 9 2
21 83 8 4
21 85 10 8
21 88 5 4
21 91 7 2
21 92 6 8
21 93 4 2
21 94 7 2
21 95 1 8
21 97 6 2
21 98 9 1
21 99 7 6
21 100 3 4
22 24 9 2
22 25 3 4
22 27 5 4
22 28 10 4
22 29 3 3
22 30 9 8
22 33 3 5
22 34 9 9
22 37 6 3
22 38 9 4
22 39 7 3
22 40 3 7
22 42 1 5
22 43 5 10
22 44 9 5
22 46 3 5
22 47 3 10
22 48 7 5
22 49 3 2
22 50 6 7
22 51 6 4
22 53 4 9
22 54 1 5
22 55 7 4
22 56 4 2
22 57 6 9
22 58 6 8
22 60 9 5
22 61 4 8
22 63 6 5
22 64 2 5
22 65 10 8
22 66 8 5
22 67 5 2
22 68 6 6
22 70 6 3
22 71 5 4
22 72 3 3
22 73 10 6
22 74 8 4
22 75 7 1
22 76 6 4
22 77 3 2
22 78 8 9
22 80 8 5
22 81 1 8
22 82 3 10
22 84 10 6
22 85 9 9
22 86 6 4
22 87 10 1
22 88 8 10
22 89 1 6
22 90 1 1
22 91 4 3
22 92 8 8
22 93 1 7
22 94 6 9
22 96 5 6
22 97 3 7
22 98 5 3
22 100 6 10
23 24 4 6
23 25 4 1
23 26 1 7
23 27 7 9
23 28 3 3
23 30 4 6
23 31 1 10
23 32 7 8
23 35 4 2
23 38 1 8
23 41 7 1
23 42 7 2
23 43 5 8
23 45 4 2
23 46 4 10
23 47 4 8
23 48 5 2
23 49 4 10
23 50 3 2
23 51 1 9
23 52 3 3
23 55 4 4
23 56 8 4
23 57 6 9
23 58 8 7
23 59 7 6
23 60 3 9
23 61 6 5
23 63 5 6
23 64 10 4
23 65 3 3
23 66 9 9
23 67 1 9
23 68 5 1
23 69 1 7
23 70 5 9
23 71 5 3
23 73 2 3
23 74 10 5
23 75 6 4
23 76 1 5
23 77 8 7
23 78 8 2
23 79 3 6
23 80 8 4
23 81 6 3
23 82 6 1
23 83 2 6
23 87 4 2
23 88 8 9
23 90 4 10
23 91 9 4
23 92 10 5
23 93 4 9
23 94 2 10
23 95 10 3
23 96 10 8
23 97 5 7
23 99 8 3
23 100 9 8
24 28 5 3
24 30 5 8
24 31 5 1
24 32 7 2
24 33 7 2
24 34 10 5
24 36 4 3
24 39 2 6
24 40 9 10
24 42 9 7
24 43 4 1
24 44 10 4
24 46 4 7
24 47 2 4
24 48 5 8
24 49 5 2
24 50 8 8
24 51 6 5
24 52 10 1
24 53 2 9
24 54 5 5
24 55 7 5
24 56 7 7
24 57 4 4
24 58 5 5
24 59 4 2
24 60 6 1
24 61 5 3
24 62 4 6
24 64 10 8
24 65 3 9
24 66 5 3
24 67 5 6
24 68 1 8
24 69 6 10
24 71 8 9
24 72 6 4
24 73 7 8
24 75 2 7
24 76 6 8
24 77 1 8
24 78 5 5
24 79 1 4
24 80 8 4
24 81 9 7
24 82 7 8
24 83 8 1
24 84 4 5
24 85 6 2
24 87 6 9
24 88 8 3
24 90 3 7
24 91 4 5
24 95 9 6
24 97 2 5
24 99 9 2
24 100 6 4
25 26 6 8
25 27 9 6
25 28 5 2
25 29 3 1
25 31 4 2
25 32 1 7
25 34 9 9
25 35 10 2
25 36 7 5
25 37 6 4
25 38 4 6
25 40 9 8
25 41 7 8
25 42 6 5
25 43 8 10
25 45 1 7
25 46 3 7
25 47 5 2
25 48 7 9
25 49 5 10
25 50 4 8
25 52 10 3
25 54 1 9
25 55 8 1
25 56 5 9
25 57 9 4
25 58 1 4
25 59 9 6
25 60 10 10
25 62 3 5
25 63 5 2
25 65 5 9
25 66 10 7
25 67 10 7
25 69 3 10
25 70 5 1
25 72 1 8
25 73 2 7
25 74 5 6
25 77 1 10
25 78 6 5
25 79 4 3
25 80 8 6
25 81 10 5
25 82 2 7
25 83 1 2
25 84 7 8
25 85 10 6
25 86 7 10
25 87 8 2
25 89 7 1
25 90 8 7
25 91 4 6
25 92 7 8
25 93 9 6
25 94 2 4
25 97 1 9
25 98 7 7
25 99 2 4
25 100 1 4
26 27 7 6
26 29 5 7
26 30 10 7
26 32 8 5
26 33 9 3
26 35 7 2
26 36 1 10
26 37 6 9
26 38 9 3
26 39 2 9
26 41 5 1
26 42 8 6
26 43 1 1
26 44 1 9
26 45 4 4
26 46 1 5
26 47 4 1
26 49 2 8
26 50 4 3
26 51 3 1
26 53 9 7
26 54 5 9
26 56 9 1
26 59 8 1
26 60 6 3
26 61 10 2
26 62 9 5
26 63 1 3
26 64 2 3
26 65 8 3
26 67 1 4
26 68 7 5
26 70 10 3
26 72 1 7
26 73 4 6
26 74 4 10
26 75 1 1
26 76 8 8
26 77 1 8
26 79 5 3
26 80 9 1
26 81 7 2
26 82 4 4
26 83 2 7
26 84 4 2
26 85 4 7
26 88 2 4
26 89 2 3
26 90 9 1
26 91 9 5
26 92 5 10
26 94 8 4
26 95 9 2
26 96 10 6
26 97 8 4
26 98 5 5
26 99 1 6
26 100 8 6
27 28 2 8
27 29 4 10
27 30 6 1
27 31 7 8
27 32 10 1
27 33 7 7
27 34 1 4
27 35 7 8
27 36 4 5
27 37 7 6
27 39 8 1
27 40 10 8
27 41 5 3
27 42 9 9
27 43 9 10
27 44 9 8
27 45 6 8
27 46 10 4
27 48 6 3
27 49 8 7
27 50 4 9
27 51 7 1
27 52 7 1
27 53 8 10
27 54 1 5
27 55 9 2
27 56 10 9
27 57 10 9
27 58 5 3
27 59 2 5
27 60 2 8
27 61 7 5
27 62 7 5
27 63 4 5
27 67 6 7
27 69 9 10
27 70 7 1
27 72 9 8
27 73 3 5
27 74 9 9
27 75 7 2
27 76 10 8
27 78 6 1
27 79 1 2
27 80 9 6
27 82 7 3
27 84 5 9
27 85 1 7
27 86 4 6
27 87 9 10
27 88 4 8
27 89 4 7
27 90 3 3
27 91 8 1
27 92 1 2
27 93 7 5
27 95 8 9
27 96 8 10
27 97 8 2
27 99 6 7
27 100 2 9
28 29 4 2
28 31 9 3
28 32 3 6
28 33 8 3
28 34 7 7
28 36 6 7
28 38 8 10
28 39 1 1
28 40 1 6
28 42 1 6
28 43 7 1
28 44 9 5
28 45 3 4
28 46 8 10
28 47 2 6
28 48 7 6
28 49 10 3
28 50 1 9
28 52 10 3
28 53 4 2
28 54 1 7
28 55 8 8
28 57 6 10
28 58 3 10
28 60 10 8
28 61 4 2
28 62 3 5
28 63 10 9
28 65 8 4
28 66 9 10
28 68 10 2
28 69 10 6
28 70 8 3
28 72 7 9
28 73 8 10
28 74 2 4
28 75 5 5
28 77 9 3
28 78 4 10
28 79 10 2
28 80 10 9
28 82 5 4
28 83 5 8
28 84 3 5
28 87 4 2
28 89 6 8
28 90 3 3
28 92 3 2
28 93 9 8
28 94 9 8
28 95 1 3
28 96 10 3
28 97 4 4
28 98 4 3
28 99 8 10
29 31 5 10
29 32 10 6
29 33 9 7
29 35 3 3
29 36 7 3
29 37 9 4
29 38 7 10
29 39 3 7
29 41 6 1
29 42 8 1
29 43 9 1
29 44 1 1
29 46 4 3
29 47 4 2
29 48 10 4
29 49 6 8
29 51 4 3
29 52 2 10
29 53 10 6
29 54 3 2
29 55 1 3
29 56 8 9
29 57 9 3
29 59 5 2
29 60 7 1
29 63 6 2
29 64 5 8
29 65 9 8
29 67 6 7
29 68 6 9
29 69 1 1
29 70 6 4
29 71 3 1
29 72 4 3
29 73 1 2
29 74 7 5
29 75 3 6
29 76 5 7
29 78 9 8
29 79 5 8
29 81 7 9
29 82 2 7
29 84 10 5
29 85 1 7
29 86 4 5
29 87 2 1
29 88 10 1
29 89 1 10
29 91 9 4
29 92 7 2
29 93 9 2
29 94 6 4
29 95 3 1
29 96 6 5
29 97 4 1
29 98 7 10
29 99 10 2
30 31 2 1
30 32 6 3
30 34 3 6
30 36 6 6
30 37 8 7
30 38 10 10
30 39 10 3
30 40 9 3
30 41 1 4
30 43 1 2
30 44 4 6
30 45 10 3
30 46 7 10
30 47 2 9
30 48 7 7
30 49 1 4
30 50 8 5
30 51 7 3
30 54 5 4
30 55 2 5
30 56 3 3
30 58 1 4
30 59 4 8
30 60 9 10
30 61 4 1
30 62 2 5
30 63 3 7
30 64 4 8
30 65 2 6
30 66 9 9
30 67 8 4
30 68 5 1
30 69 8 1
30 70 3 5
30 71 8 4
30 72 1 6
30 73 10 6
30 74 7 3
30 75 2 7
30 76 10 10
30 77 8 6
30 79 9 6
30 80 10 3
30 81 3 8
30 83 3 8
30 84 4 2
30 85 2 8
30 86 10 6
30 88 4 8
30 89 6 6
30 90 5 9
30 91 6 7
30 93 9 2
30 95 6 5
30 96 5 3
30 98 9 3
30 99 5 2
30 100 4 9
31 32 7 7
31 33 10 8
31 34 7 6
31 35 9 3
31 36 10 6
31 37 4 7
31 39 5 1
31 40 1 7
31 41 5 3
31 42 8 1
31 44 2 7
31 45 6 2
31 46 6 1
31 49 3 3
31 50 2 10
31 51 8 9
31 53 4 7
31 55 10 10
31 56 1 2
31 57 2 3
31 58 1 9
31 59 7 6
31 60 4 9
31 61 3 9
31 62 3 1
31 63 10 10
31 64 1 6
31 65 6 7
31 66 3 6
31 68 4 7
31 69 10 9
31 70 1 9
31 71 10 6
31 72 7 6
31 73 9 5
31 75 8 4
31 76 10 3
31 77 1 5
31 78 2 3
31 80 7 5
31 81 10 5
31 82 6 2
31 83 8 10
31 84 7 7
31 86 9 3
31 87 3 7
31 88 6 8
31 89 6 7
31 90 1 2
31 91 5 9
31 92 3 7
31 93 4 4
31 94 8 7
31 95 3 10
31 96 6 8
31 98 7 2
31 99 5 4
31 100 4 6
32 33 9 1
32 34 7 1
32 35 6 10
32 36 3 3
32 37 5 2
32 39 3 6
32 40 7 10
32 41 9 1
32 42 9 1
32 43 6 10
32 44 10 3
32 46 1 6
32 47 9 4
32 48 7 1
32 49 1 5
32 50 8 10
32 52 8 10
32 53 3 6
32 54 10 7
32 55 3 5
32 56 6 8
32 57 3 10
32 59 6 6
32 60 2 6
32 62 9 1
32 64 4 3
32 65 1 3
32 66 9 10
32 67 9 8
32 68 6 7
32 69 3 3
32 70 5 10
32 71 1 10
32 75 6 6
32 76 1 6
32 77 1 8
32 78 3 9
32 79 8 2
32 80 9 7
32 81 5 6
32 82 2 5
32 83 6 6
32 84 7 3
32 87 7 7
32 89 5 7
32 90 2 7
32 91 10 4
32 92 7 9
32 93 2 8
32 94 7 8
32 96 10 10
32 97 4 5
32 98 1 9
32 99 1 2
32 100 9 7
33 34 8 9
33 35 8 6
33 36 1 2
33 37 10 10
33 38 7 3
33 39 2 1
33 40 4 4
33 41 5 5
33 42 3 2
33 43 5 9
33 44 1 3
33 45 4 1
33 46 1 7
33 47 4 10
33 48 2 4
33 49 9 1
33 50 1 5
33 51 3 7
33 52 1 10
33 54 10 4
33 55 10 3
33 56 6 2
33 57 7 5
33 58 5 10
33 59 9 7
33 60 5 8
33 62 8 2
33 63 5 8
33 65 2 6
33 66 6 7
33 68 7 7
33 69 8 7
33 71 7 10
33 72 4 4
33 73 2 8
33 74 8 2
33 75 1 4
33 76 3 9
33 77 10 10
33 78 3 6
33 79 2 9
33 80 1 1
33 81 9 1
33 82 5 4
33 83 4 2
33 84 5 5
33 85 8 8
33 88 4 10
33 89 1 1
33 90 4 1
33 91 10 1
33 92 8 10
33 93 7 5
33 94 1 1
33 95 8 7
33 96 4 8
33 97 9 4
33 99 7 4
33 100 2 1
34 37 2 2
34 38 4 4
34 39 7 7
34 40 4 1
34 41 5 2
34 42 2 5
34 43 9 4
34 44 4 2
34 45 9 3
34 47 1 10
34 48 2 4
34 49 8 3
34 50 8 7
34 51 9 10
34 52 2 8
34 53 4 7
34 54 10 10
34 57 8 4
34 58 7 3
34 59 5 3
34 60 6 3
34 61 5 7
34 62 7 9
34 63 6 8
34 64 3 7
34 65 2 5
34 66 4 4
34 67 5 3
34 69 5 3
34 70 8 8
34 74 9 9
34 76 7 9
34 77 4 7
34 78 1 9
34 79 4 4
34 80 7 6
34 81 6 9
34 83 5 1
34 85 5 1
34 86 10 9
34 87 4 3
34 88 6 3
34 89 1 8
34 90 7 1
34 91 8 3
34 95 2 7
34 96 8 9
34 97 7 10
34 98 5 2
34 100 1 4
35 36 6 8
35 37 9 4
35 38 3 10
35 39 4 9
35 40 4 9
35 41 1 2
35 42 2 6
35 43 2 2
35 44 9 5
35 45 1 5
35 47 6 9
35 48 4 5
35 49 6 8
35 51 4 5
35 53 2 9
35 54 2 6
35 55 4 3
35 56 6 1
35 57 4 6
35 58 3 6
35 59 10 3
35 60 7 1
35 61 6 5
35 62 1 4
35 63 8 10
35 64 8 2
35 65 5 3
35 66 5 1
35 67 6 10
35 68 1 9
35 69 2 3
35 70 5 2
35 71 8 3
35 73 6 1
35 74 5 1
35 76 7 9
35 77 5 8
35 78 1 3
35 79 10 7
35 80 1 9
35 81 8 1
35 82 6 9
35 83 8 5
35 84 3 2
35 85 9 6
35 86 10 7
35 87 8 6
35 88 8 6
35 89 4 10
35 90 7 4
35 91 9 3
35 92 1 4
35 95 9 1
35 96 9 6
35 97 3 5
35 99 4 8
35 100 9 9
36 37 8 8
36 38 5 3
36 39 7 1
36 40 8 1
36 41 7 8
36 42 10 5
36 46 5 8
36 47 3 3
36 48 10 9
36 49 10 1
36 50 8 5
36 51 7 2
36 52 8 4
36 53 8 3
36 54 1 6
36 55 3 6
36 57 2 2
36 58 2 10
36 59 5 4
36 60 2 6
36 61 2 4
36 62 5 10
36 64 10 8
36 67 3 4
36 70 4 6
36 71 1 1
36 72 5 9
36 73 6 2
36 74 10 1
36 79 8 9
36 80 9 8
36 81 1 10
36 82 5 1
36 84 3 1
36 85 9 6
36 87 1 6
36 89 2 9
36 90 8 2
36 91 9 6
36 92 10 2
36 94 4 7
36 95 5 2
36 96 4 6
36 97 4 5
36 98 9 4
36 99 1 2
37 39 7 6
37 41 6 9
37 42 8 9
37 43 2 9
37 44 1 8
37 45 8 9
37 46 4 3
37 47 5 1
37 48 2 4
37 49 2 7
37 51 10 8
37 53 9 1
37 55 1 4
37 56 5 3
37 57 2 3
37 58 9 2
37 59 7 7
37 61 2 6
37 63 4 5
37 64 1 10
37 65 7 6
37 67 1 4
37 68 1 6
37 69 3 8
37 70 6 1
37 71 5 7
37 72 5 9
37 73 1 10
37 74 7 6
37 75 2 3
37 76 2 10
37 77 9 3
37 78 5 1
37 79 6 6
37 80 7 4
37 83 7 4
37 84 4 10
37 85 6 7
37 86 9 9
37 87 4 7
37 88 4 1
37 89 5 8
37 91 1 6
37 92 6 1
37 93 9 9
37 94 8 2
37 95 2 1
37 96 10 8
37 97 8 4
37 98 6 6
38 39 7 10
38 40 6 7
38 41 5 4
38 42 3 7
38 43 4 2
38 44 9 7
38 45 5 1
38 46 1 4
38 47 6 2
38 48 10 5
38 50 2 2
38 51 9 5
38 52 9 3
38 53 2 9
38 55 2 3
38 56 3 5
38 57 5 6
38 59 3 6
38 61 1 9
38 62 8 8
38 63 9 7
38 64 8 9
38 65 2 2
38 66 6 7
38 69 6 7
38 70 5 2
38 71 1 2
38 72 3 1
38 74 1 9
38 75 6 6
38 76 7 4
38 77 8 7
38 78 5 6
38 79 9 9
38 80 9 5
38 83 6 10
38 84 9 7
38 85 7 9
38 86 1 2
38 87 3 10
38 89 8 3
38 92 6 1
38 94 2 7
38 95 8 6
38 96 3 2
38 97 10 9
38 98 7 3
38 99 3 5
39 40 3 1
39 41 10 9
39 42 2 2
39 43 10 1
39 45 10 4
39 46 5 9
39 47 9 2
39 49 9 1
39 50 1 7
39 51 9 5
39 52 4 4
39 53 4 9
39 54 10 5
39 55 7 6
39 56 7 4
39 57 8 7
39 58 8 9
39 59 5 8
39 60 5 9
39 61 5 5
39 62 1 3
39 63 1 7
39 65 3 8
39 66 10 1
39 67 3 6
39 68 10 4
39 69 1 5
39 70 2 8
39 71 4 5
39 72 9 3
39 73 10 4
39 75 6 7
39 76 8 8
39 77 2 10
39 78 9 4
39 79 10 4
39 81 4 2
39 82 10 8
39 83 3 8
39 84 8 5
39 85 7 6
39 88 1 9
39 89 8 4
39 90 8 1
39 91 1 2
39 92 7 5
39 93 9 2
39 94 5 10
39 95 2 9
39 96 10 5
39 97 1 7
39 98 7 5
39 99 1 4
39 100 8 4
40 41 9 7
40 42 4 5
40 43 9 1
40 44 8 5
40 45 10 5
40 46 5 2
40 48 7 10
40 49 3 9
40 50 3 4
40 51 3 9
40 52 1 3
40 53 7 1
40 54 8 4
40 55 9 4
40 58 5 8
40 59 5 1
40 60 6 9
40 61 3 9
40 63 8 7
40 64 8 8
40 65 6 5
40 66 1 10
40 67 7 4
40 68 6 10
40 69 8 2
40 70 2 5
40 71 5 8
40 72 2 7
40 73 2 7
40 74 10 8
40 75 9 10
40 76 9 2
40 78 1 7
40 79 10 10
40 80 10 6
40 81 4 3
40 82 4 9
40 83 1 3
40 84 10 5
40 85 3 7
40 87 3 3
40 88 7 4
40 89 9 2
40 90 5 4
40 91 5 9
40 92 5 8
40 93 9 5
40 94 5 7
40 96 2 5
40 97 2 10
40 99 9 2
40 100 8 9
41 42 3 1
41 43 2 3
41 44 9 8
41 45 1 10
41 46 1 2
41 47 2 3
41 49 6 7
41 50 2 8
41 51 7 8
41 52 6 10
41 53 8 5
41 57 5 1
41 58 2 7
41 59 2 10
41 60 3 6
41 61 3 1
41 62 1 4
41 63 9 2
41 65 4 4
41 66 8 10
41 67 5 4
41 68 6 7
41 69 3 8
41 70 10 10
41 71 8 10
41 73 2 7
41 74 6 1
41 75 3 2
41 76 1 2
41 77 4 2
41 78 9 10
41 79 4 7
41 80 4 5
41 81 7 7
41 84 10 8
41 87 3 1
41 88 6 4
41 89 9 6
41 90 7 3
41 91 5 8
41 92 8 1
41 93 3 9
41 94 8 6
41 95 2 3
41 96 9 6
41 97 2 2
41 98 9 2
42 43 6 5
42 45 2 7
42 46 3 5
42 47 1 2
42 48 8 4
42 50 4 6
42 51 7 10
42 52 5 5
42 53 9 10
42 55 2 4
42 56 7 4
42 58 4 5
42 59 9 6
42 60 9 7
42 61 7 8
42 62 7 4
42 63 10 10
42 65 7 9
42 66 8 4
42 67 4 7
42 68 5 9
42 69 5 2
42 70 5 7
42 71 6 2
42 72 10 8
42 73 8 5
42 74 7 1
42 75 3 3
42 78 3 5
42 79 10 7
42 80 8 1
42 81 2 10
42 82 5 9
42 83 10 4
42 84 2 10
42 85 4 8
42 88 8 3
42 89 7 2
42 90 3 6
42 91 2 10
42 92 6 3
42 94 7 8
42 95 1 2
42 96 2 5
42 97 3 9
42 99 6 5
42 100 8 2
43 44 5 1
43 45 7 10
43 46 3 10
43 49 3 5
43 50 9 8
43 51 10 2
43 52 2 2
43 53 3 3
43 55 4 10
43 56 9 4
43 57 4 3
43 58 1 3
43 59 5 5
43 60 9 9
43 61 8 8
43 62 4 4
43 63 1 3
43 64 3 6
43 65 7 2
43 66 4 6
43 67 6 6
43 68 4 8
43 69 5 6
43 70 5 10
43 71 10 8
43 72 9 9
43 73 5 5
43 74 6 9
43 75 4 10
43 76 4 2
43 77 6 7
43 78 9 2
43 80 4 8
43 81 1 6
43 82 2 10
43 83 2 8
43 85 10 5
43 87 3 1
43 88 1 6
43 89 3 6
43 91 5 6
43 92 9 7
43 93 7 7
43 94 9 4
43 95 6 1
43 96 4 10
43 97 8 1
43 98 10 9
43 99 3 8
43 100 4 3
44 47 7 1
44 48 2 4
44 51 7 4
44 52 7 7
44 54 7 3
44 55 2 3
44 56 6 3
44 57 1 10
44 58 4 1
44 59 1 7
44 61 4 9
44 63 6 3
44 65 3 9
44 66 5 1
44 67 3 9
44 69 5 3
44 70 6 6
44 71 6 8
44 72 7 10
44 73 1 7
44 74 6 4
44 75 5 7
44 76 1 10
44 77 8 5
44 78 3 2
44 79 6 4
44 80 7 9
44 81 1 5
44 82 2 7
44 85 8 2
44 86 8 9
44 87 3 2
44 88 1 7
44 89 6 1
44 91 10 5
44 92 1 9
44 93 5 10
44 94 2 8
44 95 5 7
44 96 9 3
44 97 3 8
45 47 8 9
45 48 2 8
45 49 6 2
45 50 3 7
45 52 8 9
45 53 4 3
45 54 6 4
45 55 10 2
45 56 3 1
45 57 10 6
45 58 10 7
45 59 7 8
45 60 10 7
45 62 3 9
45 64 8 10
45 65 5 1
45 66 6 10
45 67 4 7
45 68 3 3
45 70 1 1
45 71 1 2
45 72 4 5
45 73 6 8
45 74 2 1
45 75 9 4
45 77 9 3
45 78 1 7
45 79 2 10
45 80 3 7
45 81 10 1
45 82 2 4
45 83 1 7
45 84 7 9
45 86 5 10
45 87 4 7
45 88 4 7
45 89 8 4
45 90 6 9
45 91 6 8
45 94 3 2
45 96 2 9
45 98 9 9
46 48 8 7
46 50 10 3
46 51 2 9
46 52 10 1
46 54 7 10
46 55 4 5
46 57 7 6
46 58 9 2
46 59 8 9
46 60 1 8
46 62 9 10
46 64 3 3
46 65 10 2
46 66 10 5
46 67 8 6
46 68 3 2
46 69 3 3
46 70 10 2
46 71 8 4
46 72 9 5
46 73 6 6
46 74 7 6
46 75 7 7
46 76 10 2
46 77 2 10
46 78 5 10
46 80 7 2
46 81 10 5
46 82 6 10
46 83 7 4
46 85 6 10
46 86 7 4
46 87 1 4
46 89 5 10
46 91 9 2
46 93 1 9
46 95 5 3
46 96 7 1
46 97 2 3
46 98 1 4
47 48 5 2
47 49 3 5
47 52 5 3
47 53 1 2
47 54 2 10
47 55 6 8
47 56 5 9
47 57 4 4
47 58 7 2
47 59 7 6
47 62 5 3
47 65 10 5
47 67 3 8
47 69 4 8
47 70 7 6
47 72 6 5
47 73 8 4
47 74 2 6
47 75 10 5
47 76 7 1
47 77 6 6
47 78 9 10
47 79 5 9
47 80 1 1
47 82 5 8
47 84 6 3
47 85 2 9
47 86 8 1
47 87 5 1
47 90 7 3
47 93 2 6
47 94 5 5
47 95 9 2
47 97 10 1
47 98 4 7
48 49 7 5
48 50 2 10
48 51 10 10
48 52 7 9
48 53 3 7
48 54 3 2
48 55 3 4
48 56 6 6
48 57 5 2
48 59 10 8
48 60 2 4
48 61 4 7
48 62 7 3
48 63 8 3
48 65 6 3
48 66 3 5
48 67 10 9
48 68 7 3
48 70 4 7
48 71 4 6
48 72 8 3
48 73 8 3
48 74 4 6
48 75 1 1
48 76 3 10
48 77 10 2
48 78 9 1
48 82 9 8
48 83 6 8
48 84 9 5
48 85 8 5
48 86 7 4
48 88 7 6
48 90 6 5
48 91 10 6
48 92 2 8
48 93 5 3
48 94 3 3
48 95 4 6
48 96 7 2
48 98 7 8
48 99 9 5
48 100 3 5
49 50 9 2
49 51 9 2
49 52 7 3
49 53 7 4
49 54 2 8
49 55 5 2
49 57 10 3
49 58 4 2
49 60 2 9
49 62 3 4
49 63 5 4
49 65 4 10
49 67 5 6
49 69 2 3
49 70 2 7
49 72 7 8
49 73 7 2
49 74 9 5
49 76 6 5
49 77 3 5
49 78 1 9
49 79 10 6
49 80 7 9
49 81 6 5
49 82 2 3
49 83 2 2
49 84 7 2
49 85 6 5
49 86 7 6
49 87 5 5
49 88 3 8
49 89 2 5
49 90 2 6
49 91 3 8
49 92 3 7
49 93 7 9
49 95 4 10
49 96 2 8
49 98 3 4
49 99 4 4
49 100 9 7
50 51 3 2
50 52 7 9
50 53 2 3
50 56 10 2
50 57 7 6
50 58 6 6
50 60 5 5
50 61 9 1
50 63 3 10
50 64 1 6
50 67 3 3
50 68 6 5
50 69 6 8
50 70 4 8
50 71 2 3
50 73 8 2
50 74 7 7
50 75 1 6
50 76 5 10
50 77 10 1
50 78 5 2
50 79 2 10
50 80 4 3
50 82 8 1
50 83 1 6
50 84 1 7
50 86 4 1
50 87 2 5
50 88 2 5
50 89 10 9
50 90 9 8
50 91 5 1
50 93 2 6
50 94 4 8
50 96 2 8
50 97 10 8
50 98 7 4
50 99 6 7
50 100 7 3
51 52 3 8
51 53 1 8
51 55 9 4
51 56 6 2
51 57 8 5
51 58 10 9
51 59 9 9
51 60 3 10
51 62 5 9
51 63 4 7
51 64 4 1
51 65 3 3
51 66 3 10
51 67 7 1
51 69 4 10
51 70 7 2
51 71 6 10
51 72 5 6
51 73 2 4
51 75 6 2
51 76 10 3
51 79 2 7
51 81 4 10
51 83 6 4
51 84 6 2
51 85 9 5
51 86 6 7
51 87 2 9
51 89 10 4
51 91 5 10
51 92 5 7
51 93 6 8
51 94 10 2
51 95 4 1
51 96 3 1
51 97 8 3
51 98 3 7
51 99 1 10
51 100 1 2
52 53 8 7
52 54 1 5
52 55 2 3
52 56 3 3
52 59 2 5
52 60 8 2
52 61 8 4
52 62 10 6
52 63 2 4
52 65 1 8
52 68 6 8
52 70 4 9
52 71 6 5
52 72 4 3
52 73 9 8
52 74 8 5
52 75 7 6
52 76 6 5
52 77 2 10
52 79 7 4
52 80 2 2
52 81 6 6
52 82 3 5
52 83 3 7
52 84 8 1
52 85 2 2
52 86 6 1
52 88 10 5
52 89 6 6
52 90 1 8
52 92 3 10
52 93 8 1
52 94 10 8
52 95 3 3
52 96 2 6
52 97 10 3
52 98 1 5
52 99 2 2
53 54 7 2
53 55 9 3
53 57 8 6
53 58 9 10
53 59 3 10
53 60 6 3
53 61 3 1
53 62 10 9
53 63 9 9
53 64 8 5
53 65 7 4
53 66 9 6
53 68 5 8
53 69 4 9
53 70 10 2
53 71 8 6
53 74 9 5
53 75 3 2
53 76 6 2
53 77 10 7
53 79 3 10
53 81 3 9
53 82 3 3
53 83 2 10
53 86 6 1
53 87 3 1
53 88 4 7
53 89 10 8
53 90 5 1
53 93 7 1
53 95 5 6
53 96 10 7
53 97 1 3
53 98 9 4
53 99 7 7
53 100 3 6
54 55 10 4
54 56 8 10
54 57 6 7
54 58 4 5
54 59 2 6
54 60 3 1
54 61 8 3
54 62 10 6
54 65 8 9
54 66 6 3
54 67 10 8
54 69 6 1
54 70 2 7
54 71 10 8
54 72 4 10
54 73 5 8
54 75 3 7
54 77 9 1
54 78 9 5
54 80 4 2
54 81 1 2
54 82 9 9
54 83 6 8
54 84 6 3
54 85 8 10
54 86 2 1
54 87 6 2
54 88 10 8
54 89 10 7
54 90 2 8
54 91 10 7
54 92 9 7
54 93 9 1
54 94 9 10
54 95 6 7
54 96 5 7
54 97 3 3
54 99 8 4
54 100 9 6
55 56 4 5
55 58 2 7
55 59 6 4
55 60 10 6
55 61 10 7
55 63 2 9
55 65 1 2
55 67 5 7
55 69 9 1
55 70 2 10
55 72 1 9
55 73 7 1
55 74 7 3
55 75 2 10
55 76 9 4
55 77 1 7
55 78 9 1
55 79 9 5
55 80 3 10
55 81 2 3
55 83 8 3
55 84 10 1
55 85 10 6
55 86 5 5
55 87 10 1
55 88 3 1
55 89 8 2
55 90 10 5
55 91 5 7
55 92 6 6
55 94 9 4
55 95 10 4
55 96 5 4
55 98 9 1
55 99 9 8
55 100 1 2
56 57 5 4
56 58 1 6
56 59 10 5
56 60 7 6
56 62 8 1
56 63 7 2
56 64 3 7
56 65 1 2
56 66 1 7
56 67 8 8
56 68 7 8
56 69 9 3
56 70 6 2
56 71 6 2
56 75 6 9
56 76 9 3
56 77 7 7
56 78 6 1
56 79 1 3
56 81 4 10
56 82 8 1
56 85 4 6
56 86 2 6
56 87 8 7
56 88 9 10
56 89 4 1
56 91 9 8
56 92 9 7
56 94 2 5
56 95 6 9
56 96 4 10
56 97 6 2
56 98 8 1
56 99 8 6
56 100 2 7
57 58 7 4
57 60 9 6
57 62 8 4
57 63 8 10
57 64 5 6
57 67 10 3
57 68 10 7
57 69 5 5
57 70 7 5
57 71 2 1
57 72 5 7
57 73 3 1
57 74 3 2
57 75 9 10
57 76 9 2
57 77 1 10
57 78 10 6
57 79 8 6
57 80 1 10
57 82 6 9
57 85 1 1
57 86 4 8
57 87 4 6
57 89 7 10
57 90 3 7
57 91 10 8
57 92 6 5
57 93 4 6
57 95 4 8
57 96 10 10
57 97 4 4
57 99 10 6
58 59 4 4
58 60 8 4
58 61 4 6
58 62 1 8
58 63 4 3
58 64 3 2
58 65 5 6
58 66 5 10
58 67 10 2
58 69 3 8
58 70 6 2
58 71 8 9
58 72 10 4
58 74 3 3
58 75 10 6
58 76 2 5
58 78 7 5
58 79 6 7
58 80 3 1
58 81 8 1
58 83 8 10
58 85 5 1
58 87 4 9
58 88 7 1
58 89 2 3
58 90 5 10
58 91 2 8
58 93 1 8
58 94 7 2
58 97 1 2
58 99 8 4
59 61 5 4
59 62 10 4
59 63 1 3
59 64 7 7
59 65 1 10
59 66 10 8
59 67 2 5
59 68 2 1
59 70 8 4
59 71 5 8
59 72 3 4
59 73 9 3
59 75 3 9
59 76 2 9
59 77 7 10
59 78 4 10
59 79 1 10
59 80 7 5
59 81 1 3
59 83 9 8
59 87 8 9
59 88 3 5
59 89 5 6
59 90 8 4
59 92 4 10
59 93 5 4
59 94 7 4
59 95 3 8
59 96 9 3
59 97 9 4
59 98 5 1
59 99 9 6
59 100 7 10
60 61 4 6
60 63 2 2
60 64 1 8
60 66 10 5
60 67 5 4
60 68 5 3
60 69 10 8
60 70 7 1
60 71 4 6
60 72 7 2
60 73 6 10
60 74 10 6
60 76 7 5
60 77 5 6
60 78 7 1
60 79 2 4
60 81 5 10
60 82 2 10
60 83 9 1
60 84 6 3
60 85 3 5
60 86 1 2
60 87 6 9
60 88 8 6
60 89 9 7
60 90 4 1
60 91 8 9
60 94 8 1
60 98 6 6
60 99 8 2
60 100 3 8
61 63 8 5
61 64 10 4
61 65 1 2
61 66 5 4
61 68 2 5
61 69 6 4
61 71 8 6
61 72 10 7
61 73 5 3
61 74 7 10
61 75 7 2
61 76 6 6
61 77 2 1
61 79 1 8
61 80 9 7
61 81 5 8
61 83 2 3
61 84 7 3
61 85 3 2
61 86 5 9
61 87 6 5
61 89 9 8
61 91 7 1
61 92 4 6
61 93 3 10
61 94 4 3
61 95 6 7
61 96 7 7
61 97 7 10
61 100 8 5
62 65 7 1
62 67 3 5
62 68 8 4
62 69 1 2
62 70 10 7
62 72 1 2
62 73 2 3
62 74 3 6
62 78 2 1
62 79 1 6
62 80 3 5
62 81 9 3
62 82 2 3
62 84 4 4
62 85 10 2
62 86 5 8
62 87 9 2
62 89 7 4
62 90 7 5
62 91 1 3
62 92 10 2
62 93 6 7
62 94 5 4
62 95 6 7
62 96 2 10
62 97 10 2
62 99 8 2
62 100 4 2
63 64 7 8
63 65 7 5
63 66 1 10
63 68 7 6
63 70 4 2
63 71 3 7
63 72 9 5
63 74 3 5
63 75 6 1
63 77 10 8
63 79 4 4
63 80 2 6
63 81 1 4
63 82 8 6
63 83 6 1
63 84 10 7
63 85 2 10
63 86 4 6
63 87 4 2
63 88 9 10
63 89 10 5
63 90 6 8
63 91 9 5
63 92 4 6
63 93 7 10
63 94 9 1
63 95 7 2
63 99 2 3
63 100 4 8
64 67 3 3
64 68 10 10
64 69 10 9
64 71 3 8
64 72 1 2
64 73 10 6
64 75 7 5
64 76 6 9
64 78 10 10
64 79 2 1
64 81 9 9
64 83 9 9
64 84 3 6
64 85 3 7
64 86 8 2
64 88 7 2
64 89 7 6
64 90 10 5
64 91 9 10
64 92 8 1
64 93 10 2
64 94 7 5
64 95 8 2
64 96 8 2
64 98 6 10
64 99 9 8
64 100 6 3
65 66 8 4
65 67 7 10
65 68 10 1
65 69 5 7
65 70 4 4
65 72 8 3
65 73 10 2
65 74 8 1
65 75 4 4
65 80 2 10
65 81 3 3
65 82 10 4
65 83 5 2
65 84 8 3
65 85 1 7
65 86 9 8
65 87 2 7
65 88 5 8
65 89 7 7
65 90 1 3
65 93 5 3
65 94 9 10
65 96 10 10
65 97 10 7
65 98 9 4
65 99 8 2
65 100 7 8
66 68 8 8
66 69 8 10
66 70 8 3
66 72 2 5
66 73 4 1
66 74 2 2
66 75 4 1
66 76 8 10
66 79 10 4
66 80 8 4
66 82 7 7
66 83 9 7
66 85 8 2
66 86 9 3
66 87 9 6
66 88 10 1
66 90 5 10
66 91 10 4
66 92 5 10
66 93 8 5
66 94 5 10
66 95 10 7
66 97 7 3
66 98 3 10
66 99 7 10
66 100 6 8
67 68 9 7
67 70 3 2
67 71 6 1
67 72 4 1
67 73 3 3
67 76 5 10
67 77 3 10
67 78 6 3
67 79 3 1
67 80 10 5
67 82 4 6
67 83 5 2
67 84 6 7
67 86 8 3
67 87 3 8
67 89 7 6
67 90 9 6
67 91 5 2
67 92 5 3
67 93 1 5
67 94 1 2
67 95 2 3
67 98 2 1
67 99 4 7
67 100 10 3
68 69 10 6
68 70 5 1
68 71 1 3
68 72 5 4
68 75 2 5
68 76 1 9
68 77 10 1
68 78 7 2
68 79 8 3
68 80 6 6
68 81 6 8
68 83 1 8
68 85 5 4
68 86 5 3
68 88 5 10
68 89 5 10
68 90 4 3
68 91 10 5
68 92 8 6
68 93 10 6
68 94 8 6
68 95 6 1
68 96 3 9
68 98 6 4
69 70 5 10
69 73 5 4
69 74 6 7
69 76 3 7
69 77 7 1
69 78 3 8
69 79 8 6
69 81 3 4
69 82 7 1
69 83 5 9
69 84 1 3
69 85 7 5
69 86 7 6
69 87 7 6
69 88 6 3
69 89 2 10
69 90 10 10
69 91 7 8
69 93 10 6
69 94 5 10
69 95 3 6
69 96 7 1
69 97 9 3
69 99 1 7
69 100 5 1
70 71 8 1
70 72 8 9
70 73 3 7
70 75 8 5
70 76 8 1
70 79 10 8
70 80 4 3
70 81 6 7
70 82 2 9
70 83 3 5
70 84 8 5
70 85 9 1
70 86 8 8
70 88 9 10
70 90 2 4
70 91 3 5
70 93 10 9
70 94 5 9
70 95 6 9
70 97 4 5
70 98 10 10
70 99 7 10
70 100 7 8
71 72 1 2
71 73 6 6
71 74 5 10
71 75 5 9
71 76 5 5
71 79 5 3
71 80 7 6
71 83 3 5
71 84 9 5
71 86 5 9
71 87 8 5
71 88 8 9
71 89 8 10
71 90 5 10
71 94 3 6
71 95 3 2
71 96 7 1
71 97 7 6
71 98 6 10
71 99 1 4
71 100 8 7
72 73 5 6
72 75 1 5
72 76 1 10
72 78 8 1
72 79 6 3
72 81 5 4
72 82 4 5
72 83 2 7
72 85 8 1
72 86 5 4
72 87 2 9
72 88 6 4
72 89 9 10
72 90 6 6
72 91 4 2
72 92 2 8
72 93 1 8
72 94 5 8
72 95 5 5
72 96 3 6
72 97 1 5
72 99 8 8
72 100 2 7
73 74 10 6
73 75 8 5
73 76 1 3
73 78 9 9
73 80 7 5
73 81 6 5
73 82 4 2
73 84 2 6
73 85 2 9
73 86 7 3
73 87 9 2
73 89 6 3
73 90 8 3
73 91 6 10
73 93 3 7
73 95 7 10
73 96 1 4
73 98 4 2
73 99 1 9
73 100 5 3
74 75 9 3
74 77 2 10
74 78 2 5
74 79 1 9
74 81 7 9
74 82 5 2
74 83 1 4
74 84 1 8
74 85 7 9
74 86 3 5
74 87 2 10
74 89 1 3
74 90 7 10
74 93 6 5
74 95 8 10
74 96 6 3
74 98 9 1
74 99 9 1
74 100 7 7
75 77 9 6
75 78 1 1
75 79 4 1
75 80 5 5
75 81 1 2
75 82 8 1
75 83 9 4
75 86 3 3
75 87 1 2
75 88 9 6
75 89 4 4
75 90 1 2
75 91 5 3
75 93 3 2
75 94 3 8
75 96 3 9
75 97 9 7
75 98 9 6
75 99 7 10
76 77 5 7
76 78 1 1
76 79 10 6
76 80 2 2
76 82 9 8
76 84 7 6
76 85 7 6
76 86 6 1
76 87 8 10
76 89 5 7
76 90 4 4
76 93 6 6
76 95 7 8
76 96 8 10
76 97 7 3
76 98 7 5
76 100 10 1
77 78 9 9
77 79 7 1
77 80 2 10
77 82 3 1
77 83 7 5
77 84 6 10
77 85 8 2
77 87 2 9
77 88 1 5
77 89 2 10
77 90 9 4
77 91 2 7
77 92 7 6
77 93 8 10
77 94 8 4
77 95 8 2
77 96 5 2
77 97 6 8
77 98 4 3
77 99 5 5
77 100 5 5
78 79 1 10
78 80 2 9
78 81 10 2
78 82 2 2
78 83 8 8
78 84 7 1
78 86 7 7
78 87 8 6
78 89 7 5
78 90 4 1
78 91 6 3
78 92 2 3
78 93 8 4
78 94 10 1
78 95 5 9
78 96 5 3
78 97 10 1
78 98 6 2
78 99 2 5
78 100 4 6
79 80 7 7
79 81 4 6
79 82 10 2
79 83 5 7
79 84 2 6
79 85 9 9
79 86 4 3
79 88 1 4
79 89 8 9
79 90 2 10
79 91 8 1
79 92 7 3
79 94 2 9
79 95 9 8
79 98 6 2
79 99 2 5
79 100 4 5
80 81 10 2
80 82 7 1
80 83 9 9
80 84 10 7
80 85 8 6
80 86 6 8
80 87 7 7
80 88 1 9
80 89 9 7
80 90 3 4
80 91 1 2
80 93 5 3
80 94 10 2
80 95 8 6
80 96 1 10
80 98 3 3
80 99 3 2
80 100 10 10
81 82 4 8
81 83 2 2
81 84 6 4
81 86 10 4
81 87 4 10
81 88 3 7
81 89 1 3
81 91 6 1
81 92 4 3
81 93 6 10
81 95 4 3
81 96 1 6
81 97 8 7
81 98 4 4
81 99 1 1
81 100 8 7
82 83 4 8
82 85 3 3
82 86 4 6
82 87 2 6
82 88 5 6
82 90 10 10
82 91 6 1
82 92 8 6
82 94 5 1
82 95 8 4
82 96 7 6
82 97 4 7
82 98 3 4
82 100 1 2
83 84 1 8
83 85 7 3
83 87 7 2
83 88 2 3
83 89 1 1
83 90 1 2
83 91 1 10
83 92 3 6
83 93 4 4
83 94 9 2
83 95 8 4
83 99 5 6
83 100 4 5
84 85 6 7
84 86 5 3
84 87 9 4
84 88 1 2
84 89 3 9
84 90 1 9
84 91 10 1
84 93 3 1
84 94 6 5
84 95 9 2
84 96 8 10
84 98 5 7
84 99 7 3
84 100 9 9
85 87 5 5
85 88 8 8
85 89 10 10
85 90 7 8
85 92 2 1
85 93 8 2
85 95 5 2
85 96 2 5
85 97 9 8
85 98 4 3
85 99 7 8
85 100 4 9
86 88 10 1
86 89 2 10
86 90 4 9
86 92 7 8
86 93 10 10
86 94 10 7
86 95 5 10
86 97 10 6
86 98 10 6
86 100 4 1
87 88 3 10
87 89 10 8
87 90 9 10
87 92 3 7
87 94 5 8
87 95 8 2
87 96 6 5
87 97 5 6
87 98 2 4
87 99 5 7
87 100 3 2
88 92 4 2
88 93 2 10
88 94 5 4
88 96 10 6
88 97 3 9
88 98 3 1
88 99 3 7
88 100 7 8
89 90 5 10
89 91 8 4
89 93 10 10
89 94 3 3
89 95 3 10
89 97 4 5
89 98 8 3
89 99 1 4
90 91 7 1
90 93 2 1
90 94 2 8
90 96 9 3
90 97 6 8
90 98 6 2
90 99 4 8
90 100 6 4
91 92 5 10
91 93 2 6
91 94 3 9
91 95 4 4
91 96 10 5
91 98 6 7
91 99 7 6
92 93 4 1
92 94 9 8
92 95 1 6
92 96 6 1
92 97 5 5
92 98 9 7
92 99 5 9
93 95 5 3
93 97 4 8
93 98 9 6
93 99 1 10
93 100 8 9
94 95 3 5
94 96 4 9
94 98 4 8
94 100 9 10
95 96 1 10
95 97 2 7
95 100 10 4
96 98 5 6
96 99 3 5
96 100 8 2
97 99 9 1
97 100 8 6
98 99 10 9
98 100 7 10
99 100 4 3
1
1 2 3 4 5 6 7 8 9 10 11 12 13 14 15 16 17 18 19 20 21 22 23 24 25 26 27 28 29 30 31 32 33 34 35 36 37 38 39 40 41 42 43 44 45 46 47 48 49 50
