3932
1 2 8 6
1 3 7 5
1 4 10 8
1 6 4 5
1 7 8 8
1 8 4 9
1 9 6 3
1 11 7 4
1 12 4 8
1 13 7 6
1 15 1 9
1 16 4 2
1 18 1 9
1 19 7 4
1 20 1 8
1 21 1 10
1 22 10 3
1 23 9 5
1 24 9 9
1 25 7 1
1 27 2 8
1 28 6 10
1 30 10 3
1 31 7 10
1 32 2 2
1 33 5 3
1 34 7 7
1 36 6 10
1 37 8 2
1 38 2 6
1 39 2 9
1 40 2 7
1 42 2 8
1 44 7 1
1 45 1 9
1 47 8 4
1 48 7 9
1 49 2 10
1 51 2 9
1 53 5 4
1 54 5 3
1 55 2 2
1 57 10 7
1 58 2 7
1 60 6 7
1 61 7 3
1 62 10 1
1 63 4 7
1 64 3 1
1 65 6 2
1 66 1 4
1 67 5 3
1 68 1 9
1 70 2 7
1 72 10 4
1 73 7 4
1 74 7 1
1 75 2 9
1 76 10 2
1 79 1 1
1 80 3 2
1 82 7 5
1 83 8 5
1 84 4 6
1 85 6 1
1 86 3 10
1 89 1 8
1 90 6 9
1 91 1 6
1 92 7 7
1 93 10 1
1 94 7 6
1 95 5 10
1 96 7 6
1 97 7 9
1 98 1 7
1 99 10 3
1 100 3 6
2 3 1 9
2 4 2 3
2 5 10 2
2 6 2 8
2 8 7 7
2 9 1 6
2 10 7 9
2 12 1 4
2 13 7 10
2 15 1 9
2 16 6 6
2 17 1 5
2 18 3 1
2 19 2 4
2 20 6 8
2 21 5 1
2 22 10 10
2 24 1 2
2 25 7 1
2 26 5 9
2 27 5 5
2 28 5 9
2 29 10 8
2 30 5 3
2 32 10 9
2 34 6 3
2 35 7 8
2 36 6 3
2 37 5 2
2 38 4 8
2 39 6 10
2 40 10 1
2 42 10 7
2 43 8 9
2 44 5 7
2 45 3 1
2 46 3 4
2 47 1 8
2 51 6 8
2 52 6 1
2 55 3 7
2 56 7 8
2 57 3 2
2 58 7 8
2 59 6 9
2 60 1 1
2 61 4 1
2 62 6 4
2 63 4 3
2 64 2 7
2 65 5 9
2 66 10 3
2 67 1 6
2 68 2 4
2 69 9 5
2 70 10 7
2 72 3 5
2 78 3 7
2 81 4 4
2 82 4 5
2 83 2 3
2 84 4 9
2 85 5 7
2 87 8 9
2 88 3 4
2 90 5 9
2 91 9 4
2 92 3 6
2 94 3 5
2 95 6 4
2 96 4 5
2 98 6 9
2 99 7 6
2 100 4 3
3 4 5 9
3 5 5 1
3 6 6 2
3 7 4 1
3 8 5 5
3 9 10 4
3 10 6 4
3 11 1 9
3 12 6 5
3 13 4 1
3 14 2 5
3 15 8 2
3 16 1 1
3 17 5 6
3 18 3 10
3 19 3 5
3 20 2 1
3 21 2 7
3 22 6 6
3 24 8 7
3 25 1 1
3 26 8 6
3 27 9 1
3 28 2 1
3 29 6 6
3 31 3 4
3 33 3 8
3 34 2 1
3 36 9 10
3 37 1 3
3 41 6 10
3 42 10 10
3 43 8 7
3 44 3 7
3 45 3 1
3 46 6 1
3 47 2 2
3 49 8 6
3 51 2 1
3 52 5 4
3 53 9 5
3 54 7 1
3 55 8 1
3 56 9 8
3 57 10 4
3 58 1 3
3 59 5 9
3 60 6 10
3 62 10 8
3 63 4 8
3 64 3 5
3 66 9 8
3 68 7 3
3 72 1 1
3 73 9 8
3 74 6 6
3 75 8 8
3 77 6 7
3 78 4 10
3 79 5 10
3 80 4 4
3 82 8 10
3 83 5 1
3 84 1 8
3 85 7 4
3 86 4 5
3 87 8 9
3 88 2 10
3 89 7 3
3 90 3 6
3 91 10 2
3 92 10 4
3 93 7 8
3 94 2 6
3 95 7 10
3 96 3 5
3 97 8 10
3 99 8 4
4 5 9 8
4 6 8 6
4 7 1 9
4 8 2 2
4 9 6 10
4 10 4 6
4 11 2 1
4 12 9 8
4 14 10 7
4 15 4 3
4 17 1 7
4 19 5 8
4 20 9 4
4 22 1 7
4 24 6 1
4 25 5 3
4 26 3 8
4 27 5 8
4 28 9 8
4 29 4 5
4 32 7 8
4 33 7 4
4 34 6 1
4 35 8 8
4 36 4 9
4 37 3 9
4 38 7 5
4 39 9 7
4 41 7 10
4 42 6 2
4 43 7 4
4 44 6 5
4 45 2 10
4 46 1 2
4 47 6 9
4 51 3 6
4 52 8 3
4 54 10 10
4 55 3 10
4 56 5 1
4 58 7 9
4 59 8 9
4 60 1 2
4 61 7 8
4 62 2 3
4 63 3 7
4 64 9 5
4 65 8 3
4 66 8 2
4 68 6 1
4 69 6 7
4 71 8 6
4 72 4 1
4 73 4 2
4 75 3 10
4 76 9 4
4 77 2 8
4 80 8 9
4 81 3 7
4 82 4 6
4 83 6 4
4 84 5 1
4 85 10 8
4 87 1 5
4 88 4 3
4 89 10 4
4 90 9 7
4 91 4 2
4 92 6 1
4 93 9 2
4 94 1 3
4 96 9 5
4 97 5 9
4 98 2 8
4 99 2 1
4 100 4 9
5 6 2 5
5 7 2 7
5 8 9 1
5 9 9 5
5 10 6 6
5 11 7 10
5 12 8 2
5 14 8 8
5 15 1 3
5 16 5 4
5 17 9 3
5 18 10 10
5 19 4 6
5 20 3 5
5 21 3 2
5 22 2 6
5 23 3 8
5 24 10 8
5 25 4 2
5 26 8 1
5 27 10 1
5 28 8 4
5 29 8 7
5 30 1 7
5 31 1 7
5 32 6 9
5 34 4 1
5 35 8 4
5 36 2 2
5 37 4 8
5 38 3 1
5 39 9 2
5 40 6 3
5 42 8 6
5 43 8 5
5 44 1 2
5 45 6 4
5 46 4 7
5 47 7 7
5 48 1 6
5 49 3 9
5 50 8 3
5 51 9 1
5 52 8 1
5 53 6 6
5 54 9 8
5 55 5 9
5 56 7 8
5 58 8 3
5 59 8 8
5 60 4 1
5 62 4 4
5 63 10 5
5 64 10 9
5 65 8 7
5 67 1 9
5 68 5 2
5 69 2 2
5 70 5 2
5 72 1 8
5 73 9 3
5 74 4 5
5 75 9 9
5 76 9 8
5 77 2 8
5 78 6 5
5 79 5 2
5 80 7 5
5 81 5 4
5 82 8 10
5 83 7 7
5 84 10 4
5 85 2 2
5 86 6 3
5 87 2 2
5 88 8 2
5 89 6 2
5 90 4 1
5 91 3 3
5 93 7 9
5 95 9 1
5 96 9 10
5 98 8 8
5 99 8 4
5 100 8 9
6 7 3 2
6 8 10 3
6 9 1 8
6 10 1 8
6 11 7 7
6 12 3 7
6 13 8 2
6 14 2 9
6 15 9 8
6 17 7 2
6 18 9 8
6 19 9 7
6 20 6 4
6 21 9 1
6 22 10 5
6 23 1 1
6 24 4 1
6 25 8 2
6 27 1 1
6 28 4 6
6 29 2 4
6 30 7 10
6 31 7 7
6 32 1 3
6 33 8 10
6 34 2 9
6 35 1 4
6 36 8 8
6 37 2 1
6 39 9 4
6 40 8 4
6 41 2 10
6 42 8 2
6 43 10 1
6 44 6 9
6 45 10 9
6 47 10 8
6 48 9 4
6 49 9 6
6 50 10 4
6 52 8 4
6 55 5 10
6 57 9 9
6 58 6 8
6 59 3 10
6 60 9 2
6 62 4 5
6 64 2 3
6 65 10 6
6 66 1 1
6 67 6 10
6 68 2 10
6 69 10 9
6 70 7 8
6 72 10 9
6 74 3 9
6 76 1 8
6 77 10 1
6 79 4 1
6 80 2 4
6 81 1 3
6 82 9 1
6 83 2 5
6 84 6 9
6 85 6 6
6 87 5 9
6 88 9 1
6 89 8 6
6 90 1 5
6 91 8 5
6 92 2 7
6 95 9 2
6 96 9 10
6 97 8 6
6 98 5 6
6 99 2 7
6 100 2 5
7 8 9 9
7 9 6 7
7 10 1 3
7 11 6 8
7 12 8 10
7 13 4 3
7 15 8 7
7 16 8 1
7 18 7 9
7 20 1 10
7 21 8 6
7 23 2 9
7 24 6 4
7 25 9 3
7 26 8 10
7 27 5 2
7 28 8 3
7 29 10 3
7 32 1 10
7 35 9 5
7 36 9 7
7 37 10 3
7 38 6 1
7 39 9 5
7 41 10 9
7 42 6 4
7 43 2 4
7 44 3 9
7 45 6 1
7 46 9 4
7 47 10 6
7 48 5 9
7 49 8 7
7 50 4 7
7 51 1 2
7 52 7 4
7 53 7 8
7 54 3 8
7 56 5 6
7 57 5 1
7 58 3 6
7 59 2 4
7 60 1 3
7 64 8 1
7 65 8 9
7 66 7 10
7 67 5 4
7 68 1 6
7 69 9 6
7 70 3 1
7 71 2 2
7 72 1 6
7 73 6 7
7 74 9 7
7 77 6 4
7 78 10 3
7 79 6 2
7 80 10 4
7 81 9 8
7 84 6 5
7 85 7 5
7 86 1 9
7 87 10 6
7 90 4 4
7 91 2 5
7 92 2 9
7 93 1 4
7 94 2 8
7 95 3 5
7 96 4 7
7 97 10 10
7 98 5 10
7 100 7 1
8 9 1 3
8 10 4 7
8 12 7 3
8 13 1 4
8 14 3 2
8 15 5 10
8 16 10 9
8 17 4 4
8 18 10 1
8 19 6 10
8 20 4 7
8 21 8 5
8 22 6 5
8 23 5 6
8 25 2 10
8 26 5 9
8 27 3 8
8 28 1 9
8 29 6 9
8 31 2 2
8 33 6 8
8 34 7 10
8 35 9 1
8 36 3 4
8 37 5 1
8 38 3 7
8 39 3 10
8 41 9 4
8 42 10 5
8 43 7 1
8 44 6 3
8 45 9 8
8 47 4 1
8 48 10 1
8 49 8 5
8 50 6 9
8 51 2 5
8 52 1 4
8 53 3 4
8 55 2 3
8 57 8 5
8 58 8 2
8 59 4 4
8 61 1 8
8 62 3 8
8 64 6 7
8 65 7 2
8 67 6 7
8 68 9 3
8 69 9 3
8 70 9 9
8 72 4 7
8 73 7 7
8 74 6 6
8 75 8 6
8 77 3 3
8 78 6 7
8 79 5 5
8 80 5 4
8 81 5 3
8 82 5 2
8 83 9 3
8 84 8 5
8 85 3 6
8 86 1 8
8 87 4 7
8 88 6 9
8 89 6 2
8 90 5 9
8 91 7 5
8 92 7 2
8 93 8 9
8 94 9 1
8 95 7 3
8 96 8 2
8 97 6 3
8 98 7 10
8 99 8 7
8 100 4 3
9 10 3 10
9 11 3 3
9 12 6 6
9 13 10 4
9 14 8 4
9 16 4 6
9 18 5 1
9 19 3 6
9 22 5 10
9 23 7 5
9 24 10 9
9 25 2 8
9 26 3 6
9 27 7 4
9 28 4 4
9 30 6 8
9 31 2 2
9 32 2 2
9 34 4 9
9 35 7 10
9 36 10 6
9 37 5 4
9 38 4 4
9 40 7 1
9 42 9 4
9 43 3 6
9 44 2 6
9 46 5 6
9 48 5 5
9 49 9 8
9 51 4 2
9 52 10 9
9 53 9 6
9 54 8 10
9 55 4 8
9 56 5 9
9 57 5 10
9 58 9 6
9 59 3 3
9 60 5 9
9 61 3 7
9 62 9 10
9 63 4 9
9 65 3 10
9 66 8 4
9 67 4 1
9 68 1 4
9 69 4 3
9 70 7 8
9 72 4 8
9 73 4 7
9 74 8 9
9 76 9 3
9 77 7 4
9 78 2 3
9 79 9 5
9 81 2 2
9 84 4 1
9 86 5 6
9 87 7 7
9 88 7 10
9 89 1 2
9 91 4 8
9 92 6 10
9 93 7 9
9 94 4 1
9 95 7 3
9 97 2 3
9 98 7 8
9 100 1 3
10 11 5 10
10 12 10 4
10 14 2 6
10 15 6 6
10 16 3 1
10 17 7 9
10 19 8 8
10 20 8 5
10 21 6 10
10 22 7 8
10 23 1 5
10 24 7 2
10 25 1 6
10 26 9 2
10 27 3 6
10 28 2 2
10 31 9 2
10 34 9 3
10 35 8 5
10 36 10 5
10 37 5 9
10 38 4 2
10 39 7 7
10 41 7 5
10 42 2 7
10 43 7 5
10 44 2 3
10 45 3 2
10 46 3 1
10 47 4 10
10 48 4 3
10 49 2 5
10 50 2 2
10 51 4 2
10 52 1 10
10 53 3 4
10 55 1 2
10 56 7 10
10 57 10 5
10 59 1 2
10 60 10 2
10 61 4 3
10 62 4 5
10 64 5 10
10 66 8 6
10 68 1 7
10 69 2 10
10 70 1 1
10 76 9 9
10 77 9 8
10 78 9 4
10 79 7 5
10 80 7 8
10 81 2 9
10 82 2 6
10 83 8 3
10 84 1 9
10 85 1 3
10 86 10 5
10 87 5 7
10 88 5 5
10 89 5 1
10 92 10 10
10 93 10 10
10 94 7 10
10 95 4 6
10 96 6 1
10 98 4 4
10 99 3 5
10 100 8 4
11 12 6 7
11 13 2 3
11 14 4 8
11 15 3 2
11 16 4 3
11 17 3 7
11 18 6 3
11 21 6 6
11 22 5 6
11 23 2 9
11 24 7 9
11 25 9 5
11 27 3 8
11 28 5 4
11 30 6 5
11 31 6 9
11 33 3 3
11 34 9 8
11 35 7 2
11 36 6 5
11 37 6 1
11 38 7 2
11 39 7 6
11 40 7 5
11 42 8 2
11 43 9 2
11 44 3 8
11 45 4 10
11 47 4 3
11 48 3 8
11 49 3 2
11 51 2 4
11 52 2 2
11 53 10 8
11 54 6 6
11 56 3 3
11 57 8 2
11 59 2 7
11 61 3 10
11 63 5 3
11 64 7 6
11 65 9 2
11 66 10 1
11 67 2 3
11 68 4 1
11 69 9 9
11 70 4 1
11 71 1 4
11 72 3 8
11 73 2 8
11 74 7 8
11 75 7 2
11 76 3 5
11 78 7 4
11 79 1 1
11 80 4 9
11 81 9 1
11 82 9 10
11 85 5 7
11 86 7 7
11 87 9 2
11 89 4 4
11 90 2 4
11 91 10 2
11 93 9 3
11 94 7 8
11 95 5 7
11 96 9 5
11 97 6 2
11 99 4 6
11 100 4 10
12 13 10 2
12 14 8 5
12 15 6 1
12 17 4 5
12 19 9 4
12 21 6 7
12 22 10 8
12 23 2 8
12 24 5 1
12 25 1 9
12 27 5 1
12 28 10 2
12 29 8 10
12 30 6 6
12 31 4 1
12 32 7 4
12 33 8 1
12 36 3 8
12 38 2 1
12 39 5 2
12 40 8 2
12 41 4 6
12 42 1 5
12 43 5 2
12 44 10 7
12 45 6 10
12 46 3 5
12 47 1 9
12 49 3 2
12 50 7 1
12 53 6 2
12 54 5 10
12 55 8 9
12 56 2 9
12 57 3 5
12 58 8 7
12 59 4 2
12 61 6 9
12 62 7 7
12 63 4 9
12 64 7 4
12 65 6 4
12 67 8 3
12 68 6 3
12 69 4 8
12 71 1 1
12 72 4 2
12 73 5 9
12 74 8 2
12 75 10 1
12 77 8 3
12 78 9 1
12 80 4 5
12 81 3 10
12 82 6 10
12 84 9 5
12 85 8 7
12 86 6 6
12 87 3 2
12 88 9 6
12 89 10 5
12 90 2 9
12 92 6 5
12 93 1 6
12 94 6 3
12 95 10 7
12 96 4 7
12 97 3 7
12 98 2 8
12 99 3 3
12 100 5 5
13 14 3 9
13 15 2 4
13 16 4 7
13 17 10 9
13 18 4 10
13 20 10 4
13 22 9 8
13 23 1 8
13 24 6 3
13 25 1 2
13 26 2 4
13 27 10 1
13 28 2 10
13 29 3 1
13 32 2 10
13 33 5 3
13 34 6 4
13 35 8 6
13 36 3 10
13 37 7 7
13 38 7 10
13 39 10 5
13 40 7 10
13 41 7 2
13 42 2 9
13 44 2 10
13 45 7 5
13 47 4 7
13 48 3 4
13 49 8 7
13 50 1 5
13 51 2 2
13 52 2 1
13 54 4 9
13 57 2 7
13 59 1 10
13 60 1 1
13 61 9 6
13 62 10 10
13 63 10 10
13 64 10 3
13 65 8 6
13 66 2 1
13 67 3 8
13 68 3 6
13 69 5 9
13 70 6 7
13 71 10 6
13 73 1 4
13 74 9 10
13 75 2 10
13 76 2 8
13 77 10 5
13 78 4 8
13 79 1 6
13 80 2 7
13 81 4 7
13 82 4 2
13 83 9 3
13 84 5 7
13 86 5 4
13 87 5 4
13 88 8 5
13 89 5 6
13 91 6 5
13 92 7 8
13 93 2 3
13 94 6 8
13 95 9 9
13 96 6 9
13 98 2 8
13 99 2 1
13 100 10 5
14 16 8 5
14 19 7 10
14 20 6 6
14 21 8 1
14 22 5 7
14 25 3 1
14 26 2 5
14 27 3 6
14 28 9 3
14 30 5 7
14 32 2 10
14 33 9 7
14 34 2 1
14 35 6 8
14 38 8 3
14 39 1 7
14 40 3 2
14 41 1 2
14 42 8 6
14 43 1 2
14 46 9 2
14 48 8 3
14 49 7 1
14 51 7 8
14 54 5 5
14 55 2 9
14 56 10 6
14 57 3 1
14 59 10 8
14 63 5 3
14 65 3 6
14 66 10 7
14 67 8 9
14 68 1 7
14 69 10 8
14 70 5 5
14 71 2 6
14 72 7 8
14 73 8 4
14 74 4 5
14 77 9 5
14 78 1 1
14 79 2 7
14 80 5 6
14 84 3 5
14 85 6 10
14 86 5 9
14 87 9 4
14 88 10 10
14 89 6 3
14 90 5 9
14 92 4 2
14 93 1 10
14 94 10 10
14 95 6 6
14 98 8 2
15 16 9 5
15 18 10 1
15 19 6 5
15 20 2 9
15 21 6 10
15 22 9 9
15 23 7 2
15 25 8 9
15 26 6 8
15 27 7 5
15 28 1 6
15 29 10 3
15 31 2 5
15 32 9 1
15 33 9 10
15 36 6 10
15 37 10 8
15 38 9 4
15 39 9 7
15 40 9 4
15 41 4 3
15 42 8 7
15 44 1 5
15 45 10 3
15 46 1 6
15 47 1 5
15 48 9 7
15 50 3 1
15 51 3 6
15 54 4 6
15 55 5 1
15 56 1 3
15 57 7 5
15 58 3 4
15 59 10 6
15 60 3 9
15 61 9 5
15 63 9 2
15 64 8 6
15 65 3 6
15 66 8 9
15 67 10 3
15 69 6 2
15 70 6 8
15 73 6 7
15 74 7 10
15 75 1 3
15 76 5 9
15 77 4 5
15 78 7 8
15 79 10 10
15 80 1 5
15 81 8 2
15 82 1 9
15 84 10 8
15 86 8 1
15 87 3 1
15 88 7 9
15 89 5 8
15 91 5 3
15 92 7 4
15 93 10 10
15 94 10 6
15 95 1 7
15 96 10 7
15 98 8 7
15 99 3 5
15 100 1 8
16 17 10 5
16 18 7 9
16 19 2 9
16 21 8 9
16 22 1 1
16 23 1 1
16 24 6 5
16 25 6 7
16 26 7 5
16 27 6 1
16 28 7 9
16 29 6 1
16 30 8 4
16 32 10 3
16 33 6 1
16 34 2 4
16 35 3 4
16 36 3 5
16 37 8 4
16 38 6 10
16 39 5 8
16 40 4 9
16 42 9 2
16 43 7 9
16 44 3 10
16 45 3 5
16 46 7 7
16 47 7 5
16 48 9 1
16 49 1 3
16 50 4 3
16 51 3 5
16 52 6 5
16 53 3 8
16 55 8 4
16 56 3 6
16 58 8 3
16 60 2 5
16 61 1 8
16 63 3 6
16 64 4 2
16 65 10 9
16 66 4 2
16 67 4 7
16 68 8 4
16 70 3 2
16 71 1 10
16 72 8 2
16 73 9 4
16 74 3 3
16 75 2 2
16 76 5 8
16 77 5 7
16 78 5 6
16 79 7 5
16 80 4 8
16 81 4 2
16 82 7 8
16 83 4 2
16 85 9 6
16 86 9 10
16 87 8 9
16 88 6 8
16 89 7 6
16 90 5 9
16 93 10 8
16 94 7 2
16 95 4 6
16 96 5 4
16 97 9 8
16 99 2 7
17 18 6 10
17 20 6 5
17 21 7 8
17 23 9 10
17 25 4 9
17 26 5 5
17 27 3 8
17 28 3 8
17 30 2 5
17 32 6 5
17 34 1 10
17 35 6 5
17 37 2 7
17 38 9 8
17 39 7 3
17 40 10 9
17 41 8 2
17 43 1 2
17 44 10 6
17 47 2 2
17 50 2 5
17 51 8 3
17 52 8 5
17 53 1 6
17 55 8 10
17 56 7 8
17 57 10 1
17 59 3 8
17 60 2 10
17 61 8 1
17 62 9 9
17 63 6 2
17 64 1 3
17 65 1 5
17 66 10 9
17 67 8 2
17 68 6 7
17 69 3 1
17 70 1 6
17 71 3 2
17 72 5 6
17 73 6 8
17 74 7 6
17 76 5 9
17 77 9 7
17 78 1 10
17 79 9 7
17 80 10 4
17 81 5 5
17 82 4 3
17 83 9 3
17 84 1 2
17 85 8 8
17 86 4 9
17 87 8 3
17 89 8 9
17 90 10 2
17 91 8 7
17 93 1 10
17 94 1 6
17 95 3 10
17 96 2 6
17 97 2 1
17 98 10 10
17 99 5 7
18 19 2 2
18 21 10 10
18 22 4 3
18 23 8 6
18 25 5 5
18 26 3 7
18 29 6 8
18 30 5 10
18 31 9 7
18 33 2 9
18 34 2 6
18 35 7 1
18 36 1 9
18 37 3 1
18 38 2 9
18 39 7 1
18 41 4 3
18 42 6 1
18 43 1 6
18 44 10 10
18 45 7 2
18 46 3 9
18 47 3 2
18 50 1 1
18 51 6 4
18 53 3 6
18 55 10 4
18 56 3 1
18 57 6 9
18 58 10 5
18 60 7 7
18 61 9 3
18 62 10 3
18 64 6 5
18 66 9 1
18 67 8 3
18 68 6 2
18 70 2 8
18 71 1 10
18 72 8 3
18 75 6 6
18 76 5 9
18 78 9 10
18 81 7 7
18 82 1 1
18 83 2 7
18 84 10 1
18 85 1 5
18 86 1 2
18 87 1 5
18 89 10 8
18 90 1 3
18 91 2 9
18 92 9 1
18 93 4 10
18 94 4 6
18 96 3 8
18 97 2 7
18 99 6 6
18 100 4 7
19 20 10 9
19 21 3 4
19 22 4 9
19 24 1 6
19 25 5 6
19 27 2 10
19 28 8 6
19 30 7 8
19 31 4 10
19 32 4 1
19 33 3 2
19 34 2 7
19 35 6 4
19 36 9 6
19 37 5 7
19 38 1 4
19 40 9 6
19 42 6 6
19 43 2 7
19 44 4 1
19 46 8 8
19 47 5 7
19 48 3 10
19 49 5 3
19 51 8 5
19 52 10 9
19 53 6 7
19 54 6 4
19 55 1 7
19 56 7 8
19 57 7 3
19 58 3 3
19 59 10 10
19 60 5 4
19 62 5 4
19 63 2 5
19 64 1 6
19 65 2 2
19 66 1 8
19 67 1 8
19 68 10 5
19 69 1 2
19 70 5 4
19 71 6 4
19 74 3 1
19 75 4 3
19 76 10 7
19 77 5 7
19 78 6 5
19 79 8 6
19 81 1 6
19 83 1 4
19 84 10 10
19 85 5 4
19 86 5 1
19 87 9 6
19 88 10 1
19 89 8 7
19 90 4 5
19 91 9 2
19 92 9 6
19 93 8 4
19 94 7 9
19 95 4 7
19 96 6 6
19 97 6 8
19 99 3 3
19 100 1 6
20 21 1 1
20 22 5 10
20 24 4 9
20 25 4 2
20 26 5 5
20 28 6 8
20 31 8 4
20 32 10 9
20 34 10 8
20 35 1 1
20 36 6 7
20 37 2 9
20 38 7 8
20 39 7 3
20 40 10 1
20 41 6 1
20 42 4 9
20 44 5 4
20 45 6 8
20 47 5 7
20 48 8 4
20 49 7 7
20 51 5 9
20 52 7 7
20 54 6 5
20 55 4 5
20 56 6 3
20 58 2 8
20 59 7 9
20 60 2 3
20 61 6 3
20 62 10 6
20 64 7 1
20 65 6 7
20 67 5 3
20 68 3 1
20 69 6 4
20 70 4 3
20 71 1 3
20 72 1 10
20 73 2 7
20 75 6 8
20 77 8 9
20 78 10 9
20 83 4 4
20 84 4 8
20 85 2 6
20 86 2 4
20 87 7 8
20 88 2 7
20 89 4 10
20 90 3 2
20 91 7 4
20 94 1 8
20 95 2 3
20 96 7 3
20 97 9 6
20 98 1 5
20 99 3 8
20 100 3 3
21 22 5 9
21 23 3 3
21 24 2 4
21 25 1 2
21 26 8 1
21 27 2 2
21 28 4 8
21 29 10 7
21 30 1 3
21 31 10 9
21 32 1 1
21 33 3 7
21 34 4 5
21 35 6 4
21 36 8 5
21 38 9 7
21 39 6 4
21 40 2 7
21 43 10 6
21 44 5 1
21 45 2 8
21 46 4 8
21 47 10 1
21 48 8 3
21 50 1 9
21 52 10 2
21 54 5 9
21 58 10 8
21 59 6 8
21 60 5 2
21 61 4 8
21 62 8 8
21 63 7 3
21 64 7 10
21 65 2 10
21 66 7 4
21 67 6 1
21 68 4 8
21 69 1 2
21 70 8 3
21 71 4 4
21 72 5 8
21 73 9 3
21 74 9 9
21 76 7 10
21 77 9 2
21 78 8 7
21 79 1 1
21 80 1 2
21 81 9 9
21 82 3 9
21 83 5 2
21 84 3 4
21 85 1 6
21 87 10 2
21 88 5 2
21 91 2 5
21 92 8 6
21 93 10 7
21 95 2 5
21 96 6 4
21 97 10 6
21 98 1 8
21 99 7 8
22 24 4 5
22 25 9 9
22 27 5 7
22 29 5 10
22 31 2 3
22 33 3 4
22 34 6 10
22 35 1 7
22 36 3 7
22 37 7 1
22 38 9 4
22 40 4 7
22 41 10 1
22 42 10 4
22 43 9 10
22 44 2 2
22 45 6 6
22 46 2 8
22 48 9 7
22 50 8 8
22 51 6 3
22 52 10 5
22 53 3 9
22 54 6 9
22 55 10 9
22 56 2 5
22 58 9 5
22 59 1 2
22 60 5 8
22 61 8 8
22 62 7 1
22 63 9 8
22 64 6 2
22 65 8 4
22 66 3 9
22 67 9 6
22 69 8 9
22 70 9 10
22 71 5 5
22 72 7 10
22 73 7 4
22 75 9 2
22 76 8 3
22 80 1 9
22 81 10 1
22 83 10 6
22 85 10 9
22 86 3 10
22 87 4 6
22 88 3 4
22 90 2 3
22 91 4 4
22 92 2 3
22 93 2 4
22 94 3 9
22 95 2 6
22 96 1 10
22 97 1 10
22 98 3 3
22 99 1 6
23 24 3 4
23 25 2 1
23 26 5 7
23 28 6 10
23 29 10 10
23 30 5 8
23 32 10 10
23 33 9 8
23 35 7 10
23 36 2 6
23 38 8 1
23 40 1 7
23 41 10 7
23 42 6 4
23 43 2 1
23 44 10 9
23 46 3 7
23 47 8 9
23 48 9 6
23 49 7 1
23 50 6 3
23 51 4 3
23 52 6 6
23 53 5 8
23 54 8 1
23 55 8 9
23 56 5 4
23 57 4 10
23 58 3 7
23 60 6 2
23 62 7 9
23 64 5 8
23 66 3 7
23 67 9 1
23 68 1 7
23 69 5 10
23 71 1 3
23 73 1 3
23 74 4 2
23 75 2 2
23 76 6 4
23 77 2 4
23 78 2 1
23 79 4 1
23 80 3 4
23 81 8 10
23 82 8 1
23 83 10 1
23 85 5 1
23 86 2 9
23 88 7 9
23 89 6 4
23 91 7 1
23 92 7 8
23 93 3 6
23 96 6 7
23 97 8 8
23 98 9 2
23 99 6 5
23 100 8 1
24 26 1 5
24 27 4 9
24 28 8 8
24 29 5 7
24 30 5 5
24 31 6 8
24 33 8 10
24 34 8 8
24 35 9 4
24 36 9 1
24 38 5 9
24 39 9 5
24 40 7 2
24 41 5 8
24 42 8 6
24 43 8 4
24 45 10 4
24 47 1 2
24 48 1 8
24 49 4 3
24 50 4 3
24 51 7 9
24 52 4 5
24 53 3 3
24 56 1 3
24 57 9 4
24 58 8 3
24 59 5 1
24 61 10 10
24 62 7 4
24 63 5 3
24 65 2 10
24 66 5 8
24 68 10 3
24 69 1 3
24 70 5 1
24 71 5 7
24 72 3 5
24 74 8 8
24 75 10 3
24 76 3 6
24 77 4 4
24 78 7 10
24 79 6 9
24 80 3 6
24 81 5 4
24 82 1 6
24 83 1 7
24 85 9 1
24 87 5 10
24 88 8 10
24 89 9 2
24 94 1 7
24 95 8 4
24 96 7 10
24 97 3 7
24 98 4 6
24 99 9 7
24 100 4 1
25 27 4 10
25 29 5 5
25 30 3 2
25 31 3 4
25 32 7 9
25 33 1 3
25 34 2 6
25 35 1 9
25 37 4 1
25 38 1 6
25 39 1 7
25 40 8 8
25 43 1 8
25 45 6 7
25 47 8 10
25 48 6 1
25 50 5 1
25 51 9 5
25 52 3 2
25 53 9 5
25 54 9 3
25 55 9 10
25 56 5 3
25 57 3 9
25 58 8 9
25 59 8 1
25 60 6 7
25 61 9 10
25 62 5 2
25 64 9 2
25 65 4 10
25 66 3 8
25 67 7 8
25 68 3 10
25 69 4 2
25 70 8 10
25 72 3 10
25 73 2 3
25 74 5 2
25 75 10 5
25 76 9 6
25 77 5 3
25 78 6 7
25 79 2 2
25 80 3 1
25 81 1 8
25 84 7 1
25 85 3 5
25 87 6 4
25 88 9 3
25 89 6 10
25 90 2 3
25 91 4 8
25 92 8 2
25 93 10 1
25 96 5 9
25 97 7 4
25 98 4 5
25 99 4 2
26 27 8 10
26 28 1 5
26 30 9 3
26 31 2 4
26 32 5 3
26 33 10 4
26 34 10 1
26 36 6 2
26 37 1 9
26 38 8 1
26 39 9 2
26 40 9 7
26 41 8 10
26 42 1 1
26 43 3 5
26 44 7 6
26 45 4 5
26 47 8 3
26 48 10 2
26 50 8 5
26 51 1 4
26 52 2 5
26 53 5 10
26 54 8 3
26 55 2 6
26 57 8 1
26 58 9 4
26 59 10 9
26 61 3 7
26 62 2 7
26 63 5 4
26 64 7 10
26 65 9 8
26 66 5 9
26 68 6 1
26 69 10 3
26 70 1 6
26 71 1 7
26 72 10 6
26 73 6 7
26 74 2 2
26 76 4 2
26 77 10 6
26 78 8 4
26 80 7 4
26 81 6 3
26 82 10 10
26 84 5 10
26 86 7 8
26 87 4 2
26 88 2 7
26 90 4 6
26 91 5 6
26 92 5 1
26 94 1 3
26 96 10 9
26 97 9 3
26 98 2 9
26 100 3 6
27 28 8 5
27 30 6 1
27 31 1 8
27 32 2 1
27 33 5 2
27 35 6 5
27 37 2 7
27 38 1 5
27 39 10 9
27 40 7 6
27 41 8 2
27 42 10 10
27 43 3 2
27 47 4 8
27 48 7 2
27 49 2 7
27 50 5 1
27 51 9 9
27 53 3 9
27 54 6 2
27 55 2 8
27 56 10 7
27 57 5 7
27 58 7 10
27 61 4 2
27 62 6 8
27 63 9 8
27 66 7 10
27 68 3 2
27 69 6 10
27 70 8 4
27 72 6 8
27 73 6 8
27 74 6 3
27 75 9 4
27 78 4 1
27 79 3 7
27 80 2 2
27 81 3 4
27 82 7 7
27 83 3 9
27 84 4 4
27 85 4 7
27 86 1 1
27 87 8 2
27 90 6 2
27 91 2 6
27 92 9 9
27 93 10 10
27 94 4 4
27 95 10 10
27 97 10 8
27 98 6 3
27 99 8 7
27 100 3 10
28 29 9 3
28 32 6 5
28 33 4 7
28 34 10 4
28 35 5 10
28 38 4 9
28 40 1 6
28 41 9 5
28 44 7 2
28 45 6 9
28 46 9 5
28 48 3 6
28 49 1 8
28 50 7 2
28 51 1 7
28 52 5 9
28 53 10 1
28 54 9 7
28 56 8 9
28 57 5 10
28 59 4 10
28 62 3 8
28 63 7 7
28 64 1 1
28 65 4 2
28 66 1 4
28 67 2 4
28 69 3 9
28 70 3 10
28 72 5 10
28 73 2 9
28 74 3 4
28 75 2 8
28 76 3 10
28 77 6 7
28 78 9 5
28 79 5 4
28 80 8 6
28 81 7 3
28 83 6 3
28 84 9 7
28 85 9 2
28 86 6 4
28 89 9 3
28 90 10 10
28 91 4 7
28 92 4 4
28 93 7 1
28 94 1 6
28 95 3 8
28 96 9 2
28 98 3 7
28 99 2 7
28 100 1 2
29 30 6 5
29 31 7 10
29 32 6 2
29 33 8 10
29 34 6 5
29 35 9 6
29 36 3 8
29 37 7 1
29 38 6 8
29 39 5 2
29 41 1 5
29 42 4 10
29 43 3 10
29 44 8 5
29 45 3 2
29 46 7 5
29 48 2 9
29 49 4 4
29 51 6 6
29 52 5 9
29 53 9 9
29 54 10 2
29 55 1 3
29 56 4 3
29 57 4 1
29 58 1 5
29 59 1 1
29 60 3 2
29 63 4 8
29 64 2 4
29 65 2 5
29 68 9 1
29 71 9 1
29 74 4 3
29 76 5 2
29 77 9 9
29 78 5 7
29 79 5 2
29 80 2 7
29 81 8 8
29 82 8 3
29 83 4 2
29 84 3 8
29 87 8 4
29 88 1 10
29 90 7 3
29 91 5 10
29 93 8 10
29 94 8 7
29 95 9 1
29 96 8 9
29 97 8 10
29 98 9 5
29 99 2 3
29 100 4 9
30 31 5 4
30 32 10 6
30 33 6 3
30 35 6 9
30 36 7 6
30 37 6 8
30 38 9 3
30 39 5 6
30 40 1 9
30 41 8 9
30 42 9 3
30 43 3 4
30 44 7 5
30 45 9 8
30 47 10 3
30 48 8 7
30 49 8 7
30 50 3 1
30 52 9 4
30 53 2 1
30 54 4 3
30 56 8 1
30 57 1 6
30 59 3 7
30 60 7 2
30 61 7 7
30 62 6 7
30 65 10 8
30 67 4 10
30 68 3 10
30 69 10 2
30 71 7 3
30 72 7 1
30 73 2 6
30 74 3 5
30 75 10 2
30 76 1 2
30 77 6 6
30 78 4 8
30 79 5 2
30 80 6 10
30 82 7 7
30 83 3 4
30 84 5 9
30 86 6 1
30 88 10 5
30 89 9 8
30 90 2 8
30 91 9 7
30 92 10 9
30 93 1 2
30 95 4 5
30 96 9 10
30 97 4 9
30 98 5 6
30 99 10 7
31 33 9 4
31 34 6 2
31 35 7 1
31 36 6 6
31 37 10 7
31 38 1 9
31 39 9 4
31 41 10 6
31 42 2 8
31 43 6 1
31 44 2 8
31 45 3 9
31 46 4 8
31 47 2 8
31 48 5 1
31 49 9 7
31 50 9 9
31 51 4 5
31 52 6 2
31 54 3 2
31 55 3 10
31 56 4 7
31 57 9 6
31 58 6 1
31 59 10 6
31 61 6 7
31 62 4 10
31 63 9 8
31 64 3 3
31 67 9 8
31 68 5 1
31 69 9 1
31 70 7 10
31 71 2 6
31 72 2 10
31 73 1 3
31 74 2 9
31 75 5 2
31 76 9 7
31 77 9 6
31 78 2 10
31 79 4 9
31 80 3 10
31 82 9 9
31 84 4 4
31 85 5 7
31 86 3 10
31 87 8 9
31 89 1 9
31 90 5 5
31 91 7 2
31 92 9 7
31 93 9 3
31 94 1 5
31 95 6 8
31 96 5 2
31 97 2 2
31 98 2 7
31 99 10 6
31 100 5 10
32 34 6 4
32 35 8 3
32 36 7 2
32 37 6 6
32 38 4 1
32 39 3 6
32 40 7 4
32 41 8 10
32 42 8 10
32 43 10 7
32 46 10 10
32 49 2 1
32 50 1 6
32 51 9 7
32 52 2 6
32 53 7 9
32 54 7 3
32 55 5 4
32 56 7 3
32 57 3 5
32 58 1 1
32 59 6 5
32 60 3 8
32 61 2 10
32 62 6 2
32 64 5 4
32 65 10 8
32 66 1 8
32 67 7 8
32 68 7 9
32 69 7 2
32 70 2 8
32 71 2 8
32 72 8 10
32 73 1 8
32 74 1 3
32 75 7 7
32 76 3 7
32 79 10 4
32 80 2 5
32 81 9 8
32 82 2 5
32 83 8 4
32 84 8 7
32 85 7 9
32 86 9 3
32 87 2 8
32 88 1 2
32 89 2 1
32 90 3 6
32 91 4 1
32 93 7 4
32 95 3 7
32 96 4 9
32 97 7 10
32 98 8 9
32 99 9 1
33 36 3 6
33 37 10 5
33 38 10 6
33 39 4 3
33 40 9 8
33 41 6 10
33 42 2 10
33 43 1 8
33 44 10 2
33 46 2 4
33 48 2 4
33 49 2 2
33 50 8 5
33 51 2 10
33 52 3 3
33 53 2 10
33 54 9 2
33 55 7 5
33 56 7 9
33 57 6 1
33 58 2 1
33 60 9 1
33 61 8 5
33 62 8 3
33 63 1 10
33 64 9 2
33 66 4 2
33 67 4 5
33 68 6 8
33 69 7 8
33 71 9 10
33 73 3 6
33 74 6 5
33 75 7 6
33 76 9 5
33 77 5 6
33 78 5 8
33 79 10 6
33 81 5 5
33 82 6 10
33 84 1 3
33 85 9 4
33 86 3 1
33 89 7 5
33 90 2 10
33 91 5 7
33 94 6 9
33 95 5 5
33 96 5 6
33 98 4 10
33 99 10 5
33 100 4 3
34 35 9 3
34 36 7 1
34 37 3 6
34 38 6 2
34 42 7 1
34 43 9 8
34 44 10 9
34 45 7 1
34 46 2 5
34 47 6 9
34 48 2 5
34 49 10 7
34 50 6 1
34 51 2 1
34 52 9 5
34 53 2 3
34 54 2 9
34 55 9 9
34 57 10 10
34 59 5 9
34 60 8 9
34 61 2 1
34 63 8 4
34 64 4 2
34 69 5 3
34 70 10 1
34 71 5 9
34 73 8 8
34 74 5 1
34 75 9 6
34 77 8 4
34 78 7 4
34 79 3 1
34 80 1 1
34 81 9 9
34 82 8 6
34 83 2 4
34 85 10 9
34 87 6 4
34 88 9 6
34 89 4 7
34 90 7 3
34 91 1 9
34 92 9 9
34 93 10 6
34 94 3 5
34 95 10 10
34 96 1 4
34 97 2 4
34 98 5 4
34 100 9 6
35 36 8 1
35 37 8 6
35 38 7 5
35 39 4 7
35 41 4 5
35 42 8 5
35 43 7 5
35 44 9 6
35 45 2 1
35 47 2 7
35 48 1 8
35 49 10 3
35 50 2 2
35 51 4 8
35 53 6 4
35 55 1 7
35 56 9 2
35 57 8 8
35 58 4 10
35 60 6 9
35 61 4 2
35 62 10 3
35 63 2 3
35 65 1 5
35 66 3 9
35 67 10 6
35 68 5 9
35 69 9 2
35 70 1 1
35 72 1 7
35 74 2 6
35 76 5 6
35 79 3 9
35 80 6 9
35 81 9 10
35 82 6 9
35 83 10 4
35 84 1 2
35 85 4 2
35 86 7 10
35 87 1 2
35 89 10 7
35 90 1 5
35 92 2 9
35 93 9 7
35 94 4 6
35 95 6 9
35 96 2 2
35 97 4 5
35 99 10 6
36 37 2 9
36 38 8 2
36 39 10 2
36 41 9 8
36 42 1 1
36 44 6 10
36 45 5 6
36 46 2 6
36 47 4 8
36 48 2 1
36 49 5 4
36 50 8 9
36 52 2 4
36 53 3 2
36 54 8 4
36 55 4 4
36 56 2 2
36 57 4 3
36 58 10 8
36 60 4 10
36 61 6 4
36 62 9 1
36 63 5 9
36 64 1 7
36 65 1 3
36 66 9 8
36 67 10 2
36 68 2 9
36 70 7 9
36 72 4 2
36 73 2 3
36 74 3 1
36 75 7 2
36 76 6 1
36 78 3 10
36 79 1 3
36 81 6 9
36 85 2 1
36 86 9 1
36 87 2 8
36 88 9 9
36 89 2 9
36 90 3 3
36 91 4 6
36 92 6 9
36 93 7 3
36 94 3 5
36 95 8 8
36 96 10 2
36 98 3 9
36 99 4 4
36 100 6 3
37 38 8 2
37 39 7 7
37 41 2 3
37 42 7 6
37 44 10 1
37 45 1 7
37 47 9 5
37 49 8 9
37 50 10 5
37 51 8 1
37 52 9 3
37 54 7 8
37 55 10 4
37 56 7 3
37 59 1 3
37 60 3 8
37 61 1 3
37 62 1 3
37 63 7 9
37 64 4 8
37 65 3 7
37 66 8 1
37 67 2 10
37 68 7 2
37 69 6 6
37 70 10 7
37 71 4 4
37 72 6 9
37 73 10 2
37 75 4 2
37 76 10 1
37 77 1 1
37 79 4 8
37 80 5 4
37 81 3 3
37 84 2 5
37 85 2 1
37 86 5 7
37 88 6 6
37 89 5 5
37 90 5 7
37 92 7 1
37 93 1 5
37 95 2 8
37 96 10 4
37 99 6 6
37 100 9 6
38 39 2 5
38 40 1 2
38 41 8 10
38 42 6 9
38 43 3 9
38 44 7 7
38 47 5 10
38 49 7 9
38 50 10 4
38 51 8 1
38 52 3 7
38 53 3 6
38 54 3 6
38 57 2 5
38 59 10 4
38 60 3 5
38 61 5 5
38 62 7 8
38 63 9 10
38 64 4 8
38 66 3 7
38 68 4 3
38 70 10 10
38 71 9 2
38 72 10 3
38 73 7 8
38 74 8 8
38 76 10 5
38 78 7 7
38 79 3 2
38 80 3 7
38 81 8 2
38 82 3 8
38 83 4 2
38 84 7 9
38 85 7 1
38 86 9 9
38 89 6 4
38 91 4 9
38 93 8 3
38 94 6 6
38 95 8 3
38 96 5 1
38 97 10 8
38 99 7 5
38 100 6 3
39 40 7 7
39 41 6 3
39 42 4 5
39 43 6 2
39 44 8 1
39 45 1 4
39 46 6 1
39 47 7 7
39 49 6 5
39 50 6 5
39 51 3 4
39 52 2 5
39 54 2 3
39 55 5 5
39 57 10 5
39 58 5 4
39 59 5 6
39 60 4 6
39 61 10 3
39 62 10 6
39 63 5 5
39 64 3 1
39 65 8 10
39 66 4 4
39 67 4 3
39 68 3 1
39 69 10 4
39 70 9 5
39 72 6 10
39 73 4 7
39 74 7 3
39 75 5 4
39 76 1 2
39 77 6 1
39 78 4 9
39 79 8 2
39 80 4 1
39 81 5 7
39 83 7 9
39 84 2 3
39 85 7 4
39 86 10 2
39 87 10 3
39 89 4 8
39 90 1 9
39 91 6 9
39 92 4 2
39 95 7 10
39 100 10 1
40 41 7 3
40 42 7 3
40 43 6 4
40 44 4 3
40 45 8 1
40 46 1 6
40 47 2 9
40 48 1 6
40 49 10 4
40 50 1 4
40 51 5 10
40 53 9 2
40 54 3 9
40 55 7 4
40 56 9 9
40 57 2 5
40 58 1 7
40 59 7 4
40 60 1 7
40 61 3 2
40 62 5 6
40 63 7 9
40 64 4 3
40 65 7 3
40 66 4 1
40 67 2 5
40 68 2 8
40 69 6 9
40 70 1 9
40 71 8 2
40 72 1 8
40 74 8 5
40 75 5 9
40 77 10 1
40 78 4 7
40 79 7 6
40 82 1 10
40 83 9 9
40 84 5 2
40 86 9 6
40 87 7 1
40 88 6 10
40 89 10 2
40 90 6 9
40 91 2 2
40 92 2 8
40 93 4 10
40 94 5 4
40 95 10 3
40 96 3 4
40 97 4 7
40 98 9 10
40 99 5 3
40 100 5 9
41 42 7 10
41 43 8 4
41 44 3 5
41 45 1 2
41 46 6 4
41 47 2 4
41 48 2 4
41 49 1 2
41 50 5 5
41 51 2 3
41 52 1 8
41 53 8 3
41 54 5 9
41 56 8 9
41 57 7 7
41 58 5 1
41 59 7 4
41 60 9 2
41 61 9 3
41 62 1 5
41 63 9 10
41 64 5 7
41 65 1 1
41 66 10 3
41 67 3 3
41 69 8 10
41 70 10 10
41 71 1 1
41 72 2 1
41 73 9 3
41 74 9 9
41 75 5 2
41 76 4 6
41 77 3 7
41 78 3 8
41 80 4 3
41 81 4 4
41 82 8 9
41 83 4 5
41 85 9 7
41 86 9 7
41 87 2 6
41 88 10 10
41 89 2 7
41 90 5 5
41 91 7 4
41 92 6 4
41 95 9 1
41 96 3 7
41 97 4 1
41 99 3 6
41 100 1 10
42 43 2 2
42 44 10 7
42 45 8 7
42 46 3 6
42 47 1 3
42 48 8 4
42 50 9 7
42 51 5 2
42 52 9 4
42 54 10 4
42 55 5 2
42 57 6 3
42 58 7 9
42 60 10 8
42 61 9 7
42 62 4 1
42 64 5 10
42 66 3 4
42 67 5 6
42 68 5 7
42 69 7 2
42 70 2 1
42 71 10 10
42 72 4 7
42 73 9 9
42 74 9 2
42 75 8 9
42 76 10 2
42 78 10 1
42 79 8 4
42 80 10 10
42 82 10 1
42 83 8 6
42 84 6 5
42 85 5 8
42 86 7 3
42 87 2 6
42 88 5 5
42 89 9 2
42 92 2 7
42 95 3 4
42 96 1 4
42 98 8 3
42 99 7 7
42 100 3 3
43 44 4 2
43 45 10 10
43 46 7 9
43 47 4 2
43 49 9 8
43 50 2 9
43 52 10 2
43 53 3 1
43 54 9 6
43 55 1 2
43 56 3 6
43 57 7 7
43 58 10 10
43 60 10 3
43 61 1 6
43 62 5 10
43 63 8 10
43 64 10 7
43 65 2 7
43 66 3 8
43 68 9 6
43 69 3 5
43 71 10 4
43 73 7 9
43 74 3 5
43 75 7 8
43 76 8 4
43 77 10 4
43 79 9 10
43 80 4 2
43 81 2 7
43 82 7 6
43 85 5 8
43 86 3 2
43 87 8 1
43 88 5 9
43 89 5 4
43 90 7 10
43 91 8 5
43 92 4 1
43 93 1 10
43 94 10 4
43 95 3 1
43 96 3 8
43 98 7 6
43 99 1 9
43 100 4 9
44 45 9 3
44 47 5 9
44 48 10 9
44 49 6 8
44 50 9 6
44 53 4 8
44 54 2 5
44 55 4 5
44 57 5 6
44 61 9 10
44 62 1 10
44 63 3 1
44 65 10 3
44 66 7 6
44 67 9 8
44 68 7 3
44 71 9 9
44 72 5 1
44 77 3 8
44 78 7 9
44 79 4 2
44 80 6 6
44 81 2 1
44 82 10 6
44 83 7 10
44 84 10 1
44 85 4 6
44 86 2 4
44 90 5 4
44 91 3 7
44 92 1 7
44 93 5 1
44 94 5 5
44 98 9 6
44 99 6 7
44 100 10 6
45 46 3 9
45 48 8 2
45 49 7 8
45 50 2 6
45 51 8 5
45 52 8 9
45 53 10 9
45 54 2 8
45 55 7 5
45 56 10 1
45 57 1 3
45 58 7 3
45 59 6 2
45 64 9 4
45 65 2 6
45 66 2 6
45 67 2 8
45 68 10 7
45 70 6 2
45 71 7 7
45 72 2 2
45 73 9 6
45 74 9 4
45 77 1 5
45 78 1 9
45 79 7 9
45 80 9 2
45 81 4 9
45 83 9 2
45 84 3 2
45 85 5 10
45 86 5 3
45 87 10 5
45 88 8 9
45 89 5 4
45 91 8 10
45 92 1 6
45 93 5 2
45 94 6 8
45 95 10 9
45 96 8 5
45 97 5 8
45 98 7 3
45 99 4 10
46 47 2 7
46 49 4 1
46 50 8 9
46 52 3 1
46 56 4 4
46 58 8 1
46 59 10 6
46 60 10 6
46 61 1 3
46 63 8 8
46 64 8 6
46 67 6 9
46 68 9 1
46 69 6 2
46 70 8 1
46 71 3 6
46 72 3 8
46 73 4 9
46 74 2 2
46 76 10 5
46 77 1 7
46 78 7 5
46 80 4 10
46 81 2 9
46 82 7 7
46 83 8 3
46 84 4 10
46 85 3 2
46 87 5 6
46 88 9 3
46 90 10 8
46 91 9 9
46 93 3 9
46 94 4 10
46 95 5 2
46 96 8 3
46 97 8 1
46 98 10 1
46 99 2 10
46 100 9 6
47 48 10 4
47 49 1 8
47 50 6 5
47 51 10 3
47 52 5 3
47 54 6 10
47 55 3 9
47 56 7 1
47 57 9 7
47 58 7 5
47 59 7 4
47 60 3 7
47 61 5 4
47 62 4 4
47 63 8 7
47 64 4 4
47 65 8 7
47 69 5 10
47 70 7 10
47 72 6 2
47 73 9 5
47 74 10 10
47 75 9 1
47 76 1 9
47 77 9 6
47 78 5 2
47 79 1 1
47 81 1 5
47 82 3 7
47 83 9 6
47 84 9 4
47 88 2 1
47 89 1 1
47 90 2 10
47 91 8 2
47 92 7 2
47 94 6 4
47 95 9 1
47 96 8 4
47 98 7 9
47 100 10 10
48 50 4 6
48 52 10 3
48 53 3 6
48 54 2 7
48 55 7 6
48 56 2 10
48 57 8 8
48 58 7 4
48 59 6 3
48 60 7 10
48 61 5 9
48 63 5 10
48 66 6 7
48 67 4 5
48 68 1 2
48 69 4 5
48 70 9 8
48 71 4 3
48 72 6 6
48 73 4 4
48 75 1 4
48 76 10 2
48 77 4 4
48 78 10 1
48 79 5 4
48 81 6 8
48 82 4 4
48 83 6 1
48 84 9 9
48 85 6 7
48 86 4 3
48 87 2 10
48 88 6 3
48 89 6 4
48 90 1 10
48 91 6 4
48 92 3 7
48 93 5 7
48 94 1 4
48 95 3 5
48 96 2 7
48 99 6 9
48 100 9 4
49 50 8 8
49 51 8 5
49 52 10 1
49 54 1 10
49 56 8 8
49 57 7 10
49 58 3 7
49 59 3 4
49 60 1 4
49 62 3 6
49 63 3 3
49 64 3 8
49 65 5 8
49 66 3 1
49 67 2 4
49 68 9 1
49 70 10 6
49 71 10 7
49 72 1 9
49 73 7 8
49 74 2 6
49 75 5 5
49 76 6 4
49 77 2 4
49 80 9 8
49 82 7 8
49 83 6 6
49 84 7 4
49 85 2 8
49 86 2 2
49 87 10 9
49 88 6 6
49 89 4 4
49 90 7 1
49 93 5 6
49 94 1 2
49 95 1 5
49 96 5 6
49 98 2 3
49 99 1 6
49 100 1 9
50 52 9 2
50 53 4 1
50 54 4 10
50 55 8 9
50 56 10 2
50 58 5 7
50 60 1 1
50 61 6 9
50 62 7 4
50 64 9 1
50 65 8 6
50 66 8 6
50 67 9 1
50 68 6 9
50 69 4 5
50 70 5 9
50 71 4 8
50 72 9 10
50 73 3 1
50 74 4 5
50 76 6 2
50 77 4 3
50 78 7 3
50 79 3 2
50 81 10 9
50 82 8 5
50 83 8 3
50 84 10 9
50 86 7 9
50 88 2 4
50 89 5 9
50 90 2 9
50 91 2 1
50 92 7 6
50 94 8 4
50 95 2 1
50 96 5 6
50 97 6 9
50 98 5 4
50 99 4 9
50 100 6 4
51 52 5 5
51 53 1 9
51 54 6 5
51 55 4 8
51 56 7 4
51 57 8 4
51 58 8 8
51 59 7 2
51 60 9 6
51 61 4 2
51 62 6 5
51 63 7 5
51 64 4 4
51 65 6 2
51 66 10 1
51 68 2 10
51 69 10 4
51 70 7 9
51 71 4 4
51 72 3 3
51 73 6 6
51 74 7 9
51 75 5 10
51 76 7 3
51 77 5 9
51 78 5 9
51 79 4 3
51 80 2 1
51 82 4 8
51 83 10 7
51 85 4 6
51 86 3 5
51 87 1 2
51 88 2 7
51 90 5 4
51 91 9 1
51 92 3 4
51 95 2 8
51 97 6 8
51 98 3 1
51 99 9 5
51 100 6 10
52 55 1 10
52 56 3 4
52 57 9 3
52 58 8 10
52 59 3 10
52 60 5 5
52 62 7 4
52 63 10 1
52 64 8 2
52 65 9 10
52 66 6 6
52 67 6 7
52 68 6 9
52 69 4 1
52 70 10 9
52 71 8 2
52 72 8 9
52 75 10 9
52 76 10 6
52 77 2 10
52 78 5 1
52 79 1 3
52 80 10 2
52 82 8 7
52 83 5 8
52 84 10 9
52 85 10 7
52 86 4 8
52 87 5 1
52 89 10 2
52 90 6 5
52 91 10 6
52 92 9 5
52 95 4 7
52 97 6 8
52 98 10 8
52 99 7 3
52 100 3 5
53 54 2 4
53 55 5 8
53 56 4 5
53 57 6 2
53 58 2 8
53 59 7 2
53 60 10 3
53 61 7 3
53 62 7 10
53 63 10 3
53 64 7 6
53 65 7 2
53 66 10 4
53 67 2 7
53 68 4 7
53 70 2 2
53 71 2 4
53 72 1 1
53 74 3 2
53 75 7 6
53 76 5 4
53 77 8 5
53 78 10 5
53 79 4 9
53 80 8 4
53 81 7 7
53 83 10 7
53 84 4 7
53 85 7 9
53 87 4 2
53 88 7 8
53 90 5 1
53 91 9 8
53 92 4 9
53 93 6 7
53 94 9 4
53 95 7 5
53 96 8 1
53 97 3 9
53 98 6 6
53 100 10 5
54 55 4 6
54 56 4 9
54 57 6 8
54 58 2 7
54 59 10 7
54 60 9 1
54 62 8 1
54 63 3 1
54 64 7 2
54 65 7 8
54 66 2 5
54 67 5 10
54 68 8 7
54 69 8 6
54 70 2 1
54 71 7 10
54 72 3 9
54 73 7 9
54 76 3 1
54 79 4 8
54 80 8 4
54 82 7 10
54 84 7 2
54 85 4 2
54 86 5 1
54 87 10 5
54 88 6 2
54 89 10 8
54 91 1 5
54 92 5 2
54 93 4 9
54 94 8 5
54 95 8 3
54 96 1 2
54 97 7 3
54 98 5 6
54 99 8 3
54 100 3 7
55 56 8 7
55 58 6 6
55 59 3 8
55 60 3 3
55 61 10 2
55 63 1 1
55 64 7 7
55 65 5 4
55 66 4 4
55 67 9 2
55 69 5 4
55 70 2 10
55 71 10 10
55 73 6 6
55 76 3 9
55 77 1 1
55 78 8 2
55 79 6 2
55 80 4 7
55 81 7 8
55 82 7 7
55 83 4 7
55 84 9 6
55 85 5 2
55 86 10 2
55 87 10 4
55 88 9 1
55 89 10 4
55 90 9 1
55 91 4 8
55 92 5 7
55 93 9 3
55 94 3 6
55 96 6 10
55 97 2 1
55 98 5 6
56 57 3 1
56 58 8 5
56 59 2 4
56 60 4 1
56 61 4 7
56 62 7 3
56 63 8 5
56 64 7 10
56 65 5 5
56 66 5 5
56 67 6 7
56 68 4 4
56 69 8 5
56 70 1 8
56 71 1 8
56 72 7 8
56 73 10 7
56 74 10 2
56 75 3 5
56 76 9 2
56 77 8 3
56 78 10 10
56 80 6 3
56 82 4 7
56 84 4 2
56 85 7 9
56 87 4 8
56 88 7 4
56 91 3 6
56 92 2 5
56 93 2 7
56 94 3 2
56 96 2 3
56 97 1 5
56 98 2 8
56 99 7 2
57 58 3 2
57 59 4 6
57 60 4 2
57 62 3 3
57 63 10 7
57 64 9 5
57 66 4 2
57 67 3 8
57 68 1 3
57 70 9 9
57 71 5 6
57 72 4 3
57 73 2 5
57 75 2 6
57 76 9 5
57 77 9 1
57 79 8 4
57 82 7 4
57 83 4 3
57 84 9 9
57 85 6 5
57 87 9 7
57 88 5 1
57 89 3 7
57 90 8 4
57 91 8 6
57 92 9 6
57 93 6 4
57 94 4 6
57 95 10 3
57 96 2 4
57 97 7 9
57 98 5 4
57 99 8 5
58 59 9 3
58 60 7 10
58 61 4 5
58 63 5 9
58 64 5 5
58 65 10 6
58 67 3 9
58 68 3 6
58 70 5 1
58 71 1 2
58 72 7 6
58 73 4 4
58 74 7 4
58 75 5 6
58 76 1 5
58 77 3 1
58 78 9 5
58 79 10 1
58 81 9 5
58 83 8 5
58 84 7 4
58 85 6 7
58 86 4 7
58 87 6 6
58 88 2 5
58 89 1 3
58 90 1 4
58 91 9 2
58 92 6 6
58 93 6 1
58 95 10 4
58 96 7 9
58 97 9 6
58 98 7 10
58 99 9 2
58 100 4 9
59 60 7 3
59 61 9 7
59 62 9 8
59 63 6 2
59 64 5 3
59 66 7 5
59 67 9 1
59 68 2 2
59 70 7 10
59 72 2 7
59 75 9 4
59 76 9 10
59 77 4 1
59 78 6 3
59 81 1 5
59 83 3 8
59 85 1 9
59 87 1 3
59 89 8 7
59 92 6 2
59 94 1 9
59 95 5 10
59 96 2 10
59 97 10 7
59 99 1 8
59 100 2 4
60 62 5 9
60 63 5 8
60 66 8 3
60 67 6 9
60 68 7 7
60 69 1 10
60 70 9 7
60 71 8 1
60 72 4 7
60 73 2 1
60 75 8 7
60 77 9 1
60 78 2 9
60 79 2 6
60 80 6 6
60 81 5 8
60 82 7 9
60 83 5 1
60 85 5 3
60 86 9 2
60 87 4 8
60 89 4 6
60 91 7 3
60 92 10 4
60 94 6 6
60 95 1 6
60 98 1 6
60 99 1 10
61 62 7 5
61 63 2 1
61 64 1 7
61 65 5 7
61 66 4 2
61 68 6 10
61 69 1 6
61 71 7 3
61 72 10 9
61 73 9 5
61 74 4 8
61 75 1 7
61 78 3 6
61 79 1 8
61 80 4 5
61 82 1 8
61 83 6 9
61 84 1 6
61 85 2 8
61 86 2 1
61 87 3 6
61 88 6 1
61 89 5 8
61 90 6 9
61 91 3 6
61 93 10 1
61 94 7 5
61 96 3 9
61 97 7 5
61 98 7 5
61 99 1 8
61 100 6 4
62 63 10 6
62 64 8 1
62 66 3 6
62 67 3 4
62 68 5 4
62 69 10 7
62 70 9 5
62 71 7 10
62 72 8 5
62 73 2 10
62 75 3 3
62 76 10 9
62 77 7 7
62 79 7 8
62 80 1 8
62 81 5 4
62 82 7 8
62 83 8 8
62 84 2 1
62 86 5 2
62 87 5 4
62 88 10 10
62 89 3 6
62 90 3 9
62 91 8 8
62 92 10 6
62 94 5 1
62 95 5 7
62 96 4 8
62 98 3 7
62 100 6 10
63 64 6 3
63 65 3 6
63 67 4 7
63 70 3 4
63 71 9 3
63 72 4 1
63 74 7 8
63 75 7 9
63 76 9 3
63 79 10 4
63 80 7 2
63 81 7 5
63 82 9 3
63 84 10 7
63 85 7 9
63 88 5 7
63 89 4 7
63 90 2 5
63 91 5 4
63 92 3 4
63 93 10 9
63 94 7 8
63 97 9 8
63 98 4 10
63 100 2 9
64 65 2 6
64 68 7 5
64 69 5 6
64 70 10 2
64 72 1 1
64 73 4 6
64 74 3 8
64 75 6 7
64 76 6 10
64 77 6 2
64 78 5 7
64 79 7 7
64 80 9 2
64 81 1 6
64 84 1 2
64 85 1 5
64 86 8 9
64 87 4 8
64 89 2 4
64 90 1 2
64 92 6 4
64 93 1 8
64 94 1 9
64 95 8 7
64 97 8 1
64 98 3 10
64 99 2 9
64 100 5 10
65 68 1 1
65 69 9 9
65 71 5 10
65 72 3 1
65 73 2 9
65 74 2 2
65 75 1 1
65 76 3 1
65 77 8 5
65 78 4 2
65 79 1 6
65 80 6 6
65 81 4 5
65 82 4 5
65 83 2 5
65 84 10 6
65 85 1 8
65 86 5 3
65 87 3 9
65 88 1 2
65 89 10 1
65 90 2 1
65 91 9 2
65 92 1 5
65 93 5 2
65 94 5 10
65 95 1 10
65 100 7 4
66 67 5 3
66 68 1 10
66 69 2 10
66 70 5 10
66 71 9 4
66 72 3 4
66 73 3 8
66 74 2 7
66 75 7 6
66 76 5 7
66 78 1 7
66 79 2 4
66 80 6 10
66 81 9 6
66 82 10 3
66 83 7 2
66 84 7 4
66 85 4 10
66 86 6 5
66 87 8 2
66 88 2 6
66 90 6 4
66 91 3 2
66 93 4 5
66 94 8 10
66 95 4 9
66 96 9 8
66 97 1 2
66 98 6 9
66 99 9 8
66 100 4 9
67 68 7 7
67 69 3 3
67 70 3 6
67 71 5 10
67 73 2 6
67 75 6 5
67 76 10 8
67 77 9 1
67 78 2 9
67 79 5 4
67 80 5 1
67 81 10 9
67 82 8 4
67 83 2 6
67 84 10 7
67 86 8 4
67 87 5 9
67 91 7 4
67 92 4 6
67 93 8 3
67 94 10 6
67 95 6 2
67 96 2 2
67 97 9 6
67 99 10 3
67 100 1 8
68 70 2 9
68 71 3 8
68 72 5 9
68 75 2 1
68 76 2 7
68 77 9 8
68 79 7 4
68 80 3 3
68 81 8 3
68 82 5 7
68 83 9 7
68 84 9 8
68 85 6 1
68 87 5 10
68 89 7 4
68 90 9 9
68 91 9 4
68 92 6 3
68 93 5 9
68 94 5 3
68 95 2 8
68 96 4 6
68 97 2 9
68 99 3 9
69 70 3 9
69 71 8 1
69 73 2 3
69 75 3 9
69 78 6 7
69 80 4 8
69 81 1 2
69 83 2 5
69 85 9 6
69 86 4 1
69 87 1 7
69 89 8 5
69 90 2 9
69 91 9 9
69 92 6 8
69 93 1 2
69 95 2 10
69 96 8 7
69 97 1 4
69 99 4 1
70 71 3 6
70 72 8 2
70 73 7 9
70 74 8 9
70 75 1 8
70 76 2 2
70 77 5 6
70 79 6 7
70 80 8 6
70 82 5 10
70 84 3 2
70 85 6 1
70 86 4 7
70 87 6 8
70 88 2 6
70 89 10 9
70 92 6 6
70 93 9 4
70 94 4 7
70 96 10 2
70 98 6 9
70 99 4 3
70 100 7 4
71 72 4 4
71 73 7 9
71 74 8 5
71 75 4 2
71 76 6 10
71 77 10 8
71 79 1 2
71 80 5 5
71 81 9 1
71 82 7 8
71 83 7 4
71 84 1 1
71 86 6 8
71 87 6 5
71 88 6 3
71 89 4 6
71 90 6 4
71 91 4 3
71 92 3 6
71 93 4 10
71 94 5 9
71 95 10 2
71 96 8 3
71 97 9 8
71 98 9 7
71 99 4 9
71 100 7 3
72 73 10 8
72 75 9 7
72 76 5 1
72 77 5 5
72 78 2 9
72 79 3 6
72 80 9 1
72 81 9 5
72 82 4 1
72 83 3 9
72 84 3 1
72 85 9 2
72 86 9 6
72 87 8 3
72 88 3 2
72 89 1 2
72 91 7 9
72 92 9 7
72 93 10 2
72 94 4 6
72 95 6 6
72 97 3 1
72 99 8 1
72 100 8 10
73 74 6 8
73 75 1 5
73 76 2 8
73 77 7 2
73 78 3 7
73 79 10 3
73 80 7 2
73 82 2 8
73 83 5 9
73 84 10 2
73 86 10 3
73 87 3 10
73 88 5 8
73 89 3 3
73 90 3 10
73 91 10 4
73 92 3 7
73 93 8 4
73 95 4 1
73 96 7 3
73 97 5 9
73 98 9 2
73 99 5 10
73 100 9 2
74 76 9 2
74 77 7 2
74 78 1 6
74 79 9 7
74 80 10 9
74 81 8 1
74 82 3 6
74 83 5 4
74 84 2 5
74 85 2 1
74 86 10 3
74 88 2 10
74 89 10 1
74 90 6 10
74 91 3 2
74 93 7 6
74 94 6 4
74 95 10 3
74 96 8 3
74 97 6 9
74 98 8 4
74 99 1 9
74 100 3 3
75 76 4 9
75 77 3 8
75 78 2 9
75 79 1 6
75 80 1 7
75 81 10 7
75 82 1 10
75 83 8 2
75 84 6 8
75 85 2 6
75 86 8 2
75 87 8 2
75 88 10 8
75 89 10 2
75 90 5 5
75 92 3 9
75 93 6 6
75 94 5 9
75 96 9 6
75 97 1 8
75 98 10 9
75 100 5 5
76 77 4 4
76 78 9 1
76 79 7 1
76 80 2 1
76 81 6 6
76 82 5 8
76 83 4 7
76 85 2 8
76 86 4 2
76 87 5 8
76 88 7 4
76 89 8 6
76 90 6 6
76 92 7 5
76 93 2 1
76 94 5 5
76 95 5 2
76 96 2 4
76 97 9 3
76 98 7 8
77 78 8 1
77 79 5 3
77 80 8 7
77 81 7 9
77 82 6 9
77 83 3 2
77 84 10 6
77 85 10 9
77 86 10 5
77 87 8 7
77 88 8 7
77 89 4 3
77 90 6 3
77 91 9 3
77 92 3 4
77 93 4 2
77 94 4 6
77 95 10 6
77 96 1 6
77 98 7 2
77 99 8 2
77 100 1 5
78 79 1 4
78 80 7 3
78 81 5 5
78 82 10 9
78 83 1 2
78 85 9 4
78 86 1 6
78 88 6 5
78 89 9 4
78 90 8 2
78 91 2 1
78 92 3 8
78 94 1 1
78 95 6 9
78 96 6 1
78 97 1 10
78 98 2 10
78 99 9 6
79 80 6 6
79 81 9 10
79 82 9 5
79 83 7 8
79 84 9 9
79 85 6 7
79 86 4 1
79 87 6 2
79 88 4 10
79 89 7 1
79 90 7 10
79 91 7 9
79 92 7 8
79 93 1 4
79 94 1 4
79 95 8 3
79 97 10 10
79 98 4 6
79 99 9 7
80 81 9 5
80 83 6 10
80 84 1 4
80 85 7 6
80 87 4 1
80 88 7 4
80 89 5 10
80 90 7 9
80 91 6 2
80 92 7 3
80 93 9 4
80 94 9 4
80 95 4 8
80 96 2 1
80 99 6 6
81 82 2 6
81 83 6 7
81 85 10 6
81 86 2 8
81 87 9 8
81 88 2 4
81 89 8 8
81 90 9 9
81 92 2 7
81 93 9 10
81 94 2 7
81 95 6 4
81 96 1 8
81 97 5 10
81 98 7 4
81 99 10 3
81 100 7 2
82 83 4 4
82 84 1 2
82 85 3 5
82 86 2 10
82 87 2 3
82 88 1 3
82 90 6 9
82 91 7 9
82 92 8 9
82 93 1 8
82 94 3 7
82 95 8 1
82 96 10 6
82 97 7 2
82 98 7 3
82 99 2 6
83 84 10 7
83 85 7 2
83 87 8 2
83 88 10 7
83 91 1 10
83 92 8 4
83 93 2 10
83 95 5 1
83 97 2 10
83 98 1 2
83 99 5 7
83 100 7 3
84 86 9 4
84 87 5 1
84 88 3 6
84 89 5 5
84 91 6 6
84 93 5 10
84 94 5 5
84 96 9 1
84 97 9 6
84 99 8 8
84 100 2 9
85 86 4 8
85 88 8 3
85 90 7 9
85 92 6 9
85 93 6 5
85 94 3 5
85 96 2 5
85 97 8 6
85 98 2 8
85 99 8 10
85 100 7 7
86 90 8 3
86 91 8 7
86 92 1 2
86 93 3 2
86 94 5 4
86 95 6 3
86 96 5 5
86 97 5 3
86 98 9 5
86 99 2 9
86 100 2 2
87 89 8 10
87 90 1 9
87 91 9 7
87 92 3 4
87 96 1 3
87 98 8 5
87 99 7 1
88 89 10 6
88 90 8 1
88 91 9 9
88 92 4 2
88 93 6 7
88 94 5 9
88 95 3 7
88 97 1 9
88 98 2 7
88 100 7 9
89 90 1 1
89 91 5 6
89 92 5 6
89 93 4 5
89 94 10 1
89 95 5 9
89 96 6 1
89 97 2 2
89 98 1 1
89 99 9 7
89 100 1 7
90 91 1 2
90 93 6 7
90 97 8 9
90 98 7 3
91 94 9 10
91 95 8 5
91 97 2 6
91 98 3 3
91 99 3 9
92 94 10 6
92 95 7 7
92 96 1 8
92 98 10 1
92 99 8 5
92 100 2 6
93 95 6 1
93 96 5 6
93 97 1 7
93 98 5 10
93 99 6 10
93 100 2 8
94 95 10 8
94 96 7 2
94 97 1 3
94 100 3 6
95 96 7 9
95 97 1 4
95 98 3 3
95 99 2 2
96 97 8 3
96 98 8 1
96 100 6 6
97 98 7 9
97 99 3 5
97 100 6 9
98 99 2 2
99 100 3 3
1
1 2 3 4 5 6 7 8 9 10 11 12 13 14 15 16 17 18 19 20 21 22 23 24 25 26 27 28 29 30 31 32 33 34 35 36 37 38 39 40 41 42 43 44 45 46 47 48 49 50
