3987
1 2 1 6
1 4 4 3
1 5 5 4
1 6 9 3
1 7 8 8
1 8 1 8
1 9 6 4
1 10 5 8
1 11 3 7
1 12 8 8
1 13 5 8
1 14 5 6
1 15 7 2
1 16 2 6
1 17 2 4
1 18 3 6
1 19 1 10
1 21 10 10
1 22 7 6
1 23 6 10
1 25 5 1
1 26 6 2
1 30 6 6
1 31 1 10
1 33 9 10
1 34 1 3
1 35 9 10
1 36 4 2
1 37 6 2
1 38 2 1
1 39 7 2
1 40 4 8
1 41 6 6
1 42 1 10
1 43 1 10
1 44 3 10
1 45 2 3
1 46 7 7
1 47 10 9
1 48 5 9
1 49 7 5
1 50 3 10
1 52 5 1
1 53 2 4
1 55 3 1
1 56 1 10
1 57 5 1
1 58 6 9
1 59 2 5
1 60 8 2
1 61 9 1
1 62 1 6
1 63 5 8
1 64 6 1
1 65 6 5
1 66 4 3
1 67 7 6
1 68 8 4
1 69 3 7
1 70 4 2
1 71 4 10
1 72 5 5
1 74 10 9
1 75 10 6
1 76 5 2
1 77 7 2
1 78 2 3
1 79 9 8
1 80 10 5
1 81 9 1
1 82 4 9
1 83 5 6
1 85 9 9
1 86 7 10
1 88 8 4
1 90 7 8
1 91 6 5
1 92 5 4
1 95 4 5
1 96 8 4
1 97 4 10
1 98 5 7
1 99 9 6
1 100 2 2
2 3 8 3
2 4 7 4
2 5 5 6
2 6 1 1
2 7 8 2
2 8 10 6
2 9 8 3
2 10 2 9
2 11 8 2
2 12 6 5
2 13 10 2
2 14 7 8
2 15 8 2
2 16 5 7
2 17 3 2
2 18 8 7
2 19 7 1
2 20 6 4
2 21 3 10
2 22 1 10
2 23 5 2
2 24 8 9
2 25 7 3
2 26 1 8
2 27 5 4
2 28 8 7
2 29 9 5
2 30 7 5
2 31 8 6
2 32 4 5
2 33 9 6
2 35 8 8
2 37 10 6
2 38 5 8
2 39 9 1
2 40 2 6
2 41 5 4
2 42 3 2
2 43 4 9
2 44 5 1
2 45 8 6
2 46 4 3
2 47 8 4
2 48 6 7
2 49 8 5
2 50 3 4
2 51 10 5
2 52 8 5
2 54 5 8
2 55 10 3
2 56 8 3
2 57 6 1
2 58 10 4
2 59 3 2
2 60 3 6
2 61 9 7
2 62 10 5
2 63 3 5
2 64 9 7
2 65 1 7
2 67 4 2
2 68 6 8
2 70 7 5
2 71 8 9
2 72 5 5
2 73 10 8
2 76 2 1
2 77 5 9
2 78 3 10
2 79 3 3
2 81 6 3
2 82 3 3
2 83 10 9
2 84 3 7
2 85 2 2
2 86 8 7
2 88 5 2
2 89 8 5
2 90 7 5
2 92 5 9
2 93 10 1
2 95 10 1
2 96 6 7
2 97 10 4
2 98 5 3
2 99 10 9
2 100 6 10
3 4 10 6
3 5 4 8
3 7 5 1
3 9 2 3
3 11 1 6
3 12 3 4
3 13 1 7
3 14 6 10
3 15 5 8
3 16 1 1
3 17 4 9
3 18 2 2
3 19 10 7
3 20 5 7
3 21 2 4
3 22 1 7
3 23 7 6
3 24 5 5
3 25 4 2
3 26 7 3
3 27 8 8
3 28 9 9
3 30 7 10
3 31 3 9
3 32 7 3
3 33 5 5
3 36 9 1
3 37 9 3
3 38 3 8
3 39 6 10
3 40 8 7
3 41 10 3
3 42 1 5
3 43 4 9
3 44 3 2
3 45 8 7
3 46 8 6
3 48 2 3
3 49 1 3
3 50 8 1
3 51 2 2
3 52 5 5
3 53 2 7
3 54 1 4
3 55 2 6
3 56 2 3
3 57 4 10
3 58 3 2
3 59 5 5
3 60 5 4
3 62 4 3
3 64 2 5
3 65 6 5
3 66 7 2
3 68 6 4
3 70 5 2
3 71 8 1
3 72 8 4
3 73 4 10
3 74 6 2
3 75 7 6
3 76 10 1
3 77 1 5
3 78 6 10
3 79 4 2
3 80 8 5
3 82 3 6
3 83 7 6
3 84 8 10
3 85 3 1
3 86 4 6
3 87 8 7
3 88 3 1
3 89 8 8
3 90 4 1
3 92 8 5
3 95 6 9
3 97 1 10
3 99 6 10
3 100 2 5
4 5 10 2
4 6 3 2
4 7 4 5
4 8 6 8
4 9 2 3
4 10 5 9
4 11 5 3
4 12 1 7
4 13 4 5
4 14 5 1
4 15 9 10
4 16 2 1
4 18 10 9
4 19 7 3
4 20 1 6
4 21 8 2
4 22 7 5
4 24 6 5
4 25 5 7
4 26 9 9
4 27 2 5
4 29 6 9
4 30 4 4
4 31 7 6
4 32 10 6
4 33 2 1
4 34 8 2
4 36 10 8
4 37 8 8
4 39 1 3
4 40 9 8
4 41 5 10
4 42 8 5
4 43 5 3
4 45 7 2
4 48 2 4
4 49 5 2
4 50 5 5
4 52 5 10
4 53 8 8
4 55 6 1
4 56 4 8
4 58 9 10
4 59 7 7
4 60 5 1
4 61 2 7
4 62 7 1
4 63 9 1
4 64 6 9
4 65 4 8
4 66 6 9
4 67 1 4
4 68 5 5
4 69 6 6
4 70 4 5
4 71 9 4
4 73 2 6
4 75 4 2
4 76 9 7
4 77 2 7
4 78 3 10
4 79 8 9
4 80 5 10
4 81 2 4
4 82 4 4
4 83 1 6
4 84 5 5
4 85 10 6
4 88 10 3
4 89 10 2
4 90 2 5
4 91 7 6
4 93 10 7
4 94 1 1
4 95 3 8
4 97 6 3
4 99 10 4
5 6 6 7
5 8 9 5
5 10 6 6
5 11 8 9
5 12 5 3
5 13 8 3
5 14 4 3
5 15 3 2
5 16 10 10
5 17 7 10
5 18 4 3
5 19 8 9
5 20 5 10
5 22 1 8
5 23 9 4
5 24 8 2
5 26 2 9
5 27 2 5
5 29 10 1
5 30 5 3
5 31 3 9
5 32 10 7
5 33 10 7
5 34 9 7
5 36 3 5
5 37 10 6
5 39 2 8
5 40 10 2
5 41 4 7
5 42 9 9
5 43 10 7
5 44 2 4
5 45 4 3
5 47 9 1
5 48 6 8
5 49 3 3
5 50 3 10
5 51 7 5
5 52 5 3
5 54 3 8
5 55 7 5
5 56 10 5
5 57 1 10
5 58 4 8
5 59 4 8
5 60 3 10
5 62 3 7
5 63 6 2
5 64 8 8
5 65 10 2
5 66 4 4
5 69 10 10
5 70 10 10
5 73 7 2
5 74 7 5
5 75 5 5
5 76 4 9
5 77 6 8
5 78 5 9
5 79 2 3
5 80 2 2
5 81 8 9
5 82 7 9
5 83 4 6
5 84 8 10
5 85 4 6
5 89 10 8
5 90 2 4
5 91 9 2
5 93 3 8
5 95 5 7
5 96 1 4
5 97 7 5
5 98 9 4
5 99 10 3
5 100 2 5
6 7 10 6
6 8 4 10
6 9 1 2
6 10 5 8
6 12 7 10
6 14 3 4
6 15 5 7
6 16 1 7
6 17 1 8
6 18 1 2
6 19 8 10
6 20 8 2
6 21 5 9
6 22 5 4
6 23 5 3
6 24 3 3
6 25 5 5
6 26 5 1
6 27 3 4
6 29 9 7
6 30 6 10
6 31 8 9
6 32 1 2
6 34 7 4
6 35 7 3
6 37 4 8
6 38 6 6
6 39 5 8
6 40 5 1
6 41 3 9
6 42 6 3
6 43 10 9
6 44 8 8
6 45 10 2
6 46 7 2
6 47 10 6
6 48 4 3
6 49 9 10
6 50 5 6
6 53 5 5
6 54 8 6
6 55 5 3
6 56 9 10
6 57 1 8
6 58 4 6
6 59 1 6
6 60 6 9
6 61 3 7
6 62 5 6
6 63 6 6
6 64 2 9
6 65 3 8
6 66 9 2
6 67 7 10
6 68 1 4
6 69 7 5
6 70 9 2
6 71 8 7
6 72 5 3
6 73 10 6
6 74 1 9
6 75 1 5
6 76 4 9
6 77 8 8
6 78 1 5
6 79 5 4
6 81 2 5
6 82 3 3
6 83 9 4
6 85 7 8
6 87 6 7
6 88 2 5
6 90 8 1
6 91 8 4
6 93 3 1
6 94 2 7
6 95 1 2
6 96 2 3
6 98 6 3
6 99 8 1
7 8 6 8
7 9 2 7
7 10 2 3
7 11 1 3
7 12 1 4
7 13 3 1
7 15 7 7
7 16 10 8
7 18 9 9
7 19 7 6
7 21 10 8
7 22 7 8
7 23 10 1
7 25 3 6
7 26 9 9
7 28 8 1
7 29 1 5
7 31 1 7
7 33 6 5
7 35 8 7
7 36 3 2
7 37 9 8
7 40 10 6
7 42 8 2
7 43 7 3
7 44 3 9
7 45 3 10
7 46 4 2
7 47 5 7
7 48 4 2
7 49 7 6
7 50 7 2
7 52 3 1
7 53 4 9
7 54 1 4
7 55 9 4
7 56 4 4
7 57 3 10
7 60 10 7
7 61 4 3
7 62 3 3
7 63 8 3
7 64 3 3
7 65 3 10
7 66 1 9
7 68 2 9
7 69 8 8
7 70 1 1
7 71 7 3
7 74 3 4
7 75 7 7
7 76 1 4
7 77 10 7
7 78 3 3
7 79 1 10
7 80 9 1
7 81 5 1
7 84 8 4
7 85 3 6
7 86 2 1
7 87 6 5
7 88 9 3
7 89 10 7
7 90 5 4
7 91 5 7
7 92 8 4
7 93 5 2
7 94 7 6
7 95 6 3
7 96 9 10
7 97 8 2
7 100 6 1
8 9 10 1
8 10 4 3
8 13 4 7
8 14 9 8
8 15 8 4
8 16 5 9
8 17 7 3
8 18 3 2
8 22 7 10
8 24 10 8
8 25 2 3
8 28 1 7
8 29 4 9
8 31 3 8
8 32 6 1
8 33 9 6
8 34 9 8
8 35 7 7
8 36 10 9
8 37 10 8
8 39 8 6
8 40 6 9
8 42 9 7
8 44 1 10
8 45 9 1
8 47 3 4
8 48 9 8
8 49 4 4
8 50 4 5
8 51 6 2
8 52 7 10
8 54 9 10
8 55 10 5
8 57 2 5
8 58 7 7
8 59 9 7
8 60 5 2
8 61 4 10
8 62 6 9
8 64 8 7
8 66 5 1
8 67 4 10
8 68 9 9
8 69 10 5
8 70 7 10
8 71 5 5
8 72 10 2
8 74 3 1
8 75 1 2
8 77 2 1
8 78 3 9
8 79 3 2
8 81 4 7
8 82 2 6
8 83 9 4
8 84 5 5
8 85 6 5
8 86 6 9
8 88 1 8
8 90 4 7
8 91 6 4
8 92 9 6
8 93 9 4
8 94 7 8
8 96 3 6
8 97 3 3
8 98 4 6
8 99 4 3
8 100 1 1
9 11 10 10
9 12 9 3
9 13 1 7
9 14 9 4
9 15 5 2
9 16 1 7
9 17 3 9
9 18 3 8
9 20 5 9
9 21 5 10
9 23 10 4
9 24 5 4
9 25 10 4
9 26 1 9
9 27 5 5
9 28 3 7
9 29 7 2
9 32 7 9
9 34 6 3
9 35 6 9
9 36 5 7
9 37 7 4
9 38 8 3
9 39 10 9
9 40 10 10
9 42 7 8
9 44 2 5
9 45 4 9
9 46 5 9
9 47 8 10
9 48 5 9
9 49 4 8
9 50 2 3
9 52 9 5
9 53 3 7
9 54 8 1
9 55 10 5
9 56 10 2
9 57 7 4
9 58 8 10
9 59 7 1
9 60 4 2
9 61 7 6
9 62 7 5
9 63 10 7
9 64 9 2
9 65 9 3
9 66 10 5
9 67 1 9
9 68 7 1
9 70 8 1
9 72 7 4
9 74 5 9
9 75 9 8
9 76 7 4
9 77 1 8
9 79 4 6
9 81 1 10
9 82 9 5
9 83 8 6
9 85 8 3
9 86 6 4
9 88 8 1
9 89 6 10
9 90 6 10
9 91 3 7
9 93 4 3
9 94 3 2
9 95 10 7
9 96 8 4
9 97 4 6
9 98 8 3
9 100 2 2
10 11 5 6
10 12 3 6
10 13 7 9
10 14 6 1
10 15 8 5
10 16 9 7
10 17 3 3
10 19 3 4
10 20 5 8
10 21 5 7
10 22 7 9
10 23 3 10
10 24 5 7
10 25 9 5
10 26 3 5
10 27 2 2
10 28 9 7
10 32 10 1
10 33 6 5
10 34 9 10
10 35 10 4
10 36 1 9
10 37 2 3
10 40 9 9
10 41 2 6
10 42 8 3
10 43 8 10
10 44 6 8
10 45 7 5
10 46 10 7
10 47 9 1
10 48 2 3
10 49 7 5
10 50 3 1
10 51 10 10
10 52 1 2
10 53 8 9
10 54 10 1
10 55 10 2
10 61 2 4
10 62 1 2
10 63 1 8
10 64 7 4
10 65 6 4
10 66 4 3
10 67 6 10
10 68 2 6
10 70 1 7
10 71 5 10
10 72 10 9
10 73 1 9
10 74 7 4
10 75 8 2
10 76 6 4
10 79 3 9
10 80 5 6
10 81 10 8
10 83 9 5
10 84 8 10
10 85 6 5
10 86 1 9
10 87 5 5
10 88 8 6
10 91 4 10
10 92 2 5
10 96 2 6
10 97 2 6
10 98 4 1
10 99 10 4
10 100 7 2
11 12 3 3
11 14 8 5
11 15 6 5
11 16 9 3
11 17 5 10
11 18 6 9
11 19 8 8
11 22 6 9
11 23 1 4
11 24 5 1
11 25 7 3
11 26 1 7
11 27 3 4
11 28 6 10
11 29 4 2
11 32 1 4
11 33 4 3
11 34 7 7
11 35 5 7
11 36 9 7
11 37 4 2
11 38 7 1
11 39 4 2
11 41 8 9
11 44 10 1
11 45 10 4
11 46 4 1
11 48 6 4
11 49 1 8
11 50 9 10
11 52 7 8
11 53 4 1
11 54 2 9
11 55 9 6
11 56 5 4
11 57 1 2
11 58 10 4
11 59 1 9
11 61 10 2
11 62 2 7
11 63 10 3
11 64 10 1
11 65 7 9
11 66 6 1
11 67 3 6
11 68 2 7
11 69 3 8
11 72 5 3
11 73 5 1
11 74 6 2
11 75 8 1
11 76 7 8
11 77 1 9
11 78 7 9
11 79 1 10
11 80 10 1
11 81 7 4
11 83 5 5
11 84 7 1
11 85 8 6
11 86 3 4
11 87 1 9
11 88 7 6
11 89 6 1
11 90 10 2
11 91 1 5
11 92 1 3
11 93 9 5
11 94 10 5
11 95 1 7
11 96 10 7
11 97 2 1
11 98 6 6
11 99 1 9
11 100 10 3
12 13 2 5
12 14 8 6
12 15 9 9
12 16 2 7
12 18 7 2
12 19 1 2
12 21 2 4
12 22 7 1
12 24 10 8
12 25 8 2
12 26 4 4
12 27 9 7
12 29 2 4
12 30 5 8
12 32 5 8
12 33 3 3
12 34 5 2
12 36 8 1
12 37 7 5
12 38 10 6
12 40 8 7
12 41 4 4
12 42 4 10
12 43 10 6
12 44 1 5
12 46 2 5
12 47 9 1
12 49 6 3
12 50 2 5
12 51 8 6
12 52 4 10
12 53 4 4
12 54 2 8
12 55 5 7
12 56 10 8
12 57 6 5
12 58 6 2
12 59 6 2
12 61 4 6
12 62 9 4
12 63 6 9
12 64 4 9
12 66 6 9
12 67 10 3
12 68 6 7
12 69 3 8
12 70 9 2
12 72 5 1
12 73 3 2
12 74 8 8
12 77 7 4
12 78 8 4
12 79 10 9
12 80 4 7
12 81 9 4
12 82 7 10
12 83 3 2
12 84 8 3
12 86 1 1
12 87 2 3
12 88 10 7
12 89 1 1
12 90 8 1
12 92 9 8
12 93 2 3
12 94 4 2
12 96 10 10
12 98 8 3
12 99 7 1
12 100 1 7
13 14 6 4
13 15 10 10
13 17 10 7
13 18 2 9
13 19 7 4
13 21 6 2
13 22 6 10
13 23 1 2
13 25 5 7
13 26 4 10
13 27 7 5
13 28 4 9
13 29 7 6
13 30 3 4
13 32 10 3
13 33 9 8
13 35 2 1
13 36 1 10
13 37 1 10
13 40 7 5
13 41 7 5
13 43 1 9
13 45 3 3
13 46 9 7
13 47 7 10
13 48 9 5
13 49 7 1
13 50 7 8
13 51 10 6
13 54 2 3
13 56 4 5
13 57 6 3
13 58 4 6
13 59 3 10
13 60 7 5
13 61 8 5
13 62 8 3
13 63 6 10
13 64 6 8
13 66 7 3
13 67 3 2
13 68 5 8
13 69 2 8
13 70 1 2
13 71 4 7
13 72 9 1
13 73 3 8
13 75 4 1
13 77 6 6
13 78 10 3
13 79 3 3
13 81 8 4
13 83 7 4
13 84 8 7
13 85 9 3
13 86 8 3
13 87 1 5
13 88 10 1
13 89 6 8
13 90 7 1
13 91 2 10
13 93 4 1
13 94 6 2
13 95 10 8
13 96 6 10
13 97 4 6
13 98 6 3
13 99 2 2
13 100 6 4
14 15 3 2
14 16 9 5
14 17 7 10
14 18 7 9
14 19 10 5
14 20 6 8
14 22 3 5
14 23 1 8
14 24 7 9
14 25 3 4
14 26 6 1
14 27 5 6
14 28 3 8
14 29 9 1
14 31 1 4
14 32 3 6
14 33 4 10
14 35 5 1
14 36 5 3
14 37 3 9
14 38 7 3
14 39 3 8
14 41 9 2
14 42 5 9
14 44 7 9
14 45 10 4
14 46 3 4
14 47 3 7
14 48 7 3
14 50 6 8
14 51 10 10
14 54 8 4
14 56 4 4
14 57 6 3
14 58 8 8
14 59 6 5
14 60 5 10
14 61 7 7
14 63 5 3
14 64 7 3
14 65 9 10
14 66 5 1
14 67 8 5
14 68 5 5
14 70 4 1
14 71 5 5
14 72 5 2
14 74 7 9
14 75 5 5
14 77 3 4
14 78 10 1
14 80 10 9
14 82 1 4
14 83 3 5
14 84 3 10
14 86 10 9
14 87 2 2
14 89 6 1
14 90 2 6
14 91 7 2
14 92 6 9
14 93 8 5
14 94 4 2
14 95 2 3
14 96 4 4
14 97 1 3
14 98 5 2
15 16 7 6
15 17 6 6
15 19 1 3
15 20 6 9
15 21 10 7
15 22 9 6
15 23 3 4
15 25 1 8
15 26 4 1
15 27 5 4
15 30 7 7
15 34 3 10
15 35 2 9
15 36 5 4
15 37 8 10
15 38 1 7
15 39 8 8
15 40 6 1
15 41 4 2
15 42 10 9
15 43 9 3
15 44 7 10
15 45 6 7
15 46 4 7
15 47 5 10
15 50 9 4
15 51 4 2
15 52 6 6
15 55 7 2
15 58 10 3
15 59 2 10
15 60 6 2
15 62 9 5
15 63 5 3
15 64 5 10
15 66 2 6
15 68 3 4
15 70 3 1
15 71 7 4
15 73 3 7
15 74 6 1
15 75 1 1
15 77 9 3
15 79 1 1
15 80 4 4
15 81 10 9
15 82 5 7
15 83 2 5
15 84 4 9
15 85 10 7
15 87 3 6
15 88 6 1
15 89 6 8
15 90 2 6
15 91 8 9
15 92 3 4
15 93 2 2
15 94 3 9
15 95 6 10
15 96 4 10
15 97 7 4
15 98 9 5
15 100 8 3
16 17 3 7
16 18 2 4
16 19 6 5
16 21 7 8
16 22 1 4
16 24 2 1
16 25 9 8
16 26 3 5
16 27 5 4
16 28 2 8
16 30 7 2
16 31 7 5
16 32 9 10
16 33 7 3
16 34 6 3
16 36 10 4
16 38 6 9
16 39 1 8
16 40 9 7
16 41 2 10
16 44 4 2
16 45 5 2
16 46 1 5
16 47 3 5
16 49 8 1
16 50 8 8
16 51 10 5
16 52 1 7
16 55 6 1
16 57 8 7
16 58 5 5
16 59 9 6
16 60 6 2
16 61 1 3
16 62 1 1
16 63 4 3
16 65 3 7
16 66 2 6
16 67 5 2
16 68 7 9
16 70 5 4
16 71 5 2
16 72 5 6
16 73 7 2
16 74 5 1
16 75 10 1
16 76 1 10
16 77 5 10
16 79 9 6
16 80 2 5
16 81 7 9
16 82 10 2
16 83 7 1
16 84 8 8
16 85 9 10
16 86 9 7
16 87 2 3
16 88 3 8
16 89 7 3
16 90 2 8
16 93 5 10
16 94 2 9
16 96 4 4
16 99 8 4
16 100 6 2
17 19 9 8
17 20 5 3
17 21 9 7
17 22 6 1
17 24 2 5
17 25 3 5
17 26 5 2
17 27 8 8
17 29 6 10
17 30 3 7
17 31 9 4
17 32 5 9
17 33 8 4
17 34 5 10
17 36 9 1
17 37 3 8
17 38 6 8
17 42 3 5
17 43 4 9
17 44 5 1
17 45 10 10
17 46 9 3
17 48 6 10
17 50 5 4
17 51 2 6
17 52 8 5
17 53 3 1
17 54 7 6
17 55 7 9
17 56 7 3
17 57 2 8
17 58 7 3
17 59 4 4
17 60 3 4
17 61 5 10
17 62 1 6
17 63 10 9
17 64 9 1
17 66 8 4
17 67 5 2
17 68 2 5
17 69 1 2
17 70 7 2
17 71 1 5
17 73 9 5
17 74 9 2
17 75 10 4
17 76 3 9
17 78 4 5
17 79 5 1
17 80 6 4
17 83 5 3
17 84 2 7
17 85 10 7
17 86 4 2
17 87 2 5
17 88 5 4
17 89 10 9
17 90 3 2
17 92 8 9
17 94 4 4
17 95 3 8
17 97 2 3
17 98 8 3
17 99 2 6
18 19 8 9
18 20 4 5
18 22 6 7
18 23 1 4
18 24 6 5
18 25 7 6
18 26 9 6
18 28 8 3
18 29 10 6
18 31 9 6
18 32 4 7
18 33 5 6
18 34 2 4
18 35 5 1
18 36 3 9
18 37 6 10
18 38 6 1
18 39 6 10
18 40 6 10
18 41 2 8
18 42 6 6
18 43 8 6
18 44 3 4
18 45 8 4
18 46 10 7
18 48 3 3
18 49 4 4
18 50 10 10
18 51 10 7
18 52 2 3
18 53 7 2
18 54 1 1
18 55 4 8
18 56 4 7
18 57 10 3
18 58 4 6
18 59 7 7
18 62 3 1
18 63 1 7
18 64 10 4
18 68 10 5
18 69 10 9
18 70 2 7
18 71 7 9
18 73 5 8
18 74 4 8
18 75 9 9
18 76 8 10
18 78 9 2
18 79 9 2
18 81 2 7
18 82 10 9
18 83 2 5
18 86 1 3
18 88 7 6
18 89 10 7
18 90 9 7
18 92 9 4
18 93 4 2
18 94 6 3
18 95 7 7
18 96 10 8
18 98 7 6
18 99 3 6
18 100 6 4
19 20 4 8
19 21 9 3
19 22 3 3
19 23 10 3
19 24 2 10
19 25 4 4
19 26 6 4
19 27 2 5
19 29 7 2
19 32 4 8
19 33 3 5
19 34 3 8
19 37 9 3
19 38 2 3
19 39 7 8
19 40 6 2
19 41 9 4
19 42 5 8
19 43 7 7
19 44 2 1
19 46 4 1
19 47 6 3
19 48 7 3
19 50 7 5
19 52 3 7
19 53 10 3
19 54 4 8
19 55 5 3
19 56 7 4
19 58 1 6
19 59 1 4
19 60 1 7
19 61 2 1
19 62 6 2
19 63 5 7
19 65 10 2
19 67 5 2
19 69 2 2
19 71 4 1
19 72 3 3
19 73 7 4
19 74 3 2
19 75 9 9
19 76 2 5
19 78 7 7
19 80 4 10
19 81 1 5
19 83 6 6
19 84 10 2
19 86 1 4
19 87 10 2
19 88 8 1
19 89 10 10
19 90 2 9
19 91 8 4
19 92 6 2
19 93 6 2
19 94 6 2
19 96 10 6
19 97 8 6
19 98 1 9
19 100 5 1
20 21 10 8
20 22 5 2
20 23 4 1
20 25 9 2
20 27 4 1
20 28 8 5
20 29 9 7
20 30 5 1
20 33 6 5
20 34 9 10
20 35 7 5
20 36 3 2
20 37 6 1
20 38 5 3
20 39 4 4
20 40 5 6
20 41 9 10
20 42 5 10
20 43 4 3
20 44 6 6
20 45 1 8
20 46 1 2
20 47 10 6
20 48 7 8
20 50 4 10
20 51 1 6
20 54 9 9
20 55 7 1
20 56 1 6
20 57 9 7
20 58 4 7
20 61 8 3
20 64 5 2
20 67 3 2
20 68 6 9
20 70 1 3
20 71 10 10
20 72 4 4
20 73 7 2
20 74 4 7
20 75 6 6
20 76 1 5
20 77 6 9
20 78 8 2
20 79 6 4
20 80 10 10
20 81 9 2
20 82 4 8
20 83 1 3
20 84 9 8
20 85 5 10
20 87 10 9
20 88 10 6
20 89 10 5
20 90 6 10
20 91 1 9
20 92 5 9
20 93 5 10
20 94 10 10
20 95 4 10
20 96 10 4
20 97 5 4
20 98 3 2
20 100 3 5
21 22 2 1
21 23 8 4
21 24 10 8
21 25 4 6
21 26 4 10
21 27 10 8
21 28 1 2
21 29 3 6
21 30 10 1
21 31 8 5
21 32 10 2
21 33 10 2
21 34 1 6
21 35 8 5
21 36 2 10
21 37 7 1
21 38 8 1
21 39 8 8
21 40 5 7
21 42 9 4
21 44 1 4
21 45 8 7
21 47 3 3
21 48 8 3
21 49 9 5
21 50 1 10
21 51 5 2
21 52 8 4
21 53 10 1
21 55 5 5
21 56 2 8
21 57 7 1
21 58 1 9
21 59 5 7
21 61 4 4
21 62 8 2
21 63 7 8
21 65 6 10
21 66 8 10
21 67 10 7
21 68 7 9
21 69 6 3
21 70 8 7
21 71 6 1
21 72 3 3
21 73 5 5
21 74 3 7
21 75 9 9
21 76 5 4
21 77 1 4
21 81 9 6
21 82 6 3
21 83 8 9
21 84 7 5
21 85 5 7
21 87 1 6
21 88 6 10
21 89 4 8
21 90 6 9
21 91 10 6
21 92 2 9
21 93 7 10
21 94 1 1
21 95 7 6
21 96 8 3
21 97 7 2
21 98 3 6
21 99 6 6
22 23 1 7
22 25 6 1
22 26 2 5
22 27 10 2
22 28 8 4
22 29 6 9
22 31 6 10
22 32 5 5
22 33 2 3
22 34 6 1
22 35 8 6
22 36 2 7
22 37 8 6
22 38 9 5
22 39 8 1
22 40 6 8
22 41 9 2
22 42 8 5
22 43 10 3
22 44 3 4
22 46 5 10
22 47 1 10
22 48 8 8
22 49 5 7
22 50 5 6
22 51 5 4
22 53 8 1
22 54 3 6
22 55 4 6
22 56 7 10
22 57 8 8
22 58 10 5
22 59 6 7
22 60 8 8
22 64 7 10
22 65 10 1
22 67 6 8
22 68 6 9
22 69 1 3
22 71 8 8
22 73 5 3
22 74 5 3
22 75 9 3
22 77 4 2
22 78 3 7
22 79 8 2
22 80 8 10
22 81 10 5
22 82 9 8
22 83 1 6
22 84 9 8
22 85 1 5
22 86 4 1
22 87 1 6
22 88 6 8
22 89 1 9
22 90 1 7
22 91 9 2
22 92 6 8
22 93 6 8
22 95 8 4
22 99 4 9
22 100 5 4
23 24 7 8
23 29 7 3
23 30 5 2
23 31 6 4
23 32 6 8
23 33 3 10
23 34 3 9
23 35 10 3
23 37 7 9
23 38 2 7
23 39 9 1
23 40 2 4
23 42 3 1
23 43 6 2
23 44 10 3
23 48 2 2
23 49 10 5
23 50 10 9
23 51 6 5
23 52 5 6
23 54 2 7
23 56 3 2
23 57 5 5
23 59 7 10
23 60 3 5
23 61 7 10
23 63 2 5
23 64 1 8
23 66 8 9
23 68 9 5
23 70 10 8
23 71 4 2
23 72 7 3
23 73 9 8
23 74 2 5
23 76 1 6
23 77 3 6
23 79 7 10
23 80 8 3
23 81 3 7
23 82 9 10
23 83 3 8
23 84 5 1
23 85 1 1
23 86 2 5
23 87 8 3
23 88 6 5
23 89 1 7
23 90 9 6
23 92 7 6
23 93 7 8
23 95 8 8
23 96 4 4
23 97 10 5
23 98 4 3
23 99 8 7
23 100 10 6
24 25 2 7
24 26 4 4
24 27 2 6
24 28 3 8
24 29 7 4
24 30 7 9
24 31 5 7
24 32 2 10
24 33 9 6
24 34 4 10
24 36 6 4
24 37 1 2
24 38 4 9
24 39 3 7
24 42 3 8
24 43 4 4
24 44 6 9
24 45 10 3
24 46 8 4
24 47 9 10
24 49 5 4
24 50 1 6
24 51 7 1
24 52 7 2
24 53 10 10
24 54 3 10
24 55 5 2
24 56 4 6
24 57 2 4
24 58 5 3
24 59 7 7
24 60 8 6
24 62 4 5
24 63 7 1
24 64 1 2
24 65 5 6
24 66 3 8
24 67 7 1
24 71 6 1
24 72 10 9
24 73 3 7
24 74 10 9
24 75 1 6
24 76 4 5
24 77 1 4
24 79 3 1
24 80 9 1
24 81 4 6
24 82 10 3
24 85 9 10
24 87 10 8
24 88 6 3
24 89 8 8
24 90 1 3
24 91 2 8
24 93 1 4
24 95 5 8
24 96 6 2
24 97 4 6
24 98 3 5
24 99 8 8
24 100 5 8
25 26 5 1
25 27 3 1
25 29 2 3
25 31 6 3
25 32 1 3
25 33 7 10
25 34 5 5
25 35 10 5
25 36 1 9
25 37 3 10
25 38 1 1
25 39 10 9
25 40 10 5
25 41 3 9
25 42 10 3
25 44 5 2
25 45 6 7
25 46 2 7
25 47 2 9
25 49 9 2
25 50 6 7
25 51 3 2
25 54 4 9
25 56 2 10
25 57 5 8
25 58 6 7
25 59 5 3
25 61 1 5
25 62 8 6
25 64 6 6
25 65 6 1
25 66 6 8
25 67 9 1
25 68 6 8
25 69 5 2
25 71 3 4
25 72 9 6
25 73 7 6
25 74 1 1
25 75 5 8
25 76 2 8
25 77 4 3
25 78 5 9
25 79 3 10
25 80 5 10
25 81 5 10
25 82 1 8
25 83 7 8
25 84 4 2
25 85 1 2
25 86 8 10
25 88 8 3
25 89 1 2
25 90 6 4
25 91 6 6
25 92 1 5
25 93 3 3
25 94 10 4
25 95 3 3
25 96 6 1
25 98 2 9
25 99 2 10
25 100 1 4
26 27 3 2
26 28 1 5
26 30 6 2
26 31 1 2
26 33 9 4
26 35 9 1
26 37 4 3
26 38 1 6
26 39 2 6
26 40 4 10
26 41 2 1
26 42 4 7
26 43 3 5
26 44 6 4
26 45 6 10
26 46 7 8
26 47 2 10
26 50 3 2
26 51 8 5
26 52 5 5
26 54 8 4
26 55 6 8
26 56 4 1
26 58 7 6
26 59 5 1
26 62 10 10
26 63 8 5
26 64 4 2
26 65 2 8
26 66 1 8
26 67 2 10
26 69 10 5
26 70 9 7
26 71 3 1
26 72 9 5
26 73 6 6
26 74 3 9
26 75 4 6
26 76 5 7
26 77 8 7
26 78 3 3
26 79 5 5
26 80 9 2
26 83 6 7
26 84 8 4
26 85 8 1
26 87 2 10
26 88 9 10
26 89 7 3
26 90 10 10
26 91 1 5
26 92 2 2
26 93 2 10
26 94 4 5
26 95 10 4
26 96 2 5
26 97 3 5
26 98 2 7
26 99 7 8
26 100 5 1
27 29 7 9
27 30 6 6
27 31 7 9
27 34 2 9
27 35 9 9
27 38 7 2
27 39 7 1
27 40 8 9
27 41 7 3
27 42 4 2
27 44 7 8
27 47 10 5
27 48 5 5
27 49 10 3
27 53 4 2
27 54 6 7
27 56 1 3
27 57 10 2
27 58 4 2
27 59 9 6
27 60 10 7
27 61 7 4
27 62 1 3
27 63 7 8
27 64 4 1
27 65 3 8
27 66 8 5
27 67 2 10
27 68 6 1
27 69 8 8
27 71 2 9
27 73 7 9
27 74 3 4
27 75 1 1
27 77 4 10
27 78 7 9
27 79 9 7
27 80 9 2
27 81 7 1
27 82 9 6
27 84 3 2
27 85 4 3
27 86 5 1
27 87 2 2
27 88 2 4
27 89 2 7
27 90 1 2
27 91 5 2
27 92 6 2
27 93 9 1
27 94 8 4
27 95 7 3
27 97 2 5
27 98 2 5
27 99 5 6
27 100 2 2
28 29 5 8
28 30 2 1
28 32 6 4
28 33 9 4
28 36 8 7
28 38 5 3
28 39 1 1
28 40 7 9
28 42 7 10
28 43 2 6
28 44 9 6
28 45 5 5
28 46 6 7
28 47 3 8
28 48 10 10
28 49 10 6
28 50 7 8
28 51 4 9
28 52 3 3
28 53 5 3
28 54 10 5
28 55 8 4
28 57 10 6
28 58 4 5
28 61 9 6
28 62 9 2
28 63 3 1
28 64 6 1
28 65 7 6
28 67 4 1
28 68 4 6
28 69 7 6
28 71 9 7
28 72 3 10
28 73 6 2
28 74 1 7
28 75 10 1
28 77 2 9
28 78 4 1
28 79 6 7
28 80 3 9
28 81 1 8
28 82 6 3
28 84 5 8
28 85 4 7
28 86 8 9
28 87 10 1
28 89 1 5
28 90 4 8
28 91 1 9
28 92 5 2
28 93 8 6
28 94 6 5
28 95 7 7
28 96 5 10
28 97 9 5
28 98 6 8
28 99 7 4
29 30 6 8
29 31 1 4
29 32 9 7
29 34 8 5
29 35 8 1
29 36 8 5
29 37 3 4
29 38 5 2
29 39 9 9
29 40 8 7
29 42 3 10
29 43 1 6
29 44 3 3
29 45 1 4
29 46 2 8
29 47 8 9
29 48 7 4
29 49 1 6
29 51 3 10
29 52 6 4
29 54 4 7
29 56 1 2
29 57 2 10
29 58 4 5
29 59 9 4
29 60 1 9
29 61 6 3
29 62 6 1
29 63 3 9
29 64 5 5
29 65 8 1
29 67 1 2
29 69 1 4
29 71 5 10
29 72 9 6
29 73 7 3
29 75 5 9
29 76 3 5
29 79 9 4
29 80 10 8
29 81 1 2
29 82 5 3
29 83 2 1
29 84 3 3
29 85 5 6
29 86 7 5
29 87 1 9
29 88 7 6
29 89 6 2
29 90 4 9
29 92 6 4
29 94 3 2
29 95 7 9
29 97 3 6
29 98 2 5
29 99 6 2
29 100 6 9
30 31 2 3
30 32 10 8
30 33 8 5
30 34 1 2
30 35 5 10
30 36 6 3
30 37 2 9
30 38 2 1
30 39 10 8
30 40 6 8
30 42 7 5
30 43 3 6
30 46 2 3
30 47 9 9
30 48 5 8
30 51 2 1
30 52 10 6
30 53 5 8
30 55 5 2
30 56 10 10
30 57 7 1
30 58 5 6
30 60 5 1
30 61 10 10
30 62 4 10
30 63 9 6
30 64 3 1
30 65 5 9
30 66 10 9
30 67 4 7
30 68 4 9
30 70 7 1
30 71 3 1
30 72 4 2
30 73 1 2
30 74 5 9
30 75 8 2
30 76 9 7
30 77 3 9
30 78 1 5
30 80 6 4
30 81 5 5
30 82 2 10
30 83 2 7
30 85 2 2
30 86 7 2
30 87 7 6
30 88 8 7
30 89 10 6
30 90 2 4
30 91 5 6
30 93 10 4
30 94 2 3
30 96 5 1
30 97 6 7
30 98 9 7
30 99 10 3
30 100 6 8
31 32 7 2
31 33 10 3
31 34 2 7
31 37 5 9
31 38 9 5
31 39 10 5
31 40 9 3
31 42 8 1
31 44 7 2
31 45 3 3
31 46 9 7
31 47 9 1
31 49 3 2
31 50 5 5
31 51 7 3
31 52 3 8
31 53 4 10
31 55 8 1
31 57 5 3
31 58 7 6
31 59 5 1
31 60 6 7
31 61 6 7
31 62 9 1
31 63 10 7
31 64 4 9
31 65 1 9
31 66 6 7
31 67 3 10
31 68 6 3
31 69 6 2
31 71 10 10
31 72 10 1
31 73 4 5
31 74 7 7
31 75 2 6
31 78 6 8
31 80 2 6
31 81 10 10
31 82 9 2
31 83 2 3
31 85 6 10
31 86 2 9
31 87 9 10
31 89 10 6
31 90 7 10
31 92 10 9
31 93 9 10
31 94 1 9
31 95 9 9
31 96 2 3
31 97 9 7
31 98 6 5
31 99 10 6
31 100 5 9
32 33 7 10
32 34 3 6
32 35 10 6
32 36 4 2
32 37 4 2
32 38 7 5
32 39 10 3
32 40 8 8
32 41 5 5
32 42 8 6
32 43 7 1
32 44 6 4
32 45 2 5
32 46 2 5
32 47 3 5
32 48 8 4
32 49 8 10
32 50 2 2
32 51 10 6
32 52 8 1
32 54 3 2
32 55 5 9
32 57 1 2
32 58 8 6
32 59 8 3
32 60 10 6
32 61 4 6
32 62 3 4
32 64 4 5
32 65 2 1
32 66 7 5
32 67 1 6
32 68 6 3
32 69 3 7
32 70 9 8
32 71 8 8
32 72 8 10
32 73 9 8
32 75 7 9
32 76 8 7
32 77 7 8
32 78 2 9
32 80 4 6
32 81 6 8
32 82 1 3
32 85 7 7
32 86 1 9
32 88 10 7
32 91 9 4
32 93 8 7
32 94 10 10
32 95 9 1
32 96 9 5
32 97 2 1
32 99 3 6
32 100 9 6
33 36 4 7
33 37 7 2
33 38 3 4
33 39 9 4
33 42 7 1
33 43 10 7
33 44 3 10
33 45 3 1
33 46 10 6
33 47 7 6
33 48 1 2
33 49 9 7
33 50 8 1
33 51 2 5
33 52 1 5
33 53 10 5
33 54 3 8
33 55 6 2
33 58 6 4
33 59 4 5
33 61 1 7
33 63 3 2
33 64 6 5
33 65 3 1
33 67 9 2
33 68 8 1
33 69 2 7
33 70 2 5
33 71 9 9
33 72 8 8
33 73 3 4
33 74 2 9
33 75 6 9
33 76 7 8
33 77 8 5
33 80 4 6
33 82 2 4
33 83 1 8
33 84 10 3
33 85 10 7
33 86 8 4
33 89 4 3
33 90 7 5
33 91 6 6
33 92 10 9
33 93 4 2
33 95 7 4
33 96 9 10
33 97 1 4
33 99 8 7
33 100 1 8
34 35 9 10
34 36 8 7
34 38 9 3
34 39 4 8
34 40 2 10
34 41 8 5
34 42 10 7
34 43 5 2
34 44 10 10
34 45 10 10
34 47 7 7
34 48 5 2
34 49 3 10
34 50 9 6
34 51 1 9
34 52 2 1
34 54 8 5
34 55 1 6
34 56 7 1
34 59 1 5
34 60 6 4
34 61 1 1
34 62 10 7
34 63 9 8
34 64 5 9
34 65 5 5
34 66 7 6
34 69 7 10
34 70 2 2
34 72 6 8
34 74 10 1
34 75 8 10
34 76 2 3
34 77 2 6
34 78 10 3
34 80 6 1
34 81 6 1
34 82 6 1
34 83 4 5
34 84 6 8
34 85 8 3
34 86 2 8
34 87 8 6
34 88 8 3
34 89 6 7
34 90 7 6
34 91 5 7
34 92 5 7
34 93 4 10
34 94 3 7
34 95 7 3
34 96 7 4
34 97 4 3
34 98 8 9
34 99 9 2
34 100 5 9
35 36 9 7
35 38 10 4
35 39 6 9
35 40 8 5
35 42 2 10
35 43 9 4
35 44 10 5
35 45 8 6
35 46 10 9
35 49 2 6
35 50 1 7
35 51 9 4
35 52 4 6
35 53 8 1
35 54 10 10
35 55 2 4
35 56 1 3
35 58 6 4
35 60 5 2
35 61 5 7
35 62 9 1
35 63 4 9
35 64 7 2
35 65 5 10
35 67 1 7
35 68 10 1
35 69 10 5
35 70 9 8
35 73 4 8
35 74 7 3
35 76 4 9
35 78 4 3
35 79 1 6
35 80 5 4
35 81 3 4
35 82 7 6
35 83 10 6
35 84 5 1
35 85 5 1
35 87 2 3
35 89 4 7
35 90 1 1
35 92 4 9
35 93 5 4
35 94 7 3
35 95 9 3
35 96 9 4
35 97 1 7
35 98 3 3
35 99 6 6
35 100 10 10
36 37 2 9
36 38 10 4
36 39 8 10
36 41 1 1
36 42 6 1
36 43 5 4
36 44 6 4
36 45 3 1
36 46 5 8
36 48 5 4
36 50 8 1
36 51 10 10
36 52 10 10
36 54 9 5
36 55 4 8
36 56 3 8
36 57 3 6
36 58 10 7
36 59 9 8
36 60 2 8
36 62 3 7
36 63 9 10
36 64 2 8
36 65 3 7
36 66 8 7
36 67 2 7
36 68 2 7
36 69 2 8
36 71 6 7
36 72 7 10
36 73 1 5
36 74 2 8
36 75 6 3
36 76 7 6
36 77 5 5
36 78 5 10
36 79 3 4
36 80 9 4
36 81 6 3
36 82 9 8
36 84 5 8
36 85 7 6
36 87 4 4
36 88 4 4
36 89 9 2
36 90 7 6
36 92 3 9
36 93 3 3
36 94 5 2
36 95 9 5
36 96 1 4
36 97 7 3
36 99 7 8
36 100 2 1
37 38 8 4
37 39 7 4
37 40 7 10
37 41 4 2
37 42 3 9
37 43 9 7
37 44 10 5
37 45 8 1
37 46 10 9
37 48 1 1
37 49 3 10
37 50 9 6
37 51 1 7
37 52 3 2
37 53 2 8
37 56 2 1
37 57 1 10
37 58 9 5
37 59 10 1
37 66 8 5
37 67 2 3
37 68 4 6
37 70 4 5
37 71 9 7
37 73 2 3
37 74 10 2
37 75 9 3
37 76 2 6
37 77 7 9
37 79 7 4
37 82 8 4
37 83 1 6
37 84 4 6
37 85 10 5
37 86 3 4
37 87 2 8
37 88 10 6
37 89 3 1
37 90 3 1
37 91 2 1
37 92 3 5
37 93 10 7
37 94 10 9
37 95 1 4
37 96 10 9
37 98 10 5
38 39 1 1
38 40 1 1
38 41 6 3
38 42 4 7
38 44 5 8
38 45 10 5
38 46 5 5
38 47 9 1
38 48 10 6
38 49 9 5
38 50 2 2
38 51 10 7
38 52 7 8
38 53 8 1
38 54 10 1
38 55 4 9
38 56 8 5
38 57 8 1
38 58 8 10
38 59 1 8
38 60 10 5
38 62 6 7
38 63 9 7
38 64 2 5
38 65 8 6
38 66 5 1
38 67 10 7
38 68 4 9
38 69 8 9
38 70 4 2
38 71 4 10
38 72 9 8
38 73 5 3
38 75 3 10
38 76 6 10
38 77 6 4
38 78 6 2
38 79 10 1
38 82 10 1
38 83 1 10
38 84 9 7
38 85 3 5
38 86 6 7
38 89 10 7
38 90 1 9
38 91 5 8
38 92 4 1
38 93 7 6
38 94 9 9
38 95 9 10
38 96 2 1
38 97 9 3
38 98 1 5
38 100 7 6
39 40 3 4
39 41 1 9
39 42 6 10
39 43 8 8
39 44 1 6
39 45 10 5
39 46 10 9
39 47 5 5
39 48 5 8
39 49 6 3
39 50 4 2
39 52 6 2
39 53 2 8
39 55 4 10
39 56 10 3
39 59 5 7
39 60 2 3
39 61 8 9
39 62 10 2
39 64 8 2
39 65 8 6
39 67 5 3
39 68 1 7
39 69 10 8
39 70 5 1
39 71 1 7
39 72 4 3
39 73 2 7
39 74 9 1
39 76 1 4
39 79 1 2
39 82 6 4
39 83 4 10
39 85 8 2
39 86 10 3
39 88 3 9
39 89 7 1
39 90 6 4
39 92 4 9
39 93 4 5
39 94 8 7
39 96 4 9
39 97 4 6
39 98 9 5
39 99 2 7
39 100 8 9
40 42 2 7
40 43 4 9
40 44 3 8
40 45 7 3
40 46 2 1
40 47 5 1
40 48 7 2
40 49 4 4
40 50 9 9
40 51 9 3
40 52 6 5
40 53 8 2
40 54 7 7
40 55 7 4
40 56 9 10
40 57 6 8
40 58 9 8
40 59 6 6
40 60 8 6
40 61 5 3
40 64 7 7
40 65 6 5
40 66 8 9
40 67 9 2
40 68 4 8
40 69 2 1
40 70 8 2
40 71 10 8
40 72 2 1
40 74 5 10
40 75 3 8
40 76 3 6
40 77 2 4
40 78 1 9
40 79 9 8
40 81 5 1
40 82 2 8
40 83 2 2
40 84 1 2
40 85 3 4
40 86 4 1
40 87 4 8
40 88 8 9
40 89 1 9
40 90 6 1
40 92 4 5
40 94 10 3
40 95 8 5
40 96 10 9
40 98 9 2
40 100 1 4
41 42 9 7
41 44 9 4
41 45 10 6
41 46 7 7
41 47 7 2
41 49 3 9
41 51 1 5
41 52 4 7
41 53 6 4
41 54 4 10
41 56 5 10
41 59 1 6
41 62 5 1
41 64 10 3
41 65 2 5
41 66 5 5
41 67 6 1
41 68 1 9
41 69 7 2
41 70 3 6
41 71 3 6
41 72 7 8
41 73 9 8
41 74 9 10
41 76 9 10
41 78 2 9
41 80 2 7
41 81 2 2
41 83 9 9
41 84 1 5
41 85 7 1
41 86 4 4
41 87 7 9
41 88 10 8
41 89 6 5
41 90 4 8
41 91 9 1
41 93 2 1
41 94 9 3
41 95 8 4
41 96 1 6
41 97 7 1
41 99 6 7
41 100 7 1
42 43 6 7
42 44 10 1
42 47 4 7
42 48 1 6
42 49 6 3
42 50 8 9
42 51 7 2
42 53 3 1
42 55 2 4
42 56 5 3
42 57 3 4
42 58 6 7
42 59 2 1
42 60 2 6
42 61 5 4
42 62 9 10
42 63 8 4
42 64 5 3
42 66 10 10
42 67 7 3
42 69 7 2
42 70 5 8
42 71 7 8
42 72 9 1
42 73 7 9
42 74 6 8
42 76 4 2
42 78 10 9
42 79 2 10
42 80 5 5
42 81 3 7
42 82 5 4
42 83 1 2
42 84 4 3
42 85 7 8
42 87 5 9
42 88 8 3
42 89 1 6
42 90 5 3
42 91 9 1
42 92 8 10
42 93 1 6
42 94 5 1
42 95 4 7
42 96 8 10
42 97 10 7
42 99 4 10
42 100 6 10
43 44 1 8
43 45 4 5
43 46 3 10
43 47 1 9
43 49 10 3
43 50 6 7
43 51 5 2
43 52 9 4
43 53 2 7
43 54 10 8
43 55 1 1
43 56 1 3
43 57 9 1
43 58 9 3
43 59 4 10
43 60 5 5
43 61 3 7
43 62 9 7
43 63 3 7
43 64 8 6
43 66 5 2
43 67 6 6
43 68 9 9
43 70 8 3
43 72 4 5
43 73 2 5
43 74 3 4
43 76 9 2
43 77 8 6
43 78 7 3
43 79 10 5
43 80 6 4
43 81 8 5
43 83 3 3
43 85 7 1
43 86 9 9
43 87 3 2
43 88 1 5
43 89 4 1
43 91 9 7
43 92 9 3
43 93 2 4
43 94 4 3
43 96 1 7
43 97 6 7
43 98 8 7
43 99 7 10
44 45 9 5
44 46 1 3
44 48 6 3
44 49 7 1
44 50 3 2
44 51 8 3
44 54 7 1
44 55 3 8
44 56 2 6
44 57 1 3
44 58 5 7
44 59 7 10
44 60 6 2
44 61 6 7
44 62 4 5
44 63 8 9
44 64 5 4
44 67 2 6
44 69 1 10
44 70 1 10
44 71 7 10
44 72 5 5
44 73 8 10
44 75 8 10
44 76 6 5
44 77 5 10
44 78 4 1
44 79 9 7
44 80 8 2
44 81 1 8
44 82 3 5
44 83 10 3
44 84 7 7
44 85 1 6
44 86 2 1
44 87 9 8
44 88 10 9
44 89 6 4
44 90 3 2
44 91 9 2
44 92 5 4
44 93 8 6
44 95 2 10
44 96 10 6
44 97 2 5
44 98 2 3
44 99 10 6
44 100 6 4
45 46 3 5
45 47 6 8
45 48 2 4
45 49 6 6
45 50 3 4
45 51 7 2
45 53 1 1
45 55 4 3
45 56 9 6
45 57 8 4
45 58 4 7
45 59 5 5
45 60 9 9
45 61 6 7
45 62 6 10
45 63 4 3
45 64 7 1
45 66 8 4
45 67 4 2
45 70 6 9
45 71 4 1
45 74 1 6
45 77 5 3
45 78 1 9
45 79 2 2
45 80 10 2
45 81 8 2
45 82 7 4
45 83 3 2
45 84 9 1
45 85 6 9
45 86 1 7
45 87 6 5
45 88 5 9
45 89 7 6
45 90 5 8
45 91 5 10
45 92 2 7
45 93 1 1
45 94 3 6
45 95 5 4
45 96 5 7
45 97 9 8
45 98 6 10
45 99 10 4
45 100 9 8
46 47 5 7
46 48 5 3
46 49 1 5
46 51 5 7
46 52 9 5
46 54 10 1
46 55 8 8
46 56 5 6
46 57 2 4
46 58 9 4
46 59 3 9
46 61 9 3
46 62 7 10
46 63 10 3
46 64 9 9
46 65 5 4
46 66 6 6
46 67 2 10
46 68 10 10
46 70 4 5
46 72 8 10
46 73 6 9
46 74 1 8
46 75 2 8
46 76 2 4
46 77 3 10
46 78 7 4
46 81 8 4
46 82 10 1
46 83 5 6
46 85 3 2
46 86 1 10
46 87 4 4
46 88 2 10
46 91 6 4
46 92 4 8
46 93 5 9
46 94 6 6
46 95 9 1
46 96 10 7
46 98 9 8
46 99 7 7
47 48 9 7
47 49 9 9
47 50 6 2
47 51 1 9
47 52 5 5
47 53 4 3
47 55 4 1
47 56 9 6
47 57 5 2
47 58 6 5
47 59 5 2
47 60 8 7
47 61 6 3
47 62 9 9
47 64 3 7
47 65 8 10
47 66 5 10
47 67 8 1
47 68 5 1
47 69 2 10
47 70 10 9
47 72 8 6
47 73 6 1
47 74 5 3
47 75 8 3
47 76 5 9
47 77 1 1
47 78 2 5
47 79 3 4
47 80 5 1
47 81 9 6
47 82 9 5
47 83 2 9
47 84 7 2
47 85 1 7
47 86 10 4
47 89 7 10
47 90 2 2
47 91 6 1
47 92 3 4
47 93 10 3
47 94 6 7
47 95 1 8
47 96 3 10
47 97 3 6
47 98 7 7
47 99 8 3
47 100 1 10
48 49 1 2
48 51 6 1
48 52 9 9
48 53 8 7
48 54 8 6
48 55 4 6
48 56 10 1
48 57 6 2
48 58 3 8
48 59 5 1
48 60 5 7
48 62 5 7
48 63 10 3
48 64 6 1
48 65 9 8
48 66 7 6
48 67 4 2
48 68 3 6
48 69 9 10
48 70 3 7
48 71 9 2
48 72 2 9
48 73 9 8
48 74 4 10
48 75 8 3
48 77 6 1
48 78 8 3
48 79 5 1
48 80 3 4
48 81 5 5
48 82 9 8
48 83 8 10
48 84 8 9
48 86 10 1
48 87 1 3
48 88 2 7
48 90 8 2
48 91 3 2
48 92 3 5
48 93 6 1
48 94 5 6
48 95 4 9
48 96 4 1
48 97 6 8
48 98 4 2
48 99 5 4
48 100 7 6
49 52 3 1
49 55 9 5
49 56 9 5
49 57 7 4
49 58 10 8
49 59 2 9
49 60 7 6
49 61 2 8
49 62 3 6
49 63 1 8
49 66 4 3
49 67 1 4
49 68 4 4
49 69 8 10
49 70 10 8
49 71 9 8
49 72 5 4
49 74 7 4
49 75 7 7
49 77 9 1
49 78 2 10
49 81 9 1
49 83 2 9
49 84 5 7
49 85 4 3
49 87 1 8
49 88 1 5
49 90 5 8
49 92 2 2
49 93 2 7
49 94 10 2
49 95 9 4
49 96 8 4
49 97 8 10
49 98 2 9
49 99 7 9
49 100 5 6
50 51 2 7
50 52 7 5
50 53 5 7
50 54 2 4
50 56 3 2
50 58 4 10
50 59 4 8
50 60 6 6
50 61 8 1
50 62 8 5
50 64 8 4
50 65 8 10
50 66 8 10
50 68 4 6
50 70 9 2
50 71 1 10
50 72 8 5
50 73 7 7
50 74 9 1
50 75 1 4
50 76 8 2
50 77 6 4
50 78 8 10
50 79 6 8
50 80 6 8
50 81 1 6
50 83 1 9
50 84 4 7
50 85 3 10
50 86 8 10
50 87 1 3
50 88 3 4
50 89 3 1
50 90 7 4
50 92 1 2
50 94 2 9
50 95 1 10
50 96 4 8
50 98 4 8
50 100 8 5
51 53 4 3
51 54 3 10
51 55 9 4
51 56 4 10
51 57 6 3
51 58 1 9
51 59 8 4
51 60 10 8
51 61 10 10
51 62 10 1
51 64 6 5
51 65 6 9
51 66 7 1
51 67 10 7
51 68 2 6
51 69 9 5
51 70 7 4
51 71 2 2
51 72 5 9
51 73 9 1
51 74 5 4
51 75 6 2
51 77 2 9
51 78 6 5
51 79 6 4
51 81 10 2
51 82 9 7
51 83 3 1
51 84 2 9
51 85 8 8
51 86 3 1
51 87 7 10
51 88 9 2
51 89 5 2
51 90 9 6
51 91 10 9
51 92 9 10
51 94 10 6
51 95 6 7
51 96 5 6
51 98 4 1
51 99 6 4
51 100 3 5
52 53 2 6
52 55 1 5
52 56 4 2
52 58 9 10
52 59 8 2
52 61 3 8
52 62 4 10
52 63 9 4
52 64 7 4
52 65 3 1
52 66 2 2
52 67 1 10
52 68 10 3
52 69 2 10
52 71 4 2
52 72 3 9
52 73 8 10
52 74 2 1
52 75 10 9
52 76 10 5
52 77 7 4
52 78 9 8
52 79 9 3
52 80 5 1
52 81 5 1
52 82 5 10
52 87 1 10
52 88 3 8
52 89 5 9
52 90 1 6
52 91 3 2
52 94 10 7
52 95 10 9
52 96 3 4
52 97 1 9
52 98 9 2
52 99 5 2
52 100 10 4
53 54 7 9
53 55 5 2
53 56 2 2
53 57 2 2
53 58 6 8
53 59 7 2
53 60 2 8
53 61 7 2
53 62 10 8
53 64 2 3
53 65 1 2
53 66 6 2
53 67 8 10
53 68 4 2
53 70 1 9
53 71 9 10
53 73 2 5
53 74 2 9
53 75 5 7
53 77 10 5
53 78 6 6
53 79 3 8
53 80 7 4
53 81 1 1
53 83 5 1
53 84 7 3
53 87 7 9
53 88 2 2
53 89 5 6
53 90 1 1
53 91 2 7
53 92 7 7
53 93 9 5
53 94 8 10
53 95 9 3
53 96 10 6
53 97 8 9
53 98 1 3
53 100 8 6
54 55 4 9
54 56 6 8
54 57 7 5
54 59 1 1
54 60 7 4
54 61 9 1
54 63 5 10
54 64 1 7
54 65 6 6
54 66 7 5
54 67 10 1
54 68 1 9
54 69 8 3
54 70 4 8
54 71 10 3
54 72 2 2
54 73 7 3
54 76 2 2
54 77 8 9
54 78 9 8
54 79 7 2
54 80 8 9
54 81 3 9
54 82 6 10
54 86 9 8
54 87 2 8
54 88 2 5
54 89 2 2
54 90 2 2
54 91 7 2
54 92 10 10
54 93 3 5
54 94 1 2
54 97 3 1
54 98 8 2
54 99 3 9
54 100 8 5
55 56 6 7
55 58 10 7
55 59 9 10
55 62 4 8
55 63 6 6
55 64 7 10
55 65 4 7
55 66 3 6
55 67 2 2
55 68 2 9
55 69 6 1
55 70 3 6
55 72 9 9
55 73 6 10
55 74 6 4
55 75 5 10
55 76 4 8
55 77 9 9
55 78 7 3
55 79 7 10
55 81 3 7
55 82 7 6
55 83 5 6
55 84 5 4
55 85 7 5
55 86 3 2
55 87 3 10
55 88 8 8
55 89 8 10
55 90 5 1
55 91 3 3
55 92 9 10
55 94 7 9
55 95 3 10
55 96 1 10
55 97 9 6
55 98 2 8
55 99 3 8
55 100 6 1
56 57 5 5
56 58 10 5
56 59 7 9
56 60 4 4
56 61 8 9
56 62 3 7
56 65 8 9
56 66 10 2
56 67 3 10
56 68 2 3
56 69 5 9
56 70 5 9
56 71 2 3
56 73 5 1
56 74 10 5
56 75 2 5
56 76 6 9
56 77 8 2
56 81 8 9
56 84 7 6
56 85 5 4
56 86 8 8
56 87 7 6
56 88 7 5
56 90 7 6
56 91 10 7
56 92 1 7
56 93 4 9
56 94 1 8
56 95 6 4
56 96 10 8
56 97 1 4
56 98 7 4
56 99 8 2
56 100 4 4
57 58 1 1
57 59 6 8
57 60 8 3
57 63 3 2
57 65 9 6
57 66 5 2
57 67 8 1
57 68 7 1
57 70 7 9
57 71 1 3
57 74 10 8
57 75 3 6
57 76 4 10
57 77 9 7
57 78 1 6
57 80 3 2
57 81 4 8
57 82 9 10
57 83 6 5
57 85 5 6
57 86 1 10
57 87 4 6
57 88 2 7
57 89 4 4
57 90 8 1
57 92 10 9
57 93 3 3
57 95 6 7
57 96 7 7
57 98 10 6
57 99 4 7
58 59 2 3
58 60 7 1
58 61 7 9
58 62 9 10
58 64 7 4
58 65 9 5
58 66 1 6
58 67 2 10
58 68 8 5
58 69 5 5
58 70 2 6
58 72 7 3
58 73 2 1
58 74 3 3
58 75 8 4
58 76 7 9
58 78 3 4
58 79 9 5
58 80 3 4
58 81 8 8
58 82 2 10
58 83 6 2
58 84 8 7
58 85 8 4
58 86 10 5
58 87 4 3
58 88 4 4
58 89 5 6
58 90 1 2
58 91 1 4
58 92 6 9
58 93 10 5
58 94 7 3
58 95 4 10
58 96 6 4
58 97 6 5
58 98 1 4
58 99 4 4
59 60 7 10
59 61 10 3
59 62 7 6
59 64 6 3
59 65 9 5
59 66 10 5
59 67 3 1
59 68 1 3
59 69 7 2
59 70 2 10
59 71 1 8
59 72 1 5
59 73 4 2
59 74 8 1
59 76 5 1
59 77 4 1
59 78 7 3
59 79 8 9
59 80 9 1
59 81 4 4
59 83 7 9
59 84 7 1
59 88 1 3
59 89 3 5
59 90 9 1
59 91 2 7
59 93 9 7
59 95 4 9
59 96 2 7
59 97 4 2
59 98 3 7
59 100 6 5
60 61 8 4
60 62 9 2
60 63 5 6
60 65 5 6
60 67 7 6
60 68 7 10
60 71 3 8
60 72 9 5
60 73 6 8
60 74 4 3
60 75 1 3
60 76 7 7
60 77 3 2
60 78 8 3
60 80 6 2
60 81 1 6
60 82 3 3
60 83 9 10
60 84 7 1
60 85 3 6
60 86 5 9
60 87 4 8
60 88 6 9
60 89 2 10
60 90 10 7
60 93 5 9
60 94 7 10
60 95 9 5
60 96 5 8
60 97 8 1
60 98 5 4
60 99 9 1
60 100 2 6
61 63 5 2
61 65 3 1
61 67 10 7
61 68 9 1
61 69 9 2
61 72 5 8
61 73 1 3
61 74 5 4
61 75 2 6
61 76 3 9
61 77 2 1
61 78 9 3
61 79 8 2
61 80 1 6
61 81 7 5
61 84 7 5
61 85 8 2
61 87 8 9
61 88 2 7
61 90 1 1
61 92 8 3
61 93 6 4
61 94 3 8
61 95 7 5
61 97 3 1
61 98 7 8
61 99 3 10
61 100 5 8
62 66 7 7
62 67 8 3
62 68 4 4
62 69 9 4
62 72 9 2
62 73 2 10
62 74 1 3
62 75 4 9
62 76 6 9
62 77 7 9
62 78 6 3
62 79 3 6
62 80 9 5
62 81 2 1
62 84 5 7
62 85 10 9
62 86 8 3
62 88 7 10
62 89 5 6
62 90 8 5
62 91 10 3
62 93 10 10
62 94 6 10
62 95 2 6
62 96 1 3
62 97 9 8
62 98 5 7
62 99 5 6
62 100 9 7
63 64 2 7
63 65 7 6
63 66 9 3
63 67 2 5
63 68 5 4
63 69 4 2
63 70 10 10
63 71 3 5
63 73 9 10
63 74 10 6
63 75 9 1
63 76 10 5
63 77 4 6
63 78 7 3
63 79 6 7
63 80 6 10
63 81 6 4
63 82 9 2
63 83 3 2
63 84 5 4
63 85 7 8
63 86 6 4
63 87 9 9
63 88 1 7
63 89 6 4
63 90 1 4
63 91 4 4
63 94 1 3
63 96 2 3
63 97 6 3
63 99 4 9
64 66 1 6
64 67 7 2
64 68 2 9
64 69 7 4
64 72 8 7
64 73 8 6
64 74 3 10
64 75 5 1
64 77 1 5
64 79 7 10
64 80 2 10
64 81 3 6
64 82 4 4
64 83 8 9
64 84 6 4
64 85 8 5
64 86 10 3
64 87 6 9
64 88 8 9
64 89 5 5
64 91 7 1
64 92 2 1
64 95 2 4
64 98 5 4
64 99 9 2
65 66 10 1
65 67 3 8
65 68 3 4
65 69 2 7
65 70 6 6
65 71 2 4
65 72 5 6
65 73 7 10
65 74 1 5
65 75 2 8
65 76 4 6
65 77 3 3
65 78 2 5
65 79 1 3
65 80 6 10
65 81 10 9
65 82 7 9
65 84 1 5
65 85 5 8
65 86 5 2
65 87 9 5
65 89 4 6
65 92 2 1
65 94 1 9
65 95 3 7
65 96 5 5
65 98 3 8
65 99 4 5
65 100 5 8
66 67 6 4
66 68 9 6
66 69 9 6
66 71 10 1
66 73 9 2
66 74 7 1
66 75 10 4
66 77 3 3
66 81 4 5
66 82 5 5
66 83 3 5
66 84 4 7
66 85 1 9
66 86 7 8
66 90 8 8
66 91 8 6
66 93 7 2
66 94 1 4
66 95 10 6
66 96 1 7
66 97 4 9
66 99 9 9
66 100 2 5
67 68 5 8
67 69 7 6
67 70 3 4
67 71 3 10
67 72 6 3
67 73 7 3
67 74 2 7
67 75 3 7
67 76 10 1
67 77 1 3
67 78 2 2
67 80 1 5
67 81 3 6
67 82 3 1
67 83 7 1
67 84 7 8
67 85 4 7
67 86 6 1
67 87 5 8
67 88 7 5
67 90 4 7
67 91 1 3
67 92 9 5
67 93 3 8
67 94 6 6
67 95 5 1
67 96 4 8
67 97 10 8
67 98 4 3
67 99 10 8
67 100 9 8
68 69 4 1
68 72 7 6
68 73 8 9
68 74 4 3
68 75 3 1
68 76 1 5
68 77 10 8
68 78 1 9
68 79 4 7
68 80 1 10
68 81 1 6
68 82 3 1
68 83 10 1
68 84 5 5
68 85 2 1
68 86 1 3
68 87 4 9
68 88 6 1
68 89 8 3
68 90 1 2
68 91 4 3
68 93 8 10
68 95 7 5
68 96 6 7
68 97 6 1
68 98 4 5
68 99 2 8
69 70 2 6
69 74 9 2
69 75 4 7
69 76 8 3
69 77 5 1
69 78 8 6
69 79 7 5
69 80 1 2
69 81 2 7
69 82 2 10
69 84 8 7
69 85 7 6
69 86 9 2
69 87 9 8
69 88 2 3
69 89 6 10
69 90 8 1
69 91 9 3
69 92 4 7
69 93 4 7
69 94 3 2
69 95 8 9
69 96 3 9
69 97 5 5
69 98 5 2
69 99 5 6
69 100 8 9
70 71 5 9
70 72 7 6
70 73 4 7
70 75 7 10
70 76 10 8
70 77 9 2
70 78 7 7
70 80 6 8
70 81 7 10
70 82 3 3
70 83 7 5
70 84 10 2
70 86 6 8
70 88 5 4
70 89 4 3
70 90 8 3
70 91 5 6
70 92 1 8
70 93 5 8
70 95 2 1
70 96 10 8
70 97 3 10
70 100 9 1
71 72 4 5
71 73 9 2
71 75 1 7
71 76 4 7
71 79 8 8
71 80 5 10
71 81 3 1
71 82 7 5
71 83 7 10
71 84 3 1
71 85 9 4
71 86 1 4
71 88 9 9
71 89 1 5
71 90 2 1
71 91 3 6
71 92 4 3
71 93 4 7
71 94 6 2
71 96 5 2
71 98 8 2
71 100 4 6
72 74 1 3
72 75 3 10
72 76 5 8
72 77 5 1
72 79 1 10
72 80 7 2
72 81 1 1
72 85 2 9
72 86 4 3
72 87 8 6
72 88 7 3
72 89 10 2
72 90 5 9
72 91 7 1
72 92 10 8
72 93 10 1
72 94 8 4
72 97 6 10
72 99 6 4
72 100 7 6
73 75 5 10
73 76 3 4
73 77 3 3
73 78 6 9
73 79 4 3
73 80 10 8
73 82 10 5
73 83 4 4
73 84 1 7
73 85 2 8
73 86 9 7
73 87 1 3
73 90 6 10
73 91 9 1
73 92 10 2
73 93 8 8
73 95 3 1
73 96 3 9
73 97 10 8
73 98 6 6
73 99 9 9
73 100 9 1
74 76 1 5
74 77 6 10
74 79 2 1
74 80 9 6
74 82 9 5
74 83 5 2
74 84 10 1
74 85 5 4
74 86 2 2
74 87 1 10
74 88 3 1
74 89 10 10
74 90 5 5
74 91 3 9
74 92 10 5
74 93 10 7
74 94 10 1
74 95 1 3
74 96 8 5
74 97 5 3
74 98 3 10
74 99 10 9
75 76 9 7
75 77 5 8
75 78 6 9
75 79 2 4
75 80 1 5
75 82 6 8
75 83 5 6
75 84 9 7
75 85 6 2
75 86 7 8
75 87 3 2
75 89 2 2
75 90 5 4
75 92 9 2
75 93 8 2
75 95 5 5
75 98 9 7
75 99 5 4
75 100 9 2
76 77 2 10
76 78 8 1
76 79 10 2
76 80 1 7
76 81 1 6
76 82 1 7
76 84 2 5
76 85 7 1
76 86 1 1
76 87 1 3
76 88 7 10
76 89 4 1
76 91 5 5
76 92 4 4
76 93 5 9
76 94 10 4
76 96 2 8
76 97 9 4
76 99 1 2
76 100 4 9
77 78 5 9
77 79 2 9
77 80 3 5
77 81 6 8
77 82 5 2
77 83 4 2
77 84 7 4
77 85 6 7
77 86 2 9
77 87 10 6
77 88 10 8
77 89 9 4
77 90 3 2
77 91 7 2
77 92 7 5
77 93 6 2
77 94 6 3
77 95 3 1
77 100 7 4
78 79 10 6
78 80 2 6
78 81 2 7
78 84 2 10
78 85 2 9
78 86 8 5
78 87 9 6
78 88 1 5
78 90 3 1
78 91 3 10
78 93 8 8
78 94 7 10
78 95 10 6
78 96 3 4
78 97 3 3
78 98 7 10
78 100 9 6
79 80 5 10
79 81 10 7
79 82 7 5
79 83 1 1
79 84 6 10
79 85 2 3
79 86 1 8
79 87 6 1
79 88 3 3
79 89 10 7
79 92 6 2
79 93 3 4
79 94 9 3
79 96 5 1
79 97 2 2
79 98 5 6
79 99 6 1
80 81 7 4
80 82 5 8
80 84 5 7
80 85 8 3
80 86 4 7
80 87 10 5
80 88 8 6
80 89 2 7
80 90 5 2
80 91 7 7
80 92 9 2
80 93 9 5
80 94 4 1
80 95 4 7
80 96 10 4
80 97 2 2
80 98 6 9
80 99 10 9
80 100 4 9
81 82 5 1
81 83 2 9
81 84 3 4
81 85 3 8
81 87 3 1
81 90 7 6
81 92 1 3
81 93 10 9
81 96 10 9
81 98 3 4
81 99 7 1
81 100 10 3
82 83 9 9
82 84 5 8
82 86 4 3
82 87 10 5
82 88 9 4
82 90 7 2
82 92 1 8
82 93 4 1
82 94 1 2
82 95 6 10
82 96 2 8
82 97 10 6
82 98 5 4
82 99 10 2
82 100 8 7
83 85 9 7
83 86 8 3
83 87 1 4
83 88 7 10
83 90 3 3
83 91 4 1
83 93 1 5
83 94 3 4
83 95 1 2
83 96 4 10
83 97 3 5
83 98 7 2
83 99 3 3
83 100 9 8
84 85 5 6
84 86 8 8
84 87 3 2
84 89 7 9
84 90 3 4
84 91 6 6
84 92 8 2
84 93 10 3
84 94 3 2
84 95 6 8
84 96 9 4
84 97 5 5
84 99 4 10
84 100 10 7
85 86 6 3
85 88 8 2
85 89 7 6
85 90 8 6
85 92 9 6
85 93 2 7
85 95 2 5
85 96 6 6
85 97 5 8
85 98 1 8
85 99 6 3
85 100 4 5
86 87 6 4
86 88 4 9
86 89 6 9
86 90 4 7
86 93 9 10
86 94 2 9
86 95 9 9
86 96 9 3
86 97 8 2
86 98 8 1
86 99 9 4
87 88 8 3
87 91 4 6
87 92 8 2
87 93 2 4
87 95 10 3
87 97 2 3
87 98 9 8
87 100 1 7
88 89 10 1
88 91 1 1
88 93 1 8
88 94 1 9
88 95 8 10
88 97 4 1
88 98 5 2
88 99 7 10
88 100 7 9
89 91 1 4
89 92 8 7
89 93 8 3
89 94 8 3
89 95 9 3
89 96 4 1
89 97 3 4
89 98 9 1
89 100 8 2
90 91 7 8
90 92 2 10
90 93 5 2
90 94 1 6
90 95 2 7
90 96 7 2
90 97 9 5
90 98 5 4
90 100 3 9
91 92 8 4
91 94 8 2
91 95 10 8
91 96 2 8
91 97 2 1
91 98 8 10
91 99 8 6
92 93 7 4
92 94 7 1
92 95 10 1
92 96 8 5
92 98 6 1
92 99 4 7
92 100 8 6
93 94 5 1
93 97 2 9
93 98 4 8
93 100 8 3
94 95 9 9
94 96 1 9
94 97 7 1
94 98 8 5
94 99 9 8
94 100 2 6
95 96 3 4
95 97 3 1
95 99 9 1
95 100 8 10
96 97 4 8
96 99 6 1
96 100 1 5
97 98 2 6
97 99 2 7
97 100 1 3
98 99 6 4
98 100 7 3
99 100 2 7
1
1 2 3 4 5 6 7 8 9 10 11 12 13 14 15 16 17 18 19 20 21 22 23 24 25 26 27 28 29 30 31 32 33 34 35 36 37 38 39 40 41 42 43 44 45 46 47 48 49 50
