3957
1 3 6 7
1 4 6 1
1 5 4 5
1 6 9 5
1 8 2 10
1 10 4 2
1 12 4 2
1 13 8 4
1 14 8 8
1 15 1 4
1 18 2 6
1 19 1 7
1 20 7 7
1 21 6 1
1 22 1 9
1 23 7 4
1 24 10 9
1 25 10 8
1 26 4 6
1 28 9 3
1 29 8 6
1 30 9 3
1 31 2 8
1 32 7 8
1 33 9 8
1 34 4 5
1 35 1 7
1 36 1 10
1 37 1 4
1 38 3 10
1 39 6 9
1 40 10 9
1 43 5 1
1 44 4 2
1 45 10 8
1 47 3 5
1 49 10 4
1 50 2 3
1 51 3 7
1 52 2 10
1 53 3 1
1 54 8 1
1 55 1 9
1 56 4 5
1 57 6 1
1 58 6 5
1 59 2 8
1 60 2 10
1 61 2 2
1 62 5 9
1 64 8 7
1 65 8 6
1 67 7 9
1 68 1 3
1 69 6 10
1 70 2 6
1 71 3 6
1 72 9 10
1 74 3 7
1 75 9 8
1 76 1 10
1 77 7 9
1 79 8 6
1 81 6 3
1 82 8 2
1 83 9 3
1 84 10 5
1 85 10 10
1 86 8 9
1 87 7 9
1 88 9 1
1 89 4 9
1 90 2 4
1 91 10 1
1 92 10 4
1 93 8 3
1 94 6 4
1 95 5 9
1 96 10 3
1 97 2 9
1 98 8 6
1 99 2 1
1 100 9 6
2 3 3 2
2 4 3 8
2 6 8 2
2 7 10 1
2 8 1 2
2 9 2 10
2 11 4 8
2 12 1 9
2 13 10 7
2 14 1 5
2 15 1 5
2 16 7 1
2 17 5 9
2 18 3 7
2 19 7 8
2 20 4 6
2 21 6 9
2 22 2 2
2 23 7 8
2 24 7 2
2 25 1 1
2 26 10 9
2 27 3 2
2 29 7 2
2 31 2 6
2 32 9 5
2 34 7 8
2 35 9 7
2 36 7 4
2 37 8 2
2 38 1 9
2 40 9 9
2 41 7 8
2 42 4 8
2 43 5 7
2 44 8 4
2 45 3 6
2 47 9 4
2 49 7 3
2 50 4 6
2 51 10 1
2 52 2 3
2 55 3 9
2 56 2 4
2 57 7 6
2 58 10 10
2 60 6 1
2 62 3 8
2 63 6 4
2 64 6 3
2 66 8 4
2 68 4 1
2 69 2 2
2 70 4 1
2 72 9 5
2 73 8 10
2 74 7 3
2 75 1 3
2 77 2 8
2 79 3 1
2 80 9 1
2 81 3 3
2 82 5 2
2 83 6 1
2 85 5 6
2 86 5 3
2 87 1 1
2 88 3 10
2 90 8 1
2 91 1 8
2 92 4 1
2 93 4 4
2 94 10 6
2 96 7 1
2 97 5 10
2 99 3 4
3 4 6 1
3 5 2 8
3 6 2 3
3 7 7 7
3 8 2 4
3 10 1 7
3 12 5 9
3 14 10 2
3 15 1 3
3 16 5 3
3 17 5 8
3 18 8 10
3 19 1 6
3 20 7 10
3 21 6 1
3 25 10 2
3 26 1 5
3 27 9 7
3 28 8 5
3 29 2 5
3 30 4 6
3 31 5 6
3 32 3 8
3 35 2 8
3 36 9 3
3 38 6 8
3 39 3 9
3 40 1 10
3 42 10 5
3 43 10 5
3 44 1 8
3 46 5 1
3 47 3 8
3 48 6 1
3 49 9 3
3 50 10 6
3 51 3 3
3 53 3 7
3 54 5 7
3 55 4 4
3 57 1 10
3 58 2 3
3 59 6 9
3 60 5 3
3 61 4 8
3 62 8 9
3 66 2 7
3 68 1 2
3 69 10 7
3 71 4 9
3 72 10 5
3 73 3 10
3 74 1 6
3 75 9 1
3 76 4 8
3 78 7 6
3 80 6 9
3 81 3 1
3 82 3 7
3 83 9 8
3 84 5 10
3 85 8 2
3 88 2 5
3 90 5 7
3 91 7 1
3 92 7 9
3 93 8 9
3 94 9 8
3 95 4 6
3 96 1 3
3 97 4 10
3 100 5 5
4 6 3 4
4 7 6 2
4 8 7 9
4 9 5 8
4 10 9 5
4 11 4 4
4 12 1 8
4 13 1 4
4 14 8 2
4 15 10 8
4 16 6 5
4 17 4 10
4 18 6 7
4 19 6 1
4 20 5 4
4 21 5 5
4 22 3 7
4 23 9 3
4 24 6 1
4 26 7 4
4 28 3 5
4 30 10 1
4 31 5 8
4 32 4 2
4 37 5 5
4 38 5 6
4 39 10 1
4 41 9 6
4 42 7 1
4 43 4 3
4 44 4 3
4 45 1 3
4 46 4 4
4 47 2 6
4 48 4 8
4 49 4 10
4 50 8 3
4 52 2 5
4 54 7 5
4 55 3 1
4 57 5 10
4 58 1 1
4 59 10 3
4 60 1 4
4 62 8 7
4 64 1 8
4 66 5 4
4 67 3 7
4 68 10 4
4 69 4 3
4 70 7 8
4 71 2 10
4 72 5 2
4 73 4 9
4 75 6 9
4 77 10 10
4 78 2 9
4 80 1 9
4 82 3 7
4 83 9 6
4 84 1 1
4 85 10 8
4 86 4 4
4 87 10 3
4 88 10 9
4 89 2 7
4 90 5 9
4 92 10 7
4 94 2 5
4 95 6 4
4 96 4 3
4 97 5 3
4 98 2 10
4 99 6 2
5 6 7 2
5 7 5 6
5 8 9 5
5 10 9 6
5 11 2 6
5 12 4 10
5 13 6 1
5 14 5 7
5 15 3 9
5 16 6 1
5 17 4 7
5 19 6 10
5 20 5 1
5 21 4 10
5 22 5 8
5 23 10 3
5 25 5 10
5 26 9 3
5 27 2 4
5 28 7 10
5 29 3 8
5 30 4 7
5 31 3 2
5 32 3 4
5 33 4 6
5 34 1 5
5 35 7 3
5 36 3 1
5 37 2 9
5 39 4 2
5 41 7 10
5 42 1 1
5 43 9 10
5 44 6 9
5 45 4 7
5 46 7 7
5 47 3 7
5 48 10 7
5 49 7 1
5 53 4 6
5 54 3 10
5 55 1 10
5 56 3 1
5 58 2 5
5 59 4 4
5 60 8 1
5 61 9 7
5 62 9 1
5 65 1 4
5 66 1 3
5 67 3 4
5 68 10 9
5 69 1 9
5 70 4 2
5 72 5 3
5 73 5 8
5 74 8 4
5 75 1 4
5 76 5 7
5 79 2 9
5 80 9 6
5 81 4 10
5 82 3 8
5 83 2 7
5 84 1 3
5 85 3 1
5 86 5 2
5 87 6 2
5 88 1 6
5 89 3 6
5 90 8 3
5 92 9 10
5 93 7 9
5 94 5 9
5 97 10 1
5 98 5 8
5 99 1 1
5 100 3 9
6 8 2 9
6 9 5 5
6 10 1 6
6 11 10 3
6 12 5 9
6 13 1 8
6 14 2 6
6 15 8 7
6 17 9 4
6 18 10 2
6 19 9 10
6 20 9 7
6 22 3 6
6 23 2 10
6 24 5 3
6 26 3 4
6 27 10 8
6 32 4 4
6 33 10 8
6 34 3 2
6 35 6 1
6 36 2 10
6 37 7 1
6 38 3 4
6 39 6 6
6 40 1 2
6 41 2 8
6 42 8 6
6 43 3 9
6 44 7 2
6 46 9 7
6 47 1 5
6 51 3 9
6 52 1 3
6 54 6 9
6 55 5 7
6 56 2 9
6 57 1 3
6 58 8 5
6 59 2 6
6 60 5 1
6 61 3 9
6 63 7 1
6 64 2 3
6 65 5 4
6 66 1 4
6 67 1 1
6 68 2 7
6 69 9 9
6 70 9 6
6 71 9 10
6 72 3 7
6 74 7 6
6 75 8 4
6 78 8 8
6 79 7 2
6 80 10 2
6 82 2 6
6 83 6 6
6 84 7 2
6 85 6 10
6 86 2 4
6 87 7 7
6 89 10 4
6 91 8 1
6 92 2 7
6 93 3 6
6 95 2 1
6 96 5 4
6 97 8 4
6 98 3 9
6 99 9 1
6 100 6 9
7 8 8 9
7 9 7 1
7 11 2 3
7 12 8 8
7 14 5 1
7 17 7 6
7 19 4 1
7 20 1 3
7 21 10 6
7 22 9 4
7 24 1 3
7 25 8 8
7 26 10 6
7 28 9 9
7 29 9 1
7 30 8 7
7 32 2 7
7 34 3 1
7 35 2 7
7 37 2 7
7 38 7 7
7 40 3 1
7 41 2 3
7 42 3 7
7 44 10 4
7 46 10 3
7 47 4 5
7 48 2 9
7 50 1 9
7 51 7 2
7 53 5 1
7 54 2 7
7 56 4 5
7 57 4 1
7 58 6 8
7 61 10 6
7 63 3 5
7 65 6 3
7 66 7 1
7 67 7 2
7 70 5 7
7 71 10 9
7 72 4 3
7 73 5 4
7 74 3 7
7 75 1 5
7 76 3 2
7 77 7 9
7 79 6 4
7 80 3 4
7 83 7 1
7 84 6 3
7 85 5 10
7 86 1 3
7 87 10 10
7 88 4 2
7 89 2 8
7 91 7 5
7 92 7 2
7 93 4 8
7 94 5 5
7 95 2 2
7 96 10 3
7 98 3 7
7 99 4 2
7 100 8 3
8 9 4 3
8 11 5 2
8 12 7 4
8 13 5 5
8 14 9 4
8 15 8 8
8 16 9 8
8 17 9 6
8 18 8 6
8 19 1 5
8 20 6 6
8 21 4 10
8 22 7 8
8 23 3 2
8 25 10 7
8 26 3 10
8 28 9 6
8 29 10 1
8 31 8 9
8 32 9 7
8 34 4 3
8 35 8 7
8 36 7 6
8 37 7 4
8 38 6 3
8 39 8 9
8 41 6 3
8 42 10 5
8 43 10 10
8 44 9 7
8 47 7 9
8 48 8 3
8 49 4 3
8 51 6 7
8 52 8 1
8 53 6 6
8 54 5 6
8 55 1 6
8 56 6 5
8 57 3 2
8 58 2 8
8 59 7 9
8 60 3 10
8 61 2 3
8 62 10 3
8 63 2 7
8 64 8 4
8 65 6 7
8 66 3 10
8 67 2 9
8 68 10 8
8 69 7 8
8 71 6 9
8 72 4 5
8 73 6 3
8 74 6 8
8 75 6 2
8 76 1 4
8 77 4 2
8 78 9 8
8 79 5 4
8 80 8 9
8 81 2 2
8 82 7 1
8 84 1 6
8 86 2 8
8 87 3 3
8 88 8 7
8 90 10 8
8 91 9 2
8 92 9 9
8 93 6 6
8 94 3 6
8 96 2 5
8 97 5 6
8 99 4 8
8 100 7 7
9 10 8 8
9 11 6 8
9 12 2 5
9 13 4 5
9 15 4 7
9 16 6 1
9 17 5 3
9 18 5 8
9 19 10 8
9 20 1 4
9 21 7 8
9 22 2 9
9 23 9 3
9 24 1 9
9 25 7 5
9 27 3 8
9 28 6 1
9 30 6 6
9 31 6 6
9 32 3 8
9 33 3 2
9 35 3 3
9 36 10 1
9 37 3 9
9 38 7 7
9 40 10 5
9 41 9 6
9 42 10 9
9 43 3 1
9 44 7 10
9 45 9 2
9 46 8 8
9 47 8 5
9 48 2 9
9 49 7 9
9 51 5 4
9 52 7 9
9 53 3 7
9 55 8 7
9 57 6 8
9 59 5 7
9 60 10 7
9 63 2 6
9 64 9 5
9 65 9 3
9 66 2 8
9 67 10 1
9 68 3 3
9 70 3 1
9 71 2 5
9 72 4 8
9 73 3 1
9 74 8 7
9 75 5 10
9 78 6 3
9 79 2 9
9 80 10 7
9 82 4 6
9 83 9 6
9 84 4 3
9 85 3 10
9 86 8 8
9 87 7 4
9 88 3 7
9 89 6 2
9 90 2 5
9 91 3 4
9 92 1 5
9 93 4 8
9 96 7 4
9 98 1 8
9 100 9 5
10 11 3 9
10 12 10 6
10 13 9 4
10 15 7 3
10 17 3 7
10 20 8 6
10 21 3 4
10 22 7 4
10 23 5 8
10 24 2 1
10 25 2 6
10 26 2 5
10 27 5 7
10 28 9 6
10 29 2 5
10 31 5 2
10 33 4 3
10 34 8 7
10 35 3 7
10 37 9 10
10 38 8 1
10 39 9 7
10 40 4 2
10 41 8 10
10 42 6 3
10 43 3 9
10 44 2 7
10 45 4 3
10 46 4 5
10 47 4 3
10 48 6 8
10 50 4 3
10 52 7 6
10 53 4 5
10 54 4 7
10 55 8 7
10 57 2 6
10 58 1 6
10 60 8 2
10 61 9 9
10 62 5 5
10 63 6 4
10 65 1 8
10 66 5 1
10 67 1 9
10 68 9 2
10 69 3 8
10 70 4 4
10 71 5 1
10 72 2 7
10 73 8 9
10 74 2 10
10 76 5 1
10 78 8 3
10 79 4 10
10 80 10 1
10 81 7 6
10 82 7 4
10 83 8 6
10 84 8 6
10 86 9 2
10 90 2 7
10 92 10 9
10 93 1 10
10 94 10 1
10 95 2 7
10 96 10 4
10 97 4 9
10 98 2 9
10 100 2 1
11 12 10 4
11 13 8 2
11 14 6 4
11 15 10 8
11 16 1 7
11 17 7 4
11 18 6 4
11 20 4 7
11 21 10 8
11 22 7 7
11 24 4 3
11 25 6 7
11 26 7 7
11 27 9 7
11 31 5 3
11 33 8 7
11 34 6 4
11 36 10 8
11 37 1 8
11 38 10 9
11 39 10 9
11 40 10 9
11 41 1 3
11 42 8 6
11 43 6 10
11 44 5 1
11 45 7 3
11 46 7 9
11 47 4 7
11 48 4 4
11 49 10 9
11 50 3 3
11 51 5 1
11 53 3 3
11 54 9 7
11 55 10 7
11 56 4 6
11 57 2 10
11 58 5 9
11 59 2 8
11 60 8 10
11 61 8 1
11 62 9 1
11 63 4 9
11 64 3 9
11 65 6 9
11 67 2 3
11 68 4 8
11 69 7 2
11 70 7 2
11 71 10 1
11 72 10 5
11 73 8 1
11 74 4 7
11 75 9 4
11 76 2 7
11 78 10 3
11 79 7 3
11 80 7 1
11 82 1 1
11 83 3 9
11 84 8 4
11 85 7 4
11 86 7 5
11 87 9 7
11 91 3 4
11 92 5 10
11 94 1 9
11 95 5 7
11 97 4 6
11 99 7 1
11 100 2 6
12 13 8 10
12 15 6 1
12 16 9 9
12 17 5 8
12 18 7 7
12 20 5 1
12 21 1 9
12 22 1 5
12 23 2 4
12 25 7 8
12 26 7 4
12 27 5 7
12 29 9 6
12 30 2 6
12 31 5 1
12 32 4 7
12 33 3 2
12 34 7 2
12 36 5 7
12 37 3 8
12 38 7 2
12 39 4 3
12 40 1 7
12 41 8 10
12 42 2 10
12 43 4 2
12 44 7 3
12 45 9 5
12 46 8 6
12 48 10 6
12 49 3 2
12 50 5 6
12 51 4 5
12 52 8 10
12 53 10 8
12 55 10 7
12 56 10 2
12 58 9 3
12 59 5 7
12 60 7 3
12 61 10 9
12 62 2 4
12 63 6 10
12 64 7 5
12 65 10 8
12 67 5 10
12 68 7 3
12 69 9 9
12 70 4 5
12 71 5 1
12 73 2 8
12 74 4 4
12 75 7 7
12 76 2 1
12 77 7 2
12 78 3 2
12 80 9 9
12 81 5 9
12 82 9 9
12 83 10 8
12 85 1 3
12 87 6 10
12 88 6 8
12 89 10 7
12 93 7 2
12 94 8 3
12 95 4 2
12 96 9 1
12 97 5 2
12 98 7 8
12 99 4 5
12 100 5 5
13 14 2 4
13 15 7 3
13 16 1 7
13 18 1 7
13 20 5 4
13 21 1 1
13 22 3 7
13 23 8 3
13 25 6 9
13 26 5 8
13 27 9 3
13 28 6 8
13 30 6 7
13 31 10 10
13 32 2 5
13 33 10 5
13 34 4 2
13 35 3 8
13 36 7 7
13 37 7 7
13 39 9 7
13 44 3 4
13 46 1 3
13 47 7 4
13 48 1 6
13 49 5 4
13 50 7 7
13 51 6 6
13 52 4 2
13 53 5 4
13 54 9 2
13 55 3 3
13 56 2 9
13 57 4 2
13 58 1 2
13 59 10 1
13 60 9 10
13 62 10 9
13 66 7 8
13 67 1 6
13 68 3 8
13 70 5 4
13 71 7 4
13 72 6 8
13 73 4 8
13 74 9 1
13 75 9 9
13 76 5 9
13 77 2 2
13 79 3 1
13 80 3 7
13 81 2 8
13 83 2 5
13 84 9 7
13 85 5 10
13 86 2 6
13 88 5 7
13 90 1 3
13 91 8 9
13 92 4 8
13 94 5 4
13 95 1 10
13 96 6 6
13 97 9 5
13 98 9 10
13 99 9 10
13 100 5 2
14 15 10 10
14 17 9 10
14 18 4 10
14 20 10 6
14 22 10 2
14 23 7 4
14 24 1 5
14 26 9 7
14 27 5 1
14 28 10 9
14 29 2 8
14 31 1 9
14 32 6 1
14 33 8 8
14 34 6 5
14 37 2 5
14 38 2 10
14 39 4 7
14 40 3 9
14 41 10 2
14 42 3 1
14 44 8 1
14 45 9 3
14 46 7 2
14 47 7 2
14 48 10 6
14 49 3 1
14 50 3 2
14 51 1 3
14 52 8 3
14 53 5 10
14 54 1 6
14 55 3 3
14 56 4 3
14 58 8 7
14 59 8 6
14 60 10 9
14 62 6 7
14 64 1 3
14 68 4 10
14 69 3 6
14 70 1 8
14 71 10 7
14 72 4 4
14 73 2 3
14 74 6 4
14 75 5 10
14 77 6 8
14 78 10 8
14 79 5 3
14 80 4 9
14 82 7 5
14 83 3 3
14 84 6 5
14 85 3 9
14 86 2 3
14 90 4 3
14 91 3 10
14 92 6 7
14 93 6 9
14 94 7 5
14 97 4 5
14 98 2 7
14 99 8 7
14 100 2 2
15 16 10 10
15 17 5 5
15 18 1 6
15 19 6 5
15 22 2 2
15 23 4 4
15 24 4 4
15 25 1 4
15 26 2 8
15 28 6 3
15 30 8 7
15 31 2 2
15 32 10 2
15 33 10 1
15 34 6 3
15 35 2 8
15 36 6 5
15 38 3 8
15 39 2 1
15 40 9 9
15 42 3 3
15 43 8 4
15 44 9 3
15 45 4 5
15 46 4 10
15 47 9 3
15 50 4 9
15 51 9 1
15 52 9 1
15 53 7 6
15 54 9 5
15 55 3 9
15 56 4 6
15 57 8 6
15 58 6 7
15 59 1 3
15 60 2 5
15 61 9 3
15 62 1 8
15 64 2 8
15 65 3 2
15 66 3 9
15 67 7 4
15 68 9 1
15 69 6 7
15 70 4 4
15 71 9 7
15 72 10 4
15 73 3 3
15 76 10 5
15 77 8 1
15 78 6 9
15 79 1 6
15 80 4 6
15 81 6 1
15 82 8 2
15 83 2 3
15 84 9 9
15 85 10 9
15 86 5 6
15 88 6 9
15 89 7 9
15 90 4 4
15 91 8 7
15 92 8 2
15 93 4 9
15 94 1 4
15 95 2 4
15 96 2 7
15 97 8 8
15 98 7 3
15 99 3 10
15 100 1 5
16 17 6 2
16 20 5 6
16 21 8 4
16 22 2 10
16 23 7 7
16 24 3 5
16 25 7 4
16 26 1 3
16 27 7 8
16 29 1 3
16 31 6 9
16 32 2 5
16 33 6 8
16 34 2 1
16 35 8 8
16 38 3 8
16 39 2 5
16 40 9 6
16 41 9 1
16 42 2 9
16 44 5 7
16 45 1 5
16 46 7 3
16 47 8 7
16 48 2 8
16 49 9 1
16 50 7 7
16 51 10 10
16 52 6 8
16 53 2 7
16 54 1 10
16 55 6 6
16 56 8 3
16 57 3 10
16 58 3 5
16 59 1 6
16 60 6 1
16 61 8 9
16 62 2 6
16 63 2 4
16 64 5 5
16 68 5 9
16 69 4 3
16 71 3 7
16 72 9 4
16 73 5 9
16 74 1 2
16 75 9 7
16 76 5 8
16 77 10 4
16 78 1 3
16 79 8 6
16 80 2 4
16 81 10 9
16 82 2 1
16 83 8 8
16 84 5 2
16 85 9 9
16 86 8 8
16 87 3 5
16 88 1 8
16 89 1 7
16 91 5 9
16 92 5 3
16 95 4 9
16 96 4 6
16 97 3 10
16 98 2 5
16 99 10 1
16 100 4 1
17 18 6 4
17 19 7 3
17 20 5 4
17 21 10 5
17 22 8 4
17 23 10 7
17 24 8 4
17 25 5 5
17 26 2 6
17 27 6 7
17 28 10 8
17 31 3 10
17 33 2 6
17 34 7 10
17 35 1 3
17 36 7 6
17 37 5 6
17 38 3 8
17 39 8 9
17 40 5 6
17 42 10 1
17 44 9 8
17 46 7 10
17 48 2 6
17 49 8 1
17 51 2 4
17 52 8 6
17 53 9 2
17 54 7 8
17 55 1 8
17 56 9 3
17 57 5 6
17 58 9 10
17 59 7 1
17 60 3 4
17 62 7 4
17 63 8 7
17 64 6 6
17 66 10 1
17 68 4 4
17 69 3 1
17 70 10 10
17 72 3 10
17 73 8 2
17 74 4 5
17 75 2 5
17 76 9 1
17 77 9 5
17 78 9 7
17 79 9 4
17 80 8 6
17 81 8 3
17 82 2 1
17 83 5 5
17 84 8 4
17 85 1 7
17 86 8 2
17 87 2 7
17 88 2 4
17 89 4 8
17 90 8 4
17 91 1 5
17 92 10 7
17 93 3 8
17 95 1 1
17 96 9 4
17 97 10 6
17 99 1 7
17 100 7 9
18 19 3 7
18 20 3 1
18 21 8 9
18 22 3 3
18 23 3 8
18 24 5 7
18 25 7 4
18 26 7 9
18 27 6 7
18 28 4 5
18 29 5 4
18 30 5 1
18 32 3 9
18 33 4 8
18 34 8 3
18 35 3 9
18 36 9 4
18 37 10 8
18 40 2 9
18 41 9 8
18 42 6 5
18 45 1 9
18 47 6 5
18 48 4 6
18 49 8 4
18 51 3 9
18 52 4 7
18 53 10 7
18 54 8 9
18 55 5 7
18 56 4 1
18 58 7 5
18 59 1 5
18 60 1 5
18 61 7 8
18 62 4 10
18 63 4 8
18 65 6 4
18 66 2 5
18 68 2 10
18 69 4 1
18 71 1 8
18 72 10 9
18 73 6 1
18 75 7 5
18 76 8 3
18 77 9 6
18 79 10 5
18 80 2 4
18 81 8 5
18 83 8 2
18 84 7 10
18 85 7 5
18 86 8 3
18 87 9 7
18 88 5 10
18 89 6 4
18 90 5 9
18 91 2 6
18 92 7 7
18 93 10 2
18 94 4 8
18 95 10 5
18 96 2 2
18 98 2 4
18 100 6 3
19 20 8 9
19 21 8 10
19 22 10 3
19 23 3 9
19 24 5 9
19 27 6 10
19 29 2 4
19 30 2 6
19 31 10 4
19 32 7 9
19 33 6 3
19 34 9 7
19 35 4 4
19 37 8 6
19 38 4 10
19 40 7 7
19 41 4 7
19 42 3 5
19 45 5 7
19 46 4 7
19 47 8 5
19 48 6 3
19 49 10 4
19 50 1 9
19 51 4 10
19 53 5 6
19 54 8 3
19 55 8 1
19 57 2 6
19 58 4 7
19 59 4 9
19 61 7 10
19 62 4 9
19 63 4 6
19 64 4 5
19 65 3 5
19 66 5 2
19 67 1 8
19 68 5 3
19 69 10 7
19 71 3 4
19 72 7 2
19 73 2 6
19 74 10 2
19 75 9 1
19 76 10 9
19 77 5 4
19 78 6 7
19 79 6 6
19 82 7 3
19 84 1 4
19 85 8 6
19 86 8 5
19 87 5 4
19 88 1 9
19 89 8 10
19 91 7 2
19 92 9 2
19 93 9 8
19 94 7 9
19 95 4 1
19 96 4 1
19 97 6 7
19 98 8 8
19 99 6 4
20 21 10 3
20 23 7 4
20 24 4 1
20 25 1 10
20 26 9 8
20 27 8 8
20 28 8 9
20 29 10 5
20 30 10 1
20 31 2 10
20 32 1 10
20 33 5 5
20 34 5 4
20 36 6 9
20 38 10 9
20 42 4 6
20 43 1 4
20 44 1 8
20 45 7 5
20 46 7 7
20 47 1 5
20 48 10 5
20 49 8 10
20 50 7 1
20 51 7 5
20 52 1 3
20 53 8 6
20 55 4 2
20 56 6 5
20 57 9 7
20 58 1 7
20 60 5 5
20 61 5 2
20 62 6 4
20 63 5 7
20 64 3 3
20 65 9 4
20 66 8 7
20 67 2 2
20 68 3 3
20 69 8 8
20 70 2 6
20 71 3 9
20 72 1 6
20 73 10 7
20 74 5 6
20 75 5 9
20 76 9 3
20 77 4 4
20 78 8 5
20 79 9 8
20 80 3 7
20 81 4 7
20 82 2 6
20 83 5 7
20 84 10 10
20 85 7 9
20 86 8 5
20 87 5 2
20 88 10 2
20 89 4 7
20 90 8 3
20 92 7 7
20 93 10 1
20 95 5 7
20 96 1 1
20 97 3 8
20 98 4 7
20 99 9 10
20 100 10 9
21 22 8 7
21 23 1 8
21 24 7 3
21 25 8 6
21 26 5 8
21 27 7 4
21 29 7 2
21 30 9 8
21 31 2 4
21 32 8 1
21 33 7 5
21 34 8 10
21 35 10 9
21 38 8 8
21 40 7 2
21 41 2 6
21 42 6 2
21 43 2 3
21 44 2 7
21 45 9 1
21 46 5 3
21 47 2 9
21 49 5 2
21 50 1 1
21 51 8 7
21 52 9 1
21 53 3 3
21 55 10 8
21 56 2 9
21 57 2 7
21 58 2 8
21 59 4 8
21 60 10 1
21 61 8 2
21 63 5 1
21 64 6 9
21 66 8 10
21 67 3 9
21 69 7 5
21 70 5 1
21 71 6 5
21 72 6 3
21 74 8 1
21 75 7 9
21 76 1 2
21 77 1 9
21 78 8 4
21 79 8 5
21 80 8 2
21 81 9 7
21 83 5 8
21 85 5 8
21 86 4 6
21 88 4 8
21 91 2 6
21 93 8 4
21 94 2 7
21 95 6 4
21 97 2 2
21 99 4 4
21 100 4 5
22 23 3 7
22 25 1 4
22 26 5 2
22 27 3 6
22 28 6 7
22 29 2 9
22 30 1 6
22 31 8 9
22 32 5 4
22 33 5 2
22 35 4 7
22 36 2 7
22 37 9 10
22 38 10 2
22 39 10 10
22 40 2 3
22 41 8 9
22 42 6 3
22 43 8 3
22 44 8 4
22 45 6 7
22 46 5 5
22 47 9 3
22 48 10 1
22 49 1 10
22 50 4 2
22 52 9 1
22 53 5 5
22 54 7 1
22 55 10 8
22 56 8 9
22 57 3 7
22 60 1 5
22 61 8 2
22 63 9 1
22 64 3 4
22 66 1 4
22 68 8 5
22 69 8 4
22 70 5 2
22 71 1 4
22 72 1 7
22 73 3 2
22 76 4 1
22 78 9 1
22 79 3 3
22 80 3 7
22 81 7 9
22 83 6 2
22 84 4 2
22 85 9 10
22 86 8 8
22 87 7 6
22 88 9 8
22 90 2 4
22 91 3 3
22 92 2 5
22 94 7 1
22 95 5 3
22 96 8 7
22 98 7 9
22 99 4 9
23 24 1 3
23 25 3 5
23 26 5 8
23 28 4 6
23 29 7 10
23 30 3 10
23 32 6 10
23 33 8 1
23 35 5 4
23 36 1 7
23 37 1 5
23 39 2 10
23 40 7 6
23 41 8 1
23 42 8 8
23 43 5 1
23 44 5 4
23 46 3 6
23 47 7 10
23 48 2 6
23 50 3 7
23 51 4 4
23 52 3 2
23 53 2 9
23 54 6 6
23 55 9 8
23 56 1 10
23 57 6 6
23 58 8 6
23 60 10 8
23 61 2 6
23 62 5 3
23 63 5 8
23 64 5 4
23 65 1 2
23 66 9 8
23 67 3 7
23 69 5 6
23 70 3 6
23 71 5 5
23 72 6 2
23 73 8 1
23 74 9 9
23 76 3 8
23 77 6 5
23 78 4 6
23 79 2 2
23 80 10 6
23 82 1 3
23 83 5 6
23 84 4 2
23 85 7 6
23 86 9 10
23 87 4 9
23 90 6 10
23 91 3 8
23 92 9 7
23 93 5 8
23 94 9 10
23 95 8 5
23 96 5 7
23 97 3 8
23 98 9 5
23 99 8 5
23 100 10 6
24 25 5 7
24 26 4 5
24 28 4 1
24 29 1 1
24 30 7 8
24 32 3 1
24 34 7 3
24 35 1 4
24 37 3 8
24 39 10 10
24 41 8 3
24 42 7 2
24 44 9 4
24 45 3 5
24 46 2 5
24 47 10 2
24 48 8 10
24 49 3 9
24 50 3 10
24 51 6 9
24 53 8 7
24 54 2 7
24 55 2 8
24 57 4 2
24 58 6 10
24 59 10 3
24 60 5 1
24 61 6 9
24 62 1 6
24 64 9 1
24 65 5 9
24 66 1 8
24 67 1 5
24 68 2 7
24 70 5 1
24 71 2 9
24 72 7 5
24 75 7 2
24 76 5 2
24 79 1 1
24 80 5 2
24 81 2 10
24 82 1 8
24 85 3 6
24 86 9 2
24 87 6 5
24 88 9 2
24 90 10 9
24 91 9 8
24 94 3 8
24 95 4 6
24 97 6 6
24 98 1 7
24 99 7 10
25 26 7 3
25 27 2 4
25 28 8 5
25 29 7 9
25 30 9 1
25 32 7 8
25 33 4 5
25 34 4 1
25 35 8 3
25 36 9 9
25 37 3 6
25 38 8 1
25 39 5 9
25 40 8 4
25 41 4 7
25 42 10 3
25 43 8 2
25 45 10 5
25 46 4 6
25 49 3 3
25 50 8 3
25 51 9 7
25 52 3 6
25 53 8 2
25 54 10 4
25 55 1 9
25 56 7 8
25 57 1 10
25 58 7 2
25 59 6 3
25 61 4 10
25 62 1 2
25 63 3 6
25 64 8 3
25 65 2 9
25 66 2 10
25 67 7 10
25 68 6 2
25 70 2 9
25 71 9 10
25 72 5 7
25 73 9 5
25 74 8 3
25 75 10 6
25 76 7 4
25 77 9 4
25 78 8 3
25 79 5 8
25 82 8 5
25 83 2 4
25 84 10 10
25 85 3 8
25 86 10 1
25 87 1 1
25 88 3 9
25 89 4 4
25 91 6 7
25 93 7 10
25 94 6 7
25 95 8 4
25 96 9 10
25 97 2 4
25 98 1 5
25 99 6 4
25 100 7 4
26 28 8 5
26 29 5 7
26 30 2 6
26 31 2 4
26 32 7 7
26 35 2 10
26 36 6 3
26 37 2 10
26 38 4 1
26 39 10 1
26 42 3 4
26 43 9 3
26 44 4 6
26 45 3 5
26 46 10 7
26 47 1 9
26 48 4 7
26 50 4 10
26 51 9 5
26 52 2 9
26 55 4 7
26 56 3 3
26 57 1 8
26 58 6 6
26 59 8 4
26 60 6 6
26 61 8 10
26 62 5 3
26 63 9 2
26 64 2 2
26 65 5 4
26 66 10 2
26 67 4 2
26 68 1 1
26 69 7 5
26 70 8 10
26 71 2 4
26 72 6 7
26 73 8 5
26 74 6 3
26 76 10 8
26 77 3 5
26 79 9 4
26 80 8 7
26 81 10 9
26 82 6 3
26 83 10 8
26 84 3 8
26 85 8 9
26 88 5 3
26 89 5 4
26 90 4 4
26 92 1 10
26 93 5 4
26 94 7 8
26 95 7 9
26 97 9 10
26 98 3 1
26 100 10 9
27 28 6 8
27 29 2 10
27 30 4 5
27 32 6 3
27 33 5 4
27 34 7 9
27 35 6 7
27 36 6 8
27 37 10 10
27 38 3 6
27 40 10 4
27 42 10 3
27 43 4 6
27 44 10 10
27 45 10 10
27 46 10 10
27 47 3 1
27 48 5 1
27 49 3 3
27 50 6 3
27 51 7 3
27 52 8 2
27 53 10 9
27 54 2 4
27 55 5 8
27 56 4 8
27 57 2 2
27 58 2 7
27 59 10 7
27 61 4 8
27 62 1 5
27 63 3 2
27 65 8 1
27 67 4 5
27 68 9 4
27 69 5 6
27 70 2 9
27 71 5 8
27 72 7 7
27 73 4 9
27 75 6 4
27 76 8 2
27 77 2 9
27 78 3 9
27 79 5 9
27 80 9 8
27 81 3 9
27 82 1 8
27 83 7 10
27 84 10 8
27 86 4 8
27 87 3 1
27 89 6 4
27 90 10 7
27 91 3 2
27 92 1 2
27 93 4 2
27 94 5 1
27 95 1 8
27 96 9 7
27 97 1 10
27 98 5 8
27 99 2 3
27 100 5 8
28 30 8 5
28 31 3 3
28 32 4 9
28 33 9 9
28 34 9 8
28 35 1 8
28 36 2 7
28 37 5 8
28 38 3 7
28 39 2 9
28 40 9 3
28 41 8 1
28 42 6 3
28 43 7 4
28 44 8 10
28 47 1 4
28 48 2 4
28 49 4 1
28 50 6 6
28 51 2 7
28 53 8 7
28 54 7 2
28 55 3 7
28 57 1 3
28 60 6 6
28 62 10 8
28 63 3 5
28 65 4 4
28 66 10 7
28 67 5 5
28 68 5 6
28 69 1 1
28 72 7 3
28 74 8 4
28 75 7 8
28 76 1 10
28 77 9 9
28 78 1 4
28 82 3 4
28 83 1 2
28 84 10 10
28 85 2 10
28 86 5 3
28 87 7 1
28 88 8 2
28 89 2 10
28 90 7 10
28 91 9 3
28 93 1 7
28 94 7 1
28 95 8 5
28 96 8 10
28 97 7 7
28 98 9 7
28 99 7 3
28 100 8 4
29 30 8 4
29 31 8 1
29 32 6 7
29 33 5 3
29 34 1 2
29 35 9 4
29 36 5 9
29 37 10 4
29 39 7 2
29 40 3 3
29 41 3 3
29 42 1 2
29 43 7 2
29 44 7 2
29 45 7 6
29 46 2 7
29 47 4 10
29 48 10 4
29 49 1 4
29 50 1 8
29 51 7 2
29 52 4 6
29 53 7 2
29 54 5 10
29 55 10 5
29 56 10 1
29 57 5 3
29 58 9 8
29 59 3 9
29 61 3 6
29 63 10 5
29 66 9 5
29 67 8 10
29 68 1 4
29 70 3 5
29 71 8 9
29 72 10 6
29 73 7 2
29 75 6 3
29 76 8 5
29 77 8 7
29 78 10 5
29 80 10 6
29 81 3 8
29 82 4 5
29 83 4 5
29 84 7 8
29 85 8 4
29 86 6 2
29 87 5 9
29 88 8 4
29 89 4 4
29 91 2 4
29 92 3 5
29 93 6 10
29 94 4 3
29 95 9 1
29 96 7 3
29 97 10 8
29 98 1 5
29 99 4 7
30 32 8 7
30 33 8 1
30 34 5 9
30 35 6 1
30 36 1 10
30 38 6 9
30 39 5 4
30 40 1 4
30 41 4 8
30 42 8 4
30 44 3 4
30 45 2 6
30 46 3 7
30 48 10 5
30 49 2 6
30 50 10 10
30 51 7 5
30 52 4 1
30 53 3 1
30 54 8 9
30 55 5 8
30 56 10 4
30 60 8 9
30 61 7 4
30 62 9 6
30 63 4 8
30 64 10 5
30 67 6 10
30 68 3 4
30 69 2 8
30 71 7 6
30 73 2 8
30 74 8 9
30 75 9 1
30 79 10 3
30 80 10 9
30 81 3 1
30 82 2 9
30 83 9 4
30 84 8 9
30 85 8 1
30 86 8 10
30 87 2 6
30 88 3 7
30 89 2 9
30 90 9 4
30 91 7 9
30 93 9 9
30 95 6 2
30 96 3 8
30 97 9 2
30 98 1 3
30 100 5 10
31 33 3 5
31 36 4 2
31 37 9 7
31 38 8 7
31 40 8 8
31 41 6 2
31 42 7 2
31 43 1 10
31 44 8 1
31 45 5 3
31 46 4 2
31 47 4 2
31 48 3 6
31 50 6 5
31 51 6 3
31 52 10 3
31 53 5 1
31 54 6 8
31 55 4 8
31 56 9 1
31 57 8 7
31 58 6 5
31 60 3 9
31 61 3 6
31 62 1 2
31 63 6 4
31 64 5 2
31 65 10 1
31 67 4 5
31 68 2 9
31 71 7 8
31 72 2 4
31 73 4 10
31 74 8 4
31 75 1 1
31 76 1 6
31 77 8 8
31 78 1 9
31 80 6 10
31 81 5 6
31 82 6 6
31 83 7 1
31 84 3 6
31 85 1 10
31 89 5 1
31 90 10 3
31 91 4 9
31 92 10 9
31 93 6 10
31 94 6 8
31 96 8 4
31 97 4 2
31 98 8 4
31 99 3 1
31 100 7 2
32 33 3 7
32 35 7 7
32 36 2 4
32 40 2 7
32 43 3 7
32 44 4 2
32 45 1 10
32 46 8 6
32 47 7 6
32 48 8 8
32 50 2 10
32 51 5 1
32 52 9 9
32 53 6 4
32 54 6 6
32 56 5 1
32 57 5 10
32 60 10 6
32 61 6 10
32 62 9 3
32 64 1 9
32 65 1 1
32 66 5 2
32 68 2 4
32 69 7 5
32 70 8 6
32 73 10 10
32 74 8 7
32 76 2 7
32 80 4 1
32 82 4 7
32 83 4 10
32 84 8 1
32 85 8 2
32 86 9 1
32 87 2 1
32 88 10 3
32 90 5 2
32 91 6 1
32 92 1 8
32 93 4 6
32 94 6 1
32 96 7 4
32 97 5 7
32 98 3 9
32 99 10 4
33 34 2 4
33 35 2 7
33 36 1 8
33 37 2 4
33 39 5 3
33 40 3 1
33 41 8 6
33 43 10 9
33 44 4 5
33 45 1 5
33 46 5 6
33 47 1 9
33 48 5 7
33 49 6 5
33 50 9 5
33 51 7 9
33 52 5 8
33 53 6 8
33 54 1 7
33 55 5 4
33 57 5 2
33 58 4 10
33 59 6 1
33 61 1 1
33 62 1 4
33 63 7 5
33 66 8 1
33 67 8 9
33 68 8 10
33 69 7 6
33 70 6 5
33 71 6 4
33 72 6 8
33 73 2 9
33 74 9 9
33 75 8 7
33 76 2 9
33 77 8 4
33 78 2 10
33 81 6 5
33 82 7 2
33 83 1 6
33 84 4 3
33 85 6 9
33 86 7 4
33 87 4 4
33 88 2 4
33 89 7 7
33 92 8 7
33 93 5 5
33 95 3 4
33 96 2 10
33 97 9 5
33 98 1 10
33 99 9 5
33 100 7 2
34 35 10 6
34 36 9 9
34 37 6 2
34 38 5 8
34 39 3 8
34 40 8 2
34 41 3 1
34 42 4 1
34 43 5 7
34 44 9 1
34 45 9 1
34 46 7 10
34 47 9 3
34 50 9 4
34 51 8 10
34 52 3 4
34 53 5 2
34 54 8 5
34 55 3 2
34 56 8 3
34 57 6 10
34 59 3 9
34 61 6 10
34 62 2 7
34 63 3 5
34 64 2 10
34 65 6 6
34 66 1 9
34 67 5 7
34 68 8 6
34 69 4 10
34 70 4 8
34 71 2 9
34 72 2 3
34 73 3 4
34 74 4 7
34 75 7 8
34 76 3 5
34 77 1 1
34 78 2 2
34 79 10 1
34 80 6 6
34 81 10 9
34 82 9 7
34 85 4 7
34 86 10 7
34 87 7 6
34 88 2 8
34 89 10 8
34 90 2 10
34 91 5 1
34 92 1 1
34 93 8 6
34 94 2 9
34 95 9 3
34 96 7 9
34 97 8 5
34 98 4 1
34 100 8 5
35 36 2 8
35 37 6 5
35 39 3 7
35 40 4 5
35 41 5 7
35 42 4 9
35 45 2 9
35 46 5 1
35 47 6 5
35 48 2 5
35 49 8 6
35 50 4 4
35 51 6 8
35 53 3 3
35 54 10 10
35 55 3 10
35 56 3 1
35 57 5 10
35 58 2 5
35 59 5 6
35 60 2 5
35 61 3 2
35 62 7 9
35 63 8 1
35 64 1 4
35 65 2 7
35 67 1 1
35 68 2 2
35 69 9 10
35 70 9 8
35 71 3 1
35 73 8 9
35 74 10 6
35 76 5 2
35 78 7 4
35 79 6 1
35 82 10 5
35 83 2 6
35 84 3 1
35 85 10 10
35 86 5 9
35 87 7 2
35 90 5 1
35 91 5 1
35 92 10 9
35 93 1 2
35 94 6 8
35 95 1 5
35 96 4 9
35 97 8 2
35 98 2 1
35 99 2 4
35 100 10 7
36 37 5 5
36 38 5 10
36 40 10 10
36 42 6 5
36 43 1 6
36 44 8 1
36 45 1 1
36 48 2 9
36 49 2 4
36 50 2 3
36 51 5 9
36 52 5 7
36 53 1 5
36 54 6 10
36 55 10 1
36 57 2 2
36 58 1 9
36 59 8 5
36 60 6 2
36 61 3 9
36 62 1 7
36 63 9 8
36 64 10 5
36 65 2 6
36 67 2 8
36 69 8 4
36 72 7 7
36 73 8 7
36 74 4 1
36 75 5 2
36 76 8 1
36 78 6 10
36 79 1 6
36 81 1 8
36 82 1 8
36 83 7 9
36 84 9 6
36 85 8 9
36 86 1 2
36 87 1 6
36 89 10 1
36 90 6 9
36 91 7 2
36 93 6 7
36 94 6 1
36 95 5 5
36 96 2 2
36 97 6 9
36 98 5 8
36 99 3 6
36 100 10 2
37 38 7 1
37 39 9 4
37 40 4 9
37 41 10 6
37 42 5 1
37 43 3 8
37 44 7 1
37 45 6 3
37 48 5 10
37 49 4 7
37 51 3 7
37 52 4 8
37 53 5 10
37 54 4 9
37 56 3 7
37 58 9 5
37 59 1 2
37 60 2 2
37 61 5 5
37 62 1 5
37 64 3 5
37 65 3 2
37 66 7 1
37 68 3 6
37 69 2 6
37 70 3 10
37 71 6 8
37 72 3 8
37 74 7 1
37 75 10 8
37 76 1 3
37 77 2 6
37 78 10 2
37 79 9 3
37 80 7 9
37 81 1 8
37 84 10 10
37 85 1 8
37 86 2 10
37 88 4 2
37 89 1 8
37 90 3 4
37 91 8 7
37 92 8 3
37 95 8 5
37 96 10 4
37 97 2 2
37 98 4 1
37 100 7 4
38 39 3 2
38 40 5 4
38 42 8 3
38 43 9 3
38 44 6 6
38 45 7 3
38 46 9 1
38 47 6 3
38 48 1 7
38 49 1 10
38 50 6 4
38 51 8 7
38 52 4 1
38 53 2 6
38 54 5 5
38 55 10 9
38 56 9 1
38 58 3 1
38 60 2 9
38 61 3 9
38 62 3 8
38 63 8 3
38 64 1 5
38 66 2 8
38 67 5 1
38 69 3 7
38 70 2 4
38 71 8 5
38 73 6 3
38 74 7 5
38 75 10 6
38 76 8 10
38 78 10 2
38 79 4 2
38 80 1 9
38 81 10 1
38 82 10 10
38 83 3 4
38 85 6 3
38 86 3 3
38 87 9 2
38 88 4 3
38 89 9 6
38 90 7 7
38 91 6 4
38 92 9 3
38 93 6 9
38 94 1 1
38 95 6 4
38 97 6 1
38 98 4 5
38 99 5 9
38 100 1 10
39 41 9 3
39 42 8 7
39 44 6 2
39 45 8 6
39 47 3 4
39 48 9 2
39 49 3 9
39 50 6 3
39 51 5 10
39 52 9 4
39 53 4 8
39 54 8 3
39 55 3 7
39 57 2 10
39 58 1 4
39 59 10 1
39 60 9 3
39 62 1 9
39 66 7 5
39 68 8 3
39 69 5 4
39 70 7 10
39 71 6 4
39 75 6 8
39 77 2 4
39 78 4 6
39 80 3 1
39 81 1 2
39 82 8 2
39 83 4 7
39 84 6 4
39 85 3 5
39 86 8 3
39 87 4 2
39 88 4 7
39 89 6 10
39 91 9 3
39 92 9 2
39 93 7 8
39 94 6 6
39 95 2 6
39 96 3 6
39 97 6 1
39 98 6 5
40 41 4 8
40 46 2 10
40 47 10 5
40 50 2 1
40 51 6 3
40 52 5 7
40 53 4 8
40 54 2 6
40 55 10 10
40 56 6 8
40 57 5 6
40 58 2 5
40 59 1 1
40 60 7 6
40 61 2 6
40 62 8 2
40 63 1 9
40 64 1 5
40 66 10 3
40 67 5 6
40 69 3 5
40 70 10 8
40 71 4 2
40 72 6 6
40 74 5 6
40 75 1 7
40 76 1 7
40 77 3 9
40 78 10 9
40 79 8 10
40 80 7 2
40 81 6 9
40 82 4 5
40 83 1 4
40 84 7 6
40 85 1 2
40 86 2 6
40 88 2 2
40 89 1 6
40 90 8 4
40 92 10 3
40 94 5 6
40 95 5 7
40 96 7 9
40 97 6 6
40 98 10 3
40 99 2 3
40 100 8 7
41 42 5 3
41 43 1 10
41 44 7 9
41 45 3 9
41 47 7 9
41 48 8 10
41 51 1 7
41 53 1 1
41 55 8 1
41 56 4 10
41 57 3 4
41 59 9 6
41 60 4 10
41 61 6 5
41 62 10 5
41 63 3 5
41 64 9 7
41 67 6 1
41 68 6 1
41 69 4 9
41 70 9 7
41 71 4 10
41 72 7 2
41 74 6 7
41 75 6 8
41 76 9 7
41 78 9 3
41 79 9 4
41 80 9 10
41 81 10 1
41 82 3 8
41 83 8 8
41 84 4 4
41 85 10 7
41 87 4 7
41 89 5 7
41 90 2 10
41 91 5 9
41 92 9 7
41 93 5 10
41 94 5 1
41 95 4 1
41 96 9 8
41 97 10 6
41 98 7 7
41 100 7 2
42 43 8 9
42 45 9 2
42 46 4 3
42 47 10 2
42 49 7 10
42 50 1 1
42 51 4 10
42 54 5 2
42 55 5 9
42 56 4 9
42 58 10 2
42 59 6 1
42 60 4 2
42 61 8 5
42 62 8 5
42 63 1 4
42 64 8 9
42 65 6 4
42 66 4 6
42 67 6 2
42 68 8 10
42 69 3 4
42 70 2 4
42 72 6 1
42 73 4 10
42 76 10 7
42 77 3 6
42 78 10 3
42 79 2 4
42 81 2 6
42 82 6 6
42 83 3 4
42 87 4 10
42 88 9 8
42 89 3 4
42 90 1 6
42 91 6 3
42 92 9 5
42 93 5 5
42 94 6 10
42 95 6 10
42 96 1 7
42 99 2 4
43 44 10 6
43 46 4 4
43 47 1 6
43 48 5 3
43 49 3 10
43 50 5 9
43 51 7 6
43 52 9 6
43 53 9 5
43 54 9 4
43 55 9 6
43 56 6 8
43 57 8 7
43 58 7 8
43 59 10 2
43 60 2 5
43 61 10 4
43 62 8 4
43 63 3 7
43 64 3 8
43 65 5 8
43 69 10 7
43 70 4 6
43 71 3 8
43 72 4 2
43 73 6 1
43 74 8 1
43 75 3 10
43 77 1 2
43 78 1 10
43 80 7 5
43 82 6 4
43 84 5 10
43 90 10 4
43 92 2 5
43 94 10 2
43 95 9 2
43 96 8 1
43 97 3 4
43 99 7 8
43 100 3 4
44 45 7 3
44 46 6 7
44 47 4 1
44 48 8 1
44 49 10 3
44 51 10 7
44 52 10 4
44 53 9 6
44 57 8 1
44 58 1 5
44 59 6 1
44 60 9 3
44 61 7 4
44 62 1 3
44 63 7 6
44 64 4 3
44 65 9 8
44 66 2 1
44 67 4 9
44 68 10 6
44 69 5 2
44 70 3 6
44 71 4 3
44 72 1 4
44 73 1 10
44 74 8 4
44 75 10 5
44 76 1 1
44 78 6 6
44 79 9 3
44 80 2 8
44 81 7 7
44 82 3 3
44 83 6 10
44 84 8 4
44 85 5 4
44 86 7 3
44 87 4 5
44 88 1 8
44 89 8 5
44 90 8 3
44 91 3 7
44 92 4 1
44 93 2 6
44 94 7 10
44 96 9 7
44 97 2 4
44 100 3 2
45 46 9 10
45 47 6 7
45 48 9 4
45 49 4 7
45 50 2 4
45 51 2 3
45 52 9 1
45 54 6 8
45 55 1 1
45 56 3 7
45 57 2 7
45 58 3 3
45 59 2 8
45 60 7 4
45 61 6 4
45 62 3 3
45 63 7 5
45 65 7 8
45 66 6 2
45 67 4 10
45 68 7 7
45 69 8 2
45 70 1 1
45 71 2 6
45 73 3 7
45 75 1 6
45 76 9 5
45 78 4 1
45 79 1 6
45 81 8 3
45 82 9 4
45 83 3 10
45 85 2 2
45 86 3 2
45 88 10 6
45 89 3 3
45 90 2 1
45 91 1 7
45 93 2 5
45 94 1 2
45 95 4 4
45 97 10 7
45 99 2 9
45 100 4 2
46 47 2 8
46 48 5 6
46 49 5 6
46 50 5 2
46 51 4 1
46 52 3 3
46 53 7 3
46 54 6 3
46 55 1 10
46 57 7 2
46 59 10 10
46 60 9 4
46 61 3 4
46 62 3 3
46 63 4 6
46 64 10 7
46 65 7 8
46 66 3 6
46 67 3 8
46 69 10 5
46 70 10 3
46 71 7 9
46 73 9 6
46 74 1 7
46 75 8 1
46 76 8 1
46 77 10 2
46 78 4 3
46 81 2 4
46 82 7 3
46 84 6 8
46 85 4 2
46 86 1 8
46 87 6 8
46 88 10 5
46 89 2 2
46 90 6 2
46 91 7 1
46 92 1 2
46 93 2 4
46 97 6 1
46 99 5 7
46 100 6 2
47 48 2 4
47 49 9 6
47 50 4 2
47 51 9 3
47 52 2 7
47 53 2 2
47 54 10 10
47 55 10 10
47 57 10 8
47 58 6 8
47 59 4 2
47 61 9 7
47 63 3 2
47 64 3 7
47 65 8 2
47 66 10 1
47 67 2 3
47 68 10 6
47 69 1 1
47 70 5 10
47 71 2 3
47 72 9 1
47 73 2 3
47 74 3 1
47 75 9 2
47 76 3 1
47 77 7 3
47 78 7 2
47 79 1 7
47 80 6 2
47 81 4 9
47 83 7 6
47 84 8 4
47 85 6 2
47 87 6 8
47 89 3 4
47 90 5 8
47 91 7 1
47 92 9 1
47 94 3 10
47 95 2 1
47 96 9 1
47 97 2 3
47 98 4 8
47 99 5 9
47 100 8 3
48 49 1 2
48 53 3 2
48 54 8 10
48 55 6 5
48 56 7 7
48 59 4 5
48 60 3 1
48 61 4 7
48 62 5 3
48 63 8 4
48 64 2 5
48 66 2 4
48 67 10 10
48 68 5 8
48 69 8 9
48 70 5 3
48 71 3 2
48 72 3 4
48 73 3 7
48 74 7 3
48 75 1 7
48 76 9 10
48 78 5 4
48 79 1 2
48 80 7 3
48 81 5 2
48 82 2 9
48 83 9 10
48 89 5 6
48 90 10 9
48 92 5 7
48 93 8 2
48 94 3 10
48 95 9 3
48 96 5 3
48 97 6 8
48 98 4 3
48 99 6 10
48 100 8 9
49 50 6 8
49 51 4 2
49 52 5 6
49 53 10 9
49 54 8 4
49 55 1 4
49 56 3 10
49 57 4 10
49 60 7 5
49 61 6 6
49 62 5 7
49 63 8 4
49 64 9 6
49 65 10 1
49 66 7 4
49 67 5 9
49 68 9 8
49 69 9 7
49 70 10 7
49 73 6 4
49 74 6 2
49 75 7 2
49 77 6 4
49 78 3 1
49 79 7 6
49 80 6 1
49 81 9 10
49 82 1 3
49 84 5 10
49 85 7 6
49 86 10 2
49 87 2 1
49 88 6 5
49 90 7 5
49 91 1 7
49 92 5 8
49 93 2 1
49 94 4 7
49 95 1 6
49 96 5 10
49 97 7 4
49 98 9 1
49 99 10 7
49 100 9 5
50 51 10 9
50 52 7 9
50 53 7 1
50 54 8 7
50 55 10 5
50 57 6 4
50 58 1 3
50 60 10 9
50 61 6 1
50 62 1 3
50 63 10 9
50 64 5 9
50 65 1 10
50 68 3 7
50 69 9 4
50 70 5 9
50 71 5 9
50 72 6 9
50 73 8 4
50 74 3 3
50 75 10 9
50 76 10 5
50 77 2 10
50 78 9 1
50 79 2 3
50 80 7 2
50 81 8 7
50 82 2 7
50 83 10 4
50 84 7 4
50 85 2 3
50 86 9 6
50 87 4 8
50 88 1 7
50 89 7 6
50 90 5 4
50 92 2 1
50 93 6 6
50 94 8 10
50 95 4 5
50 96 2 7
50 97 5 9
50 98 6 9
50 99 9 9
50 100 5 7
51 52 7 2
51 53 5 7
51 54 3 5
51 55 7 4
51 56 8 4
51 57 4 2
51 58 4 3
51 59 9 5
51 60 8 2
51 63 7 2
51 64 3 8
51 66 9 4
51 67 5 5
51 71 3 9
51 72 8 8
51 73 8 2
51 75 3 6
51 76 6 3
51 77 6 9
51 78 10 7
51 80 8 8
51 81 6 7
51 82 3 3
51 83 10 7
51 85 5 7
51 86 7 9
51 87 8 8
51 88 7 4
51 89 3 3
51 91 4 9
51 92 5 2
51 93 3 8
51 94 2 6
51 96 3 4
51 97 9 5
51 98 9 4
51 99 7 7
51 100 4 1
52 53 7 4
52 54 4 2
52 55 7 10
52 56 5 7
52 57 3 10
52 58 2 5
52 61 4 10
52 63 10 5
52 64 6 8
52 65 4 6
52 66 2 10
52 67 8 10
52 68 10 6
52 70 4 10
52 71 8 4
52 72 3 7
52 73 5 6
52 74 1 2
52 75 5 6
52 76 7 1
52 77 1 8
52 78 3 2
52 79 10 8
52 80 5 6
52 81 8 4
52 83 8 5
52 85 1 9
52 86 1 8
52 87 3 9
52 88 9 6
52 89 3 6
52 90 4 8
52 91 7 1
52 92 2 3
52 93 7 5
52 94 5 6
52 95 9 1
52 96 4 2
52 97 2 6
52 98 2 10
52 99 6 8
52 100 2 10
53 54 8 4
53 55 10 2
53 56 10 7
53 57 7 10
53 58 7 1
53 60 7 2
53 61 4 1
53 62 5 9
53 63 2 9
53 64 7 10
53 65 8 4
53 66 2 7
53 67 10 9
53 68 3 2
53 70 10 5
53 71 3 3
53 72 5 8
53 73 10 9
53 74 4 10
53 75 5 1
53 76 3 2
53 80 1 9
53 82 10 10
53 83 8 1
53 84 2 7
53 86 4 10
53 87 8 6
53 88 6 5
53 89 2 3
53 90 6 2
53 91 9 8
53 92 1 4
53 93 3 4
53 94 4 10
53 95 4 10
53 96 9 4
53 97 7 1
53 98 2 1
53 99 10 10
53 100 2 10
54 56 2 4
54 57 7 10
54 61 10 3
54 62 2 6
54 63 6 4
54 64 8 8
54 67 2 8
54 68 5 8
54 69 8 6
54 70 9 4
54 71 1 4
54 72 7 7
54 73 10 5
54 77 2 5
54 78 4 9
54 79 3 6
54 83 1 5
54 85 9 4
54 86 8 6
54 88 8 8
54 89 2 8
54 91 10 5
54 92 7 1
54 95 8 6
54 96 3 9
54 97 1 10
54 98 7 4
54 99 9 4
55 57 3 5
55 59 6 8
55 60 5 10
55 61 2 3
55 62 1 4
55 63 6 10
55 64 2 8
55 65 6 3
55 66 3 3
55 69 2 3
55 70 10 9
55 71 8 6
55 72 6 8
55 73 3 9
55 74 6 10
55 75 2 7
55 76 5 3
55 77 1 8
55 78 2 9
55 79 6 3
55 80 1 3
55 81 3 7
55 83 7 6
55 84 10 5
55 85 6 7
55 86 3 4
55 87 9 7
55 89 5 7
55 92 10 4
55 93 3 5
55 94 2 7
55 95 5 9
55 97 5 7
55 98 5 9
55 99 6 9
55 100 8 8
56 57 8 2
56 58 1 2
56 59 1 4
56 60 4 9
56 61 5 3
56 62 7 5
56 63 10 7
56 64 4 8
56 65 9 8
56 68 6 9
56 69 8 1
56 70 5 3
56 71 6 1
56 72 1 1
56 73 8 2
56 74 4 1
56 76 3 9
56 77 1 3
56 78 10 9
56 79 3 10
56 80 4 5
56 82 5 8
56 84 5 7
56 85 9 8
56 86 9 4
56 87 10 10
56 88 5 8
56 89 6 5
56 90 5 4
56 92 7 2
56 93 2 9
56 95 6 4
56 96 10 9
56 98 10 8
56 99 10 7
56 100 3 6
57 58 4 5
57 59 6 8
57 60 5 10
57 61 7 3
57 62 7 8
57 63 7 8
57 64 7 7
57 65 4 2
57 66 3 3
57 67 1 8
57 68 7 6
57 69 7 9
57 70 8 7
57 72 8 6
57 73 10 6
57 75 4 6
57 76 4 3
57 77 4 5
57 78 3 9
57 79 6 2
57 80 9 6
57 81 5 3
57 83 4 7
57 84 6 7
57 85 9 2
57 88 2 9
57 90 9 5
57 91 10 4
57 94 5 7
57 98 8 6
57 99 2 1
58 59 6 1
58 62 5 9
58 63 3 10
58 64 10 8
58 65 3 10
58 66 10 1
58 67 8 5
58 68 2 9
58 69 3 4
58 70 8 6
58 71 3 2
58 72 5 9
58 73 4 1
58 74 7 8
58 75 6 8
58 76 6 10
58 77 8 3
58 78 10 4
58 80 9 1
58 82 8 10
58 83 10 7
58 84 2 8
58 85 2 10
58 87 4 5
58 88 8 8
58 89 10 6
58 90 10 2
58 91 3 1
58 92 1 9
58 93 1 8
58 94 4 9
58 95 5 8
58 96 1 9
58 97 5 3
58 99 8 1
58 100 7 2
59 60 10 6
59 61 5 8
59 62 6 2
59 63 10 5
59 64 8 6
59 65 5 4
59 66 1 3
59 67 8 10
59 68 4 1
59 69 4 5
59 70 2 7
59 72 10 8
59 73 3 6
59 74 6 9
59 75 7 6
59 76 7 8
59 77 5 9
59 78 4 7
59 80 10 2
59 81 8 7
59 82 3 6
59 83 1 3
59 84 7 3
59 85 2 4
59 90 1 6
59 91 3 8
59 92 1 3
59 94 7 2
59 95 6 10
59 96 4 9
59 97 3 3
59 98 3 6
59 99 9 4
59 100 4 9
60 61 3 6
60 62 5 2
60 63 9 1
60 65 3 3
60 66 8 7
60 68 3 3
60 69 6 10
60 70 5 8
60 71 6 9
60 72 2 8
60 73 2 8
60 74 9 7
60 75 8 2
60 76 7 7
60 77 10 6
60 80 2 1
60 81 2 4
60 82 1 6
60 83 6 7
60 84 6 10
60 85 2 8
60 86 3 7
60 87 1 5
60 90 4 1
60 91 9 4
60 92 10 9
60 93 2 4
60 95 8 5
60 96 3 1
60 97 3 3
60 98 8 6
60 100 6 9
61 65 3 2
61 68 1 5
61 70 3 5
61 72 2 3
61 73 2 9
61 75 9 2
61 77 1 5
61 79 4 4
61 80 7 10
61 81 10 5
61 82 5 8
61 83 1 4
61 84 8 1
61 85 1 8
61 86 8 8
61 87 5 7
61 88 8 5
61 91 5 9
61 92 8 10
61 94 9 3
61 95 5 2
61 96 7 4
61 97 3 4
61 98 2 4
61 99 2 9
61 100 4 10
62 63 10 2
62 64 9 8
62 65 10 6
62 66 2 3
62 68 3 4
62 70 5 10
62 72 7 9
62 73 2 6
62 74 7 4
62 75 9 2
62 76 3 10
62 77 6 10
62 78 7 6
62 79 2 3
62 80 3 2
62 81 7 8
62 82 6 9
62 83 10 2
62 84 9 8
62 85 10 4
62 86 6 9
62 87 7 6
62 89 5 2
62 90 5 6
62 91 1 5
62 92 8 4
62 94 3 1
62 95 5 6
62 96 8 2
62 97 9 3
62 99 6 6
62 100 2 10
63 64 3 7
63 65 2 7
63 66 7 3
63 67 1 8
63 68 8 3
63 70 5 6
63 71 5 3
63 72 10 10
63 73 1 6
63 74 5 9
63 75 10 6
63 76 6 3
63 77 6 1
63 78 8 3
63 79 2 3
63 81 1 7
63 82 9 1
63 83 5 2
63 84 5 8
63 85 9 2
63 86 1 4
63 87 2 3
63 88 9 6
63 89 4 3
63 90 6 8
63 91 9 8
63 93 6 2
63 94 5 10
63 95 5 9
63 96 8 6
63 97 2 8
63 98 10 5
63 99 7 1
63 100 5 9
64 66 9 3
64 67 2 4
64 68 9 8
64 69 8 5
64 70 1 9
64 71 6 4
64 74 2 8
64 75 5 7
64 76 10 9
64 77 4 3
64 79 8 2
64 80 6 2
64 81 9 1
64 82 4 5
64 85 7 9
64 86 8 9
64 87 8 7
64 88 1 3
64 89 6 4
64 91 9 5
64 92 2 7
64 93 6 6
64 94 6 9
64 95 5 1
64 96 5 9
64 97 8 2
64 98 6 4
64 99 1 5
64 100 5 7
65 66 2 1
65 67 4 9
65 68 1 9
65 70 5 9
65 72 8 1
65 74 7 2
65 75 8 2
65 76 5 6
65 77 6 1
65 79 10 3
65 80 9 6
65 81 4 9
65 82 2 8
65 83 10 6
65 84 1 5
65 85 9 7
65 86 3 5
65 87 10 1
65 90 2 5
65 91 9 1
65 92 2 8
65 93 10 10
65 94 8 4
65 95 10 4
65 97 10 7
65 98 4 2
65 100 1 10
66 68 3 1
66 69 5 2
66 70 6 3
66 71 10 4
66 72 5 4
66 73 2 10
66 74 1 2
66 75 2 1
66 76 4 8
66 77 6 6
66 78 7 7
66 79 3 10
66 80 6 7
66 81 6 3
66 82 5 9
66 83 8 6
66 84 2 3
66 86 7 8
66 87 7 8
66 88 3 2
66 90 2 7
66 91 2 10
66 93 7 6
66 95 5 2
66 97 9 2
66 100 2 6
67 68 6 1
67 69 6 8
67 70 6 2
67 71 4 5
67 72 8 7
67 73 9 10
67 75 8 2
67 78 10 2
67 79 5 5
67 80 2 6
67 81 7 4
67 82 4 6
67 83 8 8
67 84 6 6
67 85 8 10
67 86 4 1
67 87 7 2
67 88 6 6
67 89 8 5
67 90 7 1
67 91 6 8
67 92 10 9
67 93 8 1
67 94 2 1
67 95 4 1
67 96 4 6
67 97 3 2
67 99 9 5
68 69 10 3
68 70 6 7
68 71 8 8
68 72 3 10
68 73 6 2
68 74 5 4
68 76 9 9
68 78 6 3
68 80 8 9
68 81 8 10
68 84 10 9
68 85 3 9
68 86 1 4
68 87 6 3
68 88 3 9
68 89 4 6
68 91 6 4
68 92 10 1
68 93 7 2
68 94 1 10
68 95 3 8
68 96 2 5
68 97 6 10
68 98 10 1
68 99 2 10
68 100 6 2
69 71 8 10
69 75 1 1
69 76 7 5
69 78 2 3
69 79 3 10
69 80 2 9
69 81 4 5
69 83 9 7
69 84 6 3
69 85 2 6
69 86 9 8
69 87 6 3
69 90 7 1
69 91 8 3
69 92 7 3
69 93 3 5
69 94 4 10
69 95 8 5
69 96 1 9
69 97 6 9
69 98 10 9
69 99 2 1
69 100 1 8
70 71 4 2
70 72 4 2
70 73 2 1
70 74 3 3
70 75 2 1
70 76 8 6
70 77 4 4
70 78 1 5
70 79 8 10
70 80 5 10
70 81 6 3
70 82 3 9
70 83 8 1
70 84 10 6
70 85 5 6
70 86 4 2
70 87 4 6
70 88 8 8
70 89 6 6
70 90 4 6
70 92 7 4
70 93 5 7
70 96 1 10
70 97 7 7
70 98 5 7
70 99 5 2
70 100 4 2
71 72 3 1
71 73 7 2
71 74 4 10
71 75 7 3
71 76 10 3
71 79 5 1
71 80 1 3
71 81 1 4
71 82 8 6
71 83 7 4
71 84 4 3
71 85 6 10
71 86 9 8
71 87 2 7
71 88 6 5
71 89 2 1
71 90 3 10
71 92 9 1
71 93 4 8
71 94 1 9
71 95 8 1
71 96 7 9
71 97 8 8
71 98 4 9
71 99 5 3
71 100 10 4
72 74 9 7
72 75 4 5
72 76 10 4
72 77 1 9
72 78 7 9
72 79 3 7
72 81 7 3
72 82 9 10
72 83 6 8
72 84 5 7
72 86 1 5
72 87 2 6
72 88 7 1
72 89 9 10
72 90 8 8
72 91 6 7
72 92 10 3
72 93 7 6
72 94 3 2
72 95 3 6
72 96 1 5
72 98 3 4
72 99 3 5
73 74 10 2
73 75 3 1
73 78 6 8
73 79 5 8
73 80 3 8
73 81 1 6
73 82 4 3
73 86 10 8
73 87 1 8
73 88 1 6
73 89 1 1
73 90 7 3
73 91 4 3
73 92 8 4
73 94 10 1
73 95 1 4
73 96 8 4
73 97 2 4
73 99 4 2
74 75 8 3
74 76 5 10
74 77 6 3
74 78 3 3
74 79 2 5
74 81 4 8
74 82 7 1
74 83 7 2
74 85 8 4
74 86 10 3
74 87 9 1
74 88 4 1
74 89 8 1
74 90 9 10
74 92 6 8
74 93 6 4
74 95 2 8
74 96 7 6
74 97 8 10
74 100 5 4
75 76 9 9
75 77 7 9
75 78 9 1
75 80 10 1
75 81 6 7
75 83 2 2
75 84 1 10
75 85 8 9
75 86 10 1
75 87 3 4
75 88 7 3
75 89 5 9
75 90 10 7
75 91 4 6
75 92 10 4
75 93 1 8
75 94 3 2
75 95 2 8
75 96 1 10
75 98 2 1
75 99 6 3
76 77 3 8
76 79 5 1
76 80 4 10
76 81 8 4
76 82 9 6
76 83 1 2
76 85 5 4
76 86 10 3
76 87 1 6
76 88 3 10
76 90 3 4
76 91 6 4
76 92 10 9
76 93 2 7
76 94 10 5
76 96 10 8
76 97 10 10
76 98 2 4
76 99 5 3
76 100 7 9
77 79 7 6
77 80 6 3
77 81 1 10
77 83 9 5
77 85 10 5
77 87 4 7
77 88 5 7
77 90 3 8
77 92 2 1
77 93 5 10
77 94 4 4
77 97 4 3
77 99 10 4
77 100 4 3
78 79 7 10
78 80 6 6
78 81 7 6
78 82 3 10
78 83 2 2
78 84 1 1
78 86 2 5
78 87 5 7
78 88 7 2
78 90 2 8
78 92 4 8
78 93 7 7
78 94 8 7
78 95 9 8
78 96 7 2
78 98 4 8
78 100 9 10
79 80 3 8
79 81 5 3
79 82 8 8
79 83 9 9
79 84 10 1
79 85 10 6
79 88 10 1
79 89 3 7
79 91 2 9
79 93 5 4
79 94 8 6
79 95 6 9
79 97 4 4
79 98 9 6
79 99 6 4
80 81 8 3
80 83 10 5
80 84 4 2
80 85 6 5
80 86 9 8
80 87 8 3
80 88 8 6
80 89 10 6
80 90 5 2
80 91 6 10
80 92 1 4
80 93 4 9
80 94 4 1
80 95 10 5
80 96 6 10
80 97 2 6
80 98 1 1
80 99 5 8
80 100 7 1
81 82 6 10
81 84 8 1
81 85 3 7
81 86 5 3
81 88 3 9
81 90 8 6
81 91 7 8
81 92 7 4
81 93 1 6
81 94 7 8
81 95 4 4
81 96 5 5
81 97 4 8
81 99 8 6
81 100 6 1
82 85 4 9
82 86 8 6
82 88 6 3
82 89 8 5
82 92 2 6
82 93 8 6
82 94 7 2
82 95 9 8
82 96 6 6
82 98 9 4
82 99 1 2
82 100 8 3
83 84 1 6
83 85 3 4
83 86 3 6
83 87 9 10
83 88 8 2
83 90 1 1
83 93 1 8
83 94 5 2
83 96 3 10
83 97 2 2
83 98 2 4
83 99 5 2
83 100 6 10
84 85 6 6
84 87 9 7
84 90 2 7
84 92 5 4
84 94 10 7
84 95 8 4
84 96 8 3
84 97 5 3
84 98 1 2
84 99 6 9
84 100 5 8
85 86 5 9
85 87 9 2
85 88 7 1
85 89 5 3
85 90 4 3
85 92 4 7
85 93 5 9
85 94 5 8
85 95 2 10
85 96 9 1
85 98 8 1
85 99 6 4
86 87 7 10
86 88 8 10
86 89 10 1
86 90 6 1
86 91 10 7
86 92 1 3
86 93 1 3
86 94 3 8
86 95 8 6
86 96 9 6
86 97 10 10
86 98 1 5
86 99 9 6
86 100 7 7
87 88 5 1
87 89 1 9
87 90 2 2
87 92 3 5
87 93 5 8
87 94 2 1
87 95 1 10
87 96 1 5
87 97 2 3
87 98 4 1
87 99 10 6
87 100 8 5
88 89 5 10
88 90 1 10
88 91 6 8
88 93 8 5
88 94 8 8
88 95 6 5
88 97 1 9
88 98 2 2
88 100 8 7
89 90 9 5
89 91 8 5
89 92 10 2
89 93 7 2
89 94 8 2
89 95 6 5
89 96 1 6
89 98 3 7
89 99 9 5
89 100 1 1
90 91 6 9
90 92 9 9
90 94 3 9
90 95 8 8
90 96 2 4
90 97 6 3
90 98 3 10
90 99 4 10
90 100 5 8
91 95 8 5
91 99 5 5
91 100 3 2
92 94 3 4
92 95 1 10
92 96 10 4
92 98 10 10
92 99 5 4
92 100 10 7
93 94 8 7
93 97 4 4
93 98 5 4
93 99 2 9
93 100 4 10
94 95 4 1
94 96 7 8
94 97 5 9
94 100 1 4
95 96 5 10
95 97 9 8
95 99 7 7
95 100 10 10
96 97 4 4
96 98 9 1
96 99 5 3
96 100 2 9
97 98 9 9
97 99 1 2
97 100 6 5
98 99 1 3
98 100 10 2
99 100 7 5
1
1 2 3 4 5 6 7 8 9 10 11 12 13 14 15 16 17 18 19 20 21 22 23 24 25 26 27 28 29 30 31 32 33 34 35 36 37 38 39 40 41 42 43 44 45 46 47 48 49 50
