3987
1 2 4 8
1 3 5 2
1 4 9 5
1 5 5 5
1 7 4 1
1 8 5 8
1 9 9 3
1 10 6 4
1 11 7 4
1 12 10 5
1 13 1 6
1 14 2 4
1 16 6 8
1 17 3 1
1 18 10 4
1 19 10 2
1 21 9 1
1 22 8 5
1 23 4 1
1 24 9 7
1 25 1 6
1 26 7 3
1 28 8 4
1 30 3 3
1 31 8 2
1 32 3 8
1 33 8 9
1 34 2 6
1 35 3 10
1 39 9 8
1 40 2 2
1 41 1 4
1 42 8 10
1 43 4 5
1 44 2 3
1 45 9 3
1 46 7 6
1 48 8 1
1 49 8 6
1 50 6 9
1 51 7 2
1 53 1 7
1 54 10 4
1 56 4 7
1 57 5 6
1 58 8 5
1 59 9 10
1 60 10 4
1 61 7 5
1 62 8 6
1 63 2 5
1 65 1 7
1 66 9 10
1 67 8 7
1 68 7 2
1 70 5 1
1 71 10 4
1 72 8 5
1 73 1 2
1 77 9 7
1 78 4 6
1 80 8 2
1 83 4 10
1 84 2 9
1 85 6 6
1 86 10 5
1 87 8 9
1 88 3 2
1 89 8 6
1 91 1 3
1 92 4 7
1 93 9 5
1 94 7 6
1 95 5 1
1 96 4 5
1 97 10 9
1 98 7 5
1 99 2 7
1 100 1 4
2 3 7 9
2 4 2 1
2 5 3 9
2 6 6 2
2 7 2 8
2 8 10 9
2 9 9 3
2 10 2 2
2 11 2 5
2 12 2 2
2 13 2 10
2 14 9 6
2 15 4 4
2 16 3 2
2 17 6 2
2 18 2 8
2 19 10 7
2 20 1 6
2 22 5 7
2 23 7 5
2 27 6 6
2 28 9 6
2 29 9 6
2 30 9 7
2 31 7 8
2 32 7 10
2 33 9 1
2 34 1 9
2 35 6 8
2 36 7 10
2 37 6 10
2 38 6 1
2 39 8 3
2 40 7 1
2 41 5 2
2 43 2 10
2 44 6 2
2 45 8 5
2 46 4 4
2 47 5 1
2 53 5 4
2 54 5 3
2 55 6 4
2 56 8 3
2 57 5 4
2 58 1 9
2 64 8 9
2 65 1 2
2 66 2 5
2 67 9 6
2 68 4 5
2 70 10 8
2 72 7 9
2 73 2 7
2 74 7 5
2 75 5 6
2 76 7 5
2 77 9 7
2 78 9 10
2 79 3 1
2 80 6 6
2 81 3 2
2 82 3 1
2 83 5 5
2 86 6 3
2 88 2 5
2 89 8 6
2 91 8 2
2 92 3 6
2 95 2 7
2 96 4 1
2 97 9 8
2 99 9 5
2 100 6 1
3 4 10 9
3 5 8 9
3 8 2 9
3 9 1 10
3 10 8 9
3 11 10 10
3 12 10 3
3 13 1 8
3 14 9 8
3 15 9 2
3 16 10 7
3 17 4 8
3 20 7 9
3 21 2 5
3 22 9 1
3 23 3 2
3 24 6 2
3 25 5 5
3 26 1 10
3 28 7 9
3 29 5 2
3 30 5 10
3 32 1 10
3 33 10 1
3 35 2 4
3 37 9 8
3 38 10 6
3 39 7 2
3 40 4 9
3 41 1 4
3 43 1 7
3 44 6 6
3 45 7 4
3 47 5 10
3 48 9 9
3 49 1 8
3 50 1 9
3 51 4 8
3 52 1 4
3 53 2 10
3 54 2 6
3 55 1 8
3 56 3 10
3 57 9 9
3 58 4 7
3 59 3 8
3 60 2 5
3 62 3 1
3 63 10 10
3 64 8 10
3 65 5 9
3 67 9 9
3 69 10 6
3 70 9 2
3 71 1 8
3 73 1 2
3 74 2 8
3 75 2 10
3 77 5 1
3 80 5 3
3 81 3 4
3 83 1 1
3 84 2 2
3 85 7 5
3 86 10 3
3 87 1 10
3 88 9 1
3 89 9 4
3 90 1 7
3 92 9 9
3 93 1 3
3 94 3 2
3 96 5 2
3 97 3 10
3 98 4 4
3 99 1 7
3 100 2 5
4 5 8 7
4 6 6 2
4 7 6 7
4 9 5 4
4 10 9 7
4 11 4 3
4 12 9 10
4 13 4 1
4 14 6 2
4 15 6 3
4 16 10 10
4 17 7 1
4 18 8 10
4 19 1 5
4 20 4 3
4 21 9 4
4 22 6 3
4 23 1 2
4 25 2 9
4 27 8 4
4 28 3 5
4 29 6 10
4 30 3 3
4 31 5 5
4 32 2 10
4 33 6 8
4 34 4 7
4 35 7 4
4 36 3 6
4 37 4 1
4 38 1 5
4 40 2 4
4 41 6 6
4 42 2 6
4 44 9 1
4 46 6 9
4 48 2 4
4 50 9 10
4 51 3 6
4 54 2 4
4 55 8 10
4 56 2 10
4 57 6 10
4 58 1 8
4 59 2 1
4 60 7 4
4 61 2 2
4 62 8 8
4 63 3 5
4 64 7 4
4 66 10 1
4 70 2 8
4 71 5 1
4 72 1 7
4 73 3 6
4 74 5 8
4 75 7 4
4 77 3 8
4 78 2 7
4 80 10 9
4 81 10 7
4 82 5 8
4 83 6 6
4 84 1 8
4 85 8 6
4 86 4 1
4 87 6 5
4 88 5 4
4 89 9 2
4 90 6 6
4 91 4 1
4 92 7 7
4 93 6 2
4 95 7 6
4 96 7 1
4 99 9 1
4 100 4 2
5 6 2 6
5 7 10 8
5 8 1 5
5 9 9 6
5 11 3 9
5 12 1 4
5 13 5 5
5 14 6 1
5 15 5 8
5 16 4 5
5 18 3 3
5 20 7 8
5 22 6 9
5 23 7 8
5 25 7 1
5 26 1 3
5 27 6 4
5 28 8 3
5 30 6 6
5 32 7 3
5 33 7 5
5 34 7 4
5 35 3 6
5 36 8 9
5 37 1 2
5 38 7 6
5 39 10 6
5 40 5 8
5 41 4 6
5 42 10 1
5 43 7 4
5 44 9 4
5 46 5 10
5 47 7 10
5 48 7 1
5 49 5 9
5 50 1 2
5 52 2 3
5 54 3 8
5 56 2 10
5 57 7 5
5 58 2 8
5 59 10 2
5 60 3 6
5 61 1 6
5 62 8 1
5 63 8 5
5 64 1 9
5 65 4 5
5 66 2 4
5 67 1 1
5 70 2 1
5 72 8 1
5 73 4 8
5 75 6 2
5 76 5 6
5 77 8 6
5 78 6 4
5 79 5 2
5 80 9 5
5 81 5 1
5 82 6 9
5 83 9 6
5 84 10 6
5 85 3 7
5 86 2 2
5 87 4 7
5 88 4 4
5 89 1 5
5 90 6 4
5 91 8 10
5 93 5 7
5 94 4 2
5 95 8 2
5 96 2 7
5 98 10 4
5 99 5 5
6 7 6 5
6 8 5 10
6 10 2 1
6 11 5 6
6 12 3 3
6 14 6 8
6 16 8 9
6 17 3 7
6 19 8 5
6 20 2 1
6 22 7 8
6 23 4 4
6 24 5 6
6 27 1 1
6 28 1 1
6 29 6 10
6 30 10 10
6 31 7 8
6 33 1 4
6 35 6 10
6 36 6 3
6 37 9 2
6 41 8 3
6 42 3 3
6 43 8 9
6 45 5 9
6 46 2 3
6 47 5 10
6 48 2 7
6 49 2 10
6 51 7 4
6 52 5 8
6 53 2 10
6 54 9 3
6 55 1 5
6 56 8 7
6 59 6 8
6 60 3 5
6 61 5 9
6 63 3 7
6 64 4 4
6 65 2 3
6 66 2 3
6 67 7 5
6 68 8 4
6 69 2 2
6 71 5 1
6 72 5 2
6 74 2 2
6 76 8 3
6 77 7 8
6 79 2 5
6 81 6 1
6 82 7 3
6 83 9 5
6 84 7 8
6 85 9 4
6 87 4 5
6 88 8 8
6 89 5 7
6 90 4 3
6 92 1 1
6 97 8 9
6 99 10 4
6 100 5 3
7 8 4 5
7 9 4 4
7 12 10 8
7 13 2 9
7 14 6 4
7 15 9 10
7 16 4 1
7 17 1 5
7 18 7 2
7 19 7 1
7 20 8 8
7 21 10 9
7 24 6 3
7 25 8 6
7 26 4 4
7 28 6 7
7 29 2 5
7 31 5 7
7 34 5 10
7 35 3 9
7 36 5 1
7 38 3 2
7 39 3 4
7 40 7 3
7 41 10 9
7 42 1 2
7 43 2 7
7 44 1 10
7 45 2 7
7 47 10 6
7 48 10 1
7 49 7 9
7 50 1 5
7 51 2 2
7 52 4 10
7 54 3 1
7 55 3 5
7 56 2 1
7 57 4 9
7 60 10 8
7 61 1 6
7 62 5 6
7 63 10 3
7 64 6 4
7 66 1 3
7 68 5 5
7 69 5 6
7 70 8 6
7 71 6 4
7 72 10 9
7 73 6 5
7 74 10 5
7 75 9 10
7 76 2 2
7 78 10 4
7 80 4 1
7 81 2 10
7 82 4 1
7 83 3 3
7 85 1 3
7 87 4 1
7 88 2 3
7 89 7 8
7 90 4 6
7 91 5 7
7 93 9 9
7 94 8 3
7 95 6 3
7 98 8 6
7 99 1 6
8 9 9 3
8 10 8 10
8 12 1 7
8 13 5 8
8 14 4 2
8 15 6 2
8 16 4 2
8 17 2 2
8 18 3 6
8 19 7 5
8 20 9 5
8 21 6 1
8 22 4 1
8 23 4 4
8 26 8 5
8 29 8 2
8 30 6 6
8 31 1 6
8 34 8 7
8 35 5 2
8 36 3 2
8 37 3 6
8 39 4 7
8 40 5 4
8 41 1 1
8 42 2 1
8 43 10 8
8 44 2 1
8 45 8 4
8 46 10 7
8 47 1 2
8 48 8 4
8 50 4 3
8 51 2 6
8 53 8 8
8 54 10 9
8 56 4 5
8 57 8 9
8 59 10 10
8 60 4 6
8 61 5 1
8 62 10 7
8 63 7 8
8 64 7 10
8 65 9 2
8 66 10 9
8 67 7 7
8 68 8 9
8 69 4 8
8 71 6 7
8 72 1 6
8 74 1 2
8 75 10 2
8 76 7 9
8 77 7 7
8 79 9 3
8 80 2 9
8 81 5 6
8 82 4 4
8 83 10 5
8 84 4 2
8 85 5 9
8 86 5 4
8 87 10 4
8 89 10 7
8 90 8 4
8 91 6 6
8 92 10 3
8 93 3 4
8 94 1 7
8 96 8 7
8 97 1 4
8 99 4 2
8 100 9 9
9 10 5 1
9 11 7 3
9 12 9 9
9 13 2 8
9 14 1 3
9 15 8 6
9 16 6 9
9 17 7 8
9 18 5 3
9 19 10 3
9 20 4 7
9 21 2 4
9 22 4 1
9 23 9 8
9 24 7 1
9 25 9 8
9 26 9 5
9 27 4 7
9 28 10 7
9 29 3 8
9 30 9 8
9 31 1 3
9 33 1 5
9 35 7 2
9 36 5 8
9 37 3 4
9 38 6 5
9 40 6 1
9 41 4 7
9 42 10 7
9 43 5 9
9 44 5 2
9 45 9 4
9 46 3 10
9 47 1 7
9 49 10 6
9 50 9 10
9 51 2 2
9 52 7 9
9 53 6 7
9 54 5 9
9 55 10 1
9 57 1 9
9 59 4 5
9 60 7 4
9 61 1 9
9 62 3 7
9 63 4 5
9 64 4 7
9 65 3 1
9 66 3 9
9 67 7 2
9 68 8 3
9 69 10 3
9 70 7 9
9 71 10 7
9 72 1 7
9 73 6 7
9 75 2 8
9 76 10 8
9 77 2 7
9 78 10 9
9 80 1 6
9 81 8 6
9 82 5 9
9 85 9 9
9 86 4 2
9 87 6 9
9 89 7 8
9 90 8 9
9 91 3 7
9 92 7 4
9 93 1 5
9 94 5 9
9 95 4 10
9 96 4 4
9 97 8 8
9 100 6 7
10 11 3 2
10 12 9 4
10 13 1 5
10 14 3 3
10 15 8 6
10 17 5 6
10 19 6 8
10 20 4 6
10 21 8 10
10 22 7 10
10 24 6 1
10 25 6 10
10 26 2 8
10 27 3 6
10 28 8 1
10 29 2 5
10 30 5 10
10 31 5 6
10 32 5 8
10 34 4 3
10 35 4 9
10 36 3 8
10 37 9 8
10 38 3 7
10 39 4 9
10 40 5 10
10 41 7 2
10 42 6 8
10 43 3 7
10 44 5 1
10 48 8 9
10 49 4 4
10 51 8 7
10 54 10 10
10 55 4 5
10 56 9 9
10 57 7 9
10 59 2 7
10 60 4 7
10 62 3 8
10 63 9 5
10 64 10 3
10 65 4 5
10 66 5 3
10 67 4 9
10 68 8 5
10 70 3 10
10 71 10 3
10 73 10 4
10 74 1 8
10 76 1 1
10 77 10 2
10 78 1 8
10 79 6 8
10 80 7 1
10 83 9 7
10 84 2 7
10 85 7 2
10 86 6 10
10 87 10 10
10 88 8 1
10 89 1 4
10 90 9 10
10 91 1 9
10 92 9 10
10 93 8 9
10 95 4 4
10 97 7 7
10 98 1 5
11 13 9 3
11 14 5 8
11 15 9 6
11 16 3 2
11 18 2 8
11 19 4 3
11 20 7 8
11 21 3 5
11 22 2 6
11 23 6 10
11 24 9 6
11 25 4 3
11 26 2 4
11 27 2 5
11 28 10 8
11 31 4 4
11 34 2 9
11 35 4 2
11 36 7 5
11 37 5 1
11 38 7 3
11 39 1 4
11 40 9 1
11 41 5 6
11 42 10 4
11 43 8 4
11 45 2 9
11 46 10 9
11 47 8 5
11 48 2 2
11 49 7 10
11 50 8 10
11 51 10 1
11 52 9 8
11 54 7 1
11 55 2 5
11 56 1 4
11 57 10 1
11 58 2 9
11 59 9 4
11 60 9 1
11 61 7 3
11 62 7 4
11 65 9 10
11 66 7 3
11 67 2 8
11 69 8 9
11 70 2 9
11 71 9 7
11 72 7 2
11 73 3 6
11 75 8 5
11 76 3 6
11 77 5 4
11 79 4 7
11 80 8 7
11 81 10 6
11 83 3 10
11 84 6 2
11 86 2 6
11 87 9 10
11 88 9 5
11 89 8 7
11 90 5 5
11 91 6 1
11 92 8 2
11 93 3 4
11 94 6 8
11 95 6 3
11 96 10 6
11 97 1 5
11 98 4 4
11 99 6 1
11 100 4 9
12 13 6 4
12 14 4 7
12 15 10 1
12 16 1 5
12 17 1 8
12 18 3 10
12 20 9 2
12 21 8 8
12 22 5 9
12 23 6 7
12 24 8 2
12 26 8 4
12 27 6 9
12 29 8 6
12 30 7 4
12 31 6 8
12 32 3 5
12 33 6 6
12 34 8 2
12 35 5 7
12 36 7 4
12 37 10 7
12 38 7 8
12 39 6 9
12 40 2 6
12 41 3 7
12 43 6 10
12 44 7 9
12 45 9 2
12 46 5 5
12 47 5 8
12 48 5 5
12 50 8 1
12 51 9 9
12 54 9 1
12 58 2 1
12 59 3 7
12 60 4 2
12 61 5 1
12 62 6 1
12 64 8 10
12 65 8 2
12 66 2 7
12 67 3 1
12 68 4 1
12 69 3 6
12 70 9 9
12 71 7 9
12 73 7 10
12 74 2 5
12 75 4 9
12 76 7 8
12 77 3 4
12 78 10 1
12 79 4 3
12 80 8 5
12 81 4 6
12 82 5 10
12 83 5 9
12 84 7 4
12 85 2 1
12 87 2 7
12 88 7 2
12 91 8 4
12 92 5 9
12 93 1 10
12 94 3 10
12 96 4 4
12 97 10 10
12 98 4 4
12 99 9 3
12 100 4 9
13 14 5 8
13 15 5 6
13 16 5 10
13 17 5 1
13 18 10 9
13 19 9 10
13 20 8 5
13 21 6 4
13 22 8 7
13 23 6 7
13 24 6 9
13 25 5 2
13 26 9 1
13 27 2 6
13 28 8 7
13 29 3 9
13 30 3 6
13 31 8 6
13 32 2 10
13 33 4 7
13 34 2 8
13 35 1 2
13 37 6 2
13 38 10 5
13 40 3 5
13 41 1 10
13 42 5 1
13 43 3 4
13 44 4 8
13 45 8 9
13 47 3 3
13 48 4 9
13 49 6 7
13 50 2 6
13 51 1 5
13 52 8 5
13 53 4 1
13 55 4 9
13 57 8 2
13 58 4 2
13 59 7 4
13 60 5 2
13 61 1 10
13 63 6 4
13 64 8 3
13 65 5 9
13 66 5 7
13 71 2 6
13 72 2 8
13 73 4 9
13 75 1 3
13 76 3 10
13 78 3 3
13 80 6 9
13 81 10 6
13 82 10 4
13 84 10 8
13 85 2 6
13 86 2 6
13 87 3 1
13 88 7 3
13 89 7 1
13 90 7 8
13 91 3 8
13 93 8 5
13 94 4 9
13 95 1 8
13 96 8 2
13 97 10 5
13 98 9 6
13 99 4 8
13 100 9 4
14 15 5 7
14 16 9 5
14 17 4 5
14 18 8 10
14 19 10 8
14 20 5 6
14 21 10 9
14 22 6 2
14 23 8 2
14 24 6 7
14 25 8 7
14 26 5 6
14 27 2 2
14 28 5 9
14 30 5 6
14 31 7 7
14 32 4 9
14 33 9 3
14 34 10 6
14 36 3 8
14 37 2 7
14 39 4 3
14 40 3 1
14 41 10 6
14 42 6 2
14 43 9 9
14 44 10 5
14 46 9 1
14 47 6 7
14 48 4 4
14 49 10 1
14 50 3 1
14 51 1 1
14 52 7 6
14 53 8 4
14 54 6 1
14 55 10 10
14 57 1 4
14 58 9 6
14 59 8 2
14 60 3 4
14 61 3 1
14 62 7 8
14 63 6 4
14 64 9 2
14 65 1 3
14 66 9 3
14 67 10 3
14 68 1 9
14 70 4 4
14 71 4 2
14 72 8 8
14 73 7 2
14 74 2 8
14 75 10 8
14 76 9 9
14 77 5 3
14 78 7 7
14 80 3 1
14 81 10 1
14 82 10 7
14 83 8 1
14 84 8 5
14 85 10 1
14 86 10 4
14 87 3 5
14 88 9 2
14 89 8 10
14 90 8 6
14 91 5 2
14 92 4 2
14 93 5 7
14 94 9 1
14 95 10 8
14 96 4 10
14 98 8 3
14 99 3 5
14 100 9 10
15 17 3 7
15 18 6 5
15 19 7 6
15 20 1 6
15 21 3 6
15 23 7 7
15 24 4 8
15 26 8 7
15 27 1 1
15 28 2 2
15 29 5 8
15 30 3 4
15 31 9 10
15 32 7 4
15 33 5 6
15 34 4 3
15 36 7 8
15 37 5 9
15 38 6 10
15 40 5 8
15 41 3 2
15 42 7 3
15 43 8 10
15 47 6 9
15 48 4 3
15 49 9 2
15 50 2 9
15 53 6 2
15 54 2 10
15 55 6 5
15 56 5 5
15 60 9 5
15 61 2 5
15 62 3 6
15 63 5 8
15 64 8 8
15 65 1 2
15 66 2 9
15 67 3 10
15 68 4 10
15 69 8 5
15 70 10 8
15 71 9 7
15 72 2 10
15 73 7 8
15 74 3 4
15 77 2 8
15 78 8 9
15 79 5 2
15 80 10 6
15 81 2 7
15 82 6 7
15 84 5 5
15 85 1 5
15 86 7 4
15 87 4 8
15 88 8 8
15 89 1 9
15 90 8 5
15 91 7 4
15 92 4 5
15 93 9 7
15 94 5 9
15 95 6 7
15 96 6 7
15 97 3 4
15 99 1 2
15 100 5 10
16 17 6 6
16 18 2 1
16 19 7 5
16 22 5 6
16 25 1 9
16 26 4 8
16 27 1 4
16 28 8 3
16 29 8 5
16 30 5 3
16 31 7 8
16 32 2 4
16 34 6 1
16 35 9 10
16 36 2 2
16 37 3 9
16 38 6 4
16 39 4 10
16 40 2 5
16 42 8 7
16 43 4 5
16 47 8 3
16 49 5 3
16 50 6 4
16 52 9 6
16 53 1 5
16 54 9 2
16 55 5 2
16 56 10 10
16 57 7 10
16 58 3 3
16 59 6 6
16 60 7 2
16 61 10 6
16 62 10 3
16 63 7 4
16 64 6 8
16 66 2 9
16 67 2 8
16 68 9 4
16 69 7 2
16 70 3 6
16 71 8 9
16 72 6 5
16 75 6 3
16 76 5 6
16 77 3 3
16 78 7 6
16 79 10 10
16 82 5 9
16 83 8 8
16 85 3 9
16 86 8 7
16 87 10 10
16 89 10 5
16 92 10 3
16 93 3 10
16 95 5 3
16 96 2 8
16 97 2 3
16 98 7 10
16 99 6 3
16 100 3 1
17 19 5 6
17 20 2 9
17 21 3 6
17 23 8 7
17 24 9 5
17 25 8 1
17 26 1 10
17 27 8 3
17 28 9 6
17 29 3 2
17 30 8 2
17 31 6 8
17 32 10 9
17 33 6 5
17 35 4 8
17 36 3 7
17 37 2 1
17 38 2 1
17 39 2 8
17 40 8 4
17 41 3 8
17 42 7 7
17 43 2 4
17 44 1 7
17 45 10 6
17 46 1 7
17 47 7 2
17 48 8 7
17 49 7 5
17 50 5 10
17 51 2 8
17 52 10 8
17 53 10 5
17 54 8 5
17 56 10 7
17 57 1 1
17 58 2 9
17 60 6 1
17 61 8 6
17 62 4 4
17 63 2 4
17 64 6 4
17 65 6 4
17 66 9 2
17 67 10 3
17 69 7 8
17 70 2 4
17 71 10 10
17 72 7 8
17 73 2 2
17 74 8 7
17 75 1 3
17 76 4 1
17 77 1 3
17 80 1 10
17 82 4 7
17 83 10 2
17 84 2 9
17 85 10 10
17 87 6 3
17 88 2 6
17 90 9 8
17 91 7 1
17 92 3 10
17 93 2 8
17 94 7 1
17 95 9 5
17 96 1 7
17 97 3 2
17 98 3 3
17 99 3 1
17 100 4 1
18 19 2 8
18 20 9 7
18 21 6 2
18 22 2 7
18 23 8 4
18 24 2 6
18 25 10 5
18 27 9 1
18 28 10 3
18 29 7 6
18 30 3 7
18 32 9 6
18 33 4 10
18 34 10 1
18 37 9 7
18 38 3 7
18 39 9 8
18 40 4 9
18 41 10 6
18 43 7 1
18 44 2 6
18 45 1 1
18 46 3 8
18 47 3 8
18 49 7 2
18 50 4 7
18 51 10 10
18 52 3 7
18 53 9 5
18 54 10 10
18 56 4 2
18 57 10 2
18 58 9 1
18 59 9 9
18 60 3 6
18 61 8 5
18 62 9 9
18 63 4 8
18 64 2 2
18 65 2 3
18 67 6 10
18 68 6 9
18 69 4 2
18 70 3 10
18 71 6 7
18 72 5 4
18 73 7 4
18 74 7 2
18 75 6 10
18 76 5 10
18 77 6 8
18 79 2 3
18 80 1 1
18 82 4 3
18 83 10 9
18 86 3 6
18 87 5 2
18 88 7 7
18 89 9 6
18 90 1 7
18 91 3 7
18 93 3 10
18 94 3 2
18 96 4 2
18 97 8 3
18 100 6 9
19 20 9 6
19 21 3 8
19 22 5 5
19 23 9 9
19 24 4 9
19 25 1 7
19 26 5 6
19 28 9 1
19 29 4 7
19 31 2 5
19 32 2 4
19 33 10 4
19 34 3 9
19 36 7 7
19 37 5 5
19 38 1 1
19 39 6 1
19 40 10 3
19 41 5 4
19 42 6 7
19 43 3 8
19 44 6 6
19 46 5 9
19 47 2 6
19 48 4 4
19 49 8 5
19 51 7 1
19 52 7 6
19 53 10 8
19 54 5 8
19 55 6 5
19 57 10 1
19 59 4 4
19 60 8 9
19 62 10 7
19 63 4 2
19 64 7 2
19 65 6 8
19 66 4 7
19 67 7 1
19 68 7 6
19 70 2 6
19 71 5 2
19 73 3 4
19 75 2 8
19 76 9 8
19 77 3 10
19 78 5 6
19 79 6 3
19 81 2 5
19 82 6 5
19 83 8 2
19 85 2 8
19 86 9 6
19 87 9 3
19 88 3 5
19 89 7 3
19 90 6 10
19 91 4 3
19 95 6 10
19 96 2 1
19 97 7 4
19 98 3 10
19 99 8 8
20 21 1 2
20 23 4 10
20 24 7 5
20 25 1 9
20 26 8 5
20 28 7 4
20 29 10 8
20 30 3 4
20 31 4 7
20 33 5 7
20 34 9 1
20 35 6 10
20 36 6 1
20 37 1 5
20 38 10 1
20 39 3 6
20 40 1 1
20 41 4 10
20 42 5 5
20 43 7 5
20 44 10 10
20 45 6 1
20 46 1 3
20 47 7 1
20 50 6 4
20 51 10 10
20 52 2 8
20 53 10 8
20 54 10 3
20 55 8 5
20 56 10 9
20 57 9 2
20 59 8 8
20 60 2 6
20 61 4 10
20 62 7 5
20 63 7 8
20 64 9 6
20 65 1 10
20 66 1 6
20 67 10 2
20 68 7 9
20 70 6 5
20 71 7 9
20 72 7 10
20 74 7 7
20 75 7 7
20 76 2 7
20 77 4 6
20 79 4 9
20 82 5 2
20 83 6 1
20 84 10 5
20 85 9 10
20 86 8 7
20 87 5 10
20 90 7 10
20 91 6 7
20 92 8 7
20 93 10 5
20 94 9 6
20 95 2 6
20 96 1 8
20 97 10 2
20 98 10 2
20 99 8 1
20 100 6 1
21 22 5 2
21 23 1 4
21 24 1 9
21 25 6 8
21 26 8 10
21 27 4 8
21 28 2 8
21 29 1 8
21 31 8 3
21 32 8 4
21 33 9 10
21 34 8 7
21 36 4 5
21 37 8 6
21 38 3 9
21 40 3 1
21 41 2 1
21 42 7 1
21 45 10 6
21 46 2 9
21 47 10 10
21 48 1 1
21 49 1 2
21 50 4 10
21 51 1 4
21 52 10 10
21 54 4 10
21 55 10 4
21 57 1 7
21 58 5 8
21 59 9 7
21 60 2 6
21 61 6 3
21 62 2 6
21 63 1 8
21 64 9 9
21 65 6 2
21 67 9 3
21 68 6 1
21 69 8 9
21 70 9 8
21 72 6 7
21 73 10 6
21 74 10 8
21 75 4 5
21 76 2 10
21 78 9 2
21 80 5 4
21 81 7 4
21 82 5 1
21 86 4 2
21 87 7 1
21 88 3 9
21 89 7 1
21 91 2 9
21 92 3 5
21 94 8 8
21 96 8 1
21 98 4 4
21 99 8 3
22 23 10 9
22 24 1 8
22 25 4 10
22 27 7 6
22 28 1 6
22 30 8 6
22 31 3 1
22 32 9 6
22 33 3 5
22 34 10 5
22 35 1 2
22 36 2 3
22 37 1 3
22 38 7 9
22 39 10 10
22 40 6 7
22 42 1 10
22 43 8 8
22 44 10 5
22 45 10 5
22 46 7 10
22 47 6 1
22 48 3 9
22 49 8 3
22 50 4 8
22 51 1 7
22 52 7 4
22 53 4 6
22 54 1 1
22 55 4 8
22 57 6 6
22 58 2 6
22 59 9 7
22 60 7 1
22 61 9 10
22 62 3 8
22 63 1 5
22 66 6 1
22 67 5 10
22 68 8 10
22 69 4 9
22 70 8 4
22 71 1 7
22 72 6 9
22 73 7 10
22 74 4 5
22 75 9 9
22 76 8 10
22 78 5 10
22 81 8 3
22 82 3 1
22 83 7 8
22 84 2 10
22 85 6 5
22 86 2 6
22 88 9 9
22 89 7 1
22 91 9 7
22 92 7 3
22 93 9 5
22 94 4 1
22 95 5 8
22 97 9 1
22 99 4 7
22 100 6 1
23 24 6 3
23 25 10 10
23 26 8 5
23 27 10 7
23 28 4 5
23 29 4 8
23 30 3 6
23 31 9 5
23 32 8 10
23 34 8 5
23 35 1 2
23 37 9 9
23 38 7 9
23 39 9 9
23 40 10 6
23 41 7 2
23 44 3 10
23 45 6 10
23 46 1 7
23 48 9 6
23 49 9 3
23 50 10 9
23 52 8 2
23 53 1 6
23 54 7 9
23 55 8 4
23 56 3 7
23 57 2 6
23 58 9 3
23 59 3 4
23 60 7 1
23 63 9 4
23 64 5 8
23 65 6 7
23 66 8 10
23 67 7 9
23 68 4 2
23 69 7 6
23 71 5 7
23 72 2 2
23 73 8 1
23 75 4 10
23 76 8 10
23 77 4 10
23 78 8 7
23 79 9 9
23 80 2 8
23 81 5 10
23 82 8 3
23 83 7 3
23 84 1 4
23 85 3 10
23 86 5 2
23 87 7 3
23 88 2 5
23 89 8 4
23 90 4 6
23 91 2 2
23 92 9 4
23 93 4 9
23 94 4 9
23 95 6 3
23 97 8 1
23 98 8 1
24 25 8 2
24 27 7 3
24 28 3 4
24 29 10 5
24 31 4 3
24 32 8 7
24 33 4 3
24 34 10 9
24 36 10 5
24 37 5 8
24 38 4 5
24 39 2 2
24 40 1 8
24 41 8 6
24 42 2 8
24 43 9 8
24 44 5 4
24 45 2 10
24 46 4 3
24 47 8 9
24 48 7 10
24 49 10 2
24 50 10 1
24 51 10 6
24 53 10 6
24 54 4 10
24 56 5 8
24 58 6 2
24 60 6 2
24 61 7 5
24 63 7 2
24 65 10 3
24 66 7 10
24 68 7 6
24 69 2 7
24 70 6 1
24 71 10 8
24 72 3 7
24 73 6 3
24 74 1 7
24 75 9 10
24 76 3 3
24 77 2 4
24 78 3 9
24 79 9 2
24 80 9 7
24 81 2 1
24 82 6 10
24 83 9 6
24 84 7 3
24 85 8 5
24 87 7 9
24 88 3 9
24 89 6 7
24 90 5 1
24 91 10 10
24 92 3 2
24 93 6 8
24 95 6 4
24 96 6 6
24 97 1 9
24 98 8 3
24 99 3 8
25 26 8 2
25 27 8 10
25 28 1 6
25 29 4 4
25 30 9 5
25 31 2 4
25 32 3 9
25 33 4 6
25 34 8 2
25 35 8 8
25 37 2 6
25 38 1 3
25 39 10 7
25 41 8 1
25 44 2 7
25 45 2 9
25 46 2 5
25 48 7 9
25 49 5 8
25 50 6 2
25 51 2 4
25 52 2 2
25 53 2 3
25 54 5 5
25 56 6 10
25 57 4 10
25 58 6 10
25 59 4 6
25 60 5 3
25 61 4 6
25 62 2 10
25 63 3 4
25 64 7 5
25 65 2 4
25 66 3 4
25 67 4 10
25 68 1 8
25 69 3 3
25 70 5 10
25 71 7 10
25 72 3 6
25 73 6 10
25 76 10 2
25 77 2 10
25 78 7 9
25 79 7 6
25 80 4 4
25 81 9 4
25 82 10 9
25 84 8 4
25 85 8 4
25 87 6 6
25 88 6 5
25 89 8 5
25 90 4 10
25 91 1 7
25 92 3 2
25 93 2 4
25 94 4 7
25 95 10 4
25 96 2 1
25 97 3 4
25 98 9 6
26 27 3 1
26 28 5 7
26 29 5 1
26 30 8 3
26 34 4 10
26 35 3 6
26 36 10 1
26 39 9 8
26 40 2 8
26 41 8 8
26 42 4 8
26 43 7 6
26 44 8 1
26 45 5 9
26 46 5 2
26 47 9 7
26 48 6 8
26 49 7 7
26 50 7 1
26 51 9 2
26 52 2 6
26 53 5 9
26 54 1 5
26 55 8 7
26 57 5 1
26 58 7 1
26 59 9 7
26 60 3 6
26 61 7 10
26 62 8 4
26 63 4 4
26 67 7 1
26 68 5 3
26 69 4 6
26 71 6 8
26 72 6 9
26 73 8 10
26 74 2 10
26 75 1 1
26 76 4 2
26 78 3 1
26 79 4 3
26 81 2 3
26 82 5 7
26 83 9 5
26 84 1 3
26 85 4 7
26 86 8 5
26 88 8 10
26 89 8 5
26 90 3 1
26 92 10 10
26 93 4 4
26 94 2 9
26 95 9 7
26 96 7 3
26 97 2 6
26 99 3 10
27 28 8 10
27 29 4 9
27 30 4 5
27 31 6 1
27 32 7 5
27 33 4 2
27 34 4 9
27 35 7 1
27 36 2 1
27 38 4 4
27 40 9 9
27 41 4 4
27 42 3 8
27 44 5 8
27 45 8 5
27 46 7 1
27 47 8 10
27 48 3 9
27 49 6 7
27 50 10 4
27 52 5 8
27 53 3 4
27 54 2 3
27 55 10 3
27 56 8 8
27 57 2 8
27 58 2 1
27 59 1 7
27 60 7 2
27 61 2 8
27 62 2 8
27 63 2 9
27 64 2 9
27 66 8 10
27 68 7 7
27 69 6 2
27 70 1 9
27 72 7 3
27 73 4 1
27 74 3 1
27 76 3 1
27 77 2 6
27 79 4 9
27 81 6 4
27 82 3 2
27 83 9 8
27 84 3 2
27 87 4 3
27 88 6 10
27 90 7 5
27 91 9 7
27 92 9 1
27 93 9 7
27 94 5 9
27 95 2 1
27 96 8 8
27 97 5 2
27 98 10 5
28 29 9 3
28 30 3 6
28 31 1 3
28 32 7 2
28 33 7 6
28 34 6 2
28 35 10 5
28 36 10 8
28 37 1 1
28 39 1 2
28 40 4 5
28 41 3 3
28 45 2 6
28 46 3 8
28 48 7 9
28 50 4 8
28 53 3 8
28 54 9 10
28 55 10 3
28 56 5 10
28 57 8 9
28 59 8 2
28 60 9 6
28 61 2 2
28 62 4 4
28 63 9 4
28 64 2 5
28 65 10 5
28 66 2 7
28 69 10 7
28 70 3 4
28 72 10 10
28 73 3 7
28 74 3 5
28 75 6 4
28 76 5 8
28 77 8 5
28 79 9 1
28 80 1 10
28 81 10 5
28 82 6 9
28 83 9 5
28 84 1 6
28 85 9 3
28 86 1 7
28 87 1 5
28 89 1 1
28 90 1 8
28 91 3 8
28 92 10 10
28 93 6 8
28 94 7 10
28 95 1 10
28 96 8 7
28 97 8 5
28 98 2 2
28 99 2 10
28 100 5 4
29 30 2 1
29 31 4 7
29 36 8 10
29 38 1 2
29 39 1 8
29 40 3 9
29 41 5 1
29 42 6 9
29 45 10 10
29 46 2 8
29 47 8 3
29 48 10 2
29 49 7 8
29 50 9 9
29 51 3 10
29 52 9 6
29 53 6 9
29 56 3 4
29 57 10 2
29 58 3 1
29 59 6 9
29 60 8 4
29 61 2 4
29 62 10 2
29 63 3 9
29 65 9 7
29 67 9 2
29 68 7 4
29 69 4 3
29 70 4 2
29 71 3 7
29 72 10 4
29 73 9 8
29 74 6 10
29 75 1 6
29 76 2 1
29 78 3 6
29 79 2 1
29 80 2 5
29 81 7 7
29 82 2 4
29 83 10 5
29 84 3 10
29 86 5 9
29 87 2 4
29 88 10 8
29 91 7 5
29 92 9 10
29 93 6 9
29 94 9 1
29 95 9 1
29 96 10 5
29 97 4 9
29 98 3 9
29 99 1 5
29 100 8 10
30 32 6 9
30 33 1 3
30 34 5 1
30 36 8 9
30 38 3 2
30 40 7 10
30 41 3 1
30 42 5 1
30 43 4 3
30 44 10 10
30 45 5 3
30 46 9 5
30 47 8 10
30 48 10 3
30 50 8 2
30 51 10 7
30 52 2 3
30 53 8 5
30 55 3 8
30 56 8 2
30 57 9 1
30 59 1 8
30 60 6 10
30 61 7 7
30 63 5 4
30 64 7 10
30 65 6 9
30 66 2 7
30 67 4 2
30 70 6 9
30 71 3 8
30 72 7 8
30 73 2 3
30 75 10 9
30 78 2 6
30 79 10 4
30 80 2 2
30 82 1 3
30 83 8 1
30 85 6 6
30 86 6 7
30 87 4 1
30 88 6 2
30 89 9 4
30 90 8 3
30 93 3 9
30 94 1 4
30 95 10 3
30 96 7 6
30 98 4 8
30 100 7 7
31 33 3 3
31 34 2 6
31 35 7 4
31 36 3 8
31 37 9 4
31 38 3 1
31 40 6 2
31 41 1 2
31 42 7 10
31 43 7 1
31 44 1 2
31 46 8 5
31 47 8 7
31 49 1 5
31 50 4 5
31 51 10 3
31 52 9 5
31 53 10 1
31 54 7 4
31 55 4 1
31 56 1 3
31 57 6 4
31 58 3 1
31 59 9 10
31 60 9 6
31 61 2 2
31 62 4 7
31 63 7 4
31 67 6 2
31 68 8 4
31 69 9 3
31 71 7 7
31 72 9 4
31 73 5 1
31 74 6 9
31 75 1 2
31 76 4 1
31 78 8 7
31 79 4 8
31 81 6 6
31 83 6 5
31 84 5 2
31 85 5 8
31 86 5 4
31 87 4 3
31 88 10 4
31 89 1 2
31 91 7 5
31 92 10 3
31 93 5 8
31 94 7 4
31 95 2 6
31 96 3 3
31 98 4 5
31 99 4 8
31 100 10 7
32 33 9 8
32 34 6 2
32 36 1 3
32 38 9 1
32 39 6 9
32 41 6 3
32 42 9 5
32 44 5 7
32 46 9 7
32 47 2 7
32 48 1 5
32 49 5 8
32 50 8 10
32 51 4 6
32 52 1 5
32 53 7 5
32 54 1 8
32 55 1 1
32 56 6 1
32 57 9 4
32 58 9 9
32 59 2 1
32 60 7 7
32 61 10 6
32 62 3 6
32 63 10 2
32 64 2 8
32 65 1 3
32 66 7 7
32 68 8 5
32 69 5 6
32 70 7 2
32 71 4 2
32 72 4 8
32 74 8 7
32 75 2 9
32 77 9 2
32 78 8 6
32 79 8 10
32 80 7 4
32 81 6 8
32 82 5 6
32 85 2 2
32 86 6 5
32 87 1 7
32 88 3 8
32 90 10 9
32 91 10 3
32 92 1 2
32 93 5 8
32 94 8 2
32 96 9 9
32 98 3 10
32 99 4 8
32 100 4 7
33 34 5 10
33 36 3 2
33 37 6 3
33 38 5 5
33 39 4 9
33 40 5 1
33 42 3 10
33 43 7 5
33 44 7 4
33 45 3 7
33 47 7 10
33 48 5 2
33 49 10 7
33 51 10 3
33 52 2 3
33 53 9 1
33 55 5 9
33 57 3 9
33 59 6 8
33 60 10 4
33 61 10 2
33 63 4 2
33 64 5 9
33 65 8 8
33 66 8 8
33 67 5 2
33 68 10 3
33 69 1 9
33 70 3 3
33 72 1 7
33 73 10 6
33 74 7 2
33 75 10 6
33 76 4 9
33 77 2 4
33 78 6 8
33 79 6 6
33 80 5 9
33 82 10 2
33 83 4 3
33 84 7 8
33 85 3 1
33 86 4 10
33 89 6 1
33 90 1 8
33 91 1 4
33 92 3 7
33 93 2 10
33 96 10 7
33 98 4 8
33 99 4 7
33 100 4 2
34 35 9 2
34 36 9 3
34 37 1 10
34 39 9 8
34 40 1 1
34 41 5 6
34 42 4 2
34 43 5 5
34 44 8 6
34 45 4 10
34 46 1 8
34 47 9 10
34 48 1 2
34 49 10 7
34 50 5 8
34 51 3 7
34 53 7 9
34 54 2 7
34 55 6 3
34 57 6 9
34 58 7 10
34 59 10 7
34 61 2 7
34 62 2 8
34 63 1 2
34 64 5 7
34 65 10 5
34 66 3 4
34 68 7 3
34 69 3 4
34 71 2 10
34 72 5 10
34 73 4 4
34 74 6 2
34 75 5 7
34 76 8 7
34 77 10 3
34 78 4 1
34 79 9 8
34 80 7 7
34 82 6 3
34 83 10 1
34 84 5 7
34 87 4 2
34 88 5 10
34 89 6 2
34 90 7 9
34 91 2 5
34 92 10 4
34 93 3 5
34 94 3 8
34 95 7 7
34 96 6 7
34 98 4 3
34 99 5 3
34 100 7 4
35 36 1 9
35 37 10 4
35 38 9 8
35 39 1 8
35 40 3 10
35 41 4 7
35 42 4 7
35 43 3 6
35 44 3 8
35 45 8 8
35 46 9 4
35 47 3 1
35 48 3 5
35 49 3 8
35 50 9 1
35 51 10 4
35 52 2 8
35 53 8 6
35 54 6 8
35 56 3 8
35 57 6 6
35 58 4 1
35 59 4 4
35 60 9 9
35 63 3 5
35 64 5 3
35 65 4 1
35 66 4 8
35 67 1 1
35 68 2 9
35 69 4 1
35 70 4 9
35 71 10 7
35 72 4 5
35 74 5 7
35 75 6 2
35 76 8 9
35 77 10 7
35 78 3 10
35 79 10 2
35 80 3 9
35 82 6 4
35 83 3 9
35 84 10 2
35 85 3 9
35 86 3 7
35 87 2 2
35 88 1 1
35 89 7 2
35 91 1 2
35 94 8 4
35 95 9 8
35 96 10 7
35 97 7 5
35 99 8 2
35 100 3 6
36 37 2 5
36 38 9 5
36 41 6 10
36 42 6 2
36 43 9 5
36 44 3 1
36 45 9 3
36 46 3 5
36 47 6 1
36 48 6 9
36 49 7 6
36 50 7 3
36 51 1 3
36 52 8 7
36 53 1 4
36 54 5 2
36 57 2 2
36 59 6 1
36 60 3 10
36 61 5 4
36 62 6 9
36 63 5 8
36 64 10 1
36 66 6 6
36 67 8 1
36 69 3 5
36 70 3 4
36 71 8 2
36 73 2 7
36 75 10 5
36 76 4 9
36 77 7 1
36 79 7 7
36 80 7 4
36 81 10 6
36 83 7 4
36 84 8 6
36 85 5 9
36 86 10 2
36 88 5 3
36 89 9 9
36 91 10 8
36 93 5 4
36 97 1 6
36 98 7 5
36 100 7 5
37 39 8 2
37 40 10 5
37 41 1 5
37 42 3 2
37 43 3 6
37 44 5 7
37 45 4 4
37 47 3 2
37 48 1 8
37 49 6 3
37 50 4 8
37 51 9 7
37 52 6 3
37 54 8 10
37 55 8 5
37 56 7 10
37 57 1 2
37 58 8 4
37 59 3 8
37 60 10 10
37 62 4 8
37 63 6 1
37 66 9 10
37 67 3 9
37 68 4 3
37 69 1 10
37 72 8 6
37 73 3 3
37 74 9 4
37 75 4 2
37 76 1 6
37 77 10 2
37 78 1 7
37 79 10 10
37 80 9 9
37 81 2 3
37 82 9 10
37 85 6 2
37 86 3 10
37 87 8 8
37 88 7 8
37 89 4 6
37 90 1 1
37 91 1 6
37 92 6 2
37 93 8 5
37 94 3 9
37 95 6 7
37 96 4 3
37 97 9 9
37 98 6 6
37 99 4 10
38 39 9 6
38 40 7 1
38 41 5 1
38 42 4 6
38 43 2 9
38 44 9 3
38 45 5 9
38 46 7 6
38 47 9 6
38 48 2 3
38 50 9 2
38 51 7 7
38 54 7 9
38 55 3 5
38 56 9 10
38 57 3 8
38 58 8 8
38 59 1 8
38 61 10 2
38 62 9 9
38 63 4 10
38 64 10 9
38 65 8 5
38 66 6 6
38 68 3 8
38 69 2 2
38 73 6 1
38 74 9 9
38 75 8 5
38 76 5 9
38 78 8 4
38 79 4 6
38 80 7 10
38 81 8 5
38 82 10 8
38 83 3 1
38 84 2 1
38 86 7 3
38 87 10 9
38 88 9 9
38 89 7 2
38 90 5 1
38 92 5 10
38 94 10 9
38 95 5 5
38 96 6 10
38 97 8 1
38 98 1 5
38 99 4 6
38 100 8 10
39 40 7 3
39 42 7 1
39 43 10 6
39 44 6 1
39 45 6 8
39 46 6 4
39 47 8 10
39 48 1 9
39 52 6 2
39 53 7 8
39 56 7 9
39 58 6 6
39 59 1 4
39 60 9 7
39 61 4 10
39 62 3 8
39 63 9 9
39 64 2 5
39 66 10 1
39 67 10 6
39 68 1 9
39 69 9 8
39 70 8 3
39 71 2 1
39 72 10 3
39 73 8 9
39 74 6 3
39 76 7 9
39 77 6 7
39 78 7 8
39 79 1 5
39 80 7 2
39 81 3 1
39 83 2 9
39 84 6 1
39 85 6 2
39 86 5 5
39 87 6 2
39 89 10 5
39 90 6 8
39 91 10 3
39 92 10 4
39 94 3 4
39 96 8 6
39 97 2 3
39 98 6 1
39 100 2 10
40 41 4 7
40 42 10 5
40 43 6 4
40 44 2 2
40 45 7 1
40 46 7 3
40 48 1 2
40 49 1 2
40 50 1 9
40 51 5 6
40 52 5 10
40 53 8 1
40 54 10 8
40 55 9 4
40 56 5 4
40 57 3 5
40 58 6 1
40 60 8 1
40 61 2 4
40 62 4 5
40 63 9 3
40 66 10 6
40 67 7 6
40 68 7 5
40 69 3 1
40 71 2 9
40 72 1 3
40 74 2 8
40 75 4 2
40 76 1 3
40 77 8 9
40 79 10 1
40 80 2 6
40 81 3 8
40 82 3 3
40 83 1 2
40 85 7 7
40 88 2 9
40 89 6 9
40 90 5 9
40 91 8 10
40 92 2 1
40 93 2 10
40 95 3 9
40 96 8 10
40 97 3 3
40 100 5 5
41 42 7 5
41 43 7 10
41 45 6 4
41 46 6 2
41 47 6 6
41 48 5 6
41 49 5 7
41 50 3 8
41 51 9 6
41 52 4 10
41 53 6 9
41 54 5 8
41 55 7 6
41 56 8 4
41 57 4 5
41 59 2 4
41 60 3 5
41 62 1 2
41 63 5 8
41 65 4 8
41 66 9 3
41 67 4 7
41 68 8 9
41 69 1 4
41 70 2 8
41 71 5 9
41 72 1 9
41 74 3 5
41 75 8 7
41 77 4 8
41 78 9 4
41 80 10 7
41 81 7 9
41 82 2 3
41 83 4 7
41 84 7 2
41 85 6 4
41 86 10 6
41 87 10 10
41 88 2 8
41 89 8 3
41 90 10 5
41 91 1 1
41 92 6 4
41 93 7 5
41 95 7 8
41 96 4 8
41 98 6 4
41 99 2 10
42 43 5 9
42 44 5 3
42 46 5 6
42 47 9 3
42 48 4 6
42 49 8 3
42 50 4 1
42 52 5 3
42 53 9 5
42 54 9 5
42 55 6 10
42 56 7 4
42 57 2 5
42 58 6 2
42 59 9 7
42 61 6 8
42 63 10 2
42 64 5 10
42 65 1 8
42 67 9 2
42 69 9 8
42 70 4 2
42 71 2 1
42 72 6 8
42 74 6 4
42 75 7 4
42 76 10 6
42 77 10 2
42 79 3 2
42 80 6 9
42 81 4 4
42 82 4 9
42 83 10 4
42 84 10 10
42 85 4 9
42 86 10 8
42 87 2 8
42 89 2 8
42 90 9 3
42 92 8 6
42 93 3 2
42 94 7 8
42 95 5 9
42 96 9 7
42 98 5 1
42 99 2 2
42 100 1 7
43 44 9 10
43 46 10 1
43 47 9 9
43 48 1 6
43 49 8 5
43 50 5 8
43 54 1 9
43 55 6 2
43 56 10 10
43 57 1 6
43 59 8 3
43 60 5 7
43 61 9 1
43 62 8 6
43 63 5 3
43 64 9 8
43 65 2 5
43 66 9 5
43 67 4 8
43 68 2 1
43 71 4 2
43 72 7 2
43 73 6 1
43 74 10 9
43 75 8 10
43 76 10 2
43 77 9 9
43 78 10 4
43 79 4 10
43 80 3 1
43 82 2 5
43 83 7 9
43 84 2 2
43 85 10 1
43 86 2 10
43 87 9 10
43 88 7 4
43 90 2 1
43 91 7 6
43 92 2 9
43 93 2 1
43 94 7 6
43 95 6 2
43 96 2 8
43 98 4 2
43 99 9 7
43 100 10 3
44 45 2 7
44 46 2 4
44 47 1 1
44 48 2 3
44 50 6 4
44 51 10 4
44 52 4 7
44 53 2 2
44 54 10 4
44 55 5 6
44 56 10 2
44 57 4 7
44 58 9 1
44 60 3 1
44 61 4 6
44 62 4 7
44 63 6 2
44 64 7 6
44 65 2 2
44 66 5 3
44 68 7 3
44 69 5 5
44 70 3 2
44 71 3 10
44 73 7 5
44 74 2 8
44 75 7 4
44 77 6 6
44 78 6 7
44 79 5 9
44 80 6 3
44 81 2 3
44 83 8 4
44 84 5 5
44 85 10 6
44 87 2 10
44 88 5 7
44 89 3 10
44 90 4 7
44 92 8 10
44 93 6 2
44 94 1 3
44 95 5 5
44 96 10 3
44 97 2 3
44 98 6 7
44 99 10 8
44 100 2 10
45 47 4 3
45 48 1 2
45 49 4 10
45 50 9 7
45 51 7 3
45 52 3 6
45 53 2 6
45 54 8 1
45 56 6 6
45 57 6 1
45 58 6 6
45 59 5 2
45 60 6 6
45 62 4 2
45 63 10 9
45 64 3 4
45 65 6 2
45 66 8 10
45 67 2 6
45 68 8 9
45 69 6 6
45 70 5 1
45 71 2 6
45 72 9 8
45 73 8 4
45 74 10 2
45 75 3 10
45 76 6 8
45 77 8 1
45 78 3 3
45 79 6 3
45 80 6 1
45 82 1 3
45 83 2 9
45 85 8 7
45 86 8 8
45 87 1 4
45 89 6 1
45 90 2 1
45 91 5 6
45 92 5 8
45 93 8 1
45 94 2 2
45 95 5 4
45 96 2 2
45 97 2 1
45 98 5 4
45 99 6 4
45 100 7 5
46 47 7 6
46 49 4 9
46 50 2 8
46 51 4 4
46 52 7 1
46 53 1 8
46 54 1 8
46 55 4 8
46 56 7 2
46 57 6 5
46 58 2 8
46 60 3 10
46 62 6 10
46 63 8 2
46 64 10 3
46 66 7 8
46 67 4 9
46 68 6 9
46 69 6 10
46 70 3 9
46 71 2 5
46 72 7 9
46 74 10 9
46 75 10 3
46 77 4 6
46 78 5 5
46 79 6 1
46 80 6 6
46 81 7 9
46 82 4 1
46 83 3 10
46 84 8 5
46 85 10 4
46 86 6 10
46 87 10 8
46 88 2 9
46 89 6 3
46 90 7 1
46 91 5 8
46 92 4 9
46 93 9 8
46 95 2 3
46 96 8 7
46 97 2 9
46 98 7 8
46 99 1 2
47 48 6 6
47 50 3 1
47 51 5 4
47 52 5 9
47 53 9 10
47 54 5 4
47 55 10 6
47 58 9 2
47 59 4 5
47 60 3 2
47 61 10 9
47 62 9 1
47 63 4 8
47 64 3 6
47 65 1 5
47 66 5 2
47 68 1 8
47 69 6 5
47 70 3 6
47 71 4 6
47 74 7 5
47 75 6 2
47 77 2 3
47 79 5 7
47 80 9 2
47 81 7 8
47 82 9 6
47 83 4 7
47 85 10 4
47 86 8 5
47 88 10 5
47 90 10 8
47 91 7 5
47 93 5 8
47 94 3 4
47 95 10 8
47 98 9 9
47 100 7 4
48 49 8 7
48 50 10 4
48 52 2 10
48 53 10 2
48 54 5 10
48 55 10 4
48 56 7 6
48 58 1 9
48 59 6 9
48 60 7 4
48 61 3 10
48 62 10 4
48 63 6 7
48 64 6 1
48 65 7 3
48 66 7 3
48 68 10 5
48 69 5 8
48 70 1 8
48 71 9 4
48 72 5 2
48 73 9 5
48 74 2 10
48 75 6 5
48 76 8 9
48 80 3 6
48 81 8 10
48 82 8 6
48 84 6 6
48 85 7 7
48 86 5 4
48 87 4 6
48 89 10 1
48 90 5 5
48 91 7 8
48 92 5 9
48 93 6 6
48 94 3 2
48 96 3 2
48 98 4 1
48 100 3 1
49 50 4 9
49 51 7 7
49 53 7 1
49 55 8 10
49 56 5 4
49 58 7 8
49 59 6 1
49 60 2 2
49 61 2 4
49 62 4 10
49 63 5 6
49 64 1 10
49 66 1 6
49 67 9 10
49 69 7 1
49 70 6 10
49 72 2 3
49 73 9 2
49 74 8 5
49 75 5 7
49 76 8 5
49 77 3 10
49 78 6 10
49 79 3 10
49 80 7 10
49 81 6 8
49 82 2 2
49 83 9 7
49 85 7 4
49 86 3 4
49 88 6 8
49 89 4 6
49 90 2 5
49 91 5 1
49 93 1 5
49 94 2 6
49 95 2 4
49 97 2 3
49 98 5 9
49 99 4 6
49 100 7 3
50 51 4 7
50 52 6 1
50 53 5 5
50 54 1 8
50 55 1 10
50 56 4 3
50 57 2 9
50 58 8 9
50 60 8 3
50 62 1 2
50 64 3 3
50 65 5 1
50 66 7 1
50 67 1 9
50 69 3 9
50 70 1 2
50 71 8 8
50 72 8 7
50 73 5 10
50 75 5 4
50 76 6 10
50 77 1 3
50 78 5 9
50 81 10 5
50 82 3 9
50 84 7 7
50 86 8 9
50 87 6 10
50 89 5 9
50 90 1 1
50 91 3 4
50 92 4 3
50 93 5 8
50 95 3 7
50 96 2 7
50 97 6 6
50 98 9 1
50 100 10 9
51 52 8 1
51 53 7 5
51 54 4 3
51 55 8 2
51 56 8 5
51 58 2 7
51 59 4 4
51 60 9 8
51 63 6 6
51 64 5 1
51 67 6 9
51 70 1 4
51 71 8 8
51 72 8 1
51 73 8 3
51 74 3 10
51 75 9 6
51 76 5 6
51 77 8 1
51 78 6 9
51 79 3 1
51 80 10 9
51 82 1 4
51 83 7 4
51 84 6 8
51 85 7 3
51 88 5 10
51 89 3 7
51 90 3 9
51 92 8 4
51 94 3 4
51 95 8 10
51 96 8 1
51 97 4 9
51 98 1 3
51 99 7 8
51 100 5 6
52 53 9 2
52 54 2 9
52 55 3 5
52 58 5 1
52 59 2 3
52 60 8 8
52 61 2 7
52 63 4 9
52 64 6 3
52 65 5 8
52 66 7 5
52 67 7 8
52 68 2 5
52 69 9 6
52 70 4 4
52 71 3 4
52 72 8 8
52 73 3 1
52 74 10 10
52 75 2 4
52 76 1 5
52 77 6 10
52 78 6 7
52 79 1 7
52 81 9 10
52 82 9 6
52 84 10 6
52 85 1 3
52 86 8 7
52 87 1 6
52 88 6 1
52 90 10 6
52 92 8 2
52 93 10 1
52 94 9 2
52 95 8 1
52 96 10 1
52 97 10 7
52 98 7 4
52 99 3 6
53 54 7 2
53 55 9 8
53 56 5 4
53 57 1 2
53 58 9 2
53 59 6 1
53 61 9 5
53 62 4 2
53 63 6 10
53 64 3 2
53 65 8 7
53 66 7 1
53 67 3 9
53 68 7 7
53 69 10 1
53 70 3 5
53 71 5 6
53 73 4 6
53 74 3 9
53 76 3 2
53 77 10 5
53 80 10 2
53 81 4 7
53 84 6 10
53 85 4 3
53 86 4 5
53 87 6 6
53 88 9 3
53 89 1 2
53 93 6 5
53 94 1 6
53 95 2 10
53 96 2 6
53 97 8 6
53 98 4 4
53 99 8 1
53 100 3 5
54 55 2 6
54 56 4 6
54 58 1 5
54 59 10 9
54 61 4 2
54 62 2 2
54 63 2 10
54 64 5 7
54 66 7 3
54 67 2 10
54 69 4 8
54 70 8 10
54 71 6 1
54 72 7 1
54 75 8 3
54 76 6 10
54 77 2 10
54 78 5 3
54 79 5 1
54 80 7 8
54 81 7 6
54 83 4 4
54 84 7 1
54 87 10 1
54 88 7 3
54 89 10 3
54 90 7 4
54 92 2 10
54 93 1 5
54 96 9 1
54 97 9 10
54 98 8 5
54 99 8 9
54 100 3 1
55 56 7 6
55 58 9 3
55 60 8 9
55 61 9 3
55 62 1 8
55 63 7 7
55 64 3 1
55 65 6 9
55 66 10 8
55 67 6 8
55 68 6 1
55 71 10 1
55 72 6 2
55 74 4 7
55 75 8 10
55 76 1 1
55 77 5 4
55 79 8 10
55 80 3 4
55 81 9 3
55 82 2 4
55 83 6 8
55 84 1 7
55 85 8 7
55 86 8 3
55 87 3 9
55 88 3 1
55 89 8 2
55 90 8 4
55 91 10 2
55 92 6 2
55 93 6 6
55 95 8 1
55 96 6 1
55 97 1 2
55 98 8 2
55 99 1 2
55 100 8 6
56 57 6 6
56 58 2 1
56 59 4 2
56 60 7 4
56 62 10 8
56 63 6 5
56 64 3 9
56 65 4 6
56 66 8 8
56 69 1 5
56 70 6 7
56 71 4 3
56 72 9 5
56 73 4 8
56 74 1 2
56 76 5 7
56 78 3 5
56 79 1 3
56 81 1 6
56 82 4 2
56 83 7 5
56 85 1 1
56 86 1 2
56 87 10 1
56 89 1 8
56 90 4 9
56 91 9 6
56 92 3 3
56 93 9 1
56 94 9 3
56 95 8 6
56 96 2 8
56 97 10 6
56 98 1 8
56 99 9 3
56 100 8 9
57 58 1 5
57 59 2 5
57 60 3 4
57 61 9 3
57 62 1 1
57 63 5 2
57 64 3 8
57 65 1 2
57 66 5 9
57 68 3 3
57 69 6 6
57 70 10 10
57 71 1 1
57 72 10 10
57 73 1 6
57 74 7 1
57 75 1 2
57 76 10 9
57 78 4 7
57 79 9 6
57 81 3 9
57 83 3 3
57 84 7 4
57 85 10 9
57 86 4 1
57 87 10 7
57 88 4 7
57 89 2 7
57 90 5 8
57 91 7 8
57 92 4 4
57 94 2 10
57 95 9 1
57 96 10 4
57 97 10 7
57 98 2 2
57 99 4 10
57 100 10 7
58 59 9 10
58 60 10 6
58 61 1 1
58 62 2 8
58 66 6 1
58 68 2 5
58 69 6 2
58 70 4 9
58 71 3 2
58 72 8 7
58 73 2 1
58 75 3 1
58 76 10 4
58 77 8 8
58 79 5 7
58 81 9 1
58 82 7 2
58 84 4 8
58 85 6 7
58 86 2 2
58 87 8 5
58 88 7 4
58 90 2 9
58 93 9 5
58 95 9 5
58 96 7 4
58 97 1 7
58 98 8 10
58 100 5 10
59 60 9 1
59 61 3 10
59 62 3 2
59 63 8 3
59 64 6 8
59 65 1 1
59 66 1 4
59 67 6 6
59 69 8 8
59 70 6 5
59 71 6 8
59 72 3 3
59 73 9 3
59 74 4 6
59 75 1 7
59 76 2 2
59 79 6 6
59 80 10 7
59 81 4 2
59 82 6 6
59 83 2 1
59 84 3 10
59 85 6 5
59 86 7 8
59 87 5 5
59 88 5 10
59 89 2 5
59 90 4 5
59 91 7 4
59 93 1 10
59 94 5 7
59 96 1 10
59 97 5 3
59 98 6 7
59 99 1 7
59 100 1 6
60 61 10 1
60 62 9 5
60 63 8 8
60 64 4 5
60 65 8 8
60 66 5 9
60 67 10 9
60 68 6 5
60 69 4 9
60 70 6 3
60 71 5 4
60 72 1 5
60 73 7 2
60 74 2 4
60 76 3 7
60 77 6 9
60 79 9 2
60 81 4 10
60 83 4 4
60 84 7 2
60 85 4 7
60 86 1 10
60 88 1 1
60 89 10 8
60 90 2 7
60 91 3 3
60 92 6 5
60 93 8 4
60 94 8 1
60 95 2 10
60 97 6 8
60 98 3 10
60 100 10 3
61 63 2 7
61 65 8 3
61 66 10 9
61 67 3 2
61 68 1 7
61 69 7 4
61 70 6 4
61 71 9 6
61 72 7 1
61 73 10 9
61 74 2 7
61 76 3 7
61 77 10 3
61 78 1 4
61 79 9 2
61 80 2 9
61 81 5 1
61 82 3 8
61 83 5 7
61 86 9 5
61 88 6 6
61 92 5 1
61 93 2 8
61 94 6 5
61 97 5 4
61 99 2 5
62 63 4 8
62 64 6 2
62 65 6 5
62 66 7 1
62 69 1 5
62 70 3 8
62 71 1 9
62 72 5 2
62 73 6 4
62 74 3 10
62 75 5 4
62 76 4 6
62 78 9 10
62 79 1 3
62 80 5 7
62 81 6 2
62 83 1 3
62 84 6 9
62 85 4 8
62 87 7 10
62 88 6 10
62 89 9 2
62 90 10 9
62 91 7 9
62 92 2 10
62 93 2 2
62 94 5 6
62 95 3 9
62 96 2 4
62 97 3 6
62 99 3 6
62 100 1 3
63 65 9 4
63 66 5 7
63 68 1 1
63 69 6 5
63 70 4 4
63 72 9 7
63 74 6 7
63 75 6 5
63 76 5 5
63 77 9 4
63 79 7 2
63 80 3 10
63 81 1 2
63 82 4 5
63 83 3 9
63 85 9 7
63 86 6 3
63 87 2 2
63 88 3 8
63 90 10 5
63 91 8 9
63 92 4 3
63 95 8 8
63 96 8 4
63 97 3 7
63 99 1 3
64 65 6 7
64 66 1 9
64 67 8 7
64 68 4 4
64 69 2 6
64 70 2 7
64 72 6 9
64 74 10 8
64 75 8 7
64 76 7 8
64 77 4 8
64 79 1 5
64 80 6 10
64 82 7 10
64 83 6 7
64 84 8 3
64 85 9 10
64 86 7 5
64 88 2 6
64 89 7 10
64 90 6 1
64 93 1 1
64 94 8 9
64 95 9 6
64 96 4 5
64 97 9 10
64 98 10 2
64 99 9 4
64 100 5 10
65 66 8 8
65 67 6 2
65 68 4 9
65 69 4 9
65 71 6 9
65 72 3 1
65 73 2 1
65 74 4 9
65 75 2 5
65 76 1 9
65 77 1 5
65 79 7 10
65 81 7 8
65 82 2 5
65 83 2 6
65 84 3 9
65 85 8 7
65 86 7 8
65 87 8 5
65 89 4 6
65 90 2 8
65 92 1 3
65 93 1 9
65 96 10 9
65 97 9 2
65 98 6 10
65 99 2 5
65 100 9 7
66 67 1 8
66 68 9 6
66 69 6 3
66 70 1 3
66 71 10 9
66 72 1 5
66 73 5 7
66 74 1 9
66 75 2 8
66 76 1 1
66 77 8 2
66 78 8 5
66 79 1 5
66 80 6 6
66 81 2 10
66 82 5 8
66 84 6 1
66 86 2 2
66 87 4 10
66 88 6 3
66 89 1 5
66 90 6 2
66 91 8 2
66 92 5 2
66 93 7 7
66 94 1 2
66 95 6 5
66 96 4 9
66 97 6 9
66 99 8 8
66 100 6 10
67 68 8 2
67 69 8 1
67 70 1 10
67 71 3 10
67 72 7 10
67 74 8 1
67 75 2 4
67 76 7 2
67 77 9 2
67 78 10 10
67 79 2 10
67 80 8 3
67 81 4 3
67 82 1 6
67 83 7 6
67 85 7 1
67 86 9 3
67 87 9 2
67 88 9 5
67 89 9 10
67 90 8 8
67 91 2 7
67 94 9 3
67 95 9 9
67 96 1 4
67 97 4 7
67 98 1 5
67 99 6 10
67 100 5 8
68 69 8 6
68 70 7 2
68 71 1 10
68 73 10 4
68 74 2 1
68 75 9 8
68 76 8 6
68 77 3 1
68 78 8 4
68 80 4 9
68 82 5 2
68 83 9 2
68 84 3 5
68 85 4 4
68 87 9 8
68 88 1 4
68 89 3 7
68 90 8 1
68 91 4 10
68 92 10 7
68 93 7 6
68 94 9 9
68 95 2 1
68 96 4 4
68 97 7 5
68 99 5 10
68 100 7 5
69 70 1 8
69 71 7 4
69 72 6 6
69 73 3 10
69 74 3 10
69 75 4 5
69 76 10 7
69 77 6 1
69 78 4 1
69 79 8 7
69 80 7 2
69 81 3 7
69 82 9 6
69 83 4 9
69 84 9 1
69 87 7 2
69 88 2 7
69 90 8 6
69 92 2 6
69 93 3 1
69 94 5 2
69 95 4 10
69 97 10 9
69 98 7 8
69 99 9 3
69 100 10 4
70 72 10 10
70 74 10 4
70 75 2 1
70 77 3 8
70 78 9 1
70 79 1 10
70 80 1 6
70 81 6 7
70 84 2 5
70 85 7 9
70 86 1 1
70 87 7 2
70 88 6 9
70 89 5 1
70 92 5 4
70 93 6 4
70 94 3 9
70 95 10 7
70 98 5 4
70 99 5 2
70 100 3 7
71 72 3 9
71 74 5 3
71 75 5 3
71 76 8 10
71 77 3 6
71 78 3 3
71 81 9 2
71 82 1 7
71 83 9 9
71 85 3 7
71 87 3 5
71 88 10 5
71 89 6 4
71 90 3 8
71 91 2 2
71 92 9 4
71 93 8 2
71 94 7 9
71 95 2 2
71 97 1 10
71 99 10 9
71 100 7 5
72 74 6 4
72 76 7 6
72 79 9 6
72 80 10 10
72 81 9 6
72 82 7 8
72 83 10 10
72 84 1 1
72 86 8 3
72 87 8 5
72 89 3 6
72 90 5 10
72 91 9 4
72 92 3 4
72 93 7 8
72 94 4 6
72 95 4 1
72 96 8 1
72 97 6 2
72 98 3 8
72 100 1 1
73 74 7 6
73 75 9 3
73 76 7 6
73 77 8 4
73 78 7 5
73 79 4 3
73 80 4 3
73 81 3 1
73 82 5 6
73 83 5 1
73 84 9 7
73 85 2 7
73 86 4 2
73 88 8 4
73 89 9 2
73 90 2 10
73 91 5 1
73 92 1 6
73 93 10 5
73 94 10 3
73 96 10 5
73 97 6 9
73 98 9 6
73 99 2 6
74 75 9 3
74 76 7 10
74 78 8 8
74 79 8 3
74 80 3 10
74 81 1 8
74 82 4 4
74 83 9 7
74 85 7 5
74 86 7 8
74 87 7 4
74 89 7 4
74 90 7 4
74 91 8 3
74 92 7 6
74 93 7 1
74 94 3 5
74 95 5 9
74 96 2 9
74 97 8 6
74 98 9 8
74 99 3 3
74 100 4 9
75 76 9 1
75 78 4 6
75 79 7 4
75 80 7 9
75 81 8 2
75 83 9 6
75 87 6 4
75 88 1 6
75 90 2 4
75 93 9 6
75 95 1 8
75 97 2 2
75 99 8 6
75 100 8 5
76 77 8 1
76 78 1 9
76 79 7 3
76 80 9 5
76 81 4 4
76 82 8 4
76 83 10 10
76 84 7 3
76 85 5 10
76 86 7 6
76 87 4 10
76 90 7 4
76 91 2 9
76 92 7 6
76 93 8 4
76 94 3 6
76 95 1 5
76 96 6 6
76 97 5 3
76 98 5 6
76 99 2 10
76 100 3 4
77 79 9 5
77 80 5 7
77 81 9 10
77 82 10 6
77 83 4 8
77 84 6 2
77 85 2 10
77 86 5 6
77 87 3 2
77 88 5 2
77 89 5 9
77 90 7 2
77 91 6 4
77 92 3 5
77 94 9 10
77 95 8 3
77 96 5 4
77 97 4 8
77 99 5 7
77 100 9 4
78 79 7 2
78 80 6 7
78 81 5 9
78 82 7 10
78 83 10 8
78 84 4 5
78 85 8 7
78 86 8 6
78 87 2 8
78 88 6 9
78 89 7 4
78 91 3 10
78 92 9 5
78 93 1 7
78 94 10 6
78 95 6 5
78 96 6 1
78 97 6 6
78 99 2 4
78 100 4 1
79 81 4 5
79 82 9 4
79 84 2 9
79 86 8 9
79 87 5 6
79 89 6 4
79 90 7 7
79 91 3 2
79 92 3 8
79 93 9 9
79 94 5 3
79 95 9 3
79 96 10 3
79 98 3 4
79 99 7 9
79 100 5 8
80 81 1 4
80 82 4 4
80 84 2 3
80 85 6 5
80 86 3 7
80 87 9 10
80 88 7 4
80 89 7 9
80 90 10 1
80 92 5 4
80 94 5 2
80 95 1 4
80 96 5 2
80 97 9 3
80 98 1 4
80 99 9 7
80 100 5 4
81 82 7 6
81 83 1 10
81 84 1 5
81 85 7 7
81 87 9 7
81 88 3 3
81 89 6 4
81 90 10 10
81 91 2 5
81 92 8 6
81 93 10 5
81 94 6 8
81 95 3 7
81 96 5 10
81 97 6 4
81 98 5 9
81 99 7 2
81 100 2 9
82 84 4 3
82 85 6 8
82 86 8 6
82 87 7 1
82 88 3 5
82 91 6 9
82 92 8 8
82 93 1 8
82 94 5 10
82 95 4 2
82 96 3 8
82 97 4 10
82 98 4 8
82 99 3 1
82 100 3 4
83 84 2 9
83 85 5 7
83 86 8 2
83 88 6 3
83 89 8 4
83 90 9 1
83 91 1 4
83 92 10 6
83 93 7 9
83 95 8 1
83 96 10 5
83 97 2 1
83 98 3 1
83 99 1 3
83 100 7 3
84 85 4 4
84 86 1 5
84 87 2 2
84 88 10 1
84 89 10 6
84 90 4 8
84 91 1 10
84 93 4 10
84 94 7 1
84 97 9 7
84 98 4 1
84 100 8 9
85 86 6 8
85 87 2 8
85 88 8 4
85 89 10 4
85 90 10 8
85 91 6 2
85 92 7 9
85 93 8 10
85 94 4 3
85 96 10 10
85 97 7 2
85 98 1 4
85 100 5 3
86 87 2 9
86 88 7 4
86 89 1 4
86 90 5 4
86 91 9 8
86 92 7 1
86 93 4 8
86 94 2 2
86 96 4 5
86 97 10 5
86 98 9 6
86 99 4 2
87 88 1 2
87 89 4 2
87 90 7 9
87 91 2 4
87 92 7 7
87 93 9 10
87 94 1 4
87 95 8 3
87 97 4 5
87 98 9 7
87 100 10 5
88 89 10 1
88 90 3 3
88 91 3 5
88 92 3 4
88 93 5 4
88 95 5 8
88 96 6 2
88 97 5 2
88 98 8 4
88 99 6 3
89 90 2 6
89 91 10 7
89 94 8 5
89 96 9 3
89 97 8 4
89 98 9 1
89 99 4 3
90 91 7 10
90 92 3 10
90 93 2 9
90 94 6 3
90 96 6 8
90 97 1 4
90 98 7 6
90 100 3 2
91 92 3 7
91 93 1 1
91 94 10 10
91 95 6 8
91 96 2 5
91 97 3 4
91 98 4 3
91 99 4 1
91 100 1 6
92 93 9 8
92 94 6 5
92 95 7 2
92 96 1 8
92 97 4 6
92 98 5 3
92 99 9 2
92 100 6 8
93 95 1 7
93 96 2 6
93 97 7 1
93 98 5 6
93 99 8 3
93 100 10 8
94 95 10 8
94 96 6 1
94 98 8 2
94 99 3 6
94 100 9 7
95 96 10 10
95 97 5 8
95 98 5 3
95 99 4 7
96 97 6 9
96 99 6 1
96 100 9 9
97 98 10 9
97 99 3 4
97 100 4 9
98 99 6 2
98 100 4 10
99 100 10 2
1
1 2 3 4 5 6 7 8 9 10 11 12 13 14 15 16 17 18 19 20 21 22 23 24 25 26 27 28 29 30 31 32 33 34 35 36 37 38 39 40 41 42 43 44 45 46 47 48 49 50
