3963
1 2 8 3
1 3 4 9
1 4 3 5
1 5 5 1
1 6 5 10
1 7 2 10
1 9 3 1
1 10 7 5
1 11 1 9
1 12 8 10
1 13 6 6
1 14 7 5
1 16 2 3
1 17 5 7
1 18 9 7
1 19 2 9
1 20 8 8
1 21 9 6
1 23 6 8
1 26 9 6
1 27 4 5
1 28 6 1
1 29 1 4
1 30 4 9
1 31 9 2
1 32 4 1
1 35 1 7
1 36 8 9
1 40 9 2
1 42 1 3
1 44 7 2
1 45 1 7
1 47 3 4
1 49 9 6
1 50 1 10
1 52 9 5
1 53 2 3
1 54 9 7
1 55 6 2
1 56 4 8
1 58 3 4
1 60 8 2
1 61 4 10
1 62 4 5
1 63 1 7
1 64 3 5
1 65 8 4
1 66 5 6
1 67 4 8
1 70 10 3
1 71 3 7
1 72 8 2
1 74 4 8
1 76 10 2
1 77 1 2
1 78 3 1
1 79 3 3
1 80 6 4
1 81 10 7
1 82 9 8
1 83 2 7
1 84 1 4
1 85 9 2
1 86 4 9
1 87 2 6
1 89 4 4
1 90 8 5
1 91 9 4
1 93 9 7
1 94 9 2
1 95 7 5
1 96 7 3
1 97 1 10
1 98 7 5
1 99 3 4
1 100 8 2
2 3 9 1
2 4 4 8
2 5 7 6
2 6 10 6
2 7 1 7
2 8 9 1
2 9 4 9
2 11 10 5
2 12 1 2
2 13 1 5
2 14 6 3
2 15 8 8
2 16 10 1
2 17 3 10
2 18 5 7
2 19 9 7
2 20 2 8
2 22 2 4
2 23 7 6
2 24 2 9
2 25 1 2
2 26 9 4
2 29 6 10
2 31 4 2
2 32 5 10
2 33 2 6
2 34 5 9
2 35 5 8
2 36 3 4
2 37 7 6
2 38 2 8
2 39 3 5
2 40 3 6
2 41 8 1
2 43 8 1
2 44 1 7
2 47 8 1
2 48 7 8
2 49 1 2
2 50 2 8
2 51 10 6
2 52 10 3
2 53 1 3
2 54 2 3
2 55 1 1
2 56 1 4
2 57 6 9
2 58 5 10
2 59 4 5
2 60 4 10
2 61 9 4
2 62 7 8
2 63 4 10
2 64 8 7
2 65 5 10
2 67 3 2
2 68 3 9
2 69 4 10
2 70 7 3
2 71 3 5
2 72 8 8
2 73 9 7
2 74 9 2
2 75 7 6
2 76 10 1
2 77 8 10
2 80 5 2
2 81 10 9
2 82 7 10
2 84 4 8
2 85 4 7
2 88 2 2
2 89 8 9
2 91 3 3
2 93 2 2
2 94 9 3
2 95 8 5
2 97 5 9
2 98 1 8
2 99 2 8
2 100 4 8
3 5 3 9
3 6 7 5
3 7 5 8
3 10 4 8
3 11 7 2
3 12 9 9
3 14 6 9
3 15 5 2
3 16 6 9
3 18 9 9
3 19 2 6
3 20 2 8
3 21 6 3
3 23 5 6
3 25 5 4
3 27 2 9
3 28 1 2
3 29 5 3
3 30 9 10
3 31 4 10
3 33 4 10
3 34 7 9
3 35 2 8
3 36 1 7
3 37 5 2
3 39 8 9
3 41 10 6
3 42 8 5
3 44 10 7
3 45 5 5
3 46 3 6
3 47 7 1
3 48 9 7
3 50 3 4
3 51 6 8
3 52 3 3
3 53 1 9
3 54 6 10
3 55 9 1
3 56 1 10
3 57 7 4
3 59 7 2
3 60 7 1
3 61 4 6
3 62 3 2
3 63 1 5
3 64 7 5
3 65 3 4
3 66 2 5
3 68 1 7
3 69 6 7
3 71 10 1
3 73 9 4
3 74 10 3
3 75 2 8
3 76 10 8
3 78 6 9
3 79 8 7
3 80 3 1
3 81 3 8
3 82 1 10
3 83 6 8
3 84 1 3
3 86 5 1
3 87 6 2
3 89 7 6
3 90 8 5
3 91 9 1
3 92 3 9
3 93 5 1
3 94 10 7
3 95 7 8
3 96 9 9
3 97 8 1
3 98 7 7
3 100 10 10
4 5 1 7
4 6 2 5
4 7 6 8
4 9 2 10
4 10 10 3
4 11 10 6
4 13 5 3
4 14 7 4
4 15 6 7
4 16 8 8
4 17 1 9
4 19 6 4
4 20 3 10
4 22 6 10
4 24 2 2
4 27 9 10
4 28 8 2
4 29 5 4
4 30 8 2
4 31 1 4
4 32 4 6
4 33 9 4
4 34 5 6
4 35 9 5
4 36 1 10
4 39 9 1
4 40 9 10
4 41 1 5
4 42 6 6
4 44 10 4
4 46 2 5
4 47 8 9
4 48 5 8
4 49 7 4
4 50 7 1
4 51 7 7
4 52 8 9
4 53 1 8
4 54 2 4
4 55 5 4
4 56 1 1
4 57 6 7
4 58 7 9
4 59 8 7
4 60 10 5
4 61 2 2
4 62 2 1
4 63 3 1
4 64 4 6
4 65 7 2
4 66 7 1
4 67 9 3
4 68 4 9
4 69 9 2
4 70 1 9
4 72 9 7
4 73 7 8
4 74 9 5
4 76 8 4
4 77 2 3
4 78 9 7
4 79 2 6
4 80 8 5
4 81 6 3
4 82 2 4
4 83 9 10
4 84 7 4
4 85 4 1
4 86 3 1
4 88 3 7
4 89 5 3
4 92 3 5
4 93 5 1
4 94 4 4
4 96 5 7
4 97 2 4
4 98 7 2
4 99 10 6
4 100 1 2
5 6 4 5
5 8 2 6
5 9 10 1
5 10 3 2
5 11 3 6
5 12 7 1
5 13 7 4
5 14 7 6
5 17 6 5
5 18 8 10
5 19 7 1
5 20 2 1
5 22 10 8
5 23 9 8
5 24 2 9
5 25 1 4
5 26 1 8
5 27 3 7
5 28 3 9
5 29 3 2
5 31 4 2
5 32 7 1
5 33 9 2
5 35 7 2
5 36 8 7
5 37 1 3
5 39 9 8
5 41 3 9
5 42 5 8
5 43 10 4
5 44 5 6
5 45 1 1
5 46 4 9
5 47 5 9
5 49 4 5
5 50 7 8
5 51 7 7
5 52 6 10
5 53 3 1
5 54 9 9
5 55 2 4
5 57 2 8
5 58 6 2
5 59 4 3
5 60 3 8
5 61 1 6
5 62 3 9
5 63 1 3
5 65 3 8
5 66 7 9
5 67 2 6
5 68 10 7
5 69 1 9
5 70 3 6
5 71 4 2
5 72 10 9
5 73 7 3
5 74 7 2
5 75 6 1
5 76 5 7
5 78 9 3
5 79 2 2
5 80 3 8
5 82 7 8
5 83 8 3
5 84 5 5
5 86 8 7
5 89 9 2
5 90 7 10
5 91 2 10
5 92 5 6
5 93 2 5
5 97 10 6
5 98 7 9
5 99 6 1
5 100 9 3
6 8 8 1
6 9 6 10
6 10 9 1
6 11 4 7
6 12 8 2
6 14 2 5
6 15 2 6
6 17 7 3
6 19 2 5
6 20 7 4
6 21 1 8
6 22 8 5
6 23 3 1
6 25 7 5
6 26 7 6
6 27 10 5
6 29 1 2
6 30 5 6
6 31 4 1
6 32 1 7
6 35 3 7
6 38 10 4
6 39 3 6
6 41 3 6
6 43 1 4
6 44 2 9
6 46 1 1
6 47 9 5
6 49 9 7
6 50 1 9
6 51 7 2
6 52 1 10
6 53 5 6
6 54 5 9
6 55 9 10
6 56 3 3
6 57 2 1
6 58 8 8
6 60 8 1
6 61 4 2
6 62 4 1
6 64 5 6
6 65 10 2
6 66 1 9
6 67 5 8
6 68 9 9
6 70 2 1
6 71 8 1
6 72 10 3
6 73 2 6
6 74 2 2
6 75 2 6
6 76 10 8
6 77 1 4
6 78 10 2
6 79 5 5
6 81 1 6
6 82 8 9
6 83 3 1
6 85 6 5
6 86 8 3
6 88 2 8
6 89 8 1
6 90 3 5
6 92 5 10
6 93 3 6
6 94 10 4
6 95 9 10
6 97 1 3
6 99 5 2
7 8 2 2
7 9 7 1
7 10 2 5
7 11 8 10
7 12 3 9
7 13 8 8
7 17 8 10
7 18 9 5
7 19 3 8
7 20 6 2
7 21 4 8
7 22 1 7
7 25 10 7
7 28 10 9
7 29 5 2
7 30 6 7
7 31 7 7
7 32 2 9
7 33 2 10
7 34 7 9
7 37 9 5
7 38 1 9
7 39 9 1
7 40 3 5
7 42 9 8
7 43 10 10
7 44 5 3
7 45 5 8
7 46 10 10
7 47 1 10
7 48 4 7
7 50 8 7
7 51 10 1
7 52 2 2
7 53 9 1
7 54 6 5
7 55 6 4
7 56 2 3
7 57 3 8
7 58 4 7
7 61 8 3
7 62 1 8
7 64 1 4
7 65 8 6
7 67 10 10
7 68 6 6
7 69 9 1
7 70 6 3
7 71 10 6
7 72 10 10
7 73 1 2
7 74 10 9
7 75 6 9
7 76 4 9
7 77 4 6
7 78 10 3
7 79 1 5
7 80 4 2
7 81 3 9
7 82 6 3
7 83 10 10
7 84 3 2
7 85 5 8
7 86 2 10
7 87 5 10
7 90 4 1
7 91 4 5
7 92 7 8
7 94 6 9
7 95 7 3
7 97 5 5
7 98 6 10
7 99 4 2
7 100 9 8
8 9 7 5
8 10 5 10
8 11 4 8
8 12 8 5
8 13 4 4
8 14 5 4
8 15 3 8
8 16 5 4
8 18 3 1
8 19 9 8
8 20 3 5
8 21 1 7
8 22 3 3
8 23 8 5
8 24 7 8
8 26 2 3
8 27 1 4
8 28 10 10
8 30 6 7
8 31 8 2
8 32 7 1
8 34 5 10
8 36 3 3
8 37 8 6
8 39 4 7
8 40 7 1
8 41 2 3
8 42 6 10
8 43 6 7
8 44 10 5
8 45 9 1
8 46 8 4
8 47 2 3
8 48 1 3
8 49 10 10
8 51 1 3
8 52 8 6
8 53 4 3
8 54 9 1
8 55 3 3
8 56 6 7
8 58 8 8
8 59 7 9
8 60 6 10
8 61 9 1
8 62 10 9
8 63 6 1
8 64 2 6
8 65 3 10
8 66 2 5
8 67 5 8
8 68 2 5
8 69 3 3
8 70 5 8
8 71 4 9
8 72 5 9
8 73 3 3
8 74 1 10
8 75 9 5
8 76 5 2
8 77 5 10
8 79 9 8
8 81 3 6
8 82 8 5
8 83 6 2
8 84 7 1
8 85 7 7
8 86 7 4
8 88 6 1
8 89 6 2
8 92 5 7
8 93 5 9
8 94 10 7
8 95 3 9
8 96 6 3
8 98 8 9
8 99 6 7
8 100 9 10
9 10 1 6
9 11 5 4
9 12 4 3
9 13 9 7
9 14 5 10
9 15 2 1
9 16 8 9
9 17 6 10
9 18 3 4
9 19 2 2
9 20 5 2
9 21 4 9
9 22 1 8
9 24 6 9
9 25 3 7
9 26 5 1
9 27 7 2
9 29 5 2
9 30 9 4
9 31 7 1
9 32 3 7
9 33 7 5
9 34 7 7
9 35 9 3
9 36 2 2
9 37 7 2
9 38 7 8
9 39 10 2
9 40 7 7
9 44 6 7
9 45 8 10
9 46 2 9
9 47 7 4
9 48 6 3
9 49 3 5
9 51 10 2
9 52 3 3
9 53 9 10
9 54 9 5
9 55 1 5
9 56 2 3
9 57 9 2
9 58 8 5
9 59 3 4
9 60 3 5
9 61 1 3
9 62 6 6
9 63 10 5
9 64 8 9
9 65 7 8
9 67 5 4
9 68 10 4
9 69 9 1
9 71 9 7
9 72 9 10
9 73 4 8
9 74 10 9
9 76 4 7
9 77 1 5
9 78 8 2
9 80 5 8
9 81 3 6
9 82 6 3
9 83 10 5
9 84 5 7
9 86 7 10
9 88 5 9
9 89 4 8
9 90 2 2
9 91 2 1
9 92 6 1
9 93 2 2
9 94 3 10
9 95 3 8
9 97 10 5
9 99 2 7
9 100 6 4
10 11 3 1
10 12 7 5
10 13 5 5
10 14 3 7
10 15 10 2
10 17 8 4
10 20 7 9
10 21 8 3
10 22 3 4
10 23 1 3
10 24 4 6
10 25 7 4
10 26 5 8
10 27 8 7
10 29 1 1
10 30 1 4
10 32 7 2
10 33 5 1
10 34 1 6
10 35 8 8
10 38 9 9
10 39 5 10
10 40 1 5
10 41 3 4
10 42 2 3
10 43 1 10
10 44 2 5
10 45 5 2
10 46 5 6
10 48 1 2
10 49 4 5
10 50 7 5
10 51 1 1
10 52 4 3
10 53 10 6
10 54 4 4
10 55 4 7
10 56 7 3
10 57 10 3
10 58 9 10
10 59 5 5
10 60 10 7
10 62 7 6
10 63 7 4
10 64 5 6
10 65 9 8
10 66 10 6
10 68 3 10
10 69 3 7
10 71 1 1
10 73 1 8
10 74 7 10
10 75 10 10
10 76 2 5
10 80 9 8
10 81 1 10
10 83 5 1
10 85 3 4
10 86 3 6
10 87 1 1
10 88 6 4
10 89 4 9
10 91 9 3
10 92 2 8
10 93 1 1
10 94 2 7
10 95 2 10
10 96 5 1
10 97 4 8
10 98 4 9
10 99 7 3
10 100 8 5
11 12 9 5
11 13 5 6
11 14 2 9
11 15 1 8
11 16 10 4
11 17 6 1
11 18 10 3
11 19 2 1
11 21 1 8
11 22 7 10
11 23 3 2
11 24 4 1
11 25 1 5
11 26 6 4
11 27 6 6
11 28 2 5
11 29 8 5
11 30 10 5
11 31 10 3
11 33 1 6
11 34 10 7
11 35 3 7
11 36 7 6
11 38 10 9
11 39 6 1
11 40 2 5
11 41 8 9
11 42 8 5
11 43 4 8
11 44 2 7
11 45 8 6
11 46 7 1
11 47 8 7
11 48 4 7
11 49 6 9
11 50 4 10
11 53 10 7
11 54 7 2
11 56 9 8
11 59 7 8
11 60 5 8
11 61 7 3
11 62 9 9
11 63 3 10
11 64 6 8
11 65 8 5
11 66 4 1
11 67 3 10
11 68 9 6
11 71 6 3
11 72 8 4
11 73 6 7
11 74 4 8
11 76 5 6
11 77 8 6
11 80 5 7
11 82 2 4
11 83 4 4
11 84 8 4
11 85 1 1
11 86 8 10
11 87 1 6
11 88 9 7
11 89 3 5
11 90 10 2
11 92 2 10
11 93 7 6
11 94 4 2
11 95 6 9
11 97 7 10
11 98 5 7
11 99 5 4
11 100 7 1
12 13 9 5
12 14 6 6
12 16 4 6
12 17 7 10
12 18 6 4
12 19 10 8
12 21 4 7
12 22 10 3
12 23 3 1
12 24 8 7
12 25 3 10
12 26 4 2
12 27 1 10
12 28 6 8
12 29 10 6
12 33 2 10
12 34 10 9
12 35 9 4
12 36 9 9
12 39 8 6
12 41 8 10
12 43 7 4
12 45 10 2
12 46 1 2
12 47 10 4
12 48 10 7
12 49 8 8
12 51 7 5
12 52 3 7
12 53 7 3
12 54 6 4
12 55 8 10
12 57 8 4
12 58 6 2
12 59 10 10
12 60 1 7
12 61 10 1
12 62 4 6
12 63 9 4
12 64 9 10
12 66 2 5
12 67 3 10
12 68 9 8
12 69 4 7
12 70 6 5
12 71 10 2
12 72 8 2
12 73 5 8
12 74 8 9
12 75 9 7
12 76 9 2
12 77 8 4
12 78 8 1
12 79 3 9
12 80 4 2
12 81 10 5
12 84 5 4
12 85 3 9
12 86 7 10
12 88 1 4
12 89 9 7
12 90 10 9
12 93 7 6
12 94 1 5
12 95 7 2
12 96 7 1
12 97 4 10
12 98 8 2
12 99 5 10
12 100 6 10
13 14 2 7
13 15 2 5
13 17 10 7
13 18 2 2
13 19 1 4
13 23 8 2
13 24 9 9
13 27 9 6
13 28 4 5
13 29 1 5
13 30 2 3
13 32 8 5
13 34 1 6
13 35 3 6
13 36 4 8
13 39 6 10
13 40 10 8
13 41 8 10
13 43 2 10
13 44 3 3
13 45 10 1
13 46 8 10
13 47 10 8
13 48 3 6
13 49 2 2
13 51 6 6
13 52 4 5
13 54 6 2
13 56 10 1
13 57 8 9
13 58 5 1
13 59 4 3
13 60 4 8
13 61 6 5
13 63 6 10
13 64 6 1
13 65 7 8
13 66 8 3
13 67 2 2
13 69 7 6
13 70 7 7
13 72 1 1
13 73 9 9
13 74 1 3
13 76 3 5
13 77 7 7
13 78 10 10
13 79 2 9
13 80 4 2
13 81 4 1
13 82 8 7
13 83 6 9
13 84 10 7
13 85 6 8
13 87 9 8
13 88 5 3
13 89 10 8
13 90 6 9
13 91 3 3
13 92 9 1
13 93 6 1
13 94 3 9
13 96 8 10
13 97 10 6
13 98 8 3
13 99 4 7
14 15 1 7
14 16 2 6
14 17 5 5
14 18 5 4
14 19 4 3
14 20 9 6
14 21 10 9
14 23 2 9
14 25 5 10
14 26 9 2
14 27 9 10
14 28 10 2
14 29 3 4
14 30 8 3
14 31 10 6
14 33 2 10
14 34 6 6
14 35 10 9
14 36 8 6
14 37 2 3
14 38 2 9
14 39 6 4
14 40 10 8
14 41 6 8
14 42 4 6
14 43 4 6
14 44 9 3
14 45 9 8
14 46 4 3
14 47 8 5
14 49 2 3
14 52 9 7
14 54 3 1
14 56 3 8
14 57 1 6
14 58 7 6
14 59 3 6
14 60 5 6
14 61 4 9
14 62 9 7
14 63 1 8
14 64 2 2
14 65 1 6
14 66 2 8
14 67 7 9
14 69 5 4
14 70 1 8
14 71 10 7
14 72 6 6
14 73 6 6
14 75 3 4
14 76 8 4
14 78 8 6
14 80 5 2
14 81 7 10
14 84 9 1
14 85 10 2
14 86 3 10
14 88 6 9
14 89 6 9
14 90 8 6
14 91 5 5
14 92 7 1
14 93 2 6
14 94 2 8
14 96 3 10
14 97 5 8
14 98 10 8
14 99 9 7
14 100 5 7
15 16 4 7
15 17 8 9
15 18 8 4
15 19 9 3
15 20 5 5
15 21 7 5
15 22 2 8
15 23 6 7
15 24 2 5
15 25 1 6
15 26 6 2
15 27 9 6
15 28 10 3
15 30 7 1
15 31 4 2
15 32 6 4
15 33 2 7
15 34 4 9
15 36 1 9
15 37 7 7
15 38 5 9
15 39 7 2
15 41 3 5
15 42 3 9
15 43 4 1
15 46 5 4
15 49 9 2
15 51 5 10
15 52 10 9
15 54 6 8
15 57 5 1
15 60 9 10
15 61 10 9
15 62 5 5
15 63 7 3
15 64 9 10
15 65 4 5
15 67 6 8
15 69 4 9
15 70 10 2
15 71 4 9
15 74 6 10
15 75 9 4
15 77 6 4
15 78 9 3
15 79 7 4
15 80 2 7
15 81 5 5
15 82 9 5
15 83 9 8
15 84 8 9
15 85 3 1
15 86 9 8
15 88 10 4
15 89 6 9
15 90 4 10
15 91 7 7
15 92 2 2
15 94 1 9
15 95 9 9
15 96 5 2
15 97 7 3
15 98 6 4
15 99 2 7
15 100 9 5
16 17 3 6
16 18 1 5
16 19 9 10
16 20 6 1
16 21 7 9
16 22 5 8
16 24 9 6
16 25 9 10
16 26 3 3
16 27 4 4
16 28 7 2
16 29 3 2
16 30 5 9
16 31 1 6
16 32 7 9
16 33 3 2
16 35 1 3
16 36 1 3
16 38 5 7
16 39 10 6
16 40 5 4
16 41 7 9
16 42 5 3
16 43 7 6
16 44 4 8
16 45 1 7
16 47 4 2
16 48 9 3
16 51 9 7
16 53 1 7
16 54 6 7
16 55 2 6
16 56 1 2
16 57 8 5
16 58 3 2
16 59 6 3
16 62 8 3
16 63 7 9
16 64 3 6
16 65 10 1
16 67 7 5
16 68 3 8
16 70 5 2
16 71 7 5
16 72 6 2
16 73 9 9
16 74 3 5
16 75 3 9
16 77 10 4
16 79 5 6
16 80 2 5
16 81 10 8
16 83 10 1
16 84 8 3
16 85 4 10
16 87 2 7
16 88 5 6
16 89 6 8
16 90 5 7
16 91 5 3
16 92 2 8
16 93 4 2
16 95 4 8
16 96 5 4
16 97 4 6
16 98 2 3
16 99 7 10
16 100 4 10
17 18 7 8
17 19 1 3
17 20 10 10
17 21 9 5
17 22 5 4
17 23 6 2
17 24 2 4
17 25 8 3
17 26 5 7
17 27 6 2
17 28 4 4
17 32 8 4
17 33 9 4
17 34 7 7
17 35 2 1
17 36 10 9
17 37 1 8
17 38 4 6
17 39 8 5
17 40 8 5
17 43 6 7
17 44 8 9
17 45 2 10
17 46 2 10
17 47 5 2
17 48 10 5
17 50 8 2
17 51 8 3
17 52 10 2
17 53 3 3
17 54 7 6
17 55 4 8
17 57 7 10
17 58 6 3
17 59 6 3
17 60 3 9
17 61 7 1
17 62 10 1
17 63 8 6
17 65 4 1
17 66 8 7
17 67 3 10
17 68 2 10
17 69 6 2
17 70 6 2
17 71 1 2
17 73 2 8
17 75 7 7
17 76 6 4
17 77 9 6
17 78 5 6
17 79 6 2
17 80 6 2
17 81 8 7
17 82 4 7
17 83 8 2
17 84 10 9
17 86 7 2
17 87 2 8
17 88 5 8
17 89 9 7
17 90 6 3
17 92 2 9
17 93 1 5
17 94 7 10
17 95 4 2
17 96 2 1
17 98 6 10
17 99 5 2
17 100 3 2
18 19 1 9
18 20 10 3
18 21 5 3
18 22 10 9
18 23 10 9
18 26 9 8
18 27 5 10
18 29 3 7
18 30 1 7
18 32 3 2
18 34 3 2
18 35 1 2
18 36 6 6
18 37 5 7
18 38 10 3
18 39 2 2
18 40 8 5
18 41 1 7
18 42 7 2
18 43 5 4
18 44 1 2
18 46 1 4
18 47 2 6
18 50 1 3
18 51 7 5
18 52 4 10
18 53 3 1
18 54 2 3
18 55 4 8
18 56 1 7
18 57 6 3
18 59 7 1
18 60 7 8
18 61 10 9
18 62 7 4
18 65 7 8
18 66 3 8
18 67 1 1
18 68 6 8
18 69 8 8
18 71 2 7
18 72 10 8
18 73 3 2
18 74 5 9
18 76 6 6
18 77 3 7
18 78 2 9
18 79 6 6
18 81 5 1
18 82 3 10
18 83 6 9
18 84 7 3
18 85 5 4
18 86 3 2
18 87 6 10
18 88 3 10
18 89 8 9
18 90 8 10
18 92 9 9
18 94 9 4
18 95 4 7
18 98 7 3
18 99 9 2
18 100 2 3
19 21 10 3
19 22 4 2
19 23 10 6
19 24 1 3
19 25 6 6
19 26 10 1
19 27 1 1
19 28 4 1
19 29 6 5
19 30 3 7
19 31 10 5
19 32 2 7
19 33 5 5
19 34 3 3
19 35 5 3
19 36 1 8
19 37 2 2
19 38 5 6
19 39 9 9
19 41 4 6
19 42 3 10
19 43 3 4
19 44 6 9
19 45 3 6
19 46 1 10
19 47 4 1
19 48 4 2
19 49 5 3
19 50 10 10
19 51 3 4
19 52 2 3
19 54 5 2
19 56 4 9
19 58 5 7
19 59 4 4
19 60 4 7
19 61 9 4
19 63 5 7
19 65 8 7
19 66 5 1
19 67 5 5
19 69 1 9
19 70 5 10
19 73 6 9
19 74 2 5
19 75 4 7
19 76 5 6
19 77 9 4
19 78 6 6
19 79 1 2
19 80 4 2
19 81 2 9
19 82 7 8
19 83 5 5
19 84 8 4
19 85 10 4
19 87 5 8
19 88 8 1
19 89 4 1
19 90 8 9
19 92 1 3
19 93 8 2
19 97 7 9
19 98 7 10
19 100 10 2
20 21 9 8
20 24 5 9
20 25 3 10
20 26 1 10
20 28 5 5
20 29 1 1
20 30 4 9
20 31 10 2
20 32 5 6
20 33 9 3
20 34 7 2
20 36 3 5
20 37 8 10
20 38 1 1
20 39 2 4
20 40 9 7
20 42 7 1
20 43 1 8
20 44 3 8
20 46 1 10
20 47 2 6
20 48 6 4
20 50 2 3
20 51 1 10
20 52 3 2
20 53 10 2
20 54 10 4
20 55 10 10
20 57 1 8
20 58 10 4
20 59 10 2
20 60 4 9
20 61 10 3
20 62 3 7
20 63 5 9
20 64 3 10
20 65 4 3
20 67 9 2
20 68 2 10
20 70 2 6
20 71 5 7
20 72 4 5
20 73 6 5
20 74 4 9
20 75 9 5
20 77 5 6
20 78 8 3
20 79 7 3
20 80 3 1
20 81 4 1
20 82 5 10
20 83 2 3
20 84 5 7
20 85 9 7
20 86 10 6
20 87 5 2
20 88 9 6
20 89 10 2
20 90 9 7
20 91 4 1
20 92 8 2
20 93 2 6
20 95 6 4
20 96 5 2
20 97 2 4
20 99 6 7
21 22 2 6
21 23 6 3
21 24 8 9
21 25 10 6
21 26 4 4
21 27 10 4
21 29 6 9
21 30 5 2
21 31 10 5
21 32 10 3
21 33 5 5
21 36 5 1
21 38 4 6
21 39 4 5
21 40 7 10
21 41 2 2
21 42 10 4
21 44 5 4
21 45 8 5
21 46 4 8
21 47 2 10
21 48 8 7
21 49 5 1
21 50 9 1
21 51 4 8
21 52 2 1
21 53 10 6
21 54 4 4
21 55 7 2
21 57 4 1
21 58 5 3
21 59 10 2
21 60 6 5
21 63 4 1
21 64 5 3
21 65 1 3
21 66 2 6
21 67 2 5
21 69 5 3
21 70 1 5
21 71 1 6
21 73 1 9
21 74 3 9
21 75 4 7
21 77 3 2
21 78 7 5
21 79 5 2
21 80 5 5
21 81 3 9
21 82 3 10
21 83 10 6
21 84 3 5
21 85 2 2
21 86 9 10
21 87 10 6
21 89 6 6
21 90 6 10
21 91 9 1
21 92 9 6
21 93 5 8
21 94 4 8
21 95 5 8
21 96 7 9
21 98 4 6
21 99 10 2
21 100 10 4
22 23 2 1
22 26 10 2
22 27 2 2
22 28 9 6
22 31 6 4
22 32 1 7
22 33 4 10
22 34 5 10
22 35 5 8
22 36 2 4
22 37 6 2
22 38 6 5
22 40 1 2
22 41 9 4
22 42 5 10
22 43 4 2
22 44 9 3
22 45 5 9
22 46 10 9
22 47 10 4
22 48 8 6
22 49 9 1
22 50 5 1
22 51 5 2
22 52 3 4
22 53 9 2
22 54 10 10
22 55 6 7
22 56 10 6
22 57 7 5
22 60 8 10
22 61 4 8
22 62 7 4
22 63 4 2
22 64 2 5
22 65 5 8
22 66 3 1
22 67 7 2
22 69 9 8
22 70 2 7
22 71 6 10
22 72 3 4
22 73 6 6
22 74 7 6
22 75 9 7
22 77 4 6
22 79 6 9
22 80 3 6
22 82 4 9
22 83 1 3
22 84 5 9
22 85 9 1
22 86 8 6
22 87 7 10
22 88 7 6
22 89 8 2
22 90 4 9
22 91 5 8
22 92 5 4
22 93 9 8
22 94 9 2
22 95 7 5
22 96 2 8
22 97 9 8
22 98 6 3
22 99 8 1
22 100 2 10
23 24 2 4
23 25 4 1
23 26 7 9
23 27 6 6
23 28 4 8
23 29 2 5
23 30 5 1
23 31 6 9
23 34 3 10
23 35 2 3
23 36 2 8
23 38 3 9
23 41 9 10
23 44 3 3
23 45 1 7
23 46 6 8
23 48 7 8
23 49 4 2
23 50 5 4
23 51 7 9
23 52 1 7
23 53 6 1
23 55 7 3
23 57 6 5
23 59 9 1
23 60 6 9
23 62 3 6
23 63 7 1
23 64 7 4
23 66 5 8
23 67 7 3
23 68 8 4
23 69 8 7
23 73 4 4
23 75 6 8
23 77 9 1
23 78 10 8
23 79 6 1
23 81 9 7
23 82 8 8
23 83 7 4
23 84 7 7
23 85 3 3
23 86 1 1
23 87 8 10
23 88 7 7
23 90 3 9
23 91 6 3
23 92 7 8
23 94 3 10
23 95 7 2
23 96 4 3
23 97 5 1
23 98 3 9
23 100 9 5
24 26 8 6
24 27 7 3
24 28 10 3
24 29 7 9
24 30 2 10
24 31 3 2
24 32 4 7
24 33 1 3
24 34 1 4
24 35 7 5
24 36 1 6
24 38 7 10
24 39 8 3
24 40 7 4
24 41 9 7
24 42 4 9
24 44 2 10
24 45 5 10
24 46 5 8
24 47 3 8
24 48 10 1
24 49 10 4
24 50 7 9
24 51 3 6
24 53 10 9
24 54 1 3
24 56 5 2
24 58 10 1
24 60 7 10
24 62 2 3
24 63 1 7
24 64 10 8
24 65 8 8
24 66 2 3
24 67 5 10
24 68 5 9
24 69 7 9
24 70 7 6
24 71 3 8
24 72 3 6
24 73 7 3
24 75 8 3
24 76 6 3
24 77 5 3
24 78 5 4
24 79 4 10
24 80 4 7
24 82 2 7
24 83 2 2
24 84 3 5
24 85 4 7
24 87 3 4
24 89 10 7
24 90 3 8
24 92 6 7
24 93 10 7
24 94 6 9
24 97 9 8
24 98 8 8
24 99 1 7
24 100 1 10
25 26 2 7
25 27 10 6
25 28 8 1
25 29 8 7
25 30 2 10
25 31 6 6
25 32 1 6
25 33 6 3
25 34 2 2
25 35 8 7
25 36 4 4
25 37 5 9
25 39 5 7
25 40 4 10
25 41 1 5
25 43 10 5
25 44 10 6
25 45 2 10
25 47 5 4
25 49 2 3
25 50 8 2
25 51 5 6
25 52 9 1
25 53 5 5
25 54 10 4
25 55 9 7
25 56 10 10
25 57 6 8
25 59 9 8
25 60 7 8
25 61 2 3
25 62 6 4
25 63 6 9
25 64 3 10
25 65 2 3
25 66 2 3
25 67 9 7
25 68 6 4
25 69 2 8
25 70 1 3
25 71 7 7
25 72 4 4
25 73 10 3
25 74 6 2
25 75 3 9
25 76 8 5
25 78 6 3
25 80 3 1
25 84 9 1
25 85 7 10
25 86 10 3
25 87 5 8
25 88 5 4
25 89 10 10
25 90 2 8
25 91 2 8
25 92 1 7
25 93 4 7
25 94 8 6
25 96 8 9
25 97 5 8
25 98 10 5
25 99 3 7
26 28 8 4
26 30 10 3
26 31 2 2
26 32 6 6
26 33 6 9
26 34 8 8
26 35 6 4
26 36 7 4
26 37 9 1
26 38 10 8
26 39 10 5
26 40 3 1
26 41 8 3
26 42 6 7
26 43 2 4
26 44 1 4
26 45 8 7
26 47 5 2
26 48 4 10
26 49 6 5
26 50 9 4
26 51 9 2
26 52 10 8
26 53 6 3
26 54 8 7
26 55 10 10
26 56 1 6
26 57 9 3
26 59 9 8
26 60 10 2
26 61 9 6
26 62 8 4
26 63 6 4
26 64 5 8
26 66 2 9
26 67 10 10
26 68 3 10
26 69 5 8
26 70 1 7
26 71 5 9
26 72 6 8
26 73 5 3
26 74 8 8
26 75 3 10
26 77 3 6
26 78 4 2
26 79 6 7
26 80 1 4
26 81 10 9
26 82 8 10
26 83 2 7
26 84 2 10
26 86 8 2
26 87 8 10
26 88 7 9
26 89 1 9
26 90 6 9
26 91 6 5
26 92 4 1
26 93 1 8
26 94 1 8
26 95 4 2
26 98 3 7
26 99 10 4
26 100 3 1
27 28 2 6
27 29 10 1
27 31 9 9
27 32 7 4
27 33 10 7
27 35 5 10
27 37 1 8
27 38 2 10
27 39 8 3
27 41 1 7
27 42 3 9
27 43 10 1
27 44 9 3
27 45 1 5
27 46 6 10
27 47 4 2
27 48 3 3
27 49 9 9
27 50 7 7
27 51 2 10
27 52 5 7
27 54 8 4
27 55 2 5
27 56 8 10
27 57 4 6
27 58 9 2
27 59 1 9
27 60 4 4
27 61 7 2
27 63 8 7
27 64 4 4
27 66 4 6
27 67 5 1
27 68 5 7
27 69 3 6
27 72 3 3
27 74 6 4
27 76 5 2
27 77 4 1
27 78 5 1
27 79 6 4
27 80 4 5
27 82 5 10
27 83 9 10
27 84 8 9
27 87 3 5
27 88 9 1
27 89 6 4
27 90 9 7
27 91 2 8
27 93 9 4
27 94 7 2
27 97 8 4
27 98 10 7
27 99 4 8
28 29 9 7
28 30 7 4
28 31 1 2
28 33 9 5
28 34 3 10
28 35 4 3
28 37 8 2
28 39 1 7
28 41 1 9
28 42 3 7
28 44 8 9
28 45 8 4
28 47 3 7
28 48 1 4
28 50 2 5
28 51 7 4
28 52 10 9
28 53 5 7
28 54 5 5
28 55 3 10
28 56 1 5
28 57 8 3
28 58 6 5
28 60 2 7
28 62 3 5
28 63 7 2
28 66 1 10
28 67 9 3
28 68 1 4
28 69 3 6
28 70 3 9
28 71 10 2
28 72 6 4
28 74 9 4
28 75 5 1
28 76 8 5
28 77 9 7
28 78 3 6
28 79 1 8
28 80 6 4
28 81 10 5
28 82 5 1
28 83 3 4
28 84 8 5
28 85 6 10
28 86 3 10
28 87 1 7
28 88 7 3
28 89 6 1
28 90 9 5
28 91 1 4
28 92 8 10
28 93 1 10
28 94 8 6
28 95 9 3
28 96 3 5
28 97 7 9
28 99 6 7
28 100 1 10
29 30 8 7
29 31 3 1
29 32 4 6
29 33 10 9
29 34 6 8
29 37 9 3
29 38 7 3
29 39 4 1
29 40 1 10
29 42 1 4
29 43 7 1
29 44 7 6
29 45 9 6
29 46 1 7
29 48 4 10
29 49 6 1
29 50 2 3
29 51 5 5
29 52 4 1
29 53 7 9
29 54 9 5
29 56 8 4
29 57 2 7
29 58 9 3
29 60 9 4
29 61 1 7
29 62 7 9
29 63 3 3
29 64 4 9
29 65 9 6
29 66 3 8
29 68 8 5
29 69 1 10
29 71 1 6
29 72 1 10
29 73 8 1
29 74 10 8
29 75 8 2
29 76 2 2
29 77 4 1
29 78 3 8
29 79 2 10
29 80 3 6
29 82 9 9
29 85 3 3
29 86 3 3
29 87 2 8
29 88 4 2
29 89 1 7
29 90 1 6
29 92 8 4
29 94 5 7
29 95 8 4
29 96 3 8
29 97 2 7
29 99 8 4
30 31 4 9
30 32 6 2
30 33 2 3
30 34 1 6
30 35 6 2
30 36 4 5
30 37 7 5
30 39 5 3
30 40 4 5
30 41 1 5
30 42 10 6
30 43 7 9
30 44 9 7
30 46 4 10
30 47 8 2
30 48 9 2
30 49 6 8
30 50 7 5
30 52 3 10
30 53 4 8
30 54 1 4
30 55 6 1
30 56 10 9
30 58 5 4
30 59 4 8
30 60 8 3
30 61 8 8
30 62 1 10
30 63 3 10
30 64 10 9
30 65 3 1
30 66 6 9
30 67 6 6
30 68 5 4
30 69 10 10
30 70 7 5
30 71 7 2
30 72 6 1
30 73 8 5
30 75 4 6
30 76 5 8
30 78 4 7
30 79 1 10
30 82 3 8
30 83 6 10
30 88 1 2
30 89 9 5
30 90 10 6
30 91 1 8
30 92 3 5
30 93 4 3
30 94 4 7
30 95 1 4
30 96 3 4
30 97 2 7
30 99 6 5
30 100 5 2
31 32 4 8
31 33 8 5
31 34 6 10
31 37 4 1
31 38 8 5
31 39 10 1
31 41 4 1
31 42 4 9
31 43 9 2
31 44 1 3
31 45 1 9
31 46 8 10
31 48 6 6
31 49 2 8
31 50 1 9
31 51 4 6
31 52 5 4
31 53 10 1
31 54 3 8
31 55 10 2
31 57 5 2
31 58 1 10
31 59 8 1
31 60 10 8
31 61 4 7
31 62 9 2
31 63 4 7
31 64 8 8
31 65 3 5
31 66 8 9
31 67 2 2
31 68 10 2
31 69 8 10
31 70 6 10
31 72 1 2
31 74 8 10
31 77 8 1
31 78 10 3
31 80 7 5
31 82 7 5
31 87 6 10
31 88 7 10
31 89 9 9
31 90 10 10
31 91 6 10
31 92 4 8
31 94 4 3
31 95 1 10
31 99 6 8
31 100 10 9
32 33 2 7
32 34 2 10
32 35 7 10
32 36 5 2
32 37 9 1
32 38 4 4
32 39 1 9
32 40 3 1
32 41 10 4
32 42 7 2
32 43 2 2
32 44 7 8
32 45 5 1
32 47 6 10
32 48 1 4
32 49 6 1
32 50 6 9
32 51 8 5
32 52 7 9
32 53 2 6
32 54 6 1
32 55 1 2
32 56 1 8
32 57 10 1
32 58 10 9
32 60 6 8
32 61 2 3
32 62 6 9
32 64 5 2
32 65 6 2
32 66 3 1
32 67 6 4
32 68 5 2
32 69 10 5
32 70 1 4
32 71 4 4
32 72 5 10
32 73 5 8
32 74 5 7
32 75 10 7
32 76 1 4
32 78 5 3
32 79 9 4
32 81 7 4
32 82 9 2
32 85 8 8
32 86 3 9
32 87 3 6
32 88 9 2
32 89 6 4
32 90 8 6
32 93 4 4
32 96 1 8
32 99 9 8
32 100 2 4
33 34 3 8
33 35 8 6
33 36 3 6
33 37 3 5
33 38 4 2
33 39 4 8
33 40 3 1
33 41 4 6
33 43 7 10
33 45 4 10
33 46 6 2
33 47 4 9
33 49 8 10
33 50 7 8
33 51 5 10
33 52 8 7
33 53 3 6
33 54 4 8
33 55 3 2
33 56 3 8
33 57 3 5
33 59 7 5
33 60 3 8
33 61 5 1
33 64 7 3
33 69 5 8
33 70 10 7
33 71 8 2
33 72 5 9
33 73 3 3
33 75 3 6
33 76 6 4
33 77 10 10
33 78 3 8
33 79 7 1
33 80 5 10
33 81 1 6
33 82 10 7
33 83 7 1
33 85 2 9
33 86 3 4
33 87 4 6
33 88 1 9
33 89 9 7
33 90 6 5
33 91 10 5
33 92 1 10
33 94 1 3
33 96 5 4
33 98 6 3
34 35 8 2
34 36 1 6
34 37 6 8
34 38 10 5
34 39 6 10
34 44 1 6
34 45 1 5
34 46 4 5
34 47 4 7
34 48 6 7
34 49 8 1
34 50 9 7
34 52 10 6
34 53 2 1
34 54 2 5
34 55 8 9
34 56 5 7
34 57 7 4
34 58 8 5
34 61 5 8
34 62 6 6
34 63 8 10
34 65 9 8
34 67 8 8
34 68 8 6
34 69 6 9
34 70 9 2
34 72 4 6
34 73 9 3
34 74 6 2
34 75 4 6
34 76 4 2
34 77 3 5
34 79 7 10
34 82 5 8
34 83 2 4
34 86 7 3
34 87 9 1
34 88 9 1
34 89 8 5
34 90 10 10
34 91 10 3
34 92 2 8
34 96 2 2
34 97 1 10
34 98 3 3
34 99 7 2
34 100 7 8
35 36 1 9
35 38 9 2
35 39 7 5
35 40 2 9
35 41 10 8
35 42 8 10
35 43 2 5
35 44 10 10
35 45 8 9
35 46 8 1
35 47 7 1
35 50 9 2
35 51 4 10
35 52 9 9
35 53 6 7
35 54 10 6
35 55 9 4
35 56 9 2
35 58 4 9
35 62 3 4
35 64 1 7
35 65 10 9
35 66 3 1
35 67 6 7
35 68 8 10
35 69 6 5
35 70 10 9
35 71 8 9
35 72 2 7
35 73 9 6
35 74 1 10
35 75 2 8
35 76 2 10
35 77 9 5
35 78 9 8
35 79 10 3
35 80 5 1
35 81 10 10
35 82 2 4
35 83 1 9
35 84 8 7
35 87 1 10
35 88 10 4
35 89 10 3
35 91 3 9
35 92 3 7
35 93 5 4
35 94 1 8
35 95 1 8
35 96 3 6
35 97 7 3
35 98 3 3
35 100 1 9
36 37 7 6
36 38 5 10
36 39 10 1
36 40 2 2
36 42 7 10
36 43 8 5
36 44 3 7
36 45 6 8
36 46 9 8
36 47 7 6
36 48 4 2
36 49 7 2
36 50 1 6
36 51 8 1
36 52 5 6
36 53 3 1
36 55 9 9
36 56 7 3
36 57 5 9
36 58 2 6
36 59 4 5
36 60 1 9
36 61 2 7
36 63 9 3
36 64 8 4
36 65 9 7
36 66 7 5
36 68 2 3
36 69 1 2
36 71 7 6
36 72 2 7
36 73 1 7
36 74 7 4
36 75 4 2
36 76 3 10
36 79 2 3
36 81 2 3
36 82 2 8
36 83 3 4
36 84 6 1
36 85 7 10
36 86 8 7
36 87 5 4
36 88 1 2
36 89 2 7
36 90 4 6
36 91 5 1
36 92 5 4
36 93 1 8
36 94 8 2
36 95 3 10
36 96 6 2
36 97 2 6
36 98 10 7
36 99 6 1
36 100 1 8
37 38 10 6
37 39 7 10
37 41 2 9
37 42 5 5
37 45 5 5
37 46 5 3
37 48 3 10
37 50 3 10
37 51 3 6
37 52 8 1
37 53 4 7
37 54 5 1
37 55 4 9
37 56 5 6
37 58 6 7
37 60 7 2
37 61 3 9
37 62 6 8
37 63 3 2
37 64 6 7
37 65 2 5
37 66 3 6
37 67 1 6
37 68 4 8
37 69 8 8
37 71 2 5
37 72 2 3
37 73 9 9
37 74 6 2
37 76 4 7
37 77 1 6
37 79 2 6
37 80 4 1
37 81 1 10
37 82 7 6
37 83 7 2
37 84 8 6
37 85 4 2
37 86 2 1
37 87 6 6
37 88 1 7
37 89 2 10
37 90 9 1
37 91 5 7
37 92 10 4
37 93 6 6
37 94 10 2
37 96 7 5
37 97 7 10
37 98 1 1
37 99 2 1
37 100 8 3
38 39 7 2
38 40 10 3
38 41 2 6
38 42 3 2
38 43 7 8
38 45 6 9
38 46 10 1
38 47 6 6
38 48 2 5
38 49 8 1
38 50 5 9
38 51 4 3
38 52 3 1
38 53 5 9
38 54 9 10
38 55 2 2
38 56 10 4
38 57 3 7
38 58 6 5
38 59 8 6
38 60 6 9
38 61 5 6
38 62 7 5
38 63 5 2
38 64 4 3
38 65 9 7
38 66 4 6
38 68 4 10
38 70 9 2
38 71 8 4
38 72 9 8
38 75 8 8
38 76 3 5
38 77 6 6
38 78 3 7
38 79 1 8
38 80 3 3
38 81 4 2
38 83 2 10
38 84 1 7
38 85 4 10
38 89 6 9
38 90 1 10
38 91 1 3
38 92 1 1
38 94 7 9
38 95 3 6
38 96 3 7
38 97 3 4
38 98 3 1
38 100 2 9
39 40 5 9
39 41 3 9
39 42 5 5
39 43 3 3
39 44 8 3
39 45 8 4
39 46 2 3
39 47 2 4
39 49 1 5
39 50 3 7
39 51 6 3
39 52 2 9
39 53 2 7
39 55 7 6
39 56 1 8
39 57 10 1
39 58 2 1
39 60 4 4
39 61 1 4
39 62 8 9
39 64 8 3
39 65 2 1
39 66 1 6
39 67 9 3
39 68 1 4
39 69 5 2
39 70 8 2
39 71 3 4
39 72 7 10
39 73 4 8
39 74 10 8
39 76 3 1
39 78 4 8
39 79 3 10
39 80 6 9
39 81 3 3
39 82 4 1
39 83 2 8
39 85 2 3
39 88 5 10
39 89 3 1
39 90 1 4
39 91 8 7
39 92 1 8
39 93 8 10
39 94 3 8
39 95 7 2
39 97 2 1
39 98 8 8
39 99 8 1
39 100 9 1
40 41 4 6
40 42 3 7
40 43 8 5
40 45 10 5
40 46 4 6
40 47 4 4
40 48 5 6
40 49 10 2
40 50 7 9
40 51 9 3
40 52 4 4
40 55 10 2
40 56 6 5
40 57 4 8
40 58 3 9
40 60 4 3
40 61 3 5
40 62 6 8
40 63 7 8
40 64 9 7
40 65 1 4
40 66 9 2
40 67 7 8
40 68 10 9
40 69 9 6
40 70 6 3
40 72 7 4
40 73 5 2
40 74 5 7
40 75 6 10
40 76 8 1
40 77 8 9
40 78 3 2
40 79 5 2
40 80 7 8
40 81 8 9
40 82 2 6
40 83 8 9
40 84 2 1
40 85 5 4
40 86 2 10
40 87 10 6
40 88 9 9
40 89 2 9
40 90 7 5
40 91 10 4
40 92 2 10
40 93 8 3
40 95 8 7
40 96 8 5
40 97 8 6
40 98 3 2
40 99 8 10
40 100 5 10
41 43 2 6
41 45 8 1
41 46 10 6
41 47 4 8
41 48 8 3
41 49 4 1
41 52 2 8
41 53 2 4
41 54 9 9
41 56 9 8
41 57 1 8
41 58 6 6
41 59 1 1
41 61 5 6
41 62 4 8
41 63 7 9
41 64 7 1
41 65 3 3
41 66 2 2
41 67 8 3
41 68 3 2
41 71 4 3
41 73 8 7
41 74 6 7
41 75 5 7
41 76 6 7
41 77 5 7
41 78 10 2
41 79 5 4
41 81 8 10
41 82 1 9
41 84 1 4
41 85 4 8
41 88 1 9
41 89 5 6
41 90 8 5
41 91 9 5
41 92 5 10
41 93 8 7
41 94 8 5
41 95 6 5
41 96 6 8
41 97 2 7
41 98 8 6
41 100 1 1
42 43 3 1
42 44 6 2
42 48 2 4
42 49 8 7
42 50 3 3
42 51 7 2
42 53 5 8
42 55 2 2
42 56 10 7
42 57 10 2
42 58 8 2
42 61 10 10
42 62 10 6
42 63 2 1
42 64 5 2
42 65 5 9
42 66 5 2
42 67 7 2
42 68 8 3
42 70 7 4
42 71 8 3
42 72 6 5
42 75 3 1
42 76 4 2
42 77 1 3
42 78 5 1
42 79 8 2
42 80 8 9
42 81 2 9
42 82 8 1
42 83 10 3
42 84 2 9
42 85 10 1
42 86 8 9
42 87 2 8
42 89 4 9
42 91 2 2
42 92 7 8
42 93 2 6
42 94 2 10
42 95 8 6
42 96 7 1
42 97 8 8
42 99 3 10
42 100 4 3
43 44 6 9
43 45 5 5
43 46 9 9
43 47 4 6
43 48 6 4
43 49 5 6
43 50 4 6
43 51 10 2
43 52 8 8
43 53 7 5
43 55 6 2
43 58 5 8
43 60 3 6
43 61 9 8
43 62 4 8
43 64 4 5
43 65 3 1
43 66 6 3
43 69 5 10
43 70 4 3
43 72 7 2
43 73 9 6
43 74 3 5
43 75 6 6
43 76 6 6
43 77 3 9
43 78 2 7
43 79 4 10
43 80 1 4
43 82 1 5
43 83 4 4
43 84 4 2
43 86 4 10
43 87 2 6
43 88 10 4
43 89 2 4
43 90 1 4
43 91 2 9
43 92 3 7
43 93 4 1
43 95 8 9
43 97 2 1
43 100 6 8
44 45 5 6
44 47 2 10
44 48 5 4
44 49 1 5
44 50 7 9
44 51 4 1
44 52 6 9
44 53 6 4
44 54 3 6
44 55 1 2
44 56 10 4
44 57 3 4
44 58 9 2
44 60 6 3
44 61 6 10
44 62 6 8
44 63 6 6
44 65 2 8
44 66 1 10
44 67 2 6
44 68 6 7
44 70 4 8
44 72 8 10
44 73 6 10
44 74 4 9
44 76 8 5
44 80 1 3
44 81 4 1
44 82 3 10
44 84 10 3
44 85 10 8
44 86 9 7
44 87 10 8
44 88 6 4
44 89 5 1
44 90 8 2
44 93 5 4
44 94 8 3
44 95 6 10
44 96 7 10
44 97 10 4
44 98 5 3
44 100 10 6
45 46 3 9
45 47 10 2
45 49 8 4
45 50 1 9
45 51 8 7
45 52 1 8
45 53 2 2
45 54 9 5
45 55 6 4
45 56 4 10
45 58 9 2
45 62 5 3
45 63 5 10
45 64 1 3
45 65 10 7
45 66 8 6
45 68 8 4
45 69 2 4
45 70 9 5
45 71 6 2
45 72 8 9
45 73 10 9
45 74 4 2
45 75 3 9
45 76 1 10
45 77 10 4
45 78 4 2
45 79 6 6
45 80 8 3
45 81 9 2
45 83 2 1
45 84 1 4
45 85 10 2
45 86 10 2
45 88 6 6
45 89 2 8
45 90 5 9
45 92 7 6
45 94 6 9
45 95 8 1
45 96 3 9
45 97 3 2
45 98 3 6
45 100 6 6
46 48 1 8
46 49 8 10
46 50 2 4
46 51 8 8
46 52 4 10
46 55 9 10
46 56 4 10
46 57 7 2
46 58 3 7
46 60 4 2
46 61 6 9
46 62 8 10
46 63 3 6
46 64 8 4
46 65 4 10
46 66 5 6
46 67 10 1
46 69 3 6
46 70 6 6
46 71 8 5
46 72 7 7
46 73 1 9
46 74 2 1
46 76 1 3
46 78 1 1
46 79 3 3
46 80 1 7
46 82 2 9
46 83 2 6
46 84 5 2
46 85 9 6
46 86 7 7
46 87 7 10
46 88 2 3
46 89 2 1
46 91 10 7
46 93 7 5
46 96 4 4
46 97 3 6
46 99 9 8
46 100 10 9
47 48 7 4
47 51 7 10
47 52 4 2
47 53 7 3
47 54 9 7
47 55 1 8
47 56 2 1
47 57 5 4
47 59 6 9
47 60 10 2
47 61 1 3
47 63 5 5
47 64 8 2
47 65 6 4
47 66 6 8
47 67 10 8
47 68 5 10
47 69 10 4
47 71 4 9
47 73 10 6
47 74 8 9
47 76 3 4
47 77 1 4
47 78 4 3
47 79 7 1
47 80 10 5
47 83 5 3
47 84 2 5
47 85 6 5
47 87 5 10
47 88 7 10
47 90 1 2
47 91 5 1
47 92 6 6
47 93 7 2
47 94 5 3
47 95 9 2
47 97 8 5
47 98 2 5
47 99 2 3
48 49 1 8
48 50 8 2
48 53 4 4
48 55 6 2
48 56 6 6
48 58 2 1
48 59 1 7
48 60 7 2
48 61 2 9
48 63 7 7
48 64 7 10
48 65 5 3
48 66 3 2
48 67 9 4
48 70 7 3
48 71 2 9
48 72 4 10
48 73 4 8
48 74 1 8
48 75 9 5
48 76 5 7
48 78 5 1
48 79 10 1
48 80 5 3
48 82 6 4
48 85 5 4
48 86 5 10
48 87 7 5
48 88 1 5
48 89 1 6
48 90 10 8
48 91 6 2
48 92 3 3
48 93 2 5
48 95 3 10
48 96 7 10
48 97 10 9
48 98 7 7
48 99 2 9
48 100 2 10
49 50 6 4
49 51 10 9
49 52 5 7
49 53 7 2
49 54 10 4
49 55 6 6
49 57 1 8
49 58 9 7
49 59 7 5
49 60 3 6
49 61 1 3
49 62 8 10
49 64 10 6
49 65 2 2
49 66 3 1
49 67 5 1
49 68 2 2
49 69 6 6
49 70 2 2
49 71 6 4
49 72 4 6
49 73 10 8
49 74 7 10
49 75 1 7
49 76 4 8
49 77 3 3
49 78 1 8
49 79 4 6
49 80 1 5
49 81 4 5
49 82 5 8
49 83 4 10
49 84 8 5
49 85 6 10
49 86 4 2
49 87 9 6
49 88 1 9
49 89 7 6
49 90 6 7
49 91 9 10
49 94 9 9
49 95 7 3
49 96 7 10
49 97 8 2
49 98 4 9
49 99 1 1
50 51 4 6
50 52 8 2
50 53 8 7
50 55 6 1
50 57 5 10
50 58 4 4
50 59 7 10
50 60 2 9
50 61 1 4
50 62 7 9
50 63 10 3
50 65 3 3
50 66 1 4
50 67 3 10
50 68 8 3
50 70 4 8
50 72 4 9
50 73 2 8
50 74 10 9
50 75 5 4
50 77 10 6
50 78 9 5
50 79 2 1
50 80 8 2
50 81 4 8
50 82 6 1
50 83 10 6
50 84 3 2
50 85 1 5
50 86 8 5
50 87 10 6
50 88 1 7
50 89 4 9
50 90 7 3
50 91 10 3
50 92 1 2
50 93 7 9
50 94 3 2
50 95 2 1
50 96 8 8
50 98 7 4
50 99 2 9
51 53 7 8
51 54 9 2
51 58 3 2
51 60 10 6
51 62 10 7
51 63 6 9
51 64 9 7
51 65 1 6
51 66 1 5
51 67 7 4
51 68 4 2
51 69 3 6
51 70 2 2
51 71 8 7
51 72 1 3
51 73 2 9
51 74 8 8
51 76 10 6
51 77 2 10
51 78 3 10
51 79 9 3
51 80 10 8
51 81 10 3
51 83 4 8
51 85 3 10
51 86 6 1
51 88 9 10
51 89 1 3
51 90 4 7
51 91 1 1
51 92 10 7
51 93 8 1
51 97 6 5
51 98 4 9
51 100 5 3
52 53 5 6
52 54 1 2
52 55 2 6
52 56 1 4
52 57 3 9
52 58 1 6
52 59 7 5
52 60 6 7
52 61 7 3
52 62 6 8
52 63 7 7
52 64 2 5
52 65 8 10
52 66 3 8
52 67 1 1
52 68 2 8
52 69 2 7
52 70 3 9
52 72 4 7
52 73 9 9
52 75 6 3
52 76 7 5
52 77 2 4
52 78 9 4
52 81 10 7
52 82 8 6
52 83 3 8
52 85 9 10
52 86 5 9
52 87 9 8
52 88 6 5
52 89 6 3
52 90 2 6
52 91 2 6
52 93 6 4
52 94 5 9
52 95 3 2
52 96 1 10
52 97 9 8
52 98 9 7
52 99 1 5
52 100 6 9
53 54 7 9
53 55 7 3
53 56 8 4
53 57 4 6
53 59 6 8
53 61 2 2
53 62 5 5
53 63 3 5
53 64 10 1
53 65 4 6
53 66 9 2
53 67 9 3
53 71 1 1
53 72 10 1
53 73 3 10
53 74 4 5
53 75 4 9
53 76 4 10
53 78 1 6
53 79 7 5
53 80 9 10
53 82 1 7
53 83 7 8
53 85 2 6
53 86 9 10
53 87 1 9
53 88 10 2
53 89 9 9
53 90 1 1
53 91 6 10
53 92 5 3
53 94 7 2
53 95 2 9
53 96 3 10
53 97 8 1
53 98 4 2
54 55 9 5
54 56 4 6
54 57 7 2
54 58 2 3
54 59 4 9
54 60 6 6
54 61 10 5
54 62 5 9
54 63 5 8
54 64 1 3
54 65 5 4
54 66 5 10
54 67 1 5
54 68 1 7
54 69 10 10
54 70 4 9
54 71 8 2
54 73 5 8
54 75 7 3
54 76 1 8
54 77 2 6
54 78 10 4
54 79 2 3
54 80 6 3
54 81 10 7
54 83 9 7
54 84 2 2
54 85 10 8
54 86 10 2
54 87 10 7
54 88 1 4
54 90 1 2
54 92 10 3
54 94 8 2
54 95 8 4
54 96 7 8
54 97 2 1
54 98 8 4
54 100 1 7
55 56 2 10
55 57 8 1
55 58 9 6
55 60 5 1
55 61 9 6
55 62 2 10
55 63 10 4
55 64 10 5
55 65 10 4
55 66 9 4
55 67 3 8
55 68 7 4
55 69 9 3
55 70 2 9
55 72 2 8
55 73 8 4
55 74 4 1
55 75 8 5
55 76 4 2
55 78 10 5
55 80 7 3
55 81 3 9
55 82 7 9
55 83 1 2
55 84 5 5
55 85 10 4
55 88 6 2
55 89 7 5
55 90 6 4
55 91 4 8
55 92 3 9
55 94 10 7
55 95 5 6
55 97 4 8
55 98 4 7
55 100 7 10
56 57 5 7
56 58 9 1
56 59 1 4
56 60 10 7
56 61 3 6
56 62 7 7
56 63 1 2
56 64 6 1
56 65 5 5
56 66 6 10
56 67 8 9
56 69 1 3
56 70 1 5
56 71 8 9
56 72 10 10
56 73 6 3
56 75 3 8
56 76 7 2
56 77 7 10
56 78 3 10
56 79 8 7
56 80 8 10
56 81 1 1
56 82 4 10
56 83 2 2
56 84 9 9
56 86 8 1
56 87 9 9
56 89 10 9
56 90 5 5
56 91 3 4
56 93 9 8
56 94 1 9
56 95 8 7
56 96 10 4
56 97 6 9
56 100 6 2
57 58 1 5
57 59 3 4
57 64 10 8
57 65 10 6
57 66 2 5
57 68 3 10
57 70 5 5
57 71 8 10
57 72 4 10
57 73 2 7
57 74 6 1
57 75 1 3
57 76 10 2
57 78 4 7
57 79 3 2
57 81 6 8
57 82 10 1
57 83 7 4
57 84 3 4
57 85 5 3
57 86 6 1
57 87 9 2
57 88 5 9
57 89 7 1
57 90 7 4
57 91 8 2
57 92 5 8
57 93 8 6
57 95 3 3
57 96 2 8
57 97 2 8
57 98 6 3
57 99 8 2
57 100 2 10
58 60 1 6
58 62 1 4
58 64 6 1
58 66 1 9
58 67 8 7
58 68 8 5
58 70 7 10
58 71 5 10
58 72 2 10
58 73 4 2
58 74 5 4
58 76 5 6
58 77 4 6
58 78 8 10
58 79 4 3
58 80 6 7
58 81 7 4
58 83 10 9
58 84 3 10
58 85 4 4
58 86 2 8
58 87 1 2
58 88 9 2
58 90 9 7
58 92 2 4
58 93 8 1
58 95 1 6
58 96 4 8
58 97 7 5
58 98 5 4
58 99 8 9
59 60 4 8
59 61 7 5
59 62 5 1
59 63 5 3
59 64 10 2
59 65 7 3
59 66 6 5
59 67 1 9
59 68 9 6
59 69 7 6
59 70 6 1
59 72 10 4
59 73 8 9
59 75 7 5
59 76 7 3
59 77 1 5
59 78 9 4
59 79 2 3
59 81 3 2
59 82 7 10
59 83 8 2
59 84 4 5
59 85 5 3
59 86 9 8
59 87 1 7
59 88 1 4
59 90 1 8
59 91 10 3
59 92 2 3
59 94 2 1
59 96 1 3
59 97 9 3
59 98 6 3
59 99 6 8
59 100 7 3
60 61 7 8
60 62 8 9
60 63 7 6
60 64 3 6
60 67 7 6
60 68 7 10
60 69 5 4
60 71 1 4
60 73 3 1
60 74 5 1
60 75 7 5
60 78 8 10
60 79 8 9
60 81 9 7
60 82 2 4
60 83 9 7
60 84 5 6
60 85 8 4
60 86 4 9
60 87 2 7
60 91 9 8
60 94 5 4
60 95 4 1
60 96 4 9
60 97 4 5
60 98 9 5
60 99 10 5
60 100 5 7
61 63 7 6
61 64 9 10
61 65 6 1
61 66 4 7
61 67 8 3
61 68 7 10
61 69 8 8
61 72 4 9
61 73 9 3
61 74 4 6
61 75 7 9
61 76 5 1
61 77 7 10
61 78 1 10
61 80 6 6
61 81 10 10
61 82 9 6
61 83 9 7
61 84 6 7
61 85 10 6
61 87 9 3
61 89 9 5
61 90 7 6
61 91 4 9
61 95 3 9
61 96 10 3
61 97 1 7
61 98 3 8
61 99 3 4
61 100 3 7
62 63 1 9
62 64 6 4
62 65 3 5
62 67 3 5
62 69 10 1
62 70 8 4
62 71 5 1
62 73 1 9
62 75 3 4
62 76 6 6
62 78 9 1
62 79 1 7
62 80 3 8
62 82 2 1
62 83 5 5
62 84 5 1
62 85 4 8
62 86 8 5
62 88 6 8
62 89 5 6
62 90 4 8
62 92 2 6
62 93 6 8
62 94 8 9
62 95 7 8
62 96 8 8
62 97 8 10
62 98 3 2
62 100 1 9
63 64 8 7
63 65 8 5
63 67 10 4
63 68 2 5
63 69 4 1
63 70 4 5
63 72 1 4
63 73 8 10
63 74 4 3
63 75 8 9
63 76 7 1
63 77 4 3
63 78 3 2
63 79 4 3
63 80 4 6
63 81 2 4
63 82 1 5
63 83 7 2
63 84 3 4
63 86 1 7
63 87 6 2
63 88 9 8
63 89 10 1
63 90 9 8
63 91 10 3
63 92 4 8
63 93 8 1
63 94 9 8
63 95 6 8
63 96 6 3
63 99 5 6
63 100 8 7
64 65 5 10
64 66 10 3
64 67 5 6
64 69 2 8
64 71 3 6
64 72 1 5
64 73 7 8
64 74 6 1
64 75 7 5
64 76 5 4
64 77 9 10
64 78 1 9
64 79 8 4
64 81 4 8
64 83 3 8
64 84 7 3
64 85 6 5
64 86 4 5
64 89 9 3
64 90 8 4
64 91 9 3
64 93 6 8
64 94 2 3
64 95 1 4
64 96 10 5
64 97 1 4
64 98 3 1
64 100 8 6
65 66 9 10
65 67 7 1
65 68 2 4
65 69 9 8
65 70 5 9
65 72 4 4
65 74 5 9
65 75 3 3
65 76 5 9
65 77 9 4
65 78 8 2
65 80 4 8
65 81 2 3
65 82 4 4
65 83 4 5
65 84 4 6
65 86 5 6
65 87 1 5
65 88 9 2
65 89 9 3
65 90 6 4
65 91 6 10
65 93 8 4
65 94 5 7
65 95 9 3
65 96 10 1
65 97 1 6
65 98 6 4
65 99 9 3
66 67 4 8
66 70 2 10
66 71 9 7
66 72 5 2
66 74 8 2
66 75 6 4
66 76 7 4
66 78 7 4
66 79 10 5
66 80 4 4
66 81 4 9
66 83 4 5
66 84 6 1
66 85 10 5
66 88 6 8
66 89 9 2
66 90 5 5
66 91 5 9
66 94 1 2
66 95 2 7
66 97 10 5
66 98 2 2
66 99 6 10
67 68 8 8
67 69 9 9
67 70 3 3
67 71 8 10
67 72 5 9
67 73 5 2
67 76 4 8
67 77 3 8
67 78 1 4
67 81 3 4
67 82 3 4
67 83 9 8
67 84 6 1
67 85 2 6
67 87 4 2
67 88 8 8
67 89 5 9
67 90 1 6
67 91 1 5
67 93 1 4
67 94 1 9
67 96 9 4
67 99 3 6
67 100 10 8
68 69 7 9
68 70 8 2
68 71 10 5
68 73 1 2
68 74 3 3
68 75 4 5
68 76 1 3
68 77 7 7
68 79 4 5
68 80 2 1
68 81 5 5
68 82 7 2
68 86 4 10
68 87 3 9
68 88 8 1
68 90 4 7
68 91 8 3
68 92 4 6
68 93 2 1
68 95 10 5
68 96 9 10
68 98 7 9
68 99 3 6
68 100 5 7
69 70 6 10
69 72 3 4
69 74 8 4
69 75 2 8
69 76 4 2
69 77 4 8
69 78 6 1
69 79 2 1
69 80 9 7
69 81 4 7
69 82 9 7
69 83 9 10
69 84 1 8
69 85 7 10
69 86 9 9
69 87 9 9
69 89 2 2
69 90 2 3
69 91 3 7
69 92 9 4
69 93 8 10
69 94 2 2
69 95 1 2
69 96 9 8
69 97 8 2
69 98 9 1
69 100 1 10
70 72 8 3
70 74 4 10
70 75 2 5
70 77 1 2
70 78 10 5
70 79 4 10
70 80 6 3
70 81 5 5
70 82 6 5
70 86 9 1
70 87 5 8
70 88 6 8
70 89 6 9
70 90 2 1
70 91 9 8
70 94 8 5
70 95 5 5
70 96 3 1
70 97 3 8
70 98 5 10
70 99 5 1
70 100 2 1
71 72 1 9
71 73 9 10
71 74 3 7
71 75 9 2
71 76 8 9
71 77 9 7
71 78 4 5
71 79 6 8
71 80 5 1
71 81 1 2
71 82 9 6
71 83 4 10
71 85 7 3
71 86 5 9
71 87 3 2
71 90 2 9
71 91 6 6
71 92 3 3
71 93 6 5
71 95 7 1
71 96 7 8
71 98 7 9
71 99 6 4
72 73 7 9
72 74 7 9
72 75 10 5
72 76 8 5
72 77 3 1
72 78 10 2
72 79 10 2
72 80 1 10
72 81 3 6
72 82 4 7
72 83 10 5
72 84 7 3
72 85 2 7
72 86 9 6
72 87 7 3
72 89 8 2
72 90 10 4
72 91 8 3
72 92 3 8
72 93 3 7
72 94 1 4
72 95 7 8
72 96 2 8
72 97 4 3
72 99 7 9
72 100 1 7
73 74 2 5
73 75 1 10
73 76 6 1
73 77 10 9
73 78 7 1
73 79 6 4
73 80 5 8
73 81 5 7
73 82 6 10
73 83 9 4
73 84 7 10
73 85 10 4
73 86 5 10
73 87 10 9
73 88 4 3
73 91 4 9
73 94 7 9
73 95 4 9
73 96 6 1
73 97 6 6
73 100 9 6
74 75 10 4
74 76 9 4
74 80 6 4
74 82 2 6
74 83 8 8
74 84 7 8
74 85 6 2
74 86 9 9
74 87 3 6
74 89 9 6
74 90 2 1
74 91 2 7
74 92 1 2
74 93 9 4
74 95 1 6
74 96 7 1
74 97 1 2
74 98 6 3
74 100 1 6
75 77 9 7
75 78 9 8
75 79 9 9
75 81 4 8
75 82 4 4
75 83 4 1
75 84 4 6
75 86 5 6
75 87 8 7
75 90 1 3
75 91 8 4
75 92 5 2
75 93 2 9
75 94 1 4
75 96 4 1
75 97 8 9
75 98 7 3
75 99 10 10
75 100 2 9
76 77 6 9
76 79 3 3
76 81 2 2
76 84 3 8
76 86 1 7
76 89 10 9
76 90 6 4
76 91 7 8
76 92 1 5
76 93 10 8
76 94 5 8
76 95 7 7
76 96 1 9
76 97 10 2
76 98 8 8
76 99 7 4
76 100 2 4
77 78 4 2
77 80 6 3
77 81 3 4
77 82 5 6
77 83 5 8
77 84 1 1
77 87 4 7
77 88 10 6
77 89 8 4
77 90 4 1
77 91 6 1
77 92 5 8
77 93 4 2
77 94 2 4
77 95 7 2
77 96 10 1
77 97 3 3
77 98 4 3
77 99 9 5
77 100 4 7
78 80 4 1
78 82 6 2
78 83 6 9
78 84 4 6
78 85 2 10
78 88 4 5
78 89 5 8
78 90 6 2
78 92 7 10
78 93 8 3
78 95 6 2
78 96 10 2
78 97 7 1
78 98 4 5
78 99 10 5
78 100 9 8
79 81 1 9
79 83 6 1
79 84 5 10
79 85 8 6
79 86 5 9
79 87 3 4
79 88 7 9
79 90 1 7
79 91 5 1
79 92 6 4
79 93 6 4
79 95 7 6
79 96 3 6
79 97 3 7
79 98 2 3
79 99 1 7
79 100 8 8
80 81 9 1
80 82 5 5
80 83 7 1
80 85 10 8
80 86 8 7
80 87 6 8
80 88 10 10
80 89 8 6
80 90 6 1
80 91 9 2
80 92 8 4
80 93 4 1
80 94 7 4
80 96 6 3
80 97 2 6
80 98 2 1
80 99 9 1
81 82 7 10
81 83 8 10
81 84 3 10
81 85 7 6
81 86 4 9
81 87 7 4
81 88 6 5
81 89 5 8
81 91 3 5
81 92 1 5
81 93 3 5
81 95 2 9
81 97 1 5
81 99 2 10
81 100 7 9
82 83 5 9
82 84 9 6
82 85 9 5
82 87 8 3
82 88 2 8
82 90 5 5
82 91 1 3
82 92 9 1
82 94 2 8
82 95 5 8
82 96 2 3
82 97 8 2
82 99 5 9
82 100 9 8
83 84 2 5
83 85 1 3
83 86 8 10
83 88 6 1
83 89 4 1
83 90 1 9
83 91 9 9
83 92 3 3
83 93 1 10
83 94 9 4
83 95 2 10
83 96 1 4
83 97 4 2
83 98 2 3
83 99 6 2
83 100 4 6
84 85 2 9
84 86 9 6
84 88 4 7
84 89 9 8
84 91 10 7
84 92 5 2
84 93 3 5
84 95 3 5
84 97 10 5
84 98 2 7
84 99 10 4
84 100 2 5
85 87 4 10
85 88 6 5
85 89 3 5
85 90 9 6
85 91 4 1
85 92 2 1
85 93 3 8
85 94 7 10
85 96 3 4
85 98 6 3
85 99 1 9
85 100 5 8
86 87 10 5
86 88 2 5
86 89 10 10
86 90 8 6
86 91 4 10
86 93 2 8
86 94 6 5
86 95 8 1
86 96 7 4
86 97 8 9
86 98 5 6
86 100 2 6
87 88 7 7
87 89 2 8
87 90 10 1
87 91 4 1
87 92 7 9
87 93 9 5
87 96 1 3
87 98 1 4
87 99 8 9
87 100 7 5
88 90 2 7
88 91 3 7
88 92 3 2
88 93 6 3
88 94 5 4
88 95 8 2
88 96 4 8
88 97 5 9
88 98 6 3
88 99 3 6
88 100 10 2
89 91 1 9
89 92 5 5
89 94 2 7
89 95 2 8
89 97 3 2
89 98 1 8
89 99 8 8
90 92 10 1
90 93 6 8
90 94 9 4
90 95 1 1
90 96 2 8
90 98 2 8
90 99 5 2
91 92 1 8
91 93 5 4
91 94 4 7
91 95 3 8
91 96 7 3
91 97 2 1
91 98 3 8
91 99 5 6
91 100 3 4
92 93 5 7
92 94 1 3
92 95 4 10
92 97 7 6
92 98 1 1
92 99 6 9
92 100 5 9
93 94 5 1
93 95 7 10
93 96 5 9
93 97 10 2
93 98 3 1
93 99 7 2
93 100 8 5
94 95 10 5
94 97 9 3
94 98 9 7
94 99 5 2
94 100 4 4
95 96 4 6
95 97 7 2
95 98 8 4
95 99 6 1
95 100 4 9
96 97 5 1
96 98 8 9
96 99 4 8
96 100 2 7
97 98 9 9
97 99 2 4
97 100 5 5
98 99 2 7
99 100 1 1
1
1 2 3 4 5 6 7 8 9 10 11 12 13 14 15 16 17 18 19 20 21 22 23 24 25 26 27 28 29 30 31 32 33 34 35 36 37 38 39 40 41 42 43 44 45 46 47 48 49 50
