3961
1 2 3 4
1 3 10 9
1 4 1 8
1 5 2 10
1 6 1 9
1 7 5 6
1 9 10 4
1 12 2 7
1 13 1 4
1 14 4 10
1 15 6 1
1 17 7 10
1 19 10 2
1 21 10 1
1 23 1 5
1 24 5 5
1 25 10 8
1 27 2 3
1 28 7 10
1 29 2 2
1 30 4 7
1 31 7 8
1 33 5 3
1 34 1 5
1 35 6 5
1 37 9 6
1 38 6 2
1 39 7 3
1 40 7 7
1 42 3 3
1 43 3 5
1 45 2 1
1 46 8 10
1 47 3 4
1 48 7 7
1 49 2 10
1 50 4 6
1 51 7 9
1 52 4 4
1 53 2 7
1 55 5 4
1 56 4 6
1 58 6 7
1 59 9 7
1 60 5 2
1 61 2 2
1 62 3 9
1 63 4 6
1 64 8 6
1 66 1 4
1 68 7 1
1 69 10 2
1 71 1 9
1 72 3 4
1 73 4 9
1 74 6 10
1 75 10 6
1 76 2 5
1 77 6 5
1 79 8 2
1 81 5 10
1 82 3 9
1 83 6 7
1 85 8 9
1 86 9 2
1 87 4 9
1 88 2 9
1 89 4 7
1 90 8 7
1 91 2 9
1 92 9 10
1 93 6 4
1 94 4 4
1 95 1 4
1 97 5 8
1 98 3 2
1 99 6 10
1 100 10 9
2 3 9 4
2 4 1 10
2 5 9 4
2 6 10 7
2 7 7 4
2 9 7 10
2 10 2 7
2 11 5 10
2 12 8 2
2 13 3 6
2 14 3 8
2 15 1 5
2 16 4 6
2 17 9 8
2 20 1 10
2 21 6 8
2 22 8 9
2 23 8 9
2 24 3 2
2 25 3 7
2 26 8 8
2 28 2 2
2 29 8 9
2 31 10 8
2 32 8 5
2 33 4 9
2 35 5 2
2 36 5 7
2 37 1 2
2 38 5 3
2 39 7 4
2 40 8 4
2 41 2 6
2 42 8 8
2 43 8 9
2 44 6 10
2 45 8 6
2 46 10 10
2 48 4 10
2 50 8 2
2 51 3 7
2 53 2 5
2 54 7 7
2 55 7 1
2 56 8 10
2 57 7 2
2 58 1 10
2 60 6 2
2 61 8 1
2 62 3 6
2 64 4 6
2 65 7 7
2 66 2 2
2 67 9 6
2 68 4 6
2 71 8 6
2 72 4 3
2 74 3 1
2 76 9 10
2 78 6 7
2 79 1 2
2 80 8 1
2 81 9 7
2 82 7 3
2 84 1 4
2 85 3 10
2 86 4 2
2 88 4 4
2 89 10 4
2 90 5 7
2 91 7 6
2 92 5 5
2 93 5 7
2 94 9 3
2 95 4 4
2 96 6 4
2 97 7 2
2 98 6 8
2 100 3 4
3 4 5 10
3 5 7 1
3 6 8 10
3 7 3 4
3 8 2 4
3 10 10 9
3 11 10 9
3 12 5 1
3 14 4 7
3 16 10 4
3 17 1 2
3 18 4 10
3 19 3 1
3 20 7 6
3 21 5 3
3 23 8 2
3 26 2 7
3 27 1 10
3 29 10 4
3 30 10 7
3 32 9 3
3 34 6 1
3 35 7 1
3 36 6 1
3 37 10 1
3 38 7 7
3 42 3 9
3 43 8 5
3 44 3 4
3 46 7 10
3 47 6 7
3 48 4 8
3 49 9 6
3 50 8 8
3 53 7 2
3 54 8 10
3 55 5 9
3 57 9 6
3 59 6 10
3 60 1 2
3 61 4 5
3 62 9 1
3 63 10 6
3 64 9 6
3 66 10 3
3 67 9 9
3 68 9 5
3 69 7 4
3 70 6 10
3 71 2 9
3 72 5 4
3 73 8 6
3 75 7 10
3 76 5 3
3 78 5 1
3 80 3 4
3 81 5 3
3 83 3 9
3 84 7 5
3 85 2 3
3 86 9 10
3 87 6 4
3 88 2 2
3 90 7 7
3 91 9 4
3 92 10 9
3 93 7 9
3 95 1 5
3 96 8 3
3 97 6 8
3 100 3 2
4 5 5 3
4 6 1 5
4 7 7 10
4 8 5 10
4 9 5 5
4 10 4 7
4 11 7 4
4 12 8 5
4 13 9 6
4 14 1 10
4 15 9 1
4 16 8 10
4 17 3 4
4 18 3 1
4 19 3 8
4 21 10 6
4 22 6 6
4 23 8 3
4 24 6 1
4 26 8 2
4 27 1 9
4 28 10 10
4 29 8 7
4 30 5 5
4 31 2 3
4 32 8 2
4 33 1 4
4 34 5 1
4 35 5 1
4 37 3 9
4 39 8 8
4 40 1 5
4 41 6 8
4 42 4 1
4 43 4 8
4 44 5 4
4 45 1 5
4 46 6 2
4 48 4 1
4 49 5 9
4 51 6 4
4 52 3 6
4 53 4 4
4 54 1 4
4 55 10 6
4 56 7 7
4 57 9 10
4 58 2 4
4 59 8 7
4 60 1 7
4 61 3 5
4 62 6 9
4 63 4 8
4 67 10 9
4 68 8 3
4 69 5 5
4 70 2 3
4 71 7 1
4 74 8 6
4 75 8 9
4 76 2 5
4 77 5 1
4 78 4 4
4 79 5 1
4 80 5 7
4 81 7 1
4 82 1 8
4 83 4 4
4 84 4 4
4 85 10 10
4 86 9 3
4 87 9 1
4 88 3 3
4 89 7 2
4 90 6 7
4 91 7 7
4 92 3 2
4 93 2 9
4 94 9 4
4 96 9 10
4 97 9 2
4 98 4 1
4 100 8 5
5 7 10 1
5 8 2 7
5 10 1 5
5 11 2 10
5 12 2 6
5 14 1 5
5 15 2 7
5 16 6 3
5 19 2 8
5 21 10 3
5 23 3 8
5 24 10 9
5 25 6 5
5 26 10 1
5 29 7 9
5 30 9 10
5 31 8 3
5 32 1 10
5 34 2 5
5 37 4 2
5 38 8 3
5 39 8 2
5 41 5 8
5 42 10 5
5 43 6 4
5 44 9 2
5 45 4 7
5 46 8 6
5 47 5 5
5 48 8 6
5 50 5 9
5 51 5 7
5 52 4 9
5 53 1 5
5 55 9 9
5 56 7 4
5 57 9 10
5 58 1 1
5 59 1 8
5 60 2 9
5 61 9 10
5 62 6 7
5 63 8 8
5 64 4 2
5 65 2 7
5 66 2 8
5 69 1 8
5 70 4 4
5 72 4 10
5 73 6 8
5 74 1 8
5 75 7 8
5 77 8 6
5 78 9 3
5 79 2 2
5 80 10 8
5 81 2 9
5 82 8 4
5 83 5 9
5 84 6 7
5 86 6 4
5 88 1 4
5 89 3 4
5 92 10 5
5 94 5 10
5 95 10 4
5 96 2 4
5 97 4 10
5 99 4 6
6 7 3 6
6 8 9 5
6 9 10 6
6 10 10 2
6 11 9 8
6 13 6 9
6 14 7 2
6 15 1 10
6 16 7 5
6 19 9 5
6 20 8 5
6 22 6 2
6 23 2 2
6 24 4 2
6 25 4 3
6 26 2 7
6 27 10 5
6 29 3 10
6 30 3 10
6 32 10 2
6 33 6 6
6 35 2 9
6 36 9 9
6 38 4 7
6 39 10 9
6 40 6 8
6 42 8 5
6 44 4 6
6 45 5 1
6 47 7 3
6 48 3 4
6 49 7 7
6 50 4 4
6 51 8 4
6 52 9 6
6 54 9 5
6 55 1 1
6 57 10 1
6 58 10 6
6 59 9 3
6 60 3 7
6 61 7 4
6 63 5 9
6 64 3 8
6 65 10 1
6 66 2 5
6 67 8 9
6 68 7 2
6 69 4 4
6 70 10 7
6 72 7 4
6 73 2 8
6 74 6 4
6 75 2 10
6 76 10 10
6 78 10 2
6 79 2 9
6 80 5 2
6 81 5 5
6 83 1 7
6 85 6 10
6 87 5 8
6 88 5 4
6 89 7 3
6 91 6 6
6 92 8 8
6 93 2 2
6 95 8 5
6 97 4 8
6 98 4 5
6 99 5 7
7 8 6 5
7 9 3 10
7 10 6 3
7 11 2 2
7 13 7 3
7 14 1 4
7 15 9 4
7 16 10 6
7 17 4 8
7 18 3 10
7 19 5 9
7 20 8 5
7 21 2 7
7 22 5 7
7 24 10 7
7 25 5 7
7 26 2 5
7 27 1 2
7 29 3 6
7 30 10 9
7 31 5 9
7 32 6 9
7 33 9 10
7 34 9 1
7 36 8 9
7 38 8 2
7 40 4 1
7 41 2 10
7 43 10 8
7 44 2 3
7 46 10 2
7 47 10 10
7 52 6 9
7 54 1 6
7 55 4 1
7 56 8 4
7 57 9 7
7 58 4 8
7 59 3 6
7 60 8 1
7 61 7 7
7 63 4 7
7 64 2 5
7 65 9 10
7 66 10 1
7 67 10 6
7 68 6 7
7 72 4 6
7 73 7 5
7 74 8 10
7 75 10 9
7 76 7 5
7 77 10 1
7 80 4 10
7 83 9 10
7 84 10 3
7 85 1 1
7 86 5 7
7 87 10 10
7 88 10 6
7 89 7 5
7 90 5 2
7 91 4 4
7 92 10 2
7 94 9 10
7 95 1 5
7 96 6 2
7 97 8 8
7 98 5 5
7 99 9 8
7 100 1 10
8 12 7 6
8 13 8 6
8 14 3 9
8 15 3 1
8 16 9 8
8 17 10 9
8 18 8 1
8 19 4 1
8 20 7 10
8 21 7 2
8 22 8 3
8 23 6 8
8 24 3 6
8 25 3 8
8 27 10 2
8 28 9 4
8 29 3 8
8 30 9 4
8 31 6 3
8 33 4 8
8 34 1 2
8 35 8 8
8 36 9 9
8 39 6 7
8 40 2 9
8 41 2 5
8 43 6 1
8 44 1 2
8 45 7 1
8 46 6 2
8 47 4 4
8 48 7 6
8 50 5 7
8 51 9 3
8 52 2 3
8 55 10 5
8 56 10 9
8 57 3 8
8 59 6 4
8 60 8 8
8 62 2 4
8 63 7 7
8 64 2 1
8 66 5 5
8 68 7 9
8 69 10 6
8 71 4 6
8 72 2 4
8 73 8 7
8 74 4 8
8 76 6 9
8 77 6 4
8 78 1 5
8 79 7 9
8 81 2 6
8 82 1 3
8 83 8 1
8 85 10 2
8 86 1 5
8 87 4 5
8 88 10 6
8 89 7 6
8 91 1 10
8 92 5 4
8 93 8 2
8 94 7 5
8 95 5 6
8 96 7 6
8 99 10 6
9 10 6 5
9 12 9 3
9 13 10 8
9 14 2 2
9 15 5 9
9 16 4 2
9 17 2 9
9 18 10 1
9 20 2 4
9 21 8 10
9 22 7 8
9 23 7 1
9 24 2 2
9 25 7 2
9 26 8 5
9 27 4 2
9 29 8 4
9 31 5 10
9 33 1 10
9 34 4 8
9 36 6 1
9 37 10 3
9 38 5 3
9 40 6 2
9 41 6 1
9 42 10 4
9 43 6 6
9 44 7 5
9 45 6 4
9 46 9 6
9 48 7 9
9 49 5 8
9 52 4 4
9 54 8 10
9 55 8 2
9 56 7 4
9 57 6 10
9 58 7 3
9 59 7 2
9 60 9 7
9 61 5 5
9 62 5 8
9 63 3 4
9 64 3 9
9 65 6 3
9 66 3 2
9 67 1 3
9 69 5 10
9 70 5 1
9 72 7 4
9 74 6 8
9 75 1 1
9 76 10 10
9 77 9 10
9 79 7 6
9 80 5 8
9 81 1 2
9 82 4 1
9 83 4 4
9 84 6 3
9 85 4 8
9 87 1 10
9 88 6 5
9 90 7 10
9 91 8 10
9 93 3 1
9 94 10 10
9 96 10 9
9 97 3 3
9 98 5 5
9 99 4 7
9 100 7 1
10 11 5 10
10 13 3 8
10 16 7 3
10 17 8 1
10 19 2 6
10 21 3 2
10 23 5 4
10 25 2 9
10 26 7 1
10 27 6 3
10 28 2 4
10 29 5 1
10 30 1 6
10 31 10 8
10 32 2 10
10 33 1 8
10 34 9 8
10 35 5 5
10 36 10 10
10 37 10 7
10 38 6 8
10 41 7 8
10 42 1 2
10 43 7 7
10 44 1 2
10 45 3 9
10 46 3 9
10 47 3 4
10 48 5 5
10 49 1 6
10 50 8 1
10 51 9 6
10 52 2 7
10 53 3 8
10 54 10 4
10 56 3 4
10 57 3 4
10 58 3 2
10 59 7 10
10 60 2 9
10 61 5 8
10 62 9 2
10 63 2 5
10 64 5 7
10 65 3 3
10 66 10 6
10 67 5 5
10 69 4 10
10 70 9 5
10 71 10 3
10 74 10 9
10 75 4 8
10 76 2 9
10 78 4 8
10 79 7 9
10 80 9 5
10 81 8 10
10 82 10 9
10 83 1 10
10 84 6 5
10 85 9 10
10 86 5 1
10 87 8 4
10 88 6 6
10 89 2 9
10 91 2 5
10 94 5 2
10 97 1 2
10 98 3 2
10 99 1 10
11 12 2 2
11 13 5 7
11 14 5 4
11 16 3 8
11 18 7 6
11 19 8 1
11 20 3 1
11 21 10 8
11 22 2 10
11 24 10 5
11 25 4 3
11 27 6 3
11 28 10 5
11 29 2 4
11 30 9 2
11 31 3 2
11 32 8 1
11 33 10 7
11 34 4 8
11 35 8 6
11 37 7 6
11 38 3 6
11 39 1 10
11 40 10 5
11 41 3 6
11 42 3 4
11 43 3 7
11 44 6 2
11 45 9 3
11 46 2 3
11 47 1 8
11 48 5 6
11 49 9 4
11 50 7 9
11 51 10 1
11 52 6 6
11 53 6 7
11 54 4 9
11 55 3 10
11 56 8 9
11 57 5 10
11 58 7 6
11 59 7 6
11 60 1 8
11 61 2 1
11 62 6 8
11 63 3 9
11 64 6 3
11 65 2 1
11 66 3 7
11 67 9 4
11 68 1 8
11 69 1 6
11 70 10 10
11 71 1 8
11 73 6 9
11 74 10 7
11 75 9 1
11 76 1 4
11 77 6 5
11 78 5 10
11 81 9 2
11 82 7 4
11 83 6 1
11 84 6 5
11 85 8 3
11 86 2 7
11 87 1 4
11 88 2 8
11 93 10 6
11 94 1 3
11 95 1 9
11 96 3 5
11 97 10 10
11 99 4 1
11 100 6 5
12 13 4 4
12 14 7 6
12 15 7 9
12 16 10 4
12 18 5 5
12 19 5 10
12 20 2 8
12 21 2 5
12 22 5 7
12 24 2 6
12 27 1 4
12 28 9 6
12 29 6 4
12 30 9 9
12 33 5 9
12 34 7 2
12 35 7 6
12 36 10 8
12 37 9 10
12 38 3 4
12 39 6 7
12 40 5 9
12 41 3 8
12 44 8 9
12 45 8 6
12 46 9 10
12 47 3 10
12 48 1 2
12 49 8 3
12 50 6 1
12 51 7 2
12 52 5 7
12 53 5 4
12 54 3 6
12 55 2 3
12 56 4 10
12 57 5 1
12 60 10 8
12 61 9 7
12 64 8 3
12 65 6 7
12 66 5 8
12 67 6 5
12 68 6 4
12 70 9 8
12 71 3 8
12 73 4 2
12 74 2 10
12 75 7 7
12 78 1 4
12 79 2 5
12 80 10 3
12 81 6 8
12 82 9 4
12 84 6 1
12 85 7 10
12 86 7 3
12 87 6 7
12 88 6 7
12 89 10 8
12 90 9 4
12 91 7 5
12 92 6 6
12 93 1 6
12 94 3 1
12 95 4 9
12 96 4 10
12 97 6 7
12 98 9 5
12 99 1 8
13 15 2 1
13 16 1 1
13 18 2 9
13 19 9 8
13 21 3 6
13 22 2 9
13 23 4 3
13 24 10 3
13 26 3 1
13 29 2 9
13 30 7 8
13 31 10 6
13 32 5 2
13 33 8 6
13 34 4 2
13 35 7 3
13 36 3 6
13 37 3 7
13 38 4 1
13 40 9 1
13 41 3 7
13 42 6 5
13 43 8 5
13 44 7 1
13 45 6 4
13 46 9 7
13 47 2 9
13 48 7 7
13 49 9 3
13 50 9 5
13 51 3 7
13 52 7 6
13 53 3 8
13 54 4 3
13 55 7 3
13 56 6 7
13 57 10 3
13 59 10 7
13 60 10 6
13 61 4 8
13 62 8 7
13 63 8 3
13 64 5 10
13 65 1 9
13 66 1 10
13 68 9 10
13 69 10 9
13 70 2 9
13 71 1 6
13 72 8 4
13 74 6 3
13 75 1 3
13 78 5 6
13 79 7 4
13 80 6 10
13 81 9 4
13 83 9 4
13 84 6 7
13 85 3 4
13 86 1 9
13 87 9 5
13 88 3 2
13 89 2 4
13 91 8 1
13 92 5 3
13 93 8 3
13 94 4 5
13 96 2 9
13 97 4 7
13 98 4 9
13 100 7 1
14 15 8 5
14 16 8 9
14 17 7 4
14 18 3 10
14 19 1 6
14 21 3 6
14 22 4 2
14 23 5 2
14 25 6 7
14 26 5 4
14 27 8 10
14 30 7 3
14 32 8 3
14 34 2 1
14 35 6 2
14 36 2 10
14 37 9 7
14 38 8 4
14 39 8 6
14 40 6 5
14 41 1 6
14 42 10 7
14 43 9 10
14 44 5 9
14 45 3 2
14 46 6 10
14 47 5 8
14 48 6 8
14 49 8 7
14 51 10 7
14 52 9 5
14 53 3 8
14 56 3 6
14 59 3 7
14 60 1 7
14 61 1 9
14 62 5 5
14 63 6 1
14 64 6 10
14 65 7 9
14 66 4 2
14 67 4 3
14 68 10 10
14 69 2 2
14 70 2 10
14 71 7 8
14 72 6 8
14 74 8 8
14 76 8 10
14 78 3 7
14 79 1 8
14 80 2 2
14 81 2 10
14 83 2 1
14 84 9 8
14 85 5 2
14 86 7 3
14 87 7 4
14 88 1 1
14 90 5 7
14 91 4 1
14 92 5 9
14 93 2 9
14 94 3 2
14 95 3 4
14 96 7 10
14 97 1 3
14 98 4 10
14 100 4 6
15 17 7 10
15 19 3 5
15 20 3 7
15 21 3 7
15 22 9 10
15 23 5 8
15 24 8 3
15 25 5 3
15 27 9 10
15 28 1 3
15 29 2 1
15 30 4 3
15 31 7 9
15 32 2 5
15 33 8 9
15 35 7 2
15 36 7 6
15 37 4 1
15 38 3 6
15 39 5 4
15 40 5 1
15 41 5 9
15 42 7 6
15 43 8 3
15 44 5 8
15 45 9 7
15 46 1 4
15 48 4 4
15 50 5 1
15 51 5 6
15 52 1 1
15 53 4 9
15 55 1 9
15 56 8 4
15 57 10 3
15 58 9 6
15 59 6 8
15 60 10 4
15 61 4 2
15 63 8 9
15 64 3 4
15 65 8 3
15 66 2 4
15 67 2 3
15 68 9 8
15 69 8 8
15 70 5 2
15 71 4 10
15 72 2 2
15 73 7 9
15 74 6 2
15 76 10 3
15 77 7 2
15 79 2 6
15 80 1 9
15 81 9 5
15 82 8 3
15 83 1 7
15 84 10 7
15 85 9 5
15 86 10 8
15 87 7 4
15 88 8 4
15 89 8 3
15 90 1 8
15 91 8 6
15 92 1 6
15 95 1 1
15 96 3 8
15 99 6 8
16 17 7 5
16 18 6 2
16 20 2 10
16 21 3 5
16 22 9 7
16 24 2 1
16 25 3 2
16 26 8 4
16 27 3 10
16 28 6 6
16 29 4 10
16 30 9 1
16 31 6 3
16 32 7 10
16 33 10 9
16 35 6 5
16 36 8 3
16 38 3 5
16 39 5 3
16 40 9 2
16 41 2 10
16 42 1 6
16 43 3 7
16 45 2 5
16 46 2 6
16 47 2 10
16 49 1 4
16 50 9 8
16 51 5 6
16 52 2 1
16 53 4 4
16 54 10 4
16 55 7 4
16 56 1 6
16 57 7 6
16 59 9 6
16 60 5 3
16 62 9 5
16 63 10 6
16 64 6 1
16 65 1 7
16 66 5 7
16 67 10 8
16 68 4 2
16 69 8 3
16 70 2 6
16 71 10 5
16 73 9 6
16 74 1 10
16 75 5 5
16 77 1 9
16 78 5 4
16 79 8 9
16 80 9 10
16 81 3 5
16 82 5 4
16 83 10 5
16 85 4 6
16 86 8 6
16 87 1 10
16 88 2 10
16 89 1 4
16 90 8 3
16 91 3 10
16 92 6 3
16 93 8 9
16 94 8 4
16 95 2 2
16 96 8 9
16 97 7 9
16 98 5 1
16 99 5 10
16 100 6 1
17 19 5 10
17 20 1 5
17 21 5 8
17 22 8 3
17 23 10 2
17 24 1 1
17 25 4 10
17 26 1 9
17 27 6 6
17 31 4 2
17 32 9 4
17 33 8 4
17 34 5 1
17 35 5 7
17 37 6 6
17 39 9 5
17 40 4 4
17 42 10 3
17 43 9 1
17 44 2 7
17 45 4 6
17 46 7 4
17 47 8 8
17 48 8 7
17 50 2 1
17 52 5 8
17 53 5 4
17 55 7 6
17 56 2 3
17 57 7 2
17 59 1 6
17 60 7 9
17 61 8 6
17 62 10 7
17 63 7 7
17 64 3 6
17 66 4 6
17 67 6 8
17 68 5 6
17 69 8 8
17 70 9 5
17 71 10 10
17 72 7 5
17 73 2 10
17 75 3 3
17 76 3 10
17 77 1 9
17 78 4 1
17 79 4 1
17 80 3 2
17 81 5 3
17 82 3 8
17 84 1 9
17 85 4 1
17 86 10 10
17 87 5 3
17 88 9 7
17 89 7 1
17 90 7 10
17 91 3 2
17 92 3 4
17 93 4 2
17 95 6 7
17 96 3 1
17 98 7 9
17 99 10 8
17 100 6 9
18 19 6 6
18 22 8 7
18 23 5 10
18 24 5 9
18 26 3 6
18 27 6 1
18 30 4 5
18 31 5 1
18 32 3 4
18 36 3 7
18 37 7 7
18 38 4 9
18 39 4 3
18 43 7 1
18 44 4 1
18 45 5 9
18 47 6 5
18 48 8 7
18 49 1 4
18 50 4 3
18 51 4 5
18 52 7 4
18 53 1 10
18 54 9 7
18 55 9 3
18 56 6 2
18 57 6 6
18 58 2 8
18 59 6 10
18 60 1 5
18 62 8 3
18 63 9 8
18 64 1 10
18 65 4 5
18 66 10 7
18 67 2 10
18 68 1 7
18 69 6 2
18 70 9 9
18 71 9 4
18 72 5 4
18 73 1 7
18 74 3 8
18 75 2 8
18 76 2 9
18 77 1 9
18 78 9 4
18 80 10 7
18 81 6 9
18 82 2 6
18 83 6 10
18 84 9 5
18 85 7 8
18 87 10 8
18 88 4 5
18 89 10 5
18 90 9 4
18 92 6 10
18 94 10 3
18 95 10 2
18 97 2 9
18 98 1 2
18 99 5 10
19 20 2 9
19 21 3 4
19 22 2 5
19 23 6 3
19 24 8 4
19 25 10 8
19 27 4 1
19 28 2 8
19 29 1 2
19 30 3 2
19 31 5 8
19 32 2 3
19 33 1 2
19 34 1 1
19 35 5 1
19 37 9 2
19 38 5 8
19 39 10 4
19 40 4 5
19 41 5 2
19 42 3 1
19 44 7 10
19 45 2 5
19 48 9 10
19 50 7 3
19 51 1 1
19 52 9 2
19 53 3 3
19 54 1 6
19 55 1 6
19 56 4 9
19 59 4 10
19 60 4 9
19 62 3 7
19 63 2 7
19 65 1 4
19 66 7 8
19 67 8 5
19 70 8 9
19 71 7 10
19 72 4 1
19 73 10 4
19 74 7 7
19 75 3 2
19 76 4 5
19 77 5 1
19 80 3 4
19 81 1 4
19 82 9 2
19 83 2 2
19 84 5 1
19 85 10 6
19 86 6 2
19 88 2 8
19 89 7 8
19 91 2 3
19 93 7 3
19 95 3 7
19 96 6 10
19 98 3 9
19 100 4 7
20 21 9 8
20 23 3 7
20 24 8 1
20 25 4 6
20 26 3 4
20 27 9 6
20 28 5 2
20 29 6 6
20 30 10 2
20 31 4 4
20 32 6 10
20 33 9 5
20 34 4 3
20 36 8 1
20 40 1 7
20 41 8 9
20 42 2 7
20 43 10 9
20 44 9 8
20 45 4 10
20 46 7 1
20 47 9 8
20 48 1 5
20 49 8 8
20 50 5 10
20 51 5 8
20 52 8 4
20 54 1 10
20 55 8 3
20 56 4 6
20 57 2 9
20 58 8 9
20 59 7 6
20 60 4 5
20 62 10 6
20 63 3 3
20 64 2 3
20 65 6 1
20 67 8 4
20 68 3 1
20 69 10 4
20 70 4 9
20 73 1 4
20 74 4 7
20 75 5 4
20 76 4 9
20 77 1 10
20 79 3 6
20 80 8 2
20 81 6 3
20 82 4 10
20 83 4 5
20 84 5 7
20 85 6 8
20 86 10 4
20 87 3 7
20 88 5 4
20 91 8 5
20 92 6 3
20 93 4 8
20 95 4 2
20 96 6 3
20 97 9 4
20 98 6 5
20 99 1 5
20 100 3 3
21 23 10 2
21 24 6 7
21 25 3 10
21 26 8 10
21 27 3 10
21 28 5 7
21 29 6 7
21 30 1 4
21 31 6 10
21 32 1 4
21 34 5 6
21 36 1 8
21 37 10 4
21 39 9 2
21 40 4 5
21 42 3 4
21 43 5 8
21 44 9 9
21 45 6 3
21 46 1 6
21 47 10 10
21 48 5 5
21 49 9 7
21 50 4 9
21 51 1 2
21 53 9 9
21 55 6 6
21 58 5 2
21 59 9 9
21 60 5 5
21 61 3 4
21 63 4 4
21 64 3 8
21 65 3 1
21 66 3 6
21 67 1 8
21 68 6 4
21 70 4 2
21 72 3 5
21 73 9 7
21 75 3 1
21 76 10 10
21 77 6 1
21 78 5 3
21 79 8 6
21 80 4 9
21 82 7 8
21 83 5 4
21 84 2 6
21 85 1 10
21 86 3 5
21 87 3 1
21 88 2 1
21 89 6 4
21 90 6 7
21 93 2 3
21 94 2 3
21 95 6 6
21 97 3 8
21 98 9 7
21 99 8 6
21 100 7 8
22 23 10 6
22 25 1 5
22 26 6 7
22 27 10 2
22 28 6 7
22 30 2 8
22 32 10 4
22 33 9 9
22 34 6 3
22 35 5 2
22 36 10 4
22 37 2 10
22 39 7 4
22 40 3 3
22 41 7 6
22 42 6 9
22 43 4 2
22 44 2 9
22 45 4 1
22 47 3 10
22 50 6 5
22 52 5 1
22 53 9 4
22 54 1 9
22 55 7 9
22 56 9 2
22 57 8 1
22 58 3 2
22 60 7 9
22 61 7 3
22 63 8 4
22 64 6 2
22 65 2 3
22 67 2 6
22 69 4 7
22 70 4 7
22 71 9 6
22 72 9 9
22 73 3 9
22 74 10 5
22 75 5 10
22 76 3 2
22 77 9 1
22 79 8 10
22 81 9 3
22 82 3 5
22 83 1 9
22 84 5 3
22 85 1 2
22 86 3 6
22 87 8 2
22 88 5 8
22 89 8 8
22 91 7 10
22 93 7 7
22 94 6 10
22 95 9 2
22 96 9 3
22 97 5 6
22 98 4 8
22 99 3 1
22 100 1 10
23 24 3 2
23 25 2 5
23 26 6 1
23 27 10 5
23 28 7 8
23 29 8 5
23 30 9 3
23 31 6 1
23 32 6 4
23 33 9 2
23 35 10 4
23 37 3 1
23 38 6 10
23 39 1 1
23 40 8 1
23 42 9 7
23 43 2 4
23 45 3 8
23 46 10 1
23 47 6 3
23 49 9 4
23 50 4 8
23 51 3 10
23 52 2 3
23 53 6 5
23 54 3 8
23 57 4 6
23 58 3 1
23 59 10 8
23 60 7 3
23 61 4 9
23 62 3 7
23 63 10 5
23 64 1 2
23 66 1 10
23 67 3 1
23 68 8 1
23 69 4 4
23 70 3 3
23 71 10 8
23 72 1 10
23 73 8 10
23 75 5 2
23 78 6 2
23 79 4 4
23 80 1 4
23 81 10 2
23 82 2 5
23 83 3 3
23 84 10 10
23 86 6 6
23 88 3 8
23 89 1 7
23 90 8 7
23 91 5 1
23 92 1 2
23 94 9 3
23 95 5 10
23 96 6 8
23 97 5 9
23 98 6 9
23 99 8 5
23 100 10 10
24 25 2 10
24 26 8 2
24 27 3 3
24 28 2 2
24 29 10 6
24 30 5 2
24 32 7 3
24 33 5 2
24 34 2 1
24 35 7 2
24 36 10 1
24 37 1 3
24 38 9 3
24 39 3 6
24 40 7 8
24 41 7 2
24 42 4 8
24 43 2 6
24 44 7 6
24 45 9 6
24 46 5 9
24 47 10 5
24 49 7 9
24 51 6 3
24 53 3 2
24 54 1 3
24 55 1 10
24 57 1 7
24 58 6 7
24 59 2 9
24 60 6 6
24 61 10 10
24 62 7 4
24 63 3 2
24 64 6 2
24 65 9 4
24 66 1 4
24 67 6 3
24 68 4 2
24 69 4 3
24 70 3 10
24 71 1 3
24 72 9 6
24 73 7 10
24 74 8 6
24 76 8 10
24 77 2 9
24 78 3 1
24 79 1 5
24 80 10 9
24 81 10 4
24 82 8 9
24 84 5 8
24 85 6 10
24 86 2 6
24 88 3 3
24 89 10 7
24 90 1 5
24 91 6 10
24 92 4 7
24 93 2 2
24 94 3 5
24 97 1 4
24 98 2 3
25 26 3 8
25 27 6 3
25 28 1 8
25 29 4 3
25 30 6 7
25 31 5 9
25 32 6 9
25 33 4 5
25 34 10 10
25 35 1 4
25 38 6 7
25 39 5 6
25 40 8 7
25 41 9 6
25 42 6 9
25 43 4 6
25 44 2 6
25 46 2 2
25 47 5 3
25 48 2 1
25 49 7 2
25 50 6 6
25 51 4 5
25 53 4 3
25 54 2 3
25 55 10 7
25 56 5 7
25 57 7 5
25 58 4 3
25 59 4 2
25 60 10 2
25 61 6 7
25 62 2 6
25 64 1 8
25 66 1 10
25 67 1 7
25 68 4 4
25 69 7 4
25 70 3 5
25 71 4 9
25 72 7 7
25 74 4 3
25 75 3 8
25 76 8 7
25 77 3 2
25 78 2 1
25 79 3 9
25 80 7 10
25 81 6 8
25 82 9 7
25 83 7 1
25 84 5 9
25 85 9 1
25 86 1 7
25 87 6 8
25 88 2 6
25 90 5 1
25 91 7 5
25 92 1 1
25 93 5 5
25 94 5 7
25 95 5 4
25 96 6 8
25 97 2 1
25 98 3 2
26 27 2 9
26 29 2 1
26 30 3 10
26 32 5 6
26 33 4 7
26 34 3 8
26 35 9 3
26 36 3 6
26 37 7 10
26 39 5 5
26 41 10 8
26 42 3 6
26 45 8 3
26 46 2 9
26 47 1 9
26 48 4 10
26 49 4 4
26 50 1 6
26 51 2 9
26 52 5 1
26 53 8 7
26 54 7 9
26 55 5 10
26 56 8 3
26 57 1 7
26 58 4 10
26 59 3 6
26 60 3 7
26 61 4 10
26 62 9 6
26 63 8 1
26 64 8 4
26 65 10 6
26 66 5 8
26 67 1 7
26 68 1 9
26 69 5 2
26 70 9 7
26 71 6 10
26 72 7 10
26 73 3 2
26 74 6 10
26 75 1 5
26 76 1 4
26 77 9 3
26 79 6 2
26 80 9 7
26 81 7 3
26 82 1 5
26 83 7 9
26 84 5 1
26 85 4 10
26 86 10 7
26 87 10 5
26 89 9 10
26 90 5 2
26 94 6 7
26 95 3 1
26 96 5 1
26 97 1 8
26 98 1 6
26 99 9 9
26 100 8 4
27 28 8 2
27 29 3 6
27 30 1 5
27 31 2 6
27 32 7 5
27 33 5 10
27 34 5 4
27 35 4 6
27 36 10 6
27 37 10 2
27 38 6 1
27 39 6 1
27 40 5 5
27 41 6 2
27 42 1 8
27 43 8 9
27 44 8 2
27 46 6 7
27 47 10 10
27 49 6 8
27 50 1 9
27 53 1 10
27 55 3 6
27 57 8 8
27 58 4 4
27 59 5 7
27 60 8 2
27 61 6 10
27 62 9 9
27 63 8 3
27 64 10 4
27 65 6 2
27 66 1 5
27 68 10 10
27 69 4 2
27 70 4 3
27 71 8 5
27 72 2 1
27 73 5 1
27 74 9 10
27 75 6 2
27 76 5 9
27 77 4 9
27 79 5 2
27 80 6 8
27 81 3 4
27 82 2 10
27 83 2 9
27 84 8 1
27 85 7 9
27 86 1 5
27 87 9 10
27 88 8 10
27 90 10 6
27 92 1 3
27 93 1 4
27 95 1 4
27 96 4 2
27 98 5 3
27 99 4 8
27 100 6 1
28 29 10 1
28 31 9 4
28 32 5 5
28 33 4 3
28 34 6 7
28 35 5 9
28 36 5 8
28 37 1 6
28 38 4 4
28 39 2 8
28 40 3 10
28 41 9 7
28 42 3 9
28 43 4 2
28 44 7 6
28 45 1 3
28 46 1 9
28 47 1 5
28 48 4 6
28 49 4 2
28 50 4 10
28 52 8 6
28 54 7 2
28 55 10 9
28 56 7 3
28 57 5 10
28 58 6 3
28 59 6 7
28 60 10 7
28 61 2 10
28 62 10 7
28 63 3 7
28 64 10 5
28 65 3 7
28 66 5 2
28 67 6 1
28 68 10 8
28 69 1 7
28 70 8 10
28 71 6 6
28 72 1 10
28 73 7 5
28 74 5 2
28 75 1 3
28 76 9 3
28 77 4 3
28 78 9 10
28 82 1 2
28 83 10 1
28 85 8 7
28 86 10 4
28 87 2 4
28 88 10 1
28 89 7 3
28 90 8 9
28 92 10 8
28 93 1 8
28 94 8 7
28 95 9 6
28 96 5 9
28 97 10 9
28 98 6 9
28 99 8 4
28 100 7 7
29 30 2 8
29 31 7 8
29 32 6 6
29 33 3 9
29 34 1 3
29 36 9 6
29 37 4 9
29 38 9 4
29 39 2 6
29 40 9 4
29 41 10 9
29 42 4 2
29 43 2 7
29 44 8 1
29 45 8 10
29 46 5 7
29 47 4 8
29 48 7 8
29 49 9 6
29 50 3 9
29 52 5 5
29 53 10 9
29 55 2 10
29 58 4 7
29 59 6 2
29 60 9 7
29 61 2 6
29 62 2 3
29 63 1 7
29 66 2 5
29 68 2 6
29 70 6 1
29 73 4 5
29 74 4 10
29 76 8 1
29 77 1 3
29 78 1 7
29 80 10 10
29 81 7 6
29 82 10 1
29 83 10 4
29 84 5 10
29 87 6 1
29 89 6 10
29 90 8 7
29 91 5 9
29 92 5 3
29 93 2 2
29 95 8 5
29 96 1 3
29 97 1 9
29 99 7 8
30 32 6 3
30 33 2 5
30 35 10 3
30 36 8 9
30 37 10 1
30 38 1 5
30 41 1 2
30 42 10 3
30 43 6 3
30 44 5 7
30 46 3 3
30 47 1 7
30 48 6 3
30 49 9 6
30 50 1 5
30 51 10 5
30 53 2 5
30 54 5 3
30 56 10 1
30 57 2 1
30 58 1 8
30 59 4 8
30 60 3 5
30 61 9 2
30 62 3 1
30 63 9 10
30 64 7 3
30 66 6 3
30 67 5 6
30 68 6 4
30 69 7 2
30 70 3 7
30 71 10 5
30 72 7 4
30 74 3 3
30 75 8 1
30 77 9 7
30 78 9 4
30 79 5 7
30 80 5 4
30 81 1 5
30 82 3 4
30 83 6 5
30 84 5 1
30 85 9 6
30 86 4 6
30 87 5 1
30 88 5 3
30 89 9 7
30 90 4 5
30 91 4 10
30 93 8 3
30 94 7 7
30 95 2 5
30 96 8 2
30 97 1 10
30 98 10 4
30 99 6 5
30 100 7 1
31 32 6 10
31 33 4 5
31 34 2 9
31 35 7 9
31 36 8 4
31 37 6 7
31 38 9 7
31 39 2 7
31 41 1 9
31 42 7 6
31 43 10 5
31 44 1 6
31 45 2 9
31 46 1 8
31 47 9 7
31 48 9 4
31 49 1 1
31 50 6 1
31 51 8 5
31 52 5 2
31 53 1 1
31 55 2 1
31 56 10 1
31 58 5 10
31 59 7 4
31 61 10 9
31 63 4 3
31 64 4 2
31 65 9 2
31 66 3 10
31 67 4 8
31 68 5 7
31 69 10 2
31 70 9 4
31 71 3 2
31 72 3 8
31 73 6 2
31 74 2 9
31 75 8 1
31 76 5 4
31 77 9 5
31 78 8 5
31 79 3 9
31 80 4 7
31 81 4 1
31 82 4 7
31 83 6 6
31 84 7 7
31 86 2 6
31 87 6 8
31 88 7 1
31 89 1 4
31 90 8 4
31 92 4 4
31 93 8 3
31 94 2 6
31 96 7 5
31 98 3 7
31 99 8 5
31 100 6 1
32 33 10 8
32 34 5 3
32 35 2 1
32 36 1 2
32 37 3 4
32 41 7 2
32 42 1 9
32 43 10 3
32 45 1 3
32 46 2 5
32 47 8 8
32 48 3 8
32 49 5 8
32 50 2 9
32 51 10 6
32 52 2 2
32 54 5 9
32 55 3 9
32 57 7 4
32 59 1 3
32 60 6 3
32 61 10 1
32 62 5 1
32 63 2 1
32 64 2 10
32 66 3 4
32 67 10 2
32 68 7 9
32 70 9 6
32 71 6 8
32 72 3 10
32 73 9 4
32 75 9 4
32 76 6 4
32 77 7 9
32 78 6 7
32 81 2 1
32 82 5 3
32 83 3 4
32 84 5 4
32 85 7 6
32 87 1 8
32 88 9 1
32 89 6 8
32 90 7 7
32 91 9 8
32 92 5 2
32 93 3 9
32 94 6 1
32 95 2 2
32 96 9 7
32 99 6 9
32 100 9 5
33 34 9 10
33 35 10 6
33 36 1 5
33 37 6 4
33 38 9 10
33 39 4 3
33 41 1 6
33 42 2 1
33 43 2 4
33 44 3 9
33 46 8 3
33 47 10 7
33 48 4 2
33 49 7 7
33 51 4 1
33 52 10 3
33 54 4 10
33 55 9 1
33 56 8 1
33 58 10 1
33 59 2 10
33 60 1 6
33 62 5 4
33 63 7 7
33 64 9 9
33 65 2 7
33 66 2 4
33 67 9 3
33 68 4 4
33 69 4 2
33 70 5 3
33 71 6 7
33 72 4 5
33 73 5 10
33 75 9 3
33 77 6 10
33 78 8 10
33 79 6 8
33 80 1 1
33 81 5 4
33 83 10 9
33 84 2 8
33 85 5 7
33 86 1 1
33 87 3 5
33 88 1 7
33 89 9 8
33 90 7 6
33 91 8 8
33 94 8 5
33 95 3 1
33 96 6 4
33 99 4 4
33 100 7 2
34 35 1 1
34 36 4 8
34 37 10 9
34 38 5 2
34 39 7 6
34 40 4 2
34 41 8 7
34 45 6 10
34 46 9 3
34 47 2 5
34 49 9 3
34 51 3 6
34 52 8 4
34 53 1 10
34 55 6 2
34 56 10 8
34 57 3 7
34 58 8 4
34 59 4 7
34 60 8 9
34 61 2 5
34 63 9 9
34 64 3 2
34 65 7 9
34 66 4 5
34 67 2 9
34 69 10 3
34 70 6 3
34 71 10 4
34 72 5 2
34 73 4 7
34 74 3 6
34 75 1 4
34 76 8 1
34 77 1 6
34 79 10 3
34 80 2 9
34 82 8 8
34 83 1 10
34 84 6 10
34 85 4 2
34 86 6 7
34 87 4 2
34 88 4 2
34 89 5 2
34 90 10 3
34 92 9 3
34 93 2 5
34 96 6 9
34 97 2 7
34 98 2 6
34 99 7 5
34 100 3 10
35 36 8 7
35 37 3 8
35 39 6 6
35 40 4 9
35 42 2 7
35 44 9 3
35 46 10 9
35 47 10 5
35 48 2 6
35 49 2 3
35 50 9 8
35 53 4 4
35 54 6 7
35 56 4 3
35 57 9 8
35 58 9 7
35 59 2 9
35 61 5 9
35 62 2 8
35 63 9 6
35 64 1 8
35 65 8 2
35 66 6 4
35 67 5 1
35 71 10 3
35 72 7 7
35 73 3 10
35 74 2 3
35 75 9 10
35 76 2 8
35 77 2 8
35 78 5 6
35 80 5 7
35 81 6 2
35 82 9 2
35 83 7 8
35 84 7 2
35 85 5 5
35 86 4 9
35 88 4 8
35 91 1 2
35 92 9 3
35 93 9 5
35 94 2 4
35 96 9 4
35 97 9 5
35 98 8 4
35 99 9 7
36 37 7 7
36 38 8 4
36 39 1 9
36 40 10 7
36 41 1 4
36 42 2 8
36 44 7 4
36 45 5 8
36 46 1 9
36 49 1 4
36 52 10 8
36 53 6 3
36 55 2 4
36 56 9 3
36 59 6 6
36 61 7 8
36 64 7 6
36 65 3 9
36 66 3 9
36 68 10 10
36 69 4 8
36 70 8 6
36 72 3 9
36 73 9 5
36 75 3 7
36 76 9 8
36 78 4 5
36 79 7 1
36 80 1 3
36 81 6 2
36 82 4 10
36 83 6 8
36 84 6 4
36 85 1 9
36 86 10 6
36 88 3 6
36 90 5 4
36 91 1 6
36 92 8 2
36 93 9 6
36 94 5 9
36 95 9 6
36 96 4 4
36 97 1 2
36 98 5 10
36 99 6 1
37 39 6 6
37 40 8 7
37 41 1 8
37 43 5 4
37 44 7 3
37 45 1 7
37 46 4 8
37 47 8 3
37 48 5 4
37 49 3 8
37 51 7 6
37 52 4 3
37 53 2 4
37 54 8 3
37 55 7 5
37 57 9 7
37 58 8 5
37 59 8 5
37 60 9 3
37 61 8 1
37 62 10 7
37 63 1 4
37 64 8 3
37 65 9 7
37 66 5 6
37 67 5 8
37 71 4 10
37 72 2 1
37 73 5 4
37 74 1 7
37 75 10 1
37 76 5 6
37 77 9 4
37 78 1 3
37 79 6 5
37 80 1 5
37 81 6 8
37 82 1 8
37 84 5 9
37 86 3 8
37 87 8 8
37 89 5 8
37 90 8 10
37 91 2 8
37 92 2 8
37 93 1 4
37 94 2 8
37 96 2 1
37 97 9 10
37 99 4 1
37 100 10 2
38 39 3 3
38 40 1 10
38 41 9 3
38 42 9 2
38 43 7 4
38 44 1 4
38 46 3 1
38 49 8 7
38 50 5 8
38 52 10 10
38 53 5 6
38 54 4 10
38 55 9 10
38 57 8 8
38 58 6 5
38 59 3 9
38 60 10 8
38 61 4 10
38 62 8 2
38 63 7 6
38 64 1 5
38 65 4 6
38 66 4 1
38 72 1 8
38 73 9 3
38 74 9 6
38 75 9 2
38 76 7 6
38 77 5 8
38 78 5 5
38 79 9 8
38 80 10 8
38 82 2 2
38 84 10 8
38 86 1 9
38 87 5 1
38 88 2 3
38 90 4 10
38 91 9 2
38 92 9 3
38 94 4 3
38 95 8 9
38 96 9 5
38 98 5 5
38 99 9 9
38 100 10 2
39 40 8 8
39 41 7 1
39 42 1 9
39 43 5 10
39 44 3 10
39 45 8 9
39 46 7 5
39 47 3 9
39 48 9 5
39 49 9 1
39 50 9 8
39 51 3 5
39 52 5 10
39 53 9 10
39 54 9 7
39 55 3 10
39 56 9 2
39 57 10 1
39 58 9 9
39 60 5 2
39 61 9 8
39 62 9 5
39 63 10 3
39 64 2 7
39 66 8 2
39 67 6 7
39 68 9 4
39 69 3 6
39 70 3 3
39 71 9 2
39 72 9 1
39 73 8 7
39 74 6 8
39 75 5 8
39 76 1 2
39 77 3 5
39 78 4 1
39 79 7 8
39 80 7 3
39 81 6 9
39 82 5 6
39 84 1 3
39 86 10 2
39 87 3 6
39 88 2 8
39 89 4 8
39 90 6 6
39 91 4 8
39 92 10 7
39 93 6 4
39 94 1 4
39 95 5 3
39 96 1 7
39 97 6 3
39 98 5 5
39 99 7 5
39 100 7 10
40 41 4 5
40 42 5 9
40 43 5 3
40 44 6 8
40 45 6 1
40 47 10 3
40 48 4 9
40 52 6 1
40 53 10 5
40 54 1 4
40 55 7 5
40 57 6 2
40 58 5 3
40 59 7 10
40 60 3 9
40 61 8 3
40 62 1 2
40 63 2 6
40 64 5 5
40 65 7 8
40 66 6 6
40 67 1 9
40 68 2 8
40 69 6 8
40 70 5 4
40 72 7 10
40 73 10 10
40 74 2 5
40 75 10 8
40 76 6 8
40 77 9 3
40 78 4 5
40 79 7 7
40 81 5 8
40 82 10 8
40 83 5 10
40 86 2 10
40 88 9 1
40 89 7 2
40 90 1 8
40 92 6 1
40 94 3 9
40 97 1 8
40 98 8 6
40 99 10 8
40 100 5 6
41 42 8 2
41 43 8 7
41 44 7 9
41 45 6 2
41 46 7 1
41 47 5 2
41 48 8 1
41 50 6 8
41 51 10 6
41 52 8 4
41 53 8 9
41 54 9 5
41 56 5 10
41 57 4 8
41 61 6 8
41 63 5 3
41 64 10 10
41 65 7 3
41 66 4 7
41 69 4 4
41 72 4 9
41 73 6 9
41 74 8 4
41 75 9 8
41 77 6 4
41 78 2 9
41 80 2 8
41 81 4 9
41 82 9 5
41 83 3 8
41 85 3 2
41 86 1 9
41 87 6 4
41 88 1 8
41 89 2 5
41 90 5 3
41 94 6 1
41 95 7 7
41 96 9 6
41 97 1 4
41 98 5 8
41 99 2 2
41 100 6 10
42 43 6 2
42 44 8 1
42 45 2 1
42 46 5 8
42 47 3 2
42 48 2 4
42 49 2 8
42 50 2 6
42 52 6 2
42 53 10 4
42 54 2 2
42 55 2 9
42 57 2 1
42 58 7 3
42 59 8 9
42 60 10 10
42 61 8 3
42 62 5 7
42 63 10 1
42 64 3 1
42 65 4 10
42 66 7 5
42 67 8 7
42 69 8 10
42 71 2 1
42 72 3 8
42 74 6 10
42 75 10 8
42 76 8 9
42 77 4 1
42 78 4 5
42 79 6 1
42 80 3 2
42 82 3 8
42 83 6 5
42 85 4 7
42 86 4 9
42 87 8 6
42 89 3 9
42 92 2 6
42 93 9 2
42 94 1 6
42 95 6 7
42 96 1 10
42 97 6 8
42 98 9 6
42 99 7 9
42 100 3 3
43 45 4 1
43 46 3 5
43 47 4 10
43 48 6 6
43 49 4 7
43 50 9 6
43 51 6 1
43 52 8 5
43 53 1 8
43 54 8 1
43 55 8 5
43 56 4 3
43 57 4 3
43 58 3 4
43 59 7 2
43 60 10 9
43 61 1 10
43 62 5 2
43 64 2 4
43 65 1 3
43 66 4 7
43 67 1 3
43 70 1 10
43 71 6 4
43 72 10 5
43 74 10 5
43 75 6 10
43 76 10 1
43 77 7 10
43 78 7 3
43 80 7 10
43 81 4 9
43 82 7 2
43 84 8 2
43 85 2 9
43 87 7 7
43 89 3 4
43 90 7 6
43 91 9 4
43 93 3 5
43 94 9 3
43 95 5 9
43 96 9 7
43 97 7 1
43 98 6 3
43 99 8 4
44 45 6 3
44 47 2 9
44 48 1 6
44 50 5 7
44 51 9 9
44 52 5 8
44 53 8 7
44 54 7 10
44 55 7 6
44 56 1 4
44 57 6 2
44 58 5 9
44 59 7 9
44 60 10 3
44 62 3 9
44 63 7 1
44 64 5 7
44 65 2 5
44 66 4 3
44 67 8 4
44 68 2 6
44 69 10 5
44 70 9 4
44 71 7 6
44 72 10 7
44 73 4 2
44 74 4 9
44 75 10 6
44 76 2 5
44 78 8 3
44 79 4 3
44 80 10 8
44 81 6 2
44 82 4 4
44 84 9 1
44 85 4 1
44 86 10 5
44 87 2 5
44 88 10 8
44 89 6 1
44 90 9 8
44 92 9 5
44 93 2 9
44 94 9 5
44 95 4 7
44 96 10 2
44 97 8 10
44 98 4 7
44 99 3 4
44 100 9 4
45 46 7 3
45 47 7 8
45 49 5 2
45 50 2 5
45 52 8 10
45 54 7 10
45 55 2 6
45 56 8 8
45 59 3 6
45 60 9 6
45 62 4 3
45 63 3 9
45 64 2 3
45 65 5 1
45 67 9 8
45 69 9 10
45 71 3 9
45 72 4 9
45 73 7 1
45 76 4 1
45 77 10 4
45 78 3 3
45 79 1 7
45 80 5 1
45 81 9 4
45 83 9 6
45 85 4 8
45 86 7 3
45 88 10 6
45 89 9 3
45 90 3 1
45 91 10 8
45 93 10 1
45 95 6 2
45 98 7 3
45 99 5 1
45 100 10 2
46 47 9 10
46 48 1 4
46 49 8 2
46 50 5 1
46 51 10 2
46 52 1 10
46 53 8 8
46 54 5 8
46 56 2 5
46 58 10 8
46 59 9 4
46 61 9 1
46 62 9 5
46 63 2 2
46 64 1 10
46 65 2 3
46 66 2 1
46 67 7 8
46 68 7 4
46 69 5 1
46 70 6 1
46 71 10 8
46 73 3 1
46 75 4 7
46 76 4 5
46 77 3 6
46 78 2 6
46 79 6 2
46 80 1 8
46 81 8 5
46 82 8 8
46 83 5 9
46 84 8 4
46 86 2 2
46 88 4 7
46 89 3 2
46 91 5 8
46 92 6 10
46 94 3 6
46 95 3 6
46 96 5 10
46 97 10 3
46 98 6 9
46 99 5 8
47 48 1 6
47 49 8 9
47 50 1 6
47 52 2 2
47 53 3 9
47 54 7 1
47 55 7 8
47 57 1 5
47 59 6 3
47 60 9 9
47 61 3 8
47 62 9 3
47 63 8 8
47 64 8 3
47 65 4 7
47 67 1 6
47 68 4 6
47 69 6 1
47 70 9 1
47 72 10 2
47 73 5 6
47 75 8 6
47 77 7 10
47 78 9 5
47 79 5 8
47 80 2 4
47 82 1 5
47 83 4 2
47 85 2 9
47 86 3 7
47 87 2 7
47 89 10 4
47 90 8 9
47 91 10 2
47 92 10 10
47 93 2 2
47 94 8 8
47 95 4 4
47 96 9 4
47 99 7 3
47 100 5 10
48 49 7 4
48 50 7 1
48 51 10 4
48 52 4 5
48 54 6 2
48 56 9 5
48 58 1 3
48 59 8 5
48 60 10 5
48 61 7 3
48 62 4 8
48 64 10 2
48 65 9 7
48 67 5 8
48 68 7 5
48 69 9 9
48 71 7 5
48 72 9 10
48 74 7 6
48 75 10 8
48 76 5 5
48 77 3 6
48 78 2 9
48 79 10 10
48 81 8 7
48 82 3 4
48 83 3 10
48 85 7 4
48 86 3 3
48 88 10 4
48 89 9 2
48 90 4 5
48 91 10 8
48 92 2 2
48 93 7 10
48 94 6 6
48 95 3 6
48 96 5 10
48 98 8 8
48 99 2 7
48 100 2 2
49 50 4 5
49 52 7 3
49 53 3 4
49 54 2 8
49 55 8 5
49 57 2 5
49 60 4 6
49 62 2 8
49 63 10 6
49 64 5 2
49 65 9 9
49 66 7 7
49 69 3 6
49 70 6 9
49 71 10 6
49 72 4 8
49 74 6 2
49 75 3 9
49 76 3 1
49 79 5 1
49 80 9 4
49 81 1 6
49 82 2 1
49 84 2 4
49 85 6 3
49 86 3 6
49 87 8 2
49 88 1 4
49 89 4 6
49 90 5 4
49 91 8 2
49 93 2 4
49 94 2 9
49 95 1 8
49 96 8 5
49 98 1 7
49 99 4 3
49 100 5 2
50 52 9 1
50 53 3 9
50 54 1 8
50 56 4 6
50 57 8 6
50 59 9 7
50 61 6 10
50 63 1 7
50 64 10 2
50 65 8 9
50 66 8 2
50 70 4 1
50 72 3 3
50 73 7 5
50 74 6 7
50 75 2 1
50 76 8 9
50 77 2 4
50 78 3 3
50 79 1 7
50 80 8 1
50 81 3 8
50 83 7 9
50 84 1 9
50 85 4 5
50 88 5 7
50 89 10 4
50 90 10 1
50 91 6 10
50 92 10 1
50 93 10 8
50 95 4 2
50 96 6 7
50 97 6 1
50 98 5 6
50 99 1 1
50 100 7 1
51 53 3 4
51 54 8 8
51 55 8 5
51 56 7 9
51 57 3 7
51 59 3 1
51 60 5 7
51 61 4 10
51 62 9 6
51 63 6 9
51 66 6 9
51 67 8 4
51 68 10 10
51 71 5 7
51 72 9 2
51 73 9 8
51 74 6 7
51 75 1 6
51 76 5 3
51 77 3 6
51 78 7 9
51 79 8 3
51 80 2 2
51 81 1 9
51 82 10 6
51 83 9 9
51 84 7 9
51 85 5 8
51 86 1 10
51 87 2 4
51 88 4 6
51 89 6 6
51 91 8 6
51 93 5 6
51 94 8 3
51 96 6 8
51 97 5 10
51 98 9 10
51 99 6 4
52 53 1 6
52 55 6 4
52 56 3 2
52 57 3 6
52 58 8 4
52 60 1 10
52 62 2 10
52 63 5 5
52 64 10 10
52 65 7 5
52 67 1 2
52 68 2 3
52 69 1 5
52 70 4 10
52 72 1 7
52 74 8 6
52 75 2 3
52 76 4 3
52 77 6 8
52 78 7 9
52 80 9 5
52 81 5 9
52 83 10 4
52 85 1 10
52 86 6 3
52 87 4 1
52 89 9 3
52 90 2 8
52 91 10 3
52 92 5 8
52 93 10 8
52 94 2 5
52 95 9 3
52 96 7 5
52 97 5 7
52 98 6 7
52 99 1 4
52 100 2 5
53 54 5 4
53 55 10 9
53 57 9 4
53 58 9 9
53 59 9 2
53 60 10 2
53 61 7 3
53 62 6 9
53 63 4 3
53 64 7 8
53 65 5 1
53 66 3 10
53 67 2 3
53 68 9 8
53 69 4 9
53 70 4 8
53 71 7 8
53 72 5 8
53 73 9 8
53 74 6 6
53 75 2 5
53 77 9 9
53 78 3 3
53 81 2 5
53 82 1 7
53 83 10 5
53 85 2 1
53 89 10 3
53 90 1 3
53 92 1 6
53 93 9 1
53 94 5 5
53 95 9 9
53 97 5 1
53 98 10 10
53 99 4 2
54 55 3 4
54 56 1 3
54 57 7 5
54 59 7 6
54 60 3 8
54 61 5 3
54 62 5 3
54 63 4 10
54 64 2 5
54 66 10 4
54 67 5 1
54 68 9 7
54 70 10 2
54 71 5 6
54 72 1 8
54 73 8 8
54 74 10 10
54 75 6 4
54 76 5 1
54 77 1 2
54 78 6 10
54 79 5 1
54 80 3 4
54 81 1 3
54 83 6 7
54 85 6 5
54 86 3 8
54 88 5 7
54 91 8 9
54 92 9 4
54 93 10 7
54 94 5 9
54 95 7 3
54 96 6 10
54 97 4 2
54 98 4 2
54 99 8 10
55 56 4 5
55 58 10 1
55 59 8 8
55 60 6 7
55 61 9 9
55 63 5 5
55 64 2 1
55 65 5 5
55 67 6 1
55 68 4 6
55 69 4 8
55 72 8 1
55 73 3 10
55 74 9 2
55 75 5 8
55 76 7 2
55 79 3 7
55 81 4 7
55 84 3 9
55 85 4 2
55 86 4 10
55 87 9 5
55 89 10 5
55 90 5 4
55 91 9 5
55 92 4 7
55 93 5 5
55 94 10 7
55 96 4 3
55 97 8 4
55 98 8 5
55 99 8 2
56 57 4 10
56 58 5 1
56 59 6 9
56 60 1 9
56 61 3 7
56 62 10 2
56 64 9 1
56 65 6 9
56 66 3 4
56 67 4 8
56 68 3 6
56 69 4 5
56 70 4 2
56 72 1 9
56 73 4 4
56 74 5 1
56 75 1 2
56 76 6 3
56 77 4 5
56 78 10 2
56 80 3 9
56 83 9 8
56 84 1 8
56 85 2 4
56 86 5 1
56 87 10 7
56 88 1 5
56 91 8 6
56 92 9 2
56 93 5 2
56 94 10 3
56 95 10 9
56 96 8 10
56 97 1 6
56 98 4 5
56 99 3 4
57 58 6 3
57 59 7 1
57 60 9 7
57 61 2 8
57 62 8 2
57 63 8 5
57 65 5 2
57 66 6 3
57 67 1 10
57 70 4 5
57 71 4 2
57 72 3 2
57 73 3 5
57 75 8 5
57 76 7 5
57 77 3 8
57 78 6 9
57 79 9 7
57 80 8 4
57 81 8 1
57 82 1 5
57 83 8 10
57 84 8 2
57 85 1 1
57 86 3 9
57 87 2 5
57 88 8 1
57 89 1 9
57 90 5 2
57 92 6 7
57 93 9 1
57 94 9 3
57 96 9 6
57 97 1 7
57 98 5 6
57 99 9 9
57 100 2 5
58 59 5 6
58 60 3 1
58 61 2 10
58 62 8 4
58 63 6 2
58 65 6 2
58 66 8 5
58 67 4 5
58 68 4 7
58 69 8 3
58 70 9 7
58 71 8 1
58 72 7 2
58 73 1 4
58 77 10 7
58 78 4 3
58 79 5 8
58 84 1 3
58 85 7 6
58 86 7 9
58 87 2 6
58 88 8 5
58 89 2 3
58 90 2 5
58 91 9 3
58 92 10 2
58 94 8 8
58 95 7 2
58 96 5 4
58 97 8 10
58 98 2 7
58 99 4 4
58 100 2 9
59 60 8 2
59 61 1 7
59 63 9 8
59 64 7 1
59 65 9 3
59 66 3 10
59 67 6 10
59 69 1 1
59 70 9 8
59 71 8 4
59 72 4 8
59 73 10 1
59 74 6 10
59 75 7 2
59 76 3 8
59 77 7 9
59 78 10 9
59 80 3 6
59 81 9 3
59 82 7 8
59 84 6 5
59 85 8 2
59 87 5 5
59 89 7 4
59 90 9 6
59 91 4 6
59 92 7 3
59 93 2 1
59 94 2 8
59 95 8 2
59 96 5 2
59 97 3 1
59 98 3 9
59 99 9 2
59 100 7 8
60 61 9 4
60 62 4 9
60 63 4 1
60 64 7 2
60 65 9 8
60 66 8 3
60 67 6 4
60 68 7 3
60 69 2 2
60 71 6 7
60 72 3 5
60 73 9 1
60 74 2 7
60 76 10 8
60 77 2 9
60 78 9 3
60 80 2 9
60 81 5 1
60 82 6 3
60 84 2 2
60 85 7 7
60 86 5 10
60 88 6 6
60 89 7 7
60 90 2 6
60 92 4 4
60 93 9 6
60 94 3 5
60 95 7 5
60 96 6 8
60 97 8 3
60 98 3 10
60 99 8 7
60 100 5 8
61 62 9 2
61 63 4 5
61 64 1 3
61 66 10 2
61 67 9 8
61 68 2 5
61 69 4 1
61 70 7 6
61 71 5 6
61 72 1 1
61 73 10 9
61 74 7 9
61 75 8 4
61 76 6 3
61 77 8 9
61 78 7 10
61 79 2 10
61 80 6 8
61 81 5 7
61 82 7 7
61 83 5 3
61 84 9 10
61 86 2 7
61 87 4 4
61 88 10 7
61 89 4 10
61 91 1 5
61 93 3 5
61 94 8 3
61 95 3 6
61 96 5 10
61 97 6 10
61 98 6 9
61 99 10 2
61 100 10 8
62 63 9 9
62 64 8 2
62 65 4 7
62 67 4 2
62 69 8 3
62 72 9 5
62 73 3 9
62 74 7 10
62 76 10 5
62 77 6 7
62 78 4 2
62 81 5 5
62 82 8 2
62 86 9 10
62 87 10 5
62 88 2 5
62 89 10 5
62 90 9 4
62 91 9 3
62 92 6 6
62 93 5 5
62 94 4 9
62 95 8 1
62 96 6 6
62 99 3 7
62 100 4 3
63 64 1 9
63 65 1 1
63 66 7 2
63 67 2 2
63 68 4 9
63 69 2 8
63 71 5 9
63 75 8 3
63 76 2 1
63 77 2 7
63 79 3 3
63 80 6 8
63 83 1 9
63 84 1 6
63 85 6 9
63 88 7 5
63 89 10 6
63 90 6 10
63 92 1 9
63 93 1 1
63 94 1 5
63 95 5 7
63 96 4 7
63 97 7 5
63 99 9 8
63 100 8 3
64 65 6 10
64 66 3 9
64 68 4 10
64 69 6 7
64 70 1 1
64 72 9 7
64 73 4 3
64 74 9 2
64 75 3 5
64 76 10 2
64 77 2 7
64 78 6 6
64 79 3 8
64 80 2 3
64 83 2 5
64 84 6 9
64 85 4 9
64 87 10 8
64 88 1 5
64 89 4 3
64 90 6 7
64 92 4 5
64 93 3 7
64 94 4 9
64 95 1 2
64 97 2 6
64 98 2 2
64 100 7 3
65 66 5 7
65 67 8 3
65 68 2 9
65 69 8 8
65 70 3 8
65 72 1 3
65 73 1 2
65 74 8 5
65 76 3 6
65 77 4 10
65 78 6 5
65 79 7 9
65 80 5 4
65 81 2 8
65 82 1 4
65 83 6 5
65 84 5 6
65 85 8 5
65 87 8 1
65 89 2 3
65 90 2 7
65 91 4 2
65 93 5 9
65 94 4 8
65 95 5 1
65 96 8 6
65 97 10 1
65 98 9 8
65 99 2 9
66 68 10 9
66 69 6 10
66 72 3 10
66 73 6 9
66 75 4 2
66 76 1 3
66 77 3 8
66 78 3 1
66 80 9 4
66 81 2 5
66 82 4 7
66 83 7 1
66 85 2 10
66 87 8 9
66 88 1 1
66 90 3 8
66 91 6 8
66 92 6 2
66 93 9 4
66 94 8 8
66 96 1 3
66 97 1 9
66 98 10 8
66 99 10 10
66 100 1 3
67 68 9 8
67 69 9 5
67 70 7 5
67 71 8 2
67 72 5 9
67 73 10 6
67 74 2 3
67 76 3 9
67 77 9 9
67 78 4 7
67 79 10 7
67 80 2 7
67 81 6 5
67 84 5 6
67 85 4 5
67 86 1 5
67 87 3 3
67 88 5 7
67 89 2 7
67 90 5 10
67 91 2 5
67 92 1 1
67 94 6 9
67 95 10 1
67 96 10 3
67 98 7 3
67 99 5 6
68 70 2 5
68 71 3 9
68 72 6 6
68 74 3 5
68 75 5 10
68 77 1 7
68 78 3 9
68 79 9 3
68 80 5 1
68 82 4 3
68 83 5 7
68 84 7 5
68 86 9 3
68 87 8 5
68 88 7 6
68 89 3 8
68 91 8 6
68 92 4 10
68 93 5 4
68 94 8 4
68 96 3 4
68 97 4 9
68 98 8 4
68 99 4 6
68 100 10 7
69 70 10 4
69 71 3 2
69 72 10 8
69 73 9 6
69 74 6 6
69 75 6 9
69 76 8 10
69 77 1 3
69 78 4 10
69 79 5 1
69 80 3 1
69 81 7 3
69 82 5 9
69 84 4 8
69 85 4 4
69 86 7 3
69 87 8 4
69 88 6 5
69 89 2 4
69 90 9 1
69 91 9 5
69 92 7 5
69 93 3 5
69 95 1 4
69 97 6 10
69 98 9 5
69 99 8 9
69 100 2 9
70 71 4 2
70 73 10 8
70 74 5 6
70 75 3 1
70 76 8 9
70 77 4 8
70 78 3 6
70 79 2 3
70 80 3 7
70 81 6 7
70 82 9 10
70 83 6 2
70 84 5 7
70 85 6 8
70 86 9 8
70 87 1 10
70 88 10 7
70 89 7 2
70 90 6 10
70 91 8 8
70 92 3 7
70 93 6 1
70 94 1 1
70 95 2 1
70 97 8 8
70 99 3 4
70 100 8 4
71 72 7 10
71 73 9 8
71 75 8 3
71 76 3 1
71 77 5 5
71 79 1 7
71 80 3 7
71 81 6 1
71 83 9 4
71 84 4 6
71 85 2 9
71 87 4 2
71 88 8 1
71 89 9 8
71 90 1 4
71 91 4 3
71 92 7 3
71 93 5 7
71 94 4 3
71 95 7 7
71 96 1 10
71 97 1 7
71 98 10 8
71 99 10 10
72 73 6 3
72 74 5 9
72 75 3 5
72 76 9 7
72 77 7 5
72 80 9 2
72 81 3 2
72 83 1 5
72 84 5 8
72 86 7 8
72 87 3 1
72 90 6 9
72 91 5 5
72 92 5 10
72 93 1 6
72 94 10 7
72 95 7 10
72 97 3 5
72 98 5 7
72 99 6 7
72 100 3 1
73 74 5 9
73 75 5 10
73 76 10 5
73 78 8 4
73 79 1 5
73 80 6 9
73 82 4 5
73 83 1 10
73 84 3 2
73 85 2 9
73 86 6 8
73 87 3 2
73 90 2 9
73 91 10 10
73 92 6 1
73 93 10 4
73 94 7 9
73 95 7 6
73 96 3 7
73 97 7 5
73 100 4 10
74 76 2 1
74 77 2 7
74 78 2 10
74 79 3 2
74 80 9 9
74 82 7 2
74 84 2 8
74 85 1 8
74 87 7 5
74 88 5 9
74 89 6 8
74 90 1 7
74 91 6 1
74 92 1 3
74 93 9 6
74 94 7 6
74 95 9 7
74 96 9 2
74 97 3 8
74 98 8 1
74 99 10 8
74 100 2 9
75 77 6 10
75 78 10 4
75 79 8 4
75 80 7 10
75 81 10 8
75 82 10 1
75 83 8 5
75 85 7 7
75 86 4 10
75 87 8 7
75 89 3 3
75 90 1 8
75 92 1 8
75 93 10 7
75 94 1 9
75 95 5 3
75 96 3 7
75 97 4 9
75 98 10 10
75 99 8 6
75 100 10 7
76 77 7 7
76 78 1 8
76 79 4 3
76 80 8 8
76 81 8 8
76 83 4 5
76 84 2 6
76 85 10 7
76 86 10 10
76 88 7 9
76 89 2 6
76 90 1 1
76 91 9 4
76 92 8 7
76 93 6 6
76 94 8 8
76 95 1 4
76 96 9 1
76 97 7 9
76 99 8 3
76 100 6 6
77 78 7 5
77 79 7 1
77 81 6 7
77 82 4 7
77 83 6 3
77 84 5 8
77 85 2 3
77 86 7 10
77 87 3 6
77 88 8 5
77 89 1 1
77 90 9 3
77 91 4 8
77 93 4 3
77 95 9 2
77 96 3 1
77 97 1 6
77 99 9 10
77 100 2 7
78 79 1 4
78 80 10 5
78 81 4 2
78 83 10 5
78 84 3 10
78 85 5 5
78 86 1 2
78 87 4 7
78 88 4 3
78 90 5 5
78 91 7 3
78 92 4 2
78 93 8 1
78 94 9 6
78 95 4 2
78 96 2 7
78 97 1 5
78 98 9 7
78 99 3 9
78 100 6 8
79 80 2 1
79 81 6 7
79 83 3 6
79 84 3 10
79 85 6 3
79 86 10 2
79 87 3 5
79 88 6 7
79 89 9 7
79 90 3 8
79 91 3 4
79 92 3 6
79 93 8 7
79 95 2 10
79 96 1 9
79 97 4 8
79 98 6 2
79 100 9 9
80 81 3 9
80 83 10 3
80 84 2 5
80 86 8 9
80 87 4 7
80 88 4 3
80 90 10 10
80 91 1 2
80 92 9 3
80 93 9 9
80 95 3 9
80 96 2 8
80 98 7 4
80 99 1 2
81 82 3 3
81 83 6 4
81 84 1 5
81 85 5 4
81 86 4 10
81 87 5 2
81 88 9 5
81 90 10 5
81 91 5 8
81 92 9 6
81 94 5 7
81 95 9 8
81 96 2 8
81 98 1 7
81 99 10 8
81 100 1 5
82 83 2 1
82 84 2 1
82 86 4 3
82 87 9 6
82 88 4 9
82 90 8 6
82 91 2 9
82 93 1 10
82 94 6 5
82 95 6 6
82 96 1 8
82 98 8 10
82 99 2 3
83 84 3 6
83 85 8 7
83 86 7 7
83 87 7 7
83 88 7 1
83 90 3 7
83 91 2 3
83 92 2 7
83 93 3 10
83 94 9 4
83 96 4 2
83 97 6 4
83 100 10 8
84 85 8 10
84 87 8 4
84 88 10 7
84 89 5 5
84 90 10 1
84 91 9 8
84 92 6 2
84 93 9 5
84 94 2 5
84 95 6 4
84 96 7 9
84 97 5 4
84 98 1 4
84 100 4 5
85 86 10 6
85 87 3 7
85 88 3 8
85 90 3 8
85 91 2 7
85 92 10 3
85 93 4 8
85 94 8 1
85 95 2 1
85 96 1 3
85 97 6 3
85 98 7 2
85 99 8 5
85 100 4 5
86 87 9 2
86 88 6 5
86 89 10 5
86 90 5 4
86 92 9 10
86 93 4 7
86 95 9 8
86 96 8 7
86 98 8 10
86 99 8 5
86 100 7 8
87 88 4 1
87 89 7 9
87 90 3 9
87 92 9 9
87 93 9 8
87 94 3 1
87 95 7 3
87 96 2 5
87 97 1 5
87 98 2 5
87 100 5 6
88 89 4 5
88 90 3 2
88 91 10 9
88 92 8 5
88 93 5 3
88 94 9 7
88 95 1 1
88 96 6 4
88 97 1 4
88 98 4 10
88 99 8 9
88 100 2 8
89 90 1 2
89 91 8 8
89 92 8 4
89 94 4 3
89 95 3 7
89 96 10 3
89 97 7 10
89 98 1 10
89 99 5 8
89 100 7 7
90 92 1 7
90 93 2 5
90 94 7 6
90 96 1 4
90 97 4 9
90 98 2 1
90 99 2 8
90 100 8 5
91 98 2 4
91 99 4 6
91 100 1 10
92 93 5 6
92 96 9 3
92 97 2 3
92 98 9 8
92 99 1 9
92 100 1 5
93 94 8 2
93 95 9 4
93 96 4 9
93 97 9 9
93 98 7 9
93 99 9 1
93 100 9 10
94 95 2 1
94 96 7 9
94 97 1 1
94 99 4 10
94 100 7 8
95 96 1 7
95 97 9 8
95 99 5 6
95 100 1 6
96 97 2 10
96 98 10 2
96 99 7 9
96 100 10 1
98 99 9 7
98 100 5 5
99 100 4 6
1
1 2 3 4 5 6 7 8 9 10 11 12 13 14 15 16 17 18 19 20 21 22 23 24 25 26 27 28 29 30 31 32 33 34 35 36 37 38 39 40 41 42 43 44 45 46 47 48 49 50
