3967
1 2 5 7
1 3 5 4
1 6 5 10
1 7 9 1
1 8 5 7
1 9 9 3
1 10 9 5
1 11 5 7
1 13 2 2
1 14 3 3
1 15 9 7
1 17 9 10
1 18 3 10
1 21 10 10
1 22 8 1
1 23 7 5
1 24 5 1
1 25 4 1
1 27 6 5
1 28 2 7
1 30 2 7
1 31 8 9
1 32 6 2
1 33 5 1
1 35 7 1
1 36 5 9
1 37 4 2
1 38 1 9
1 39 1 5
1 40 1 3
1 41 6 10
1 42 3 9
1 43 3 2
1 44 2 7
1 47 1 3
1 48 2 4
1 52 5 10
1 53 2 1
1 55 2 10
1 56 8 3
1 57 6 3
1 58 4 4
1 59 5 8
1 60 6 7
1 62 7 2
1 63 2 8
1 64 8 1
1 65 7 9
1 66 1 8
1 67 2 2
1 68 3 5
1 69 7 7
1 70 1 10
1 71 3 8
1 72 6 3
1 73 4 7
1 74 1 10
1 75 5 10
1 76 4 9
1 77 8 9
1 82 9 9
1 83 8 5
1 84 6 9
1 86 7 5
1 87 8 6
1 88 2 1
1 89 8 8
1 90 3 5
1 92 5 8
1 93 6 1
1 94 8 6
1 95 10 8
1 96 8 4
1 97 2 10
1 98 3 3
1 99 4 9
1 100 6 9
2 3 6 2
2 4 10 7
2 5 1 10
2 6 8 3
2 7 4 10
2 8 4 1
2 9 1 1
2 10 6 2
2 11 10 2
2 12 4 9
2 14 9 8
2 15 2 2
2 16 5 10
2 17 8 2
2 18 3 10
2 19 8 2
2 20 6 4
2 21 8 10
2 23 5 3
2 26 6 7
2 27 8 5
2 30 8 3
2 32 7 4
2 33 2 3
2 34 4 3
2 35 1 1
2 36 10 4
2 38 1 8
2 40 8 10
2 41 4 4
2 42 9 5
2 43 9 2
2 44 3 6
2 46 7 9
2 47 1 2
2 48 6 5
2 50 5 6
2 51 8 10
2 52 6 4
2 53 3 10
2 56 10 5
2 58 6 8
2 59 1 6
2 61 1 5
2 62 2 5
2 63 7 3
2 64 4 6
2 66 3 10
2 68 5 1
2 72 1 6
2 73 1 3
2 74 1 5
2 75 1 3
2 76 7 8
2 77 2 9
2 78 9 1
2 79 6 1
2 80 8 3
2 81 5 1
2 83 5 3
2 84 1 3
2 85 6 10
2 86 6 3
2 87 3 10
2 88 5 4
2 92 10 6
2 93 9 2
2 94 6 6
2 97 1 4
2 98 1 3
2 99 6 4
2 100 1 4
3 4 2 2
3 5 3 3
3 6 1 6
3 8 2 4
3 9 10 7
3 10 1 1
3 11 3 3
3 13 5 6
3 14 5 8
3 15 1 6
3 16 3 4
3 17 5 2
3 18 3 8
3 19 3 1
3 21 8 7
3 22 8 4
3 24 9 7
3 25 10 8
3 26 10 5
3 27 6 7
3 28 6 2
3 29 8 5
3 30 7 3
3 31 9 8
3 32 7 9
3 34 5 2
3 36 3 1
3 37 8 3
3 38 7 10
3 40 1 2
3 41 7 1
3 42 9 3
3 43 7 7
3 44 3 9
3 45 5 8
3 46 5 4
3 47 9 2
3 48 4 6
3 49 1 3
3 50 4 4
3 51 5 6
3 52 6 6
3 53 8 8
3 54 6 8
3 55 3 10
3 56 8 4
3 57 10 7
3 60 9 6
3 61 7 3
3 62 9 8
3 63 7 10
3 65 7 10
3 66 9 9
3 67 9 7
3 68 9 2
3 69 1 5
3 71 6 7
3 72 5 2
3 73 9 4
3 74 10 5
3 75 1 1
3 76 4 3
3 77 2 8
3 79 9 7
3 80 2 7
3 82 7 6
3 83 7 6
3 84 2 6
3 85 10 3
3 90 8 10
3 91 7 4
3 94 3 6
3 95 2 7
3 97 3 2
3 98 6 10
3 99 6 7
3 100 9 1
4 5 10 1
4 7 2 3
4 8 4 4
4 9 1 3
4 10 4 10
4 11 4 6
4 12 4 10
4 13 3 5
4 14 2 5
4 15 9 5
4 16 4 8
4 17 4 8
4 18 10 9
4 20 5 6
4 22 7 9
4 23 10 8
4 27 5 7
4 28 9 6
4 30 9 5
4 31 9 1
4 33 8 2
4 34 3 8
4 35 8 3
4 36 10 5
4 37 10 4
4 38 3 7
4 39 3 2
4 40 8 7
4 41 3 2
4 42 7 3
4 44 2 4
4 46 5 10
4 48 5 10
4 49 7 9
4 50 1 2
4 51 1 7
4 53 10 9
4 54 7 7
4 55 9 7
4 56 4 5
4 57 1 2
4 58 1 7
4 60 1 10
4 61 8 4
4 62 9 7
4 63 3 6
4 65 3 1
4 67 4 7
4 68 3 8
4 69 2 9
4 71 2 5
4 72 10 7
4 73 4 10
4 74 3 6
4 75 4 10
4 76 2 3
4 77 10 4
4 78 1 7
4 79 2 8
4 80 8 2
4 81 7 1
4 82 4 2
4 83 10 7
4 84 4 8
4 85 5 3
4 87 4 7
4 89 7 1
4 90 6 10
4 91 9 6
4 92 6 1
4 93 4 4
4 94 9 6
4 95 8 7
4 96 10 1
4 97 8 5
4 99 2 7
4 100 2 6
5 7 9 9
5 11 7 10
5 12 6 6
5 13 2 5
5 14 3 5
5 15 4 8
5 16 10 7
5 17 6 8
5 18 6 1
5 19 9 4
5 20 5 8
5 21 9 6
5 22 4 7
5 23 10 9
5 25 7 2
5 26 3 3
5 27 5 4
5 28 6 1
5 29 6 7
5 30 9 3
5 31 9 1
5 32 7 1
5 33 5 3
5 34 7 8
5 35 6 6
5 36 8 5
5 37 8 8
5 39 8 10
5 40 7 7
5 41 4 4
5 42 10 7
5 44 9 3
5 45 6 6
5 46 7 3
5 47 1 2
5 48 10 2
5 49 3 6
5 50 3 2
5 51 2 9
5 52 2 3
5 53 10 3
5 54 1 7
5 55 2 2
5 56 3 5
5 57 5 6
5 58 1 8
5 60 6 2
5 61 4 5
5 62 2 3
5 64 8 8
5 65 8 5
5 66 5 3
5 71 8 7
5 73 2 5
5 74 6 7
5 75 6 6
5 76 4 2
5 77 10 1
5 78 7 1
5 80 1 5
5 82 1 9
5 83 2 5
5 84 3 6
5 85 4 6
5 88 9 5
5 89 4 1
5 90 7 9
5 91 2 9
5 92 9 7
5 93 7 4
5 94 5 5
5 96 9 2
5 97 8 6
5 98 8 7
5 99 6 4
5 100 3 10
6 7 1 10
6 8 2 10
6 9 8 6
6 11 2 1
6 13 1 9
6 14 3 7
6 16 8 7
6 17 10 3
6 18 3 4
6 19 2 5
6 21 10 2
6 22 4 8
6 23 1 7
6 24 8 4
6 25 4 5
6 26 10 4
6 27 2 4
6 28 8 1
6 29 3 2
6 30 5 6
6 33 5 3
6 34 10 2
6 36 6 8
6 37 5 3
6 38 5 3
6 39 9 2
6 40 5 5
6 41 10 4
6 43 6 8
6 44 4 1
6 45 6 4
6 46 5 5
6 47 7 4
6 48 5 8
6 51 8 10
6 52 5 9
6 53 5 8
6 54 10 1
6 56 4 6
6 57 5 9
6 58 5 5
6 59 4 9
6 60 1 4
6 61 1 3
6 62 3 3
6 63 2 4
6 64 3 3
6 66 3 3
6 67 4 3
6 68 4 4
6 70 9 5
6 71 1 5
6 72 9 2
6 73 5 2
6 74 10 3
6 75 9 8
6 77 3 10
6 80 10 1
6 81 2 9
6 82 8 1
6 83 5 2
6 84 10 8
6 86 8 5
6 87 1 4
6 88 8 5
6 90 8 5
6 91 4 7
6 92 7 1
6 93 4 7
6 94 1 8
6 97 2 2
6 98 1 2
6 99 8 3
6 100 10 2
7 8 10 3
7 9 10 6
7 10 5 4
7 11 1 7
7 12 7 3
7 13 8 4
7 14 5 6
7 15 5 8
7 18 9 2
7 19 4 6
7 20 2 5
7 21 5 3
7 24 6 9
7 26 3 8
7 27 7 3
7 28 2 10
7 29 1 10
7 30 10 2
7 31 10 3
7 32 1 4
7 33 6 9
7 34 10 8
7 35 1 7
7 38 4 2
7 39 9 4
7 40 1 1
7 41 9 2
7 42 7 7
7 43 10 7
7 46 4 4
7 49 6 4
7 50 9 6
7 54 5 2
7 55 2 9
7 56 6 5
7 57 7 3
7 58 5 7
7 59 7 4
7 60 10 8
7 61 10 5
7 62 9 2
7 63 10 1
7 64 7 5
7 65 5 8
7 66 10 6
7 67 9 9
7 68 4 5
7 69 6 9
7 70 8 6
7 71 7 10
7 72 4 10
7 73 4 1
7 75 9 6
7 76 3 1
7 77 9 6
7 78 10 6
7 79 9 2
7 80 9 9
7 81 8 9
7 82 6 2
7 83 7 1
7 84 6 5
7 85 2 8
7 86 8 2
7 87 1 1
7 88 7 5
7 89 9 4
7 90 1 4
7 91 2 7
7 92 1 5
7 93 4 1
7 95 10 8
7 96 3 8
7 97 3 1
7 98 2 2
7 99 5 1
7 100 9 6
8 9 3 7
8 11 1 3
8 12 10 8
8 13 7 4
8 14 3 7
8 15 10 6
8 16 1 10
8 17 2 5
8 18 1 10
8 19 6 3
8 21 9 7
8 22 4 9
8 24 1 10
8 25 9 10
8 26 2 9
8 27 2 8
8 28 8 9
8 29 8 3
8 30 6 1
8 31 6 3
8 32 9 8
8 33 2 2
8 36 7 2
8 37 6 1
8 38 2 7
8 39 3 5
8 40 2 2
8 41 7 10
8 42 8 4
8 46 8 1
8 47 7 8
8 49 2 6
8 51 1 8
8 52 2 9
8 55 2 10
8 56 5 8
8 57 9 9
8 58 9 7
8 59 3 4
8 60 6 7
8 63 2 7
8 64 9 7
8 66 10 9
8 67 1 8
8 68 5 8
8 69 4 4
8 70 1 4
8 71 10 7
8 72 4 1
8 73 5 7
8 74 8 10
8 76 1 1
8 77 6 5
8 78 9 2
8 79 6 7
8 81 10 6
8 82 9 9
8 83 3 4
8 84 6 6
8 85 3 5
8 86 2 8
8 87 2 8
8 88 9 8
8 89 4 8
8 90 3 8
8 91 7 10
8 92 9 5
8 93 6 4
8 94 1 1
8 95 2 9
8 98 8 1
8 100 7 7
9 10 4 4
9 11 6 6
9 14 10 2
9 15 1 10
9 16 10 9
9 18 2 5
9 20 1 8
9 21 1 9
9 22 1 4
9 25 4 1
9 26 9 7
9 27 7 5
9 28 5 3
9 29 5 1
9 30 4 10
9 31 3 7
9 32 8 9
9 33 2 8
9 36 1 8
9 37 8 4
9 40 9 4
9 41 2 1
9 43 10 6
9 44 2 10
9 45 1 2
9 46 9 8
9 47 5 1
9 48 5 4
9 49 7 4
9 51 1 7
9 52 3 1
9 53 2 2
9 54 9 8
9 56 3 9
9 57 3 4
9 58 5 1
9 60 7 6
9 61 10 4
9 65 8 10
9 66 10 9
9 67 10 10
9 69 1 6
9 70 7 10
9 71 4 4
9 72 5 5
9 73 3 6
9 75 1 3
9 76 5 10
9 77 8 2
9 78 9 3
9 79 5 2
9 80 1 5
9 81 5 7
9 82 6 6
9 83 5 3
9 84 9 2
9 85 4 5
9 86 1 9
9 88 6 6
9 89 6 3
9 90 5 10
9 91 7 6
9 92 3 6
9 94 10 5
9 95 3 6
9 96 8 3
9 97 5 10
9 99 10 2
10 11 5 1
10 12 5 1
10 13 1 3
10 14 10 1
10 15 7 1
10 17 4 5
10 18 2 8
10 19 6 9
10 20 7 2
10 21 6 3
10 22 7 2
10 23 5 1
10 24 2 9
10 25 1 2
10 26 7 7
10 27 8 4
10 28 2 6
10 29 3 5
10 31 6 3
10 32 10 7
10 33 10 8
10 34 5 4
10 35 1 2
10 37 7 1
10 38 8 7
10 39 7 6
10 40 3 10
10 41 10 3
10 42 1 3
10 43 10 6
10 45 5 6
10 46 2 7
10 47 6 4
10 48 6 9
10 49 8 2
10 50 2 8
10 51 5 6
10 52 3 3
10 53 4 3
10 54 7 9
10 55 2 4
10 56 3 3
10 57 2 2
10 58 2 2
10 59 8 4
10 62 9 2
10 63 10 10
10 64 3 6
10 65 4 7
10 66 8 4
10 67 1 4
10 68 2 1
10 70 4 2
10 71 5 10
10 72 3 2
10 73 8 3
10 74 3 1
10 75 7 2
10 77 3 3
10 78 2 7
10 79 9 3
10 80 2 7
10 81 3 10
10 82 3 7
10 83 7 1
10 84 8 9
10 85 3 1
10 86 10 6
10 88 5 3
10 90 3 7
10 91 4 6
10 92 3 9
10 93 7 6
10 94 4 6
10 95 2 5
10 96 3 6
10 97 7 8
10 98 8 7
10 99 3 4
10 100 4 7
11 12 7 1
11 13 9 9
11 14 7 10
11 15 7 6
11 16 4 1
11 17 7 8
11 18 9 5
11 19 10 7
11 21 10 9
11 22 7 4
11 23 1 6
11 26 7 10
11 28 6 4
11 31 7 9
11 32 1 10
11 33 5 8
11 34 2 9
11 36 4 1
11 37 9 3
11 38 1 7
11 39 10 4
11 40 2 5
11 41 8 9
11 42 8 4
11 43 4 9
11 44 2 4
11 45 6 7
11 46 7 6
11 47 3 8
11 48 6 5
11 49 2 5
11 50 2 4
11 51 4 9
11 52 1 8
11 53 9 2
11 54 1 6
11 55 9 6
11 56 8 1
11 57 7 6
11 60 1 3
11 61 9 8
11 62 4 6
11 64 3 9
11 65 9 3
11 66 6 4
11 67 6 5
11 68 5 3
11 69 1 4
11 70 4 5
11 71 8 2
11 72 8 2
11 73 3 1
11 74 8 7
11 76 7 4
11 77 9 9
11 78 2 9
11 79 6 5
11 81 2 5
11 82 3 4
11 83 3 2
11 84 6 3
11 85 9 2
11 86 6 5
11 88 7 1
11 89 6 10
11 90 9 6
11 91 6 4
11 92 5 3
11 93 5 7
11 96 9 4
11 97 2 3
11 99 3 9
11 100 5 3
12 13 2 8
12 14 7 5
12 15 10 9
12 16 6 2
12 17 10 3
12 18 6 6
12 20 6 9
12 21 1 10
12 22 7 6
12 23 2 6
12 24 8 3
12 25 5 1
12 27 4 10
12 28 1 6
12 29 7 6
12 30 2 10
12 31 7 4
12 32 8 9
12 33 9 7
12 34 5 10
12 35 5 10
12 36 5 10
12 37 10 3
12 38 1 9
12 39 1 1
12 40 8 6
12 41 4 4
12 42 6 9
12 43 7 5
12 44 7 3
12 45 4 2
12 46 5 10
12 47 8 2
12 49 4 4
12 50 8 1
12 51 4 10
12 52 6 10
12 54 4 3
12 55 3 6
12 56 2 6
12 58 8 2
12 59 7 4
12 60 6 7
12 61 10 9
12 62 6 7
12 63 10 6
12 64 7 5
12 65 10 9
12 66 3 6
12 67 9 6
12 70 7 3
12 71 8 10
12 72 6 6
12 73 6 10
12 74 5 8
12 75 9 8
12 76 8 9
12 78 1 3
12 80 5 1
12 82 9 7
12 83 2 4
12 84 10 3
12 85 9 10
12 87 6 1
12 88 2 4
12 89 8 9
12 90 4 8
12 91 3 6
12 92 3 7
12 93 6 6
12 95 10 5
12 97 8 5
12 98 5 6
12 99 7 8
12 100 8 8
13 14 7 6
13 15 5 1
13 17 5 2
13 18 6 6
13 19 2 4
13 20 4 9
13 21 10 10
13 22 3 5
13 23 4 7
13 24 6 5
13 25 6 5
13 26 6 1
13 27 7 4
13 28 4 10
13 29 6 4
13 30 8 7
13 31 4 7
13 32 4 6
13 33 7 8
13 34 10 1
13 35 3 4
13 36 5 5
13 37 4 4
13 38 4 3
13 39 8 8
13 40 2 7
13 41 5 6
13 42 8 9
13 43 5 8
13 45 4 7
13 46 2 6
13 47 8 4
13 51 5 1
13 52 7 2
13 53 1 7
13 55 10 5
13 56 1 2
13 57 10 10
13 58 7 10
13 59 10 1
13 62 7 1
13 63 10 6
13 66 2 2
13 67 5 2
13 68 3 2
13 69 8 2
13 71 10 9
13 73 4 9
13 74 3 6
13 75 3 10
13 77 2 8
13 78 7 2
13 79 5 8
13 80 3 2
13 82 4 2
13 83 1 5
13 84 2 10
13 85 2 6
13 86 5 1
13 87 1 8
13 89 8 2
13 90 6 2
13 91 10 7
13 92 3 8
13 93 8 8
13 94 1 3
13 95 10 1
13 96 7 4
13 97 4 2
13 98 10 9
13 99 9 2
13 100 1 8
14 15 7 10
14 16 6 9
14 17 10 7
14 18 5 6
14 19 9 9
14 20 9 8
14 21 3 2
14 23 7 1
14 24 4 3
14 25 6 1
14 26 2 9
14 27 4 1
14 28 1 6
14 31 8 8
14 32 10 8
14 33 7 8
14 34 5 1
14 35 4 7
14 36 3 1
14 37 5 3
14 38 3 3
14 39 7 4
14 40 9 7
14 41 9 7
14 42 3 9
14 43 9 5
14 44 1 8
14 45 7 8
14 46 2 7
14 47 10 3
14 48 9 4
14 49 5 8
14 51 5 6
14 52 1 3
14 53 3 2
14 55 8 5
14 57 7 4
14 59 3 6
14 60 7 10
14 61 9 8
14 62 5 1
14 63 9 6
14 64 7 2
14 65 7 4
14 66 5 4
14 67 3 4
14 68 10 1
14 71 3 9
14 72 7 2
14 73 1 5
14 75 8 10
14 76 3 4
14 77 5 8
14 78 4 6
14 79 5 9
14 80 6 4
14 82 1 10
14 84 4 6
14 85 7 8
14 86 3 4
14 87 8 1
14 88 6 9
14 89 7 5
14 90 6 4
14 91 8 4
14 92 5 8
14 93 8 7
14 97 4 1
14 98 8 4
14 100 3 2
15 16 2 3
15 17 10 7
15 19 1 8
15 20 9 1
15 21 10 9
15 22 8 9
15 23 7 3
15 24 2 2
15 26 6 4
15 27 10 7
15 28 8 4
15 29 1 6
15 30 6 5
15 31 7 6
15 32 6 9
15 33 10 4
15 34 1 1
15 35 6 4
15 36 5 4
15 38 9 4
15 39 5 9
15 40 3 6
15 41 8 3
15 42 5 9
15 45 3 10
15 46 10 1
15 47 9 10
15 48 2 7
15 49 2 9
15 50 7 3
15 51 3 4
15 52 1 10
15 53 1 1
15 55 3 10
15 56 1 9
15 57 7 8
15 60 9 6
15 61 2 4
15 62 5 2
15 63 7 5
15 65 9 10
15 66 8 6
15 67 8 8
15 68 5 9
15 69 10 1
15 70 10 4
15 71 10 3
15 72 4 3
15 74 10 3
15 75 6 5
15 76 5 3
15 77 8 2
15 78 8 3
15 79 1 9
15 80 5 6
15 81 9 9
15 82 9 1
15 83 2 3
15 86 3 7
15 87 7 6
15 88 2 10
15 89 9 3
15 90 2 9
15 92 5 6
15 93 10 10
15 94 3 5
15 95 10 5
15 96 5 6
15 99 7 3
16 17 7 3
16 18 3 1
16 19 5 6
16 20 9 4
16 21 3 6
16 22 5 10
16 23 2 3
16 24 7 3
16 25 2 9
16 26 10 6
16 27 8 4
16 28 8 5
16 30 2 10
16 31 7 5
16 32 1 5
16 33 7 3
16 34 2 8
16 35 2 2
16 36 9 3
16 37 3 7
16 39 5 3
16 40 3 5
16 41 9 3
16 42 7 5
16 44 8 6
16 45 7 4
16 46 8 4
16 47 8 6
16 48 1 5
16 49 10 4
16 50 10 8
16 53 1 7
16 54 10 2
16 55 5 5
16 56 2 10
16 58 8 2
16 59 10 8
16 60 2 10
16 61 7 3
16 63 5 8
16 66 4 6
16 67 5 5
16 68 8 2
16 69 4 2
16 70 6 4
16 71 10 8
16 72 5 2
16 73 10 8
16 74 1 2
16 78 3 3
16 79 2 7
16 80 9 3
16 81 6 10
16 82 3 1
16 83 5 3
16 84 8 9
16 85 9 2
16 86 8 10
16 89 9 2
16 91 1 4
16 92 6 2
16 93 9 8
16 94 10 5
16 96 7 7
16 97 4 10
16 99 4 5
16 100 6 2
17 18 8 5
17 19 5 9
17 20 5 1
17 22 5 2
17 23 4 6
17 24 3 1
17 25 3 7
17 26 2 2
17 27 3 1
17 30 4 7
17 31 4 5
17 32 3 4
17 33 5 5
17 34 2 5
17 35 9 8
17 36 9 10
17 37 8 1
17 38 5 2
17 39 1 1
17 40 1 4
17 41 4 10
17 42 5 9
17 43 8 9
17 45 5 5
17 46 7 3
17 48 8 5
17 49 10 7
17 51 1 6
17 52 4 6
17 53 4 10
17 54 3 3
17 57 3 6
17 59 9 7
17 60 7 7
17 61 5 7
17 62 2 6
17 63 4 5
17 65 5 7
17 67 8 3
17 69 7 9
17 70 6 10
17 72 10 1
17 74 10 2
17 75 5 1
17 76 10 5
17 77 5 7
17 78 7 6
17 79 8 1
17 80 5 9
17 81 5 5
17 82 4 7
17 83 9 10
17 84 7 6
17 85 10 2
17 86 4 6
17 87 3 5
17 88 6 4
17 90 6 4
17 91 4 8
17 93 1 8
17 94 8 7
17 95 6 2
17 96 4 5
17 97 5 9
17 98 9 7
17 99 4 4
17 100 7 4
18 19 8 8
18 20 7 7
18 22 8 10
18 23 3 4
18 26 6 4
18 27 9 10
18 28 8 10
18 30 4 2
18 31 6 2
18 32 4 10
18 33 10 6
18 35 9 2
18 36 10 10
18 38 6 5
18 39 6 3
18 40 9 2
18 41 6 8
18 42 2 7
18 43 10 4
18 45 8 4
18 46 5 2
18 48 8 9
18 49 5 10
18 50 5 6
18 53 1 9
18 54 7 3
18 55 5 2
18 56 7 9
18 57 6 10
18 58 3 8
18 59 6 7
18 60 1 10
18 61 7 8
18 62 10 1
18 63 9 3
18 64 5 9
18 65 8 6
18 66 2 2
18 67 5 9
18 68 3 3
18 69 6 2
18 70 5 9
18 71 10 1
18 72 10 7
18 74 2 6
18 75 2 3
18 76 7 4
18 77 6 6
18 78 10 6
18 79 7 9
18 80 10 5
18 81 1 1
18 82 3 3
18 83 1 10
18 84 8 5
18 85 2 5
18 86 3 7
18 87 3 1
18 88 10 3
18 89 6 9
18 90 6 7
18 92 9 5
18 93 8 7
18 96 4 9
18 97 8 1
18 99 5 2
18 100 7 8
19 20 6 3
19 21 5 2
19 22 1 10
19 24 5 8
19 25 4 6
19 27 1 8
19 29 2 7
19 31 8 8
19 33 3 4
19 35 2 4
19 36 10 10
19 37 1 5
19 38 7 6
19 39 7 10
19 40 3 9
19 42 7 6
19 43 5 2
19 44 7 5
19 45 4 5
19 46 6 10
19 47 6 6
19 48 4 7
19 50 3 3
19 51 8 9
19 52 3 6
19 53 1 1
19 54 10 4
19 55 2 10
19 56 1 9
19 57 8 7
19 59 9 7
19 60 4 1
19 61 6 3
19 62 8 1
19 63 10 6
19 65 4 4
19 66 9 6
19 67 7 6
19 68 2 8
19 69 10 7
19 70 7 2
19 71 3 2
19 72 2 8
19 73 4 2
19 74 2 5
19 75 5 6
19 77 5 2
19 79 7 2
19 80 1 2
19 81 10 7
19 82 8 4
19 83 1 9
19 84 1 5
19 85 7 7
19 86 1 7
19 87 5 10
19 88 6 3
19 89 5 1
19 90 8 1
19 91 6 1
19 93 8 5
19 94 2 6
19 95 9 3
19 96 6 10
19 98 6 10
19 99 10 9
19 100 6 1
20 21 10 6
20 23 1 7
20 25 2 2
20 26 7 6
20 27 10 8
20 28 1 9
20 29 6 6
20 30 10 10
20 31 5 3
20 32 5 8
20 33 5 3
20 35 5 4
20 36 4 3
20 37 2 7
20 38 10 3
20 39 9 8
20 41 6 1
20 42 3 10
20 43 8 5
20 44 5 5
20 46 5 8
20 48 8 8
20 50 4 6
20 52 8 7
20 53 5 6
20 54 7 1
20 56 7 5
20 57 2 10
20 58 5 7
20 59 2 7
20 60 10 1
20 61 5 2
20 62 6 6
20 63 9 6
20 64 1 1
20 65 3 1
20 67 8 4
20 69 6 2
20 70 7 9
20 71 1 9
20 72 5 1
20 74 8 5
20 75 2 3
20 78 5 4
20 79 8 10
20 80 6 8
20 81 1 7
20 83 4 6
20 84 2 2
20 85 10 6
20 86 7 2
20 87 10 10
20 90 2 2
20 91 6 3
20 93 9 5
20 94 8 1
20 95 2 8
20 96 3 4
20 97 4 1
20 98 9 7
20 99 10 10
20 100 4 10
21 22 5 10
21 25 8 5
21 27 4 9
21 28 7 8
21 29 6 8
21 30 10 6
21 31 4 4
21 32 10 3
21 33 6 8
21 34 2 6
21 37 3 4
21 38 8 7
21 39 6 1
21 41 10 10
21 42 2 6
21 43 1 3
21 45 8 2
21 46 3 10
21 47 1 6
21 49 4 4
21 50 1 10
21 51 7 8
21 52 5 5
21 53 7 8
21 54 9 7
21 55 10 5
21 56 5 7
21 57 9 4
21 59 4 7
21 62 6 9
21 63 7 9
21 65 8 9
21 66 2 4
21 67 6 10
21 68 4 4
21 69 5 6
21 71 5 6
21 72 7 10
21 73 2 8
21 74 1 8
21 75 5 3
21 76 8 5
21 77 3 3
21 78 1 8
21 79 9 10
21 80 2 6
21 81 2 6
21 82 7 7
21 83 1 5
21 84 10 10
21 85 2 10
21 86 7 7
21 87 4 10
21 88 1 9
21 89 9 2
21 90 4 7
21 92 7 8
21 93 8 2
21 95 7 10
21 98 8 1
21 99 4 1
21 100 8 2
22 23 10 2
22 24 1 2
22 25 3 4
22 26 10 6
22 27 3 8
22 28 7 7
22 29 9 1
22 30 6 8
22 32 6 3
22 34 2 9
22 35 5 3
22 36 4 4
22 38 10 2
22 39 2 5
22 40 3 8
22 41 9 9
22 42 2 4
22 43 6 2
22 44 4 6
22 45 9 10
22 46 5 3
22 47 9 9
22 48 2 8
22 49 4 10
22 50 2 6
22 51 8 6
22 52 1 2
22 53 8 9
22 54 1 8
22 55 8 2
22 58 4 2
22 59 3 9
22 60 4 8
22 61 5 2
22 62 4 2
22 63 7 6
22 64 6 3
22 65 10 8
22 66 4 3
22 67 5 5
22 68 10 6
22 70 8 2
22 71 3 5
22 73 7 4
22 74 9 10
22 75 5 10
22 76 2 3
22 77 4 4
22 78 6 4
22 79 9 3
22 80 9 4
22 81 6 4
22 82 10 2
22 84 4 6
22 85 8 5
22 86 8 5
22 88 8 2
22 89 3 5
22 91 8 5
22 92 9 9
22 93 5 8
22 94 2 9
22 95 4 8
22 96 9 7
22 97 3 7
22 98 1 3
22 99 2 2
22 100 8 3
23 24 2 3
23 26 7 6
23 27 2 4
23 29 10 5
23 30 10 7
23 31 1 7
23 32 10 10
23 33 7 1
23 34 10 9
23 35 2 9
23 36 2 7
23 37 1 1
23 38 5 8
23 39 5 8
23 40 6 10
23 41 5 4
23 42 7 8
23 43 5 9
23 44 2 2
23 47 10 6
23 48 1 2
23 49 9 10
23 51 10 4
23 52 4 6
23 53 10 5
23 54 6 2
23 56 7 2
23 57 8 5
23 61 10 6
23 62 7 3
23 63 7 7
23 64 6 4
23 65 8 8
23 68 1 10
23 69 6 2
23 71 4 6
23 72 2 4
23 74 10 1
23 75 1 10
23 76 4 8
23 77 10 8
23 78 1 7
23 79 5 7
23 81 9 4
23 82 6 6
23 83 5 5
23 84 8 4
23 85 8 6
23 86 10 6
23 88 3 3
23 89 2 1
23 90 4 1
23 91 6 9
23 92 9 1
23 93 7 3
23 94 6 8
23 95 1 3
23 96 5 8
23 97 7 9
23 99 6 6
23 100 9 3
24 26 6 1
24 27 8 6
24 28 3 8
24 31 1 2
24 32 9 8
24 34 9 10
24 35 7 5
24 36 10 7
24 37 2 5
24 40 9 5
24 41 5 5
24 42 4 4
24 43 3 8
24 45 5 7
24 46 7 3
24 47 8 7
24 48 9 1
24 49 2 8
24 51 2 2
24 52 8 8
24 53 2 1
24 54 7 6
24 55 2 8
24 56 8 5
24 57 9 2
24 58 10 6
24 59 3 1
24 60 4 4
24 61 3 5
24 63 8 2
24 64 3 10
24 65 10 3
24 66 6 3
24 67 7 1
24 69 1 6
24 70 10 8
24 71 10 8
24 72 7 8
24 73 9 7
24 74 6 10
24 75 9 3
24 77 7 10
24 79 4 10
24 80 9 4
24 81 5 6
24 82 5 4
24 84 6 6
24 85 4 2
24 86 8 9
24 87 9 9
24 88 8 8
24 90 8 6
24 91 1 6
24 92 2 3
24 93 1 6
24 94 8 2
24 95 10 5
24 96 6 6
24 97 7 7
24 99 5 5
24 100 9 9
25 26 4 7
25 28 3 4
25 30 2 4
25 31 10 7
25 32 7 9
25 33 2 5
25 34 6 9
25 35 1 5
25 36 2 2
25 38 1 3
25 39 8 8
25 42 9 2
25 43 9 8
25 44 7 9
25 46 9 7
25 48 4 9
25 49 8 2
25 50 1 3
25 52 6 3
25 53 2 8
25 55 2 8
25 56 3 3
25 57 3 2
25 58 10 4
25 59 9 5
25 60 6 2
25 61 10 10
25 62 2 3
25 63 5 1
25 65 9 5
25 67 9 8
25 68 7 1
25 69 4 9
25 70 4 9
25 71 6 8
25 72 2 4
25 73 5 7
25 74 1 2
25 75 5 2
25 76 1 9
25 77 10 2
25 78 1 7
25 79 6 3
25 80 8 5
25 81 2 4
25 83 7 9
25 84 2 10
25 85 5 10
25 87 4 10
25 89 10 10
25 90 7 10
25 91 1 10
25 92 7 2
25 93 8 4
25 94 10 2
25 95 3 1
25 96 10 5
25 97 10 6
25 98 9 7
25 99 5 2
26 28 5 1
26 29 1 10
26 30 3 10
26 32 3 2
26 33 4 6
26 34 7 2
26 35 10 10
26 36 6 3
26 37 10 10
26 39 7 7
26 40 7 4
26 42 10 2
26 43 6 6
26 45 1 10
26 46 2 10
26 47 8 7
26 49 2 4
26 50 4 5
26 51 5 2
26 52 3 7
26 54 5 5
26 55 6 8
26 56 8 7
26 58 8 7
26 59 9 9
26 60 4 9
26 62 9 8
26 63 5 4
26 64 8 10
26 65 6 1
26 66 10 1
26 67 9 9
26 69 2 6
26 72 7 9
26 73 6 6
26 74 5 9
26 75 10 7
26 76 9 5
26 77 7 6
26 78 5 5
26 79 5 8
26 80 1 8
26 83 6 8
26 85 5 3
26 88 4 4
26 89 8 1
26 90 9 1
26 91 6 2
26 93 4 8
26 94 5 1
26 96 6 7
26 98 6 6
26 99 3 4
26 100 6 1
27 28 5 4
27 29 2 9
27 30 9 10
27 31 7 4
27 32 5 1
27 33 5 4
27 36 5 9
27 39 1 10
27 40 8 2
27 41 2 10
27 42 10 1
27 43 7 8
27 44 1 8
27 45 8 4
27 47 3 6
27 48 5 3
27 49 4 4
27 50 8 7
27 51 4 10
27 54 1 2
27 56 1 1
27 58 1 10
27 60 3 1
27 62 8 7
27 64 4 7
27 65 7 8
27 68 10 2
27 69 4 5
27 70 6 8
27 71 9 7
27 72 9 10
27 73 7 7
27 74 7 5
27 75 8 2
27 76 8 7
27 77 6 9
27 78 3 4
27 79 6 10
27 81 9 6
27 82 7 6
27 84 8 7
27 85 5 3
27 86 3 7
27 88 3 9
27 90 2 1
27 91 2 2
27 92 6 6
27 93 6 4
27 94 5 8
27 95 4 4
27 96 4 3
27 97 5 2
27 98 4 9
27 99 7 9
27 100 9 3
28 29 5 1
28 30 8 5
28 31 8 2
28 33 1 8
28 34 2 8
28 35 5 10
28 36 7 10
28 37 3 3
28 39 8 8
28 40 9 9
28 41 9 5
28 43 2 1
28 44 9 5
28 45 8 6
28 46 1 2
28 47 1 1
28 48 6 9
28 49 3 2
28 50 1 2
28 51 1 4
28 52 8 10
28 53 5 3
28 54 2 10
28 56 4 2
28 58 7 10
28 59 9 7
28 60 9 5
28 61 1 4
28 63 9 9
28 64 1 3
28 67 10 5
28 68 5 4
28 69 5 9
28 70 9 4
28 71 7 5
28 72 4 10
28 73 8 5
28 74 5 10
28 75 3 5
28 76 3 5
28 77 1 5
28 78 7 7
28 82 7 1
28 83 6 1
28 85 5 9
28 86 1 8
28 88 2 9
28 89 1 7
28 90 6 9
28 91 4 10
28 95 7 6
28 97 3 7
28 98 1 5
28 99 6 4
28 100 1 2
29 30 1 6
29 34 2 9
29 35 6 2
29 36 6 5
29 37 7 8
29 38 3 5
29 40 5 2
29 41 6 1
29 42 1 3
29 43 2 3
29 45 9 5
29 46 8 8
29 47 3 10
29 48 3 5
29 49 4 1
29 50 9 1
29 51 6 10
29 52 6 2
29 53 3 1
29 54 6 6
29 55 1 9
29 56 6 10
29 57 9 2
29 58 7 3
29 59 7 8
29 60 9 5
29 61 9 7
29 62 2 7
29 63 2 5
29 64 6 6
29 65 3 9
29 67 2 4
29 68 3 3
29 69 7 2
29 70 3 1
29 71 4 5
29 72 10 1
29 73 7 2
29 74 5 10
29 75 2 4
29 76 7 3
29 77 4 6
29 79 5 2
29 80 7 4
29 82 9 7
29 83 4 9
29 84 6 10
29 85 2 6
29 86 6 9
29 88 6 10
29 89 4 7
29 90 2 10
29 91 10 9
29 92 7 8
29 93 5 10
29 94 2 5
29 95 8 5
29 96 3 2
29 97 2 7
29 99 6 10
29 100 2 6
30 31 2 8
30 32 4 1
30 33 10 10
30 34 5 3
30 35 1 10
30 36 5 8
30 37 2 1
30 38 3 7
30 39 9 4
30 40 8 3
30 41 6 5
30 43 2 3
30 44 9 8
30 46 3 2
30 47 7 2
30 49 7 5
30 51 1 10
30 52 2 1
30 53 6 10
30 54 6 6
30 55 6 4
30 56 3 6
30 59 4 10
30 60 8 10
30 61 10 10
30 62 10 3
30 63 1 4
30 64 9 4
30 66 4 7
30 67 2 9
30 68 8 4
30 71 4 1
30 72 6 1
30 73 3 4
30 74 2 10
30 75 1 8
30 76 10 5
30 77 7 6
30 78 5 2
30 80 2 7
30 81 5 4
30 82 8 8
30 83 8 1
30 84 10 4
30 86 3 8
30 87 3 7
30 88 7 10
30 90 5 2
30 91 3 8
30 95 7 6
30 96 9 1
30 97 7 4
30 98 9 4
30 99 3 9
30 100 10 3
31 32 3 3
31 33 9 6
31 35 3 5
31 36 2 7
31 37 4 7
31 38 2 1
31 40 5 8
31 41 10 2
31 43 10 10
31 45 2 4
31 46 8 10
31 48 7 8
31 49 2 1
31 51 8 2
31 52 7 2
31 53 9 3
31 54 10 9
31 55 7 6
31 56 4 6
31 57 1 8
31 58 9 2
31 59 4 3
31 61 6 8
31 63 10 7
31 65 4 1
31 66 2 1
31 68 8 9
31 69 1 7
31 70 3 5
31 71 7 3
31 72 8 7
31 73 2 8
31 75 5 1
31 77 7 5
31 79 8 3
31 80 6 5
31 81 7 5
31 82 5 2
31 83 8 3
31 84 9 6
31 85 10 8
31 86 6 7
31 89 6 1
31 91 5 2
31 92 5 5
31 93 3 6
31 95 7 8
31 96 2 9
31 97 6 4
31 98 3 8
31 99 3 6
31 100 9 9
32 33 2 9
32 34 1 3
32 35 8 2
32 36 5 3
32 37 8 6
32 38 5 2
32 39 3 4
32 40 9 4
32 41 8 2
32 42 1 1
32 43 1 8
32 44 7 6
32 45 9 8
32 46 6 4
32 47 3 4
32 48 7 5
32 49 4 3
32 50 5 5
32 51 8 4
32 52 9 6
32 53 9 1
32 55 7 4
32 56 8 7
32 57 7 10
32 58 1 4
32 60 6 10
32 61 7 1
32 62 9 2
32 63 1 5
32 64 2 1
32 65 7 6
32 66 10 9
32 67 5 8
32 68 5 2
32 69 3 2
32 70 7 1
32 71 8 2
32 72 6 5
32 74 2 5
32 75 9 3
32 76 2 6
32 77 4 7
32 78 10 4
32 79 10 5
32 80 2 1
32 81 2 8
32 82 8 1
32 84 10 7
32 86 10 7
32 87 7 1
32 88 3 6
32 89 10 6
32 90 10 9
32 91 8 8
32 92 7 4
32 93 10 3
32 94 10 10
32 95 10 8
32 97 7 5
32 98 5 1
32 99 3 2
32 100 5 2
33 34 2 1
33 36 10 5
33 37 3 7
33 39 1 5
33 41 10 7
33 43 9 5
33 44 1 1
33 45 2 2
33 46 3 6
33 49 1 7
33 50 7 2
33 51 10 1
33 52 3 3
33 54 4 7
33 55 10 5
33 57 1 6
33 60 10 7
33 62 10 6
33 63 10 3
33 64 6 8
33 65 5 10
33 66 1 10
33 67 2 7
33 68 6 10
33 69 3 1
33 70 3 5
33 71 9 9
33 73 2 2
33 74 9 2
33 75 7 4
33 76 10 4
33 78 4 9
33 79 7 2
33 80 7 10
33 81 10 1
33 82 8 5
33 83 8 6
33 84 10 3
33 85 9 7
33 86 9 10
33 88 8 6
33 89 2 5
33 91 6 5
33 93 5 8
33 94 7 5
33 95 5 7
33 96 6 5
33 97 10 6
33 98 10 3
33 99 3 9
33 100 9 7
34 36 9 8
34 37 6 10
34 38 2 1
34 40 2 4
34 41 3 3
34 42 7 8
34 43 9 6
34 44 3 7
34 45 7 5
34 46 1 7
34 47 9 1
34 49 4 9
34 50 8 2
34 51 8 6
34 52 6 10
34 53 6 9
34 56 3 1
34 58 2 4
34 60 6 2
34 62 10 10
34 63 7 5
34 64 1 9
34 65 1 9
34 66 1 6
34 68 9 1
34 69 5 5
34 70 4 10
34 72 4 1
34 73 6 3
34 74 2 8
34 76 7 4
34 77 3 5
34 79 3 5
34 80 10 2
34 81 6 1
34 83 3 8
34 84 8 2
34 85 10 9
34 86 7 2
34 87 5 10
34 88 3 6
34 89 6 3
34 90 7 4
34 91 5 4
34 92 7 7
34 93 3 2
34 94 8 1
34 95 9 3
34 97 4 7
34 98 10 9
34 99 5 10
34 100 1 9
35 36 9 5
35 38 4 10
35 40 1 9
35 42 7 4
35 43 10 3
35 44 9 2
35 45 9 4
35 47 8 1
35 48 9 1
35 49 10 3
35 50 2 3
35 51 2 3
35 53 9 9
35 55 4 4
35 56 8 1
35 57 10 3
35 58 9 1
35 59 4 7
35 60 2 2
35 61 1 4
35 63 2 5
35 64 10 9
35 66 9 5
35 67 5 7
35 68 7 8
35 69 10 10
35 70 5 4
35 71 6 9
35 72 1 10
35 73 4 7
35 74 10 10
35 75 3 5
35 76 5 9
35 77 1 2
35 78 8 7
35 79 5 2
35 80 9 4
35 81 1 10
35 83 7 5
35 84 2 8
35 85 9 1
35 87 7 3
35 89 8 7
35 91 10 8
35 93 5 8
35 94 7 9
35 95 3 9
35 96 6 5
35 97 8 3
35 98 3 4
35 99 4 7
35 100 4 4
36 37 1 5
36 38 9 6
36 39 1 3
36 40 10 8
36 42 9 6
36 43 5 4
36 44 1 2
36 45 3 9
36 46 2 8
36 47 4 5
36 48 10 5
36 50 7 5
36 51 8 5
36 52 3 6
36 53 2 10
36 55 4 6
36 56 1 5
36 57 4 3
36 59 8 7
36 60 6 1
36 61 8 4
36 62 2 7
36 63 5 6
36 65 4 3
36 66 7 5
36 67 9 10
36 68 4 1
36 69 5 4
36 73 10 5
36 74 8 7
36 75 10 2
36 76 9 4
36 77 4 4
36 79 3 8
36 80 3 1
36 81 6 8
36 82 7 3
36 83 6 1
36 84 3 9
36 86 4 10
36 87 9 4
36 88 10 8
36 91 4 2
36 93 6 9
36 94 9 10
36 95 5 2
36 96 6 5
36 98 4 2
36 99 2 9
36 100 4 8
37 38 8 6
37 40 3 6
37 42 8 6
37 43 7 10
37 45 5 1
37 46 5 10
37 47 9 10
37 48 6 7
37 50 2 8
37 52 1 2
37 53 1 8
37 54 4 2
37 55 4 4
37 56 10 5
37 57 7 6
37 58 6 10
37 59 5 2
37 60 8 2
37 64 8 9
37 66 1 9
37 68 6 10
37 71 9 4
37 72 3 8
37 73 1 4
37 75 3 5
37 76 7 7
37 77 5 9
37 81 8 3
37 82 9 2
37 83 4 9
37 84 10 4
37 85 10 6
37 87 7 5
37 88 6 7
37 89 8 2
37 90 7 8
37 91 1 8
37 92 6 9
37 93 9 3
37 94 3 8
37 95 6 10
37 96 5 8
37 98 2 3
37 100 4 6
38 39 3 3
38 40 3 2
38 41 7 9
38 42 5 7
38 45 2 8
38 46 5 2
38 49 2 10
38 50 7 10
38 51 4 9
38 52 3 7
38 53 9 7
38 54 3 5
38 57 10 6
38 58 2 4
38 59 3 2
38 60 10 6
38 61 5 7
38 62 6 4
38 63 7 5
38 64 7 5
38 65 5 5
38 66 1 2
38 67 5 6
38 69 5 1
38 70 1 9
38 72 7 3
38 73 5 3
38 74 5 6
38 75 2 9
38 76 2 2
38 79 4 7
38 80 8 5
38 81 6 10
38 83 5 2
38 84 2 10
38 85 5 6
38 87 7 10
38 88 7 5
38 89 1 6
38 90 10 3
38 91 8 2
38 92 5 4
38 93 6 10
38 95 1 6
38 96 1 4
38 97 7 4
38 98 4 10
38 99 4 7
39 40 4 3
39 41 2 10
39 42 6 3
39 43 10 4
39 44 2 6
39 45 1 1
39 46 7 4
39 47 4 3
39 49 10 3
39 50 8 5
39 52 3 6
39 54 4 3
39 55 5 10
39 56 2 10
39 57 7 3
39 58 3 4
39 59 2 4
39 60 2 4
39 61 8 10
39 62 5 1
39 63 1 9
39 64 3 3
39 67 7 6
39 68 7 9
39 69 4 7
39 70 1 7
39 71 8 1
39 72 3 7
39 74 5 10
39 75 2 10
39 76 7 3
39 77 3 9
39 79 10 10
39 80 9 6
39 81 1 9
39 83 6 9
39 84 9 7
39 85 8 8
39 86 9 8
39 87 3 6
39 88 8 6
39 92 4 4
39 93 7 6
39 94 1 10
39 95 9 6
39 96 7 8
39 98 1 3
39 99 1 2
39 100 5 5
40 41 6 2
40 42 8 1
40 43 9 2
40 46 1 6
40 47 6 8
40 48 2 4
40 49 10 9
40 50 5 9
40 51 7 8
40 52 7 6
40 53 3 5
40 54 1 3
40 56 1 2
40 58 6 7
40 59 1 2
40 60 1 5
40 61 3 10
40 63 3 8
40 64 8 3
40 66 9 5
40 67 3 2
40 68 7 9
40 70 4 6
40 71 3 8
40 72 2 2
40 74 6 8
40 75 9 8
40 76 8 5
40 78 2 6
40 79 7 3
40 80 5 1
40 81 8 5
40 82 8 6
40 83 4 2
40 84 7 6
40 85 6 9
40 86 10 1
40 87 8 3
40 88 7 10
40 89 1 6
40 90 2 3
40 91 1 5
40 92 7 6
40 93 6 1
40 94 4 7
40 95 6 3
40 98 5 3
40 100 1 6
41 42 1 1
41 43 5 10
41 44 9 5
41 45 9 7
41 46 9 3
41 47 3 10
41 49 3 7
41 50 3 6
41 51 3 6
41 52 9 4
41 53 8 2
41 54 7 5
41 55 6 1
41 56 6 6
41 57 10 5
41 58 2 1
41 60 8 9
41 62 6 9
41 63 8 5
41 64 9 4
41 67 2 4
41 69 2 8
41 70 8 6
41 72 10 9
41 73 6 9
41 74 4 9
41 75 2 6
41 76 10 7
41 77 7 6
41 78 1 5
41 79 4 2
41 80 3 8
41 81 8 5
41 82 1 4
41 83 7 2
41 84 4 8
41 85 2 10
41 86 10 1
41 87 8 1
41 88 10 5
41 89 1 6
41 90 7 2
41 91 5 4
41 92 6 3
41 93 2 2
41 94 2 5
41 95 1 9
41 97 5 10
41 99 8 2
41 100 8 1
42 43 8 10
42 44 1 3
42 45 5 1
42 47 7 5
42 48 2 5
42 50 1 2
42 51 9 3
42 52 2 2
42 53 7 2
42 54 10 6
42 55 5 1
42 57 6 8
42 59 6 4
42 60 5 10
42 61 4 2
42 62 4 6
42 63 9 10
42 64 3 3
42 65 9 7
42 66 2 6
42 67 6 10
42 68 10 7
42 69 7 1
42 70 6 4
42 71 1 9
42 73 5 4
42 74 1 10
42 77 5 9
42 79 2 8
42 80 4 7
42 81 7 2
42 82 8 3
42 83 5 4
42 84 3 7
42 85 6 3
42 86 5 7
42 87 9 9
42 88 1 8
42 89 7 2
42 90 2 3
42 91 8 6
42 93 4 3
42 95 10 5
42 96 3 7
42 97 1 2
42 99 3 3
42 100 3 8
43 44 7 5
43 45 5 9
43 46 6 8
43 47 9 1
43 48 7 6
43 49 4 1
43 50 6 10
43 52 3 2
43 54 1 6
43 55 5 9
43 56 7 4
43 58 8 2
43 59 2 5
43 60 7 6
43 62 2 9
43 63 8 6
43 64 5 5
43 66 10 8
43 67 7 4
43 68 7 9
43 69 3 6
43 70 1 6
43 71 9 10
43 72 8 3
43 73 7 8
43 75 7 4
43 76 4 5
43 77 5 6
43 78 2 7
43 79 4 7
43 80 4 9
43 83 9 9
43 84 2 10
43 86 7 7
43 88 1 10
43 89 5 7
43 90 5 9
43 92 3 3
43 93 9 2
43 94 7 2
43 95 2 5
43 96 1 6
43 97 8 7
43 98 7 8
43 99 10 6
43 100 8 6
44 47 5 9
44 48 4 1
44 49 3 7
44 50 9 9
44 51 5 9
44 52 7 4
44 53 3 8
44 54 3 10
44 55 2 8
44 56 6 3
44 57 6 5
44 59 10 8
44 60 7 3
44 61 2 6
44 63 4 1
44 64 2 9
44 65 9 9
44 66 5 9
44 69 9 8
44 70 2 10
44 71 5 10
44 72 5 3
44 73 10 4
44 75 6 6
44 76 9 8
44 78 9 3
44 79 3 5
44 80 3 1
44 81 1 8
44 82 10 4
44 83 4 5
44 86 2 8
44 87 2 1
44 88 10 4
44 89 2 6
44 91 2 3
44 93 9 5
44 94 6 6
44 97 8 10
44 98 6 1
44 99 8 7
44 100 10 9
45 46 5 8
45 48 4 8
45 49 9 5
45 50 9 2
45 51 1 9
45 52 3 5
45 53 3 10
45 54 5 2
45 55 8 10
45 56 9 7
45 57 6 3
45 58 4 4
45 59 9 3
45 60 1 2
45 61 2 9
45 63 6 10
45 64 8 6
45 65 7 10
45 66 8 8
45 68 4 7
45 69 6 8
45 71 4 10
45 72 8 8
45 73 2 7
45 74 9 6
45 76 3 1
45 77 8 1
45 78 7 10
45 79 8 6
45 81 10 1
45 82 10 3
45 83 5 7
45 86 6 3
45 87 4 9
45 88 8 2
45 89 5 2
45 90 6 3
45 91 8 1
45 92 6 6
45 93 8 8
45 94 3 2
45 96 7 7
45 97 3 6
45 99 1 1
45 100 3 6
46 47 7 2
46 48 10 3
46 49 10 4
46 50 1 6
46 51 7 6
46 52 8 10
46 53 4 7
46 54 5 3
46 56 2 3
46 57 1 10
46 58 2 4
46 60 4 2
46 62 6 7
46 64 1 1
46 65 9 5
46 66 1 2
46 67 4 6
46 68 9 9
46 69 6 5
46 70 2 8
46 71 7 8
46 72 5 7
46 73 9 8
46 74 6 4
46 75 10 10
46 76 3 7
46 77 3 10
46 78 3 9
46 79 10 10
46 80 4 10
46 81 7 3
46 82 4 6
46 83 10 10
46 84 10 10
46 87 2 5
46 88 3 4
46 89 10 5
46 90 8 3
46 91 9 3
46 92 5 9
46 94 2 3
46 95 6 4
46 96 4 8
46 97 8 10
46 98 4 5
46 100 1 3
47 48 5 6
47 52 1 4
47 55 3 1
47 57 9 5
47 58 10 5
47 60 6 5
47 61 6 4
47 62 10 10
47 64 6 3
47 66 8 6
47 68 5 5
47 69 3 4
47 70 8 10
47 72 5 4
47 73 1 7
47 74 10 1
47 75 1 3
47 76 5 7
47 79 4 4
47 80 9 6
47 81 10 9
47 82 6 4
47 83 4 8
47 84 3 8
47 85 10 8
47 86 6 10
47 87 2 9
47 88 2 10
47 89 6 9
47 90 5 7
47 91 6 6
47 94 4 2
47 95 8 9
47 96 3 6
47 97 10 5
47 98 5 5
47 99 2 2
47 100 4 7
48 49 3 5
48 50 7 7
48 51 8 4
48 52 4 10
48 54 8 3
48 55 3 1
48 58 1 4
48 60 10 8
48 61 1 9
48 62 6 7
48 63 2 5
48 65 1 5
48 67 1 4
48 68 10 2
48 69 4 3
48 70 7 1
48 71 5 4
48 72 6 7
48 73 4 10
48 74 3 6
48 75 5 1
48 76 1 6
48 77 6 3
48 78 4 8
48 79 10 5
48 80 3 9
48 81 2 4
48 82 7 2
48 84 3 7
48 85 2 3
48 86 6 7
48 87 4 6
48 88 6 9
48 89 1 7
48 90 2 6
48 91 9 2
48 92 1 1
48 93 9 5
48 94 2 4
48 95 9 8
48 96 6 6
48 97 6 2
48 99 1 7
48 100 1 8
49 51 1 2
49 52 10 10
49 53 4 6
49 55 1 5
49 56 2 9
49 57 3 7
49 58 6 3
49 60 2 9
49 62 5 7
49 63 5 5
49 64 4 10
49 65 4 7
49 66 2 7
49 67 8 10
49 69 3 9
49 70 7 4
49 71 2 6
49 72 4 6
49 73 6 1
49 74 10 9
49 75 5 2
49 76 3 1
49 77 2 1
49 79 10 10
49 80 10 1
49 81 10 10
49 82 8 9
49 83 3 3
49 84 4 7
49 86 5 9
49 87 6 3
49 88 3 5
49 90 2 2
49 93 3 6
49 94 7 3
49 95 8 4
49 96 9 2
49 97 5 2
49 98 9 8
49 99 8 1
49 100 5 1
50 51 8 10
50 52 9 9
50 53 6 7
50 54 1 5
50 55 9 4
50 56 10 7
50 57 1 2
50 58 8 2
50 59 2 4
50 60 4 9
50 61 2 1
50 62 5 7
50 63 1 2
50 64 6 3
50 65 9 3
50 66 5 6
50 67 4 6
50 69 8 9
50 70 4 2
50 71 9 3
50 72 7 9
50 73 6 8
50 75 1 10
50 76 7 6
50 78 7 2
50 79 7 1
50 80 5 9
50 81 7 2
50 82 5 2
50 84 10 7
50 86 8 9
50 87 6 1
50 88 9 9
50 90 1 7
50 92 9 5
50 94 8 2
50 98 2 7
50 100 1 9
51 52 3 9
51 53 9 9
51 54 8 9
51 56 9 10
51 57 10 7
51 58 10 4
51 61 7 7
51 63 7 7
51 64 9 8
51 65 3 10
51 66 10 2
51 67 2 2
51 68 6 2
51 69 9 9
51 70 9 2
51 72 5 10
51 73 3 10
51 74 6 2
51 75 3 9
51 76 10 3
51 77 5 7
51 78 5 5
51 79 4 7
51 82 6 3
51 83 3 3
51 84 1 6
51 86 3 1
51 87 1 8
51 88 7 9
51 89 5 5
51 90 7 2
51 91 4 9
51 92 9 2
51 95 10 8
51 96 9 3
51 97 6 6
51 98 9 8
51 100 8 6
52 53 2 7
52 54 2 6
52 55 10 3
52 56 9 9
52 59 3 4
52 60 8 7
52 62 8 4
52 63 8 3
52 64 3 5
52 66 6 8
52 67 1 5
52 69 10 2
52 71 10 10
52 72 10 5
52 73 6 10
52 75 4 8
52 76 8 5
52 78 4 4
52 79 7 4
52 80 2 10
52 82 3 7
52 85 1 10
52 86 3 5
52 87 6 9
52 89 9 1
52 90 1 5
52 91 10 7
52 92 5 7
52 93 6 4
52 94 2 1
52 95 9 9
52 96 10 8
52 97 10 3
52 98 3 8
52 99 5 3
52 100 10 10
53 54 9 3
53 55 2 8
53 57 1 10
53 58 7 8
53 59 4 6
53 60 6 2
53 61 3 5
53 62 4 6
53 63 10 7
53 67 2 9
53 68 1 10
53 69 6 2
53 70 9 2
53 72 10 1
53 73 7 10
53 74 2 3
53 75 8 5
53 76 4 9
53 77 6 8
53 78 6 4
53 79 3 9
53 80 1 9
53 81 9 2
53 82 3 8
53 85 9 3
53 86 5 10
53 87 7 2
53 88 2 9
53 89 2 4
53 90 7 7
53 91 2 8
53 95 8 7
53 96 8 7
53 97 5 6
53 98 9 6
53 99 4 2
53 100 1 1
54 55 8 10
54 57 4 1
54 58 5 4
54 59 4 3
54 61 2 10
54 62 5 10
54 64 1 8
54 65 8 7
54 66 5 1
54 67 2 10
54 68 7 4
54 69 3 1
54 71 3 10
54 72 4 4
54 73 5 7
54 75 2 4
54 76 3 1
54 77 2 2
54 78 6 6
54 79 7 8
54 80 8 4
54 81 5 2
54 82 6 3
54 83 5 3
54 84 3 5
54 85 8 6
54 87 2 8
54 88 6 4
54 89 5 10
54 91 5 7
54 92 10 9
54 93 4 8
54 94 2 1
54 96 2 10
54 97 9 10
54 98 6 1
54 99 2 1
55 56 1 7
55 57 8 2
55 58 6 9
55 59 2 1
55 60 5 4
55 61 1 2
55 62 6 10
55 63 6 8
55 64 7 7
55 65 5 2
55 66 9 1
55 67 1 5
55 69 3 7
55 70 4 7
55 71 1 8
55 72 5 8
55 73 9 8
55 74 1 5
55 75 3 1
55 76 5 1
55 77 1 10
55 79 5 4
55 80 2 1
55 82 10 2
55 83 6 3
55 84 1 9
55 85 7 7
55 87 5 10
55 88 3 8
55 89 2 10
55 90 5 9
55 91 3 4
55 92 6 5
55 94 3 10
55 95 2 6
55 97 8 7
55 98 9 8
55 99 6 9
55 100 2 10
56 57 9 6
56 58 10 6
56 59 10 8
56 60 9 2
56 62 10 9
56 65 5 5
56 66 5 1
56 67 3 3
56 68 8 6
56 70 2 6
56 72 5 8
56 73 9 3
56 74 2 5
56 76 2 2
56 77 6 8
56 78 10 7
56 80 10 10
56 81 1 3
56 82 9 8
56 83 2 1
56 84 1 6
56 85 9 10
56 86 10 5
56 87 7 4
56 88 4 5
56 90 2 10
56 91 9 7
56 92 10 8
56 93 10 6
56 94 4 7
56 95 9 9
56 96 4 9
56 97 6 7
56 98 7 8
56 99 8 4
56 100 5 6
57 58 4 4
57 60 1 2
57 61 10 5
57 62 7 3
57 63 5 1
57 64 9 6
57 65 2 5
57 66 7 7
57 67 9 10
57 71 4 10
57 72 3 10
57 73 9 10
57 74 6 4
57 75 9 10
57 77 3 5
57 78 10 5
57 79 4 6
57 80 5 1
57 81 10 4
57 82 7 7
57 84 8 4
57 85 5 10
57 86 4 4
57 88 4 8
57 90 4 8
57 91 3 10
57 93 6 10
57 94 3 9
57 95 2 8
57 96 8 1
57 98 4 4
57 99 5 8
57 100 8 8
58 59 5 3
58 60 1 2
58 62 6 1
58 63 5 1
58 65 9 5
58 66 7 6
58 67 6 4
58 68 5 9
58 69 5 6
58 70 7 5
58 73 2 1
58 74 5 7
58 75 6 5
58 76 8 9
58 77 9 5
58 79 7 6
58 80 1 4
58 83 6 1
58 86 8 9
58 87 9 6
58 89 10 9
58 90 9 3
58 91 5 5
58 93 2 8
58 94 1 5
58 97 7 6
58 98 7 5
59 60 4 7
59 61 6 9
59 62 5 8
59 63 6 5
59 64 10 3
59 65 1 3
59 66 9 5
59 67 10 9
59 68 9 7
59 69 5 2
59 70 10 3
59 71 8 7
59 72 6 9
59 73 1 7
59 74 6 9
59 75 9 8
59 76 7 7
59 77 7 6
59 78 4 4
59 79 4 9
59 80 5 2
59 81 2 8
59 84 7 7
59 85 3 7
59 86 7 10
59 87 1 10
59 88 7 9
59 89 3 3
59 90 7 3
59 93 8 1
59 94 10 6
59 95 3 4
59 98 4 6
59 99 10 7
59 100 4 7
60 61 10 3
60 63 8 4
60 64 10 8
60 67 1 9
60 68 9 2
60 69 9 9
60 70 2 2
60 71 10 8
60 72 5 8
60 73 3 4
60 74 6 10
60 75 5 1
60 76 9 7
60 77 10 5
60 78 5 10
60 79 7 6
60 80 6 8
60 81 2 7
60 82 7 8
60 83 4 3
60 84 2 5
60 85 2 2
60 86 2 5
60 87 1 7
60 88 3 7
60 89 7 5
60 90 1 8
60 91 9 4
60 92 4 10
60 94 5 9
60 95 5 5
60 96 9 6
60 97 1 3
60 99 8 2
60 100 2 9
61 63 9 8
61 64 5 4
61 65 10 8
61 66 8 6
61 67 5 7
61 68 6 9
61 70 8 2
61 72 7 4
61 73 8 9
61 74 6 1
61 75 8 3
61 76 1 5
61 77 3 1
61 78 10 6
61 80 4 2
61 82 3 9
61 83 5 7
61 84 7 8
61 85 6 3
61 86 10 3
61 87 7 7
61 88 5 9
61 89 1 10
61 90 4 7
61 91 1 1
61 92 8 5
61 93 1 7
61 94 9 1
61 96 9 5
61 97 6 5
61 98 6 4
61 99 2 5
61 100 9 4
62 63 10 7
62 64 10 2
62 65 2 6
62 66 4 9
62 68 5 4
62 69 1 3
62 70 1 2
62 71 3 8
62 72 7 3
62 73 9 10
62 74 5 7
62 75 7 1
62 76 8 4
62 77 4 7
62 78 8 6
62 81 2 5
62 82 6 6
62 83 1 8
62 84 10 4
62 85 4 9
62 86 8 3
62 87 9 8
62 88 8 4
62 89 6 1
62 90 9 8
62 91 2 6
62 92 3 6
62 93 9 10
62 94 7 4
62 95 9 10
62 96 6 7
62 97 9 10
62 98 3 5
62 99 8 8
62 100 7 9
63 64 7 3
63 65 10 9
63 67 10 7
63 68 10 7
63 70 8 8
63 71 8 6
63 72 7 6
63 73 10 2
63 75 4 7
63 76 8 4
63 77 1 8
63 78 10 1
63 79 1 4
63 80 8 8
63 81 1 1
63 83 6 6
63 84 3 7
63 85 3 4
63 88 9 9
63 89 2 1
63 90 7 2
63 91 1 3
63 92 3 8
63 93 5 10
63 96 4 9
63 98 6 4
63 99 6 4
64 65 3 6
64 67 2 5
64 68 4 4
64 69 8 2
64 70 1 8
64 71 8 4
64 72 6 2
64 73 7 8
64 74 10 4
64 75 10 8
64 77 5 4
64 78 7 2
64 79 1 2
64 81 7 8
64 82 1 10
64 83 3 5
64 85 2 8
64 86 3 4
64 87 5 5
64 88 8 5
64 89 9 7
64 90 8 10
64 91 7 3
64 92 1 6
64 93 8 5
64 94 4 5
64 95 1 8
64 96 2 6
64 97 3 7
64 99 9 8
65 67 8 6
65 68 1 8
65 69 3 8
65 70 3 9
65 71 9 8
65 72 5 3
65 73 7 9
65 74 9 5
65 75 9 6
65 76 6 6
65 77 3 10
65 78 4 6
65 79 2 5
65 80 4 3
65 81 10 3
65 82 4 7
65 83 8 8
65 84 9 6
65 85 5 7
65 86 10 3
65 87 6 2
65 88 9 4
65 89 2 4
65 90 6 3
65 91 3 1
65 92 5 3
65 93 1 8
65 95 2 2
65 96 7 7
65 97 5 7
65 98 10 9
65 99 7 1
65 100 6 3
66 67 9 6
66 68 10 1
66 69 3 3
66 70 1 1
66 72 2 1
66 73 5 2
66 74 7 5
66 75 6 10
66 76 7 10
66 77 1 6
66 78 8 3
66 80 7 7
66 81 5 10
66 83 10 3
66 84 2 9
66 85 5 5
66 86 5 1
66 87 4 2
66 88 2 9
66 89 4 4
66 90 8 4
66 91 2 9
66 92 6 8
66 93 9 6
66 95 6 2
66 96 4 3
66 97 7 9
66 98 1 1
66 100 9 2
67 68 5 4
67 69 6 7
67 70 6 4
67 71 7 10
67 72 9 3
67 74 4 8
67 75 7 1
67 77 8 3
67 79 1 7
67 80 6 3
67 81 5 8
67 82 1 8
67 84 5 5
67 85 8 1
67 87 3 2
67 88 3 7
67 89 4 8
67 90 4 2
67 91 3 1
67 93 10 9
67 94 8 3
67 95 6 2
67 97 10 5
67 98 3 6
67 99 5 6
67 100 3 7
68 69 6 8
68 70 6 6
68 71 6 5
68 72 2 2
68 73 7 5
68 74 3 10
68 75 3 7
68 76 9 5
68 77 10 8
68 78 1 9
68 79 8 7
68 80 3 3
68 81 7 1
68 84 5 4
68 85 5 7
68 87 7 7
68 89 6 3
68 90 10 3
68 92 5 4
68 94 9 9
68 95 10 1
68 97 7 3
68 99 7 9
68 100 3 1
69 70 9 2
69 71 9 1
69 72 3 8
69 73 3 1
69 74 4 5
69 75 3 10
69 76 10 1
69 77 8 7
69 78 4 7
69 80 7 10
69 82 7 3
69 83 3 9
69 86 7 2
69 87 5 2
69 88 2 8
69 89 5 2
69 90 4 4
69 91 3 9
69 92 5 1
69 93 4 7
69 96 9 7
69 99 7 9
69 100 5 3
70 71 3 3
70 72 2 5
70 73 10 10
70 74 1 10
70 75 6 9
70 76 6 5
70 77 1 9
70 78 9 9
70 79 3 1
70 80 6 7
70 81 4 3
70 82 10 7
70 83 8 8
70 84 7 5
70 86 1 4
70 87 7 10
70 88 6 5
70 89 4 9
70 90 7 10
70 91 5 6
70 92 1 7
70 95 9 6
70 96 7 8
70 97 6 1
70 98 3 9
70 100 2 9
71 72 5 2
71 73 8 8
71 74 1 10
71 75 4 8
71 76 4 10
71 77 2 8
71 78 1 6
71 79 8 7
71 80 4 4
71 81 8 2
71 82 6 2
71 83 1 10
71 84 1 7
71 85 5 5
71 86 9 1
71 87 3 1
71 88 4 4
71 90 3 8
71 91 1 3
71 93 9 2
71 94 10 1
71 95 7 1
71 97 10 1
71 99 1 6
71 100 5 2
72 73 9 1
72 74 1 2
72 75 9 8
72 76 2 5
72 77 2 5
72 78 5 6
72 81 1 7
72 82 10 9
72 83 9 3
72 84 3 7
72 85 6 10
72 87 4 6
72 89 4 3
72 91 4 1
72 92 9 4
72 93 4 5
72 94 4 10
72 95 7 5
72 96 9 8
72 99 9 8
72 100 3 1
73 76 8 5
73 77 10 1
73 78 6 10
73 79 2 5
73 80 2 7
73 81 1 1
73 82 5 8
73 83 5 6
73 84 9 7
73 85 2 2
73 86 3 2
73 87 10 7
73 89 4 7
73 90 10 5
73 91 8 10
73 93 1 8
73 94 4 4
73 95 5 7
73 96 6 4
73 97 1 9
73 98 4 3
73 99 8 3
73 100 6 1
74 75 6 2
74 76 4 10
74 78 7 10
74 80 6 1
74 81 7 10
74 82 4 4
74 83 8 3
74 84 2 3
74 85 3 3
74 87 5 5
74 89 8 1
74 90 1 3
74 91 1 7
74 93 8 6
74 94 10 1
74 95 4 1
74 96 6 2
74 97 2 10
74 98 1 2
74 99 5 6
74 100 10 9
75 76 6 4
75 77 1 8
75 78 2 6
75 79 8 7
75 80 2 8
75 81 7 5
75 82 5 1
75 84 3 7
75 85 8 9
75 87 2 8
75 88 7 7
75 90 9 5
75 91 3 3
75 92 7 10
75 94 9 5
75 95 9 3
75 96 1 6
75 97 9 2
75 98 2 6
75 99 3 10
75 100 6 4
76 77 3 1
76 78 10 7
76 79 3 7
76 80 3 3
76 81 6 10
76 82 8 4
76 83 7 6
76 84 4 1
76 85 5 7
76 87 5 6
76 88 7 3
76 89 4 9
76 90 6 1
76 91 3 10
76 92 7 9
76 93 8 7
76 94 7 10
76 96 3 2
76 97 1 8
76 98 3 9
76 99 10 2
77 78 5 3
77 79 7 5
77 80 10 2
77 81 5 2
77 82 10 6
77 83 10 5
77 85 5 7
77 86 1 1
77 87 4 7
77 89 1 3
77 90 10 2
77 91 3 2
77 92 8 10
77 93 6 1
77 94 3 1
77 95 6 9
77 96 6 3
77 98 7 9
77 99 3 5
78 81 7 5
78 82 4 9
78 83 8 6
78 84 6 5
78 85 9 5
78 86 8 2
78 87 4 1
78 88 3 3
78 89 10 4
78 90 5 4
78 93 5 8
78 94 1 7
78 95 9 10
78 96 3 5
78 97 2 9
78 98 8 10
78 99 6 2
78 100 5 1
79 80 3 9
79 81 2 1
79 83 7 6
79 84 6 2
79 85 6 8
79 86 2 10
79 87 10 2
79 88 5 2
79 89 6 1
79 90 1 6
79 91 7 3
79 92 3 5
79 93 8 9
79 94 2 4
79 95 1 2
79 97 2 5
79 98 5 10
79 99 5 10
79 100 10 4
80 81 10 3
80 82 9 7
80 83 3 10
80 84 6 1
80 85 7 6
80 86 7 3
80 87 9 9
80 89 2 10
80 90 10 5
80 91 10 3
80 93 4 10
80 94 3 2
80 96 10 4
80 97 4 3
80 98 8 1
80 99 3 3
80 100 9 10
81 84 9 10
81 85 7 7
81 87 3 1
81 88 7 7
81 90 9 10
81 91 9 10
81 92 3 5
81 93 8 6
81 94 2 5
81 95 3 10
81 96 3 2
81 97 4 9
81 98 4 2
82 83 6 3
82 85 8 5
82 86 2 2
82 87 5 10
82 88 9 4
82 90 2 10
82 91 6 6
82 93 4 6
82 94 7 3
82 95 1 4
82 96 7 2
82 97 5 3
82 98 7 9
82 99 3 3
82 100 4 7
83 86 8 7
83 87 10 1
83 88 5 10
83 89 1 1
83 90 1 7
83 94 4 1
83 95 8 9
83 96 7 10
83 97 5 9
83 98 4 9
84 85 10 6
84 87 9 8
84 88 9 7
84 89 4 1
84 90 9 8
84 92 9 2
84 93 9 8
84 95 8 2
84 96 1 6
84 97 5 5
84 98 1 5
84 99 4 3
84 100 9 10
85 86 9 9
85 87 5 6
85 88 4 8
85 89 10 3
85 90 9 4
85 91 10 3
85 92 8 9
85 93 7 4
85 94 8 9
85 96 5 5
85 97 2 8
86 87 10 6
86 88 5 10
86 89 10 8
86 91 10 7
86 92 8 4
86 93 2 2
86 94 4 4
86 95 4 2
86 96 10 1
86 97 9 3
86 98 10 7
86 99 6 9
86 100 3 7
87 89 2 10
87 90 1 8
87 91 1 1
87 92 5 5
87 93 4 9
87 94 8 4
87 95 6 8
87 96 1 1
87 97 4 5
87 98 1 4
87 99 6 2
87 100 6 1
88 89 7 7
88 90 1 9
88 91 9 5
88 92 9 8
88 94 3 4
88 95 1 1
88 96 2 2
88 97 1 5
88 98 9 3
88 99 5 5
89 90 7 9
89 91 4 4
89 92 3 5
89 93 6 7
89 94 4 2
89 96 2 3
89 97 7 8
89 98 10 5
89 99 10 2
89 100 6 6
90 91 10 6
90 92 2 3
90 93 5 5
90 94 1 4
90 96 1 8
90 98 3 3
90 100 5 3
91 92 5 5
91 93 7 5
91 94 6 4
91 97 2 9
91 99 5 4
91 100 4 4
92 94 10 10
92 95 10 9
92 97 2 10
92 98 10 7
92 99 10 6
92 100 5 10
93 94 4 8
93 95 8 8
93 96 9 2
93 97 3 6
93 98 7 7
94 95 10 3
94 96 7 6
94 97 6 9
94 98 9 6
95 96 1 9
95 98 4 2
95 99 2 6
96 97 7 3
96 98 9 10
96 99 1 10
96 100 8 1
97 98 1 10
97 100 5 8
98 99 7 6
98 100 3 8
99 100 5 8
1
1 2 3 4 5 6 7 8 9 10 11 12 13 14 15 16 17 18 19 20 21 22 23 24 25 26 27 28 29 30 31 32 33 34 35 36 37 38 39 40 41 42 43 44 45 46 47 48 49 50
