3933
1 2 2 3
1 4 10 2
1 5 4 4
1 6 9 4
1 9 9 10
1 11 1 5
1 12 8 6
1 13 2 9
1 14 1 3
1 15 10 5
1 16 10 10
1 17 4 2
1 19 5 4
1 20 9 3
1 21 2 1
1 22 4 4
1 23 3 7
1 24 7 6
1 25 7 9
1 26 3 1
1 27 9 6
1 28 9 2
1 29 10 9
1 30 10 3
1 32 2 9
1 34 4 3
1 37 3 7
1 38 8 8
1 39 7 8
1 40 3 1
1 42 10 10
1 43 9 6
1 44 1 4
1 45 5 7
1 47 10 5
1 48 8 2
1 49 5 1
1 50 1 5
1 51 5 9
1 52 7 7
1 53 5 4
1 54 9 6
1 55 3 5
1 56 4 5
1 57 8 9
1 61 10 6
1 62 5 4
1 63 3 1
1 65 7 2
1 66 2 8
1 67 2 8
1 68 2 7
1 69 2 1
1 70 6 3
1 71 6 2
1 72 8 2
1 74 3 3
1 75 7 8
1 76 4 8
1 77 10 1
1 78 6 3
1 79 6 3
1 81 2 4
1 84 7 1
1 86 7 9
1 87 7 1
1 88 1 6
1 89 4 8
1 90 10 3
1 92 5 6
1 94 2 5
1 95 3 10
1 96 6 7
1 97 10 8
1 98 4 10
1 99 8 7
1 100 6 1
2 3 10 6
2 5 4 10
2 6 8 3
2 7 10 6
2 9 6 6
2 10 5 6
2 11 7 4
2 12 6 4
2 13 7 8
2 15 5 3
2 16 6 9
2 18 10 5
2 19 2 6
2 21 7 7
2 22 8 2
2 24 1 8
2 25 9 3
2 27 8 9
2 28 3 3
2 29 4 6
2 30 3 10
2 32 8 5
2 33 3 7
2 34 2 1
2 35 1 10
2 36 9 1
2 37 9 9
2 39 1 1
2 40 1 4
2 41 7 4
2 42 6 8
2 43 7 10
2 44 8 9
2 45 1 8
2 46 4 3
2 48 6 10
2 49 8 5
2 51 2 10
2 52 5 5
2 53 9 3
2 54 4 4
2 56 10 2
2 58 1 5
2 59 6 2
2 61 3 4
2 62 2 4
2 64 2 6
2 65 6 10
2 66 7 9
2 67 7 1
2 69 3 7
2 70 1 9
2 71 10 2
2 72 5 9
2 73 9 4
2 74 8 5
2 75 8 5
2 76 10 8
2 78 10 8
2 79 3 2
2 82 7 1
2 83 4 3
2 84 9 2
2 85 6 3
2 86 1 7
2 88 6 4
2 89 6 5
2 91 9 9
2 93 9 10
2 94 7 4
2 95 8 6
2 96 7 3
2 97 5 9
2 98 4 2
2 99 10 5
2 100 6 9
3 4 10 3
3 6 9 5
3 7 10 1
3 9 3 10
3 11 10 5
3 12 1 9
3 14 4 4
3 16 3 4
3 17 3 5
3 18 2 10
3 19 2 3
3 20 3 7
3 21 1 6
3 22 3 9
3 23 4 8
3 24 10 4
3 25 9 5
3 26 1 9
3 27 10 5
3 28 2 3
3 29 3 4
3 31 5 7
3 32 10 10
3 33 1 3
3 35 1 3
3 36 10 4
3 37 10 8
3 38 10 9
3 39 4 5
3 40 9 2
3 41 10 5
3 42 3 6
3 43 6 8
3 44 1 5
3 45 5 2
3 46 10 3
3 47 5 8
3 48 5 7
3 49 10 3
3 50 2 6
3 51 3 4
3 53 9 4
3 54 10 9
3 55 9 2
3 56 8 7
3 58 4 3
3 60 4 2
3 61 8 3
3 62 6 1
3 64 3 8
3 66 9 5
3 67 10 1
3 69 6 8
3 70 1 8
3 72 10 1
3 73 8 6
3 74 7 9
3 75 5 6
3 76 9 3
3 77 9 3
3 79 3 6
3 81 10 4
3 82 1 4
3 83 6 7
3 84 2 10
3 86 4 10
3 89 2 6
3 90 8 3
3 91 6 8
3 92 6 4
3 94 5 9
3 95 8 10
3 96 3 2
3 98 3 1
3 99 9 8
3 100 10 4
4 5 9 1
4 6 8 7
4 7 9 3
4 9 6 9
4 10 6 6
4 11 3 10
4 12 5 5
4 14 10 2
4 15 7 10
4 17 2 2
4 19 9 5
4 20 4 4
4 23 1 2
4 25 7 1
4 26 7 5
4 27 8 2
4 29 2 9
4 30 4 9
4 31 4 3
4 32 2 1
4 33 2 1
4 34 9 3
4 35 10 4
4 36 7 10
4 37 2 3
4 38 1 1
4 39 7 8
4 40 8 1
4 41 9 5
4 42 5 2
4 43 4 5
4 44 5 1
4 45 7 4
4 46 10 7
4 47 3 2
4 48 1 9
4 49 1 8
4 50 2 10
4 51 7 3
4 52 10 10
4 53 4 9
4 55 9 2
4 56 1 3
4 58 1 10
4 60 7 3
4 61 8 9
4 62 1 8
4 63 5 8
4 64 6 3
4 65 4 2
4 67 8 10
4 68 8 3
4 70 9 10
4 73 8 6
4 74 7 9
4 75 8 9
4 76 5 3
4 78 9 3
4 79 5 10
4 80 4 5
4 82 7 8
4 83 2 3
4 84 10 6
4 85 5 5
4 87 5 1
4 88 6 1
4 89 1 3
4 90 4 4
4 91 10 3
4 92 1 7
4 93 10 7
4 94 4 1
4 95 2 9
4 97 5 1
4 98 9 10
4 99 10 2
4 100 4 6
5 6 5 8
5 7 10 5
5 8 3 6
5 9 5 8
5 10 3 1
5 11 5 2
5 12 2 4
5 15 6 10
5 16 5 3
5 17 4 8
5 18 3 2
5 19 10 4
5 20 10 6
5 21 1 6
5 22 8 3
5 24 8 10
5 25 4 2
5 27 8 6
5 28 3 3
5 29 9 10
5 32 5 4
5 33 1 5
5 34 3 6
5 35 4 9
5 37 8 5
5 38 5 10
5 39 5 1
5 40 7 4
5 41 9 9
5 42 8 1
5 43 1 5
5 44 3 5
5 45 4 5
5 46 5 5
5 47 3 9
5 48 7 8
5 50 7 9
5 53 3 1
5 55 9 7
5 56 2 4
5 58 9 8
5 59 8 5
5 60 3 7
5 64 4 1
5 65 7 6
5 66 3 2
5 67 6 4
5 68 7 6
5 69 1 2
5 70 10 10
5 71 1 10
5 72 4 1
5 73 9 3
5 74 7 7
5 75 5 3
5 76 2 9
5 77 8 7
5 78 8 3
5 79 4 10
5 80 10 10
5 81 1 6
5 82 10 9
5 83 5 4
5 85 5 2
5 87 4 4
5 88 3 7
5 89 2 1
5 90 1 1
5 91 5 9
5 92 1 5
5 94 1 10
5 96 3 8
5 97 9 4
5 98 9 2
5 99 9 3
5 100 7 3
6 7 1 2
6 8 6 2
6 9 5 3
6 10 4 4
6 11 2 6
6 12 9 8
6 14 10 1
6 15 10 6
6 16 5 1
6 17 3 1
6 18 9 3
6 19 7 7
6 20 8 6
6 21 1 9
6 22 8 9
6 23 8 5
6 24 2 3
6 25 4 2
6 26 9 3
6 29 4 5
6 30 8 6
6 31 6 3
6 32 3 1
6 33 2 4
6 35 8 9
6 36 8 7
6 37 3 4
6 38 10 7
6 39 10 8
6 40 2 3
6 41 1 4
6 42 2 1
6 43 6 1
6 44 9 6
6 45 7 4
6 47 2 4
6 48 10 6
6 49 6 1
6 50 4 3
6 51 7 4
6 52 4 7
6 53 4 4
6 54 5 4
6 55 6 4
6 56 4 7
6 57 2 5
6 58 1 1
6 59 1 2
6 60 7 10
6 61 10 8
6 62 7 9
6 64 2 6
6 65 2 2
6 66 3 6
6 67 4 9
6 70 8 10
6 71 10 9
6 73 2 6
6 74 5 4
6 76 5 3
6 77 5 2
6 78 3 6
6 80 10 9
6 81 10 3
6 82 1 7
6 83 6 6
6 85 9 10
6 86 2 4
6 87 8 6
6 88 2 6
6 89 9 3
6 92 7 4
6 93 7 10
6 97 2 8
6 98 4 3
6 99 4 2
7 8 1 4
7 9 10 1
7 10 1 7
7 11 7 2
7 12 9 6
7 14 3 3
7 15 6 3
7 16 7 1
7 17 10 9
7 19 7 6
7 20 4 2
7 21 9 9
7 22 2 9
7 24 5 3
7 25 9 3
7 26 6 4
7 27 10 1
7 28 4 4
7 29 8 1
7 32 6 10
7 33 7 9
7 35 10 5
7 36 5 2
7 37 5 6
7 39 1 6
7 40 4 10
7 41 9 10
7 42 6 5
7 43 3 10
7 45 10 1
7 47 1 1
7 48 10 1
7 49 6 1
7 50 6 2
7 51 10 3
7 53 5 2
7 55 2 9
7 57 3 3
7 58 6 6
7 60 6 10
7 63 7 5
7 64 4 10
7 65 2 4
7 66 4 1
7 70 9 7
7 71 5 10
7 72 10 3
7 74 1 3
7 75 3 2
7 77 6 6
7 78 5 5
7 80 8 5
7 81 7 6
7 82 1 8
7 83 1 10
7 84 7 4
7 85 6 9
7 86 5 6
7 87 2 2
7 88 2 10
7 90 6 5
7 91 3 1
7 92 5 10
7 93 8 4
7 94 6 4
7 95 5 10
7 96 6 7
7 97 8 2
7 98 3 10
7 99 4 1
7 100 7 3
8 9 2 8
8 10 2 2
8 11 1 3
8 13 9 6
8 14 2 10
8 15 6 7
8 16 7 1
8 17 7 6
8 18 3 3
8 19 7 10
8 20 7 4
8 22 9 5
8 23 4 9
8 25 6 10
8 26 6 8
8 27 4 7
8 28 3 3
8 31 3 7
8 32 7 7
8 33 6 7
8 34 2 2
8 35 5 2
8 36 5 1
8 37 2 8
8 38 7 1
8 40 6 2
8 41 5 2
8 43 2 8
8 44 8 4
8 45 7 6
8 49 1 7
8 50 8 10
8 52 3 8
8 53 6 10
8 54 4 4
8 55 1 4
8 56 6 4
8 57 5 5
8 58 6 2
8 59 10 4
8 60 10 10
8 63 4 6
8 64 1 1
8 65 10 10
8 67 9 3
8 68 1 9
8 69 1 6
8 71 9 4
8 72 7 3
8 74 3 4
8 75 6 10
8 76 8 3
8 77 10 3
8 78 7 4
8 79 4 2
8 80 8 9
8 81 7 7
8 82 8 9
8 83 2 4
8 84 5 4
8 85 2 3
8 86 7 9
8 87 8 6
8 88 7 7
8 89 5 9
8 90 2 4
8 91 3 3
8 92 6 7
8 94 7 3
8 95 10 3
8 96 9 9
8 97 7 5
8 98 3 5
8 99 3 5
9 10 1 5
9 11 2 1
9 12 1 9
9 14 7 10
9 15 10 8
9 16 5 9
9 20 6 5
9 21 5 10
9 22 7 3
9 23 8 1
9 24 5 2
9 25 5 3
9 26 9 3
9 27 1 3
9 28 8 8
9 29 9 10
9 31 8 9
9 32 3 10
9 33 6 5
9 34 6 4
9 35 8 1
9 36 1 4
9 37 3 6
9 38 2 8
9 39 6 7
9 40 8 4
9 42 1 8
9 44 10 7
9 45 7 3
9 46 8 3
9 48 5 9
9 49 2 9
9 50 6 9
9 51 2 6
9 52 7 9
9 53 10 8
9 60 1 2
9 61 9 4
9 62 10 2
9 64 4 10
9 65 3 6
9 66 6 1
9 67 7 10
9 68 9 5
9 69 4 10
9 70 2 10
9 71 1 7
9 74 2 4
9 75 9 9
9 76 8 9
9 77 2 7
9 78 10 4
9 80 7 4
9 81 4 6
9 82 9 5
9 83 7 9
9 84 4 9
9 85 2 9
9 86 10 10
9 88 8 7
9 89 3 7
9 90 7 7
9 91 3 9
9 92 5 6
9 94 1 1
9 95 2 6
9 96 8 3
9 97 3 1
9 98 6 8
9 99 5 4
9 100 2 2
10 11 2 7
10 12 8 4
10 13 3 5
10 14 7 9
10 15 10 6
10 16 3 10
10 17 3 6
10 18 10 5
10 19 8 3
10 20 10 4
10 21 2 10
10 22 9 6
10 23 3 1
10 24 5 4
10 25 10 10
10 26 2 6
10 28 8 9
10 29 8 10
10 31 2 5
10 32 6 3
10 34 10 6
10 35 5 7
10 36 5 8
10 37 8 2
10 38 9 8
10 39 5 8
10 40 8 5
10 41 9 2
10 42 1 1
10 43 9 1
10 44 9 7
10 45 6 8
10 46 8 6
10 48 6 1
10 50 8 5
10 51 5 8
10 52 8 9
10 54 6 3
10 55 10 10
10 56 9 7
10 57 10 6
10 59 5 3
10 60 1 6
10 61 10 3
10 62 10 8
10 65 7 8
10 66 4 2
10 67 10 5
10 69 8 3
10 70 9 7
10 71 6 9
10 73 8 2
10 74 3 8
10 75 2 9
10 76 9 4
10 78 6 6
10 79 10 5
10 81 5 10
10 82 1 10
10 83 4 5
10 84 6 2
10 85 9 1
10 86 6 8
10 87 2 10
10 88 7 4
10 89 3 3
10 91 3 9
10 92 2 8
10 93 5 10
10 94 1 5
10 95 8 1
10 96 8 9
10 99 10 9
11 12 4 1
11 13 10 8
11 14 8 5
11 15 10 5
11 16 9 7
11 17 6 5
11 18 2 1
11 19 1 7
11 20 7 5
11 23 6 9
11 24 6 9
11 25 2 7
11 26 2 6
11 27 5 5
11 29 5 3
11 31 9 4
11 32 7 10
11 33 9 7
11 35 6 8
11 36 9 6
11 37 7 6
11 38 3 1
11 39 8 5
11 40 6 10
11 41 2 9
11 42 7 2
11 43 9 5
11 44 1 7
11 45 9 5
11 46 7 5
11 47 3 6
11 48 3 9
11 49 5 3
11 50 8 3
11 51 7 3
11 53 4 7
11 54 4 3
11 55 7 4
11 56 4 3
11 58 1 6
11 59 5 2
11 60 10 8
11 62 2 7
11 63 10 6
11 64 9 1
11 65 8 8
11 67 9 5
11 68 9 7
11 70 5 1
11 71 5 2
11 72 5 7
11 73 2 8
11 74 8 8
11 75 6 5
11 76 1 9
11 77 4 8
11 78 6 2
11 79 3 5
11 80 7 6
11 81 6 1
11 82 3 10
11 84 1 9
11 85 3 8
11 87 7 5
11 88 4 7
11 89 7 1
11 90 7 6
11 91 9 5
11 92 7 6
11 93 4 8
11 94 8 1
11 95 1 3
11 96 1 9
11 99 8 4
11 100 10 3
12 13 6 9
12 15 4 4
12 16 2 6
12 17 8 6
12 18 7 2
12 19 5 8
12 20 3 10
12 21 1 1
12 23 5 7
12 24 5 10
12 25 1 3
12 26 2 6
12 27 7 9
12 28 2 5
12 30 5 8
12 31 1 3
12 32 6 8
12 33 8 5
12 36 6 7
12 37 1 7
12 38 6 1
12 39 5 2
12 40 3 3
12 42 8 4
12 43 4 8
12 44 5 8
12 46 2 7
12 47 1 1
12 50 2 10
12 51 2 1
12 52 10 8
12 53 10 9
12 55 4 1
12 56 9 5
12 57 4 1
12 58 5 6
12 59 1 5
12 60 9 9
12 61 4 9
12 62 1 9
12 63 7 8
12 65 8 5
12 66 9 5
12 67 6 8
12 69 2 7
12 71 7 10
12 72 2 9
12 73 8 5
12 75 1 3
12 76 10 3
12 77 10 4
12 79 3 7
12 80 2 1
12 81 4 4
12 82 3 1
12 84 8 2
12 85 3 3
12 87 1 7
12 89 10 6
12 91 5 3
12 92 6 10
12 93 6 3
12 94 1 2
12 95 1 7
12 96 4 7
12 97 2 2
12 99 2 3
12 100 7 8
13 14 2 10
13 15 10 6
13 16 2 10
13 17 10 8
13 18 2 8
13 19 9 3
13 20 4 3
13 23 4 1
13 24 8 7
13 25 10 6
13 27 3 3
13 29 4 9
13 30 6 4
13 31 8 10
13 32 3 1
13 33 1 3
13 34 7 2
13 36 2 8
13 37 8 8
13 38 1 7
13 40 10 4
13 41 6 10
13 43 3 1
13 44 9 7
13 45 8 8
13 46 1 3
13 47 5 7
13 48 2 10
13 49 7 6
13 50 3 8
13 51 4 2
13 52 3 3
13 53 10 1
13 54 4 7
13 55 5 6
13 58 9 6
13 59 8 8
13 60 2 9
13 61 4 7
13 62 1 4
13 64 3 10
13 65 5 7
13 66 2 8
13 67 10 10
13 68 7 8
13 70 5 4
13 71 7 7
13 73 7 3
13 74 2 5
13 75 3 4
13 76 3 6
13 77 10 10
13 78 3 3
13 79 8 7
13 82 1 8
13 83 8 8
13 85 1 8
13 86 4 4
13 87 5 1
13 89 9 1
13 90 2 10
13 91 3 6
13 92 2 6
13 93 7 4
13 94 5 7
13 95 10 10
13 96 3 6
13 99 3 4
13 100 4 9
14 16 4 7
14 17 6 10
14 18 6 6
14 19 10 2
14 21 4 10
14 24 1 7
14 25 4 6
14 27 3 6
14 30 5 9
14 31 10 2
14 32 5 6
14 33 8 6
14 34 9 5
14 35 7 1
14 36 8 1
14 37 6 1
14 38 4 4
14 39 3 10
14 40 3 3
14 41 5 1
14 42 6 2
14 43 6 9
14 44 3 7
14 45 4 8
14 48 5 3
14 49 2 3
14 50 4 9
14 51 2 8
14 52 2 9
14 53 10 8
14 54 10 2
14 55 7 6
14 57 8 4
14 58 6 6
14 59 3 1
14 60 3 6
14 61 7 1
14 62 5 1
14 63 1 8
14 64 10 2
14 65 3 1
14 66 3 10
14 68 8 9
14 69 5 9
14 70 1 2
14 71 7 7
14 72 10 3
14 73 10 4
14 74 6 7
14 75 10 6
14 76 9 7
14 77 7 7
14 78 9 1
14 79 7 6
14 80 10 5
14 81 2 4
14 82 1 4
14 83 5 5
14 86 5 8
14 87 4 8
14 88 10 4
14 90 5 9
14 91 10 10
14 92 5 7
14 93 2 3
14 94 2 3
14 95 9 8
14 96 6 2
14 97 4 1
14 98 8 2
15 16 7 9
15 17 4 9
15 20 2 5
15 22 3 9
15 23 6 5
15 25 8 2
15 26 2 8
15 27 7 9
15 29 10 9
15 30 9 5
15 31 9 6
15 33 9 7
15 35 4 6
15 36 3 8
15 37 6 7
15 38 8 8
15 40 6 5
15 41 5 2
15 42 3 6
15 43 10 1
15 44 10 3
15 46 2 3
15 47 1 3
15 49 1 7
15 51 10 10
15 54 5 1
15 55 5 4
15 57 1 9
15 58 7 10
15 59 3 4
15 62 2 8
15 63 4 3
15 64 5 3
15 65 6 5
15 66 1 5
15 67 2 1
15 68 10 5
15 70 4 9
15 71 7 8
15 74 3 8
15 75 8 10
15 76 6 10
15 77 10 9
15 78 6 4
15 79 4 1
15 80 4 1
15 82 1 4
15 83 2 7
15 84 8 10
15 85 6 5
15 87 7 10
15 88 6 1
15 90 2 7
15 91 4 4
15 92 3 4
15 94 3 9
15 95 7 6
15 96 2 7
15 97 7 6
15 98 3 2
15 99 8 4
15 100 2 7
16 18 1 3
16 19 9 1
16 20 7 1
16 21 1 4
16 22 2 7
16 24 4 4
16 25 3 4
16 27 5 1
16 28 9 8
16 29 7 7
16 30 4 10
16 31 7 7
16 32 1 4
16 33 7 10
16 34 4 7
16 35 7 10
16 36 6 7
16 37 6 4
16 38 9 7
16 39 2 5
16 40 8 1
16 41 1 7
16 42 2 10
16 43 5 2
16 44 10 7
16 46 5 8
16 47 9 10
16 48 3 10
16 49 10 2
16 50 5 6
16 52 3 5
16 54 7 4
16 55 9 8
16 56 5 8
16 57 10 10
16 60 10 1
16 63 4 1
16 64 1 4
16 65 1 6
16 66 1 7
16 67 7 5
16 68 9 6
16 69 10 9
16 71 4 1
16 72 6 9
16 73 5 5
16 74 2 10
16 75 9 4
16 76 6 9
16 77 7 1
16 78 3 10
16 79 8 9
16 80 2 4
16 81 7 5
16 83 8 3
16 84 3 4
16 85 2 2
16 86 2 8
16 87 5 2
16 88 3 8
16 91 5 9
16 92 7 10
16 93 3 3
16 94 7 5
16 95 7 9
16 96 1 1
16 98 2 7
16 99 1 9
16 100 8 6
17 18 8 4
17 19 3 9
17 21 9 9
17 23 1 4
17 24 9 4
17 25 3 8
17 26 5 4
17 27 10 4
17 28 9 6
17 30 7 3
17 31 7 9
17 32 6 8
17 33 1 8
17 34 5 10
17 36 2 3
17 37 1 5
17 38 7 2
17 40 3 9
17 41 9 5
17 42 3 2
17 43 5 2
17 44 8 7
17 45 5 5
17 46 6 8
17 47 9 1
17 48 1 5
17 49 3 10
17 50 9 3
17 52 7 10
17 53 9 7
17 54 2 1
17 55 3 1
17 56 2 2
17 57 3 7
17 58 6 6
17 60 1 4
17 61 4 10
17 62 4 10
17 63 2 3
17 65 4 5
17 67 1 7
17 68 8 5
17 69 10 2
17 70 7 9
17 71 9 6
17 72 8 6
17 73 10 6
17 74 9 10
17 76 10 10
17 77 10 5
17 78 4 2
17 79 7 4
17 80 1 6
17 81 2 9
17 83 9 5
17 84 6 4
17 85 10 8
17 87 2 5
17 89 5 4
17 90 5 3
17 91 2 2
17 92 6 1
17 94 1 4
17 95 7 1
17 97 3 5
17 98 6 6
17 99 5 4
18 19 10 5
18 20 7 5
18 21 10 10
18 22 6 5
18 25 3 4
18 27 4 5
18 28 9 3
18 29 4 10
18 30 10 7
18 31 5 9
18 32 4 7
18 33 4 1
18 34 9 5
18 35 10 5
18 37 9 9
18 39 3 3
18 42 1 8
18 43 2 2
18 44 2 6
18 45 2 4
18 46 5 8
18 47 7 4
18 48 2 4
18 49 6 1
18 52 5 7
18 53 2 2
18 54 8 8
18 55 10 5
18 57 2 3
18 58 2 9
18 59 4 5
18 60 5 4
18 64 1 8
18 65 2 9
18 66 1 2
18 67 9 8
18 69 1 6
18 72 6 3
18 73 2 3
18 74 2 10
18 75 7 8
18 76 2 4
18 77 10 5
18 78 9 8
18 80 1 4
18 82 1 6
18 83 3 9
18 84 7 7
18 87 3 9
18 88 3 3
18 89 6 2
18 90 5 9
18 91 3 8
18 92 10 2
18 93 7 8
18 95 2 2
18 96 10 2
18 97 9 2
18 98 4 8
18 100 5 2
19 20 10 1
19 23 4 1
19 24 8 2
19 25 5 4
19 27 2 5
19 28 1 8
19 29 8 3
19 30 7 5
19 31 8 10
19 32 10 8
19 33 5 5
19 34 1 7
19 37 1 7
19 38 1 10
19 40 7 5
19 41 7 4
19 42 10 8
19 44 4 2
19 45 1 6
19 46 9 4
19 47 3 3
19 48 10 8
19 51 7 8
19 52 10 9
19 53 10 2
19 55 2 7
19 56 9 9
19 57 6 6
19 58 2 7
19 59 5 7
19 60 8 8
19 61 8 9
19 62 6 2
19 63 3 3
19 65 6 2
19 67 8 2
19 68 6 6
19 69 5 7
19 70 10 6
19 71 8 6
19 73 10 6
19 74 9 6
19 75 10 6
19 76 1 3
19 78 4 1
19 79 8 7
19 80 1 5
19 81 3 4
19 82 9 7
19 83 10 10
19 84 6 5
19 86 9 5
19 90 2 10
19 91 1 5
19 92 1 8
19 93 6 8
19 94 9 3
19 95 4 5
19 96 7 7
19 97 5 10
19 98 8 5
19 99 10 2
19 100 6 1
20 21 4 3
20 22 4 6
20 23 5 4
20 24 4 7
20 26 7 10
20 27 6 8
20 28 3 3
20 29 7 6
20 30 4 6
20 32 8 5
20 33 7 2
20 35 8 2
20 37 4 7
20 38 1 9
20 39 4 4
20 40 7 8
20 41 8 5
20 43 5 10
20 44 3 8
20 46 5 3
20 47 3 8
20 50 1 7
20 51 7 10
20 52 4 7
20 53 5 6
20 54 1 10
20 55 7 9
20 56 5 9
20 57 1 7
20 58 7 10
20 60 7 4
20 61 5 6
20 62 1 7
20 63 7 9
20 64 1 2
20 67 1 6
20 68 3 5
20 69 2 4
20 70 7 8
20 71 2 7
20 72 7 8
20 74 8 3
20 75 10 6
20 76 7 10
20 79 10 4
20 81 7 5
20 82 6 10
20 83 7 7
20 86 8 3
20 87 9 1
20 88 10 4
20 90 3 3
20 91 1 10
20 92 5 9
20 93 3 2
20 94 2 8
20 95 3 5
20 97 1 4
20 98 10 6
20 99 3 9
20 100 8 5
21 22 9 5
21 23 4 10
21 25 8 5
21 26 2 3
21 27 4 9
21 28 1 5
21 29 7 8
21 31 5 2
21 32 2 5
21 33 8 5
21 34 2 1
21 35 3 5
21 36 1 2
21 37 8 10
21 38 5 1
21 39 8 9
21 40 3 2
21 41 8 6
21 44 4 1
21 46 3 1
21 47 1 3
21 48 4 2
21 49 6 4
21 50 7 8
21 51 5 6
21 52 3 10
21 53 4 3
21 54 10 6
21 55 9 10
21 56 10 10
21 58 7 8
21 60 6 10
21 61 6 10
21 62 8 2
21 63 4 2
21 64 8 2
21 65 8 7
21 67 7 10
21 68 4 8
21 69 9 4
21 70 8 7
21 71 6 3
21 74 1 5
21 76 5 10
21 77 8 6
21 78 7 5
21 79 8 8
21 80 5 6
21 82 8 5
21 83 4 10
21 84 5 10
21 85 1 2
21 86 6 1
21 87 5 7
21 88 7 5
21 89 3 10
21 90 9 7
21 91 5 6
21 92 10 8
21 94 2 10
21 95 5 4
21 96 10 3
21 97 10 5
21 98 3 2
21 99 3 1
21 100 6 5
22 23 2 4
22 24 3 3
22 25 6 1
22 26 9 8
22 27 6 4
22 28 10 1
22 32 5 2
22 33 5 8
22 35 9 9
22 36 1 2
22 37 9 6
22 38 3 7
22 39 7 3
22 40 5 2
22 41 1 4
22 42 9 2
22 43 8 6
22 45 6 7
22 46 10 7
22 47 2 6
22 48 6 10
22 49 9 5
22 50 4 5
22 52 3 4
22 53 9 7
22 54 6 10
22 56 7 8
22 57 1 2
22 58 1 2
22 59 3 1
22 60 8 2
22 61 10 9
22 62 6 7
22 63 10 9
22 64 4 4
22 65 8 6
22 66 2 1
22 67 5 6
22 68 5 2
22 70 10 8
22 71 3 1
22 72 1 10
22 73 3 3
22 74 5 9
22 75 7 2
22 76 6 6
22 77 8 6
22 79 1 3
22 80 2 2
22 81 7 6
22 83 5 5
22 85 5 1
22 86 10 2
22 89 10 10
22 90 5 10
22 91 3 5
22 93 10 5
22 94 1 3
22 95 10 2
22 96 9 10
22 97 3 5
22 98 2 4
22 99 10 8
22 100 5 9
23 24 9 8
23 26 2 5
23 27 6 6
23 28 4 3
23 29 2 2
23 30 5 9
23 31 7 8
23 32 6 5
23 33 10 9
23 34 3 4
23 36 5 7
23 37 8 2
23 38 7 5
23 39 9 9
23 40 10 6
23 41 6 6
23 42 8 5
23 44 10 5
23 45 6 3
23 46 2 2
23 47 2 6
23 48 7 9
23 49 8 8
23 50 9 1
23 51 9 10
23 52 5 1
23 53 3 5
23 54 8 2
23 56 10 1
23 57 6 10
23 58 1 2
23 59 5 6
23 60 5 3
23 61 4 7
23 62 4 6
23 63 9 2
23 65 9 6
23 66 5 7
23 67 4 3
23 68 5 2
23 69 1 3
23 70 2 5
23 71 6 1
23 75 7 10
23 76 6 9
23 77 6 10
23 79 2 7
23 80 6 9
23 82 9 3
23 84 7 8
23 85 10 4
23 86 1 1
23 87 7 6
23 88 2 3
23 89 3 4
23 90 5 6
23 91 5 5
23 92 2 10
23 93 4 7
23 94 9 7
23 95 2 1
23 96 7 1
23 97 10 2
23 98 2 7
23 99 1 9
24 26 9 5
24 27 1 6
24 30 4 5
24 31 2 1
24 32 2 5
24 34 7 1
24 35 10 9
24 36 5 1
24 37 7 6
24 38 2 1
24 39 8 2
24 40 10 9
24 41 3 1
24 42 3 2
24 43 5 2
24 44 10 4
24 45 3 4
24 46 4 5
24 47 5 2
24 48 7 10
24 49 3 2
24 50 3 10
24 52 5 4
24 55 6 4
24 56 3 10
24 57 3 10
24 58 9 7
24 59 10 3
24 60 7 7
24 61 10 7
24 62 6 1
24 63 4 3
24 64 1 8
24 65 5 6
24 66 6 2
24 67 7 7
24 68 6 6
24 69 7 5
24 70 3 6
24 71 2 5
24 72 5 8
24 73 9 2
24 74 10 8
24 75 8 8
24 76 4 4
24 77 5 3
24 78 10 1
24 79 8 5
24 80 10 1
24 81 4 1
24 83 1 9
24 84 8 7
24 85 6 3
24 87 4 7
24 89 3 10
24 90 10 3
24 91 1 8
24 92 1 8
24 93 2 5
24 94 7 3
24 95 8 2
24 96 9 2
24 97 9 9
24 99 7 10
24 100 1 9
25 27 7 2
25 28 4 2
25 29 1 4
25 30 8 9
25 32 9 2
25 33 1 10
25 35 5 7
25 36 4 1
25 37 5 5
25 38 5 8
25 39 4 6
25 40 10 2
25 41 5 4
25 42 5 7
25 43 6 5
25 45 4 2
25 46 10 10
25 48 4 9
25 49 1 7
25 50 2 5
25 51 7 10
25 52 10 10
25 53 10 7
25 55 10 5
25 56 6 8
25 58 8 7
25 59 2 2
25 60 10 6
25 61 9 6
25 62 6 4
25 63 8 6
25 64 9 1
25 66 6 9
25 67 8 5
25 68 8 6
25 69 2 7
25 70 5 3
25 71 5 5
25 73 6 1
25 74 6 10
25 75 1 1
25 77 1 8
25 78 8 4
25 80 10 6
25 81 5 5
25 82 3 1
25 83 5 1
25 85 1 7
25 86 9 3
25 88 7 10
25 89 6 10
25 90 8 4
25 91 1 1
25 92 4 10
25 93 9 8
25 94 7 5
25 95 10 6
25 96 7 9
25 97 6 8
26 27 6 7
26 28 7 3
26 29 2 1
26 30 3 1
26 31 5 9
26 32 3 9
26 33 1 3
26 34 8 1
26 36 7 4
26 37 7 2
26 38 8 3
26 39 10 5
26 40 8 4
26 42 6 4
26 43 3 6
26 44 7 1
26 46 5 6
26 47 10 9
26 48 4 1
26 51 8 10
26 52 1 9
26 53 8 6
26 54 6 5
26 55 4 2
26 56 6 9
26 57 8 10
26 58 2 8
26 59 9 2
26 61 2 10
26 62 5 6
26 63 4 5
26 64 10 7
26 65 4 1
26 66 2 7
26 67 1 9
26 68 7 6
26 69 7 6
26 71 4 3
26 75 1 6
26 76 10 3
26 77 5 8
26 78 2 6
26 79 10 1
26 80 9 1
26 81 2 8
26 82 6 4
26 83 3 9
26 84 4 9
26 87 10 7
26 88 8 9
26 89 6 6
26 91 8 1
26 92 6 9
26 94 5 3
26 95 4 4
26 96 8 7
26 97 8 6
26 98 8 9
26 99 9 5
27 28 1 8
27 29 3 1
27 31 2 1
27 32 8 10
27 34 2 2
27 35 1 5
27 36 6 10
27 37 7 4
27 38 5 5
27 40 1 5
27 41 6 2
27 42 4 8
27 43 2 9
27 46 5 10
27 48 7 1
27 49 10 6
27 50 3 4
27 51 4 7
27 52 2 9
27 56 5 8
27 58 8 6
27 59 2 1
27 60 1 9
27 62 3 10
27 63 5 2
27 64 1 2
27 65 2 3
27 66 5 10
27 67 10 7
27 68 5 3
27 69 2 1
27 70 4 7
27 71 6 6
27 72 5 9
27 73 3 1
27 74 2 2
27 75 2 9
27 76 6 10
27 77 5 3
27 79 6 5
27 80 9 1
27 81 5 7
27 82 1 2
27 84 8 10
27 85 10 8
27 88 1 1
27 89 4 5
27 90 5 9
27 91 3 7
27 93 6 4
27 94 2 5
27 95 8 5
27 96 5 3
27 97 4 1
27 98 6 7
27 99 5 4
27 100 3 1
28 29 5 7
28 30 10 8
28 31 4 6
28 32 5 2
28 33 4 5
28 34 7 4
28 35 9 10
28 36 2 7
28 37 4 9
28 38 9 7
28 39 10 1
28 40 4 5
28 43 8 6
28 46 7 2
28 47 1 8
28 48 2 10
28 49 5 5
28 50 1 7
28 52 5 3
28 53 1 1
28 54 4 3
28 55 2 3
28 56 3 7
28 58 8 4
28 60 5 2
28 62 2 10
28 63 8 8
28 64 3 10
28 67 10 4
28 69 2 1
28 70 8 6
28 72 1 5
28 73 10 4
28 75 9 1
28 76 5 8
28 78 5 3
28 79 1 3
28 80 3 6
28 81 7 3
28 82 10 1
28 83 5 1
28 84 9 3
28 85 4 4
28 86 4 3
28 87 10 4
28 88 4 5
28 89 1 5
28 90 7 8
28 93 3 5
28 94 8 6
28 95 5 3
28 97 8 2
28 98 9 5
28 99 10 6
28 100 4 4
29 30 2 5
29 32 1 5
29 33 8 10
29 34 5 5
29 36 7 9
29 37 10 6
29 38 9 8
29 39 2 6
29 40 6 10
29 41 5 9
29 42 8 2
29 43 3 7
29 44 2 5
29 45 8 4
29 46 10 9
29 48 6 9
29 51 1 6
29 52 9 3
29 53 4 7
29 54 7 1
29 55 5 6
29 56 6 5
29 57 4 1
29 58 7 4
29 59 6 5
29 61 10 5
29 62 8 6
29 63 6 5
29 64 7 9
29 65 8 1
29 67 3 5
29 68 3 5
29 69 2 7
29 70 7 4
29 73 10 10
29 74 3 6
29 75 2 1
29 76 10 4
29 77 4 9
29 78 5 9
29 79 2 10
29 81 10 4
29 82 2 1
29 83 5 8
29 85 3 9
29 86 6 9
29 87 8 5
29 88 4 8
29 90 2 10
29 91 4 3
29 92 3 10
29 93 1 2
29 94 6 3
29 95 1 1
29 96 4 2
29 97 5 6
29 98 8 7
29 99 9 5
29 100 1 5
30 31 10 6
30 32 9 6
30 33 8 4
30 34 1 9
30 35 6 10
30 39 7 8
30 40 1 8
30 41 5 8
30 42 6 2
30 45 4 4
30 46 7 5
30 47 2 10
30 48 3 1
30 49 3 5
30 50 4 4
30 51 6 1
30 52 2 9
30 53 5 1
30 54 9 1
30 55 7 7
30 56 8 10
30 57 10 1
30 58 10 1
30 59 6 2
30 60 3 4
30 61 8 10
30 62 6 10
30 63 3 6
30 65 3 1
30 66 7 3
30 67 6 3
30 68 3 5
30 69 5 6
30 70 1 9
30 71 9 3
30 73 4 8
30 74 6 9
30 75 4 1
30 76 6 9
30 77 2 5
30 78 1 8
30 79 1 2
30 80 9 8
30 81 4 10
30 82 3 1
30 84 7 2
30 85 5 1
30 86 2 5
30 88 5 8
30 89 7 10
30 94 1 2
30 95 2 10
30 97 7 1
30 98 2 6
30 99 6 3
31 33 1 3
31 34 7 6
31 35 6 7
31 36 6 8
31 37 7 4
31 38 7 9
31 39 2 7
31 40 3 2
31 41 8 6
31 42 5 8
31 43 6 9
31 44 5 9
31 45 5 4
31 46 2 10
31 47 6 7
31 50 1 10
31 51 2 7
31 53 8 6
31 54 10 6
31 55 3 2
31 56 3 4
31 57 1 10
31 58 8 1
31 59 3 1
31 60 9 5
31 61 2 9
31 62 2 3
31 63 7 7
31 65 4 7
31 66 5 3
31 67 1 4
31 68 6 10
31 70 4 4
31 71 8 5
31 73 4 5
31 74 9 7
31 75 1 9
31 76 8 9
31 77 10 7
31 78 4 2
31 79 7 8
31 80 9 4
31 81 4 2
31 83 7 6
31 84 9 1
31 85 2 1
31 86 4 2
31 89 2 10
31 91 6 1
31 93 7 3
31 94 7 8
31 95 4 10
31 96 1 9
31 97 8 2
31 98 8 6
31 99 7 8
31 100 8 8
32 34 1 5
32 35 9 8
32 36 6 10
32 37 10 3
32 38 8 4
32 39 2 8
32 40 5 9
32 41 6 1
32 42 4 4
32 43 1 5
32 45 8 4
32 46 7 4
32 48 3 3
32 50 2 1
32 51 10 1
32 52 1 6
32 53 2 7
32 54 8 10
32 55 5 2
32 56 6 10
32 57 2 2
32 58 4 9
32 60 6 1
32 62 7 5
32 63 2 10
32 64 5 7
32 65 5 3
32 68 2 5
32 69 10 2
32 70 5 8
32 71 3 4
32 72 3 9
32 76 8 4
32 77 9 4
32 79 10 7
32 81 1 10
32 82 9 6
32 83 3 3
32 84 4 2
32 87 8 5
32 88 4 3
32 91 7 3
32 92 7 9
32 93 5 2
32 94 6 3
32 95 4 6
32 96 3 4
32 97 7 2
32 98 4 4
32 99 2 1
33 35 8 2
33 36 1 7
33 37 9 8
33 38 4 9
33 39 10 6
33 40 7 2
33 41 6 7
33 42 9 4
33 44 10 2
33 45 8 8
33 47 1 8
33 48 7 8
33 49 10 1
33 51 1 6
33 52 5 5
33 53 10 4
33 54 4 4
33 55 9 2
33 56 1 1
33 57 1 10
33 58 8 5
33 59 6 4
33 60 5 7
33 61 9 8
33 62 1 10
33 64 4 4
33 67 9 2
33 68 10 8
33 70 3 1
33 71 9 3
33 72 9 3
33 73 9 3
33 74 4 10
33 75 2 8
33 76 2 1
33 77 4 7
33 79 8 9
33 80 8 6
33 81 3 10
33 82 2 5
33 83 4 6
33 84 4 3
33 85 1 4
33 86 6 6
33 87 6 8
33 88 9 10
33 90 7 9
33 91 8 3
33 96 9 3
33 97 5 2
33 98 5 7
33 99 8 8
33 100 9 7
34 35 10 7
34 36 3 10
34 37 5 3
34 39 7 2
34 40 1 9
34 43 5 8
34 44 1 8
34 45 7 3
34 46 2 1
34 47 1 3
34 49 6 4
34 50 7 1
34 51 6 9
34 53 8 10
34 55 9 2
34 57 4 1
34 58 7 3
34 59 7 3
34 60 10 2
34 61 9 10
34 62 8 6
34 63 3 5
34 67 2 1
34 69 7 3
34 71 5 4
34 77 3 10
34 78 10 1
34 80 6 1
34 81 8 9
34 82 2 8
34 85 3 2
34 89 2 7
34 90 9 10
34 91 9 10
34 92 1 4
34 93 5 9
34 94 4 1
34 95 1 5
34 96 9 6
34 97 8 6
34 98 3 3
34 99 8 10
34 100 5 4
35 36 8 5
35 37 7 8
35 38 1 7
35 39 7 9
35 41 9 6
35 42 9 7
35 43 5 3
35 44 3 6
35 45 10 2
35 46 4 7
35 47 8 10
35 48 6 5
35 49 6 10
35 51 6 9
35 52 7 7
35 54 8 8
35 55 1 1
35 56 8 8
35 58 7 9
35 60 9 4
35 61 6 8
35 62 6 3
35 64 1 10
35 65 3 7
35 66 1 8
35 68 6 9
35 69 1 5
35 73 2 10
35 74 1 4
35 75 5 9
35 76 9 3
35 77 2 2
35 78 1 3
35 79 9 5
35 80 8 5
35 81 7 9
35 82 1 10
35 83 5 3
35 85 9 2
35 86 5 5
35 87 2 7
35 88 4 3
35 89 4 9
35 90 1 7
35 91 1 7
35 92 9 4
35 93 9 6
35 94 8 7
35 95 6 6
35 97 5 6
35 98 10 3
35 99 5 9
35 100 7 7
36 37 4 3
36 39 6 6
36 40 1 8
36 41 1 3
36 42 6 1
36 44 7 5
36 45 4 5
36 48 7 2
36 49 5 1
36 50 8 5
36 51 6 5
36 53 7 7
36 54 5 8
36 55 6 5
36 56 6 4
36 57 9 5
36 58 8 2
36 59 5 8
36 60 4 8
36 61 10 10
36 63 1 8
36 64 8 9
36 65 9 6
36 66 7 2
36 67 4 9
36 68 9 5
36 69 6 9
36 70 2 9
36 71 5 10
36 72 5 5
36 73 3 6
36 74 8 4
36 76 2 6
36 77 2 8
36 79 4 9
36 80 10 4
36 81 8 7
36 84 10 8
36 85 7 7
36 86 4 3
36 87 2 4
36 90 4 5
36 91 6 9
36 92 1 9
36 93 1 4
36 94 3 10
36 95 1 10
36 96 9 8
36 97 10 5
36 98 8 4
36 99 2 9
36 100 5 2
37 39 4 10
37 40 1 1
37 41 4 10
37 42 4 4
37 43 7 9
37 44 9 3
37 45 8 8
37 47 3 10
37 48 5 1
37 49 5 3
37 50 6 4
37 51 3 4
37 52 1 7
37 54 2 1
37 55 3 8
37 57 10 4
37 58 5 3
37 60 4 8
37 61 9 2
37 62 10 2
37 63 7 9
37 64 3 4
37 65 1 9
37 66 6 1
37 68 3 1
37 69 7 8
37 70 10 2
37 71 3 2
37 72 1 2
37 73 2 9
37 74 1 4
37 77 2 7
37 78 5 7
37 80 4 9
37 82 9 9
37 83 1 6
37 84 2 10
37 85 10 1
37 86 9 10
37 87 1 9
37 88 4 6
37 89 5 9
37 90 8 6
37 93 2 2
37 97 8 1
37 98 3 8
37 99 1 6
38 39 10 3
38 40 3 5
38 41 2 9
38 42 2 1
38 43 3 5
38 44 5 3
38 45 8 6
38 46 3 2
38 47 10 8
38 48 3 1
38 49 8 2
38 50 10 6
38 51 7 5
38 53 4 10
38 54 5 6
38 55 3 7
38 57 5 9
38 58 6 4
38 59 10 9
38 60 6 5
38 62 9 3
38 63 5 4
38 64 10 6
38 66 9 4
38 67 4 6
38 68 2 9
38 69 3 9
38 70 6 8
38 71 7 7
38 72 10 2
38 73 3 5
38 74 9 7
38 75 7 1
38 76 3 2
38 77 4 10
38 78 5 5
38 79 5 1
38 80 4 3
38 81 7 6
38 82 2 7
38 83 8 7
38 84 8 9
38 85 7 10
38 86 1 5
38 87 4 2
38 88 10 3
38 89 5 10
38 90 7 3
38 91 3 1
38 92 9 5
38 93 6 2
38 94 6 9
38 96 1 9
38 97 10 10
38 99 6 8
38 100 10 3
39 41 3 10
39 42 3 10
39 43 4 5
39 44 6 7
39 45 8 5
39 47 10 1
39 48 10 9
39 49 2 9
39 50 2 6
39 52 10 6
39 53 7 5
39 54 7 9
39 55 9 2
39 56 5 10
39 58 10 7
39 60 9 3
39 61 7 3
39 62 5 5
39 63 6 6
39 64 5 4
39 66 8 6
39 68 6 4
39 69 8 7
39 70 10 9
39 72 7 5
39 73 3 10
39 74 4 5
39 75 7 10
39 76 6 6
39 77 8 5
39 78 8 10
39 79 3 5
39 80 2 8
39 81 5 4
39 82 7 7
39 83 3 6
39 84 5 6
39 86 4 6
39 87 3 2
39 88 1 4
39 90 8 7
39 93 9 1
39 95 8 6
39 96 10 9
39 98 10 10
39 99 3 10
39 100 2 2
40 41 10 1
40 42 5 7
40 43 3 8
40 44 5 2
40 45 3 6
40 46 4 9
40 47 10 7
40 48 8 6
40 50 5 6
40 51 9 3
40 52 7 2
40 53 8 7
40 54 1 9
40 57 1 10
40 58 5 9
40 60 9 10
40 62 2 6
40 63 5 9
40 64 2 8
40 65 7 1
40 66 9 5
40 67 8 2
40 68 2 4
40 70 8 7
40 72 7 2
40 73 7 1
40 74 7 9
40 75 10 4
40 76 2 5
40 77 2 7
40 78 1 5
40 79 7 2
40 81 7 8
40 82 7 7
40 83 3 2
40 84 9 5
40 85 4 5
40 86 9 1
40 87 5 8
40 88 3 2
40 89 1 4
40 90 1 8
40 91 9 10
40 92 10 3
40 93 2 1
40 94 1 8
40 95 7 8
40 96 6 6
40 97 7 3
40 98 2 7
40 99 5 1
40 100 4 4
41 42 3 5
41 43 4 4
41 44 5 9
41 45 4 8
41 46 5 10
41 47 4 8
41 48 3 3
41 50 2 1
41 51 1 8
41 52 2 4
41 53 9 2
41 54 3 2
41 55 6 8
41 56 5 1
41 57 6 3
41 58 6 10
41 59 5 9
41 60 3 10
41 61 10 9
41 62 7 6
41 63 7 9
41 64 2 4
41 65 7 6
41 66 2 9
41 68 5 6
41 69 9 1
41 70 6 8
41 71 10 4
41 73 10 2
41 75 2 1
41 77 4 3
41 78 8 5
41 79 7 2
41 81 6 6
41 82 9 5
41 83 9 7
41 85 1 9
41 86 9 9
41 87 3 4
41 88 7 9
41 89 8 10
41 90 2 3
41 91 1 10
41 94 1 4
41 95 6 8
41 97 3 6
41 98 10 4
41 99 5 7
41 100 10 5
42 43 10 4
42 44 8 8
42 45 3 5
42 48 6 7
42 49 10 2
42 50 6 4
42 51 5 9
42 52 5 10
42 53 2 10
42 54 10 10
42 56 4 6
42 57 4 5
42 58 5 3
42 59 9 4
42 60 5 8
42 61 9 9
42 62 8 7
42 65 9 2
42 66 8 3
42 67 1 4
42 69 8 9
42 70 1 3
42 72 4 8
42 73 7 10
42 75 1 3
42 76 9 2
42 77 4 4
42 79 10 1
42 81 1 4
42 82 9 8
42 83 2 7
42 84 7 6
42 85 6 10
42 86 4 4
42 87 1 7
42 88 2 9
42 89 10 10
42 90 3 8
42 91 10 7
42 92 5 2
42 94 9 8
42 95 4 8
42 96 6 5
42 98 10 3
42 100 10 4
43 44 9 8
43 45 3 8
43 46 10 6
43 47 4 5
43 48 1 1
43 49 5 4
43 50 1 7
43 53 1 1
43 54 10 8
43 55 1 10
43 56 2 3
43 57 9 4
43 58 3 5
43 59 6 7
43 60 2 3
43 61 9 8
43 62 6 8
43 65 9 2
43 66 5 2
43 67 8 8
43 68 5 4
43 69 7 2
43 70 1 3
43 71 10 6
43 72 8 8
43 73 8 8
43 74 1 6
43 75 3 5
43 76 8 7
43 77 10 4
43 78 9 2
43 79 7 4
43 81 7 7
43 82 5 10
43 83 9 10
43 84 1 1
43 85 9 1
43 86 9 5
43 87 9 3
43 89 1 7
43 90 9 7
43 92 9 6
43 93 6 4
43 94 5 5
43 98 7 6
43 99 1 5
43 100 10 1
44 45 5 3
44 46 6 5
44 47 5 4
44 48 4 5
44 49 4 1
44 52 3 3
44 54 7 1
44 56 4 4
44 57 10 9
44 58 4 4
44 59 7 1
44 60 5 5
44 61 8 7
44 62 3 5
44 63 8 6
44 64 6 5
44 65 9 2
44 66 9 3
44 67 6 4
44 68 9 8
44 69 6 6
44 70 7 5
44 72 7 5
44 73 4 2
44 74 10 6
44 75 2 2
44 76 4 2
44 77 5 8
44 79 8 9
44 80 2 7
44 81 10 5
44 82 1 3
44 83 4 6
44 84 7 7
44 85 6 7
44 86 4 9
44 87 6 3
44 88 7 5
44 89 9 2
44 90 9 10
44 91 6 2
44 93 7 6
44 94 1 7
44 95 7 3
44 96 6 3
44 97 8 4
44 98 5 6
44 99 6 10
44 100 9 9
45 46 3 3
45 48 5 9
45 49 4 3
45 50 2 3
45 51 9 8
45 52 1 2
45 53 9 5
45 54 6 6
45 55 1 5
45 57 1 1
45 58 5 2
45 60 8 2
45 61 2 4
45 64 1 8
45 65 8 5
45 66 10 7
45 67 8 4
45 68 7 1
45 69 3 8
45 70 8 10
45 71 1 8
45 72 2 10
45 73 10 4
45 74 9 7
45 76 3 5
45 77 1 1
45 78 6 10
45 79 6 1
45 80 4 8
45 81 7 5
45 82 2 2
45 84 5 3
45 85 4 10
45 86 1 3
45 87 4 2
45 88 2 10
45 89 3 9
45 90 9 6
45 91 4 2
45 92 3 1
45 93 6 9
45 94 8 2
45 95 4 6
45 96 8 8
45 97 1 6
45 98 8 2
45 99 6 8
45 100 3 8
46 47 7 8
46 48 7 9
46 49 10 10
46 50 2 9
46 51 6 6
46 52 10 7
46 55 6 9
46 56 8 8
46 58 6 5
46 59 5 5
46 60 4 4
46 61 4 10
46 62 4 9
46 63 7 6
46 64 9 9
46 65 6 7
46 66 7 4
46 67 6 7
46 68 2 8
46 69 6 10
46 70 1 9
46 72 8 4
46 73 3 4
46 74 7 6
46 75 9 1
46 76 5 1
46 79 10 10
46 81 7 1
46 82 4 8
46 83 9 2
46 84 1 9
46 87 10 5
46 88 4 2
46 89 7 4
46 90 9 3
46 93 4 1
46 95 5 2
46 96 1 6
46 97 7 10
46 98 4 6
46 99 10 2
46 100 9 9
47 48 1 7
47 49 6 7
47 50 5 1
47 52 6 5
47 54 9 8
47 55 9 9
47 56 7 10
47 58 9 6
47 59 6 9
47 61 8 10
47 62 1 5
47 63 5 6
47 64 2 6
47 65 4 2
47 66 7 5
47 67 10 10
47 68 1 3
47 69 5 9
47 70 9 8
47 71 5 8
47 72 8 4
47 73 6 7
47 74 3 6
47 75 1 8
47 76 9 9
47 78 6 9
47 79 4 3
47 80 4 3
47 81 4 8
47 82 1 8
47 83 5 2
47 84 6 1
47 86 4 7
47 88 2 8
47 89 8 4
47 90 2 3
47 91 7 8
47 92 8 6
47 93 6 8
47 94 4 4
47 95 6 2
47 96 5 1
47 97 9 5
47 98 6 4
47 100 3 5
48 49 7 7
48 50 4 2
48 51 5 1
48 53 6 2
48 54 4 2
48 55 6 10
48 56 5 6
48 57 4 2
48 58 10 5
48 59 8 9
48 60 7 6
48 61 4 1
48 62 10 2
48 63 2 10
48 64 6 9
48 65 2 3
48 66 4 7
48 67 7 9
48 68 10 5
48 70 10 10
48 71 2 5
48 73 8 3
48 74 7 5
48 75 5 1
48 76 4 10
48 77 7 7
48 78 1 9
48 79 1 8
48 80 10 3
48 81 10 5
48 82 6 7
48 83 3 10
48 85 6 2
48 86 1 3
48 87 1 10
48 89 10 6
48 90 10 10
48 91 3 7
48 92 10 4
48 93 1 10
48 94 1 3
48 95 6 4
48 96 5 8
48 97 4 2
48 98 5 2
48 99 5 10
48 100 8 8
49 51 4 5
49 52 9 2
49 53 5 6
49 55 6 10
49 56 10 7
49 58 4 9
49 61 7 6
49 62 5 2
49 63 1 4
49 65 4 9
49 66 4 2
49 68 1 8
49 69 2 8
49 70 10 10
49 71 4 5
49 72 8 2
49 73 7 6
49 74 3 3
49 75 3 9
49 76 7 3
49 77 7 9
49 78 5 3
49 79 5 5
49 80 6 8
49 81 2 10
49 82 5 8
49 83 1 6
49 84 8 10
49 85 10 8
49 86 8 5
49 87 4 1
49 88 6 1
49 89 8 7
49 90 9 3
49 91 8 5
49 92 2 1
49 93 6 4
49 94 6 7
49 95 2 3
49 97 3 6
49 100 1 4
50 51 3 10
50 52 9 4
50 53 10 10
50 54 7 10
50 55 3 5
50 56 5 1
50 57 1 2
50 58 2 10
50 59 7 8
50 61 3 4
50 62 5 10
50 63 9 4
50 64 8 9
50 65 1 9
50 66 1 6
50 68 8 1
50 69 4 1
50 70 4 8
50 71 3 10
50 72 3 2
50 73 7 1
50 74 1 4
50 75 1 4
50 76 2 9
50 77 5 9
50 79 2 6
50 80 7 3
50 81 10 8
50 82 4 3
50 83 10 2
50 85 2 8
50 86 4 3
50 87 3 6
50 89 4 8
50 90 4 3
50 91 7 3
50 93 4 3
50 94 1 10
50 95 7 8
50 96 6 7
50 97 2 5
50 98 8 4
50 100 5 1
51 52 8 2
51 53 6 9
51 57 1 10
51 58 4 6
51 59 9 2
51 60 6 5
51 62 7 3
51 63 8 10
51 64 7 9
51 66 3 1
51 67 9 7
51 68 10 4
51 69 6 6
51 71 7 5
51 72 4 7
51 74 9 9
51 76 8 5
51 77 2 4
51 78 10 7
51 79 9 6
51 82 6 3
51 83 5 10
51 84 3 8
51 86 5 10
51 87 5 6
51 88 6 2
51 90 1 8
51 91 8 10
51 92 8 7
51 93 6 2
51 94 1 4
51 96 8 9
51 97 4 9
51 98 6 1
51 99 1 6
51 100 3 10
52 53 1 5
52 54 6 2
52 55 8 6
52 57 3 6
52 58 6 8
52 59 8 3
52 61 7 5
52 62 6 3
52 63 3 6
52 64 2 3
52 65 8 10
52 66 10 3
52 68 9 5
52 71 8 2
52 72 8 1
52 73 3 4
52 75 7 5
52 76 10 8
52 77 10 4
52 78 10 10
52 79 4 7
52 80 4 2
52 81 2 4
52 82 9 1
52 84 3 7
52 85 10 4
52 86 5 3
52 87 3 3
52 88 2 6
52 90 9 2
52 91 4 9
52 92 4 6
52 93 9 3
52 94 8 6
52 95 10 6
52 96 6 10
52 97 8 5
52 98 7 2
52 99 6 9
52 100 3 7
53 56 3 9
53 57 8 10
53 58 7 3
53 59 1 9
53 61 3 3
53 62 5 3
53 64 3 4
53 65 1 3
53 66 2 5
53 67 7 9
53 70 3 10
53 71 5 9
53 72 9 1
53 73 7 4
53 75 3 5
53 76 3 1
53 78 1 1
53 79 6 3
53 80 5 2
53 82 3 6
53 83 5 3
53 84 10 9
53 87 2 9
53 88 2 10
53 89 2 10
53 91 3 6
53 92 9 9
53 93 8 9
53 94 7 4
53 95 8 8
53 96 8 2
53 97 10 3
53 98 9 9
54 55 3 4
54 56 7 5
54 57 1 1
54 59 2 1
54 60 2 8
54 61 1 2
54 62 9 8
54 64 1 10
54 65 4 6
54 66 9 8
54 67 1 4
54 68 4 8
54 69 4 2
54 70 10 8
54 71 8 10
54 72 10 6
54 74 7 8
54 76 3 1
54 77 6 2
54 78 9 10
54 79 5 1
54 80 4 6
54 81 8 4
54 83 2 3
54 85 9 9
54 86 1 6
54 87 7 7
54 89 7 6
54 90 8 10
54 91 3 2
54 92 5 2
54 93 9 5
54 95 9 6
54 96 6 6
54 97 7 7
54 98 7 6
54 99 10 5
55 57 10 3
55 58 3 3
55 60 7 10
55 61 2 1
55 63 9 2
55 64 6 8
55 65 6 4
55 66 4 9
55 67 10 4
55 68 3 5
55 69 10 6
55 70 10 9
55 71 3 9
55 72 3 10
55 73 4 1
55 74 1 1
55 75 6 4
55 76 10 9
55 77 5 7
55 78 6 10
55 79 4 8
55 80 10 10
55 82 1 1
55 83 1 4
55 84 5 9
55 85 3 4
55 87 10 4
55 89 1 8
55 90 3 4
55 91 9 9
55 92 4 5
55 93 4 4
55 95 7 4
55 96 8 8
55 98 2 2
55 99 2 9
55 100 9 10
56 57 8 3
56 58 7 10
56 59 6 3
56 61 1 5
56 62 9 6
56 65 2 8
56 66 1 8
56 67 6 6
56 68 1 8
56 71 3 9
56 72 5 7
56 73 9 9
56 74 10 9
56 76 8 6
56 77 10 5
56 78 9 10
56 80 3 1
56 82 2 5
56 84 8 4
56 85 8 1
56 86 1 6
56 87 1 7
56 88 9 9
56 89 7 6
56 90 7 6
56 91 3 8
56 92 1 8
56 93 7 6
56 95 1 3
56 96 9 7
56 97 8 9
56 100 3 10
57 58 7 8
57 59 9 1
57 60 1 1
57 61 4 10
57 62 1 5
57 64 1 4
57 65 5 2
57 66 3 6
57 67 5 5
57 69 7 1
57 70 7 2
57 71 7 2
57 72 4 3
57 75 10 8
57 77 4 3
57 78 2 10
57 80 8 2
57 81 5 4
57 83 6 5
57 84 9 8
57 86 10 5
57 87 2 3
57 88 10 2
57 89 3 1
57 90 3 2
57 91 7 5
57 92 7 2
57 93 7 6
57 94 10 10
57 95 5 5
57 96 4 5
57 97 1 8
57 99 10 7
57 100 2 10
58 59 6 2
58 62 2 7
58 63 5 6
58 64 2 9
58 65 8 8
58 66 9 8
58 67 10 10
58 68 9 5
58 71 2 5
58 73 4 3
58 74 5 4
58 75 7 8
58 76 5 7
58 77 5 10
58 79 7 4
58 80 1 7
58 81 6 10
58 82 1 3
58 83 2 2
58 85 4 3
58 86 7 1
58 88 2 4
58 89 10 10
58 90 2 5
58 91 9 9
58 92 5 7
58 94 4 7
58 96 10 4
58 97 6 10
58 98 5 10
58 99 8 1
58 100 4 3
59 60 10 3
59 62 4 1
59 63 3 1
59 64 2 8
59 65 6 8
59 66 3 4
59 67 6 6
59 68 8 9
59 71 1 8
59 72 6 3
59 74 3 4
59 77 5 1
59 78 4 5
59 80 8 3
59 81 2 9
59 82 5 2
59 83 7 3
59 84 4 2
59 86 6 6
59 87 2 2
59 88 8 5
59 89 8 7
59 90 1 2
59 92 8 4
59 93 5 5
59 94 7 5
59 97 2 4
59 98 2 9
59 99 3 9
59 100 5 9
60 63 5 7
60 64 7 4
60 65 8 5
60 66 10 10
60 67 10 8
60 68 3 5
60 69 6 6
60 70 5 4
60 71 2 10
60 72 1 7
60 73 4 5
60 74 5 7
60 75 6 1
60 78 3 3
60 80 7 3
60 81 1 9
60 82 8 3
60 83 9 2
60 84 8 3
60 86 1 6
60 87 1 6
60 88 5 8
60 89 9 5
60 90 6 8
60 91 6 6
60 93 7 5
60 94 8 1
60 95 10 5
60 96 2 5
60 97 2 7
60 98 5 2
60 99 7 6
60 100 1 6
61 63 1 5
61 64 8 5
61 65 4 9
61 66 3 4
61 68 10 1
61 69 6 6
61 70 5 10
61 71 7 2
61 72 2 4
61 73 3 5
61 74 9 2
61 75 1 6
61 77 5 8
61 78 10 4
61 79 7 8
61 80 7 7
61 81 6 2
61 82 9 3
61 83 1 3
61 84 7 2
61 85 3 3
61 86 6 10
61 87 6 5
61 88 3 9
61 89 10 8
61 90 2 1
61 92 9 8
61 93 1 10
61 94 1 10
61 95 6 3
61 96 3 1
61 98 10 9
61 99 6 10
61 100 7 4
62 63 6 6
62 64 1 3
62 65 5 3
62 66 6 10
62 68 4 5
62 69 9 1
62 70 10 2
62 71 2 5
62 72 7 6
62 74 10 5
62 75 6 9
62 76 6 9
62 78 5 8
62 79 4 2
62 80 8 7
62 82 9 7
62 83 8 9
62 85 6 6
62 86 2 9
62 87 9 8
62 88 6 10
62 90 1 4
62 91 4 2
62 92 9 2
62 93 8 9
62 94 2 7
62 95 9 9
62 98 4 10
62 100 7 4
63 64 8 2
63 65 2 5
63 66 4 1
63 67 1 1
63 68 3 5
63 69 8 2
63 71 1 9
63 72 10 6
63 73 1 6
63 74 3 5
63 75 5 3
63 77 3 9
63 80 5 9
63 81 7 4
63 82 8 2
63 83 2 9
63 84 6 9
63 85 5 5
63 88 7 6
63 90 7 5
63 91 1 1
63 93 9 1
63 95 1 9
63 96 8 10
63 97 4 5
63 98 5 5
64 66 6 1
64 67 3 8
64 68 10 10
64 69 8 4
64 70 4 2
64 71 8 10
64 72 7 2
64 75 1 6
64 76 7 3
64 77 4 2
64 78 7 3
64 79 1 2
64 80 9 6
64 81 9 1
64 85 10 8
64 86 3 3
64 87 6 5
64 88 4 3
64 89 3 1
64 91 10 3
64 92 6 10
64 93 10 5
64 95 2 2
64 96 8 4
64 97 7 7
64 99 4 3
64 100 3 3
65 66 6 1
65 68 7 9
65 69 3 5
65 70 6 3
65 71 5 10
65 72 7 2
65 73 2 2
65 74 9 10
65 77 3 10
65 78 10 6
65 79 4 9
65 81 8 3
65 82 8 8
65 83 10 3
65 84 9 5
65 85 2 4
65 86 8 8
65 87 7 3
65 88 4 1
65 89 9 6
65 91 5 9
65 92 1 6
65 93 3 6
65 94 2 6
65 95 3 3
65 96 6 6
65 97 8 3
65 98 2 6
65 99 5 7
65 100 8 4
66 67 4 7
66 68 3 10
66 69 1 1
66 71 8 5
66 72 3 4
66 73 3 4
66 74 9 7
66 75 1 10
66 76 3 2
66 78 6 8
66 80 4 6
66 81 3 10
66 83 7 9
66 84 10 1
66 86 2 2
66 87 5 6
66 88 6 1
66 89 2 10
66 90 10 5
66 91 10 4
66 93 7 1
66 94 10 5
66 96 5 6
66 97 10 4
66 98 1 4
66 99 6 6
66 100 9 8
67 68 7 4
67 69 4 10
67 73 2 5
67 75 8 4
67 76 1 10
67 77 10 7
67 78 6 1
67 79 10 1
67 81 8 8
67 82 2 10
67 85 3 6
67 86 10 1
67 87 1 7
67 88 3 9
67 89 8 2
67 90 1 6
67 92 6 4
67 94 3 3
67 95 5 9
67 97 9 8
67 99 4 1
67 100 8 9
68 69 3 2
68 70 4 3
68 71 9 3
68 72 6 8
68 73 3 3
68 74 7 8
68 75 4 3
68 76 7 5
68 77 1 10
68 78 1 8
68 79 8 9
68 81 2 10
68 82 4 2
68 83 10 7
68 84 5 2
68 85 2 7
68 87 5 3
68 89 9 4
68 90 5 3
68 91 1 6
68 93 10 9
68 94 8 3
68 95 10 4
68 96 1 1
68 100 3 9
69 70 1 8
69 71 1 1
69 72 6 1
69 73 4 8
69 74 4 5
69 76 4 10
69 77 4 9
69 79 4 10
69 80 5 2
69 81 1 9
69 82 9 10
69 83 6 7
69 84 8 8
69 85 5 5
69 86 5 3
69 87 7 7
69 89 9 8
69 90 7 9
69 91 9 6
69 96 10 8
69 97 4 10
69 99 4 6
69 100 10 1
70 71 3 6
70 72 8 9
70 73 6 5
70 74 6 5
70 75 7 2
70 76 1 2
70 77 9 2
70 78 10 6
70 79 2 1
70 80 2 5
70 81 9 7
70 83 9 2
70 84 3 5
70 86 1 8
70 87 5 1
70 88 5 4
70 89 2 5
70 90 4 6
70 91 1 1
70 92 9 9
70 93 10 9
70 94 7 7
70 96 5 3
70 97 2 4
70 98 1 1
70 99 5 7
70 100 10 8
71 72 3 3
71 74 3 1
71 75 5 4
71 76 10 7
71 78 8 2
71 80 1 6
71 81 7 6
71 82 2 8
71 84 2 5
71 85 10 8
71 88 5 5
71 89 5 5
71 90 3 5
71 94 7 7
71 95 7 10
71 96 6 6
71 97 4 9
71 98 4 4
71 99 1 2
72 73 3 2
72 76 8 6
72 77 8 7
72 78 1 9
72 79 10 7
72 80 4 8
72 82 8 6
72 83 1 8
72 84 3 7
72 86 6 7
72 89 5 7
72 90 9 10
72 92 6 4
72 93 2 10
72 94 1 6
72 95 2 1
72 96 1 7
72 97 4 2
72 98 1 8
72 99 2 3
72 100 9 3
73 75 6 2
73 76 2 8
73 77 5 6
73 78 1 8
73 79 10 1
73 80 1 5
73 81 10 3
73 82 6 6
73 83 4 7
73 85 10 2
73 86 5 8
73 87 4 9
73 88 3 2
73 89 3 3
73 90 4 1
73 91 2 5
73 94 6 2
73 95 8 10
73 96 6 9
73 97 6 8
73 98 4 3
73 99 9 6
73 100 6 1
74 75 1 6
74 76 8 10
74 78 2 9
74 81 5 1
74 82 2 1
74 83 2 8
74 84 1 8
74 85 7 10
74 88 7 4
74 89 8 5
74 91 8 7
74 93 4 10
74 94 2 4
74 96 4 6
74 99 6 8
74 100 3 8
75 76 4 10
75 77 8 2
75 78 3 5
75 80 6 7
75 81 10 10
75 82 5 2
75 83 7 2
75 85 5 7
75 86 4 1
75 87 2 7
75 88 8 8
75 89 4 6
75 91 8 7
75 92 7 10
75 93 5 5
75 94 3 1
75 95 10 6
75 96 7 10
75 99 10 3
76 77 7 8
76 78 6 8
76 79 4 5
76 80 3 6
76 84 4 4
76 85 7 9
76 86 5 6
76 87 9 3
76 88 5 8
76 89 7 4
76 91 2 2
76 92 7 7
76 93 2 9
76 94 4 5
76 95 7 6
76 96 7 2
76 97 6 4
76 98 10 2
76 99 5 2
76 100 1 9
77 78 8 4
77 79 4 4
77 80 4 9
77 81 3 5
77 82 3 8
77 83 9 2
77 85 5 3
77 86 2 6
77 87 10 4
77 88 1 8
77 90 5 3
77 92 3 6
77 94 10 7
77 95 3 8
77 96 2 4
77 97 10 1
77 98 4 4
78 79 3 4
78 80 1 6
78 81 8 3
78 83 8 4
78 84 7 8
78 85 10 7
78 86 3 5
78 88 7 2
78 91 1 10
78 92 1 3
78 93 5 7
78 94 10 2
78 95 10 5
78 96 6 1
78 97 3 9
78 98 3 8
78 99 5 8
79 80 2 3
79 81 8 1
79 84 2 1
79 85 9 5
79 86 9 3
79 87 10 2
79 88 10 2
79 89 3 5
79 90 4 8
79 91 6 6
79 92 4 2
79 93 7 3
79 95 10 8
79 96 5 1
79 98 6 10
79 99 9 1
79 100 5 6
80 81 1 3
80 82 10 1
80 83 1 2
80 84 2 3
80 85 10 8
80 86 5 8
80 87 5 7
80 88 7 9
80 90 5 7
80 91 10 8
80 92 4 2
80 94 4 9
80 95 8 1
80 97 4 7
80 98 3 1
80 99 3 7
80 100 2 10
81 82 9 2
81 83 7 6
81 86 10 6
81 88 2 2
81 90 1 1
81 92 4 1
81 93 7 1
81 94 5 6
81 96 4 10
81 97 7 7
81 98 5 7
81 99 1 4
81 100 3 10
82 83 7 3
82 85 8 1
82 86 3 7
82 87 6 5
82 88 3 5
82 89 5 7
82 90 10 1
82 91 2 3
82 92 5 10
82 93 10 10
82 94 1 6
82 95 3 9
82 96 6 7
82 97 3 3
82 98 5 3
82 99 1 8
83 84 4 3
83 85 4 3
83 86 10 4
83 87 5 9
83 88 2 1
83 90 4 1
83 91 9 6
83 93 9 10
83 94 5 8
83 95 8 5
83 96 5 4
83 98 1 4
83 99 9 7
83 100 7 5
84 86 2 10
84 87 10 8
84 88 3 3
84 89 2 1
84 90 8 3
84 91 9 2
84 92 7 1
84 93 8 6
84 94 7 5
84 95 8 8
84 96 3 10
84 99 10 3
84 100 1 4
85 86 9 5
85 88 4 8
85 90 2 6
85 91 3 10
85 93 8 7
85 94 7 9
85 95 4 6
85 96 3 5
85 98 4 2
85 99 4 1
85 100 5 2
86 87 8 6
86 88 10 9
86 89 2 10
86 90 2 3
86 91 9 8
86 92 3 5
86 93 1 7
86 94 3 8
86 95 7 8
86 96 5 9
86 98 9 1
86 99 6 4
87 88 7 7
87 90 4 7
87 91 1 5
87 92 3 1
87 94 7 8
87 97 8 7
87 98 5 6
87 100 1 8
88 89 4 2
88 90 2 4
88 92 8 7
88 93 8 2
88 94 3 5
88 95 9 9
88 96 2 7
88 97 7 7
88 98 8 3
88 100 9 8
89 90 4 7
89 91 7 4
89 92 8 1
89 93 4 8
89 94 10 7
89 95 1 9
89 96 2 7
89 97 1 8
89 98 3 3
89 99 8 9
90 91 8 3
90 92 6 2
90 93 4 7
90 94 6 6
90 95 3 10
90 97 2 9
90 98 1 4
90 99 8 3
90 100 5 1
91 92 5 10
91 93 9 10
91 94 5 5
91 95 3 6
91 96 10 7
91 97 6 1
91 98 5 7
91 99 5 3
91 100 2 7
92 93 2 1
92 96 1 8
92 97 5 4
92 98 2 5
92 99 1 8
93 94 5 9
93 95 8 3
93 96 9 7
93 97 10 8
93 99 3 8
93 100 6 8
94 95 2 7
94 96 7 6
94 97 3 9
94 98 4 10
94 99 10 7
95 96 4 9
95 97 6 9
95 98 6 9
96 97 4 2
96 98 6 2
96 99 7 3
97 98 2 1
97 99 7 5
98 99 5 5
98 100 3 10
99 100 5 7
1
1 2 3 4 5 6 7 8 9 10 11 12 13 14 15 16 17 18 19 20 21 22 23 24 25 26 27 28 29 30 31 32 33 34 35 36 37 38 39 40 41 42 43 44 45 46 47 48 49 50
