3936
1 2 5 8
1 3 7 1
1 4 7 8
1 5 4 10
1 6 4 9
1 7 1 8
1 8 8 8
1 9 6 10
1 10 3 1
1 12 5 8
1 13 5 3
1 14 8 4
1 15 4 10
1 17 4 4
1 18 8 9
1 20 6 10
1 21 10 3
1 22 2 3
1 23 5 2
1 25 4 7
1 27 7 6
1 28 1 10
1 29 2 3
1 30 5 3
1 31 5 5
1 32 5 2
1 33 2 2
1 34 6 7
1 35 5 3
1 36 3 4
1 38 1 10
1 39 3 10
1 40 9 9
1 41 8 2
1 42 8 3
1 43 7 10
1 45 1 6
1 46 5 6
1 47 3 2
1 48 4 6
1 50 5 3
1 51 5 9
1 52 1 3
1 53 10 3
1 55 2 10
1 56 6 4
1 57 6 3
1 58 9 10
1 60 5 9
1 61 2 6
1 62 3 8
1 63 4 6
1 64 2 9
1 65 4 1
1 66 2 3
1 67 7 4
1 68 6 4
1 69 6 2
1 70 6 4
1 71 7 5
1 72 9 6
1 73 7 10
1 74 4 5
1 76 4 8
1 77 7 8
1 78 8 4
1 79 6 1
1 80 2 5
1 81 1 9
1 82 2 1
1 84 5 6
1 86 5 4
1 87 7 1
1 89 5 2
1 91 8 4
1 92 6 9
1 93 8 1
1 96 9 3
1 98 5 2
1 99 10 9
1 100 10 4
2 3 6 6
2 4 4 10
2 5 7 5
2 6 2 2
2 7 2 6
2 8 6 6
2 9 5 2
2 10 2 1
2 11 4 3
2 12 1 9
2 13 2 8
2 14 1 9
2 15 3 7
2 17 4 8
2 18 10 10
2 19 9 6
2 20 8 5
2 21 3 8
2 25 1 4
2 26 4 4
2 27 6 7
2 28 1 10
2 29 2 8
2 30 2 3
2 32 8 5
2 33 2 9
2 34 4 4
2 35 10 10
2 36 5 3
2 37 7 7
2 38 5 5
2 39 4 5
2 40 1 10
2 41 6 2
2 42 7 3
2 43 1 1
2 44 9 2
2 45 8 7
2 46 6 2
2 47 6 3
2 48 5 3
2 49 8 3
2 50 7 7
2 51 4 10
2 52 2 2
2 53 5 6
2 54 6 2
2 56 10 6
2 58 6 10
2 59 10 7
2 60 6 2
2 62 7 5
2 63 6 1
2 64 4 10
2 65 6 7
2 66 9 1
2 67 7 7
2 68 7 5
2 70 5 10
2 72 10 3
2 73 9 9
2 74 5 4
2 75 4 5
2 77 1 6
2 78 4 6
2 79 9 8
2 80 8 9
2 83 4 9
2 84 7 10
2 85 8 4
2 87 5 7
2 88 6 1
2 89 10 9
2 90 3 10
2 93 9 2
2 96 1 5
2 97 2 6
2 98 3 1
2 99 7 6
2 100 1 7
3 4 7 8
3 6 5 8
3 7 4 4
3 8 9 4
3 9 7 10
3 10 6 8
3 12 6 6
3 13 10 1
3 16 3 4
3 17 2 10
3 18 4 9
3 20 2 3
3 21 1 1
3 22 1 9
3 25 10 4
3 27 7 1
3 28 3 6
3 29 3 9
3 30 9 5
3 31 5 5
3 32 3 2
3 33 5 5
3 34 6 6
3 35 2 4
3 38 10 8
3 39 10 3
3 40 7 1
3 41 5 7
3 42 4 6
3 43 10 2
3 44 5 1
3 45 7 6
3 46 10 4
3 47 7 8
3 48 4 3
3 49 5 1
3 50 9 9
3 52 8 6
3 53 2 2
3 54 7 9
3 55 7 6
3 56 2 5
3 58 3 6
3 59 6 2
3 60 8 1
3 63 7 7
3 64 10 10
3 66 8 5
3 68 4 9
3 70 1 7
3 71 8 9
3 72 9 2
3 73 5 3
3 74 1 4
3 76 10 5
3 77 10 9
3 78 9 9
3 80 5 7
3 81 5 5
3 82 10 4
3 83 7 4
3 84 10 1
3 85 4 6
3 86 5 1
3 87 3 10
3 89 1 4
3 90 5 7
3 91 10 7
3 93 4 8
3 95 5 5
3 96 7 3
3 99 2 6
3 100 9 9
4 5 3 1
4 6 6 10
4 8 5 10
4 9 4 3
4 11 10 7
4 12 1 1
4 13 4 7
4 14 7 8
4 16 1 4
4 17 8 4
4 18 1 10
4 19 7 2
4 21 3 5
4 22 9 4
4 23 5 3
4 24 3 2
4 25 3 10
4 27 5 5
4 28 7 1
4 29 1 6
4 30 4 9
4 33 10 9
4 34 2 8
4 36 1 8
4 37 3 7
4 39 4 10
4 40 5 1
4 41 8 8
4 42 8 10
4 43 10 5
4 44 7 10
4 45 4 4
4 46 7 8
4 47 5 6
4 48 7 9
4 50 6 6
4 51 3 7
4 52 1 10
4 54 3 2
4 55 6 3
4 56 2 3
4 57 4 4
4 58 6 5
4 59 6 4
4 60 4 6
4 61 10 4
4 63 3 4
4 64 9 8
4 65 2 10
4 66 5 8
4 67 2 6
4 68 3 4
4 69 1 7
4 70 6 2
4 71 3 6
4 72 6 4
4 73 7 3
4 74 6 1
4 75 1 10
4 77 2 5
4 80 6 4
4 81 5 5
4 82 1 5
4 83 9 7
4 84 9 10
4 86 3 4
4 87 9 4
4 88 3 6
4 89 6 7
4 90 10 5
4 92 5 8
4 93 7 8
4 94 8 2
4 96 10 6
4 98 1 1
4 99 8 7
4 100 10 6
5 7 9 9
5 9 3 2
5 12 6 7
5 14 2 8
5 15 6 2
5 16 8 6
5 17 6 10
5 18 7 10
5 19 1 3
5 21 7 6
5 22 6 9
5 23 9 10
5 24 6 4
5 25 8 2
5 28 9 9
5 29 10 1
5 30 1 7
5 31 10 4
5 32 2 3
5 33 1 4
5 34 10 5
5 35 6 8
5 36 4 4
5 37 3 9
5 38 5 4
5 41 10 2
5 45 5 6
5 46 7 8
5 47 3 3
5 48 2 5
5 50 4 5
5 51 8 2
5 52 2 5
5 54 1 10
5 55 2 9
5 57 1 4
5 58 1 8
5 59 6 4
5 61 7 3
5 62 7 8
5 64 3 9
5 65 7 9
5 66 4 3
5 67 10 5
5 68 2 10
5 69 4 7
5 70 10 1
5 71 2 6
5 72 6 10
5 73 2 2
5 74 3 1
5 75 8 6
5 76 10 4
5 78 9 6
5 79 6 7
5 80 5 9
5 81 1 5
5 82 1 7
5 83 9 10
5 84 5 7
5 86 10 3
5 87 7 7
5 91 1 5
5 92 8 4
5 93 4 1
5 94 6 4
5 95 10 5
5 96 8 10
5 97 7 5
5 99 2 9
5 100 3 9
6 7 3 4
6 8 3 10
6 9 10 10
6 10 2 10
6 11 1 9
6 12 8 10
6 13 1 5
6 14 8 5
6 15 5 4
6 17 5 1
6 18 8 5
6 20 2 6
6 21 4 4
6 22 3 9
6 24 8 10
6 26 1 9
6 29 6 1
6 31 1 10
6 32 10 8
6 35 3 5
6 36 3 8
6 37 6 8
6 38 9 4
6 40 10 2
6 41 5 4
6 42 5 4
6 43 4 8
6 44 9 7
6 45 9 2
6 47 1 1
6 48 3 2
6 49 10 5
6 50 3 6
6 51 10 4
6 52 3 8
6 53 9 3
6 54 4 6
6 55 5 6
6 56 7 7
6 57 7 9
6 58 4 2
6 59 7 2
6 60 3 9
6 61 1 10
6 62 2 8
6 63 5 7
6 64 5 5
6 65 9 7
6 66 8 6
6 67 1 10
6 68 4 3
6 69 3 5
6 70 6 9
6 71 3 2
6 72 4 10
6 73 9 1
6 74 1 4
6 75 3 1
6 76 6 3
6 77 5 3
6 78 3 5
6 79 5 7
6 80 9 6
6 81 6 8
6 82 10 6
6 83 10 7
6 84 1 9
6 85 6 1
6 86 10 9
6 87 8 10
6 89 4 1
6 91 6 9
6 92 2 1
6 93 5 5
6 94 1 9
6 95 10 1
6 97 3 4
6 98 5 4
6 99 6 2
6 100 1 10
7 8 2 10
7 9 2 7
7 10 8 10
7 11 3 10
7 12 8 6
7 14 4 1
7 16 5 5
7 17 7 6
7 18 7 9
7 19 5 2
7 20 4 4
7 21 2 5
7 22 6 9
7 23 1 9
7 24 4 6
7 25 3 8
7 26 6 10
7 27 7 3
7 28 10 4
7 29 6 5
7 30 8 8
7 31 7 8
7 32 2 8
7 33 7 4
7 34 4 8
7 35 3 3
7 36 8 6
7 37 8 1
7 38 5 7
7 39 4 4
7 40 3 8
7 41 8 10
7 45 10 7
7 46 3 4
7 47 10 8
7 48 6 6
7 49 5 7
7 50 3 3
7 51 7 9
7 52 6 6
7 57 4 9
7 58 8 4
7 59 9 5
7 61 9 6
7 63 5 9
7 64 9 1
7 65 8 5
7 66 9 8
7 68 2 9
7 69 5 5
7 71 2 4
7 72 8 5
7 73 3 8
7 74 3 10
7 75 9 8
7 76 1 6
7 77 7 9
7 78 6 1
7 79 7 1
7 81 1 8
7 82 4 6
7 83 6 5
7 85 6 9
7 86 3 2
7 88 1 2
7 89 9 6
7 90 9 1
7 91 4 10
7 92 8 2
7 93 3 2
7 94 6 3
7 95 9 6
7 96 10 6
7 97 6 9
7 98 10 3
7 99 7 2
8 9 8 8
8 11 8 1
8 12 7 5
8 13 1 4
8 14 10 6
8 16 9 5
8 17 10 2
8 18 8 9
8 19 7 4
8 20 3 7
8 21 3 10
8 22 6 9
8 23 9 10
8 24 1 9
8 25 9 10
8 26 9 3
8 27 2 10
8 29 3 6
8 30 1 7
8 31 1 2
8 33 9 3
8 34 8 4
8 35 4 3
8 38 9 9
8 41 1 10
8 42 2 2
8 43 5 8
8 44 2 3
8 45 6 7
8 46 5 4
8 47 5 1
8 49 3 2
8 50 2 10
8 51 7 1
8 52 2 4
8 53 9 8
8 54 4 7
8 55 7 10
8 56 6 10
8 57 7 4
8 58 8 6
8 59 9 3
8 60 10 10
8 61 9 10
8 62 1 4
8 63 6 9
8 64 9 10
8 66 9 7
8 67 1 4
8 68 5 3
8 69 8 8
8 70 6 7
8 72 1 1
8 73 9 10
8 74 10 7
8 75 6 5
8 76 6 1
8 77 4 9
8 78 4 7
8 79 5 1
8 80 3 3
8 82 5 1
8 83 3 9
8 84 10 2
8 85 9 6
8 87 5 2
8 88 3 2
8 89 1 3
8 90 9 8
8 91 2 4
8 92 1 10
8 93 3 7
8 94 3 9
8 95 8 9
8 97 2 10
8 98 7 9
8 99 10 9
8 100 1 1
9 10 1 9
9 11 4 3
9 13 2 6
9 14 8 6
9 15 1 9
9 16 1 4
9 17 8 9
9 18 4 10
9 19 9 2
9 20 9 5
9 21 6 2
9 22 3 1
9 23 2 4
9 24 3 4
9 25 1 1
9 26 4 2
9 27 10 6
9 28 5 1
9 31 4 8
9 33 4 10
9 34 3 5
9 36 7 6
9 37 5 1
9 38 1 9
9 39 7 8
9 40 9 8
9 41 5 2
9 42 8 7
9 43 7 9
9 44 6 9
9 45 2 7
9 47 3 3
9 48 6 2
9 49 5 4
9 51 8 1
9 52 7 7
9 53 3 8
9 55 2 3
9 56 10 9
9 57 1 10
9 59 1 8
9 60 7 5
9 61 5 7
9 62 7 6
9 63 9 4
9 64 2 9
9 65 9 5
9 66 1 10
9 67 10 2
9 68 4 1
9 69 6 6
9 70 4 9
9 72 6 6
9 73 1 10
9 74 6 2
9 75 10 2
9 76 1 2
9 77 9 3
9 78 5 7
9 79 5 1
9 80 2 8
9 81 6 10
9 82 8 8
9 84 10 10
9 85 6 3
9 86 10 8
9 87 10 7
9 88 8 5
9 89 1 5
9 90 10 1
9 91 5 7
9 93 8 1
9 94 7 9
9 95 9 1
9 96 9 5
9 97 2 4
9 98 5 3
9 99 7 9
9 100 10 7
10 11 8 3
10 12 10 6
10 13 3 10
10 15 4 8
10 18 5 2
10 19 9 2
10 20 5 1
10 21 3 4
10 24 9 5
10 25 5 2
10 26 7 8
10 29 4 9
10 30 2 5
10 31 2 7
10 32 1 4
10 33 10 5
10 34 3 6
10 35 2 9
10 36 6 10
10 37 4 9
10 38 1 9
10 39 9 3
10 40 2 2
10 41 7 2
10 42 10 4
10 43 4 6
10 44 7 1
10 46 5 7
10 47 6 8
10 51 7 4
10 52 7 1
10 53 2 4
10 54 5 9
10 55 5 5
10 56 4 7
10 58 2 4
10 59 9 9
10 60 10 2
10 61 10 4
10 62 9 3
10 63 7 2
10 64 9 3
10 65 4 8
10 66 2 8
10 67 8 3
10 68 7 9
10 69 3 6
10 70 3 6
10 71 2 5
10 72 2 9
10 73 7 10
10 74 6 1
10 75 8 5
10 76 10 5
10 77 4 3
10 78 5 4
10 79 5 5
10 82 8 6
10 83 2 8
10 84 10 10
10 85 10 8
10 86 10 4
10 87 5 8
10 88 2 8
10 90 8 8
10 91 10 6
10 93 6 2
10 94 8 9
10 95 10 1
10 98 2 7
10 99 8 10
10 100 8 1
11 12 9 5
11 13 2 9
11 14 3 5
11 17 7 3
11 18 6 6
11 19 5 7
11 21 6 7
11 22 5 9
11 25 6 1
11 26 10 9
11 27 3 6
11 28 3 7
11 29 8 2
11 30 1 8
11 32 4 8
11 33 4 4
11 34 8 4
11 35 7 1
11 38 3 3
11 39 6 2
11 41 3 2
11 42 7 8
11 43 10 4
11 44 10 10
11 45 3 5
11 46 3 10
11 47 10 3
11 48 4 7
11 49 7 5
11 51 8 2
11 52 2 3
11 55 10 9
11 56 7 4
11 57 3 1
11 58 1 7
11 59 5 10
11 60 2 2
11 61 4 9
11 62 8 5
11 63 6 2
11 65 10 4
11 67 3 7
11 68 5 5
11 69 7 9
11 72 8 3
11 73 2 6
11 74 8 3
11 75 5 2
11 77 8 4
11 78 7 2
11 79 2 5
11 80 3 10
11 81 6 6
11 82 3 5
11 83 1 8
11 86 2 10
11 87 6 2
11 89 10 6
11 90 6 1
11 91 9 9
11 92 7 9
11 93 2 9
11 94 1 7
11 95 4 8
11 96 6 8
11 97 5 2
11 98 2 6
11 99 1 10
11 100 4 6
12 13 4 8
12 15 4 2
12 16 3 1
12 18 8 8
12 19 3 2
12 20 2 2
12 21 6 1
12 24 5 8
12 25 7 9
12 26 9 6
12 27 9 6
12 28 8 10
12 29 8 4
12 30 4 10
12 31 8 3
12 33 6 9
12 34 7 9
12 35 8 5
12 36 4 3
12 37 1 8
12 38 10 2
12 39 7 10
12 40 5 3
12 41 9 3
12 42 2 8
12 43 3 7
12 44 4 6
12 46 3 9
12 47 5 4
12 48 8 7
12 49 10 9
12 50 4 7
12 51 2 6
12 52 1 8
12 53 8 10
12 54 8 9
12 55 1 3
12 56 10 10
12 57 1 2
12 58 6 6
12 59 6 5
12 60 7 7
12 61 8 5
12 62 1 10
12 63 4 7
12 66 2 10
12 68 1 2
12 69 9 4
12 70 5 2
12 71 4 6
12 74 9 3
12 75 9 9
12 76 5 6
12 77 4 10
12 78 4 8
12 80 7 7
12 81 2 6
12 82 7 4
12 83 4 8
12 84 9 8
12 85 8 2
12 86 5 2
12 87 1 10
12 88 8 6
12 89 6 4
12 91 1 1
12 92 8 7
12 93 6 10
12 94 5 6
12 95 5 9
12 96 9 10
12 97 5 9
12 98 2 3
12 99 3 3
12 100 9 8
13 16 9 10
13 17 3 10
13 18 3 5
13 19 10 10
13 20 6 9
13 21 5 3
13 22 5 8
13 23 7 7
13 24 8 5
13 25 9 5
13 26 3 5
13 27 7 9
13 30 2 5
13 32 4 2
13 33 5 6
13 34 5 7
13 36 7 4
13 37 9 2
13 38 10 5
13 39 9 6
13 40 4 9
13 41 6 9
13 42 7 2
13 43 6 4
13 44 4 2
13 45 4 4
13 46 1 2
13 47 6 10
13 48 5 6
13 49 10 5
13 50 7 1
13 51 4 4
13 52 10 9
13 53 7 6
13 54 7 7
13 56 3 6
13 58 10 7
13 60 1 2
13 61 3 9
13 62 1 6
13 63 1 6
13 64 1 8
13 65 2 10
13 66 9 6
13 67 6 2
13 68 7 10
13 70 8 6
13 72 3 10
13 73 7 2
13 74 1 7
13 75 10 9
13 76 10 5
13 77 5 5
13 78 5 5
13 80 10 8
13 81 10 7
13 82 1 6
13 83 3 5
13 84 4 1
13 85 9 9
13 86 1 5
13 87 10 3
13 88 9 3
13 90 9 5
13 91 9 10
13 92 5 6
13 93 2 10
13 94 6 10
13 96 10 6
13 97 5 1
13 98 4 9
13 100 6 8
14 16 4 10
14 17 2 9
14 18 3 7
14 19 10 9
14 21 1 5
14 22 6 3
14 24 9 5
14 26 5 5
14 28 10 4
14 29 8 1
14 32 8 4
14 34 2 10
14 35 3 8
14 36 7 1
14 37 8 5
14 39 3 8
14 40 6 9
14 42 2 9
14 44 3 9
14 45 6 7
14 49 5 4
14 50 3 4
14 51 7 4
14 52 4 2
14 53 5 2
14 54 7 1
14 55 1 4
14 56 10 2
14 57 1 5
14 59 1 3
14 60 6 10
14 62 8 9
14 64 5 4
14 65 3 5
14 67 4 10
14 69 4 1
14 70 6 1
14 71 5 6
14 72 7 4
14 73 10 10
14 74 1 1
14 75 9 9
14 76 2 9
14 77 2 2
14 78 4 2
14 79 4 2
14 80 7 1
14 81 6 1
14 82 4 5
14 83 2 6
14 85 10 6
14 86 8 3
14 87 3 10
14 91 10 1
14 93 3 7
14 94 6 1
14 95 3 6
14 96 4 4
14 97 3 8
14 98 9 8
14 99 7 6
14 100 3 7
15 16 4 4
15 17 8 7
15 18 9 8
15 19 10 9
15 20 10 6
15 21 9 9
15 22 10 2
15 23 2 2
15 24 9 2
15 25 4 1
15 26 5 2
15 28 3 3
15 29 2 7
15 30 1 2
15 31 1 9
15 33 10 4
15 35 10 8
15 36 7 8
15 37 6 6
15 38 6 10
15 40 5 9
15 41 6 8
15 42 1 4
15 44 2 10
15 45 7 9
15 46 9 2
15 47 5 10
15 48 6 7
15 49 2 9
15 50 10 3
15 52 8 4
15 53 9 4
15 54 7 1
15 55 2 10
15 56 9 10
15 57 4 2
15 59 4 3
15 60 8 2
15 61 2 5
15 62 6 8
15 63 9 10
15 64 5 7
15 65 2 8
15 66 6 1
15 67 9 10
15 68 8 5
15 69 2 7
15 70 2 8
15 71 7 6
15 72 7 3
15 73 9 7
15 74 7 8
15 75 3 9
15 76 3 8
15 77 9 2
15 78 2 10
15 79 4 8
15 80 5 1
15 81 5 4
15 82 6 8
15 83 6 7
15 84 10 7
15 85 5 7
15 86 5 2
15 87 10 9
15 88 2 1
15 89 5 3
15 90 10 10
15 91 9 9
15 92 10 6
15 94 6 8
15 95 8 5
15 96 2 2
15 97 10 8
15 98 6 4
15 99 3 8
15 100 7 8
16 17 2 8
16 18 7 10
16 19 4 10
16 20 9 8
16 22 5 9
16 25 1 6
16 28 6 10
16 29 10 1
16 30 7 7
16 31 8 9
16 32 2 7
16 33 3 9
16 34 3 3
16 35 9 5
16 36 1 5
16 37 9 1
16 38 8 7
16 39 5 1
16 40 1 5
16 41 8 9
16 43 4 6
16 45 7 3
16 47 2 3
16 48 3 3
16 49 9 5
16 50 10 6
16 52 8 1
16 53 8 6
16 54 7 6
16 55 3 3
16 57 10 7
16 58 6 10
16 60 10 10
16 61 1 4
16 63 6 6
16 64 9 3
16 65 5 3
16 67 3 1
16 68 10 8
16 69 6 9
16 70 5 5
16 71 1 1
16 72 3 5
16 73 8 2
16 74 9 9
16 75 9 10
16 77 2 4
16 78 2 7
16 79 4 10
16 82 2 1
16 83 9 8
16 85 6 10
16 86 5 3
16 87 7 7
16 88 7 10
16 89 8 9
16 91 2 2
16 92 9 3
16 93 10 8
16 94 2 9
16 95 9 3
16 96 8 2
16 98 2 2
16 99 8 2
16 100 10 2
17 18 5 8
17 19 9 10
17 21 2 2
17 22 6 1
17 23 5 10
17 24 6 3
17 25 9 5
17 26 5 2
17 29 2 9
17 31 8 2
17 32 9 4
17 34 10 9
17 35 3 8
17 36 4 4
17 37 2 4
17 38 8 3
17 40 2 7
17 42 8 9
17 43 9 10
17 44 9 9
17 45 4 4
17 46 2 5
17 47 10 10
17 50 9 6
17 52 4 8
17 53 5 10
17 54 9 9
17 56 1 7
17 58 10 6
17 59 5 7
17 60 3 3
17 61 5 6
17 63 9 9
17 64 4 7
17 65 3 7
17 66 4 3
17 68 4 8
17 70 5 5
17 71 3 10
17 72 3 10
17 74 4 4
17 75 3 9
17 76 7 3
17 77 8 4
17 78 10 1
17 80 2 7
17 81 4 4
17 82 10 7
17 83 5 5
17 84 2 2
17 85 8 10
17 87 7 4
17 88 3 3
17 89 8 2
17 90 7 9
17 91 5 9
17 93 9 8
17 94 10 4
17 95 4 9
17 96 8 9
17 97 8 5
17 98 9 2
17 99 7 4
17 100 1 5
18 20 6 1
18 22 7 3
18 25 5 5
18 27 6 8
18 28 6 10
18 29 8 4
18 31 4 8
18 33 8 8
18 34 1 5
18 35 3 6
18 36 4 4
18 37 8 9
18 38 8 9
18 39 7 10
18 40 4 2
18 43 9 6
18 46 9 9
18 47 7 4
18 48 10 2
18 49 6 5
18 50 4 5
18 51 1 2
18 52 6 1
18 55 3 5
18 56 7 4
18 59 6 1
18 61 1 1
18 62 9 3
18 64 6 9
18 65 5 1
18 66 3 2
18 68 10 8
18 69 3 10
18 70 6 2
18 72 8 6
18 73 7 6
18 74 1 5
18 75 3 9
18 76 3 2
18 77 6 2
18 78 9 1
18 79 8 1
18 80 9 6
18 81 3 1
18 82 4 1
18 83 7 5
18 84 6 4
18 85 2 9
18 86 1 5
18 88 2 5
18 89 5 7
18 90 2 5
18 92 4 1
18 93 8 2
18 94 1 4
18 95 9 4
18 96 4 9
18 97 2 7
18 98 6 4
18 99 4 10
18 100 6 2
19 20 2 3
19 21 5 10
19 22 2 1
19 23 8 9
19 24 9 5
19 25 7 8
19 26 4 3
19 27 2 3
19 28 6 1
19 29 4 9
19 30 8 2
19 31 4 10
19 32 4 7
19 34 7 3
19 35 7 6
19 36 10 9
19 37 5 6
19 38 4 4
19 39 8 9
19 40 8 7
19 41 1 10
19 42 6 2
19 43 3 5
19 44 3 7
19 45 6 8
19 46 2 8
19 47 8 7
19 48 2 7
19 49 6 3
19 50 2 1
19 51 8 5
19 52 6 7
19 53 5 3
19 54 8 9
19 55 4 3
19 56 2 3
19 57 8 1
19 58 6 6
19 59 3 3
19 60 9 4
19 61 9 10
19 62 3 7
19 63 4 8
19 64 10 7
19 65 3 7
19 66 7 5
19 67 8 6
19 68 5 3
19 69 3 3
19 71 4 6
19 72 9 5
19 73 1 5
19 74 2 6
19 75 3 6
19 79 5 7
19 80 4 9
19 81 2 6
19 84 2 1
19 86 3 6
19 87 8 1
19 88 10 4
19 89 8 10
19 90 8 9
19 91 1 9
19 92 5 2
19 93 10 6
19 94 7 7
19 95 4 3
19 97 8 2
19 98 9 9
19 99 8 7
20 21 4 6
20 23 4 2
20 24 2 7
20 25 5 9
20 26 4 9
20 27 9 6
20 28 9 1
20 29 7 2
20 30 3 1
20 32 6 5
20 33 6 9
20 34 3 10
20 35 4 5
20 37 4 8
20 38 3 4
20 39 9 4
20 40 10 1
20 41 3 3
20 43 1 3
20 45 4 3
20 46 6 8
20 47 4 2
20 49 8 10
20 50 1 3
20 51 3 5
20 52 3 5
20 53 10 1
20 54 5 10
20 55 9 9
20 57 10 2
20 58 8 3
20 59 7 10
20 60 6 6
20 61 6 2
20 62 3 2
20 63 8 4
20 64 4 1
20 65 9 5
20 66 6 5
20 67 5 10
20 69 8 1
20 70 8 9
20 71 4 7
20 72 7 3
20 73 10 4
20 74 7 1
20 75 4 5
20 76 4 5
20 77 7 4
20 78 5 5
20 79 5 4
20 80 7 8
20 81 3 4
20 82 3 3
20 83 9 4
20 86 6 5
20 87 6 2
20 88 8 2
20 89 7 3
20 90 4 6
20 91 3 8
20 92 5 9
20 93 7 6
20 94 5 5
20 95 2 7
20 96 8 7
20 98 3 2
20 99 10 1
20 100 1 1
21 22 9 8
21 23 6 3
21 24 4 9
21 25 4 3
21 26 9 10
21 27 4 6
21 29 1 2
21 30 1 1
21 31 7 5
21 32 3 3
21 33 6 5
21 34 4 6
21 35 6 4
21 37 4 2
21 40 2 9
21 42 8 3
21 43 9 1
21 44 5 9
21 45 6 2
21 48 8 10
21 49 8 8
21 50 1 5
21 51 10 9
21 52 8 7
21 53 1 9
21 54 1 9
21 55 7 2
21 56 10 10
21 57 2 3
21 58 6 6
21 59 1 4
21 60 3 4
21 61 7 1
21 62 1 5
21 63 4 1
21 65 8 7
21 66 9 10
21 68 8 6
21 70 7 3
21 71 10 6
21 72 4 10
21 73 3 8
21 74 1 4
21 75 9 3
21 76 5 9
21 78 3 1
21 79 7 10
21 81 5 5
21 82 4 9
21 83 2 6
21 84 3 6
21 86 3 2
21 87 1 6
21 88 7 1
21 89 8 2
21 90 7 10
21 91 7 2
21 92 10 6
21 94 9 8
21 95 2 6
21 98 4 5
21 99 2 10
21 100 6 8
22 23 8 4
22 24 7 4
22 25 3 2
22 26 7 3
22 27 2 4
22 28 9 9
22 29 5 5
22 30 8 6
22 31 4 8
22 32 6 2
22 33 9 7
22 34 6 8
22 35 5 3
22 36 10 7
22 37 4 5
22 38 1 4
22 40 3 7
22 41 1 10
22 42 5 2
22 43 4 3
22 44 8 4
22 45 7 3
22 46 5 10
22 47 7 7
22 48 4 8
22 49 4 5
22 50 9 8
22 52 8 8
22 55 2 7
22 57 8 7
22 58 4 2
22 59 5 3
22 61 8 7
22 62 3 9
22 64 2 2
22 65 6 9
22 66 5 6
22 67 6 2
22 68 8 2
22 69 4 10
22 70 2 2
22 71 8 10
22 72 4 8
22 73 9 9
22 74 9 1
22 75 1 4
22 76 10 3
22 77 5 7
22 79 8 10
22 80 9 6
22 81 7 8
22 82 3 4
22 83 8 10
22 84 7 10
22 86 10 2
22 87 2 6
22 88 6 4
22 89 9 10
22 91 6 1
22 92 1 8
22 93 8 1
22 94 6 6
22 95 9 1
22 97 3 2
22 99 1 10
22 100 1 7
23 24 2 4
23 25 7 4
23 26 1 2
23 27 3 3
23 28 9 4
23 29 2 4
23 30 4 10
23 31 4 4
23 32 1 6
23 34 6 7
23 35 8 8
23 36 5 2
23 37 1 7
23 40 6 6
23 41 8 1
23 42 10 1
23 43 3 3
23 44 9 9
23 46 4 8
23 47 3 4
23 48 3 5
23 50 4 3
23 51 8 6
23 52 2 4
23 53 1 8
23 54 7 1
23 55 10 1
23 56 3 7
23 57 9 9
23 59 1 9
23 60 5 10
23 61 3 6
23 62 9 2
23 64 5 6
23 65 9 1
23 66 10 2
23 67 7 2
23 68 7 6
23 69 5 6
23 71 10 8
23 74 5 9
23 76 3 4
23 77 10 4
23 78 10 5
23 79 7 7
23 80 2 10
23 82 6 9
23 83 4 10
23 84 3 1
23 85 9 5
23 86 3 2
23 87 5 8
23 88 5 2
23 89 1 5
23 90 5 5
23 92 2 7
23 93 4 7
23 94 10 7
23 95 2 10
23 96 2 3
23 97 3 10
23 98 5 9
23 99 6 5
23 100 1 3
24 25 8 6
24 26 8 3
24 27 5 8
24 28 7 5
24 29 7 7
24 30 5 3
24 31 6 8
24 32 6 9
24 33 8 3
24 34 7 2
24 35 6 7
24 36 1 2
24 37 6 10
24 38 9 10
24 39 10 2
24 40 10 1
24 41 1 10
24 42 8 8
24 43 10 10
24 44 3 1
24 45 7 1
24 46 2 10
24 47 7 9
24 48 1 1
24 49 2 8
24 50 10 1
24 51 4 6
24 52 5 3
24 53 7 2
24 54 1 2
24 55 6 5
24 57 5 8
24 58 7 2
24 59 5 4
24 60 5 4
24 62 7 2
24 63 4 9
24 65 4 6
24 66 3 10
24 67 5 9
24 68 1 9
24 69 4 6
24 70 10 2
24 73 4 4
24 74 1 8
24 75 2 1
24 77 2 10
24 79 6 10
24 80 9 6
24 82 1 4
24 84 7 8
24 85 6 3
24 86 7 6
24 88 2 10
24 91 9 1
24 92 4 1
24 93 1 10
24 94 5 10
24 95 9 5
24 96 2 6
24 97 3 6
24 98 2 7
24 99 8 6
25 26 3 10
25 27 9 6
25 28 4 7
25 29 7 4
25 30 6 7
25 32 5 1
25 33 9 4
25 34 7 6
25 36 5 6
25 37 8 4
25 38 3 1
25 40 8 6
25 41 5 5
25 42 6 2
25 43 3 10
25 45 4 6
25 46 4 5
25 47 3 4
25 48 2 5
25 49 5 6
25 53 6 6
25 56 2 10
25 57 3 8
25 60 9 2
25 61 9 5
25 62 3 6
25 63 2 7
25 64 8 3
25 65 9 4
25 66 1 5
25 67 3 9
25 68 1 4
25 69 10 10
25 70 6 1
25 71 6 2
25 72 7 10
25 74 2 4
25 75 4 6
25 76 9 2
25 78 8 8
25 79 8 6
25 80 7 7
25 81 1 9
25 82 8 1
25 83 1 3
25 84 3 1
25 85 10 1
25 86 5 9
25 88 4 4
25 90 1 6
25 91 3 6
25 92 6 2
25 94 5 3
25 95 7 8
25 97 4 5
26 27 3 7
26 28 7 6
26 29 9 7
26 31 10 3
26 33 10 10
26 36 3 6
26 37 3 9
26 38 6 4
26 39 6 8
26 40 9 8
26 41 8 8
26 42 1 9
26 43 9 3
26 44 3 5
26 46 5 7
26 48 5 7
26 49 7 8
26 50 4 10
26 51 10 2
26 52 1 7
26 53 4 3
26 54 6 8
26 55 10 9
26 56 1 4
26 57 4 4
26 59 8 8
26 60 7 6
26 61 9 1
26 62 8 2
26 63 8 9
26 64 8 2
26 65 2 7
26 66 1 9
26 67 10 2
26 68 4 4
26 69 9 10
26 70 9 9
26 71 5 5
26 72 6 1
26 73 3 5
26 74 4 7
26 75 1 3
26 76 10 8
26 77 6 4
26 78 7 7
26 79 8 6
26 80 7 6
26 81 5 2
26 82 8 1
26 84 4 10
26 85 7 5
26 86 1 10
26 88 6 1
26 89 8 6
26 90 2 3
26 91 9 1
26 92 6 3
26 94 1 2
26 95 1 4
26 96 8 5
26 97 3 2
26 98 1 6
26 99 10 2
26 100 1 5
27 28 4 7
27 29 1 7
27 30 7 10
27 35 5 9
27 36 4 1
27 37 6 5
27 38 8 6
27 39 9 7
27 40 9 1
27 42 7 2
27 43 9 7
27 44 7 4
27 45 6 4
27 46 3 9
27 49 6 4
27 50 5 9
27 53 8 6
27 54 3 9
27 55 1 8
27 56 4 1
27 57 1 8
27 58 9 6
27 60 9 1
27 61 8 6
27 62 7 7
27 63 2 2
27 65 6 1
27 66 8 10
27 67 3 5
27 68 3 10
27 69 6 8
27 70 5 7
27 72 1 3
27 74 10 5
27 75 3 6
27 76 3 1
27 77 9 9
27 79 5 1
27 80 1 6
27 81 9 4
27 82 10 9
27 83 4 5
27 84 7 9
27 85 1 2
27 86 2 4
27 87 3 5
27 89 8 6
27 90 7 7
27 91 5 7
27 92 1 9
27 93 9 6
27 94 5 1
27 95 3 2
27 96 3 5
27 97 4 3
27 99 3 5
27 100 6 7
28 29 10 8
28 32 2 6
28 33 4 9
28 35 3 6
28 36 5 2
28 37 10 1
28 38 8 3
28 39 5 1
28 40 6 3
28 43 4 1
28 45 2 5
28 46 1 4
28 47 3 2
28 48 1 1
28 49 5 2
28 50 1 8
28 51 6 4
28 53 2 9
28 55 4 8
28 56 1 1
28 57 8 2
28 58 8 5
28 59 4 9
28 60 3 2
28 61 7 10
28 62 8 1
28 63 6 1
28 64 5 4
28 65 4 8
28 66 4 10
28 67 5 9
28 69 2 3
28 70 9 5
28 72 5 5
28 74 6 1
28 75 1 6
28 76 6 6
28 77 10 4
28 78 4 9
28 80 5 9
28 81 7 1
28 82 6 6
28 83 7 1
28 84 5 5
28 85 8 4
28 86 3 10
28 87 2 4
28 88 8 5
28 89 8 5
28 90 9 5
28 91 10 3
28 95 1 2
28 96 9 8
28 97 5 10
28 98 4 2
28 99 2 2
28 100 7 2
29 30 6 9
29 31 1 10
29 33 3 9
29 34 8 5
29 37 10 8
29 41 5 2
29 42 9 6
29 43 8 3
29 44 6 2
29 45 9 1
29 46 4 9
29 47 9 5
29 48 4 8
29 50 10 4
29 51 1 5
29 52 9 4
29 53 7 4
29 54 9 7
29 55 2 2
29 56 10 9
29 58 8 10
29 59 1 3
29 61 1 4
29 62 3 9
29 63 1 1
29 64 1 2
29 65 4 6
29 66 1 2
29 67 8 4
29 68 8 4
29 69 3 5
29 70 6 2
29 71 8 1
29 73 4 7
29 74 6 1
29 75 10 3
29 76 3 7
29 77 8 5
29 78 6 9
29 79 10 4
29 80 5 4
29 81 8 4
29 82 10 8
29 83 8 3
29 84 1 1
29 85 3 10
29 87 1 2
29 88 1 4
29 89 4 4
29 90 2 3
29 92 10 4
29 94 9 6
29 96 10 7
29 98 2 5
29 99 2 2
29 100 9 5
30 32 1 2
30 35 7 4
30 36 9 10
30 37 6 7
30 38 4 10
30 41 8 8
30 43 9 9
30 44 6 9
30 45 8 6
30 46 2 6
30 47 6 8
30 48 1 10
30 49 3 7
30 50 2 8
30 51 2 8
30 52 7 1
30 53 8 10
30 54 6 4
30 55 5 1
30 56 2 10
30 57 9 3
30 58 7 8
30 59 10 10
30 60 1 2
30 61 6 10
30 62 9 1
30 63 9 6
30 64 7 9
30 65 9 4
30 66 10 3
30 68 10 6
30 69 9 10
30 70 8 3
30 72 10 7
30 73 7 7
30 75 2 4
30 76 7 7
30 77 2 7
30 78 10 3
30 82 10 10
30 83 5 5
30 84 6 4
30 85 8 6
30 87 2 7
30 88 6 8
30 89 2 2
30 90 1 9
30 91 8 10
30 92 6 8
30 93 4 8
30 94 9 5
30 95 5 7
30 96 8 7
30 97 10 3
30 98 8 3
30 99 4 3
30 100 10 3
31 32 1 5
31 33 2 9
31 34 9 9
31 35 9 3
31 36 1 3
31 37 3 2
31 38 6 3
31 41 3 7
31 43 4 8
31 44 9 6
31 45 3 5
31 46 9 10
31 47 6 5
31 48 6 10
31 49 4 3
31 50 3 1
31 52 3 4
31 53 5 10
31 54 4 6
31 55 6 6
31 56 9 1
31 57 2 7
31 59 1 6
31 60 9 1
31 63 10 7
31 65 6 3
31 68 4 8
31 69 4 10
31 70 3 5
31 72 9 6
31 73 9 7
31 76 6 5
31 77 5 9
31 78 9 4
31 79 3 1
31 80 1 3
31 81 7 10
31 82 5 8
31 83 6 4
31 84 9 9
31 85 2 6
31 86 6 8
31 88 2 1
31 89 3 2
31 91 2 6
31 93 9 2
31 94 7 5
31 95 10 5
31 96 10 3
31 97 4 3
31 98 2 6
31 100 7 10
32 33 6 4
32 34 8 8
32 35 4 4
32 36 6 1
32 40 2 10
32 41 6 6
32 42 7 1
32 44 8 2
32 45 2 1
32 46 5 8
32 47 9 1
32 49 8 7
32 50 7 2
32 51 3 8
32 52 8 8
32 53 5 3
32 54 10 4
32 55 1 5
32 56 1 9
32 57 3 1
32 58 2 1
32 59 7 4
32 60 7 6
32 61 9 3
32 62 6 6
32 63 5 2
32 64 10 9
32 65 10 6
32 67 6 6
32 68 4 5
32 69 8 3
32 71 9 1
32 72 5 8
32 73 1 9
32 74 10 5
32 75 5 4
32 76 4 3
32 78 4 9
32 79 7 5
32 82 10 8
32 83 3 9
32 84 8 4
32 85 2 5
32 88 3 9
32 89 3 8
32 90 2 5
32 91 4 1
32 93 4 5
32 94 4 6
32 96 7 6
32 97 3 7
32 98 6 3
32 99 3 7
32 100 7 10
33 34 2 9
33 35 3 2
33 36 7 9
33 37 7 7
33 40 10 8
33 41 10 6
33 42 1 10
33 43 5 4
33 44 9 4
33 46 4 7
33 49 4 2
33 50 5 6
33 52 4 8
33 53 4 7
33 54 5 4
33 55 1 10
33 56 2 8
33 57 2 8
33 58 4 2
33 59 8 5
33 61 1 7
33 62 1 2
33 63 7 4
33 64 3 6
33 65 1 9
33 68 9 8
33 69 4 8
33 70 6 10
33 71 8 9
33 72 7 3
33 73 8 7
33 74 3 8
33 75 10 4
33 76 7 3
33 77 2 9
33 79 9 2
33 81 7 9
33 82 5 1
33 83 4 5
33 84 3 6
33 85 1 2
33 86 9 1
33 87 4 10
33 88 5 8
33 89 1 4
33 90 4 8
33 91 4 10
33 92 3 10
33 93 1 4
33 94 5 5
33 96 8 5
33 97 7 4
33 98 5 5
33 99 8 5
33 100 8 2
34 35 8 7
34 36 10 10
34 38 9 8
34 39 6 8
34 40 5 4
34 41 9 2
34 42 7 7
34 43 9 3
34 46 10 6
34 47 6 3
34 49 9 10
34 50 4 6
34 51 5 2
34 52 1 4
34 53 9 8
34 54 9 5
34 56 1 3
34 57 1 4
34 58 6 10
34 59 8 2
34 60 10 7
34 61 1 3
34 62 10 5
34 65 3 5
34 66 1 4
34 68 9 3
34 69 8 7
34 70 1 2
34 71 1 5
34 72 4 1
34 73 1 1
34 74 9 10
34 75 6 2
34 77 9 6
34 78 9 6
34 80 10 7
34 81 3 3
34 83 2 1
34 84 2 9
34 85 7 6
34 86 5 3
34 87 8 5
34 88 7 7
34 90 3 6
34 91 2 7
34 92 7 8
34 93 9 2
34 95 1 6
34 97 3 5
34 98 4 8
34 99 4 8
34 100 10 10
35 37 1 6
35 38 2 3
35 39 2 4
35 40 10 3
35 41 4 6
35 42 6 6
35 43 4 2
35 44 6 1
35 45 1 1
35 46 8 1
35 47 3 7
35 48 2 1
35 49 3 5
35 50 9 8
35 53 2 4
35 54 8 2
35 55 5 10
35 56 4 3
35 58 2 2
35 59 9 4
35 60 8 10
35 63 9 1
35 64 7 1
35 66 4 8
35 68 6 8
35 69 4 10
35 72 7 9
35 74 1 6
35 76 3 10
35 77 5 8
35 78 1 6
35 80 2 8
35 81 10 4
35 84 4 9
35 85 5 1
35 86 5 9
35 87 4 9
35 88 2 6
35 90 7 9
35 91 4 1
35 92 6 2
35 95 4 9
35 96 4 10
35 97 1 8
35 98 8 2
35 99 6 9
35 100 6 3
36 37 5 3
36 38 9 5
36 39 1 10
36 41 10 6
36 42 5 5
36 43 7 6
36 44 7 3
36 45 1 4
36 46 10 1
36 47 10 3
36 48 8 6
36 49 7 10
36 50 5 3
36 51 9 4
36 52 5 2
36 53 5 4
36 54 1 2
36 55 9 9
36 56 5 4
36 59 7 10
36 60 4 9
36 61 9 2
36 62 7 1
36 63 3 1
36 64 2 1
36 65 3 4
36 67 2 4
36 68 1 8
36 69 1 6
36 70 2 3
36 71 8 7
36 73 6 2
36 75 1 9
36 77 1 9
36 78 3 1
36 79 4 3
36 80 4 6
36 81 3 3
36 82 3 4
36 83 7 4
36 84 4 8
36 85 4 9
36 87 6 6
36 89 8 6
36 91 5 8
36 92 5 7
36 93 1 7
36 95 9 2
36 96 3 8
36 97 2 2
36 98 9 7
36 99 2 2
36 100 10 4
37 38 1 7
37 39 6 3
37 40 5 8
37 41 8 7
37 43 4 6
37 46 3 10
37 47 7 8
37 48 1 8
37 49 9 5
37 50 5 7
37 51 7 6
37 52 5 1
37 53 3 4
37 54 7 9
37 55 8 10
37 56 8 4
37 57 6 2
37 58 10 10
37 59 10 1
37 60 7 8
37 61 8 2
37 62 10 6
37 63 8 2
37 65 3 1
37 66 2 6
37 67 10 5
37 70 1 8
37 72 5 10
37 73 7 8
37 74 4 5
37 75 2 2
37 76 6 7
37 77 2 5
37 79 1 8
37 81 9 6
37 83 9 4
37 85 6 1
37 88 3 10
37 89 3 9
37 90 2 7
37 91 6 3
37 92 4 7
37 93 2 2
37 94 4 9
37 96 9 8
37 97 1 6
37 98 8 4
37 99 4 8
37 100 2 4
38 39 8 3
38 41 3 9
38 42 3 7
38 43 10 8
38 45 4 6
38 47 3 2
38 48 10 2
38 49 3 6
38 52 8 8
38 54 2 4
38 56 4 4
38 57 4 6
38 58 10 4
38 59 1 10
38 60 3 9
38 62 7 2
38 63 2 10
38 64 5 9
38 65 4 6
38 66 6 4
38 67 5 4
38 68 1 1
38 69 2 8
38 70 3 8
38 71 2 2
38 73 8 7
38 74 6 3
38 75 2 9
38 77 1 3
38 78 8 4
38 80 6 9
38 81 2 5
38 82 2 2
38 83 2 2
38 85 9 5
38 86 10 9
38 87 5 3
38 88 5 5
38 89 8 8
38 90 4 7
38 92 8 7
38 93 8 1
38 94 4 7
38 95 3 9
38 97 4 8
38 100 1 6
39 40 10 6
39 41 8 1
39 42 9 10
39 43 9 7
39 44 3 10
39 45 7 9
39 46 9 4
39 47 10 4
39 48 1 1
39 49 7 10
39 50 6 10
39 52 5 3
39 53 7 4
39 54 3 1
39 55 6 4
39 56 6 7
39 57 1 4
39 58 6 8
39 59 1 7
39 60 5 7
39 64 3 8
39 65 2 6
39 66 10 9
39 68 3 1
39 69 10 5
39 71 5 7
39 73 6 10
39 74 10 7
39 75 3 1
39 76 9 5
39 77 1 5
39 78 7 9
39 79 4 4
39 80 9 2
39 82 6 10
39 86 3 7
39 87 2 8
39 88 6 4
39 89 8 6
39 90 6 1
39 91 5 6
39 93 8 5
39 94 8 5
39 95 6 4
39 96 3 7
39 97 1 2
39 98 3 4
40 41 9 8
40 42 5 5
40 45 7 4
40 48 4 8
40 49 10 7
40 51 7 10
40 53 7 8
40 54 5 2
40 55 5 7
40 56 8 6
40 57 4 10
40 58 2 4
40 59 2 6
40 60 3 9
40 61 10 8
40 62 6 9
40 63 6 7
40 66 3 9
40 68 6 8
40 69 8 1
40 70 3 5
40 71 3 5
40 72 3 5
40 74 6 7
40 75 3 2
40 76 9 4
40 77 2 8
40 79 4 9
40 80 1 7
40 81 10 5
40 82 3 7
40 84 10 6
40 86 5 4
40 87 8 9
40 88 2 5
40 89 4 7
40 91 5 7
40 92 2 5
40 93 9 8
40 94 3 3
40 95 5 5
40 96 9 5
40 98 10 4
40 99 4 9
40 100 9 7
41 42 9 3
41 44 4 6
41 46 6 9
41 47 7 6
41 48 7 7
41 49 4 2
41 50 6 10
41 51 1 7
41 53 5 6
41 54 7 5
41 55 5 4
41 56 4 3
41 57 7 2
41 58 6 5
41 59 6 9
41 60 7 2
41 61 9 4
41 62 7 7
41 64 7 5
41 65 2 10
41 66 8 6
41 67 6 10
41 68 10 5
41 69 2 7
41 70 4 7
41 71 9 6
41 72 2 5
41 73 6 6
41 74 5 6
41 75 8 4
41 81 7 6
41 82 1 8
41 83 10 4
41 84 8 8
41 85 2 6
41 86 9 7
41 88 8 5
41 89 3 5
41 90 5 8
41 91 2 5
41 94 9 4
41 95 10 9
41 96 7 9
41 97 3 5
41 98 5 7
41 99 10 6
41 100 6 5
42 43 5 5
42 44 3 1
42 45 5 8
42 46 10 9
42 48 3 2
42 49 10 10
42 51 5 6
42 52 3 3
42 53 1 3
42 54 2 2
42 55 7 8
42 57 1 3
42 58 2 2
42 59 9 3
42 60 6 2
42 61 3 3
42 63 3 10
42 64 5 5
42 67 1 10
42 68 2 7
42 69 5 7
42 70 7 10
42 73 1 4
42 74 4 5
42 75 10 5
42 79 9 3
42 80 4 4
42 81 4 8
42 82 10 4
42 83 5 10
42 84 7 3
42 85 7 8
42 86 6 1
42 87 2 9
42 88 1 6
42 90 8 6
42 91 1 10
42 92 9 5
42 93 5 1
42 94 3 6
42 95 3 7
42 96 7 3
42 97 2 10
42 98 1 6
42 99 9 4
42 100 3 7
43 44 1 1
43 45 3 9
43 47 8 4
43 48 3 9
43 49 2 1
43 50 5 5
43 51 10 6
43 53 10 2
43 54 5 10
43 55 4 10
43 56 2 1
43 57 2 8
43 58 10 6
43 60 6 9
43 61 10 3
43 62 4 4
43 63 3 9
43 64 2 5
43 66 5 10
43 67 8 2
43 69 4 4
43 70 10 8
43 73 8 1
43 75 5 5
43 76 10 5
43 77 4 4
43 78 10 2
43 81 6 3
43 82 6 9
43 83 2 10
43 85 7 9
43 88 5 7
43 89 8 9
43 90 7 2
43 91 7 2
43 92 7 3
43 93 7 2
43 94 10 5
43 95 5 10
43 96 7 7
43 98 4 6
44 45 1 7
44 47 5 3
44 48 4 8
44 50 10 5
44 51 6 6
44 52 7 6
44 53 4 3
44 54 3 10
44 55 8 4
44 56 4 10
44 57 6 1
44 58 6 6
44 60 7 3
44 61 5 2
44 62 7 1
44 64 2 2
44 65 1 9
44 66 3 3
44 67 4 2
44 69 10 7
44 70 8 9
44 71 7 7
44 72 4 2
44 74 1 4
44 75 4 3
44 77 10 7
44 78 6 3
44 79 1 2
44 80 3 3
44 81 2 10
44 82 7 9
44 83 9 8
44 84 10 10
44 85 1 3
44 86 1 2
44 87 8 1
44 89 4 7
44 90 5 8
44 92 1 1
44 93 3 8
44 94 9 6
44 95 9 9
44 96 3 2
44 97 8 2
44 98 5 10
45 46 3 3
45 47 6 6
45 48 3 2
45 49 8 10
45 50 10 9
45 51 9 6
45 53 7 9
45 55 1 9
45 56 3 9
45 57 9 1
45 58 9 6
45 60 4 6
45 61 1 2
45 62 10 4
45 63 1 6
45 64 5 8
45 65 3 4
45 66 3 7
45 68 10 8
45 69 7 10
45 72 9 6
45 74 3 7
45 75 7 1
45 76 6 4
45 77 7 9
45 79 10 1
45 80 6 1
45 81 3 2
45 82 3 6
45 83 1 4
45 84 4 9
45 86 10 2
45 87 8 10
45 91 7 6
45 92 8 2
45 93 1 9
45 95 4 5
45 96 4 7
45 97 8 4
45 98 4 8
45 99 6 4
45 100 5 2
46 47 3 8
46 48 2 3
46 50 8 8
46 51 9 8
46 53 7 2
46 54 4 10
46 55 5 4
46 57 4 7
46 58 4 6
46 60 2 1
46 61 9 3
46 62 1 6
46 63 4 8
46 64 8 1
46 66 9 3
46 67 6 3
46 69 1 8
46 70 10 6
46 71 2 7
46 73 8 1
46 74 10 4
46 75 5 9
46 76 3 9
46 77 8 7
46 79 4 8
46 80 6 2
46 81 2 2
46 82 1 9
46 84 7 3
46 88 4 4
46 89 2 5
46 90 2 5
46 91 3 1
46 92 7 4
46 93 5 4
46 94 3 6
46 95 1 3
46 96 1 5
46 98 1 7
46 99 7 3
46 100 7 10
47 48 1 3
47 51 2 1
47 52 2 7
47 53 3 4
47 55 8 8
47 56 4 6
47 57 7 10
47 58 5 8
47 59 8 8
47 60 9 8
47 62 6 4
47 63 1 10
47 64 5 6
47 65 4 7
47 66 8 4
47 67 1 4
47 68 5 10
47 69 9 10
47 70 10 2
47 71 1 10
47 73 3 2
47 74 4 8
47 75 2 7
47 76 9 4
47 77 8 3
47 80 10 1
47 81 1 7
47 82 10 10
47 83 5 3
47 84 6 5
47 85 5 10
47 86 1 8
47 87 4 4
47 89 4 7
47 91 9 4
47 92 9 1
47 93 8 4
47 94 8 10
47 95 4 8
47 96 9 6
47 97 9 3
47 99 4 5
47 100 9 6
48 49 1 3
48 50 10 10
48 52 5 5
48 53 10 4
48 57 2 8
48 58 9 8
48 59 2 8
48 60 3 8
48 63 7 9
48 64 8 2
48 66 9 7
48 67 7 10
48 69 8 8
48 70 6 9
48 72 6 10
48 73 5 5
48 74 10 6
48 75 7 3
48 77 3 10
48 78 7 4
48 80 8 10
48 81 7 2
48 82 5 10
48 83 6 9
48 85 6 9
48 86 10 9
48 87 5 10
48 88 7 1
48 91 5 1
48 92 3 10
48 93 6 7
48 96 5 9
48 97 4 7
48 98 1 9
48 100 8 8
49 51 5 3
49 52 5 10
49 53 9 1
49 54 7 9
49 55 10 10
49 56 2 2
49 57 1 9
49 58 4 10
49 61 6 10
49 63 4 3
49 64 5 8
49 65 1 4
49 67 1 5
49 69 3 4
49 70 2 10
49 71 4 2
49 72 6 4
49 73 10 1
49 74 4 3
49 77 7 8
49 79 8 2
49 80 3 9
49 81 7 3
49 84 9 10
49 85 4 7
49 86 8 9
49 87 6 1
49 89 10 5
49 90 3 2
49 91 9 1
49 92 3 2
49 93 2 4
49 95 9 4
49 97 6 4
49 98 6 10
50 52 7 2
50 53 6 7
50 54 4 5
50 55 8 7
50 56 3 9
50 57 6 5
50 59 3 10
50 60 4 2
50 61 4 6
50 62 4 2
50 63 5 1
50 65 1 1
50 66 9 4
50 67 9 1
50 68 8 10
50 70 9 10
50 71 4 6
50 72 2 4
50 73 7 9
50 74 5 7
50 75 7 10
50 77 6 3
50 79 8 5
50 80 8 3
50 81 8 3
50 82 3 7
50 83 4 5
50 84 10 5
50 85 4 5
50 86 5 7
50 87 6 2
50 88 8 5
50 89 1 5
50 90 6 9
50 91 5 8
50 92 10 3
50 93 3 5
50 94 8 9
50 97 6 8
50 99 10 8
50 100 9 5
51 52 2 2
51 53 5 10
51 54 9 4
51 55 2 10
51 56 3 5
51 57 4 5
51 59 9 3
51 60 9 8
51 61 2 2
51 62 8 8
51 63 2 1
51 64 9 8
51 65 6 5
51 66 4 9
51 67 1 6
51 69 1 4
51 70 1 10
51 71 5 8
51 72 6 5
51 73 7 3
51 75 8 7
51 77 5 5
51 78 4 7
51 79 2 4
51 80 3 8
51 81 6 2
51 83 2 3
51 84 7 8
51 86 2 1
51 88 10 6
51 89 3 1
51 91 3 6
51 92 1 5
51 93 2 7
51 94 7 10
51 95 6 6
51 97 2 1
51 100 10 8
52 54 10 7
52 55 6 9
52 57 6 10
52 58 8 9
52 59 10 3
52 60 10 2
52 61 2 1
52 62 7 3
52 63 5 6
52 64 7 9
52 65 3 10
52 66 3 6
52 70 3 6
52 71 8 10
52 72 7 1
52 73 4 3
52 74 7 6
52 75 1 10
52 76 4 4
52 77 4 6
52 78 10 1
52 79 4 4
52 81 4 10
52 82 1 6
52 83 2 4
52 85 9 7
52 86 6 7
52 87 4 6
52 88 7 1
52 89 4 1
52 90 1 6
52 91 10 7
52 92 8 1
52 93 6 8
52 94 9 10
52 95 10 9
52 96 5 8
52 97 3 1
52 99 7 3
52 100 8 8
53 54 9 4
53 55 10 2
53 57 1 9
53 58 10 8
53 61 4 3
53 63 3 1
53 64 6 8
53 65 7 5
53 66 7 1
53 68 10 2
53 69 6 6
53 70 6 9
53 71 8 10
53 73 10 5
53 74 10 7
53 75 3 2
53 76 3 4
53 78 5 10
53 79 5 5
53 80 3 6
53 81 9 3
53 82 4 3
53 83 5 2
53 84 4 3
53 85 8 7
53 87 5 4
53 88 6 4
53 90 6 9
53 93 8 10
53 94 7 9
53 95 8 8
53 96 6 8
53 97 7 3
53 98 5 2
54 55 5 7
54 57 9 8
54 58 5 5
54 59 7 4
54 60 3 2
54 62 4 8
54 63 1 3
54 64 4 2
54 65 6 6
54 66 7 8
54 67 4 10
54 68 8 3
54 69 5 8
54 70 2 10
54 71 4 6
54 73 5 3
54 74 6 7
54 75 6 9
54 76 4 5
54 79 6 2
54 80 7 2
54 81 2 1
54 82 9 1
54 83 1 3
54 84 10 7
54 85 2 1
54 86 5 10
54 87 10 6
54 88 7 10
54 89 8 9
54 91 3 4
54 92 5 8
54 93 1 10
54 94 9 7
54 95 4 1
54 96 3 1
54 99 5 10
55 56 1 2
55 57 1 5
55 58 3 9
55 59 6 7
55 60 3 10
55 62 6 3
55 63 9 9
55 65 8 3
55 67 8 8
55 68 6 3
55 69 4 4
55 70 3 4
55 72 5 1
55 73 4 3
55 75 8 3
55 77 2 5
55 78 8 5
55 79 7 3
55 80 8 2
55 82 6 2
55 83 2 2
55 85 3 5
55 86 2 3
55 87 2 8
55 88 8 7
55 90 5 2
55 92 9 7
55 93 6 2
55 94 1 3
55 95 10 6
55 97 4 6
55 98 2 3
55 100 3 7
56 57 8 8
56 60 10 3
56 61 9 1
56 62 9 4
56 64 9 1
56 65 8 5
56 66 5 8
56 67 7 9
56 68 5 1
56 70 6 1
56 72 8 2
56 73 10 8
56 74 7 7
56 75 2 7
56 76 4 4
56 77 7 10
56 78 9 10
56 79 6 7
56 81 6 5
56 82 7 8
56 83 7 6
56 84 8 2
56 85 6 6
56 86 10 6
56 87 6 8
56 88 3 3
56 89 6 4
56 90 5 6
56 91 2 7
56 93 4 9
56 94 4 4
56 95 2 6
56 96 6 2
56 97 2 1
56 98 7 1
57 59 3 10
57 60 1 8
57 61 4 9
57 62 9 4
57 63 4 9
57 64 5 9
57 66 9 2
57 67 10 3
57 68 5 1
57 69 1 4
57 70 6 10
57 71 10 9
57 72 9 1
57 73 2 1
57 74 4 2
57 76 1 7
57 77 4 1
57 79 10 7
57 80 3 1
57 81 10 7
57 82 2 9
57 84 3 9
57 85 7 9
57 86 1 1
57 88 8 10
57 90 9 1
57 92 6 7
57 93 7 3
57 94 1 10
57 95 1 5
57 96 5 2
57 97 3 2
57 100 10 1
58 59 6 10
58 60 2 9
58 61 2 4
58 62 5 9
58 63 1 2
58 64 1 6
58 65 2 3
58 66 9 10
58 67 6 9
58 68 3 2
58 69 10 3
58 70 7 7
58 71 3 9
58 72 7 8
58 73 9 5
58 75 3 10
58 76 6 4
58 78 4 9
58 79 5 3
58 80 10 7
58 81 7 5
58 82 1 3
58 83 5 10
58 84 8 5
58 86 1 3
58 87 10 6
58 89 8 1
58 90 9 7
58 91 7 7
58 92 3 3
58 94 8 9
58 95 7 9
58 97 4 3
58 98 8 5
58 100 2 5
59 61 4 1
59 62 6 1
59 63 4 8
59 64 2 4
59 65 2 6
59 66 9 4
59 68 10 10
59 70 8 8
59 72 7 5
59 73 10 1
59 74 10 7
59 75 5 1
59 76 1 5
59 77 6 8
59 78 9 3
59 79 3 5
59 80 5 3
59 81 8 1
59 82 4 10
59 83 2 8
59 84 6 8
59 85 4 5
59 86 8 8
59 87 1 9
59 88 1 1
59 90 8 6
59 91 3 3
59 92 4 8
59 93 9 9
59 94 10 5
59 95 4 9
59 96 8 10
59 98 4 2
59 99 1 4
60 62 5 10
60 63 7 1
60 64 7 10
60 65 8 10
60 66 10 8
60 67 7 8
60 68 10 3
60 69 5 9
60 71 6 2
60 72 4 4
60 74 10 8
60 75 9 1
60 77 5 9
60 78 1 3
60 80 3 6
60 81 7 6
60 83 5 7
60 84 10 5
60 85 2 9
60 86 8 8
60 87 10 4
60 89 5 3
60 90 5 4
60 91 7 10
60 92 10 6
60 93 7 5
60 94 7 10
60 95 4 8
60 96 8 6
60 97 1 4
60 98 4 10
60 99 6 4
61 62 7 9
61 63 2 3
61 64 7 2
61 66 2 3
61 67 10 2
61 68 2 10
61 69 2 7
61 70 8 4
61 71 7 3
61 72 4 2
61 74 10 5
61 75 4 4
61 76 7 4
61 78 1 8
61 79 8 10
61 80 9 8
61 82 10 10
61 83 9 6
61 84 7 3
61 85 1 7
61 86 7 10
61 87 3 2
61 88 5 1
61 89 5 2
61 90 10 4
61 91 1 6
61 92 8 4
61 93 3 6
61 94 4 2
61 95 9 6
61 96 5 8
61 97 10 10
61 98 10 3
61 99 8 6
61 100 4 3
62 63 5 1
62 64 10 1
62 65 2 4
62 66 2 3
62 67 10 9
62 68 10 9
62 69 4 8
62 71 6 9
62 72 9 6
62 73 1 5
62 75 6 10
62 76 8 8
62 77 2 6
62 78 5 1
62 80 2 2
62 81 6 10
62 82 6 2
62 83 6 10
62 84 9 9
62 85 5 8
62 86 3 2
62 87 8 10
62 89 7 10
62 90 5 2
62 93 3 2
62 94 8 1
62 95 6 5
62 96 3 1
62 97 8 9
62 98 5 5
62 99 4 8
62 100 3 2
63 64 4 3
63 66 1 10
63 67 1 6
63 68 10 7
63 69 9 7
63 71 2 9
63 72 9 2
63 74 9 7
63 75 7 10
63 78 6 5
63 80 10 1
63 81 7 3
63 83 2 6
63 84 8 3
63 85 6 8
63 87 9 3
63 88 1 4
63 89 9 4
63 90 10 3
63 91 4 2
63 92 9 8
63 93 1 3
63 94 6 10
63 96 7 9
63 97 1 3
63 98 3 7
63 99 6 8
63 100 5 1
64 65 8 1
64 66 9 6
64 67 10 10
64 68 5 8
64 69 3 2
64 70 9 4
64 71 8 5
64 72 5 5
64 73 2 2
64 74 8 8
64 75 5 5
64 76 10 2
64 79 8 3
64 80 8 3
64 81 6 9
64 82 9 9
64 83 2 4
64 84 9 5
64 87 1 5
64 88 5 10
64 89 5 10
64 90 6 1
64 91 1 7
64 92 10 7
64 93 1 4
64 94 5 8
64 95 1 10
64 96 5 3
64 98 5 2
64 99 8 10
65 66 10 3
65 67 7 8
65 68 4 9
65 69 4 7
65 70 4 4
65 72 6 4
65 73 10 3
65 74 8 5
65 78 2 10
65 79 7 4
65 80 3 4
65 81 7 8
65 82 3 10
65 84 5 10
65 86 7 3
65 87 7 1
65 89 5 10
65 90 1 8
65 91 1 5
65 92 1 4
65 93 8 2
65 95 5 6
65 97 3 4
65 98 6 6
65 100 1 5
66 67 3 3
66 68 4 4
66 70 8 10
66 71 2 3
66 72 10 3
66 73 2 1
66 74 10 9
66 76 8 4
66 77 8 9
66 78 3 10
66 80 7 8
66 83 5 8
66 84 10 5
66 85 10 2
66 86 2 10
66 87 8 4
66 88 2 7
66 89 3 9
66 90 3 9
66 91 7 4
66 92 3 7
66 93 7 1
66 94 7 8
66 95 7 5
66 96 8 9
66 97 1 3
66 98 7 9
66 99 10 8
66 100 4 8
67 68 2 8
67 69 5 6
67 70 4 10
67 71 4 9
67 73 4 6
67 74 4 9
67 75 10 3
67 76 7 1
67 78 4 7
67 79 6 4
67 80 3 10
67 82 3 9
67 83 9 6
67 84 1 3
67 85 3 2
67 86 9 8
67 87 8 7
67 88 1 4
67 89 9 6
67 90 4 6
67 91 7 3
67 92 8 9
67 94 3 5
67 95 8 1
67 96 9 5
67 97 3 6
67 98 3 10
67 100 5 10
68 69 10 7
68 70 3 10
68 71 7 9
68 72 1 1
68 73 8 5
68 74 7 1
68 76 3 4
68 77 7 2
68 78 4 8
68 82 8 10
68 83 4 6
68 84 1 8
68 85 3 4
68 86 1 10
68 87 6 3
68 88 5 6
68 89 8 5
68 90 9 10
68 91 6 7
68 93 1 3
68 94 9 2
68 95 2 8
68 96 7 8
68 97 1 8
68 98 5 1
68 100 4 5
69 70 2 7
69 71 4 6
69 72 2 10
69 73 8 7
69 74 7 10
69 75 1 1
69 76 10 7
69 78 4 1
69 79 7 4
69 81 5 5
69 82 10 5
69 83 8 1
69 84 8 3
69 85 1 5
69 86 1 4
69 87 5 4
69 88 2 8
69 89 8 9
69 91 7 3
69 92 1 7
69 93 7 1
69 94 7 10
69 95 1 7
69 96 1 4
69 97 5 2
69 98 5 10
69 99 8 5
70 71 8 3
70 72 3 7
70 73 9 4
70 74 8 9
70 75 9 6
70 76 6 8
70 77 8 8
70 78 2 9
70 79 8 8
70 80 1 1
70 82 7 8
70 83 3 6
70 84 1 2
70 86 2 8
70 87 2 4
70 88 7 4
70 90 5 8
70 91 1 4
70 92 8 8
70 93 10 5
70 94 8 1
70 95 2 7
70 98 4 10
70 99 7 3
70 100 7 6
71 72 1 7
71 73 3 6
71 74 6 4
71 75 2 3
71 77 2 10
71 78 8 5
71 79 5 6
71 80 7 10
71 81 9 3
71 82 10 9
71 84 4 5
71 86 6 6
71 87 5 3
71 88 8 6
71 89 10 8
71 90 1 4
71 91 9 5
71 93 6 9
71 94 10 7
71 96 3 7
71 97 9 5
71 98 10 6
71 99 1 6
72 73 6 5
72 77 5 7
72 78 4 4
72 79 7 4
72 80 5 3
72 82 6 8
72 83 5 7
72 84 6 5
72 85 7 5
72 87 2 10
72 91 10 3
72 93 2 9
72 94 8 2
72 95 8 4
72 96 6 2
72 97 7 6
72 98 8 5
72 99 4 6
72 100 10 1
73 74 9 7
73 75 6 9
73 76 6 6
73 77 4 1
73 78 5 9
73 79 6 3
73 80 8 6
73 82 4 9
73 83 10 7
73 84 6 1
73 85 9 5
73 88 8 7
73 91 1 6
73 93 6 8
73 94 4 3
73 95 6 1
73 96 3 10
73 97 2 9
73 98 6 9
73 99 7 3
73 100 9 8
74 75 7 5
74 76 4 5
74 77 5 7
74 78 4 3
74 79 10 9
74 80 2 7
74 82 10 1
74 83 7 4
74 84 4 9
74 86 3 6
74 88 6 9
74 89 2 1
74 90 10 4
74 92 7 2
74 94 3 8
74 95 7 1
74 96 7 9
74 97 2 3
74 98 2 1
74 99 4 7
75 76 3 9
75 78 8 3
75 79 7 8
75 80 5 10
75 81 2 4
75 82 4 3
75 84 2 10
75 85 9 8
75 86 1 2
75 87 3 4
75 88 9 7
75 89 7 4
75 90 10 8
75 91 10 1
75 92 9 5
75 93 9 8
75 94 2 1
75 95 5 7
75 97 3 2
75 98 10 1
75 99 10 5
75 100 5 5
76 77 8 7
76 78 7 7
76 81 8 2
76 82 8 9
76 84 2 5
76 85 7 9
76 86 5 3
76 87 7 9
76 89 8 6
76 91 8 7
76 92 10 3
76 93 9 1
76 94 2 3
76 95 5 2
76 97 4 8
76 98 8 3
77 79 1 7
77 81 5 9
77 82 5 10
77 83 1 8
77 84 1 10
77 85 5 9
77 87 9 10
77 88 9 4
77 90 1 4
77 91 5 6
77 92 7 8
77 93 2 2
77 94 10 9
77 95 7 4
77 96 10 8
77 97 8 2
77 98 6 9
77 99 8 3
78 79 4 6
78 80 8 8
78 82 9 8
78 83 9 10
78 84 9 1
78 85 3 10
78 86 7 4
78 87 9 4
78 89 9 8
78 90 2 2
78 92 7 5
78 93 10 9
78 94 10 7
78 96 2 6
78 97 8 7
78 98 8 5
78 99 7 10
79 82 9 7
79 84 5 9
79 85 6 7
79 86 5 5
79 87 6 10
79 88 6 4
79 89 1 2
79 90 4 4
79 91 8 3
79 94 3 3
79 95 8 1
79 96 8 5
79 97 4 6
79 100 6 4
80 83 5 3
80 84 1 1
80 85 3 6
80 86 3 1
80 87 8 3
80 88 3 3
80 89 8 2
80 90 3 4
80 92 4 10
80 94 5 1
80 95 6 9
80 97 7 5
80 98 4 1
80 99 8 8
80 100 9 4
81 82 7 2
81 83 8 6
81 84 4 9
81 85 3 2
81 87 8 6
81 88 2 10
81 89 5 2
81 91 3 2
81 92 5 10
81 93 10 4
81 94 8 8
81 95 5 1
81 96 4 3
81 97 7 6
81 98 8 5
81 99 8 6
81 100 3 10
82 83 5 7
82 84 4 9
82 85 10 7
82 86 5 4
82 88 10 2
82 89 5 10
82 90 5 4
82 91 6 9
82 92 9 8
82 93 2 8
82 94 9 6
82 95 3 9
82 97 10 6
82 98 3 7
82 99 9 7
83 84 6 2
83 85 5 9
83 86 5 7
83 87 2 10
83 88 3 7
83 89 10 6
83 91 8 7
83 92 1 10
83 94 9 8
83 96 1 6
83 98 7 7
83 99 3 4
84 85 10 7
84 86 6 3
84 87 7 10
84 89 3 9
84 93 2 10
84 94 8 4
84 95 1 5
84 96 8 5
84 98 7 4
84 99 7 9
84 100 2 9
85 87 3 1
85 88 10 3
85 90 4 7
85 94 8 3
85 95 8 10
85 96 2 7
85 97 10 8
85 98 5 3
85 99 9 5
85 100 3 5
86 88 5 7
86 90 4 2
86 91 7 6
86 92 4 8
86 93 9 4
86 94 2 9
86 95 7 2
86 96 4 4
86 97 9 7
86 98 4 1
86 99 8 7
86 100 2 10
87 88 6 9
87 89 4 1
87 90 3 3
87 91 1 3
87 92 7 9
87 93 8 1
87 94 6 6
87 95 2 6
87 96 2 6
87 97 5 8
87 98 4 10
88 89 1 10
88 90 2 6
88 91 8 8
88 92 10 5
88 93 3 5
88 94 2 8
88 95 6 1
88 97 9 4
88 100 1 10
89 90 8 2
89 91 10 5
89 92 6 5
89 93 7 3
89 94 7 7
89 96 8 3
89 97 3 7
89 98 5 7
89 99 4 4
89 100 9 10
90 91 4 4
90 93 1 8
90 94 5 10
90 96 5 9
90 97 4 4
90 98 6 5
91 92 9 4
91 94 9 7
91 96 9 6
91 97 3 8
91 98 1 9
91 99 7 10
91 100 4 10
92 93 4 8
92 94 2 4
92 96 8 8
92 97 10 2
92 98 9 2
92 99 2 2
92 100 8 8
93 95 2 6
93 96 2 7
93 98 6 1
93 99 10 3
93 100 10 1
94 96 1 1
94 98 8 6
94 100 9 6
95 96 4 1
95 98 10 8
95 99 2 10
95 100 7 6
96 97 7 6
97 98 5 2
97 99 3 10
97 100 2 4
98 99 8 6
98 100 6 10
1
1 2 3 4 5 6 7 8 9 10 11 12 13 14 15 16 17 18 19 20 21 22 23 24 25 26 27 28 29 30 31 32 33 34 35 36 37 38 39 40 41 42 43 44 45 46 47 48 49 50
