3917
1 2 1 3
1 5 8 8
1 7 4 2
1 8 4 10
1 9 3 4
1 10 8 10
1 11 7 6
1 12 1 7
1 13 5 9
1 14 8 6
1 15 9 7
1 18 5 4
1 19 9 4
1 20 10 9
1 21 3 2
1 22 3 10
1 23 6 10
1 25 3 4
1 26 10 5
1 29 1 4
1 30 6 5
1 32 8 7
1 33 10 3
1 34 3 2
1 37 4 5
1 38 1 6
1 39 9 3
1 40 1 8
1 41 6 10
1 42 1 9
1 43 6 8
1 45 4 9
1 46 7 4
1 47 6 8
1 48 1 6
1 49 7 10
1 50 7 6
1 51 4 9
1 52 10 5
1 53 3 7
1 55 2 4
1 57 6 6
1 58 1 8
1 59 9 2
1 60 2 5
1 61 2 5
1 62 3 4
1 63 3 3
1 64 9 6
1 65 8 9
1 66 10 4
1 67 2 1
1 69 3 5
1 70 1 6
1 71 10 4
1 72 8 8
1 73 5 5
1 74 7 1
1 75 4 9
1 76 10 7
1 77 2 9
1 78 6 10
1 79 2 6
1 81 6 2
1 83 1 1
1 84 7 10
1 85 8 4
1 86 10 6
1 87 10 2
1 89 5 3
1 90 2 2
1 92 2 8
1 93 8 3
1 94 5 8
1 95 1 5
1 96 6 8
1 97 4 9
1 98 1 10
2 4 9 4
2 5 7 7
2 6 5 6
2 7 10 2
2 8 10 6
2 9 9 7
2 12 7 2
2 13 4 1
2 14 7 6
2 15 8 8
2 16 6 9
2 18 3 1
2 19 8 9
2 20 8 2
2 21 1 8
2 22 10 10
2 23 5 3
2 24 2 7
2 25 7 7
2 26 6 6
2 28 1 4
2 29 8 8
2 30 3 3
2 32 8 2
2 33 5 1
2 34 3 1
2 35 1 9
2 36 7 7
2 37 1 3
2 38 10 2
2 40 3 2
2 41 10 2
2 42 9 5
2 43 9 3
2 44 9 3
2 46 7 7
2 47 1 4
2 48 10 6
2 49 3 6
2 50 6 7
2 53 5 8
2 54 9 7
2 55 6 5
2 56 2 10
2 57 9 7
2 58 1 3
2 59 5 1
2 60 7 8
2 62 3 10
2 63 1 3
2 64 8 3
2 65 9 9
2 66 3 4
2 67 9 10
2 68 10 7
2 69 9 6
2 70 4 3
2 71 2 7
2 72 4 6
2 74 8 2
2 75 1 7
2 76 6 10
2 77 6 10
2 78 10 9
2 79 10 1
2 80 5 8
2 81 7 10
2 82 8 5
2 83 4 7
2 84 1 5
2 85 2 10
2 86 2 5
2 87 2 7
2 88 3 3
2 90 4 6
2 91 4 4
2 93 1 10
2 94 9 7
2 95 7 9
2 96 6 5
2 98 5 8
2 99 6 9
3 5 4 9
3 6 4 10
3 7 7 2
3 8 2 4
3 9 2 3
3 10 3 10
3 11 1 2
3 13 6 8
3 14 2 2
3 15 5 2
3 17 7 5
3 18 10 6
3 19 1 6
3 20 10 3
3 21 2 6
3 22 5 9
3 23 5 1
3 25 10 8
3 30 9 5
3 32 4 3
3 33 6 6
3 34 2 1
3 36 9 6
3 37 7 2
3 38 6 10
3 39 4 10
3 41 8 9
3 42 8 3
3 43 2 4
3 45 9 4
3 46 1 8
3 47 7 3
3 49 6 10
3 50 2 8
3 51 1 6
3 52 8 1
3 53 5 9
3 54 1 7
3 55 5 6
3 56 4 4
3 58 9 2
3 60 8 9
3 61 10 7
3 62 3 10
3 63 7 10
3 65 8 1
3 66 1 5
3 67 5 3
3 72 3 8
3 73 4 3
3 74 4 1
3 75 10 1
3 76 2 5
3 80 1 2
3 81 5 6
3 82 7 1
3 85 8 7
3 86 1 2
3 87 7 3
3 89 5 3
3 90 9 5
3 91 1 4
3 93 1 2
3 95 9 4
3 96 9 2
3 97 6 6
3 98 9 7
3 99 9 3
3 100 6 4
4 5 9 9
4 6 2 2
4 7 7 3
4 8 8 9
4 9 7 3
4 10 10 1
4 11 1 8
4 12 5 4
4 13 7 7
4 14 10 4
4 15 7 4
4 16 6 3
4 19 10 6
4 20 9 2
4 21 4 9
4 22 10 4
4 23 6 1
4 26 10 8
4 27 6 1
4 28 10 9
4 29 10 3
4 30 10 3
4 31 9 3
4 33 8 10
4 34 7 4
4 35 10 1
4 36 6 3
4 38 3 7
4 39 6 5
4 40 8 9
4 41 10 5
4 43 1 6
4 44 3 8
4 45 2 2
4 46 9 9
4 48 1 3
4 51 10 8
4 54 4 7
4 55 2 9
4 57 5 7
4 58 4 8
4 59 9 5
4 60 2 10
4 61 5 4
4 62 5 10
4 63 9 8
4 64 6 7
4 65 4 6
4 66 5 6
4 68 6 2
4 70 10 1
4 71 4 1
4 72 7 6
4 73 8 1
4 75 10 9
4 76 6 1
4 77 8 1
4 78 1 6
4 80 3 10
4 81 2 4
4 82 3 6
4 83 1 7
4 84 10 5
4 85 8 5
4 87 8 6
4 89 2 3
4 90 3 5
4 91 8 3
4 92 1 6
4 94 1 7
4 95 7 6
4 97 8 6
4 100 9 4
5 6 5 4
5 7 4 10
5 8 9 9
5 9 5 2
5 10 2 1
5 11 3 3
5 12 7 3
5 13 9 9
5 14 2 7
5 15 9 4
5 18 5 9
5 19 5 9
5 20 8 8
5 22 4 1
5 23 6 1
5 24 3 8
5 26 4 2
5 27 1 3
5 29 5 7
5 30 3 9
5 32 3 9
5 33 3 5
5 34 2 5
5 35 2 8
5 36 6 3
5 37 3 5
5 38 8 5
5 39 10 4
5 40 2 8
5 41 2 3
5 42 7 2
5 43 3 5
5 45 9 3
5 46 8 4
5 47 7 9
5 48 10 9
5 49 1 2
5 50 4 10
5 51 10 10
5 52 8 3
5 53 3 6
5 54 7 6
5 56 8 9
5 59 9 6
5 62 6 4
5 63 9 10
5 64 10 7
5 65 7 7
5 66 3 9
5 69 4 5
5 70 9 10
5 71 9 3
5 72 7 2
5 73 2 9
5 74 7 6
5 75 4 4
5 76 2 6
5 77 5 6
5 78 9 5
5 79 10 6
5 80 1 3
5 81 5 1
5 82 6 3
5 84 2 9
5 85 8 10
5 86 6 1
5 87 7 9
5 88 2 1
5 89 1 3
5 90 3 2
5 92 10 5
5 93 4 1
5 94 4 7
5 95 2 9
5 97 2 1
5 100 5 9
6 8 7 10
6 9 7 9
6 10 8 9
6 11 2 8
6 12 5 6
6 13 6 7
6 14 10 8
6 15 6 1
6 16 7 5
6 17 7 5
6 18 6 6
6 19 1 8
6 20 4 8
6 21 1 2
6 23 8 9
6 24 8 6
6 26 2 5
6 27 10 10
6 28 1 7
6 29 6 7
6 31 5 3
6 32 6 2
6 35 9 10
6 37 2 5
6 38 5 2
6 39 4 2
6 40 9 1
6 42 6 5
6 43 9 7
6 45 7 4
6 46 8 2
6 47 3 8
6 49 2 3
6 50 4 4
6 51 8 4
6 52 2 3
6 53 5 3
6 54 9 9
6 55 4 2
6 56 6 4
6 57 4 6
6 58 5 3
6 59 1 10
6 60 9 3
6 61 7 7
6 62 10 6
6 64 2 8
6 65 7 9
6 66 7 10
6 67 2 10
6 69 9 5
6 70 6 8
6 72 4 5
6 73 8 8
6 74 3 10
6 77 5 2
6 80 1 7
6 81 6 6
6 82 9 9
6 83 5 7
6 84 9 1
6 85 9 7
6 86 5 10
6 87 2 8
6 88 10 9
6 89 1 10
6 90 4 2
6 92 10 3
6 93 10 7
6 94 2 6
6 95 9 8
6 96 3 8
6 98 2 5
6 99 4 5
6 100 3 2
7 8 9 7
7 10 7 2
7 11 9 7
7 12 3 10
7 14 9 6
7 15 8 4
7 16 4 1
7 20 8 8
7 21 10 6
7 22 4 3
7 23 10 2
7 24 6 9
7 25 1 10
7 26 10 5
7 27 4 6
7 29 9 6
7 32 7 8
7 33 4 7
7 34 2 8
7 35 2 1
7 36 4 9
7 37 5 9
7 39 3 7
7 41 7 4
7 44 1 9
7 45 9 5
7 46 5 5
7 47 9 1
7 50 9 5
7 51 6 2
7 52 5 8
7 53 3 6
7 54 9 4
7 55 1 7
7 56 1 7
7 57 2 10
7 58 5 3
7 59 2 4
7 60 4 1
7 61 7 4
7 62 8 10
7 63 10 4
7 64 2 5
7 65 8 6
7 66 4 1
7 67 8 6
7 71 6 3
7 74 6 9
7 75 6 10
7 76 7 3
7 77 2 3
7 78 7 8
7 79 6 9
7 80 9 6
7 82 10 7
7 83 7 7
7 84 6 2
7 85 7 10
7 86 4 6
7 87 10 9
7 88 6 8
7 89 5 2
7 90 7 10
7 91 3 10
7 92 5 4
7 93 10 4
7 94 7 8
7 95 7 7
7 97 3 4
7 98 4 2
7 99 6 6
7 100 7 3
8 9 5 9
8 12 1 5
8 13 4 5
8 14 6 5
8 16 7 3
8 17 1 9
8 20 9 8
8 23 10 5
8 24 8 8
8 28 2 10
8 29 3 1
8 30 3 5
8 31 2 9
8 32 1 1
8 33 9 5
8 34 7 3
8 35 4 7
8 36 8 1
8 37 3 2
8 40 10 9
8 41 1 8
8 42 10 3
8 43 9 4
8 44 1 1
8 45 1 10
8 46 6 5
8 47 4 10
8 49 1 1
8 50 2 9
8 51 2 4
8 52 4 2
8 54 2 10
8 55 1 2
8 56 2 4
8 57 6 4
8 58 5 2
8 60 5 4
8 61 3 7
8 63 9 2
8 64 8 1
8 65 2 5
8 66 4 1
8 67 5 2
8 68 9 3
8 69 7 10
8 72 10 2
8 73 7 8
8 74 10 2
8 75 10 1
8 77 1 4
8 79 8 1
8 80 7 3
8 81 8 8
8 83 10 4
8 84 9 2
8 86 3 10
8 87 7 6
8 88 1 6
8 89 9 9
8 90 7 3
8 91 1 4
8 93 5 2
8 94 7 10
8 95 8 6
8 96 4 7
8 97 9 10
8 98 9 6
8 99 4 10
9 10 8 3
9 11 7 7
9 12 4 1
9 13 4 4
9 15 2 4
9 16 2 4
9 17 2 5
9 19 9 3
9 20 5 8
9 21 4 6
9 22 2 4
9 23 9 10
9 25 3 3
9 26 4 6
9 27 9 7
9 28 9 9
9 30 6 1
9 31 4 4
9 32 5 1
9 34 4 1
9 35 9 6
9 36 8 1
9 37 6 5
9 38 8 7
9 39 10 8
9 40 7 10
9 41 8 8
9 42 5 10
9 43 1 5
9 44 5 10
9 45 1 7
9 46 7 2
9 47 10 3
9 48 4 7
9 49 4 1
9 50 2 1
9 53 8 3
9 54 8 2
9 55 9 4
9 56 7 7
9 57 10 8
9 58 3 3
9 59 1 6
9 60 6 8
9 61 9 8
9 62 3 8
9 63 4 7
9 64 8 3
9 65 3 7
9 66 10 4
9 67 10 5
9 68 6 2
9 69 3 10
9 70 10 1
9 71 10 4
9 72 7 2
9 73 1 2
9 74 1 3
9 75 6 4
9 76 3 5
9 77 7 10
9 78 3 10
9 79 3 10
9 82 4 1
9 83 6 9
9 85 2 1
9 86 10 1
9 87 7 9
9 88 9 4
9 90 2 6
9 92 10 4
9 93 5 5
9 94 4 4
9 95 4 2
9 96 2 10
9 98 3 6
9 100 2 10
10 11 6 1
10 13 7 8
10 14 7 10
10 15 6 10
10 16 10 3
10 17 6 10
10 18 3 2
10 19 3 7
10 20 3 7
10 21 7 7
10 22 10 7
10 23 3 1
10 24 2 3
10 25 4 1
10 27 8 10
10 28 8 3
10 29 5 6
10 30 8 8
10 32 1 5
10 33 4 1
10 34 10 9
10 35 6 6
10 37 8 7
10 38 10 10
10 39 6 3
10 40 10 4
10 41 2 4
10 42 3 6
10 43 9 9
10 44 10 5
10 45 5 7
10 46 6 9
10 47 3 1
10 48 8 9
10 49 2 1
10 51 1 8
10 53 9 6
10 56 2 7
10 57 8 6
10 58 3 7
10 59 3 6
10 60 10 10
10 61 5 8
10 62 5 2
10 64 6 2
10 65 1 1
10 66 7 4
10 67 8 3
10 68 2 1
10 69 8 9
10 70 5 6
10 71 2 6
10 72 5 9
10 73 9 3
10 75 4 6
10 76 10 6
10 78 4 8
10 79 5 2
10 81 8 5
10 83 4 6
10 85 3 10
10 86 1 5
10 87 8 7
10 88 3 10
10 89 1 2
10 90 10 8
10 92 5 6
10 94 6 8
10 96 7 5
10 97 9 2
10 99 3 5
10 100 10 4
11 12 8 9
11 14 8 7
11 15 3 2
11 16 1 2
11 17 9 8
11 19 8 4
11 20 8 5
11 21 10 4
11 22 9 3
11 23 9 4
11 24 3 5
11 25 9 4
11 26 4 6
11 27 2 8
11 28 10 10
11 29 1 9
11 30 10 1
11 31 5 9
11 32 5 6
11 33 1 1
11 34 6 5
11 35 10 8
11 36 5 8
11 37 2 2
11 38 6 6
11 40 3 9
11 41 4 9
11 43 10 10
11 44 8 2
11 45 2 2
11 46 8 1
11 47 4 10
11 48 7 6
11 50 4 3
11 51 10 2
11 52 8 3
11 53 5 10
11 54 1 5
11 56 2 1
11 57 6 1
11 59 4 9
11 60 2 10
11 61 5 1
11 63 2 9
11 66 3 4
11 67 8 2
11 69 1 8
11 72 2 4
11 74 2 3
11 76 8 10
11 77 4 10
11 78 8 10
11 80 7 2
11 81 5 2
11 82 10 1
11 83 7 9
11 85 2 6
11 86 1 2
11 87 8 4
11 88 2 1
11 89 6 9
11 90 9 6
11 91 8 3
11 92 1 3
11 93 4 8
11 94 6 8
11 95 2 4
11 97 1 8
11 99 10 5
11 100 3 10
12 13 4 4
12 14 9 5
12 15 4 3
12 16 2 9
12 17 1 8
12 18 4 5
12 19 1 5
12 20 6 5
12 21 10 8
12 22 8 7
12 23 1 8
12 25 10 4
12 27 6 9
12 29 3 3
12 31 10 6
12 32 8 8
12 33 9 5
12 35 5 5
12 38 5 2
12 39 6 2
12 41 9 3
12 42 7 4
12 43 6 3
12 44 10 10
12 45 3 3
12 46 3 2
12 47 9 9
12 48 1 9
12 49 2 4
12 50 1 6
12 52 1 5
12 53 3 10
12 54 8 2
12 56 9 9
12 57 9 7
12 58 5 8
12 60 2 7
12 62 8 6
12 63 9 1
12 65 10 4
12 66 1 4
12 68 3 1
12 70 7 1
12 71 4 9
12 72 1 8
12 73 6 2
12 74 4 7
12 75 3 9
12 76 7 3
12 77 5 10
12 78 7 6
12 79 1 6
12 80 8 10
12 82 4 4
12 83 2 1
12 85 8 4
12 86 10 2
12 87 4 4
12 88 8 8
12 90 9 7
12 91 4 8
12 92 5 6
12 94 2 3
12 96 9 10
12 97 8 10
12 98 10 7
13 14 10 6
13 15 3 8
13 17 8 10
13 18 7 6
13 20 8 5
13 21 5 10
13 22 1 3
13 26 2 6
13 27 9 1
13 28 4 5
13 29 5 2
13 30 6 9
13 31 6 10
13 32 8 8
13 33 10 9
13 35 5 3
13 36 10 7
13 38 10 4
13 39 3 2
13 40 7 4
13 41 3 6
13 42 2 1
13 43 8 5
13 46 5 7
13 48 1 6
13 50 2 4
13 51 10 7
13 52 1 3
13 53 9 7
13 55 8 6
13 56 4 7
13 57 9 2
13 58 7 8
13 59 5 1
13 61 9 5
13 62 4 1
13 63 4 4
13 64 7 1
13 65 3 7
13 66 2 6
13 67 9 9
13 68 4 4
13 70 5 7
13 75 3 4
13 76 3 1
13 77 5 8
13 78 8 3
13 79 3 4
13 80 5 10
13 81 8 3
13 82 8 9
13 83 5 1
13 84 8 10
13 85 9 2
13 86 9 3
13 87 9 5
13 88 10 9
13 90 3 4
13 92 5 3
13 94 1 7
13 95 3 3
13 97 2 1
13 98 7 2
14 15 7 5
14 16 4 3
14 17 7 9
14 18 5 10
14 19 6 4
14 21 8 10
14 22 9 2
14 23 3 4
14 25 2 3
14 26 10 7
14 27 10 10
14 28 5 5
14 29 10 10
14 30 6 8
14 31 7 6
14 32 7 5
14 34 5 3
14 35 10 3
14 37 7 6
14 39 8 6
14 40 9 1
14 41 6 6
14 43 1 2
14 44 6 8
14 45 9 3
14 46 9 10
14 47 3 1
14 48 7 10
14 50 4 5
14 51 10 7
14 52 2 9
14 53 4 2
14 54 3 10
14 55 1 4
14 56 3 1
14 57 7 8
14 58 2 8
14 60 7 3
14 61 5 8
14 62 5 7
14 63 3 8
14 64 6 8
14 65 2 9
14 66 5 3
14 67 8 7
14 68 2 8
14 69 3 3
14 71 10 2
14 72 5 5
14 73 8 6
14 75 1 4
14 76 6 6
14 78 5 4
14 79 8 1
14 80 7 6
14 81 3 2
14 83 5 6
14 84 2 1
14 85 5 6
14 86 9 3
14 87 10 3
14 88 10 7
14 89 10 4
14 90 5 2
14 91 6 4
14 94 9 7
14 95 7 1
14 97 4 8
14 99 9 6
14 100 9 7
15 16 7 10
15 17 6 7
15 18 5 7
15 19 7 1
15 20 2 2
15 21 8 5
15 22 9 10
15 23 9 3
15 24 7 6
15 25 6 6
15 26 1 4
15 27 9 7
15 28 6 7
15 29 9 7
15 30 6 7
15 33 6 5
15 34 9 6
15 35 2 8
15 36 4 4
15 37 6 1
15 39 2 8
15 40 3 6
15 41 7 7
15 42 10 2
15 43 7 9
15 44 7 2
15 45 10 7
15 47 7 8
15 48 5 2
15 49 1 7
15 50 9 3
15 51 2 4
15 52 9 3
15 53 7 8
15 54 6 3
15 55 7 3
15 56 7 9
15 57 8 6
15 59 8 9
15 60 2 9
15 61 7 6
15 63 7 9
15 64 2 1
15 65 8 1
15 66 7 6
15 68 8 5
15 69 4 4
15 70 6 5
15 71 5 6
15 72 2 8
15 75 3 8
15 76 3 5
15 77 6 4
15 79 3 4
15 80 7 8
15 81 9 9
15 82 5 5
15 83 10 2
15 84 10 7
15 86 1 2
15 87 10 8
15 88 4 6
15 89 2 2
15 90 9 4
15 91 8 10
15 92 9 8
15 93 9 3
15 94 3 10
15 96 2 8
15 97 5 10
15 98 2 7
15 99 6 4
15 100 6 4
16 17 5 7
16 19 9 5
16 20 9 8
16 21 7 4
16 22 1 8
16 25 2 9
16 27 7 1
16 28 9 4
16 29 3 10
16 30 4 3
16 31 9 5
16 32 3 2
16 33 5 2
16 36 2 4
16 37 10 2
16 38 9 3
16 39 7 5
16 40 4 4
16 42 7 2
16 43 9 8
16 44 1 9
16 45 8 2
16 46 8 1
16 48 4 5
16 50 7 10
16 51 10 9
16 52 1 4
16 53 3 6
16 54 4 8
16 55 4 6
16 56 5 7
16 57 7 1
16 58 3 2
16 60 1 7
16 62 9 10
16 63 4 3
16 64 3 9
16 65 6 10
16 66 4 10
16 67 8 7
16 69 1 4
16 70 9 3
16 72 9 10
16 73 5 9
16 75 9 9
16 76 5 4
16 77 8 1
16 78 5 7
16 79 7 7
16 81 3 7
16 82 10 7
16 83 10 3
16 84 4 3
16 85 4 7
16 86 3 2
16 87 1 6
16 88 7 7
16 89 7 1
16 90 5 7
16 91 7 6
16 92 10 1
16 93 7 4
16 94 4 10
16 95 7 7
16 96 3 10
16 97 7 6
16 98 7 9
16 100 3 7
17 18 3 8
17 19 3 8
17 20 6 2
17 21 3 10
17 22 8 5
17 24 3 8
17 25 10 1
17 26 2 6
17 27 1 2
17 30 4 5
17 31 10 2
17 33 2 2
17 34 1 1
17 35 9 7
17 36 10 2
17 37 4 4
17 38 5 8
17 39 8 8
17 40 1 4
17 43 5 6
17 44 4 9
17 45 9 2
17 46 6 3
17 47 4 1
17 48 4 10
17 49 5 10
17 50 1 9
17 51 5 4
17 52 6 9
17 54 3 3
17 55 10 3
17 56 1 2
17 57 9 7
17 58 10 7
17 60 3 3
17 61 7 8
17 63 1 3
17 65 3 3
17 66 8 7
17 67 10 6
17 68 5 9
17 69 6 7
17 70 7 4
17 72 7 1
17 73 10 8
17 75 2 4
17 76 9 6
17 77 3 8
17 78 4 7
17 79 10 3
17 80 9 9
17 82 7 1
17 83 6 9
17 84 8 2
17 85 2 4
17 86 8 2
17 87 10 9
17 88 2 8
17 89 3 9
17 90 9 4
17 95 4 5
17 96 6 4
17 97 6 10
17 100 6 4
18 20 5 4
18 21 2 4
18 22 5 6
18 23 1 5
18 25 10 9
18 26 5 5
18 27 9 10
18 28 9 3
18 29 10 9
18 31 6 1
18 32 1 5
18 33 1 3
18 34 10 7
18 36 9 3
18 38 8 9
18 41 10 9
18 42 5 10
18 43 7 5
18 44 3 3
18 45 10 5
18 47 5 7
18 48 6 5
18 49 8 6
18 50 4 1
18 52 7 2
18 53 3 10
18 54 6 7
18 55 3 9
18 57 10 2
18 60 1 9
18 61 5 7
18 64 10 6
18 65 2 10
18 66 4 9
18 67 3 4
18 68 9 4
18 69 5 10
18 70 2 1
18 71 2 8
18 72 2 9
18 73 10 2
18 74 8 2
18 75 5 7
18 76 6 3
18 77 4 4
18 78 10 1
18 79 4 7
18 80 4 6
18 81 3 3
18 82 4 3
18 83 5 2
18 84 1 7
18 87 8 3
18 88 1 1
18 89 7 4
18 91 8 5
18 92 3 9
18 93 3 7
18 94 3 3
18 95 4 8
18 97 3 2
18 98 8 5
18 99 2 4
19 20 8 8
19 22 8 4
19 24 1 8
19 25 2 3
19 26 3 1
19 27 3 8
19 29 1 1
19 30 2 10
19 31 7 4
19 33 4 10
19 35 9 9
19 36 7 8
19 37 3 5
19 39 9 9
19 41 5 1
19 42 10 10
19 43 8 2
19 44 9 7
19 45 6 4
19 46 5 7
19 47 2 8
19 49 3 8
19 50 10 1
19 51 7 6
19 52 2 6
19 53 7 3
19 54 3 8
19 56 5 6
19 57 6 7
19 60 2 5
19 62 1 4
19 63 5 1
19 65 1 7
19 67 1 5
19 69 9 1
19 70 2 5
19 71 9 10
19 73 4 10
19 74 2 6
19 75 2 6
19 76 8 6
19 77 9 6
19 78 4 4
19 79 3 5
19 80 2 3
19 81 3 5
19 82 6 8
19 83 2 3
19 84 6 1
19 85 9 10
19 86 4 4
19 88 2 9
19 90 2 5
19 91 3 5
19 92 5 1
19 93 9 8
19 94 3 5
19 97 6 10
19 98 6 1
19 99 7 9
19 100 3 10
20 24 7 8
20 26 5 9
20 27 2 10
20 28 2 3
20 29 8 6
20 30 5 8
20 31 2 7
20 32 7 5
20 33 4 4
20 34 2 4
20 35 6 2
20 36 8 4
20 37 7 1
20 38 4 6
20 39 5 7
20 41 2 9
20 43 3 2
20 44 7 2
20 46 10 5
20 48 3 7
20 49 8 8
20 50 5 1
20 51 4 2
20 53 5 8
20 54 10 10
20 55 3 1
20 56 6 6
20 58 10 3
20 59 8 5
20 60 1 9
20 61 8 9
20 62 4 3
20 63 9 3
20 64 6 3
20 65 4 3
20 66 9 10
20 67 2 2
20 68 8 8
20 69 4 5
20 70 8 7
20 72 1 10
20 73 7 3
20 74 3 2
20 76 7 5
20 77 3 9
20 78 2 6
20 79 7 1
20 80 6 6
20 81 8 2
20 82 8 1
20 83 7 9
20 84 4 9
20 85 2 7
20 87 8 7
20 88 1 10
20 89 2 7
20 90 2 9
20 91 4 1
20 92 7 1
20 94 9 9
20 95 4 9
20 96 5 8
20 97 9 2
20 98 4 4
20 99 4 3
20 100 8 7
21 22 5 3
21 24 3 10
21 25 7 1
21 26 4 8
21 27 10 3
21 28 6 5
21 29 3 2
21 31 5 3
21 32 8 2
21 33 4 4
21 35 8 2
21 36 3 9
21 37 4 4
21 38 6 8
21 40 9 8
21 41 5 8
21 42 2 3
21 43 1 9
21 44 10 3
21 45 10 6
21 46 4 7
21 47 10 8
21 49 7 8
21 50 4 9
21 51 9 9
21 52 8 2
21 53 5 2
21 54 2 8
21 55 8 7
21 56 3 4
21 57 2 8
21 58 8 1
21 59 5 5
21 60 6 6
21 63 10 4
21 65 5 4
21 66 2 4
21 67 6 3
21 68 3 6
21 69 3 5
21 70 2 1
21 71 9 8
21 72 10 3
21 73 8 9
21 74 9 4
21 75 5 9
21 76 6 1
21 77 5 8
21 78 2 4
21 79 7 7
21 80 1 2
21 81 5 7
21 82 7 7
21 83 8 5
21 84 7 5
21 85 2 8
21 86 4 5
21 87 8 1
21 88 6 8
21 90 3 3
21 91 3 2
21 92 5 2
21 93 1 1
21 94 5 6
21 95 5 6
21 96 6 1
21 98 9 7
21 100 4 8
22 23 1 6
22 24 2 6
22 25 2 1
22 26 5 10
22 27 8 10
22 28 5 7
22 29 9 4
22 30 3 5
22 32 5 6
22 33 7 7
22 35 1 6
22 36 7 2
22 37 10 1
22 38 9 4
22 39 2 7
22 40 7 10
22 42 5 8
22 44 2 4
22 45 9 9
22 48 6 10
22 49 1 6
22 51 2 5
22 52 7 1
22 53 5 10
22 54 10 6
22 56 10 2
22 57 10 4
22 60 6 4
22 61 4 6
22 62 1 10
22 63 1 2
22 64 6 10
22 65 2 7
22 66 4 8
22 67 1 1
22 69 1 9
22 70 7 8
22 71 1 10
22 72 6 5
22 76 3 7
22 77 4 5
22 78 3 1
22 79 5 10
22 80 4 8
22 83 2 9
22 86 5 10
22 87 8 9
22 88 6 6
22 89 4 1
22 90 9 5
22 91 9 4
22 93 2 7
22 94 10 1
22 95 7 5
22 97 6 4
22 99 9 5
22 100 10 6
23 25 9 4
23 27 1 10
23 28 4 8
23 29 1 5
23 30 4 5
23 32 8 3
23 33 9 4
23 35 6 5
23 36 9 9
23 37 1 7
23 38 4 9
23 39 10 3
23 40 10 7
23 41 6 9
23 43 7 4
23 44 5 3
23 46 2 6
23 47 7 8
23 49 8 10
23 52 6 5
23 54 10 7
23 55 10 7
23 56 1 10
23 57 8 8
23 60 10 4
23 61 1 4
23 62 2 6
23 63 2 8
23 64 5 7
23 66 8 7
23 67 9 6
23 69 3 6
23 70 7 3
23 72 8 10
23 73 7 5
23 74 2 5
23 76 10 4
23 77 4 2
23 78 7 1
23 79 7 10
23 81 1 4
23 82 2 5
23 83 4 6
23 84 6 8
23 85 7 9
23 86 5 6
23 87 1 1
23 88 9 9
23 89 6 1
23 90 1 4
23 91 2 1
23 92 2 2
23 93 2 4
23 95 9 2
23 96 9 4
23 97 9 7
23 98 2 9
23 99 4 4
23 100 10 3
24 25 4 6
24 26 5 7
24 27 1 1
24 28 1 8
24 29 8 6
24 30 8 7
24 31 4 3
24 33 6 4
24 34 7 1
24 35 2 9
24 36 5 7
24 37 5 5
24 38 1 8
24 39 10 8
24 40 10 9
24 41 2 3
24 42 1 2
24 43 4 8
24 44 10 5
24 45 2 3
24 46 9 10
24 47 8 2
24 48 10 10
24 49 6 8
24 50 10 8
24 51 2 1
24 52 6 4
24 53 5 9
24 54 9 3
24 55 3 3
24 56 2 8
24 57 3 8
24 58 3 10
24 59 8 10
24 60 8 9
24 61 1 5
24 62 6 8
24 63 5 5
24 64 4 5
24 65 9 3
24 66 5 4
24 67 7 9
24 70 6 8
24 71 9 10
24 72 2 4
24 73 3 4
24 74 8 3
24 75 9 4
24 76 3 5
24 78 5 8
24 79 2 1
24 80 4 6
24 81 5 7
24 82 10 3
24 83 1 5
24 84 4 1
24 85 10 10
24 86 9 10
24 87 10 1
24 88 3 7
24 89 4 2
24 90 5 7
24 91 2 1
24 92 10 8
24 93 2 5
24 94 10 6
24 95 2 3
24 98 1 1
24 99 6 10
25 26 1 7
25 27 9 7
25 28 2 5
25 29 1 3
25 30 5 7
25 31 3 5
25 32 6 1
25 33 10 10
25 34 6 6
25 35 6 6
25 37 8 6
25 38 7 2
25 41 10 7
25 42 6 10
25 43 9 5
25 44 6 2
25 45 8 4
25 46 6 7
25 47 10 6
25 48 3 2
25 49 2 5
25 51 4 8
25 52 6 2
25 54 2 7
25 55 6 9
25 56 7 5
25 57 5 4
25 58 3 10
25 59 1 3
25 60 7 5
25 61 4 1
25 62 7 5
25 66 6 4
25 67 4 6
25 69 7 8
25 71 8 1
25 72 2 4
25 74 5 6
25 75 3 2
25 76 4 1
25 77 6 1
25 79 5 1
25 80 9 6
25 86 6 5
25 87 8 9
25 89 9 4
25 91 9 3
25 92 8 1
25 93 7 9
25 94 2 6
25 95 3 2
25 96 6 9
25 97 9 8
25 98 6 9
25 100 1 4
26 27 10 7
26 29 3 5
26 30 10 3
26 31 4 2
26 32 3 4
26 34 5 9
26 35 9 3
26 36 5 3
26 37 9 3
26 38 1 10
26 39 9 2
26 40 8 9
26 41 2 6
26 42 7 1
26 43 6 5
26 44 9 9
26 46 6 6
26 47 2 10
26 48 10 6
26 49 5 7
26 50 8 3
26 51 6 2
26 53 5 2
26 55 2 3
26 56 2 8
26 58 8 5
26 59 10 7
26 60 7 7
26 61 3 10
26 62 10 5
26 63 10 1
26 64 5 5
26 65 10 2
26 66 6 8
26 67 2 7
26 68 4 8
26 69 6 10
26 70 6 3
26 71 6 1
26 73 8 2
26 74 3 10
26 75 2 5
26 76 9 2
26 77 7 3
26 78 1 5
26 79 10 5
26 80 4 3
26 82 3 7
26 83 5 8
26 84 10 7
26 85 9 3
26 88 4 2
26 89 10 9
26 90 9 1
26 93 1 10
26 94 3 9
26 95 7 1
26 96 5 2
26 97 5 7
26 98 9 10
26 100 10 7
27 28 6 10
27 29 10 4
27 30 9 9
27 31 3 10
27 32 5 8
27 33 3 8
27 34 4 7
27 36 5 5
27 38 3 7
27 39 6 2
27 40 10 1
27 44 3 1
27 45 1 2
27 47 4 6
27 49 10 8
27 50 10 10
27 51 2 10
27 52 9 5
27 53 7 1
27 54 1 10
27 56 7 5
27 58 5 5
27 59 10 6
27 60 9 9
27 61 10 6
27 62 1 6
27 64 3 7
27 65 1 4
27 68 3 7
27 69 2 2
27 70 5 8
27 71 7 6
27 72 10 9
27 73 3 8
27 74 3 2
27 75 6 6
27 76 10 3
27 77 1 6
27 78 4 1
27 79 10 3
27 80 6 9
27 81 6 8
27 82 8 6
27 84 1 4
27 85 2 2
27 86 8 1
27 87 6 8
27 89 6 2
27 91 10 3
27 92 5 10
27 93 10 9
27 95 5 6
27 99 2 4
27 100 2 10
28 29 3 5
28 31 7 5
28 32 7 5
28 33 6 2
28 34 3 5
28 35 8 4
28 36 5 7
28 37 3 2
28 38 10 10
28 39 3 2
28 40 1 4
28 41 7 2
28 42 10 4
28 43 1 10
28 44 2 2
28 45 8 10
28 47 4 4
28 48 10 6
28 49 7 8
28 50 3 3
28 51 10 8
28 52 5 5
28 53 1 8
28 56 9 7
28 57 1 7
28 58 9 7
28 59 4 9
28 60 5 1
28 62 10 4
28 63 9 7
28 64 1 5
28 65 1 10
28 67 6 9
28 68 6 4
28 69 3 3
28 70 3 3
28 71 10 10
28 73 10 7
28 75 5 10
28 76 5 7
28 77 8 7
28 79 6 8
28 80 4 10
28 81 6 4
28 82 4 2
28 83 9 6
28 84 9 3
28 85 6 1
28 86 2 8
28 87 5 10
28 89 3 7
28 90 5 6
28 92 4 8
28 93 1 5
28 96 6 10
28 97 5 4
28 98 3 3
28 99 10 9
28 100 5 10
29 31 5 3
29 32 2 2
29 34 9 8
29 35 9 3
29 36 9 10
29 37 6 1
29 38 7 1
29 40 2 8
29 41 4 5
29 42 2 3
29 45 7 4
29 46 5 6
29 48 4 3
29 49 2 7
29 52 9 4
29 53 8 9
29 54 3 10
29 55 3 7
29 56 5 10
29 57 7 1
29 58 8 10
29 60 7 1
29 61 5 2
29 62 4 4
29 63 5 1
29 64 3 3
29 65 1 6
29 66 3 9
29 67 7 6
29 69 10 10
29 70 5 2
29 71 3 8
29 72 6 9
29 73 1 5
29 74 2 9
29 76 2 10
29 77 7 8
29 78 2 5
29 79 7 8
29 80 1 10
29 81 2 5
29 82 10 2
29 83 1 10
29 84 10 6
29 85 3 1
29 87 1 3
29 88 7 4
29 89 2 2
29 90 3 2
29 91 7 10
29 92 6 5
29 93 2 3
29 94 6 4
29 95 9 4
29 96 2 4
29 97 7 6
29 100 8 10
30 32 10 9
30 33 4 10
30 34 5 7
30 35 4 1
30 36 7 8
30 37 4 8
30 38 8 2
30 39 9 5
30 40 10 4
30 43 4 1
30 44 7 3
30 45 2 4
30 46 10 6
30 48 5 2
30 49 9 4
30 50 4 7
30 51 6 4
30 52 2 3
30 53 3 2
30 55 7 1
30 56 6 5
30 57 4 1
30 59 8 5
30 60 8 7
30 61 6 2
30 62 9 1
30 63 1 8
30 64 7 7
30 65 8 5
30 66 5 10
30 69 10 2
30 70 7 2
30 71 6 3
30 72 7 4
30 73 9 6
30 74 1 4
30 75 5 8
30 77 1 9
30 79 8 7
30 80 6 3
30 82 4 8
30 83 8 10
30 84 10 4
30 88 4 4
30 89 10 4
30 90 6 4
30 91 5 2
30 92 9 5
30 93 1 3
30 94 2 5
30 95 10 2
30 96 10 3
30 97 1 7
30 98 2 7
30 99 8 9
30 100 10 7
31 32 6 7
31 33 6 8
31 36 7 6
31 37 8 4
31 40 7 8
31 41 8 2
31 42 3 10
31 43 1 1
31 44 1 6
31 45 4 9
31 47 2 2
31 48 5 8
31 49 3 9
31 52 8 7
31 56 5 1
31 57 8 1
31 58 10 7
31 59 4 6
31 60 4 4
31 62 7 9
31 64 6 6
31 65 7 9
31 67 5 2
31 69 1 7
31 70 5 8
31 71 5 3
31 72 2 8
31 73 5 6
31 75 5 7
31 77 1 6
31 78 1 6
31 83 1 1
31 84 3 2
31 85 4 6
31 87 7 7
31 88 3 9
31 91 3 9
31 94 7 3
31 96 4 2
31 97 5 10
31 98 5 2
31 99 2 6
31 100 9 1
32 33 8 4
32 34 2 7
32 36 9 8
32 37 3 10
32 38 4 10
32 39 6 4
32 40 3 2
32 41 2 3
32 43 5 5
32 44 1 3
32 45 1 4
32 46 10 3
32 47 9 5
32 48 9 10
32 50 6 7
32 51 3 5
32 52 10 10
32 53 7 10
32 54 8 3
32 55 3 5
32 56 2 1
32 57 2 10
32 58 7 7
32 60 3 9
32 61 9 8
32 62 8 8
32 63 5 2
32 65 3 1
32 66 3 10
32 68 10 3
32 70 9 8
32 72 4 9
32 73 10 5
32 74 3 9
32 75 1 7
32 76 5 2
32 79 7 2
32 81 3 8
32 83 4 10
32 85 8 6
32 86 6 8
32 87 8 8
32 88 7 10
32 89 6 3
32 91 8 7
32 92 6 7
32 93 5 6
32 94 2 1
32 96 1 7
32 97 8 5
32 98 6 2
32 99 5 3
32 100 6 4
33 35 7 7
33 36 10 7
33 37 5 9
33 38 3 1
33 39 9 8
33 40 8 6
33 43 5 5
33 44 7 3
33 46 5 8
33 47 8 2
33 48 2 1
33 49 2 8
33 50 4 3
33 51 3 4
33 52 2 7
33 53 5 5
33 54 1 1
33 56 7 1
33 57 1 9
33 58 6 8
33 59 3 7
33 60 5 9
33 62 4 9
33 63 7 6
33 64 1 4
33 65 9 2
33 67 5 5
33 68 8 8
33 69 10 10
33 70 2 8
33 71 7 4
33 72 5 8
33 73 9 1
33 74 1 9
33 75 9 8
33 76 2 3
33 77 8 2
33 78 5 2
33 79 6 9
33 80 3 8
33 81 9 2
33 82 6 5
33 83 1 8
33 84 4 3
33 85 9 3
33 87 10 10
33 88 2 4
33 89 1 6
33 90 9 8
33 91 10 8
33 92 4 2
33 93 10 10
33 94 2 6
33 96 7 3
33 97 8 9
33 98 5 10
33 99 3 2
33 100 5 4
34 36 2 4
34 37 8 6
34 38 1 7
34 39 8 9
34 40 2 5
34 41 9 7
34 42 2 7
34 43 8 4
34 45 1 1
34 46 6 2
34 47 5 10
34 48 2 4
34 49 5 3
34 51 2 9
34 52 3 3
34 53 2 6
34 54 8 1
34 55 1 7
34 56 3 3
34 57 10 1
34 58 10 5
34 59 3 1
34 60 1 1
34 61 10 6
34 62 8 3
34 63 10 3
34 65 7 1
34 66 4 5
34 67 8 4
34 68 7 5
34 69 2 2
34 70 3 5
34 71 10 9
34 72 6 6
34 76 7 5
34 78 6 6
34 81 9 4
34 83 10 4
34 84 9 2
34 85 1 6
34 86 7 9
34 87 9 8
34 88 2 5
34 90 6 5
34 91 5 5
34 92 8 5
34 93 1 5
34 95 3 1
34 96 5 4
34 98 2 10
34 100 7 9
35 36 10 4
35 37 10 9
35 39 5 3
35 41 4 3
35 42 2 2
35 43 2 2
35 44 5 3
35 45 6 5
35 46 5 7
35 47 3 2
35 48 6 4
35 49 5 9
35 50 3 6
35 51 3 5
35 52 6 5
35 53 10 10
35 55 2 3
35 56 7 3
35 57 4 2
35 58 7 3
35 60 6 8
35 61 9 9
35 62 3 1
35 64 7 10
35 66 3 5
35 67 6 7
35 68 7 1
35 70 6 2
35 71 1 3
35 72 8 4
35 73 5 6
35 74 7 1
35 75 4 3
35 76 8 7
35 77 8 4
35 78 6 3
35 79 6 7
35 80 6 3
35 81 4 4
35 83 10 3
35 84 8 7
35 85 6 9
35 86 8 7
35 87 7 6
35 88 4 7
35 89 7 8
35 90 9 7
35 91 8 10
35 92 1 3
35 93 2 5
35 94 10 6
35 95 3 4
35 98 10 8
35 99 2 8
36 37 6 1
36 38 7 6
36 41 7 1
36 42 3 2
36 43 3 7
36 44 1 8
36 45 10 7
36 47 2 1
36 48 8 7
36 49 2 4
36 50 5 8
36 51 9 1
36 52 7 4
36 53 1 2
36 54 10 2
36 55 5 4
36 56 10 4
36 57 9 5
36 59 6 9
36 61 3 5
36 62 6 3
36 63 5 3
36 64 9 6
36 65 7 2
36 66 7 4
36 67 7 6
36 68 3 5
36 69 3 4
36 70 2 1
36 71 5 3
36 72 8 4
36 73 6 2
36 74 7 1
36 75 9 8
36 76 1 9
36 77 1 7
36 78 10 5
36 79 6 4
36 80 10 4
36 81 3 3
36 85 7 2
36 86 2 6
36 87 6 4
36 90 8 7
36 91 3 7
36 92 3 9
36 93 7 4
36 94 2 8
36 95 7 5
36 96 8 9
36 97 6 6
36 98 4 8
36 99 10 3
36 100 3 10
37 38 2 10
37 39 6 8
37 40 8 5
37 41 9 7
37 42 10 9
37 43 5 1
37 44 10 4
37 45 3 9
37 46 3 3
37 47 2 9
37 49 4 4
37 50 1 2
37 51 9 5
37 52 10 8
37 55 6 7
37 56 3 10
37 57 5 3
37 58 4 5
37 59 8 4
37 60 4 7
37 61 10 5
37 63 6 5
37 64 4 6
37 68 2 9
37 69 2 2
37 70 1 10
37 71 2 1
37 73 5 2
37 74 9 7
37 75 8 7
37 76 6 1
37 79 9 5
37 80 5 2
37 81 8 7
37 82 7 2
37 83 3 1
37 84 4 4
37 85 1 7
37 86 1 7
37 89 6 6
37 91 3 1
37 92 10 8
37 93 3 7
37 94 9 2
37 95 7 8
37 96 2 4
37 97 10 8
37 98 3 9
37 99 6 3
37 100 2 7
38 39 10 1
38 40 4 1
38 41 6 9
38 42 2 10
38 43 8 2
38 44 1 4
38 45 2 10
38 47 7 9
38 48 9 6
38 49 4 7
38 50 3 5
38 51 8 1
38 53 8 1
38 54 5 5
38 55 5 8
38 56 6 3
38 57 7 4
38 58 4 2
38 59 1 1
38 60 8 9
38 62 3 9
38 63 6 3
38 64 10 10
38 65 5 9
38 66 8 8
38 67 9 7
38 68 10 6
38 69 8 7
38 70 3 5
38 71 7 2
38 73 3 7
38 74 7 4
38 75 5 3
38 77 8 8
38 78 4 6
38 79 7 10
38 81 2 3
38 82 7 8
38 83 3 5
38 84 9 7
38 85 4 8
38 86 10 10
38 88 9 4
38 90 6 4
38 92 4 5
38 93 5 8
38 94 7 9
38 96 2 9
38 97 9 9
38 98 5 4
38 99 2 2
38 100 1 8
39 40 4 4
39 41 7 8
39 43 9 10
39 44 5 10
39 46 6 6
39 48 10 2
39 49 10 10
39 50 1 6
39 51 1 8
39 52 2 1
39 53 6 2
39 54 2 1
39 55 10 2
39 56 1 2
39 57 3 5
39 59 7 10
39 60 1 1
39 62 9 2
39 63 5 8
39 64 4 8
39 65 5 1
39 66 8 8
39 68 7 5
39 69 10 3
39 70 2 3
39 71 10 8
39 72 1 7
39 73 1 2
39 74 8 5
39 75 7 10
39 76 10 1
39 77 2 5
39 79 8 10
39 80 6 2
39 81 5 5
39 82 2 1
39 83 3 5
39 84 2 3
39 85 4 4
39 87 1 8
39 88 1 6
39 89 4 3
39 90 7 2
39 91 1 4
39 92 9 2
39 93 5 4
39 94 1 8
39 96 8 6
39 98 7 6
39 99 8 5
39 100 4 3
40 41 6 3
40 43 9 9
40 44 9 9
40 45 4 9
40 46 1 10
40 47 9 4
40 48 7 7
40 49 6 5
40 50 9 7
40 52 7 4
40 53 8 1
40 54 10 6
40 55 5 3
40 56 4 3
40 57 3 8
40 61 8 5
40 62 7 7
40 63 10 10
40 64 6 8
40 65 10 1
40 67 1 3
40 68 3 10
40 69 4 2
40 70 4 4
40 72 6 6
40 73 10 1
40 74 6 5
40 76 3 5
40 77 7 10
40 78 2 2
40 79 5 7
40 80 3 4
40 81 3 4
40 83 4 10
40 85 2 5
40 86 7 6
40 87 5 5
40 88 2 1
40 89 1 8
40 90 3 3
40 92 5 10
40 93 4 1
40 94 7 4
40 96 8 7
40 97 9 3
40 98 2 6
40 99 10 10
40 100 7 8
41 43 1 7
41 44 2 6
41 45 1 1
41 46 7 1
41 47 10 10
41 48 4 5
41 49 7 7
41 50 6 7
41 51 10 4
41 53 1 2
41 54 6 10
41 55 7 1
41 57 3 6
41 58 10 4
41 59 6 1
41 60 2 6
41 61 7 1
41 62 4 1
41 64 10 9
41 65 10 5
41 66 2 4
41 67 3 1
41 68 1 5
41 69 6 1
41 70 4 8
41 71 1 7
41 72 10 6
41 73 10 3
41 74 2 8
41 75 4 1
41 76 3 5
41 78 9 7
41 79 2 6
41 80 5 9
41 83 2 10
41 84 5 6
41 85 1 9
41 86 3 10
41 87 7 6
41 89 4 2
41 90 8 4
41 91 10 2
41 92 2 8
41 93 9 10
41 96 4 3
41 97 9 9
41 98 8 9
41 99 6 4
41 100 2 10
42 43 6 3
42 44 8 7
42 48 7 8
42 49 10 6
42 50 7 2
42 51 9 8
42 54 1 10
42 55 3 8
42 57 3 9
42 58 5 5
42 59 10 3
42 60 2 8
42 61 9 7
42 62 5 8
42 63 3 5
42 65 3 1
42 66 5 9
42 67 1 4
42 68 9 10
42 69 7 10
42 71 4 6
42 72 8 9
42 73 8 10
42 74 2 10
42 75 8 3
42 76 3 10
42 77 2 5
42 78 3 9
42 79 3 9
42 80 9 6
42 81 2 10
42 82 4 2
42 83 7 5
42 84 8 8
42 85 8 3
42 86 6 9
42 88 6 1
42 89 7 2
42 90 2 2
42 91 10 6
42 92 8 3
42 93 1 2
42 94 6 1
42 95 6 1
42 96 3 1
42 98 8 1
42 99 8 9
42 100 2 8
43 45 10 3
43 46 10 7
43 47 3 6
43 48 3 1
43 49 4 9
43 52 1 10
43 53 1 4
43 54 4 4
43 56 6 8
43 57 9 6
43 60 8 9
43 61 10 9
43 62 7 3
43 63 3 10
43 65 2 6
43 66 10 1
43 67 6 10
43 68 1 1
43 69 2 4
43 70 9 7
43 72 9 2
43 73 6 5
43 74 10 5
43 76 1 10
43 78 3 1
43 79 1 9
43 81 10 9
43 82 1 1
43 83 6 1
43 84 1 3
43 85 8 2
43 86 2 7
43 87 1 1
43 88 7 1
43 89 9 8
43 90 4 9
43 91 7 2
43 92 6 5
43 93 9 9
43 94 9 10
43 96 2 6
43 98 4 6
43 99 8 7
43 100 1 8
44 45 5 1
44 47 2 2
44 48 4 7
44 49 9 8
44 50 9 5
44 52 7 10
44 53 4 6
44 54 3 4
44 56 8 2
44 57 7 6
44 58 1 4
44 59 7 2
44 60 6 3
44 61 6 6
44 62 3 3
44 63 3 1
44 64 3 10
44 65 2 3
44 66 4 10
44 67 2 5
44 68 2 9
44 71 8 4
44 73 5 3
44 74 4 3
44 75 8 9
44 76 5 1
44 77 7 1
44 78 4 7
44 79 7 3
44 81 4 4
44 82 6 9
44 83 3 10
44 84 1 10
44 85 8 10
44 88 1 8
44 89 5 5
44 90 6 8
44 91 9 2
44 92 10 10
44 94 9 9
44 96 1 8
44 97 5 4
44 98 2 7
44 99 2 6
44 100 3 5
45 46 7 10
45 49 10 4
45 50 2 3
45 51 8 10
45 52 1 7
45 53 6 8
45 55 3 3
45 56 1 4
45 57 1 7
45 58 1 3
45 59 10 10
45 60 7 4
45 62 8 3
45 63 5 8
45 64 5 7
45 65 2 2
45 66 1 9
45 67 1 10
45 68 7 6
45 69 8 3
45 70 4 8
45 71 10 6
45 74 10 10
45 75 9 6
45 76 6 2
45 77 7 5
45 78 10 9
45 79 2 4
45 80 1 3
45 81 10 5
45 82 8 1
45 83 9 3
45 84 2 7
45 85 9 9
45 86 3 8
45 87 4 1
45 89 10 4
45 90 3 8
45 91 4 8
45 92 2 1
45 93 9 3
45 95 1 4
45 96 9 6
45 97 1 1
45 98 6 3
45 99 5 4
45 100 9 3
46 47 1 9
46 49 6 7
46 50 9 7
46 51 7 8
46 53 1 4
46 54 4 6
46 55 6 6
46 56 1 9
46 57 1 3
46 58 5 7
46 59 6 9
46 60 7 3
46 61 6 2
46 62 6 5
46 63 2 6
46 64 8 4
46 66 7 8
46 68 1 9
46 70 6 1
46 71 5 2
46 72 1 10
46 73 10 7
46 74 8 9
46 75 8 1
46 76 7 5
46 77 7 1
46 78 4 10
46 79 8 2
46 80 1 1
46 81 2 10
46 83 8 6
46 84 7 3
46 85 7 2
46 86 4 7
46 87 1 7
46 89 8 7
46 90 9 8
46 91 8 3
46 92 4 7
46 93 9 3
46 94 6 5
46 95 5 3
46 96 4 8
46 98 9 1
46 99 6 6
47 48 5 6
47 49 10 5
47 51 8 7
47 52 3 2
47 53 5 5
47 54 6 4
47 55 8 6
47 57 6 9
47 58 4 1
47 59 9 1
47 62 8 2
47 64 7 1
47 65 8 4
47 66 4 2
47 67 5 4
47 68 6 7
47 69 1 2
47 70 8 6
47 71 2 6
47 74 9 6
47 75 7 5
47 76 1 2
47 77 8 6
47 78 3 7
47 81 3 4
47 82 3 6
47 83 7 9
47 84 3 10
47 85 4 4
47 87 5 10
47 88 3 4
47 91 5 3
47 96 1 9
47 97 7 3
47 98 7 10
47 100 2 1
48 49 3 8
48 50 2 9
48 51 5 6
48 52 7 10
48 53 3 7
48 57 8 6
48 58 6 1
48 59 2 2
48 60 10 6
48 61 5 6
48 62 10 8
48 63 9 2
48 65 4 4
48 67 7 4
48 68 9 8
48 71 6 9
48 72 1 4
48 73 10 9
48 74 9 10
48 75 2 10
48 77 8 1
48 78 1 3
48 80 6 3
48 83 3 4
48 86 10 2
48 87 4 2
48 88 6 8
48 89 3 1
48 90 2 5
48 92 5 6
48 93 9 1
48 94 4 4
48 95 8 7
48 96 10 4
48 97 3 4
48 98 4 5
48 99 2 3
48 100 5 10
49 50 3 3
49 51 10 7
49 53 8 2
49 54 6 6
49 56 6 2
49 57 5 4
49 58 4 6
49 59 3 8
49 60 4 10
49 61 5 1
49 62 1 10
49 63 5 3
49 64 3 5
49 65 7 10
49 66 9 8
49 67 6 10
49 68 9 1
49 69 5 2
49 70 3 6
49 71 7 6
49 73 4 6
49 74 9 3
49 75 2 8
49 77 6 6
49 78 5 8
49 79 6 5
49 80 4 9
49 81 10 2
49 82 3 8
49 83 10 4
49 84 10 9
49 85 6 2
49 86 9 4
49 89 8 9
49 90 7 10
49 91 6 9
49 92 3 2
49 93 8 1
49 94 5 10
49 95 3 7
49 97 2 5
49 98 6 5
49 99 7 4
49 100 9 6
50 52 10 9
50 54 5 6
50 55 9 3
50 56 8 10
50 58 3 8
50 59 4 2
50 60 5 9
50 62 1 6
50 63 6 5
50 64 9 3
50 65 5 9
50 66 7 6
50 67 2 2
50 69 10 5
50 70 2 10
50 71 3 2
50 72 7 1
50 73 6 4
50 75 10 2
50 76 1 5
50 78 8 7
50 79 6 8
50 80 5 1
50 81 6 5
50 83 1 6
50 84 7 9
50 85 6 8
50 86 1 2
50 87 1 6
50 88 6 7
50 89 6 4
50 90 7 4
50 91 10 3
50 93 10 9
50 94 4 5
50 96 4 4
50 97 10 3
50 98 7 2
51 52 8 1
51 53 5 6
51 54 2 1
51 55 5 8
51 56 10 1
51 57 6 1
51 58 1 6
51 59 4 2
51 61 2 1
51 62 7 5
51 63 3 4
51 64 4 10
51 65 8 6
51 66 3 2
51 67 1 10
51 68 5 4
51 70 10 2
51 71 8 6
51 72 3 3
51 73 5 10
51 74 7 10
51 75 5 8
51 76 2 6
51 78 1 7
51 82 5 3
51 83 6 9
51 84 8 3
51 87 9 10
51 88 8 9
51 89 9 9
51 90 2 5
51 91 2 8
51 92 7 6
51 93 6 1
51 96 2 9
51 98 4 2
51 99 6 6
52 53 9 5
52 54 3 8
52 55 6 8
52 57 2 9
52 58 8 10
52 59 9 10
52 60 8 3
52 61 1 6
52 62 10 9
52 64 8 7
52 65 4 5
52 67 2 8
52 68 2 4
52 69 5 4
52 71 3 3
52 73 8 4
52 74 8 4
52 76 5 9
52 77 7 9
52 78 6 7
52 79 3 3
52 80 7 9
52 81 7 1
52 82 5 1
52 83 3 5
52 84 4 5
52 85 3 1
52 86 5 3
52 87 2 4
52 88 8 2
52 89 5 2
52 90 7 6
52 91 4 6
52 93 4 9
52 95 2 10
52 96 7 5
52 97 4 7
52 98 1 10
52 100 9 4
53 54 1 10
53 56 4 5
53 57 7 4
53 58 9 7
53 60 2 2
53 62 1 8
53 63 9 10
53 65 1 10
53 67 1 9
53 68 10 3
53 69 4 4
53 70 2 7
53 71 3 6
53 72 6 9
53 73 10 1
53 74 4 4
53 75 10 4
53 76 10 8
53 77 2 7
53 78 9 3
53 79 8 5
53 80 1 3
53 81 7 4
53 83 1 9
53 84 2 10
53 87 3 9
53 88 10 10
53 89 7 1
53 90 5 5
53 91 5 8
53 92 3 7
53 93 10 7
53 94 4 3
53 95 1 7
53 97 4 5
53 98 8 3
53 99 4 2
53 100 8 7
54 55 8 1
54 57 2 10
54 58 8 3
54 61 5 2
54 62 1 10
54 63 4 8
54 64 8 3
54 65 4 1
54 66 7 1
54 67 10 2
54 68 3 5
54 70 5 9
54 72 9 7
54 73 1 2
54 74 4 6
54 75 10 3
54 76 3 9
54 77 9 2
54 80 10 6
54 81 3 7
54 84 2 3
54 86 8 4
54 88 5 10
54 89 2 3
54 90 7 8
54 91 5 6
54 93 4 10
54 94 3 1
54 95 7 9
54 96 8 9
54 97 7 8
54 98 8 5
54 99 4 4
54 100 3 9
55 56 10 2
55 57 6 3
55 58 8 6
55 60 1 6
55 62 4 7
55 63 2 2
55 64 5 10
55 65 6 6
55 66 3 10
55 68 2 5
55 71 9 5
55 72 2 5
55 73 5 1
55 74 1 9
55 75 2 6
55 76 7 5
55 77 7 3
55 78 7 3
55 79 4 7
55 80 10 5
55 82 2 7
55 83 8 2
55 85 1 5
55 86 1 2
55 87 4 10
55 88 1 9
55 89 8 4
55 90 1 5
55 91 8 1
55 92 6 3
55 94 9 3
55 95 5 4
55 97 10 4
55 98 4 2
55 99 5 3
55 100 10 7
56 57 9 4
56 58 7 1
56 59 4 5
56 60 2 8
56 61 6 7
56 65 4 4
56 68 6 10
56 69 9 8
56 70 4 9
56 73 2 6
56 74 4 5
56 75 7 5
56 76 4 1
56 78 5 5
56 79 7 5
56 80 7 1
56 81 10 10
56 82 9 7
56 87 4 10
56 88 4 9
56 89 1 1
56 91 3 6
56 94 6 7
56 95 1 2
56 96 2 8
56 98 7 4
56 99 5 8
56 100 4 9
57 59 4 6
57 60 6 4
57 62 5 10
57 63 3 5
57 64 10 3
57 66 10 10
57 68 1 3
57 69 10 2
57 70 7 10
57 71 4 5
57 72 7 5
57 73 5 1
57 76 9 10
57 77 9 1
57 78 5 9
57 79 1 10
57 80 9 6
57 81 6 3
57 84 3 5
57 85 7 8
57 86 8 2
57 87 9 1
57 88 2 9
57 93 2 2
57 94 1 2
57 95 1 3
57 96 4 4
57 97 5 10
57 98 2 3
57 99 10 9
57 100 10 1
58 59 9 6
58 60 4 5
58 61 10 9
58 62 9 3
58 64 4 4
58 65 6 2
58 66 8 10
58 67 9 2
58 68 9 5
58 69 1 10
58 70 6 2
58 71 4 9
58 73 6 8
58 74 6 4
58 76 5 9
58 77 3 8
58 78 4 9
58 80 6 1
58 81 2 7
58 83 2 5
58 85 7 9
58 87 6 1
58 88 7 5
58 89 7 1
58 90 6 5
58 91 3 4
58 92 8 5
58 93 5 2
58 94 4 6
58 95 10 2
58 96 10 1
58 97 4 4
58 98 8 4
58 100 5 5
59 60 6 8
59 62 8 2
59 63 5 2
59 65 4 3
59 66 10 7
59 68 5 4
59 69 10 3
59 70 10 9
59 71 2 6
59 72 2 8
59 73 9 7
59 74 2 2
59 75 5 1
59 76 3 4
59 78 9 3
59 79 2 8
59 80 9 2
59 81 6 10
59 82 2 4
59 84 4 10
59 85 10 10
59 86 3 3
59 87 2 7
59 88 7 5
59 89 9 5
59 90 8 9
59 91 3 4
59 92 6 1
59 94 6 10
59 95 9 7
59 96 8 4
59 97 2 8
59 98 2 10
59 99 6 1
59 100 2 3
60 61 10 3
60 62 8 10
60 64 10 9
60 65 6 9
60 66 6 7
60 67 8 9
60 69 1 4
60 70 4 5
60 71 4 3
60 72 6 9
60 73 1 7
60 74 9 3
60 75 3 8
60 77 6 8
60 78 7 7
60 79 8 8
60 80 9 10
60 81 5 8
60 84 5 2
60 85 3 8
60 86 8 3
60 88 7 1
60 89 5 8
60 90 1 9
60 93 4 9
60 95 2 9
60 96 6 2
60 97 7 1
60 98 1 4
60 99 10 6
60 100 7 7
61 63 4 9
61 65 10 6
61 66 2 4
61 67 6 9
61 68 4 4
61 71 2 9
61 72 6 5
61 73 3 3
61 74 2 5
61 75 8 9
61 76 8 6
61 77 7 7
61 78 3 10
61 79 10 8
61 80 7 6
61 81 1 6
61 82 9 5
61 83 6 6
61 84 6 10
61 85 9 1
61 86 2 10
61 87 7 5
61 88 2 8
61 89 4 7
61 91 2 9
61 93 4 4
61 94 1 6
61 96 5 6
61 97 8 6
61 98 7 9
61 99 6 3
61 100 4 3
62 63 5 6
62 64 6 9
62 68 10 8
62 69 3 6
62 71 3 6
62 72 6 1
62 73 9 1
62 74 3 2
62 75 2 8
62 76 8 2
62 78 6 6
62 80 9 5
62 81 8 8
62 82 10 10
62 83 10 10
62 84 1 10
62 85 1 7
62 86 3 7
62 88 9 4
62 89 6 1
62 90 7 9
62 94 2 4
62 95 9 4
62 96 7 7
62 97 5 7
62 98 2 6
62 99 10 3
62 100 6 3
63 64 1 4
63 65 1 6
63 66 2 5
63 67 4 8
63 68 4 1
63 70 1 6
63 71 2 10
63 73 2 5
63 74 4 7
63 75 1 1
63 76 8 5
63 77 1 9
63 78 8 4
63 80 6 4
63 82 5 5
63 83 7 3
63 85 10 1
63 86 9 8
63 87 3 9
63 88 1 5
63 89 7 10
63 91 5 2
63 92 4 8
63 94 5 7
63 95 5 10
63 96 3 7
63 97 5 7
63 98 8 1
63 99 1 9
63 100 8 3
64 65 4 3
64 66 10 6
64 68 4 7
64 69 3 2
64 70 1 8
64 71 2 3
64 73 4 9
64 75 2 10
64 76 7 10
64 77 4 7
64 78 5 1
64 79 3 7
64 80 4 7
64 81 3 7
64 82 9 3
64 83 6 8
64 84 6 10
64 85 4 6
64 86 6 1
64 87 6 3
64 88 5 7
64 89 10 4
64 90 10 1
64 91 7 4
64 92 9 2
64 94 9 3
64 96 7 5
64 97 10 5
64 98 10 5
64 99 4 6
65 66 9 5
65 68 5 3
65 70 4 6
65 72 9 9
65 74 9 6
65 75 10 2
65 77 6 2
65 79 2 3
65 80 2 6
65 81 2 6
65 83 9 1
65 84 7 4
65 85 9 9
65 86 8 9
65 87 10 1
65 88 8 2
65 89 6 4
65 90 10 3
65 91 7 9
65 92 8 5
65 93 4 4
65 94 2 2
65 96 5 10
65 97 1 3
65 98 8 1
66 67 5 3
66 68 1 8
66 69 3 6
66 70 9 4
66 71 6 3
66 72 7 8
66 73 9 9
66 74 1 2
66 75 3 2
66 77 9 7
66 78 6 4
66 81 4 4
66 82 9 2
66 83 5 9
66 84 2 3
66 85 7 6
66 86 4 7
66 87 1 1
66 88 6 7
66 89 3 4
66 90 3 9
66 91 9 1
66 92 8 6
66 93 6 9
66 94 8 5
66 95 1 10
66 96 6 2
66 97 5 8
66 99 7 4
67 68 3 4
67 69 7 7
67 70 2 2
67 72 1 6
67 75 8 7
67 77 4 6
67 79 6 8
67 80 9 3
67 81 3 9
67 82 2 4
67 83 5 5
67 84 2 6
67 85 8 5
67 86 9 7
67 87 9 1
67 89 7 1
67 90 10 5
67 91 6 5
67 92 1 4
67 95 9 7
67 96 3 3
67 97 10 1
67 98 1 10
67 100 10 1
68 69 6 5
68 71 8 10
68 72 8 2
68 73 6 4
68 74 6 10
68 75 4 2
68 76 6 1
68 77 8 10
68 78 4 9
68 79 9 7
68 80 1 7
68 81 7 2
68 82 10 8
68 84 10 6
68 85 6 8
68 86 8 1
68 87 1 9
68 89 5 4
68 91 3 10
68 92 8 2
68 93 8 7
68 94 5 3
68 95 4 7
68 96 1 2
68 97 5 8
68 98 6 4
68 100 9 7
69 70 10 9
69 71 7 10
69 72 8 8
69 73 5 9
69 74 3 4
69 75 3 1
69 76 3 9
69 77 4 5
69 78 5 5
69 79 1 10
69 82 7 3
69 83 9 5
69 84 9 7
69 87 1 4
69 88 5 4
69 89 4 7
69 90 4 4
69 91 10 2
69 93 8 10
69 94 5 7
69 96 10 3
69 97 1 4
69 98 4 9
69 99 10 2
69 100 6 6
70 71 1 10
70 72 1 5
70 73 10 7
70 74 7 4
70 75 7 10
70 76 6 9
70 78 3 5
70 82 5 7
70 83 6 1
70 84 9 3
70 85 9 2
70 86 5 6
70 87 4 10
70 88 3 9
70 91 7 5
70 92 9 3
70 93 5 1
70 94 2 1
70 95 4 8
70 96 3 5
70 97 4 1
70 98 7 2
70 99 6 2
71 72 9 9
71 73 6 4
71 74 3 8
71 75 4 7
71 76 6 8
71 77 10 9
71 78 4 3
71 80 5 4
71 81 3 6
71 82 3 2
71 83 3 4
71 85 2 8
71 86 9 9
71 87 9 6
71 88 10 8
71 89 3 1
71 90 2 10
71 92 3 1
71 93 6 3
71 94 9 9
71 95 4 4
71 97 9 7
71 98 8 5
71 99 4 3
72 73 2 9
72 74 1 8
72 75 4 7
72 76 8 4
72 77 6 2
72 78 10 1
72 79 10 5
72 80 4 6
72 81 1 5
72 82 3 7
72 83 6 8
72 84 6 2
72 85 2 2
72 87 2 8
72 88 9 7
72 89 4 1
72 90 7 6
72 92 3 9
72 94 4 8
72 95 6 8
72 96 6 10
72 97 9 8
72 98 6 1
72 99 10 7
72 100 3 4
73 74 2 6
73 75 8 9
73 76 3 2
73 77 6 1
73 78 2 10
73 79 4 1
73 80 2 4
73 81 1 9
73 82 10 7
73 83 8 4
73 86 2 5
73 87 5 6
73 88 7 9
73 89 6 4
73 91 7 4
73 92 7 6
73 97 6 5
73 98 6 10
73 99 7 8
73 100 5 5
74 75 8 3
74 76 4 9
74 77 2 4
74 78 4 8
74 80 6 5
74 82 3 1
74 83 2 3
74 84 1 4
74 85 7 4
74 87 3 6
74 88 5 3
74 89 9 3
74 90 7 3
74 91 6 2
74 92 8 5
74 93 4 1
74 94 6 10
74 95 2 9
74 96 5 3
74 97 1 7
74 98 4 4
74 99 7 4
74 100 8 9
75 76 4 10
75 77 4 1
75 78 7 3
75 82 6 4
75 83 2 5
75 84 3 6
75 85 3 6
75 86 4 3
75 88 4 4
75 89 9 2
75 90 4 8
75 91 10 5
75 92 10 8
75 93 9 5
75 94 4 5
75 95 4 7
75 97 4 9
76 77 7 7
76 80 6 8
76 81 2 5
76 82 3 3
76 83 7 2
76 84 8 10
76 85 4 3
76 88 7 7
76 90 2 4
76 91 9 9
76 92 2 5
76 93 10 8
76 94 4 1
76 95 1 9
76 96 4 2
76 98 1 8
76 100 7 6
77 78 2 2
77 79 4 1
77 80 6 4
77 81 3 7
77 82 1 2
77 84 8 1
77 85 5 7
77 86 10 5
77 87 6 3
77 88 6 4
77 93 5 1
77 94 10 9
77 95 1 8
77 96 8 4
77 97 8 6
77 98 1 3
77 99 5 6
77 100 5 9
78 80 1 10
78 82 10 9
78 83 10 4
78 84 6 6
78 85 3 5
78 86 3 6
78 87 10 2
78 88 6 1
78 89 7 1
78 90 6 6
78 91 4 6
78 93 8 6
78 94 10 3
78 95 6 7
78 96 6 10
78 97 9 2
78 98 2 7
78 99 9 7
78 100 1 8
79 80 10 1
79 81 3 9
79 82 10 9
79 84 5 2
79 85 2 1
79 86 2 1
79 87 8 7
79 88 1 4
79 89 6 1
79 90 6 6
79 91 2 5
79 92 8 6
79 93 4 8
79 94 10 5
79 95 7 7
79 96 10 7
79 98 5 10
79 100 2 6
80 81 9 10
80 82 1 8
80 84 1 8
80 85 2 5
80 86 8 1
80 87 10 1
80 88 3 6
80 89 6 1
80 90 2 6
80 91 3 6
80 92 5 2
80 93 2 9
80 94 10 1
80 95 2 5
80 96 10 8
80 97 4 3
80 99 9 8
81 82 6 8
81 83 6 8
81 84 8 10
81 85 5 1
81 87 5 3
81 88 2 10
81 89 7 3
81 90 5 8
81 92 9 5
81 93 3 6
81 95 5 8
81 96 2 7
81 97 4 7
81 99 5 4
81 100 10 4
82 83 1 2
82 84 1 1
82 85 6 3
82 86 7 8
82 87 3 2
82 88 2 9
82 89 8 9
82 90 1 4
82 91 1 9
82 92 10 3
82 93 10 10
82 96 6 9
82 97 7 3
82 98 2 5
82 99 4 10
82 100 5 7
83 84 7 6
83 85 7 10
83 86 10 10
83 88 6 10
83 90 8 2
83 91 10 9
83 93 10 10
83 94 5 4
83 96 10 1
83 97 6 8
83 98 2 9
83 100 8 9
84 85 8 4
84 86 6 1
84 87 1 4
84 89 9 3
84 90 1 5
84 91 7 2
84 92 10 7
84 94 4 3
84 95 10 3
84 96 3 9
84 97 10 6
84 98 5 10
84 99 7 6
85 86 6 5
85 87 2 2
85 88 5 7
85 89 7 7
85 91 4 9
85 92 4 8
85 93 9 1
85 94 5 6
85 95 6 8
85 96 7 7
85 97 8 3
85 98 9 2
85 99 8 9
85 100 1 10
86 87 4 5
86 89 5 4
86 91 3 2
86 92 7 6
86 93 3 4
86 94 9 8
86 96 7 10
86 97 2 9
86 98 6 7
86 99 3 2
86 100 7 9
87 88 3 1
87 89 10 10
87 91 7 9
87 92 6 5
87 93 2 7
87 94 4 2
87 95 9 4
87 96 5 5
87 98 6 5
87 99 4 3
87 100 5 5
88 89 5 8
88 90 9 9
88 91 8 4
88 92 1 5
88 93 9 2
88 95 6 10
88 96 3 7
88 97 3 10
88 99 1 9
88 100 3 6
89 91 4 5
89 92 1 4
89 93 1 3
89 94 8 6
89 95 7 8
89 96 1 5
89 97 8 10
89 98 9 10
89 99 6 6
89 100 8 10
90 91 1 3
90 92 8 2
90 93 2 5
90 94 10 1
90 98 9 9
90 100 3 8
91 92 10 9
91 93 1 6
91 94 5 6
91 96 8 4
91 97 5 7
91 98 5 9
91 99 2 3
91 100 1 1
92 93 4 7
92 94 5 5
92 95 4 10
92 96 4 3
92 99 3 3
92 100 4 8
93 94 4 9
93 95 3 8
93 97 2 9
93 98 2 9
93 99 5 2
93 100 10 10
94 95 7 3
94 96 4 8
94 97 7 8
94 100 3 3
95 96 4 4
95 97 7 4
95 98 3 5
95 99 7 5
95 100 7 6
96 97 4 6
97 98 10 5
97 99 7 4
97 100 7 4
98 99 3 5
98 100 3 7
99 100 6 7
1
1 2 3 4 5 6 7 8 9 10 11 12 13 14 15 16 17 18 19 20 21 22 23 24 25 26 27 28 29 30 31 32 33 34 35 36 37 38 39 40 41 42 43 44 45 46 47 48 49 50
