4023
1 2 3 4
1 3 2 4
1 4 8 2
1 5 2 9
1 6 9 5
1 8 1 7
1 10 9 2
1 11 6 8
1 12 9 2
1 13 4 1
1 14 2 4
1 16 9 5
1 18 8 4
1 19 10 10
1 20 9 6
1 21 5 6
1 22 7 2
1 24 1 8
1 25 5 10
1 28 2 10
1 29 4 8
1 30 9 9
1 32 4 2
1 33 1 8
1 34 2 2
1 35 8 2
1 36 4 5
1 37 3 5
1 38 8 1
1 39 10 5
1 40 1 1
1 41 5 10
1 42 3 2
1 43 1 5
1 46 2 1
1 47 7 5
1 48 6 3
1 50 6 10
1 51 2 5
1 53 10 10
1 54 2 9
1 55 6 6
1 56 1 5
1 57 4 8
1 59 1 10
1 61 3 5
1 62 6 3
1 63 1 9
1 64 1 8
1 66 5 7
1 67 7 8
1 68 5 4
1 69 6 6
1 70 7 4
1 72 5 6
1 73 4 7
1 76 4 1
1 77 4 10
1 78 2 8
1 79 10 3
1 80 7 1
1 82 4 10
1 83 6 1
1 85 2 4
1 86 3 9
1 87 10 5
1 88 8 1
1 89 5 7
1 90 4 2
1 91 1 6
1 92 10 2
1 93 5 6
1 94 8 2
1 95 10 5
1 96 5 4
1 97 2 2
1 98 4 4
1 100 1 1
2 3 1 10
2 4 8 5
2 6 3 10
2 7 6 4
2 8 7 7
2 9 9 2
2 10 10 1
2 11 2 9
2 12 10 3
2 13 2 8
2 14 7 9
2 15 3 3
2 16 1 8
2 17 8 1
2 18 4 4
2 19 9 4
2 21 10 10
2 22 7 6
2 23 6 10
2 25 10 7
2 26 1 3
2 27 7 1
2 28 10 5
2 29 1 5
2 30 6 2
2 31 3 8
2 32 6 5
2 33 6 1
2 34 7 6
2 37 7 8
2 38 5 6
2 39 6 8
2 40 10 7
2 42 4 5
2 43 4 9
2 44 10 2
2 45 4 8
2 46 5 7
2 47 7 7
2 48 6 6
2 49 6 9
2 50 8 3
2 51 5 4
2 52 4 6
2 53 2 4
2 54 4 7
2 55 6 5
2 56 4 2
2 57 5 3
2 58 3 2
2 59 4 10
2 60 4 9
2 62 5 6
2 63 3 3
2 65 4 10
2 66 2 8
2 68 10 9
2 71 3 5
2 73 3 9
2 74 9 2
2 75 10 4
2 76 3 9
2 78 4 1
2 81 2 4
2 82 6 7
2 83 5 3
2 84 8 6
2 85 9 7
2 88 2 3
2 90 2 7
2 91 4 3
2 92 7 10
2 93 9 7
2 94 1 8
2 95 3 6
2 96 5 6
2 100 1 10
3 5 9 9
3 6 2 4
3 7 4 1
3 8 5 1
3 9 9 2
3 10 10 10
3 11 1 8
3 12 6 10
3 13 1 4
3 14 7 1
3 15 7 9
3 16 9 1
3 18 4 7
3 20 6 6
3 21 2 6
3 22 4 8
3 23 5 5
3 24 6 10
3 25 6 7
3 26 8 2
3 27 10 7
3 28 5 7
3 29 7 7
3 30 8 1
3 31 10 3
3 32 10 8
3 33 9 4
3 34 4 4
3 35 2 7
3 36 3 4
3 37 3 7
3 38 3 10
3 39 4 9
3 40 8 5
3 41 7 6
3 42 9 6
3 43 9 5
3 44 7 4
3 45 8 3
3 46 6 9
3 47 6 3
3 48 7 5
3 49 4 3
3 52 8 4
3 53 6 4
3 56 3 8
3 57 5 5
3 58 7 5
3 60 5 7
3 61 5 3
3 62 5 3
3 63 7 3
3 64 7 6
3 65 2 5
3 66 6 8
3 67 10 10
3 69 5 7
3 70 5 9
3 71 6 5
3 72 4 8
3 76 8 6
3 77 1 8
3 79 10 3
3 81 6 2
3 82 8 2
3 83 10 5
3 84 5 9
3 85 6 4
3 87 2 7
3 88 4 6
3 89 2 1
3 90 2 4
3 91 4 8
3 92 2 8
3 94 8 4
3 95 8 7
3 96 3 2
3 97 10 8
3 98 8 9
4 5 8 10
4 7 10 7
4 9 9 6
4 11 9 9
4 12 6 10
4 14 7 2
4 15 1 8
4 17 10 9
4 18 10 2
4 19 9 6
4 20 3 1
4 21 9 5
4 22 4 4
4 23 5 6
4 24 7 7
4 27 3 10
4 28 3 10
4 29 5 7
4 30 10 8
4 32 3 4
4 34 2 4
4 35 3 4
4 38 9 9
4 39 10 10
4 40 6 4
4 41 5 7
4 42 4 7
4 43 6 10
4 44 10 6
4 45 8 8
4 46 5 6
4 47 1 1
4 48 10 1
4 49 3 8
4 50 10 10
4 51 6 7
4 55 5 5
4 56 4 10
4 57 6 8
4 58 10 8
4 59 4 8
4 60 10 1
4 62 7 8
4 64 2 2
4 66 10 10
4 67 7 6
4 68 8 6
4 69 7 8
4 70 7 4
4 71 1 5
4 73 10 1
4 74 9 7
4 75 4 8
4 76 4 4
4 77 9 8
4 78 1 1
4 79 1 9
4 80 4 6
4 81 2 8
4 82 8 9
4 83 8 6
4 84 7 9
4 85 6 8
4 86 1 2
4 87 8 10
4 88 10 7
4 89 1 9
4 90 9 5
4 91 4 2
4 92 8 2
4 94 9 8
4 95 6 3
4 96 3 1
4 97 9 6
4 98 6 2
4 99 5 7
4 100 7 4
5 6 3 7
5 7 7 5
5 8 8 6
5 9 4 7
5 10 4 2
5 11 2 2
5 12 5 1
5 15 7 9
5 16 6 9
5 17 8 2
5 18 9 8
5 20 4 3
5 21 5 10
5 22 10 4
5 23 4 2
5 25 10 9
5 27 1 8
5 28 10 2
5 29 7 9
5 30 5 9
5 32 3 3
5 34 8 9
5 36 6 10
5 37 9 9
5 38 4 10
5 40 4 7
5 41 4 7
5 42 8 10
5 43 8 8
5 45 2 8
5 46 4 2
5 47 7 7
5 48 1 6
5 50 3 9
5 51 6 4
5 53 9 2
5 54 1 10
5 55 4 5
5 56 8 5
5 57 2 2
5 58 10 8
5 59 5 7
5 61 7 10
5 62 4 5
5 63 8 6
5 64 9 9
5 65 5 9
5 66 1 8
5 67 2 5
5 68 5 1
5 69 8 10
5 70 2 9
5 71 7 3
5 74 4 4
5 75 9 5
5 76 1 4
5 79 4 9
5 80 9 5
5 83 3 10
5 84 6 5
5 86 2 2
5 87 3 7
5 89 2 2
5 91 6 2
5 92 8 7
5 93 9 5
5 94 3 3
5 95 6 9
5 96 4 5
5 98 6 4
5 100 5 1
6 7 8 10
6 8 7 5
6 9 10 3
6 10 7 8
6 11 4 2
6 12 4 8
6 13 4 5
6 14 4 7
6 17 5 5
6 19 8 4
6 21 3 7
6 22 4 1
6 23 7 3
6 25 10 3
6 26 8 5
6 27 7 8
6 28 8 3
6 29 10 6
6 30 1 6
6 31 7 1
6 32 4 9
6 33 6 6
6 34 4 3
6 37 7 9
6 38 7 10
6 39 10 3
6 40 7 1
6 41 9 4
6 42 6 8
6 43 7 3
6 44 9 2
6 47 1 6
6 48 1 3
6 49 10 7
6 50 10 4
6 51 6 7
6 52 10 9
6 53 8 5
6 54 6 5
6 55 10 1
6 58 1 9
6 59 6 1
6 60 5 1
6 61 8 2
6 62 5 2
6 63 8 7
6 64 6 9
6 65 4 6
6 66 7 8
6 68 5 2
6 69 1 7
6 71 10 10
6 72 9 4
6 73 4 7
6 74 6 10
6 76 5 9
6 77 2 5
6 78 5 1
6 79 4 10
6 80 7 4
6 81 3 9
6 82 10 6
6 83 10 7
6 85 4 10
6 86 8 7
6 88 4 1
6 89 3 3
6 90 1 1
6 91 10 1
6 92 9 8
6 93 2 9
6 94 1 10
6 97 6 7
6 99 1 2
6 100 10 7
7 8 1 8
7 9 10 2
7 10 2 2
7 12 7 10
7 13 4 5
7 14 3 10
7 15 8 3
7 16 10 9
7 17 1 8
7 18 8 9
7 19 6 8
7 20 7 4
7 21 1 1
7 22 10 8
7 23 6 4
7 27 10 2
7 28 9 7
7 30 6 6
7 31 10 3
7 32 4 9
7 33 2 3
7 34 9 1
7 35 10 1
7 36 4 1
7 37 9 9
7 38 1 5
7 40 4 5
7 41 7 7
7 42 3 3
7 43 6 2
7 44 9 8
7 45 5 5
7 46 8 9
7 48 2 6
7 49 4 5
7 50 7 9
7 51 2 5
7 52 1 8
7 55 1 4
7 57 8 2
7 58 9 10
7 61 3 7
7 63 10 6
7 64 1 3
7 65 5 1
7 66 6 6
7 67 10 5
7 70 4 1
7 71 5 7
7 72 2 9
7 73 9 2
7 74 5 5
7 75 5 4
7 76 6 7
7 77 1 8
7 78 10 6
7 79 10 10
7 82 10 8
7 83 1 7
7 84 6 3
7 85 10 8
7 86 7 5
7 87 7 1
7 88 5 8
7 89 4 6
7 90 1 6
7 91 10 9
7 92 5 2
7 93 9 5
7 94 5 5
7 96 6 4
7 98 9 7
7 99 2 1
7 100 8 5
8 9 1 7
8 10 3 7
8 11 6 4
8 12 8 1
8 13 6 3
8 15 3 8
8 16 10 5
8 17 3 4
8 18 7 3
8 19 5 7
8 20 3 10
8 21 1 8
8 22 8 3
8 24 10 7
8 25 10 1
8 26 5 8
8 28 9 9
8 30 4 9
8 31 4 8
8 32 7 9
8 33 3 1
8 34 5 4
8 35 1 5
8 36 5 7
8 37 9 4
8 38 10 8
8 39 5 4
8 40 3 1
8 41 9 5
8 42 2 5
8 43 9 5
8 44 5 4
8 45 6 9
8 46 10 8
8 47 10 3
8 49 3 1
8 50 6 10
8 51 2 10
8 52 3 4
8 53 1 10
8 54 8 4
8 55 3 2
8 57 4 7
8 58 3 1
8 59 8 6
8 60 10 9
8 61 10 7
8 62 7 10
8 63 2 2
8 64 6 6
8 65 6 6
8 66 8 3
8 67 1 9
8 69 4 1
8 70 3 8
8 71 1 2
8 72 5 4
8 73 6 3
8 74 10 8
8 75 1 2
8 76 5 3
8 77 5 10
8 78 2 10
8 79 4 8
8 80 6 5
8 83 10 9
8 84 4 3
8 85 7 8
8 86 1 7
8 87 1 8
8 90 4 5
8 91 3 10
8 92 2 9
8 93 1 3
8 94 3 5
8 96 2 6
8 98 1 8
8 99 3 4
8 100 3 8
9 10 9 10
9 12 10 10
9 13 9 9
9 14 6 10
9 15 2 8
9 16 8 5
9 17 3 2
9 18 1 7
9 19 5 3
9 20 10 8
9 21 6 6
9 22 5 3
9 23 7 9
9 24 6 6
9 26 6 3
9 27 5 9
9 28 8 6
9 29 6 10
9 30 1 8
9 31 6 3
9 32 1 1
9 33 8 6
9 34 8 10
9 38 5 6
9 40 1 10
9 41 5 10
9 42 8 5
9 43 3 9
9 44 9 9
9 45 7 1
9 47 3 4
9 48 4 9
9 49 9 10
9 50 3 7
9 51 10 7
9 52 1 7
9 53 9 5
9 55 9 2
9 56 8 5
9 57 2 10
9 58 7 8
9 59 8 1
9 60 10 3
9 61 5 2
9 62 6 6
9 63 10 2
9 64 4 6
9 65 1 8
9 66 7 9
9 67 10 6
9 68 9 10
9 69 4 2
9 70 4 3
9 71 8 3
9 72 9 10
9 73 5 4
9 75 2 10
9 76 9 3
9 77 8 4
9 79 7 7
9 80 3 4
9 82 7 5
9 83 6 6
9 85 2 10
9 86 9 1
9 88 4 3
9 89 9 9
9 90 3 3
9 91 4 1
9 92 5 5
9 94 3 6
9 97 5 8
9 98 2 1
9 99 5 8
9 100 6 1
10 12 2 10
10 13 2 9
10 14 3 3
10 15 7 2
10 16 2 2
10 17 10 9
10 18 5 3
10 19 5 2
10 20 5 3
10 21 10 1
10 22 6 2
10 26 5 7
10 27 7 9
10 28 5 6
10 30 9 6
10 31 1 2
10 32 4 7
10 33 9 4
10 34 7 10
10 35 3 5
10 36 10 3
10 37 9 10
10 38 9 6
10 39 3 6
10 40 3 9
10 41 10 7
10 42 1 3
10 43 10 2
10 45 8 8
10 46 4 10
10 47 1 3
10 48 9 7
10 49 6 3
10 50 4 2
10 52 3 9
10 53 7 6
10 54 2 5
10 56 5 2
10 57 1 1
10 60 6 8
10 61 10 2
10 62 9 8
10 63 3 4
10 64 9 1
10 66 4 10
10 67 2 1
10 69 6 1
10 70 7 8
10 71 3 1
10 72 6 4
10 73 10 8
10 74 8 2
10 75 9 9
10 76 1 1
10 77 9 7
10 78 6 1
10 79 4 5
10 80 9 1
10 81 7 3
10 82 6 1
10 83 6 3
10 84 7 8
10 85 2 5
10 86 10 4
10 87 5 1
10 89 8 3
10 90 9 1
10 91 4 9
10 93 10 1
10 94 2 7
10 95 6 2
10 96 8 2
10 97 10 7
10 98 7 2
10 99 6 1
10 100 3 5
11 12 8 7
11 13 10 5
11 14 7 1
11 15 4 10
11 16 2 2
11 17 2 4
11 18 4 8
11 19 5 5
11 20 2 10
11 21 8 1
11 22 1 10
11 23 4 10
11 24 3 9
11 25 8 8
11 26 7 7
11 27 1 3
11 29 1 9
11 30 2 3
11 31 8 3
11 34 5 8
11 35 10 7
11 36 1 5
11 37 3 9
11 38 2 1
11 39 2 10
11 43 2 4
11 44 10 2
11 45 7 8
11 46 10 6
11 47 1 8
11 48 10 4
11 49 7 2
11 50 4 8
11 51 10 3
11 52 8 7
11 53 5 8
11 54 10 7
11 55 2 3
11 56 7 10
11 57 3 8
11 58 10 1
11 59 2 8
11 60 4 6
11 61 1 10
11 62 3 6
11 63 10 10
11 65 7 2
11 66 5 10
11 67 1 10
11 68 6 6
11 69 6 3
11 70 1 2
11 72 3 2
11 73 7 3
11 74 7 8
11 75 5 4
11 76 2 3
11 77 1 4
11 78 8 7
11 79 5 10
11 80 5 5
11 81 5 3
11 82 4 2
11 83 2 6
11 84 8 9
11 86 2 10
11 87 2 6
11 88 5 10
11 89 2 9
11 90 10 10
11 91 1 2
11 92 4 6
11 93 9 7
11 94 3 10
11 95 1 3
11 96 1 2
11 97 10 6
11 99 6 9
11 100 3 9
12 13 5 6
12 14 8 7
12 15 3 1
12 16 9 6
12 17 6 6
12 18 8 1
12 19 2 7
12 20 2 8
12 21 2 7
12 23 5 9
12 24 6 10
12 25 9 9
12 26 4 2
12 28 2 3
12 29 5 9
12 30 7 6
12 31 7 2
12 32 5 4
12 33 4 10
12 34 3 4
12 35 8 6
12 36 8 4
12 37 7 9
12 39 2 10
12 40 6 5
12 44 3 3
12 45 4 10
12 47 6 8
12 50 4 6
12 51 9 2
12 52 1 3
12 53 5 3
12 55 5 5
12 56 6 5
12 57 1 1
12 58 2 8
12 59 1 7
12 60 2 3
12 61 7 1
12 62 6 7
12 63 2 5
12 65 9 2
12 66 4 5
12 67 6 9
12 68 6 8
12 70 10 3
12 71 2 6
12 73 8 2
12 74 9 2
12 76 4 10
12 77 3 5
12 78 5 6
12 81 9 10
12 82 2 6
12 83 9 5
12 85 2 10
12 86 9 2
12 87 3 3
12 91 5 7
12 92 8 10
12 93 3 4
12 94 6 2
12 95 4 6
12 97 5 5
12 98 10 5
12 99 5 2
13 15 10 5
13 17 6 6
13 18 2 9
13 19 7 6
13 20 4 10
13 21 2 6
13 23 8 9
13 24 6 1
13 25 8 1
13 27 1 9
13 29 10 2
13 30 10 8
13 31 3 1
13 32 4 3
13 33 1 9
13 34 9 10
13 36 7 2
13 37 1 8
13 38 7 1
13 40 10 7
13 41 7 5
13 42 6 5
13 43 2 1
13 44 3 8
13 45 1 9
13 46 6 4
13 47 9 8
13 48 9 6
13 49 5 10
13 50 3 9
13 52 6 7
13 53 6 4
13 54 7 2
13 55 8 3
13 57 8 3
13 58 7 7
13 59 10 5
13 60 5 2
13 61 5 1
13 62 9 10
13 63 10 2
13 64 6 1
13 65 1 6
13 66 6 1
13 67 7 7
13 69 3 7
13 70 3 3
13 71 7 9
13 72 8 1
13 73 4 4
13 74 4 7
13 76 3 2
13 77 2 2
13 79 10 9
13 80 10 4
13 81 8 3
13 82 2 4
13 83 9 5
13 84 10 4
13 85 5 2
13 86 4 1
13 87 2 9
13 88 5 8
13 91 10 4
13 92 2 5
13 93 10 6
13 94 7 10
13 95 10 4
13 97 4 9
13 100 8 3
14 15 3 4
14 16 4 3
14 17 2 10
14 18 6 3
14 19 9 10
14 20 9 6
14 21 7 7
14 22 2 1
14 24 2 10
14 25 4 4
14 26 3 1
14 27 2 2
14 28 7 5
14 31 7 1
14 32 5 2
14 33 6 1
14 34 4 9
14 35 8 1
14 39 2 10
14 40 9 9
14 41 5 3
14 42 6 7
14 45 8 5
14 46 1 2
14 47 2 4
14 48 2 1
14 49 3 9
14 50 7 1
14 51 10 3
14 52 6 1
14 53 3 10
14 54 7 7
14 55 5 7
14 56 2 8
14 57 5 1
14 58 8 9
14 59 10 1
14 60 1 7
14 61 6 5
14 63 7 1
14 65 4 10
14 66 9 6
14 67 8 10
14 68 6 10
14 69 10 8
14 70 3 3
14 71 5 3
14 74 10 8
14 75 4 6
14 76 10 3
14 77 4 3
14 78 2 4
14 79 4 1
14 80 9 10
14 81 3 3
14 82 5 6
14 83 10 8
14 84 1 7
14 86 3 10
14 87 7 10
14 88 6 8
14 89 4 10
14 90 1 5
14 91 1 10
14 92 1 1
14 93 6 3
14 94 9 5
14 95 5 1
14 96 4 10
14 97 9 2
14 99 5 6
14 100 3 7
15 16 8 3
15 17 4 3
15 18 8 1
15 19 3 2
15 20 4 2
15 21 6 4
15 22 10 5
15 23 2 9
15 24 9 10
15 25 2 4
15 26 9 5
15 28 8 6
15 30 8 4
15 31 10 5
15 32 2 5
15 33 8 3
15 34 4 1
15 35 6 1
15 36 1 1
15 37 4 6
15 38 8 10
15 39 2 3
15 40 1 10
15 41 5 5
15 42 9 9
15 43 8 9
15 44 4 6
15 45 7 1
15 46 5 9
15 47 8 7
15 48 4 1
15 49 7 9
15 51 2 5
15 52 9 5
15 54 2 9
15 55 2 2
15 56 9 1
15 57 6 2
15 58 2 9
15 59 6 7
15 60 7 9
15 62 5 5
15 63 9 10
15 64 4 3
15 65 3 7
15 66 3 3
15 67 10 2
15 68 1 4
15 69 2 1
15 70 6 4
15 71 10 1
15 72 8 3
15 73 8 4
15 74 2 10
15 75 4 6
15 76 1 10
15 77 6 1
15 78 10 4
15 79 5 3
15 80 2 8
15 81 8 3
15 82 2 2
15 83 4 7
15 84 4 9
15 86 8 6
15 87 5 7
15 88 9 4
15 90 9 9
15 91 2 3
15 92 6 10
15 93 2 5
15 95 8 3
15 96 10 8
15 97 4 1
15 98 3 4
15 99 9 5
15 100 4 7
16 17 6 9
16 18 9 8
16 19 4 8
16 20 2 5
16 21 6 10
16 22 2 3
16 23 10 7
16 25 3 5
16 27 8 4
16 29 9 8
16 30 2 10
16 32 3 2
16 33 9 3
16 34 1 7
16 35 2 6
16 36 4 9
16 37 6 8
16 38 8 7
16 39 5 3
16 40 7 3
16 41 5 9
16 44 8 8
16 45 9 9
16 46 3 2
16 47 2 8
16 48 2 1
16 49 1 7
16 50 7 2
16 51 4 5
16 52 8 9
16 53 2 7
16 54 1 7
16 55 3 10
16 56 8 10
16 57 5 5
16 58 3 6
16 59 9 3
16 60 2 5
16 61 9 4
16 62 1 7
16 64 10 8
16 65 6 3
16 66 3 2
16 68 8 9
16 70 2 10
16 71 5 8
16 72 9 8
16 73 3 2
16 74 5 9
16 76 2 7
16 77 8 3
16 79 9 8
16 80 9 2
16 82 10 10
16 83 5 2
16 84 3 7
16 85 8 9
16 86 4 4
16 87 3 7
16 89 10 6
16 90 4 6
16 91 9 5
16 92 6 7
16 93 6 5
16 94 2 3
16 96 2 7
16 97 5 5
16 98 1 8
16 99 10 10
16 100 8 3
17 18 9 3
17 19 7 10
17 20 8 9
17 21 7 4
17 22 2 8
17 23 1 8
17 26 9 3
17 27 4 9
17 28 9 8
17 29 2 7
17 30 8 3
17 31 10 5
17 32 9 6
17 33 5 9
17 34 3 8
17 35 3 5
17 36 1 5
17 38 5 8
17 39 5 9
17 40 3 4
17 41 4 2
17 42 3 9
17 43 3 2
17 44 10 6
17 46 8 2
17 47 9 3
17 48 8 1
17 50 5 3
17 51 4 7
17 52 5 9
17 53 5 3
17 55 9 4
17 56 1 4
17 58 2 8
17 59 9 10
17 61 9 8
17 63 6 9
17 64 9 3
17 66 3 8
17 67 1 5
17 68 8 10
17 69 1 1
17 70 9 5
17 71 2 1
17 72 7 6
17 73 5 7
17 74 1 5
17 75 2 1
17 76 10 7
17 77 8 4
17 78 6 1
17 79 10 10
17 80 9 1
17 81 3 2
17 82 2 9
17 84 10 4
17 85 9 3
17 86 9 5
17 87 8 4
17 88 4 8
17 89 4 3
17 90 1 9
17 91 8 9
17 92 4 4
17 94 7 3
17 95 2 9
17 96 9 3
17 97 3 5
17 98 1 1
17 99 8 5
17 100 4 7
18 20 1 10
18 21 6 10
18 22 2 6
18 23 10 4
18 25 3 4
18 26 8 2
18 27 7 10
18 28 3 3
18 31 3 8
18 33 9 2
18 34 8 2
18 35 8 5
18 36 3 8
18 38 10 3
18 39 10 5
18 41 3 9
18 42 1 4
18 43 7 1
18 44 9 4
18 45 10 7
18 46 4 1
18 47 4 9
18 48 10 9
18 49 5 3
18 50 7 3
18 51 9 3
18 52 10 2
18 53 1 10
18 54 3 7
18 55 2 10
18 57 9 8
18 58 3 5
18 59 5 2
18 60 6 4
18 61 7 6
18 62 2 6
18 65 10 8
18 66 3 5
18 67 2 7
18 68 5 10
18 70 9 2
18 71 9 4
18 72 2 2
18 73 10 5
18 75 10 1
18 77 6 10
18 78 4 6
18 79 8 2
18 80 1 3
18 81 2 7
18 82 1 3
18 84 2 5
18 85 1 7
18 86 1 9
18 87 10 5
18 88 3 10
18 90 6 10
18 92 10 4
18 93 7 2
18 94 9 7
18 95 9 7
18 97 7 10
18 98 6 6
18 99 10 3
18 100 1 3
19 21 6 5
19 22 8 4
19 23 1 2
19 25 3 9
19 27 2 6
19 28 2 3
19 29 8 6
19 30 5 3
19 31 6 3
19 32 7 3
19 33 3 7
19 34 5 1
19 35 9 8
19 37 6 3
19 38 10 10
19 39 3 2
19 40 4 10
19 41 6 4
19 42 7 3
19 43 9 2
19 44 4 10
19 45 6 8
19 47 7 10
19 48 4 1
19 49 9 3
19 50 1 8
19 51 7 9
19 52 6 8
19 53 3 2
19 54 6 7
19 56 10 5
19 57 6 3
19 60 7 9
19 63 3 2
19 64 10 6
19 65 4 1
19 66 6 2
19 67 10 4
19 69 7 2
19 71 4 9
19 73 3 3
19 74 9 3
19 75 3 3
19 76 4 9
19 77 9 2
19 78 5 3
19 79 10 4
19 80 10 4
19 81 10 9
19 82 6 1
19 83 8 4
19 84 3 2
19 87 4 10
19 88 2 9
19 89 1 6
19 90 8 7
19 91 8 8
19 92 5 5
19 93 6 7
19 94 10 4
19 96 6 3
19 97 8 10
19 98 7 4
19 99 4 8
19 100 10 5
20 21 10 2
20 22 8 9
20 23 1 9
20 25 3 1
20 27 10 5
20 28 10 5
20 29 10 2
20 30 1 1
20 32 8 9
20 33 6 7
20 34 3 8
20 35 6 7
20 36 8 10
20 38 10 3
20 39 6 1
20 43 10 4
20 44 5 2
20 45 7 2
20 46 9 8
20 48 2 1
20 49 8 3
20 52 2 5
20 53 3 10
20 54 3 10
20 55 6 10
20 56 9 2
20 57 10 6
20 58 7 4
20 59 8 7
20 61 2 4
20 62 9 7
20 63 3 9
20 64 5 9
20 65 3 4
20 66 7 1
20 69 5 10
20 70 1 3
20 72 7 10
20 73 7 3
20 74 6 6
20 75 4 6
20 77 10 2
20 80 5 2
20 81 6 5
20 82 9 1
20 83 2 7
20 84 1 8
20 85 9 4
20 86 3 3
20 87 8 1
20 88 3 10
20 89 5 6
20 91 6 7
20 92 2 1
20 93 10 2
20 94 5 6
20 96 8 9
20 97 7 5
20 98 7 3
20 99 8 8
20 100 4 5
21 23 8 2
21 24 1 6
21 25 4 5
21 26 9 9
21 27 3 4
21 28 3 2
21 29 10 5
21 30 6 1
21 33 2 6
21 34 6 1
21 35 8 4
21 36 4 7
21 37 9 8
21 38 2 4
21 39 3 2
21 41 5 8
21 44 6 8
21 45 6 4
21 46 7 8
21 47 6 9
21 48 1 7
21 49 4 10
21 50 1 7
21 51 8 7
21 52 7 1
21 53 9 1
21 55 5 5
21 57 4 9
21 58 1 1
21 59 1 3
21 60 10 6
21 62 10 6
21 63 2 6
21 65 7 3
21 66 3 7
21 67 3 9
21 68 7 1
21 70 10 6
21 73 2 3
21 74 10 4
21 75 7 10
21 77 7 6
21 79 9 5
21 81 3 8
21 82 1 4
21 83 2 2
21 84 5 4
21 85 8 3
21 86 3 6
21 87 3 3
21 88 10 2
21 89 9 4
21 90 6 2
21 91 2 7
21 95 1 1
21 96 6 4
21 97 5 9
21 98 6 1
21 99 5 1
21 100 7 9
22 23 4 5
22 24 8 5
22 25 3 8
22 27 5 8
22 28 4 9
22 30 5 7
22 31 10 5
22 32 7 6
22 33 3 5
22 34 3 9
22 37 1 9
22 38 6 4
22 39 5 4
22 40 8 8
22 42 8 4
22 43 6 3
22 44 6 10
22 45 2 1
22 46 4 7
22 47 9 1
22 48 6 9
22 49 8 10
22 50 9 10
22 52 10 3
22 53 2 8
22 54 5 1
22 56 1 1
22 57 4 7
22 61 5 2
22 62 3 1
22 63 7 7
22 64 7 6
22 65 7 6
22 66 9 6
22 67 3 10
22 68 5 7
22 69 4 7
22 70 1 2
22 71 5 6
22 72 6 5
22 74 10 2
22 75 5 8
22 76 6 3
22 77 1 8
22 78 1 4
22 79 7 4
22 80 6 6
22 81 3 1
22 82 1 8
22 83 5 3
22 84 8 8
22 86 1 10
22 87 6 1
22 88 5 10
22 90 3 7
22 91 2 10
22 92 5 4
22 93 4 8
22 94 8 5
22 95 1 4
22 96 1 2
22 97 10 2
22 98 3 8
23 24 6 10
23 26 10 3
23 27 3 9
23 28 4 5
23 29 8 5
23 30 3 4
23 31 2 7
23 32 1 3
23 33 8 1
23 35 1 3
23 36 4 1
23 37 9 2
23 38 6 3
23 39 10 2
23 40 5 8
23 41 7 6
23 42 7 10
23 43 8 3
23 44 6 7
23 45 2 10
23 46 8 6
23 47 9 1
23 48 4 8
23 49 2 4
23 50 4 5
23 51 6 6
23 53 4 6
23 54 6 3
23 55 10 7
23 56 8 6
23 57 8 7
23 59 5 6
23 60 6 10
23 62 3 1
23 63 6 5
23 64 10 3
23 65 3 7
23 66 9 1
23 67 8 5
23 68 1 8
23 69 5 4
23 70 3 4
23 71 1 1
23 72 8 6
23 73 9 7
23 77 4 9
23 78 4 1
23 79 4 1
23 80 3 8
23 81 6 3
23 82 10 9
23 83 9 4
23 84 7 7
23 85 9 1
23 86 1 4
23 87 9 10
23 88 9 3
23 89 3 4
23 92 1 1
23 93 2 3
23 94 1 8
23 95 2 8
23 96 6 9
23 97 3 3
23 99 2 4
23 100 10 2
24 25 8 3
24 26 10 9
24 27 5 1
24 28 6 4
24 29 8 7
24 30 1 3
24 31 1 1
24 32 2 9
24 33 10 5
24 35 1 5
24 36 9 4
24 37 8 4
24 38 6 4
24 39 7 8
24 40 1 8
24 42 7 8
24 44 10 4
24 45 4 4
24 46 5 3
24 47 9 9
24 48 1 6
24 49 9 10
24 50 8 6
24 51 2 9
24 52 10 8
24 53 4 8
24 55 2 9
24 56 6 3
24 57 4 7
24 58 1 4
24 60 10 10
24 61 1 6
24 62 6 1
24 63 2 2
24 64 8 2
24 65 8 7
24 66 5 6
24 68 6 2
24 69 10 2
24 70 7 3
24 73 2 8
24 74 5 3
24 75 5 1
24 76 1 8
24 77 5 8
24 79 6 8
24 80 3 8
24 81 5 6
24 82 8 3
24 83 3 6
24 84 4 4
24 85 7 5
24 86 4 5
24 87 7 10
24 88 5 4
24 90 4 10
24 91 2 4
24 93 10 1
24 94 8 9
24 95 6 1
24 96 4 6
24 97 10 2
24 98 10 3
24 99 8 5
24 100 2 4
25 26 8 10
25 27 4 1
25 29 5 4
25 30 9 1
25 32 4 4
25 33 5 6
25 34 6 3
25 35 10 1
25 36 1 3
25 37 5 10
25 38 3 3
25 39 10 2
25 40 3 4
25 41 3 3
25 42 4 3
25 43 9 2
25 44 7 3
25 46 1 3
25 47 1 7
25 48 5 2
25 49 8 1
25 51 9 6
25 52 9 3
25 53 10 9
25 55 2 4
25 56 2 4
25 57 4 9
25 58 2 10
25 59 8 10
25 60 8 10
25 61 4 6
25 62 6 9
25 63 1 1
25 65 4 3
25 66 1 3
25 67 4 8
25 69 5 2
25 70 7 1
25 72 4 2
25 73 10 3
25 74 1 5
25 75 2 4
25 76 10 2
25 77 3 10
25 78 7 6
25 80 8 10
25 81 2 3
25 82 1 7
25 83 10 5
25 84 6 2
25 85 10 6
25 86 8 2
25 87 4 1
25 89 5 9
25 90 10 4
25 91 10 10
25 92 9 5
25 93 6 6
25 94 1 2
25 95 2 1
25 96 6 1
25 97 2 10
25 99 10 3
25 100 5 9
26 27 8 8
26 28 4 8
26 29 5 10
26 31 2 9
26 34 7 10
26 35 1 7
26 37 9 9
26 39 5 2
26 40 2 5
26 41 9 7
26 43 1 9
26 44 7 8
26 45 9 3
26 46 3 1
26 47 7 5
26 49 6 2
26 50 2 7
26 51 4 8
26 52 7 8
26 53 1 6
26 54 10 9
26 55 1 1
26 56 5 8
26 58 10 9
26 59 3 2
26 60 7 6
26 61 8 2
26 62 8 9
26 63 3 8
26 64 4 8
26 65 5 9
26 67 4 10
26 68 8 8
26 70 4 10
26 72 8 5
26 74 8 7
26 75 3 6
26 76 7 10
26 79 5 8
26 80 1 6
26 81 5 9
26 82 9 2
26 84 8 5
26 85 8 9
26 86 2 9
26 87 1 4
26 88 7 5
26 90 3 8
26 91 6 2
26 92 7 5
26 93 9 3
26 94 2 7
26 95 2 7
26 96 1 8
26 98 4 5
26 99 1 7
26 100 6 1
27 28 10 1
27 29 1 9
27 31 3 2
27 32 8 3
27 33 4 10
27 34 9 10
27 35 2 4
27 36 5 1
27 37 5 6
27 38 3 8
27 39 4 6
27 40 6 10
27 42 5 8
27 43 5 7
27 46 10 5
27 48 2 3
27 49 5 7
27 50 9 4
27 52 2 10
27 53 3 9
27 54 6 2
27 55 7 5
27 56 4 4
27 58 9 5
27 59 8 8
27 61 10 2
27 63 3 3
27 64 10 1
27 65 2 6
27 66 9 4
27 67 7 9
27 68 8 5
27 70 10 4
27 71 7 3
27 72 2 1
27 73 3 9
27 74 7 9
27 75 3 3
27 76 7 6
27 77 10 5
27 78 4 5
27 80 9 1
27 81 1 2
27 83 8 3
27 84 9 4
27 85 10 4
27 87 5 2
27 88 8 10
27 89 1 7
27 90 2 10
27 91 6 1
27 92 9 8
27 93 6 1
27 94 5 4
27 95 10 8
27 96 3 4
27 97 2 8
27 98 3 8
27 99 5 8
27 100 7 6
28 29 6 9
28 32 6 4
28 33 5 2
28 34 8 8
28 36 10 6
28 38 1 2
28 40 6 5
28 41 10 9
28 42 9 9
28 43 6 7
28 45 8 2
28 46 10 10
28 48 8 5
28 49 9 6
28 50 2 3
28 51 10 4
28 52 10 8
28 55 5 5
28 56 2 4
28 57 5 5
28 58 4 10
28 60 8 10
28 61 3 8
28 62 3 6
28 63 10 8
28 64 7 1
28 65 5 7
28 66 5 2
28 67 3 4
28 68 5 9
28 69 4 2
28 70 10 10
28 71 9 6
28 72 8 5
28 73 1 2
28 74 6 10
28 75 4 5
28 77 7 2
28 78 8 8
28 79 9 8
28 82 7 1
28 83 8 10
28 85 4 9
28 87 1 3
28 88 5 1
28 89 10 2
28 91 2 2
28 92 5 1
28 93 3 3
28 94 1 10
28 95 7 2
28 96 4 3
28 97 1 9
28 98 1 9
28 99 10 9
29 30 7 6
29 31 7 10
29 32 4 3
29 33 3 4
29 34 2 1
29 35 8 4
29 36 10 7
29 37 8 8
29 38 9 1
29 39 3 7
29 42 2 4
29 44 3 10
29 45 3 5
29 46 1 5
29 48 4 4
29 49 8 2
29 50 3 5
29 51 3 5
29 52 8 4
29 53 9 4
29 54 9 10
29 55 9 6
29 56 2 5
29 57 4 2
29 58 7 5
29 59 5 9
29 60 7 5
29 61 5 9
29 63 6 2
29 64 2 6
29 65 10 5
29 66 6 7
29 67 2 1
29 68 1 4
29 69 8 5
29 70 6 8
29 71 6 4
29 72 4 2
29 73 5 3
29 74 10 9
29 76 2 6
29 77 7 1
29 78 5 4
29 81 1 1
29 82 6 5
29 83 10 4
29 84 4 5
29 86 8 1
29 90 2 10
29 91 4 8
29 92 9 4
29 93 1 1
29 94 3 2
29 95 1 10
29 96 6 3
29 97 7 2
29 98 6 10
29 99 1 7
29 100 5 2
30 33 10 9
30 34 4 4
30 35 1 1
30 36 4 9
30 37 5 5
30 40 5 8
30 41 2 9
30 42 3 1
30 44 10 5
30 45 7 9
30 46 8 9
30 47 5 7
30 48 4 8
30 49 4 8
30 51 10 7
30 52 7 3
30 54 6 6
30 55 1 2
30 56 6 8
30 57 2 1
30 58 5 6
30 59 7 7
30 61 10 6
30 62 9 9
30 65 7 8
30 66 4 5
30 67 4 6
30 69 7 1
30 71 1 4
30 72 7 6
30 73 3 1
30 74 4 10
30 75 1 6
30 76 8 4
30 77 4 10
30 78 8 6
30 79 1 2
30 80 4 1
30 81 1 1
30 82 3 7
30 83 1 1
30 84 7 8
30 86 10 10
30 89 3 3
30 90 2 6
30 91 7 6
30 92 8 10
30 93 8 2
30 94 4 7
30 95 5 9
30 96 1 1
30 97 9 8
30 98 7 10
30 100 9 7
31 33 10 1
31 35 10 10
31 36 8 1
31 37 7 5
31 38 3 1
31 39 6 8
31 40 7 8
31 41 8 9
31 42 7 5
31 43 10 8
31 44 1 3
31 46 6 9
31 47 2 8
31 48 6 9
31 49 10 10
31 50 2 3
31 51 6 1
31 52 8 6
31 54 3 7
31 55 2 9
31 56 6 2
31 57 3 10
31 58 9 3
31 59 6 5
31 60 3 10
31 61 9 8
31 62 9 10
31 63 9 1
31 64 7 2
31 65 9 7
31 66 2 2
31 67 7 2
31 69 6 1
31 70 6 2
31 71 10 5
31 72 7 4
31 73 6 8
31 74 1 1
31 75 5 10
31 76 6 4
31 77 8 8
31 78 9 5
31 79 4 7
31 80 2 1
31 81 5 9
31 84 4 6
31 85 1 5
31 86 9 10
31 87 2 7
31 89 9 5
31 90 8 4
31 91 1 3
31 92 1 7
31 93 8 10
31 95 3 2
31 96 3 10
31 97 3 1
31 98 10 2
31 99 1 3
31 100 1 8
32 33 1 2
32 34 10 10
32 35 4 1
32 37 8 1
32 38 6 5
32 39 3 5
32 40 10 8
32 41 6 8
32 42 6 6
32 43 5 7
32 44 6 10
32 45 2 5
32 46 1 1
32 47 5 3
32 48 10 1
32 49 4 7
32 50 1 7
32 51 3 4
32 52 9 7
32 53 9 1
32 54 5 9
32 56 9 1
32 58 4 2
32 59 8 5
32 60 8 2
32 61 1 8
32 63 7 1
32 64 3 1
32 65 2 4
32 66 4 1
32 67 9 2
32 68 2 4
32 69 4 7
32 70 5 10
32 71 10 9
32 72 10 6
32 73 10 8
32 74 6 4
32 75 10 4
32 76 9 9
32 78 2 8
32 79 1 7
32 80 9 8
32 81 2 8
32 82 2 8
32 83 5 7
32 84 6 1
32 85 4 6
32 88 1 9
32 89 3 3
32 90 8 2
32 91 4 9
32 92 1 6
32 94 3 3
32 95 8 8
32 96 2 6
32 97 4 8
32 98 10 1
32 100 6 8
33 34 3 7
33 35 6 10
33 36 9 10
33 37 4 8
33 39 2 9
33 40 8 4
33 41 10 2
33 42 10 3
33 43 3 6
33 44 5 4
33 45 3 9
33 49 5 4
33 50 4 1
33 51 8 6
33 52 3 1
33 53 8 6
33 54 1 2
33 55 2 7
33 56 8 10
33 57 5 10
33 59 5 5
33 60 2 9
33 61 6 5
33 62 5 6
33 63 5 9
33 64 7 2
33 65 3 10
33 67 9 10
33 68 9 1
33 69 5 6
33 70 2 10
33 71 10 10
33 72 8 6
33 73 4 3
33 74 3 9
33 75 3 2
33 76 5 10
33 78 4 3
33 79 6 3
33 80 5 3
33 81 5 9
33 82 8 10
33 84 4 9
33 85 9 1
33 86 8 1
33 87 7 2
33 88 4 9
33 91 5 10
33 92 3 2
33 93 3 4
33 94 10 1
33 95 4 3
33 96 10 6
33 97 2 7
33 98 2 7
33 99 6 10
33 100 6 6
34 35 10 10
34 37 1 8
34 38 8 2
34 39 10 3
34 40 3 1
34 42 4 7
34 43 7 4
34 44 6 8
34 45 4 9
34 46 1 7
34 47 3 7
34 48 4 3
34 49 8 3
34 50 5 3
34 51 1 10
34 52 2 9
34 54 3 6
34 57 9 9
34 58 6 1
34 59 2 2
34 60 6 8
34 61 10 1
34 62 4 1
34 63 2 8
34 64 9 8
34 65 5 10
34 66 2 9
34 70 1 7
34 72 6 3
34 74 9 10
34 75 8 10
34 76 1 6
34 77 3 5
34 79 8 2
34 80 7 9
34 81 4 10
34 82 5 2
34 85 1 8
34 87 5 4
34 89 6 10
34 90 10 5
34 91 4 2
34 93 4 1
34 94 6 9
34 95 5 7
34 96 10 10
34 97 3 7
34 98 5 7
34 99 9 4
34 100 8 3
35 36 5 5
35 37 2 2
35 38 2 9
35 39 3 5
35 40 5 9
35 41 7 5
35 42 8 7
35 43 10 6
35 44 7 10
35 47 9 3
35 48 2 3
35 49 2 5
35 50 8 10
35 51 2 1
35 52 1 9
35 53 8 10
35 54 4 1
35 55 4 10
35 57 9 6
35 58 6 4
35 60 1 7
35 61 10 8
35 62 9 1
35 63 3 10
35 64 2 8
35 65 10 9
35 66 7 10
35 67 8 1
35 68 4 4
35 70 1 2
35 71 10 8
35 72 5 9
35 73 8 7
35 74 2 9
35 76 6 7
35 77 7 1
35 78 6 6
35 79 5 1
35 80 5 3
35 81 5 7
35 83 6 1
35 84 6 10
35 85 6 9
35 86 2 9
35 89 1 6
35 90 6 6
35 92 1 1
35 93 10 5
35 94 3 9
35 95 6 1
35 96 3 6
35 97 3 8
35 98 3 1
35 99 9 4
35 100 2 9
36 38 9 4
36 39 9 2
36 40 7 6
36 41 3 5
36 43 10 1
36 44 7 6
36 45 8 4
36 46 7 2
36 47 9 7
36 49 7 4
36 51 9 1
36 52 6 7
36 53 5 2
36 54 10 7
36 55 9 1
36 56 2 6
36 57 3 9
36 58 10 4
36 59 2 5
36 61 4 10
36 62 5 7
36 64 8 8
36 65 10 8
36 66 9 9
36 67 8 6
36 69 7 10
36 70 10 5
36 71 4 2
36 72 6 6
36 73 1 7
36 74 8 7
36 75 9 5
36 76 10 5
36 77 7 10
36 78 1 6
36 79 8 2
36 80 1 10
36 81 6 8
36 83 6 5
36 84 2 4
36 85 2 2
36 86 2 1
36 88 3 3
36 89 9 2
36 90 2 3
36 92 10 6
36 93 10 3
36 94 6 8
36 95 1 2
36 98 10 8
36 99 4 7
36 100 3 3
37 38 6 2
37 39 10 8
37 40 6 8
37 41 2 1
37 42 1 4
37 43 9 7
37 45 1 8
37 47 1 3
37 48 5 3
37 50 3 2
37 51 1 8
37 52 4 3
37 53 2 9
37 54 5 8
37 55 7 5
37 56 2 7
37 58 9 2
37 59 4 2
37 60 10 6
37 61 2 4
37 63 6 3
37 64 2 9
37 66 9 4
37 67 7 7
37 68 1 5
37 70 7 2
37 71 7 6
37 72 9 3
37 73 10 10
37 74 7 1
37 75 5 3
37 76 6 8
37 77 6 1
37 78 7 10
37 80 5 4
37 81 8 10
37 82 9 10
37 83 9 9
37 84 4 6
37 85 9 5
37 86 2 5
37 87 2 8
37 88 7 1
37 89 6 7
37 91 5 9
37 95 9 4
37 96 1 1
37 98 9 8
37 99 9 4
38 39 7 8
38 40 5 6
38 41 7 9
38 42 5 1
38 43 3 7
38 44 6 7
38 45 3 9
38 46 4 5
38 48 7 4
38 50 4 6
38 51 2 9
38 52 4 4
38 53 8 6
38 54 5 9
38 55 4 4
38 57 6 2
38 58 9 7
38 59 3 7
38 60 10 6
38 61 7 3
38 62 8 1
38 63 5 8
38 64 2 9
38 65 7 5
38 66 1 5
38 67 7 9
38 69 4 4
38 70 1 8
38 72 8 6
38 73 1 8
38 74 1 5
38 75 1 5
38 77 5 8
38 78 7 5
38 80 4 8
38 81 3 9
38 82 9 4
38 84 10 3
38 86 9 3
38 87 5 4
38 88 8 2
38 89 6 9
38 90 2 7
38 92 6 9
38 94 1 2
38 95 3 5
38 96 8 7
38 97 10 4
38 98 2 10
38 99 5 6
39 40 2 1
39 41 4 9
39 42 6 1
39 43 5 6
39 45 7 4
39 46 8 6
39 47 10 7
39 48 3 5
39 49 9 7
39 50 6 2
39 51 2 7
39 52 7 2
39 53 7 9
39 54 7 2
39 55 10 7
39 56 7 2
39 57 3 7
39 58 8 10
39 59 8 6
39 60 1 1
39 61 9 3
39 62 4 6
39 63 4 4
39 64 2 5
39 66 7 4
39 67 5 3
39 68 6 2
39 69 8 8
39 70 4 5
39 71 8 3
39 73 5 3
39 74 2 2
39 75 2 3
39 76 2 10
39 77 1 2
39 78 2 9
39 79 1 9
39 80 1 10
39 81 10 5
39 82 7 4
39 83 2 4
39 84 9 1
39 85 7 1
39 87 1 2
39 88 4 2
39 89 7 10
39 90 9 6
39 91 9 4
39 93 3 9
39 94 5 5
39 96 8 2
39 97 4 1
39 98 4 2
39 99 4 8
39 100 10 9
40 41 5 9
40 42 5 2
40 43 3 3
40 44 3 1
40 45 3 10
40 47 1 6
40 48 10 7
40 49 7 9
40 50 5 7
40 51 10 10
40 52 4 9
40 53 9 8
40 55 5 6
40 56 1 4
40 57 4 10
40 58 6 7
40 59 2 9
40 60 6 1
40 61 8 3
40 62 7 4
40 63 8 8
40 64 9 8
40 66 9 8
40 67 1 5
40 69 1 6
40 70 6 7
40 71 3 5
40 72 9 5
40 73 8 2
40 75 8 8
40 76 5 9
40 77 7 7
40 78 7 3
40 79 3 9
40 80 5 1
40 81 4 6
40 82 8 9
40 83 7 8
40 84 6 9
40 86 3 5
40 87 4 4
40 89 1 6
40 90 1 5
40 91 4 2
40 92 7 3
40 93 7 6
40 94 3 4
40 95 3 4
40 98 9 9
40 100 6 2
41 42 8 2
41 43 2 9
41 44 1 7
41 45 4 9
41 46 3 3
41 47 3 7
41 49 4 1
41 50 1 5
41 52 7 2
41 53 2 10
41 54 5 5
41 55 1 9
41 56 1 4
41 57 2 7
41 58 5 3
41 59 3 6
41 62 8 2
41 63 8 10
41 64 8 8
41 66 10 2
41 67 5 8
41 68 9 8
41 69 2 5
41 70 7 1
41 71 2 2
41 72 4 1
41 73 5 2
41 74 5 1
41 75 10 8
41 76 5 1
41 77 9 7
41 78 1 7
41 79 9 6
41 80 7 9
41 81 6 9
41 82 9 3
41 83 9 10
41 85 6 5
41 86 3 7
41 87 2 10
41 88 9 3
41 89 2 4
41 90 7 7
41 92 7 8
41 93 3 9
41 94 1 4
41 96 6 10
41 97 7 7
41 98 5 8
41 99 9 6
42 43 8 3
42 44 3 9
42 45 8 8
42 47 2 7
42 48 7 9
42 49 8 5
42 50 1 9
42 51 5 7
42 52 7 9
42 53 8 5
42 54 4 1
42 55 5 2
42 56 5 7
42 58 1 5
42 59 1 5
42 60 3 5
42 61 3 2
42 64 8 5
42 65 5 8
42 66 8 1
42 68 8 7
42 69 1 9
42 70 8 7
42 71 3 8
42 72 10 4
42 73 5 2
42 75 1 8
42 76 9 7
42 77 1 6
42 78 4 5
42 79 3 8
42 80 1 5
42 81 3 3
42 82 10 5
42 84 4 6
42 85 8 5
42 86 8 9
42 87 10 2
42 88 10 4
42 89 7 8
42 90 7 7
42 91 10 6
42 92 4 8
42 93 7 6
42 94 8 1
42 95 8 1
42 96 1 3
42 97 9 7
42 98 4 1
42 99 10 3
42 100 10 9
43 44 1 10
43 45 10 7
43 46 2 6
43 47 9 6
43 48 2 4
43 49 9 7
43 51 6 3
43 52 2 1
43 53 5 7
43 54 9 2
43 55 2 3
43 57 9 7
43 58 8 4
43 59 1 6
43 60 9 5
43 62 5 4
43 63 7 8
43 64 7 6
43 65 1 5
43 66 9 9
43 67 10 8
43 68 6 9
43 69 9 8
43 70 10 10
43 71 1 7
43 73 9 3
43 74 3 4
43 75 1 1
43 76 4 5
43 77 4 10
43 78 1 10
43 79 10 6
43 81 5 7
43 82 10 5
43 83 10 6
43 84 4 5
43 85 2 4
43 87 4 10
43 88 2 3
43 89 1 3
43 90 8 1
43 91 7 7
43 93 4 7
43 94 6 6
43 96 6 2
43 97 1 1
43 98 3 6
43 99 4 6
43 100 6 3
44 45 7 5
44 46 7 9
44 47 9 1
44 48 2 10
44 49 9 2
44 50 4 7
44 52 7 5
44 53 8 1
44 54 7 8
44 55 9 7
44 56 9 4
44 57 9 1
44 59 3 10
44 61 2 5
44 62 1 7
44 63 10 2
44 65 3 9
44 66 1 5
44 67 9 5
44 68 9 3
44 69 7 4
44 70 10 10
44 71 7 10
44 72 4 3
44 73 5 4
44 75 6 9
44 76 5 7
44 78 5 1
44 79 7 2
44 80 7 8
44 81 1 7
44 82 1 1
44 83 5 10
44 85 7 9
44 86 8 4
44 87 10 3
44 88 8 3
44 89 1 5
44 91 5 4
44 92 9 10
44 93 10 1
44 94 5 3
44 95 4 9
44 96 10 6
44 97 3 4
44 98 3 2
44 99 8 9
44 100 2 5
45 47 7 3
45 49 9 4
45 50 5 9
45 51 4 8
45 53 3 10
45 54 10 10
45 55 7 3
45 56 10 9
45 57 8 10
45 59 4 10
45 60 10 9
45 61 4 6
45 62 2 8
45 63 3 8
45 64 10 10
45 65 2 10
45 66 10 4
45 67 3 6
45 70 2 1
45 71 7 5
45 72 5 7
45 73 3 6
45 75 8 5
45 76 10 8
45 77 8 7
45 78 9 4
45 79 1 2
45 80 2 8
45 81 3 9
45 82 4 6
45 84 9 3
45 85 1 1
45 87 3 9
45 88 1 2
45 89 9 4
45 90 2 7
45 91 5 8
45 92 3 7
45 94 5 1
45 95 8 10
45 96 9 8
45 97 10 8
45 98 5 8
45 99 6 1
46 48 4 9
46 49 9 5
46 50 9 8
46 51 8 1
46 52 5 10
46 53 1 6
46 54 9 5
46 55 5 9
46 56 5 9
46 57 2 1
46 58 7 7
46 60 10 9
46 61 1 2
46 63 6 2
46 66 4 4
46 67 3 5
46 68 8 7
46 69 5 8
46 70 8 4
46 71 2 3
46 72 9 7
46 73 10 4
46 74 6 5
46 75 4 1
46 76 3 2
46 77 5 6
46 78 7 4
46 79 6 10
46 80 9 3
46 81 3 8
46 82 6 9
46 84 7 9
46 85 9 3
46 86 3 4
46 87 4 4
46 88 4 6
46 89 4 6
46 90 9 4
46 91 9 2
46 92 7 1
46 93 9 4
46 94 6 2
46 95 6 9
46 96 9 10
46 97 7 5
46 98 8 7
46 99 1 3
46 100 9 2
47 48 4 1
47 50 6 8
47 52 2 9
47 53 4 10
47 54 10 9
47 56 7 5
47 57 5 9
47 58 9 4
47 60 9 5
47 61 10 7
47 62 6 9
47 63 8 6
47 64 5 3
47 65 1 8
47 66 8 3
47 67 6 6
47 68 1 3
47 70 4 7
47 72 4 3
47 73 3 6
47 74 3 9
47 76 9 3
47 77 3 1
47 78 10 7
47 79 10 8
47 80 8 5
47 82 8 6
47 83 8 2
47 84 8 8
47 85 9 5
47 86 5 1
47 87 2 2
47 88 5 9
47 89 9 10
47 90 3 6
47 91 2 3
47 93 4 9
47 94 6 2
47 95 10 1
47 96 1 9
47 97 4 4
47 99 6 10
47 100 8 1
48 49 7 3
48 50 10 4
48 51 9 8
48 52 9 7
48 54 6 4
48 55 4 2
48 56 3 1
48 57 3 5
48 58 10 10
48 59 9 6
48 60 3 3
48 61 2 2
48 62 5 10
48 63 7 6
48 64 8 8
48 65 6 2
48 66 8 6
48 67 2 2
48 68 8 10
48 70 8 1
48 73 7 6
48 74 6 9
48 75 6 7
48 76 1 9
48 77 1 9
48 79 6 7
48 80 8 6
48 81 1 2
48 82 9 3
48 83 8 2
48 85 4 10
48 86 6 2
48 87 5 1
48 88 9 6
48 89 5 2
48 90 7 7
48 91 7 10
48 92 5 1
48 93 7 3
48 94 2 7
48 95 6 7
48 97 10 8
48 98 6 1
48 99 5 2
49 50 3 9
49 51 9 9
49 53 1 10
49 54 3 1
49 56 10 3
49 57 1 8
49 58 8 2
49 60 8 1
49 61 3 10
49 62 5 3
49 63 8 4
49 64 2 10
49 65 7 10
49 66 7 10
49 67 4 6
49 68 9 6
49 69 2 6
49 73 8 5
49 77 4 9
49 78 10 7
49 79 7 6
49 80 10 8
49 81 5 1
49 83 7 4
49 84 4 6
49 86 5 5
49 87 3 7
49 88 4 6
49 89 4 4
49 90 3 1
49 91 5 1
49 93 3 3
49 94 7 8
49 97 2 5
49 98 5 2
49 99 1 6
49 100 4 8
50 51 6 4
50 52 9 10
50 53 1 4
50 54 8 7
50 55 2 1
50 57 10 1
50 58 3 10
50 60 1 1
50 61 6 6
50 62 2 9
50 65 2 2
50 66 10 1
50 67 9 6
50 68 4 8
50 70 5 5
50 71 4 9
50 72 3 1
50 73 1 7
50 74 8 3
50 75 1 1
50 76 2 4
50 77 3 10
50 78 7 8
50 79 3 3
50 81 8 10
50 82 6 1
50 83 8 10
50 84 5 7
50 85 3 9
50 86 1 8
50 87 10 7
50 88 9 7
50 89 8 4
50 90 6 8
50 91 3 1
50 93 5 2
50 94 2 2
50 96 5 10
50 97 7 2
50 98 10 4
50 100 5 5
51 52 1 3
51 53 10 6
51 54 6 3
51 55 2 4
51 56 7 8
51 57 6 5
51 58 3 4
51 59 7 5
51 60 9 2
51 61 10 6
51 62 4 3
51 63 1 4
51 64 1 7
51 65 6 3
51 66 4 7
51 69 6 2
51 70 2 9
51 71 9 4
51 72 2 8
51 73 3 9
51 74 8 1
51 75 1 3
51 76 4 1
51 77 1 10
51 78 3 2
51 80 7 9
51 81 3 6
51 82 7 4
51 83 4 7
51 84 3 4
51 85 1 6
51 86 4 4
51 87 5 4
51 89 5 1
51 90 4 7
51 91 2 8
51 92 2 5
51 93 10 8
51 94 5 7
51 95 7 9
51 96 6 8
51 97 3 10
51 98 3 1
51 99 7 8
51 100 1 10
52 53 6 6
52 54 9 3
52 55 5 10
52 56 4 9
52 57 5 7
52 58 4 7
52 59 8 10
52 60 4 8
52 61 10 9
52 62 2 4
52 63 4 2
52 64 8 2
52 66 3 9
52 67 8 9
52 68 5 8
52 69 10 5
52 70 1 10
52 71 7 8
52 72 8 8
52 73 2 5
52 74 4 8
52 75 8 3
52 76 10 5
52 77 10 7
52 78 7 9
52 79 4 3
52 81 2 2
52 82 6 5
52 84 9 8
52 85 5 5
52 87 9 6
52 89 3 6
52 90 2 6
52 91 3 8
52 92 3 3
52 93 1 9
52 94 1 10
52 95 3 7
52 96 6 1
52 97 6 5
52 100 7 2
53 54 6 4
53 55 3 4
53 56 4 10
53 57 1 4
53 58 2 8
53 59 7 1
53 61 6 1
53 62 2 6
53 63 3 8
53 64 9 7
53 65 8 2
53 66 2 5
53 67 1 7
53 68 2 7
53 69 2 6
53 70 1 2
53 73 10 8
53 74 5 1
53 76 6 8
53 77 3 4
53 78 2 6
53 79 10 10
53 80 9 8
53 81 7 5
53 82 8 10
53 83 4 5
53 84 5 3
53 85 9 5
53 87 1 4
53 88 4 9
53 89 3 6
53 90 6 7
53 93 10 7
53 94 2 9
53 95 3 8
53 98 9 9
53 99 2 9
53 100 5 10
54 55 3 5
54 59 6 3
54 60 4 3
54 61 5 3
54 62 8 7
54 63 9 7
54 64 3 3
54 65 10 2
54 66 6 9
54 67 5 5
54 68 8 5
54 69 10 1
54 71 6 6
54 72 7 6
54 73 5 8
54 74 6 7
54 75 7 9
54 77 4 7
54 78 3 2
54 79 9 6
54 80 4 1
54 81 3 7
54 82 4 2
54 83 9 2
54 86 10 4
54 88 1 3
54 89 5 10
54 91 6 8
54 92 9 9
54 93 1 6
54 94 9 8
54 95 1 5
54 96 3 5
54 97 4 3
54 98 6 6
54 99 5 7
54 100 9 4
55 56 4 6
55 58 5 5
55 59 8 2
55 60 4 7
55 61 8 1
55 62 1 5
55 64 5 5
55 65 5 9
55 66 6 10
55 69 7 2
55 70 10 9
55 72 1 3
55 73 8 5
55 74 2 5
55 75 5 4
55 76 8 8
55 77 4 4
55 78 3 10
55 79 3 4
55 80 10 1
55 82 6 10
55 83 2 1
55 84 3 5
55 86 7 5
55 87 9 8
55 88 9 1
55 89 7 3
55 91 7 9
55 92 9 1
55 94 8 5
55 95 10 3
55 96 7 2
55 97 10 6
55 98 5 8
55 99 4 4
55 100 5 10
56 57 8 1
56 58 1 6
56 59 7 4
56 60 7 1
56 61 3 5
56 62 4 5
56 63 4 8
56 64 9 10
56 65 3 9
56 66 9 10
56 67 9 8
56 68 2 7
56 69 5 8
56 70 4 3
56 71 7 5
56 72 5 6
56 73 8 2
56 74 7 9
56 75 6 3
56 76 2 6
56 80 4 5
56 82 2 4
56 84 2 5
56 85 10 6
56 86 1 4
56 90 10 5
56 91 1 6
56 92 2 2
56 93 7 6
56 94 10 8
56 95 7 7
56 96 8 10
56 100 1 7
57 58 9 1
57 59 2 3
57 60 8 4
57 61 4 10
57 63 6 2
57 65 8 4
57 66 4 10
57 67 6 2
57 68 4 8
57 69 6 8
57 70 9 8
57 72 5 2
57 73 2 3
57 74 2 3
57 75 7 5
57 76 2 9
57 77 5 2
57 80 2 8
57 81 7 5
57 82 9 2
57 84 3 5
57 87 7 5
57 88 6 5
57 89 10 3
57 90 9 7
57 94 10 1
57 95 3 2
57 96 8 2
57 97 3 6
57 99 5 2
57 100 4 10
58 60 1 4
58 62 7 1
58 63 1 1
58 64 1 7
58 65 8 10
58 66 8 4
58 67 1 3
58 68 2 5
58 69 5 7
58 70 10 4
58 71 3 6
58 72 8 9
58 73 6 1
58 75 5 6
58 76 10 3
58 77 5 3
58 78 6 2
58 81 8 6
58 83 5 5
58 84 5 10
58 85 1 6
58 86 8 6
58 87 2 6
58 88 3 3
58 89 3 9
58 90 5 8
58 91 1 8
58 93 4 10
58 94 4 2
58 95 10 4
58 96 2 10
58 97 4 1
58 98 8 8
58 99 2 2
59 60 10 1
59 61 9 4
59 62 8 5
59 63 10 1
59 64 6 1
59 65 1 3
59 66 2 2
59 67 2 5
59 68 6 8
59 69 5 5
59 71 5 5
59 72 8 2
59 73 8 7
59 74 10 2
59 75 2 8
59 76 3 9
59 77 5 5
59 78 1 4
59 79 9 2
59 80 5 1
59 81 7 10
59 82 6 7
59 83 10 6
59 84 3 4
59 85 3 9
59 86 10 1
59 87 8 4
59 89 6 5
59 90 3 5
59 92 8 2
59 93 10 1
59 94 1 10
59 95 2 7
59 96 5 5
59 97 2 6
59 98 5 5
59 99 9 7
59 100 5 3
60 61 7 10
60 64 6 3
60 65 1 6
60 66 4 4
60 68 2 5
60 69 6 10
60 70 8 7
60 71 10 8
60 73 6 8
60 74 9 10
60 75 9 9
60 76 10 6
60 77 6 2
60 78 9 6
60 80 5 1
60 83 9 3
60 84 1 10
60 85 10 8
60 86 5 9
60 87 7 1
60 89 3 6
60 90 6 1
60 91 9 10
60 92 7 3
60 93 2 8
60 95 10 10
60 97 5 2
60 99 2 9
60 100 2 6
61 62 3 5
61 64 5 2
61 67 5 5
61 68 9 1
61 69 3 7
61 71 1 1
61 72 10 3
61 73 1 10
61 74 4 8
61 75 2 2
61 76 2 10
61 77 4 2
61 79 7 8
61 81 5 3
61 82 2 5
61 83 8 10
61 84 2 4
61 86 6 4
61 87 4 9
61 88 8 3
61 91 5 2
61 94 6 1
61 95 7 5
61 96 5 3
61 98 3 10
61 99 1 7
61 100 1 10
62 63 3 4
62 65 7 8
62 66 10 7
62 67 3 8
62 69 3 4
62 70 4 1
62 72 3 8
62 73 3 9
62 74 9 8
62 77 8 5
62 79 4 5
62 80 4 10
62 81 5 6
62 82 7 10
62 83 5 10
62 84 9 10
62 85 7 1
62 86 2 10
62 87 5 9
62 88 5 7
62 89 7 10
62 91 1 10
62 92 4 2
62 93 9 4
62 95 3 4
62 96 10 9
62 97 1 3
62 98 2 5
62 99 5 1
62 100 5 10
63 64 5 9
63 65 1 6
63 66 8 6
63 67 1 5
63 68 9 2
63 69 6 9
63 70 3 1
63 71 4 8
63 72 1 8
63 73 1 10
63 74 9 8
63 75 3 1
63 76 2 6
63 77 8 3
63 78 5 1
63 79 7 10
63 81 5 7
63 83 9 10
63 84 3 7
63 86 2 3
63 87 3 5
63 88 4 6
63 89 1 9
63 90 2 2
63 91 7 6
63 92 10 4
63 93 5 10
63 94 2 10
63 95 3 6
63 96 3 7
63 100 10 4
64 65 6 3
64 66 1 9
64 67 3 9
64 68 10 5
64 69 7 5
64 71 4 6
64 72 9 5
64 73 6 8
64 74 3 9
64 75 9 10
64 77 1 7
64 78 6 1
64 79 9 7
64 81 9 6
64 82 3 3
64 83 9 3
64 85 7 1
64 86 5 7
64 87 8 2
64 88 8 1
64 90 10 8
64 91 9 4
64 92 5 2
64 94 7 3
64 95 9 6
64 100 6 8
65 66 6 4
65 67 4 6
65 68 10 4
65 69 4 2
65 71 2 1
65 72 2 7
65 73 9 5
65 74 3 6
65 75 10 7
65 76 5 8
65 77 3 2
65 78 7 10
65 79 4 6
65 80 9 1
65 81 1 6
65 82 1 2
65 83 8 3
65 84 8 3
65 85 8 9
65 86 6 2
65 87 1 2
65 88 5 3
65 89 10 5
65 90 5 7
65 91 6 1
65 92 10 9
65 93 1 2
65 94 1 7
65 95 8 3
65 96 3 10
65 98 3 5
66 67 6 8
66 68 10 3
66 69 9 3
66 71 4 6
66 72 8 4
66 73 2 5
66 77 8 3
66 78 7 7
66 79 4 1
66 80 8 1
66 81 8 5
66 82 9 1
66 83 3 6
66 85 6 8
66 86 2 5
66 87 2 8
66 89 2 10
66 90 8 4
66 91 5 2
66 93 2 10
66 94 8 4
66 95 7 5
66 96 7 5
66 97 6 4
66 98 7 5
66 99 3 9
66 100 9 1
67 68 2 5
67 70 7 6
67 72 8 9
67 73 4 2
67 74 7 3
67 75 7 2
67 76 5 9
67 78 5 8
67 81 6 5
67 82 3 2
67 83 3 3
67 84 5 3
67 85 1 10
67 86 1 3
67 87 8 1
67 88 7 8
67 89 1 9
67 90 5 10
67 91 7 4
67 92 4 3
67 93 8 7
67 94 3 3
67 95 2 10
67 96 1 3
67 97 3 7
67 98 10 2
68 69 9 6
68 72 7 9
68 74 4 7
68 75 10 2
68 76 10 1
68 77 4 6
68 78 5 5
68 79 5 8
68 80 8 2
68 81 7 6
68 82 3 9
68 83 10 6
68 84 4 7
68 85 3 3
68 86 2 5
68 87 8 2
68 88 8 8
68 89 1 6
68 91 7 6
68 93 9 3
68 97 1 10
68 98 9 5
68 99 9 4
68 100 4 1
69 72 8 6
69 73 7 8
69 75 10 8
69 79 3 3
69 81 5 1
69 82 9 2
69 83 1 5
69 84 7 4
69 85 9 5
69 86 2 8
69 88 6 2
69 89 6 7
69 90 8 6
69 91 7 1
69 92 3 1
69 93 9 6
69 94 9 2
69 95 6 10
69 97 1 7
69 98 9 7
69 100 1 10
70 71 10 8
70 72 7 2
70 73 5 10
70 74 2 10
70 76 2 6
70 77 7 2
70 78 2 7
70 80 9 8
70 81 1 2
70 82 9 5
70 84 3 9
70 85 4 9
70 86 5 4
70 87 9 1
70 88 5 2
70 89 3 7
70 90 4 4
70 91 8 8
70 92 4 9
70 93 1 4
70 95 10 2
70 96 7 4
70 98 7 8
70 99 1 10
70 100 8 2
71 72 7 4
71 73 8 10
71 75 6 3
71 76 6 3
71 77 10 9
71 79 9 8
71 80 9 3
71 81 9 5
71 83 8 6
71 84 2 8
71 85 10 10
71 86 9 3
71 87 5 9
71 88 7 1
71 89 2 4
71 90 9 7
71 91 9 9
71 93 3 3
71 94 9 10
71 95 4 9
71 97 7 5
71 98 8 4
71 99 3 9
72 73 10 2
72 74 6 7
72 75 3 10
72 76 3 4
72 77 8 7
72 79 2 4
72 80 6 6
72 81 6 7
72 82 4 7
72 84 7 3
72 86 4 8
72 87 5 1
72 88 9 7
72 89 1 2
72 90 7 8
72 91 1 1
72 92 8 5
72 93 6 9
72 94 3 4
72 95 9 5
72 96 2 4
72 98 8 2
72 99 2 1
72 100 4 7
73 74 8 9
73 75 8 5
73 77 2 8
73 78 4 10
73 79 6 8
73 80 10 6
73 81 1 1
73 82 4 8
73 83 1 2
73 84 6 9
73 85 1 6
73 86 5 7
73 87 9 1
73 88 4 1
73 96 6 9
73 97 3 3
73 98 3 4
73 99 7 3
74 75 10 10
74 76 9 2
74 77 3 2
74 79 5 6
74 80 10 10
74 81 2 9
74 82 9 4
74 85 3 7
74 86 4 2
74 87 3 9
74 88 3 9
74 89 9 6
74 90 1 4
74 91 6 1
74 92 1 2
74 93 1 10
74 94 9 2
74 95 1 4
74 96 1 5
74 98 7 2
74 99 5 10
74 100 8 4
75 76 3 10
75 79 9 9
75 80 6 3
75 81 10 10
75 83 1 10
75 84 9 6
75 85 5 5
75 86 1 4
75 88 3 8
75 89 6 6
75 90 1 10
75 91 9 7
75 92 5 10
75 93 1 5
75 94 1 2
75 95 5 7
75 96 9 4
75 97 9 4
75 98 1 8
75 99 2 1
75 100 5 3
76 77 8 10
76 78 9 3
76 80 4 5
76 81 1 2
76 83 9 1
76 84 9 2
76 85 5 6
76 86 6 2
76 87 7 4
76 88 9 8
76 89 6 5
76 90 5 10
76 91 6 7
76 92 10 9
76 93 8 1
76 94 2 5
76 95 1 4
76 96 4 1
76 100 7 8
77 78 5 5
77 79 2 8
77 80 3 6
77 81 3 2
77 82 7 5
77 83 4 4
77 84 3 4
77 85 3 6
77 86 6 7
77 87 10 3
77 88 10 8
77 89 10 6
77 92 1 1
77 94 7 9
77 95 6 1
77 96 8 5
77 97 8 7
77 98 8 9
77 99 2 7
77 100 1 10
78 80 2 10
78 81 5 5
78 85 6 1
78 87 1 6
78 90 7 8
78 91 5 8
78 92 3 9
78 93 7 10
78 97 6 3
78 100 5 1
79 81 3 10
79 82 8 10
79 84 8 5
79 85 1 5
79 86 9 1
79 87 1 10
79 88 5 6
79 89 5 8
79 90 9 10
79 92 9 5
79 93 6 8
79 94 2 8
79 96 1 8
79 97 10 5
79 98 10 2
79 99 9 7
79 100 9 5
80 81 4 1
80 83 3 1
80 84 3 7
80 85 3 9
80 86 9 5
80 87 5 7
80 88 1 7
80 92 6 8
80 93 8 2
80 95 4 7
80 96 8 3
80 97 5 6
80 98 2 4
80 99 7 5
80 100 3 6
81 82 1 3
81 83 2 6
81 84 2 10
81 85 2 1
81 86 2 1
81 87 10 5
81 88 9 2
81 89 3 2
81 90 3 7
81 91 8 3
81 92 3 8
81 94 1 7
81 95 9 4
81 96 5 1
81 97 10 5
81 99 10 9
81 100 3 6
82 83 3 9
82 85 3 1
82 87 2 2
82 88 6 3
82 89 5 7
82 90 1 10
82 92 1 8
82 93 2 1
82 94 10 9
82 95 6 2
82 96 7 7
82 97 10 6
82 98 8 4
82 99 7 7
82 100 7 6
83 85 2 8
83 86 2 3
83 87 10 4
83 89 5 2
83 90 6 7
83 91 2 10
83 92 6 3
83 93 4 9
83 94 9 9
83 95 1 6
83 97 3 1
83 98 8 2
83 99 3 5
84 85 5 8
84 87 10 10
84 88 1 1
84 89 2 3
84 90 3 10
84 91 7 8
84 92 9 7
84 93 7 3
84 94 3 7
84 95 10 10
84 97 7 7
84 98 1 4
84 99 2 1
84 100 4 4
85 86 2 1
85 87 5 1
85 88 3 7
85 89 3 2
85 90 1 3
85 91 5 3
85 92 5 9
85 93 6 1
85 96 3 1
85 97 10 6
85 98 3 8
85 100 8 3
86 87 10 8
86 88 1 4
86 93 3 1
86 95 7 2
86 96 4 3
86 97 6 1
86 98 10 8
86 99 2 2
87 88 1 8
87 90 8 4
87 91 7 3
87 92 5 4
87 94 3 1
87 95 2 10
87 96 9 6
87 97 4 5
87 98 7 3
87 99 10 10
88 89 7 10
88 90 6 8
88 91 2 4
88 92 3 2
88 93 3 4
88 94 4 1
88 95 10 3
88 96 2 2
88 97 5 5
88 99 8 10
88 100 8 7
89 90 7 10
89 91 10 1
89 92 5 10
89 93 3 8
89 95 8 9
89 96 2 8
89 97 1 2
89 100 7 10
90 91 3 5
90 92 2 7
90 93 2 8
90 95 6 8
90 96 7 3
90 97 1 8
90 98 2 4
90 99 3 5
90 100 10 5
91 93 9 9
91 94 6 5
91 95 1 7
91 96 7 4
91 97 3 4
91 98 8 7
91 99 5 1
91 100 5 7
92 95 8 6
92 96 7 3
92 99 2 4
92 100 4 7
93 94 10 7
93 95 6 4
93 97 6 8
93 98 7 2
93 99 6 8
93 100 6 7
94 95 4 4
94 96 4 2
94 97 10 10
94 98 4 8
94 100 7 2
95 96 9 9
95 98 10 6
95 99 5 6
95 100 2 7
96 98 9 5
96 99 10 7
96 100 10 8
97 98 5 10
97 99 6 7
98 99 7 10
98 100 2 2
99 100 5 7
1
1 2 3 4 5 6 7 8 9 10 11 12 13 14 15 16 17 18 19 20 21 22 23 24 25 26 27 28 29 30 31 32 33 34 35 36 37 38 39 40 41 42 43 44 45 46 47 48 49 50
