3898
1 4 3 1
1 5 9 10
1 7 3 3
1 8 4 5
1 9 1 10
1 10 3 4
1 12 4 4
1 14 2 8
1 15 8 10
1 17 3 10
1 19 9 10
1 20 9 3
1 21 4 9
1 22 9 1
1 24 6 1
1 25 6 3
1 26 2 9
1 27 6 8
1 29 8 5
1 30 8 9
1 31 5 1
1 32 8 7
1 33 6 4
1 34 4 6
1 35 2 7
1 36 6 4
1 37 1 3
1 39 7 10
1 40 6 6
1 41 5 2
1 43 4 6
1 44 8 1
1 45 2 8
1 48 2 10
1 50 10 8
1 51 3 2
1 52 1 4
1 53 7 7
1 54 2 5
1 55 5 2
1 57 3 1
1 58 8 1
1 59 4 6
1 62 3 10
1 63 3 1
1 64 8 9
1 66 4 10
1 67 7 5
1 68 6 8
1 69 6 5
1 71 6 6
1 72 7 6
1 73 8 7
1 74 3 9
1 77 9 4
1 78 2 9
1 79 7 9
1 80 4 1
1 81 10 6
1 82 5 6
1 83 6 9
1 84 8 3
1 86 7 2
1 87 7 1
1 88 2 7
1 89 1 1
1 90 9 3
1 91 4 5
1 92 1 1
1 93 4 6
1 94 6 5
1 95 1 9
1 96 7 3
1 97 5 5
1 98 5 10
1 99 3 5
2 3 4 7
2 5 3 2
2 6 8 2
2 7 1 1
2 8 7 7
2 9 3 9
2 10 5 1
2 11 5 5
2 12 10 2
2 13 8 8
2 14 6 3
2 15 10 6
2 16 7 4
2 17 9 6
2 20 4 6
2 21 9 5
2 22 2 5
2 25 3 8
2 26 7 6
2 27 1 4
2 28 8 5
2 29 5 10
2 30 7 10
2 31 5 9
2 32 1 2
2 33 4 1
2 34 4 4
2 35 10 2
2 37 10 8
2 38 7 10
2 39 2 10
2 40 6 2
2 41 10 1
2 42 6 2
2 43 10 9
2 44 4 2
2 45 1 3
2 46 3 3
2 47 6 1
2 48 1 10
2 50 7 8
2 51 10 7
2 52 1 4
2 53 5 6
2 54 10 7
2 55 8 8
2 56 9 5
2 58 1 7
2 60 2 2
2 61 9 8
2 62 2 3
2 63 5 4
2 65 1 10
2 66 7 7
2 68 2 4
2 69 7 10
2 70 6 3
2 71 6 5
2 72 4 9
2 73 10 7
2 74 6 3
2 75 3 8
2 76 3 3
2 77 4 2
2 78 10 5
2 79 6 8
2 80 4 3
2 81 3 2
2 82 2 10
2 87 3 3
2 88 2 7
2 89 3 1
2 90 4 2
2 91 4 9
2 92 1 1
2 93 2 9
2 94 2 4
2 96 4 9
2 97 5 8
2 98 3 3
2 99 9 9
2 100 7 2
3 4 2 3
3 6 8 4
3 7 10 9
3 8 10 8
3 9 9 2
3 10 9 10
3 11 4 1
3 12 8 10
3 13 1 7
3 14 10 10
3 15 9 5
3 16 1 1
3 17 5 9
3 19 7 8
3 21 3 8
3 22 6 9
3 23 5 5
3 24 7 8
3 27 8 4
3 28 9 3
3 29 5 9
3 31 1 8
3 33 2 6
3 34 3 5
3 35 9 7
3 36 3 10
3 39 8 5
3 41 5 5
3 42 10 10
3 43 3 2
3 44 7 8
3 45 3 4
3 47 1 4
3 49 10 7
3 50 5 4
3 52 5 6
3 53 10 9
3 54 1 9
3 55 7 5
3 57 4 2
3 58 6 2
3 59 7 8
3 60 5 8
3 61 3 9
3 65 2 10
3 66 9 1
3 67 7 2
3 68 8 10
3 70 1 4
3 71 2 6
3 72 8 6
3 74 4 5
3 76 9 4
3 77 8 3
3 79 5 3
3 80 2 5
3 81 4 4
3 82 2 6
3 84 1 2
3 85 5 10
3 86 7 7
3 87 8 7
3 88 3 5
3 89 7 4
3 90 7 7
3 91 8 7
3 92 2 6
3 93 8 2
3 94 8 5
3 95 6 1
3 96 8 1
3 97 9 4
3 98 8 3
3 99 10 4
4 5 2 7
4 6 3 7
4 7 7 10
4 8 8 6
4 9 8 3
4 10 6 1
4 11 1 10
4 12 4 10
4 13 6 8
4 14 10 3
4 15 8 3
4 17 5 2
4 18 3 3
4 19 9 6
4 20 2 1
4 22 4 6
4 23 2 2
4 25 1 9
4 26 3 2
4 27 4 1
4 28 5 5
4 29 10 5
4 31 2 3
4 32 10 3
4 34 1 8
4 36 2 3
4 37 10 2
4 38 10 7
4 39 5 5
4 40 4 1
4 41 1 8
4 44 9 1
4 45 2 10
4 46 3 1
4 47 5 4
4 48 4 4
4 49 1 10
4 50 2 9
4 51 4 3
4 52 9 4
4 53 9 10
4 54 1 7
4 55 7 9
4 56 6 7
4 57 6 7
4 58 7 6
4 60 2 5
4 61 10 3
4 62 9 7
4 63 4 3
4 64 3 7
4 66 6 2
4 67 5 5
4 69 5 8
4 70 5 4
4 72 2 4
4 74 2 4
4 75 4 1
4 76 9 3
4 77 6 9
4 78 3 2
4 79 3 8
4 80 3 1
4 81 4 10
4 82 4 4
4 84 7 4
4 86 8 8
4 87 2 1
4 88 7 10
4 90 6 9
4 93 4 6
4 96 6 7
4 97 10 3
4 98 6 3
4 99 1 3
4 100 2 8
5 6 6 4
5 8 6 10
5 9 2 8
5 10 4 1
5 11 4 7
5 12 1 10
5 13 10 10
5 15 2 5
5 16 5 4
5 17 7 5
5 18 5 3
5 20 4 5
5 22 5 2
5 23 9 4
5 25 2 7
5 26 6 8
5 28 5 2
5 29 8 1
5 30 8 3
5 31 2 2
5 32 2 1
5 33 1 3
5 34 1 3
5 36 7 5
5 37 4 1
5 38 9 7
5 39 1 9
5 41 2 2
5 42 6 1
5 43 3 4
5 44 6 4
5 45 2 2
5 46 2 7
5 47 3 8
5 50 8 1
5 51 3 6
5 52 7 9
5 53 6 1
5 54 10 3
5 55 8 6
5 56 10 4
5 57 9 3
5 58 5 2
5 59 1 5
5 61 5 2
5 62 5 2
5 63 7 2
5 64 2 8
5 65 9 2
5 66 8 3
5 67 3 3
5 68 7 5
5 69 1 7
5 70 6 8
5 71 3 2
5 72 6 10
5 73 6 1
5 74 5 9
5 75 3 1
5 76 5 8
5 81 4 5
5 82 9 4
5 83 3 7
5 84 5 10
5 87 4 2
5 88 10 5
5 89 4 2
5 90 6 2
5 91 6 1
5 92 9 4
5 93 1 5
5 94 10 7
5 95 4 2
5 97 4 1
5 98 1 9
5 99 1 4
5 100 7 6
6 7 1 7
6 9 2 8
6 11 1 7
6 12 7 2
6 13 7 2
6 14 9 10
6 16 6 1
6 18 1 1
6 20 1 3
6 22 10 8
6 23 2 2
6 25 4 8
6 26 6 2
6 28 9 4
6 30 2 6
6 32 2 9
6 33 3 4
6 34 9 6
6 35 4 5
6 36 5 4
6 38 6 9
6 39 6 3
6 40 6 2
6 42 5 4
6 43 9 9
6 44 10 2
6 46 9 10
6 48 5 1
6 49 4 3
6 50 3 4
6 52 6 4
6 53 9 1
6 54 8 7
6 55 8 9
6 57 9 9
6 58 2 1
6 59 3 9
6 61 9 8
6 62 7 7
6 63 6 4
6 64 4 5
6 66 7 10
6 67 2 5
6 68 4 9
6 69 7 8
6 70 5 3
6 71 10 4
6 72 4 5
6 73 3 6
6 74 3 6
6 76 1 2
6 78 10 1
6 81 7 3
6 82 8 8
6 84 2 4
6 85 10 9
6 86 1 5
6 87 4 6
6 88 7 4
6 89 1 9
6 90 2 3
6 91 4 4
6 92 9 3
6 93 7 5
6 94 10 9
6 95 9 2
6 96 10 6
6 97 3 4
6 98 7 3
6 100 10 2
7 9 2 9
7 10 9 6
7 12 4 5
7 13 9 7
7 14 7 7
7 15 8 7
7 17 4 4
7 18 3 3
7 20 5 1
7 21 4 8
7 23 7 7
7 24 4 9
7 25 4 4
7 26 6 6
7 27 3 9
7 28 10 1
7 29 3 10
7 30 7 10
7 33 8 4
7 34 9 5
7 35 3 3
7 36 5 9
7 37 5 7
7 38 1 7
7 39 9 4
7 40 3 4
7 41 2 5
7 42 5 4
7 44 7 6
7 45 5 2
7 47 6 7
7 48 10 8
7 49 8 7
7 50 1 8
7 51 2 8
7 53 7 6
7 54 1 2
7 55 4 4
7 56 7 2
7 57 9 9
7 58 1 8
7 59 5 3
7 60 9 7
7 61 8 8
7 63 5 1
7 65 4 6
7 66 7 4
7 67 9 2
7 69 6 5
7 70 2 10
7 71 10 8
7 72 4 3
7 73 8 6
7 74 6 7
7 75 3 7
7 77 9 9
7 78 3 8
7 80 6 1
7 81 2 3
7 82 3 9
7 83 4 6
7 84 10 7
7 87 5 7
7 88 5 5
7 89 4 8
7 90 7 9
7 91 2 10
7 92 10 9
7 93 1 1
7 94 5 4
7 95 10 10
7 96 2 4
7 97 5 1
7 98 10 7
7 99 2 3
8 9 2 6
8 10 4 4
8 11 5 7
8 13 3 1
8 15 5 3
8 16 2 2
8 17 5 4
8 18 1 2
8 20 5 3
8 21 2 5
8 22 3 1
8 23 10 4
8 24 5 9
8 25 6 5
8 26 2 6
8 27 4 1
8 30 1 6
8 31 9 10
8 32 3 5
8 34 5 10
8 35 9 6
8 37 3 10
8 38 10 8
8 40 10 7
8 41 5 4
8 42 2 4
8 43 7 3
8 44 7 3
8 47 7 3
8 49 10 3
8 50 6 4
8 51 3 5
8 52 1 7
8 53 4 9
8 54 9 9
8 55 4 5
8 56 1 6
8 58 10 4
8 59 3 10
8 60 5 9
8 62 2 3
8 63 9 4
8 64 2 3
8 66 8 8
8 67 6 8
8 68 3 5
8 69 9 4
8 70 1 10
8 71 8 10
8 73 6 5
8 74 1 1
8 76 1 2
8 77 7 5
8 79 10 8
8 80 10 10
8 81 1 9
8 82 10 8
8 83 4 5
8 84 2 3
8 86 4 8
8 87 2 1
8 88 6 9
8 89 8 2
8 94 7 6
8 95 6 9
8 96 7 7
8 98 10 10
8 99 9 10
8 100 6 3
9 10 8 8
9 11 3 6
9 12 9 1
9 13 6 9
9 14 2 8
9 15 6 8
9 18 3 4
9 19 9 8
9 20 2 8
9 24 10 6
9 26 2 5
9 28 5 8
9 29 8 3
9 30 4 7
9 31 9 9
9 33 9 10
9 34 10 6
9 35 3 5
9 36 7 5
9 37 8 10
9 39 6 3
9 40 2 2
9 41 8 8
9 42 8 4
9 43 4 1
9 44 4 6
9 45 7 10
9 46 5 9
9 47 2 1
9 48 4 4
9 49 1 1
9 50 4 8
9 51 10 9
9 52 10 10
9 53 7 1
9 54 2 4
9 55 10 6
9 56 3 8
9 57 10 5
9 58 5 6
9 60 8 10
9 61 8 2
9 62 1 10
9 63 3 9
9 64 6 1
9 65 4 10
9 66 4 5
9 68 1 5
9 69 8 7
9 70 2 1
9 71 8 7
9 73 5 6
9 74 6 1
9 75 2 2
9 78 9 6
9 80 3 4
9 81 8 6
9 83 6 3
9 85 6 3
9 86 9 2
9 87 4 9
9 88 3 9
9 89 10 5
9 90 3 8
9 91 3 4
9 93 6 9
9 94 2 5
9 95 9 2
9 96 8 3
9 98 3 5
9 99 1 5
9 100 7 9
10 11 1 1
10 12 10 8
10 13 10 4
10 14 5 9
10 15 8 4
10 18 2 7
10 19 2 10
10 20 8 4
10 22 10 1
10 23 1 2
10 24 7 2
10 25 4 7
10 26 5 5
10 27 9 2
10 29 6 4
10 31 5 9
10 33 3 2
10 34 2 3
10 36 10 9
10 37 8 2
10 38 4 2
10 39 7 4
10 41 4 5
10 42 4 5
10 43 8 6
10 44 4 2
10 46 8 10
10 47 4 4
10 51 8 6
10 52 10 1
10 53 3 9
10 54 2 2
10 56 7 6
10 57 4 1
10 58 10 9
10 59 9 7
10 60 4 9
10 62 7 5
10 63 6 7
10 64 8 5
10 65 10 4
10 66 6 6
10 67 7 3
10 69 6 6
10 70 5 10
10 72 9 3
10 74 10 1
10 75 3 8
10 77 3 5
10 78 2 6
10 79 1 7
10 80 4 10
10 81 10 5
10 82 9 7
10 83 2 8
10 86 1 4
10 87 10 4
10 88 4 7
10 89 6 10
10 90 6 5
10 91 9 9
10 93 6 3
10 94 4 7
10 95 9 1
10 96 8 9
10 97 1 6
10 99 4 7
11 12 5 10
11 13 9 2
11 14 3 2
11 15 3 6
11 16 10 4
11 17 9 10
11 18 3 3
11 19 3 3
11 21 8 3
11 22 5 9
11 24 3 10
11 25 3 10
11 26 9 6
11 29 9 7
11 30 1 7
11 31 10 9
11 32 1 9
11 35 1 9
11 36 3 10
11 39 4 3
11 40 3 7
11 41 1 6
11 42 10 1
11 43 2 2
11 45 7 7
11 46 7 6
11 47 3 2
11 48 2 6
11 49 10 3
11 50 3 4
11 52 10 7
11 53 9 9
11 55 1 2
11 56 8 5
11 57 1 10
11 58 10 9
11 59 9 4
11 60 9 6
11 61 1 3
11 62 4 7
11 63 1 9
11 64 5 3
11 66 3 3
11 68 1 2
11 69 3 5
11 70 10 6
11 73 6 1
11 74 5 4
11 75 9 8
11 76 5 10
11 77 5 1
11 78 4 3
11 79 8 3
11 80 3 6
11 81 4 3
11 83 9 7
11 84 1 8
11 85 8 4
11 87 8 9
11 88 7 9
11 89 10 3
11 91 4 5
11 93 3 7
11 95 9 6
11 97 7 7
11 98 1 6
11 100 10 2
12 14 5 4
12 15 1 6
12 16 10 4
12 17 3 10
12 19 5 8
12 20 6 4
12 21 2 5
12 22 1 5
12 23 6 10
12 24 1 6
12 25 9 1
12 26 1 5
12 27 10 6
12 31 9 5
12 32 3 10
12 35 2 3
12 36 5 7
12 37 10 6
12 38 10 10
12 39 7 6
12 40 6 2
12 41 1 3
12 42 10 1
12 45 2 3
12 46 8 3
12 47 10 5
12 48 2 10
12 49 8 3
12 50 5 1
12 51 1 1
12 52 9 3
12 53 8 10
12 54 7 3
12 55 8 7
12 56 2 1
12 57 6 4
12 59 5 8
12 60 5 7
12 61 8 2
12 62 8 7
12 63 5 10
12 64 4 9
12 65 2 9
12 66 3 3
12 67 10 7
12 68 2 10
12 71 3 2
12 73 5 8
12 74 1 6
12 75 9 6
12 76 5 4
12 77 10 2
12 78 8 9
12 79 6 3
12 80 4 7
12 82 10 1
12 83 6 2
12 85 4 8
12 86 1 5
12 87 8 1
12 88 10 4
12 89 9 8
12 90 9 3
12 91 10 1
12 92 7 10
12 93 1 9
12 94 8 1
12 95 1 1
12 97 6 6
12 98 2 10
12 99 2 5
12 100 6 5
13 14 10 2
13 15 7 8
13 16 8 7
13 17 7 6
13 19 9 8
13 20 2 5
13 21 8 10
13 22 1 10
13 23 6 4
13 24 9 4
13 25 4 6
13 26 2 6
13 29 1 5
13 30 6 3
13 31 2 5
13 32 9 5
13 33 1 9
13 35 6 3
13 36 10 5
13 38 7 9
13 39 8 3
13 40 10 1
13 43 6 4
13 44 3 1
13 45 7 2
13 47 1 6
13 48 1 1
13 49 3 10
13 50 2 4
13 51 5 4
13 52 2 6
13 53 8 4
13 54 9 9
13 56 3 9
13 57 6 10
13 58 6 3
13 61 9 6
13 62 9 3
13 63 7 2
13 64 9 10
13 66 7 2
13 67 7 4
13 68 8 2
13 70 6 7
13 71 7 6
13 72 6 9
13 73 9 9
13 74 4 5
13 75 9 2
13 76 2 5
13 77 3 2
13 78 3 5
13 80 7 9
13 81 2 3
13 82 2 8
13 83 6 2
13 84 10 5
13 85 6 7
13 89 6 9
13 90 1 9
13 91 8 10
13 93 5 1
13 94 7 6
13 95 2 3
13 97 6 6
13 99 8 6
13 100 7 2
14 16 4 7
14 17 8 9
14 18 2 8
14 19 10 5
14 21 10 5
14 23 5 10
14 24 9 1
14 25 4 4
14 26 1 9
14 27 4 9
14 28 5 7
14 29 6 10
14 30 5 1
14 31 9 6
14 33 7 6
14 34 3 7
14 35 9 2
14 36 3 3
14 37 5 10
14 38 4 2
14 40 1 9
14 41 1 5
14 43 10 8
14 44 8 4
14 45 6 8
14 47 2 8
14 48 3 7
14 49 10 10
14 50 7 5
14 51 8 9
14 52 10 6
14 53 4 2
14 54 3 4
14 55 2 8
14 56 4 1
14 57 2 9
14 58 5 10
14 59 9 7
14 60 8 2
14 62 10 8
14 65 10 10
14 66 10 10
14 68 7 5
14 69 1 9
14 70 9 6
14 72 2 5
14 73 9 3
14 74 10 1
14 75 1 6
14 76 6 10
14 77 8 3
14 78 2 8
14 81 10 8
14 83 3 2
14 84 2 6
14 85 6 9
14 86 3 4
14 87 10 4
14 90 6 6
14 91 4 4
14 92 4 10
14 93 5 4
14 94 7 1
14 95 3 7
14 96 8 9
14 97 1 8
14 98 10 10
14 99 1 6
14 100 10 2
15 16 3 8
15 17 5 2
15 18 7 4
15 19 4 4
15 20 10 7
15 22 10 8
15 23 9 5
15 24 4 3
15 25 3 7
15 26 4 6
15 29 9 7
15 30 3 6
15 31 2 2
15 32 9 7
15 33 10 4
15 35 4 8
15 36 4 5
15 37 10 6
15 38 8 3
15 39 4 4
15 40 5 9
15 41 2 10
15 42 7 1
15 43 6 10
15 44 7 7
15 45 6 1
15 46 1 2
15 48 1 1
15 51 10 2
15 52 4 6
15 53 8 7
15 54 1 8
15 55 7 7
15 56 3 1
15 57 7 3
15 58 10 6
15 59 6 1
15 60 7 4
15 61 5 8
15 63 9 8
15 64 3 9
15 65 3 1
15 66 4 6
15 68 3 4
15 69 4 9
15 70 9 1
15 71 3 2
15 72 3 10
15 73 6 1
15 74 2 9
15 75 2 7
15 77 4 5
15 78 2 2
15 79 5 3
15 80 7 5
15 81 5 3
15 83 9 6
15 84 6 5
15 85 2 3
15 86 1 8
15 87 1 8
15 90 3 5
15 92 1 10
15 93 7 5
15 94 9 3
15 96 7 2
15 98 6 2
15 100 6 10
16 17 8 1
16 18 2 10
16 19 8 6
16 20 3 1
16 21 1 3
16 22 2 5
16 23 10 8
16 24 1 10
16 25 8 10
16 26 3 3
16 27 3 3
16 28 3 5
16 30 1 5
16 31 5 1
16 32 2 5
16 33 7 2
16 34 9 4
16 35 5 5
16 36 9 4
16 37 8 2
16 38 2 7
16 39 7 3
16 41 5 10
16 42 3 8
16 43 5 8
16 44 7 7
16 46 9 5
16 47 1 6
16 48 5 6
16 49 4 2
16 50 10 4
16 51 9 7
16 53 7 3
16 54 4 6
16 55 10 2
16 57 4 8
16 58 9 4
16 59 8 10
16 60 3 8
16 62 1 8
16 63 2 4
16 64 1 1
16 65 4 9
16 66 5 7
16 67 3 6
16 68 3 3
16 69 2 10
16 70 6 1
16 71 10 9
16 72 1 4
16 75 1 7
16 77 10 5
16 78 5 8
16 79 1 10
16 80 5 1
16 82 5 7
16 84 5 8
16 90 5 7
16 91 8 2
16 92 5 2
16 93 9 1
16 94 3 4
16 95 4 2
16 96 2 8
16 97 4 6
16 98 9 7
17 18 8 9
17 19 3 9
17 20 1 10
17 21 1 10
17 22 6 7
17 24 9 6
17 25 7 2
17 26 2 1
17 27 4 6
17 28 1 10
17 29 3 3
17 30 4 7
17 33 4 4
17 34 2 6
17 35 7 3
17 38 2 6
17 39 8 7
17 40 1 7
17 41 3 3
17 44 5 6
17 45 4 1
17 46 3 5
17 48 6 8
17 49 9 1
17 50 6 10
17 52 9 9
17 53 3 8
17 54 7 3
17 55 7 10
17 56 5 10
17 58 4 7
17 59 2 2
17 62 1 9
17 63 9 10
17 64 9 3
17 65 5 3
17 66 6 8
17 67 10 4
17 68 4 3
17 69 7 6
17 70 4 9
17 71 9 6
17 74 5 5
17 75 7 8
17 76 9 7
17 79 10 9
17 80 3 4
17 81 7 10
17 83 9 5
17 84 2 10
17 85 5 10
17 86 10 1
17 87 1 4
17 89 10 6
17 90 6 2
17 91 5 8
17 92 2 7
17 93 1 5
17 94 2 9
17 95 7 8
17 96 6 8
17 97 3 10
17 98 2 10
17 99 6 8
17 100 5 4
18 20 1 5
18 21 1 7
18 22 10 8
18 23 5 6
18 24 2 1
18 26 10 7
18 27 9 10
18 28 4 1
18 30 3 5
18 31 1 4
18 32 6 9
18 33 5 3
18 34 9 8
18 35 2 6
18 36 5 3
18 37 6 8
18 38 3 6
18 40 9 6
18 41 4 6
18 42 10 5
18 43 4 8
18 44 1 2
18 45 6 9
18 46 5 4
18 47 6 3
18 48 6 6
18 49 9 3
18 50 2 4
18 52 9 6
18 53 3 10
18 54 4 10
18 55 6 4
18 56 7 10
18 57 8 3
18 58 1 8
18 59 1 6
18 60 10 5
18 61 9 1
18 62 3 3
18 63 2 9
18 65 1 8
18 66 10 3
18 69 4 2
18 70 2 9
18 73 1 3
18 74 4 4
18 75 10 8
18 76 1 7
18 77 10 2
18 78 1 1
18 79 8 2
18 80 4 8
18 81 1 5
18 83 9 10
18 84 5 3
18 86 8 3
18 87 7 8
18 88 7 6
18 89 8 5
18 90 7 5
18 91 6 3
18 92 6 10
18 94 6 3
18 95 9 3
18 96 8 8
18 97 8 10
18 98 10 5
18 100 1 1
19 20 10 2
19 21 9 10
19 22 2 9
19 23 7 5
19 24 8 8
19 25 6 5
19 26 1 9
19 27 1 7
19 28 7 7
19 29 4 10
19 31 10 5
19 32 9 1
19 33 6 2
19 34 2 4
19 35 3 5
19 36 4 6
19 37 3 9
19 38 8 8
19 39 10 1
19 41 6 6
19 42 10 8
19 43 10 3
19 44 3 4
19 45 3 2
19 46 8 8
19 47 4 7
19 48 7 9
19 50 7 8
19 52 2 8
19 55 6 3
19 56 2 4
19 57 2 1
19 58 7 5
19 59 6 8
19 60 8 4
19 61 7 5
19 62 1 1
19 63 1 5
19 64 2 2
19 65 3 8
19 66 10 8
19 67 4 9
19 68 4 5
19 69 5 6
19 70 10 5
19 71 10 1
19 72 7 1
19 73 5 10
19 74 5 9
19 75 7 6
19 76 8 3
19 77 1 5
19 78 9 3
19 79 6 4
19 80 9 4
19 81 2 4
19 82 5 9
19 83 1 6
19 84 3 5
19 85 1 6
19 86 7 8
19 87 4 3
19 90 3 10
19 91 10 10
19 92 6 4
19 93 5 3
19 94 7 4
19 96 4 8
19 97 9 4
19 98 10 4
19 99 6 8
19 100 9 10
20 21 6 4
20 22 1 2
20 23 4 5
20 24 10 9
20 25 3 2
20 27 7 6
20 29 3 4
20 30 5 3
20 34 10 3
20 38 6 9
20 39 10 2
20 41 6 4
20 42 2 9
20 43 9 3
20 44 1 4
20 45 10 4
20 47 8 1
20 48 4 6
20 49 9 10
20 51 10 7
20 52 10 8
20 53 4 9
20 56 6 8
20 57 8 1
20 60 8 9
20 61 3 7
20 63 8 5
20 66 10 10
20 67 2 5
20 68 6 1
20 69 5 6
20 70 6 7
20 71 9 10
20 72 1 4
20 73 9 10
20 74 1 2
20 76 5 2
20 77 2 8
20 78 6 10
20 79 7 1
20 80 2 6
20 82 8 8
20 83 1 3
20 84 3 3
20 85 4 4
20 86 2 3
20 88 8 7
20 89 9 10
20 90 3 1
20 94 9 4
20 95 7 1
20 96 8 4
20 97 8 5
20 98 2 7
20 99 10 3
20 100 3 9
21 22 7 4
21 23 9 9
21 24 1 1
21 25 1 2
21 26 10 9
21 27 9 2
21 28 9 6
21 29 7 8
21 30 8 10
21 31 7 8
21 32 3 3
21 34 8 9
21 35 7 10
21 36 6 5
21 38 4 9
21 39 1 8
21 40 5 7
21 41 1 8
21 42 10 7
21 43 3 8
21 44 2 10
21 45 4 3
21 46 5 2
21 48 2 8
21 49 6 1
21 50 7 3
21 51 7 6
21 52 8 3
21 53 10 1
21 54 7 8
21 58 6 6
21 59 5 4
21 61 5 4
21 64 7 7
21 65 2 4
21 67 2 7
21 68 10 4
21 69 8 3
21 70 10 10
21 71 6 2
21 72 6 10
21 73 1 1
21 74 7 9
21 75 2 3
21 77 4 6
21 79 10 2
21 80 5 8
21 81 9 9
21 84 8 9
21 85 1 7
21 86 7 6
21 87 3 8
21 88 10 8
21 89 7 2
21 91 9 4
21 92 2 10
21 94 8 2
21 95 1 2
21 97 10 2
21 98 2 4
21 99 5 1
21 100 1 10
22 23 5 9
22 24 4 6
22 25 1 5
22 26 6 2
22 27 9 4
22 28 9 2
22 29 2 8
22 30 9 7
22 31 9 3
22 32 10 8
22 33 8 7
22 34 7 9
22 37 9 1
22 38 2 4
22 39 3 2
22 40 4 2
22 41 5 7
22 42 4 8
22 43 5 9
22 44 2 6
22 46 9 7
22 47 9 2
22 48 9 10
22 50 7 2
22 51 3 6
22 52 8 8
22 53 6 10
22 55 9 4
22 56 9 8
22 57 6 6
22 58 2 4
22 59 1 4
22 60 7 6
22 61 9 1
22 62 5 2
22 64 3 4
22 65 9 7
22 66 7 2
22 67 4 3
22 68 6 2
22 70 10 2
22 71 6 5
22 72 6 8
22 74 10 2
22 75 9 2
22 77 4 8
22 78 6 3
22 80 5 1
22 81 8 10
22 82 6 6
22 83 2 10
22 84 2 6
22 85 2 4
22 86 5 2
22 88 8 8
22 90 7 1
22 92 7 2
22 93 7 3
22 94 2 2
22 95 8 3
22 96 3 1
22 97 3 3
22 98 3 3
22 99 5 5
22 100 3 1
23 24 9 6
23 26 10 1
23 27 2 9
23 28 5 2
23 29 2 2
23 30 1 3
23 32 3 9
23 34 3 2
23 35 10 8
23 36 8 3
23 37 7 7
23 38 4 9
23 39 8 5
23 40 2 3
23 42 3 6
23 43 5 9
23 44 2 8
23 45 1 7
23 46 6 7
23 47 10 6
23 48 3 4
23 49 2 5
23 50 4 3
23 51 6 3
23 52 8 5
23 54 10 1
23 55 6 3
23 56 3 3
23 57 1 4
23 59 7 2
23 60 2 1
23 61 5 8
23 63 4 7
23 64 5 10
23 66 8 3
23 67 4 7
23 68 8 2
23 69 6 9
23 71 2 9
23 72 2 7
23 73 8 3
23 74 9 2
23 75 10 10
23 76 8 9
23 77 7 7
23 80 5 8
23 84 3 7
23 85 7 9
23 86 8 1
23 87 1 1
23 89 1 8
23 91 9 1
23 92 1 4
23 93 3 5
23 94 2 8
23 96 8 9
23 97 5 5
23 98 4 3
23 99 9 1
24 25 10 6
24 26 2 5
24 28 7 1
24 29 3 6
24 30 7 3
24 33 7 3
24 36 4 5
24 37 2 2
24 38 2 8
24 39 8 3
24 40 9 6
24 41 2 2
24 42 10 5
24 43 6 9
24 44 10 1
24 45 7 7
24 46 4 1
24 47 4 8
24 48 5 7
24 49 8 1
24 50 3 7
24 51 2 3
24 52 1 10
24 53 6 9
24 54 6 3
24 56 7 7
24 59 9 2
24 60 1 6
24 61 7 6
24 62 5 10
24 63 4 4
24 64 3 3
24 65 5 10
24 66 10 5
24 67 3 1
24 68 3 4
24 69 7 7
24 70 2 7
24 72 6 2
24 74 4 3
24 75 2 6
24 76 9 3
24 77 1 5
24 79 5 1
24 80 4 9
24 81 6 8
24 82 10 6
24 84 3 7
24 86 3 4
24 87 4 3
24 88 4 9
24 89 2 3
24 90 1 3
24 91 8 4
24 92 10 8
24 93 8 10
24 94 8 8
24 95 1 10
24 97 5 5
24 98 1 9
24 99 6 1
25 27 8 3
25 28 4 2
25 29 6 10
25 30 8 7
25 32 10 4
25 33 6 4
25 34 8 1
25 35 9 1
25 36 7 3
25 37 5 1
25 38 3 10
25 39 10 8
25 40 9 9
25 41 6 7
25 42 8 2
25 43 8 6
25 44 9 10
25 45 3 9
25 46 6 6
25 47 7 5
25 49 10 9
25 50 2 10
25 51 8 3
25 53 6 10
25 54 7 6
25 55 8 5
25 56 9 9
25 57 1 10
25 58 1 8
25 60 7 1
25 61 10 6
25 62 7 8
25 63 5 2
25 65 4 7
25 66 9 6
25 68 6 4
25 70 10 8
25 71 10 3
25 72 9 3
25 73 5 8
25 74 7 10
25 76 6 7
25 77 1 5
25 78 6 2
25 79 5 5
25 80 6 2
25 81 4 6
25 82 5 2
25 83 9 4
25 84 8 6
25 85 5 7
25 86 9 2
25 87 6 1
25 90 1 2
25 91 7 4
25 92 7 10
25 93 5 2
25 94 10 5
25 95 10 9
25 96 7 3
25 97 10 2
25 98 6 5
25 99 10 6
26 27 4 10
26 28 6 7
26 29 4 9
26 30 6 1
26 31 5 3
26 32 9 3
26 33 4 10
26 34 1 1
26 35 7 4
26 36 2 6
26 38 8 2
26 39 2 4
26 40 1 8
26 41 7 6
26 42 10 1
26 43 7 8
26 44 7 6
26 46 8 10
26 47 9 10
26 49 5 10
26 50 7 10
26 51 1 2
26 52 2 7
26 53 8 2
26 54 3 1
26 55 7 10
26 56 4 2
26 57 6 4
26 58 5 5
26 61 5 6
26 63 3 4
26 65 8 8
26 66 10 2
26 67 5 5
26 68 6 5
26 69 5 1
26 70 10 8
26 72 3 10
26 78 6 10
26 80 9 6
26 81 7 9
26 82 7 3
26 83 10 5
26 84 8 9
26 85 7 5
26 86 10 7
26 88 4 7
26 89 6 5
26 90 8 4
26 91 8 6
26 92 10 2
26 93 10 2
26 94 9 10
26 95 4 1
26 96 8 8
26 97 8 4
26 98 8 1
26 99 1 2
27 29 10 1
27 30 4 4
27 32 5 10
27 33 9 7
27 36 9 9
27 37 10 4
27 38 2 2
27 41 5 5
27 43 9 4
27 46 2 7
27 47 3 10
27 48 8 6
27 49 7 5
27 50 9 7
27 51 6 9
27 52 9 6
27 53 4 5
27 55 4 6
27 56 5 1
27 57 3 8
27 58 8 9
27 60 8 7
27 62 3 4
27 63 8 5
27 65 7 5
27 67 1 2
27 69 5 6
27 70 6 5
27 71 1 9
27 72 4 4
27 74 1 1
27 75 2 5
27 76 8 4
27 77 10 5
27 78 5 4
27 79 8 10
27 80 9 7
27 81 1 5
27 82 10 6
27 83 7 9
27 85 10 2
27 86 3 6
27 87 9 3
27 89 6 3
27 91 5 2
27 92 3 3
27 93 1 3
27 97 8 10
27 98 2 9
27 99 2 9
27 100 8 1
28 29 1 6
28 30 8 8
28 31 9 2
28 32 1 2
28 33 10 9
28 34 1 10
28 35 3 1
28 37 9 4
28 38 4 2
28 39 1 4
28 40 10 8
28 41 3 6
28 42 9 1
28 43 7 9
28 44 4 5
28 45 10 7
28 46 3 6
28 48 7 1
28 49 5 2
28 50 8 2
28 51 7 10
28 52 3 9
28 53 5 9
28 55 4 7
28 56 10 1
28 57 5 10
28 58 6 8
28 59 4 5
28 60 9 8
28 61 6 1
28 62 5 1
28 64 2 2
28 65 7 3
28 66 2 3
28 67 7 2
28 68 10 1
28 69 1 3
28 70 5 10
28 71 7 5
28 72 10 2
28 73 2 2
28 75 10 5
28 76 1 9
28 77 6 2
28 78 3 4
28 79 10 6
28 81 4 2
28 82 1 10
28 83 8 3
28 84 4 9
28 85 9 6
28 86 1 8
28 87 10 3
28 88 7 6
28 90 10 5
28 92 10 10
28 93 1 7
28 95 1 6
28 96 3 8
28 97 10 1
28 99 8 5
28 100 10 2
29 30 5 10
29 32 1 4
29 33 8 4
29 34 1 8
29 38 9 6
29 39 5 5
29 40 10 2
29 41 6 4
29 43 4 10
29 44 10 2
29 45 9 10
29 46 1 3
29 47 1 2
29 49 6 6
29 50 8 9
29 51 4 2
29 52 6 7
29 53 1 3
29 54 6 4
29 55 10 8
29 57 5 3
29 59 8 3
29 62 1 7
29 63 3 6
29 64 8 8
29 65 5 10
29 66 6 9
29 67 1 4
29 68 5 7
29 69 7 1
29 70 7 2
29 71 3 2
29 72 4 10
29 73 3 5
29 74 8 4
29 75 3 6
29 77 10 10
29 78 9 3
29 79 2 7
29 80 4 3
29 81 8 7
29 82 2 6
29 83 2 2
29 84 2 5
29 85 5 2
29 87 1 5
29 88 1 8
29 90 2 7
29 91 4 10
29 92 10 4
29 93 5 3
29 94 4 6
29 95 9 8
29 97 5 3
29 98 8 3
29 99 5 3
29 100 5 2
30 31 2 4
30 32 6 2
30 33 10 2
30 34 6 6
30 35 6 8
30 38 5 5
30 41 3 5
30 42 7 7
30 43 10 1
30 44 3 7
30 47 2 8
30 48 9 5
30 49 8 2
30 50 1 3
30 51 6 1
30 52 1 8
30 53 2 1
30 55 10 8
30 56 8 10
30 57 4 4
30 58 8 9
30 59 1 4
30 61 4 9
30 62 3 9
30 63 8 3
30 64 6 4
30 65 6 2
30 66 5 3
30 67 5 6
30 68 3 8
30 69 3 2
30 71 6 4
30 72 2 2
30 73 1 8
30 74 2 3
30 76 3 8
30 77 6 8
30 78 7 2
30 79 8 6
30 81 4 2
30 82 4 10
30 83 4 9
30 84 2 3
30 85 9 6
30 86 8 1
30 87 6 1
30 88 6 10
30 89 2 8
30 90 9 2
30 91 6 1
30 94 6 1
30 96 8 10
30 97 3 10
30 98 6 4
30 100 3 6
31 32 1 1
31 33 5 10
31 34 9 2
31 35 2 2
31 36 10 5
31 38 5 7
31 39 9 6
31 40 1 4
31 41 10 3
31 42 8 6
31 43 2 4
31 44 7 3
31 45 7 10
31 46 10 10
31 47 3 3
31 48 2 1
31 49 8 9
31 50 1 5
31 51 6 8
31 52 7 4
31 54 10 8
31 55 4 4
31 56 2 1
31 57 7 3
31 59 1 4
31 61 1 9
31 62 10 1
31 63 3 2
31 64 3 3
31 65 5 3
31 66 9 1
31 67 2 2
31 68 4 6
31 69 6 4
31 70 4 3
31 71 8 10
31 73 1 8
31 77 6 7
31 78 2 10
31 79 8 2
31 80 2 6
31 81 10 10
31 82 5 10
31 84 8 1
31 85 10 3
31 86 7 6
31 87 1 7
31 88 9 8
31 90 2 5
31 91 7 9
31 93 5 6
31 95 3 9
31 96 10 6
31 97 2 7
31 98 1 4
31 99 10 8
31 100 8 4
32 33 4 2
32 34 9 1
32 35 6 4
32 37 9 4
32 38 4 7
32 40 7 6
32 42 9 9
32 44 6 9
32 45 4 8
32 47 7 3
32 48 3 6
32 50 5 1
32 51 2 4
32 52 8 5
32 54 3 3
32 56 3 1
32 57 4 1
32 59 1 10
32 60 8 7
32 61 4 7
32 63 9 10
32 64 6 9
32 65 4 2
32 66 9 4
32 67 4 7
32 68 10 1
32 69 8 2
32 70 7 10
32 71 1 5
32 73 10 5
32 74 6 4
32 75 10 9
32 76 4 10
32 77 10 6
32 78 2 4
32 79 4 3
32 80 10 2
32 81 4 10
32 82 4 3
32 83 10 3
32 84 10 1
32 85 9 1
32 86 10 6
32 87 4 6
32 88 3 1
32 90 1 8
32 92 9 7
32 94 6 3
32 95 1 5
32 96 3 4
32 97 9 6
32 99 10 4
33 34 2 2
33 35 10 6
33 36 2 9
33 38 4 5
33 39 8 9
33 41 8 7
33 43 1 4
33 44 3 3
33 45 2 10
33 46 9 10
33 47 3 2
33 48 3 4
33 49 10 5
33 50 2 3
33 51 4 6
33 52 3 6
33 53 4 9
33 54 6 9
33 55 9 8
33 56 6 3
33 57 9 2
33 58 10 2
33 59 9 1
33 60 5 9
33 61 1 9
33 62 5 1
33 63 3 9
33 64 4 2
33 66 2 9
33 67 2 10
33 68 4 5
33 69 3 7
33 70 5 6
33 71 4 2
33 72 5 2
33 74 1 9
33 75 5 7
33 76 3 4
33 77 9 4
33 78 8 8
33 79 3 10
33 80 10 2
33 81 8 10
33 82 3 1
33 83 4 3
33 84 10 5
33 85 10 9
33 86 5 10
33 87 8 10
33 89 3 9
33 90 1 6
33 92 10 4
33 93 3 4
33 94 5 9
33 95 4 5
33 96 10 9
33 97 10 7
33 98 3 1
33 99 8 7
34 35 5 5
34 37 7 6
34 39 2 3
34 41 5 8
34 44 3 6
34 45 9 1
34 46 2 1
34 48 10 10
34 49 5 7
34 50 6 7
34 52 2 4
34 54 1 3
34 55 4 6
34 56 6 2
34 57 3 9
34 58 2 6
34 59 10 3
34 60 2 4
34 62 10 10
34 63 9 10
34 65 7 10
34 66 6 10
34 71 8 3
34 73 4 1
34 74 8 6
34 75 5 5
34 77 9 3
34 81 8 9
34 82 10 10
34 83 9 6
34 84 3 1
34 85 1 1
34 87 5 6
34 88 2 10
34 89 4 1
34 90 9 4
34 92 8 1
34 94 10 10
34 95 3 5
34 96 4 2
34 97 3 5
34 98 6 10
34 99 10 6
35 36 4 10
35 37 6 4
35 39 5 3
35 40 10 8
35 41 10 9
35 43 1 5
35 44 1 2
35 45 5 2
35 46 1 1
35 47 1 3
35 48 3 7
35 49 4 8
35 50 1 9
35 52 9 1
35 53 4 6
35 54 9 9
35 56 3 6
35 57 10 9
35 58 7 1
35 59 8 1
35 60 4 9
35 61 10 3
35 63 8 4
35 64 8 8
35 65 4 7
35 66 2 4
35 67 6 1
35 68 5 1
35 69 7 8
35 70 5 8
35 71 7 6
35 72 7 8
35 73 6 1
35 74 9 8
35 75 10 4
35 76 4 2
35 77 10 2
35 78 1 9
35 79 10 6
35 80 4 5
35 81 6 4
35 82 6 8
35 83 1 4
35 84 5 10
35 85 4 7
35 86 5 2
35 87 1 6
35 88 7 6
35 89 6 7
35 90 10 6
35 91 9 8
35 92 9 7
35 93 4 5
35 94 6 9
35 95 10 4
35 96 7 8
35 97 3 5
35 98 8 3
35 100 9 5
36 37 2 6
36 38 8 4
36 40 6 4
36 41 1 6
36 42 6 8
36 43 8 2
36 44 6 6
36 49 1 1
36 50 7 10
36 51 2 10
36 52 6 7
36 53 10 2
36 54 1 2
36 55 2 8
36 56 2 6
36 59 8 1
36 61 1 7
36 63 9 4
36 64 3 10
36 65 3 3
36 66 7 7
36 67 6 1
36 70 3 1
36 71 2 2
36 72 3 4
36 73 5 6
36 74 6 9
36 75 9 6
36 76 1 3
36 77 4 8
36 78 1 5
36 79 10 3
36 80 10 5
36 81 10 7
36 82 4 6
36 84 5 6
36 85 5 10
36 86 3 9
36 87 9 4
36 89 3 3
36 90 3 1
36 92 10 7
36 94 7 1
36 95 10 5
36 96 5 3
36 98 4 6
36 99 7 3
36 100 9 10
37 38 10 6
37 39 10 3
37 41 7 10
37 43 8 3
37 44 3 3
37 45 1 1
37 48 8 4
37 49 6 2
37 50 9 3
37 51 1 10
37 52 3 3
37 53 1 10
37 54 7 9
37 55 5 10
37 56 7 10
37 57 2 6
37 58 4 8
37 59 8 5
37 60 2 1
37 61 6 8
37 62 6 10
37 63 6 7
37 66 10 1
37 67 1 3
37 68 5 9
37 69 6 1
37 70 9 5
37 73 8 10
37 75 9 7
37 76 4 6
37 77 6 2
37 78 8 8
37 80 8 5
37 81 8 2
37 82 2 8
37 83 7 4
37 85 4 10
37 86 1 8
37 87 2 10
37 89 3 10
37 90 7 4
37 91 7 1
37 92 8 3
37 93 7 10
37 94 8 10
37 95 4 2
37 97 7 4
37 98 7 4
37 99 7 10
37 100 5 8
38 39 1 9
38 40 8 4
38 42 3 5
38 43 4 6
38 44 4 5
38 45 9 2
38 46 1 9
38 47 7 4
38 48 1 5
38 49 2 7
38 50 4 10
38 52 4 4
38 53 7 6
38 56 7 3
38 57 4 4
38 58 6 10
38 59 10 5
38 60 9 8
38 61 6 6
38 62 6 4
38 63 1 2
38 64 4 3
38 65 3 4
38 66 10 10
38 68 7 4
38 69 6 4
38 70 4 8
38 71 10 3
38 72 9 10
38 73 3 4
38 74 6 4
38 75 2 6
38 76 7 5
38 77 6 6
38 78 10 9
38 79 5 3
38 80 5 10
38 81 4 6
38 82 3 1
38 83 6 6
38 84 10 3
38 85 7 9
38 86 3 2
38 87 6 7
38 88 9 9
38 89 8 10
38 92 6 2
38 93 5 9
38 94 8 4
38 95 6 10
38 96 4 8
38 97 5 2
38 99 3 2
38 100 2 2
39 40 5 2
39 41 3 3
39 42 10 8
39 43 7 8
39 44 9 5
39 45 8 1
39 47 9 1
39 48 8 2
39 49 6 10
39 50 9 2
39 51 9 6
39 52 10 5
39 53 4 9
39 54 4 9
39 55 5 2
39 56 4 2
39 57 6 1
39 59 5 2
39 60 5 10
39 61 7 10
39 62 4 9
39 64 7 10
39 65 1 4
39 67 6 9
39 68 1 8
39 69 3 1
39 70 9 8
39 71 7 6
39 72 7 10
39 73 4 6
39 74 9 4
39 75 9 5
39 76 3 2
39 77 9 4
39 78 1 4
39 79 3 6
39 80 8 3
39 81 4 1
39 82 6 1
39 85 8 4
39 86 10 7
39 87 10 8
39 89 2 6
39 90 2 9
39 91 7 4
39 92 8 9
39 93 5 4
39 94 3 2
39 95 3 4
39 99 3 9
40 41 1 2
40 42 8 5
40 43 1 6
40 44 10 9
40 45 8 9
40 46 7 9
40 47 3 3
40 48 8 9
40 49 1 9
40 50 4 2
40 51 4 10
40 52 10 3
40 53 9 9
40 55 5 1
40 57 10 9
40 58 3 7
40 59 7 9
40 61 7 3
40 62 9 9
40 63 7 5
40 64 9 1
40 65 9 5
40 66 5 5
40 67 6 6
40 68 9 3
40 69 10 6
40 70 4 8
40 71 3 9
40 72 8 2
40 73 1 4
40 74 1 10
40 75 1 2
40 76 7 8
40 78 10 2
40 79 3 6
40 80 8 8
40 81 4 4
40 82 6 10
40 83 8 6
40 84 5 4
40 85 2 10
40 87 7 10
40 88 3 3
40 89 2 10
40 90 6 2
40 92 2 1
40 94 4 6
40 95 2 5
40 96 3 5
40 98 8 9
40 99 6 9
40 100 5 9
41 42 1 8
41 43 3 9
41 45 9 3
41 46 4 4
41 47 9 7
41 48 3 10
41 49 4 5
41 50 4 7
41 51 1 7
41 53 10 1
41 54 6 2
41 55 9 1
41 56 9 10
41 58 6 6
41 59 3 5
41 60 1 6
41 61 5 1
41 62 5 1
41 63 5 3
41 65 10 5
41 66 6 6
41 67 3 2
41 68 5 8
41 69 5 6
41 70 10 7
41 71 8 7
41 72 8 3
41 73 9 2
41 74 3 8
41 76 10 6
41 78 7 1
41 79 10 9
41 81 3 5
41 82 2 3
41 83 4 4
41 84 9 6
41 85 10 7
41 86 10 4
41 87 5 1
41 89 10 10
41 90 4 7
41 91 1 1
41 92 4 10
41 93 7 3
41 94 7 2
41 96 2 7
41 98 6 7
41 99 6 3
42 43 5 3
42 44 9 9
42 46 6 9
42 47 2 2
42 48 9 1
42 49 1 9
42 51 5 6
42 52 8 9
42 53 6 9
42 54 9 1
42 55 1 6
42 56 8 3
42 57 7 2
42 59 4 9
42 60 5 8
42 63 5 8
42 65 4 6
42 67 10 9
42 68 7 7
42 71 3 9
42 72 10 5
42 73 4 3
42 75 7 8
42 76 7 2
42 78 6 8
42 79 8 5
42 80 5 1
42 81 3 7
42 83 7 9
42 85 4 4
42 86 2 9
42 87 6 6
42 88 10 2
42 89 9 3
42 91 3 9
42 92 3 4
42 97 5 5
42 99 10 8
42 100 1 7
43 44 2 10
43 45 10 1
43 46 5 5
43 47 9 9
43 48 5 3
43 49 4 4
43 50 8 7
43 51 6 6
43 52 2 3
43 53 6 3
43 54 7 5
43 55 1 10
43 57 4 10
43 58 8 2
43 59 1 4
43 61 10 5
43 62 3 4
43 63 6 8
43 64 6 3
43 65 10 2
43 66 3 2
43 67 1 1
43 69 2 1
43 70 5 8
43 71 2 7
43 73 5 9
43 74 4 4
43 75 2 10
43 76 7 4
43 77 7 8
43 78 1 10
43 79 8 3
43 80 2 3
43 81 5 2
43 82 5 2
43 83 1 9
43 84 4 1
43 85 1 4
43 86 9 1
43 87 9 4
43 88 3 4
43 89 1 1
43 90 2 2
43 91 6 1
43 92 9 6
43 94 4 3
43 95 9 8
43 96 4 3
43 97 5 3
43 98 8 3
43 99 8 3
43 100 7 9
44 45 7 10
44 46 8 10
44 47 7 2
44 48 9 6
44 49 10 1
44 50 6 4
44 51 10 10
44 53 6 3
44 55 7 1
44 56 2 7
44 57 10 2
44 58 1 5
44 59 5 8
44 61 1 9
44 62 9 2
44 63 4 2
44 64 7 4
44 65 2 2
44 68 9 8
44 69 7 6
44 70 3 1
44 71 4 2
44 72 1 9
44 73 3 9
44 75 4 10
44 76 10 2
44 77 8 5
44 78 10 7
44 79 6 6
44 80 5 7
44 81 10 8
44 84 7 8
44 85 9 9
44 86 7 6
44 87 1 6
44 88 3 6
44 89 8 1
44 90 5 5
44 91 6 3
44 93 4 9
44 94 10 3
44 97 9 4
44 99 2 6
44 100 1 9
45 48 6 7
45 49 5 4
45 50 5 10
45 51 8 6
45 52 7 8
45 53 2 10
45 54 6 3
45 55 4 9
45 56 5 3
45 57 9 3
45 58 4 1
45 59 7 1
45 61 8 1
45 62 6 9
45 63 5 4
45 64 3 3
45 66 1 6
45 68 8 7
45 69 8 8
45 71 5 5
45 72 2 9
45 74 5 10
45 75 8 3
45 76 6 6
45 78 4 1
45 79 8 7
45 80 4 5
45 81 1 2
45 82 4 8
45 83 2 8
45 84 1 2
45 85 5 10
45 86 9 4
45 87 9 6
45 88 10 7
45 89 10 4
45 90 7 8
45 92 8 3
45 94 9 4
45 97 4 1
45 100 1 10
46 48 6 10
46 51 8 8
46 52 7 1
46 53 1 2
46 56 3 9
46 58 10 3
46 60 4 9
46 61 10 3
46 63 2 5
46 64 4 2
46 65 6 5
46 66 2 8
46 67 8 6
46 69 2 4
46 70 5 8
46 71 10 2
46 72 8 8
46 73 3 10
46 74 5 5
46 76 6 10
46 78 3 8
46 79 2 4
46 80 6 1
46 81 7 2
46 82 3 4
46 83 4 3
46 85 2 2
46 86 6 3
46 89 4 7
46 90 2 6
46 91 3 4
46 92 4 8
46 93 3 7
46 94 3 5
46 95 8 9
46 98 2 7
47 48 4 10
47 49 5 4
47 50 2 6
47 51 7 10
47 52 5 10
47 54 6 9
47 55 8 8
47 57 6 3
47 58 7 7
47 59 4 2
47 60 6 7
47 61 8 9
47 62 3 2
47 63 3 2
47 64 9 9
47 65 1 4
47 66 3 3
47 67 2 1
47 68 3 2
47 69 9 2
47 70 3 4
47 71 7 1
47 72 5 8
47 74 8 1
47 75 5 8
47 76 4 5
47 77 5 8
47 78 5 2
47 79 10 9
47 82 3 5
47 83 4 6
47 84 8 1
47 85 4 6
47 86 4 2
47 88 3 5
47 89 9 7
47 90 7 9
47 92 2 2
47 94 10 4
47 95 8 6
47 96 10 2
47 97 5 10
47 99 8 3
48 49 1 2
48 52 1 4
48 53 9 9
48 54 4 6
48 55 3 2
48 56 2 6
48 59 3 4
48 60 3 9
48 61 6 6
48 63 1 3
48 64 6 1
48 65 3 6
48 67 5 9
48 68 9 2
48 69 5 3
48 70 2 2
48 71 3 6
48 72 9 7
48 73 5 5
48 74 9 4
48 75 6 1
48 78 8 9
48 79 7 7
48 80 2 8
48 81 7 3
48 83 7 8
48 84 6 4
48 85 4 7
48 86 9 2
48 87 4 8
48 88 5 9
48 89 8 9
48 91 2 5
48 92 1 4
48 93 8 1
48 94 2 1
48 98 9 1
48 99 8 7
48 100 8 8
49 50 2 3
49 51 1 2
49 52 4 10
49 53 6 10
49 55 8 4
49 56 2 1
49 57 4 10
49 58 10 1
49 59 8 5
49 61 5 5
49 63 9 4
49 64 3 9
49 66 4 2
49 67 2 9
49 68 8 3
49 69 8 6
49 71 10 9
49 73 7 7
49 74 4 7
49 75 7 9
49 76 1 2
49 77 7 10
49 78 10 6
49 79 10 5
49 80 10 7
49 81 3 10
49 82 9 7
49 84 7 6
49 85 3 3
49 86 4 8
49 87 4 2
49 88 3 6
49 91 8 2
49 92 6 6
49 93 8 8
49 96 6 10
49 98 1 6
49 99 8 5
49 100 4 9
50 51 9 1
50 52 6 6
50 54 9 4
50 55 10 4
50 56 1 3
50 59 5 4
50 60 1 10
50 61 8 2
50 62 4 2
50 63 9 10
50 65 4 2
50 66 2 5
50 67 2 7
50 68 4 4
50 69 8 10
50 70 4 5
50 72 2 3
50 73 3 8
50 75 5 4
50 77 3 4
50 80 3 3
50 81 7 2
50 82 5 8
50 84 2 2
50 86 1 4
50 87 10 10
50 88 6 4
50 90 6 1
50 91 6 5
50 92 10 6
50 94 10 6
50 96 6 4
50 97 7 2
50 98 3 10
50 99 3 3
50 100 7 6
51 52 9 3
51 53 7 3
51 54 1 9
51 55 3 1
51 56 5 5
51 57 8 7
51 58 9 1
51 60 9 5
51 61 9 2
51 62 1 6
51 63 3 6
51 65 7 3
51 66 5 8
51 67 4 5
51 68 4 10
51 69 3 6
51 70 2 2
51 71 2 3
51 72 8 8
51 73 4 8
51 74 6 10
51 75 10 9
51 76 3 1
51 77 2 4
51 78 9 1
51 79 2 4
51 80 5 8
51 81 7 6
51 82 2 3
51 84 5 1
51 85 9 10
51 86 7 5
51 90 7 5
51 93 10 9
51 94 9 3
51 95 2 9
51 96 8 4
51 97 9 6
51 98 3 2
51 99 6 1
52 53 5 6
52 54 6 5
52 55 6 7
52 56 9 9
52 57 10 5
52 58 6 6
52 59 1 2
52 60 8 6
52 61 7 3
52 62 4 5
52 63 2 10
52 64 3 4
52 65 3 5
52 66 8 1
52 67 1 7
52 68 7 3
52 69 7 10
52 70 10 2
52 71 3 5
52 72 8 5
52 73 4 1
52 74 9 10
52 76 6 9
52 77 7 10
52 78 9 5
52 79 6 10
52 81 6 7
52 84 9 8
52 85 10 8
52 87 6 7
52 88 8 5
52 89 9 5
52 91 9 5
52 92 9 4
52 93 3 4
52 95 7 6
52 96 2 2
52 97 10 6
52 98 10 3
53 54 7 5
53 55 5 3
53 57 4 7
53 58 2 6
53 60 8 1
53 61 10 8
53 63 8 7
53 66 8 4
53 67 6 8
53 68 8 10
53 69 1 9
53 71 6 6
53 73 5 1
53 74 6 3
53 75 7 6
53 76 5 1
53 77 2 4
53 78 7 1
53 79 8 10
53 80 8 9
53 81 9 7
53 83 8 10
53 84 10 5
53 85 10 7
53 86 7 8
53 87 2 8
53 88 10 1
53 89 8 9
53 90 5 1
53 91 4 8
53 92 9 8
53 93 7 9
53 94 9 7
53 95 2 4
53 96 3 6
53 97 3 2
53 98 2 10
53 99 4 9
53 100 5 2
54 55 4 7
54 56 5 6
54 59 3 2
54 60 5 5
54 61 2 6
54 63 1 4
54 65 5 7
54 67 3 2
54 68 2 10
54 69 1 10
54 70 1 10
54 71 9 1
54 72 10 5
54 73 4 9
54 76 5 2
54 77 3 9
54 78 1 1
54 79 5 6
54 81 1 2
54 82 6 2
54 83 5 5
54 84 10 1
54 85 3 10
54 87 3 8
54 88 8 3
54 89 7 7
54 91 2 4
54 92 5 1
54 93 1 4
54 95 9 1
54 96 4 2
54 97 8 3
54 98 7 8
54 99 8 5
55 57 2 3
55 58 9 9
55 59 2 9
55 60 10 10
55 61 9 9
55 63 5 4
55 64 3 3
55 65 7 5
55 66 2 7
55 68 1 6
55 69 10 1
55 70 8 8
55 73 5 7
55 74 3 2
55 75 5 5
55 77 9 6
55 78 3 6
55 79 5 5
55 80 2 7
55 81 8 1
55 83 1 5
55 84 8 1
55 85 4 4
55 86 3 7
55 87 3 6
55 88 2 9
55 89 5 5
55 90 1 8
55 91 4 5
55 92 2 3
55 93 1 1
55 94 8 4
55 95 1 4
55 96 4 3
55 97 8 3
55 98 6 2
55 99 4 5
55 100 3 7
56 57 7 1
56 58 8 3
56 59 4 6
56 60 1 5
56 62 7 3
56 63 8 5
56 64 2 2
56 65 4 1
56 67 5 5
56 68 4 6
56 69 2 4
56 70 2 9
56 71 1 9
56 72 8 2
56 73 10 10
56 74 2 7
56 75 5 5
56 76 9 6
56 79 8 8
56 80 9 3
56 82 7 1
56 83 8 1
56 84 5 7
56 85 6 6
56 87 5 8
56 88 3 10
56 89 10 8
56 90 3 8
56 91 2 10
56 92 7 4
56 94 9 2
56 95 4 10
56 96 3 3
56 100 9 8
57 59 10 3
57 60 6 3
57 62 1 3
57 63 4 9
57 65 2 8
57 66 8 6
57 67 4 6
57 68 5 9
57 70 1 7
57 71 3 10
57 74 2 1
57 75 6 4
57 76 8 1
57 77 2 8
57 78 2 7
57 79 3 5
57 80 8 3
57 81 2 9
57 82 4 8
57 83 4 6
57 84 7 3
57 85 5 9
57 87 9 7
57 88 5 7
57 89 4 6
57 91 3 2
57 93 7 10
57 94 5 5
57 95 5 4
57 97 6 4
57 98 7 6
57 99 10 3
57 100 3 9
58 59 1 3
58 60 9 9
58 61 8 10
58 62 7 2
58 63 4 4
58 65 2 1
58 66 4 7
58 67 3 10
58 68 8 2
58 69 1 2
58 70 2 1
58 71 7 2
58 72 2 1
58 73 3 6
58 74 4 2
58 75 9 6
58 76 7 8
58 77 8 3
58 78 7 7
58 80 7 4
58 81 9 8
58 82 5 9
58 83 3 2
58 84 8 3
58 85 2 3
58 86 8 4
58 88 2 6
58 89 1 10
58 90 3 7
58 92 1 6
58 93 1 5
58 95 4 4
58 97 1 1
58 98 5 1
58 99 7 7
58 100 9 5
59 61 3 9
59 62 6 2
59 63 2 2
59 65 8 2
59 66 4 6
59 67 6 7
59 69 10 2
59 70 10 9
59 71 5 1
59 72 10 3
59 73 8 8
59 74 2 3
59 75 3 5
59 76 9 3
59 77 8 2
59 78 8 6
59 79 4 3
59 80 7 5
59 81 4 1
59 82 1 1
59 83 7 5
59 84 2 4
59 85 10 7
59 86 3 4
59 88 9 7
59 89 8 5
59 91 1 9
59 92 10 7
59 93 9 3
59 94 3 2
59 95 7 9
59 96 8 6
59 97 7 10
59 98 9 8
59 99 7 7
59 100 4 5
60 62 3 3
60 64 7 9
60 65 5 8
60 66 3 10
60 67 6 10
60 68 8 1
60 69 4 10
60 70 3 7
60 71 10 8
60 72 9 3
60 74 2 2
60 75 4 1
60 77 5 10
60 78 10 3
60 79 5 10
60 80 9 2
60 81 9 10
60 82 8 8
60 83 6 2
60 85 8 4
60 87 8 2
60 88 10 4
60 89 4 9
60 90 5 7
60 91 1 6
60 92 2 8
60 93 4 7
60 94 9 7
60 96 2 2
60 97 6 5
60 98 1 6
60 99 7 5
60 100 6 5
61 63 10 10
61 64 1 2
61 65 4 4
61 66 3 2
61 67 2 1
61 68 3 5
61 69 2 10
61 70 5 1
61 71 2 4
61 72 10 5
61 73 10 4
61 74 1 5
61 75 4 10
61 77 7 7
61 78 2 4
61 80 9 9
61 81 5 10
61 82 9 10
61 83 7 6
61 84 9 1
61 85 10 10
61 87 4 5
61 88 6 3
61 89 10 2
61 90 9 6
61 91 3 7
61 92 7 4
61 93 8 5
61 94 5 5
61 95 1 4
61 96 3 9
61 97 7 4
61 98 1 3
61 99 6 4
61 100 9 3
62 64 6 2
62 66 3 1
62 67 4 2
62 69 4 1
62 70 8 1
62 71 10 2
62 72 2 5
62 73 3 2
62 74 2 5
62 75 1 8
62 76 3 4
62 77 5 7
62 79 6 8
62 80 6 5
62 81 9 4
62 84 10 1
62 85 3 2
62 86 9 5
62 87 3 8
62 88 1 5
62 89 9 3
62 90 3 5
62 92 3 3
62 94 9 10
62 95 3 2
62 97 2 5
62 98 1 6
62 99 7 2
63 65 1 5
63 66 10 9
63 67 3 10
63 68 8 6
63 70 3 3
63 71 4 5
63 72 5 7
63 73 5 8
63 74 8 1
63 75 4 1
63 76 9 7
63 77 3 3
63 78 9 3
63 79 4 9
63 80 5 4
63 81 8 6
63 82 3 7
63 83 5 4
63 84 10 7
63 85 3 2
63 86 4 1
63 88 7 6
63 90 8 6
63 91 10 6
63 92 4 7
63 93 4 5
63 94 4 1
63 95 3 7
63 96 1 4
63 98 4 1
63 99 9 1
63 100 4 4
64 65 1 10
64 67 3 4
64 68 8 3
64 69 8 1
64 70 5 2
64 72 10 7
64 73 10 5
64 74 3 4
64 75 9 9
64 76 9 1
64 78 7 10
64 79 6 5
64 80 5 10
64 81 10 6
64 82 7 1
64 83 3 9
64 84 2 1
64 85 8 2
64 86 7 6
64 88 9 4
64 89 8 4
64 91 10 2
64 92 8 5
64 95 6 1
64 96 3 10
64 97 10 5
64 99 4 6
64 100 6 8
65 66 1 9
65 68 7 1
65 72 9 3
65 74 3 3
65 76 8 8
65 78 4 9
65 79 8 6
65 80 8 8
65 81 9 3
65 82 9 3
65 83 4 7
65 84 10 2
65 85 9 1
65 86 7 7
65 87 10 1
65 88 8 2
65 89 6 10
65 90 7 6
65 91 8 5
65 93 9 6
65 94 4 2
65 95 10 4
65 96 8 7
65 97 9 3
65 98 5 10
65 99 5 8
65 100 5 2
66 67 9 10
66 68 5 4
66 70 10 8
66 71 4 7
66 74 7 10
66 75 7 10
66 76 2 8
66 77 1 7
66 78 5 8
66 79 3 2
66 81 4 2
66 82 4 2
66 83 9 7
66 84 7 6
66 85 9 6
66 86 4 9
66 88 7 2
66 90 7 6
66 92 8 1
66 93 6 1
66 94 8 1
66 96 4 2
66 97 6 4
66 98 3 1
66 99 6 1
66 100 9 1
67 69 7 7
67 73 5 7
67 74 8 4
67 77 3 3
67 78 6 3
67 79 1 7
67 81 9 10
67 82 10 5
67 83 7 7
67 84 10 7
67 85 6 5
67 86 2 7
67 87 5 6
67 89 6 6
67 90 3 9
67 91 6 1
67 92 10 1
67 93 5 8
67 94 1 3
67 95 3 2
67 97 8 9
67 99 6 4
67 100 10 3
68 69 4 6
68 70 7 10
68 75 6 7
68 77 10 6
68 79 10 10
68 80 6 9
68 82 7 3
68 83 8 7
68 84 1 2
68 85 1 8
68 87 4 3
68 88 1 4
68 89 4 6
68 90 3 5
68 91 5 2
68 92 2 3
68 94 2 8
68 96 6 6
68 97 1 9
68 99 2 7
68 100 3 9
69 70 3 4
69 72 5 7
69 74 7 7
69 75 9 4
69 76 3 2
69 77 2 8
69 80 6 3
69 81 5 4
69 82 4 4
69 83 6 10
69 84 7 6
69 85 7 9
69 87 2 6
69 88 4 10
69 91 1 3
69 92 4 10
69 96 1 4
69 97 9 2
69 99 8 9
70 72 5 3
70 73 7 7
70 75 9 7
70 77 2 4
70 78 5 9
70 80 8 2
70 81 3 10
70 83 8 10
70 84 8 2
70 86 3 9
70 87 1 4
70 89 5 3
70 90 10 4
70 92 10 2
70 94 1 7
70 95 3 1
70 96 5 2
70 98 2 3
70 99 2 7
70 100 10 10
71 73 3 1
71 74 1 1
71 75 2 10
71 76 4 9
71 78 9 4
71 81 3 1
71 82 2 3
71 84 4 3
71 85 1 9
71 86 1 2
71 87 8 4
71 88 9 3
71 90 7 4
71 91 9 1
71 92 7 6
71 93 2 6
71 94 5 5
71 95 2 3
71 96 7 10
71 100 5 7
72 73 3 1
72 76 10 3
72 77 9 1
72 78 6 2
72 79 1 4
72 80 5 2
72 81 1 1
72 83 10 7
72 85 1 10
72 86 8 3
72 87 5 3
72 88 1 8
72 89 10 8
72 91 7 8
72 92 6 8
72 93 4 8
72 94 10 9
72 95 10 8
72 99 3 4
72 100 7 6
73 74 1 1
73 75 7 1
73 76 10 2
73 77 1 3
73 78 5 2
73 79 9 6
73 80 8 5
73 82 3 7
73 83 4 5
73 84 9 8
73 85 4 6
73 86 2 2
73 87 3 3
73 88 7 2
73 89 2 1
73 90 1 7
73 91 7 8
73 92 9 9
73 93 8 1
73 94 8 3
73 95 3 9
73 96 10 8
73 98 5 7
73 99 10 7
73 100 9 7
74 75 10 7
74 76 2 10
74 77 4 8
74 79 6 1
74 80 1 1
74 81 1 8
74 82 7 6
74 83 2 10
74 84 1 10
74 85 8 3
74 86 7 2
74 87 1 3
74 88 4 3
74 90 3 4
74 91 6 6
74 92 1 2
74 93 2 2
74 94 5 8
74 96 7 3
74 97 2 5
75 77 1 10
75 78 1 9
75 79 3 9
75 80 7 9
75 81 2 3
75 83 10 9
75 84 3 9
75 85 10 9
75 86 5 9
75 87 10 4
75 88 10 9
75 89 4 4
75 91 3 3
75 92 1 3
75 93 10 4
75 94 8 4
75 95 9 5
75 96 6 1
75 100 9 1
76 77 2 3
76 78 10 4
76 80 9 4
76 81 7 5
76 82 1 3
76 83 2 5
76 84 4 2
76 87 9 10
76 89 5 3
76 91 9 6
76 92 1 9
76 93 3 9
76 95 2 6
76 96 3 4
76 97 8 1
76 98 6 7
76 100 7 1
77 78 4 1
77 79 5 6
77 80 7 3
77 82 7 10
77 83 10 4
77 86 4 8
77 87 5 4
77 90 5 9
77 91 10 4
77 92 9 7
77 93 9 5
77 94 9 6
77 95 7 8
77 96 6 10
77 98 9 5
77 99 7 6
77 100 8 4
78 79 9 2
78 80 2 3
78 86 1 9
78 87 2 8
78 89 7 8
78 90 1 6
78 91 2 2
78 92 4 2
78 93 9 3
78 94 4 7
78 95 4 2
78 97 7 4
78 98 2 6
78 99 4 10
78 100 8 7
79 80 8 4
79 81 2 7
79 82 1 9
79 83 8 4
79 84 10 5
79 85 6 5
79 86 4 7
79 87 4 10
79 89 8 6
79 91 8 9
79 92 7 9
79 93 9 7
79 94 2 5
79 95 1 3
79 97 3 2
79 98 3 2
79 99 4 9
80 81 9 4
80 82 8 4
80 83 10 5
80 84 4 10
80 85 2 3
80 87 9 7
80 88 9 7
80 89 9 7
80 90 4 6
80 91 9 9
80 92 7 8
80 95 8 8
80 96 5 1
80 97 1 4
80 98 1 3
80 99 4 6
80 100 4 10
81 82 6 9
81 83 10 9
81 84 7 6
81 85 4 8
81 86 2 10
81 87 5 3
81 89 9 10
81 91 3 6
81 92 1 3
81 93 10 1
81 94 1 7
81 95 2 3
81 96 4 8
81 97 7 10
81 98 10 4
81 99 4 4
81 100 6 2
82 84 4 8
82 85 2 10
82 86 2 8
82 87 6 9
82 88 2 7
82 90 9 8
82 91 1 8
82 92 6 5
82 93 9 2
82 94 5 5
82 97 10 2
82 98 4 6
82 99 2 2
82 100 1 7
83 84 1 9
83 85 5 3
83 86 1 2
83 87 2 10
83 88 10 6
83 89 9 1
83 90 3 4
83 91 5 1
83 92 4 4
83 93 4 8
83 94 3 9
83 95 10 6
83 96 3 10
83 97 7 10
83 98 7 9
83 99 9 3
83 100 8 9
84 86 9 10
84 88 2 5
84 89 10 7
84 90 2 4
84 91 6 8
84 92 7 7
84 93 9 4
84 94 4 5
84 95 2 7
84 96 7 4
84 97 1 10
84 98 9 9
84 99 9 4
84 100 7 2
85 86 6 3
85 87 6 5
85 88 3 4
85 89 1 2
85 90 7 10
85 92 5 10
85 93 5 5
85 94 2 10
85 96 10 6
85 97 6 7
85 98 4 9
86 88 2 4
86 89 10 5
86 90 5 9
86 91 9 3
86 92 1 6
86 95 9 5
86 96 8 6
86 97 5 8
86 98 6 1
86 100 2 6
87 89 4 4
87 90 9 1
87 91 3 2
87 93 2 1
87 94 6 4
87 95 5 1
87 96 2 8
87 97 5 4
87 98 7 7
87 99 1 1
87 100 8 1
88 89 5 7
88 90 8 8
88 91 9 7
88 94 2 1
88 96 9 1
88 97 2 9
88 98 10 2
89 91 7 8
89 92 1 6
89 94 5 7
89 95 7 7
89 97 1 6
89 98 6 8
89 99 2 10
89 100 6 7
90 91 4 2
90 92 7 5
90 93 10 5
90 95 4 6
90 96 6 7
90 97 7 9
90 98 10 4
90 100 3 8
91 92 4 1
91 94 5 7
91 95 4 10
91 97 9 3
91 98 1 10
91 99 9 4
92 93 7 7
92 94 8 7
92 96 8 4
92 97 7 2
92 98 1 6
92 99 10 8
92 100 4 7
93 94 4 3
93 97 4 3
93 98 5 2
93 99 3 1
93 100 7 6
94 95 6 2
94 96 8 2
94 97 6 9
94 99 2 4
94 100 4 3
95 96 2 10
95 98 3 1
95 99 10 10
95 100 8 7
96 97 6 9
96 100 1 8
98 99 1 7
98 100 1 4
1
1 2 3 4 5 6 7 8 9 10 11 12 13 14 15 16 17 18 19 20 21 22 23 24 25 26 27 28 29 30 31 32 33 34 35 36 37 38 39 40 41 42 43 44 45 46 47 48 49 50
