3974
1 3 4 2
1 4 6 8
1 5 6 4
1 6 1 6
1 7 10 8
1 9 2 7
1 11 7 7
1 12 7 1
1 13 5 5
1 14 4 2
1 15 7 1
1 16 4 7
1 17 6 6
1 18 7 1
1 19 5 4
1 20 6 4
1 21 6 4
1 22 7 2
1 24 9 3
1 25 4 5
1 26 10 9
1 27 1 8
1 28 3 10
1 29 8 2
1 30 5 2
1 31 5 3
1 32 8 7
1 33 7 6
1 34 6 10
1 35 4 1
1 36 3 5
1 38 6 6
1 40 7 8
1 41 6 4
1 42 7 1
1 43 9 8
1 45 4 8
1 46 7 7
1 48 5 2
1 49 5 8
1 51 6 10
1 52 10 3
1 54 9 8
1 55 4 4
1 56 3 8
1 57 9 9
1 58 10 2
1 59 1 10
1 60 6 1
1 61 7 8
1 62 9 10
1 63 1 7
1 64 3 4
1 65 2 5
1 66 2 9
1 67 3 4
1 69 5 1
1 72 8 10
1 73 6 4
1 75 8 10
1 76 6 3
1 77 5 8
1 78 8 5
1 79 4 4
1 80 6 6
1 81 9 6
1 82 6 6
1 83 2 2
1 84 4 6
1 85 9 5
1 86 3 3
1 87 10 9
1 89 8 9
1 91 9 7
1 93 7 6
1 94 10 8
1 95 8 8
1 96 1 10
1 97 9 9
1 98 3 10
1 99 2 8
2 3 5 2
2 6 7 10
2 7 6 5
2 8 1 1
2 10 7 3
2 11 1 6
2 12 4 5
2 15 10 4
2 16 8 6
2 18 8 7
2 19 3 5
2 20 1 2
2 21 1 5
2 23 5 4
2 24 1 8
2 28 5 6
2 29 4 7
2 30 10 5
2 31 4 9
2 32 9 9
2 33 1 4
2 34 9 8
2 35 9 6
2 36 2 2
2 37 1 8
2 39 10 9
2 40 3 5
2 42 7 7
2 44 6 2
2 45 3 5
2 46 10 10
2 47 5 3
2 48 3 5
2 49 10 3
2 50 4 4
2 51 2 3
2 52 10 7
2 53 3 9
2 55 7 1
2 56 10 9
2 57 10 2
2 58 8 8
2 59 8 2
2 60 4 2
2 61 9 5
2 63 7 7
2 64 10 5
2 65 9 3
2 69 5 2
2 71 10 7
2 72 10 6
2 73 7 4
2 74 5 5
2 75 3 10
2 76 4 9
2 77 3 4
2 78 6 8
2 79 10 4
2 80 4 1
2 83 6 6
2 86 3 3
2 88 6 9
2 91 10 2
2 92 5 5
2 95 3 5
2 96 8 7
2 97 3 7
2 98 2 2
2 100 8 8
3 6 6 2
3 8 8 5
3 11 2 5
3 12 2 2
3 13 6 10
3 14 5 8
3 16 8 10
3 17 1 8
3 18 7 7
3 20 9 4
3 21 2 10
3 22 9 4
3 23 6 9
3 24 8 4
3 25 1 1
3 26 6 6
3 27 2 4
3 28 8 7
3 29 4 6
3 30 6 10
3 31 4 3
3 32 1 7
3 33 6 2
3 34 2 10
3 35 3 8
3 36 8 2
3 37 7 1
3 38 1 4
3 39 7 3
3 41 4 6
3 43 7 10
3 45 1 10
3 46 4 1
3 47 10 7
3 48 9 4
3 49 4 4
3 50 8 8
3 51 3 8
3 52 9 3
3 53 3 4
3 55 2 5
3 57 4 8
3 58 3 8
3 60 7 2
3 61 10 9
3 62 3 10
3 63 3 9
3 64 3 8
3 65 6 5
3 67 1 8
3 68 4 8
3 69 5 5
3 70 1 5
3 71 8 8
3 72 7 4
3 73 7 9
3 74 3 10
3 75 6 10
3 76 4 6
3 78 9 2
3 79 7 10
3 80 2 7
3 81 4 3
3 82 4 2
3 83 8 10
3 85 8 9
3 86 5 2
3 89 7 4
3 91 6 5
3 92 6 2
3 93 8 8
3 95 10 9
3 96 10 2
3 97 8 10
3 98 1 7
3 99 2 9
3 100 2 10
4 5 4 5
4 6 9 5
4 8 9 8
4 9 10 5
4 10 9 7
4 11 1 9
4 12 9 2
4 13 10 2
4 15 7 9
4 16 3 2
4 17 3 9
4 18 5 8
4 20 5 7
4 21 3 4
4 22 3 5
4 23 1 7
4 24 5 5
4 25 5 7
4 26 7 1
4 28 8 9
4 29 3 6
4 30 7 6
4 31 1 7
4 32 9 3
4 33 5 10
4 34 1 6
4 35 9 2
4 36 4 10
4 38 8 7
4 39 3 6
4 40 1 10
4 42 3 7
4 43 8 3
4 45 2 5
4 46 6 8
4 47 3 4
4 48 4 3
4 49 8 5
4 50 5 4
4 51 3 1
4 52 8 4
4 53 8 6
4 54 1 5
4 55 5 5
4 57 3 3
4 58 2 6
4 59 6 8
4 60 5 7
4 61 2 3
4 62 1 4
4 63 9 3
4 65 10 6
4 66 9 9
4 67 7 1
4 68 4 2
4 70 9 2
4 71 9 7
4 72 6 5
4 73 10 9
4 74 1 9
4 75 3 9
4 76 4 9
4 77 4 1
4 79 1 7
4 80 6 3
4 81 6 8
4 83 9 4
4 84 2 5
4 86 4 2
4 90 5 9
4 91 4 2
4 92 7 3
4 93 6 3
4 94 3 2
4 95 3 1
4 96 3 3
4 97 9 8
4 98 6 6
4 99 6 5
4 100 5 1
5 8 7 7
5 9 6 3
5 10 2 1
5 12 7 10
5 13 4 5
5 15 1 5
5 16 4 6
5 17 10 2
5 18 10 2
5 19 9 8
5 20 10 9
5 21 7 6
5 22 8 7
5 23 1 3
5 24 7 1
5 26 1 4
5 27 4 6
5 28 5 9
5 29 5 8
5 30 10 1
5 31 6 1
5 32 5 6
5 34 5 10
5 35 3 3
5 36 10 9
5 37 4 4
5 39 10 7
5 42 7 2
5 43 9 8
5 44 4 1
5 45 7 8
5 47 5 2
5 48 6 7
5 49 2 5
5 50 2 7
5 51 5 5
5 52 2 4
5 53 6 2
5 54 6 3
5 55 7 10
5 56 4 8
5 57 8 1
5 58 6 8
5 59 9 6
5 60 4 2
5 61 3 7
5 63 10 1
5 64 6 1
5 65 7 4
5 66 7 1
5 67 6 5
5 68 3 7
5 69 3 8
5 70 4 4
5 71 2 7
5 72 2 6
5 73 3 4
5 75 10 6
5 76 2 8
5 77 1 7
5 78 5 6
5 79 1 3
5 80 9 3
5 82 7 8
5 83 7 1
5 84 1 4
5 86 10 10
5 88 3 7
5 89 8 5
5 90 8 7
5 91 4 4
5 92 3 2
5 93 10 4
5 94 3 8
5 95 9 7
5 96 8 9
5 97 6 5
5 98 7 7
5 99 8 3
5 100 7 8
6 7 9 2
6 8 7 7
6 10 9 8
6 12 6 3
6 13 1 4
6 14 6 5
6 16 6 1
6 18 10 6
6 19 5 4
6 20 3 6
6 21 6 6
6 22 3 5
6 23 1 6
6 24 6 3
6 25 8 7
6 27 4 10
6 28 10 6
6 30 2 7
6 31 1 7
6 32 9 3
6 33 3 4
6 34 8 9
6 35 3 8
6 36 6 4
6 37 5 1
6 38 9 4
6 39 7 6
6 42 7 5
6 43 7 6
6 44 6 4
6 45 4 2
6 46 8 8
6 47 8 6
6 48 2 7
6 49 5 10
6 50 8 7
6 51 1 3
6 53 6 8
6 54 8 1
6 55 5 3
6 56 8 2
6 58 8 3
6 59 4 3
6 60 1 9
6 61 8 8
6 62 9 6
6 64 6 4
6 65 7 8
6 67 10 1
6 68 3 7
6 70 9 9
6 71 6 3
6 72 1 2
6 74 9 10
6 75 4 2
6 76 6 1
6 77 4 8
6 78 5 4
6 79 6 5
6 80 3 4
6 81 2 1
6 82 10 1
6 83 8 9
6 84 2 4
6 85 6 7
6 87 9 6
6 88 7 9
6 89 1 6
6 90 5 3
6 91 1 4
6 93 1 10
6 94 1 3
6 95 8 5
6 96 4 10
6 97 8 10
6 98 4 4
6 99 10 5
6 100 9 2
7 8 8 3
7 9 9 5
7 11 8 7
7 12 10 6
7 14 7 3
7 16 3 9
7 18 9 3
7 19 5 5
7 21 3 5
7 22 9 1
7 23 2 1
7 24 9 7
7 25 7 8
7 26 10 9
7 27 10 3
7 28 1 2
7 29 4 8
7 30 2 9
7 31 8 8
7 33 6 2
7 34 6 7
7 35 1 7
7 36 7 1
7 37 6 10
7 38 4 2
7 41 5 6
7 42 4 9
7 44 2 2
7 45 8 10
7 48 10 1
7 49 3 6
7 51 10 2
7 52 2 9
7 53 4 4
7 54 4 2
7 55 4 1
7 59 2 6
7 60 3 7
7 61 4 9
7 62 2 10
7 65 1 1
7 66 3 6
7 67 7 9
7 68 5 4
7 69 6 1
7 70 6 9
7 72 1 6
7 73 1 1
7 74 9 5
7 75 10 2
7 76 4 5
7 77 2 1
7 79 3 9
7 81 8 1
7 83 10 4
7 84 9 1
7 85 3 2
7 86 5 1
7 87 1 8
7 88 4 6
7 90 6 9
7 92 10 6
7 93 4 10
7 94 3 10
7 95 5 2
7 96 8 1
7 97 10 7
7 98 4 5
7 99 3 2
7 100 7 2
8 9 4 10
8 10 5 4
8 11 5 9
8 12 6 8
8 13 10 9
8 14 1 8
8 15 6 4
8 16 4 5
8 17 10 9
8 19 3 10
8 20 3 9
8 21 8 2
8 22 4 1
8 23 8 3
8 24 7 9
8 25 4 3
8 26 2 3
8 27 4 6
8 29 6 8
8 30 5 4
8 31 9 6
8 32 6 8
8 33 4 3
8 34 4 8
8 35 8 9
8 36 3 7
8 37 2 10
8 38 7 4
8 41 8 8
8 42 6 5
8 43 10 8
8 46 4 9
8 48 4 8
8 49 10 10
8 50 4 3
8 51 2 3
8 52 5 3
8 53 3 3
8 54 7 4
8 55 9 6
8 56 2 3
8 57 4 4
8 58 9 5
8 59 6 7
8 60 9 6
8 61 3 3
8 63 1 2
8 64 4 6
8 65 5 3
8 67 8 4
8 68 10 1
8 69 7 8
8 71 4 1
8 72 1 10
8 73 6 1
8 74 2 3
8 75 3 8
8 78 1 3
8 79 3 9
8 80 8 8
8 81 8 2
8 83 6 4
8 85 5 3
8 87 4 3
8 88 8 10
8 89 8 3
8 90 2 10
8 91 2 1
8 93 1 5
8 96 2 5
8 97 6 7
8 98 3 1
9 10 7 3
9 11 1 5
9 13 8 5
9 16 6 6
9 17 5 1
9 18 4 6
9 19 3 4
9 23 6 3
9 24 4 1
9 25 2 2
9 27 9 2
9 28 10 6
9 29 10 5
9 30 5 6
9 32 9 5
9 33 5 5
9 35 7 3
9 37 1 4
9 39 3 4
9 42 8 6
9 43 6 10
9 44 6 4
9 45 1 1
9 46 2 8
9 47 9 8
9 48 9 1
9 50 4 3
9 51 5 6
9 52 5 5
9 53 1 10
9 54 6 1
9 56 6 2
9 57 10 8
9 58 1 1
9 59 7 8
9 61 6 2
9 62 1 2
9 63 3 1
9 64 1 6
9 65 10 6
9 66 1 8
9 68 5 6
9 69 1 4
9 70 5 3
9 71 3 7
9 72 2 8
9 73 8 9
9 74 1 6
9 75 10 6
9 78 5 2
9 81 2 8
9 82 4 2
9 83 2 3
9 84 10 4
9 85 4 5
9 86 7 8
9 88 7 9
9 89 5 6
9 90 8 6
9 91 2 3
9 92 7 2
9 94 1 3
9 96 2 8
9 97 10 4
9 98 3 7
10 11 2 2
10 12 6 4
10 13 7 6
10 14 5 2
10 15 8 4
10 16 4 8
10 17 7 7
10 18 4 5
10 19 9 6
10 22 5 6
10 23 8 4
10 26 7 10
10 27 5 6
10 28 10 2
10 29 9 1
10 31 7 7
10 35 10 2
10 36 1 1
10 38 1 3
10 39 10 3
10 41 8 4
10 42 6 6
10 44 5 2
10 45 5 6
10 46 9 1
10 48 4 9
10 49 9 2
10 50 5 3
10 51 9 10
10 54 2 5
10 55 2 3
10 56 5 3
10 57 5 7
10 59 9 7
10 60 4 2
10 62 1 5
10 63 5 6
10 64 8 9
10 65 7 7
10 66 9 9
10 68 6 8
10 72 9 9
10 73 5 5
10 74 5 2
10 75 6 8
10 76 9 9
10 77 8 4
10 78 3 7
10 79 4 2
10 81 8 3
10 82 4 1
10 83 2 9
10 84 2 10
10 85 5 7
10 86 7 4
10 87 7 6
10 89 9 8
10 90 6 5
10 91 9 10
10 92 10 6
10 93 10 1
10 95 7 2
10 96 3 7
10 98 2 4
10 99 5 10
11 12 10 9
11 13 7 5
11 15 5 4
11 16 9 5
11 17 8 3
11 18 9 8
11 19 10 3
11 20 8 5
11 21 1 5
11 24 3 5
11 25 7 9
11 26 9 5
11 27 8 4
11 29 7 9
11 30 6 5
11 31 3 8
11 33 5 8
11 34 4 3
11 35 10 7
11 36 3 9
11 38 5 2
11 39 5 1
11 40 6 7
11 41 3 10
11 42 10 9
11 43 10 6
11 44 10 3
11 46 4 7
11 47 6 8
11 48 9 5
11 49 3 3
11 50 5 2
11 51 4 8
11 52 8 9
11 53 4 9
11 54 5 3
11 55 7 4
11 56 5 2
11 57 5 6
11 58 8 4
11 60 5 5
11 61 3 9
11 62 8 9
11 64 8 4
11 65 7 2
11 66 6 6
11 67 1 3
11 69 10 3
11 71 10 8
11 72 5 10
11 73 1 8
11 74 9 7
11 75 3 1
11 76 3 3
11 77 6 5
11 79 2 7
11 80 8 8
11 81 10 8
11 82 10 1
11 83 8 9
11 85 1 1
11 86 1 4
11 87 4 9
11 88 3 6
11 89 9 3
11 90 10 2
11 92 6 2
11 93 5 1
11 95 2 3
11 96 4 8
11 97 4 8
11 98 5 6
11 99 9 9
11 100 4 10
12 13 8 4
12 14 2 8
12 15 7 5
12 16 4 2
12 17 4 3
12 18 4 5
12 19 9 9
12 20 10 8
12 22 7 9
12 24 3 9
12 26 7 10
12 28 2 3
12 29 4 3
12 30 1 9
12 31 5 3
12 32 7 4
12 34 1 4
12 35 5 2
12 36 6 10
12 37 7 4
12 38 8 7
12 40 8 8
12 41 6 9
12 42 5 3
12 44 3 10
12 45 6 8
12 47 5 4
12 49 7 2
12 51 5 4
12 52 2 6
12 53 7 10
12 54 6 9
12 55 5 9
12 56 9 4
12 58 9 7
12 59 8 8
12 61 10 6
12 62 2 4
12 64 1 4
12 67 7 2
12 68 6 2
12 70 7 8
12 71 7 5
12 72 4 8
12 73 2 3
12 74 5 8
12 75 5 2
12 76 3 3
12 78 8 7
12 79 8 8
12 80 6 1
12 81 9 6
12 82 6 4
12 84 3 6
12 85 6 6
12 86 8 9
12 87 9 1
12 89 9 10
12 90 3 3
12 91 10 8
12 92 2 5
12 93 1 9
12 94 7 10
12 95 8 5
12 96 8 6
12 97 8 1
12 98 4 7
12 99 9 2
13 14 4 10
13 15 5 6
13 17 4 3
13 18 7 3
13 19 3 2
13 20 1 1
13 22 9 3
13 25 7 2
13 26 2 3
13 27 5 2
13 28 5 10
13 30 5 4
13 31 2 9
13 32 6 3
13 34 2 7
13 35 6 5
13 36 6 5
13 38 10 5
13 39 1 4
13 40 2 9
13 41 7 2
13 42 9 7
13 43 3 8
13 44 2 7
13 45 4 5
13 46 5 1
13 47 10 9
13 49 8 1
13 50 7 3
13 51 8 3
13 52 2 4
13 53 9 1
13 55 5 7
13 58 5 9
13 61 1 1
13 62 1 6
13 63 3 8
13 64 10 8
13 65 10 1
13 69 1 5
13 70 6 8
13 71 4 9
13 72 10 1
13 73 2 2
13 74 7 5
13 75 10 8
13 76 5 6
13 77 5 3
13 78 6 4
13 81 4 2
13 82 10 7
13 83 1 10
13 84 6 9
13 85 9 3
13 88 6 4
13 89 10 2
13 90 3 8
13 91 8 5
13 92 3 4
13 93 10 4
13 94 2 6
13 96 3 2
13 97 8 4
13 98 8 5
13 99 9 5
13 100 1 3
14 16 6 5
14 18 7 6
14 19 1 4
14 20 9 8
14 22 3 2
14 24 3 6
14 25 3 7
14 26 9 7
14 28 1 2
14 29 8 7
14 30 7 5
14 31 6 7
14 33 6 1
14 34 1 8
14 35 3 5
14 36 7 8
14 37 5 7
14 38 7 6
14 39 6 1
14 40 4 4
14 42 10 1
14 43 8 6
14 44 5 4
14 45 8 9
14 46 9 5
14 47 7 3
14 49 1 5
14 50 4 4
14 51 10 6
14 52 2 3
14 53 6 7
14 56 5 10
14 57 3 6
14 58 2 7
14 59 2 3
14 61 10 4
14 62 1 6
14 63 3 7
14 64 1 7
14 65 1 6
14 66 3 6
14 68 6 7
14 69 8 8
14 71 6 1
14 73 2 10
14 74 6 8
14 75 6 2
14 76 8 5
14 77 7 3
14 78 9 9
14 80 7 1
14 81 5 5
14 83 6 1
14 84 1 8
14 85 10 6
14 86 5 6
14 87 5 9
14 88 6 4
14 89 10 5
14 90 3 8
14 91 3 5
14 92 6 9
14 93 3 4
14 94 4 6
14 95 6 3
14 96 5 7
14 97 2 10
14 98 3 6
14 100 6 7
15 16 8 3
15 17 5 8
15 18 8 10
15 19 5 6
15 20 7 8
15 21 5 8
15 23 1 9
15 24 5 6
15 25 1 4
15 26 3 6
15 27 3 8
15 28 5 1
15 29 6 5
15 30 2 2
15 31 6 8
15 33 2 3
15 34 4 1
15 35 7 5
15 36 4 6
15 37 10 6
15 38 10 7
15 39 8 6
15 40 8 2
15 41 9 10
15 42 7 5
15 44 5 7
15 48 9 6
15 49 3 7
15 50 10 10
15 51 1 7
15 52 8 1
15 53 3 5
15 54 10 4
15 56 5 1
15 57 6 7
15 58 3 8
15 59 2 10
15 60 6 6
15 61 10 7
15 62 4 10
15 63 8 3
15 64 2 6
15 65 7 2
15 66 10 1
15 67 9 4
15 68 5 7
15 69 5 8
15 70 5 5
15 71 4 2
15 72 2 10
15 76 6 7
15 77 3 4
15 78 4 3
15 79 5 9
15 82 8 8
15 84 5 6
15 85 10 1
15 87 3 4
15 88 10 3
15 89 6 9
15 92 6 9
15 93 7 5
15 94 2 1
15 95 8 4
15 96 9 6
15 98 4 6
15 99 10 1
16 17 2 2
16 18 2 6
16 19 6 3
16 20 5 8
16 21 8 1
16 24 10 7
16 26 1 2
16 27 5 5
16 28 8 8
16 29 9 9
16 30 10 7
16 31 7 9
16 33 9 4
16 34 7 4
16 35 8 8
16 36 8 7
16 37 6 6
16 38 1 10
16 39 8 1
16 40 4 9
16 41 1 5
16 42 3 6
16 43 1 6
16 44 2 1
16 45 6 3
16 46 3 7
16 47 7 8
16 48 2 8
16 49 3 8
16 50 5 9
16 51 7 1
16 52 5 6
16 53 10 3
16 54 10 6
16 55 5 3
16 56 9 3
16 58 7 3
16 60 4 2
16 61 5 8
16 62 9 7
16 63 3 4
16 65 1 4
16 66 10 5
16 68 3 8
16 69 7 5
16 71 8 4
16 72 5 9
16 73 8 8
16 74 6 5
16 75 3 7
16 76 4 7
16 77 2 4
16 78 3 6
16 80 8 5
16 81 5 5
16 82 10 9
16 83 2 10
16 85 2 1
16 86 10 1
16 87 9 9
16 88 9 1
16 89 3 8
16 90 2 3
16 91 6 8
16 92 3 6
16 93 10 6
16 94 2 1
16 96 2 8
16 97 3 9
16 98 6 2
16 99 9 2
16 100 4 8
17 18 3 10
17 19 10 5
17 22 5 5
17 23 6 2
17 25 4 3
17 26 6 9
17 28 3 6
17 29 7 3
17 30 1 8
17 31 3 8
17 32 10 2
17 35 1 4
17 36 7 4
17 37 8 3
17 40 2 10
17 41 5 5
17 42 5 7
17 45 1 5
17 46 5 6
17 47 5 4
17 48 5 6
17 49 6 10
17 51 4 6
17 52 5 7
17 53 9 2
17 54 10 4
17 55 8 5
17 56 3 5
17 57 2 5
17 58 7 3
17 59 8 2
17 60 4 6
17 61 1 2
17 62 1 5
17 63 10 10
17 64 10 3
17 66 4 3
17 67 4 4
17 68 10 3
17 71 6 10
17 72 8 5
17 73 5 6
17 74 6 9
17 75 1 2
17 76 5 8
17 77 10 7
17 78 2 5
17 79 5 8
17 80 7 2
17 81 4 9
17 82 7 5
17 83 10 3
17 86 3 8
17 88 7 4
17 90 4 9
17 91 9 7
17 92 8 6
17 93 8 3
17 94 3 4
17 96 6 5
17 97 2 5
17 98 7 5
17 99 3 3
17 100 6 10
18 19 10 1
18 22 7 6
18 23 6 7
18 24 3 3
18 25 1 5
18 26 9 5
18 27 4 9
18 28 8 9
18 29 9 3
18 30 5 7
18 31 2 1
18 32 1 9
18 33 7 4
18 34 1 10
18 35 7 6
18 36 8 3
18 37 8 3
18 38 5 8
18 39 3 3
18 40 9 8
18 41 7 7
18 42 10 1
18 43 10 10
18 44 10 3
18 45 1 2
18 46 2 9
18 47 4 3
18 48 1 2
18 52 4 3
18 53 10 1
18 54 8 5
18 55 4 6
18 56 10 6
18 57 6 2
18 58 5 7
18 60 6 3
18 61 6 1
18 62 2 10
18 63 8 1
18 64 7 5
18 65 10 7
18 66 10 3
18 67 3 8
18 68 10 8
18 69 4 3
18 70 5 4
18 71 5 3
18 73 2 10
18 74 7 4
18 75 5 8
18 76 10 6
18 77 9 6
18 79 9 4
18 80 7 5
18 81 2 1
18 83 3 9
18 84 8 2
18 85 4 7
18 86 10 1
18 87 1 7
18 88 10 2
18 89 7 4
18 90 3 8
18 91 7 4
18 92 3 1
18 93 5 5
18 94 3 1
18 97 3 7
18 98 8 2
18 99 10 5
18 100 8 2
19 20 2 10
19 21 5 4
19 22 5 9
19 24 7 9
19 26 1 5
19 27 4 3
19 28 8 8
19 30 9 5
19 31 6 5
19 32 2 7
19 33 6 6
19 34 5 2
19 35 2 2
19 36 9 10
19 37 6 3
19 39 4 1
19 40 10 4
19 41 8 8
19 42 1 4
19 43 6 5
19 44 10 6
19 45 4 3
19 46 7 8
19 47 6 2
19 48 4 8
19 49 5 4
19 51 2 2
19 52 4 9
19 54 5 3
19 55 6 5
19 56 8 8
19 57 4 1
19 58 3 4
19 59 5 10
19 60 9 1
19 61 4 6
19 62 2 8
19 63 1 3
19 64 4 9
19 65 1 7
19 66 8 1
19 68 1 6
19 69 6 3
19 70 6 5
19 72 4 8
19 73 8 10
19 74 10 7
19 75 5 8
19 76 5 5
19 77 4 9
19 79 2 9
19 80 8 4
19 81 7 7
19 82 6 6
19 83 8 4
19 84 8 5
19 85 6 5
19 86 8 9
19 87 8 4
19 88 3 2
19 89 4 5
19 91 3 10
19 92 8 4
19 93 7 10
19 94 10 9
19 95 10 9
19 97 1 4
19 98 2 6
19 100 4 6
20 21 6 5
20 23 4 10
20 24 2 9
20 25 1 2
20 26 2 6
20 27 7 8
20 28 2 5
20 29 7 5
20 30 1 2
20 31 4 8
20 32 8 1
20 36 6 4
20 37 7 7
20 38 8 4
20 39 10 8
20 40 2 5
20 41 2 8
20 42 3 2
20 43 7 1
20 44 3 2
20 46 10 7
20 47 5 6
20 48 10 2
20 49 4 10
20 51 6 4
20 52 6 9
20 53 9 3
20 54 9 8
20 55 9 9
20 57 5 5
20 58 2 7
20 59 7 6
20 60 2 6
20 61 6 8
20 62 6 2
20 63 9 1
20 64 2 8
20 65 5 9
20 66 9 5
20 67 2 1
20 68 9 4
20 70 3 7
20 71 10 1
20 72 5 4
20 74 7 5
20 76 7 8
20 77 10 7
20 78 2 7
20 80 8 9
20 81 9 3
20 82 10 1
20 83 8 4
20 84 3 7
20 85 10 5
20 86 3 1
20 87 1 8
20 88 8 8
20 90 3 3
20 91 9 10
20 92 4 1
20 93 7 2
20 94 8 10
20 95 7 4
20 96 8 4
20 97 4 8
20 98 4 2
20 99 6 5
20 100 7 6
21 23 3 5
21 24 7 10
21 25 3 10
21 26 10 2
21 27 5 1
21 28 8 4
21 29 5 7
21 30 9 4
21 31 4 8
21 32 3 7
21 36 7 10
21 37 7 6
21 38 6 10
21 39 6 1
21 40 3 10
21 41 10 3
21 42 7 2
21 45 8 8
21 46 6 3
21 47 4 7
21 48 8 7
21 49 6 9
21 50 4 1
21 51 8 1
21 52 7 6
21 54 2 2
21 55 8 8
21 56 1 4
21 57 1 3
21 59 2 4
21 60 5 8
21 61 9 9
21 62 4 2
21 63 5 3
21 64 10 4
21 65 7 9
21 66 7 10
21 67 7 1
21 71 2 3
21 72 3 8
21 73 3 4
21 74 1 10
21 75 8 8
21 76 4 3
21 77 8 1
21 80 9 1
21 83 5 7
21 84 5 8
21 85 7 9
21 86 4 8
21 88 2 4
21 89 6 2
21 90 10 9
21 91 10 1
21 92 5 5
21 93 8 8
21 94 5 3
21 96 1 2
21 98 2 9
21 99 2 5
21 100 1 4
22 23 8 3
22 24 1 2
22 25 4 2
22 26 4 10
22 27 2 5
22 28 2 5
22 29 2 1
22 31 7 3
22 33 6 2
22 34 10 6
22 35 10 9
22 36 2 4
22 37 7 9
22 38 1 7
22 39 5 4
22 40 7 8
22 42 3 4
22 43 4 4
22 45 10 10
22 46 3 2
22 49 8 4
22 50 2 3
22 51 4 2
22 52 8 9
22 53 1 5
22 54 7 6
22 55 5 9
22 56 9 7
22 57 3 2
22 58 2 3
22 59 1 5
22 60 1 8
22 61 8 6
22 62 7 7
22 63 8 4
22 64 7 1
22 65 6 4
22 67 5 1
22 68 5 1
22 69 2 3
22 70 7 1
22 71 2 1
22 72 7 5
22 73 5 3
22 74 10 10
22 76 5 6
22 77 3 9
22 79 6 2
22 80 6 1
22 81 5 4
22 82 3 6
22 83 1 9
22 85 4 2
22 86 6 3
22 87 8 9
22 88 2 1
22 89 3 9
22 90 6 6
22 91 5 3
22 93 5 4
22 94 10 6
22 95 9 8
22 96 6 8
22 98 10 9
22 100 7 9
23 25 1 6
23 26 8 5
23 28 6 9
23 29 6 6
23 30 2 10
23 31 9 2
23 33 7 10
23 34 5 4
23 35 1 6
23 36 7 6
23 37 4 1
23 38 8 8
23 39 7 3
23 40 7 5
23 41 8 1
23 42 3 9
23 43 7 3
23 45 1 10
23 46 9 10
23 47 2 6
23 48 8 8
23 49 5 9
23 50 4 3
23 51 10 10
23 52 1 9
23 53 5 10
23 54 4 2
23 55 8 5
23 56 5 5
23 58 1 5
23 59 4 4
23 60 5 4
23 61 2 8
23 62 5 1
23 63 10 6
23 64 9 7
23 67 7 1
23 68 9 4
23 69 4 2
23 70 5 4
23 71 4 1
23 73 5 8
23 75 8 10
23 76 9 8
23 78 10 7
23 79 4 2
23 80 1 1
23 81 4 9
23 82 10 3
23 83 1 10
23 85 9 6
23 86 2 4
23 87 7 5
23 88 2 6
23 89 4 9
23 90 4 2
23 91 9 5
23 93 10 7
23 94 10 8
23 96 8 5
23 97 6 8
23 98 3 10
23 99 3 7
23 100 7 2
24 25 5 4
24 26 8 6
24 27 5 3
24 28 5 2
24 29 8 5
24 30 6 2
24 31 3 2
24 32 7 9
24 34 2 1
24 36 5 8
24 38 3 9
24 39 8 2
24 40 5 5
24 43 1 4
24 44 6 1
24 45 6 8
24 46 4 5
24 47 7 7
24 48 9 7
24 49 9 4
24 50 4 6
24 51 10 7
24 52 2 1
24 54 8 2
24 55 2 7
24 56 6 5
24 57 1 6
24 58 2 8
24 60 10 8
24 61 5 10
24 62 4 5
24 63 2 5
24 64 10 5
24 65 8 10
24 66 4 6
24 67 1 5
24 68 10 5
24 69 9 4
24 70 8 1
24 71 6 1
24 72 4 9
24 73 2 8
24 74 6 2
24 75 8 6
24 76 8 5
24 77 8 7
24 78 10 6
24 79 3 4
24 81 6 8
24 82 10 7
24 83 8 7
24 84 7 1
24 86 10 4
24 87 6 4
24 88 5 3
24 89 10 6
24 90 2 3
24 91 5 10
24 92 5 9
24 93 8 6
24 94 4 5
24 95 2 10
24 96 1 10
24 97 1 9
24 99 4 1
24 100 3 3
25 26 4 9
25 28 6 1
25 29 2 1
25 30 4 1
25 31 9 6
25 32 1 10
25 34 2 8
25 36 2 1
25 38 7 7
25 39 4 8
25 40 1 6
25 41 2 8
25 42 6 7
25 46 7 3
25 47 2 2
25 48 4 5
25 49 8 7
25 50 8 3
25 51 7 2
25 52 6 4
25 54 8 5
25 56 1 9
25 57 1 8
25 58 6 2
25 59 5 9
25 60 10 7
25 61 3 5
25 62 1 3
25 64 1 9
25 65 10 10
25 67 10 5
25 68 5 8
25 69 5 1
25 70 10 7
25 71 5 3
25 72 10 1
25 73 5 10
25 75 5 8
25 76 9 4
25 78 4 1
25 79 8 2
25 80 3 5
25 82 8 6
25 84 6 4
25 85 10 10
25 87 1 7
25 89 3 7
25 91 10 8
25 92 1 2
25 94 5 10
25 95 2 6
25 96 3 6
25 97 1 9
25 98 3 6
25 99 5 8
25 100 6 5
26 27 7 8
26 28 1 4
26 29 2 8
26 30 2 1
26 31 8 10
26 32 9 7
26 33 7 4
26 34 10 5
26 35 8 4
26 37 8 8
26 38 6 7
26 40 2 8
26 41 2 9
26 42 10 1
26 44 5 1
26 45 4 3
26 46 5 1
26 47 2 1
26 48 6 7
26 49 3 6
26 50 2 2
26 51 7 5
26 52 5 9
26 53 5 10
26 54 10 5
26 56 7 1
26 57 2 2
26 58 2 9
26 59 9 6
26 60 1 7
26 61 6 5
26 62 8 4
26 63 1 1
26 64 7 5
26 65 1 8
26 66 4 3
26 67 8 4
26 68 5 6
26 70 4 1
26 71 3 8
26 73 1 4
26 74 4 10
26 75 8 10
26 76 5 3
26 77 4 2
26 78 8 2
26 79 10 9
26 80 2 8
26 81 1 7
26 82 1 1
26 83 5 5
26 84 10 1
26 86 6 8
26 87 5 6
26 88 7 4
26 90 8 7
26 91 2 9
26 92 3 2
26 94 3 2
26 95 9 9
26 96 7 1
26 97 3 8
26 98 10 6
26 99 10 1
26 100 6 8
27 28 7 6
27 29 7 1
27 30 8 5
27 31 6 4
27 32 8 5
27 33 1 5
27 34 4 1
27 35 9 1
27 37 9 2
27 38 7 2
27 39 2 10
27 40 9 4
27 41 1 10
27 42 3 1
27 43 3 6
27 45 10 8
27 47 10 10
27 48 7 8
27 49 10 5
27 50 1 5
27 51 6 2
27 52 10 1
27 53 9 1
27 54 6 7
27 55 6 4
27 56 10 6
27 57 2 10
27 58 3 3
27 59 4 9
27 60 1 5
27 61 3 6
27 63 4 4
27 64 6 10
27 65 1 8
27 67 3 9
27 68 9 8
27 69 5 10
27 70 10 4
27 71 1 9
27 72 3 8
27 73 3 2
27 75 6 3
27 76 1 3
27 77 8 2
27 78 2 6
27 79 7 8
27 80 10 5
27 81 8 4
27 83 8 10
27 84 3 5
27 85 8 8
27 87 9 1
27 88 1 2
27 89 9 5
27 91 7 6
27 92 2 9
27 93 4 9
27 94 9 2
27 95 1 6
27 97 1 3
27 98 3 7
27 99 6 1
27 100 1 8
28 29 6 5
28 33 6 5
28 34 1 2
28 36 4 8
28 37 7 7
28 38 5 8
28 39 5 3
28 40 2 7
28 41 5 10
28 42 10 1
28 43 8 4
28 44 1 1
28 45 5 1
28 46 4 6
28 47 10 1
28 48 2 7
28 49 2 8
28 50 3 1
28 51 2 7
28 52 5 7
28 53 3 6
28 55 2 6
28 57 9 4
28 58 5 8
28 59 7 4
28 60 7 9
28 61 6 8
28 62 4 1
28 63 9 8
28 64 3 6
28 66 10 7
28 68 9 7
28 69 9 3
28 71 3 2
28 73 6 9
28 74 6 5
28 75 1 2
28 77 6 8
28 78 1 9
28 80 3 10
28 81 4 10
28 82 3 3
28 83 6 8
28 84 3 4
28 85 5 10
28 87 10 7
28 88 9 10
28 89 3 3
28 90 8 9
28 91 10 2
28 92 6 7
28 93 10 8
28 94 4 9
28 95 3 8
28 96 5 2
28 97 5 7
28 98 7 4
28 99 2 3
28 100 4 4
29 30 3 1
29 31 8 5
29 32 2 8
29 33 7 8
29 34 2 7
29 35 1 1
29 36 8 9
29 37 5 10
29 39 10 3
29 40 1 10
29 42 9 8
29 44 8 3
29 45 7 5
29 46 7 10
29 47 7 1
29 48 8 7
29 49 7 5
29 50 5 3
29 51 2 1
29 52 6 5
29 54 5 1
29 55 2 9
29 56 5 1
29 57 4 6
29 58 8 1
29 59 8 6
29 60 3 6
29 61 6 9
29 63 5 1
29 64 9 4
29 65 5 5
29 66 2 10
29 68 7 5
29 69 7 1
29 70 3 7
29 71 4 5
29 72 10 9
29 73 7 9
29 74 8 10
29 76 3 10
29 77 7 8
29 78 2 1
29 79 7 10
29 80 8 6
29 81 8 1
29 82 2 6
29 83 10 6
29 84 5 1
29 85 4 8
29 86 6 5
29 88 7 6
29 89 6 4
29 90 8 7
29 91 9 1
29 92 6 2
29 93 7 7
29 94 5 7
29 95 3 8
29 97 6 9
29 100 10 3
30 31 4 1
30 32 8 7
30 34 8 10
30 35 2 5
30 37 6 7
30 38 3 10
30 39 2 3
30 40 9 4
30 41 8 10
30 44 10 6
30 45 1 5
30 47 2 9
30 48 9 9
30 49 6 4
30 50 7 6
30 52 10 6
30 53 8 4
30 54 5 6
30 55 7 4
30 56 8 3
30 58 2 4
30 59 8 5
30 62 8 1
30 63 3 4
30 64 9 10
30 65 7 9
30 66 9 6
30 67 6 5
30 69 4 9
30 71 9 2
30 72 5 5
30 73 6 2
30 74 1 1
30 75 9 10
30 76 2 7
30 77 5 6
30 78 2 1
30 79 1 7
30 80 1 7
30 81 10 2
30 82 5 3
30 83 7 3
30 84 2 8
30 85 8 1
30 86 6 10
30 87 3 6
30 88 5 7
30 89 8 5
30 90 2 5
30 93 1 3
30 94 1 4
30 95 2 5
30 96 8 5
30 97 7 5
30 99 8 9
30 100 7 3
31 32 3 8
31 33 6 7
31 34 6 7
31 35 6 9
31 36 9 2
31 37 9 1
31 38 2 10
31 39 7 1
31 41 9 2
31 42 7 3
31 43 5 7
31 44 3 9
31 45 3 4
31 46 5 2
31 47 1 9
31 48 10 1
31 49 4 9
31 50 7 1
31 51 8 2
31 52 6 9
31 54 5 8
31 55 5 1
31 59 3 4
31 60 1 3
31 61 3 6
31 62 4 1
31 63 1 1
31 64 8 2
31 65 2 6
31 66 5 7
31 67 1 4
31 69 9 3
31 71 1 8
31 72 1 6
31 73 3 9
31 74 6 7
31 75 5 3
31 76 3 4
31 77 7 7
31 78 1 5
31 79 8 2
31 80 2 6
31 81 3 9
31 82 4 7
31 83 10 9
31 84 2 8
31 85 10 1
31 86 9 6
31 87 9 2
31 89 2 10
31 91 6 2
31 92 10 5
31 93 3 4
31 94 8 10
31 95 10 1
31 97 10 3
31 98 8 7
31 99 1 2
31 100 9 4
32 33 7 2
32 36 1 6
32 38 7 6
32 39 10 5
32 40 6 7
32 41 5 9
32 42 4 6
32 43 7 8
32 44 8 10
32 45 9 3
32 47 2 7
32 48 8 3
32 50 1 8
32 51 9 5
32 52 9 6
32 54 3 8
32 55 10 8
32 56 7 8
32 58 7 1
32 59 3 8
32 60 1 6
32 61 4 9
32 62 6 3
32 63 7 7
32 64 7 2
32 65 2 9
32 66 3 9
32 67 6 9
32 68 1 4
32 69 4 10
32 70 3 4
32 71 2 5
32 72 3 1
32 73 6 3
32 74 2 8
32 75 10 4
32 76 5 5
32 78 6 10
32 79 2 10
32 80 1 10
32 81 6 4
32 84 3 7
32 89 10 3
32 90 10 1
32 91 5 8
32 92 4 8
32 93 3 6
32 94 2 2
32 96 9 3
32 97 10 4
32 100 6 1
33 36 6 3
33 37 10 8
33 38 1 5
33 39 8 9
33 40 8 2
33 41 2 10
33 42 5 2
33 44 9 7
33 46 9 10
33 47 9 6
33 50 3 7
33 52 10 5
33 53 4 10
33 54 2 2
33 55 10 4
33 56 6 8
33 57 6 8
33 58 8 1
33 59 4 3
33 60 3 2
33 61 9 9
33 62 6 10
33 63 8 3
33 64 6 8
33 65 9 9
33 68 2 7
33 69 1 8
33 70 3 8
33 71 1 9
33 72 2 8
33 73 10 1
33 74 6 1
33 76 8 1
33 78 4 10
33 79 6 1
33 81 9 4
33 82 7 9
33 83 4 2
33 84 4 6
33 85 5 2
33 86 7 4
33 88 8 9
33 89 8 4
33 90 7 2
33 91 8 8
33 92 9 1
33 93 7 7
33 94 6 10
33 95 5 5
33 96 5 1
33 99 2 4
33 100 9 10
34 35 6 4
34 36 4 7
34 37 3 5
34 38 5 10
34 39 5 3
34 41 6 5
34 42 3 8
34 43 2 3
34 44 9 5
34 45 8 10
34 46 7 2
34 47 10 9
34 48 8 3
34 49 8 4
34 50 3 6
34 51 7 2
34 52 9 9
34 53 6 4
34 54 9 7
34 55 6 1
34 56 3 4
34 57 3 2
34 58 8 3
34 59 7 3
34 60 1 5
34 61 1 8
34 62 6 10
34 63 7 10
34 64 5 5
34 65 6 7
34 66 9 2
34 67 7 3
34 68 1 9
34 69 10 6
34 70 4 6
34 73 5 8
34 77 4 9
34 78 10 5
34 79 5 9
34 80 9 6
34 81 8 9
34 82 7 8
34 83 9 4
34 84 9 6
34 85 1 4
34 86 9 9
34 87 9 1
34 88 9 10
34 89 8 8
34 90 5 2
34 91 7 7
34 92 6 6
34 94 3 2
34 95 6 1
34 97 8 1
34 98 3 1
34 100 8 5
35 37 7 9
35 38 1 9
35 39 6 6
35 42 9 8
35 43 5 5
35 45 10 9
35 46 6 2
35 51 10 7
35 52 3 4
35 54 4 1
35 55 9 3
35 57 3 3
35 58 10 2
35 59 1 4
35 60 1 10
35 61 3 3
35 62 3 1
35 63 7 8
35 64 9 9
35 65 5 3
35 66 1 6
35 68 4 10
35 69 9 2
35 70 8 5
35 71 3 9
35 73 5 6
35 74 3 1
35 75 4 4
35 77 10 5
35 78 6 4
35 79 10 4
35 80 7 2
35 81 6 3
35 82 9 3
35 83 10 3
35 84 1 7
35 85 7 2
35 86 7 2
35 87 9 6
35 88 1 9
35 89 1 10
35 92 1 1
35 93 9 1
35 94 1 1
35 95 3 10
35 96 1 1
35 97 2 9
35 99 8 1
35 100 7 5
36 37 4 10
36 40 3 2
36 41 1 7
36 42 9 3
36 43 2 2
36 44 2 7
36 45 7 6
36 46 5 8
36 47 7 1
36 48 1 4
36 50 5 10
36 51 6 5
36 52 5 8
36 53 1 1
36 54 7 2
36 55 4 3
36 56 3 5
36 57 4 6
36 58 1 10
36 60 8 6
36 61 9 2
36 63 6 1
36 64 9 8
36 65 6 8
36 66 3 10
36 67 1 3
36 70 5 9
36 71 6 7
36 72 10 4
36 73 8 7
36 74 8 7
36 79 4 7
36 81 10 6
36 82 9 9
36 83 1 3
36 84 9 1
36 85 6 4
36 86 6 1
36 87 4 5
36 88 4 4
36 89 8 6
36 90 5 7
36 91 4 7
36 93 7 7
36 94 7 5
36 96 10 8
36 97 10 5
36 98 1 8
36 99 5 8
36 100 10 8
37 38 10 10
37 39 9 4
37 42 1 2
37 44 4 7
37 45 9 9
37 47 2 7
37 50 8 6
37 52 5 3
37 53 1 1
37 54 7 4
37 55 1 2
37 56 9 8
37 57 3 10
37 58 5 1
37 59 8 9
37 60 6 3
37 61 6 3
37 62 2 4
37 63 6 1
37 64 8 8
37 65 5 1
37 66 7 3
37 67 9 9
37 68 5 9
37 69 2 5
37 70 6 5
37 71 8 6
37 72 5 7
37 73 3 3
37 74 7 6
37 75 7 10
37 76 4 7
37 77 2 9
37 78 3 8
37 79 3 2
37 80 6 1
37 81 10 7
37 82 6 10
37 83 7 5
37 84 6 4
37 85 3 7
37 86 4 1
37 87 8 8
37 88 10 3
37 89 5 9
37 90 4 1
37 93 10 6
37 95 4 4
37 96 2 6
37 97 2 10
37 98 7 3
37 99 3 1
37 100 4 9
38 40 4 5
38 42 1 7
38 43 9 10
38 44 9 2
38 46 6 7
38 47 2 6
38 48 7 4
38 49 5 6
38 50 7 4
38 51 7 8
38 52 3 9
38 53 2 6
38 54 10 1
38 55 9 2
38 56 1 6
38 57 4 2
38 58 5 9
38 59 5 9
38 60 6 9
38 61 6 3
38 62 6 4
38 63 10 10
38 64 1 10
38 65 10 7
38 66 1 5
38 67 3 3
38 68 7 5
38 69 4 2
38 72 5 4
38 73 7 1
38 74 8 5
38 75 3 5
38 76 6 6
38 77 1 10
38 78 2 9
38 79 7 2
38 81 8 3
38 82 1 1
38 83 8 9
38 84 2 3
38 85 10 3
38 86 5 1
38 88 5 9
38 89 7 10
38 90 2 9
38 91 4 7
38 93 1 5
38 94 6 9
38 96 1 7
38 97 2 4
38 99 5 9
38 100 6 1
39 40 4 9
39 41 10 6
39 42 7 10
39 44 3 7
39 45 3 6
39 47 2 5
39 48 6 5
39 49 1 4
39 50 1 7
39 51 4 6
39 52 9 10
39 53 7 3
39 54 8 2
39 55 8 9
39 56 6 4
39 57 7 3
39 58 3 10
39 59 5 9
39 60 9 6
39 61 10 10
39 62 4 10
39 63 5 3
39 64 5 10
39 67 2 5
39 68 2 5
39 70 9 3
39 72 2 8
39 73 9 4
39 74 7 5
39 77 7 4
39 78 7 4
39 79 8 9
39 80 5 3
39 81 1 9
39 82 9 7
39 83 5 2
39 84 4 8
39 85 10 2
39 86 6 6
39 87 9 4
39 88 2 9
39 90 5 6
39 91 3 6
39 92 4 5
39 93 3 4
39 94 1 8
39 95 10 8
39 96 4 7
39 98 7 7
39 99 3 8
39 100 10 8
40 42 8 4
40 43 4 10
40 46 7 5
40 47 4 3
40 48 10 8
40 49 9 1
40 50 7 6
40 51 2 10
40 52 9 2
40 53 1 1
40 54 3 10
40 55 10 7
40 56 2 4
40 57 1 10
40 58 8 7
40 59 8 5
40 62 9 1
40 64 6 1
40 65 3 5
40 66 3 8
40 67 5 10
40 69 1 2
40 71 2 1
40 72 6 3
40 73 9 10
40 74 1 4
40 75 6 8
40 77 4 7
40 79 8 8
40 81 1 2
40 82 9 7
40 83 6 8
40 84 6 1
40 87 7 8
40 88 3 8
40 89 5 8
40 91 5 3
40 93 8 5
40 95 10 1
40 100 7 10
41 43 1 10
41 44 9 3
41 45 1 10
41 46 5 9
41 47 3 4
41 49 9 1
41 51 9 9
41 52 5 5
41 53 6 2
41 54 7 5
41 55 8 10
41 57 10 3
41 58 3 4
41 60 2 8
41 61 5 7
41 62 4 7
41 63 7 3
41 64 4 3
41 66 3 5
41 67 7 7
41 68 2 6
41 70 8 5
41 71 2 3
41 72 3 8
41 73 7 8
41 74 5 4
41 75 3 2
41 76 9 6
41 77 1 10
41 78 8 5
41 79 4 7
41 80 1 4
41 81 1 2
41 82 10 4
41 83 5 5
41 85 8 2
41 86 6 8
41 87 2 8
41 88 7 5
41 89 10 7
41 90 2 6
41 91 4 5
41 92 7 1
41 93 1 3
41 94 6 9
41 95 10 8
41 96 5 2
41 97 4 4
41 99 10 7
41 100 10 5
42 43 5 2
42 44 8 2
42 45 9 7
42 46 6 6
42 48 1 6
42 50 5 7
42 51 3 3
42 52 9 6
42 53 1 10
42 54 3 6
42 55 4 10
42 57 1 7
42 58 5 10
42 59 3 1
42 61 6 3
42 62 6 10
42 63 5 9
42 65 9 2
42 66 10 1
42 67 2 5
42 69 8 8
42 70 10 6
42 71 6 6
42 73 5 5
42 74 3 8
42 75 7 3
42 76 9 6
42 78 3 5
42 79 5 1
42 80 8 7
42 82 8 3
42 83 8 2
42 84 6 6
42 85 1 8
42 87 2 4
42 88 2 2
42 89 7 9
42 90 5 4
42 92 4 9
42 93 7 10
42 94 7 7
42 96 7 2
42 97 7 3
42 98 8 3
43 44 3 6
43 45 5 7
43 46 2 5
43 47 9 3
43 49 5 8
43 50 4 5
43 52 7 8
43 53 3 2
43 54 9 9
43 55 5 8
43 56 9 2
43 57 8 2
43 58 1 2
43 59 2 10
43 60 3 3
43 61 2 1
43 62 4 3
43 65 4 10
43 66 1 3
43 68 4 4
43 69 7 9
43 70 4 2
43 71 3 7
43 72 9 3
43 73 8 6
43 75 5 5
43 76 3 8
43 77 9 10
43 78 10 1
43 79 2 2
43 80 9 9
43 81 7 8
43 82 3 5
43 83 10 6
43 84 3 5
43 86 8 5
43 87 2 1
43 88 2 3
43 89 9 3
43 91 6 4
43 92 4 5
43 93 10 4
43 94 9 6
43 95 10 4
43 97 3 4
43 98 4 2
43 100 1 5
44 45 3 2
44 47 4 9
44 48 1 3
44 49 3 4
44 50 9 8
44 52 9 2
44 53 2 3
44 54 2 7
44 55 5 3
44 56 1 3
44 57 5 9
44 58 1 6
44 59 2 2
44 61 6 2
44 63 9 7
44 64 6 1
44 65 10 5
44 66 10 2
44 68 6 4
44 71 2 9
44 73 10 7
44 74 1 10
44 75 9 3
44 76 8 10
44 77 4 8
44 78 8 6
44 79 3 10
44 80 2 9
44 81 5 4
44 82 8 9
44 84 9 3
44 85 4 3
44 86 1 10
44 88 1 4
44 89 9 6
44 90 6 5
44 91 9 1
44 92 3 3
44 93 6 7
44 94 3 2
44 96 8 5
44 97 4 1
44 98 8 6
44 99 5 5
45 46 3 6
45 47 8 10
45 48 10 4
45 49 4 10
45 50 3 10
45 52 9 1
45 53 6 1
45 54 1 9
45 56 8 5
45 57 9 1
45 59 8 10
45 60 7 1
45 62 1 10
45 63 4 2
45 64 3 9
45 65 3 8
45 66 2 1
45 67 1 8
45 68 9 10
45 70 3 3
45 71 7 4
45 72 7 3
45 73 1 8
45 75 6 8
45 76 7 6
45 78 7 3
45 79 2 6
45 81 10 5
45 82 2 5
45 83 7 5
45 84 7 3
45 85 3 8
45 86 1 1
45 88 3 5
45 89 10 9
45 91 5 3
45 93 3 10
45 94 3 8
45 95 10 1
45 96 3 2
45 97 4 5
45 98 8 7
45 99 4 4
45 100 2 1
46 47 10 4
46 48 2 4
46 49 6 6
46 50 2 4
46 51 8 7
46 52 7 7
46 53 6 2
46 54 3 10
46 55 5 3
46 57 5 1
46 58 1 5
46 59 5 4
46 60 8 5
46 61 9 5
46 62 10 10
46 63 4 5
46 64 5 3
46 65 7 10
46 66 2 6
46 68 6 5
46 69 6 4
46 70 10 10
46 74 8 6
46 75 6 4
46 76 6 2
46 77 5 2
46 79 2 5
46 80 3 10
46 81 4 10
46 82 10 1
46 83 9 1
46 84 4 6
46 86 6 10
46 87 10 2
46 88 5 5
46 89 10 3
46 90 8 3
46 91 4 4
46 92 5 1
46 93 1 8
46 94 1 5
46 95 4 9
46 96 8 4
46 97 8 10
46 99 3 9
46 100 7 4
47 49 2 1
47 51 6 10
47 52 2 8
47 53 9 10
47 54 1 5
47 55 8 7
47 56 8 10
47 57 3 6
47 59 4 3
47 60 4 1
47 62 8 3
47 63 5 4
47 64 9 2
47 65 2 1
47 66 9 5
47 68 3 2
47 69 9 5
47 70 10 10
47 71 1 8
47 72 3 7
47 73 7 5
47 74 2 10
47 75 3 2
47 76 7 5
47 77 5 3
47 78 4 10
47 79 1 1
47 80 3 8
47 81 1 9
47 82 5 4
47 83 6 8
47 84 8 2
47 85 4 4
47 86 5 2
47 87 3 3
47 88 5 7
47 89 5 9
47 90 6 6
47 92 1 5
47 93 2 3
47 94 10 1
47 95 1 5
47 96 2 1
47 97 9 6
47 98 4 4
47 99 1 5
47 100 3 7
48 49 4 6
48 50 6 5
48 51 9 5
48 52 8 2
48 54 2 6
48 55 4 6
48 56 1 9
48 57 6 4
48 58 7 7
48 60 1 10
48 61 3 10
48 62 5 8
48 63 6 10
48 64 2 10
48 65 2 6
48 66 6 9
48 67 9 1
48 68 4 7
48 69 9 8
48 70 1 9
48 72 2 4
48 73 5 2
48 74 7 2
48 77 2 1
48 78 6 6
48 79 8 3
48 80 4 7
48 81 9 1
48 82 10 4
48 83 1 2
48 84 4 9
48 85 1 8
48 86 6 3
48 89 9 2
48 90 7 4
48 92 8 2
48 93 5 2
48 94 1 6
48 95 9 2
48 96 4 4
48 97 9 2
49 50 9 9
49 51 8 10
49 53 9 8
49 54 7 7
49 55 4 10
49 56 7 2
49 57 10 10
49 58 1 2
49 59 10 8
49 60 4 5
49 61 2 3
49 62 8 7
49 63 5 2
49 64 7 2
49 67 2 3
49 68 3 4
49 69 8 7
49 70 4 5
49 71 6 9
49 72 3 1
49 73 7 1
49 74 2 2
49 77 4 6
49 78 3 8
49 81 6 2
49 82 5 1
49 83 3 9
49 84 5 9
49 85 10 1
49 86 5 1
49 87 3 10
49 88 5 9
49 89 6 5
49 90 8 9
49 91 3 4
49 92 2 10
49 93 5 3
49 94 5 7
49 95 5 8
49 96 6 10
49 97 4 1
49 98 8 4
49 100 1 2
50 51 5 1
50 52 4 1
50 53 9 4
50 54 4 3
50 55 6 10
50 57 6 1
50 59 2 2
50 60 5 4
50 61 3 5
50 62 1 5
50 63 1 8
50 64 9 10
50 65 10 8
50 66 6 9
50 67 9 6
50 68 4 9
50 69 5 5
50 71 6 8
50 72 9 4
50 73 1 3
50 74 4 3
50 75 2 2
50 77 4 10
50 78 2 7
50 81 8 6
50 82 10 9
50 83 3 6
50 84 3 4
50 85 4 4
50 87 2 7
50 88 4 1
50 89 8 8
50 90 1 2
50 91 7 10
50 94 10 6
50 95 5 2
50 96 1 6
50 97 1 9
50 99 2 2
50 100 10 1
51 52 5 5
51 53 10 1
51 54 2 2
51 55 4 3
51 56 5 6
51 57 1 3
51 58 7 3
51 60 8 5
51 61 4 5
51 62 1 6
51 63 3 5
51 65 3 7
51 66 1 9
51 68 7 9
51 69 5 8
51 70 8 8
51 71 2 8
51 72 10 6
51 73 7 10
51 75 9 9
51 76 6 7
51 77 2 10
51 78 9 8
51 79 1 3
51 80 7 5
51 81 4 4
51 82 2 8
51 84 10 10
51 85 9 10
51 86 4 6
51 87 4 9
51 90 8 5
51 91 9 7
51 94 8 10
51 96 3 8
51 97 8 6
51 98 2 9
51 99 1 4
51 100 1 7
52 53 5 5
52 54 10 3
52 55 1 3
52 56 9 4
52 57 5 1
52 58 4 10
52 59 7 3
52 62 1 2
52 64 1 10
52 65 6 4
52 66 3 10
52 67 2 8
52 68 1 9
52 69 7 7
52 70 2 6
52 71 10 5
52 72 9 6
52 74 5 9
52 75 4 4
52 76 5 4
52 77 2 3
52 78 5 5
52 79 10 9
52 80 1 2
52 81 7 3
52 82 5 9
52 83 6 6
52 84 4 9
52 85 5 8
52 86 2 7
52 87 1 10
52 89 1 3
52 92 9 9
52 93 8 7
52 94 7 6
52 95 4 10
52 96 2 3
52 97 1 4
52 98 8 8
52 99 2 6
52 100 9 8
53 54 6 9
53 55 2 5
53 56 2 4
53 57 10 2
53 59 8 7
53 61 8 2
53 62 3 7
53 65 9 9
53 67 3 10
53 68 9 5
53 69 2 3
53 70 4 1
53 71 1 9
53 72 1 10
53 73 6 7
53 75 2 3
53 77 10 3
53 78 7 5
53 79 5 1
53 80 6 9
53 81 7 10
53 82 4 7
53 83 1 2
53 84 9 3
53 85 9 5
53 86 10 3
53 87 2 2
53 89 9 9
53 90 1 3
53 91 6 2
53 92 4 7
53 93 2 3
53 94 9 10
53 95 6 8
53 96 6 7
53 97 3 6
53 98 10 9
53 100 9 2
54 55 8 1
54 57 8 3
54 59 2 8
54 60 1 2
54 61 7 5
54 62 3 4
54 63 5 6
54 64 9 2
54 65 5 7
54 67 8 10
54 68 7 3
54 70 8 8
54 71 3 6
54 72 5 6
54 73 1 8
54 75 10 4
54 76 5 7
54 77 2 2
54 78 4 8
54 79 1 10
54 80 1 3
54 81 8 2
54 83 1 4
54 84 2 8
54 85 7 8
54 87 6 2
54 88 8 7
54 89 2 1
54 92 7 10
54 93 10 6
54 94 1 1
54 95 9 3
54 97 7 10
54 98 2 9
54 100 3 10
55 56 3 1
55 57 7 9
55 58 5 4
55 59 1 8
55 61 9 4
55 62 2 5
55 63 9 1
55 64 6 1
55 65 10 3
55 67 10 4
55 68 4 1
55 69 5 7
55 70 5 6
55 71 8 1
55 72 10 3
55 74 2 7
55 75 8 4
55 76 7 7
55 77 7 7
55 78 6 7
55 79 2 10
55 80 5 9
55 81 8 2
55 82 10 3
55 83 6 8
55 84 10 6
55 85 3 6
55 87 3 5
55 90 7 1
55 93 1 9
55 94 6 6
55 95 2 4
55 96 3 8
55 97 9 1
55 98 9 7
56 57 6 5
56 59 4 2
56 60 9 9
56 61 7 3
56 62 6 1
56 63 6 8
56 64 2 5
56 65 2 6
56 68 8 9
56 70 6 4
56 71 10 1
56 72 6 4
56 73 4 1
56 74 7 8
56 75 7 6
56 76 2 9
56 77 7 10
56 78 10 9
56 79 10 5
56 81 8 4
56 82 1 6
56 83 5 4
56 84 5 4
56 85 1 4
56 86 9 8
56 87 5 7
56 88 10 7
56 89 6 5
56 90 10 6
56 91 5 5
56 92 7 8
56 93 10 10
56 95 1 9
56 96 3 4
56 97 7 9
56 98 7 7
56 99 7 4
56 100 9 5
57 59 4 5
57 60 10 10
57 62 9 5
57 63 9 10
57 66 6 2
57 67 10 6
57 69 9 3
57 71 1 8
57 73 2 9
57 74 1 3
57 75 1 4
57 76 4 10
57 77 9 8
57 78 10 7
57 79 2 6
57 80 9 9
57 81 8 4
57 82 3 3
57 83 3 5
57 84 3 4
57 85 4 8
57 86 6 9
57 87 9 4
57 88 1 1
57 90 7 5
57 92 10 2
57 93 5 10
57 94 8 10
57 96 6 3
57 97 5 3
57 98 3 10
57 99 3 4
57 100 8 10
58 59 3 4
58 60 7 2
58 61 4 7
58 62 8 7
58 63 2 6
58 64 7 10
58 65 9 4
58 66 9 10
58 67 8 8
58 70 3 8
58 71 7 5
58 72 6 10
58 74 2 10
58 76 5 3
58 77 8 1
58 78 3 3
58 79 2 9
58 80 3 9
58 81 6 4
58 82 7 8
58 83 2 1
58 84 3 2
58 85 6 1
58 86 10 8
58 88 3 9
58 89 7 5
58 90 1 6
58 91 9 3
58 92 2 3
58 93 7 1
58 94 9 9
58 95 1 3
58 96 10 9
58 97 2 6
58 98 5 2
58 99 1 9
58 100 5 2
59 60 8 2
59 62 3 1
59 63 5 9
59 65 1 5
59 66 2 3
59 67 4 1
59 69 1 3
59 70 8 6
59 71 6 7
59 72 2 10
59 73 10 2
59 74 4 4
59 75 9 10
59 77 4 3
59 78 7 1
59 79 9 10
59 82 6 9
59 84 7 5
59 85 8 10
59 86 8 2
59 87 7 10
59 88 8 4
59 91 9 7
59 92 7 4
59 95 9 9
59 96 6 9
59 97 10 1
59 98 1 2
60 62 5 5
60 63 5 6
60 64 4 4
60 65 8 4
60 66 8 1
60 67 3 9
60 68 2 4
60 69 6 8
60 70 9 5
60 71 10 9
60 73 4 2
60 74 7 9
60 75 10 2
60 76 10 7
60 77 1 1
60 78 7 7
60 79 2 8
60 81 6 2
60 82 7 6
60 83 4 2
60 84 9 6
60 86 6 7
60 87 3 10
60 88 9 2
60 89 4 5
60 91 2 5
60 92 3 3
60 93 6 7
60 94 7 8
60 95 8 9
60 96 6 1
60 97 3 4
60 99 10 10
61 62 7 6
61 64 10 1
61 65 7 10
61 66 6 4
61 67 2 9
61 68 6 2
61 69 10 9
61 70 6 6
61 71 10 4
61 72 9 10
61 73 6 10
61 74 4 3
61 75 4 4
61 78 4 6
61 79 2 8
61 80 9 2
61 82 5 10
61 83 4 8
61 84 3 1
61 86 3 5
61 87 1 5
61 89 4 8
61 90 3 7
61 91 10 7
61 92 9 6
61 93 6 4
61 94 4 9
61 95 8 9
61 96 2 1
61 97 8 8
61 98 9 3
61 100 7 9
62 64 10 7
62 66 7 10
62 67 10 1
62 68 3 9
62 69 9 5
62 70 2 6
62 71 7 10
62 72 7 7
62 73 10 3
62 74 10 4
62 75 5 8
62 76 8 7
62 77 3 10
62 78 4 3
62 79 7 7
62 80 1 9
62 81 10 5
62 82 2 2
62 83 6 5
62 84 1 4
62 85 5 5
62 86 9 9
62 87 9 1
62 88 4 3
62 89 2 9
62 90 10 1
62 91 4 4
62 92 4 1
62 95 4 3
62 96 6 3
62 98 9 5
62 99 10 5
62 100 2 6
63 65 9 3
63 66 4 3
63 67 7 9
63 68 10 8
63 69 3 3
63 72 8 9
63 73 8 9
63 74 2 8
63 75 10 4
63 76 7 9
63 77 7 6
63 78 7 5
63 79 5 2
63 80 7 10
63 81 6 1
63 82 6 1
63 83 3 8
63 84 3 4
63 86 4 10
63 87 8 7
63 91 4 2
63 92 1 8
63 93 10 6
63 94 8 9
63 95 2 9
63 96 8 8
63 97 5 7
63 98 10 5
63 99 7 7
63 100 9 2
64 65 9 3
64 66 3 6
64 69 6 6
64 70 6 9
64 71 1 4
64 72 4 6
64 73 6 2
64 74 1 5
64 75 7 7
64 76 10 3
64 78 7 5
64 79 4 8
64 80 7 2
64 81 3 1
64 82 1 8
64 84 2 2
64 85 10 7
64 86 6 6
64 87 3 1
64 88 7 6
64 89 2 7
64 90 3 1
64 91 9 3
64 92 7 7
64 93 9 2
64 94 5 3
64 95 10 2
64 96 10 6
64 97 5 9
64 98 3 2
64 99 5 7
65 66 6 5
65 69 8 4
65 70 8 2
65 72 2 3
65 73 2 5
65 76 4 9
65 77 9 3
65 78 1 9
65 79 1 5
65 81 8 10
65 82 2 8
65 83 4 7
65 86 3 4
65 89 7 6
65 90 5 2
65 91 1 10
65 92 9 1
65 93 5 5
65 94 7 9
65 96 6 9
65 97 1 8
65 98 4 8
65 99 6 9
65 100 8 5
66 67 2 8
66 68 9 1
66 69 4 9
66 70 4 1
66 71 1 3
66 72 3 2
66 73 5 5
66 75 2 9
66 76 8 10
66 77 2 4
66 78 6 6
66 79 10 1
66 82 6 8
66 83 8 2
66 85 4 2
66 86 3 6
66 87 9 10
66 88 2 1
66 89 5 4
66 91 3 7
66 92 4 7
66 94 10 4
66 95 2 10
66 96 8 10
66 97 5 3
66 98 6 4
66 99 10 2
67 68 4 8
67 70 8 3
67 71 2 10
67 72 6 8
67 73 9 3
67 74 8 7
67 75 8 7
67 76 4 1
67 78 1 1
67 80 8 8
67 81 8 9
67 82 5 10
67 83 10 3
67 84 3 8
67 85 10 2
67 86 10 9
67 87 6 7
67 88 7 7
67 91 10 2
67 93 10 5
67 94 5 10
67 95 5 2
67 96 10 9
67 98 6 1
67 99 4 5
67 100 5 5
68 69 9 6
68 70 6 8
68 71 7 2
68 74 2 9
68 75 9 10
68 76 10 5
68 77 3 9
68 78 5 7
68 79 7 9
68 80 4 8
68 81 10 10
68 82 3 10
68 83 7 4
68 85 3 6
68 87 2 1
68 88 1 9
68 89 2 8
68 91 7 7
68 92 1 9
68 93 2 3
68 96 5 1
68 98 1 2
68 99 8 1
68 100 7 7
69 70 2 10
69 71 7 9
69 72 1 2
69 73 3 2
69 74 7 7
69 75 7 8
69 76 7 2
69 78 9 6
69 79 1 7
69 80 5 6
69 82 7 2
69 83 5 7
69 84 7 6
69 85 2 7
69 86 3 2
69 87 6 8
69 89 6 8
69 90 2 7
69 91 6 5
69 92 7 8
69 94 5 10
69 95 7 10
69 96 2 5
69 97 1 1
69 98 1 1
69 99 1 2
69 100 9 1
70 73 1 1
70 74 2 6
70 76 5 9
70 77 4 6
70 79 2 4
70 80 3 6
70 81 10 8
70 82 1 7
70 83 8 3
70 84 5 10
70 86 1 3
70 88 7 4
70 89 4 10
70 90 1 1
70 91 4 2
70 93 8 9
70 94 10 1
70 95 3 1
70 98 5 8
70 99 10 6
70 100 2 6
71 72 2 4
71 73 3 10
71 75 10 2
71 76 5 8
71 78 10 7
71 79 6 5
71 80 6 9
71 81 9 2
71 83 4 9
71 84 1 2
71 86 4 9
71 88 6 10
71 89 5 7
71 90 8 3
71 91 6 7
71 92 8 4
71 93 2 10
71 94 2 6
71 95 2 5
71 96 7 10
71 97 7 2
71 98 2 5
71 99 5 4
72 73 5 4
72 76 1 3
72 77 2 7
72 78 7 9
72 79 4 4
72 80 9 4
72 81 7 6
72 82 6 8
72 83 10 8
72 84 1 8
72 85 7 5
72 87 9 9
72 88 7 7
72 89 9 3
72 90 3 4
72 91 5 4
72 92 2 1
72 93 1 9
72 94 9 2
72 95 5 7
72 96 1 1
72 97 8 5
72 98 3 2
72 99 2 5
72 100 5 10
73 74 7 3
73 75 8 10
73 76 4 4
73 78 4 6
73 80 1 10
73 81 6 4
73 82 7 3
73 84 4 2
73 85 4 5
73 87 7 5
73 88 6 2
73 90 5 1
73 91 7 8
73 92 9 3
73 93 9 4
73 94 8 7
73 95 3 6
73 96 10 9
73 97 9 1
73 99 8 6
73 100 4 7
74 76 1 6
74 77 2 1
74 78 10 7
74 79 1 1
74 80 5 1
74 81 7 1
74 82 5 1
74 83 3 4
74 84 4 9
74 86 8 10
74 87 6 5
74 88 4 2
74 89 8 1
74 90 8 10
74 91 2 8
74 92 10 1
74 93 4 9
74 94 5 6
74 95 8 2
74 98 6 9
74 99 3 1
74 100 2 2
75 77 9 2
75 78 10 7
75 79 6 5
75 80 10 1
75 81 2 10
75 83 9 7
75 84 1 7
75 85 5 4
75 86 4 1
75 87 6 7
75 89 8 2
75 90 10 8
75 91 3 9
75 92 1 9
75 93 4 2
75 94 5 3
75 95 9 5
75 96 6 3
75 97 2 6
75 98 8 1
75 99 8 1
76 79 5 7
76 80 5 1
76 81 5 5
76 83 8 9
76 84 7 4
76 85 7 7
76 87 10 2
76 88 6 6
76 90 2 10
76 91 5 2
76 92 8 4
76 93 10 9
76 94 3 5
76 95 2 6
76 96 9 2
76 97 4 7
76 98 5 8
76 99 8 4
76 100 9 7
77 79 7 10
77 82 9 5
77 85 6 6
77 86 9 3
77 88 7 9
77 89 7 8
77 90 6 8
77 91 10 8
77 92 8 7
77 93 2 4
77 94 8 3
77 95 9 5
77 96 7 10
77 97 1 6
77 98 3 4
77 99 3 10
78 80 10 6
78 81 3 5
78 82 1 3
78 84 10 9
78 85 2 6
78 86 10 5
78 87 10 2
78 89 2 8
78 90 7 7
78 91 5 7
78 92 3 9
78 93 1 3
78 94 2 7
78 95 6 2
78 96 2 6
79 80 8 8
79 81 3 2
79 83 3 9
79 84 3 1
79 85 5 7
79 86 10 3
79 87 3 10
79 88 1 2
79 89 1 7
79 90 5 1
79 92 7 9
79 93 1 3
79 94 7 8
79 98 1 9
79 99 4 8
80 81 7 9
80 82 10 2
80 83 1 6
80 84 3 7
80 86 4 8
80 87 7 2
80 88 4 2
80 89 3 7
80 91 10 10
80 94 4 8
80 95 3 1
80 96 5 7
80 97 4 9
80 98 5 8
81 82 6 2
81 83 5 5
81 84 2 1
81 85 6 1
81 86 7 5
81 87 5 5
81 88 7 8
81 89 7 6
81 91 1 5
81 92 4 7
81 93 8 7
81 94 4 4
81 96 4 9
81 97 7 1
81 98 2 6
81 100 5 5
82 83 9 8
82 84 9 7
82 85 10 10
82 86 7 5
82 87 9 7
82 88 1 4
82 89 7 4
82 90 10 1
82 91 4 8
82 93 4 8
82 95 1 9
82 96 10 8
82 98 8 5
82 99 2 1
82 100 5 10
83 84 7 3
83 86 7 10
83 87 10 5
83 89 9 2
83 90 10 9
83 91 4 4
83 93 8 5
83 94 2 10
83 95 2 7
83 97 9 10
83 98 4 3
83 99 1 6
83 100 5 5
84 85 7 4
84 87 4 6
84 88 5 10
84 89 10 6
84 90 8 9
84 91 5 10
84 92 9 10
84 93 10 8
84 94 5 3
84 97 5 4
84 99 8 6
84 100 7 7
85 86 1 7
85 87 10 3
85 88 6 3
85 89 8 1
85 92 1 5
85 93 6 3
85 94 2 1
85 95 2 3
85 97 6 1
85 100 4 9
86 87 9 9
86 88 2 4
86 89 4 3
86 90 6 7
86 92 2 3
86 93 3 8
86 95 3 7
86 96 10 2
86 97 9 2
86 98 8 8
86 100 1 4
87 88 1 2
87 89 6 3
87 90 4 3
87 91 7 2
87 92 1 9
87 93 9 3
87 94 8 6
87 95 8 2
87 96 1 6
87 97 6 3
87 98 6 7
87 99 8 4
87 100 2 3
88 89 5 3
88 91 1 8
88 92 4 4
88 93 4 10
88 94 9 3
88 95 1 6
88 96 9 5
88 98 1 5
88 99 3 4
89 90 7 7
89 92 3 1
89 93 4 7
89 95 9 1
89 97 7 6
89 98 1 2
89 99 4 9
89 100 10 9
90 91 6 10
90 92 7 2
90 94 3 2
90 96 1 9
90 97 6 3
90 98 4 9
90 99 8 6
90 100 9 8
91 92 8 10
91 93 2 7
91 94 1 8
91 95 7 9
91 96 4 7
91 97 1 5
91 98 5 10
91 99 10 4
91 100 5 8
92 94 2 5
92 95 7 6
92 96 7 9
92 97 6 9
92 98 10 3
92 100 6 2
93 94 6 4
93 95 3 4
93 99 7 3
94 95 6 7
94 96 4 9
94 97 4 9
94 99 3 4
94 100 1 5
95 96 7 5
95 97 6 7
95 98 6 3
95 99 2 2
95 100 3 3
96 97 8 8
96 98 3 9
96 99 3 8
96 100 10 5
97 98 4 6
97 100 2 10
98 99 6 6
98 100 7 3
1
1 2 3 4 5 6 7 8 9 10 11 12 13 14 15 16 17 18 19 20 21 22 23 24 25 26 27 28 29 30 31 32 33 34 35 36 37 38 39 40 41 42 43 44 45 46 47 48 49 50
