3964
1 2 1 3
1 3 3 10
1 4 7 7
1 5 2 3
1 7 5 3
1 10 6 2
1 11 10 7
1 12 8 2
1 13 7 6
1 14 5 8
1 15 5 3
1 16 3 7
1 18 8 6
1 19 5 10
1 22 8 4
1 23 6 2
1 25 6 8
1 26 2 4
1 27 3 4
1 28 10 6
1 29 10 4
1 30 10 4
1 31 6 2
1 32 3 1
1 33 9 9
1 34 9 10
1 35 8 1
1 36 9 9
1 38 7 6
1 39 1 6
1 41 10 5
1 42 2 4
1 43 1 4
1 44 1 7
1 45 7 4
1 46 8 4
1 47 10 3
1 48 7 2
1 49 2 2
1 50 5 3
1 51 10 9
1 53 3 3
1 54 6 4
1 55 3 6
1 56 3 3
1 57 4 8
1 58 5 10
1 59 6 7
1 60 5 4
1 61 5 5
1 62 10 8
1 63 5 1
1 64 6 3
1 66 8 6
1 68 6 4
1 69 3 8
1 70 4 4
1 71 10 9
1 72 7 6
1 73 9 1
1 74 7 10
1 75 10 6
1 76 9 10
1 77 10 1
1 78 4 7
1 79 2 5
1 80 2 10
1 81 10 8
1 82 8 1
1 83 3 8
1 84 2 8
1 85 4 5
1 86 3 7
1 87 1 9
1 88 8 5
1 89 1 9
1 90 3 8
1 91 2 10
1 93 7 7
1 94 3 3
1 95 4 7
1 96 5 10
1 97 2 7
1 98 5 9
1 99 10 2
1 100 2 10
2 3 9 2
2 4 6 7
2 5 5 9
2 9 7 9
2 12 4 2
2 13 8 1
2 14 6 10
2 15 5 4
2 18 9 1
2 19 4 1
2 20 4 3
2 21 6 2
2 22 3 1
2 23 8 6
2 24 3 7
2 25 3 3
2 26 9 4
2 27 6 10
2 28 1 9
2 29 10 9
2 31 8 6
2 32 4 4
2 33 1 7
2 34 8 8
2 35 7 3
2 36 3 2
2 37 3 2
2 38 8 3
2 39 9 5
2 40 3 9
2 41 3 1
2 42 4 1
2 43 5 5
2 44 10 1
2 45 2 9
2 46 10 4
2 47 9 10
2 49 10 7
2 51 10 2
2 52 3 3
2 55 8 10
2 56 4 7
2 57 8 1
2 59 1 4
2 61 1 8
2 62 4 7
2 63 3 3
2 64 3 3
2 65 7 6
2 66 1 4
2 67 8 5
2 68 1 10
2 69 10 3
2 70 1 2
2 71 8 7
2 72 9 2
2 73 5 5
2 75 9 10
2 76 6 1
2 77 5 10
2 78 10 6
2 79 9 6
2 81 4 1
2 83 1 9
2 84 10 1
2 85 3 3
2 86 5 2
2 90 2 1
2 91 3 8
2 92 7 10
2 93 1 10
2 94 7 5
2 95 4 5
2 97 9 4
2 98 2 2
2 99 10 8
2 100 10 5
3 4 6 6
3 5 2 3
3 6 2 2
3 8 3 7
3 9 10 8
3 10 2 2
3 11 2 4
3 13 6 5
3 15 3 7
3 17 2 9
3 19 7 6
3 20 10 6
3 21 3 3
3 23 5 9
3 24 1 6
3 25 8 9
3 26 8 4
3 27 10 9
3 28 9 5
3 29 3 10
3 32 9 2
3 33 4 3
3 34 5 4
3 35 5 9
3 36 7 3
3 37 3 7
3 38 6 7
3 39 10 7
3 40 3 10
3 41 7 9
3 42 8 2
3 43 2 2
3 44 4 5
3 45 9 7
3 46 10 8
3 47 9 8
3 48 2 10
3 49 4 3
3 51 1 7
3 52 4 1
3 54 3 4
3 57 7 8
3 58 7 9
3 60 3 9
3 62 7 9
3 63 6 2
3 64 8 4
3 65 6 2
3 66 9 10
3 67 2 5
3 68 1 9
3 69 7 4
3 70 8 10
3 71 10 7
3 72 1 1
3 74 4 2
3 75 9 5
3 76 2 7
3 77 5 9
3 78 7 6
3 81 6 4
3 83 10 1
3 84 5 2
3 85 6 3
3 86 10 2
3 87 3 3
3 89 5 5
3 91 6 8
3 92 1 3
3 93 8 8
3 94 8 5
3 95 5 3
3 96 7 10
3 97 7 2
3 98 8 5
3 99 2 8
4 7 5 1
4 8 1 3
4 12 9 9
4 13 3 8
4 14 2 1
4 15 6 4
4 16 9 5
4 17 6 1
4 18 2 1
4 19 3 5
4 22 3 5
4 23 5 9
4 24 6 3
4 25 3 8
4 26 10 6
4 27 7 1
4 28 10 2
4 29 2 6
4 30 8 5
4 32 5 10
4 34 8 4
4 35 8 7
4 36 7 2
4 37 7 4
4 38 1 5
4 40 4 7
4 42 9 4
4 43 9 1
4 46 9 2
4 47 2 8
4 49 1 2
4 50 1 3
4 51 7 7
4 52 1 1
4 53 8 5
4 54 3 10
4 56 1 9
4 57 3 3
4 58 6 4
4 59 4 5
4 60 10 2
4 61 6 8
4 62 9 6
4 64 7 3
4 65 7 7
4 66 9 4
4 67 10 4
4 68 9 2
4 69 6 2
4 71 3 4
4 72 9 3
4 75 5 8
4 76 7 8
4 77 5 8
4 79 3 7
4 80 2 7
4 81 8 9
4 82 9 5
4 84 8 3
4 86 6 4
4 87 1 6
4 88 7 2
4 89 8 4
4 90 6 3
4 91 2 1
4 92 8 7
4 93 2 4
4 94 8 1
4 95 4 4
4 96 3 1
4 97 4 6
4 98 3 7
4 100 10 10
5 6 3 3
5 8 6 10
5 9 6 5
5 10 7 10
5 11 9 9
5 12 9 5
5 13 1 5
5 14 5 2
5 15 7 3
5 16 8 7
5 17 4 1
5 18 6 7
5 20 1 2
5 22 5 10
5 23 4 4
5 25 9 5
5 26 10 10
5 28 9 3
5 29 7 2
5 31 1 9
5 32 4 5
5 33 10 9
5 34 6 4
5 35 10 10
5 36 4 7
5 37 1 8
5 39 1 3
5 40 6 3
5 41 1 5
5 42 5 5
5 43 10 10
5 48 4 3
5 49 4 2
5 51 8 7
5 52 1 1
5 53 10 8
5 54 10 6
5 56 4 6
5 57 1 2
5 58 6 8
5 59 5 3
5 61 7 10
5 63 8 10
5 64 10 3
5 65 10 5
5 66 8 2
5 67 9 6
5 69 7 1
5 70 9 4
5 71 4 1
5 73 1 3
5 74 2 10
5 75 1 4
5 76 4 7
5 77 9 5
5 78 2 7
5 80 7 4
5 81 2 7
5 83 3 3
5 85 7 3
5 86 3 9
5 88 4 8
5 89 10 6
5 90 6 1
5 91 10 10
5 92 9 1
5 93 9 6
5 94 3 1
5 95 7 10
5 96 3 7
5 97 4 10
5 98 4 2
5 99 7 5
5 100 5 7
6 7 3 8
6 9 2 6
6 10 8 2
6 11 1 3
6 13 1 10
6 14 5 3
6 15 3 7
6 16 2 2
6 17 7 8
6 18 2 10
6 19 7 2
6 20 6 2
6 21 7 3
6 22 1 3
6 23 7 1
6 24 3 3
6 26 8 9
6 28 10 8
6 33 2 10
6 35 6 7
6 36 3 6
6 37 8 4
6 38 9 3
6 39 1 10
6 40 3 1
6 41 2 1
6 42 1 10
6 43 4 8
6 45 4 9
6 46 7 9
6 48 9 9
6 50 3 7
6 51 4 7
6 52 8 4
6 53 1 7
6 56 4 10
6 57 1 5
6 59 10 2
6 61 1 6
6 62 9 1
6 64 5 10
6 65 9 9
6 66 7 8
6 67 10 9
6 68 3 8
6 69 1 3
6 70 2 1
6 71 3 7
6 72 2 4
6 73 5 9
6 74 3 2
6 76 6 3
6 78 1 7
6 80 3 2
6 81 7 6
6 82 6 5
6 83 9 2
6 84 2 9
6 85 7 9
6 86 3 2
6 87 3 9
6 89 6 8
6 91 6 8
6 92 9 2
6 93 8 3
6 94 5 8
6 96 7 6
6 97 6 5
6 98 2 6
6 99 6 2
6 100 10 3
7 8 8 3
7 9 8 7
7 11 9 8
7 12 8 1
7 13 3 2
7 14 3 2
7 15 2 3
7 16 6 2
7 17 5 4
7 18 5 1
7 19 10 4
7 21 4 10
7 22 10 6
7 23 3 4
7 24 3 9
7 25 8 2
7 26 5 4
7 29 7 5
7 31 2 9
7 32 8 4
7 33 3 4
7 34 8 9
7 35 4 2
7 36 8 8
7 37 9 5
7 38 6 2
7 39 10 9
7 40 2 4
7 41 1 1
7 42 3 9
7 43 5 3
7 45 8 5
7 46 1 10
7 47 10 8
7 48 1 5
7 49 8 5
7 50 2 7
7 51 8 7
7 52 6 4
7 53 4 9
7 54 1 6
7 55 1 9
7 56 3 3
7 58 6 5
7 59 6 6
7 61 5 7
7 62 7 1
7 63 1 2
7 64 2 2
7 65 8 4
7 66 7 7
7 68 5 5
7 69 9 3
7 70 3 9
7 71 5 2
7 72 9 1
7 73 10 5
7 74 10 7
7 79 3 9
7 80 10 5
7 81 9 2
7 82 8 6
7 83 3 1
7 84 10 1
7 85 4 8
7 88 9 6
7 90 9 4
7 92 9 9
7 93 4 1
7 94 8 5
7 95 9 7
7 96 8 5
7 97 2 4
7 98 9 7
7 99 3 6
7 100 10 1
8 9 10 9
8 10 10 4
8 11 2 4
8 12 9 7
8 13 8 6
8 14 2 4
8 15 7 9
8 16 7 10
8 17 9 9
8 18 3 4
8 20 10 7
8 22 8 9
8 23 5 6
8 24 5 9
8 25 10 1
8 26 3 8
8 27 4 7
8 28 4 1
8 29 7 10
8 30 8 9
8 31 10 6
8 32 10 9
8 33 2 2
8 35 9 10
8 38 10 5
8 39 4 1
8 40 6 8
8 42 2 10
8 43 6 5
8 44 9 1
8 47 3 7
8 48 9 3
8 50 4 2
8 52 5 7
8 53 2 9
8 55 6 10
8 56 5 3
8 57 3 5
8 58 4 1
8 60 2 7
8 61 7 6
8 63 4 1
8 66 6 9
8 68 9 3
8 69 6 7
8 70 6 8
8 71 6 10
8 72 10 6
8 73 5 7
8 74 6 9
8 75 2 9
8 76 1 10
8 77 1 4
8 79 4 5
8 81 2 5
8 82 3 10
8 84 7 3
8 87 4 1
8 88 9 7
8 89 8 2
8 90 10 5
8 91 5 10
8 93 4 8
8 94 10 6
8 95 7 2
8 96 2 3
8 97 2 10
8 98 10 5
8 100 10 5
9 10 10 3
9 11 6 1
9 12 2 3
9 13 5 4
9 15 7 6
9 16 5 7
9 17 4 4
9 18 3 9
9 19 3 8
9 20 8 2
9 21 1 3
9 22 8 7
9 23 8 6
9 24 8 1
9 25 1 10
9 26 5 4
9 27 6 1
9 28 8 3
9 29 4 10
9 30 3 4
9 31 5 3
9 32 1 9
9 33 4 6
9 34 7 4
9 35 2 3
9 36 2 4
9 37 4 1
9 39 7 1
9 41 7 4
9 43 10 4
9 45 1 2
9 46 8 8
9 47 7 5
9 49 9 4
9 50 6 4
9 52 9 1
9 53 7 2
9 54 1 9
9 56 2 1
9 57 2 4
9 58 3 4
9 61 10 5
9 63 3 6
9 64 9 6
9 66 5 2
9 67 10 9
9 68 8 7
9 70 9 3
9 71 3 8
9 72 3 7
9 74 8 9
9 75 6 7
9 76 5 4
9 77 10 9
9 78 3 6
9 80 10 5
9 81 7 4
9 83 10 8
9 84 5 10
9 86 9 6
9 88 3 6
9 89 9 7
9 90 1 10
9 91 5 3
9 93 7 3
9 94 1 3
9 95 2 2
9 96 2 10
9 97 5 8
9 98 7 5
9 100 6 4
10 11 6 1
10 12 6 2
10 13 9 8
10 14 9 1
10 16 4 2
10 18 6 1
10 19 10 6
10 20 7 4
10 21 6 2
10 22 2 2
10 23 5 1
10 24 9 2
10 25 4 4
10 27 1 9
10 28 5 4
10 29 3 8
10 30 8 9
10 31 9 3
10 32 4 8
10 34 10 6
10 35 10 10
10 36 3 9
10 37 10 7
10 38 1 8
10 39 3 9
10 41 4 6
10 42 4 3
10 43 5 1
10 44 2 2
10 45 5 5
10 46 1 1
10 47 4 4
10 48 2 1
10 49 2 6
10 50 7 10
10 51 5 3
10 53 9 7
10 54 8 4
10 55 3 8
10 56 1 1
10 57 5 10
10 58 3 8
10 59 8 7
10 62 3 3
10 63 9 4
10 65 10 7
10 67 1 8
10 68 7 4
10 69 8 4
10 70 9 1
10 73 9 6
10 74 10 9
10 75 1 1
10 76 4 2
10 79 9 6
10 80 7 6
10 81 2 8
10 83 1 9
10 84 5 6
10 85 10 4
10 86 8 5
10 87 7 6
10 88 1 4
10 91 6 7
10 92 8 6
10 93 3 10
10 94 8 1
10 95 6 3
10 97 4 3
10 98 4 2
10 99 2 6
10 100 10 2
11 13 9 3
11 14 5 10
11 15 9 2
11 16 8 5
11 17 4 1
11 18 5 1
11 19 9 10
11 20 5 2
11 21 5 8
11 22 6 10
11 23 10 6
11 24 3 5
11 25 6 6
11 27 10 5
11 28 3 10
11 29 5 7
11 30 9 4
11 31 6 2
11 32 4 6
11 33 7 10
11 34 9 9
11 35 10 5
11 36 5 1
11 37 8 7
11 38 7 7
11 40 4 6
11 41 7 6
11 42 1 10
11 43 8 2
11 45 10 1
11 47 4 8
11 49 2 7
11 50 3 9
11 52 9 5
11 53 4 2
11 54 10 10
11 55 1 5
11 57 3 3
11 58 5 10
11 59 1 7
11 62 6 4
11 63 3 3
11 66 4 1
11 68 2 9
11 69 2 3
11 70 3 7
11 71 7 10
11 73 10 6
11 74 6 10
11 75 4 5
11 76 6 9
11 78 3 7
11 79 6 3
11 80 4 1
11 84 5 3
11 86 1 7
11 87 7 6
11 88 6 7
11 89 5 7
11 90 9 1
11 92 5 3
11 93 5 9
11 94 4 9
11 95 5 5
11 96 4 1
11 97 1 1
11 98 8 4
11 99 9 5
11 100 10 7
12 13 1 6
12 15 1 10
12 16 2 1
12 17 9 3
12 19 1 8
12 21 8 7
12 22 7 4
12 23 2 9
12 24 1 2
12 26 5 5
12 27 5 7
12 28 2 1
12 29 10 2
12 30 10 6
12 31 8 1
12 33 2 3
12 34 5 7
12 35 2 8
12 36 8 2
12 38 6 9
12 39 6 5
12 40 7 5
12 41 7 8
12 42 10 9
12 43 5 1
12 44 8 4
12 45 3 3
12 46 9 1
12 47 9 7
12 48 8 1
12 49 7 9
12 50 4 8
12 51 5 1
12 53 10 10
12 54 10 9
12 55 1 2
12 56 9 10
12 57 8 10
12 58 2 7
12 59 1 10
12 60 6 5
12 61 1 2
12 62 2 10
12 63 5 9
12 64 1 6
12 65 3 7
12 67 10 7
12 68 5 3
12 69 5 1
12 70 2 2
12 71 4 8
12 72 5 8
12 73 1 2
12 74 4 10
12 75 1 6
12 76 1 7
12 77 2 7
12 78 10 7
12 79 3 9
12 80 2 2
12 82 6 4
12 83 8 10
12 84 8 9
12 86 4 8
12 87 6 9
12 88 3 9
12 89 2 3
12 92 1 8
12 93 5 1
12 94 1 4
12 95 2 1
12 97 9 4
12 98 9 5
12 99 3 6
12 100 5 10
13 14 6 7
13 15 9 6
13 17 9 2
13 18 8 6
13 19 8 1
13 20 5 4
13 21 9 5
13 22 7 2
13 24 7 2
13 25 4 9
13 26 4 4
13 27 8 7
13 28 6 2
13 30 7 4
13 33 2 7
13 34 7 8
13 35 8 9
13 36 4 8
13 37 1 10
13 38 5 2
13 39 9 9
13 40 1 6
13 41 10 6
13 42 5 3
13 43 4 1
13 45 6 7
13 46 2 2
13 47 8 3
13 48 2 10
13 49 7 7
13 51 10 10
13 52 2 2
13 53 1 2
13 54 6 9
13 55 1 7
13 57 1 2
13 59 3 10
13 60 9 4
13 61 3 7
13 63 3 5
13 64 4 7
13 66 4 1
13 68 8 6
13 69 7 2
13 70 1 6
13 71 8 8
13 73 2 8
13 74 2 6
13 75 7 8
13 76 7 9
13 77 7 1
13 78 1 4
13 79 10 1
13 80 1 10
13 81 5 5
13 82 5 4
13 83 9 4
13 84 6 9
13 85 4 4
13 87 8 6
13 88 8 9
13 89 4 10
13 91 10 10
13 93 4 9
13 95 1 4
13 96 9 3
13 97 9 4
13 98 4 5
13 99 5 10
13 100 2 6
14 15 2 5
14 17 4 2
14 18 3 9
14 20 9 1
14 22 3 4
14 23 8 4
14 24 2 10
14 25 7 3
14 26 10 10
14 27 4 9
14 28 3 8
14 29 2 8
14 30 10 8
14 31 2 9
14 33 7 9
14 34 4 7
14 35 3 10
14 37 2 10
14 38 4 10
14 40 4 9
14 41 2 8
14 43 5 7
14 44 8 5
14 45 5 10
14 46 9 10
14 47 3 10
14 48 5 8
14 49 4 2
14 52 1 1
14 53 7 5
14 54 8 9
14 55 7 3
14 56 10 6
14 58 8 10
14 59 7 1
14 62 10 10
14 63 7 3
14 64 3 6
14 65 3 10
14 66 7 1
14 67 10 7
14 68 8 2
14 69 5 5
14 71 3 10
14 72 3 5
14 73 2 7
14 76 3 4
14 77 3 6
14 78 6 3
14 79 1 1
14 80 8 9
14 81 10 2
14 82 5 4
14 83 10 9
14 84 4 3
14 85 6 9
14 86 5 7
14 88 7 5
14 89 6 1
14 90 5 4
14 94 10 10
14 96 7 5
14 97 8 10
14 98 3 10
14 99 10 3
15 18 9 6
15 19 4 6
15 20 3 6
15 21 9 3
15 22 5 7
15 24 10 6
15 28 1 1
15 29 6 8
15 30 9 8
15 32 8 3
15 33 9 9
15 34 8 7
15 35 6 10
15 36 7 10
15 37 5 10
15 39 6 1
15 40 9 3
15 41 10 4
15 42 3 8
15 43 1 2
15 44 4 8
15 45 7 5
15 46 3 10
15 48 10 1
15 49 4 1
15 50 5 3
15 51 5 10
15 52 3 9
15 54 7 9
15 55 8 8
15 56 5 5
15 58 6 10
15 59 2 7
15 60 1 3
15 61 6 3
15 62 9 9
15 63 3 8
15 64 10 8
15 66 5 4
15 67 5 2
15 68 10 8
15 70 6 10
15 71 4 1
15 72 9 3
15 73 9 9
15 74 7 1
15 75 5 2
15 76 2 3
15 77 5 9
15 78 3 2
15 79 9 10
15 81 3 6
15 82 5 8
15 83 4 2
15 84 3 8
15 85 2 3
15 87 2 6
15 88 4 8
15 89 7 3
15 90 4 8
15 91 10 4
15 92 8 3
15 93 1 8
15 94 5 2
15 95 5 9
15 96 7 3
15 97 4 1
15 98 1 10
15 100 1 5
16 18 1 9
16 19 5 9
16 20 1 1
16 21 2 1
16 22 7 9
16 23 2 8
16 24 10 2
16 25 8 6
16 26 4 8
16 28 8 6
16 29 4 2
16 30 9 3
16 31 6 5
16 33 1 3
16 34 9 8
16 35 3 8
16 36 8 3
16 37 10 10
16 38 1 2
16 39 1 5
16 40 9 1
16 41 1 8
16 44 2 1
16 45 9 7
16 46 4 7
16 47 9 5
16 48 4 3
16 49 4 5
16 50 4 4
16 54 3 1
16 56 7 10
16 57 9 5
16 58 3 2
16 59 9 1
16 61 7 3
16 62 4 5
16 63 10 3
16 64 8 10
16 65 10 8
16 66 7 8
16 67 7 4
16 68 7 2
16 69 8 4
16 70 2 9
16 71 1 8
16 73 10 6
16 74 10 4
16 75 7 2
16 76 8 6
16 77 5 2
16 78 2 5
16 79 1 6
16 81 8 8
16 82 10 7
16 85 8 8
16 86 10 3
16 87 4 8
16 88 2 8
16 89 4 10
16 90 7 8
16 91 3 3
16 92 3 7
16 93 8 10
16 94 2 3
16 95 5 1
16 97 3 2
16 98 6 9
16 99 5 7
17 18 1 9
17 19 9 1
17 21 2 10
17 22 3 10
17 23 8 10
17 24 8 8
17 25 8 1
17 26 4 9
17 27 8 1
17 28 7 4
17 29 3 5
17 30 6 4
17 31 1 6
17 32 2 10
17 33 5 10
17 34 5 2
17 35 9 9
17 36 7 4
17 37 2 5
17 38 7 5
17 39 3 9
17 43 6 6
17 44 1 3
17 46 1 1
17 47 9 3
17 48 4 2
17 49 8 7
17 50 8 9
17 51 8 1
17 53 4 2
17 56 4 6
17 57 9 9
17 58 6 10
17 59 8 9
17 60 9 7
17 61 5 4
17 62 5 5
17 63 5 3
17 64 8 6
17 65 4 3
17 67 6 10
17 70 8 1
17 71 10 4
17 72 6 7
17 74 2 2
17 75 1 3
17 77 1 9
17 79 3 10
17 80 5 10
17 81 8 9
17 82 2 6
17 84 8 8
17 87 5 9
17 88 4 4
17 89 9 6
17 90 4 8
17 91 1 1
17 92 7 10
17 93 7 7
17 94 4 8
17 95 1 1
17 96 2 8
17 97 1 2
17 98 6 4
17 99 3 8
17 100 9 4
18 19 10 8
18 20 6 5
18 21 1 2
18 22 7 10
18 23 7 7
18 24 2 8
18 25 8 6
18 26 3 9
18 27 1 2
18 28 7 6
18 29 2 4
18 30 1 8
18 31 9 9
18 35 5 8
18 36 6 10
18 38 6 7
18 39 6 4
18 40 6 7
18 41 2 1
18 42 10 3
18 43 1 3
18 44 8 8
18 46 5 10
18 47 2 1
18 48 7 10
18 49 6 9
18 50 8 10
18 51 7 9
18 52 7 3
18 53 5 9
18 54 2 8
18 55 7 4
18 56 8 10
18 58 1 1
18 59 6 6
18 60 10 1
18 61 3 2
18 62 9 1
18 63 9 3
18 64 8 8
18 66 2 5
18 68 4 10
18 69 8 3
18 70 9 8
18 72 2 8
18 74 5 9
18 75 1 7
18 76 10 9
18 79 1 5
18 80 5 2
18 81 8 5
18 82 3 9
18 83 9 2
18 84 10 7
18 85 10 9
18 86 5 1
18 87 8 8
18 88 2 7
18 89 5 6
18 91 1 10
18 93 2 2
18 94 6 9
18 97 5 5
18 99 10 5
18 100 4 10
19 20 10 3
19 21 1 7
19 24 1 10
19 25 1 8
19 26 4 10
19 27 5 7
19 28 6 10
19 29 6 4
19 30 5 10
19 31 1 1
19 32 9 5
19 33 9 7
19 35 10 4
19 38 1 5
19 40 1 2
19 41 2 9
19 42 3 10
19 43 2 2
19 45 4 3
19 46 10 7
19 47 3 2
19 48 5 4
19 51 2 7
19 52 6 6
19 54 8 8
19 55 5 9
19 56 8 4
19 57 5 7
19 58 6 7
19 59 7 1
19 60 7 7
19 61 2 2
19 62 5 8
19 63 3 4
19 65 6 8
19 66 1 1
19 67 5 1
19 68 4 5
19 69 1 5
19 70 9 8
19 71 10 1
19 72 8 3
19 73 4 9
19 74 5 4
19 75 10 9
19 77 7 8
19 78 6 7
19 79 1 8
19 80 10 9
19 81 8 4
19 83 3 4
19 85 1 6
19 87 6 3
19 88 9 2
19 89 8 1
19 90 3 2
19 91 2 8
19 95 1 10
19 96 1 1
19 97 7 4
19 98 2 5
19 99 7 9
19 100 9 1
20 21 5 7
20 22 7 10
20 23 2 5
20 24 7 9
20 25 1 9
20 26 4 3
20 27 3 6
20 28 4 3
20 29 9 10
20 30 1 10
20 31 7 4
20 33 7 2
20 34 4 3
20 35 2 1
20 36 3 8
20 38 6 4
20 39 2 9
20 41 5 7
20 42 7 10
20 43 6 10
20 45 3 2
20 47 6 2
20 48 9 2
20 50 2 4
20 51 1 7
20 52 8 10
20 53 7 5
20 54 5 9
20 55 7 3
20 56 2 4
20 57 8 9
20 58 9 1
20 60 2 1
20 61 2 2
20 62 9 3
20 63 3 9
20 64 2 1
20 65 2 10
20 66 6 6
20 68 4 2
20 69 3 10
20 72 1 2
20 73 4 2
20 74 7 5
20 75 1 8
20 76 10 10
20 77 3 5
20 78 3 7
20 79 7 9
20 80 1 6
20 82 10 3
20 83 7 9
20 84 5 4
20 85 1 2
20 86 3 10
20 87 3 10
20 90 4 9
20 91 10 3
20 92 8 6
20 94 2 7
20 95 7 9
20 96 5 4
20 97 6 1
20 98 6 6
20 99 4 3
20 100 5 6
21 22 7 1
21 23 5 1
21 24 10 3
21 25 3 8
21 28 2 3
21 29 9 8
21 30 5 6
21 31 4 5
21 32 2 8
21 33 2 10
21 34 7 1
21 35 2 10
21 36 2 5
21 38 4 8
21 39 4 5
21 40 7 10
21 41 6 10
21 42 7 8
21 43 5 10
21 45 10 4
21 48 9 4
21 49 8 10
21 50 9 1
21 51 1 8
21 53 5 6
21 54 10 6
21 55 9 9
21 56 2 7
21 57 2 1
21 58 6 8
21 59 5 6
21 60 9 10
21 61 3 8
21 62 9 7
21 63 6 1
21 64 8 3
21 65 2 5
21 68 10 6
21 69 9 5
21 70 9 6
21 71 3 2
21 72 8 7
21 73 1 3
21 74 1 3
21 75 5 9
21 76 8 10
21 77 2 9
21 78 6 10
21 79 1 2
21 81 10 6
21 82 2 9
21 83 4 9
21 85 5 3
21 86 7 1
21 87 7 1
21 88 7 10
21 90 8 8
21 91 5 8
21 92 1 3
21 93 1 6
21 94 1 3
21 96 3 4
21 97 5 7
21 98 6 3
21 99 5 6
21 100 2 2
22 24 1 6
22 26 7 1
22 27 2 6
22 28 1 3
22 29 8 6
22 31 3 1
22 32 9 1
22 33 1 9
22 34 10 3
22 35 6 7
22 37 2 5
22 38 6 5
22 39 9 6
22 40 10 8
22 41 5 4
22 43 10 3
22 44 8 9
22 45 6 6
22 46 3 8
22 47 2 2
22 48 4 3
22 49 2 5
22 50 2 10
22 51 7 7
22 53 4 8
22 54 8 3
22 55 6 9
22 57 4 7
22 58 3 1
22 59 9 9
22 61 5 1
22 62 6 2
22 63 10 10
22 64 10 6
22 65 7 10
22 66 5 8
22 68 8 4
22 69 4 4
22 70 1 3
22 71 5 7
22 73 10 6
22 74 2 1
22 75 2 5
22 76 9 3
22 77 5 7
22 78 10 6
22 79 5 2
22 80 9 2
22 81 8 8
22 82 2 2
22 83 10 5
22 84 10 2
22 85 5 1
22 86 5 4
22 87 9 6
22 88 9 8
22 89 7 6
22 91 4 3
22 92 3 2
22 93 9 10
22 95 7 9
22 97 10 2
22 98 6 2
22 99 7 1
22 100 2 8
23 25 6 3
23 26 2 5
23 27 8 6
23 28 2 5
23 29 10 6
23 30 2 7
23 31 10 5
23 32 5 6
23 34 9 4
23 35 9 4
23 36 9 8
23 38 6 3
23 39 8 10
23 40 2 8
23 41 3 7
23 42 10 6
23 43 3 9
23 44 2 6
23 45 2 7
23 47 1 3
23 49 6 3
23 50 7 7
23 51 7 9
23 52 3 10
23 54 3 3
23 55 2 8
23 56 8 8
23 57 4 3
23 58 2 5
23 59 10 4
23 60 8 6
23 61 2 7
23 62 2 2
23 63 8 10
23 64 3 4
23 67 7 10
23 70 6 3
23 71 5 5
23 72 5 6
23 74 9 1
23 75 1 6
23 76 1 10
23 78 2 10
23 81 5 10
23 83 6 1
23 84 4 1
23 85 8 6
23 86 7 7
23 87 2 9
23 90 4 7
23 91 8 8
23 92 3 8
23 93 4 10
23 94 8 3
23 95 6 10
23 96 8 3
23 97 2 5
23 98 7 9
23 99 8 4
23 100 10 8
24 25 9 4
24 26 7 2
24 27 6 7
24 28 4 3
24 29 5 7
24 30 5 4
24 31 8 10
24 33 3 6
24 34 6 2
24 35 10 4
24 36 5 1
24 37 9 2
24 38 3 8
24 40 8 9
24 41 3 5
24 42 2 8
24 43 9 9
24 44 6 5
24 46 1 4
24 47 4 9
24 48 8 5
24 50 9 2
24 52 3 7
24 54 5 1
24 56 9 4
24 57 5 7
24 58 3 5
24 59 6 7
24 60 6 1
24 61 9 3
24 63 2 1
24 64 1 2
24 66 2 5
24 67 7 10
24 68 5 1
24 69 6 6
24 73 2 3
24 74 9 5
24 75 6 4
24 76 7 2
24 77 5 7
24 78 5 4
24 79 6 3
24 80 9 9
24 83 3 5
24 84 6 10
24 85 5 4
24 87 1 1
24 88 4 10
24 89 4 10
24 91 9 2
24 93 2 5
24 94 3 1
24 95 4 4
24 96 4 6
24 97 3 6
24 98 6 5
24 99 6 5
24 100 2 9
25 26 10 1
25 27 10 8
25 29 8 10
25 30 8 4
25 31 8 2
25 32 4 6
25 33 8 10
25 34 7 3
25 35 6 9
25 36 9 7
25 37 7 3
25 38 2 6
25 39 2 10
25 40 5 1
25 41 3 4
25 42 10 10
25 44 4 3
25 46 5 8
25 49 9 10
25 50 6 3
25 51 3 8
25 52 5 1
25 53 10 6
25 54 1 9
25 55 8 5
25 56 7 5
25 58 10 3
25 60 1 5
25 61 1 4
25 63 1 7
25 64 7 9
25 65 5 2
25 66 5 8
25 67 8 9
25 68 3 3
25 69 2 10
25 70 10 8
25 71 5 8
25 74 7 8
25 76 2 10
25 77 3 1
25 79 9 3
25 80 4 6
25 81 5 6
25 82 10 8
25 83 5 3
25 84 3 2
25 85 5 1
25 86 7 10
25 87 2 9
25 88 4 7
25 89 6 3
25 90 5 4
25 91 9 1
25 92 1 9
25 93 5 3
25 94 8 1
25 95 10 7
25 96 5 4
25 97 1 8
25 98 6 9
25 99 8 3
25 100 8 1
26 28 7 6
26 29 4 8
26 30 5 4
26 32 9 1
26 33 1 7
26 34 1 4
26 35 9 3
26 36 7 4
26 37 9 2
26 38 9 1
26 39 7 9
26 40 8 10
26 41 1 3
26 42 6 5
26 44 8 9
26 46 1 9
26 48 6 1
26 50 4 9
26 51 9 1
26 52 6 7
26 53 10 4
26 54 7 5
26 55 10 10
26 56 6 7
26 57 6 9
26 58 3 9
26 60 6 9
26 61 10 6
26 62 1 5
26 63 4 7
26 64 8 10
26 65 4 3
26 66 3 5
26 67 9 5
26 68 6 2
26 69 7 4
26 70 6 10
26 71 9 5
26 72 5 9
26 73 7 1
26 74 10 1
26 76 7 7
26 78 8 10
26 80 1 7
26 81 9 1
26 82 8 8
26 83 5 2
26 84 5 6
26 85 8 1
26 86 3 5
26 88 3 5
26 89 4 7
26 90 8 5
26 91 7 3
26 93 1 9
26 94 3 10
26 95 6 5
26 96 4 2
26 98 8 1
26 99 2 5
27 29 9 6
27 30 10 9
27 31 10 4
27 32 5 2
27 34 8 7
27 35 3 8
27 37 1 5
27 38 4 3
27 39 3 4
27 44 2 4
27 45 1 4
27 46 7 1
27 47 9 8
27 49 10 5
27 50 7 7
27 52 1 1
27 53 10 6
27 56 8 4
27 57 6 9
27 59 6 4
27 60 9 8
27 61 8 6
27 62 1 5
27 63 1 10
27 64 9 2
27 65 1 4
27 66 8 9
27 67 1 2
27 68 6 4
27 69 2 4
27 70 8 3
27 72 2 10
27 73 3 9
27 75 6 7
27 76 9 4
27 77 9 10
27 78 1 1
27 79 6 5
27 80 9 3
27 81 8 5
27 83 8 9
27 84 1 6
27 85 4 1
27 86 6 7
27 89 5 2
27 90 1 1
27 91 7 6
27 92 4 6
27 93 6 2
27 95 2 3
27 96 1 1
27 97 9 10
27 98 2 5
27 99 10 2
28 30 6 6
28 31 9 5
28 32 9 1
28 34 7 9
28 36 1 8
28 37 6 3
28 38 1 3
28 39 1 2
28 40 6 6
28 41 6 10
28 42 6 1
28 43 6 2
28 44 9 1
28 45 1 2
28 46 7 2
28 47 10 10
28 48 6 1
28 49 5 4
28 50 2 2
28 51 9 8
28 53 6 4
28 54 1 5
28 55 10 6
28 56 7 4
28 57 6 3
28 58 10 2
28 59 10 6
28 61 7 1
28 62 8 9
28 63 7 8
28 64 7 4
28 65 2 8
28 66 8 4
28 67 1 10
28 68 8 5
28 69 5 5
28 71 6 5
28 73 3 4
28 74 6 4
28 75 8 4
28 76 4 3
28 78 9 9
28 79 4 9
28 81 2 7
28 83 3 6
28 84 9 3
28 85 10 2
28 86 5 1
28 87 7 10
28 88 7 6
28 89 5 7
28 90 1 3
28 91 4 7
28 92 8 8
28 94 6 2
28 95 6 8
28 96 7 10
28 97 5 6
28 98 7 4
28 99 10 2
28 100 6 1
29 31 1 5
29 32 9 8
29 33 9 6
29 34 9 8
29 35 5 9
29 36 7 9
29 38 2 7
29 40 1 6
29 41 9 7
29 42 10 4
29 43 1 5
29 44 3 5
29 45 6 1
29 46 10 7
29 47 3 6
29 48 10 9
29 49 5 2
29 50 6 4
29 51 6 9
29 52 10 9
29 53 3 4
29 54 1 8
29 55 5 2
29 57 1 8
29 58 7 7
29 59 5 6
29 60 1 1
29 62 4 7
29 63 3 10
29 64 8 6
29 65 8 8
29 66 6 6
29 67 5 1
29 68 3 4
29 69 6 1
29 70 9 1
29 71 7 7
29 72 7 2
29 73 10 2
29 74 2 1
29 75 5 3
29 76 2 8
29 77 9 8
29 78 10 7
29 79 2 5
29 80 10 4
29 81 8 7
29 82 5 8
29 83 1 8
29 84 5 2
29 85 3 7
29 86 9 4
29 90 4 8
29 91 7 7
29 92 6 10
29 93 5 4
29 95 5 6
29 96 10 2
29 97 5 8
29 99 6 10
29 100 3 3
30 32 4 6
30 33 5 6
30 35 3 8
30 36 8 6
30 37 5 3
30 38 9 7
30 39 5 10
30 40 3 8
30 41 1 1
30 42 1 5
30 43 7 6
30 44 2 3
30 45 2 7
30 46 7 10
30 47 4 7
30 48 6 6
30 49 2 2
30 50 6 1
30 51 10 7
30 52 2 5
30 53 3 1
30 55 1 2
30 56 6 6
30 57 3 1
30 58 5 1
30 60 3 8
30 62 8 10
30 63 4 4
30 64 10 2
30 65 3 8
30 67 5 6
30 68 1 2
30 69 7 10
30 70 1 8
30 74 2 9
30 75 10 8
30 76 2 5
30 77 5 5
30 78 10 3
30 80 5 3
30 81 10 2
30 82 9 4
30 83 9 10
30 84 3 10
30 85 10 2
30 86 10 4
30 87 9 2
30 89 5 7
30 90 3 3
30 91 7 1
30 92 1 3
30 93 10 3
30 94 8 6
30 95 2 7
30 96 1 9
30 97 2 2
30 99 7 4
30 100 6 2
31 32 3 8
31 33 2 8
31 35 1 3
31 36 6 5
31 38 3 10
31 39 8 6
31 40 1 10
31 41 2 6
31 43 4 5
31 44 8 7
31 45 6 8
31 46 5 3
31 47 8 4
31 49 1 1
31 50 3 6
31 52 1 1
31 53 1 9
31 56 10 8
31 58 7 10
31 60 3 5
31 62 6 1
31 63 7 6
31 64 10 8
31 65 2 2
31 66 1 10
31 67 9 8
31 69 2 1
31 70 10 9
31 71 7 8
31 72 2 6
31 73 1 8
31 74 7 6
31 75 4 7
31 76 10 2
31 77 8 3
31 78 8 3
31 79 5 1
31 80 7 4
31 81 2 10
31 83 2 5
31 84 4 6
31 85 2 6
31 87 6 8
31 88 2 2
31 90 5 7
31 91 4 8
31 92 7 10
31 95 5 1
31 96 7 4
31 97 7 7
31 98 8 3
31 99 9 1
32 35 5 4
32 36 9 7
32 37 9 5
32 38 2 4
32 39 2 1
32 40 8 3
32 43 3 7
32 44 5 8
32 45 8 8
32 46 10 4
32 47 9 5
32 49 6 6
32 51 1 8
32 52 3 4
32 53 9 3
32 54 2 1
32 55 3 2
32 56 4 3
32 57 1 4
32 58 6 10
32 59 6 6
32 60 3 4
32 62 10 6
32 64 5 8
32 65 6 8
32 66 5 1
32 67 9 6
32 68 9 5
32 69 8 8
32 70 6 5
32 71 9 10
32 72 2 5
32 73 7 10
32 74 10 9
32 75 5 6
32 76 9 4
32 77 10 10
32 78 4 7
32 79 8 8
32 80 10 2
32 81 7 5
32 82 7 8
32 84 2 10
32 85 7 2
32 86 1 10
32 87 7 7
32 88 9 10
32 91 8 2
32 92 9 6
32 93 6 4
32 94 6 4
32 95 8 8
32 100 9 2
33 35 5 1
33 36 8 7
33 39 6 4
33 40 5 6
33 41 9 3
33 42 9 2
33 43 6 8
33 44 9 9
33 45 1 6
33 46 4 1
33 47 5 10
33 48 9 7
33 49 4 3
33 50 1 9
33 51 10 2
33 52 8 5
33 54 5 4
33 55 1 2
33 56 5 5
33 57 8 8
33 58 4 10
33 59 4 6
33 60 6 5
33 61 8 8
33 62 8 2
33 63 1 4
33 64 4 7
33 65 5 5
33 66 3 9
33 67 2 4
33 69 2 2
33 70 10 1
33 71 2 9
33 72 9 7
33 73 8 1
33 74 6 5
33 75 2 10
33 76 9 8
33 78 7 1
33 79 8 5
33 80 2 2
33 81 9 7
33 82 4 8
33 83 10 4
33 84 1 10
33 85 9 2
33 86 5 2
33 87 1 5
33 90 10 5
33 91 7 8
33 92 10 10
33 94 4 7
33 95 3 8
33 96 5 4
33 97 3 1
33 98 10 10
33 99 9 6
33 100 8 8
34 35 3 3
34 36 7 4
34 37 3 1
34 38 5 7
34 40 1 10
34 41 8 8
34 42 2 5
34 43 3 3
34 44 9 2
34 45 3 10
34 47 10 9
34 48 3 10
34 49 3 3
34 50 1 6
34 51 5 8
34 52 2 7
34 54 4 9
34 55 10 1
34 56 10 10
34 58 1 2
34 60 8 4
34 61 10 1
34 62 2 4
34 63 6 9
34 64 8 8
34 65 6 3
34 67 5 2
34 68 7 9
34 69 3 7
34 71 4 6
34 72 7 1
34 73 2 8
34 75 2 3
34 76 7 9
34 77 7 9
34 78 4 8
34 79 2 7
34 81 2 6
34 82 6 5
34 84 8 9
34 85 3 7
34 86 9 1
34 88 1 10
34 89 4 9
34 91 8 3
34 93 3 4
34 95 4 10
34 96 4 9
34 98 2 4
34 99 8 2
34 100 6 5
35 36 1 6
35 37 8 2
35 38 9 3
35 39 2 6
35 40 5 4
35 41 1 10
35 43 10 4
35 44 3 2
35 45 8 10
35 46 4 3
35 47 6 5
35 48 5 1
35 49 1 3
35 50 10 10
35 51 3 3
35 52 10 4
35 53 10 5
35 54 7 6
35 56 9 9
35 59 5 5
35 60 3 1
35 61 3 4
35 62 5 7
35 63 5 8
35 64 10 4
35 65 1 6
35 66 2 4
35 67 10 9
35 68 9 2
35 69 1 4
35 71 3 5
35 72 2 8
35 73 2 3
35 74 7 6
35 75 10 6
35 77 4 7
35 79 5 3
35 80 8 2
35 82 1 7
35 83 3 8
35 84 7 6
35 85 3 1
35 86 5 7
35 87 4 2
35 89 6 1
35 90 1 2
35 91 5 6
35 92 7 5
35 93 5 8
35 94 6 5
35 95 8 2
35 96 9 6
35 97 9 3
35 98 7 2
35 99 7 3
35 100 8 6
36 37 2 2
36 38 3 4
36 39 7 7
36 40 2 3
36 44 5 3
36 45 8 4
36 47 4 6
36 48 5 5
36 49 3 5
36 50 9 5
36 51 5 5
36 52 9 4
36 53 8 4
36 54 10 9
36 55 8 3
36 56 5 7
36 58 2 7
36 59 1 2
36 60 10 1
36 61 2 2
36 62 5 4
36 63 6 2
36 64 9 2
36 65 6 6
36 68 5 6
36 69 9 6
36 70 5 8
36 72 1 10
36 73 10 8
36 74 9 7
36 75 8 2
36 76 10 5
36 78 4 10
36 79 8 1
36 80 4 1
36 82 1 3
36 84 7 1
36 85 2 6
36 86 2 4
36 88 1 2
36 89 4 3
36 90 4 1
36 91 8 1
36 92 4 8
36 93 5 1
36 95 10 6
36 97 2 10
36 98 4 5
36 100 6 8
37 38 3 3
37 39 9 3
37 40 6 3
37 41 10 4
37 42 8 10
37 43 6 9
37 45 3 4
37 46 8 9
37 47 9 1
37 48 10 7
37 49 2 2
37 50 4 7
37 51 4 8
37 53 1 6
37 54 1 10
37 55 5 9
37 56 8 7
37 57 8 10
37 59 8 6
37 60 3 6
37 61 5 4
37 62 3 3
37 63 9 7
37 65 4 3
37 66 3 2
37 67 6 5
37 68 7 1
37 70 5 5
37 71 2 10
37 74 4 5
37 76 2 5
37 78 6 8
37 79 7 6
37 82 10 9
37 83 7 10
37 84 1 10
37 86 3 3
37 87 9 3
37 88 4 6
37 89 2 2
37 91 8 5
37 93 10 10
37 94 9 1
37 96 7 2
37 97 7 4
37 98 4 5
37 99 2 10
37 100 7 10
38 39 4 10
38 40 7 8
38 43 8 10
38 46 9 3
38 47 7 3
38 48 5 7
38 49 6 9
38 50 7 2
38 51 2 10
38 52 10 6
38 53 5 6
38 54 5 8
38 55 9 1
38 56 2 4
38 57 4 4
38 59 3 9
38 60 8 3
38 61 5 2
38 62 4 2
38 63 5 6
38 65 8 1
38 66 4 6
38 67 2 10
38 68 3 7
38 69 4 8
38 70 6 8
38 71 9 3
38 73 6 1
38 74 9 8
38 75 7 9
38 76 6 4
38 77 2 5
38 78 7 6
38 79 2 7
38 83 9 1
38 84 1 5
38 87 9 4
38 88 5 7
38 89 4 3
38 90 10 1
38 91 1 1
38 92 5 8
38 93 1 4
38 94 3 9
38 95 4 7
38 96 5 6
38 97 1 7
38 98 2 9
38 100 5 8
39 40 2 9
39 41 8 6
39 42 4 8
39 43 3 3
39 44 10 8
39 45 6 7
39 46 9 10
39 47 6 5
39 48 10 6
39 49 7 4
39 50 4 2
39 51 8 2
39 52 6 8
39 53 7 3
39 54 10 7
39 55 10 1
39 56 1 6
39 57 2 5
39 58 9 4
39 60 10 7
39 62 9 1
39 64 3 7
39 65 8 8
39 67 9 3
39 68 7 7
39 69 4 5
39 70 5 4
39 71 4 2
39 72 5 10
39 73 1 4
39 75 6 5
39 76 9 9
39 77 8 3
39 78 9 9
39 81 9 10
39 84 7 7
39 85 4 9
39 86 5 8
39 87 4 5
39 88 10 10
39 89 9 9
39 91 4 1
39 92 1 7
39 93 5 5
39 96 8 2
39 97 8 3
39 98 9 4
39 99 7 4
39 100 8 1
40 41 6 1
40 42 9 7
40 43 10 4
40 44 10 4
40 45 2 3
40 46 8 3
40 47 9 7
40 48 2 5
40 49 5 2
40 50 1 6
40 51 6 7
40 52 3 6
40 53 1 6
40 54 4 6
40 55 4 2
40 56 7 9
40 57 6 5
40 58 7 4
40 60 2 6
40 61 1 3
40 63 7 9
40 64 4 8
40 65 8 5
40 66 5 8
40 67 6 7
40 68 8 5
40 69 6 6
40 71 2 7
40 72 10 10
40 73 8 2
40 74 7 10
40 75 10 1
40 77 1 7
40 78 6 7
40 79 1 7
40 81 10 3
40 82 2 3
40 84 7 8
40 85 1 10
40 86 6 3
40 88 7 5
40 89 10 7
40 90 6 7
40 91 2 4
40 93 2 9
40 95 2 9
40 96 6 1
40 97 2 7
40 98 8 6
40 99 3 3
40 100 4 1
41 42 9 6
41 43 8 10
41 44 9 3
41 45 7 10
41 46 9 2
41 48 1 2
41 49 7 3
41 50 7 9
41 51 4 9
41 52 9 3
41 53 7 9
41 54 4 9
41 55 1 1
41 57 8 2
41 58 8 2
41 59 2 5
41 60 8 5
41 62 6 2
41 63 8 8
41 64 5 2
41 65 8 3
41 66 2 10
41 67 7 9
41 68 9 6
41 69 9 4
41 70 1 5
41 72 1 9
41 73 8 7
41 76 9 5
41 77 4 6
41 78 7 1
41 79 10 3
41 81 4 1
41 83 7 6
41 84 3 5
41 86 4 9
41 87 1 8
41 88 4 10
41 90 2 7
41 96 8 10
41 97 6 9
41 99 6 6
42 43 6 7
42 44 2 7
42 49 10 3
42 51 7 10
42 52 6 3
42 53 6 1
42 54 2 5
42 56 7 3
42 57 1 10
42 58 4 2
42 59 2 1
42 61 1 2
42 62 1 10
42 63 8 5
42 64 7 9
42 66 6 2
42 67 10 5
42 69 4 4
42 71 9 4
42 72 9 6
42 73 2 8
42 74 7 10
42 75 4 4
42 76 8 5
42 77 6 3
42 78 5 4
42 79 5 8
42 80 5 6
42 82 1 5
42 83 10 5
42 84 9 3
42 85 7 10
42 86 1 3
42 87 2 4
42 88 6 10
42 89 9 3
42 90 5 7
42 91 9 10
42 93 6 1
42 94 9 3
42 97 4 1
42 99 7 6
42 100 4 10
43 44 1 5
43 46 9 7
43 47 7 2
43 48 2 4
43 49 8 7
43 51 2 3
43 52 7 1
43 53 9 4
43 54 7 5
43 55 7 7
43 56 2 7
43 57 9 10
43 58 1 8
43 59 5 5
43 61 1 10
43 62 4 4
43 63 8 7
43 64 1 10
43 65 6 4
43 66 6 9
43 67 5 6
43 68 2 6
43 69 8 10
43 70 7 4
43 71 4 1
43 72 3 10
43 73 3 3
43 75 9 3
43 76 6 4
43 77 10 8
43 78 8 7
43 79 10 6
43 80 9 3
43 81 1 8
43 84 3 7
43 86 8 1
43 88 1 3
43 89 1 3
43 91 8 8
43 92 6 10
43 93 1 8
43 94 2 10
43 95 10 10
43 96 7 4
43 97 1 8
43 98 2 3
43 99 4 6
43 100 8 7
44 45 5 5
44 46 3 3
44 47 1 6
44 48 9 1
44 50 9 9
44 51 6 6
44 52 3 4
44 54 4 1
44 55 4 4
44 56 3 5
44 57 7 10
44 59 5 4
44 60 8 3
44 61 7 7
44 62 9 2
44 63 4 8
44 64 1 8
44 65 1 4
44 66 10 7
44 67 4 4
44 68 6 9
44 69 9 7
44 70 8 9
44 71 10 10
44 72 9 7
44 73 4 7
44 74 9 4
44 75 10 5
44 76 3 10
44 77 1 2
44 78 8 2
44 80 2 1
44 81 6 10
44 84 7 4
44 85 4 6
44 86 2 9
44 88 8 10
44 89 1 2
44 90 9 10
44 91 8 6
44 92 3 8
44 93 6 7
44 94 2 8
44 95 3 10
44 97 1 7
44 98 9 8
44 100 10 10
45 46 9 6
45 47 2 3
45 48 3 8
45 50 7 10
45 51 6 8
45 52 10 9
45 53 3 3
45 54 4 4
45 55 9 7
45 56 1 4
45 57 8 7
45 58 7 7
45 59 6 6
45 60 5 1
45 62 3 10
45 63 6 7
45 64 2 6
45 65 3 10
45 66 6 9
45 67 1 4
45 68 3 9
45 70 2 3
45 71 10 7
45 72 7 3
45 73 2 7
45 74 9 6
45 76 5 3
45 77 2 1
45 79 3 6
45 81 7 4
45 82 10 4
45 83 5 1
45 84 6 10
45 85 3 2
45 86 4 6
45 87 9 6
45 88 7 6
45 89 9 3
45 92 2 10
45 93 10 9
45 95 8 8
45 96 6 9
45 98 5 8
45 99 1 2
45 100 4 4
46 48 3 9
46 49 4 1
46 50 4 6
46 51 9 6
46 52 5 1
46 54 7 8
46 55 8 7
46 56 6 3
46 59 10 2
46 60 6 9
46 61 7 4
46 62 6 3
46 63 10 1
46 64 2 5
46 66 5 9
46 67 5 7
46 69 6 4
46 70 7 1
46 72 10 5
46 73 4 4
46 74 9 7
46 75 9 3
46 76 4 6
46 77 5 7
46 78 6 5
46 79 3 10
46 80 2 8
46 81 3 8
46 82 7 8
46 84 4 4
46 85 4 6
46 86 10 8
46 87 9 6
46 88 9 7
46 89 6 5
46 91 2 4
46 92 2 6
46 93 10 4
46 94 3 8
46 95 2 4
46 97 7 3
46 98 10 8
47 48 8 4
47 49 1 9
47 50 1 10
47 51 3 2
47 52 9 7
47 54 10 3
47 57 2 2
47 58 2 2
47 60 2 6
47 62 4 4
47 63 9 4
47 64 4 2
47 65 7 3
47 66 3 3
47 67 7 7
47 68 2 3
47 69 7 7
47 72 3 9
47 73 5 9
47 74 8 7
47 75 7 4
47 76 10 3
47 77 5 8
47 78 1 9
47 79 6 7
47 80 8 1
47 81 9 6
47 82 9 10
47 88 10 4
47 89 4 10
47 90 1 4
47 91 4 1
47 92 6 7
47 93 6 10
47 95 10 2
47 96 1 1
47 97 6 6
47 98 8 7
47 99 2 3
47 100 3 5
48 49 2 4
48 50 1 7
48 51 1 10
48 52 6 7
48 53 4 2
48 55 7 5
48 56 7 7
48 57 9 4
48 60 8 6
48 61 5 9
48 62 10 9
48 63 5 7
48 64 3 8
48 65 10 6
48 66 5 4
48 67 5 3
48 68 2 7
48 69 7 3
48 70 5 6
48 71 9 9
48 72 1 9
48 73 10 1
48 74 8 3
48 75 4 8
48 76 7 2
48 77 6 8
48 80 8 7
48 81 9 8
48 82 2 1
48 84 1 5
48 85 5 2
48 86 10 4
48 87 6 4
48 89 8 9
48 91 3 5
48 92 9 4
48 94 1 4
48 96 10 3
48 97 5 6
48 98 7 2
48 100 6 10
49 50 3 8
49 51 4 10
49 52 8 2
49 54 2 1
49 56 7 5
49 57 1 4
49 58 9 7
49 59 2 9
49 60 2 9
49 61 8 2
49 62 6 3
49 63 7 2
49 64 7 4
49 66 1 10
49 67 2 2
49 68 8 10
49 70 6 4
49 71 6 2
49 72 9 3
49 75 1 3
49 76 10 3
49 77 1 10
49 79 4 8
49 80 2 7
49 81 5 5
49 82 10 10
49 83 2 4
49 84 1 8
49 85 4 8
49 86 3 7
49 87 4 6
49 88 1 1
49 89 5 8
49 90 8 3
49 91 9 5
49 92 10 7
49 93 8 6
49 94 8 9
49 95 8 9
49 98 4 6
49 100 6 3
50 51 5 2
50 52 3 4
50 53 9 3
50 54 6 9
50 55 8 4
50 56 6 6
50 57 1 4
50 58 8 4
50 59 7 9
50 60 3 10
50 61 4 4
50 62 5 9
50 65 2 7
50 66 10 9
50 67 9 1
50 68 4 1
50 69 3 8
50 70 10 2
50 71 1 9
50 72 1 2
50 73 4 2
50 74 4 4
50 76 1 1
50 77 10 2
50 78 6 1
50 79 9 8
50 80 6 8
50 81 6 3
50 82 6 7
50 84 6 4
50 85 2 4
50 86 10 2
50 88 2 4
50 89 9 7
50 90 2 4
50 91 2 8
50 92 3 2
50 93 9 10
50 94 4 10
50 95 6 5
50 96 3 10
50 97 5 2
50 99 6 2
50 100 9 1
51 52 8 1
51 54 2 1
51 55 1 1
51 56 7 9
51 57 5 2
51 59 2 4
51 60 3 8
51 62 1 4
51 64 7 6
51 65 8 7
51 66 10 2
51 68 9 9
51 70 2 10
51 71 5 1
51 72 4 6
51 75 2 8
51 76 8 10
51 77 8 2
51 78 4 6
51 79 3 2
51 81 5 9
51 82 3 6
51 85 5 5
51 87 8 1
51 88 5 9
51 89 8 4
51 90 6 5
51 91 9 9
51 93 2 4
51 94 6 2
51 95 3 7
51 96 2 1
51 97 10 7
51 98 1 9
51 99 5 10
51 100 7 7
52 53 3 3
52 54 10 8
52 55 3 1
52 57 9 3
52 58 7 8
52 59 10 2
52 60 10 6
52 61 4 5
52 62 5 5
52 63 6 4
52 66 9 5
52 67 5 1
52 68 1 10
52 70 8 7
52 71 8 4
52 72 2 4
52 73 3 2
52 75 6 5
52 76 9 7
52 77 6 5
52 80 1 2
52 81 10 4
52 82 3 9
52 83 9 7
52 85 5 1
52 87 4 3
52 88 4 8
52 89 5 6
52 90 8 10
52 91 6 1
52 93 4 7
52 94 1 4
52 95 2 5
52 97 2 3
52 98 2 2
52 99 7 1
53 54 6 3
53 55 10 9
53 57 1 9
53 58 8 2
53 59 8 9
53 61 2 7
53 62 3 7
53 63 7 6
53 64 9 7
53 65 1 9
53 66 4 1
53 67 5 7
53 68 3 1
53 69 3 3
53 70 1 3
53 71 7 6
53 72 1 8
53 75 3 6
53 76 10 2
53 77 6 1
53 78 8 2
53 80 1 6
53 82 1 5
53 83 7 1
53 85 3 7
53 86 5 9
53 87 6 4
53 89 5 5
53 90 5 5
53 91 9 3
53 92 4 2
53 93 5 2
53 95 4 2
53 98 4 7
53 99 7 7
53 100 4 1
54 55 5 2
54 56 2 7
54 57 8 7
54 58 4 10
54 59 8 5
54 60 5 9
54 61 8 10
54 64 7 8
54 65 3 6
54 66 6 5
54 67 7 7
54 69 6 7
54 70 2 4
54 71 6 8
54 72 10 6
54 73 3 3
54 74 4 5
54 75 9 2
54 76 7 7
54 77 1 8
54 79 2 8
54 80 6 5
54 81 1 9
54 82 3 9
54 83 4 1
54 84 2 2
54 85 8 3
54 86 4 2
54 88 1 3
54 89 10 8
54 90 2 7
54 92 7 2
54 94 7 2
54 95 8 6
54 96 8 3
54 97 4 3
54 98 2 3
54 99 7 9
54 100 1 3
55 56 3 3
55 57 9 8
55 58 1 5
55 59 9 10
55 60 6 4
55 61 5 2
55 62 4 6
55 63 1 6
55 64 8 7
55 65 3 3
55 70 7 4
55 72 8 9
55 73 6 7
55 74 5 10
55 76 9 7
55 77 7 10
55 78 2 7
55 79 1 1
55 81 6 6
55 82 7 7
55 84 6 9
55 85 6 5
55 86 4 6
55 87 10 4
55 88 3 8
55 89 2 5
55 90 10 5
55 91 4 9
55 92 5 4
55 93 4 7
55 94 6 4
55 95 5 3
55 98 8 5
55 100 1 3
56 57 1 1
56 59 2 1
56 60 2 7
56 62 9 1
56 63 1 4
56 64 2 8
56 65 3 9
56 66 6 6
56 68 9 2
56 69 3 8
56 70 8 1
56 71 4 5
56 72 5 7
56 73 3 2
56 74 9 10
56 76 10 9
56 77 2 10
56 78 10 4
56 79 8 5
56 80 5 7
56 81 5 9
56 82 5 10
56 83 9 8
56 84 8 4
56 87 4 10
56 88 4 7
56 89 2 9
56 91 6 8
56 92 7 8
56 93 9 2
56 94 8 4
56 96 4 7
56 97 2 3
56 98 8 4
56 99 1 10
56 100 5 9
57 58 10 6
57 59 8 4
57 60 10 2
57 61 5 8
57 62 4 8
57 64 10 3
57 65 6 1
57 66 5 1
57 67 3 6
57 68 1 10
57 69 2 1
57 70 8 5
57 72 8 10
57 73 9 6
57 74 1 10
57 75 5 7
57 76 10 8
57 77 8 5
57 78 10 8
57 79 10 10
57 81 4 9
57 83 1 1
57 84 4 1
57 85 3 1
57 86 4 3
57 87 8 2
57 89 1 1
57 91 10 7
57 93 6 10
57 94 9 4
57 95 4 5
57 96 7 5
57 97 9 4
57 98 9 5
57 99 10 8
57 100 3 5
58 60 5 9
58 61 1 4
58 62 6 5
58 63 3 8
58 65 9 4
58 66 4 9
58 67 4 7
58 68 9 1
58 69 10 10
58 70 8 4
58 71 7 9
58 72 5 10
58 74 9 1
58 76 1 4
58 77 6 7
58 78 5 1
58 79 4 6
58 80 4 6
58 83 4 6
58 84 10 7
58 85 3 8
58 86 2 7
58 87 10 10
58 88 3 3
58 90 10 4
58 91 1 1
58 92 2 4
58 93 9 5
58 94 1 7
58 95 10 5
58 96 9 7
58 97 1 1
58 100 3 6
59 60 4 3
59 61 6 6
59 62 4 3
59 63 8 2
59 64 10 5
59 65 2 3
59 66 3 4
59 67 5 3
59 68 2 6
59 69 1 2
59 72 7 7
59 73 2 1
59 74 4 1
59 75 7 1
59 76 3 9
59 77 4 3
59 78 3 9
59 79 5 7
59 81 3 8
59 82 2 2
59 83 9 10
59 84 8 9
59 85 8 8
59 86 1 7
59 87 4 4
59 89 6 4
59 90 8 6
59 91 7 9
59 93 10 8
59 95 6 7
59 96 7 3
59 97 3 8
59 98 2 7
60 61 6 4
60 62 5 3
60 64 9 8
60 65 5 10
60 66 5 10
60 67 10 2
60 69 4 1
60 70 6 1
60 71 8 2
60 72 9 10
60 73 6 10
60 75 1 3
60 76 8 8
60 77 1 1
60 78 10 3
60 79 7 10
60 80 9 2
60 81 7 2
60 82 10 4
60 84 5 2
60 85 2 6
60 86 8 4
60 88 1 6
60 89 3 8
60 90 3 9
60 91 5 6
60 92 3 2
60 93 6 4
60 94 8 3
60 95 4 6
60 96 10 1
60 97 8 7
60 98 3 3
60 99 7 1
60 100 2 8
61 62 1 6
61 63 6 5
61 66 3 5
61 67 6 2
61 69 6 2
61 71 7 8
61 72 7 9
61 73 2 10
61 74 6 9
61 75 8 1
61 76 10 4
61 78 3 2
61 79 9 8
61 80 9 10
61 84 9 10
61 85 6 4
61 86 4 2
61 87 10 6
61 88 7 9
61 89 5 2
61 91 10 10
61 92 9 3
61 94 5 10
61 98 1 1
61 99 2 7
61 100 8 5
62 63 4 4
62 64 7 10
62 65 3 1
62 67 4 4
62 68 8 1
62 69 10 4
62 71 7 7
62 73 6 1
62 75 4 4
62 76 4 9
62 77 5 7
62 78 3 8
62 79 9 1
62 80 10 5
62 81 4 5
62 82 4 5
62 83 7 9
62 85 1 5
62 86 10 4
62 87 4 9
62 91 8 9
62 92 5 2
62 95 5 2
62 96 10 8
62 97 8 5
62 98 2 8
62 99 10 10
62 100 4 6
63 64 2 9
63 65 4 2
63 66 7 7
63 67 6 4
63 68 4 10
63 69 7 9
63 70 4 4
63 71 10 10
63 72 1 10
63 74 2 1
63 75 9 5
63 77 4 10
63 78 7 10
63 79 1 1
63 80 9 9
63 81 9 5
63 82 6 2
63 85 9 4
63 86 6 9
63 87 5 4
63 88 4 3
63 89 9 6
63 90 1 3
63 92 10 4
63 93 7 3
63 95 5 3
63 96 8 8
63 97 5 9
63 98 10 4
63 99 2 2
63 100 8 8
64 65 4 10
64 67 6 10
64 68 6 7
64 70 10 9
64 71 6 7
64 72 10 5
64 74 9 3
64 75 2 6
64 76 6 4
64 77 7 7
64 78 5 6
64 79 4 8
64 80 8 10
64 81 1 2
64 82 4 3
64 83 4 8
64 84 7 4
64 86 4 4
64 88 10 6
64 90 1 2
64 91 10 10
64 92 3 3
64 93 8 5
64 94 7 7
64 96 10 8
64 97 2 9
64 99 6 3
64 100 7 10
65 66 5 4
65 67 6 2
65 68 9 10
65 69 2 8
65 71 7 3
65 72 7 9
65 73 5 5
65 74 6 8
65 75 2 10
65 76 10 9
65 77 7 5
65 78 2 8
65 79 3 8
65 80 10 10
65 81 8 4
65 82 1 4
65 83 3 1
65 85 10 8
65 86 3 10
65 88 10 2
65 89 2 9
65 91 8 6
65 92 2 9
65 93 2 1
65 94 1 5
65 96 3 1
65 97 8 4
65 98 3 4
65 99 9 1
65 100 2 4
66 67 9 5
66 68 9 4
66 69 1 5
66 71 1 7
66 72 6 8
66 73 4 10
66 74 6 10
66 75 3 3
66 76 6 8
66 80 8 3
66 81 3 5
66 82 4 5
66 83 10 7
66 84 10 8
66 85 7 7
66 86 6 6
66 88 5 6
66 89 10 8
66 90 2 4
66 91 10 3
66 92 8 6
66 93 8 5
66 94 2 6
66 95 5 7
66 97 3 5
66 98 4 4
66 99 9 5
66 100 10 9
67 68 5 1
67 69 7 9
67 70 4 5
67 71 6 3
67 72 7 1
67 73 8 10
67 74 10 5
67 75 7 7
67 76 8 2
67 78 5 7
67 80 2 7
67 81 3 6
67 82 1 6
67 83 3 5
67 84 8 5
67 85 1 6
67 87 3 8
67 90 8 10
67 92 1 2
67 94 3 7
67 96 8 1
67 97 5 1
67 98 6 8
67 99 4 1
68 69 9 8
68 71 7 8
68 72 8 8
68 75 9 6
68 76 4 5
68 77 9 10
68 78 1 1
68 82 5 3
68 83 8 1
68 84 1 6
68 85 10 6
68 86 9 2
68 87 10 3
68 88 8 5
68 90 2 3
68 92 7 6
68 93 8 10
68 94 2 7
68 95 4 10
68 96 1 1
68 97 3 8
68 98 3 1
68 99 3 5
69 70 1 3
69 71 2 1
69 72 5 8
69 73 5 10
69 75 2 1
69 76 4 5
69 77 8 2
69 78 6 5
69 79 1 9
69 80 5 5
69 81 9 10
69 82 7 10
69 83 8 9
69 84 10 5
69 85 8 8
69 86 9 5
69 87 1 6
69 88 2 8
69 90 3 10
69 91 4 1
69 92 5 10
69 93 3 6
69 94 7 6
69 96 9 6
69 97 5 10
69 98 7 9
69 100 2 2
70 71 5 8
70 72 4 2
70 73 10 9
70 74 2 7
70 76 1 9
70 77 1 2
70 79 1 2
70 80 7 2
70 81 3 1
70 82 8 2
70 84 10 5
70 85 5 7
70 87 2 10
70 88 3 7
70 90 3 2
70 91 4 1
70 92 9 5
70 93 7 3
70 94 6 10
70 95 6 1
70 96 4 6
70 97 10 3
70 98 7 10
70 99 8 3
70 100 1 10
71 72 6 10
71 73 9 7
71 75 1 9
71 78 2 1
71 79 8 6
71 80 2 8
71 81 7 2
71 82 6 9
71 83 7 5
71 84 9 5
71 85 4 6
71 86 8 10
71 87 1 8
71 88 9 1
71 89 1 8
71 90 1 9
71 92 10 4
71 95 9 5
71 96 10 7
71 97 5 9
71 98 5 8
71 99 2 7
71 100 4 10
72 75 2 3
72 76 9 7
72 78 3 10
72 79 4 8
72 80 10 3
72 82 5 5
72 83 3 3
72 84 4 4
72 86 7 8
72 87 1 8
72 88 2 6
72 89 2 1
72 90 3 4
72 91 4 10
72 92 4 1
72 93 9 5
72 94 1 6
72 95 4 9
72 96 6 8
72 98 2 9
72 99 2 6
72 100 1 8
73 75 1 2
73 76 3 7
73 77 5 8
73 78 5 2
73 79 10 3
73 80 8 6
73 81 2 6
73 82 7 2
73 83 7 2
73 84 3 9
73 86 2 4
73 87 6 2
73 88 10 8
73 89 6 8
73 90 10 2
73 91 3 1
73 92 4 8
73 93 9 7
73 94 7 3
73 95 5 3
73 96 6 4
73 97 4 8
73 98 6 9
73 99 7 10
73 100 1 6
74 75 3 6
74 76 4 9
74 77 3 4
74 78 9 3
74 79 4 1
74 80 1 2
74 81 1 9
74 82 9 1
74 83 4 9
74 85 9 5
74 86 8 9
74 87 2 7
74 88 5 4
74 89 3 6
74 90 2 3
74 91 7 7
74 92 2 10
74 95 3 4
74 96 5 4
74 98 9 2
74 99 6 1
74 100 2 2
75 76 9 4
75 77 7 5
75 78 2 6
75 79 2 4
75 80 5 3
75 81 3 9
75 82 2 3
75 84 3 5
75 86 5 7
75 87 5 5
75 88 3 6
75 89 7 2
75 90 1 5
75 91 6 4
75 92 10 3
75 93 5 2
75 94 8 3
75 95 5 1
75 96 4 4
75 97 4 1
75 98 2 6
75 99 8 7
76 77 3 9
76 79 6 3
76 80 9 4
76 81 4 6
76 82 5 5
76 83 9 2
76 84 3 4
76 85 4 10
76 86 6 3
76 87 3 10
76 88 10 3
76 89 4 6
76 90 4 9
76 91 10 7
76 92 6 8
76 94 2 6
76 95 5 7
76 97 4 3
76 98 8 9
76 99 9 10
76 100 6 10
77 78 5 8
77 80 9 4
77 81 7 7
77 82 8 5
77 83 1 7
77 84 5 6
77 85 9 4
77 86 5 2
77 87 2 6
77 88 8 4
77 89 4 7
77 90 10 8
77 91 2 10
77 92 10 4
77 93 6 4
77 94 1 6
77 95 2 2
77 96 1 3
77 97 1 9
77 98 10 10
77 99 8 7
77 100 6 6
78 79 10 9
78 80 4 7
78 81 4 6
78 83 2 7
78 86 6 2
78 87 3 7
78 89 10 4
78 90 8 10
78 91 5 3
78 93 6 10
78 94 1 7
78 96 9 8
78 97 6 3
78 98 4 6
78 99 1 8
78 100 10 8
79 80 4 1
79 81 3 9
79 82 1 2
79 83 6 1
79 85 1 5
79 90 2 9
79 93 3 10
79 95 9 10
79 96 2 6
79 97 1 1
79 98 8 10
79 99 7 4
79 100 8 4
80 81 2 2
80 82 1 3
80 85 4 8
80 86 10 8
80 87 6 6
80 88 6 6
80 89 6 6
80 90 8 6
80 91 2 3
80 92 8 3
80 93 9 8
80 94 9 10
80 95 6 8
80 96 5 5
80 97 4 3
80 98 1 8
80 99 8 9
81 83 3 3
81 84 4 1
81 85 10 3
81 86 5 7
81 87 7 2
81 89 9 1
81 92 7 8
81 94 6 8
81 95 3 10
81 96 9 10
81 97 4 10
81 98 3 5
81 99 2 10
81 100 7 8
82 83 1 7
82 86 9 7
82 87 10 8
82 88 8 6
82 90 2 2
82 91 3 10
82 92 3 4
82 93 8 7
82 95 2 2
82 97 8 10
82 98 3 8
82 99 9 9
83 84 8 2
83 85 6 8
83 86 10 3
83 87 10 1
83 88 10 8
83 89 6 3
83 90 2 5
83 91 6 10
83 92 10 5
83 93 4 8
83 94 1 7
83 96 1 9
83 97 3 4
83 98 9 9
83 99 2 3
83 100 2 9
84 85 4 3
84 86 9 5
84 87 2 1
84 88 9 9
84 89 6 4
84 90 5 5
84 91 7 10
84 92 8 2
84 93 7 4
84 94 9 8
84 95 1 8
84 96 6 4
84 97 10 10
84 98 7 4
84 99 10 2
84 100 10 7
85 86 8 9
85 87 1 9
85 88 10 2
85 89 9 7
85 90 5 3
85 91 3 3
85 92 3 2
85 93 1 10
85 95 4 4
85 96 9 5
85 98 10 9
85 99 2 3
86 87 5 7
86 88 6 4
86 89 1 5
86 90 8 1
86 91 10 2
86 92 3 1
86 93 10 5
86 94 10 10
86 95 1 1
86 96 1 5
86 97 3 4
86 99 10 1
86 100 3 5
87 88 3 3
87 89 2 10
87 90 4 1
87 91 4 2
87 93 6 10
87 94 5 9
87 95 1 8
87 96 4 4
87 97 3 4
87 98 2 6
87 99 10 9
87 100 2 5
88 89 8 2
88 90 10 1
88 92 6 3
88 93 2 4
88 94 6 4
88 95 3 2
88 96 9 9
88 98 1 8
88 99 9 6
89 90 1 6
89 91 2 6
89 92 9 7
89 93 10 10
89 96 6 6
89 97 1 6
89 98 2 1
89 99 7 6
89 100 1 9
90 92 8 6
90 93 5 8
90 94 3 2
90 96 5 9
90 97 3 7
90 98 8 2
90 99 9 1
90 100 1 6
91 92 7 8
91 93 8 1
91 94 5 7
91 95 2 4
91 96 8 8
91 97 6 9
91 98 9 9
91 99 4 6
92 93 1 2
92 94 8 5
92 95 4 6
92 96 9 1
92 97 1 1
92 98 3 8
92 99 8 8
92 100 4 8
93 94 8 1
93 95 5 8
93 96 9 8
93 97 5 6
93 98 5 5
93 99 4 6
93 100 4 7
94 97 8 6
94 98 2 5
94 99 7 2
94 100 4 1
95 97 4 4
95 98 6 8
95 99 9 7
95 100 3 10
96 97 6 3
96 99 1 2
96 100 2 9
97 98 10 7
97 99 1 1
98 99 1 3
98 100 2 8
99 100 9 8
1
1 2 3 4 5 6 7 8 9 10 11 12 13 14 15 16 17 18 19 20 21 22 23 24 25 26 27 28 29 30 31 32 33 34 35 36 37 38 39 40 41 42 43 44 45 46 47 48 49 50
