3924
1 2 2 1
1 4 9 2
1 6 1 3
1 7 8 9
1 9 10 5
1 11 6 3
1 12 7 9
1 13 9 4
1 14 3 7
1 15 10 4
1 16 2 8
1 17 6 6
1 18 8 3
1 19 8 3
1 21 4 5
1 22 7 9
1 23 10 4
1 24 9 3
1 25 7 1
1 27 9 6
1 29 5 3
1 31 1 10
1 32 3 2
1 33 4 6
1 34 1 9
1 35 8 10
1 36 4 3
1 37 7 10
1 38 4 2
1 39 10 4
1 40 9 10
1 42 1 1
1 43 3 2
1 44 9 9
1 45 4 7
1 46 4 4
1 47 8 10
1 49 8 5
1 50 1 10
1 51 6 4
1 54 5 7
1 55 5 8
1 56 1 8
1 57 5 7
1 59 3 10
1 60 7 10
1 61 4 10
1 62 2 8
1 63 6 1
1 65 7 10
1 67 7 4
1 68 3 8
1 69 1 3
1 70 9 10
1 71 3 1
1 74 5 5
1 75 6 8
1 76 4 1
1 77 2 5
1 78 6 10
1 79 7 2
1 80 1 6
1 81 1 3
1 82 4 4
1 84 10 3
1 85 1 4
1 87 2 2
1 89 9 4
1 90 7 10
1 91 5 6
1 92 10 3
1 93 2 5
1 94 2 1
1 95 6 5
1 96 3 4
1 97 9 9
1 98 6 7
1 99 3 3
1 100 6 4
2 3 1 1
2 4 4 5
2 5 10 6
2 7 10 6
2 8 5 1
2 9 7 5
2 10 8 8
2 11 9 1
2 12 5 4
2 13 5 9
2 14 3 2
2 15 5 7
2 16 3 7
2 18 4 10
2 19 3 8
2 20 4 8
2 22 7 3
2 23 2 7
2 24 4 9
2 25 10 4
2 26 1 10
2 27 1 9
2 28 2 1
2 30 6 4
2 31 4 6
2 33 3 1
2 34 4 9
2 35 5 7
2 37 9 3
2 38 8 7
2 39 2 2
2 40 7 6
2 41 10 10
2 42 2 7
2 43 1 2
2 45 10 5
2 46 1 1
2 47 10 9
2 48 9 8
2 49 7 4
2 50 7 8
2 51 3 7
2 52 8 8
2 53 10 4
2 54 4 9
2 57 7 5
2 58 2 2
2 59 5 6
2 60 1 6
2 61 2 4
2 62 2 3
2 63 1 1
2 64 3 7
2 67 5 2
2 68 2 5
2 69 6 7
2 70 9 4
2 71 5 5
2 72 9 5
2 74 2 4
2 75 4 3
2 76 6 8
2 77 8 10
2 78 2 6
2 80 9 3
2 81 3 5
2 83 8 9
2 84 7 3
2 87 5 1
2 88 1 6
2 91 2 3
2 92 9 7
2 94 3 7
2 95 2 3
2 96 4 7
2 97 4 9
2 98 6 4
2 99 4 5
2 100 5 10
3 5 7 1
3 7 10 3
3 8 4 5
3 9 6 2
3 10 9 5
3 11 4 1
3 12 2 3
3 13 10 4
3 14 7 9
3 15 8 9
3 16 7 1
3 17 10 7
3 18 8 6
3 19 9 7
3 20 9 10
3 21 1 3
3 22 1 6
3 24 9 3
3 26 1 8
3 27 3 9
3 28 5 10
3 29 1 1
3 30 3 7
3 31 5 6
3 32 6 8
3 33 9 6
3 35 6 3
3 36 10 4
3 37 5 3
3 38 9 7
3 40 9 2
3 42 9 1
3 44 6 8
3 45 1 5
3 46 6 6
3 47 8 7
3 48 10 7
3 49 3 5
3 51 3 10
3 52 1 1
3 53 4 3
3 54 9 5
3 55 1 5
3 56 3 1
3 59 4 4
3 60 6 2
3 61 7 10
3 62 6 10
3 63 7 10
3 64 9 4
3 65 2 3
3 66 6 4
3 67 10 1
3 69 2 6
3 70 8 10
3 71 6 3
3 72 4 8
3 73 3 1
3 74 4 6
3 76 6 3
3 77 6 9
3 78 4 1
3 79 7 6
3 81 5 10
3 83 9 1
3 84 2 8
3 85 6 10
3 86 7 8
3 87 10 5
3 88 3 6
3 90 7 10
3 91 9 6
3 93 4 3
3 94 9 1
3 96 10 3
3 97 7 4
3 98 10 7
3 99 2 8
4 5 4 8
4 7 4 4
4 8 5 4
4 10 9 1
4 11 6 2
4 12 3 7
4 13 2 1
4 14 9 2
4 15 1 9
4 16 9 7
4 17 3 6
4 18 10 10
4 19 3 3
4 20 2 6
4 21 1 6
4 22 4 7
4 23 10 6
4 24 4 3
4 25 4 1
4 26 1 4
4 27 2 4
4 28 2 9
4 29 3 10
4 30 4 1
4 31 2 1
4 32 7 10
4 33 10 9
4 34 3 3
4 36 9 7
4 37 8 8
4 38 6 6
4 39 7 7
4 40 8 5
4 41 9 3
4 42 5 1
4 43 10 1
4 44 7 4
4 46 10 1
4 48 6 4
4 49 3 4
4 50 4 1
4 52 6 2
4 53 3 5
4 54 1 6
4 55 1 7
4 56 10 4
4 57 5 10
4 58 8 9
4 59 3 3
4 60 8 2
4 61 8 3
4 62 10 8
4 63 4 3
4 64 5 8
4 66 7 4
4 68 7 1
4 69 6 3
4 70 5 3
4 71 5 9
4 72 6 5
4 73 8 8
4 74 3 3
4 75 3 4
4 76 8 1
4 78 2 1
4 80 3 6
4 82 10 10
4 83 2 2
4 84 7 4
4 85 2 5
4 91 4 8
4 92 6 7
4 93 1 2
4 96 7 5
4 97 8 2
4 98 1 4
5 6 6 1
5 7 2 7
5 8 2 8
5 9 8 6
5 10 1 6
5 12 10 8
5 13 4 10
5 14 9 1
5 15 2 3
5 17 10 9
5 18 1 8
5 19 6 1
5 20 3 10
5 21 1 4
5 22 5 10
5 23 7 3
5 24 3 2
5 25 6 7
5 26 3 1
5 27 2 5
5 28 9 6
5 29 9 10
5 30 1 1
5 31 2 2
5 32 7 10
5 33 8 8
5 35 5 5
5 36 2 5
5 37 7 5
5 38 2 3
5 40 10 2
5 41 2 9
5 42 5 7
5 44 2 10
5 46 3 10
5 47 1 8
5 48 7 1
5 49 2 7
5 50 1 10
5 51 2 10
5 52 10 7
5 53 7 6
5 55 1 4
5 56 7 4
5 57 5 6
5 58 9 3
5 59 3 9
5 60 7 5
5 62 10 4
5 63 8 2
5 64 8 3
5 65 9 1
5 66 3 5
5 67 5 4
5 68 1 6
5 69 2 9
5 70 3 1
5 71 4 3
5 72 7 6
5 73 1 10
5 74 3 8
5 75 6 9
5 76 1 2
5 77 3 1
5 79 10 3
5 80 3 3
5 82 8 3
5 83 2 6
5 85 5 1
5 88 5 3
5 89 2 10
5 92 1 9
5 93 3 3
5 94 1 2
5 95 7 2
5 96 6 3
5 97 4 7
5 98 1 7
5 99 4 8
5 100 2 1
6 8 4 5
6 9 5 3
6 10 4 3
6 11 4 8
6 12 1 10
6 16 5 8
6 17 1 5
6 18 9 3
6 19 3 10
6 20 8 1
6 21 6 7
6 22 8 8
6 23 9 7
6 24 3 4
6 25 8 6
6 26 1 10
6 28 9 2
6 29 8 2
6 30 6 1
6 32 8 4
6 34 10 2
6 35 3 7
6 36 6 4
6 37 9 10
6 38 9 9
6 39 5 9
6 40 4 2
6 41 8 9
6 42 2 10
6 44 9 2
6 45 8 6
6 46 9 10
6 47 5 8
6 49 6 7
6 51 10 3
6 53 8 5
6 54 3 5
6 55 4 2
6 56 9 9
6 57 10 3
6 58 5 8
6 61 2 3
6 62 4 3
6 63 4 5
6 64 8 5
6 65 10 1
6 66 6 7
6 68 10 7
6 69 1 9
6 70 6 8
6 71 7 10
6 72 6 1
6 76 3 8
6 77 9 10
6 78 3 6
6 80 3 9
6 82 8 5
6 83 6 7
6 84 7 4
6 85 2 10
6 86 3 5
6 87 9 4
6 88 6 1
6 89 2 7
6 90 10 2
6 92 9 6
6 93 6 10
6 94 4 8
6 95 10 8
6 96 6 9
6 97 9 6
6 99 2 9
6 100 10 1
7 8 1 3
7 9 6 10
7 10 10 10
7 11 5 9
7 13 3 10
7 14 10 8
7 15 8 8
7 16 3 8
7 18 4 10
7 20 2 2
7 23 4 1
7 24 5 5
7 25 3 7
7 26 8 10
7 27 4 5
7 28 1 2
7 29 5 9
7 30 8 8
7 32 10 9
7 33 2 6
7 34 10 6
7 35 6 9
7 36 4 6
7 38 3 8
7 39 2 8
7 40 1 10
7 42 4 6
7 43 9 1
7 44 5 1
7 45 3 3
7 46 7 3
7 48 5 7
7 49 5 9
7 51 3 2
7 53 10 1
7 54 1 7
7 55 4 3
7 57 1 9
7 60 1 5
7 61 3 10
7 64 5 6
7 65 1 1
7 66 8 3
7 67 5 1
7 69 3 7
7 70 5 9
7 71 4 1
7 73 8 4
7 75 5 4
7 76 7 5
7 77 2 10
7 78 3 2
7 79 8 1
7 80 7 7
7 81 2 8
7 82 9 5
7 84 3 7
7 85 2 4
7 87 4 2
7 88 7 2
7 89 3 6
7 90 7 10
7 91 7 3
7 92 9 2
7 94 5 2
7 95 4 9
7 97 2 2
7 98 1 8
8 10 5 4
8 11 6 5
8 12 7 4
8 13 7 1
8 14 9 8
8 15 9 5
8 16 7 4
8 17 8 3
8 18 7 9
8 19 4 5
8 20 3 5
8 21 5 2
8 22 6 6
8 26 9 2
8 27 6 7
8 28 10 4
8 29 9 1
8 30 8 8
8 31 3 1
8 32 7 7
8 33 5 6
8 34 5 6
8 35 3 8
8 36 4 10
8 37 3 3
8 40 5 5
8 41 7 9
8 42 9 8
8 43 10 7
8 44 6 2
8 45 3 9
8 48 9 10
8 49 5 8
8 50 4 3
8 51 10 5
8 53 2 9
8 54 2 5
8 55 1 8
8 56 6 6
8 57 2 9
8 58 8 4
8 60 6 4
8 61 9 10
8 62 2 4
8 63 10 10
8 64 4 6
8 65 9 4
8 66 3 2
8 67 1 5
8 68 5 4
8 69 1 10
8 70 6 7
8 71 1 3
8 72 9 1
8 73 8 10
8 74 8 5
8 75 8 1
8 76 6 2
8 78 9 3
8 79 7 4
8 80 2 2
8 81 4 5
8 82 2 5
8 83 2 9
8 86 6 10
8 87 10 8
8 88 1 2
8 89 5 7
8 90 5 3
8 91 7 3
8 92 10 10
8 93 4 8
8 94 5 2
8 95 8 2
8 97 7 8
8 98 5 3
8 99 3 8
9 11 9 2
9 12 6 7
9 13 10 9
9 14 6 10
9 15 8 1
9 16 7 6
9 17 9 4
9 18 9 10
9 19 5 6
9 20 1 2
9 21 4 2
9 22 8 5
9 23 7 10
9 24 7 10
9 25 9 2
9 26 5 7
9 28 2 9
9 29 6 2
9 30 7 4
9 31 5 4
9 32 7 5
9 34 1 2
9 35 4 2
9 36 4 3
9 37 2 9
9 38 9 8
9 39 4 3
9 44 6 7
9 45 3 2
9 46 7 4
9 47 6 7
9 48 5 6
9 51 2 6
9 52 1 7
9 53 10 4
9 54 5 9
9 56 7 10
9 57 1 6
9 58 9 9
9 59 7 6
9 60 1 3
9 61 9 6
9 63 2 8
9 65 9 3
9 68 2 2
9 70 6 3
9 71 2 5
9 72 8 10
9 73 8 3
9 75 3 3
9 76 2 4
9 77 5 10
9 78 4 2
9 79 10 5
9 80 3 7
9 81 7 2
9 83 2 10
9 84 4 4
9 85 7 1
9 86 7 9
9 87 6 5
9 88 7 3
9 89 5 9
9 90 10 10
9 91 6 8
9 92 5 4
9 93 1 10
9 94 8 4
9 95 10 7
9 96 8 2
9 97 5 9
9 99 9 10
10 12 4 8
10 13 1 5
10 14 4 7
10 15 2 2
10 16 5 1
10 17 3 2
10 18 9 10
10 19 6 1
10 20 4 5
10 22 8 4
10 23 5 6
10 25 9 4
10 27 5 7
10 28 8 8
10 29 9 2
10 30 2 3
10 31 8 4
10 32 4 5
10 33 10 10
10 35 4 2
10 37 7 1
10 40 4 2
10 41 10 5
10 43 6 9
10 44 4 3
10 45 4 3
10 46 1 8
10 47 10 4
10 48 5 5
10 50 3 2
10 51 9 3
10 52 7 8
10 54 7 7
10 56 8 4
10 58 10 8
10 59 5 10
10 60 7 1
10 61 2 7
10 62 6 6
10 63 2 7
10 64 9 4
10 66 5 6
10 67 2 9
10 68 9 1
10 69 4 1
10 70 4 3
10 71 4 2
10 72 3 7
10 73 1 2
10 74 6 5
10 75 3 2
10 76 7 1
10 77 2 2
10 79 8 3
10 80 2 8
10 82 3 9
10 83 4 9
10 84 3 7
10 85 10 10
10 86 2 8
10 87 2 1
10 88 2 4
10 89 9 8
10 91 7 9
10 93 7 7
10 94 3 7
10 98 8 3
10 99 1 7
10 100 8 9
11 12 7 2
11 13 1 1
11 16 7 8
11 17 4 1
11 18 4 2
11 19 6 8
11 20 8 8
11 21 10 7
11 22 3 10
11 24 6 9
11 25 7 3
11 27 2 1
11 28 10 1
11 29 2 8
11 30 9 3
11 33 10 3
11 34 4 6
11 35 2 5
11 36 4 10
11 37 6 6
11 39 9 1
11 40 2 9
11 42 8 1
11 43 2 4
11 44 1 3
11 45 7 6
11 46 8 5
11 47 7 2
11 48 4 8
11 49 7 2
11 50 2 1
11 52 8 7
11 53 7 3
11 55 9 8
11 56 1 6
11 57 6 4
11 58 2 9
11 59 2 2
11 60 8 10
11 61 9 1
11 63 1 1
11 65 9 5
11 66 10 2
11 67 6 9
11 68 9 8
11 70 10 2
11 73 8 3
11 74 1 4
11 75 10 7
11 76 9 3
11 77 3 3
11 78 3 7
11 80 4 8
11 81 6 8
11 82 2 9
11 83 7 5
11 84 10 6
11 85 2 7
11 86 9 7
11 87 2 9
11 89 1 5
11 90 9 1
11 91 5 2
11 92 5 10
11 93 10 7
11 94 7 7
11 95 5 10
11 96 2 1
11 97 2 9
11 99 1 2
12 13 10 8
12 14 7 6
12 16 9 6
12 17 4 3
12 18 9 6
12 19 5 10
12 20 7 1
12 21 8 2
12 22 6 9
12 23 3 7
12 24 7 9
12 26 8 8
12 27 6 9
12 28 2 9
12 29 6 1
12 31 4 5
12 32 5 10
12 35 10 5
12 36 7 8
12 37 9 1
12 38 10 10
12 39 2 1
12 41 9 10
12 42 10 9
12 43 8 2
12 45 7 4
12 47 8 9
12 48 2 1
12 49 10 2
12 51 2 3
12 52 8 7
12 53 2 8
12 54 4 1
12 55 3 4
12 56 2 4
12 57 6 3
12 58 9 10
12 59 2 2
12 60 9 5
12 61 3 10
12 62 1 6
12 63 9 10
12 64 3 8
12 65 3 9
12 66 7 9
12 67 8 8
12 69 2 6
12 70 6 10
12 71 3 9
12 72 3 10
12 74 4 10
12 75 8 1
12 76 6 6
12 77 7 9
12 80 6 5
12 81 9 2
12 82 9 4
12 83 3 1
12 84 7 2
12 87 3 3
12 88 2 8
12 89 3 9
12 90 6 10
12 92 1 3
12 93 4 8
12 96 5 7
12 97 2 7
12 98 8 1
12 99 8 8
12 100 3 10
13 14 3 4
13 15 6 6
13 16 4 9
13 17 4 4
13 18 2 6
13 19 6 8
13 21 2 3
13 22 9 2
13 23 5 6
13 24 4 3
13 25 6 8
13 26 9 8
13 27 7 7
13 28 4 8
13 29 6 6
13 30 8 9
13 33 10 7
13 35 1 1
13 36 6 10
13 37 9 5
13 38 8 4
13 39 10 1
13 40 1 2
13 42 3 3
13 43 1 9
13 44 2 6
13 45 10 10
13 47 1 8
13 48 1 6
13 49 1 8
13 50 1 6
13 51 9 4
13 52 8 8
13 53 3 6
13 54 2 10
13 55 10 8
13 56 3 2
13 57 3 10
13 58 9 8
13 59 8 4
13 60 10 3
13 62 3 6
13 63 7 2
13 65 6 9
13 66 6 8
13 67 7 5
13 68 9 3
13 70 3 8
13 71 1 5
13 72 7 4
13 73 2 3
13 74 1 10
13 77 6 5
13 78 2 6
13 80 7 5
13 81 9 9
13 83 4 5
13 84 1 2
13 85 3 7
13 86 10 8
13 87 1 5
13 88 4 3
13 90 1 10
13 91 7 1
13 92 6 5
13 93 5 1
13 96 6 3
13 97 6 3
13 98 10 5
13 99 1 10
14 15 9 5
14 16 7 2
14 17 8 5
14 18 7 3
14 21 10 6
14 22 3 10
14 24 8 9
14 25 7 4
14 26 10 1
14 27 8 3
14 28 2 4
14 29 7 8
14 31 3 8
14 32 6 8
14 33 1 10
14 34 10 4
14 36 4 4
14 37 8 8
14 38 3 7
14 39 8 6
14 40 9 4
14 41 6 3
14 43 2 3
14 44 1 9
14 45 4 4
14 46 2 5
14 47 5 4
14 48 6 7
14 50 4 1
14 51 9 2
14 53 4 6
14 54 2 2
14 55 10 3
14 56 9 5
14 58 6 8
14 59 8 5
14 61 6 1
14 62 10 1
14 64 5 9
14 65 5 9
14 66 3 7
14 67 6 5
14 68 2 5
14 69 6 2
14 71 10 3
14 72 8 9
14 73 2 4
14 74 10 9
14 75 9 3
14 76 3 10
14 77 3 1
14 78 1 1
14 79 6 8
14 80 1 2
14 81 7 10
14 82 9 7
14 83 6 10
14 84 1 7
14 85 7 2
14 86 1 1
14 87 1 10
14 88 2 10
14 89 2 3
14 90 9 5
14 91 3 9
14 92 6 7
14 93 1 7
14 94 6 4
14 95 3 4
14 96 2 9
14 97 10 1
14 98 9 9
14 99 9 3
14 100 2 3
15 16 9 4
15 17 6 6
15 19 2 8
15 20 1 6
15 21 7 4
15 22 9 10
15 24 7 9
15 25 4 8
15 26 10 8
15 27 7 1
15 29 5 3
15 30 9 6
15 31 8 4
15 34 1 8
15 35 4 7
15 36 4 7
15 38 2 9
15 41 9 10
15 42 4 3
15 43 9 5
15 44 3 5
15 45 2 10
15 46 8 6
15 47 10 10
15 48 8 8
15 49 5 10
15 50 6 1
15 51 4 2
15 52 9 10
15 53 9 6
15 54 3 1
15 55 2 1
15 56 1 4
15 58 7 7
15 59 5 5
15 60 1 2
15 61 10 3
15 62 3 7
15 63 4 2
15 64 1 6
15 65 5 8
15 66 4 9
15 67 2 8
15 69 3 4
15 70 7 10
15 71 5 8
15 72 5 6
15 73 7 1
15 74 3 8
15 75 10 1
15 76 1 10
15 77 10 2
15 78 4 8
15 80 5 10
15 81 7 6
15 82 9 3
15 83 2 1
15 90 6 7
15 91 10 7
15 93 10 10
15 96 8 2
15 98 4 7
15 99 2 10
15 100 8 3
16 17 7 2
16 19 1 8
16 20 4 6
16 21 5 2
16 22 3 7
16 23 7 3
16 24 1 1
16 25 2 6
16 26 10 3
16 27 8 8
16 28 6 9
16 29 7 4
16 30 4 6
16 32 4 3
16 33 2 2
16 34 4 3
16 35 5 5
16 36 6 6
16 37 1 2
16 38 9 5
16 39 2 5
16 40 10 10
16 41 3 10
16 42 10 3
16 43 5 8
16 44 7 8
16 45 1 6
16 46 3 8
16 47 9 9
16 48 9 2
16 52 5 7
16 53 9 8
16 54 4 8
16 55 2 6
16 56 8 2
16 58 7 4
16 59 8 8
16 60 3 1
16 61 6 4
16 63 6 6
16 65 10 1
16 66 10 3
16 67 1 1
16 69 7 7
16 70 6 9
16 71 2 6
16 73 4 4
16 74 10 9
16 75 7 10
16 76 1 4
16 77 10 10
16 78 9 8
16 79 4 8
16 80 7 8
16 81 9 2
16 83 2 5
16 84 6 9
16 85 1 2
16 86 5 6
16 87 8 7
16 88 10 5
16 89 9 4
16 90 9 9
16 91 9 4
16 93 8 8
16 94 8 6
16 95 6 6
16 96 9 6
16 98 7 7
16 100 4 1
17 18 6 2
17 19 2 4
17 20 8 7
17 22 9 5
17 23 1 3
17 25 7 8
17 29 5 4
17 30 10 10
17 33 8 1
17 34 6 8
17 35 5 5
17 36 4 7
17 37 6 7
17 38 2 3
17 39 6 10
17 41 7 7
17 42 5 6
17 43 5 2
17 44 10 6
17 45 10 1
17 47 6 4
17 48 7 3
17 51 1 3
17 52 6 7
17 53 2 5
17 54 4 2
17 55 5 8
17 57 6 9
17 59 8 2
17 60 3 8
17 61 9 2
17 62 3 1
17 65 10 2
17 66 3 4
17 67 2 10
17 68 7 9
17 69 10 10
17 70 4 4
17 73 1 4
17 74 10 5
17 76 5 1
17 78 10 7
17 81 7 9
17 85 9 2
17 86 5 4
17 87 7 4
17 88 1 10
17 89 5 9
17 90 5 6
17 91 6 9
17 95 4 8
17 96 5 4
17 97 10 2
17 98 8 9
17 100 6 6
18 19 3 7
18 20 2 10
18 21 2 10
18 22 6 2
18 23 10 6
18 24 3 8
18 25 10 4
18 26 5 8
18 27 3 6
18 30 8 7
18 31 10 4
18 32 2 9
18 34 9 7
18 35 3 7
18 36 5 5
18 37 1 2
18 38 7 4
18 39 2 10
18 40 6 7
18 41 9 4
18 42 2 4
18 43 8 3
18 45 9 7
18 46 2 7
18 47 3 3
18 49 3 8
18 50 4 6
18 52 6 7
18 53 9 7
18 55 9 4
18 56 4 7
18 58 9 5
18 59 4 4
18 60 4 9
18 61 3 3
18 62 5 10
18 63 5 9
18 65 5 3
18 66 7 9
18 67 9 3
18 69 5 9
18 70 7 8
18 71 7 8
18 72 9 8
18 73 7 2
18 77 4 10
18 78 4 10
18 81 8 4
18 82 4 4
18 83 5 1
18 84 10 5
18 86 4 6
18 87 3 10
18 89 9 6
18 90 9 4
18 91 6 8
18 93 6 1
18 94 3 4
18 95 6 2
18 96 5 6
18 97 4 4
18 99 9 5
18 100 10 8
19 20 4 7
19 21 7 1
19 22 5 1
19 23 4 9
19 24 10 9
19 25 3 8
19 26 8 4
19 27 6 1
19 28 1 7
19 29 4 9
19 30 4 3
19 31 5 7
19 32 3 8
19 34 4 7
19 35 6 3
19 36 8 3
19 37 1 10
19 38 4 6
19 39 5 8
19 40 4 6
19 41 9 10
19 42 7 10
19 43 6 1
19 44 7 9
19 45 10 5
19 46 10 9
19 47 3 8
19 49 5 8
19 50 6 9
19 51 1 2
19 52 10 7
19 54 3 1
19 55 2 9
19 56 9 5
19 57 1 8
19 59 4 10
19 60 3 4
19 61 2 1
19 62 8 9
19 63 5 2
19 64 7 4
19 65 9 6
19 67 3 8
19 70 8 5
19 71 2 8
19 73 8 5
19 74 1 5
19 75 7 7
19 77 8 4
19 78 6 10
19 79 2 1
19 80 4 7
19 82 10 6
19 83 9 4
19 84 4 1
19 85 5 8
19 86 9 4
19 87 6 3
19 88 3 10
19 89 6 1
19 90 3 7
19 91 5 4
19 92 3 6
19 93 4 1
19 95 2 6
19 96 4 8
19 97 4 4
19 100 7 7
20 21 1 3
20 22 1 4
20 23 3 5
20 26 7 2
20 28 4 1
20 30 4 8
20 31 1 2
20 33 3 6
20 35 5 9
20 37 1 1
20 39 5 5
20 42 8 4
20 43 7 1
20 45 6 5
20 46 1 3
20 47 7 6
20 48 4 6
20 49 10 8
20 52 7 8
20 53 4 5
20 54 2 9
20 56 4 2
20 57 2 7
20 59 2 1
20 60 10 9
20 61 5 2
20 62 1 5
20 63 3 4
20 66 9 2
20 68 10 5
20 69 4 1
20 70 5 5
20 72 2 4
20 73 9 2
20 74 10 4
20 75 4 10
20 76 1 6
20 77 1 6
20 78 9 8
20 79 4 8
20 80 2 3
20 81 9 10
20 82 2 10
20 83 3 7
20 84 10 1
20 86 4 2
20 87 9 7
20 88 5 9
20 89 8 2
20 91 2 6
20 92 3 6
20 93 10 8
20 94 2 1
20 95 1 7
20 96 4 7
20 97 2 10
20 98 7 5
20 99 4 8
20 100 7 9
21 22 8 9
21 23 5 6
21 24 1 9
21 25 6 10
21 27 7 2
21 28 5 6
21 29 8 1
21 30 8 10
21 33 8 5
21 34 7 5
21 35 8 2
21 36 10 9
21 37 1 3
21 38 4 3
21 39 1 5
21 40 9 3
21 41 9 1
21 46 4 2
21 47 7 2
21 48 8 7
21 49 1 7
21 50 4 1
21 51 10 7
21 52 9 5
21 53 6 9
21 54 8 8
21 55 3 9
21 56 9 10
21 57 5 7
21 58 1 2
21 59 6 5
21 60 2 1
21 62 7 5
21 63 7 8
21 64 7 2
21 65 8 9
21 67 6 8
21 68 4 5
21 69 9 2
21 70 6 3
21 71 7 10
21 72 8 3
21 73 3 2
21 74 5 2
21 75 3 5
21 76 2 6
21 77 1 7
21 78 2 8
21 79 1 6
21 80 9 5
21 81 9 9
21 82 2 6
21 86 2 4
21 88 9 7
21 89 1 4
21 90 4 6
21 91 4 2
21 92 6 3
21 94 9 7
21 95 6 6
21 96 5 9
21 98 1 5
21 100 6 3
22 23 7 9
22 24 6 1
22 25 9 5
22 26 9 10
22 27 1 2
22 30 2 2
22 31 4 1
22 32 7 6
22 33 2 7
22 34 1 2
22 35 9 2
22 37 5 9
22 38 2 9
22 40 5 9
22 41 1 3
22 42 4 10
22 43 10 1
22 44 2 10
22 49 9 3
22 50 4 6
22 51 9 1
22 52 9 4
22 53 2 4
22 54 4 7
22 55 8 3
22 57 1 8
22 58 8 2
22 60 7 2
22 61 5 9
22 62 7 7
22 63 4 1
22 64 6 3
22 65 1 5
22 66 9 10
22 68 5 2
22 69 1 10
22 70 2 4
22 71 5 10
22 73 4 5
22 74 3 5
22 75 6 8
22 76 2 9
22 77 9 8
22 78 6 9
22 79 2 10
22 80 10 3
22 81 2 9
22 82 6 2
22 83 5 9
22 84 10 9
22 85 10 3
22 87 3 9
22 88 7 10
22 89 3 3
22 90 4 3
22 92 6 8
22 93 2 4
22 94 10 4
22 95 4 9
22 96 9 4
22 97 6 4
22 99 3 8
22 100 7 1
23 24 8 6
23 25 1 2
23 26 6 3
23 27 1 5
23 30 7 9
23 32 6 10
23 33 10 10
23 34 6 10
23 35 7 10
23 36 1 3
23 37 8 5
23 38 9 2
23 40 4 5
23 41 1 10
23 42 4 7
23 43 3 1
23 44 5 6
23 45 5 2
23 46 10 5
23 47 8 1
23 48 9 9
23 49 2 3
23 50 2 6
23 52 5 5
23 53 6 7
23 54 2 1
23 55 6 5
23 56 5 2
23 57 8 7
23 58 6 3
23 59 10 1
23 60 10 1
23 61 7 10
23 62 1 1
23 63 2 4
23 65 5 7
23 67 4 9
23 68 1 1
23 69 5 2
23 70 10 2
23 74 9 7
23 75 1 6
23 76 9 9
23 77 2 5
23 78 3 3
23 79 5 2
23 81 7 1
23 82 7 1
23 83 1 1
23 84 1 3
23 85 4 3
23 87 1 3
23 89 2 9
23 91 10 9
23 93 2 5
23 95 6 1
23 97 1 6
23 98 7 8
23 99 6 9
23 100 4 3
24 25 10 10
24 26 8 2
24 28 10 7
24 29 8 3
24 30 3 4
24 31 6 1
24 32 8 7
24 33 9 5
24 34 6 3
24 37 2 9
24 38 2 2
24 39 5 2
24 40 8 3
24 41 7 4
24 42 4 2
24 43 6 10
24 45 4 10
24 46 8 1
24 47 10 7
24 48 1 2
24 49 1 4
24 50 4 2
24 51 9 10
24 52 3 5
24 54 9 9
24 55 4 7
24 56 4 8
24 57 5 4
24 59 1 10
24 60 5 4
24 61 1 7
24 62 10 2
24 63 2 6
24 66 10 6
24 67 10 10
24 68 10 6
24 70 10 10
24 71 7 4
24 73 4 8
24 74 7 8
24 75 5 2
24 77 7 1
24 78 1 3
24 79 10 10
24 80 7 3
24 81 8 10
24 85 7 1
24 86 7 2
24 89 6 2
24 90 1 5
24 91 3 3
24 92 10 6
24 93 5 2
24 94 6 3
24 95 4 8
24 96 8 7
24 98 7 7
24 100 4 3
25 26 8 6
25 27 10 6
25 29 1 5
25 30 8 10
25 31 10 5
25 32 5 6
25 33 9 3
25 34 8 1
25 35 1 7
25 36 4 8
25 37 8 9
25 38 6 4
25 39 1 10
25 40 2 4
25 41 8 1
25 42 6 1
25 45 7 7
25 47 2 7
25 49 1 7
25 50 1 5
25 51 8 2
25 52 7 7
25 53 6 4
25 54 8 9
25 56 2 2
25 57 10 10
25 59 5 9
25 61 4 5
25 62 7 7
25 63 10 1
25 64 10 3
25 65 9 10
25 66 6 7
25 67 8 9
25 68 6 10
25 69 5 4
25 70 4 3
25 71 9 1
25 72 1 6
25 74 7 8
25 75 2 10
25 76 8 4
25 77 1 10
25 78 1 7
25 79 9 2
25 80 10 7
25 81 8 9
25 82 8 8
25 83 1 1
25 84 5 5
25 85 10 5
25 87 9 10
25 88 6 2
25 89 8 6
25 90 6 1
25 92 7 5
25 94 3 5
25 95 5 6
25 96 3 4
25 97 8 8
25 98 2 7
25 99 1 9
25 100 9 1
26 27 10 3
26 28 6 10
26 29 8 8
26 30 4 5
26 32 8 4
26 33 8 4
26 34 9 2
26 36 5 10
26 37 1 3
26 38 9 10
26 39 6 1
26 40 9 8
26 41 5 7
26 42 6 2
26 43 8 3
26 45 6 10
26 46 9 10
26 48 10 7
26 49 8 5
26 52 8 3
26 53 7 1
26 54 7 5
26 55 9 8
26 56 7 6
26 57 7 8
26 58 7 4
26 59 1 3
26 60 9 8
26 61 3 2
26 62 2 4
26 63 8 4
26 64 4 8
26 65 2 10
26 66 3 10
26 67 6 10
26 68 5 10
26 69 1 4
26 71 10 5
26 72 9 6
26 73 3 2
26 74 8 2
26 75 6 2
26 78 7 1
26 79 9 7
26 80 9 7
26 81 3 8
26 82 5 7
26 83 2 6
26 84 5 4
26 85 3 9
26 87 4 5
26 88 10 7
26 89 6 9
26 90 9 5
26 91 1 4
26 92 2 4
26 93 8 1
26 95 3 7
26 96 1 6
26 97 9 8
26 98 3 9
26 99 1 9
26 100 3 2
27 28 7 5
27 29 2 5
27 30 3 9
27 31 10 1
27 32 7 6
27 33 9 8
27 35 4 6
27 36 6 4
27 40 2 9
27 41 5 8
27 43 9 8
27 46 9 9
27 47 1 8
27 48 4 2
27 49 9 8
27 50 9 7
27 51 6 8
27 52 9 8
27 54 5 6
27 55 7 6
27 56 8 8
27 57 3 6
27 58 6 5
27 59 8 9
27 60 7 7
27 61 4 7
27 62 8 2
27 63 1 8
27 64 9 9
27 65 4 8
27 66 9 3
27 67 5 2
27 68 10 8
27 69 9 4
27 70 6 9
27 71 9 10
27 72 10 4
27 73 10 2
27 74 4 6
27 75 9 4
27 77 1 9
27 78 2 4
27 79 6 5
27 80 10 5
27 81 5 1
27 82 8 5
27 83 6 5
27 85 4 6
27 86 9 1
27 87 1 3
27 88 1 4
27 89 8 8
27 91 7 6
27 92 3 3
27 95 8 8
27 96 7 2
27 97 9 2
27 99 6 10
27 100 8 10
28 29 8 8
28 31 5 7
28 32 5 4
28 35 7 5
28 36 9 6
28 37 10 2
28 38 7 4
28 39 10 9
28 40 4 1
28 41 4 1
28 42 6 6
28 43 3 2
28 44 9 4
28 45 6 3
28 46 10 8
28 47 1 4
28 48 2 8
28 49 6 10
28 50 2 4
28 51 7 4
28 52 3 6
28 53 10 6
28 54 5 5
28 55 3 9
28 57 1 5
28 58 8 2
28 59 5 7
28 60 5 4
28 61 8 8
28 62 7 2
28 64 2 5
28 65 2 1
28 66 9 4
28 67 8 2
28 68 1 8
28 69 1 8
28 72 9 7
28 73 6 8
28 74 7 1
28 75 1 6
28 77 5 2
28 78 4 3
28 80 6 2
28 81 10 9
28 83 1 8
28 84 5 4
28 85 1 1
28 86 5 3
28 87 6 6
28 89 2 5
28 90 2 10
28 91 1 5
28 92 6 4
28 93 9 1
28 94 5 4
28 95 3 5
28 96 2 10
28 97 5 2
28 98 9 6
28 99 2 6
29 31 6 6
29 32 10 3
29 33 3 5
29 34 5 1
29 36 4 8
29 37 6 10
29 38 4 5
29 39 2 4
29 40 4 4
29 43 9 8
29 44 5 3
29 45 5 4
29 46 10 2
29 47 3 3
29 48 1 2
29 49 7 9
29 50 2 10
29 52 9 9
29 53 3 6
29 54 9 10
29 55 1 10
29 56 9 3
29 57 8 4
29 58 5 6
29 59 1 10
29 60 1 6
29 61 5 5
29 63 8 8
29 64 7 3
29 66 6 9
29 67 4 2
29 68 8 2
29 69 10 2
29 70 8 6
29 71 7 5
29 74 5 3
29 76 5 2
29 77 3 3
29 78 7 5
29 79 3 1
29 80 5 6
29 81 6 9
29 82 5 2
29 83 5 6
29 84 6 6
29 85 4 6
29 86 6 8
29 87 7 9
29 88 1 3
29 89 2 10
29 90 6 6
29 91 4 8
29 92 1 9
29 93 10 6
29 94 4 3
29 95 8 10
29 96 9 3
29 97 4 8
29 98 2 10
29 99 8 5
29 100 3 1
30 31 6 4
30 32 7 5
30 33 10 1
30 35 4 5
30 36 1 3
30 37 1 3
30 38 1 3
30 39 6 1
30 40 1 3
30 41 7 4
30 43 2 2
30 44 7 3
30 45 4 2
30 47 6 6
30 49 7 8
30 50 4 3
30 51 9 1
30 52 10 5
30 54 3 6
30 55 6 8
30 56 3 4
30 57 8 9
30 58 3 8
30 60 5 6
30 61 10 4
30 62 4 4
30 63 2 1
30 64 1 9
30 65 9 4
30 66 9 4
30 68 10 6
30 69 2 2
30 70 8 3
30 71 8 10
30 72 10 1
30 73 9 10
30 75 9 8
30 76 9 1
30 77 9 3
30 78 10 10
30 79 4 5
30 80 9 2
30 81 4 5
30 82 4 5
30 83 3 7
30 85 7 9
30 87 1 1
30 88 3 10
30 90 1 9
30 91 8 6
30 92 1 2
30 93 9 1
30 94 2 3
30 95 10 10
30 96 5 7
30 100 7 3
31 33 2 9
31 34 3 9
31 35 3 4
31 36 1 6
31 37 1 7
31 38 8 9
31 39 7 9
31 40 5 10
31 41 8 6
31 42 1 7
31 43 3 5
31 44 3 8
31 45 6 5
31 46 7 10
31 47 3 2
31 48 2 5
31 49 9 7
31 50 7 7
31 51 4 8
31 53 10 4
31 55 9 9
31 56 4 7
31 57 8 6
31 58 7 6
31 60 9 5
31 61 2 10
31 62 8 1
31 65 9 7
31 66 5 7
31 67 9 5
31 68 7 2
31 69 2 4
31 70 9 9
31 71 3 5
31 72 5 9
31 74 8 4
31 75 5 8
31 76 1 7
31 77 1 8
31 78 8 5
31 79 5 2
31 80 4 3
31 81 5 3
31 82 3 4
31 83 10 10
31 84 4 10
31 85 4 9
31 86 2 1
31 87 8 6
31 90 10 9
31 91 3 2
31 93 8 3
31 94 4 10
31 95 8 5
31 96 9 10
31 97 1 2
31 98 4 10
31 99 8 2
31 100 6 2
32 33 1 1
32 34 4 7
32 35 5 1
32 36 5 2
32 37 4 3
32 38 4 7
32 39 5 1
32 41 8 5
32 42 2 9
32 43 9 2
32 45 2 9
32 46 7 3
32 47 8 6
32 48 3 7
32 49 1 9
32 50 6 6
32 51 5 1
32 53 4 2
32 54 7 8
32 55 6 4
32 56 3 8
32 57 2 3
32 58 2 10
32 59 10 1
32 61 10 2
32 62 7 3
32 63 10 7
32 64 6 4
32 65 9 10
32 68 4 6
32 69 7 9
32 70 10 10
32 71 3 5
32 72 7 3
32 73 7 7
32 74 4 10
32 75 10 6
32 77 4 9
32 78 6 5
32 79 8 7
32 80 9 6
32 81 5 3
32 82 6 1
32 83 9 5
32 84 4 3
32 85 10 10
32 86 1 6
32 87 10 10
32 88 6 3
32 89 6 1
32 90 6 1
32 91 9 8
32 92 3 9
32 93 7 5
32 94 5 6
32 95 5 10
32 96 8 9
32 98 6 1
32 99 8 1
32 100 2 3
33 34 9 6
33 35 9 6
33 36 2 5
33 37 6 8
33 38 3 5
33 39 7 1
33 43 7 5
33 44 4 4
33 45 6 9
33 46 6 8
33 47 6 9
33 48 4 8
33 49 1 9
33 50 10 7
33 51 9 5
33 52 9 10
33 53 7 1
33 54 1 6
33 55 10 6
33 56 7 10
33 57 1 2
33 59 8 10
33 60 6 9
33 61 7 3
33 63 6 5
33 64 7 10
33 65 9 6
33 66 3 2
33 67 3 8
33 68 10 10
33 69 7 9
33 70 7 8
33 71 8 7
33 74 4 2
33 75 1 2
33 77 3 7
33 80 10 9
33 82 7 8
33 83 5 8
33 85 6 4
33 90 8 7
33 92 10 9
33 93 2 1
33 94 9 9
33 95 4 4
33 96 4 3
33 97 5 7
33 98 10 1
33 99 6 6
34 35 10 6
34 37 7 2
34 38 5 8
34 40 5 2
34 42 6 4
34 43 3 7
34 44 2 1
34 45 3 7
34 48 3 5
34 49 7 4
34 50 1 10
34 52 6 5
34 54 8 3
34 55 4 4
34 56 2 8
34 57 2 8
34 59 7 3
34 60 2 7
34 62 3 10
34 63 7 9
34 64 10 6
34 65 3 4
34 66 6 3
34 67 9 2
34 69 3 4
34 70 5 7
34 71 3 1
34 73 6 6
34 74 5 8
34 77 7 4
34 78 3 2
34 80 1 8
34 81 6 3
34 82 8 4
34 83 1 1
34 86 5 2
34 88 5 3
34 89 6 1
34 92 10 7
34 93 6 5
34 94 9 3
34 95 7 1
34 96 2 8
34 98 6 1
34 99 2 10
35 37 4 3
35 38 1 4
35 39 10 4
35 40 7 7
35 41 9 8
35 42 1 5
35 43 6 5
35 44 5 8
35 45 6 6
35 47 4 8
35 48 10 3
35 50 1 1
35 51 10 4
35 53 5 4
35 55 7 6
35 56 7 5
35 57 7 3
35 61 10 1
35 62 9 7
35 63 3 4
35 64 4 10
35 66 6 9
35 67 4 6
35 68 4 7
35 69 1 7
35 70 1 3
35 71 5 4
35 72 8 1
35 75 3 10
35 78 10 1
35 80 10 4
35 83 5 8
35 85 3 5
35 86 3 2
35 87 1 8
35 88 8 5
35 91 5 3
35 92 5 4
35 93 2 3
35 94 8 4
35 95 1 10
35 96 8 9
35 98 2 3
35 99 2 10
35 100 3 9
36 37 6 3
36 38 3 2
36 39 6 1
36 41 8 1
36 44 6 5
36 46 1 2
36 48 3 10
36 49 5 9
36 51 5 7
36 52 2 6
36 53 1 8
36 54 9 1
36 55 1 9
36 56 8 8
36 58 8 10
36 59 6 8
36 60 5 4
36 62 3 2
36 63 1 1
36 64 10 1
36 65 3 10
36 66 9 2
36 69 3 5
36 70 7 8
36 71 4 9
36 73 10 6
36 74 8 9
36 75 8 6
36 76 3 4
36 78 3 10
36 79 10 10
36 80 5 3
36 81 7 4
36 82 6 9
36 83 1 5
36 84 2 2
36 85 3 3
36 86 10 4
36 87 9 1
36 88 7 6
36 89 5 4
36 90 5 6
36 91 4 5
36 92 10 5
36 93 8 10
36 94 9 7
36 95 8 9
36 96 4 1
36 98 3 2
36 99 1 8
36 100 1 6
37 38 6 2
37 40 7 9
37 41 8 4
37 43 9 10
37 44 8 8
37 45 7 3
37 46 3 7
37 47 7 5
37 48 10 2
37 49 2 7
37 52 10 10
37 53 7 4
37 54 10 3
37 55 8 1
37 56 9 6
37 57 10 5
37 58 9 9
37 59 9 5
37 61 7 1
37 62 10 3
37 63 1 8
37 64 3 1
37 65 4 10
37 66 2 5
37 67 8 4
37 68 5 8
37 69 7 3
37 70 2 5
37 71 5 3
37 72 7 6
37 73 5 7
37 74 6 8
37 75 10 5
37 76 1 4
37 77 6 5
37 78 7 7
37 79 8 2
37 80 10 10
37 81 2 8
37 82 7 3
37 83 1 2
37 84 9 2
37 88 3 3
37 89 6 8
37 90 4 8
37 91 6 1
37 93 2 2
37 94 10 2
37 95 10 4
37 96 4 6
37 97 8 2
37 98 7 9
37 100 9 3
38 39 5 7
38 40 5 5
38 41 2 8
38 42 2 8
38 44 8 4
38 46 3 2
38 48 4 5
38 49 1 5
38 50 5 4
38 51 1 9
38 52 2 5
38 53 6 10
38 54 7 8
38 56 2 10
38 58 10 8
38 59 8 5
38 60 9 1
38 61 5 8
38 62 7 5
38 63 10 9
38 64 10 7
38 65 3 1
38 68 9 6
38 69 7 2
38 70 8 6
38 73 4 4
38 74 6 5
38 75 9 2
38 76 5 7
38 78 3 10
38 79 10 4
38 80 3 4
38 81 6 6
38 82 9 6
38 83 9 7
38 85 1 10
38 86 5 10
38 88 9 3
38 89 5 2
38 90 2 2
38 91 4 9
38 93 6 2
38 95 1 9
38 96 10 8
38 97 5 9
38 98 4 5
38 99 5 8
38 100 7 7
39 40 5 3
39 41 8 6
39 43 1 5
39 44 6 2
39 45 1 5
39 46 6 6
39 47 4 3
39 48 8 7
39 49 10 1
39 50 6 7
39 51 5 5
39 53 1 6
39 54 10 3
39 55 5 2
39 56 1 5
39 57 2 7
39 58 9 6
39 59 10 10
39 60 8 5
39 62 5 4
39 63 3 3
39 64 4 7
39 65 4 2
39 66 7 9
39 67 1 7
39 68 8 1
39 69 8 8
39 70 6 9
39 71 7 1
39 72 4 8
39 73 2 1
39 74 4 7
39 76 2 1
39 77 1 7
39 78 5 2
39 79 1 2
39 80 4 6
39 81 2 2
39 82 5 3
39 83 10 3
39 84 2 2
39 85 2 3
39 86 1 10
39 88 9 5
39 89 1 5
39 90 7 9
39 91 3 1
39 92 6 2
39 93 2 10
39 94 2 3
39 95 5 8
39 97 5 5
39 99 10 1
39 100 6 9
40 42 5 1
40 43 8 5
40 44 1 8
40 45 2 10
40 46 4 1
40 47 7 1
40 50 1 3
40 51 1 9
40 53 5 2
40 54 4 4
40 55 7 5
40 56 2 6
40 57 7 1
40 58 7 1
40 59 4 10
40 60 8 4
40 61 3 1
40 62 10 7
40 63 6 1
40 64 3 2
40 65 5 1
40 67 3 7
40 70 9 2
40 71 7 5
40 72 4 4
40 74 4 4
40 75 5 1
40 76 10 10
40 78 10 8
40 80 6 3
40 82 5 6
40 83 2 4
40 84 8 2
40 85 9 7
40 88 2 5
40 89 3 4
40 91 3 6
40 92 1 6
40 93 5 6
40 95 3 6
40 96 3 6
40 97 7 5
40 98 2 8
40 99 4 10
40 100 4 6
41 42 5 6
41 43 4 7
41 44 4 7
41 45 8 10
41 46 5 5
41 47 3 10
41 48 7 10
41 49 7 8
41 50 8 5
41 51 2 6
41 52 2 10
41 53 4 3
41 54 6 1
41 55 5 3
41 56 6 3
41 57 2 7
41 58 3 8
41 60 7 9
41 61 1 2
41 62 7 2
41 63 8 6
41 64 1 9
41 65 4 7
41 66 4 4
41 69 9 9
41 71 9 8
41 73 5 4
41 74 7 10
41 77 9 3
41 78 4 1
41 79 10 7
41 80 4 10
41 82 2 5
41 83 9 6
41 84 7 10
41 85 2 9
41 86 3 4
41 88 3 2
41 90 1 10
41 91 8 5
41 93 2 7
41 94 1 7
41 95 9 8
41 96 1 4
41 97 1 5
41 98 5 9
41 99 9 3
41 100 1 6
42 43 1 9
42 44 3 2
42 45 2 10
42 46 5 4
42 47 8 3
42 48 8 4
42 51 2 8
42 52 1 1
42 53 1 1
42 55 5 6
42 56 8 9
42 57 6 9
42 58 9 7
42 60 4 5
42 61 3 8
42 62 10 6
42 63 5 5
42 64 2 8
42 66 9 6
42 67 2 5
42 68 4 7
42 70 2 5
42 71 6 1
42 72 7 3
42 73 2 8
42 74 2 9
42 75 4 8
42 76 4 10
42 77 9 10
42 78 5 9
42 79 1 2
42 80 8 8
42 82 9 1
42 83 3 6
42 84 5 4
42 85 1 6
42 87 2 4
42 89 4 7
42 90 1 8
42 91 1 6
42 92 2 3
42 93 10 1
42 94 6 10
42 96 2 10
42 97 6 8
42 98 1 4
42 99 1 8
42 100 2 9
43 44 6 7
43 45 5 3
43 46 3 7
43 47 1 5
43 48 8 5
43 49 6 1
43 51 1 2
43 52 1 9
43 53 6 2
43 54 4 2
43 56 8 10
43 57 1 1
43 59 2 3
43 60 10 6
43 61 8 2
43 62 8 10
43 63 9 7
43 64 3 7
43 65 4 7
43 66 2 8
43 67 4 2
43 69 3 2
43 70 5 3
43 72 7 7
43 73 4 3
43 74 7 9
43 76 9 8
43 77 8 7
43 78 6 3
43 79 6 5
43 80 7 7
43 81 2 10
43 82 5 2
43 83 8 8
43 84 3 9
43 85 7 3
43 86 8 7
43 87 10 8
43 88 6 7
43 89 6 3
43 90 7 10
43 91 6 6
43 92 6 6
43 93 1 1
43 94 4 6
43 95 10 7
43 96 3 9
43 97 7 8
43 98 8 4
43 99 1 8
43 100 4 1
44 45 4 5
44 46 5 1
44 48 2 1
44 49 8 2
44 50 1 6
44 51 5 10
44 52 1 2
44 53 7 1
44 55 5 6
44 56 7 9
44 57 7 7
44 58 4 1
44 59 5 3
44 60 4 2
44 61 1 10
44 62 5 3
44 65 8 5
44 66 10 1
44 67 7 10
44 68 3 4
44 70 7 5
44 71 3 8
44 72 10 4
44 73 3 2
44 74 1 8
44 75 6 3
44 76 2 1
44 77 2 1
44 78 10 8
44 80 1 6
44 82 3 9
44 83 1 5
44 84 6 1
44 85 4 6
44 86 8 1
44 87 9 1
44 88 4 6
44 89 5 6
44 90 4 10
44 92 8 2
44 94 1 8
44 95 3 5
44 96 7 2
44 98 4 9
44 99 9 8
44 100 10 7
45 46 7 1
45 48 2 8
45 52 4 3
45 54 3 2
45 55 2 9
45 57 8 7
45 58 2 3
45 59 3 2
45 60 8 1
45 61 6 1
45 64 9 4
45 65 8 7
45 68 5 4
45 69 8 6
45 70 8 10
45 72 9 10
45 73 5 3
45 74 8 6
45 76 3 8
45 77 4 8
45 78 1 7
45 79 4 3
45 80 8 9
45 82 5 6
45 83 3 10
45 84 3 4
45 85 8 6
45 86 1 3
45 87 9 6
45 88 10 2
45 90 6 9
45 91 1 3
45 92 6 7
45 93 3 4
45 94 6 7
45 95 4 9
45 96 10 7
45 97 4 8
45 99 8 4
46 47 1 2
46 49 1 7
46 50 9 1
46 51 3 1
46 52 7 3
46 53 9 1
46 54 7 3
46 55 4 5
46 57 4 9
46 58 3 7
46 59 6 7
46 60 10 8
46 61 9 2
46 62 4 1
46 63 9 2
46 64 1 3
46 65 4 10
46 66 2 6
46 67 5 9
46 68 4 9
46 69 1 7
46 71 2 7
46 74 1 7
46 75 8 1
46 76 3 8
46 77 6 4
46 78 4 9
46 79 4 10
46 80 6 1
46 81 4 7
46 82 1 5
46 83 8 4
46 84 7 3
46 85 7 7
46 86 2 3
46 88 9 3
46 89 9 7
46 90 1 10
46 91 5 6
46 92 2 5
46 93 1 9
46 94 4 9
46 95 1 6
46 97 10 5
46 98 4 8
46 99 8 3
47 48 10 2
47 49 7 7
47 51 3 9
47 52 8 3
47 53 10 3
47 55 6 10
47 56 7 5
47 58 8 2
47 59 1 10
47 61 3 5
47 62 5 10
47 63 10 2
47 64 3 4
47 65 2 10
47 66 2 5
47 67 3 10
47 68 4 2
47 70 9 6
47 71 8 9
47 72 5 6
47 73 4 3
47 74 8 9
47 75 4 7
47 76 4 10
47 78 5 4
47 81 6 8
47 82 10 4
47 84 9 4
47 85 1 10
47 86 5 5
47 87 5 10
47 88 3 1
47 89 4 5
47 90 3 4
47 91 6 5
47 92 5 6
47 93 1 3
47 95 1 6
47 96 9 7
47 97 1 7
47 98 7 9
47 99 1 8
48 49 4 7
48 50 2 5
48 51 5 9
48 52 8 2
48 53 1 7
48 55 10 10
48 56 10 10
48 57 5 7
48 58 4 7
48 60 4 4
48 61 3 2
48 62 3 9
48 63 3 3
48 65 6 5
48 66 3 5
48 67 4 5
48 68 10 8
48 71 5 6
48 72 6 4
48 73 3 3
48 75 6 9
48 76 8 6
48 77 6 4
48 78 10 2
48 81 2 6
48 82 2 10
48 83 9 9
48 85 5 2
48 86 7 10
48 87 8 9
48 88 5 8
48 89 3 8
48 90 3 8
48 91 9 4
48 92 3 2
48 93 6 6
48 94 9 8
48 95 3 5
48 96 5 2
48 98 4 4
48 99 10 2
49 50 9 2
49 51 4 2
49 52 4 4
49 53 4 3
49 54 3 5
49 55 2 10
49 58 3 7
49 59 2 5
49 61 3 7
49 62 1 4
49 63 1 2
49 64 7 2
49 65 6 5
49 66 6 1
49 67 3 9
49 68 4 4
49 69 10 7
49 70 7 2
49 71 6 6
49 74 10 2
49 75 3 6
49 76 6 4
49 77 2 4
49 78 8 5
49 79 4 5
49 80 5 3
49 81 10 10
49 82 7 7
49 83 7 5
49 84 3 5
49 85 3 7
49 86 6 1
49 88 2 5
49 90 1 9
49 93 7 1
49 94 9 8
49 95 2 10
49 97 6 6
49 98 1 1
49 99 5 9
49 100 10 4
50 51 9 3
50 52 4 7
50 53 1 3
50 55 9 3
50 57 7 2
50 58 7 5
50 59 5 1
50 60 7 6
50 61 7 3
50 62 4 4
50 63 3 6
50 64 7 9
50 65 2 4
50 66 10 2
50 67 7 2
50 69 6 4
50 71 9 9
50 72 6 1
50 73 7 8
50 74 7 4
50 75 9 9
50 76 10 10
50 77 10 4
50 78 4 7
50 79 1 2
50 80 10 10
50 81 1 1
50 84 7 3
50 85 2 7
50 86 2 2
50 87 4 9
50 88 4 10
50 91 7 6
50 92 5 4
50 93 3 6
50 94 8 2
50 95 4 5
50 96 8 8
50 97 6 9
50 98 2 8
50 99 8 4
50 100 4 7
51 52 4 3
51 53 2 6
51 55 5 7
51 57 1 1
51 58 7 4
51 60 1 2
51 61 8 9
51 62 9 9
51 63 7 10
51 64 1 4
51 65 3 7
51 66 10 6
51 67 6 7
51 68 3 2
51 69 3 9
51 70 6 5
51 73 6 7
51 74 9 9
51 76 1 8
51 77 1 9
51 78 6 4
51 80 10 10
51 81 6 5
51 82 8 10
51 83 6 6
51 84 2 1
51 85 10 7
51 87 7 3
51 88 4 6
51 89 8 5
51 92 8 1
51 93 6 8
51 94 8 4
51 95 7 6
51 96 3 5
51 97 6 5
51 98 5 4
51 99 9 6
51 100 8 10
52 54 3 4
52 56 4 4
52 58 10 7
52 60 10 2
52 61 10 7
52 62 5 5
52 65 9 2
52 67 9 7
52 68 2 10
52 69 10 7
52 70 1 8
52 71 4 7
52 72 1 2
52 74 5 10
52 75 6 2
52 76 2 8
52 77 9 8
52 79 10 9
52 80 2 3
52 81 2 9
52 82 1 10
52 83 1 9
52 84 7 4
52 85 6 10
52 86 8 10
52 88 1 6
52 90 9 6
52 91 4 5
52 92 6 3
52 93 3 9
52 94 9 1
52 95 2 4
52 96 8 5
52 97 4 6
52 98 5 10
52 100 3 1
53 54 1 10
53 56 3 10
53 57 1 10
53 58 9 5
53 60 4 2
53 62 6 2
53 63 2 2
53 65 5 2
53 66 1 10
53 67 5 8
53 68 9 3
53 69 1 6
53 70 1 10
53 72 1 4
53 73 9 7
53 75 7 4
53 76 7 1
53 77 9 4
53 78 2 1
53 79 1 3
53 81 5 10
53 82 10 1
53 83 5 10
53 85 1 4
53 86 7 6
53 87 1 8
53 88 6 3
53 89 10 7
53 90 3 1
53 91 4 8
53 92 1 3
53 93 6 1
53 94 4 10
53 95 5 10
53 97 6 1
53 98 10 6
54 56 1 5
54 58 4 1
54 59 9 1
54 60 4 10
54 61 3 3
54 62 9 7
54 64 2 10
54 65 2 5
54 66 5 1
54 67 5 2
54 68 1 3
54 69 7 2
54 70 1 10
54 71 7 2
54 72 10 6
54 74 1 2
54 75 5 2
54 79 3 7
54 82 1 9
54 83 5 5
54 84 7 2
54 85 9 5
54 86 5 5
54 87 6 2
54 88 8 4
54 89 4 1
54 90 9 9
54 91 8 2
54 92 2 8
54 95 7 3
54 96 10 2
54 97 9 9
54 98 4 1
54 99 6 1
54 100 8 8
55 56 4 8
55 57 9 6
55 59 4 7
55 60 4 1
55 61 1 4
55 64 2 10
55 65 3 2
55 66 3 5
55 67 2 3
55 68 2 4
55 69 3 5
55 70 9 8
55 72 4 2
55 75 2 8
55 76 2 6
55 77 1 5
55 79 3 3
55 80 7 2
55 81 9 1
55 82 8 2
55 83 6 2
55 84 4 2
55 86 7 9
55 87 4 9
55 88 2 1
55 90 4 3
55 92 10 2
55 93 5 1
55 94 9 3
55 95 6 10
55 98 4 6
55 99 6 4
55 100 9 7
56 59 8 3
56 60 2 2
56 61 7 1
56 63 9 5
56 64 9 4
56 65 3 2
56 66 6 4
56 67 10 4
56 68 4 9
56 69 10 6
56 70 4 9
56 72 8 7
56 73 8 10
56 74 8 2
56 75 9 2
56 78 2 4
56 79 10 9
56 81 2 9
56 82 9 8
56 83 5 3
56 85 8 9
56 86 6 2
56 87 4 3
56 88 2 8
56 89 2 3
56 90 6 9
56 91 1 4
56 92 5 7
56 93 4 9
56 94 4 4
56 95 8 1
56 96 9 6
56 99 6 3
56 100 5 7
57 58 7 7
57 60 3 2
57 61 9 5
57 62 6 10
57 63 2 8
57 64 1 5
57 65 2 6
57 66 9 4
57 67 8 1
57 68 10 3
57 70 4 5
57 71 7 6
57 72 4 3
57 73 3 2
57 74 6 8
57 75 6 3
57 76 6 4
57 77 4 6
57 79 3 7
57 80 10 6
57 81 8 5
57 82 2 1
57 83 10 10
57 84 1 3
57 85 2 2
57 86 3 6
57 89 9 6
57 94 4 1
57 96 2 5
57 97 5 8
57 99 4 5
57 100 2 2
58 60 3 7
58 61 4 6
58 62 9 9
58 63 9 8
58 64 4 5
58 65 5 9
58 66 5 5
58 67 8 10
58 68 1 2
58 69 5 2
58 70 4 10
58 73 9 7
58 74 4 8
58 75 7 10
58 76 1 8
58 77 7 5
58 79 7 6
58 80 8 4
58 81 9 1
58 84 10 8
58 85 5 8
58 86 4 6
58 88 3 1
58 89 3 2
58 91 1 1
58 93 2 4
58 94 5 3
58 96 8 10
58 97 4 4
58 98 6 3
58 99 6 2
59 60 4 2
59 63 2 9
59 64 1 8
59 65 9 1
59 66 7 4
59 67 6 3
59 68 4 5
59 69 4 7
59 71 7 1
59 72 7 10
59 73 5 4
59 74 2 3
59 75 5 2
59 76 8 7
59 78 7 6
59 79 2 9
59 80 5 6
59 82 9 2
59 83 9 1
59 84 8 5
59 85 9 9
59 86 4 7
59 87 7 6
59 88 1 8
59 90 5 7
59 92 8 7
59 94 5 1
59 95 7 10
59 97 1 2
59 99 5 2
60 61 3 7
60 64 10 2
60 65 8 8
60 66 2 4
60 68 9 4
60 69 7 9
60 70 9 6
60 71 10 6
60 72 1 10
60 73 7 9
60 74 1 7
60 76 2 3
60 77 5 4
60 79 9 10
60 80 4 7
60 81 1 6
60 82 6 10
60 83 4 4
60 84 1 8
60 85 3 1
60 86 8 5
60 87 5 8
60 88 5 5
60 90 4 9
60 91 1 3
60 92 6 5
60 93 7 6
60 94 9 1
60 95 6 5
60 96 4 7
60 97 10 5
60 98 7 8
60 99 6 7
60 100 10 10
61 62 9 7
61 65 6 8
61 66 2 6
61 67 1 1
61 68 7 10
61 69 3 6
61 71 4 8
61 72 10 10
61 73 3 9
61 74 4 10
61 75 1 1
61 76 9 2
61 77 9 1
61 78 4 8
61 79 5 9
61 80 9 3
61 81 5 4
61 82 4 10
61 84 6 9
61 86 5 6
61 87 1 7
61 88 2 9
61 89 1 7
61 90 7 2
61 91 3 1
61 92 1 8
61 93 3 6
61 95 10 9
61 97 3 1
61 98 10 3
61 99 8 10
61 100 7 4
62 63 6 3
62 65 1 8
62 67 1 5
62 68 5 5
62 69 1 4
62 70 8 1
62 71 3 2
62 72 4 7
62 73 8 10
62 74 8 10
62 76 5 5
62 77 10 10
62 78 1 10
62 80 8 4
62 82 9 5
62 84 8 2
62 85 1 1
62 86 2 8
62 87 9 9
62 88 4 8
62 89 5 7
62 90 8 8
62 91 3 8
62 94 5 6
62 96 1 7
62 97 2 7
63 64 5 8
63 65 5 9
63 66 6 1
63 67 2 9
63 68 5 4
63 69 9 3
63 70 2 4
63 71 9 10
63 73 7 4
63 75 4 8
63 76 2 1
63 79 8 8
63 80 9 3
63 81 9 9
63 82 2 2
63 84 4 4
63 85 7 6
63 86 3 10
63 87 4 5
63 88 1 8
63 89 7 9
63 90 5 9
63 91 1 9
63 92 3 9
63 93 10 8
63 95 7 2
63 97 2 5
63 98 4 3
63 100 9 3
64 66 10 1
64 68 6 1
64 70 6 1
64 71 4 3
64 72 1 9
64 73 6 9
64 74 6 9
64 75 7 4
64 76 3 5
64 77 3 10
64 78 3 3
64 79 10 2
64 80 2 1
64 81 1 10
64 82 9 9
64 84 1 3
64 86 10 4
64 87 8 9
64 88 8 2
64 89 7 4
64 90 1 10
64 91 5 7
64 92 10 4
64 93 7 5
64 94 10 8
64 95 5 1
64 96 5 4
64 97 5 4
64 98 4 5
64 99 3 2
64 100 1 7
65 66 10 10
65 70 8 1
65 71 1 3
65 72 1 2
65 73 3 7
65 74 6 10
65 75 1 10
65 76 4 4
65 77 7 10
65 78 7 3
65 80 5 9
65 83 8 2
65 84 3 7
65 85 10 3
65 86 6 2
65 87 7 4
65 89 6 7
65 90 7 2
65 91 9 2
65 93 8 10
65 94 6 4
65 95 5 5
65 96 5 4
65 97 9 4
65 98 6 5
65 99 4 6
65 100 6 9
66 67 3 1
66 68 1 7
66 69 10 1
66 70 3 9
66 71 5 2
66 72 1 4
66 73 5 9
66 74 7 1
66 75 3 5
66 76 8 10
66 77 8 1
66 78 8 6
66 79 10 6
66 80 2 6
66 82 6 10
66 83 10 8
66 84 4 3
66 86 2 6
66 87 7 6
66 89 2 8
66 90 9 10
66 91 1 4
66 92 10 3
66 94 4 5
66 95 2 2
66 96 4 8
66 97 2 2
66 98 5 2
66 99 2 3
66 100 6 3
67 68 1 2
67 69 1 8
67 71 7 1
67 72 7 2
67 73 7 9
67 74 1 10
67 75 7 10
67 76 4 1
67 77 3 9
67 78 9 4
67 79 3 9
67 80 7 1
67 81 10 5
67 82 10 5
67 83 2 8
67 87 1 8
67 88 3 10
67 89 10 7
67 90 3 5
67 91 3 10
67 92 9 8
67 93 1 5
67 94 3 1
67 95 4 10
67 96 10 2
67 97 6 2
67 99 3 8
67 100 3 6
68 69 4 4
68 70 9 1
68 71 6 3
68 72 6 6
68 73 3 7
68 77 1 7
68 78 8 1
68 79 3 4
68 80 4 4
68 83 8 5
68 84 1 2
68 85 10 1
68 87 5 5
68 90 9 6
68 92 9 5
68 93 7 6
68 95 4 6
68 96 7 10
68 97 6 6
68 98 6 4
68 99 10 9
68 100 9 8
69 70 9 5
69 72 6 3
69 74 3 4
69 75 9 1
69 76 7 4
69 77 10 4
69 78 1 3
69 79 7 4
69 80 2 6
69 81 3 2
69 82 3 4
69 83 9 8
69 84 2 2
69 85 4 9
69 86 4 4
69 87 2 7
69 89 2 1
69 90 1 3
69 91 7 7
69 92 8 4
69 93 4 2
69 94 2 10
69 97 3 3
69 98 5 6
69 100 3 8
70 71 3 9
70 72 7 9
70 73 1 2
70 78 3 6
70 79 2 6
70 80 2 8
70 81 5 2
70 82 9 4
70 84 3 4
70 85 7 3
70 86 10 6
70 88 3 1
70 90 10 1
70 92 2 6
70 94 7 6
70 95 6 2
70 96 5 6
70 97 7 9
71 72 4 4
71 73 8 5
71 74 5 4
71 76 3 5
71 77 4 5
71 78 10 7
71 79 10 8
71 80 6 1
71 81 6 6
71 82 10 7
71 83 1 4
71 84 9 10
71 87 1 1
71 88 1 7
71 90 7 7
71 91 6 10
71 92 7 4
71 93 10 4
71 95 5 6
71 96 8 10
71 97 3 6
71 98 6 6
71 99 3 1
72 73 6 9
72 74 8 3
72 75 1 3
72 76 1 8
72 77 1 6
72 78 1 4
72 79 10 10
72 81 9 9
72 84 3 7
72 85 10 4
72 87 5 1
72 88 4 4
72 91 3 7
72 92 6 9
72 93 7 8
72 94 7 8
72 96 4 3
72 97 4 5
72 98 10 7
72 99 8 6
73 74 10 3
73 78 5 1
73 79 2 9
73 80 3 8
73 81 7 8
73 82 4 6
73 83 9 10
73 85 1 2
73 86 5 3
73 87 10 5
73 89 6 8
73 90 7 4
73 91 3 5
73 92 5 8
73 93 4 9
73 94 6 2
73 95 4 8
73 96 9 7
73 97 1 6
73 98 5 3
73 99 3 8
73 100 7 7
74 75 2 2
74 77 9 8
74 78 3 6
74 79 9 4
74 80 1 4
74 82 5 1
74 83 3 6
74 84 3 2
74 86 8 4
74 87 4 8
74 88 2 9
74 90 2 2
74 91 7 3
74 92 9 8
74 93 2 8
74 95 6 1
74 96 8 7
74 98 6 3
74 99 10 7
74 100 1 1
75 76 4 1
75 77 9 3
75 78 7 5
75 79 7 7
75 80 4 5
75 81 7 10
75 83 4 5
75 84 7 7
75 85 1 3
75 86 8 2
75 87 8 10
75 88 8 6
75 91 3 5
75 92 7 8
75 93 8 3
75 94 7 9
75 95 2 2
75 96 4 1
75 97 3 9
75 100 1 4
76 77 2 8
76 78 10 7
76 79 6 10
76 80 1 6
76 81 4 9
76 83 9 10
76 85 6 7
76 86 4 10
76 87 4 8
76 88 8 10
76 90 6 1
76 91 9 9
76 92 1 8
76 94 1 8
76 96 9 8
76 97 5 3
76 98 7 5
76 99 4 5
76 100 5 8
77 78 5 3
77 79 9 4
77 80 9 8
77 81 10 7
77 83 6 9
77 84 5 9
77 85 8 7
77 87 4 9
77 88 5 9
77 91 7 2
77 92 6 3
77 94 1 7
77 95 10 6
77 96 7 5
77 98 3 1
77 99 9 1
77 100 4 2
78 80 2 4
78 81 1 5
78 82 8 1
78 83 2 10
78 84 6 5
78 87 4 4
78 88 1 3
78 89 2 8
78 92 8 2
78 95 3 5
78 96 5 2
78 97 6 5
78 98 5 7
78 99 8 8
78 100 6 10
79 80 7 6
79 81 3 5
79 82 8 6
79 83 3 6
79 84 5 5
79 85 6 8
79 86 10 10
79 89 7 2
79 91 10 1
79 92 6 8
79 93 4 7
79 94 4 7
79 95 5 2
79 96 4 5
79 98 2 3
79 99 4 1
79 100 8 9
80 81 6 2
80 82 10 5
80 84 5 5
80 85 4 6
80 86 10 7
80 87 10 8
80 88 6 5
80 89 6 5
80 90 4 1
80 92 7 2
80 94 9 9
80 95 1 5
80 96 3 4
80 97 2 1
80 98 7 9
80 99 1 2
80 100 10 2
81 82 2 4
81 83 3 9
81 84 6 2
81 85 2 8
81 86 5 7
81 87 8 9
81 88 1 4
81 89 10 10
81 90 4 8
81 92 10 8
81 93 4 2
81 94 4 2
81 95 5 7
81 96 7 8
81 97 9 9
81 98 3 5
81 99 8 5
82 83 1 10
82 84 9 10
82 85 4 6
82 87 7 9
82 90 2 8
82 91 7 8
82 93 9 6
82 95 10 4
82 96 1 10
82 97 7 6
82 98 2 2
82 99 6 7
82 100 9 9
83 84 9 8
83 86 2 1
83 87 9 4
83 88 1 8
83 89 10 2
83 91 10 2
83 92 9 6
83 93 9 2
83 94 1 10
83 95 8 8
83 96 5 10
83 97 9 9
83 98 7 3
83 99 10 5
84 85 6 7
84 86 1 8
84 87 2 3
84 88 8 10
84 89 5 10
84 90 10 3
84 91 7 4
84 92 7 6
84 93 5 3
84 94 7 6
84 95 1 3
84 96 9 1
84 97 2 9
84 99 8 2
85 86 9 7
85 87 5 2
85 90 6 1
85 91 1 4
85 92 9 6
85 95 8 8
85 96 10 1
85 97 5 6
85 98 2 5
85 99 4 1
85 100 9 4
86 87 4 8
86 88 9 8
86 89 10 2
86 90 5 3
86 92 1 6
86 93 6 6
86 94 2 8
86 95 7 7
86 96 9 7
86 97 2 7
86 98 8 5
86 99 10 9
86 100 1 2
87 88 5 3
87 89 7 7
87 90 2 3
87 91 1 6
87 94 3 8
87 95 5 4
87 96 1 2
87 97 3 7
87 99 4 3
87 100 5 9
88 90 8 9
88 91 8 7
88 96 1 5
88 97 4 2
88 98 8 6
88 99 7 2
88 100 3 9
89 90 10 9
89 92 9 8
89 94 8 4
89 95 3 7
89 96 4 2
89 98 3 5
89 99 1 7
89 100 9 3
90 91 3 1
90 92 6 4
90 93 8 2
90 94 1 6
90 95 1 9
90 96 4 2
90 98 8 8
90 99 1 1
90 100 3 5
91 94 8 5
91 95 8 10
91 96 1 10
91 97 3 5
91 98 2 8
91 99 6 10
92 93 9 10
92 94 10 1
92 95 4 4
92 96 5 9
92 98 3 4
92 99 7 6
92 100 3 1
93 94 5 1
93 95 4 1
93 96 5 1
93 97 9 2
93 98 5 3
93 99 6 5
93 100 3 8
94 96 3 5
94 97 10 2
94 98 9 1
94 100 9 7
95 96 9 9
95 97 8 5
95 99 1 10
95 100 6 1
96 97 2 2
96 98 5 5
96 99 1 2
97 98 3 6
97 99 7 8
97 100 9 3
98 99 2 3
98 100 6 4
99 100 1 1
1
1 2 3 4 5 6 7 8 9 10 11 12 13 14 15 16 17 18 19 20 21 22 23 24 25 26 27 28 29 30 31 32 33 34 35 36 37 38 39 40 41 42 43 44 45 46 47 48 49 50
