3969
1 2 4 1
1 3 5 7
1 4 4 9
1 5 4 9
1 6 5 7
1 7 3 8
1 8 4 3
1 10 5 3
1 12 6 5
1 13 1 7
1 15 7 2
1 16 3 10
1 17 10 1
1 18 6 6
1 21 4 1
1 22 1 3
1 23 1 6
1 24 8 4
1 26 4 9
1 27 7 4
1 28 8 8
1 30 4 5
1 31 5 10
1 32 6 7
1 33 10 3
1 34 2 5
1 35 7 7
1 36 1 3
1 37 3 7
1 38 6 5
1 39 1 9
1 41 5 4
1 42 10 2
1 43 7 4
1 44 5 5
1 45 9 8
1 46 6 9
1 47 2 5
1 48 6 10
1 49 10 5
1 50 6 9
1 52 3 3
1 53 6 5
1 54 4 4
1 57 8 2
1 58 3 10
1 59 3 9
1 63 5 7
1 65 6 4
1 67 9 2
1 68 7 8
1 70 5 2
1 71 9 8
1 72 3 2
1 75 8 3
1 77 10 5
1 78 6 8
1 79 1 10
1 80 1 2
1 81 3 10
1 82 5 4
1 83 8 9
1 85 3 8
1 87 1 10
1 88 5 3
1 89 10 1
1 90 3 1
1 91 7 5
1 95 10 4
1 96 2 10
1 97 8 10
1 98 9 5
1 99 7 10
2 3 8 10
2 4 9 6
2 6 5 4
2 7 7 10
2 10 6 10
2 11 3 1
2 12 2 8
2 13 1 8
2 14 4 1
2 15 7 2
2 16 2 4
2 17 6 7
2 19 9 4
2 20 6 6
2 21 3 1
2 23 2 9
2 24 6 7
2 26 3 6
2 27 9 6
2 28 4 6
2 29 5 3
2 30 8 7
2 31 9 3
2 32 3 4
2 33 7 5
2 34 1 8
2 35 1 5
2 36 9 3
2 37 8 6
2 38 3 7
2 39 2 8
2 40 5 10
2 41 1 8
2 43 4 2
2 44 10 7
2 45 6 2
2 47 7 1
2 48 7 9
2 49 3 3
2 50 9 8
2 51 5 7
2 52 3 10
2 53 9 10
2 54 5 3
2 55 8 10
2 56 2 9
2 57 6 5
2 59 3 10
2 62 8 7
2 63 7 9
2 64 9 3
2 65 6 6
2 66 2 2
2 67 7 2
2 68 5 3
2 69 8 6
2 70 8 1
2 71 8 1
2 72 3 9
2 73 7 2
2 74 10 7
2 75 9 5
2 76 5 9
2 77 5 3
2 78 8 8
2 79 4 1
2 80 1 5
2 81 9 7
2 82 7 10
2 83 8 1
2 84 6 7
2 85 3 9
2 86 1 5
2 87 4 6
2 88 8 4
2 89 5 3
2 90 8 5
2 91 5 6
2 92 7 2
2 93 5 2
2 94 3 1
2 95 3 8
2 96 8 6
2 97 10 6
2 98 9 4
3 5 10 10
3 6 6 9
3 7 2 3
3 8 3 5
3 10 7 8
3 12 6 4
3 13 5 5
3 14 3 8
3 15 8 6
3 16 9 2
3 17 7 7
3 18 8 9
3 19 1 7
3 20 1 2
3 21 8 7
3 23 7 8
3 24 10 1
3 25 3 5
3 26 5 7
3 27 8 6
3 28 2 9
3 29 8 2
3 30 9 7
3 32 1 8
3 33 5 4
3 34 5 3
3 36 7 2
3 38 5 3
3 39 8 3
3 40 8 3
3 41 4 6
3 42 7 6
3 43 1 7
3 44 9 10
3 45 10 8
3 46 8 1
3 47 3 3
3 48 6 3
3 49 10 9
3 50 10 8
3 52 4 10
3 54 1 7
3 56 2 5
3 57 3 7
3 58 3 10
3 59 9 1
3 60 9 4
3 61 9 4
3 62 2 10
3 63 1 1
3 64 6 3
3 65 7 9
3 68 9 2
3 69 4 3
3 71 1 4
3 72 2 4
3 73 4 1
3 74 5 3
3 75 8 2
3 76 3 4
3 78 1 7
3 79 8 4
3 80 9 8
3 81 10 6
3 82 1 5
3 83 7 5
3 84 2 5
3 86 10 2
3 87 7 1
3 88 1 8
3 89 6 5
3 90 9 3
3 91 6 8
3 92 7 5
3 94 6 3
3 95 4 4
3 96 6 4
3 97 7 1
3 98 2 1
3 99 3 6
3 100 3 5
4 5 10 9
4 6 5 10
4 7 4 9
4 8 5 2
4 9 10 6
4 10 10 3
4 11 6 5
4 12 2 6
4 13 9 4
4 14 4 7
4 16 8 10
4 17 9 7
4 18 9 3
4 19 3 5
4 21 7 6
4 23 7 8
4 24 5 5
4 25 5 5
4 26 6 2
4 27 2 6
4 28 5 4
4 30 3 5
4 31 2 2
4 33 10 8
4 34 7 5
4 35 10 10
4 36 7 2
4 37 10 7
4 38 4 3
4 39 3 1
4 40 8 10
4 41 5 3
4 42 6 7
4 43 7 8
4 44 1 3
4 45 7 2
4 46 4 3
4 47 9 10
4 48 8 1
4 49 9 8
4 50 10 3
4 51 7 7
4 52 1 3
4 53 10 5
4 56 7 1
4 57 10 7
4 59 1 1
4 60 8 6
4 63 1 1
4 64 9 2
4 65 10 6
4 66 7 1
4 67 3 6
4 69 7 2
4 70 3 5
4 71 10 8
4 72 2 3
4 73 7 1
4 77 4 7
4 78 8 10
4 79 3 4
4 80 7 7
4 81 7 5
4 82 3 3
4 83 4 2
4 84 3 2
4 85 5 3
4 86 1 2
4 87 1 10
4 88 8 8
4 91 3 4
4 92 2 2
4 93 5 3
4 94 3 1
4 95 10 9
4 96 8 2
4 99 6 7
4 100 9 8
5 6 4 2
5 7 10 8
5 9 3 10
5 10 5 3
5 11 10 6
5 12 3 4
5 14 6 9
5 15 8 7
5 16 4 2
5 17 5 6
5 18 5 4
5 19 1 2
5 20 7 3
5 21 6 7
5 22 9 10
5 23 1 1
5 24 3 2
5 25 4 3
5 26 9 2
5 28 9 1
5 29 6 5
5 30 8 5
5 31 10 8
5 32 6 6
5 33 10 4
5 34 9 8
5 35 8 10
5 37 10 6
5 38 9 5
5 39 3 8
5 40 3 6
5 41 6 6
5 42 8 5
5 43 7 9
5 44 8 5
5 46 6 5
5 48 5 10
5 49 9 10
5 50 4 6
5 51 6 10
5 52 10 7
5 53 4 8
5 54 8 3
5 55 8 7
5 57 2 7
5 58 6 9
5 59 7 1
5 60 6 1
5 61 8 8
5 62 8 7
5 63 8 3
5 64 4 4
5 65 9 7
5 66 7 7
5 67 7 9
5 69 7 3
5 70 6 8
5 72 9 9
5 73 3 10
5 75 2 7
5 76 5 10
5 78 4 9
5 79 7 6
5 80 9 3
5 81 7 5
5 82 7 3
5 83 10 9
5 84 8 10
5 85 2 7
5 86 4 4
5 87 3 3
5 88 8 3
5 90 3 2
5 92 5 4
5 95 3 3
5 96 5 6
5 97 5 7
5 98 5 4
5 99 7 6
5 100 5 5
6 7 7 2
6 8 9 4
6 9 10 5
6 10 6 9
6 12 3 8
6 13 3 9
6 14 1 2
6 15 8 7
6 16 2 9
6 17 8 4
6 18 1 8
6 20 8 4
6 23 7 5
6 25 4 3
6 26 8 4
6 27 9 4
6 29 2 1
6 31 1 10
6 32 8 9
6 33 10 8
6 34 9 7
6 36 10 6
6 37 5 3
6 38 5 2
6 39 2 8
6 43 2 2
6 44 9 1
6 45 3 6
6 46 7 5
6 47 7 7
6 48 2 10
6 49 1 8
6 50 9 1
6 51 4 2
6 52 9 6
6 53 7 6
6 54 7 4
6 55 7 6
6 56 2 5
6 57 4 7
6 59 7 8
6 61 2 5
6 62 5 5
6 63 5 7
6 66 3 8
6 67 5 2
6 68 3 4
6 70 2 2
6 71 1 7
6 72 2 4
6 73 7 8
6 74 5 1
6 75 3 2
6 76 7 2
6 77 5 3
6 78 5 9
6 79 6 4
6 80 4 8
6 81 2 8
6 83 5 1
6 84 3 7
6 85 4 7
6 86 10 8
6 88 6 7
6 89 1 2
6 91 10 9
6 92 7 5
6 93 1 6
6 94 8 8
6 95 5 3
6 96 6 8
6 97 5 3
6 98 6 6
6 100 7 7
7 8 4 7
7 9 8 10
7 11 7 4
7 12 7 6
7 13 9 10
7 14 5 1
7 15 3 7
7 16 1 5
7 17 4 2
7 18 10 8
7 19 1 4
7 20 1 8
7 23 9 10
7 24 9 4
7 25 10 10
7 26 3 3
7 27 9 2
7 29 3 8
7 30 1 9
7 31 8 6
7 32 10 5
7 33 10 10
7 34 7 3
7 36 1 3
7 37 10 10
7 38 10 7
7 39 3 7
7 41 4 10
7 42 6 7
7 43 3 6
7 44 8 1
7 45 7 10
7 46 6 10
7 47 10 3
7 48 10 4
7 49 4 10
7 50 6 1
7 51 2 3
7 52 10 10
7 54 1 1
7 55 2 7
7 56 8 7
7 57 7 1
7 59 5 7
7 60 7 9
7 61 8 6
7 63 2 3
7 64 8 7
7 65 1 3
7 67 2 7
7 69 6 4
7 71 7 1
7 72 3 6
7 74 2 1
7 75 9 8
7 76 7 2
7 77 5 10
7 78 4 4
7 79 5 5
7 80 1 9
7 81 2 3
7 82 10 9
7 83 2 4
7 84 10 10
7 85 2 3
7 86 9 5
7 88 3 7
7 89 3 10
7 90 6 1
7 91 5 7
7 92 10 10
7 93 3 1
7 94 5 1
7 97 4 10
7 98 3 1
7 99 10 1
7 100 4 6
8 9 8 3
8 10 6 1
8 11 4 2
8 12 10 4
8 13 5 9
8 14 9 9
8 15 1 2
8 17 10 4
8 20 9 9
8 21 2 5
8 22 7 8
8 23 2 3
8 24 4 1
8 25 1 9
8 27 1 4
8 28 7 6
8 29 8 8
8 31 1 6
8 32 5 2
8 33 3 6
8 35 10 1
8 36 1 9
8 37 4 1
8 38 2 10
8 39 2 5
8 41 3 4
8 43 8 10
8 45 3 9
8 47 5 4
8 48 7 8
8 49 4 9
8 50 6 10
8 52 5 7
8 54 6 6
8 55 10 6
8 57 7 8
8 58 8 10
8 59 4 5
8 60 1 2
8 61 7 1
8 62 4 3
8 63 8 3
8 64 3 4
8 65 7 5
8 66 10 5
8 67 6 10
8 68 6 1
8 69 5 3
8 70 6 6
8 71 1 2
8 72 6 8
8 73 5 5
8 74 3 10
8 75 2 1
8 76 7 3
8 77 3 9
8 78 3 7
8 79 3 2
8 82 10 1
8 85 7 6
8 86 7 10
8 87 3 10
8 88 10 5
8 89 1 8
8 90 8 7
8 91 8 7
8 93 10 9
8 94 5 5
8 96 1 1
8 97 10 7
8 98 5 7
8 99 8 7
8 100 6 3
9 10 6 4
9 11 6 2
9 12 8 3
9 13 1 4
9 14 10 1
9 15 8 2
9 16 7 2
9 18 6 9
9 19 5 7
9 20 10 5
9 21 6 10
9 22 1 5
9 23 10 6
9 24 6 3
9 26 8 3
9 27 3 10
9 28 5 3
9 29 9 4
9 33 7 9
9 36 5 9
9 37 6 9
9 38 3 8
9 41 5 6
9 43 8 1
9 44 6 10
9 47 7 10
9 48 5 8
9 49 6 9
9 50 3 9
9 52 7 6
9 53 4 6
9 54 8 7
9 55 8 3
9 56 4 4
9 57 9 9
9 58 4 9
9 59 5 7
9 60 10 9
9 61 3 9
9 63 3 5
9 64 4 2
9 65 8 6
9 67 5 10
9 68 8 2
9 69 7 1
9 70 2 5
9 71 7 10
9 72 10 2
9 73 1 6
9 74 5 4
9 75 5 8
9 76 3 2
9 77 8 8
9 78 10 3
9 79 7 1
9 81 2 8
9 82 10 6
9 83 4 10
9 84 4 4
9 85 8 4
9 86 6 6
9 87 2 8
9 88 3 3
9 89 7 7
9 91 3 6
9 92 9 8
9 93 2 5
9 94 7 4
9 95 5 5
9 96 7 6
9 98 2 5
9 99 1 2
9 100 3 10
10 11 7 5
10 12 3 4
10 13 4 1
10 15 1 4
10 16 7 1
10 17 9 3
10 18 8 10
10 19 6 10
10 20 6 2
10 21 3 6
10 23 8 7
10 24 3 10
10 25 6 4
10 26 3 2
10 27 8 7
10 28 9 4
10 31 9 4
10 32 5 2
10 33 4 2
10 34 3 10
10 35 2 5
10 36 1 3
10 38 9 6
10 39 10 5
10 40 10 4
10 41 4 3
10 42 8 2
10 43 8 1
10 45 8 5
10 46 4 10
10 47 6 8
10 48 2 4
10 49 2 3
10 50 7 10
10 51 7 7
10 52 4 9
10 53 10 7
10 54 8 3
10 57 5 2
10 58 10 3
10 59 9 7
10 60 8 9
10 61 7 3
10 62 5 6
10 63 3 10
10 65 4 7
10 67 4 3
10 68 7 5
10 69 3 9
10 70 5 6
10 72 5 4
10 73 3 7
10 74 3 3
10 75 10 6
10 77 7 10
10 78 3 7
10 79 6 4
10 80 7 3
10 81 10 3
10 82 3 10
10 83 5 8
10 84 2 3
10 85 1 5
10 86 8 9
10 87 4 9
10 89 1 9
10 90 3 7
10 91 4 3
10 93 3 2
10 94 7 6
10 95 4 3
10 96 4 5
10 98 4 3
10 99 4 8
10 100 4 7
11 12 6 8
11 13 2 9
11 14 6 2
11 15 4 2
11 16 5 7
11 17 1 8
11 18 1 7
11 19 2 3
11 20 2 7
11 21 9 4
11 22 1 1
11 23 7 6
11 25 5 7
11 26 1 1
11 27 5 10
11 30 9 1
11 31 10 6
11 32 2 7
11 33 9 7
11 34 4 4
11 35 7 4
11 36 3 2
11 37 10 9
11 38 8 10
11 39 6 4
11 40 2 7
11 41 9 7
11 43 6 2
11 44 10 8
11 47 5 8
11 48 9 5
11 51 2 10
11 52 8 9
11 53 6 3
11 54 10 8
11 56 10 5
11 57 3 8
11 59 5 7
11 60 2 1
11 61 6 4
11 63 10 8
11 64 1 8
11 65 5 7
11 66 9 7
11 67 6 7
11 68 5 8
11 70 6 8
11 73 2 5
11 74 4 4
11 75 1 10
11 76 1 9
11 77 6 6
11 78 1 10
11 79 6 9
11 80 7 4
11 81 6 4
11 83 5 4
11 84 1 1
11 85 4 1
11 86 9 6
11 87 3 5
11 88 8 7
11 89 1 3
11 90 7 7
11 91 2 10
11 92 1 3
11 94 2 6
11 95 6 7
11 96 7 10
11 98 3 7
11 99 9 8
11 100 4 1
12 13 9 8
12 15 9 9
12 16 1 8
12 18 4 10
12 19 9 5
12 20 4 4
12 21 8 3
12 22 2 3
12 23 7 9
12 24 2 9
12 26 9 1
12 28 1 9
12 29 8 2
12 30 2 7
12 32 8 8
12 33 9 6
12 34 10 7
12 35 10 10
12 36 9 1
12 38 7 5
12 39 10 3
12 40 6 6
12 41 3 3
12 42 3 2
12 44 3 9
12 45 3 8
12 46 10 6
12 47 7 4
12 48 4 8
12 49 5 6
12 50 2 10
12 51 1 6
12 52 6 7
12 53 4 10
12 54 3 5
12 56 1 1
12 57 7 7
12 58 7 3
12 59 3 9
12 60 10 6
12 61 6 5
12 62 2 6
12 63 5 6
12 64 10 3
12 65 10 7
12 66 3 5
12 67 5 8
12 68 3 8
12 70 3 10
12 72 7 7
12 74 6 10
12 76 1 5
12 77 2 4
12 78 10 1
12 79 3 3
12 80 4 7
12 82 10 5
12 83 7 8
12 84 9 8
12 85 9 3
12 87 1 6
12 89 2 7
12 91 8 3
12 93 2 3
12 94 7 2
12 96 4 4
12 97 8 9
12 100 9 3
13 15 4 4
13 16 4 3
13 17 2 4
13 18 5 6
13 20 8 9
13 21 9 1
13 22 9 3
13 23 5 5
13 24 5 8
13 26 9 8
13 27 1 1
13 28 10 4
13 29 4 3
13 30 6 8
13 31 10 7
13 32 3 6
13 33 4 4
13 34 2 1
13 35 10 1
13 36 1 9
13 37 4 7
13 38 6 1
13 39 5 1
13 40 2 3
13 41 9 8
13 43 7 3
13 46 6 9
13 49 1 8
13 50 7 10
13 51 9 10
13 52 1 1
13 53 5 9
13 54 5 9
13 55 4 8
13 57 2 5
13 58 10 10
13 59 1 8
13 60 3 10
13 61 10 5
13 62 2 2
13 63 7 4
13 64 10 6
13 65 4 4
13 66 9 6
13 67 3 7
13 68 7 6
13 70 4 6
13 71 5 4
13 72 4 8
13 74 10 5
13 75 7 5
13 76 4 9
13 77 1 2
13 78 9 3
13 79 5 6
13 81 5 3
13 82 10 7
13 84 1 3
13 85 7 5
13 86 2 4
13 87 10 4
13 90 6 5
13 91 7 6
13 92 4 5
13 93 2 10
13 94 2 6
13 95 10 8
13 96 3 1
13 98 7 2
13 100 5 3
14 15 3 3
14 16 10 4
14 17 9 2
14 18 6 8
14 19 9 5
14 20 4 7
14 21 2 4
14 22 10 2
14 23 3 1
14 24 6 10
14 25 3 4
14 26 8 8
14 27 9 8
14 28 3 8
14 29 9 8
14 30 8 3
14 31 8 5
14 33 5 10
14 34 3 10
14 35 10 3
14 36 10 1
14 37 8 7
14 38 2 6
14 39 10 9
14 40 2 4
14 41 4 3
14 42 9 2
14 43 8 1
14 44 3 3
14 45 3 9
14 46 2 7
14 47 10 5
14 50 9 3
14 51 7 8
14 52 5 3
14 53 3 7
14 55 6 5
14 56 6 10
14 57 10 10
14 58 5 6
14 60 4 6
14 61 2 2
14 62 10 6
14 63 4 6
14 64 9 5
14 65 9 4
14 68 7 8
14 69 6 5
14 70 4 7
14 72 4 4
14 73 4 5
14 74 2 7
14 75 5 10
14 76 3 9
14 77 1 1
14 79 3 8
14 80 8 3
14 81 4 9
14 83 1 2
14 85 9 8
14 86 4 3
14 87 6 9
14 88 10 1
14 89 3 6
14 90 1 9
14 92 5 8
14 94 9 8
14 95 7 4
14 98 10 1
15 16 5 3
15 17 10 7
15 18 1 4
15 19 2 10
15 20 1 1
15 21 8 4
15 22 4 1
15 23 6 10
15 26 5 6
15 27 10 7
15 28 7 7
15 29 10 7
15 30 9 5
15 31 2 7
15 32 10 6
15 34 8 6
15 35 4 10
15 37 8 6
15 38 4 6
15 39 10 1
15 40 3 2
15 41 9 2
15 42 7 9
15 44 5 10
15 46 1 9
15 47 8 8
15 48 1 6
15 49 7 10
15 51 2 6
15 52 6 2
15 54 8 9
15 55 6 8
15 56 3 7
15 59 5 3
15 60 8 7
15 61 6 5
15 63 7 5
15 64 2 9
15 65 2 9
15 66 2 9
15 67 5 10
15 69 7 8
15 70 1 9
15 72 5 4
15 73 4 1
15 74 9 8
15 75 7 7
15 76 4 1
15 77 7 9
15 78 4 4
15 79 1 8
15 80 6 8
15 81 5 7
15 82 7 5
15 83 4 10
15 85 10 6
15 86 3 6
15 87 6 4
15 88 2 6
15 89 7 3
15 90 8 6
15 91 5 7
15 93 9 1
15 94 7 3
15 96 5 7
15 97 1 2
15 98 9 4
15 99 6 2
15 100 8 3
16 17 7 3
16 19 10 9
16 20 6 10
16 21 2 7
16 22 10 5
16 23 1 2
16 26 2 8
16 27 8 7
16 28 9 8
16 29 9 1
16 30 10 10
16 31 7 7
16 32 1 4
16 33 7 9
16 34 3 3
16 35 9 6
16 36 4 9
16 37 6 9
16 38 6 6
16 42 10 1
16 43 3 4
16 44 2 4
16 45 4 4
16 46 3 10
16 47 4 6
16 48 2 9
16 49 6 9
16 50 2 3
16 51 7 9
16 53 2 8
16 54 8 4
16 55 4 8
16 56 2 9
16 57 7 4
16 59 4 7
16 60 5 10
16 61 3 2
16 62 9 3
16 63 10 8
16 65 9 2
16 66 5 6
16 67 5 6
16 68 3 3
16 69 1 1
16 70 7 5
16 71 6 8
16 72 8 5
16 73 3 8
16 74 5 4
16 76 8 2
16 77 5 5
16 78 7 7
16 79 9 6
16 82 7 2
16 83 5 6
16 84 10 2
16 86 3 5
16 87 8 5
16 88 5 6
16 89 2 8
16 91 9 8
16 92 4 1
16 93 6 2
16 94 10 8
16 95 3 7
16 97 6 1
16 98 7 7
16 100 5 2
17 19 9 9
17 20 3 9
17 21 6 8
17 22 1 5
17 23 4 7
17 25 6 1
17 26 6 7
17 27 10 9
17 28 4 3
17 29 5 2
17 30 6 10
17 31 8 2
17 32 8 9
17 33 10 5
17 34 9 5
17 35 7 6
17 36 4 8
17 37 9 3
17 39 7 10
17 40 10 7
17 42 6 3
17 43 6 5
17 44 2 6
17 45 7 4
17 49 6 10
17 50 8 9
17 51 2 10
17 53 7 4
17 55 3 8
17 56 4 6
17 57 4 5
17 58 9 8
17 61 1 7
17 62 8 4
17 63 7 5
17 64 9 3
17 65 6 10
17 66 2 3
17 67 4 6
17 68 4 5
17 69 6 10
17 70 2 1
17 71 9 5
17 73 10 7
17 77 1 8
17 78 6 4
17 79 7 10
17 80 4 9
17 81 7 6
17 82 1 8
17 83 9 8
17 85 1 9
17 86 1 3
17 87 10 10
17 88 5 10
17 90 10 9
17 91 5 7
17 92 8 2
17 93 4 7
17 94 1 5
17 95 10 5
17 96 3 7
17 97 4 5
17 98 4 8
17 99 4 6
18 19 7 5
18 20 5 10
18 21 6 6
18 22 7 10
18 24 3 2
18 26 4 5
18 27 7 9
18 28 3 3
18 29 10 7
18 31 2 4
18 32 8 7
18 35 4 6
18 36 8 2
18 37 3 5
18 38 3 1
18 39 3 4
18 40 6 1
18 41 4 8
18 42 4 2
18 43 7 4
18 45 2 5
18 46 3 3
18 48 3 7
18 49 7 7
18 50 6 3
18 54 9 7
18 56 2 8
18 57 8 6
18 58 7 10
18 59 10 6
18 63 7 9
18 64 10 5
18 66 1 9
18 67 2 1
18 68 2 3
18 69 6 2
18 70 3 8
18 71 9 1
18 72 3 1
18 73 2 10
18 74 4 7
18 75 5 3
18 77 6 6
18 78 9 9
18 79 4 1
18 80 7 6
18 81 8 6
18 82 3 1
18 83 6 7
18 84 8 1
18 85 1 10
18 86 7 5
18 87 6 9
18 88 9 9
18 89 1 7
18 91 2 9
18 92 7 9
18 93 1 10
18 94 7 3
18 97 10 2
18 98 9 1
18 99 9 3
18 100 2 4
19 20 7 10
19 21 8 8
19 23 4 9
19 24 10 9
19 25 9 7
19 26 4 3
19 27 9 3
19 28 3 1
19 29 10 3
19 31 1 8
19 32 6 6
19 33 6 10
19 34 7 2
19 35 8 8
19 36 5 5
19 37 6 10
19 38 4 6
19 39 9 6
19 40 8 4
19 41 5 9
19 42 6 10
19 43 5 9
19 44 1 7
19 45 7 10
19 46 7 6
19 47 8 10
19 48 7 8
19 50 10 1
19 51 5 1
19 52 5 8
19 53 8 9
19 54 10 2
19 55 4 4
19 56 2 7
19 57 4 5
19 58 10 5
19 59 3 6
19 60 4 1
19 61 1 7
19 62 10 1
19 64 3 7
19 65 10 10
19 66 9 6
19 68 9 10
19 69 1 7
19 70 5 2
19 72 3 8
19 74 7 3
19 78 8 7
19 79 8 1
19 80 4 6
19 81 8 10
19 82 4 6
19 84 10 10
19 85 7 2
19 86 4 2
19 87 1 10
19 88 2 4
19 89 7 1
19 90 7 4
19 91 3 4
19 93 6 2
19 94 2 5
19 95 5 6
19 96 6 6
19 97 10 6
19 98 4 10
19 99 9 10
19 100 6 7
20 21 8 9
20 22 2 1
20 23 7 2
20 24 1 1
20 25 10 10
20 26 8 2
20 27 3 6
20 28 3 10
20 29 9 3
20 30 1 8
20 31 2 6
20 32 1 4
20 33 8 1
20 34 2 6
20 35 7 1
20 37 3 4
20 38 5 1
20 39 1 1
20 40 1 4
20 41 3 2
20 42 1 7
20 43 8 4
20 44 8 1
20 46 5 7
20 47 10 5
20 48 10 2
20 49 6 5
20 50 10 9
20 51 6 1
20 52 5 6
20 53 9 5
20 54 10 4
20 55 9 10
20 56 6 3
20 57 6 3
20 58 4 9
20 59 10 4
20 60 10 7
20 61 2 7
20 62 10 2
20 63 4 4
20 64 9 2
20 66 6 10
20 67 1 1
20 68 8 5
20 69 5 10
20 71 5 4
20 72 2 3
20 74 2 10
20 75 5 6
20 76 9 10
20 78 5 8
20 79 9 6
20 80 8 3
20 81 7 4
20 82 8 7
20 83 2 1
20 84 3 4
20 85 4 10
20 86 1 4
20 87 9 3
20 88 5 8
20 89 9 5
20 90 8 7
20 91 9 4
20 93 3 5
20 94 2 6
20 95 2 4
20 96 6 3
20 97 9 3
20 98 8 3
20 99 6 7
20 100 6 4
21 22 8 8
21 23 6 3
21 26 8 1
21 27 3 9
21 28 2 8
21 30 5 1
21 32 9 8
21 34 1 7
21 36 1 1
21 37 10 3
21 38 5 10
21 40 2 8
21 41 1 2
21 43 7 4
21 45 1 10
21 46 1 5
21 47 10 3
21 48 4 10
21 50 5 1
21 51 6 1
21 52 4 2
21 53 10 4
21 54 5 1
21 55 1 9
21 56 6 6
21 57 8 6
21 59 10 4
21 60 9 6
21 61 2 7
21 62 10 2
21 63 4 4
21 64 6 10
21 68 2 10
21 69 5 6
21 70 2 9
21 71 1 1
21 72 6 9
21 74 8 6
21 75 10 6
21 76 2 1
21 78 2 5
21 79 2 6
21 80 2 7
21 81 5 8
21 82 6 9
21 83 4 4
21 84 3 7
21 85 4 7
21 88 9 4
21 90 8 4
21 91 9 3
21 92 2 8
21 93 4 2
21 95 10 7
21 96 10 2
21 97 8 5
21 98 9 4
21 99 2 3
21 100 8 8
22 23 5 7
22 25 2 10
22 26 8 2
22 28 2 7
22 29 3 1
22 30 1 8
22 32 7 9
22 33 4 2
22 35 3 7
22 36 2 10
22 37 8 8
22 38 1 3
22 39 4 6
22 40 7 3
22 41 8 6
22 42 8 3
22 43 4 5
22 45 2 10
22 46 8 10
22 47 9 2
22 49 1 1
22 52 2 5
22 53 2 8
22 54 2 7
22 57 1 7
22 59 5 3
22 60 7 6
22 61 1 4
22 63 5 8
22 64 1 8
22 65 7 1
22 66 7 2
22 67 10 3
22 68 8 10
22 69 2 1
22 70 2 10
22 71 9 5
22 72 5 9
22 73 10 9
22 76 1 7
22 77 10 5
22 78 4 8
22 79 10 6
22 80 10 3
22 81 4 6
22 82 9 10
22 84 7 4
22 85 6 10
22 86 2 6
22 87 4 1
22 88 7 7
22 89 7 8
22 90 10 3
22 91 2 3
22 93 6 5
22 94 7 8
22 95 8 3
22 97 3 5
22 98 1 6
22 100 10 5
23 26 3 7
23 27 4 1
23 28 8 1
23 29 1 4
23 30 4 3
23 32 3 10
23 33 4 1
23 34 3 5
23 35 8 8
23 36 10 4
23 37 3 7
23 39 6 10
23 40 6 1
23 42 3 6
23 43 7 9
23 45 4 2
23 46 6 3
23 47 10 8
23 48 3 7
23 49 2 4
23 50 9 2
23 52 5 2
23 53 6 1
23 54 5 8
23 55 1 3
23 58 2 9
23 59 8 1
23 60 3 4
23 61 8 1
23 63 1 5
23 64 9 2
23 65 10 6
23 66 7 8
23 67 1 8
23 69 7 6
23 70 5 4
23 72 3 3
23 73 9 5
23 74 1 10
23 76 9 3
23 77 1 4
23 78 1 2
23 79 8 6
23 80 4 8
23 81 4 7
23 82 4 10
23 83 2 3
23 85 8 5
23 86 2 1
23 87 2 2
23 89 9 5
23 90 8 5
23 91 10 10
23 92 7 1
23 93 4 8
23 95 3 6
23 96 10 9
23 97 6 10
23 99 10 3
23 100 6 7
24 25 10 3
24 27 3 10
24 28 2 4
24 29 3 7
24 30 10 8
24 31 1 3
24 32 10 4
24 33 5 3
24 34 1 2
24 36 10 3
24 38 5 7
24 39 7 10
24 40 3 7
24 41 4 2
24 42 4 8
24 43 5 9
24 45 3 7
24 46 5 2
24 49 7 8
24 50 9 5
24 51 2 6
24 52 5 10
24 53 8 7
24 55 8 5
24 56 1 4
24 57 3 4
24 58 5 7
24 59 7 2
24 60 2 3
24 61 9 10
24 62 4 7
24 63 3 7
24 64 6 9
24 65 9 10
24 67 3 8
24 69 9 8
24 71 7 6
24 72 9 7
24 73 6 2
24 74 1 2
24 77 8 4
24 78 3 10
24 79 6 9
24 80 2 7
24 81 2 4
24 82 10 4
24 83 6 6
24 85 2 2
24 88 9 9
24 89 10 8
24 90 10 3
24 92 9 1
24 93 9 4
24 94 10 2
24 95 5 10
24 96 3 10
24 97 1 5
24 98 8 4
24 99 4 3
24 100 7 5
25 26 5 9
25 27 5 9
25 28 2 1
25 30 3 4
25 31 4 1
25 32 2 1
25 33 6 1
25 34 7 10
25 35 6 1
25 36 6 5
25 37 1 10
25 38 7 4
25 39 8 7
25 40 2 9
25 41 7 3
25 42 5 5
25 43 9 5
25 45 3 10
25 46 5 1
25 47 10 1
25 48 6 6
25 49 1 1
25 50 9 7
25 51 9 5
25 52 4 4
25 53 7 1
25 56 9 3
25 57 7 2
25 58 7 3
25 59 6 9
25 61 5 7
25 62 7 1
25 63 6 10
25 64 9 6
25 65 7 5
25 66 8 8
25 67 10 7
25 68 6 10
25 69 10 2
25 71 2 6
25 73 4 5
25 74 3 7
25 75 8 10
25 76 6 10
25 77 7 4
25 78 9 7
25 79 6 10
25 80 1 7
25 81 6 7
25 82 10 7
25 83 8 3
25 84 7 7
25 86 1 2
25 88 4 9
25 90 8 9
25 91 7 2
25 94 1 10
25 95 1 9
25 96 5 3
25 97 7 8
25 98 8 6
25 99 1 5
26 27 2 3
26 29 5 6
26 30 9 1
26 31 6 8
26 33 7 9
26 34 1 9
26 35 2 2
26 36 7 5
26 37 4 1
26 38 1 10
26 39 1 2
26 40 2 6
26 41 1 7
26 43 8 2
26 45 5 5
26 46 4 6
26 47 1 7
26 48 5 1
26 49 1 1
26 50 2 1
26 51 3 6
26 52 4 8
26 54 1 1
26 58 4 2
26 60 5 5
26 63 2 9
26 64 8 6
26 66 2 7
26 67 5 5
26 69 2 1
26 70 6 2
26 72 10 2
26 73 1 7
26 74 5 1
26 76 3 2
26 77 3 5
26 78 3 2
26 79 10 1
26 80 1 1
26 82 4 2
26 84 7 5
26 85 1 1
26 86 9 6
26 87 6 7
26 88 9 6
26 90 6 8
26 91 9 2
26 92 8 7
26 93 9 6
26 94 5 1
26 95 2 1
26 98 7 4
26 100 1 7
27 28 2 8
27 29 7 9
27 30 10 10
27 32 2 8
27 33 4 1
27 35 9 8
27 37 10 2
27 39 6 10
27 40 3 6
27 41 2 7
27 42 8 8
27 43 6 8
27 44 5 3
27 45 5 1
27 47 5 3
27 49 8 5
27 51 4 7
27 52 3 4
27 55 7 10
27 56 6 10
27 57 1 2
27 58 1 10
27 59 5 6
27 60 7 10
27 61 5 2
27 62 6 1
27 63 4 5
27 64 10 9
27 65 3 6
27 66 9 8
27 67 3 7
27 68 10 6
27 70 9 8
27 71 4 7
27 72 7 1
27 73 8 2
27 74 7 6
27 75 1 4
27 76 6 1
27 77 10 8
27 79 10 4
27 80 8 6
27 81 2 8
27 82 1 8
27 83 5 8
27 84 6 8
27 85 3 8
27 87 4 8
27 88 1 2
27 89 4 9
27 90 9 10
27 92 1 9
27 94 10 2
27 95 10 6
27 96 1 8
27 97 3 4
27 98 3 3
27 99 10 4
27 100 6 1
28 29 10 10
28 30 6 4
28 32 5 2
28 35 6 8
28 36 8 1
28 37 9 5
28 38 5 1
28 39 5 8
28 40 10 1
28 41 5 7
28 42 2 9
28 43 9 9
28 44 4 2
28 45 1 9
28 46 2 7
28 47 1 7
28 48 2 6
28 49 8 2
28 50 1 8
28 51 6 1
28 53 2 7
28 54 9 9
28 55 8 9
28 56 6 2
28 57 10 8
28 58 3 8
28 59 5 8
28 61 9 10
28 64 5 3
28 65 10 8
28 66 3 4
28 69 9 1
28 70 6 5
28 71 6 3
28 72 7 1
28 74 8 7
28 76 3 10
28 77 5 3
28 78 7 8
28 79 6 9
28 81 6 5
28 82 7 4
28 84 8 8
28 85 5 9
28 86 8 10
28 87 1 1
28 91 1 4
28 93 4 10
28 94 10 7
28 95 1 9
28 96 3 4
28 97 5 1
28 98 6 3
28 99 10 5
29 30 9 1
29 31 3 8
29 33 5 10
29 34 6 7
29 35 9 5
29 36 3 9
29 37 1 2
29 43 3 4
29 44 3 8
29 45 1 7
29 47 7 7
29 48 5 5
29 49 4 3
29 50 7 6
29 51 1 9
29 52 9 7
29 53 2 2
29 54 8 1
29 57 9 9
29 58 2 6
29 59 10 2
29 60 3 6
29 61 1 6
29 63 5 4
29 64 6 7
29 65 1 7
29 66 10 3
29 67 4 5
29 68 3 8
29 69 3 5
29 71 5 8
29 72 6 10
29 73 9 3
29 74 10 8
29 76 6 5
29 77 10 6
29 78 9 5
29 79 4 7
29 80 6 1
29 81 6 9
29 82 5 1
29 83 8 5
29 84 3 6
29 86 10 8
29 87 6 2
29 89 1 9
29 90 2 3
29 91 2 8
29 92 1 8
29 93 6 1
29 95 7 3
29 96 9 3
29 97 1 7
29 98 4 4
29 99 9 2
29 100 3 4
30 32 1 4
30 34 3 3
30 35 9 10
30 36 7 6
30 38 9 1
30 39 3 1
30 40 2 6
30 42 4 7
30 43 4 5
30 44 6 8
30 45 1 8
30 46 6 5
30 47 1 3
30 48 3 9
30 50 6 5
30 51 2 7
30 53 6 10
30 54 3 3
30 55 8 1
30 56 2 1
30 58 5 4
30 60 10 1
30 61 3 2
30 62 5 10
30 64 7 5
30 65 4 6
30 66 3 6
30 67 2 4
30 68 3 3
30 69 10 4
30 70 2 9
30 71 5 1
30 72 2 6
30 73 6 6
30 74 3 2
30 75 4 3
30 76 1 4
30 77 3 1
30 78 2 6
30 79 1 4
30 80 7 3
30 81 3 9
30 83 9 8
30 84 4 1
30 85 1 8
30 89 7 6
30 90 3 4
30 92 9 10
30 93 1 3
30 94 4 9
30 96 2 8
30 99 6 6
31 33 8 7
31 34 6 8
31 36 2 2
31 37 9 10
31 38 5 9
31 39 2 4
31 40 5 10
31 42 5 9
31 43 10 10
31 44 1 5
31 45 5 1
31 46 6 9
31 48 1 8
31 49 7 5
31 50 9 7
31 52 10 6
31 53 4 2
31 54 3 3
31 55 6 4
31 56 3 2
31 58 8 10
31 59 8 1
31 61 6 1
31 62 8 10
31 63 8 3
31 64 3 8
31 65 5 6
31 69 6 2
31 71 3 7
31 73 10 7
31 74 3 1
31 75 1 5
31 76 4 2
31 77 7 1
31 78 6 8
31 79 9 4
31 80 1 6
31 81 3 7
31 83 8 1
31 85 4 8
31 86 2 1
31 87 8 5
31 89 3 6
31 92 6 4
31 93 4 3
31 94 2 1
31 95 9 2
31 96 4 2
31 97 5 7
31 99 4 2
31 100 3 10
32 33 3 6
32 34 3 1
32 35 2 6
32 36 5 3
32 37 2 6
32 38 1 3
32 39 2 4
32 40 8 2
32 41 6 3
32 42 3 2
32 43 10 2
32 45 1 10
32 46 10 1
32 47 1 6
32 48 8 7
32 49 6 7
32 51 2 7
32 52 8 4
32 53 9 1
32 54 2 1
32 55 7 9
32 57 9 5
32 58 8 5
32 59 5 5
32 61 3 6
32 62 4 4
32 63 2 8
32 65 3 2
32 66 6 10
32 67 7 4
32 69 1 7
32 70 8 2
32 71 3 6
32 72 1 6
32 73 2 9
32 74 5 9
32 75 8 2
32 77 1 10
32 79 6 5
32 80 1 7
32 81 3 6
32 82 5 10
32 83 2 6
32 84 8 6
32 85 7 9
32 86 4 5
32 87 1 4
32 88 3 7
32 89 1 9
32 90 5 2
32 92 3 4
32 93 2 1
32 94 3 9
32 95 5 4
32 96 6 10
32 99 1 5
33 34 7 5
33 35 3 7
33 36 8 10
33 37 4 8
33 38 2 8
33 39 1 3
33 40 10 10
33 41 8 10
33 42 9 1
33 43 2 7
33 45 8 7
33 46 6 8
33 47 8 10
33 48 4 3
33 50 1 2
33 51 5 10
33 52 8 6
33 53 2 1
33 54 4 6
33 55 6 7
33 56 5 6
33 57 10 4
33 59 4 3
33 60 2 8
33 61 8 7
33 62 6 10
33 64 4 3
33 66 5 2
33 70 6 5
33 72 3 1
33 73 7 8
33 74 2 10
33 75 3 1
33 76 6 2
33 77 9 7
33 78 3 7
33 79 10 9
33 81 9 1
33 82 2 7
33 83 1 7
33 84 1 2
33 85 5 3
33 86 1 8
33 87 8 10
33 88 5 9
33 90 5 1
33 91 10 9
33 92 4 1
33 93 6 10
33 94 9 3
33 95 5 6
33 96 9 7
33 97 8 10
33 98 1 8
33 99 5 5
33 100 6 2
34 35 9 4
34 36 9 7
34 37 5 6
34 38 6 5
34 39 9 2
34 40 7 1
34 41 4 9
34 42 9 10
34 43 2 1
34 44 6 4
34 45 3 5
34 46 10 10
34 47 5 4
34 49 9 1
34 50 6 6
34 51 6 2
34 52 4 8
34 54 3 4
34 55 6 8
34 56 8 4
34 57 5 6
34 58 6 1
34 59 2 8
34 60 10 4
34 61 7 6
34 62 8 5
34 63 8 9
34 64 8 10
34 65 3 5
34 66 2 10
34 67 1 1
34 68 5 10
34 69 3 1
34 70 5 6
34 71 8 1
34 72 6 7
34 73 7 2
34 78 9 7
34 80 6 8
34 81 9 8
34 83 9 1
34 84 1 9
34 87 1 7
34 88 6 1
34 89 8 4
34 90 10 5
34 91 4 5
34 92 5 1
34 93 8 1
34 94 3 8
34 95 6 5
34 97 7 9
34 100 4 1
35 36 1 5
35 37 2 3
35 38 6 9
35 39 8 1
35 40 6 9
35 41 8 4
35 42 2 10
35 43 2 7
35 44 9 6
35 45 4 6
35 46 10 1
35 47 2 1
35 48 8 10
35 49 8 8
35 50 4 7
35 51 8 9
35 52 5 1
35 53 10 8
35 56 10 8
35 57 8 7
35 58 9 7
35 61 6 6
35 62 6 6
35 63 4 6
35 64 1 10
35 66 2 9
35 67 6 3
35 68 10 3
35 71 5 4
35 72 5 5
35 73 2 5
35 74 5 9
35 75 2 10
35 76 7 1
35 77 1 6
35 78 4 5
35 79 4 4
35 80 9 9
35 81 2 6
35 83 5 3
35 84 1 2
35 85 1 6
35 88 2 9
35 89 1 4
35 91 6 2
35 92 7 2
35 93 7 6
35 95 4 3
35 96 6 3
35 97 10 9
35 98 2 3
35 99 9 3
35 100 5 5
36 37 9 9
36 38 2 9
36 39 4 2
36 40 5 2
36 41 2 3
36 42 8 3
36 43 9 7
36 44 4 1
36 45 7 4
36 46 9 2
36 47 7 3
36 48 2 10
36 49 4 10
36 50 6 6
36 51 6 3
36 53 8 7
36 54 6 9
36 55 1 8
36 56 5 5
36 57 3 10
36 58 2 10
36 59 9 4
36 60 6 7
36 61 10 2
36 62 6 3
36 63 9 4
36 64 7 2
36 65 9 6
36 66 4 6
36 67 3 5
36 68 2 5
36 70 5 8
36 71 2 4
36 73 8 4
36 74 10 8
36 75 2 4
36 76 1 10
36 77 6 3
36 78 2 2
36 80 2 9
36 82 5 9
36 83 2 4
36 84 3 6
36 85 9 5
36 87 2 4
36 89 1 2
36 90 1 2
36 91 6 6
36 92 6 10
36 93 2 5
36 95 4 1
36 96 5 9
36 97 5 9
36 98 4 6
36 99 5 5
37 38 5 4
37 41 4 3
37 44 10 1
37 45 3 8
37 46 2 7
37 47 2 2
37 48 1 7
37 49 8 8
37 50 7 1
37 51 2 9
37 53 4 8
37 55 1 8
37 56 6 3
37 57 5 7
37 58 2 10
37 59 6 4
37 61 10 9
37 62 4 2
37 63 7 7
37 64 2 5
37 65 5 1
37 67 6 3
37 68 10 6
37 70 6 2
37 71 10 7
37 72 1 9
37 73 5 10
37 75 9 7
37 76 5 4
37 77 9 4
37 78 7 10
37 81 2 1
37 82 9 6
37 83 8 1
37 84 5 9
37 85 6 3
37 87 2 6
37 88 5 9
37 90 3 8
37 91 6 1
37 92 10 9
37 95 8 4
37 97 8 3
37 98 1 2
37 99 7 8
37 100 1 2
38 39 7 1
38 40 5 8
38 41 6 1
38 44 8 8
38 45 6 9
38 47 9 8
38 48 4 8
38 49 4 7
38 50 8 4
38 51 2 6
38 52 8 2
38 53 4 6
38 54 7 10
38 55 8 5
38 56 2 1
38 57 6 1
38 59 10 6
38 60 1 7
38 61 4 7
38 62 7 7
38 63 5 8
38 65 7 7
38 66 6 8
38 67 3 6
38 68 9 1
38 70 5 8
38 71 2 7
38 72 5 5
38 74 9 8
38 76 1 10
38 77 5 5
38 78 1 10
38 79 9 3
38 80 6 2
38 82 10 10
38 83 2 4
38 84 9 1
38 85 1 8
38 86 9 7
38 87 4 4
38 88 10 1
38 89 9 3
38 90 6 8
38 91 3 1
38 92 3 1
38 94 8 4
38 95 9 2
38 96 5 8
38 97 2 7
38 99 9 3
38 100 1 5
39 40 1 6
39 41 10 8
39 42 10 9
39 43 3 8
39 46 8 10
39 48 7 9
39 49 8 5
39 52 6 1
39 53 4 5
39 54 10 7
39 57 3 9
39 58 6 6
39 59 10 2
39 60 5 7
39 61 4 1
39 62 8 1
39 63 2 6
39 64 8 9
39 66 8 3
39 67 7 5
39 70 6 6
39 71 1 8
39 73 8 10
39 74 7 2
39 75 4 9
39 77 1 8
39 78 3 8
39 79 5 1
39 81 2 10
39 82 2 10
39 84 10 2
39 85 1 9
39 87 6 10
39 88 10 4
39 89 7 4
39 90 6 3
39 91 4 5
39 92 9 6
39 93 9 4
39 94 9 7
39 95 8 10
39 96 10 4
39 97 10 5
39 98 9 5
39 99 6 8
40 41 7 9
40 42 2 5
40 43 9 7
40 44 3 5
40 45 1 7
40 47 2 10
40 48 1 8
40 49 4 8
40 50 7 3
40 52 5 3
40 54 1 2
40 55 3 6
40 56 10 3
40 58 7 8
40 60 1 5
40 61 4 4
40 62 4 5
40 63 8 5
40 66 8 5
40 67 5 2
40 68 1 1
40 70 1 8
40 71 7 9
40 72 9 6
40 73 6 2
40 74 1 4
40 75 6 8
40 76 8 2
40 77 7 3
40 78 2 9
40 79 4 1
40 80 10 6
40 81 1 5
40 82 9 9
40 83 7 5
40 84 5 2
40 85 1 6
40 86 1 10
40 88 9 1
40 89 4 6
40 90 7 4
40 91 3 9
40 92 9 9
40 93 3 7
40 94 5 5
40 95 5 9
40 96 3 10
40 98 1 9
40 100 6 2
41 42 9 8
41 43 4 8
41 45 5 1
41 46 6 1
41 47 4 3
41 48 8 5
41 51 8 6
41 53 6 9
41 58 7 7
41 59 8 10
41 60 1 9
41 61 10 9
41 62 10 6
41 63 8 10
41 64 6 10
41 65 10 2
41 66 5 3
41 67 8 10
41 68 4 1
41 69 1 8
41 70 7 4
41 71 5 1
41 72 10 10
41 73 10 7
41 75 2 9
41 76 5 10
41 77 10 2
41 78 9 5
41 79 4 9
41 80 2 2
41 82 5 6
41 83 9 2
41 84 1 8
41 85 6 9
41 86 7 7
41 87 5 2
41 88 9 4
41 89 1 10
41 90 6 7
41 92 4 10
41 93 5 9
41 94 3 6
41 95 6 1
41 97 6 8
41 98 7 3
41 99 5 1
41 100 2 2
42 45 8 6
42 46 4 3
42 47 4 3
42 48 1 10
42 49 2 2
42 50 8 1
42 52 6 3
42 53 6 6
42 54 10 4
42 55 2 10
42 56 7 7
42 57 9 10
42 59 1 8
42 60 1 9
42 61 2 7
42 62 9 8
42 63 7 5
42 64 2 3
42 65 4 8
42 66 8 2
42 67 10 10
42 68 9 4
42 69 1 8
42 71 4 1
42 72 2 8
42 75 3 5
42 77 1 1
42 78 6 1
42 79 1 5
42 81 9 4
42 83 9 1
42 84 3 7
42 87 3 4
42 89 6 7
42 90 4 8
42 91 4 9
42 92 7 1
42 93 6 2
42 94 6 4
42 95 9 9
42 96 9 9
42 97 10 8
42 99 6 10
42 100 7 7
43 44 6 3
43 45 7 7
43 47 9 7
43 49 7 1
43 50 10 2
43 51 2 4
43 52 6 9
43 56 8 4
43 58 7 8
43 59 9 4
43 60 6 9
43 62 5 3
43 63 8 5
43 64 7 3
43 65 6 6
43 66 3 3
43 67 4 8
43 68 6 5
43 69 4 10
43 70 6 8
43 71 10 9
43 72 7 8
43 73 9 4
43 76 7 10
43 77 6 3
43 78 2 3
43 80 7 2
43 81 2 5
43 82 6 8
43 84 10 5
43 85 2 1
43 87 3 6
43 88 9 10
43 89 10 2
43 90 4 1
43 92 3 10
43 93 10 8
43 95 5 8
43 98 4 2
43 99 10 9
43 100 10 1
44 45 6 1
44 46 10 1
44 47 10 4
44 48 8 2
44 50 8 1
44 51 7 3
44 52 10 7
44 53 1 6
44 55 6 5
44 56 2 3
44 57 4 2
44 58 8 3
44 59 7 4
44 60 10 3
44 61 7 8
44 62 7 7
44 63 5 6
44 64 5 1
44 65 9 9
44 67 4 1
44 68 5 6
44 69 10 6
44 71 9 3
44 72 6 1
44 73 2 6
44 75 2 1
44 76 10 1
44 78 6 3
44 79 10 3
44 80 10 4
44 81 5 2
44 82 9 10
44 83 10 8
44 84 3 10
44 85 1 9
44 86 2 6
44 87 7 9
44 90 2 4
44 91 4 9
44 92 4 5
44 93 8 1
44 94 1 10
44 95 10 9
44 96 7 9
44 97 5 9
44 98 4 3
44 99 2 7
45 46 10 10
45 47 5 2
45 48 9 6
45 49 4 5
45 50 1 7
45 52 5 5
45 54 1 3
45 56 2 10
45 57 1 8
45 58 6 9
45 60 7 5
45 61 1 6
45 62 8 6
45 64 7 9
45 65 10 6
45 66 3 10
45 68 5 6
45 69 5 6
45 70 4 5
45 71 2 4
45 74 3 10
45 75 3 8
45 76 8 3
45 77 3 8
45 78 9 2
45 80 7 3
45 81 9 6
45 82 6 3
45 83 5 1
45 84 9 3
45 85 3 1
45 86 6 7
45 87 7 8
45 89 10 5
45 90 9 3
45 91 8 6
45 92 2 8
45 93 5 10
45 94 1 5
45 95 3 1
45 96 8 7
45 98 1 3
45 100 9 1
46 47 3 6
46 49 9 10
46 50 1 6
46 51 2 9
46 52 2 7
46 53 7 5
46 54 3 5
46 55 10 7
46 56 4 7
46 58 8 6
46 59 1 3
46 61 9 3
46 62 1 7
46 63 4 4
46 64 10 1
46 65 5 10
46 66 1 5
46 67 3 5
46 68 4 1
46 69 9 8
46 70 10 3
46 71 7 10
46 72 5 5
46 73 1 8
46 75 8 1
46 76 4 10
46 77 5 6
46 78 8 3
46 79 2 5
46 80 9 1
46 82 5 1
46 83 7 7
46 84 1 4
46 86 10 6
46 89 6 6
46 91 5 6
46 94 6 8
46 95 6 2
46 96 3 2
46 97 9 5
46 98 4 7
46 99 2 1
46 100 2 2
47 48 8 10
47 50 6 5
47 51 10 9
47 52 5 5
47 54 3 3
47 55 4 1
47 56 1 1
47 57 7 9
47 58 7 2
47 59 6 1
47 61 7 6
47 62 10 7
47 64 8 6
47 65 10 1
47 67 2 9
47 68 2 1
47 69 3 1
47 70 9 1
47 71 8 4
47 72 9 8
47 73 7 1
47 74 6 2
47 75 5 5
47 76 9 2
47 77 3 7
47 79 10 7
47 81 8 10
47 82 4 7
47 83 9 8
47 84 6 4
47 86 3 10
47 87 9 5
47 88 10 5
47 90 7 3
47 92 2 6
47 94 8 9
47 95 9 8
47 96 4 4
47 97 5 9
47 98 2 2
47 99 4 1
48 49 3 4
48 50 7 9
48 51 1 4
48 52 9 6
48 53 3 7
48 54 8 4
48 55 4 6
48 56 5 8
48 57 2 8
48 59 1 7
48 60 6 9
48 62 3 1
48 63 3 2
48 64 9 9
48 65 8 8
48 66 8 9
48 68 6 4
48 69 2 8
48 70 10 7
48 71 3 9
48 72 9 6
48 73 4 4
48 74 6 4
48 76 3 1
48 77 6 5
48 78 5 9
48 79 4 4
48 80 6 9
48 81 1 9
48 82 1 9
48 83 7 3
48 84 3 4
48 85 7 6
48 86 2 10
48 87 5 10
48 89 3 3
48 92 5 7
48 93 2 3
48 94 5 9
48 95 10 1
48 97 8 7
48 99 3 5
48 100 9 5
49 50 10 9
49 52 1 1
49 53 7 1
49 54 6 6
49 55 7 9
49 56 5 4
49 58 9 5
49 59 9 4
49 60 5 2
49 63 5 7
49 65 4 2
49 66 9 3
49 67 4 4
49 68 1 8
49 69 9 2
49 71 7 7
49 72 4 7
49 73 1 7
49 74 4 8
49 76 8 10
49 77 6 1
49 78 3 7
49 79 5 5
49 80 7 1
49 81 2 7
49 83 1 10
49 84 3 2
49 85 7 3
49 86 2 7
49 87 7 10
49 88 9 2
49 89 6 1
49 90 1 1
49 91 6 8
49 92 5 3
49 93 8 1
49 95 1 9
49 96 3 2
49 99 8 2
50 51 3 2
50 52 10 4
50 53 1 3
50 54 8 3
50 55 3 4
50 56 9 1
50 57 5 6
50 58 2 8
50 59 8 4
50 60 2 5
50 61 2 6
50 62 8 5
50 63 7 5
50 64 2 9
50 66 5 4
50 67 1 7
50 68 4 6
50 69 4 7
50 70 4 10
50 71 2 1
50 72 2 8
50 73 9 4
50 74 5 3
50 75 6 4
50 76 10 6
50 77 8 1
50 78 4 5
50 79 7 3
50 80 8 1
50 81 6 1
50 85 9 1
50 87 6 2
50 88 4 1
50 89 1 3
50 91 7 10
50 92 5 5
50 93 3 7
50 94 2 2
50 96 10 4
50 97 7 10
50 98 4 6
50 99 8 7
50 100 2 3
51 52 8 7
51 53 2 1
51 54 10 1
51 55 5 5
51 56 3 9
51 58 5 8
51 59 8 7
51 60 2 9
51 61 4 3
51 63 7 8
51 64 6 2
51 65 4 4
51 66 1 10
51 67 8 7
51 68 3 9
51 70 7 1
51 71 8 7
51 72 2 7
51 74 7 5
51 75 4 7
51 76 4 9
51 78 2 1
51 79 9 6
51 80 4 1
51 81 5 6
51 82 3 3
51 83 8 9
51 84 9 3
51 86 7 2
51 87 3 6
51 88 5 6
51 90 7 2
51 91 7 6
51 93 10 7
51 96 7 6
51 97 4 2
51 98 9 5
51 99 10 9
51 100 10 7
52 53 9 2
52 54 8 9
52 55 5 10
52 56 8 5
52 57 4 5
52 58 6 4
52 59 6 9
52 60 2 1
52 61 6 9
52 62 2 3
52 63 1 5
52 64 6 8
52 66 1 8
52 67 8 1
52 69 5 6
52 70 6 1
52 71 7 7
52 72 8 9
52 74 1 4
52 75 4 1
52 76 9 3
52 77 9 4
52 78 4 6
52 79 10 10
52 81 3 7
52 82 7 3
52 83 6 8
52 84 1 7
52 85 8 6
52 86 8 8
52 87 5 3
52 88 5 2
52 89 6 3
52 90 1 9
52 91 1 1
52 92 5 2
52 93 5 1
52 94 4 8
52 95 8 10
52 99 6 10
52 100 3 9
53 54 5 2
53 56 3 2
53 57 4 9
53 58 6 2
53 59 3 4
53 60 6 2
53 61 6 3
53 62 4 3
53 64 3 3
53 65 9 5
53 66 2 1
53 67 9 2
53 68 6 2
53 69 8 3
53 70 7 3
53 71 1 1
53 72 10 9
53 73 6 10
53 74 10 2
53 75 5 5
53 77 9 1
53 79 5 4
53 80 9 2
53 81 1 5
53 82 8 8
53 83 7 5
53 85 3 2
53 86 1 9
53 87 1 2
53 88 6 6
53 89 9 2
53 91 4 1
53 92 8 6
53 93 2 3
53 94 3 8
53 95 7 4
53 96 6 8
53 97 6 1
53 98 7 1
53 99 3 6
53 100 5 8
54 56 4 4
54 57 8 2
54 58 8 3
54 59 8 7
54 60 3 6
54 61 6 3
54 62 8 6
54 63 1 2
54 64 4 7
54 66 9 10
54 67 1 7
54 70 5 5
54 72 1 4
54 73 2 1
54 74 6 1
54 75 8 1
54 76 4 4
54 77 10 3
54 78 1 9
54 79 7 6
54 80 7 2
54 81 6 4
54 83 10 6
54 85 1 8
54 86 3 8
54 87 10 1
54 88 8 1
54 90 5 2
54 92 8 7
54 93 3 2
54 94 4 7
54 96 1 10
54 97 5 7
54 98 7 9
54 99 1 1
55 57 1 8
55 58 10 6
55 60 2 3
55 62 6 3
55 63 3 7
55 64 6 3
55 65 9 6
55 66 8 2
55 67 8 1
55 68 10 6
55 70 3 2
55 71 6 1
55 72 3 1
55 73 1 6
55 74 4 5
55 75 5 9
55 76 4 1
55 77 4 1
55 78 5 6
55 79 9 7
55 80 5 2
55 81 6 8
55 83 3 3
55 84 9 1
55 85 2 4
55 86 8 5
55 88 8 6
55 89 2 3
55 90 2 9
55 92 1 9
55 94 2 4
55 95 10 6
55 96 3 1
55 98 1 4
55 99 4 1
56 57 4 6
56 59 1 4
56 60 8 3
56 61 4 6
56 62 10 6
56 63 2 6
56 64 10 4
56 65 7 4
56 66 10 4
56 67 6 4
56 68 3 2
56 69 4 3
56 70 7 3
56 71 3 2
56 72 6 10
56 73 9 5
56 76 2 3
56 77 10 6
56 78 7 3
56 79 2 6
56 80 6 3
56 81 7 7
56 83 1 5
56 84 9 1
56 85 5 1
56 86 1 5
56 88 2 1
56 89 5 4
56 90 1 2
56 91 5 8
56 92 7 8
56 93 1 3
56 94 4 4
56 95 3 9
56 96 2 4
56 97 8 10
56 98 6 10
56 100 7 1
57 59 9 4
57 61 10 5
57 64 10 7
57 65 7 6
57 66 4 6
57 67 2 10
57 69 5 7
57 70 10 8
57 71 8 6
57 72 9 10
57 73 6 7
57 74 9 2
57 75 7 6
57 76 3 1
57 77 10 1
57 78 7 10
57 79 8 10
57 80 7 3
57 81 3 3
57 82 1 2
57 85 1 2
57 86 7 4
57 87 5 9
57 88 8 3
57 89 10 6
57 91 7 9
57 92 2 1
57 93 6 7
57 94 3 9
57 95 4 7
57 96 6 7
57 97 5 4
57 98 7 9
57 99 9 5
57 100 7 3
58 59 3 9
58 60 3 4
58 61 9 3
58 63 2 4
58 64 5 8
58 65 2 5
58 66 5 10
58 67 10 7
58 68 1 4
58 69 5 8
58 70 5 5
58 71 5 9
58 73 1 10
58 74 6 4
58 75 5 5
58 77 8 4
58 79 2 8
58 80 1 10
58 81 1 10
58 82 4 6
58 83 9 6
58 85 7 6
58 86 6 5
58 87 3 1
58 88 1 8
58 89 8 3
58 90 5 10
58 91 10 6
58 93 7 2
58 94 5 9
58 95 5 6
58 96 1 4
58 97 4 5
58 98 8 8
58 99 5 3
58 100 9 10
59 60 3 10
59 61 2 5
59 62 6 6
59 63 5 4
59 64 1 4
59 65 4 2
59 66 1 3
59 67 9 3
59 68 4 9
59 69 7 5
59 70 8 7
59 71 8 3
59 72 8 10
59 73 5 8
59 76 4 4
59 78 6 7
59 79 5 8
59 80 10 3
59 81 10 3
59 82 3 2
59 83 2 5
59 85 4 9
59 86 8 8
59 87 2 1
59 88 7 5
59 89 1 8
59 90 2 5
59 91 10 8
59 92 1 3
59 93 9 8
59 95 6 4
59 96 3 5
59 98 4 8
59 99 10 10
59 100 1 3
60 61 10 9
60 62 5 9
60 63 4 5
60 64 4 4
60 66 10 3
60 67 4 2
60 68 2 8
60 69 7 4
60 70 1 5
60 72 5 6
60 73 9 6
60 74 2 10
60 76 6 2
60 77 10 5
60 78 8 6
60 79 8 9
60 80 3 5
60 82 3 7
60 83 2 3
60 84 7 1
60 85 10 4
60 86 7 10
60 87 1 2
60 88 1 10
60 89 4 4
60 90 9 1
60 91 6 9
60 93 6 1
60 95 8 9
60 96 6 2
60 98 10 8
60 99 5 9
60 100 6 9
61 63 4 8
61 64 5 6
61 65 9 8
61 68 5 4
61 69 8 6
61 70 4 7
61 71 7 9
61 72 2 1
61 73 8 2
61 74 9 10
61 75 5 7
61 78 4 1
61 79 4 9
61 80 6 5
61 81 4 8
61 82 10 2
61 84 2 9
61 85 9 1
61 86 2 7
61 87 10 3
61 88 9 6
61 89 10 4
61 91 9 9
61 92 3 9
61 93 9 3
61 94 5 2
61 96 2 2
61 97 8 3
61 98 9 8
61 99 2 2
61 100 1 5
62 63 3 4
62 64 8 8
62 65 9 3
62 66 10 3
62 67 9 5
62 69 10 10
62 70 6 1
62 71 8 10
62 74 2 2
62 75 5 8
62 76 4 2
62 77 9 10
62 78 3 7
62 80 3 2
62 82 9 9
62 84 8 10
62 86 2 10
62 87 7 8
62 88 7 7
62 90 10 6
62 91 5 4
62 92 1 5
62 94 10 6
62 95 4 3
62 96 4 9
62 97 8 1
62 98 7 5
62 99 1 8
62 100 3 7
63 64 10 1
63 66 4 5
63 68 7 2
63 71 10 5
63 72 2 7
63 73 1 1
63 74 7 10
63 76 10 10
63 77 1 8
63 78 4 10
63 79 7 2
63 80 2 6
63 86 1 9
63 87 9 4
63 88 10 6
63 89 10 5
63 90 9 1
63 91 6 4
63 92 1 6
63 93 4 9
63 94 1 7
63 96 7 3
63 97 9 5
63 98 8 1
63 99 3 9
63 100 9 7
64 65 2 9
64 67 3 10
64 68 10 1
64 69 8 1
64 71 8 3
64 72 6 3
64 73 10 7
64 74 6 9
64 75 7 4
64 76 9 4
64 77 4 8
64 78 7 1
64 80 7 2
64 82 3 8
64 83 5 5
64 84 2 1
64 85 8 6
64 87 5 2
64 90 3 7
64 92 9 10
64 93 1 7
64 94 7 10
64 97 5 7
64 98 2 1
64 99 10 6
64 100 2 1
65 66 6 4
65 67 1 3
65 68 5 4
65 69 9 10
65 70 5 6
65 72 8 2
65 73 10 2
65 74 10 4
65 75 9 5
65 76 6 9
65 77 7 3
65 78 1 2
65 79 3 8
65 80 5 3
65 81 6 2
65 82 6 8
65 83 8 4
65 84 5 6
65 85 1 2
65 86 5 3
65 87 9 5
65 88 2 6
65 89 9 2
65 90 10 2
65 91 3 8
65 92 4 1
65 93 1 6
65 94 4 6
65 95 3 3
65 98 1 6
65 99 4 9
66 67 8 3
66 69 1 8
66 70 10 2
66 71 7 3
66 72 2 6
66 73 5 7
66 74 9 7
66 75 7 3
66 78 3 7
66 79 7 7
66 80 8 9
66 81 9 1
66 82 6 5
66 85 3 6
66 86 8 3
66 87 9 8
66 89 8 10
66 90 9 10
66 91 10 9
66 94 2 8
66 95 5 5
66 97 5 1
66 99 6 10
66 100 7 4
67 68 4 4
67 69 2 7
67 70 5 8
67 71 3 5
67 73 1 1
67 74 5 6
67 75 4 6
67 78 6 10
67 80 5 10
67 81 6 8
67 82 4 5
67 83 2 1
67 84 4 5
67 85 10 10
67 86 6 2
67 87 1 7
67 89 9 4
67 91 1 6
67 92 6 2
67 93 5 7
67 94 6 3
67 96 4 4
67 97 10 5
67 98 4 6
67 99 9 2
67 100 4 3
68 69 4 2
68 70 4 10
68 71 7 8
68 72 8 2
68 73 7 8
68 74 8 8
68 75 6 5
68 76 2 7
68 78 2 7
68 79 2 3
68 81 7 5
68 82 10 6
68 83 6 4
68 84 8 3
68 85 4 1
68 86 6 1
68 87 5 10
68 88 5 4
68 90 5 7
68 92 10 6
68 93 9 9
68 94 7 1
68 95 8 10
68 96 8 10
68 97 4 10
68 99 1 9
68 100 6 3
69 70 10 9
69 72 1 10
69 73 1 2
69 74 7 5
69 75 1 10
69 76 3 10
69 78 6 6
69 79 8 6
69 80 5 3
69 81 2 7
69 82 1 1
69 83 1 6
69 88 2 3
69 89 6 2
69 90 3 4
69 93 10 3
69 95 2 1
69 96 10 8
69 97 6 3
69 98 6 7
69 99 7 9
70 71 9 2
70 73 9 9
70 74 5 7
70 75 1 1
70 76 4 10
70 78 3 1
70 79 5 6
70 80 6 2
70 82 5 1
70 83 1 2
70 84 5 9
70 85 10 9
70 86 7 1
70 87 4 6
70 88 8 5
70 89 8 9
70 90 9 8
70 91 3 3
70 92 10 3
70 93 1 2
70 94 7 1
70 95 8 5
70 96 2 7
70 98 6 3
70 100 10 10
71 73 9 10
71 74 4 10
71 77 8 2
71 78 10 8
71 79 9 10
71 82 8 4
71 83 6 10
71 84 3 4
71 85 3 6
71 86 5 7
71 87 6 9
71 88 4 5
71 89 9 2
71 90 5 3
71 91 2 8
71 92 6 2
71 93 7 9
71 94 2 4
71 95 4 2
71 98 8 6
71 99 3 10
71 100 1 6
72 74 2 8
72 75 6 3
72 76 3 6
72 77 6 9
72 78 4 3
72 79 3 9
72 80 5 10
72 83 7 6
72 84 7 4
72 85 1 8
72 87 10 6
72 88 1 9
72 89 3 3
72 90 7 8
72 91 6 10
72 94 2 5
72 95 3 10
72 96 8 9
72 97 7 2
72 98 1 10
72 99 10 1
72 100 2 7
73 74 6 8
73 75 6 4
73 76 4 8
73 77 9 10
73 78 2 1
73 79 5 3
73 81 9 4
73 82 4 5
73 83 6 9
73 84 1 3
73 85 2 5
73 86 1 9
73 87 7 10
73 88 4 5
73 90 8 6
73 91 10 9
73 93 5 6
73 94 1 8
73 95 6 4
73 97 2 7
73 98 5 7
73 99 2 5
73 100 5 7
74 75 1 3
74 76 3 8
74 77 2 6
74 78 10 4
74 79 2 4
74 80 5 10
74 81 2 3
74 82 6 2
74 83 9 8
74 84 4 8
74 85 4 7
74 86 7 6
74 87 10 10
74 88 7 10
74 89 9 6
74 90 10 1
74 91 1 7
74 93 10 4
74 94 6 4
74 95 4 4
74 96 3 8
74 97 8 1
75 76 7 10
75 77 2 9
75 80 2 2
75 81 4 6
75 82 7 4
75 83 3 6
75 84 8 4
75 85 8 8
75 86 2 8
75 87 1 8
75 89 10 1
75 91 8 7
75 92 1 9
75 93 3 8
75 94 10 6
75 95 10 6
75 96 4 5
75 97 1 3
75 98 4 6
75 99 9 9
75 100 6 9
76 77 3 3
76 79 10 10
76 80 6 4
76 81 8 5
76 82 7 8
76 83 6 3
76 84 10 9
76 85 4 1
76 86 8 7
76 88 3 1
76 90 8 3
76 91 4 1
76 92 1 3
76 93 3 9
76 94 1 4
76 95 9 6
76 96 1 9
76 97 2 9
76 98 1 8
76 99 9 2
76 100 7 10
77 78 4 6
77 79 8 7
77 80 9 8
77 81 8 3
77 82 2 5
77 83 1 3
77 84 1 3
77 85 3 8
77 86 4 1
77 87 2 6
77 90 3 9
77 92 4 7
77 93 4 9
77 94 5 6
77 95 6 10
77 96 6 3
77 98 6 1
77 100 4 3
78 79 4 6
78 80 3 5
78 81 9 3
78 82 5 5
78 84 4 8
78 87 1 4
78 88 5 8
78 89 5 6
78 91 6 5
78 92 5 4
78 93 6 1
78 94 9 10
78 95 6 2
78 97 8 6
78 98 2 7
79 80 2 9
79 81 1 5
79 82 8 1
79 83 8 10
79 84 7 4
79 85 5 5
79 86 8 3
79 88 4 8
79 89 10 9
79 90 7 1
79 91 8 2
79 92 9 6
79 93 4 9
79 94 3 1
79 95 1 7
79 96 1 8
79 97 8 3
79 98 9 5
79 99 4 7
79 100 7 5
80 81 5 10
80 82 9 8
80 83 7 3
80 84 9 1
80 85 6 9
80 86 9 1
80 87 10 3
80 88 4 4
80 89 3 9
80 91 3 2
80 92 7 8
80 93 9 3
80 94 10 10
80 96 8 4
80 97 3 7
80 99 3 1
80 100 4 3
81 86 10 3
81 87 7 3
81 89 9 3
81 90 1 10
81 91 7 5
81 93 7 5
81 95 4 7
81 96 8 9
81 97 8 4
81 98 7 6
81 99 2 7
81 100 10 5
82 83 8 4
82 84 6 4
82 85 8 2
82 86 10 7
82 87 4 10
82 88 5 5
82 90 10 8
82 91 1 1
82 92 1 6
82 93 6 3
82 95 4 6
82 96 7 2
82 99 10 2
82 100 7 5
83 84 10 8
83 85 5 8
83 86 8 1
83 87 5 2
83 88 8 5
83 89 7 6
83 90 4 7
83 91 5 9
83 92 4 2
83 93 10 9
83 94 6 5
83 96 9 9
83 97 4 5
83 98 4 10
83 99 9 10
83 100 9 8
84 85 6 8
84 86 5 3
84 87 2 10
84 88 4 10
84 89 10 2
84 91 2 8
84 92 5 3
84 93 5 8
84 94 9 4
84 96 1 1
84 97 3 10
84 98 3 6
84 99 2 1
84 100 10 5
85 86 2 1
85 89 3 4
85 90 1 3
85 91 3 7
85 92 1 1
85 93 1 10
85 94 10 1
85 95 7 1
85 96 2 1
85 98 10 3
85 99 8 10
85 100 1 3
86 87 10 2
86 88 10 10
86 89 10 7
86 90 7 4
86 91 6 10
86 92 10 2
86 93 10 6
86 94 7 10
86 95 10 8
86 96 1 8
86 97 7 6
86 98 10 3
86 100 2 5
87 88 5 9
87 89 4 9
87 90 3 5
87 91 8 8
87 92 8 10
87 93 9 4
87 94 2 2
87 95 4 10
87 96 4 3
87 97 4 5
87 99 9 7
87 100 8 2
88 90 3 4
88 91 7 7
88 93 4 3
88 94 10 1
88 96 3 7
88 97 8 7
88 98 3 8
88 99 9 8
88 100 4 7
89 91 7 7
89 94 4 4
89 95 7 8
89 96 2 7
89 97 6 3
89 98 7 3
89 99 10 8
89 100 3 8
90 91 3 1
90 92 5 7
90 94 2 7
90 95 10 9
90 96 7 4
90 97 1 6
90 98 1 9
90 100 6 6
91 92 8 1
91 93 1 5
91 94 2 1
91 95 1 4
91 96 8 1
91 97 8 7
91 98 2 4
91 99 10 2
91 100 8 4
92 93 9 3
92 94 3 5
92 95 9 4
92 96 8 9
92 97 3 3
92 98 6 10
92 99 10 9
92 100 5 8
93 94 3 10
93 95 3 10
93 97 7 8
93 98 6 7
93 100 7 10
94 95 10 7
94 96 3 10
94 97 4 2
94 98 5 4
94 99 2 6
94 100 3 9
95 96 9 8
95 97 6 9
95 98 3 9
95 100 8 3
96 97 10 7
96 98 9 6
96 99 5 1
97 98 5 3
97 99 8 4
98 99 5 7
98 100 1 6
99 100 2 3
1
1 2 3 4 5 6 7 8 9 10 11 12 13 14 15 16 17 18 19 20 21 22 23 24 25 26 27 28 29 30 31 32 33 34 35 36 37 38 39 40 41 42 43 44 45 46 47 48 49 50
