3991
1 2 9 4
1 3 10 1
1 4 3 3
1 5 3 10
1 7 1 1
1 8 5 10
1 10 4 2
1 11 3 1
1 12 4 3
1 13 2 7
1 14 2 3
1 15 9 10
1 19 7 3
1 20 5 4
1 21 3 6
1 23 2 3
1 24 2 4
1 25 2 6
1 26 1 10
1 27 8 9
1 28 10 9
1 29 6 9
1 31 5 5
1 32 3 8
1 33 10 5
1 34 8 8
1 35 10 3
1 38 3 7
1 39 10 4
1 40 7 9
1 41 6 2
1 42 9 1
1 43 1 1
1 44 10 9
1 45 2 2
1 46 2 4
1 47 5 5
1 48 1 9
1 49 8 5
1 50 3 1
1 52 2 4
1 54 3 5
1 55 4 9
1 56 7 7
1 57 4 3
1 59 3 5
1 60 7 1
1 61 9 8
1 62 10 5
1 63 3 5
1 64 3 4
1 65 1 6
1 66 5 4
1 67 4 8
1 69 5 1
1 70 9 10
1 71 6 1
1 72 1 2
1 73 8 7
1 74 9 7
1 76 7 1
1 77 1 3
1 78 5 6
1 79 4 9
1 80 2 10
1 83 7 1
1 84 8 1
1 85 5 3
1 86 9 6
1 87 10 6
1 88 2 1
1 90 6 7
1 91 9 1
1 92 2 10
1 93 4 8
1 94 5 8
1 95 7 2
1 97 8 10
1 98 8 6
1 99 9 8
2 4 10 8
2 6 2 7
2 7 6 9
2 9 8 3
2 10 3 3
2 13 5 1
2 14 2 4
2 16 9 6
2 17 2 9
2 19 9 4
2 20 10 8
2 21 4 9
2 23 5 9
2 24 8 9
2 25 3 1
2 26 10 4
2 27 8 5
2 28 5 1
2 30 4 10
2 31 8 3
2 33 5 1
2 34 6 5
2 35 9 10
2 36 1 4
2 38 7 8
2 39 7 1
2 40 5 2
2 41 1 3
2 45 2 1
2 46 7 4
2 47 1 4
2 48 6 3
2 49 6 10
2 50 3 1
2 51 1 5
2 52 3 1
2 53 7 10
2 54 4 9
2 55 4 2
2 57 7 9
2 58 10 10
2 59 1 7
2 60 10 4
2 61 7 3
2 62 1 4
2 63 3 10
2 64 1 4
2 65 4 1
2 66 10 6
2 67 1 1
2 68 1 5
2 69 10 5
2 70 2 1
2 71 5 10
2 73 2 2
2 74 7 3
2 76 7 5
2 77 3 8
2 78 9 3
2 79 4 3
2 80 8 3
2 81 8 10
2 82 3 6
2 83 1 10
2 84 4 7
2 85 8 9
2 86 2 5
2 87 3 2
2 88 5 7
2 89 4 4
2 90 8 8
2 91 6 7
2 92 5 6
2 93 9 4
2 94 2 7
2 95 2 5
2 96 6 8
2 97 9 7
2 98 9 2
2 99 9 4
2 100 2 3
3 7 9 3
3 8 1 5
3 9 10 4
3 10 9 2
3 11 6 5
3 12 2 5
3 13 7 2
3 14 1 8
3 17 2 7
3 19 3 10
3 20 4 2
3 21 6 7
3 22 2 6
3 23 3 7
3 24 9 5
3 25 3 2
3 27 5 7
3 28 6 10
3 29 9 5
3 30 5 7
3 31 6 10
3 32 8 6
3 33 6 8
3 36 10 2
3 37 2 3
3 38 9 7
3 39 4 6
3 40 1 2
3 41 2 1
3 43 1 1
3 45 4 1
3 46 9 10
3 47 6 5
3 48 9 1
3 52 10 8
3 55 6 7
3 56 10 6
3 57 4 6
3 58 9 5
3 59 6 7
3 60 10 7
3 61 9 3
3 62 2 1
3 65 10 1
3 66 3 10
3 67 1 2
3 68 1 1
3 69 5 5
3 70 10 5
3 72 3 4
3 73 1 10
3 74 2 5
3 77 2 4
3 79 5 6
3 81 10 10
3 83 10 6
3 84 6 5
3 86 7 9
3 87 6 2
3 88 7 9
3 89 4 5
3 90 2 9
3 91 4 5
3 93 8 10
3 94 7 10
3 96 6 8
3 97 2 1
3 98 6 7
3 99 10 10
4 5 5 10
4 7 5 9
4 8 8 10
4 9 4 7
4 10 5 5
4 12 10 4
4 13 10 4
4 14 1 4
4 16 3 1
4 17 10 6
4 18 10 3
4 19 10 1
4 21 7 7
4 22 10 2
4 23 8 2
4 24 7 4
4 26 1 8
4 27 1 2
4 28 7 2
4 29 3 10
4 30 6 2
4 31 1 10
4 32 8 7
4 33 9 2
4 34 4 6
4 36 2 10
4 42 2 10
4 43 1 6
4 44 8 3
4 45 3 6
4 47 9 3
4 48 2 2
4 49 3 2
4 50 5 8
4 51 6 5
4 53 4 3
4 54 4 5
4 55 10 2
4 56 8 8
4 58 7 6
4 59 1 1
4 60 6 3
4 61 10 1
4 62 10 5
4 63 5 8
4 64 6 9
4 65 3 6
4 66 9 7
4 67 3 3
4 68 9 8
4 69 4 2
4 70 3 10
4 71 4 10
4 72 2 10
4 73 6 8
4 74 8 9
4 75 6 4
4 76 9 10
4 77 7 9
4 78 3 6
4 79 5 3
4 80 10 5
4 81 4 4
4 82 2 3
4 83 8 6
4 84 7 3
4 85 6 1
4 87 4 3
4 88 3 2
4 89 5 8
4 90 5 1
4 92 10 2
4 93 10 9
4 94 10 4
4 96 6 9
4 98 5 8
4 99 2 10
4 100 9 6
5 8 10 5
5 9 6 8
5 10 6 10
5 12 4 9
5 13 3 7
5 14 7 10
5 16 3 9
5 17 6 9
5 18 4 8
5 20 1 7
5 21 5 7
5 22 9 5
5 23 3 5
5 24 2 8
5 26 9 6
5 27 3 3
5 29 8 10
5 30 2 9
5 31 7 10
5 32 10 2
5 34 4 3
5 35 6 3
5 37 4 5
5 38 9 4
5 39 1 2
5 40 4 2
5 41 10 1
5 42 2 7
5 43 1 3
5 44 8 1
5 46 2 2
5 48 8 4
5 49 2 10
5 52 8 6
5 53 2 8
5 54 10 10
5 55 9 2
5 56 5 1
5 57 2 4
5 58 2 7
5 59 10 1
5 60 9 6
5 61 7 5
5 62 5 9
5 63 1 7
5 64 5 1
5 65 1 10
5 66 8 4
5 69 4 4
5 70 5 3
5 71 10 8
5 72 3 3
5 73 2 7
5 74 2 5
5 77 2 3
5 78 5 7
5 79 7 3
5 80 6 10
5 81 1 3
5 82 3 6
5 84 7 10
5 85 9 9
5 86 2 9
5 87 7 3
5 89 3 10
5 90 6 10
5 91 3 3
5 92 8 4
5 93 1 2
5 94 1 2
5 97 10 8
5 98 8 5
5 99 10 10
5 100 9 1
6 7 7 9
6 8 10 1
6 9 5 2
6 10 5 1
6 12 7 7
6 13 1 2
6 14 3 6
6 15 7 7
6 16 9 3
6 17 8 1
6 18 7 5
6 19 2 5
6 21 10 4
6 22 4 10
6 23 6 4
6 26 9 10
6 27 9 4
6 29 7 1
6 30 7 10
6 31 6 1
6 33 5 10
6 34 2 4
6 35 3 5
6 36 1 4
6 37 8 1
6 38 10 10
6 40 2 3
6 42 10 4
6 43 9 7
6 44 3 9
6 45 9 3
6 46 10 10
6 47 9 5
6 49 8 5
6 51 5 4
6 52 1 3
6 53 2 3
6 54 3 9
6 55 1 5
6 56 1 10
6 57 8 1
6 58 9 7
6 59 9 7
6 60 2 6
6 61 6 7
6 62 3 2
6 63 9 5
6 65 3 6
6 66 10 10
6 67 5 1
6 68 9 9
6 70 9 6
6 71 5 6
6 72 1 2
6 75 10 5
6 76 8 6
6 77 7 10
6 78 5 6
6 79 7 10
6 80 5 6
6 83 7 2
6 84 4 9
6 85 7 7
6 86 5 3
6 87 9 5
6 88 9 9
6 89 3 10
6 90 10 7
6 91 8 8
6 92 8 3
6 93 1 2
6 94 4 3
6 95 2 5
6 96 6 6
6 97 2 7
6 99 7 2
6 100 10 4
7 8 5 10
7 11 8 9
7 12 7 5
7 13 10 3
7 14 7 3
7 15 8 10
7 17 9 2
7 18 7 8
7 19 6 3
7 20 10 4
7 21 9 6
7 22 2 3
7 23 4 6
7 24 1 3
7 26 3 8
7 27 10 10
7 28 1 5
7 29 6 3
7 32 3 4
7 33 1 2
7 34 2 8
7 35 8 7
7 36 7 9
7 37 8 3
7 38 10 6
7 39 4 4
7 40 9 9
7 41 1 7
7 42 4 7
7 43 9 6
7 44 8 3
7 46 6 6
7 47 10 6
7 48 9 10
7 49 8 5
7 51 3 7
7 52 2 4
7 53 2 5
7 54 9 8
7 56 7 1
7 57 6 4
7 59 10 10
7 60 8 3
7 61 4 4
7 62 5 5
7 63 2 10
7 64 4 4
7 65 5 10
7 66 8 3
7 67 1 4
7 68 1 7
7 70 4 9
7 71 2 10
7 72 9 3
7 74 3 10
7 75 2 6
7 76 2 2
7 77 3 9
7 78 8 1
7 79 8 4
7 80 7 7
7 81 8 4
7 82 10 9
7 83 2 8
7 85 2 3
7 86 7 6
7 87 2 8
7 88 8 2
7 89 7 8
7 91 9 10
7 92 10 6
7 93 3 10
7 95 1 8
7 99 7 6
7 100 2 8
8 9 8 1
8 10 2 4
8 12 10 3
8 15 6 9
8 16 5 10
8 17 8 4
8 18 2 9
8 19 4 7
8 20 6 2
8 21 2 1
8 22 10 8
8 24 8 2
8 25 3 8
8 26 2 7
8 27 3 6
8 28 3 8
8 29 6 10
8 30 7 1
8 31 8 6
8 33 2 3
8 34 7 4
8 35 10 1
8 36 9 1
8 37 10 8
8 38 6 2
8 39 6 3
8 40 9 4
8 41 1 3
8 43 6 10
8 44 2 6
8 45 9 8
8 46 2 2
8 47 7 7
8 48 1 10
8 50 7 9
8 51 8 7
8 53 6 2
8 55 7 1
8 56 2 6
8 58 3 8
8 59 9 2
8 60 7 1
8 61 1 2
8 62 9 6
8 63 5 9
8 64 8 2
8 65 8 4
8 66 3 8
8 67 6 8
8 69 4 1
8 70 2 9
8 71 4 10
8 72 6 8
8 73 8 10
8 74 6 2
8 75 6 4
8 76 9 4
8 77 3 1
8 78 8 7
8 79 10 7
8 80 9 7
8 82 3 10
8 83 1 6
8 84 6 10
8 86 1 9
8 87 1 5
8 88 9 7
8 91 1 9
8 92 9 10
8 93 1 6
8 94 7 1
8 96 10 9
8 99 7 5
8 100 6 8
9 11 9 10
9 12 6 10
9 13 9 5
9 15 1 10
9 16 6 1
9 19 3 10
9 21 5 6
9 22 7 10
9 24 6 5
9 26 10 1
9 27 10 5
9 28 1 1
9 30 10 7
9 31 10 6
9 32 8 10
9 33 7 3
9 34 9 5
9 35 5 3
9 38 9 6
9 39 8 1
9 40 1 7
9 41 8 1
9 42 1 5
9 44 4 9
9 45 3 5
9 46 3 5
9 47 1 8
9 49 5 5
9 50 4 4
9 51 7 7
9 52 3 8
9 54 2 3
9 55 1 3
9 57 4 1
9 58 5 7
9 59 4 9
9 60 10 2
9 61 9 10
9 62 1 8
9 64 7 10
9 65 1 10
9 66 4 1
9 67 6 10
9 68 6 2
9 69 10 6
9 71 3 9
9 72 10 10
9 74 10 7
9 77 8 4
9 78 1 7
9 79 3 8
9 80 4 6
9 81 6 3
9 84 4 1
9 85 2 1
9 86 2 8
9 87 10 3
9 88 1 10
9 89 10 2
9 90 5 5
9 91 5 3
9 93 7 2
9 94 8 10
9 95 9 9
9 96 10 7
9 97 7 2
9 98 1 4
9 100 2 4
10 11 8 5
10 12 7 1
10 13 3 8
10 15 1 2
10 16 3 7
10 17 7 4
10 19 4 8
10 20 9 2
10 21 2 6
10 22 7 7
10 24 9 8
10 25 4 3
10 26 8 8
10 27 9 6
10 28 6 1
10 29 9 6
10 30 9 2
10 31 1 2
10 32 7 1
10 34 5 10
10 35 8 9
10 36 9 4
10 37 10 10
10 38 4 7
10 40 2 8
10 41 6 1
10 43 1 10
10 44 9 2
10 45 10 9
10 46 3 5
10 47 5 3
10 48 2 8
10 49 1 1
10 50 9 3
10 52 5 9
10 53 6 3
10 56 5 7
10 57 4 8
10 58 9 4
10 60 4 5
10 61 10 8
10 63 10 7
10 65 5 10
10 66 3 2
10 67 8 4
10 68 6 10
10 70 3 4
10 71 9 7
10 72 1 8
10 74 6 8
10 75 1 9
10 76 6 2
10 77 7 10
10 78 1 3
10 79 4 3
10 80 8 7
10 81 9 5
10 82 10 10
10 83 9 9
10 85 4 7
10 86 9 8
10 88 2 6
10 89 10 4
10 91 4 3
10 92 10 4
10 93 9 8
10 94 10 2
10 95 2 3
10 96 5 9
10 97 9 7
10 98 6 1
10 99 4 3
10 100 3 3
11 12 5 8
11 13 2 9
11 15 7 9
11 17 1 10
11 18 6 5
11 19 7 1
11 20 8 8
11 21 9 2
11 22 6 6
11 24 1 8
11 26 4 1
11 27 10 8
11 28 5 6
11 30 3 6
11 31 5 9
11 32 1 7
11 34 6 7
11 35 8 5
11 36 5 3
11 37 8 9
11 38 4 3
11 39 1 1
11 40 6 3
11 41 5 3
11 43 4 5
11 44 2 6
11 45 2 2
11 46 9 6
11 47 6 3
11 50 4 10
11 51 7 8
11 52 4 9
11 54 3 2
11 55 3 8
11 58 7 6
11 61 6 2
11 62 4 5
11 63 7 6
11 64 10 3
11 66 9 6
11 67 3 1
11 69 5 6
11 70 5 2
11 71 6 4
11 72 3 9
11 73 3 7
11 74 6 2
11 75 5 3
11 77 3 10
11 78 8 8
11 79 5 6
11 80 5 2
11 81 6 1
11 82 7 8
11 83 2 8
11 85 3 5
11 86 10 4
11 87 7 10
11 88 10 4
11 89 6 9
11 90 5 4
11 91 7 9
11 92 3 8
11 93 4 9
11 97 4 1
11 98 3 8
11 99 5 10
12 13 7 4
12 14 8 4
12 15 8 5
12 16 3 8
12 17 7 2
12 18 9 2
12 20 6 7
12 21 6 7
12 22 6 4
12 23 8 6
12 24 1 8
12 25 9 4
12 26 2 10
12 27 5 4
12 28 8 2
12 29 3 1
12 30 2 2
12 31 6 1
12 32 1 8
12 33 6 4
12 35 2 9
12 37 2 5
12 38 3 7
12 39 6 6
12 40 1 5
12 41 6 1
12 42 3 9
12 43 4 8
12 44 4 7
12 45 7 4
12 46 1 6
12 47 9 3
12 48 9 8
12 49 10 8
12 51 7 1
12 53 10 1
12 54 1 3
12 55 4 7
12 56 2 7
12 57 9 9
12 58 6 5
12 59 10 3
12 60 9 3
12 61 7 4
12 62 7 1
12 63 5 6
12 64 9 10
12 65 1 9
12 66 7 2
12 67 10 5
12 68 2 2
12 69 3 2
12 70 10 5
12 71 5 1
12 72 7 5
12 76 6 5
12 78 4 6
12 79 6 6
12 80 7 8
12 81 2 8
12 82 5 2
12 83 8 1
12 84 9 10
12 85 7 4
12 86 2 1
12 90 10 3
12 91 5 2
12 92 7 5
12 93 3 1
12 94 8 9
12 95 5 3
12 99 6 4
12 100 9 2
13 14 8 4
13 15 10 9
13 16 1 7
13 17 5 4
13 18 10 6
13 19 1 3
13 20 7 10
13 21 8 5
13 22 9 10
13 23 2 4
13 24 4 7
13 25 2 3
13 27 4 3
13 30 10 10
13 31 6 10
13 32 7 1
13 33 6 3
13 34 4 6
13 35 8 5
13 36 10 3
13 37 5 2
13 38 7 4
13 39 5 5
13 40 7 9
13 41 7 10
13 42 1 3
13 46 10 4
13 47 1 8
13 50 6 9
13 52 8 4
13 53 6 5
13 54 2 8
13 55 8 3
13 56 10 6
13 57 8 6
13 58 1 1
13 59 9 10
13 60 4 3
13 62 6 8
13 63 2 4
13 64 1 9
13 68 3 9
13 71 5 5
13 72 9 10
13 74 4 10
13 77 10 2
13 78 4 10
13 79 3 5
13 80 6 4
13 81 1 5
13 83 10 10
13 84 5 5
13 86 2 6
13 87 10 10
13 88 5 7
13 89 9 9
13 91 1 2
13 93 10 7
13 94 5 9
13 95 10 6
13 96 1 6
13 97 10 5
13 99 3 6
13 100 8 3
14 15 9 6
14 16 10 8
14 17 5 1
14 18 4 5
14 19 9 9
14 20 10 8
14 21 7 2
14 22 3 5
14 24 5 4
14 25 10 8
14 27 6 2
14 29 3 9
14 30 7 5
14 31 8 3
14 32 3 2
14 33 10 3
14 34 6 2
14 35 4 6
14 36 5 2
14 38 2 2
14 39 8 2
14 40 4 10
14 41 7 3
14 42 2 10
14 43 8 5
14 45 3 3
14 46 8 1
14 48 5 9
14 49 5 8
14 50 10 9
14 52 9 9
14 54 1 9
14 56 9 2
14 57 9 10
14 59 3 8
14 61 3 2
14 62 5 4
14 63 2 6
14 64 8 10
14 65 1 2
14 67 6 6
14 68 6 1
14 69 10 2
14 71 3 1
14 72 3 2
14 73 2 6
14 74 9 3
14 75 8 2
14 76 8 2
14 77 2 6
14 79 6 10
14 81 6 5
14 82 9 4
14 83 3 9
14 86 5 9
14 87 3 4
14 88 3 10
14 89 4 2
14 90 10 6
14 91 5 6
14 92 10 5
14 93 8 1
14 94 10 7
14 95 1 5
14 96 5 4
14 97 7 1
14 98 6 1
14 99 4 5
14 100 9 8
15 18 8 6
15 19 8 5
15 20 5 9
15 21 1 5
15 22 5 1
15 23 10 1
15 26 4 7
15 27 2 5
15 28 10 5
15 29 5 2
15 30 2 6
15 31 10 1
15 32 6 8
15 33 1 1
15 34 7 8
15 35 8 3
15 36 9 10
15 38 7 4
15 39 8 5
15 40 7 2
15 41 10 9
15 42 2 1
15 43 6 7
15 44 5 1
15 45 7 4
15 47 6 1
15 48 2 2
15 50 4 6
15 52 5 2
15 53 1 4
15 54 7 8
15 55 1 9
15 56 10 8
15 57 2 9
15 58 8 6
15 59 4 8
15 60 9 3
15 62 6 6
15 63 10 9
15 65 2 1
15 66 5 2
15 67 3 7
15 69 6 2
15 70 3 4
15 71 1 1
15 72 2 5
15 73 4 6
15 74 8 5
15 75 8 2
15 76 2 1
15 77 1 1
15 78 2 6
15 79 3 10
15 80 2 7
15 81 1 9
15 84 2 7
15 85 8 7
15 86 5 2
15 88 4 9
15 90 4 2
15 91 8 6
15 92 3 8
15 93 8 6
15 94 2 4
15 95 7 1
15 97 1 1
15 98 4 7
15 99 7 10
15 100 3 2
16 17 3 3
16 18 8 1
16 19 3 4
16 20 7 5
16 21 10 2
16 22 4 6
16 23 10 8
16 25 5 9
16 26 10 1
16 27 7 4
16 28 1 6
16 29 4 7
16 30 4 4
16 31 8 5
16 32 1 8
16 33 5 10
16 34 9 6
16 35 8 7
16 36 3 9
16 37 5 8
16 38 6 7
16 39 7 1
16 41 5 10
16 42 1 5
16 43 4 3
16 45 8 10
16 46 8 8
16 50 10 10
16 51 1 9
16 52 3 3
16 53 7 4
16 54 7 9
16 55 5 10
16 56 7 4
16 57 5 3
16 58 6 4
16 59 10 2
16 60 5 5
16 61 9 6
16 62 10 6
16 63 8 7
16 64 2 10
16 65 7 1
16 66 8 6
16 67 2 6
16 69 4 8
16 70 9 8
16 71 5 7
16 72 9 3
16 73 6 9
16 75 1 4
16 76 10 8
16 77 4 6
16 79 7 1
16 80 6 10
16 81 9 2
16 83 6 7
16 84 4 7
16 85 3 5
16 86 8 2
16 87 10 9
16 88 7 5
16 89 4 1
16 90 4 7
16 91 7 8
16 92 1 7
16 93 5 6
16 94 7 4
16 95 8 2
16 96 10 6
16 97 10 9
16 99 4 3
16 100 7 2
17 19 8 6
17 21 2 5
17 22 8 7
17 24 1 2
17 27 7 2
17 31 7 3
17 33 8 5
17 34 6 2
17 35 9 7
17 36 2 5
17 37 3 5
17 39 7 5
17 40 9 4
17 41 5 9
17 42 6 3
17 43 3 5
17 44 2 4
17 46 9 8
17 47 6 6
17 49 5 1
17 50 3 7
17 51 8 7
17 53 5 4
17 54 10 1
17 56 6 4
17 57 5 2
17 58 1 7
17 59 9 10
17 60 10 6
17 62 10 6
17 64 6 10
17 65 5 2
17 66 7 7
17 67 6 8
17 68 2 5
17 70 2 2
17 72 7 5
17 73 6 6
17 74 6 3
17 75 8 5
17 76 10 2
17 77 8 10
17 78 1 1
17 81 9 3
17 82 1 4
17 83 3 6
17 84 4 5
17 85 5 5
17 86 5 4
17 88 10 2
17 89 10 5
17 91 5 6
17 93 9 10
17 94 2 8
17 95 9 5
17 96 10 5
17 97 5 6
17 99 2 9
17 100 10 2
18 19 9 5
18 20 5 3
18 21 4 7
18 22 9 3
18 23 2 4
18 24 6 9
18 25 1 7
18 26 7 3
18 27 4 1
18 28 10 9
18 31 9 3
18 32 4 4
18 33 3 8
18 35 7 7
18 36 3 1
18 37 4 2
18 38 3 4
18 40 10 10
18 41 1 6
18 42 6 2
18 43 4 10
18 44 3 1
18 45 1 9
18 47 9 3
18 48 6 7
18 49 8 8
18 50 6 4
18 51 9 5
18 53 5 9
18 54 5 7
18 57 9 3
18 58 9 6
18 59 4 8
18 60 3 9
18 61 9 9
18 63 6 8
18 64 9 1
18 65 7 10
18 66 7 9
18 67 8 10
18 69 1 7
18 71 9 2
18 72 2 2
18 74 4 7
18 75 9 2
18 76 5 8
18 77 10 4
18 78 3 4
18 79 7 7
18 80 10 3
18 81 5 5
18 83 3 2
18 84 3 3
18 86 7 7
18 87 1 10
18 88 4 1
18 89 6 1
18 90 6 4
18 92 5 5
18 93 3 1
18 95 10 7
18 96 4 3
18 97 9 10
18 98 1 5
18 99 9 6
18 100 3 4
19 20 10 9
19 21 1 6
19 22 5 8
19 23 1 7
19 25 3 7
19 26 6 3
19 27 2 4
19 28 4 8
19 29 4 2
19 30 6 9
19 31 4 6
19 32 5 7
19 34 2 8
19 35 9 3
19 36 5 2
19 38 2 4
19 40 10 10
19 41 2 9
19 43 5 4
19 45 10 4
19 47 9 6
19 48 4 1
19 49 5 6
19 50 5 2
19 51 3 9
19 52 4 2
19 53 7 9
19 56 9 3
19 58 3 4
19 59 5 10
19 61 8 2
19 62 5 1
19 63 2 7
19 64 8 3
19 65 4 4
19 66 4 10
19 68 7 9
19 70 1 2
19 71 9 4
19 72 5 4
19 73 9 7
19 74 3 6
19 75 9 4
19 76 6 9
19 78 9 8
19 79 4 3
19 80 6 8
19 81 1 8
19 82 7 3
19 83 7 7
19 84 5 10
19 86 5 8
19 87 3 6
19 88 5 5
19 90 4 2
19 91 1 3
19 92 6 4
19 93 5 8
19 94 7 9
19 95 8 10
19 96 6 6
19 97 8 7
19 98 4 1
19 99 3 5
19 100 7 8
20 21 8 10
20 23 9 1
20 25 4 8
20 26 7 9
20 29 5 8
20 30 5 6
20 31 5 3
20 32 1 10
20 33 3 5
20 34 5 5
20 35 2 10
20 37 7 2
20 38 9 5
20 39 4 2
20 40 3 9
20 41 4 3
20 42 9 3
20 43 5 2
20 44 9 3
20 46 4 9
20 49 9 5
20 50 4 1
20 52 4 1
20 53 1 1
20 54 6 9
20 55 2 1
20 56 7 7
20 57 8 10
20 58 3 1
20 59 10 9
20 61 8 3
20 65 2 8
20 66 4 5
20 67 8 10
20 68 7 10
20 71 1 7
20 72 5 7
20 73 6 9
20 75 10 7
20 76 3 2
20 77 3 6
20 78 8 2
20 79 6 6
20 80 7 2
20 81 4 8
20 82 7 8
20 83 6 4
20 84 1 9
20 85 1 6
20 86 7 9
20 87 6 8
20 88 10 6
20 89 7 9
20 90 8 3
20 91 3 5
20 93 1 8
20 94 8 8
20 95 9 8
20 96 8 10
20 97 8 5
20 98 1 8
20 99 2 7
20 100 1 2
21 25 6 2
21 26 9 2
21 28 10 9
21 29 1 10
21 30 10 9
21 31 8 2
21 32 4 6
21 33 8 5
21 35 7 4
21 37 6 6
21 39 9 7
21 40 7 7
21 41 3 2
21 42 6 3
21 43 5 6
21 44 7 5
21 45 2 6
21 46 5 7
21 47 6 4
21 48 9 5
21 50 7 2
21 51 6 10
21 52 10 1
21 53 2 1
21 54 9 3
21 55 10 3
21 56 5 8
21 57 7 7
21 58 4 4
21 60 1 6
21 61 9 4
21 62 2 1
21 63 7 5
21 64 6 5
21 65 7 8
21 66 7 10
21 67 10 6
21 68 4 1
21 69 6 4
21 71 3 7
21 72 10 10
21 73 7 7
21 75 2 3
21 76 9 7
21 77 2 8
21 78 7 5
21 79 1 7
21 80 1 2
21 81 6 1
21 82 9 6
21 85 5 5
21 86 5 9
21 87 2 1
21 88 6 6
21 91 2 3
21 93 9 4
21 94 5 1
21 95 4 8
21 96 10 6
21 97 4 9
21 98 4 4
21 99 7 10
21 100 10 6
22 23 4 10
22 24 8 8
22 25 6 3
22 26 5 4
22 27 8 8
22 28 7 10
22 29 8 4
22 30 7 9
22 31 1 9
22 32 5 2
22 33 6 1
22 35 2 10
22 36 8 9
22 37 9 9
22 38 6 5
22 39 4 4
22 41 5 5
22 42 2 10
22 43 9 5
22 44 10 8
22 45 1 3
22 46 2 10
22 47 9 9
22 48 2 2
22 50 10 1
22 51 1 2
22 52 5 6
22 53 4 5
22 54 8 5
22 55 3 8
22 56 9 3
22 57 6 5
22 58 5 3
22 59 10 5
22 62 6 5
22 63 4 6
22 64 4 1
22 65 1 10
22 67 1 9
22 69 5 8
22 70 9 5
22 71 10 3
22 72 6 2
22 73 2 7
22 74 7 10
22 75 9 1
22 76 7 3
22 77 9 6
22 78 2 3
22 79 10 2
22 80 9 4
22 81 1 9
22 82 4 6
22 83 2 2
22 84 6 5
22 86 1 1
22 87 2 10
22 88 4 7
22 89 6 9
22 90 4 9
22 92 10 6
22 94 5 6
22 97 9 10
22 98 2 2
22 99 4 5
22 100 10 6
23 24 9 3
23 27 1 7
23 28 1 7
23 30 8 8
23 31 8 10
23 32 6 10
23 33 6 10
23 34 6 5
23 35 6 4
23 37 5 6
23 39 5 8
23 40 7 9
23 41 7 1
23 43 3 1
23 44 7 5
23 46 10 10
23 47 5 1
23 48 10 6
23 49 9 2
23 51 10 8
23 52 6 10
23 53 6 9
23 54 10 4
23 55 6 1
23 58 1 1
23 59 8 5
23 60 6 2
23 61 7 5
23 62 8 7
23 63 10 6
23 64 2 1
23 65 10 1
23 66 7 2
23 68 10 1
23 71 6 9
23 72 3 2
23 73 10 10
23 74 7 7
23 75 1 9
23 76 7 5
23 78 6 1
23 79 7 10
23 81 6 2
23 82 6 7
23 83 9 3
23 84 1 9
23 87 6 7
23 88 2 7
23 89 8 2
23 91 6 1
23 92 1 9
23 94 9 7
23 95 1 3
23 96 7 1
23 97 3 7
23 98 3 10
24 25 8 9
24 27 6 7
24 28 8 9
24 29 2 9
24 30 3 7
24 31 5 6
24 32 7 3
24 33 2 1
24 34 5 9
24 35 4 5
24 36 4 6
24 37 5 6
24 38 4 7
24 39 2 4
24 40 9 8
24 41 5 8
24 42 8 4
24 43 2 7
24 44 1 5
24 46 10 3
24 47 1 7
24 50 9 2
24 52 3 7
24 54 5 10
24 55 5 1
24 56 7 9
24 57 9 9
24 58 10 2
24 59 2 2
24 60 1 6
24 62 5 2
24 63 8 7
24 65 10 10
24 67 10 6
24 68 6 8
24 69 10 1
24 70 6 8
24 72 2 2
24 73 1 4
24 74 3 9
24 75 3 8
24 76 10 10
24 77 6 2
24 78 2 4
24 79 10 2
24 82 3 4
24 83 3 3
24 84 10 7
24 85 7 6
24 86 5 8
24 89 3 10
24 90 9 10
24 91 9 8
24 92 1 8
24 93 4 10
24 94 4 4
24 95 10 1
24 96 5 2
24 97 1 2
24 98 9 6
24 99 8 10
25 26 3 9
25 28 3 1
25 29 2 2
25 30 2 3
25 31 9 3
25 32 3 6
25 33 9 1
25 34 1 2
25 37 4 9
25 38 8 5
25 39 1 8
25 41 7 3
25 42 5 9
25 43 3 3
25 44 5 1
25 45 8 9
25 46 5 8
25 48 9 5
25 49 5 6
25 50 7 1
25 51 2 4
25 52 1 9
25 53 3 1
25 54 8 8
25 55 3 4
25 56 2 6
25 57 5 5
25 58 7 5
25 59 8 2
25 60 4 3
25 61 2 8
25 62 7 8
25 63 3 1
25 64 7 3
25 66 6 6
25 70 4 2
25 71 9 7
25 74 9 5
25 75 1 1
25 76 9 6
25 77 7 1
25 78 3 4
25 79 5 5
25 80 5 3
25 81 8 7
25 82 1 3
25 83 7 10
25 84 1 9
25 85 3 2
25 87 7 6
25 88 4 2
25 89 1 1
25 90 5 8
25 92 1 3
25 93 6 10
25 94 3 6
25 95 1 9
25 96 1 6
25 97 10 7
25 99 6 7
25 100 10 7
26 27 1 6
26 28 1 2
26 30 10 3
26 31 10 4
26 32 7 9
26 34 2 9
26 36 4 3
26 37 5 9
26 38 7 1
26 39 6 2
26 41 2 1
26 42 4 1
26 44 2 10
26 46 7 2
26 47 1 2
26 48 8 2
26 49 5 4
26 51 2 9
26 52 8 10
26 53 7 7
26 54 10 1
26 55 6 10
26 56 10 10
26 57 1 10
26 58 6 2
26 59 4 2
26 60 5 8
26 61 3 5
26 62 4 7
26 64 7 8
26 65 3 10
26 66 1 6
26 67 3 3
26 69 2 3
26 70 5 5
26 71 1 1
26 72 6 6
26 74 5 2
26 76 9 8
26 77 6 5
26 78 10 6
26 79 7 3
26 81 4 10
26 82 4 7
26 84 4 4
26 86 7 9
26 87 8 6
26 88 10 1
26 89 6 9
26 90 7 3
26 91 9 1
26 92 1 7
26 93 7 7
26 94 3 9
26 95 4 3
26 96 9 4
26 97 5 1
26 98 6 8
27 28 6 2
27 29 9 10
27 32 3 4
27 35 5 7
27 36 6 9
27 37 7 8
27 38 5 3
27 39 4 1
27 40 4 10
27 41 3 3
27 42 1 4
27 43 5 4
27 44 8 4
27 45 3 4
27 46 1 9
27 47 4 1
27 48 8 4
27 49 6 5
27 50 3 5
27 51 8 1
27 52 5 3
27 54 3 8
27 55 8 9
27 56 8 7
27 57 6 9
27 58 1 7
27 59 8 3
27 60 4 3
27 61 7 7
27 62 4 2
27 63 10 10
27 64 9 10
27 65 1 9
27 66 9 9
27 67 7 9
27 69 6 10
27 71 4 5
27 72 6 4
27 73 7 7
27 74 1 9
27 75 8 3
27 76 6 10
27 77 4 1
27 78 6 5
27 79 3 9
27 80 6 1
27 82 2 8
27 83 5 9
27 84 1 1
27 85 9 8
27 86 9 4
27 87 9 10
27 88 5 8
27 89 8 9
27 90 4 5
27 91 3 7
27 92 2 2
27 93 10 5
27 94 5 4
27 96 4 5
27 98 1 8
27 99 9 2
27 100 3 8
28 29 7 4
28 30 5 3
28 31 9 1
28 32 3 1
28 33 3 8
28 34 9 8
28 35 2 4
28 36 8 2
28 37 7 1
28 38 8 3
28 40 2 9
28 41 8 8
28 42 4 3
28 43 5 10
28 45 7 8
28 47 10 1
28 48 6 7
28 49 1 4
28 50 2 7
28 51 9 4
28 52 2 1
28 53 1 6
28 55 2 7
28 57 3 3
28 58 4 1
28 59 6 3
28 60 8 10
28 61 7 4
28 62 1 3
28 63 8 8
28 64 3 4
28 66 5 5
28 67 4 4
28 68 8 5
28 70 1 2
28 72 3 10
28 73 7 3
28 75 8 4
28 76 5 6
28 77 8 6
28 79 4 9
28 80 10 5
28 81 6 3
28 82 2 4
28 83 10 1
28 85 2 8
28 86 5 3
28 87 8 7
28 89 6 1
28 90 1 6
28 91 9 10
28 92 6 7
28 93 6 10
28 94 4 1
28 95 6 9
28 96 10 7
28 97 1 7
28 98 6 3
28 99 6 3
28 100 1 2
29 31 1 2
29 32 8 4
29 33 3 4
29 34 3 1
29 35 2 10
29 36 6 1
29 37 3 2
29 38 8 2
29 39 10 9
29 41 7 6
29 42 2 9
29 43 7 6
29 44 8 9
29 45 5 6
29 47 3 1
29 49 1 7
29 50 1 3
29 51 9 9
29 52 8 6
29 54 1 4
29 55 2 2
29 56 6 7
29 59 9 10
29 60 2 8
29 61 9 7
29 62 3 8
29 63 7 2
29 64 3 2
29 65 6 3
29 66 2 2
29 67 1 6
29 68 8 4
29 69 9 4
29 71 4 6
29 72 9 9
29 73 8 7
29 74 10 4
29 75 10 8
29 76 9 8
29 77 8 9
29 78 2 8
29 79 4 2
29 80 9 10
29 81 8 10
29 82 6 6
29 83 10 2
29 84 2 6
29 85 4 6
29 86 7 7
29 87 3 7
29 88 9 9
29 90 2 5
29 91 6 2
29 92 8 2
29 93 7 8
29 94 5 1
29 95 4 3
29 96 8 5
29 97 10 8
29 98 9 7
29 99 2 5
29 100 8 1
30 31 7 7
30 32 5 7
30 33 2 6
30 34 4 4
30 35 2 8
30 36 5 8
30 37 8 2
30 38 9 9
30 39 4 7
30 40 5 9
30 43 8 8
30 44 2 3
30 45 1 8
30 46 8 7
30 49 10 3
30 51 2 2
30 52 6 1
30 53 2 8
30 54 8 5
30 56 1 2
30 57 3 8
30 58 7 3
30 60 7 6
30 61 2 1
30 62 1 6
30 63 9 8
30 64 2 8
30 65 6 9
30 66 3 2
30 68 6 6
30 69 7 7
30 70 7 2
30 71 2 7
30 72 3 3
30 73 5 5
30 74 8 2
30 75 4 1
30 76 1 9
30 78 8 10
30 80 1 3
30 81 10 4
30 82 8 7
30 83 7 3
30 84 6 8
30 85 9 8
30 86 6 2
30 87 9 3
30 88 1 5
30 90 6 10
30 92 9 1
30 93 8 9
30 94 1 8
30 96 2 10
30 97 10 1
30 98 2 1
30 100 2 4
31 32 4 2
31 33 4 2
31 35 7 6
31 36 8 5
31 37 3 7
31 39 3 10
31 40 10 5
31 41 9 6
31 42 2 10
31 43 4 9
31 44 7 8
31 45 1 6
31 47 8 1
31 48 10 3
31 49 2 8
31 50 3 2
31 51 6 7
31 52 6 10
31 53 3 8
31 54 1 7
31 56 9 8
31 57 4 5
31 58 8 9
31 60 10 6
31 62 3 3
31 64 9 3
31 65 8 9
31 66 9 5
31 67 7 7
31 68 9 1
31 70 7 7
31 71 7 3
31 72 7 6
31 73 7 10
31 75 2 10
31 76 9 4
31 77 2 9
31 78 7 1
31 80 1 9
31 81 1 10
31 82 6 2
31 83 5 7
31 84 6 10
31 86 1 2
31 87 3 8
31 88 1 9
31 89 5 2
31 90 9 6
31 91 5 3
31 93 7 5
31 94 1 10
31 95 3 6
31 97 6 4
31 99 1 2
31 100 6 8
32 33 9 2
32 34 1 2
32 35 10 5
32 36 5 8
32 38 5 7
32 40 7 10
32 41 1 7
32 42 7 7
32 43 8 6
32 44 7 9
32 45 6 8
32 46 7 3
32 47 8 5
32 48 5 3
32 49 9 5
32 50 7 5
32 51 8 6
32 52 3 7
32 53 7 3
32 54 2 5
32 55 2 3
32 57 1 2
32 58 3 7
32 59 6 6
32 60 6 5
32 61 2 3
32 62 6 7
32 63 9 2
32 64 1 5
32 65 7 8
32 66 9 6
32 67 8 3
32 69 2 1
32 70 1 1
32 71 8 3
32 72 9 10
32 73 9 4
32 74 5 5
32 75 7 8
32 76 5 3
32 77 8 7
32 78 6 2
32 79 6 4
32 81 6 4
32 84 1 8
32 85 4 4
32 86 3 2
32 87 5 9
32 88 9 3
32 89 3 10
32 90 7 10
32 91 7 7
32 92 3 9
32 94 9 9
32 95 1 10
32 96 3 2
32 97 5 7
32 98 8 1
32 99 8 2
32 100 10 1
33 34 5 8
33 35 2 5
33 37 1 2
33 39 10 6
33 40 7 4
33 41 2 3
33 42 1 5
33 43 10 9
33 44 10 9
33 46 6 9
33 47 4 3
33 48 8 1
33 49 2 8
33 50 2 1
33 51 4 2
33 54 3 4
33 55 3 10
33 56 7 9
33 57 4 2
33 59 9 7
33 61 1 6
33 62 10 7
33 63 1 9
33 64 7 3
33 65 6 5
33 67 8 7
33 68 5 2
33 69 3 2
33 70 2 10
33 71 7 4
33 72 5 1
33 73 1 9
33 74 4 10
33 75 1 7
33 77 2 8
33 78 7 6
33 79 7 1
33 80 2 1
33 81 6 1
33 82 6 1
33 84 3 7
33 85 10 9
33 86 5 8
33 87 9 8
33 88 6 4
33 89 2 1
33 90 10 5
33 92 10 4
33 93 1 7
33 94 10 1
33 95 1 8
33 96 6 5
33 97 10 9
33 98 7 10
33 99 9 2
33 100 2 5
34 36 8 4
34 37 8 2
34 38 4 4
34 39 9 7
34 42 2 3
34 43 1 7
34 44 9 8
34 45 6 4
34 47 5 1
34 50 1 1
34 51 7 6
34 52 5 1
34 53 4 10
34 54 9 6
34 55 6 3
34 56 6 5
34 57 2 10
34 58 8 2
34 59 10 9
34 60 6 5
34 62 3 8
34 63 4 2
34 64 1 4
34 66 3 5
34 67 8 2
34 69 3 10
34 70 6 9
34 71 7 4
34 72 3 2
34 74 9 3
34 75 6 4
34 78 1 7
34 79 3 10
34 80 8 9
34 81 2 1
34 82 2 7
34 83 8 1
34 84 6 5
34 85 5 7
34 86 3 6
34 88 2 7
34 89 5 10
34 90 6 1
34 92 1 2
34 93 4 10
34 94 1 6
34 96 2 8
34 97 5 6
34 98 6 9
34 99 7 7
34 100 9 7
35 36 6 1
35 37 6 3
35 38 9 1
35 39 8 3
35 40 8 10
35 41 9 10
35 42 10 1
35 44 2 7
35 45 6 1
35 46 1 4
35 48 10 7
35 49 2 1
35 50 7 3
35 51 2 1
35 52 9 4
35 53 7 8
35 55 10 7
35 56 8 5
35 57 5 3
35 58 4 1
35 59 9 1
35 60 10 8
35 61 3 4
35 62 3 4
35 63 2 5
35 64 6 8
35 65 3 6
35 66 4 2
35 68 1 5
35 69 1 10
35 70 2 10
35 71 8 4
35 72 10 5
35 73 4 6
35 74 4 5
35 75 7 10
35 76 8 1
35 78 3 9
35 79 9 6
35 80 6 1
35 81 5 3
35 82 9 4
35 83 6 5
35 84 7 5
35 85 5 2
35 87 4 5
35 88 6 8
35 90 7 3
35 91 10 9
35 92 5 7
35 93 3 6
35 94 2 6
35 96 2 8
35 97 3 4
35 99 9 4
35 100 2 3
36 37 1 8
36 38 3 5
36 39 2 2
36 40 3 4
36 41 9 7
36 42 6 9
36 43 9 9
36 44 10 1
36 45 9 8
36 47 8 8
36 48 1 10
36 49 7 7
36 50 8 1
36 51 8 7
36 52 9 6
36 55 9 2
36 56 10 10
36 57 3 5
36 58 6 7
36 59 8 9
36 60 1 7
36 61 2 1
36 62 7 3
36 63 4 4
36 64 2 10
36 65 4 10
36 67 10 5
36 68 10 3
36 69 6 7
36 70 3 10
36 71 9 5
36 74 8 5
36 75 4 9
36 76 10 7
36 77 2 4
36 79 3 5
36 80 7 3
36 81 7 6
36 83 4 7
36 85 6 4
36 88 3 8
36 89 8 2
36 90 1 6
36 92 6 3
36 93 7 4
36 94 4 2
36 95 2 1
36 96 9 7
36 97 4 4
36 99 9 6
36 100 3 8
37 39 10 5
37 41 5 4
37 42 4 9
37 43 10 2
37 44 8 10
37 46 10 1
37 48 10 4
37 49 9 1
37 50 10 5
37 51 8 7
37 52 2 3
37 53 4 6
37 56 7 7
37 57 5 2
37 58 7 9
37 59 8 3
37 60 10 4
37 61 2 9
37 62 3 4
37 63 6 8
37 64 6 2
37 65 2 4
37 66 9 8
37 67 6 4
37 68 10 10
37 69 10 9
37 71 6 9
37 72 3 2
37 73 7 2
37 74 1 8
37 75 5 3
37 76 3 4
37 77 9 10
37 78 8 1
37 79 2 4
37 80 3 2
37 81 4 6
37 83 3 10
37 85 7 2
37 86 5 6
37 88 4 8
37 89 1 9
37 90 2 5
37 91 6 1
37 92 4 7
37 94 8 5
37 95 5 7
37 96 10 10
37 97 2 9
37 98 3 5
37 99 5 9
37 100 7 9
38 39 3 3
38 40 2 1
38 42 4 3
38 43 1 6
38 44 5 1
38 45 2 3
38 46 3 8
38 47 8 3
38 48 7 5
38 49 3 1
38 50 5 7
38 51 3 9
38 52 8 5
38 53 3 2
38 54 1 5
38 55 2 3
38 56 6 1
38 57 4 5
38 58 2 6
38 59 2 1
38 60 4 2
38 61 10 1
38 62 6 6
38 65 2 5
38 67 3 4
38 68 6 9
38 69 9 5
38 70 8 5
38 71 10 2
38 72 9 7
38 73 5 5
38 74 2 3
38 75 8 7
38 77 8 3
38 78 3 8
38 79 8 1
38 80 4 7
38 81 5 9
38 82 1 2
38 83 5 1
38 84 9 4
38 85 7 6
38 87 9 2
38 88 7 1
38 89 10 8
38 90 4 2
38 91 3 6
38 92 7 2
38 93 4 2
38 96 10 2
38 97 4 8
38 98 3 6
38 99 5 8
38 100 2 6
39 40 6 8
39 41 4 3
39 42 1 3
39 43 9 4
39 44 4 10
39 45 7 10
39 46 6 9
39 48 8 2
39 49 1 9
39 50 9 5
39 51 1 9
39 53 3 10
39 54 3 6
39 55 7 4
39 56 10 4
39 57 8 2
39 58 6 9
39 59 6 7
39 60 2 1
39 61 2 8
39 62 10 6
39 63 3 9
39 64 2 10
39 65 1 5
39 66 2 6
39 67 4 6
39 69 3 6
39 72 1 10
39 73 9 9
39 74 7 6
39 75 8 1
39 76 5 1
39 78 3 2
39 79 9 1
39 80 3 1
39 81 3 9
39 82 1 9
39 83 5 5
39 84 1 4
39 85 4 9
39 86 7 2
39 87 5 3
39 88 4 10
39 89 8 7
39 90 2 1
39 91 2 2
39 92 3 7
39 94 5 4
39 95 4 6
39 97 8 6
39 98 1 1
39 99 3 9
40 41 1 1
40 42 1 2
40 43 3 5
40 44 8 10
40 45 7 10
40 46 9 6
40 50 9 4
40 51 9 1
40 52 2 5
40 54 4 7
40 56 3 1
40 57 4 4
40 58 7 10
40 59 6 10
40 60 4 10
40 61 2 1
40 62 7 3
40 63 9 9
40 65 3 6
40 66 5 3
40 67 9 5
40 68 8 1
40 69 5 1
40 70 3 6
40 72 4 5
40 73 2 2
40 74 1 1
40 75 8 9
40 76 1 2
40 78 9 10
40 79 6 8
40 80 2 4
40 81 10 2
40 82 8 9
40 83 3 6
40 85 8 2
40 87 3 8
40 88 4 5
40 89 4 1
40 90 3 10
40 91 10 10
40 92 7 2
40 94 8 6
40 95 1 5
40 96 3 3
40 97 6 10
40 98 9 6
40 99 2 4
40 100 5 6
41 42 5 5
41 43 1 8
41 44 1 8
41 46 7 7
41 47 3 1
41 48 7 8
41 49 2 8
41 51 7 5
41 52 9 10
41 53 9 9
41 56 1 6
41 57 5 3
41 58 6 4
41 59 4 9
41 60 4 6
41 61 1 3
41 62 10 7
41 63 3 7
41 64 10 7
41 68 1 7
41 69 5 2
41 70 4 2
41 71 3 5
41 72 4 10
41 74 6 10
41 75 7 2
41 76 10 10
41 78 9 10
41 79 4 7
41 80 4 2
41 82 4 4
41 83 10 1
41 85 3 7
41 86 1 8
41 88 4 9
41 89 3 2
41 90 6 4
41 92 4 1
41 93 3 7
41 94 6 4
41 95 8 6
41 96 2 10
41 97 10 10
41 98 9 3
41 99 7 10
41 100 10 10
42 43 9 2
42 44 8 2
42 46 10 2
42 48 1 5
42 49 2 2
42 50 5 1
42 51 2 2
42 52 1 9
42 53 5 1
42 54 7 1
42 55 8 10
42 56 4 5
42 57 8 5
42 58 9 4
42 59 10 10
42 60 8 5
42 61 2 8
42 62 3 7
42 63 10 8
42 65 3 9
42 66 1 1
42 67 9 3
42 68 4 7
42 69 6 1
42 71 5 9
42 72 3 3
42 73 2 7
42 74 6 3
42 75 10 3
42 77 10 1
42 78 9 1
42 79 3 2
42 80 1 6
42 81 8 7
42 82 4 9
42 84 8 1
42 85 7 3
42 87 9 3
42 89 8 1
42 90 7 5
42 91 7 2
42 93 7 5
42 94 1 7
42 95 6 3
42 96 3 4
42 97 2 2
42 98 1 7
42 99 8 6
43 46 1 10
43 47 5 2
43 48 4 4
43 49 5 4
43 50 2 5
43 51 3 6
43 52 5 2
43 54 9 6
43 55 7 8
43 56 1 8
43 57 3 9
43 59 4 10
43 60 1 4
43 61 6 2
43 63 9 3
43 64 10 8
43 65 8 1
43 66 8 6
43 67 9 1
43 68 8 6
43 69 4 8
43 70 4 1
43 73 2 9
43 74 8 9
43 75 8 5
43 76 9 3
43 78 10 1
43 80 5 1
43 81 8 1
43 82 10 10
43 84 8 7
43 85 2 8
43 87 1 7
43 90 5 9
43 91 5 2
43 92 10 5
43 93 5 7
43 94 2 9
43 95 2 4
43 96 8 4
43 97 6 6
43 99 7 6
44 45 3 6
44 46 1 8
44 47 8 5
44 49 1 4
44 50 7 7
44 51 2 6
44 52 7 6
44 53 5 7
44 54 7 7
44 55 1 6
44 56 3 10
44 57 4 10
44 58 1 9
44 59 2 7
44 60 3 9
44 61 1 5
44 62 5 6
44 63 2 6
44 64 5 9
44 65 1 8
44 66 7 8
44 68 5 7
44 69 8 10
44 70 7 8
44 71 3 4
44 72 10 1
44 73 5 7
44 75 7 7
44 76 6 6
44 77 7 9
44 79 2 6
44 80 9 9
44 81 6 10
44 83 5 5
44 84 6 1
44 86 7 9
44 88 6 6
44 89 5 8
44 90 9 3
44 91 6 5
44 92 6 2
44 93 8 7
44 94 3 9
44 95 2 7
44 96 5 10
44 97 3 6
44 98 6 10
44 99 2 1
44 100 8 7
45 47 7 9
45 48 9 6
45 49 3 8
45 50 6 7
45 51 6 5
45 52 10 9
45 53 7 8
45 54 5 7
45 56 6 10
45 57 7 7
45 58 3 3
45 59 10 1
45 60 10 1
45 62 2 1
45 63 3 1
45 64 2 3
45 65 8 4
45 66 1 10
45 67 5 7
45 68 7 1
45 69 3 10
45 70 10 9
45 71 4 7
45 72 7 10
45 73 4 4
45 75 8 8
45 76 9 8
45 78 3 6
45 79 3 4
45 80 9 6
45 81 2 4
45 82 1 8
45 83 2 2
45 85 5 7
45 86 10 7
45 87 8 7
45 89 6 1
45 90 1 7
45 92 1 5
45 93 9 1
45 94 8 3
45 95 1 7
45 97 3 3
45 98 4 10
45 99 2 7
45 100 8 8
46 47 3 2
46 48 8 6
46 50 7 4
46 51 5 9
46 52 8 9
46 54 8 2
46 56 7 1
46 57 9 5
46 58 8 6
46 59 7 2
46 60 5 5
46 62 9 10
46 63 6 3
46 65 8 9
46 66 6 3
46 67 5 8
46 68 9 6
46 69 6 4
46 70 9 1
46 71 9 10
46 72 2 5
46 73 8 3
46 75 8 4
46 77 5 7
46 78 6 5
46 83 7 9
46 84 10 1
46 85 4 1
46 86 3 4
46 87 7 7
46 88 9 9
46 89 10 5
46 90 10 9
46 92 10 7
46 93 2 8
46 94 9 6
46 95 2 3
46 96 3 3
46 97 1 1
46 98 5 1
46 100 2 7
47 48 2 6
47 49 8 3
47 50 4 4
47 52 2 7
47 53 9 3
47 54 5 4
47 55 10 9
47 56 5 3
47 57 2 5
47 58 6 6
47 59 7 2
47 60 9 6
47 62 3 3
47 63 8 6
47 64 1 6
47 65 6 8
47 66 10 9
47 67 2 10
47 68 9 3
47 69 5 7
47 70 6 7
47 71 5 5
47 73 3 2
47 75 7 9
47 78 6 7
47 79 6 4
47 81 3 9
47 83 9 10
47 84 4 1
47 85 9 3
47 86 9 8
47 87 6 1
47 88 2 5
47 89 9 3
47 90 9 1
47 92 2 7
47 94 3 1
47 95 7 8
47 96 4 2
47 97 9 7
47 98 10 3
47 99 4 10
47 100 1 1
48 49 5 1
48 50 10 4
48 51 9 4
48 52 1 3
48 54 9 6
48 55 7 5
48 56 1 4
48 57 9 7
48 58 8 9
48 59 3 2
48 60 8 4
48 61 3 9
48 63 1 7
48 64 6 3
48 65 5 7
48 66 2 6
48 67 6 6
48 68 1 1
48 69 5 2
48 70 2 4
48 72 1 8
48 73 8 10
48 74 6 10
48 75 5 9
48 76 10 5
48 77 1 4
48 78 9 9
48 82 7 10
48 84 7 5
48 85 8 2
48 86 1 2
48 87 9 5
48 88 8 6
48 90 3 10
48 91 1 4
48 92 3 4
48 94 9 9
48 95 9 3
48 96 1 4
48 97 4 7
48 98 2 8
48 100 7 8
49 50 10 3
49 51 7 7
49 53 2 5
49 54 6 7
49 56 9 5
49 57 7 6
49 58 10 5
49 59 3 1
49 62 7 4
49 63 2 1
49 64 1 6
49 65 10 6
49 66 9 3
49 68 8 9
49 69 2 4
49 70 10 9
49 72 7 6
49 73 1 5
49 74 10 1
49 75 9 4
49 77 8 6
49 79 6 7
49 82 7 4
49 83 3 2
49 84 9 10
49 86 6 6
49 87 7 6
49 91 10 8
49 92 7 6
49 93 3 3
49 94 1 10
49 95 8 9
49 96 4 4
49 97 2 2
49 98 1 1
49 99 6 10
49 100 2 8
50 51 6 8
50 53 9 9
50 55 3 10
50 56 2 10
50 57 2 2
50 58 3 3
50 59 6 6
50 60 4 3
50 62 10 10
50 63 5 3
50 64 6 7
50 65 7 7
50 66 6 9
50 67 6 6
50 68 8 7
50 69 6 1
50 70 3 4
50 72 1 9
50 73 2 3
50 74 9 8
50 75 7 3
50 76 8 7
50 77 4 6
50 78 3 4
50 79 4 8
50 80 7 2
50 81 7 7
50 82 4 2
50 83 4 1
50 85 8 10
50 86 9 2
50 87 6 5
50 88 5 4
50 89 3 6
50 90 3 9
50 91 7 4
50 92 2 3
50 93 7 4
50 94 8 2
50 95 10 2
50 97 3 9
50 98 6 3
50 99 6 4
51 52 3 2
51 54 4 4
51 55 9 5
51 56 6 3
51 57 9 2
51 58 3 4
51 59 7 4
51 60 10 5
51 61 1 8
51 62 1 9
51 63 1 7
51 64 3 9
51 66 4 9
51 67 5 1
51 68 3 9
51 69 6 2
51 70 4 8
51 71 2 2
51 72 8 6
51 74 3 9
51 75 10 7
51 77 6 5
51 80 8 8
51 81 1 9
51 82 2 6
51 83 1 3
51 85 1 2
51 86 4 8
51 88 7 1
51 90 6 8
51 91 6 3
51 94 6 6
51 95 10 5
51 96 8 7
51 97 4 6
51 98 1 10
51 99 8 5
51 100 4 9
52 53 5 2
52 54 3 7
52 56 4 9
52 57 9 3
52 58 9 6
52 59 5 3
52 60 3 5
52 61 1 5
52 62 6 6
52 63 4 3
52 64 9 5
52 65 7 3
52 66 8 10
52 67 5 8
52 68 3 3
52 69 1 2
52 70 3 7
52 71 4 8
52 72 1 4
52 73 3 3
52 74 6 6
52 75 3 6
52 77 5 4
52 78 3 7
52 80 10 3
52 81 2 2
52 82 2 1
52 83 1 10
52 85 4 9
52 86 4 2
52 87 9 8
52 88 3 9
52 89 1 8
52 90 9 2
52 91 5 1
52 94 1 5
52 95 2 4
52 96 8 3
52 97 2 1
52 98 1 3
52 99 7 6
52 100 4 1
53 54 8 3
53 55 5 7
53 56 4 10
53 57 6 5
53 58 7 5
53 59 2 8
53 61 1 1
53 64 9 3
53 65 10 4
53 68 8 9
53 69 2 10
53 71 7 10
53 72 2 8
53 73 9 7
53 74 10 7
53 76 4 8
53 77 4 7
53 78 3 4
53 80 7 9
53 82 10 1
53 83 7 9
53 84 4 7
53 85 8 8
53 88 8 4
53 90 9 6
53 91 5 10
53 92 9 1
53 95 3 5
53 97 9 9
53 98 2 9
53 100 10 7
54 57 1 6
54 58 3 6
54 59 10 6
54 60 2 6
54 61 5 1
54 63 10 5
54 64 8 8
54 65 9 2
54 66 3 9
54 67 4 2
54 68 10 1
54 70 7 8
54 72 2 3
54 73 8 10
54 74 5 3
54 75 7 10
54 76 6 2
54 77 6 6
54 78 10 2
54 79 7 7
54 80 9 1
54 81 8 5
54 82 8 7
54 83 6 6
54 84 7 4
54 85 6 5
54 86 8 2
54 87 8 4
54 88 5 6
54 89 7 3
54 90 10 9
54 91 6 3
54 94 7 9
54 95 10 1
54 96 2 5
54 97 9 7
54 99 7 4
54 100 10 8
55 56 7 2
55 57 9 10
55 58 5 8
55 59 10 8
55 60 4 2
55 61 1 8
55 62 8 10
55 63 2 7
55 64 1 2
55 65 5 6
55 66 10 8
55 67 6 6
55 69 6 3
55 70 2 3
55 71 5 6
55 72 4 5
55 73 9 2
55 74 9 6
55 75 8 10
55 76 2 6
55 77 2 5
55 78 2 1
55 79 6 1
55 80 6 10
55 81 2 1
55 84 5 4
55 85 10 8
55 86 4 4
55 87 2 10
55 88 7 1
55 89 8 2
55 90 10 10
55 91 8 4
55 92 8 6
55 93 10 4
55 94 5 10
55 95 9 7
55 96 8 9
55 98 5 3
55 100 5 4
56 58 4 10
56 59 1 6
56 60 9 6
56 62 1 9
56 64 10 2
56 65 7 1
56 66 2 7
56 67 9 1
56 69 7 5
56 70 6 8
56 71 1 7
56 72 8 1
56 73 1 4
56 74 5 3
56 75 9 1
56 76 4 1
56 77 3 5
56 78 5 6
56 79 6 10
56 80 2 10
56 81 10 4
56 82 7 4
56 83 9 7
56 84 1 3
56 85 9 5
56 86 1 1
56 87 8 3
56 88 1 1
56 89 10 5
56 90 6 6
56 91 5 10
56 92 3 10
56 94 7 6
56 96 4 6
56 97 1 10
56 98 2 6
56 99 9 6
56 100 9 8
57 58 4 5
57 59 5 8
57 60 3 8
57 61 8 1
57 62 1 2
57 63 3 2
57 64 10 3
57 66 7 7
57 67 10 7
57 70 7 10
57 71 6 8
57 72 8 3
57 74 7 4
57 75 6 4
57 76 4 6
57 78 6 10
57 80 6 2
57 81 10 8
57 82 7 4
57 83 3 9
57 84 7 5
57 85 8 4
57 86 6 5
57 87 10 10
57 88 8 3
57 91 9 8
57 92 7 2
57 93 5 1
57 94 10 8
57 97 4 10
57 98 6 1
57 99 7 7
57 100 10 1
58 59 1 6
58 60 10 1
58 62 5 1
58 63 8 8
58 64 7 3
58 65 4 1
58 66 1 4
58 67 9 7
58 68 6 4
58 69 1 9
58 72 3 8
58 73 4 3
58 74 10 9
58 75 4 2
58 76 6 8
58 77 5 1
58 78 7 10
58 79 5 2
58 80 9 3
58 81 10 8
58 82 1 10
58 84 6 9
58 87 2 9
58 88 10 2
58 89 8 7
58 90 3 5
58 91 2 9
58 93 9 4
58 94 8 4
58 96 1 9
58 97 7 7
58 98 8 4
58 99 4 3
58 100 7 2
59 60 7 7
59 61 2 10
59 62 3 8
59 63 5 9
59 64 10 8
59 65 1 7
59 66 3 9
59 67 7 7
59 68 2 2
59 69 4 8
59 70 6 10
59 71 4 5
59 72 5 7
59 74 1 10
59 75 2 2
59 77 4 10
59 78 2 2
59 79 4 2
59 83 2 10
59 84 5 9
59 85 1 8
59 86 10 10
59 87 7 8
59 88 9 9
59 90 4 4
59 91 6 10
59 92 2 3
59 94 10 10
59 95 8 8
59 96 4 4
59 97 7 9
59 98 6 3
59 99 8 10
59 100 1 3
60 61 8 7
60 62 9 1
60 63 6 4
60 64 10 2
60 65 6 1
60 68 5 7
60 69 9 6
60 70 5 5
60 72 3 4
60 74 4 8
60 75 8 8
60 76 5 9
60 77 5 2
60 78 5 6
60 79 9 7
60 80 4 6
60 81 10 5
60 83 3 3
60 85 3 2
60 86 7 9
60 88 8 8
60 89 6 2
60 91 8 2
60 93 6 1
60 94 4 7
60 95 10 7
60 96 7 3
60 97 6 8
60 98 5 8
60 99 1 1
60 100 4 6
61 62 5 5
61 63 8 8
61 64 8 2
61 65 5 3
61 66 7 1
61 67 9 1
61 68 6 2
61 69 3 6
61 71 10 6
61 72 6 5
61 74 5 5
61 75 6 5
61 76 8 2
61 77 10 5
61 78 10 1
61 79 6 4
61 80 3 4
61 81 6 4
61 82 9 10
61 83 10 5
61 84 10 9
61 85 1 4
61 86 2 10
61 87 6 1
61 89 10 8
61 90 7 3
61 91 8 4
61 92 10 7
61 93 8 5
61 94 1 7
61 95 2 3
61 96 9 2
61 97 8 4
61 98 9 1
61 99 2 4
61 100 3 10
62 63 6 8
62 64 10 2
62 65 3 10
62 66 1 10
62 67 3 9
62 68 3 4
62 69 5 7
62 70 1 2
62 71 8 9
62 72 10 4
62 73 1 3
62 75 5 1
62 81 6 10
62 83 5 7
62 84 8 8
62 85 10 7
62 86 8 2
62 87 9 4
62 88 9 6
62 89 2 7
62 90 1 4
62 91 1 10
62 92 6 1
62 93 1 2
62 94 4 10
62 96 8 8
62 98 2 2
62 99 6 8
62 100 4 8
63 64 2 1
63 65 7 2
63 66 10 4
63 67 7 3
63 69 7 6
63 70 4 3
63 71 5 4
63 72 2 4
63 73 2 1
63 74 6 7
63 75 1 5
63 76 2 2
63 77 4 2
63 78 2 1
63 79 5 3
63 80 8 10
63 81 5 7
63 82 6 6
63 84 5 9
63 85 5 6
63 86 2 9
63 87 3 8
63 88 2 3
63 89 10 1
63 91 4 8
63 92 3 9
63 94 7 2
63 95 8 9
63 96 9 4
63 97 4 4
63 99 2 2
63 100 8 9
64 65 4 9
64 66 1 3
64 67 7 10
64 68 6 6
64 70 1 1
64 71 1 5
64 73 4 1
64 74 6 10
64 77 2 9
64 78 5 10
64 79 2 10
64 80 4 8
64 81 3 9
64 82 4 7
64 83 5 9
64 86 1 3
64 87 5 10
64 88 9 2
64 89 3 2
64 90 6 7
64 91 2 4
64 92 10 1
64 93 4 5
64 94 6 1
64 95 8 7
64 97 1 10
64 98 1 5
64 99 3 3
64 100 6 9
65 66 4 5
65 67 1 5
65 68 9 1
65 69 9 6
65 70 8 9
65 71 8 5
65 72 3 4
65 73 5 10
65 74 9 5
65 75 7 3
65 76 5 5
65 77 8 4
65 78 8 2
65 80 8 2
65 81 3 6
65 82 5 7
65 83 1 3
65 84 1 4
65 86 10 9
65 87 7 6
65 88 5 2
65 91 7 8
65 92 6 1
65 93 3 10
65 94 2 3
65 95 5 8
65 96 3 5
65 97 7 3
65 99 4 2
65 100 8 7
66 67 5 6
66 71 7 2
66 72 7 4
66 74 4 6
66 75 7 3
66 76 2 1
66 79 4 8
66 80 8 9
66 81 2 1
66 82 7 9
66 83 3 3
66 84 3 9
66 85 9 4
66 88 10 5
66 90 8 8
66 91 2 4
66 92 1 1
66 93 1 1
66 95 9 4
66 96 3 10
66 97 8 6
66 98 3 1
66 100 8 10
67 68 4 5
67 69 8 6
67 70 3 8
67 71 7 9
67 72 5 6
67 74 2 8
67 76 3 10
67 77 3 5
67 78 1 5
67 79 10 6
67 81 7 8
67 82 6 9
67 83 6 7
67 84 5 5
67 87 9 5
67 88 9 9
67 91 9 5
67 92 9 7
67 93 7 10
67 94 7 9
67 96 5 3
67 97 10 8
67 98 10 1
67 99 10 1
67 100 6 4
68 70 1 10
68 71 9 8
68 73 5 9
68 76 4 4
68 78 2 5
68 79 1 3
68 80 8 7
68 81 9 2
68 82 1 3
68 83 3 9
68 84 3 5
68 86 2 2
68 87 2 2
68 88 1 7
68 89 8 1
68 90 8 1
68 91 6 9
68 92 7 1
68 93 6 8
68 95 2 1
68 96 7 6
68 98 10 3
68 99 8 1
68 100 4 7
69 71 7 4
69 72 2 7
69 73 10 6
69 74 9 10
69 75 6 6
69 76 5 9
69 77 8 1
69 78 7 6
69 79 1 5
69 83 10 10
69 85 1 2
69 87 6 10
69 88 3 2
69 89 6 1
69 90 9 10
69 91 5 9
69 92 3 7
69 93 6 1
69 94 10 8
69 95 7 1
69 96 7 6
69 97 7 6
69 98 7 10
69 99 4 2
69 100 3 6
70 73 10 3
70 74 4 8
70 75 5 1
70 76 4 5
70 77 10 5
70 78 5 6
70 79 4 8
70 80 6 8
70 82 5 2
70 83 1 2
70 84 4 9
70 86 9 9
70 87 3 5
70 88 5 5
70 89 6 1
70 90 7 9
70 91 10 7
70 92 6 3
70 93 10 8
70 94 3 7
70 95 5 7
70 96 8 10
70 97 10 6
70 98 3 10
70 99 7 7
70 100 8 2
71 72 4 6
71 73 1 7
71 74 8 1
71 75 4 9
71 76 1 6
71 79 2 9
71 80 4 2
71 81 7 6
71 82 9 4
71 84 7 6
71 85 7 9
71 86 7 8
71 87 10 10
71 89 1 6
71 90 8 8
71 91 4 1
71 92 6 3
71 93 6 4
71 94 9 7
71 95 10 6
71 96 5 6
71 98 8 5
71 99 9 1
71 100 6 3
72 73 10 9
72 74 10 6
72 75 1 1
72 76 3 5
72 77 5 4
72 78 10 9
72 80 7 1
72 81 8 7
72 82 9 6
72 83 6 3
72 84 4 10
72 85 1 4
72 86 7 4
72 87 9 8
72 89 3 10
72 90 9 3
72 91 8 4
72 92 1 5
72 93 4 9
72 94 2 10
72 95 10 4
72 96 5 6
72 97 1 5
72 98 6 6
72 99 6 6
72 100 9 9
73 74 6 5
73 75 1 10
73 76 1 10
73 77 9 1
73 78 4 10
73 79 6 10
73 81 2 7
73 82 2 10
73 83 1 4
73 84 1 1
73 85 9 9
73 88 6 1
73 89 5 2
73 90 5 9
73 91 6 9
73 93 10 2
73 95 7 1
73 96 1 8
73 98 3 3
73 100 10 8
74 75 9 9
74 77 8 7
74 78 2 10
74 79 9 2
74 80 2 3
74 82 6 2
74 83 9 3
74 84 4 10
74 85 8 2
74 86 6 2
74 87 8 4
74 88 4 5
74 90 2 9
74 91 1 5
74 93 4 7
74 96 7 10
74 97 1 6
74 98 6 2
74 99 2 10
74 100 5 4
75 76 9 2
75 77 7 5
75 78 6 5
75 79 4 9
75 80 3 9
75 81 9 1
75 82 10 7
75 83 8 2
75 84 10 3
75 85 6 3
75 86 8 10
75 87 8 2
75 88 6 2
75 89 5 9
75 90 9 2
75 91 7 9
75 92 10 1
75 93 7 1
75 94 9 7
75 95 10 10
75 97 5 8
75 98 5 5
76 78 9 9
76 79 1 6
76 80 9 9
76 84 7 6
76 85 9 5
76 86 1 10
76 87 9 5
76 88 9 7
76 89 1 10
76 90 6 1
76 91 9 3
76 93 1 6
76 94 3 10
76 95 7 8
76 96 7 1
76 97 3 3
76 98 8 3
76 100 5 1
77 78 5 6
77 80 9 9
77 81 2 7
77 83 3 9
77 84 1 4
77 85 6 6
77 86 4 2
77 87 9 1
77 88 10 7
77 89 3 1
77 91 5 2
77 92 8 8
77 93 8 2
77 95 7 9
77 96 7 4
77 98 8 10
77 99 1 5
78 79 9 10
78 80 6 3
78 82 7 2
78 83 7 4
78 84 10 1
78 86 5 6
78 87 10 5
78 88 8 6
78 90 9 2
78 92 4 7
78 93 3 2
78 94 4 4
78 95 6 1
78 97 9 5
78 98 9 5
78 100 8 10
79 80 3 2
79 82 10 2
79 83 3 10
79 84 4 5
79 85 7 6
79 86 3 3
79 87 8 9
79 88 1 2
79 89 1 5
79 90 3 10
79 91 4 10
79 92 5 7
79 93 4 5
79 94 7 8
79 95 9 8
79 96 7 5
79 97 3 2
79 98 3 8
79 99 4 7
79 100 7 10
80 81 2 10
80 82 5 2
80 83 5 7
80 84 7 3
80 85 10 3
80 86 5 6
80 87 10 4
80 88 8 2
80 90 10 5
80 91 8 1
80 93 1 7
80 94 8 4
80 95 9 6
80 96 2 9
80 97 2 10
80 100 8 7
81 82 1 8
81 83 1 1
81 84 9 4
81 86 10 8
81 87 3 9
81 88 6 9
81 89 4 9
81 90 5 1
81 91 7 3
81 92 3 10
81 94 5 3
81 95 3 1
81 96 5 3
81 98 5 2
81 99 6 9
82 83 5 2
82 84 8 2
82 85 5 10
82 86 4 9
82 88 2 7
82 89 10 6
82 90 3 1
82 91 3 6
82 92 1 3
82 93 3 9
82 94 7 6
82 95 8 1
82 96 8 4
82 97 2 4
82 98 3 1
82 99 3 8
82 100 1 4
83 84 9 8
83 86 5 7
83 88 2 8
83 90 5 4
83 91 2 7
83 92 10 1
83 94 4 8
83 95 3 7
83 96 6 3
83 97 4 9
83 98 5 1
83 99 8 9
83 100 4 2
84 85 1 4
84 86 8 5
84 87 6 8
84 89 6 3
84 90 1 2
84 91 6 4
84 92 7 9
84 93 1 6
84 95 6 2
84 96 7 8
84 97 7 9
84 98 5 7
85 86 3 9
85 87 6 7
85 88 10 1
85 89 4 9
85 90 9 4
85 91 3 5
85 92 5 9
85 93 1 2
85 95 4 9
85 96 10 10
85 98 1 2
85 99 6 7
86 87 9 5
86 88 10 5
86 89 9 1
86 90 10 7
86 91 4 2
86 92 7 1
86 93 8 8
86 94 1 10
86 95 7 1
86 96 2 4
86 97 6 2
86 98 8 7
86 99 5 8
86 100 2 5
87 88 8 4
87 89 9 5
87 91 2 6
87 92 2 10
87 93 2 6
87 94 6 3
87 95 4 9
87 96 5 9
87 97 8 3
87 98 10 3
87 99 9 7
87 100 8 7
88 90 6 7
88 91 2 5
88 92 4 10
88 93 6 3
88 94 7 10
88 95 9 6
88 96 4 5
88 97 4 10
88 100 5 5
89 90 1 8
89 93 6 6
89 94 6 9
89 95 10 10
89 96 9 1
89 97 10 1
89 99 6 6
90 91 4 5
90 92 3 5
90 93 4 2
90 94 5 7
90 96 3 1
90 97 3 1
90 98 8 5
90 99 1 4
91 92 5 7
91 94 7 6
91 96 6 6
91 97 3 2
91 98 9 3
91 99 5 1
91 100 10 7
92 93 4 5
92 94 3 10
92 95 4 9
92 96 10 4
92 97 8 4
92 98 8 8
92 99 6 5
92 100 9 8
93 94 6 7
93 97 4 9
93 98 7 8
93 99 9 8
93 100 5 7
94 95 8 6
94 96 2 8
94 97 1 7
94 98 5 6
94 99 3 3
94 100 7 4
95 96 8 3
95 97 5 8
95 99 4 4
95 100 1 3
96 97 1 1
96 98 4 1
96 99 7 1
96 100 6 1
97 98 1 2
97 99 4 10
98 99 5 6
98 100 4 7
99 100 6 1
1
1 2 3 4 5 6 7 8 9 10 11 12 13 14 15 16 17 18 19 20 21 22 23 24 25 26 27 28 29 30 31 32 33 34 35 36 37 38 39 40 41 42 43 44 45 46 47 48 49 50
