3987
1 2 8 5
1 3 4 1
1 4 7 4
1 5 7 1
1 6 4 3
1 7 8 3
1 8 5 6
1 9 8 2
1 10 9 1
1 11 7 2
1 12 4 4
1 13 8 8
1 14 1 7
1 17 9 10
1 19 9 1
1 20 3 5
1 21 7 2
1 22 2 6
1 23 5 4
1 24 3 4
1 25 8 4
1 26 6 10
1 27 8 5
1 28 3 2
1 29 8 7
1 30 4 7
1 31 1 2
1 32 3 4
1 33 9 10
1 34 4 4
1 35 3 7
1 36 5 6
1 37 2 7
1 38 9 6
1 39 1 9
1 40 7 9
1 41 6 7
1 42 2 5
1 43 7 10
1 44 10 8
1 46 1 9
1 47 2 9
1 49 8 4
1 50 7 7
1 51 3 3
1 52 6 5
1 53 3 4
1 54 5 5
1 55 1 8
1 56 1 7
1 57 10 5
1 60 1 3
1 63 5 9
1 64 3 2
1 65 4 7
1 67 9 5
1 68 10 3
1 70 2 2
1 71 5 8
1 72 5 2
1 73 9 5
1 74 5 3
1 75 10 2
1 76 5 9
1 77 1 3
1 78 1 6
1 79 9 9
1 80 10 2
1 81 7 3
1 82 5 5
1 83 8 1
1 84 9 7
1 86 3 5
1 89 3 8
1 90 10 5
1 91 5 8
1 92 7 9
1 93 9 9
1 94 4 8
1 95 6 1
1 96 8 7
1 97 9 4
1 98 1 6
1 99 3 9
1 100 8 10
2 3 3 9
2 4 8 9
2 5 6 10
2 7 2 10
2 9 9 4
2 11 4 2
2 12 4 10
2 13 1 8
2 15 7 10
2 16 1 8
2 17 3 6
2 18 2 6
2 19 9 3
2 20 6 7
2 22 9 1
2 23 4 8
2 24 8 2
2 25 10 7
2 26 5 7
2 27 5 8
2 28 4 7
2 29 8 4
2 30 9 6
2 31 2 8
2 32 1 10
2 33 4 10
2 35 8 7
2 36 2 6
2 37 6 10
2 38 3 10
2 39 4 2
2 40 9 9
2 42 4 3
2 44 7 2
2 45 6 5
2 46 5 9
2 47 4 6
2 48 8 1
2 49 1 10
2 50 6 1
2 51 1 6
2 52 4 9
2 53 7 7
2 56 10 3
2 57 8 5
2 58 9 8
2 60 8 1
2 62 1 7
2 63 2 3
2 64 7 3
2 65 8 7
2 66 1 2
2 69 3 3
2 70 8 7
2 71 7 10
2 72 1 3
2 73 10 3
2 74 1 10
2 75 2 6
2 76 5 1
2 77 3 8
2 78 9 2
2 79 3 8
2 80 6 5
2 81 3 9
2 82 6 3
2 83 6 4
2 84 10 4
2 86 6 6
2 87 2 3
2 88 9 1
2 89 1 3
2 91 8 4
2 92 7 5
2 93 1 5
2 94 10 5
2 95 2 5
2 96 1 6
2 97 5 2
2 98 2 10
2 99 4 2
3 5 10 2
3 6 4 7
3 7 5 6
3 8 9 8
3 9 9 6
3 10 6 8
3 11 4 8
3 12 10 5
3 13 3 8
3 14 9 8
3 15 1 10
3 17 9 5
3 18 4 2
3 21 7 8
3 23 6 10
3 24 8 7
3 25 3 2
3 29 9 9
3 30 7 7
3 31 7 9
3 33 4 8
3 34 9 7
3 35 9 4
3 36 3 8
3 37 4 4
3 38 10 7
3 39 9 3
3 40 10 1
3 42 9 10
3 46 6 4
3 48 2 6
3 49 5 9
3 50 2 3
3 51 1 6
3 52 5 5
3 54 3 3
3 55 7 1
3 56 6 9
3 57 5 2
3 58 10 6
3 59 1 4
3 60 2 9
3 61 4 5
3 62 2 3
3 63 5 7
3 64 9 2
3 65 8 3
3 66 7 9
3 67 4 7
3 68 6 2
3 69 1 8
3 70 8 4
3 71 7 9
3 73 3 6
3 75 8 10
3 76 6 2
3 77 5 3
3 78 5 6
3 79 2 8
3 80 6 6
3 81 9 8
3 82 10 2
3 83 6 10
3 84 7 4
3 85 2 5
3 88 8 6
3 89 6 6
3 90 6 5
3 91 9 2
3 92 5 4
3 94 2 9
3 96 7 4
3 97 6 5
3 98 10 9
3 99 9 1
3 100 7 4
4 5 7 8
4 7 4 2
4 8 3 1
4 9 3 9
4 11 4 10
4 12 9 7
4 13 8 2
4 15 9 7
4 17 6 2
4 18 2 8
4 19 1 2
4 21 10 10
4 22 1 5
4 23 3 4
4 25 1 4
4 26 2 6
4 29 5 5
4 30 10 9
4 31 1 8
4 33 9 6
4 34 10 1
4 35 8 1
4 36 2 9
4 37 6 7
4 38 10 5
4 39 10 1
4 41 8 10
4 42 4 1
4 44 10 7
4 46 6 5
4 47 8 1
4 48 6 3
4 53 8 3
4 54 8 2
4 55 8 4
4 56 8 8
4 58 3 9
4 61 3 7
4 62 6 2
4 65 1 8
4 67 7 5
4 68 2 7
4 69 6 5
4 70 9 8
4 71 3 2
4 73 4 2
4 74 5 9
4 75 6 1
4 76 9 3
4 79 3 2
4 80 2 2
4 81 3 6
4 82 8 1
4 84 8 6
4 85 6 1
4 86 2 4
4 87 1 7
4 88 1 4
4 89 2 9
4 90 3 5
4 91 3 1
4 93 2 5
4 94 10 2
4 96 7 1
4 97 10 9
4 98 5 8
4 100 3 5
5 7 10 3
5 8 4 6
5 9 3 1
5 10 2 3
5 11 3 4
5 12 2 4
5 13 10 8
5 14 2 6
5 15 5 8
5 19 9 8
5 20 5 6
5 21 1 3
5 22 8 4
5 23 8 9
5 27 5 4
5 28 7 3
5 29 1 5
5 31 8 5
5 32 6 5
5 33 2 3
5 34 9 10
5 35 5 5
5 36 1 3
5 38 5 6
5 39 10 10
5 40 8 10
5 41 6 3
5 42 10 5
5 43 3 3
5 45 1 9
5 47 10 4
5 48 1 9
5 49 1 9
5 50 10 3
5 52 2 1
5 53 7 5
5 54 7 2
5 55 8 8
5 57 5 7
5 59 5 6
5 60 9 7
5 61 7 5
5 62 4 8
5 63 4 7
5 64 1 3
5 65 7 1
5 66 10 8
5 68 4 5
5 69 4 4
5 71 3 10
5 72 10 8
5 73 6 9
5 74 4 9
5 75 9 9
5 77 5 4
5 78 9 9
5 79 9 8
5 80 4 10
5 81 10 5
5 82 6 6
5 84 6 2
5 85 5 2
5 86 3 9
5 87 8 7
5 88 4 8
5 89 5 10
5 90 3 1
5 91 3 4
5 92 3 6
5 93 7 10
5 95 4 8
5 96 4 10
5 97 1 5
5 98 3 7
5 99 1 4
5 100 1 8
6 7 7 7
6 9 3 3
6 10 6 3
6 11 7 7
6 12 6 8
6 13 10 2
6 14 2 10
6 18 2 5
6 19 2 4
6 20 3 4
6 22 7 1
6 23 6 4
6 24 2 8
6 26 3 7
6 27 7 6
6 28 3 3
6 30 3 9
6 31 4 10
6 32 2 2
6 33 8 5
6 34 8 6
6 35 4 8
6 36 8 6
6 38 1 3
6 39 4 9
6 40 4 5
6 42 8 6
6 43 4 8
6 44 1 8
6 45 9 8
6 47 9 3
6 48 2 1
6 49 6 5
6 50 4 6
6 53 10 4
6 55 7 6
6 56 6 5
6 57 3 9
6 58 2 3
6 61 7 6
6 62 9 10
6 63 5 10
6 64 5 8
6 66 2 2
6 70 1 3
6 71 6 7
6 72 2 7
6 73 7 8
6 74 8 2
6 77 6 8
6 78 6 9
6 80 1 1
6 81 8 6
6 82 6 8
6 83 10 9
6 84 6 4
6 85 3 9
6 86 7 10
6 89 4 6
6 90 8 9
6 91 8 4
6 94 5 4
6 95 9 10
6 97 5 8
6 98 3 6
6 99 10 10
7 8 3 1
7 9 10 10
7 10 3 3
7 11 7 7
7 12 8 9
7 13 6 8
7 14 5 1
7 15 1 3
7 16 3 6
7 17 7 8
7 18 1 5
7 19 4 6
7 20 4 7
7 21 6 2
7 22 5 9
7 23 2 4
7 24 6 9
7 25 3 6
7 27 9 5
7 29 8 7
7 30 8 4
7 31 5 3
7 32 1 8
7 35 3 1
7 36 1 9
7 37 3 3
7 38 3 10
7 39 6 7
7 40 1 7
7 41 6 2
7 42 1 3
7 43 7 1
7 44 7 2
7 45 2 8
7 46 7 2
7 48 1 2
7 49 10 3
7 51 10 8
7 52 10 3
7 53 4 10
7 54 9 8
7 56 5 3
7 57 1 2
7 58 8 7
7 59 10 4
7 60 8 8
7 61 1 8
7 62 9 1
7 64 4 7
7 65 8 8
7 66 4 8
7 67 1 7
7 68 3 8
7 69 3 3
7 70 7 3
7 72 9 7
7 73 4 3
7 74 2 7
7 75 8 10
7 76 7 8
7 77 10 5
7 78 2 2
7 80 8 5
7 81 2 4
7 82 5 4
7 83 5 8
7 84 7 5
7 86 1 10
7 87 6 8
7 89 10 8
7 91 2 3
7 92 10 10
7 95 9 7
7 96 6 7
7 97 10 10
7 99 9 7
8 11 10 5
8 12 8 5
8 13 7 3
8 14 1 10
8 17 2 8
8 18 8 8
8 20 9 10
8 21 2 9
8 23 8 9
8 24 6 10
8 25 10 2
8 26 1 6
8 27 5 6
8 28 1 2
8 29 5 7
8 30 3 6
8 32 9 3
8 33 8 7
8 34 7 6
8 35 2 1
8 36 9 7
8 37 9 2
8 38 6 5
8 39 10 10
8 40 8 3
8 41 1 9
8 44 5 3
8 45 6 4
8 46 1 7
8 47 7 1
8 48 2 6
8 50 5 8
8 51 6 3
8 52 2 9
8 53 2 8
8 55 1 3
8 57 2 2
8 58 7 4
8 60 1 2
8 61 3 4
8 62 6 8
8 63 9 3
8 65 9 3
8 66 5 7
8 67 10 8
8 68 6 4
8 69 3 8
8 70 5 4
8 71 5 8
8 72 4 10
8 73 7 1
8 74 7 2
8 75 6 4
8 76 2 5
8 78 9 6
8 79 8 1
8 80 5 2
8 81 8 1
8 82 3 4
8 83 10 4
8 84 1 8
8 85 7 10
8 86 7 9
8 87 9 1
8 88 6 10
8 89 8 8
8 90 8 4
8 92 4 10
8 93 10 8
8 95 4 5
8 96 3 4
8 97 8 1
8 98 1 10
8 99 10 10
8 100 6 2
9 10 9 4
9 11 10 2
9 12 8 6
9 13 2 3
9 15 4 10
9 16 2 1
9 17 6 4
9 19 8 8
9 21 5 9
9 22 9 7
9 23 10 9
9 24 1 5
9 25 4 6
9 26 8 1
9 27 3 6
9 28 6 9
9 29 9 10
9 31 5 8
9 32 1 10
9 33 10 4
9 34 9 6
9 38 7 1
9 39 7 3
9 40 1 10
9 41 1 5
9 42 4 2
9 43 4 4
9 44 8 5
9 45 8 5
9 46 6 2
9 47 5 2
9 48 10 5
9 49 5 3
9 50 4 4
9 51 9 9
9 52 10 5
9 53 6 4
9 54 1 9
9 55 1 4
9 56 6 9
9 57 5 2
9 58 7 8
9 59 9 6
9 61 6 3
9 62 10 2
9 63 8 8
9 64 9 9
9 67 8 1
9 68 6 1
9 69 10 7
9 71 10 6
9 72 6 9
9 74 3 3
9 75 3 10
9 76 2 4
9 77 10 6
9 78 2 2
9 79 3 7
9 80 4 5
9 81 3 6
9 83 3 6
9 84 10 10
9 85 2 5
9 86 1 5
9 87 4 5
9 88 2 5
9 89 2 7
9 90 6 1
9 91 1 7
9 92 7 10
9 93 6 4
9 94 5 6
9 96 5 6
9 97 2 3
9 99 2 2
10 12 4 3
10 13 2 6
10 14 9 7
10 15 4 10
10 16 2 5
10 17 3 10
10 18 1 1
10 19 4 1
10 20 7 9
10 22 3 10
10 24 10 6
10 25 4 9
10 26 8 2
10 27 10 10
10 28 4 8
10 30 1 9
10 31 9 10
10 32 2 9
10 33 6 10
10 34 8 3
10 36 10 7
10 37 10 1
10 38 1 3
10 40 2 3
10 41 3 5
10 42 7 3
10 43 6 1
10 44 9 4
10 45 9 2
10 46 8 4
10 47 10 4
10 48 7 10
10 50 9 8
10 52 4 6
10 53 8 10
10 54 8 5
10 55 4 4
10 56 7 3
10 57 3 6
10 58 9 4
10 59 1 5
10 60 3 7
10 61 8 10
10 62 7 2
10 63 5 10
10 64 9 3
10 65 4 2
10 66 3 2
10 67 7 5
10 69 6 3
10 70 6 5
10 71 6 10
10 72 3 7
10 73 10 7
10 74 10 4
10 75 5 9
10 76 6 7
10 77 4 8
10 78 3 4
10 80 2 3
10 82 3 2
10 83 6 10
10 84 5 2
10 85 8 7
10 86 2 10
10 87 10 10
10 89 3 4
10 90 7 5
10 91 2 6
10 93 6 1
10 94 9 10
10 96 3 2
10 97 7 2
10 98 9 7
10 99 2 4
11 12 3 2
11 13 8 3
11 14 3 7
11 15 4 10
11 16 9 2
11 17 9 9
11 19 1 7
11 22 6 7
11 23 6 10
11 24 1 6
11 25 9 9
11 26 9 5
11 27 8 3
11 28 3 9
11 29 7 9
11 30 4 10
11 31 1 2
11 32 3 7
11 33 10 6
11 34 1 1
11 35 7 8
11 36 1 2
11 37 4 2
11 38 6 7
11 39 8 9
11 40 9 4
11 41 6 9
11 42 4 4
11 43 3 4
11 44 5 4
11 45 1 3
11 46 2 6
11 47 3 6
11 48 6 6
11 49 3 7
11 51 10 10
11 52 9 9
11 53 1 6
11 54 1 8
11 56 5 2
11 57 4 4
11 58 9 6
11 59 5 6
11 60 8 7
11 62 9 2
11 64 4 8
11 65 3 7
11 66 9 7
11 67 8 7
11 68 9 3
11 69 4 10
11 70 5 3
11 72 2 9
11 73 1 8
11 74 4 4
11 75 8 8
11 76 2 10
11 77 6 6
11 78 6 7
11 79 8 6
11 80 8 2
11 81 10 2
11 82 4 9
11 83 1 1
11 85 9 8
11 86 3 9
11 87 2 7
11 89 7 1
11 90 3 2
11 92 7 9
11 93 4 4
11 95 10 5
11 96 9 2
11 97 4 3
11 98 8 4
11 100 2 7
12 13 6 1
12 14 1 10
12 15 5 1
12 16 4 8
12 17 6 4
12 18 3 6
12 19 5 10
12 20 8 9
12 21 5 6
12 22 8 10
12 24 2 9
12 25 3 2
12 26 10 8
12 28 8 8
12 29 5 3
12 30 6 4
12 31 5 7
12 32 5 10
12 33 4 6
12 34 8 4
12 35 9 4
12 36 2 2
12 38 10 9
12 39 10 7
12 40 6 7
12 42 3 2
12 43 7 9
12 45 7 1
12 46 2 1
12 47 2 8
12 48 2 6
12 49 6 2
12 51 9 4
12 52 10 8
12 53 6 4
12 54 5 10
12 55 2 9
12 56 2 1
12 57 7 9
12 58 9 1
12 60 7 7
12 61 5 2
12 62 3 6
12 63 2 7
12 65 7 1
12 66 9 6
12 67 1 6
12 68 7 9
12 69 3 1
12 70 3 9
12 71 3 1
12 72 5 9
12 73 1 3
12 74 3 4
12 75 5 3
12 76 2 2
12 78 3 4
12 79 7 10
12 80 8 9
12 81 2 4
12 82 6 1
12 83 4 6
12 84 2 8
12 85 3 3
12 86 3 9
12 87 1 4
12 89 10 6
12 90 5 4
12 92 1 5
12 93 7 9
12 94 1 2
12 95 9 9
12 96 7 6
12 97 10 10
12 98 5 10
12 99 10 10
12 100 9 5
13 15 8 1
13 17 10 8
13 18 7 1
13 19 8 6
13 23 7 4
13 24 5 5
13 25 6 2
13 27 1 9
13 28 6 3
13 29 4 5
13 32 5 1
13 34 2 10
13 35 7 4
13 36 4 4
13 37 3 1
13 38 7 8
13 39 9 7
13 40 10 2
13 41 5 7
13 42 3 5
13 44 6 6
13 46 7 10
13 47 2 3
13 48 4 8
13 49 4 3
13 50 7 8
13 52 10 7
13 53 3 1
13 54 9 7
13 55 6 2
13 56 7 9
13 58 7 1
13 60 6 10
13 61 5 4
13 62 1 5
13 63 6 8
13 64 8 5
13 65 9 6
13 66 1 9
13 67 1 5
13 70 2 10
13 71 6 8
13 72 6 6
13 73 7 7
13 75 10 4
13 76 9 2
13 77 8 1
13 78 3 10
13 79 4 9
13 80 7 8
13 81 5 3
13 82 10 2
13 83 5 4
13 84 5 4
13 86 9 10
13 89 6 6
13 91 1 8
13 92 2 8
13 93 7 8
13 94 5 7
13 95 3 9
13 96 5 7
13 98 3 3
13 99 6 1
14 15 4 10
14 16 3 5
14 17 4 8
14 18 9 9
14 19 9 1
14 20 8 1
14 21 7 10
14 23 1 6
14 24 5 4
14 25 1 7
14 26 8 6
14 27 3 7
14 28 10 10
14 29 10 8
14 30 6 2
14 31 7 6
14 33 6 7
14 34 1 3
14 35 6 9
14 36 6 7
14 39 8 4
14 40 7 5
14 41 7 10
14 42 3 8
14 43 10 7
14 44 5 8
14 45 3 5
14 47 3 1
14 50 10 9
14 51 5 8
14 52 7 10
14 57 1 9
14 58 7 8
14 59 6 6
14 60 1 7
14 61 9 9
14 62 6 9
14 63 7 7
14 65 8 1
14 66 7 2
14 68 10 2
14 69 10 3
14 70 9 3
14 71 7 1
14 72 10 3
14 73 3 3
14 74 6 1
14 75 9 10
14 76 8 1
14 77 10 5
14 78 2 3
14 79 10 1
14 81 10 3
14 82 6 8
14 83 4 1
14 84 10 3
14 85 3 10
14 86 2 3
14 87 9 4
14 89 5 2
14 90 6 10
14 92 9 8
14 93 8 10
14 95 10 1
14 96 2 3
14 97 4 2
14 98 9 5
14 99 1 7
14 100 2 5
15 16 7 2
15 17 2 3
15 18 7 4
15 19 1 6
15 20 6 7
15 21 7 6
15 22 6 9
15 23 6 6
15 24 6 1
15 25 4 5
15 27 2 10
15 28 3 6
15 29 2 10
15 31 2 5
15 32 10 10
15 33 8 2
15 37 7 1
15 38 10 6
15 39 8 7
15 41 7 9
15 42 9 1
15 43 8 8
15 44 8 4
15 46 7 7
15 47 2 5
15 48 8 1
15 49 5 4
15 50 1 3
15 51 2 6
15 52 2 6
15 53 7 6
15 54 8 5
15 55 3 8
15 56 2 6
15 57 8 10
15 58 3 6
15 59 9 4
15 60 3 2
15 61 6 4
15 62 6 1
15 63 10 2
15 64 3 6
15 65 4 5
15 66 5 1
15 67 8 10
15 68 8 3
15 69 3 1
15 70 5 4
15 71 1 4
15 72 6 5
15 74 10 7
15 75 10 8
15 76 5 1
15 77 2 9
15 78 2 8
15 79 3 7
15 80 5 5
15 81 1 1
15 82 2 5
15 85 2 3
15 86 6 7
15 88 3 1
15 89 6 8
15 90 5 3
15 91 7 1
15 92 3 2
15 93 7 5
15 95 8 4
15 96 4 2
15 98 9 5
15 99 9 1
15 100 9 3
16 17 2 2
16 18 9 10
16 19 6 5
16 20 9 4
16 21 5 5
16 22 10 7
16 23 10 2
16 25 7 5
16 26 6 2
16 27 5 3
16 29 3 7
16 30 6 6
16 31 6 5
16 33 1 2
16 34 10 8
16 35 9 4
16 36 6 2
16 38 6 8
16 39 3 1
16 40 8 8
16 41 7 9
16 43 4 7
16 44 1 6
16 45 7 5
16 48 3 6
16 49 7 3
16 50 1 9
16 51 3 3
16 52 1 6
16 53 6 8
16 54 2 6
16 55 5 5
16 56 1 6
16 57 4 4
16 58 4 4
16 59 5 1
16 61 10 7
16 62 9 5
16 63 7 6
16 65 7 7
16 66 8 10
16 67 6 8
16 68 9 2
16 70 4 2
16 71 1 10
16 73 2 1
16 75 3 2
16 76 1 7
16 77 1 1
16 78 2 9
16 79 3 5
16 80 5 2
16 81 8 7
16 83 10 4
16 85 2 1
16 86 2 4
16 88 1 4
16 89 1 7
16 90 3 4
16 91 7 1
16 92 4 10
16 93 7 7
16 94 4 7
16 95 4 7
16 97 10 6
16 99 2 8
17 18 6 1
17 19 6 1
17 20 2 2
17 21 5 1
17 22 3 6
17 23 6 6
17 24 4 9
17 25 1 9
17 27 4 2
17 28 10 1
17 29 10 10
17 30 7 4
17 31 10 5
17 32 1 2
17 33 9 9
17 34 2 10
17 37 8 10
17 38 2 7
17 39 6 1
17 40 2 9
17 43 10 8
17 44 1 8
17 45 2 5
17 46 6 8
17 47 3 5
17 48 2 8
17 49 9 6
17 50 5 2
17 51 8 8
17 54 10 10
17 55 3 2
17 56 4 9
17 57 6 6
17 59 3 3
17 60 2 9
17 61 2 6
17 62 6 5
17 63 8 3
17 65 9 10
17 66 4 5
17 67 6 10
17 68 9 4
17 69 2 10
17 70 1 10
17 72 3 10
17 74 5 8
17 75 6 6
17 76 4 5
17 77 4 3
17 78 3 7
17 79 7 6
17 80 8 7
17 81 5 6
17 82 4 10
17 83 2 8
17 84 7 1
17 85 3 1
17 86 9 2
17 87 6 3
17 88 6 6
17 90 1 8
17 91 2 2
17 94 10 6
17 95 9 10
17 96 6 3
17 98 5 5
17 100 9 10
18 20 10 2
18 21 3 4
18 22 6 3
18 23 9 2
18 24 8 2
18 25 8 8
18 26 4 9
18 27 5 6
18 28 9 7
18 29 7 8
18 30 2 8
18 32 8 4
18 33 4 2
18 34 10 9
18 35 7 3
18 37 7 2
18 38 9 9
18 39 3 8
18 40 6 1
18 41 5 7
18 42 8 2
18 44 1 7
18 45 8 6
18 46 7 4
18 47 9 4
18 48 4 3
18 49 2 9
18 50 2 3
18 51 3 6
18 52 7 6
18 53 3 6
18 54 3 8
18 55 4 5
18 56 8 9
18 57 5 7
18 58 8 3
18 60 1 9
18 62 5 7
18 63 3 5
18 70 4 10
18 71 1 9
18 72 8 8
18 74 9 4
18 75 1 6
18 77 8 6
18 78 4 10
18 80 5 9
18 81 8 5
18 83 6 9
18 84 5 10
18 85 6 4
18 86 10 1
18 87 6 10
18 88 8 1
18 90 3 8
18 91 9 7
18 92 6 9
18 93 3 2
18 94 6 5
18 95 10 5
18 96 7 8
18 97 8 5
18 98 9 2
18 99 4 6
18 100 4 8
19 21 10 6
19 22 7 3
19 23 9 9
19 24 5 7
19 25 3 2
19 26 4 10
19 27 4 6
19 28 2 5
19 29 7 10
19 30 6 4
19 31 10 10
19 32 4 2
19 33 8 6
19 34 5 8
19 35 1 7
19 36 7 9
19 37 7 8
19 38 1 1
19 39 10 10
19 41 3 5
19 42 7 3
19 44 6 3
19 46 10 3
19 47 10 7
19 48 9 9
19 49 3 7
19 50 5 7
19 51 10 4
19 52 1 6
19 53 3 1
19 54 3 3
19 55 6 3
19 56 8 10
19 57 4 3
19 59 10 8
19 61 10 6
19 62 10 7
19 63 4 6
19 66 9 2
19 67 1 7
19 68 6 6
19 69 5 4
19 70 5 7
19 71 7 4
19 72 4 3
19 74 10 4
19 75 10 3
19 77 6 7
19 78 1 7
19 79 10 4
19 81 2 9
19 82 5 9
19 83 5 9
19 84 4 2
19 85 1 1
19 86 5 1
19 88 8 8
19 89 7 2
19 91 7 7
19 92 5 5
19 93 8 3
19 94 7 8
19 95 6 8
19 97 4 6
19 100 1 1
20 21 8 9
20 22 8 4
20 23 5 9
20 24 4 8
20 25 3 10
20 26 1 6
20 28 2 9
20 29 6 6
20 31 7 10
20 32 10 9
20 33 8 8
20 34 10 4
20 36 7 7
20 37 2 2
20 38 7 7
20 40 5 5
20 45 3 10
20 46 2 9
20 47 7 3
20 48 9 1
20 49 1 3
20 50 3 7
20 51 9 8
20 52 6 1
20 53 4 5
20 54 1 2
20 55 2 4
20 56 10 1
20 57 7 2
20 58 6 10
20 59 3 7
20 61 8 9
20 65 7 3
20 67 10 3
20 68 4 4
20 69 7 1
20 70 10 6
20 71 6 6
20 72 6 9
20 74 4 1
20 75 1 1
20 76 9 5
20 77 1 1
20 78 1 2
20 79 1 2
20 80 3 3
20 81 5 4
20 82 4 5
20 84 3 4
20 85 2 2
20 86 8 3
20 88 2 2
20 89 5 9
20 90 10 6
20 92 2 3
20 93 3 2
20 94 4 3
20 95 9 2
20 96 8 6
20 97 6 10
20 99 4 1
20 100 4 10
21 23 4 8
21 27 2 2
21 29 1 1
21 31 9 2
21 34 1 7
21 35 7 6
21 36 5 7
21 37 1 8
21 38 3 2
21 39 5 3
21 40 3 2
21 41 6 2
21 42 7 8
21 43 3 4
21 44 8 1
21 45 5 7
21 46 7 9
21 47 7 6
21 48 9 2
21 50 4 10
21 51 3 2
21 52 10 2
21 54 10 4
21 55 7 8
21 56 9 4
21 57 1 5
21 58 6 6
21 59 1 2
21 60 9 6
21 62 8 6
21 64 7 10
21 65 5 8
21 66 8 5
21 67 1 5
21 68 4 4
21 69 5 1
21 70 10 3
21 71 9 4
21 73 7 10
21 74 6 6
21 75 7 2
21 76 10 10
21 77 9 1
21 78 5 5
21 79 4 9
21 81 7 6
21 82 3 4
21 83 6 3
21 85 5 9
21 87 1 9
21 88 1 5
21 89 9 10
21 90 9 7
21 91 8 6
21 93 4 3
21 94 8 5
21 95 3 8
21 96 9 3
21 97 7 9
21 98 3 5
21 99 4 7
21 100 5 6
22 23 8 3
22 24 5 8
22 28 1 4
22 29 5 1
22 30 2 3
22 31 8 8
22 32 7 8
22 33 6 3
22 34 10 10
22 35 9 10
22 37 2 4
22 38 6 1
22 39 7 4
22 40 5 6
22 41 8 8
22 42 8 5
22 44 6 2
22 45 7 9
22 46 10 10
22 47 7 8
22 48 6 8
22 49 1 1
22 50 8 9
22 51 5 3
22 52 5 9
22 53 8 5
22 54 10 2
22 55 8 7
22 56 6 6
22 57 8 9
22 58 1 3
22 60 10 1
22 63 1 3
22 64 5 2
22 65 1 3
22 66 10 10
22 67 2 2
22 68 1 1
22 69 10 4
22 71 4 1
22 73 2 1
22 75 2 7
22 76 1 2
22 78 9 4
22 79 5 10
22 80 3 5
22 81 9 10
22 82 9 9
22 83 4 3
22 85 3 1
22 86 5 9
22 87 2 2
22 88 4 1
22 89 1 9
22 90 4 8
22 91 7 1
22 92 4 4
22 93 8 3
22 94 5 9
22 95 8 4
22 97 6 4
22 98 2 9
22 99 5 3
22 100 2 2
23 24 4 8
23 26 10 4
23 29 5 3
23 30 10 1
23 32 9 5
23 33 1 2
23 34 5 9
23 35 3 9
23 36 9 5
23 37 10 8
23 38 8 8
23 39 10 7
23 41 2 1
23 42 4 10
23 44 4 7
23 47 10 8
23 48 5 3
23 50 1 7
23 51 2 2
23 53 5 7
23 54 6 10
23 55 1 5
23 56 2 10
23 57 8 9
23 60 10 8
23 61 4 1
23 62 10 3
23 63 3 8
23 64 3 10
23 65 7 10
23 66 6 1
23 67 9 10
23 68 3 2
23 69 5 2
23 70 1 8
23 72 4 2
23 73 8 6
23 74 1 9
23 75 4 8
23 76 8 2
23 77 8 1
23 78 3 5
23 79 3 9
23 81 3 1
23 82 6 8
23 84 7 5
23 85 3 4
23 86 10 6
23 87 9 5
23 88 5 4
23 89 1 1
23 90 3 2
23 93 7 6
23 94 5 9
23 96 4 7
23 98 4 9
23 99 10 5
23 100 2 5
24 25 2 1
24 26 6 5
24 27 4 4
24 28 5 3
24 29 10 7
24 30 9 8
24 31 2 5
24 32 7 7
24 33 5 2
24 34 9 3
24 35 6 1
24 36 5 10
24 37 8 2
24 38 2 9
24 40 7 7
24 41 3 1
24 42 1 6
24 43 9 4
24 44 2 7
24 45 10 5
24 46 3 3
24 47 3 8
24 48 4 7
24 49 6 2
24 51 6 9
24 52 10 7
24 53 7 9
24 54 5 5
24 55 1 8
24 56 8 1
24 57 5 6
24 58 9 6
24 59 1 7
24 60 8 6
24 61 9 7
24 62 3 7
24 63 2 1
24 65 10 10
24 67 9 3
24 68 4 2
24 70 9 1
24 71 7 1
24 72 5 6
24 73 4 7
24 74 4 1
24 75 8 3
24 76 10 4
24 77 1 4
24 78 6 7
24 81 4 7
24 83 5 4
24 84 5 3
24 86 9 6
24 87 10 4
24 91 2 8
24 92 1 5
24 93 10 7
24 94 8 1
24 96 2 1
24 97 6 10
24 98 10 5
24 99 3 6
24 100 10 8
25 26 7 1
25 27 2 5
25 28 10 1
25 29 1 6
25 30 7 8
25 32 1 7
25 33 10 9
25 34 8 6
25 35 8 3
25 36 5 10
25 37 6 5
25 38 9 2
25 39 6 10
25 40 8 6
25 41 10 1
25 42 3 1
25 43 8 9
25 44 4 1
25 46 2 1
25 47 1 8
25 48 8 3
25 49 6 6
25 50 10 5
25 51 3 10
25 52 7 1
25 53 3 3
25 55 5 2
25 56 4 3
25 57 4 6
25 59 5 8
25 61 1 10
25 62 10 10
25 63 9 1
25 64 1 4
25 66 10 8
25 67 10 10
25 68 6 4
25 69 10 10
25 72 10 2
25 73 6 10
25 74 7 2
25 75 1 7
25 76 5 4
25 77 9 9
25 78 3 4
25 80 4 2
25 81 8 7
25 82 10 3
25 83 6 5
25 84 6 6
25 85 7 4
25 86 3 6
25 87 8 6
25 88 5 1
25 90 4 4
25 91 4 6
25 92 8 5
25 93 1 7
25 94 3 7
25 95 4 3
25 97 4 3
25 98 9 8
26 27 9 9
26 28 6 2
26 29 2 5
26 30 3 10
26 31 9 8
26 32 5 4
26 33 9 7
26 34 10 7
26 36 10 2
26 37 10 3
26 38 6 2
26 39 1 1
26 40 2 4
26 41 9 4
26 42 1 9
26 43 9 2
26 44 7 7
26 45 5 10
26 48 6 4
26 49 2 1
26 50 10 8
26 52 6 8
26 53 4 9
26 54 8 4
26 55 9 3
26 56 6 3
26 57 10 4
26 58 6 7
26 59 3 5
26 60 5 3
26 61 3 7
26 62 3 6
26 64 2 2
26 65 10 5
26 66 1 1
26 67 6 6
26 68 9 6
26 69 10 1
26 70 5 5
26 71 10 4
26 72 9 3
26 73 2 9
26 74 3 5
26 78 3 10
26 79 10 7
26 80 9 9
26 81 5 7
26 82 6 9
26 83 4 8
26 84 6 5
26 85 1 6
26 86 9 5
26 87 1 3
26 88 1 7
26 89 7 5
26 90 3 9
26 91 10 5
26 92 2 9
26 93 7 2
26 94 9 2
26 95 5 6
26 96 9 2
26 97 3 10
26 100 5 5
27 28 7 1
27 29 2 2
27 31 9 8
27 32 3 4
27 33 2 9
27 36 4 3
27 37 10 10
27 38 7 1
27 39 5 1
27 40 10 10
27 41 7 4
27 42 7 7
27 43 9 6
27 44 10 10
27 45 9 6
27 46 7 5
27 47 7 2
27 48 4 5
27 49 7 5
27 50 6 7
27 51 8 1
27 52 8 7
27 53 4 3
27 54 2 4
27 55 9 10
27 56 2 6
27 57 7 1
27 58 6 1
27 59 8 1
27 60 8 9
27 61 1 10
27 62 3 2
27 63 10 2
27 64 7 10
27 65 5 4
27 66 9 4
27 67 10 7
27 68 3 9
27 69 9 5
27 70 1 5
27 71 3 1
27 72 7 8
27 73 10 2
27 76 7 2
27 77 9 3
27 78 9 9
27 79 5 1
27 80 10 10
27 81 1 4
27 82 2 5
27 83 9 8
27 84 10 10
27 85 10 7
27 86 4 6
27 87 5 10
27 88 6 10
27 90 2 10
27 91 10 6
27 92 1 7
27 94 10 6
27 95 2 8
27 96 8 9
27 97 5 2
27 98 4 3
28 29 3 6
28 30 9 7
28 31 10 7
28 33 9 6
28 34 3 5
28 35 6 7
28 36 7 5
28 38 8 9
28 39 3 7
28 40 10 9
28 42 5 9
28 43 8 9
28 45 1 6
28 46 1 8
28 47 8 2
28 48 5 1
28 49 3 9
28 50 8 8
28 51 1 8
28 52 8 9
28 53 6 9
28 54 9 8
28 55 10 4
28 57 9 7
28 58 1 5
28 59 1 7
28 60 5 1
28 61 10 8
28 62 2 10
28 63 9 1
28 64 7 1
28 65 1 4
28 67 6 1
28 68 1 2
28 69 9 1
28 70 5 10
28 71 7 8
28 72 5 2
28 73 7 1
28 74 2 4
28 75 9 2
28 76 6 7
28 77 10 3
28 79 5 2
28 80 2 6
28 81 2 8
28 83 9 3
28 85 5 8
28 86 9 3
28 87 7 9
28 88 4 2
28 90 8 10
28 91 5 2
28 93 3 7
28 94 3 5
28 95 2 4
28 96 5 4
28 97 1 1
28 98 9 5
28 99 7 3
28 100 5 9
29 30 10 10
29 31 9 10
29 33 3 2
29 35 1 1
29 37 5 7
29 38 7 9
29 39 4 5
29 40 5 2
29 42 5 3
29 43 1 2
29 44 5 3
29 46 3 2
29 47 8 2
29 48 1 4
29 50 2 6
29 51 7 8
29 52 9 7
29 53 2 5
29 54 1 2
29 55 6 6
29 57 2 5
29 58 9 6
29 59 1 3
29 60 8 6
29 61 3 9
29 63 8 6
29 65 8 2
29 67 10 8
29 68 1 1
29 69 6 3
29 70 3 1
29 72 7 5
29 73 7 7
29 74 9 6
29 75 1 4
29 76 8 5
29 78 3 7
29 80 4 5
29 82 2 1
29 83 4 3
29 84 4 3
29 85 8 2
29 87 7 10
29 89 8 1
29 91 1 4
29 93 4 1
29 94 1 4
29 95 6 4
29 96 7 1
29 98 10 4
30 31 4 5
30 32 5 1
30 33 1 8
30 34 8 10
30 35 7 1
30 37 8 10
30 39 5 4
30 40 1 5
30 42 7 9
30 43 9 5
30 44 2 9
30 47 6 7
30 49 6 4
30 50 2 2
30 51 3 1
30 52 4 1
30 53 2 10
30 54 1 5
30 55 7 8
30 57 9 7
30 58 3 3
30 59 2 1
30 60 9 4
30 61 7 4
30 62 6 7
30 64 10 6
30 65 1 9
30 66 7 5
30 67 5 9
30 68 3 3
30 69 10 4
30 70 1 1
30 71 9 5
30 72 9 6
30 73 2 9
30 74 4 4
30 76 6 10
30 77 9 4
30 78 7 4
30 80 10 4
30 81 10 9
30 83 7 4
30 85 10 5
30 88 1 9
30 90 5 4
30 92 3 1
30 93 7 3
30 94 8 9
30 96 2 7
30 97 1 1
30 98 1 3
30 99 10 7
30 100 3 6
31 32 1 5
31 33 4 9
31 34 8 9
31 36 2 4
31 37 2 5
31 38 4 8
31 39 8 10
31 40 2 4
31 41 2 5
31 42 7 9
31 43 7 3
31 46 5 6
31 47 8 4
31 48 6 3
31 49 1 7
31 50 9 7
31 51 8 8
31 52 1 2
31 53 5 5
31 54 5 9
31 57 2 1
31 58 2 7
31 59 10 6
31 60 8 10
31 62 10 9
31 63 2 4
31 65 10 6
31 66 3 1
31 68 1 1
31 69 10 4
31 70 10 4
31 71 4 3
31 72 7 5
31 74 2 7
31 75 6 8
31 76 4 10
31 77 1 10
31 78 7 3
31 79 8 3
31 80 8 7
31 81 9 9
31 82 9 3
31 84 7 5
31 85 7 1
31 87 7 10
31 89 9 2
31 90 8 9
31 93 7 2
31 94 1 6
31 95 9 8
31 96 8 6
31 98 7 6
31 99 2 10
31 100 1 8
32 33 10 5
32 36 4 2
32 40 1 4
32 41 7 5
32 42 2 4
32 43 4 5
32 44 10 8
32 45 2 1
32 46 9 6
32 48 9 2
32 49 10 6
32 50 9 3
32 53 1 7
32 54 5 6
32 55 2 6
32 57 2 6
32 58 6 5
32 59 5 8
32 60 9 2
32 61 2 6
32 62 3 6
32 64 2 7
32 66 4 7
32 67 4 6
32 69 10 2
32 70 9 1
32 71 10 2
32 72 1 3
32 73 9 8
32 74 8 3
32 75 2 1
32 76 7 10
32 78 1 5
32 79 3 9
32 80 5 4
32 82 2 4
32 84 8 6
32 85 3 10
32 86 6 3
32 87 9 10
32 88 7 3
32 89 6 10
32 91 9 5
32 92 10 9
32 93 4 8
32 94 10 5
32 96 6 5
32 97 4 2
32 98 4 8
32 99 9 9
32 100 6 10
33 34 3 6
33 35 7 5
33 36 5 4
33 37 10 7
33 39 3 3
33 40 9 8
33 41 8 10
33 42 7 7
33 43 7 7
33 44 9 7
33 45 10 10
33 46 9 5
33 47 8 7
33 48 9 9
33 49 4 4
33 50 3 4
33 51 6 6
33 52 3 5
33 53 4 5
33 54 7 7
33 55 9 3
33 56 8 1
33 57 8 8
33 58 7 1
33 59 2 4
33 60 4 10
33 61 6 7
33 62 1 6
33 63 10 4
33 64 9 5
33 65 4 5
33 66 4 1
33 67 2 3
33 69 6 4
33 70 8 9
33 71 7 4
33 72 3 10
33 73 2 2
33 74 8 7
33 75 5 4
33 76 7 7
33 77 3 9
33 78 8 9
33 79 2 6
33 80 7 10
33 81 10 4
33 82 1 9
33 83 6 7
33 84 8 9
33 85 6 8
33 86 3 6
33 87 2 10
33 88 5 3
33 89 7 1
33 90 2 2
33 93 3 3
33 94 3 6
33 95 9 6
33 97 6 4
33 98 4 4
33 99 10 6
34 36 8 2
34 38 5 2
34 39 6 10
34 41 3 8
34 42 2 10
34 43 8 10
34 44 3 5
34 45 3 1
34 46 5 1
34 47 10 1
34 48 7 2
34 50 6 10
34 51 2 8
34 52 9 1
34 53 3 2
34 54 6 1
34 55 6 10
34 56 3 7
34 57 2 2
34 58 9 6
34 59 10 6
34 60 9 2
34 61 1 6
34 63 3 4
34 64 6 3
34 65 2 10
34 66 10 2
34 67 1 10
34 68 7 1
34 69 6 3
34 71 9 2
34 72 1 6
34 73 3 5
34 74 4 5
34 75 5 3
34 76 2 7
34 77 10 6
34 78 9 3
34 79 8 5
34 81 1 9
34 84 10 2
34 85 9 2
34 87 9 7
34 89 2 7
34 90 6 8
34 91 6 8
34 92 8 3
34 93 5 6
34 94 10 6
34 95 9 9
34 96 3 3
34 97 2 1
34 98 9 3
34 99 7 9
35 36 2 10
35 37 10 1
35 38 8 1
35 39 5 7
35 40 8 5
35 42 6 10
35 43 7 8
35 44 5 10
35 45 5 1
35 46 3 5
35 47 2 5
35 48 6 3
35 49 6 1
35 50 8 8
35 52 2 2
35 55 4 8
35 56 3 10
35 57 2 10
35 58 4 7
35 59 5 10
35 60 6 9
35 61 10 1
35 62 9 3
35 63 10 2
35 64 2 2
35 65 9 6
35 67 9 2
35 68 10 9
35 69 7 4
35 70 10 4
35 72 7 8
35 73 2 3
35 74 6 4
35 75 2 5
35 76 5 7
35 77 7 3
35 78 4 3
35 79 3 1
35 80 5 2
35 82 10 3
35 83 2 9
35 84 1 6
35 85 2 4
35 86 8 7
35 87 3 10
35 89 10 4
35 90 9 2
35 91 9 8
35 92 10 7
35 93 8 1
35 94 10 2
35 95 9 8
35 96 2 9
35 97 9 7
35 98 10 2
35 99 9 2
36 37 4 9
36 38 9 1
36 39 7 1
36 40 9 1
36 41 8 4
36 42 1 9
36 43 2 6
36 45 3 2
36 46 5 7
36 47 5 8
36 48 5 9
36 49 6 4
36 50 7 7
36 51 9 1
36 52 7 1
36 54 8 6
36 55 4 7
36 56 2 8
36 57 6 4
36 59 3 3
36 60 3 2
36 61 5 5
36 63 6 10
36 64 5 6
36 65 9 10
36 66 5 10
36 67 1 8
36 68 3 5
36 70 5 10
36 71 10 10
36 72 1 5
36 74 8 5
36 77 9 8
36 78 3 9
36 79 4 7
36 80 1 6
36 81 3 8
36 83 8 10
36 84 8 6
36 88 8 1
36 89 9 6
36 92 5 1
36 93 10 7
36 94 9 4
36 95 7 9
36 96 7 2
36 97 5 5
36 98 8 2
36 99 4 2
36 100 8 9
37 39 1 10
37 41 10 8
37 42 2 9
37 43 1 1
37 44 10 2
37 47 9 10
37 48 6 5
37 51 8 7
37 52 9 1
37 55 3 5
37 56 2 2
37 57 8 4
37 58 6 2
37 59 5 5
37 60 4 5
37 61 9 6
37 62 1 5
37 63 4 4
37 64 8 2
37 66 6 6
37 68 10 2
37 69 3 6
37 70 2 3
37 71 8 8
37 72 3 8
37 74 6 5
37 76 5 10
37 77 4 3
37 78 7 6
37 80 2 9
37 81 7 4
37 82 6 7
37 83 4 2
37 84 9 5
37 85 1 7
37 87 2 9
37 88 1 3
37 89 1 4
37 90 10 2
37 91 1 10
37 92 9 7
37 93 7 6
37 95 2 9
37 96 6 8
37 97 7 10
37 98 3 3
37 100 6 6
38 39 5 4
38 40 9 5
38 41 1 1
38 44 7 10
38 45 8 5
38 46 1 8
38 47 5 1
38 49 3 4
38 50 2 5
38 51 9 9
38 52 8 1
38 53 2 6
38 54 4 3
38 55 8 3
38 57 10 2
38 58 9 9
38 59 7 2
38 60 5 6
38 62 9 10
38 63 1 5
38 64 4 2
38 65 5 4
38 66 10 1
38 67 7 2
38 68 1 7
38 69 7 5
38 70 3 8
38 73 10 5
38 74 9 6
38 75 5 7
38 77 10 3
38 78 2 6
38 79 10 5
38 80 6 4
38 81 8 3
38 82 7 8
38 83 1 9
38 85 10 5
38 86 4 1
38 87 6 5
38 88 10 10
38 89 5 3
38 90 1 1
38 91 10 3
38 92 5 3
38 93 5 7
38 94 3 5
38 95 3 6
38 96 1 2
38 97 9 4
38 98 7 9
38 99 6 10
39 40 8 3
39 41 10 1
39 42 6 2
39 43 8 2
39 44 1 4
39 45 9 8
39 47 10 9
39 48 1 5
39 50 2 1
39 51 1 4
39 52 6 2
39 53 1 3
39 54 7 6
39 55 10 2
39 56 6 2
39 57 4 10
39 58 2 10
39 59 6 2
39 60 6 3
39 61 3 8
39 63 8 3
39 64 2 2
39 65 3 6
39 66 3 4
39 67 3 7
39 68 6 9
39 69 1 4
39 70 10 7
39 71 6 10
39 72 2 8
39 73 5 7
39 74 6 3
39 75 3 1
39 77 9 6
39 78 8 2
39 79 2 7
39 80 6 7
39 81 7 1
39 83 4 9
39 85 9 2
39 86 4 2
39 87 7 8
39 88 10 7
39 89 8 10
39 90 4 1
39 91 3 4
39 92 1 7
39 93 7 7
39 94 9 2
39 95 10 7
39 96 10 9
39 97 2 5
39 98 8 2
39 99 4 8
39 100 4 4
40 41 3 8
40 42 6 2
40 43 8 5
40 44 2 9
40 45 7 6
40 46 6 3
40 47 3 5
40 49 3 3
40 51 4 9
40 52 9 3
40 53 9 3
40 54 1 9
40 55 3 9
40 56 5 6
40 57 3 10
40 60 9 5
40 61 9 10
40 62 6 4
40 63 8 8
40 64 8 7
40 65 8 6
40 66 7 10
40 67 10 5
40 68 8 3
40 70 6 1
40 71 8 9
40 73 10 9
40 74 5 1
40 76 10 6
40 77 8 2
40 78 1 7
40 79 4 8
40 80 5 9
40 81 9 7
40 82 7 9
40 84 2 10
40 85 3 1
40 86 8 9
40 87 10 4
40 88 7 4
40 91 5 9
40 93 3 9
40 95 8 3
40 96 7 10
40 97 8 4
40 100 2 6
41 42 8 8
41 43 10 8
41 44 8 5
41 45 6 3
41 48 2 10
41 50 3 2
41 51 4 9
41 52 1 9
41 53 3 5
41 54 4 7
41 55 7 9
41 56 2 4
41 57 4 7
41 58 8 10
41 59 7 8
41 60 7 6
41 61 5 5
41 62 9 9
41 63 7 4
41 64 6 4
41 65 7 4
41 66 9 2
41 67 6 6
41 68 8 10
41 71 6 9
41 72 5 9
41 73 1 5
41 74 5 9
41 75 9 3
41 76 1 10
41 77 3 6
41 78 3 4
41 79 2 5
41 80 1 4
41 81 7 9
41 82 7 7
41 83 9 6
41 84 7 5
41 85 5 6
41 86 6 6
41 87 7 1
41 88 2 6
41 90 8 7
41 91 2 7
41 92 7 7
41 93 1 6
41 94 7 2
41 95 5 10
41 96 9 5
41 97 4 2
41 98 3 10
41 99 4 3
42 43 7 5
42 44 6 3
42 45 9 9
42 46 5 2
42 49 1 9
42 51 7 7
42 52 4 4
42 54 3 7
42 55 3 3
42 56 10 7
42 57 1 6
42 59 2 1
42 60 5 10
42 61 5 1
42 62 1 1
42 64 10 3
42 66 6 9
42 67 8 4
42 68 4 5
42 69 3 10
42 70 6 9
42 71 4 10
42 72 8 3
42 73 6 7
42 74 6 7
42 76 6 7
42 77 6 2
42 78 7 1
42 80 6 10
42 81 7 7
42 82 3 4
42 83 10 9
42 84 1 4
42 86 3 8
42 88 10 3
42 90 6 6
42 91 5 4
42 93 9 4
42 94 3 5
42 95 10 8
42 96 1 3
42 97 7 8
42 98 9 2
42 100 6 10
43 45 2 9
43 46 7 1
43 47 6 9
43 48 6 10
43 49 2 3
43 50 4 3
43 52 6 7
43 54 8 10
43 59 8 4
43 60 3 10
43 61 9 9
43 62 5 1
43 63 8 6
43 64 2 7
43 65 9 3
43 66 1 3
43 67 8 8
43 68 7 2
43 69 3 10
43 71 7 2
43 72 3 2
43 73 3 6
43 75 7 7
43 76 7 5
43 77 9 3
43 78 8 10
43 79 3 5
43 80 10 8
43 81 5 9
43 82 6 7
43 83 4 5
43 84 1 3
43 85 6 9
43 86 4 9
43 88 1 8
43 89 7 5
43 90 2 1
43 91 5 6
43 92 9 5
43 93 5 2
43 94 4 4
43 95 8 4
43 96 10 2
43 97 1 9
43 98 10 7
43 100 9 8
44 45 2 6
44 46 9 1
44 47 6 7
44 48 9 1
44 50 3 1
44 51 8 9
44 54 9 2
44 57 3 2
44 58 1 9
44 59 2 10
44 60 9 6
44 61 2 1
44 62 7 5
44 63 2 5
44 64 2 2
44 66 7 8
44 67 5 2
44 68 10 4
44 69 8 4
44 70 5 10
44 71 8 2
44 72 2 2
44 73 1 3
44 74 3 2
44 76 8 9
44 77 8 1
44 78 6 6
44 79 1 5
44 80 5 2
44 81 5 8
44 82 10 3
44 84 10 2
44 85 2 8
44 86 2 2
44 87 2 9
44 88 10 10
44 89 7 1
44 90 7 9
44 92 8 5
44 94 6 4
44 96 6 2
44 97 10 7
44 98 1 10
44 99 9 1
44 100 10 6
45 46 5 1
45 47 6 1
45 48 7 5
45 51 4 8
45 52 7 10
45 53 4 5
45 54 3 8
45 55 7 8
45 56 5 10
45 57 10 5
45 58 3 5
45 59 5 2
45 61 4 2
45 62 9 3
45 63 1 5
45 64 1 3
45 66 6 1
45 67 3 10
45 68 8 3
45 69 5 2
45 70 10 2
45 71 8 9
45 72 5 10
45 73 6 10
45 74 7 3
45 75 6 2
45 76 4 10
45 77 1 10
45 79 1 8
45 80 6 3
45 81 9 7
45 82 10 4
45 83 6 7
45 84 1 8
45 85 9 5
45 86 3 9
45 87 6 4
45 89 4 10
45 91 5 7
45 93 10 7
45 94 7 1
45 95 5 5
45 96 2 9
45 97 3 7
45 98 6 9
45 100 10 4
46 47 5 6
46 48 1 10
46 49 8 2
46 52 5 8
46 53 1 5
46 54 4 4
46 55 4 5
46 56 3 7
46 57 6 9
46 58 10 6
46 60 2 3
46 63 1 2
46 64 3 9
46 66 1 9
46 67 8 2
46 68 3 10
46 70 6 10
46 71 2 1
46 73 7 10
46 74 1 9
46 75 4 8
46 76 5 4
46 77 5 5
46 78 6 10
46 81 10 10
46 82 2 6
46 83 7 3
46 84 7 2
46 87 1 3
46 88 7 8
46 89 5 3
46 90 6 2
46 91 3 7
46 93 6 6
46 94 3 3
46 95 7 10
46 97 8 6
46 98 8 9
46 99 5 5
46 100 5 1
47 49 5 1
47 50 8 5
47 51 9 8
47 53 9 5
47 54 2 2
47 57 6 8
47 58 8 10
47 59 3 6
47 60 1 9
47 61 5 8
47 62 6 7
47 63 8 1
47 64 9 4
47 65 7 7
47 66 4 10
47 67 3 7
47 68 2 8
47 69 5 1
47 71 7 4
47 72 2 2
47 73 7 9
47 74 6 5
47 75 10 9
47 76 1 3
47 77 5 1
47 78 8 8
47 79 1 8
47 80 7 1
47 83 4 5
47 84 10 3
47 85 9 10
47 86 10 2
47 87 4 9
47 88 3 2
47 89 5 4
47 90 5 2
47 91 3 2
47 92 3 8
47 93 8 7
47 96 8 1
47 98 4 3
47 99 8 8
47 100 8 7
48 49 7 9
48 50 3 6
48 51 9 10
48 52 9 3
48 53 8 9
48 55 9 5
48 56 10 1
48 57 5 8
48 58 4 3
48 59 9 4
48 60 4 2
48 61 10 8
48 62 6 7
48 64 6 3
48 65 9 3
48 66 7 7
48 69 7 4
48 70 5 1
48 71 1 8
48 73 10 2
48 74 2 4
48 76 4 7
48 77 6 7
48 79 1 3
48 80 9 5
48 82 5 4
48 83 5 7
48 85 6 2
48 87 9 5
48 88 5 2
48 89 7 7
48 90 8 10
48 91 6 5
48 92 2 6
48 94 1 2
48 95 2 7
48 97 4 3
48 98 6 4
48 99 1 9
48 100 6 5
49 50 4 7
49 55 8 3
49 57 10 10
49 58 3 8
49 59 6 4
49 60 6 4
49 61 10 4
49 62 1 8
49 63 5 3
49 64 5 2
49 65 9 3
49 66 6 6
49 67 1 3
49 68 7 1
49 71 8 3
49 72 9 2
49 73 1 2
49 74 2 7
49 75 3 9
49 78 6 5
49 79 3 1
49 80 8 2
49 81 4 3
49 84 1 10
49 86 4 10
49 87 1 1
49 88 3 8
49 90 4 1
49 92 9 9
49 93 7 7
49 95 9 5
49 96 2 4
49 97 5 9
49 98 1 2
49 99 4 1
49 100 5 1
50 51 10 8
50 52 1 10
50 54 8 1
50 55 9 6
50 56 7 9
50 57 8 8
50 58 10 5
50 59 7 1
50 60 10 1
50 61 6 5
50 62 4 8
50 63 1 1
50 64 2 9
50 65 4 1
50 66 6 2
50 67 4 8
50 68 8 5
50 69 4 7
50 70 6 3
50 71 10 6
50 74 3 7
50 75 9 6
50 77 4 5
50 78 10 3
50 79 7 6
50 80 10 6
50 81 3 5
50 83 10 5
50 84 1 2
50 85 8 10
50 86 1 3
50 87 1 4
50 88 8 9
50 90 8 10
50 91 9 2
50 92 3 10
50 93 3 4
50 94 6 7
50 96 4 5
50 97 9 2
50 98 10 1
50 100 5 8
51 53 8 5
51 54 7 1
51 55 8 4
51 56 1 6
51 57 5 9
51 58 1 9
51 59 2 5
51 60 3 2
51 61 3 5
51 62 7 8
51 63 4 1
51 64 6 5
51 66 1 10
51 67 4 4
51 68 3 7
51 69 1 8
51 70 1 9
51 71 6 4
51 72 1 2
51 73 1 10
51 74 3 9
51 75 10 1
51 76 7 9
51 77 9 3
51 78 5 2
51 79 1 1
51 80 1 7
51 81 7 6
51 82 4 10
51 85 4 9
51 86 8 1
51 87 6 6
51 88 2 2
51 89 10 9
51 90 5 5
51 91 7 2
51 93 4 6
51 94 6 7
51 95 3 6
51 96 2 7
51 97 5 9
51 98 6 1
51 99 9 3
51 100 5 2
52 55 6 5
52 57 5 1
52 58 2 1
52 59 10 5
52 60 5 2
52 61 5 1
52 62 7 10
52 63 7 2
52 66 2 7
52 67 9 2
52 69 1 9
52 70 3 1
52 71 6 2
52 72 9 4
52 73 4 6
52 74 8 4
52 75 9 5
52 76 2 10
52 77 1 2
52 79 10 5
52 80 6 5
52 81 10 8
52 82 10 6
52 83 8 6
52 84 8 4
52 85 9 2
52 86 2 2
52 87 2 5
52 89 2 10
52 90 10 6
52 91 9 2
52 92 9 2
52 93 9 4
52 94 2 3
52 97 4 6
52 99 8 8
52 100 4 2
53 54 5 5
53 55 1 3
53 56 2 10
53 57 1 9
53 58 6 10
53 59 2 5
53 60 8 7
53 61 8 3
53 62 5 2
53 64 8 5
53 65 8 4
53 66 4 1
53 67 2 7
53 68 1 8
53 69 4 2
53 71 9 4
53 72 1 1
53 73 4 8
53 74 7 8
53 75 3 9
53 76 5 10
53 77 4 5
53 78 3 2
53 79 6 8
53 80 6 7
53 81 1 9
53 82 1 1
53 83 5 9
53 84 9 6
53 86 5 5
53 87 2 10
53 88 8 7
53 90 7 9
53 91 2 8
53 92 8 7
53 93 3 2
53 95 1 3
53 96 9 7
53 97 1 7
53 98 10 1
54 55 4 6
54 56 1 3
54 57 8 8
54 58 3 5
54 59 6 9
54 60 3 1
54 61 8 6
54 62 9 4
54 63 1 4
54 64 7 6
54 66 9 6
54 67 7 3
54 68 3 4
54 69 4 7
54 70 3 4
54 74 6 8
54 76 9 10
54 77 8 1
54 78 1 9
54 80 7 3
54 81 2 1
54 82 2 5
54 83 4 6
54 84 8 6
54 85 10 4
54 86 2 5
54 88 6 8
54 90 9 5
54 91 7 5
54 92 9 9
54 94 8 1
54 96 4 1
54 97 2 4
54 98 8 5
54 100 4 2
55 56 10 10
55 57 9 10
55 58 4 6
55 59 10 9
55 60 7 7
55 62 9 5
55 64 10 10
55 66 4 8
55 67 4 9
55 68 10 7
55 69 2 1
55 70 3 6
55 71 7 5
55 72 3 4
55 73 8 8
55 74 2 6
55 75 2 10
55 76 8 4
55 77 6 7
55 78 10 3
55 79 5 5
55 81 7 2
55 82 9 7
55 83 1 6
55 86 9 5
55 87 1 6
55 88 5 4
55 89 4 4
55 92 10 6
55 93 4 2
55 94 6 9
55 95 10 1
55 96 6 5
55 97 8 5
55 98 4 5
55 99 8 1
56 58 5 10
56 59 6 6
56 60 10 9
56 62 3 7
56 63 5 10
56 64 10 10
56 65 5 8
56 68 10 7
56 69 6 2
56 70 6 7
56 71 7 7
56 72 3 8
56 73 3 10
56 74 8 2
56 75 4 4
56 76 3 8
56 77 6 7
56 79 4 10
56 80 9 10
56 81 8 8
56 82 7 4
56 83 7 2
56 84 6 1
56 85 5 2
56 86 2 7
56 87 4 8
56 88 4 6
56 89 1 6
56 92 9 3
56 93 8 1
56 94 8 8
56 95 7 2
56 99 9 7
56 100 9 2
57 58 6 4
57 59 10 5
57 62 1 8
57 63 6 8
57 64 10 1
57 65 9 9
57 66 4 9
57 67 4 3
57 69 8 3
57 70 7 7
57 72 10 10
57 73 4 1
57 74 3 2
57 75 6 6
57 76 6 4
57 78 1 8
57 79 1 3
57 80 9 8
57 82 5 4
57 84 6 4
57 85 9 1
57 86 5 7
57 87 10 4
57 88 6 4
57 89 4 10
57 90 9 8
57 92 3 1
57 93 1 9
57 94 9 7
57 95 3 5
57 96 8 9
57 97 6 4
57 98 9 4
57 99 2 9
57 100 3 1
58 59 4 7
58 60 8 5
58 62 7 5
58 63 7 10
58 65 6 2
58 66 10 10
58 67 10 6
58 68 9 3
58 69 3 1
58 70 5 10
58 71 6 1
58 72 6 9
58 74 9 8
58 75 10 5
58 76 10 7
58 77 3 6
58 78 3 5
58 79 6 10
58 81 4 3
58 82 6 2
58 83 7 1
58 84 2 10
58 85 9 9
58 86 10 1
58 87 8 5
58 88 2 3
58 90 6 1
58 91 8 5
58 93 6 10
58 94 8 4
58 95 10 8
58 96 7 10
58 98 2 10
58 99 1 8
58 100 6 1
59 61 3 2
59 63 3 1
59 64 2 10
59 65 2 3
59 66 10 4
59 67 7 10
59 68 5 8
59 69 4 1
59 70 9 7
59 71 6 7
59 72 10 4
59 75 7 6
59 77 10 2
59 78 3 3
59 80 3 5
59 81 6 2
59 82 7 5
59 83 10 4
59 84 7 9
59 85 3 2
59 86 1 8
59 90 5 3
59 91 6 7
59 92 4 7
59 93 5 6
59 94 1 8
59 95 8 7
59 98 4 3
59 100 9 7
60 61 2 4
60 62 4 4
60 64 10 2
60 65 5 6
60 66 5 4
60 67 5 10
60 68 1 10
60 69 3 1
60 72 5 5
60 73 5 5
60 74 3 8
60 75 5 7
60 77 3 8
60 78 3 7
60 79 2 6
60 80 5 6
60 82 6 7
60 83 3 8
60 84 1 2
60 85 8 3
60 86 5 7
60 87 6 2
60 88 5 10
60 89 3 5
60 90 4 10
60 91 8 9
60 92 9 1
60 93 10 5
60 94 8 8
60 96 2 1
60 97 10 5
60 98 9 2
60 99 6 2
60 100 8 3
61 62 1 5
61 63 8 7
61 65 6 8
61 66 1 9
61 67 10 5
61 68 9 6
61 69 3 8
61 70 1 3
61 71 6 9
61 72 3 7
61 73 3 6
61 74 3 7
61 75 8 1
61 76 8 8
61 77 4 10
61 79 2 2
61 80 2 4
61 81 7 3
61 83 4 2
61 84 9 1
61 85 9 9
61 86 10 4
61 88 6 10
61 89 1 1
61 90 8 10
61 91 7 3
61 92 2 1
61 93 4 10
61 94 4 9
61 95 1 6
61 98 6 4
61 99 9 8
61 100 3 7
62 63 1 1
62 64 9 6
62 65 5 8
62 66 8 2
62 67 2 5
62 68 4 4
62 69 9 7
62 70 7 6
62 71 8 6
62 72 10 10
62 73 7 6
62 74 10 10
62 75 10 10
62 76 3 5
62 77 4 6
62 78 5 3
62 79 10 5
62 80 3 8
62 81 8 9
62 82 2 5
62 83 4 10
62 86 6 9
62 87 8 10
62 88 8 2
62 91 4 6
62 92 8 6
62 93 6 3
62 94 9 3
62 95 10 10
62 96 2 9
62 97 7 7
62 98 2 6
62 99 10 10
62 100 8 2
63 64 4 7
63 66 3 1
63 67 4 9
63 69 7 5
63 70 6 9
63 71 2 10
63 72 6 1
63 73 6 10
63 77 1 9
63 78 2 2
63 79 4 5
63 80 2 3
63 81 9 6
63 82 7 4
63 84 9 10
63 85 10 4
63 86 4 2
63 88 5 10
63 89 7 4
63 90 6 4
63 91 7 4
63 93 3 8
63 95 2 6
63 96 8 3
63 97 2 8
63 98 2 5
63 100 7 2
64 65 4 6
64 66 3 5
64 67 9 1
64 68 8 5
64 69 3 9
64 71 7 2
64 72 3 9
64 73 2 6
64 74 8 10
64 75 3 3
64 76 8 2
64 77 8 10
64 79 9 8
64 80 9 5
64 81 5 8
64 82 3 3
64 83 10 6
64 84 5 4
64 85 3 4
64 86 6 9
64 88 10 6
64 89 7 5
64 90 2 10
64 92 1 10
64 93 6 10
64 95 3 9
64 96 1 3
64 98 3 1
64 100 10 7
65 66 9 1
65 67 2 7
65 68 3 8
65 69 6 6
65 70 4 2
65 71 1 8
65 73 7 3
65 74 2 4
65 75 1 1
65 77 8 7
65 79 10 5
65 80 1 4
65 81 5 3
65 84 5 1
65 85 2 7
65 86 2 6
65 87 9 6
65 88 1 10
65 89 3 8
65 90 8 5
65 93 2 4
65 94 3 3
65 95 6 8
65 96 4 7
65 97 10 6
65 98 7 3
65 99 2 4
65 100 9 6
66 67 1 4
66 68 7 7
66 69 9 10
66 70 8 1
66 71 1 5
66 72 10 10
66 73 8 4
66 74 9 3
66 75 4 9
66 76 5 1
66 77 8 10
66 78 9 8
66 79 5 9
66 80 10 3
66 82 5 7
66 83 9 3
66 84 7 7
66 85 3 3
66 86 5 6
66 87 2 3
66 88 7 5
66 89 4 3
66 90 2 7
66 91 8 5
66 92 6 4
66 93 6 3
66 94 3 10
66 95 1 7
66 96 7 2
66 97 2 2
66 98 4 8
66 99 9 2
66 100 7 10
67 68 3 1
67 70 10 1
67 72 10 5
67 74 6 3
67 75 10 6
67 76 10 4
67 79 8 9
67 80 7 9
67 81 4 7
67 82 5 2
67 83 5 1
67 84 4 8
67 85 6 2
67 86 2 8
67 87 3 6
67 88 10 10
67 89 7 7
67 90 10 8
67 92 9 2
67 96 10 10
67 97 2 10
67 99 1 8
67 100 2 3
68 69 3 6
68 71 2 7
68 72 10 2
68 73 8 8
68 74 4 3
68 75 6 6
68 77 5 9
68 78 5 5
68 80 5 2
68 82 9 8
68 84 5 7
68 85 1 5
68 86 2 10
68 87 1 4
68 88 8 10
68 89 9 3
68 91 2 5
68 92 1 10
68 94 5 9
68 96 9 5
68 97 8 2
68 99 4 2
68 100 9 7
69 70 9 8
69 71 5 2
69 72 2 5
69 74 2 3
69 75 6 7
69 76 2 7
69 77 8 4
69 78 1 3
69 79 5 1
69 80 6 10
69 81 10 5
69 82 3 5
69 83 2 4
69 84 6 5
69 85 6 6
69 86 5 8
69 87 10 2
69 88 9 8
69 93 6 8
69 95 8 1
69 96 5 9
69 97 9 8
69 98 8 4
69 99 10 8
69 100 2 7
70 71 3 10
70 73 9 9
70 75 3 5
70 76 2 6
70 77 8 4
70 78 2 10
70 79 2 4
70 80 7 10
70 81 10 1
70 82 3 4
70 83 4 7
70 84 10 6
70 85 4 6
70 86 8 4
70 87 2 6
70 88 3 2
70 90 3 1
70 91 9 3
70 92 10 1
70 95 5 4
70 96 9 9
70 97 1 5
70 98 4 4
70 99 3 8
70 100 3 3
71 72 9 9
71 73 3 5
71 75 1 6
71 76 3 1
71 78 3 10
71 79 2 8
71 80 8 1
71 81 8 7
71 82 1 9
71 83 1 7
71 84 2 5
71 85 2 4
71 86 9 5
71 87 1 3
71 88 4 1
71 90 7 8
71 91 6 2
71 92 2 2
71 94 7 8
71 97 6 6
71 98 5 10
71 99 2 9
71 100 3 6
72 73 3 7
72 74 6 5
72 76 6 7
72 77 10 10
72 78 8 4
72 79 10 6
72 81 6 10
72 82 9 4
72 83 9 6
72 84 10 2
72 85 4 8
72 86 9 8
72 87 8 10
72 88 10 3
72 91 1 7
72 92 5 5
72 93 3 8
72 94 6 9
72 96 8 9
72 97 6 8
72 98 8 7
72 99 7 8
72 100 6 2
73 75 6 6
73 76 6 6
73 77 5 7
73 78 8 3
73 80 2 9
73 81 3 8
73 82 6 10
73 83 4 5
73 84 3 9
73 85 6 10
73 86 1 6
73 88 10 3
73 90 6 3
73 91 6 3
73 92 2 6
73 93 9 5
73 96 2 4
73 97 5 7
73 98 1 3
74 75 7 7
74 76 3 9
74 77 1 7
74 78 1 4
74 80 2 2
74 81 5 8
74 82 5 10
74 83 9 2
74 85 8 5
74 86 1 1
74 88 4 10
74 89 9 10
74 90 8 4
74 91 6 2
74 92 10 9
74 93 5 3
74 94 5 1
74 95 10 6
74 96 8 4
74 97 9 1
74 98 4 1
74 100 9 2
75 76 2 5
75 77 4 3
75 78 9 2
75 79 3 2
75 80 7 5
75 81 1 8
75 82 8 7
75 83 3 7
75 84 4 5
75 85 10 2
75 86 2 7
75 87 5 4
75 88 3 2
75 90 8 7
75 92 10 9
75 93 9 7
75 94 4 4
75 95 10 4
75 96 9 9
75 99 6 1
75 100 1 9
76 78 10 4
76 79 7 4
76 80 6 2
76 82 3 3
76 84 6 4
76 86 3 8
76 87 8 2
76 88 8 3
76 89 7 10
76 90 10 4
76 92 2 8
76 94 4 4
76 95 6 1
76 96 6 8
76 97 1 10
76 98 3 10
76 99 2 10
76 100 10 7
77 78 2 9
77 79 4 5
77 80 2 7
77 81 4 7
77 82 3 3
77 83 2 3
77 85 1 3
77 86 5 6
77 87 2 4
77 88 8 7
77 89 3 7
77 91 1 4
77 92 7 5
77 94 4 3
77 95 3 3
77 96 5 4
77 97 7 3
77 98 1 3
77 100 7 4
78 80 6 2
78 81 5 8
78 82 8 8
78 83 5 9
78 84 6 10
78 85 4 5
78 87 7 1
78 88 4 8
78 89 2 1
78 90 3 7
78 92 7 6
78 93 5 3
78 94 4 4
78 96 1 5
78 97 6 4
78 98 7 9
78 99 3 1
78 100 3 7
79 81 10 5
79 83 2 5
79 84 10 8
79 85 10 8
79 86 4 2
79 87 5 4
79 88 3 10
79 89 3 6
79 90 6 7
79 91 7 6
79 92 4 9
79 93 10 10
79 94 1 8
79 95 10 2
79 96 4 8
79 97 10 3
79 99 4 10
79 100 8 9
80 81 2 3
80 82 7 7
80 83 3 3
80 84 1 8
80 86 4 9
80 88 5 9
80 89 6 8
80 90 7 7
80 91 2 3
80 92 7 4
80 93 2 7
80 94 6 1
80 95 4 4
80 96 8 1
80 97 3 10
80 98 3 8
80 99 6 8
80 100 5 8
81 82 4 7
81 84 9 5
81 86 8 1
81 87 5 4
81 88 2 8
81 92 3 3
81 93 6 1
81 94 5 2
81 95 3 9
81 96 2 9
81 98 2 9
81 99 9 2
81 100 1 9
82 83 4 10
82 84 6 3
82 85 2 1
82 86 2 3
82 87 1 8
82 88 5 9
82 89 6 1
82 90 6 10
82 92 9 6
82 93 5 5
82 94 10 7
82 95 7 6
82 96 5 8
82 97 9 4
82 98 2 8
82 99 10 3
82 100 10 3
83 84 5 2
83 86 1 10
83 87 8 3
83 88 8 7
83 89 2 5
83 90 1 8
83 91 3 9
83 92 10 4
83 95 5 6
83 96 6 8
83 97 8 3
83 99 2 6
83 100 4 1
84 85 7 5
84 86 5 9
84 87 7 3
84 89 3 9
84 90 1 3
84 91 9 3
84 92 1 9
84 93 8 8
84 94 7 10
84 95 8 7
84 96 1 8
84 97 7 3
84 98 10 5
84 100 7 4
85 86 5 7
85 89 10 10
85 90 2 2
85 92 5 1
85 93 1 9
85 95 8 2
85 96 5 7
85 98 4 2
85 99 3 1
85 100 3 8
86 87 5 2
86 88 10 4
86 90 6 8
86 91 1 10
86 92 2 4
86 93 9 1
86 95 7 2
86 96 5 1
86 97 5 6
86 98 9 6
86 99 2 7
86 100 3 10
87 89 3 10
87 90 9 5
87 92 8 6
87 93 4 9
87 94 2 8
87 96 5 3
87 97 8 7
87 98 3 2
87 99 3 10
87 100 8 10
88 89 3 4
88 90 1 7
88 91 9 4
88 93 4 8
88 94 1 10
88 95 8 1
88 96 8 3
88 98 9 2
88 99 3 9
88 100 7 6
89 90 7 3
89 91 6 7
89 92 2 10
89 93 3 6
89 94 5 10
89 95 9 4
89 97 1 5
89 98 3 4
89 99 4 1
89 100 9 9
90 91 9 1
90 92 2 10
90 93 7 7
90 94 1 5
90 95 4 7
90 96 2 10
90 97 10 10
90 98 1 10
90 99 3 3
91 92 6 8
91 93 3 7
91 94 10 1
91 95 1 5
91 96 7 7
91 97 9 4
91 98 10 8
91 99 5 6
91 100 8 8
92 93 10 3
92 94 10 4
92 95 1 5
92 96 6 1
92 98 6 3
93 94 7 4
93 95 3 7
93 96 5 4
93 97 8 6
93 98 1 3
93 100 5 4
94 95 4 9
94 96 8 6
94 99 7 1
95 97 6 2
95 98 4 5
95 99 1 3
95 100 10 1
96 97 2 7
96 100 9 5
97 98 7 6
97 99 6 6
97 100 1 8
98 99 3 5
98 100 3 2
99 100 6 7
1
1 2 3 4 5 6 7 8 9 10 11 12 13 14 15 16 17 18 19 20 21 22 23 24 25 26 27 28 29 30 31 32 33 34 35 36 37 38 39 40 41 42 43 44 45 46 47 48 49 50
