3960
1 2 6 9
1 3 10 4
1 4 2 4
1 6 8 3
1 7 7 3
1 8 2 8
1 9 6 7
1 11 7 5
1 12 2 7
1 13 8 7
1 14 7 2
1 15 7 1
1 16 3 9
1 17 8 5
1 18 4 4
1 19 1 7
1 20 5 6
1 21 9 6
1 22 5 3
1 24 9 7
1 26 1 5
1 27 8 2
1 28 1 6
1 29 1 9
1 30 7 3
1 32 7 4
1 33 8 6
1 34 10 5
1 35 2 9
1 37 6 6
1 38 10 1
1 39 3 9
1 40 6 1
1 41 2 7
1 42 10 6
1 43 8 9
1 44 10 2
1 45 7 2
1 46 7 3
1 48 6 4
1 49 10 5
1 50 4 3
1 51 3 9
1 52 4 8
1 53 5 7
1 54 7 1
1 58 4 8
1 59 5 6
1 60 8 7
1 61 5 1
1 62 2 8
1 63 7 5
1 64 8 1
1 65 4 2
1 66 5 7
1 67 3 1
1 68 4 9
1 69 7 10
1 70 9 8
1 72 5 7
1 73 5 2
1 75 4 1
1 76 6 10
1 77 6 3
1 78 10 9
1 79 5 10
1 83 5 3
1 84 6 6
1 85 4 4
1 87 8 4
1 88 1 10
1 89 5 7
1 90 10 1
1 92 3 8
1 93 4 7
1 95 1 6
1 97 7 7
1 98 3 7
1 99 2 5
2 3 9 9
2 5 5 1
2 6 9 8
2 7 7 1
2 9 2 5
2 10 5 10
2 11 3 10
2 12 8 8
2 14 2 6
2 16 2 1
2 18 2 5
2 19 7 2
2 20 5 4
2 21 6 7
2 22 6 9
2 23 5 2
2 24 2 9
2 25 8 1
2 26 3 9
2 27 3 7
2 28 9 6
2 30 8 5
2 31 7 2
2 32 2 5
2 33 8 7
2 34 8 1
2 35 10 8
2 36 5 4
2 37 8 1
2 38 8 10
2 39 5 9
2 41 2 10
2 42 2 1
2 43 5 3
2 44 4 7
2 45 6 5
2 47 5 3
2 50 4 3
2 52 10 4
2 53 6 5
2 54 6 4
2 55 4 4
2 56 6 1
2 57 2 10
2 58 7 3
2 59 8 4
2 60 4 10
2 62 9 1
2 63 7 5
2 64 1 3
2 65 6 2
2 66 8 1
2 67 2 2
2 69 2 5
2 70 10 4
2 71 6 3
2 72 2 3
2 73 5 1
2 74 7 7
2 75 2 9
2 76 3 1
2 77 6 3
2 78 6 2
2 79 4 5
2 80 9 4
2 81 7 7
2 83 9 10
2 84 2 5
2 85 7 3
2 87 6 10
2 88 5 3
2 89 10 1
2 90 4 6
2 91 10 7
2 92 5 6
2 93 9 3
2 96 9 7
2 97 4 8
2 98 10 5
2 99 6 6
2 100 1 6
3 4 3 8
3 6 2 9
3 7 6 9
3 8 9 4
3 9 10 3
3 12 4 3
3 13 4 2
3 14 5 4
3 15 3 8
3 17 5 4
3 18 5 8
3 19 9 8
3 20 4 9
3 21 8 5
3 22 8 3
3 24 10 3
3 26 7 8
3 27 1 4
3 28 4 10
3 29 10 3
3 30 3 7
3 31 7 4
3 32 1 6
3 33 9 4
3 34 9 1
3 36 1 8
3 37 2 2
3 39 9 5
3 40 1 6
3 41 3 3
3 42 4 9
3 43 8 4
3 45 1 9
3 46 2 5
3 47 6 9
3 48 10 10
3 52 2 3
3 53 5 10
3 54 6 8
3 56 6 3
3 57 1 2
3 60 6 4
3 61 10 7
3 62 2 2
3 64 10 9
3 66 9 8
3 67 7 7
3 68 6 4
3 71 10 8
3 72 8 2
3 73 7 10
3 74 4 9
3 75 8 9
3 78 9 2
3 80 9 1
3 81 5 10
3 83 1 2
3 84 10 5
3 85 1 6
3 87 1 8
3 88 7 5
3 90 3 5
3 91 1 9
3 94 6 2
3 95 1 6
3 97 7 4
3 98 3 10
3 100 2 8
4 5 8 9
4 6 7 6
4 8 1 10
4 9 3 5
4 12 9 7
4 13 9 10
4 14 9 9
4 15 3 9
4 16 9 9
4 17 8 7
4 18 7 3
4 19 3 2
4 20 8 3
4 21 6 10
4 22 3 7
4 23 4 4
4 24 1 8
4 25 2 5
4 26 7 7
4 27 5 7
4 28 8 1
4 29 10 5
4 30 2 9
4 32 8 5
4 33 8 8
4 34 6 9
4 36 5 2
4 37 7 1
4 38 10 4
4 39 8 6
4 40 4 2
4 41 3 10
4 42 6 8
4 44 4 6
4 45 8 3
4 46 6 7
4 47 8 1
4 48 6 5
4 50 2 4
4 51 7 8
4 52 1 8
4 53 9 10
4 54 9 9
4 55 8 5
4 56 4 10
4 58 8 5
4 59 4 3
4 60 2 8
4 62 9 8
4 63 4 4
4 64 4 8
4 66 2 10
4 67 1 1
4 68 7 5
4 69 5 6
4 70 6 8
4 73 3 1
4 74 3 1
4 75 8 7
4 76 10 2
4 77 10 1
4 78 10 3
4 79 6 1
4 80 7 5
4 81 10 7
4 82 10 3
4 83 4 1
4 84 8 9
4 86 9 2
4 87 2 10
4 88 3 3
4 89 10 9
4 90 1 7
4 91 2 6
4 92 3 2
4 93 9 2
4 94 4 8
4 95 3 5
4 96 7 9
4 97 10 10
4 98 1 2
4 99 6 5
4 100 4 9
5 6 9 4
5 7 9 1
5 10 8 4
5 11 9 3
5 12 6 7
5 13 4 7
5 14 2 10
5 15 2 1
5 18 5 7
5 19 9 2
5 20 6 2
5 21 6 3
5 23 9 7
5 25 1 5
5 27 5 2
5 28 2 4
5 29 7 4
5 30 9 8
5 31 9 6
5 32 7 9
5 33 2 5
5 35 7 1
5 36 3 8
5 37 5 9
5 38 8 3
5 39 6 4
5 40 6 1
5 41 7 9
5 42 6 3
5 43 8 3
5 47 1 4
5 48 9 7
5 49 6 8
5 50 3 2
5 51 6 2
5 52 2 9
5 54 8 10
5 55 8 9
5 56 7 3
5 57 2 8
5 59 9 7
5 60 6 8
5 61 1 2
5 62 3 9
5 63 1 10
5 64 6 10
5 66 6 5
5 67 3 1
5 68 5 6
5 69 4 7
5 70 3 6
5 71 10 6
5 72 7 4
5 73 1 6
5 76 1 1
5 77 10 9
5 78 7 1
5 79 4 2
5 80 4 9
5 81 10 9
5 82 9 2
5 85 7 4
5 86 2 7
5 87 4 6
5 88 7 5
5 89 3 3
5 90 4 10
5 91 1 6
5 92 3 3
5 94 2 2
5 95 2 5
5 96 1 10
5 97 1 6
5 98 8 8
5 99 5 3
5 100 4 10
6 7 5 10
6 8 2 3
6 9 4 9
6 10 6 5
6 12 1 7
6 13 9 10
6 14 8 3
6 15 3 8
6 17 9 9
6 18 4 10
6 19 8 1
6 21 5 3
6 22 3 10
6 23 8 10
6 24 1 10
6 25 10 2
6 26 1 7
6 28 4 6
6 29 8 6
6 30 9 5
6 31 4 5
6 32 10 7
6 34 8 7
6 35 5 6
6 36 3 9
6 37 6 2
6 40 8 6
6 41 5 1
6 42 8 4
6 43 5 3
6 44 7 10
6 45 10 2
6 46 7 8
6 47 5 9
6 48 2 1
6 49 5 8
6 50 3 3
6 51 6 5
6 52 5 7
6 53 1 9
6 54 4 9
6 55 4 7
6 58 7 8
6 59 2 2
6 60 2 5
6 61 8 5
6 62 10 7
6 63 1 5
6 66 3 10
6 67 8 6
6 68 3 10
6 69 5 10
6 70 3 5
6 71 3 1
6 72 6 4
6 73 4 5
6 75 3 9
6 76 3 8
6 77 10 5
6 79 10 8
6 81 5 7
6 82 9 7
6 83 1 4
6 84 6 3
6 85 6 1
6 86 7 3
6 87 5 8
6 88 4 8
6 89 4 1
6 91 4 1
6 92 8 4
6 93 10 7
6 94 8 4
6 95 2 9
6 96 7 9
6 97 9 1
6 98 5 4
6 99 3 9
7 8 5 2
7 9 8 10
7 10 1 6
7 11 10 5
7 12 4 1
7 15 4 4
7 16 9 7
7 17 3 9
7 19 8 4
7 20 2 2
7 21 7 4
7 22 2 4
7 23 1 4
7 24 3 7
7 25 6 1
7 26 1 2
7 27 7 10
7 28 9 10
7 29 2 10
7 30 9 8
7 31 3 4
7 32 6 1
7 33 5 3
7 35 4 4
7 36 5 1
7 37 4 8
7 39 3 1
7 40 3 6
7 41 10 10
7 42 1 3
7 43 7 7
7 44 7 5
7 45 7 4
7 46 6 3
7 47 4 6
7 50 6 2
7 52 8 6
7 53 3 4
7 54 10 2
7 55 8 2
7 56 7 3
7 57 3 7
7 58 1 3
7 59 5 2
7 60 4 7
7 61 4 5
7 62 7 9
7 63 7 4
7 64 8 8
7 65 9 3
7 66 5 4
7 67 10 1
7 69 4 4
7 70 1 3
7 71 6 7
7 72 8 3
7 73 5 8
7 74 2 7
7 76 6 1
7 77 4 9
7 78 7 2
7 80 7 8
7 81 10 9
7 84 4 10
7 85 6 8
7 86 4 3
7 87 4 2
7 88 3 5
7 89 10 5
7 92 3 8
7 93 9 8
7 94 10 3
7 95 4 4
7 97 7 6
7 98 6 2
7 100 5 9
8 10 3 8
8 11 7 7
8 12 8 2
8 13 8 8
8 14 3 7
8 15 6 5
8 16 10 1
8 17 4 1
8 18 3 6
8 19 7 9
8 20 3 9
8 21 2 10
8 23 5 8
8 24 8 7
8 25 4 9
8 26 3 7
8 27 5 8
8 28 5 1
8 30 3 3
8 32 5 3
8 34 4 1
8 35 2 1
8 36 1 7
8 37 4 3
8 38 3 4
8 39 7 1
8 40 8 3
8 41 3 4
8 42 9 9
8 43 4 4
8 44 9 5
8 45 10 7
8 46 3 7
8 48 10 4
8 50 1 7
8 51 10 9
8 52 10 1
8 53 7 9
8 54 5 6
8 55 1 6
8 56 3 1
8 58 4 1
8 59 2 2
8 62 5 8
8 63 2 8
8 64 3 8
8 66 3 6
8 68 1 6
8 69 8 7
8 70 4 1
8 71 7 10
8 72 3 5
8 73 7 9
8 74 9 6
8 76 9 3
8 80 6 9
8 81 10 4
8 82 6 1
8 83 5 9
8 85 7 8
8 88 1 10
8 89 3 3
8 90 9 4
8 91 3 6
8 92 3 7
8 93 5 10
8 96 4 8
8 98 5 2
9 11 2 1
9 12 8 6
9 14 6 4
9 15 8 9
9 16 8 9
9 18 7 7
9 19 6 7
9 20 6 1
9 21 1 6
9 23 2 2
9 24 4 2
9 25 6 7
9 26 8 9
9 27 5 2
9 28 6 3
9 29 4 3
9 30 6 2
9 31 4 4
9 32 6 3
9 33 5 5
9 35 4 9
9 36 3 1
9 37 1 3
9 39 6 6
9 40 5 2
9 42 1 4
9 43 3 10
9 44 2 3
9 46 5 4
9 47 7 6
9 48 1 2
9 49 6 7
9 50 5 8
9 52 6 5
9 53 9 8
9 54 7 6
9 55 1 5
9 56 8 10
9 57 2 6
9 58 10 5
9 60 10 6
9 61 7 5
9 62 9 2
9 63 8 7
9 66 5 4
9 69 2 8
9 70 1 9
9 71 6 9
9 72 3 10
9 73 2 10
9 74 8 5
9 76 5 3
9 77 4 10
9 78 6 9
9 79 8 9
9 80 3 10
9 82 10 5
9 83 5 7
9 85 2 4
9 86 10 8
9 87 5 8
9 88 6 3
9 89 7 7
9 90 2 3
9 92 10 2
9 93 5 3
9 94 7 6
9 95 4 7
9 96 2 6
9 97 6 3
9 98 2 1
9 99 6 2
9 100 7 9
10 11 10 5
10 12 5 8
10 14 1 7
10 15 8 10
10 16 3 4
10 17 7 10
10 21 7 8
10 22 8 8
10 23 1 10
10 24 7 8
10 25 10 6
10 27 6 10
10 28 4 5
10 30 9 4
10 31 9 2
10 32 9 9
10 34 9 10
10 35 10 9
10 36 5 1
10 37 8 6
10 38 4 1
10 40 9 4
10 41 1 8
10 42 3 7
10 43 9 2
10 44 7 8
10 45 8 6
10 46 8 10
10 47 9 4
10 48 9 7
10 49 2 3
10 50 4 2
10 51 3 7
10 52 9 10
10 53 4 3
10 54 9 3
10 56 8 9
10 57 3 9
10 58 10 7
10 60 9 1
10 61 8 3
10 62 8 2
10 63 2 1
10 64 1 3
10 65 6 5
10 66 2 2
10 67 8 4
10 69 5 10
10 71 9 2
10 72 1 2
10 73 2 8
10 75 1 9
10 76 4 7
10 77 2 1
10 78 1 4
10 79 4 9
10 80 4 1
10 81 2 1
10 82 5 10
10 83 5 4
10 84 9 10
10 86 1 2
10 87 9 1
10 90 10 10
10 92 10 10
10 94 1 3
10 95 3 7
10 97 7 4
10 98 2 1
11 12 3 8
11 13 8 2
11 14 1 4
11 15 4 7
11 16 2 7
11 17 10 8
11 18 6 10
11 19 10 10
11 20 8 9
11 21 2 4
11 22 6 8
11 23 6 8
11 24 5 10
11 26 8 2
11 27 6 7
11 28 8 3
11 29 5 1
11 31 1 9
11 32 2 6
11 33 1 3
11 34 8 4
11 35 1 8
11 36 4 1
11 37 1 7
11 38 4 3
11 39 6 8
11 40 7 9
11 41 9 5
11 42 6 6
11 43 2 1
11 44 9 8
11 46 7 6
11 47 4 7
11 48 3 2
11 50 4 5
11 51 7 4
11 52 2 7
11 53 7 8
11 55 9 4
11 56 8 5
11 57 5 8
11 59 7 2
11 60 3 5
11 61 5 2
11 62 8 4
11 63 2 4
11 64 5 10
11 65 9 3
11 66 4 8
11 67 5 1
11 68 2 4
11 69 3 3
11 70 10 10
11 71 9 3
11 72 6 2
11 73 7 4
11 74 9 10
11 76 7 4
11 77 2 4
11 79 2 2
11 80 8 7
11 81 10 8
11 82 10 2
11 83 7 6
11 85 3 9
11 88 1 1
11 89 8 2
11 90 9 10
11 91 3 7
11 92 6 10
11 93 4 7
11 95 4 4
11 96 9 5
11 97 7 9
11 98 1 4
11 99 4 9
11 100 3 3
12 13 4 6
12 14 10 6
12 16 9 1
12 18 6 3
12 19 3 8
12 21 9 8
12 22 5 1
12 23 4 6
12 25 10 5
12 26 3 5
12 27 9 6
12 29 8 8
12 31 2 4
12 32 1 8
12 33 3 8
12 34 2 5
12 36 8 9
12 37 6 5
12 38 4 1
12 39 10 1
12 40 6 8
12 41 2 8
12 42 6 8
12 43 9 8
12 45 1 8
12 46 8 3
12 49 3 6
12 50 2 9
12 51 7 2
12 53 5 1
12 54 10 8
12 55 8 8
12 56 4 7
12 57 5 6
12 58 9 5
12 59 5 6
12 60 4 2
12 61 10 2
12 62 3 5
12 63 3 1
12 64 6 5
12 66 5 1
12 67 10 5
12 68 7 1
12 69 7 4
12 70 3 4
12 71 2 5
12 72 1 5
12 73 9 6
12 76 9 9
12 77 7 7
12 78 6 5
12 79 8 4
12 80 3 6
12 81 1 7
12 82 8 6
12 84 3 7
12 85 3 7
12 86 5 2
12 87 4 8
12 88 4 6
12 89 5 3
12 90 5 3
12 91 7 3
12 92 5 8
12 93 2 5
12 94 4 8
12 95 7 10
12 97 7 1
12 98 5 1
12 99 3 3
12 100 3 6
13 15 5 7
13 16 3 8
13 18 1 4
13 19 8 9
13 20 2 8
13 21 3 10
13 22 1 7
13 23 1 7
13 25 1 2
13 26 1 7
13 27 4 1
13 28 9 5
13 30 3 5
13 31 5 3
13 32 8 3
13 33 2 9
13 34 8 8
13 35 9 1
13 37 3 2
13 39 5 3
13 40 2 6
13 43 6 6
13 44 8 4
13 45 2 3
13 46 9 2
13 48 4 7
13 50 3 10
13 52 7 2
13 53 8 3
13 54 10 4
13 55 3 9
13 57 7 5
13 58 1 3
13 59 6 10
13 60 8 10
13 61 2 3
13 62 7 6
13 63 6 6
13 64 8 6
13 66 1 6
13 67 6 9
13 68 8 1
13 69 10 7
13 70 2 6
13 72 9 9
13 73 5 7
13 74 9 4
13 75 8 9
13 78 6 3
13 79 10 1
13 80 9 5
13 81 2 8
13 82 8 1
13 83 6 6
13 84 9 10
13 85 5 2
13 86 1 1
13 87 9 9
13 88 10 10
13 89 4 5
13 92 2 10
13 93 5 8
13 94 2 2
13 95 2 10
13 96 9 7
13 97 8 6
13 98 4 7
13 99 10 8
13 100 3 8
14 15 6 3
14 17 8 3
14 18 6 1
14 19 3 10
14 20 1 5
14 21 3 6
14 22 4 8
14 23 7 4
14 24 1 4
14 25 7 3
14 26 7 8
14 27 2 4
14 29 3 7
14 30 3 1
14 31 6 4
14 32 1 5
14 33 2 5
14 35 4 7
14 36 6 5
14 37 6 3
14 38 3 7
14 39 4 8
14 40 9 8
14 41 2 8
14 42 2 9
14 43 5 4
14 44 10 4
14 45 2 9
14 46 5 2
14 48 5 8
14 50 4 6
14 51 3 6
14 52 10 5
14 53 1 7
14 54 3 10
14 55 2 5
14 56 5 7
14 58 9 9
14 59 1 10
14 60 7 5
14 61 10 4
14 62 9 3
14 65 1 8
14 66 3 6
14 67 3 3
14 69 5 4
14 70 1 3
14 71 3 1
14 74 10 3
14 75 7 2
14 76 7 2
14 77 10 10
14 78 6 4
14 79 3 1
14 80 4 1
14 81 8 8
14 82 1 6
14 83 6 2
14 84 4 9
14 85 10 7
14 87 7 5
14 90 2 8
14 91 2 9
14 92 5 5
14 93 8 7
14 94 7 5
14 95 1 7
14 97 4 9
14 99 9 5
14 100 9 6
15 16 2 2
15 17 6 3
15 18 10 4
15 19 1 7
15 20 2 10
15 21 10 7
15 22 8 5
15 23 3 2
15 24 3 2
15 25 3 5
15 26 6 4
15 27 9 1
15 28 4 10
15 29 4 1
15 30 10 6
15 31 6 6
15 32 7 1
15 33 2 2
15 34 10 3
15 35 3 7
15 36 6 10
15 37 4 9
15 38 4 3
15 39 2 6
15 40 6 10
15 42 6 9
15 44 1 1
15 45 4 4
15 46 8 1
15 47 2 1
15 48 2 9
15 49 8 1
15 52 8 7
15 53 10 4
15 54 7 2
15 55 3 5
15 57 3 1
15 58 3 5
15 59 1 2
15 60 4 8
15 61 1 5
15 62 4 2
15 64 6 7
15 65 2 10
15 66 2 4
15 67 5 7
15 70 1 1
15 71 10 9
15 72 7 9
15 73 1 3
15 75 3 5
15 76 6 10
15 78 6 5
15 80 1 6
15 81 1 10
15 82 1 3
15 83 1 9
15 84 2 4
15 85 9 1
15 86 7 10
15 87 3 8
15 88 10 2
15 89 2 2
15 90 1 4
15 91 6 8
15 93 8 9
15 94 7 3
15 95 10 5
15 96 4 4
15 97 2 1
15 98 3 10
15 100 2 4
16 17 8 2
16 20 3 3
16 23 6 6
16 25 1 10
16 26 7 4
16 27 5 2
16 29 5 8
16 30 6 2
16 32 9 9
16 33 1 10
16 35 10 9
16 36 4 6
16 37 1 1
16 38 5 3
16 40 6 9
16 42 3 3
16 43 9 6
16 44 5 4
16 45 8 8
16 46 4 8
16 47 8 8
16 48 9 3
16 51 1 10
16 52 5 8
16 53 3 3
16 54 7 5
16 55 5 8
16 56 5 6
16 57 5 10
16 58 6 2
16 61 4 10
16 62 7 4
16 64 7 1
16 66 8 9
16 67 10 6
16 68 2 4
16 69 3 3
16 71 1 8
16 72 1 5
16 73 4 1
16 74 9 9
16 75 1 1
16 76 3 8
16 77 8 10
16 78 8 3
16 81 9 5
16 82 3 8
16 83 4 2
16 85 1 10
16 86 3 1
16 87 1 7
16 88 8 2
16 89 4 7
16 91 10 7
16 92 4 2
16 94 10 7
16 95 1 10
16 96 2 1
16 97 9 7
16 98 6 5
16 99 1 8
16 100 10 3
17 18 8 8
17 19 1 5
17 20 8 4
17 21 7 6
17 22 10 5
17 23 4 2
17 25 7 4
17 26 4 9
17 27 6 6
17 28 10 7
17 29 6 8
17 30 6 3
17 31 4 4
17 34 1 8
17 35 10 4
17 36 9 7
17 37 6 6
17 40 10 10
17 41 10 5
17 42 1 8
17 43 10 10
17 44 1 10
17 46 2 5
17 47 1 4
17 48 8 5
17 50 3 9
17 51 3 10
17 52 7 6
17 54 1 2
17 55 10 9
17 56 3 10
17 57 3 5
17 58 1 2
17 59 4 3
17 60 6 7
17 61 5 10
17 62 10 5
17 63 3 7
17 64 10 4
17 65 10 5
17 66 7 5
17 67 4 7
17 68 3 1
17 69 2 10
17 70 6 9
17 71 7 3
17 72 10 8
17 73 1 6
17 74 1 2
17 76 9 7
17 77 6 2
17 78 4 4
17 79 1 3
17 81 5 10
17 82 8 3
17 83 3 2
17 84 5 8
17 85 6 7
17 86 4 6
17 87 4 4
17 88 8 8
17 89 8 5
17 90 5 1
17 91 7 9
17 92 3 9
17 93 1 3
17 94 2 10
17 95 4 10
17 96 4 8
17 97 3 6
17 98 8 5
17 99 7 9
17 100 4 3
18 20 5 4
18 22 10 1
18 24 4 4
18 25 9 8
18 26 2 2
18 27 6 8
18 28 7 7
18 29 9 4
18 32 8 4
18 33 7 8
18 35 2 8
18 36 5 9
18 38 3 5
18 39 5 5
18 40 9 2
18 41 6 2
18 43 10 9
18 44 5 3
18 46 6 8
18 47 1 4
18 48 6 7
18 49 1 5
18 50 5 3
18 51 9 4
18 53 1 6
18 55 4 3
18 56 1 2
18 57 10 5
18 58 5 7
18 59 2 2
18 60 1 7
18 61 8 7
18 63 6 1
18 64 9 3
18 65 4 3
18 66 8 8
18 67 10 5
18 68 2 1
18 69 5 6
18 70 6 3
18 71 4 3
18 72 5 7
18 73 3 5
18 74 9 5
18 75 7 9
18 76 4 8
18 77 10 9
18 78 8 6
18 79 2 9
18 80 2 10
18 82 2 9
18 83 3 2
18 84 7 1
18 86 7 2
18 87 2 10
18 88 8 1
18 89 3 5
18 90 4 3
18 92 2 6
18 93 4 1
18 94 1 5
18 95 8 2
18 96 1 10
18 97 6 2
18 100 7 1
19 20 9 8
19 21 9 7
19 22 1 9
19 23 5 6
19 25 5 10
19 26 6 3
19 27 6 7
19 28 2 5
19 29 7 8
19 30 8 4
19 31 10 4
19 32 10 2
19 33 1 9
19 34 7 1
19 35 3 7
19 36 6 3
19 37 8 6
19 38 10 5
19 40 2 8
19 41 6 5
19 42 7 7
19 43 10 2
19 44 5 4
19 45 9 4
19 46 8 10
19 47 1 3
19 48 5 8
19 50 2 8
19 51 3 10
19 52 10 6
19 54 4 3
19 55 6 1
19 56 3 2
19 57 10 7
19 58 5 8
19 61 3 6
19 63 9 3
19 64 6 6
19 65 5 8
19 66 8 10
19 69 1 9
19 70 1 7
19 71 8 1
19 72 4 6
19 74 4 4
19 77 4 8
19 78 8 10
19 80 9 2
19 81 5 9
19 85 5 8
19 87 3 4
19 88 8 9
19 89 5 3
19 90 8 5
19 91 6 2
19 92 8 9
19 93 9 7
19 94 2 10
19 95 4 2
19 96 4 4
19 98 7 9
19 99 3 7
19 100 5 10
20 21 1 5
20 22 10 10
20 23 5 7
20 24 5 8
20 26 4 4
20 27 3 1
20 29 2 7
20 31 4 10
20 32 10 6
20 33 7 2
20 34 9 10
20 35 2 10
20 36 1 3
20 39 1 2
20 40 8 10
20 41 6 6
20 42 9 4
20 43 6 4
20 44 1 5
20 45 3 7
20 46 1 3
20 47 7 3
20 48 1 10
20 49 8 9
20 51 2 9
20 52 4 8
20 54 6 2
20 55 8 6
20 56 8 2
20 58 9 2
20 59 10 1
20 62 3 7
20 63 4 1
20 64 9 9
20 65 9 8
20 66 4 10
20 67 8 9
20 68 9 1
20 69 6 3
20 70 2 1
20 71 6 8
20 73 9 10
20 74 1 1
20 76 5 6
20 77 4 1
20 79 7 5
20 80 3 8
20 81 6 8
20 82 2 6
20 83 4 5
20 85 9 3
20 87 4 3
20 90 7 1
20 92 10 4
20 94 3 9
20 95 5 5
20 96 2 9
20 97 5 7
20 98 2 5
20 99 4 10
21 23 5 10
21 24 3 3
21 25 5 7
21 26 6 9
21 27 8 2
21 29 8 3
21 30 1 2
21 32 10 10
21 33 6 1
21 34 1 2
21 35 8 2
21 36 4 10
21 37 7 4
21 38 8 1
21 39 5 3
21 40 8 2
21 41 10 4
21 42 2 9
21 44 4 3
21 45 8 8
21 47 4 1
21 48 9 5
21 49 10 9
21 51 5 7
21 52 6 7
21 53 10 10
21 54 8 8
21 55 10 9
21 56 8 2
21 57 4 3
21 58 7 4
21 59 6 4
21 60 10 7
21 61 5 1
21 62 9 10
21 63 4 10
21 64 9 4
21 65 7 9
21 67 9 10
21 68 7 1
21 69 4 8
21 71 4 2
21 72 4 8
21 73 2 5
21 74 7 1
21 75 3 8
21 76 3 4
21 77 2 3
21 78 9 6
21 79 7 2
21 80 7 9
21 81 5 10
21 82 4 1
21 83 1 9
21 84 4 1
21 85 5 7
21 88 9 6
21 89 2 9
21 90 2 5
21 91 2 4
21 92 6 1
21 94 10 10
21 96 2 1
21 97 6 8
21 98 8 7
21 99 1 2
21 100 9 2
22 23 6 2
22 24 8 9
22 26 9 10
22 27 8 2
22 28 1 8
22 29 8 4
22 30 10 3
22 31 7 4
22 32 3 5
22 33 9 5
22 35 1 9
22 37 5 9
22 38 7 9
22 40 8 9
22 41 2 3
22 42 7 10
22 43 1 8
22 44 8 3
22 46 10 3
22 47 3 7
22 48 9 9
22 49 10 1
22 50 6 10
22 51 9 6
22 52 7 3
22 54 10 10
22 55 5 7
22 56 4 2
22 60 2 4
22 61 2 4
22 62 7 3
22 63 4 2
22 64 10 5
22 65 4 8
22 66 2 2
22 68 3 1
22 69 6 3
22 70 6 8
22 72 5 5
22 73 9 10
22 74 5 4
22 76 7 3
22 77 1 3
22 78 4 5
22 79 9 3
22 80 3 9
22 81 4 3
22 82 7 6
22 84 7 7
22 85 6 3
22 86 1 9
22 87 5 10
22 88 6 1
22 89 6 2
22 90 8 5
22 91 4 10
22 92 3 10
22 94 10 8
22 95 9 3
22 96 4 4
22 97 8 6
22 98 8 10
22 99 10 3
22 100 4 7
23 24 4 7
23 25 8 7
23 27 9 4
23 28 1 9
23 29 9 4
23 30 9 5
23 31 7 1
23 32 2 7
23 33 6 5
23 35 9 9
23 36 8 3
23 37 5 6
23 38 6 3
23 40 5 1
23 41 5 2
23 42 2 7
23 43 10 2
23 44 6 4
23 45 5 8
23 46 1 2
23 47 5 2
23 48 5 6
23 49 7 7
23 51 9 3
23 52 9 9
23 53 5 8
23 54 2 5
23 55 10 10
23 57 5 8
23 58 2 3
23 59 6 5
23 60 8 4
23 61 1 4
23 62 6 10
23 64 6 4
23 65 3 5
23 66 9 5
23 67 6 3
23 68 2 2
23 69 6 4
23 71 5 4
23 72 9 1
23 73 4 1
23 75 1 7
23 76 10 9
23 79 1 1
23 81 7 9
23 82 6 9
23 84 3 7
23 85 4 6
23 86 6 1
23 87 2 9
23 88 2 2
23 90 5 3
23 91 10 4
23 93 8 6
23 95 8 10
23 96 7 2
23 98 2 8
23 100 6 5
24 26 9 2
24 27 3 6
24 29 3 3
24 30 8 1
24 31 10 5
24 32 6 9
24 33 7 7
24 35 5 6
24 36 4 4
24 37 10 6
24 39 8 5
24 40 3 5
24 41 2 1
24 42 9 10
24 43 10 5
24 44 6 6
24 45 3 5
24 46 6 10
24 48 5 7
24 49 2 8
24 50 3 9
24 51 4 7
24 52 2 2
24 53 5 1
24 54 6 9
24 55 4 5
24 56 9 2
24 57 1 4
24 58 2 9
24 61 1 5
24 62 6 8
24 63 1 8
24 65 1 2
24 66 3 2
24 67 6 5
24 68 2 2
24 69 1 2
24 70 1 1
24 72 3 2
24 75 10 9
24 76 1 3
24 77 6 7
24 78 6 4
24 79 9 8
24 80 10 1
24 82 3 10
24 83 1 7
24 85 8 10
24 86 10 8
24 87 3 9
24 88 1 8
24 89 3 2
24 90 10 4
24 91 4 1
24 92 2 2
24 93 8 2
24 94 8 2
24 95 2 8
24 96 10 1
24 98 5 7
24 99 1 10
24 100 7 6
25 26 10 1
25 27 10 6
25 29 7 2
25 30 2 8
25 31 3 8
25 32 9 9
25 33 5 8
25 34 8 4
25 35 9 3
25 36 5 10
25 37 3 4
25 39 4 2
25 40 10 2
25 41 2 6
25 43 3 3
25 44 5 6
25 45 5 1
25 46 6 4
25 47 6 9
25 48 1 7
25 49 2 2
25 50 6 3
25 51 4 2
25 52 5 8
25 53 8 4
25 54 8 4
25 55 10 7
25 56 2 8
25 57 2 5
25 58 10 4
25 59 1 6
25 60 6 2
25 61 9 4
25 62 6 6
25 63 9 10
25 64 5 10
25 65 9 8
25 67 8 8
25 68 2 4
25 70 2 2
25 71 2 9
25 72 7 5
25 73 7 10
25 74 4 9
25 77 2 1
25 82 9 6
25 83 10 3
25 84 3 9
25 85 8 10
25 86 2 3
25 87 5 10
25 88 7 4
25 89 2 1
25 90 5 1
25 91 5 1
25 92 1 6
25 93 8 4
25 95 3 10
25 96 7 10
25 98 7 10
26 29 3 5
26 30 8 9
26 31 4 3
26 32 5 1
26 35 6 1
26 37 7 2
26 39 6 10
26 40 10 3
26 41 9 10
26 42 5 10
26 43 8 6
26 44 6 5
26 45 9 2
26 46 4 4
26 47 10 3
26 48 5 9
26 49 9 5
26 50 6 10
26 51 10 7
26 52 7 2
26 53 10 4
26 54 9 9
26 55 10 7
26 56 3 7
26 57 4 10
26 58 10 10
26 59 7 1
26 60 5 1
26 61 6 1
26 62 8 3
26 63 2 10
26 64 8 9
26 65 4 2
26 66 1 3
26 67 9 7
26 72 2 8
26 74 8 9
26 75 2 1
26 77 3 9
26 78 9 7
26 80 1 9
26 81 3 2
26 82 10 3
26 83 6 5
26 84 6 3
26 85 6 1
26 86 6 6
26 87 1 5
26 88 7 2
26 89 6 2
26 90 8 5
26 91 8 7
26 93 7 2
26 94 1 8
26 97 1 4
26 98 10 10
26 100 9 4
27 28 4 6
27 29 5 5
27 30 5 5
27 31 7 5
27 32 2 1
27 33 5 9
27 34 9 6
27 35 10 7
27 37 4 6
27 38 9 6
27 41 4 2
27 42 7 2
27 43 9 4
27 44 1 6
27 45 7 4
27 46 10 10
27 47 10 8
27 48 6 7
27 49 2 4
27 51 4 9
27 52 5 7
27 53 7 6
27 55 3 10
27 57 6 1
27 59 1 8
27 61 6 4
27 62 3 4
27 63 6 10
27 64 4 7
27 65 4 10
27 66 5 4
27 68 8 9
27 69 10 2
27 70 5 6
27 72 5 2
27 73 3 10
27 74 4 7
27 77 7 4
27 79 8 2
27 80 2 2
27 81 1 2
27 82 5 6
27 83 6 3
27 84 4 4
27 85 10 5
27 86 5 1
27 87 2 4
27 88 4 8
27 89 5 2
27 90 9 8
27 91 10 9
27 93 6 3
27 96 8 10
27 97 8 8
27 98 6 3
27 100 1 10
28 29 10 9
28 30 4 8
28 31 10 9
28 32 2 7
28 33 4 8
28 34 3 2
28 35 3 10
28 36 2 1
28 37 9 6
28 38 2 1
28 39 10 1
28 40 7 4
28 43 4 2
28 45 1 2
28 46 1 10
28 47 7 2
28 49 9 6
28 50 7 6
28 51 3 10
28 52 4 5
28 53 2 7
28 55 4 8
28 56 5 9
28 57 3 1
28 58 4 6
28 59 9 2
28 60 2 8
28 61 10 1
28 62 2 1
28 63 4 6
28 65 8 1
28 67 5 1
28 69 6 3
28 70 10 1
28 71 2 2
28 72 7 3
28 74 9 6
28 75 5 2
28 76 10 4
28 77 7 8
28 78 5 4
28 79 3 5
28 80 5 8
28 81 3 3
28 82 9 8
28 83 7 6
28 88 10 1
28 89 7 10
28 90 2 2
28 91 3 1
28 92 2 1
28 94 6 4
28 95 2 5
28 96 10 6
28 97 5 3
28 98 10 9
28 99 8 9
28 100 6 9
29 30 9 6
29 31 2 10
29 33 5 4
29 34 2 4
29 35 2 9
29 36 4 8
29 37 10 3
29 38 6 7
29 40 4 3
29 41 8 8
29 42 7 4
29 43 7 2
29 44 7 10
29 45 4 5
29 46 9 1
29 47 4 5
29 48 5 2
29 49 1 8
29 50 2 1
29 52 3 4
29 53 1 6
29 55 7 4
29 56 2 2
29 57 10 3
29 58 9 2
29 60 5 3
29 61 4 5
29 62 10 6
29 63 7 7
29 65 10 7
29 67 9 7
29 68 3 8
29 69 5 4
29 70 1 9
29 71 9 9
29 72 2 7
29 73 6 2
29 74 5 6
29 76 10 2
29 77 2 8
29 78 5 9
29 79 3 4
29 80 4 2
29 82 9 7
29 83 8 6
29 84 8 10
29 85 8 9
29 86 7 9
29 87 4 8
29 90 6 8
29 91 3 9
29 92 7 8
29 93 9 10
29 94 1 6
29 95 6 5
29 96 7 3
29 97 9 3
29 98 7 1
29 100 2 10
30 31 9 7
30 34 6 6
30 35 10 9
30 36 3 9
30 37 9 4
30 38 4 2
30 41 9 3
30 42 3 2
30 43 2 8
30 44 4 1
30 45 7 8
30 46 7 2
30 47 8 6
30 48 10 7
30 50 8 8
30 51 9 8
30 52 2 5
30 53 4 10
30 54 5 6
30 55 5 9
30 57 3 3
30 58 7 3
30 59 1 4
30 60 10 8
30 62 6 7
30 63 3 10
30 64 10 5
30 65 4 4
30 67 3 4
30 68 9 1
30 69 7 9
30 71 9 5
30 72 4 10
30 73 9 2
30 74 5 3
30 75 1 8
30 77 1 2
30 78 10 7
30 79 1 3
30 80 7 7
30 82 7 5
30 83 5 6
30 84 1 1
30 85 7 5
30 86 6 2
30 87 1 2
30 89 4 10
30 91 6 5
30 92 3 10
30 93 8 6
30 95 9 6
30 97 7 9
30 99 5 8
30 100 8 1
31 32 3 2
31 33 5 2
31 34 2 9
31 36 10 8
31 37 2 7
31 38 5 9
31 40 5 2
31 41 9 2
31 42 3 2
31 43 5 4
31 44 8 5
31 45 8 4
31 48 5 2
31 49 5 1
31 51 5 5
31 53 7 6
31 54 9 5
31 57 3 4
31 58 6 1
31 59 2 6
31 62 6 7
31 63 9 4
31 64 4 6
31 65 7 8
31 66 4 7
31 67 4 5
31 68 5 2
31 69 4 3
31 71 5 9
31 72 9 9
31 73 4 9
31 74 6 3
31 76 1 8
31 77 5 10
31 78 3 10
31 79 5 4
31 81 3 9
31 82 2 7
31 83 9 6
31 84 7 7
31 86 1 1
31 87 7 5
31 88 10 6
31 89 1 8
31 90 9 9
31 92 6 3
31 93 2 2
31 94 5 3
31 95 9 1
31 96 6 4
31 97 6 8
31 98 3 8
31 100 4 5
32 33 9 8
32 34 6 2
32 35 1 8
32 37 8 1
32 39 4 6
32 40 8 4
32 41 5 4
32 42 9 2
32 43 10 4
32 44 7 6
32 45 8 8
32 46 7 5
32 47 6 10
32 48 1 4
32 50 5 4
32 51 5 3
32 53 3 2
32 54 4 8
32 55 2 1
32 56 7 5
32 58 1 2
32 60 4 4
32 61 1 7
32 62 6 9
32 63 8 2
32 64 3 10
32 65 2 8
32 66 6 6
32 67 7 4
32 70 10 1
32 72 5 2
32 73 2 7
32 74 4 7
32 75 9 2
32 76 5 4
32 77 4 9
32 79 9 8
32 80 5 6
32 82 10 8
32 83 10 8
32 84 7 5
32 85 8 9
32 86 2 8
32 87 7 6
32 89 3 6
32 91 7 2
32 92 9 10
32 95 2 9
32 96 8 9
32 97 2 7
32 98 4 8
32 99 9 3
32 100 1 3
33 34 10 3
33 35 1 1
33 36 6 1
33 37 5 3
33 39 1 1
33 41 8 3
33 42 7 9
33 43 6 6
33 46 6 3
33 48 9 2
33 49 8 2
33 51 7 3
33 52 6 10
33 53 4 3
33 54 1 3
33 55 9 10
33 56 10 10
33 57 9 2
33 58 7 10
33 60 6 3
33 61 6 10
33 63 4 4
33 64 6 10
33 66 7 7
33 68 2 5
33 69 4 6
33 70 9 9
33 73 3 2
33 74 9 10
33 75 3 10
33 77 8 10
33 78 6 1
33 79 4 1
33 81 3 7
33 82 6 1
33 83 5 10
33 85 1 5
33 86 1 7
33 87 7 4
33 89 7 2
33 90 8 8
33 92 1 6
33 93 9 5
33 96 3 7
33 97 4 9
33 98 10 9
33 99 1 1
33 100 4 9
34 35 5 7
34 36 2 7
34 37 6 2
34 38 2 4
34 39 3 2
34 40 7 10
34 42 2 4
34 43 8 1
34 44 4 2
34 45 1 9
34 46 8 5
34 47 2 4
34 48 7 4
34 49 9 5
34 50 7 4
34 51 5 8
34 52 9 1
34 53 3 1
34 54 5 5
34 55 8 2
34 56 9 7
34 57 3 2
34 59 4 8
34 60 3 8
34 61 9 5
34 62 2 2
34 63 9 3
34 64 8 4
34 65 7 7
34 66 2 9
34 67 6 5
34 68 6 2
34 70 2 6
34 71 3 8
34 73 1 5
34 76 2 8
34 77 2 7
34 78 3 1
34 79 5 8
34 80 8 3
34 81 4 10
34 82 4 6
34 83 9 2
34 84 9 7
34 85 10 1
34 86 8 10
34 87 3 7
34 90 8 3
34 91 9 10
34 92 5 4
34 93 4 2
34 94 5 2
34 95 4 2
34 96 9 3
34 97 5 2
34 98 5 1
34 99 10 1
34 100 5 1
35 36 7 7
35 39 10 10
35 40 7 8
35 41 4 1
35 43 3 1
35 44 6 2
35 46 6 2
35 48 9 4
35 49 4 8
35 50 7 3
35 51 10 4
35 52 2 2
35 53 7 5
35 54 6 8
35 55 9 6
35 57 2 4
35 58 6 1
35 59 4 3
35 60 9 2
35 61 1 7
35 62 5 9
35 63 10 9
35 64 4 7
35 68 4 4
35 69 9 6
35 70 1 8
35 71 10 6
35 72 6 6
35 74 4 4
35 78 1 2
35 79 3 2
35 80 5 3
35 81 8 2
35 82 5 1
35 84 3 2
35 85 6 3
35 86 1 4
35 87 7 2
35 88 6 3
35 89 2 9
35 90 3 4
35 92 2 2
35 94 2 4
35 95 8 6
35 96 6 5
35 97 7 5
35 99 5 10
35 100 2 6
36 38 5 6
36 39 5 9
36 41 2 5
36 42 10 5
36 43 8 7
36 47 4 8
36 48 7 5
36 49 4 1
36 50 9 4
36 51 9 7
36 52 6 3
36 53 4 2
36 54 7 3
36 55 7 1
36 57 5 6
36 59 8 8
36 60 6 2
36 62 1 3
36 64 6 9
36 65 7 4
36 66 10 2
36 67 4 2
36 68 4 3
36 69 9 3
36 70 2 6
36 71 9 7
36 72 2 8
36 73 10 10
36 74 4 4
36 75 2 5
36 78 7 5
36 79 6 7
36 80 4 9
36 81 5 10
36 84 5 10
36 85 1 5
36 87 7 3
36 88 5 8
36 89 7 8
36 90 9 3
36 91 2 7
36 92 1 10
36 93 4 10
36 94 10 8
36 95 9 6
36 96 3 3
36 97 10 8
36 98 6 4
36 100 6 8
37 38 7 2
37 40 7 6
37 41 6 2
37 43 4 5
37 44 4 4
37 45 10 4
37 46 9 4
37 47 7 4
37 48 4 3
37 49 6 1
37 51 4 9
37 52 5 8
37 53 5 5
37 54 7 3
37 55 3 4
37 58 3 2
37 59 8 8
37 60 7 4
37 61 6 5
37 62 10 6
37 63 4 6
37 65 10 4
37 66 7 10
37 67 4 3
37 69 5 7
37 70 8 8
37 71 9 3
37 72 6 2
37 74 9 8
37 75 6 8
37 76 4 2
37 77 1 9
37 78 9 6
37 79 5 9
37 80 3 3
37 81 10 8
37 82 4 3
37 83 3 3
37 84 10 10
37 85 8 5
37 86 5 3
37 87 8 9
37 88 8 9
37 89 9 2
37 90 1 8
37 91 5 9
37 92 8 7
37 93 7 9
37 94 2 3
37 95 2 5
37 96 10 9
37 97 10 3
37 98 6 10
37 99 4 1
37 100 10 5
38 39 8 5
38 40 10 7
38 42 7 1
38 43 3 6
38 45 10 7
38 46 7 5
38 47 2 8
38 48 1 4
38 49 4 2
38 50 5 5
38 51 1 9
38 52 8 6
38 53 5 1
38 56 5 2
38 57 2 9
38 58 3 9
38 59 9 1
38 60 7 7
38 61 8 3
38 62 7 5
38 63 7 6
38 64 2 6
38 67 5 7
38 68 5 6
38 69 10 6
38 71 9 7
38 75 2 7
38 76 1 9
38 79 4 9
38 80 3 4
38 81 8 5
38 82 6 9
38 83 7 9
38 84 6 5
38 85 8 4
38 86 6 9
38 87 10 2
38 90 10 4
38 92 2 1
38 93 4 2
38 94 2 7
38 95 2 6
38 97 7 4
38 98 4 2
38 99 9 9
38 100 8 9
39 40 8 4
39 41 1 3
39 43 3 10
39 44 2 3
39 46 7 8
39 47 1 9
39 48 3 4
39 51 3 3
39 53 1 2
39 55 2 1
39 56 6 9
39 57 1 9
39 58 1 7
39 59 6 4
39 60 9 2
39 61 1 5
39 62 5 4
39 63 7 4
39 66 1 3
39 67 10 1
39 69 3 9
39 70 7 1
39 71 7 4
39 72 10 7
39 74 4 1
39 75 4 10
39 76 9 1
39 77 10 1
39 78 4 10
39 80 3 8
39 81 8 1
39 82 4 8
39 83 6 3
39 84 3 5
39 85 3 3
39 87 2 10
39 88 5 2
39 89 4 7
39 90 3 10
39 91 5 8
39 92 5 4
39 93 3 10
39 97 3 4
39 98 4 6
39 99 9 2
39 100 6 6
40 41 9 4
40 44 4 5
40 45 3 4
40 46 6 9
40 48 2 5
40 49 8 4
40 50 7 8
40 51 5 4
40 52 10 8
40 53 6 10
40 54 9 7
40 56 8 10
40 57 8 7
40 58 9 3
40 60 1 8
40 61 5 6
40 62 10 2
40 63 7 7
40 64 1 7
40 65 7 9
40 66 7 10
40 67 2 6
40 70 4 10
40 71 5 2
40 72 4 6
40 73 7 4
40 74 8 9
40 75 4 10
40 76 6 4
40 79 9 1
40 80 6 5
40 81 10 7
40 82 10 1
40 83 10 8
40 84 10 6
40 85 6 7
40 86 3 9
40 87 7 6
40 88 6 6
40 89 5 2
40 91 1 9
40 93 8 9
40 94 8 2
40 95 3 5
40 97 7 4
40 98 6 2
40 99 9 10
40 100 8 7
41 42 8 5
41 43 8 8
41 44 5 4
41 45 2 10
41 46 8 4
41 47 1 8
41 48 7 6
41 50 6 8
41 52 10 1
41 54 4 5
41 55 4 2
41 56 10 5
41 58 4 8
41 59 6 5
41 60 9 9
41 61 7 10
41 62 1 7
41 63 8 2
41 64 6 4
41 65 7 7
41 66 10 5
41 68 2 6
41 69 10 9
41 70 7 7
41 71 8 10
41 72 7 3
41 74 4 2
41 75 9 2
41 76 10 6
41 77 3 5
41 78 6 4
41 79 3 10
41 80 1 2
41 81 3 7
41 82 5 9
41 83 8 1
41 84 3 2
41 85 5 6
41 86 4 4
41 87 2 6
41 88 1 4
41 89 4 2
41 90 7 4
41 91 4 7
41 94 5 9
41 96 2 6
41 97 1 9
41 98 7 1
41 100 5 8
42 44 8 8
42 45 6 3
42 47 2 5
42 48 1 5
42 49 8 9
42 50 9 9
42 52 4 5
42 53 10 8
42 54 1 8
42 55 4 3
42 57 2 10
42 59 9 4
42 60 3 6
42 61 4 4
42 62 2 5
42 63 6 10
42 64 3 5
42 65 3 6
42 67 7 3
42 68 8 1
42 70 1 8
42 71 7 7
42 72 10 9
42 74 10 4
42 75 9 7
42 76 4 10
42 77 7 5
42 78 5 3
42 82 2 10
42 83 6 8
42 84 9 8
42 85 10 1
42 86 5 4
42 87 5 8
42 89 10 8
42 90 4 1
42 91 10 6
42 92 4 2
42 93 10 4
42 94 7 10
42 96 3 6
43 44 9 7
43 47 3 7
43 48 10 6
43 49 1 5
43 50 4 4
43 51 7 6
43 52 8 2
43 53 6 2
43 54 4 6
43 55 2 9
43 56 1 8
43 57 5 2
43 58 1 6
43 59 5 5
43 60 8 4
43 61 2 6
43 62 10 1
43 63 3 7
43 64 8 1
43 65 2 4
43 66 8 2
43 67 10 2
43 68 3 3
43 69 9 9
43 70 3 10
43 71 1 2
43 72 10 10
43 73 6 9
43 74 10 3
43 75 5 5
43 76 6 1
43 77 10 5
43 78 2 4
43 79 8 8
43 80 8 3
43 81 5 3
43 83 10 7
43 84 2 7
43 85 8 9
43 86 1 7
43 87 6 5
43 90 8 10
43 92 1 9
43 94 3 4
43 95 6 9
43 96 9 9
43 97 2 8
43 98 5 4
43 99 9 5
43 100 8 2
44 45 10 5
44 46 10 4
44 47 9 8
44 48 3 10
44 50 5 4
44 51 5 3
44 52 3 4
44 53 5 4
44 55 1 4
44 56 8 3
44 57 4 8
44 58 8 4
44 61 2 8
44 62 6 1
44 63 9 1
44 64 3 9
44 65 3 7
44 66 10 1
44 67 8 9
44 69 7 2
44 70 3 5
44 71 8 6
44 72 2 10
44 73 8 7
44 74 1 2
44 76 3 7
44 78 8 1
44 79 8 2
44 80 5 5
44 81 8 7
44 83 6 3
44 84 1 3
44 86 5 9
44 87 2 9
44 88 6 7
44 89 4 6
44 90 10 4
44 91 1 4
44 92 1 9
44 93 5 4
44 94 4 10
44 95 2 7
44 97 5 6
44 98 9 1
44 99 2 5
44 100 8 4
45 48 6 6
45 50 2 10
45 51 4 1
45 52 1 5
45 53 4 6
45 54 6 10
45 55 8 8
45 56 1 5
45 57 6 2
45 59 1 1
45 60 6 9
45 61 2 4
45 62 7 10
45 63 2 8
45 64 1 9
45 67 7 2
45 68 5 1
45 69 6 2
45 70 6 2
45 72 1 4
45 73 8 2
45 74 3 5
45 76 3 6
45 77 3 9
45 78 10 10
45 79 2 1
45 81 1 3
45 82 5 3
45 83 6 7
45 84 2 3
45 85 7 8
45 86 10 10
45 87 7 9
45 88 7 2
45 89 8 1
45 90 5 1
45 91 7 8
45 92 8 8
45 94 8 5
45 96 7 10
45 99 9 3
45 100 2 3
46 47 8 3
46 48 6 3
46 50 1 9
46 51 1 8
46 52 4 2
46 53 5 10
46 54 5 3
46 55 5 3
46 56 10 9
46 57 8 10
46 58 9 5
46 59 10 10
46 60 7 8
46 61 9 9
46 62 6 4
46 63 6 6
46 64 4 6
46 65 9 8
46 66 10 1
46 67 8 1
46 68 1 1
46 69 10 4
46 70 4 6
46 71 5 6
46 72 3 2
46 73 10 7
46 74 1 3
46 75 2 10
46 76 5 7
46 77 8 1
46 78 7 9
46 79 1 7
46 82 1 7
46 83 7 6
46 84 9 6
46 85 3 6
46 86 9 2
46 87 5 6
46 88 10 2
46 89 7 8
46 90 3 9
46 91 7 2
46 93 7 4
46 94 10 8
46 95 8 9
46 96 4 4
46 97 1 5
46 99 9 6
47 49 8 5
47 51 4 4
47 52 4 5
47 53 7 6
47 54 7 2
47 55 10 1
47 56 3 1
47 58 9 5
47 59 7 3
47 60 5 6
47 61 6 5
47 62 6 5
47 63 2 10
47 65 3 2
47 66 1 8
47 67 7 5
47 68 6 8
47 69 1 7
47 70 5 8
47 71 4 10
47 72 8 2
47 73 1 4
47 77 3 2
47 78 1 10
47 80 5 10
47 81 9 7
47 82 6 9
47 83 6 6
47 84 3 9
47 85 3 5
47 86 3 1
47 87 4 2
47 88 5 7
47 89 7 7
47 90 3 10
47 91 9 10
47 93 3 6
47 94 7 8
47 95 2 1
47 96 8 2
47 97 1 7
47 98 6 5
47 99 7 4
47 100 6 5
48 49 10 2
48 50 8 2
48 51 5 6
48 53 7 6
48 54 6 6
48 55 10 10
48 56 1 8
48 57 1 3
48 58 6 8
48 59 6 2
48 60 4 9
48 61 1 9
48 62 9 2
48 63 1 2
48 65 2 6
48 66 5 4
48 68 9 7
48 69 1 7
48 70 10 7
48 71 8 10
48 73 9 9
48 74 5 2
48 75 10 7
48 76 1 4
48 77 9 3
48 78 5 8
48 79 4 4
48 82 3 8
48 83 3 3
48 85 6 10
48 86 3 6
48 87 5 6
48 88 7 10
48 89 6 10
48 90 8 7
48 92 10 1
48 94 1 10
48 95 6 2
48 96 5 6
48 98 4 5
48 100 5 7
49 50 4 3
49 51 2 10
49 53 9 10
49 54 9 10
49 56 10 3
49 58 6 8
49 59 2 10
49 60 8 10
49 61 1 5
49 62 6 3
49 63 4 6
49 64 3 10
49 65 3 2
49 66 4 4
49 67 5 7
49 68 4 3
49 69 2 6
49 70 10 6
49 71 4 1
49 72 1 1
49 73 8 7
49 74 1 10
49 75 9 8
49 76 6 10
49 78 2 3
49 79 10 3
49 80 1 7
49 82 8 7
49 83 7 6
49 84 5 1
49 85 10 4
49 86 9 3
49 88 8 5
49 90 2 7
49 91 3 9
49 92 3 1
49 93 1 9
49 94 5 6
49 95 7 1
49 97 1 7
49 98 4 2
49 100 2 5
50 51 6 3
50 52 6 2
50 53 7 3
50 55 7 7
50 57 4 9
50 58 10 8
50 59 3 8
50 60 5 2
50 61 3 6
50 62 4 2
50 63 10 8
50 64 3 7
50 65 8 9
50 66 1 2
50 67 5 6
50 68 5 3
50 69 1 3
50 70 1 4
50 71 5 5
50 72 9 7
50 73 6 6
50 74 6 4
50 75 6 7
50 76 2 10
50 78 1 2
50 79 3 6
50 80 6 6
50 82 6 1
50 83 2 9
50 84 7 8
50 87 5 10
50 88 1 8
50 90 7 4
50 91 6 8
50 92 1 4
50 93 2 4
50 94 2 4
50 95 7 1
50 96 1 2
50 97 2 8
50 98 6 2
50 99 4 4
50 100 8 9
51 52 2 3
51 53 3 6
51 54 8 5
51 55 8 2
51 56 9 3
51 57 4 5
51 58 4 4
51 59 1 10
51 60 9 6
51 62 1 3
51 63 10 6
51 64 7 2
51 65 7 6
51 66 6 8
51 67 7 8
51 68 1 8
51 69 9 4
51 70 7 4
51 72 7 5
51 74 6 10
51 75 4 6
51 76 8 10
51 78 4 4
51 79 4 1
51 81 5 9
51 84 1 7
51 86 5 10
51 87 9 1
51 88 7 5
51 89 10 10
51 90 10 9
51 91 9 4
51 93 4 3
51 94 8 3
51 96 1 3
51 97 8 1
51 98 10 1
51 99 3 3
51 100 4 1
52 53 8 5
52 54 6 5
52 55 10 10
52 56 5 1
52 57 2 7
52 58 3 8
52 59 10 8
52 60 7 9
52 61 2 7
52 62 8 3
52 63 3 6
52 64 2 1
52 65 6 10
52 66 7 3
52 68 5 5
52 69 7 9
52 70 2 6
52 71 9 7
52 72 1 4
52 74 5 9
52 77 3 10
52 78 3 3
52 79 8 8
52 82 9 1
52 83 6 9
52 86 8 8
52 88 1 1
52 90 4 7
52 92 4 8
52 93 6 9
52 94 1 7
52 95 4 3
52 98 8 7
52 99 3 10
52 100 8 7
53 54 10 8
53 55 3 6
53 57 4 5
53 58 1 2
53 59 10 5
53 60 2 7
53 61 7 10
53 62 9 3
53 63 9 5
53 64 1 5
53 65 4 6
53 66 3 5
53 68 7 2
53 69 2 4
53 70 8 2
53 71 10 6
53 72 9 9
53 73 9 10
53 74 1 9
53 75 10 2
53 77 7 10
53 78 1 7
53 79 7 5
53 80 8 10
53 81 8 6
53 82 1 1
53 83 8 7
53 84 5 9
53 85 2 10
53 87 4 6
53 88 6 6
53 91 8 2
53 92 2 9
53 93 8 1
53 95 1 5
53 96 9 9
53 97 10 10
53 98 5 5
53 99 6 7
53 100 1 5
54 55 2 2
54 56 10 8
54 57 1 2
54 58 1 5
54 60 1 3
54 61 9 8
54 62 10 3
54 64 3 7
54 65 2 4
54 66 7 8
54 68 4 1
54 69 10 3
54 71 2 9
54 72 8 9
54 73 1 10
54 74 7 6
54 75 9 6
54 76 10 1
54 77 4 8
54 78 7 7
54 79 8 3
54 80 3 5
54 81 3 1
54 82 7 5
54 84 1 7
54 85 8 8
54 86 3 2
54 87 4 2
54 89 4 6
54 90 1 9
54 91 1 5
54 92 7 4
54 93 1 1
54 96 7 10
54 98 6 9
54 99 7 10
55 56 10 5
55 57 8 10
55 58 6 4
55 59 9 4
55 60 10 6
55 62 7 8
55 63 2 2
55 64 7 4
55 65 8 2
55 67 5 6
55 68 9 2
55 70 10 8
55 71 2 2
55 72 8 9
55 73 5 2
55 74 7 7
55 75 4 5
55 76 9 5
55 77 2 9
55 78 7 4
55 80 5 4
55 81 4 5
55 82 9 5
55 83 3 5
55 84 5 9
55 85 5 6
55 86 7 7
55 87 3 9
55 88 5 10
55 89 7 1
55 90 1 10
55 92 9 5
55 93 9 9
55 95 4 8
55 96 10 5
55 99 4 9
55 100 2 10
56 57 2 5
56 58 2 8
56 59 8 1
56 60 3 7
56 61 5 6
56 62 8 2
56 64 2 8
56 65 3 6
56 66 4 10
56 67 7 2
56 68 1 10
56 69 7 5
56 70 3 4
56 71 1 4
56 72 4 2
56 73 8 9
56 74 10 5
56 75 3 10
56 76 8 1
56 77 6 3
56 80 1 8
56 82 1 4
56 83 3 5
56 84 9 7
56 85 10 4
56 86 1 8
56 87 8 4
56 90 5 6
56 91 5 2
56 92 5 3
56 94 8 9
56 95 2 6
56 96 8 2
56 97 2 5
56 99 7 4
57 58 1 4
57 59 4 3
57 60 2 5
57 61 10 2
57 62 5 7
57 63 3 7
57 64 6 6
57 65 8 3
57 68 1 4
57 69 2 8
57 70 3 1
57 71 10 10
57 72 2 10
57 74 6 2
57 76 10 3
57 77 1 6
57 78 4 1
57 79 9 8
57 80 5 9
57 81 10 5
57 82 1 3
57 83 10 8
57 86 3 1
57 87 3 1
57 88 7 9
57 89 3 7
57 90 1 3
57 91 10 3
57 92 1 9
57 93 7 7
57 94 4 6
57 95 9 9
57 97 1 1
57 98 1 1
57 99 6 5
57 100 7 9
58 61 4 5
58 62 4 2
58 63 3 8
58 64 1 3
58 65 7 1
58 66 9 7
58 67 2 3
58 68 5 8
58 69 1 6
58 71 2 3
58 72 9 5
58 73 8 1
58 74 6 5
58 76 3 5
58 77 10 4
58 78 10 1
58 79 1 4
58 80 9 5
58 81 6 8
58 82 8 3
58 86 5 4
58 87 6 4
58 88 3 1
58 90 6 7
58 92 6 9
58 93 9 9
58 94 3 3
58 95 2 4
58 98 3 3
58 99 5 7
58 100 5 5
59 60 8 6
59 61 6 5
59 62 5 6
59 63 10 3
59 64 2 10
59 65 5 8
59 66 7 3
59 69 5 10
59 70 5 3
59 71 5 8
59 73 3 6
59 74 6 7
59 75 10 5
59 76 5 3
59 77 9 6
59 78 1 8
59 79 9 6
59 80 3 6
59 81 3 2
59 82 2 9
59 83 1 1
59 84 7 1
59 85 10 8
59 87 8 9
59 88 5 1
59 89 4 1
59 91 10 10
59 92 6 6
59 93 5 10
59 94 4 2
59 95 9 9
59 96 3 10
59 97 3 5
59 98 3 7
59 99 2 5
59 100 8 2
60 61 10 5
60 62 6 10
60 63 6 2
60 64 3 7
60 65 10 2
60 66 9 8
60 67 3 4
60 68 6 8
60 69 10 1
60 70 7 1
60 72 10 3
60 73 9 9
60 74 1 4
60 75 3 5
60 76 10 1
60 78 10 8
60 79 10 6
60 82 5 8
60 83 5 5
60 84 5 2
60 85 3 10
60 87 10 1
60 88 9 10
60 89 2 4
60 90 9 2
60 91 2 8
60 96 10 7
60 97 5 6
60 98 8 2
60 99 10 1
60 100 3 9
61 62 10 1
61 63 5 1
61 64 1 6
61 65 7 7
61 66 7 7
61 67 8 2
61 68 2 6
61 69 5 4
61 70 10 9
61 71 6 2
61 72 5 5
61 73 10 7
61 74 4 10
61 75 6 9
61 76 6 7
61 77 8 5
61 78 7 2
61 79 6 8
61 80 2 8
61 81 5 1
61 82 1 7
61 83 7 9
61 84 3 3
61 85 2 3
61 86 4 3
61 87 4 9
61 88 7 7
61 89 3 2
61 90 1 9
61 91 5 8
61 93 9 3
61 94 10 7
61 95 2 3
61 96 5 4
61 97 10 10
61 98 10 2
61 99 2 2
62 63 3 1
62 64 3 7
62 65 10 1
62 66 5 2
62 67 6 9
62 68 6 5
62 69 4 8
62 70 6 6
62 72 3 9
62 73 7 4
62 74 4 2
62 75 6 3
62 76 3 4
62 78 3 6
62 79 3 2
62 80 7 2
62 81 10 4
62 83 9 8
62 84 7 3
62 85 1 9
62 86 1 5
62 88 3 2
62 89 3 6
62 90 5 9
62 91 10 10
62 93 10 10
62 94 6 3
62 95 7 7
62 96 3 3
62 97 7 2
62 98 2 5
62 99 6 9
63 64 3 8
63 65 2 6
63 66 10 9
63 67 2 6
63 68 4 4
63 69 6 3
63 70 7 2
63 72 8 1
63 73 4 5
63 74 6 2
63 75 3 3
63 77 10 7
63 78 4 4
63 79 4 10
63 80 2 3
63 81 3 6
63 82 7 2
63 83 4 4
63 84 5 1
63 85 7 3
63 86 5 3
63 87 1 9
63 88 7 8
63 89 1 10
63 90 3 1
63 91 5 8
63 92 8 4
63 93 7 6
63 95 4 2
63 96 8 10
63 99 5 2
63 100 1 10
64 65 8 3
64 66 4 3
64 67 7 1
64 69 6 7
64 70 3 2
64 71 6 1
64 72 9 2
64 73 2 5
64 74 3 3
64 75 1 4
64 79 7 6
64 80 2 3
64 81 2 9
64 83 8 3
64 84 8 4
64 85 9 6
64 86 2 3
64 87 7 2
64 88 1 1
64 89 10 6
64 90 7 8
64 91 7 10
64 92 8 6
64 93 8 3
64 94 10 6
64 97 1 7
64 99 5 9
64 100 10 6
65 66 1 10
65 67 10 3
65 70 8 4
65 71 5 9
65 72 10 6
65 73 6 6
65 74 6 8
65 75 2 5
65 76 2 9
65 78 2 2
65 79 8 7
65 80 4 3
65 81 3 7
65 82 8 1
65 83 9 3
65 84 8 6
65 85 1 1
65 87 6 5
65 88 5 7
65 89 10 2
65 90 4 4
65 91 9 4
65 93 4 6
65 94 10 6
65 95 3 8
65 96 6 2
65 97 1 10
65 99 3 8
65 100 6 7
66 67 10 1
66 68 5 8
66 69 5 7
66 70 7 5
66 71 8 2
66 72 1 8
66 74 2 8
66 75 3 7
66 76 8 3
66 78 3 10
66 80 3 2
66 81 4 10
66 82 6 9
66 83 7 3
66 84 9 5
66 85 6 1
66 88 4 3
66 90 8 10
66 91 9 7
66 92 4 2
66 93 8 1
66 94 1 9
66 98 4 8
66 99 8 7
66 100 4 10
67 68 4 3
67 69 3 1
67 70 9 2
67 71 6 9
67 72 5 10
67 73 10 9
67 74 2 1
67 75 6 10
67 76 1 4
67 77 6 10
67 79 6 1
67 80 10 7
67 81 3 4
67 82 1 6
67 84 7 7
67 85 4 8
67 86 2 5
67 89 2 7
67 90 3 4
67 91 8 6
67 92 5 9
67 93 5 5
67 95 5 3
67 96 3 2
67 97 2 8
67 98 10 5
67 100 5 9
68 69 2 5
68 70 3 6
68 71 6 4
68 73 3 5
68 75 7 5
68 76 1 1
68 77 9 10
68 78 7 5
68 80 7 10
68 81 8 7
68 83 10 8
68 85 9 5
68 86 7 3
68 87 10 6
68 88 10 9
68 89 1 7
68 90 2 9
68 91 9 9
68 92 8 8
68 93 5 4
68 94 8 2
68 95 7 3
68 96 1 5
68 98 8 2
68 100 8 7
69 70 8 10
69 71 7 3
69 73 7 6
69 74 4 2
69 75 8 9
69 76 7 6
69 77 6 3
69 79 4 6
69 81 10 1
69 82 9 2
69 84 6 10
69 85 1 2
69 86 7 3
69 87 3 5
69 88 7 10
69 89 5 2
69 90 7 7
69 92 6 8
69 93 7 1
69 95 7 7
69 96 7 9
69 97 6 1
69 98 10 2
69 99 6 7
69 100 3 2
70 71 6 2
70 72 2 1
70 73 6 8
70 76 1 4
70 77 2 7
70 78 6 4
70 79 2 9
70 80 2 10
70 81 4 8
70 82 3 4
70 83 10 7
70 85 9 10
70 86 10 9
70 87 8 8
70 88 6 2
70 90 8 6
70 91 2 4
70 92 10 9
70 94 1 4
70 95 4 6
70 97 7 2
70 98 1 10
71 74 4 3
71 75 6 3
71 76 8 7
71 77 5 8
71 78 7 7
71 80 4 8
71 81 9 1
71 86 2 4
71 87 6 8
71 88 6 9
71 89 6 5
71 91 10 9
71 92 2 9
71 94 10 7
71 95 4 9
71 97 8 2
71 98 7 3
71 99 3 7
71 100 3 10
72 73 3 8
72 74 9 6
72 75 9 8
72 76 1 1
72 78 2 10
72 79 9 1
72 80 10 8
72 81 2 6
72 82 6 1
72 83 8 2
72 84 2 8
72 87 8 6
72 88 1 7
72 89 3 8
72 90 6 5
72 91 9 2
72 92 10 6
72 94 5 3
72 96 10 10
72 97 5 5
72 98 8 5
72 99 5 1
73 74 6 3
73 75 6 1
73 77 7 8
73 78 4 1
73 79 5 3
73 80 7 6
73 81 1 4
73 84 3 2
73 86 4 3
73 88 1 3
73 89 6 7
73 90 10 8
73 91 6 5
73 92 10 3
73 93 10 4
73 94 6 1
73 95 1 8
73 96 1 8
73 97 4 9
73 98 4 5
74 77 2 6
74 78 10 3
74 79 1 3
74 80 5 2
74 81 4 6
74 83 7 1
74 84 7 6
74 85 9 2
74 86 8 3
74 87 6 1
74 88 10 1
74 90 5 8
74 91 3 8
74 93 1 4
74 95 9 8
74 96 9 3
74 97 10 1
74 98 5 8
74 99 6 7
74 100 5 6
75 76 6 6
75 78 8 2
75 79 8 3
75 80 8 6
75 81 10 7
75 82 1 10
75 84 9 3
75 87 8 5
75 90 3 3
75 92 6 7
75 94 9 4
75 95 7 8
75 96 5 4
75 97 2 4
75 98 4 6
75 99 10 10
75 100 7 7
76 77 9 3
76 78 7 3
76 79 9 6
76 80 4 6
76 83 3 2
76 84 6 4
76 85 4 3
76 86 1 9
76 88 10 4
76 91 8 3
76 92 4 8
76 93 6 3
76 94 5 4
76 95 3 9
76 96 9 10
76 97 10 10
76 98 3 10
76 99 10 10
76 100 2 6
77 78 8 4
77 79 3 4
77 80 6 2
77 81 10 4
77 82 4 5
77 83 6 9
77 84 6 5
77 86 6 2
77 87 3 9
77 88 10 3
77 91 4 2
77 92 10 10
77 94 8 6
77 96 10 8
77 97 8 3
77 98 7 7
77 99 4 10
77 100 7 2
78 79 10 7
78 81 2 3
78 82 10 10
78 83 3 4
78 84 9 8
78 85 7 2
78 86 3 3
78 87 9 3
78 88 5 4
78 89 5 9
78 90 1 8
78 91 8 7
78 92 9 8
78 93 4 4
78 94 5 4
78 95 3 2
78 96 8 3
78 97 5 4
78 98 5 1
78 99 9 8
78 100 4 7
79 80 2 2
79 81 6 4
79 83 2 6
79 84 6 5
79 85 9 1
79 86 9 6
79 87 1 10
79 88 8 6
79 89 3 3
79 91 5 2
79 92 6 3
79 93 5 9
79 94 9 5
79 95 8 7
79 96 10 7
79 97 3 7
79 99 2 2
79 100 3 6
80 81 5 6
80 82 10 9
80 83 5 4
80 84 7 8
80 86 1 8
80 88 1 5
80 89 10 5
80 90 10 9
80 93 3 9
80 94 4 10
80 95 10 5
80 96 5 2
80 98 1 3
80 99 4 6
80 100 10 4
81 82 10 3
81 83 2 10
81 84 7 6
81 86 9 1
81 87 4 3
81 88 8 1
81 89 9 4
81 90 2 10
81 92 10 2
81 94 8 7
81 95 9 8
81 96 9 1
81 97 6 3
81 98 1 8
81 99 9 6
82 83 3 1
82 85 9 6
82 86 2 3
82 87 10 4
82 88 10 1
82 89 2 7
82 90 1 8
82 91 3 10
82 92 5 4
82 93 6 2
82 94 4 4
82 95 6 2
82 96 7 8
82 99 7 9
82 100 5 6
83 84 2 4
83 85 4 7
83 86 1 4
83 88 4 2
83 89 7 7
83 90 10 8
83 91 3 1
83 93 5 2
83 94 1 9
83 95 7 10
83 97 2 6
83 98 10 1
83 99 7 9
83 100 5 7
84 85 1 3
84 86 7 7
84 87 10 9
84 88 5 8
84 89 8 4
84 90 4 5
84 91 7 7
84 92 4 5
84 93 10 9
84 95 1 6
84 96 7 9
84 97 2 4
84 98 3 1
84 99 6 3
85 86 10 10
85 87 3 7
85 88 7 2
85 90 5 1
85 91 1 7
85 95 8 9
85 97 10 5
85 99 2 2
85 100 9 8
86 87 1 2
86 88 4 7
86 90 3 4
86 91 1 1
86 92 5 10
86 93 10 6
86 94 6 9
86 95 5 4
86 96 3 9
86 99 2 3
86 100 3 9
87 88 9 10
87 89 8 10
87 91 1 3
87 92 8 9
87 93 1 7
87 94 9 4
87 95 8 9
87 96 3 7
87 97 7 5
87 98 9 7
87 99 3 6
87 100 5 4
88 89 4 4
88 90 4 8
88 91 7 3
88 92 7 7
88 94 6 6
88 95 9 4
88 96 6 3
88 97 9 3
88 98 5 6
88 99 6 4
89 90 9 3
89 91 6 8
89 92 7 8
89 93 8 3
89 94 4 10
89 95 5 9
89 96 5 2
89 97 2 2
89 98 5 10
89 99 2 8
89 100 3 10
90 91 10 1
90 94 7 7
90 95 2 1
90 96 1 8
90 98 4 8
90 100 5 8
91 92 9 4
91 95 7 10
91 97 5 7
91 98 3 4
91 99 9 7
91 100 9 9
92 93 2 9
92 94 6 9
92 95 2 5
92 96 7 8
92 97 7 7
92 98 5 7
92 99 10 9
92 100 6 6
93 94 4 6
93 95 2 10
93 96 8 5
93 99 1 2
93 100 1 8
94 95 4 4
94 97 4 9
94 98 6 4
94 99 5 5
94 100 7 9
95 96 3 2
95 98 1 7
95 99 6 1
96 97 8 5
96 100 5 4
97 98 6 3
97 99 6 1
97 100 5 2
98 99 8 6
98 100 2 4
99 100 3 5
1
1 2 3 4 5 6 7 8 9 10 11 12 13 14 15 16 17 18 19 20 21 22 23 24 25 26 27 28 29 30 31 32 33 34 35 36 37 38 39 40 41 42 43 44 45 46 47 48 49 50
