3977
1 2 2 8
1 3 1 7
1 4 4 4
1 5 6 1
1 7 7 5
1 8 7 4
1 9 6 7
1 10 8 2
1 11 6 5
1 12 1 7
1 15 9 2
1 16 9 3
1 17 9 3
1 20 6 5
1 22 5 7
1 24 4 9
1 25 8 4
1 26 7 3
1 27 8 7
1 28 3 5
1 29 1 6
1 30 10 6
1 31 4 7
1 32 3 5
1 33 1 9
1 34 10 6
1 36 3 4
1 37 10 3
1 38 4 3
1 39 3 10
1 40 9 4
1 41 3 7
1 42 1 9
1 43 1 2
1 44 5 3
1 45 9 8
1 46 7 5
1 47 6 8
1 48 7 8
1 49 1 6
1 51 5 3
1 53 9 6
1 55 5 1
1 56 1 8
1 57 1 2
1 58 6 1
1 59 6 6
1 60 3 6
1 62 9 8
1 63 4 7
1 64 7 5
1 65 8 8
1 66 1 3
1 67 8 2
1 68 3 5
1 69 2 7
1 71 9 1
1 73 10 1
1 74 3 1
1 77 4 9
1 78 8 7
1 79 9 10
1 80 6 10
1 81 9 8
1 82 4 3
1 83 9 4
1 85 9 4
1 86 9 3
1 87 6 2
1 88 4 9
1 89 3 2
1 91 1 5
1 93 6 8
1 94 4 7
1 95 10 10
1 96 2 7
1 97 6 1
1 98 6 10
1 100 10 5
2 3 10 4
2 5 9 4
2 6 10 5
2 7 3 2
2 8 6 4
2 9 3 2
2 10 1 9
2 12 5 9
2 13 10 4
2 14 8 3
2 15 2 4
2 17 10 1
2 18 10 6
2 19 8 10
2 20 3 3
2 21 10 7
2 22 8 4
2 23 3 1
2 24 9 9
2 25 6 3
2 26 2 2
2 27 5 1
2 29 8 4
2 30 5 4
2 31 5 1
2 32 8 4
2 33 5 6
2 35 7 8
2 36 1 3
2 37 5 7
2 38 4 8
2 39 5 3
2 40 10 4
2 41 3 5
2 42 3 7
2 43 1 7
2 44 8 2
2 45 5 1
2 46 9 3
2 50 1 5
2 51 10 2
2 52 4 6
2 53 6 7
2 54 7 4
2 55 6 5
2 56 7 10
2 57 10 10
2 58 7 9
2 59 3 1
2 60 2 6
2 62 9 2
2 63 7 1
2 64 9 7
2 65 3 6
2 66 8 5
2 67 5 1
2 68 1 2
2 69 4 6
2 70 6 9
2 71 6 5
2 72 1 9
2 74 7 2
2 75 6 2
2 77 7 7
2 79 8 3
2 81 2 3
2 82 3 2
2 83 4 1
2 85 4 2
2 86 8 3
2 87 2 8
2 88 5 10
2 91 3 6
2 92 10 9
2 93 1 9
2 94 5 3
2 95 5 1
2 97 3 2
2 98 9 3
2 99 3 7
2 100 10 5
3 4 8 2
3 5 5 4
3 6 5 10
3 7 3 3
3 8 7 8
3 9 5 8
3 10 3 8
3 11 9 5
3 12 1 4
3 13 8 3
3 15 4 10
3 16 9 9
3 17 10 3
3 18 10 1
3 19 4 7
3 20 7 9
3 21 3 6
3 22 1 1
3 23 1 4
3 24 1 4
3 25 4 8
3 26 2 1
3 27 8 3
3 28 9 5
3 29 2 5
3 30 6 7
3 31 6 1
3 34 8 5
3 35 4 2
3 36 5 1
3 37 9 4
3 39 10 10
3 41 7 7
3 42 1 3
3 43 9 7
3 45 5 7
3 46 1 7
3 47 1 5
3 49 6 5
3 50 3 5
3 51 7 5
3 52 10 2
3 53 1 4
3 54 2 7
3 55 5 10
3 56 4 5
3 57 10 8
3 59 2 10
3 60 2 6
3 61 7 3
3 62 8 6
3 63 1 1
3 64 2 6
3 65 2 1
3 66 8 10
3 67 1 6
3 69 7 2
3 70 6 7
3 71 9 6
3 72 1 1
3 73 3 2
3 74 4 9
3 75 6 3
3 76 1 3
3 77 4 2
3 78 4 2
3 79 5 1
3 81 8 10
3 83 9 4
3 84 10 1
3 85 9 5
3 87 3 7
3 88 5 1
3 89 5 8
3 90 1 5
3 91 5 8
3 92 10 7
3 93 1 10
3 94 3 9
3 95 2 7
3 96 2 4
3 97 5 6
3 98 1 7
3 100 6 9
4 6 4 3
4 7 9 2
4 8 5 3
4 9 7 4
4 10 5 2
4 11 4 8
4 12 6 6
4 13 4 2
4 14 6 8
4 16 2 5
4 17 2 8
4 18 4 4
4 19 1 4
4 20 8 5
4 21 6 3
4 22 1 6
4 23 8 3
4 24 9 4
4 25 9 7
4 27 5 1
4 28 7 1
4 30 5 4
4 31 1 7
4 34 2 8
4 35 3 7
4 36 2 1
4 37 2 6
4 38 4 5
4 39 6 4
4 40 6 10
4 41 1 10
4 42 6 8
4 43 1 4
4 44 1 5
4 45 5 7
4 46 4 7
4 47 7 10
4 48 3 3
4 49 5 5
4 50 3 7
4 51 4 7
4 52 7 3
4 53 6 1
4 54 7 9
4 55 8 10
4 57 10 6
4 58 9 6
4 59 1 3
4 60 3 10
4 62 4 3
4 64 4 7
4 65 10 4
4 66 2 5
4 67 1 7
4 68 8 3
4 69 1 8
4 70 4 1
4 72 4 1
4 73 3 10
4 74 9 9
4 75 8 2
4 77 1 2
4 80 4 4
4 81 1 10
4 82 10 10
4 83 7 2
4 84 4 9
4 85 4 3
4 86 5 9
4 87 10 10
4 88 6 3
4 89 9 7
4 90 2 8
4 91 5 2
4 92 1 6
4 94 3 3
4 95 1 5
4 96 7 2
4 97 4 1
4 98 6 3
4 99 9 9
4 100 4 3
5 8 10 3
5 10 7 5
5 11 4 6
5 12 9 6
5 13 7 6
5 14 3 1
5 15 5 5
5 17 5 1
5 18 10 10
5 19 1 3
5 20 6 2
5 21 7 1
5 22 1 3
5 23 6 6
5 24 6 2
5 25 2 4
5 26 4 5
5 28 7 5
5 29 2 1
5 30 6 3
5 31 8 2
5 32 9 8
5 34 4 10
5 35 4 7
5 36 8 2
5 37 6 10
5 39 1 6
5 40 6 9
5 41 5 4
5 42 3 10
5 44 8 8
5 45 1 10
5 47 3 2
5 48 10 9
5 49 8 9
5 50 10 10
5 51 4 9
5 52 1 9
5 53 4 9
5 54 2 9
5 56 2 8
5 57 2 6
5 58 8 5
5 59 3 8
5 61 4 9
5 62 8 9
5 63 6 5
5 64 9 5
5 65 8 8
5 66 2 5
5 67 7 4
5 68 9 1
5 69 7 5
5 70 10 1
5 71 3 3
5 72 9 2
5 73 9 7
5 74 6 6
5 75 2 3
5 77 5 9
5 78 3 5
5 79 8 4
5 80 3 6
5 81 8 7
5 82 7 2
5 83 9 2
5 85 8 1
5 87 10 8
5 88 1 4
5 89 9 6
5 90 8 1
5 91 4 4
5 93 5 7
5 94 7 1
5 95 8 5
5 96 8 2
5 97 8 1
5 98 4 7
5 100 3 1
6 7 2 10
6 9 10 6
6 10 3 9
6 11 7 10
6 12 8 7
6 14 5 5
6 15 2 1
6 17 6 2
6 18 2 9
6 19 4 3
6 20 8 1
6 21 4 7
6 22 10 1
6 24 2 6
6 25 10 9
6 27 3 5
6 28 4 6
6 29 9 5
6 30 6 4
6 31 10 7
6 32 4 3
6 33 3 8
6 34 7 7
6 35 3 2
6 36 10 2
6 37 5 10
6 38 6 5
6 39 9 5
6 40 2 1
6 41 4 2
6 42 1 7
6 43 9 7
6 44 5 9
6 45 3 10
6 46 8 9
6 47 2 2
6 48 5 8
6 49 7 1
6 50 7 1
6 51 2 2
6 52 2 3
6 53 3 2
6 55 2 2
6 56 3 6
6 57 2 4
6 58 8 7
6 59 10 9
6 60 4 10
6 61 9 2
6 63 2 3
6 66 5 3
6 67 9 8
6 68 10 1
6 69 3 4
6 70 6 6
6 71 2 6
6 73 8 8
6 74 4 6
6 75 5 10
6 76 6 6
6 77 5 5
6 78 9 10
6 79 5 9
6 81 8 8
6 82 7 8
6 83 10 9
6 84 1 3
6 85 10 10
6 87 3 5
6 89 2 7
6 90 1 9
6 93 4 10
6 94 4 1
6 95 4 10
6 96 7 6
6 97 4 3
6 98 8 2
6 99 8 6
6 100 4 5
7 8 3 4
7 9 10 10
7 10 4 5
7 11 4 8
7 12 9 10
7 13 10 8
7 14 6 1
7 15 8 1
7 16 1 3
7 17 9 2
7 18 3 10
7 19 2 3
7 20 7 10
7 21 9 10
7 22 4 2
7 23 7 8
7 24 7 1
7 25 3 8
7 26 2 8
7 27 8 4
7 29 10 3
7 30 1 7
7 32 10 9
7 33 7 1
7 34 4 6
7 35 7 2
7 36 9 7
7 37 4 4
7 38 2 8
7 39 4 8
7 40 2 3
7 41 6 4
7 42 3 3
7 43 2 10
7 45 9 6
7 47 1 1
7 48 10 10
7 49 4 9
7 50 3 10
7 51 6 5
7 53 4 9
7 54 3 7
7 56 3 7
7 57 5 7
7 58 8 1
7 59 1 10
7 60 6 3
7 61 2 2
7 62 6 2
7 63 3 5
7 64 1 9
7 65 4 2
7 66 8 9
7 68 1 10
7 69 2 5
7 70 7 2
7 71 2 1
7 72 7 2
7 73 10 3
7 74 10 1
7 75 9 10
7 79 3 5
7 80 4 3
7 81 8 10
7 82 1 1
7 83 9 4
7 84 6 1
7 85 6 9
7 86 9 2
7 87 9 8
7 88 3 1
7 89 2 9
7 90 10 10
7 92 6 3
7 93 2 4
7 94 10 2
7 96 2 8
7 97 6 5
7 98 2 2
7 99 9 3
8 9 2 8
8 10 6 7
8 11 1 10
8 12 6 8
8 13 7 5
8 14 5 1
8 17 2 9
8 18 6 4
8 19 7 10
8 20 3 2
8 21 7 1
8 22 4 3
8 23 10 2
8 24 9 1
8 25 5 4
8 27 6 9
8 28 2 1
8 29 10 5
8 30 8 10
8 31 3 7
8 32 6 1
8 34 6 7
8 35 6 7
8 36 2 3
8 37 8 4
8 38 9 1
8 40 4 3
8 43 6 5
8 44 10 8
8 45 9 2
8 46 6 3
8 47 4 8
8 49 10 6
8 50 7 9
8 51 9 4
8 52 10 7
8 53 3 4
8 54 8 5
8 55 2 4
8 56 8 4
8 57 2 2
8 58 6 7
8 59 5 4
8 60 2 2
8 61 5 10
8 62 7 9
8 63 4 7
8 64 6 9
8 65 1 4
8 67 2 5
8 68 1 9
8 69 6 3
8 70 9 6
8 71 8 1
8 72 1 10
8 73 3 9
8 74 2 9
8 75 9 6
8 76 5 5
8 77 3 2
8 78 2 5
8 79 7 4
8 80 8 9
8 81 1 6
8 82 7 10
8 83 1 7
8 85 2 10
8 87 5 1
8 88 2 7
8 89 7 10
8 90 1 9
8 91 6 1
8 92 1 4
8 93 7 8
8 95 10 2
8 96 8 6
8 97 9 9
8 98 8 10
8 99 8 1
9 10 5 4
9 11 3 7
9 12 7 6
9 13 10 6
9 15 4 5
9 17 10 9
9 19 1 2
9 20 3 9
9 21 3 5
9 22 1 2
9 23 3 3
9 24 9 7
9 25 5 6
9 26 10 1
9 27 10 8
9 28 4 2
9 29 9 5
9 30 5 1
9 31 9 5
9 32 8 9
9 33 10 4
9 36 4 8
9 37 9 5
9 38 8 1
9 39 5 9
9 40 7 7
9 41 8 10
9 43 4 8
9 45 7 3
9 46 3 2
9 47 7 5
9 48 10 8
9 49 8 1
9 50 4 8
9 51 5 7
9 52 2 5
9 53 7 4
9 56 4 5
9 57 2 9
9 58 8 6
9 61 8 4
9 62 4 5
9 63 6 2
9 64 5 8
9 66 9 6
9 67 9 9
9 68 9 6
9 69 8 7
9 70 7 4
9 71 5 4
9 72 4 3
9 73 9 2
9 74 4 7
9 75 4 10
9 76 9 8
9 78 2 1
9 79 5 5
9 81 7 1
9 82 8 3
9 83 6 2
9 84 6 10
9 85 9 9
9 86 6 10
9 87 9 1
9 88 7 7
9 89 3 8
9 90 2 3
9 91 9 10
9 92 7 3
9 93 6 1
9 94 1 1
9 96 2 10
9 97 2 4
9 98 5 5
9 100 5 5
10 11 4 6
10 13 8 6
10 15 2 5
10 16 9 3
10 17 8 10
10 18 8 1
10 20 2 8
10 21 7 4
10 22 2 6
10 23 6 5
10 24 4 1
10 25 2 2
10 26 2 2
10 27 9 3
10 29 10 9
10 30 1 10
10 31 7 3
10 32 5 5
10 33 3 10
10 34 8 2
10 35 9 6
10 36 1 5
10 38 2 1
10 39 2 5
10 40 5 1
10 41 1 8
10 44 10 8
10 45 3 7
10 46 2 2
10 48 10 4
10 49 3 4
10 50 5 8
10 53 9 3
10 54 7 10
10 55 9 2
10 56 8 9
10 57 2 6
10 59 1 5
10 60 9 6
10 61 1 6
10 62 7 6
10 63 1 6
10 65 7 1
10 67 1 3
10 68 2 10
10 69 3 3
10 70 10 9
10 71 1 2
10 72 9 4
10 74 6 9
10 75 4 10
10 76 8 8
10 77 5 10
10 79 7 9
10 80 3 9
10 81 3 8
10 82 7 5
10 84 3 9
10 85 9 2
10 86 7 10
10 88 2 2
10 89 10 5
10 90 1 3
10 91 5 3
10 92 5 6
10 93 1 7
10 94 8 3
10 95 1 10
10 96 7 5
10 97 4 6
10 98 10 3
10 99 9 2
10 100 10 3
11 12 6 4
11 14 1 2
11 16 10 5
11 17 2 7
11 18 10 6
11 19 7 4
11 20 1 3
11 22 2 9
11 23 4 6
11 24 10 9
11 25 10 4
11 26 1 9
11 27 1 1
11 28 1 1
11 29 10 7
11 31 9 1
11 32 7 9
11 33 4 9
11 34 2 3
11 35 1 1
11 36 4 10
11 37 8 5
11 39 7 5
11 41 4 9
11 43 7 5
11 44 7 6
11 45 7 9
11 46 2 3
11 47 5 9
11 48 5 10
11 50 7 4
11 51 10 3
11 52 4 1
11 53 5 7
11 55 1 2
11 56 6 1
11 57 3 7
11 58 10 8
11 59 1 10
11 60 2 7
11 61 1 10
11 63 10 8
11 64 4 7
11 65 3 9
11 68 2 4
11 69 3 9
11 70 8 2
11 71 8 5
11 72 1 8
11 73 7 1
11 74 2 9
11 75 10 8
11 76 8 6
11 77 7 2
11 78 2 4
11 81 8 2
11 82 5 9
11 83 10 7
11 84 10 4
11 85 4 5
11 90 10 3
11 91 5 3
11 92 5 8
11 93 1 10
11 94 5 2
11 95 4 10
11 96 4 3
11 97 9 9
11 98 4 7
11 99 3 9
12 13 2 7
12 15 8 8
12 16 10 1
12 17 1 2
12 18 1 1
12 22 1 8
12 23 8 7
12 24 8 10
12 25 3 9
12 26 1 3
12 27 2 1
12 28 2 4
12 29 5 4
12 30 3 1
12 31 3 3
12 32 8 2
12 33 2 9
12 35 1 3
12 36 7 3
12 37 9 6
12 38 8 9
12 40 10 4
12 41 2 6
12 42 3 1
12 43 6 10
12 44 7 10
12 46 2 7
12 47 9 4
12 48 6 9
12 50 6 1
12 52 7 3
12 53 7 6
12 54 3 3
12 55 8 5
12 56 6 6
12 57 4 5
12 58 6 4
12 59 5 9
12 62 1 2
12 64 5 2
12 65 5 1
12 66 5 6
12 67 2 3
12 68 7 2
12 70 5 4
12 71 2 10
12 72 5 10
12 74 5 1
12 76 1 9
12 77 2 5
12 78 8 9
12 80 8 3
12 81 3 3
12 82 6 3
12 84 9 4
12 85 8 9
12 86 10 6
12 87 2 7
12 88 10 3
12 89 5 10
12 90 7 8
12 91 10 2
12 92 10 5
12 93 1 3
12 94 3 9
12 96 9 8
12 97 10 7
12 98 10 7
12 100 3 9
13 15 1 7
13 16 9 4
13 17 2 6
13 20 5 7
13 21 7 2
13 23 2 4
13 24 8 2
13 25 5 7
13 26 10 9
13 28 1 3
13 29 4 1
13 30 4 3
13 31 10 10
13 32 8 1
13 33 2 9
13 34 2 10
13 35 8 5
13 36 10 6
13 37 10 1
13 38 1 6
13 39 3 4
13 40 7 7
13 41 5 1
13 42 7 8
13 43 9 8
13 45 8 10
13 46 1 6
13 47 2 7
13 48 3 8
13 50 7 7
13 51 10 9
13 52 2 2
13 53 8 1
13 54 6 8
13 55 8 2
13 56 5 1
13 57 3 9
13 58 2 10
13 59 5 2
13 60 1 8
13 61 3 4
13 64 2 10
13 65 3 9
13 68 3 5
13 69 6 8
13 71 2 4
13 72 10 3
13 73 7 9
13 74 7 9
13 75 6 9
13 76 3 10
13 77 3 7
13 78 8 1
13 79 6 5
13 80 7 2
13 81 5 6
13 82 3 7
13 83 7 5
13 85 5 9
13 86 7 7
13 87 1 3
13 89 1 9
13 91 10 3
13 92 6 1
13 93 1 2
13 94 7 2
13 95 4 6
13 96 3 3
13 97 6 10
13 98 5 3
13 99 3 9
13 100 9 7
14 15 8 7
14 18 9 8
14 20 9 6
14 22 4 2
14 24 1 10
14 25 6 7
14 27 1 4
14 28 4 3
14 29 1 1
14 30 5 8
14 31 10 5
14 32 5 4
14 33 4 1
14 35 9 1
14 36 1 5
14 38 8 7
14 39 6 2
14 40 9 3
14 41 2 3
14 42 7 5
14 43 10 6
14 44 1 6
14 45 3 9
14 46 5 1
14 47 9 1
14 48 3 10
14 49 3 10
14 50 5 4
14 51 6 8
14 52 3 6
14 54 4 7
14 55 10 6
14 56 2 10
14 57 10 4
14 58 3 6
14 59 6 7
14 60 10 2
14 62 3 10
14 63 8 1
14 64 10 4
14 65 3 6
14 66 1 10
14 67 4 9
14 68 3 9
14 69 5 3
14 70 5 5
14 71 6 2
14 73 5 3
14 74 9 6
14 76 3 4
14 77 10 1
14 78 1 1
14 79 10 10
14 80 6 1
14 81 9 5
14 83 6 8
14 84 3 4
14 85 6 3
14 86 2 5
14 87 7 2
14 89 2 2
14 90 6 3
14 91 8 1
14 94 6 6
14 95 6 10
14 96 4 5
14 97 10 3
14 99 8 4
15 16 10 7
15 17 5 5
15 18 9 9
15 19 4 1
15 20 1 5
15 21 10 4
15 22 4 10
15 23 4 9
15 24 10 10
15 26 4 3
15 27 8 9
15 28 5 1
15 29 8 1
15 30 7 1
15 31 2 1
15 32 1 1
15 33 4 10
15 34 8 5
15 35 1 5
15 36 3 7
15 37 5 5
15 38 5 1
15 39 4 6
15 40 8 9
15 41 6 6
15 42 8 9
15 43 4 3
15 44 2 2
15 45 3 9
15 46 8 3
15 47 8 1
15 49 2 8
15 50 2 5
15 51 7 1
15 52 7 1
15 53 8 7
15 54 8 8
15 55 10 1
15 56 2 7
15 58 2 10
15 59 5 5
15 61 10 6
15 62 10 1
15 63 7 7
15 64 7 1
15 65 4 1
15 66 2 7
15 67 7 4
15 68 3 6
15 69 1 5
15 70 4 10
15 71 10 1
15 73 1 10
15 74 2 10
15 75 6 5
15 76 10 3
15 77 1 5
15 78 8 1
15 80 8 9
15 81 10 1
15 82 3 2
15 83 5 4
15 84 7 6
15 86 3 1
15 87 6 5
15 88 7 3
15 89 6 4
15 90 9 6
15 93 6 4
15 94 10 2
15 95 3 6
15 96 2 5
15 97 6 7
15 99 8 5
15 100 2 4
16 19 5 3
16 20 7 8
16 21 10 6
16 22 1 1
16 23 10 6
16 24 6 5
16 26 3 2
16 27 3 9
16 28 1 3
16 29 1 5
16 30 1 2
16 31 6 5
16 32 4 5
16 33 4 5
16 35 9 6
16 37 2 10
16 39 1 7
16 40 9 5
16 41 10 5
16 42 3 7
16 43 10 9
16 44 4 4
16 45 2 2
16 46 9 3
16 50 8 6
16 51 2 8
16 52 6 4
16 55 4 2
16 56 7 5
16 57 8 2
16 58 6 4
16 59 4 4
16 60 1 7
16 61 8 3
16 63 10 3
16 64 4 10
16 66 1 1
16 68 5 2
16 69 5 10
16 70 1 4
16 71 10 1
16 72 9 2
16 73 10 1
16 74 7 9
16 75 9 3
16 76 1 9
16 77 8 6
16 78 2 3
16 79 6 5
16 80 2 1
16 81 6 4
16 82 7 4
16 84 10 1
16 85 4 8
16 86 3 2
16 87 3 3
16 89 2 8
16 90 7 3
16 91 6 7
16 92 7 6
16 93 6 8
16 97 7 1
16 98 9 9
16 99 3 8
16 100 8 1
17 18 9 9
17 19 8 3
17 20 5 4
17 21 10 5
17 23 7 3
17 24 2 10
17 27 1 6
17 28 8 6
17 29 3 5
17 30 7 6
17 31 1 7
17 32 7 5
17 33 9 1
17 34 10 1
17 35 2 6
17 36 5 6
17 37 6 2
17 38 8 1
17 40 3 1
17 41 8 10
17 42 9 10
17 43 7 3
17 44 3 9
17 45 3 5
17 46 5 2
17 47 2 8
17 48 1 5
17 49 9 2
17 51 9 4
17 52 8 4
17 53 9 1
17 56 7 9
17 57 10 5
17 58 5 3
17 59 2 9
17 60 6 5
17 61 10 10
17 63 6 1
17 64 2 3
17 65 2 7
17 68 6 9
17 70 9 8
17 74 1 1
17 75 3 8
17 76 2 6
17 77 4 1
17 79 2 2
17 80 5 3
17 81 7 1
17 82 6 8
17 84 3 4
17 85 6 4
17 87 8 9
17 89 1 6
17 90 7 1
17 92 4 1
17 94 9 10
17 95 3 5
17 96 1 9
17 97 7 9
17 98 9 7
18 19 2 4
18 20 1 5
18 21 2 10
18 22 6 3
18 23 9 10
18 25 9 9
18 26 6 1
18 27 7 3
18 28 8 9
18 29 7 9
18 30 10 3
18 31 6 8
18 33 9 9
18 34 3 3
18 35 6 2
18 36 5 3
18 37 8 9
18 39 6 1
18 42 2 7
18 43 4 1
18 45 9 1
18 46 10 5
18 47 10 1
18 49 5 1
18 50 3 9
18 51 8 1
18 52 10 3
18 53 5 10
18 54 6 4
18 55 10 7
18 56 4 8
18 57 2 8
18 58 7 4
18 59 3 5
18 62 1 3
18 63 3 6
18 64 9 6
18 66 10 6
18 69 7 3
18 71 10 3
18 73 4 3
18 74 5 6
18 75 6 9
18 76 1 10
18 77 5 10
18 78 3 9
18 79 5 4
18 80 3 6
18 81 1 5
18 82 7 7
18 83 2 1
18 84 4 6
18 85 2 10
18 87 10 4
18 88 1 3
18 89 8 3
18 90 3 7
18 91 2 8
18 93 6 3
18 94 6 4
18 95 6 10
18 96 4 1
18 98 2 1
18 99 9 3
18 100 2 7
19 20 1 5
19 21 10 7
19 22 9 2
19 23 3 5
19 24 4 8
19 25 2 7
19 27 3 2
19 28 9 1
19 29 9 6
19 30 3 4
19 31 2 10
19 32 6 7
19 33 10 7
19 35 3 2
19 36 9 8
19 37 3 10
19 38 2 2
19 39 7 2
19 40 9 6
19 42 4 6
19 43 1 7
19 44 9 5
19 45 8 2
19 46 4 10
19 47 7 10
19 48 2 3
19 49 8 7
19 50 10 2
19 51 7 3
19 54 5 6
19 55 3 2
19 56 2 6
19 57 2 1
19 58 7 10
19 59 4 8
19 60 3 8
19 61 7 9
19 62 7 9
19 64 6 5
19 65 7 6
19 66 5 4
19 67 1 7
19 68 3 1
19 69 7 10
19 70 1 1
19 71 9 5
19 72 6 1
19 73 2 9
19 74 10 7
19 76 3 1
19 77 3 7
19 79 8 8
19 80 9 7
19 82 1 3
19 83 3 5
19 84 5 9
19 85 1 7
19 86 3 1
19 87 8 3
19 89 5 8
19 90 7 10
19 91 6 5
19 93 1 10
19 94 7 3
19 95 1 4
19 96 5 2
19 97 9 4
19 99 5 9
19 100 9 10
20 22 6 3
20 23 1 6
20 25 5 4
20 26 4 7
20 27 8 2
20 28 3 10
20 29 8 2
20 30 3 8
20 32 3 7
20 33 1 1
20 34 10 6
20 35 10 10
20 36 7 2
20 37 3 10
20 38 2 9
20 39 2 1
20 40 2 10
20 41 6 4
20 42 4 4
20 43 6 1
20 44 7 10
20 47 6 3
20 49 3 9
20 50 9 5
20 52 5 7
20 53 10 8
20 54 5 8
20 55 5 6
20 56 9 2
20 57 3 8
20 58 1 2
20 59 10 6
20 60 5 1
20 61 7 8
20 62 8 9
20 63 8 3
20 64 10 6
20 65 1 8
20 66 9 3
20 67 3 5
20 70 8 7
20 71 9 5
20 73 9 6
20 74 5 6
20 75 6 2
20 76 4 3
20 77 10 2
20 78 8 9
20 79 6 3
20 80 1 6
20 82 4 10
20 83 5 3
20 85 6 8
20 86 4 9
20 88 7 3
20 89 2 6
20 91 7 1
20 92 9 3
20 93 10 2
20 94 4 9
20 95 4 10
20 96 6 3
20 97 10 7
20 98 6 7
20 99 3 6
20 100 2 10
21 22 10 10
21 23 4 10
21 24 1 10
21 26 5 1
21 27 5 10
21 28 10 7
21 29 4 6
21 30 4 4
21 32 3 6
21 33 2 1
21 34 10 9
21 38 4 1
21 40 7 10
21 41 7 10
21 42 4 10
21 43 8 2
21 44 7 10
21 45 7 1
21 46 10 7
21 47 8 8
21 48 4 6
21 49 8 2
21 51 7 1
21 52 6 4
21 53 5 6
21 54 5 3
21 55 7 7
21 56 6 5
21 57 9 2
21 59 1 8
21 60 6 1
21 61 2 5
21 63 8 4
21 64 6 1
21 65 10 2
21 67 1 4
21 69 7 7
21 70 4 9
21 71 10 7
21 72 1 5
21 73 10 6
21 74 1 4
21 75 8 5
21 76 7 7
21 77 1 7
21 78 8 3
21 80 8 7
21 81 1 5
21 82 1 1
21 83 4 3
21 84 4 3
21 85 3 9
21 86 7 3
21 87 10 10
21 88 4 3
21 91 1 5
21 92 2 6
21 93 7 1
21 94 9 7
21 95 8 5
21 96 1 6
21 97 3 8
21 100 9 5
22 23 3 4
22 25 10 4
22 26 1 10
22 29 6 10
22 31 10 7
22 32 3 5
22 34 6 3
22 35 3 6
22 36 2 10
22 37 5 1
22 38 8 2
22 39 5 9
22 40 9 10
22 41 3 8
22 42 7 7
22 44 9 9
22 45 7 10
22 46 5 10
22 47 8 7
22 49 4 5
22 50 7 7
22 51 3 3
22 52 1 6
22 53 1 1
22 54 6 7
22 56 4 2
22 57 7 4
22 58 2 5
22 59 8 5
22 60 7 4
22 61 9 3
22 63 10 5
22 67 9 1
22 68 4 4
22 69 4 9
22 70 10 6
22 72 10 6
22 74 3 3
22 75 4 3
22 76 4 1
22 77 7 9
22 79 8 2
22 81 9 1
22 82 2 1
22 83 8 6
22 85 4 5
22 86 8 10
22 87 4 4
22 88 4 7
22 89 8 2
22 90 7 1
22 91 8 3
22 93 6 1
22 94 1 2
22 96 6 3
22 97 10 10
22 99 1 10
22 100 2 10
23 24 1 10
23 25 10 4
23 26 6 2
23 27 5 1
23 28 7 4
23 29 5 8
23 30 9 6
23 31 1 9
23 32 4 6
23 33 5 8
23 34 1 10
23 35 5 7
23 37 8 6
23 38 6 6
23 39 5 9
23 40 5 9
23 41 4 3
23 42 10 1
23 43 1 2
23 44 3 5
23 45 9 8
23 46 8 5
23 47 9 4
23 48 2 4
23 49 1 6
23 50 6 6
23 51 5 3
23 52 10 7
23 53 1 6
23 54 8 3
23 55 8 3
23 56 8 7
23 57 10 4
23 58 3 8
23 59 6 2
23 60 3 9
23 61 5 9
23 62 5 5
23 63 8 8
23 64 6 8
23 65 7 5
23 66 8 6
23 67 3 9
23 68 8 9
23 70 6 2
23 71 1 2
23 72 6 1
23 73 4 5
23 74 1 7
23 75 7 10
23 76 4 4
23 78 7 2
23 80 3 2
23 81 10 1
23 82 10 4
23 83 2 9
23 84 10 7
23 85 9 8
23 86 4 7
23 87 4 2
23 88 4 6
23 90 3 7
23 91 4 10
23 92 7 1
23 93 9 2
23 94 5 10
23 95 6 3
23 96 7 6
23 97 10 1
23 98 8 4
23 100 9 7
24 25 6 2
24 27 6 7
24 28 8 5
24 29 4 8
24 31 2 5
24 32 2 10
24 33 3 8
24 34 5 3
24 35 4 3
24 36 6 5
24 38 9 9
24 39 6 6
24 40 2 1
24 42 4 2
24 43 8 5
24 44 8 1
24 45 7 1
24 46 2 8
24 47 6 1
24 50 10 3
24 51 9 4
24 52 5 7
24 53 2 7
24 54 8 3
24 55 1 10
24 58 6 6
24 59 3 3
24 60 2 5
24 61 5 4
24 63 6 10
24 64 1 2
24 65 3 3
24 66 3 7
24 67 9 1
24 68 1 3
24 69 8 5
24 72 3 10
24 73 2 5
24 74 7 4
24 75 2 9
24 77 1 6
24 78 4 1
24 81 6 8
24 82 2 8
24 83 3 6
24 86 10 10
24 89 7 9
24 91 5 10
24 93 6 6
24 94 3 7
24 95 10 4
24 96 7 1
24 98 2 9
24 100 9 4
25 26 1 10
25 27 1 6
25 28 10 9
25 29 10 3
25 30 2 2
25 31 1 3
25 33 8 7
25 34 7 8
25 35 7 5
25 36 1 2
25 37 1 5
25 38 8 9
25 39 4 4
25 40 3 8
25 41 4 5
25 45 6 5
25 46 9 6
25 47 10 5
25 48 3 6
25 49 7 1
25 50 3 3
25 51 9 8
25 52 5 6
25 53 8 1
25 54 9 6
25 56 5 6
25 57 9 10
25 59 1 2
25 60 10 7
25 61 1 8
25 62 4 1
25 63 8 5
25 64 5 6
25 65 4 2
25 66 1 10
25 67 7 4
25 68 9 4
25 69 8 6
25 71 5 5
25 72 5 8
25 73 1 2
25 74 8 9
25 75 1 6
25 76 4 4
25 77 3 7
25 78 1 1
25 79 2 5
25 80 10 10
25 81 8 7
25 82 2 4
25 83 8 2
25 84 4 7
25 86 5 10
25 87 5 5
25 88 2 10
25 90 7 2
25 91 8 6
25 93 8 4
25 94 3 7
25 95 6 1
25 97 8 1
25 99 4 8
25 100 9 5
26 28 5 1
26 30 9 4
26 31 4 8
26 32 9 9
26 33 2 5
26 34 10 2
26 35 8 2
26 36 10 7
26 38 2 7
26 39 8 6
26 40 8 8
26 42 3 7
26 43 4 10
26 44 1 5
26 45 8 5
26 46 7 7
26 47 7 1
26 48 4 7
26 49 5 4
26 50 7 10
26 51 2 9
26 52 2 9
26 53 3 7
26 54 8 10
26 55 4 6
26 56 6 3
26 59 2 7
26 60 1 4
26 61 8 1
26 62 3 7
26 63 8 6
26 64 4 3
26 65 3 2
26 66 2 2
26 67 6 7
26 69 8 1
26 70 7 2
26 71 1 6
26 74 2 3
26 75 2 3
26 76 5 9
26 77 7 3
26 78 5 1
26 79 9 5
26 80 6 8
26 81 2 7
26 82 5 2
26 83 8 4
26 84 7 5
26 85 6 2
26 86 5 2
26 87 5 6
26 88 2 8
26 89 9 10
26 91 8 8
26 94 7 9
26 95 1 8
26 96 8 9
26 99 10 9
26 100 8 10
27 28 8 6
27 29 4 5
27 30 10 7
27 31 9 1
27 32 7 1
27 33 5 6
27 34 10 5
27 35 8 10
27 36 1 3
27 37 7 8
27 39 6 2
27 40 7 6
27 41 7 8
27 42 7 7
27 43 7 4
27 45 8 5
27 46 8 4
27 48 3 6
27 49 3 6
27 50 7 4
27 51 10 10
27 52 9 3
27 53 6 4
27 54 3 9
27 55 1 3
27 57 5 10
27 58 2 7
27 60 3 4
27 61 5 5
27 63 9 8
27 64 7 2
27 66 9 7
27 67 10 5
27 68 5 8
27 69 4 3
27 70 7 1
27 71 4 10
27 72 10 1
27 73 3 6
27 74 1 10
27 76 10 10
27 77 9 5
27 78 2 2
27 80 5 5
27 81 3 3
27 82 5 2
27 83 1 4
27 86 5 8
27 87 2 3
27 88 2 7
27 89 5 3
27 90 7 9
27 91 2 1
27 96 10 7
27 99 2 8
27 100 5 9
28 29 2 6
28 30 6 3
28 31 4 1
28 32 1 10
28 33 1 3
28 34 1 3
28 35 8 4
28 37 5 9
28 38 4 1
28 40 10 1
28 41 2 7
28 42 7 3
28 44 2 8
28 46 5 3
28 47 9 9
28 48 6 10
28 49 2 6
28 50 8 1
28 52 7 9
28 54 9 9
28 55 10 7
28 56 4 2
28 57 8 7
28 58 7 10
28 59 9 5
28 60 1 6
28 62 10 3
28 64 7 5
28 66 1 3
28 67 4 10
28 69 1 5
28 74 9 3
28 76 4 7
28 77 4 2
28 78 8 9
28 79 10 9
28 80 9 2
28 82 8 1
28 83 3 7
28 85 6 1
28 86 6 9
28 87 2 9
28 89 3 8
28 90 4 1
28 91 2 3
28 92 10 6
28 93 4 8
28 94 4 5
28 96 10 5
28 97 2 6
28 100 5 6
29 30 6 2
29 31 5 5
29 32 1 9
29 33 4 6
29 34 10 4
29 35 8 8
29 36 8 1
29 37 8 10
29 38 2 1
29 39 10 9
29 40 8 7
29 41 10 5
29 43 3 1
29 44 1 1
29 45 10 9
29 46 1 2
29 47 10 8
29 49 6 6
29 50 4 3
29 51 8 9
29 52 3 4
29 53 6 5
29 54 1 1
29 55 9 4
29 56 9 8
29 57 3 7
29 58 10 8
29 59 5 4
29 60 8 9
29 61 7 10
29 62 6 6
29 63 3 4
29 64 7 7
29 66 10 10
29 67 8 8
29 68 3 1
29 69 9 3
29 70 7 4
29 71 5 7
29 75 6 5
29 76 7 2
29 77 8 3
29 79 10 6
29 81 8 1
29 84 5 1
29 85 3 1
29 86 6 8
29 87 6 2
29 88 3 10
29 89 5 6
29 90 7 3
29 91 10 9
29 93 2 5
29 94 7 6
29 95 5 10
29 96 10 5
29 97 3 5
30 33 3 4
30 35 10 10
30 36 2 8
30 37 9 7
30 39 2 7
30 40 9 5
30 41 5 9
30 42 6 5
30 43 9 6
30 44 3 2
30 45 3 7
30 46 8 10
30 47 7 7
30 48 10 7
30 49 1 10
30 50 2 5
30 51 9 7
30 52 5 2
30 53 10 9
30 54 5 3
30 56 9 7
30 57 7 9
30 61 3 7
30 62 9 6
30 63 7 10
30 64 5 3
30 65 2 9
30 67 6 1
30 68 8 9
30 69 9 9
30 71 5 8
30 72 7 4
30 73 7 5
30 74 8 6
30 75 9 10
30 77 8 3
30 78 10 7
30 79 8 1
30 80 6 4
30 81 2 1
30 82 10 2
30 83 10 10
30 84 7 10
30 85 4 9
30 86 2 8
30 87 4 2
30 88 10 6
30 90 1 1
30 93 2 4
30 94 1 4
30 96 1 1
30 97 2 10
30 98 9 8
30 99 8 4
30 100 3 10
31 32 1 8
31 33 4 2
31 34 4 2
31 35 7 9
31 36 4 7
31 37 10 6
31 38 8 1
31 41 6 1
31 42 6 3
31 45 3 9
31 46 9 1
31 48 9 3
31 50 6 7
31 51 5 10
31 53 2 5
31 54 5 10
31 55 3 2
31 56 1 5
31 57 8 1
31 58 4 5
31 59 1 10
31 60 3 3
31 61 10 4
31 62 4 2
31 63 1 5
31 64 4 6
31 65 10 9
31 66 9 4
31 67 7 5
31 68 1 5
31 69 4 10
31 70 1 3
31 72 9 8
31 74 5 3
31 75 3 1
31 76 1 7
31 77 6 3
31 80 10 5
31 81 1 3
31 82 1 3
31 84 9 1
31 86 10 6
31 87 5 2
31 90 5 5
31 91 2 10
31 92 9 6
31 93 6 5
31 94 2 1
31 95 2 8
31 97 7 7
31 98 6 5
31 99 7 8
31 100 6 5
32 33 3 6
32 35 6 2
32 36 2 10
32 37 2 3
32 38 7 10
32 39 10 4
32 40 7 7
32 41 4 5
32 42 7 2
32 44 2 2
32 46 6 2
32 47 1 2
32 48 5 3
32 49 4 9
32 51 2 3
32 52 8 7
32 53 9 6
32 54 4 8
32 55 8 6
32 56 6 2
32 57 5 7
32 58 8 8
32 59 10 8
32 60 8 6
32 61 1 4
32 62 8 10
32 63 8 1
32 64 6 8
32 65 7 9
32 66 8 5
32 67 5 2
32 68 4 10
32 70 8 9
32 71 7 4
32 72 5 8
32 73 2 7
32 74 9 3
32 75 9 7
32 76 9 9
32 78 2 8
32 79 3 10
32 81 1 5
32 82 6 5
32 84 3 8
32 85 10 1
32 86 1 1
32 87 9 10
32 88 1 10
32 89 3 4
32 90 6 4
32 92 4 10
32 93 4 6
32 95 3 4
32 98 6 5
32 99 6 1
32 100 5 4
33 34 4 1
33 36 10 2
33 38 4 9
33 39 10 4
33 40 9 8
33 41 5 2
33 42 7 7
33 43 6 8
33 44 9 1
33 45 9 8
33 46 8 6
33 47 8 10
33 48 3 1
33 50 5 7
33 51 8 7
33 53 3 10
33 54 4 3
33 55 6 6
33 56 10 5
33 58 6 10
33 60 10 6
33 61 5 3
33 63 8 10
33 65 9 6
33 67 1 8
33 68 5 5
33 70 2 1
33 72 2 10
33 73 10 10
33 74 9 1
33 75 4 10
33 76 5 2
33 77 5 6
33 78 4 1
33 79 6 7
33 80 10 3
33 81 5 7
33 82 1 3
33 83 5 4
33 84 3 3
33 85 5 9
33 86 6 3
33 87 2 6
33 88 10 2
33 90 2 10
33 91 1 3
33 92 4 6
33 94 4 10
33 95 4 2
33 96 10 3
33 99 2 6
33 100 9 1
34 35 3 8
34 37 2 3
34 39 6 1
34 40 9 4
34 41 8 5
34 42 10 4
34 45 6 10
34 46 7 2
34 47 4 5
34 48 7 8
34 50 2 8
34 51 9 1
34 52 9 6
34 53 4 6
34 54 3 4
34 55 7 6
34 57 4 10
34 58 2 7
34 59 2 2
34 60 7 7
34 62 2 7
34 63 1 7
34 64 8 7
34 65 9 10
34 66 10 9
34 67 1 5
34 68 10 4
34 69 6 2
34 70 8 9
34 71 5 8
34 72 5 2
34 73 4 2
34 74 7 4
34 75 7 10
34 76 10 9
34 77 9 4
34 78 1 4
34 82 3 10
34 83 2 8
34 84 4 4
34 85 8 4
34 86 10 9
34 87 4 2
34 88 5 5
34 89 1 3
34 90 7 7
34 93 9 7
34 94 2 10
34 97 2 7
34 98 7 3
34 100 1 8
35 36 1 4
35 38 3 10
35 39 6 1
35 40 1 5
35 41 4 7
35 42 5 7
35 43 6 7
35 46 4 5
35 47 7 4
35 50 2 7
35 51 10 8
35 52 6 7
35 53 3 3
35 54 5 7
35 55 2 9
35 58 5 5
35 59 7 9
35 60 4 10
35 61 2 10
35 62 4 6
35 63 1 2
35 64 6 9
35 65 1 4
35 66 5 5
35 67 3 8
35 69 1 7
35 70 3 9
35 72 9 4
35 73 8 6
35 74 2 7
35 75 3 3
35 78 10 6
35 79 10 3
35 80 10 6
35 81 6 6
35 82 1 10
35 83 9 3
35 84 3 1
35 85 3 1
35 87 2 3
35 88 5 2
35 89 2 10
35 90 9 3
35 91 1 1
35 93 1 4
35 94 2 4
35 95 8 5
35 96 2 8
35 97 3 4
35 98 7 1
35 99 1 6
35 100 5 10
36 37 2 9
36 38 10 10
36 41 7 2
36 42 1 6
36 43 3 1
36 47 10 7
36 48 1 1
36 49 5 1
36 50 5 7
36 52 4 10
36 53 10 5
36 54 8 3
36 57 1 6
36 58 7 9
36 59 5 9
36 62 3 9
36 63 1 4
36 65 9 3
36 66 9 8
36 68 7 4
36 70 6 1
36 72 4 9
36 73 1 1
36 74 3 8
36 75 4 9
36 76 3 5
36 77 1 4
36 79 4 5
36 80 9 10
36 81 5 6
36 83 7 3
36 84 2 3
36 85 7 6
36 86 10 4
36 87 5 1
36 89 5 5
36 90 2 9
36 91 3 2
36 93 1 3
36 94 9 5
36 95 4 8
36 96 1 6
36 97 1 5
36 98 10 5
36 99 7 7
36 100 3 6
37 38 3 10
37 39 7 4
37 40 8 5
37 41 10 1
37 42 1 4
37 43 3 6
37 44 4 4
37 45 3 4
37 47 3 10
37 49 1 5
37 51 1 3
37 52 4 4
37 54 7 7
37 58 3 4
37 59 4 10
37 60 5 3
37 61 2 5
37 62 1 2
37 63 8 6
37 65 1 1
37 66 1 1
37 67 1 8
37 68 9 4
37 69 9 6
37 70 4 1
37 71 10 2
37 72 8 1
37 73 6 1
37 75 8 5
37 76 8 10
37 77 1 3
37 78 7 3
37 79 1 7
37 80 4 6
37 82 5 4
37 83 4 4
37 84 2 8
37 85 1 1
37 86 10 3
37 88 3 3
37 90 10 9
37 92 3 7
37 93 5 7
37 94 8 5
37 95 2 1
37 97 3 2
37 98 2 2
37 99 10 2
37 100 2 9
38 39 1 7
38 40 9 8
38 41 5 8
38 42 9 8
38 43 10 8
38 44 7 4
38 46 10 10
38 47 8 4
38 48 10 2
38 49 8 10
38 50 10 6
38 51 9 6
38 52 2 5
38 53 6 2
38 54 3 4
38 55 7 9
38 59 7 4
38 61 7 8
38 62 6 4
38 64 2 5
38 66 2 10
38 67 3 5
38 68 4 10
38 69 7 1
38 70 9 1
38 72 8 4
38 73 5 10
38 75 3 3
38 76 7 5
38 77 6 9
38 79 5 3
38 80 4 2
38 81 10 1
38 82 10 6
38 83 9 5
38 85 5 5
38 86 7 6
38 87 6 7
38 89 1 1
38 90 7 3
38 91 5 4
38 92 6 5
38 93 3 6
38 94 4 9
38 96 4 5
38 97 6 5
38 98 7 7
38 100 8 5
39 40 10 10
39 41 4 2
39 42 9 8
39 43 10 1
39 44 10 4
39 45 6 4
39 46 3 7
39 47 6 1
39 49 3 3
39 50 6 8
39 51 6 6
39 52 2 1
39 53 5 10
39 56 2 4
39 57 7 7
39 58 3 7
39 60 5 5
39 61 1 3
39 62 1 7
39 63 7 5
39 64 8 7
39 66 1 10
39 67 1 1
39 68 6 1
39 69 2 2
39 71 10 9
39 72 7 9
39 73 1 2
39 74 4 4
39 75 10 5
39 76 4 4
39 78 4 10
39 79 10 4
39 80 4 4
39 81 5 5
39 82 4 6
39 83 10 7
39 86 10 1
39 87 2 10
39 88 2 4
39 89 10 5
39 90 4 6
39 91 6 4
39 92 7 9
39 93 6 9
39 95 6 4
39 96 2 4
39 97 2 10
39 98 2 7
39 99 1 4
39 100 9 6
40 41 3 1
40 42 4 2
40 43 6 9
40 46 2 5
40 47 1 8
40 48 4 5
40 49 5 1
40 50 8 8
40 51 5 3
40 52 2 8
40 53 3 8
40 54 10 1
40 55 8 3
40 56 9 7
40 57 8 1
40 58 10 2
40 59 10 9
40 60 6 3
40 61 9 7
40 62 5 10
40 63 5 4
40 64 5 4
40 65 10 9
40 66 2 3
40 67 2 6
40 68 9 1
40 69 10 4
40 71 9 9
40 73 5 8
40 74 6 9
40 75 10 9
40 77 1 5
40 80 1 7
40 81 1 4
40 82 9 8
40 83 8 3
40 84 9 7
40 86 7 6
40 87 10 4
40 89 8 2
40 90 8 9
40 91 10 2
40 92 6 8
40 93 2 4
40 96 6 8
40 97 4 5
40 98 7 9
40 100 3 10
41 43 4 10
41 44 3 2
41 45 4 8
41 46 1 4
41 47 1 3
41 48 2 10
41 49 5 5
41 50 10 1
41 51 10 3
41 53 7 2
41 54 9 9
41 56 6 5
41 57 6 9
41 58 4 4
41 59 10 6
41 61 6 1
41 62 5 1
41 63 5 4
41 64 2 9
41 66 3 2
41 67 9 5
41 68 1 7
41 69 2 10
41 70 3 8
41 71 7 3
41 72 2 4
41 73 9 7
41 74 9 10
41 77 8 10
41 78 3 5
41 79 2 6
41 81 8 9
41 82 10 8
41 84 4 5
41 85 9 1
41 86 8 8
41 87 5 9
41 88 3 7
41 90 5 2
41 91 6 5
41 93 8 6
41 94 3 10
41 95 7 3
41 96 2 9
41 97 3 5
41 99 2 1
41 100 7 3
42 44 7 3
42 45 4 4
42 46 10 2
42 47 6 1
42 49 8 3
42 51 5 6
42 52 6 10
42 53 4 3
42 54 9 6
42 55 10 4
42 57 6 3
42 58 3 3
42 59 4 3
42 60 4 3
42 61 1 10
42 62 3 10
42 63 4 2
42 64 4 7
42 65 5 10
42 66 7 1
42 67 6 2
42 68 1 10
42 69 7 2
42 70 7 3
42 71 3 1
42 72 5 2
42 74 3 8
42 75 7 8
42 78 9 1
42 79 4 1
42 80 3 2
42 81 7 3
42 82 1 10
42 84 1 6
42 86 10 7
42 87 9 2
42 89 1 2
42 91 1 6
42 92 6 4
42 93 6 5
42 94 3 5
42 95 1 3
42 96 7 1
42 97 5 7
42 99 8 5
42 100 1 2
43 44 10 6
43 45 8 7
43 46 2 6
43 47 3 8
43 49 6 7
43 51 5 10
43 53 4 6
43 54 10 8
43 56 4 7
43 57 8 7
43 58 10 9
43 60 10 10
43 61 8 1
43 62 9 9
43 63 6 7
43 64 1 3
43 65 4 8
43 66 5 5
43 67 10 3
43 68 6 1
43 69 9 6
43 70 1 2
43 71 4 7
43 72 5 4
43 73 10 9
43 74 5 2
43 75 10 9
43 76 9 4
43 77 8 9
43 78 9 6
43 80 6 7
43 81 4 4
43 82 3 1
43 84 3 4
43 86 10 5
43 87 6 2
43 88 3 10
43 89 7 7
43 90 5 4
43 92 8 2
43 93 7 9
43 94 9 2
43 95 6 5
43 96 3 3
43 97 2 4
43 98 2 8
43 100 9 9
44 46 7 10
44 49 6 9
44 50 8 10
44 51 3 4
44 52 8 7
44 53 4 3
44 55 4 5
44 56 5 1
44 57 8 6
44 58 8 8
44 59 9 1
44 60 4 5
44 61 7 7
44 62 3 3
44 63 8 1
44 64 10 6
44 66 5 7
44 67 2 2
44 68 1 2
44 69 2 10
44 72 1 6
44 73 1 1
44 74 7 7
44 76 8 8
44 77 2 6
44 78 7 5
44 79 9 5
44 80 6 10
44 81 10 8
44 84 2 9
44 86 2 8
44 88 4 2
44 89 10 6
44 90 5 10
44 91 5 5
44 92 4 7
44 93 1 5
44 94 5 2
44 95 8 7
44 97 8 6
44 98 1 8
44 99 9 3
44 100 8 3
45 48 8 7
45 49 4 4
45 51 6 6
45 52 6 7
45 53 5 2
45 54 8 8
45 55 3 6
45 56 5 6
45 58 1 8
45 59 10 2
45 61 1 1
45 62 10 7
45 63 7 3
45 64 7 4
45 65 2 8
45 66 7 4
45 68 2 1
45 69 6 9
45 70 6 8
45 71 7 6
45 72 10 2
45 73 6 4
45 74 6 2
45 75 1 4
45 76 4 10
45 77 7 7
45 78 1 4
45 80 1 6
45 81 3 6
45 82 5 6
45 83 9 10
45 84 5 8
45 85 5 2
45 86 7 7
45 88 10 9
45 89 10 2
45 90 9 2
45 91 2 4
45 92 8 10
45 95 3 4
45 98 4 1
45 99 5 3
45 100 3 4
46 48 1 10
46 50 5 1
46 51 5 9
46 52 7 8
46 53 9 2
46 54 1 5
46 55 3 5
46 56 3 6
46 57 4 6
46 58 6 5
46 59 2 10
46 60 7 3
46 61 4 6
46 62 6 10
46 63 4 4
46 65 1 2
46 66 4 2
46 68 6 10
46 69 5 1
46 70 5 10
46 71 2 9
46 72 6 1
46 73 10 2
46 74 10 9
46 76 8 2
46 77 5 2
46 78 8 3
46 79 10 8
46 80 7 7
46 81 9 10
46 82 4 1
46 83 6 3
46 85 7 7
46 86 9 2
46 88 6 8
46 89 8 7
46 90 5 3
46 91 7 9
46 92 9 3
46 93 1 9
46 94 4 10
46 96 10 4
46 97 5 4
46 98 10 4
46 99 3 6
46 100 5 1
47 48 3 4
47 49 5 4
47 50 2 3
47 51 4 8
47 52 5 3
47 53 2 9
47 54 6 2
47 55 10 4
47 56 5 10
47 57 2 1
47 58 9 4
47 59 3 10
47 61 6 2
47 62 3 1
47 63 1 7
47 64 8 7
47 65 1 7
47 66 8 9
47 67 10 9
47 69 2 3
47 70 9 2
47 72 5 7
47 73 10 1
47 74 6 4
47 75 4 8
47 76 5 8
47 77 7 9
47 78 2 9
47 79 7 8
47 80 6 3
47 81 10 2
47 82 4 3
47 83 2 3
47 84 5 1
47 85 5 8
47 86 6 10
47 87 1 4
47 88 2 4
47 89 9 5
47 90 6 9
47 92 3 7
47 93 6 5
47 94 5 1
47 95 2 1
47 96 4 8
47 99 6 2
47 100 6 5
48 49 2 10
48 50 4 3
48 52 9 9
48 53 5 3
48 54 2 10
48 55 10 1
48 56 3 3
48 57 3 3
48 58 10 5
48 60 10 1
48 61 5 1
48 62 1 1
48 63 4 9
48 65 3 10
48 68 8 1
48 69 7 2
48 70 2 5
48 73 3 6
48 75 7 6
48 76 2 2
48 77 10 4
48 78 2 10
48 79 9 6
48 80 6 6
48 82 10 7
48 83 4 4
48 84 3 1
48 85 8 3
48 86 1 1
48 87 8 7
48 88 1 10
48 89 7 4
48 90 6 10
48 91 3 7
48 92 4 4
48 93 3 8
48 94 5 9
48 95 1 9
48 97 7 5
48 99 5 8
48 100 6 4
49 51 4 6
49 52 1 3
49 55 6 5
49 56 1 4
49 57 6 6
49 58 4 10
49 59 10 6
49 60 7 9
49 61 5 1
49 62 5 8
49 63 7 5
49 64 10 3
49 66 5 2
49 67 9 1
49 68 6 3
49 69 2 1
49 70 4 5
49 71 1 1
49 72 2 8
49 73 9 6
49 74 2 7
49 75 7 7
49 77 5 10
49 78 4 5
49 79 3 2
49 80 4 2
49 81 10 9
49 82 6 4
49 83 10 6
49 84 8 7
49 85 8 4
49 86 4 6
49 88 8 10
49 89 2 3
49 90 1 7
49 92 10 8
49 93 9 8
49 96 1 10
49 99 3 2
49 100 7 5
50 51 7 4
50 52 5 5
50 53 7 6
50 54 5 2
50 56 7 1
50 59 6 4
50 60 9 2
50 61 10 10
50 63 9 1
50 64 7 10
50 65 3 5
50 66 3 3
50 68 4 8
50 71 9 5
50 72 10 1
50 73 5 7
50 74 4 4
50 76 7 3
50 77 3 3
50 78 3 3
50 80 1 5
50 81 6 3
50 82 4 1
50 83 1 10
50 85 1 3
50 86 5 1
50 87 10 3
50 90 10 5
50 92 4 9
50 94 5 5
50 95 10 1
50 96 9 7
50 97 7 8
50 98 3 3
50 99 8 2
50 100 2 4
51 52 3 10
51 54 3 5
51 55 6 2
51 56 6 2
51 58 5 6
51 59 5 4
51 60 1 1
51 62 6 3
51 63 8 6
51 65 9 2
51 66 10 8
51 67 7 8
51 69 9 9
51 70 10 7
51 71 6 1
51 73 10 4
51 74 2 4
51 75 1 4
51 76 6 6
51 77 9 2
51 79 9 8
51 80 9 1
51 82 9 4
51 83 8 3
51 84 10 7
51 85 10 1
51 86 9 10
51 88 7 1
51 89 2 8
51 90 8 3
51 91 3 9
51 92 10 6
51 93 2 3
51 94 5 5
51 95 4 5
51 96 3 5
51 97 7 10
51 98 8 6
51 99 3 7
51 100 6 3
52 53 5 7
52 54 1 7
52 55 4 4
52 56 8 6
52 58 3 7
52 59 9 8
52 60 7 2
52 62 1 8
52 63 4 7
52 68 9 3
52 69 8 9
52 70 8 10
52 71 7 9
52 72 8 9
52 73 8 1
52 74 9 8
52 75 6 6
52 76 7 10
52 77 9 5
52 78 3 5
52 79 2 5
52 80 10 6
52 81 6 2
52 82 8 3
52 83 9 1
52 84 8 2
52 86 8 2
52 87 9 1
52 89 7 10
52 90 6 6
52 91 7 10
52 92 5 5
52 93 1 3
52 94 5 1
52 95 2 9
52 96 3 6
52 98 3 8
52 99 3 6
53 54 9 8
53 56 4 10
53 57 3 8
53 60 2 1
53 63 5 8
53 64 5 3
53 65 9 3
53 66 6 5
53 68 5 5
53 70 6 5
53 71 7 3
53 73 10 6
53 74 10 1
53 76 6 7
53 78 3 5
53 79 2 2
53 80 4 7
53 84 4 7
53 86 1 3
53 87 7 7
53 89 10 5
53 90 8 6
53 92 8 6
53 94 3 4
53 95 5 9
53 96 9 7
53 97 4 3
53 98 2 2
53 99 2 1
53 100 7 9
54 56 3 1
54 58 2 3
54 59 10 3
54 61 4 1
54 62 6 8
54 63 3 9
54 65 9 7
54 66 4 8
54 67 5 5
54 68 10 6
54 70 1 9
54 71 3 9
54 72 5 5
54 74 6 10
54 75 3 4
54 76 4 3
54 79 7 5
54 81 4 5
54 82 2 1
54 83 6 7
54 84 4 8
54 85 7 1
54 86 8 1
54 88 2 6
54 89 2 3
54 91 5 8
54 92 5 9
54 93 5 6
54 94 5 8
54 95 6 4
54 96 5 4
54 97 9 3
54 98 4 1
54 99 3 7
54 100 2 5
55 56 7 1
55 57 5 10
55 58 2 2
55 59 4 8
55 60 5 6
55 61 8 1
55 62 3 7
55 63 7 1
55 64 7 2
55 65 2 2
55 66 9 3
55 67 1 10
55 68 9 3
55 69 9 5
55 70 4 1
55 72 3 9
55 74 2 10
55 75 3 3
55 76 4 9
55 79 10 3
55 80 6 5
55 81 8 2
55 82 9 2
55 83 10 6
55 84 10 7
55 86 10 1
55 87 9 8
55 88 8 3
55 89 1 6
55 91 6 10
55 94 5 10
55 95 7 8
55 96 4 7
55 97 3 5
55 100 3 2
56 57 3 7
56 60 9 9
56 62 4 8
56 63 1 8
56 64 4 10
56 65 1 9
56 66 10 7
56 67 1 5
56 68 6 4
56 70 4 9
56 71 1 8
56 73 2 3
56 74 1 1
56 75 4 6
56 76 5 1
56 77 3 7
56 78 2 3
56 79 4 2
56 80 10 10
56 81 7 7
56 82 7 5
56 83 9 7
56 84 10 2
56 85 5 3
56 87 5 6
56 88 9 1
56 89 7 9
56 90 2 3
56 91 10 1
56 92 3 1
56 93 5 4
56 94 7 5
56 95 1 1
56 96 4 2
56 98 6 6
56 99 1 5
56 100 7 6
57 59 7 9
57 60 2 2
57 61 9 10
57 62 10 2
57 63 7 7
57 64 6 9
57 65 9 6
57 66 9 5
57 68 10 2
57 69 7 4
57 70 8 8
57 71 6 10
57 73 10 3
57 74 3 3
57 76 8 2
57 77 1 7
57 78 7 2
57 79 7 1
57 80 9 6
57 82 9 5
57 83 8 6
57 84 1 6
57 86 7 5
57 87 9 9
57 88 3 8
57 89 6 8
57 90 5 9
57 92 5 4
57 94 9 4
57 95 8 8
57 96 3 9
57 97 9 8
57 98 9 10
57 99 5 6
57 100 2 7
58 59 3 4
58 61 7 7
58 62 2 7
58 63 7 3
58 64 2 4
58 65 8 6
58 67 4 10
58 68 5 1
58 69 9 8
58 70 5 4
58 71 8 4
58 72 8 5
58 73 3 7
58 74 2 4
58 75 4 7
58 76 1 7
58 77 6 1
58 78 8 2
58 80 7 10
58 82 1 3
58 83 4 5
58 84 2 7
58 85 8 10
58 87 6 8
58 88 2 5
58 89 6 6
58 91 9 9
58 92 1 5
58 93 4 7
58 94 10 2
58 95 4 2
58 96 7 4
58 97 9 8
58 99 8 5
58 100 4 10
59 60 7 8
59 61 10 1
59 62 3 7
59 63 6 9
59 64 10 1
59 65 9 5
59 66 8 9
59 67 7 9
59 68 7 2
59 69 3 4
59 72 8 6
59 73 7 10
59 75 9 7
59 76 1 6
59 77 7 5
59 78 5 3
59 79 9 2
59 80 5 10
59 82 2 1
59 83 8 10
59 84 10 6
59 85 2 10
59 86 9 1
59 89 10 5
59 90 9 10
59 91 9 2
59 92 8 4
59 93 8 7
59 94 8 8
59 95 1 6
59 96 5 9
59 97 6 5
59 99 7 4
60 61 5 8
60 62 9 1
60 65 4 3
60 66 8 6
60 67 5 3
60 68 9 9
60 69 6 7
60 70 2 4
60 71 4 6
60 73 2 6
60 74 10 2
60 75 10 1
60 76 8 9
60 77 3 9
60 78 8 2
60 79 9 4
60 80 2 6
60 82 6 6
60 83 9 2
60 84 7 9
60 85 6 7
60 87 6 10
60 88 8 2
60 90 10 6
60 91 3 4
60 92 4 3
60 93 7 2
60 94 4 1
60 96 2 1
60 97 6 9
60 98 4 1
60 100 2 8
61 62 10 4
61 63 3 1
61 64 4 8
61 65 6 3
61 66 2 1
61 68 1 3
61 70 2 3
61 71 7 7
61 72 10 6
61 73 3 3
61 74 1 2
61 75 2 8
61 76 6 10
61 77 4 9
61 78 8 1
61 79 4 3
61 80 7 1
61 81 6 5
61 82 4 2
61 83 8 3
61 84 9 4
61 85 10 9
61 86 2 7
61 87 9 5
61 88 10 10
61 89 6 5
61 90 6 5
61 91 1 6
61 92 5 10
61 93 1 4
61 94 7 4
61 95 2 9
61 96 6 8
61 97 7 3
61 99 6 6
62 63 3 7
62 64 1 2
62 65 3 3
62 66 8 10
62 67 2 10
62 68 3 4
62 69 7 1
62 70 6 9
62 71 10 1
62 72 8 3
62 74 7 1
62 76 6 8
62 77 2 3
62 78 9 4
62 79 4 3
62 80 10 3
62 81 4 2
62 82 9 4
62 83 1 1
62 84 5 8
62 85 4 4
62 86 5 8
62 87 8 9
62 89 4 8
62 90 7 10
62 92 3 2
62 93 6 2
62 94 2 6
62 95 10 5
62 96 9 5
62 97 1 6
62 98 1 4
62 99 6 4
62 100 7 4
63 65 2 7
63 66 1 2
63 67 2 2
63 68 2 2
63 69 9 9
63 72 2 1
63 73 9 7
63 74 3 5
63 75 4 2
63 76 9 4
63 77 2 3
63 80 2 5
63 82 6 10
63 83 6 7
63 84 5 9
63 85 7 7
63 86 9 1
63 88 3 5
63 93 5 8
63 94 1 1
63 95 4 6
63 96 2 6
63 97 8 1
63 98 8 7
63 99 5 1
64 65 1 10
64 66 4 9
64 68 9 6
64 69 10 4
64 70 2 5
64 71 10 2
64 72 8 2
64 73 1 8
64 75 8 10
64 77 4 3
64 78 9 7
64 79 3 4
64 80 5 8
64 82 6 8
64 83 8 6
64 85 9 8
64 86 3 4
64 87 7 9
64 88 9 10
64 89 1 9
64 90 10 9
64 91 10 5
64 92 9 8
64 93 8 4
64 94 8 8
64 95 9 2
64 96 3 10
64 97 7 10
64 98 10 3
64 99 9 9
64 100 4 3
65 66 5 5
65 67 4 8
65 68 7 4
65 69 1 7
65 71 4 1
65 72 10 7
65 73 5 7
65 74 7 8
65 76 8 6
65 79 7 2
65 80 1 6
65 81 7 5
65 82 5 6
65 83 6 8
65 84 10 8
65 86 5 5
65 87 4 6
65 88 5 1
65 89 5 1
65 90 5 10
65 91 3 4
65 93 7 9
65 94 4 8
65 95 7 4
65 96 7 8
65 97 6 6
65 98 10 8
65 99 7 2
65 100 9 2
66 67 9 9
66 70 7 10
66 71 4 6
66 72 5 2
66 73 8 1
66 74 4 9
66 75 10 8
66 76 1 2
66 77 7 6
66 78 5 2
66 80 10 4
66 81 2 2
66 82 3 6
66 85 7 9
66 87 8 2
66 90 8 2
66 92 8 9
66 93 7 3
66 95 10 7
66 96 10 6
66 97 6 7
66 98 2 5
66 99 2 9
66 100 5 5
67 68 2 7
67 69 4 1
67 71 5 8
67 72 7 5
67 73 8 6
67 75 10 4
67 76 7 10
67 77 6 3
67 78 5 3
67 79 9 7
67 80 3 6
67 82 10 8
67 83 3 1
67 84 4 4
67 85 6 6
67 87 4 7
67 89 6 4
67 90 4 2
67 91 1 4
67 92 3 3
67 93 3 7
67 94 9 1
67 95 2 3
67 97 10 7
67 98 2 4
67 99 3 3
67 100 8 6
68 69 1 5
68 70 9 6
68 71 8 6
68 72 7 5
68 73 9 9
68 74 4 10
68 75 6 1
68 76 5 1
68 77 3 2
68 78 4 8
68 79 4 5
68 81 5 9
68 82 9 6
68 83 7 8
68 84 5 3
68 85 5 6
68 86 1 2
68 88 7 10
68 89 2 8
68 90 10 9
68 91 4 8
68 93 8 1
68 94 4 6
68 95 2 5
68 96 10 2
68 97 6 9
68 99 8 7
69 70 2 9
69 71 1 5
69 72 3 7
69 73 6 3
69 74 8 5
69 76 9 10
69 77 5 4
69 78 3 8
69 79 10 3
69 81 10 6
69 82 3 10
69 83 2 3
69 85 5 6
69 88 9 8
69 89 3 8
69 90 2 8
69 91 6 3
69 93 3 7
69 94 5 9
69 95 8 10
69 96 3 3
69 97 9 2
69 98 6 7
69 99 3 6
69 100 6 5
70 71 2 10
70 73 1 3
70 74 4 8
70 75 5 8
70 77 6 4
70 78 8 10
70 79 9 5
70 80 2 5
70 81 6 5
70 82 9 5
70 83 4 10
70 85 9 1
70 86 5 9
70 88 9 5
70 89 9 6
70 90 10 8
70 91 8 2
70 92 4 6
70 93 8 7
70 94 4 5
70 95 6 8
70 96 4 8
70 97 9 9
70 98 3 1
70 99 6 8
70 100 9 8
71 73 8 5
71 74 1 6
71 75 2 1
71 77 3 8
71 78 2 8
71 79 5 4
71 82 7 10
71 83 1 3
71 85 6 6
71 86 5 2
71 88 1 5
71 89 7 8
71 90 9 3
71 91 7 5
71 93 9 5
71 94 5 9
71 95 1 1
71 96 6 10
71 97 3 1
71 98 1 9
71 99 1 5
71 100 6 7
72 73 8 3
72 74 8 7
72 77 7 2
72 78 5 8
72 79 6 2
72 80 1 2
72 81 5 1
72 82 1 8
72 84 4 2
72 85 9 3
72 86 9 9
72 87 4 6
72 88 1 8
72 89 1 2
72 90 10 5
72 91 10 4
72 92 7 6
72 93 4 8
72 94 10 2
72 95 2 5
72 96 10 2
72 97 3 4
72 98 10 7
72 99 5 6
73 75 5 8
73 76 8 7
73 77 8 7
73 79 5 6
73 80 2 5
73 81 1 8
73 82 7 2
73 84 7 10
73 85 6 6
73 86 10 4
73 87 6 10
73 88 10 1
73 89 1 7
73 90 8 10
73 91 1 2
73 92 4 4
73 93 9 4
73 94 3 8
73 95 1 6
73 96 5 6
73 97 9 10
73 98 4 5
73 99 10 7
73 100 7 2
74 75 1 6
74 76 9 6
74 78 3 9
74 79 6 5
74 80 7 9
74 81 7 6
74 82 7 7
74 83 2 1
74 84 4 3
74 85 3 3
74 87 1 4
74 88 7 10
74 89 8 1
74 90 9 5
74 91 8 7
74 92 9 9
74 93 8 3
74 95 9 5
74 96 3 10
74 97 7 3
74 98 6 6
74 99 9 3
75 77 2 8
75 78 10 6
75 80 2 4
75 83 10 1
75 84 3 6
75 86 9 4
75 87 5 4
75 88 7 6
75 90 8 10
75 91 5 4
75 92 1 8
75 93 9 7
75 94 4 6
75 95 4 10
75 96 4 9
75 97 1 1
75 98 5 7
75 99 6 9
75 100 3 4
76 77 9 4
76 78 3 1
76 79 1 1
76 80 1 2
76 82 1 6
76 83 6 5
76 84 2 6
76 85 1 5
76 87 2 9
76 88 10 7
76 91 8 3
76 92 9 6
76 93 1 8
76 94 7 4
76 95 8 1
76 96 6 4
76 97 9 3
76 98 9 3
76 99 7 3
76 100 3 3
77 78 6 7
77 79 8 1
77 80 7 9
77 81 3 7
77 83 8 3
77 84 5 3
77 85 1 5
77 86 6 10
77 88 9 5
77 89 3 4
77 90 7 8
77 91 3 5
77 92 3 6
77 93 4 9
77 95 9 2
77 96 10 6
77 97 3 10
77 98 1 8
77 99 10 10
78 80 9 2
78 81 4 9
78 82 9 6
78 83 5 4
78 84 1 4
78 85 2 10
78 86 9 5
78 87 5 2
78 88 3 10
78 89 2 3
78 90 2 3
78 91 6 10
78 92 2 7
78 93 5 2
78 94 1 6
78 95 10 7
78 97 1 6
78 98 10 1
78 99 10 8
78 100 6 4
79 84 8 5
79 86 10 1
79 87 1 7
79 89 3 7
79 90 8 4
79 91 7 4
79 92 4 9
79 93 4 4
79 94 8 8
79 96 1 7
79 98 4 2
79 100 6 3
80 81 3 6
80 82 7 7
80 84 8 2
80 86 10 10
80 87 10 4
80 89 1 8
80 90 7 3
80 91 8 8
80 93 7 6
80 94 2 5
80 96 3 3
80 97 3 1
80 100 4 8
81 82 7 4
81 83 8 3
81 84 1 1
81 85 2 10
81 86 9 9
81 87 2 3
81 88 10 4
81 90 7 5
81 91 5 6
81 93 6 1
81 94 5 2
81 95 8 4
81 96 6 6
81 97 7 1
81 98 4 1
81 99 10 10
81 100 9 8
82 84 1 10
82 85 9 1
82 86 10 7
82 87 5 6
82 88 6 6
82 89 6 8
82 91 8 1
82 92 7 10
82 93 8 4
82 94 5 9
82 96 2 10
82 97 4 5
82 98 3 8
83 84 6 8
83 85 9 5
83 86 9 7
83 88 7 7
83 90 7 10
83 91 7 10
83 92 7 9
83 93 5 7
83 94 4 3
83 95 10 10
83 96 8 8
83 97 6 8
83 98 9 7
83 99 2 2
83 100 7 4
84 86 6 4
84 87 3 2
84 88 9 9
84 89 10 5
84 90 4 9
84 91 10 9
84 92 7 7
84 93 10 1
84 94 4 8
84 95 2 8
84 96 5 1
84 98 1 1
84 100 7 4
85 86 6 1
85 87 1 2
85 88 8 7
85 89 10 7
85 91 4 8
85 92 10 10
85 93 1 9
85 94 5 5
85 96 5 2
85 97 10 3
85 98 8 7
85 99 9 10
86 88 9 6
86 90 2 1
86 91 9 10
86 93 1 3
86 94 2 5
86 95 1 6
86 97 7 8
86 98 7 10
86 99 1 9
86 100 1 2
87 88 1 7
87 90 10 9
87 92 4 7
87 93 4 10
87 94 7 7
87 95 2 10
87 96 2 8
87 98 4 2
87 100 8 1
88 89 5 10
88 90 1 10
88 91 5 8
88 93 9 3
88 96 3 6
88 98 5 3
88 99 6 7
88 100 7 4
89 90 4 3
89 91 5 3
89 92 1 10
89 93 7 5
89 94 3 5
89 96 3 3
89 97 5 2
89 100 3 6
90 91 3 8
90 92 1 10
90 93 8 9
90 94 8 7
90 96 8 6
90 97 4 6
90 99 7 7
90 100 4 1
91 93 4 10
91 94 8 6
91 95 9 7
91 96 8 10
91 97 8 6
91 98 2 7
91 100 9 1
92 93 6 7
92 94 10 3
92 95 2 4
92 96 9 6
92 97 2 7
92 99 2 3
92 100 8 6
93 95 8 10
93 97 3 3
93 100 5 2
94 95 7 7
94 96 5 5
94 97 10 9
94 99 5 9
94 100 9 8
95 96 7 3
95 97 4 4
95 98 6 7
95 99 1 9
95 100 8 3
96 97 10 9
96 99 9 4
96 100 1 3
97 98 1 2
97 100 4 4
98 99 5 1
98 100 6 6
99 100 8 2
1
1 2 3 4 5 6 7 8 9 10 11 12 13 14 15 16 17 18 19 20 21 22 23 24 25 26 27 28 29 30 31 32 33 34 35 36 37 38 39 40 41 42 43 44 45 46 47 48 49 50
