3935
1 2 1 3
1 3 4 3
1 4 3 8
1 5 9 9
1 7 7 9
1 8 1 3
1 9 1 6
1 10 9 2
1 11 1 3
1 13 10 9
1 14 8 5
1 15 8 6
1 16 7 3
1 17 3 1
1 18 6 6
1 19 4 6
1 21 1 5
1 22 2 7
1 23 9 1
1 24 3 2
1 26 2 2
1 29 10 8
1 30 1 7
1 31 1 5
1 32 6 9
1 33 3 5
1 36 1 3
1 37 6 1
1 38 4 9
1 40 9 5
1 41 6 7
1 42 1 10
1 44 2 8
1 45 5 2
1 46 8 5
1 47 5 10
1 48 4 2
1 49 3 6
1 50 10 1
1 51 9 4
1 52 6 4
1 53 5 3
1 55 4 7
1 56 5 3
1 57 9 2
1 58 8 10
1 59 6 1
1 60 9 10
1 61 4 5
1 62 2 8
1 63 6 2
1 66 4 4
1 67 4 8
1 68 4 5
1 69 10 9
1 70 9 10
1 71 1 2
1 74 8 1
1 75 9 5
1 76 10 4
1 78 5 8
1 79 4 1
1 80 1 7
1 81 1 2
1 82 10 6
1 83 5 5
1 84 6 6
1 85 10 4
1 86 3 7
1 89 8 1
1 90 3 2
1 91 9 10
1 92 5 6
1 93 2 1
1 94 1 4
1 96 10 5
1 98 7 10
1 99 5 4
1 100 6 6
2 3 6 8
2 4 5 9
2 5 1 6
2 6 2 6
2 7 8 1
2 8 7 5
2 9 9 5
2 10 10 6
2 11 8 9
2 12 9 6
2 13 3 5
2 15 1 8
2 16 8 7
2 17 3 10
2 18 10 10
2 19 3 1
2 20 5 6
2 22 4 10
2 24 3 10
2 25 9 4
2 27 5 2
2 28 2 8
2 31 9 4
2 32 8 1
2 33 1 10
2 36 9 6
2 37 1 9
2 38 2 1
2 39 4 4
2 40 2 7
2 41 6 10
2 42 3 6
2 43 5 7
2 46 5 7
2 47 4 3
2 49 10 7
2 50 1 7
2 51 9 7
2 52 6 10
2 53 4 5
2 54 8 8
2 55 1 6
2 56 5 3
2 57 10 2
2 59 2 1
2 60 8 1
2 61 1 2
2 63 1 10
2 64 9 2
2 65 8 5
2 66 4 8
2 67 4 5
2 68 10 8
2 70 1 9
2 71 8 4
2 72 2 10
2 73 8 3
2 74 9 2
2 75 2 10
2 77 1 2
2 78 7 9
2 79 2 9
2 80 5 1
2 81 8 10
2 83 6 2
2 84 2 8
2 85 3 6
2 86 1 10
2 87 3 3
2 88 6 5
2 89 9 1
2 92 6 2
2 93 4 6
2 94 4 3
2 95 4 2
2 96 6 5
2 97 7 5
2 99 4 3
2 100 1 1
3 4 10 4
3 5 1 1
3 6 8 3
3 7 8 10
3 8 6 1
3 9 9 8
3 11 8 4
3 12 3 3
3 13 8 7
3 16 4 8
3 18 2 1
3 19 5 1
3 21 10 5
3 23 10 3
3 24 9 5
3 26 4 4
3 27 9 3
3 29 4 6
3 30 6 5
3 32 4 1
3 33 6 5
3 34 6 10
3 35 3 8
3 36 7 9
3 39 2 3
3 40 10 2
3 42 9 10
3 43 5 3
3 44 1 8
3 45 2 2
3 47 2 3
3 48 1 5
3 49 2 7
3 51 6 9
3 52 9 6
3 54 1 10
3 56 2 5
3 57 5 6
3 59 8 1
3 60 2 5
3 61 7 3
3 62 1 9
3 63 9 1
3 64 8 4
3 65 9 10
3 66 6 5
3 67 3 6
3 68 1 6
3 69 7 7
3 70 1 3
3 71 3 5
3 73 1 4
3 74 9 10
3 75 9 2
3 76 4 8
3 77 8 10
3 78 5 6
3 79 1 4
3 80 2 8
3 82 9 8
3 83 5 1
3 84 2 10
3 86 4 2
3 88 4 3
3 89 8 1
3 90 2 2
3 91 4 6
3 92 3 5
3 93 2 9
3 94 1 6
3 95 10 7
3 96 7 4
3 97 8 6
3 99 6 1
3 100 2 5
4 6 3 1
4 7 5 9
4 8 4 5
4 9 3 3
4 10 3 3
4 12 3 6
4 13 5 4
4 15 3 7
4 16 8 2
4 17 2 7
4 19 10 9
4 20 7 3
4 21 1 9
4 22 7 6
4 23 2 5
4 24 10 2
4 25 2 3
4 27 10 3
4 28 3 9
4 29 7 5
4 30 9 7
4 31 1 5
4 32 8 8
4 33 8 2
4 34 3 5
4 35 10 5
4 36 10 1
4 37 7 10
4 38 4 2
4 39 5 7
4 40 4 9
4 42 6 3
4 43 2 6
4 46 10 5
4 47 4 6
4 48 6 2
4 49 6 9
4 51 9 6
4 52 7 8
4 54 5 3
4 55 1 5
4 56 5 3
4 57 2 2
4 58 5 9
4 59 2 2
4 60 1 7
4 61 10 2
4 64 2 8
4 65 8 7
4 68 4 7
4 69 1 10
4 70 5 8
4 71 8 5
4 72 6 7
4 76 2 5
4 77 1 5
4 78 5 3
4 79 1 8
4 80 7 4
4 81 4 6
4 83 8 7
4 84 8 4
4 85 10 6
4 86 8 9
4 87 3 8
4 88 1 2
4 91 9 2
4 92 10 2
4 93 1 4
4 94 1 2
4 95 9 7
4 96 3 3
4 97 2 5
4 98 2 6
4 99 3 6
5 6 5 9
5 8 1 3
5 9 7 7
5 11 8 3
5 12 5 9
5 15 6 5
5 16 5 6
5 17 10 8
5 18 4 4
5 19 7 4
5 20 6 4
5 22 9 4
5 23 6 5
5 24 6 2
5 25 3 5
5 26 7 10
5 27 4 1
5 28 6 1
5 30 7 6
5 32 9 4
5 34 5 2
5 35 1 2
5 36 10 6
5 37 8 6
5 38 2 7
5 39 5 1
5 40 7 9
5 41 6 10
5 42 4 7
5 43 4 9
5 44 6 10
5 45 7 1
5 46 4 7
5 47 5 7
5 48 2 1
5 49 8 1
5 50 4 6
5 51 3 1
5 52 7 8
5 53 7 6
5 55 9 3
5 57 6 1
5 58 5 10
5 59 9 2
5 60 3 3
5 61 7 9
5 62 7 7
5 65 3 2
5 66 5 10
5 68 2 9
5 69 9 4
5 70 3 7
5 71 4 10
5 73 6 9
5 76 8 7
5 77 1 6
5 78 7 5
5 80 7 8
5 81 8 7
5 82 7 10
5 84 4 3
5 86 7 4
5 87 7 8
5 88 10 2
5 89 10 6
5 90 8 6
5 91 4 9
5 92 3 4
5 93 4 10
5 95 7 3
5 96 6 9
5 97 1 7
5 98 1 6
5 99 6 1
6 8 8 10
6 10 8 5
6 11 6 6
6 12 7 1
6 13 7 5
6 14 3 9
6 15 4 1
6 16 5 3
6 17 4 2
6 19 2 1
6 20 4 6
6 22 6 4
6 24 9 1
6 25 10 9
6 26 2 2
6 27 1 5
6 28 4 3
6 30 1 4
6 31 5 9
6 32 10 6
6 34 7 6
6 35 10 2
6 36 9 3
6 37 9 10
6 41 7 6
6 42 10 7
6 43 1 8
6 44 9 6
6 46 9 5
6 47 3 9
6 48 7 3
6 49 10 9
6 52 10 9
6 53 4 10
6 54 5 3
6 55 4 3
6 57 5 5
6 59 5 9
6 61 6 6
6 62 2 10
6 63 4 3
6 64 10 2
6 66 2 2
6 68 8 5
6 70 4 5
6 71 1 2
6 72 2 7
6 73 4 5
6 74 9 5
6 75 3 7
6 76 5 1
6 77 7 7
6 78 7 3
6 79 9 2
6 81 2 2
6 83 2 7
6 84 4 5
6 85 3 7
6 86 4 7
6 87 2 1
6 89 8 2
6 90 4 2
6 94 8 10
6 96 8 2
6 98 5 6
6 99 4 8
6 100 3 3
7 9 2 8
7 10 7 2
7 11 3 8
7 12 10 1
7 13 4 10
7 15 5 1
7 17 2 3
7 18 4 8
7 19 4 10
7 20 10 8
7 21 8 4
7 22 9 5
7 23 9 6
7 24 2 7
7 26 2 1
7 27 1 3
7 29 9 7
7 30 9 6
7 32 6 4
7 33 4 9
7 34 7 3
7 36 8 3
7 37 4 8
7 38 5 4
7 41 5 9
7 42 9 1
7 43 3 9
7 44 3 7
7 45 4 5
7 46 5 9
7 48 5 3
7 49 3 2
7 50 1 9
7 51 9 1
7 52 6 9
7 54 3 8
7 55 5 9
7 56 5 1
7 57 5 1
7 60 8 7
7 61 8 3
7 62 1 7
7 63 9 8
7 64 1 2
7 65 6 8
7 66 7 9
7 67 7 3
7 68 4 6
7 69 8 10
7 70 3 2
7 71 6 9
7 73 8 6
7 74 7 2
7 76 10 3
7 77 7 4
7 79 8 6
7 80 10 1
7 81 2 10
7 82 2 4
7 84 7 8
7 85 3 4
7 86 10 5
7 87 4 8
7 88 2 3
7 90 4 1
7 91 5 8
7 92 10 6
7 93 9 5
7 94 7 10
7 95 5 10
7 96 6 6
7 97 9 4
7 98 2 3
7 99 8 1
7 100 7 3
8 9 7 6
8 10 10 9
8 11 3 10
8 13 2 10
8 14 6 10
8 15 4 6
8 17 3 3
8 18 1 2
8 19 1 1
8 21 8 7
8 22 7 3
8 23 2 5
8 25 5 7
8 26 9 7
8 27 3 5
8 28 9 5
8 29 8 9
8 30 5 6
8 31 2 4
8 32 5 1
8 33 9 8
8 34 2 5
8 35 6 7
8 36 5 1
8 37 7 1
8 38 4 9
8 39 7 9
8 40 5 3
8 41 7 9
8 42 6 7
8 43 8 5
8 44 9 7
8 45 7 6
8 46 7 3
8 47 3 4
8 49 7 7
8 51 3 7
8 53 10 9
8 54 7 5
8 55 7 2
8 56 6 5
8 58 7 7
8 59 6 3
8 60 4 6
8 61 3 1
8 63 10 10
8 64 8 3
8 66 8 6
8 67 6 10
8 69 3 9
8 70 10 2
8 71 4 10
8 72 5 4
8 73 2 3
8 74 10 2
8 75 6 3
8 76 8 2
8 79 5 7
8 80 5 2
8 81 2 6
8 82 8 2
8 83 4 1
8 84 3 8
8 86 7 3
8 87 7 9
8 88 10 7
8 90 5 8
8 91 2 1
8 92 8 6
8 93 8 7
8 94 1 4
8 95 5 3
8 96 7 4
8 97 3 3
8 98 5 3
8 99 9 7
8 100 7 8
9 10 9 8
9 11 4 1
9 13 9 10
9 14 4 1
9 15 2 2
9 16 8 6
9 17 2 6
9 18 7 10
9 19 2 4
9 20 4 4
9 21 5 2
9 22 2 2
9 23 3 8
9 24 9 6
9 25 10 8
9 26 5 2
9 27 9 6
9 29 2 8
9 31 5 9
9 32 8 6
9 34 9 8
9 35 4 1
9 36 1 6
9 37 2 8
9 38 2 9
9 39 9 4
9 40 10 1
9 41 6 5
9 42 4 9
9 43 4 10
9 44 5 6
9 45 4 9
9 46 2 9
9 48 10 10
9 49 9 1
9 50 7 9
9 51 1 8
9 53 8 10
9 54 3 4
9 55 5 8
9 58 8 2
9 59 5 3
9 62 8 5
9 63 10 5
9 64 10 6
9 66 10 1
9 67 3 10
9 68 1 7
9 70 4 3
9 71 9 8
9 72 4 7
9 73 5 7
9 74 10 7
9 75 8 3
9 77 3 9
9 78 2 8
9 79 10 9
9 80 6 5
9 81 4 9
9 82 3 4
9 83 5 6
9 84 3 3
9 88 10 5
9 89 10 4
9 91 6 3
9 92 10 2
9 93 3 3
9 94 9 8
9 95 1 6
9 96 6 2
9 97 9 9
9 98 10 8
9 100 5 7
10 12 1 4
10 14 7 7
10 16 2 1
10 17 10 1
10 18 4 7
10 20 9 1
10 21 4 1
10 22 8 4
10 24 2 5
10 25 6 5
10 27 4 8
10 28 2 1
10 29 1 8
10 31 1 1
10 32 2 1
10 33 10 4
10 34 2 8
10 35 5 2
10 36 2 8
10 38 5 1
10 39 1 1
10 40 5 1
10 41 9 6
10 42 7 9
10 44 7 6
10 45 7 4
10 46 8 7
10 47 8 1
10 48 4 3
10 51 1 9
10 52 4 2
10 53 10 4
10 54 8 10
10 56 1 5
10 57 2 7
10 58 4 1
10 59 7 5
10 60 2 8
10 62 5 8
10 63 5 5
10 64 4 5
10 66 4 3
10 67 2 3
10 68 6 3
10 70 4 3
10 71 8 10
10 72 7 9
10 73 4 10
10 74 4 10
10 75 4 1
10 76 5 5
10 77 2 6
10 78 3 3
10 79 2 3
10 80 5 8
10 82 1 8
10 83 3 6
10 84 5 8
10 85 7 2
10 86 3 7
10 87 8 10
10 88 4 3
10 89 1 4
10 90 10 7
10 91 4 6
10 92 9 9
10 93 1 4
10 94 3 6
10 95 1 2
10 96 7 7
10 97 10 4
10 98 6 1
10 99 7 10
10 100 10 9
11 12 4 8
11 13 10 1
11 14 8 5
11 15 1 5
11 16 4 4
11 17 4 7
11 18 8 4
11 20 3 6
11 22 2 9
11 25 8 8
11 26 6 7
11 28 5 5
11 29 8 4
11 30 9 4
11 31 7 4
11 32 10 6
11 33 8 1
11 34 6 6
11 35 4 10
11 36 5 3
11 37 9 1
11 39 7 2
11 40 10 5
11 42 4 6
11 44 2 4
11 45 5 10
11 46 6 10
11 48 4 1
11 49 10 2
11 50 10 6
11 51 5 9
11 52 2 6
11 53 1 7
11 55 8 5
11 56 9 4
11 57 7 7
11 59 1 4
11 60 4 3
11 61 1 2
11 62 5 8
11 65 8 10
11 67 7 6
11 68 4 5
11 69 7 7
11 72 8 3
11 74 3 7
11 75 3 8
11 76 3 10
11 77 1 9
11 78 8 8
11 81 8 7
11 82 4 5
11 83 5 7
11 85 5 4
11 86 9 4
11 87 4 9
11 88 3 8
11 90 7 1
11 91 1 8
11 92 3 5
11 93 9 10
11 94 6 8
11 95 5 8
11 96 1 9
11 97 6 3
11 98 10 10
11 99 5 5
11 100 9 9
12 13 8 2
12 14 5 9
12 15 3 4
12 16 2 5
12 17 10 5
12 18 6 6
12 19 3 1
12 20 6 10
12 22 2 9
12 24 1 1
12 25 4 4
12 26 2 6
12 27 7 8
12 28 10 2
12 29 6 5
12 30 9 6
12 31 10 1
12 32 1 6
12 33 1 5
12 34 2 9
12 36 6 2
12 37 8 9
12 38 5 9
12 39 6 8
12 40 2 8
12 41 10 9
12 42 2 9
12 43 4 4
12 44 10 6
12 45 1 8
12 46 10 3
12 47 6 3
12 48 6 2
12 49 7 1
12 52 10 4
12 53 10 1
12 54 1 4
12 55 5 8
12 56 6 10
12 57 4 2
12 58 4 1
12 59 2 5
12 61 8 9
12 62 3 5
12 63 5 3
12 65 6 6
12 66 9 3
12 67 7 9
12 68 1 3
12 70 3 10
12 71 8 9
12 72 9 5
12 74 6 6
12 75 3 4
12 77 3 8
12 78 7 7
12 79 4 2
12 80 8 2
12 81 10 1
12 83 2 7
12 84 5 8
12 87 2 10
12 88 2 5
12 89 9 3
12 90 9 3
12 91 10 4
12 92 6 6
12 93 9 6
12 95 6 4
12 98 8 6
12 100 5 10
13 14 5 2
13 15 8 8
13 16 2 4
13 17 4 8
13 18 4 7
13 19 7 2
13 20 5 4
13 23 4 4
13 24 1 3
13 25 3 5
13 26 1 9
13 27 8 4
13 29 4 1
13 30 10 3
13 31 5 1
13 32 1 6
13 33 5 10
13 34 3 2
13 36 2 5
13 37 4 8
13 38 5 5
13 39 3 9
13 41 1 10
13 42 9 1
13 44 2 10
13 45 6 3
13 46 8 5
13 47 6 9
13 48 1 10
13 49 8 9
13 50 4 9
13 51 8 2
13 52 2 3
13 53 2 9
13 54 8 1
13 55 10 2
13 56 1 3
13 57 6 3
13 58 1 6
13 60 2 6
13 61 2 2
13 63 1 6
13 64 5 2
13 65 5 7
13 66 3 4
13 67 2 6
13 69 8 10
13 71 7 9
13 72 2 2
13 73 6 8
13 74 10 9
13 75 5 10
13 76 9 8
13 79 3 10
13 80 7 7
13 83 9 7
13 85 7 9
13 86 2 9
13 87 9 4
13 88 1 5
13 89 6 10
13 90 9 4
13 91 1 3
13 92 6 4
13 93 5 2
13 94 4 10
13 95 3 4
13 96 5 6
13 97 3 3
13 100 7 10
14 15 8 6
14 16 3 8
14 17 6 3
14 18 2 10
14 19 2 6
14 20 9 7
14 21 9 6
14 22 1 3
14 23 2 9
14 24 1 8
14 25 1 2
14 26 8 3
14 27 3 5
14 28 5 7
14 29 6 7
14 31 2 3
14 32 1 6
14 33 7 2
14 34 8 7
14 35 4 2
14 36 3 3
14 39 6 5
14 40 10 10
14 41 7 7
14 42 8 5
14 43 2 9
14 44 7 9
14 45 10 6
14 46 6 5
14 47 4 7
14 48 3 1
14 50 5 3
14 52 7 3
14 53 8 6
14 55 8 8
14 57 1 2
14 59 8 8
14 60 6 5
14 61 7 1
14 64 4 4
14 65 4 7
14 66 7 7
14 67 5 1
14 68 3 7
14 70 6 6
14 71 6 7
14 72 9 10
14 74 4 8
14 75 6 9
14 76 6 10
14 79 8 9
14 80 3 10
14 81 8 2
14 82 2 6
14 83 7 9
14 84 6 10
14 86 4 3
14 88 8 2
14 89 8 2
14 91 5 5
14 92 2 5
14 93 1 10
14 94 6 2
14 95 1 2
14 96 9 9
14 97 6 5
14 98 5 3
14 100 10 4
15 16 3 9
15 17 1 8
15 19 7 5
15 20 2 7
15 23 5 7
15 25 3 3
15 26 6 8
15 28 3 2
15 29 5 9
15 30 9 1
15 33 1 5
15 34 9 3
15 36 10 1
15 37 9 8
15 38 7 10
15 39 6 6
15 41 2 2
15 42 10 5
15 43 5 7
15 44 5 2
15 45 4 1
15 46 7 10
15 48 8 4
15 49 10 9
15 50 4 2
15 51 5 4
15 52 6 9
15 53 3 8
15 56 3 6
15 57 6 7
15 58 2 10
15 61 7 7
15 62 7 4
15 63 7 8
15 64 7 4
15 65 5 4
15 66 3 10
15 68 5 1
15 69 10 2
15 70 8 9
15 71 8 3
15 72 7 4
15 73 3 2
15 74 4 3
15 77 6 6
15 78 9 10
15 79 8 2
15 80 1 7
15 81 5 9
15 83 10 9
15 84 6 7
15 85 5 2
15 86 8 2
15 87 6 3
15 88 5 3
15 89 2 10
15 90 7 6
15 92 2 9
15 94 8 3
15 95 5 2
15 96 6 5
15 97 4 1
15 98 7 7
15 99 1 9
15 100 5 4
16 17 5 2
16 18 4 1
16 19 7 4
16 21 2 5
16 22 3 5
16 23 6 6
16 24 1 1
16 25 8 9
16 26 4 3
16 28 8 8
16 29 10 4
16 30 2 6
16 31 2 6
16 32 5 3
16 33 7 9
16 35 4 5
16 37 8 2
16 38 8 3
16 40 7 6
16 42 5 2
16 44 1 5
16 45 6 1
16 47 7 7
16 49 2 2
16 50 10 8
16 51 7 8
16 52 2 9
16 53 4 2
16 54 7 5
16 55 4 5
16 56 4 4
16 57 3 1
16 58 4 7
16 59 5 7
16 60 5 7
16 61 9 9
16 62 7 4
16 63 7 7
16 64 6 7
16 65 3 5
16 66 4 5
16 67 8 4
16 69 5 8
16 70 9 8
16 72 8 2
16 73 9 5
16 74 8 2
16 76 6 2
16 77 8 2
16 79 2 2
16 80 2 1
16 81 9 7
16 82 9 6
16 83 2 8
16 84 5 4
16 85 2 9
16 86 7 2
16 87 9 8
16 88 10 3
16 89 10 4
16 90 3 2
16 92 5 3
16 94 1 3
16 95 6 4
16 96 7 1
16 97 2 9
16 98 3 7
16 100 10 6
17 19 7 10
17 21 4 10
17 22 7 8
17 24 7 8
17 25 7 6
17 26 4 6
17 27 2 9
17 28 6 5
17 29 2 6
17 30 2 6
17 31 2 1
17 32 9 1
17 36 3 10
17 37 3 10
17 38 9 5
17 39 2 4
17 40 10 4
17 43 10 4
17 44 8 4
17 46 6 2
17 47 8 8
17 48 9 7
17 49 8 4
17 50 9 4
17 51 3 4
17 52 2 3
17 53 3 6
17 54 2 9
17 55 9 9
17 56 3 10
17 57 3 7
17 58 7 10
17 59 10 1
17 61 4 7
17 62 6 1
17 63 6 1
17 64 4 1
17 65 1 5
17 66 8 9
17 67 10 9
17 69 9 8
17 70 8 2
17 72 7 8
17 73 7 6
17 74 4 4
17 75 1 6
17 76 4 4
17 77 3 2
17 78 10 4
17 79 10 3
17 80 8 1
17 82 5 3
17 83 10 1
17 86 5 5
17 87 6 6
17 89 2 1
17 90 4 9
17 91 9 8
17 92 8 10
17 93 5 2
17 95 3 9
17 96 8 2
17 98 5 2
17 99 7 2
17 100 5 5
18 21 1 5
18 22 6 5
18 23 9 4
18 24 6 7
18 25 10 2
18 26 7 7
18 27 6 4
18 28 4 10
18 29 10 9
18 30 8 7
18 31 2 4
18 32 10 6
18 33 3 2
18 35 10 2
18 36 3 7
18 37 4 10
18 38 5 4
18 39 1 6
18 40 8 4
18 41 7 10
18 42 3 4
18 43 7 4
18 44 2 6
18 45 5 7
18 46 10 3
18 48 7 10
18 49 8 6
18 50 6 8
18 51 6 8
18 52 5 4
18 53 5 10
18 57 3 9
18 58 7 10
18 59 8 10
18 60 9 2
18 61 10 7
18 65 3 7
18 66 9 5
18 67 8 8
18 68 2 3
18 69 5 7
18 70 8 1
18 71 3 1
18 73 5 5
18 74 10 9
18 75 6 5
18 76 1 5
18 78 8 1
18 79 1 10
18 80 8 10
18 81 4 3
18 82 7 5
18 83 5 5
18 84 4 3
18 86 5 10
18 87 2 9
18 88 9 7
18 89 3 9
18 90 4 3
18 91 10 2
18 92 6 10
18 93 2 1
18 95 1 8
18 96 5 9
18 97 2 4
18 98 5 4
18 100 5 6
19 20 3 9
19 21 7 1
19 22 3 7
19 23 6 7
19 24 1 10
19 25 9 2
19 26 2 1
19 27 8 5
19 28 7 2
19 29 3 10
19 30 5 4
19 31 1 7
19 32 8 7
19 33 1 7
19 34 3 1
19 35 7 7
19 36 6 7
19 37 2 2
19 38 8 7
19 39 5 2
19 40 1 5
19 41 5 3
19 42 6 2
19 43 1 8
19 44 8 8
19 45 9 9
19 46 5 5
19 48 10 9
19 50 10 6
19 51 6 7
19 52 6 3
19 55 9 4
19 56 4 4
19 57 2 10
19 58 2 6
19 59 7 10
19 60 10 3
19 61 5 7
19 62 3 10
19 63 7 8
19 64 8 1
19 66 5 8
19 67 10 10
19 68 2 10
19 69 4 1
19 70 8 5
19 71 3 2
19 72 5 3
19 74 3 6
19 75 1 4
19 77 1 6
19 78 7 10
19 82 4 5
19 83 10 6
19 84 8 9
19 85 9 9
19 87 8 5
19 88 5 1
19 89 5 9
19 90 6 3
19 92 9 6
19 93 9 10
19 94 9 5
19 95 1 4
19 96 4 7
19 97 9 1
19 98 2 8
19 99 2 7
19 100 9 9
20 21 6 6
20 22 8 1
20 23 8 3
20 24 6 3
20 25 6 4
20 26 7 6
20 27 9 8
20 28 7 5
20 29 9 2
20 30 6 1
20 31 2 5
20 32 2 1
20 34 2 5
20 35 9 7
20 36 10 8
20 37 2 8
20 38 7 7
20 39 8 10
20 44 2 8
20 45 1 4
20 46 4 4
20 48 8 5
20 49 9 9
20 50 1 8
20 52 9 4
20 53 2 9
20 54 10 2
20 55 1 6
20 57 4 5
20 58 10 3
20 59 2 7
20 60 5 3
20 62 5 2
20 63 5 9
20 64 2 6
20 68 6 8
20 70 10 1
20 72 6 9
20 73 2 9
20 74 8 9
20 75 3 1
20 76 1 6
20 78 5 9
20 80 7 2
20 82 3 5
20 83 4 6
20 84 6 5
20 85 5 2
20 86 7 10
20 87 5 8
20 88 7 4
20 89 8 2
20 90 4 6
20 91 6 9
20 92 9 5
20 93 3 10
20 94 7 10
20 96 2 4
20 97 5 1
20 98 7 9
20 99 2 6
20 100 5 8
21 22 3 10
21 23 3 10
21 24 1 7
21 26 2 4
21 28 2 9
21 30 7 5
21 32 9 3
21 33 3 8
21 36 9 7
21 37 10 2
21 38 2 2
21 39 3 10
21 40 10 9
21 41 4 5
21 42 2 10
21 43 7 1
21 44 4 6
21 46 9 1
21 47 4 6
21 49 2 10
21 51 10 4
21 52 1 1
21 54 7 2
21 55 6 1
21 56 7 3
21 57 2 9
21 58 10 3
21 60 7 8
21 61 10 4
21 62 6 10
21 64 10 8
21 65 8 1
21 67 9 4
21 68 4 7
21 69 6 1
21 70 7 1
21 71 2 3
21 72 6 3
21 73 3 2
21 74 4 5
21 75 10 1
21 76 4 3
21 77 6 10
21 78 5 4
21 80 5 6
21 82 9 2
21 83 7 9
21 85 5 3
21 86 8 1
21 87 10 2
21 88 3 5
21 89 3 3
21 90 5 8
21 91 4 7
21 93 4 9
21 94 8 10
21 95 6 3
21 96 3 1
21 97 1 2
21 98 9 9
21 99 1 9
21 100 5 9
22 23 7 4
22 24 3 5
22 27 9 6
22 28 8 1
22 30 10 4
22 33 2 10
22 34 4 7
22 36 7 2
22 37 10 9
22 38 3 4
22 39 7 10
22 40 5 4
22 41 10 4
22 43 2 3
22 44 7 4
22 45 8 1
22 46 6 8
22 47 6 4
22 48 8 5
22 49 1 5
22 50 6 8
22 51 7 2
22 53 2 3
22 55 3 2
22 56 8 8
22 58 9 3
22 59 6 8
22 60 8 2
22 61 10 4
22 62 5 5
22 63 2 7
22 64 1 9
22 65 1 9
22 67 5 9
22 68 8 4
22 69 7 9
22 72 8 3
22 76 10 6
22 77 8 5
22 80 8 7
22 81 8 10
22 82 1 2
22 83 8 7
22 84 2 1
22 85 4 9
22 86 9 1
22 89 3 7
22 90 9 9
22 91 10 3
22 93 7 5
22 95 9 9
22 96 1 1
22 98 6 5
22 99 4 5
23 24 3 8
23 25 9 2
23 28 9 2
23 29 9 8
23 30 9 5
23 31 7 7
23 32 6 7
23 33 6 4
23 34 7 2
23 35 3 9
23 36 2 3
23 37 10 5
23 39 8 3
23 40 9 8
23 41 10 10
23 42 7 10
23 43 6 1
23 44 9 1
23 45 5 3
23 46 5 3
23 47 9 3
23 48 7 6
23 49 2 3
23 50 2 4
23 51 2 4
23 53 8 6
23 54 2 6
23 55 3 5
23 56 6 2
23 57 1 5
23 58 6 10
23 59 6 6
23 60 8 3
23 61 9 2
23 63 9 3
23 64 9 10
23 65 6 8
23 66 9 5
23 68 6 5
23 69 5 3
23 70 2 5
23 71 1 4
23 72 1 10
23 73 4 10
23 74 3 7
23 75 5 5
23 77 6 6
23 78 6 2
23 79 10 2
23 80 5 2
23 81 5 9
23 82 10 4
23 84 5 5
23 85 8 5
23 86 10 4
23 87 1 8
23 88 4 4
23 89 5 8
23 90 4 8
23 91 5 3
23 93 3 8
23 94 8 7
23 95 3 8
23 96 10 3
23 97 10 2
23 98 3 6
23 99 5 1
23 100 7 7
24 26 10 8
24 28 9 3
24 29 7 1
24 30 8 2
24 31 1 9
24 32 2 9
24 33 5 3
24 34 2 6
24 35 2 2
24 36 1 4
24 37 7 3
24 38 10 10
24 39 7 10
24 40 8 7
24 41 5 5
24 42 8 10
24 43 1 9
24 44 10 8
24 45 6 3
24 46 5 7
24 47 2 4
24 48 2 10
24 51 3 6
24 52 6 3
24 54 10 3
24 55 2 10
24 56 2 6
24 58 5 6
24 59 4 3
24 60 8 3
24 61 5 1
24 62 4 8
24 63 3 1
24 64 8 1
24 66 8 5
24 67 1 9
24 69 4 2
24 71 1 10
24 72 8 8
24 73 2 1
24 74 6 9
24 75 8 8
24 76 9 5
24 77 8 1
24 78 2 2
24 79 2 6
24 80 3 9
24 81 1 4
24 83 2 5
24 84 8 7
24 85 9 4
24 86 7 3
24 88 2 6
24 89 8 5
24 90 2 7
24 91 7 9
24 93 3 7
24 94 2 10
24 95 3 7
24 96 9 10
24 97 10 9
24 98 6 1
24 99 2 4
25 27 4 8
25 28 3 2
25 29 2 4
25 30 9 6
25 31 3 8
25 32 2 1
25 33 8 3
25 34 3 9
25 35 5 10
25 37 2 9
25 38 8 4
25 39 3 8
25 40 4 4
25 41 2 5
25 42 6 3
25 44 2 8
25 48 9 1
25 49 9 4
25 50 3 8
25 51 5 2
25 52 7 9
25 53 9 9
25 55 8 1
25 58 9 5
25 60 6 5
25 61 10 6
25 62 10 1
25 65 9 7
25 68 5 9
25 69 7 2
25 71 6 1
25 72 6 10
25 73 1 4
25 74 8 1
25 75 2 1
25 76 3 7
25 77 4 4
25 78 9 1
25 79 1 8
25 80 3 6
25 81 9 3
25 82 1 9
25 83 7 5
25 84 10 10
25 86 1 10
25 87 9 4
25 88 3 8
25 89 10 9
25 90 3 5
25 93 10 7
25 94 3 9
25 95 3 3
25 96 9 8
25 98 10 8
25 100 8 2
26 27 8 3
26 28 10 5
26 29 9 5
26 32 4 8
26 34 3 9
26 35 5 3
26 36 7 5
26 38 8 8
26 39 7 7
26 40 5 10
26 41 8 7
26 45 7 8
26 46 1 2
26 47 2 7
26 48 6 1
26 49 4 7
26 50 9 4
26 51 1 4
26 52 3 3
26 53 1 2
26 55 1 8
26 56 9 10
26 58 2 6
26 60 6 6
26 61 2 6
26 62 1 3
26 63 3 3
26 64 2 3
26 65 9 1
26 66 1 3
26 69 5 7
26 70 8 4
26 71 9 3
26 72 3 8
26 73 6 7
26 74 6 8
26 75 4 5
26 77 9 7
26 78 6 2
26 79 4 9
26 80 2 10
26 82 6 6
26 83 9 7
26 84 5 3
26 85 9 6
26 88 9 10
26 89 5 7
26 90 10 10
26 91 1 1
26 92 7 10
26 94 4 3
26 95 10 3
26 96 8 4
26 98 8 5
26 99 7 3
26 100 2 10
27 29 5 2
27 30 9 7
27 31 4 5
27 32 2 8
27 33 7 3
27 34 10 7
27 35 2 9
27 36 1 8
27 37 6 1
27 38 1 8
27 39 4 2
27 41 2 7
27 42 10 6
27 43 8 2
27 44 1 3
27 47 7 5
27 48 10 2
27 49 10 3
27 50 10 4
27 51 3 3
27 52 6 1
27 53 2 10
27 55 6 4
27 57 9 8
27 58 10 3
27 59 6 6
27 60 3 4
27 61 9 1
27 62 9 10
27 64 8 3
27 65 8 1
27 66 1 9
27 67 7 3
27 68 3 1
27 69 3 7
27 70 8 9
27 73 9 10
27 74 4 1
27 75 6 7
27 76 7 6
27 77 5 1
27 78 2 6
27 83 5 1
27 85 8 9
27 86 3 5
27 88 8 9
27 89 7 3
27 90 10 8
27 91 4 10
27 92 8 8
27 93 8 5
27 95 9 8
27 96 10 2
27 97 9 9
27 98 4 8
27 99 1 6
27 100 4 10
28 29 2 6
28 31 3 6
28 32 7 6
28 33 5 4
28 34 3 7
28 37 5 4
28 38 4 6
28 40 6 7
28 41 9 4
28 42 5 2
28 43 3 2
28 44 6 6
28 45 6 10
28 46 4 1
28 47 5 8
28 48 10 8
28 49 1 1
28 50 9 6
28 51 2 9
28 52 8 2
28 53 5 6
28 54 8 5
28 55 7 7
28 56 5 1
28 57 3 9
28 59 4 10
28 60 1 1
28 61 7 3
28 62 1 6
28 63 10 7
28 64 8 5
28 65 5 9
28 66 8 6
28 67 1 10
28 68 4 1
28 69 5 7
28 70 2 7
28 71 9 2
28 72 3 7
28 73 1 7
28 74 9 2
28 75 2 10
28 76 7 6
28 78 3 3
28 79 4 6
28 82 2 2
28 85 2 2
28 87 4 10
28 88 5 6
28 89 1 4
28 90 8 3
28 91 8 8
28 92 5 5
28 93 6 9
28 94 9 3
28 95 8 9
28 96 6 9
28 97 10 10
28 98 3 1
28 99 6 10
28 100 9 6
29 31 10 1
29 32 3 2
29 33 5 8
29 34 9 6
29 35 8 9
29 38 1 8
29 39 9 7
29 40 1 7
29 42 10 10
29 43 6 7
29 46 8 10
29 47 7 5
29 49 2 6
29 50 5 5
29 51 6 2
29 52 8 9
29 53 3 8
29 54 7 7
29 55 2 5
29 56 10 7
29 57 7 3
29 58 6 3
29 59 9 10
29 60 5 8
29 61 5 3
29 62 8 1
29 63 7 8
29 65 9 9
29 67 1 10
29 68 2 8
29 71 3 1
29 72 10 5
29 73 6 9
29 74 4 3
29 75 9 4
29 76 10 8
29 77 10 3
29 78 7 3
29 79 7 7
29 80 1 5
29 81 8 4
29 82 1 10
29 85 7 10
29 86 8 3
29 87 8 7
29 89 7 3
29 91 2 1
29 92 7 2
29 93 10 10
29 94 5 4
29 95 2 3
29 96 9 3
29 97 1 4
29 98 2 5
29 100 5 10
30 31 5 8
30 32 8 8
30 33 2 6
30 34 5 9
30 35 3 4
30 36 1 1
30 37 1 5
30 38 7 9
30 39 7 10
30 40 2 9
30 41 9 5
30 42 8 7
30 43 2 8
30 44 4 4
30 45 4 7
30 47 5 9
30 48 10 1
30 49 1 9
30 51 3 7
30 52 2 4
30 53 4 9
30 54 1 9
30 55 2 1
30 56 10 6
30 57 10 7
30 58 10 4
30 59 5 4
30 60 7 3
30 63 8 7
30 64 10 1
30 65 1 7
30 66 3 6
30 67 2 10
30 68 10 6
30 70 6 4
30 71 8 2
30 72 7 9
30 74 10 5
30 75 6 9
30 76 8 5
30 78 10 5
30 79 6 6
30 80 4 4
30 81 3 1
30 82 6 10
30 83 6 1
30 84 1 1
30 85 10 4
30 86 9 7
30 87 5 9
30 88 9 10
30 89 10 2
30 90 7 1
30 92 7 7
30 93 3 3
30 94 8 9
30 95 4 6
30 96 3 2
30 97 1 9
30 98 5 1
30 99 1 6
30 100 3 6
31 33 5 3
31 34 5 9
31 35 9 7
31 36 2 10
31 37 8 3
31 38 2 7
31 40 2 3
31 41 3 9
31 42 6 8
31 43 9 9
31 44 9 5
31 47 10 8
31 48 9 1
31 51 6 4
31 53 1 1
31 55 10 2
31 58 4 5
31 59 8 10
31 60 7 3
31 61 2 3
31 62 1 10
31 63 1 4
31 64 2 9
31 66 7 8
31 67 2 7
31 68 6 1
31 70 5 7
31 72 7 3
31 73 1 1
31 74 2 2
31 75 10 3
31 76 5 8
31 77 5 6
31 78 1 6
31 79 1 2
31 80 8 10
31 81 3 6
31 82 3 6
31 83 1 8
31 84 5 1
31 85 2 3
31 86 7 8
31 87 1 8
31 88 2 5
31 89 4 5
31 90 9 9
31 91 5 3
31 92 3 4
31 93 1 2
31 94 2 8
31 95 5 4
31 96 6 2
31 97 4 9
31 98 6 5
31 100 8 9
32 33 8 7
32 34 1 5
32 35 3 1
32 36 4 10
32 37 3 8
32 38 2 9
32 40 5 8
32 42 9 10
32 43 8 9
32 44 9 6
32 45 5 4
32 46 5 8
32 47 1 10
32 48 9 5
32 50 1 4
32 53 2 1
32 54 3 7
32 55 6 6
32 56 7 5
32 57 4 2
32 59 3 5
32 63 2 4
32 64 9 10
32 65 5 7
32 66 5 1
32 68 6 7
32 69 4 7
32 72 1 9
32 73 2 9
32 74 2 7
32 75 8 4
32 78 8 9
32 79 7 1
32 80 6 5
32 82 8 2
32 83 7 5
32 84 4 8
32 85 9 3
32 86 8 2
32 87 2 7
32 89 7 2
32 90 2 7
32 91 4 1
32 92 8 10
32 93 2 10
32 94 4 3
32 95 10 6
32 96 10 9
32 98 8 2
32 99 7 2
33 35 1 4
33 36 8 2
33 37 9 3
33 38 8 2
33 39 5 3
33 40 8 10
33 41 6 6
33 42 4 6
33 44 5 8
33 46 8 5
33 47 7 8
33 49 4 2
33 50 2 10
33 51 7 10
33 52 5 1
33 53 3 5
33 54 7 6
33 55 5 6
33 56 10 7
33 57 1 7
33 58 3 3
33 59 6 6
33 60 5 7
33 61 9 1
33 63 6 6
33 65 10 8
33 66 6 4
33 67 10 10
33 68 3 2
33 69 2 7
33 70 4 10
33 71 2 2
33 72 2 7
33 73 5 9
33 74 7 8
33 75 4 6
33 76 4 4
33 77 8 1
33 78 1 5
33 79 10 10
33 80 1 7
33 81 6 3
33 82 6 1
33 83 10 6
33 84 2 9
33 87 3 1
33 88 4 10
33 89 4 7
33 90 8 7
33 91 8 9
33 92 3 5
33 93 10 1
33 94 6 6
33 95 8 7
33 97 10 1
33 98 2 7
33 100 7 9
34 35 7 10
34 36 4 8
34 37 10 3
34 39 8 8
34 40 1 6
34 41 3 6
34 42 5 7
34 43 4 6
34 44 1 3
34 46 2 1
34 47 3 9
34 48 8 7
34 49 3 10
34 51 10 6
34 52 1 7
34 54 8 6
34 55 9 10
34 56 7 4
34 57 3 1
34 58 4 4
34 60 2 4
34 62 4 1
34 64 7 5
34 65 3 9
34 67 10 8
34 68 7 3
34 69 10 9
34 70 8 2
34 72 10 1
34 73 2 3
34 74 8 8
34 75 1 10
34 76 3 6
34 78 8 3
34 79 8 9
34 80 4 4
34 82 5 4
34 83 5 6
34 84 2 4
34 86 5 2
34 87 2 2
34 88 5 4
34 90 6 2
34 91 1 9
34 92 3 9
34 95 9 8
34 96 9 5
34 97 2 6
34 99 2 3
34 100 4 1
35 37 5 10
35 39 4 9
35 40 3 9
35 41 8 5
35 42 6 8
35 43 5 1
35 44 2 4
35 45 4 3
35 46 1 8
35 47 3 4
35 48 10 3
35 49 6 6
35 50 2 3
35 52 6 2
35 53 3 6
35 54 5 9
35 56 1 2
35 57 1 10
35 58 6 7
35 59 2 7
35 60 4 8
35 62 9 8
35 63 5 6
35 64 5 9
35 65 10 10
35 67 10 9
35 68 2 1
35 69 10 1
35 70 8 5
35 71 6 10
35 72 6 5
35 73 8 8
35 74 4 7
35 75 1 1
35 76 10 2
35 77 4 5
35 78 9 6
35 79 2 9
35 80 2 2
35 81 1 7
35 82 10 8
35 83 3 6
35 84 6 5
35 85 4 2
35 87 6 4
35 88 9 8
35 89 3 4
35 90 8 4
35 91 10 8
35 93 10 2
35 94 9 8
35 98 1 2
35 99 9 5
35 100 9 5
36 37 3 6
36 38 9 9
36 39 6 6
36 40 8 4
36 41 9 8
36 42 1 2
36 44 1 8
36 46 5 5
36 47 2 4
36 48 4 5
36 49 2 5
36 52 2 7
36 53 10 5
36 55 5 10
36 56 8 2
36 57 5 7
36 58 1 6
36 61 6 5
36 62 8 6
36 63 9 4
36 64 4 9
36 65 9 3
36 68 8 6
36 69 2 10
36 70 4 3
36 71 8 3
36 72 3 1
36 73 5 4
36 76 6 1
36 77 10 10
36 78 3 8
36 79 1 1
36 80 1 1
36 82 7 4
36 85 9 3
36 86 9 1
36 87 7 3
36 89 3 6
36 90 3 10
36 91 9 5
36 92 1 10
36 93 4 5
36 94 2 3
36 95 9 3
36 96 6 8
36 97 1 7
36 98 2 5
36 99 6 9
36 100 5 6
37 40 3 2
37 41 8 6
37 42 1 6
37 43 7 6
37 44 4 2
37 46 3 4
37 47 6 6
37 48 3 6
37 50 3 7
37 51 3 3
37 52 4 3
37 54 10 6
37 55 5 4
37 56 10 5
37 57 7 7
37 58 3 3
37 59 9 5
37 60 7 2
37 61 10 4
37 62 3 3
37 63 6 8
37 64 10 5
37 66 10 7
37 67 10 4
37 69 4 2
37 72 9 4
37 73 8 9
37 74 5 3
37 75 2 5
37 77 2 8
37 78 4 5
37 79 3 7
37 80 3 10
37 81 1 5
37 82 5 6
37 83 7 7
37 84 10 1
37 85 8 1
37 87 9 4
37 90 5 2
37 91 4 1
37 92 3 4
37 93 5 10
37 94 9 5
37 95 1 2
37 96 4 8
37 97 7 9
37 99 9 10
37 100 10 2
38 39 2 8
38 40 3 8
38 41 8 6
38 42 2 6
38 43 1 9
38 44 6 9
38 45 8 4
38 46 4 1
38 48 1 9
38 49 8 3
38 50 2 8
38 52 6 6
38 54 7 5
38 55 8 7
38 57 4 1
38 58 6 4
38 59 5 6
38 60 6 7
38 62 8 8
38 63 5 5
38 64 2 4
38 65 2 7
38 66 10 8
38 67 2 1
38 69 7 1
38 71 3 4
38 72 1 1
38 73 6 2
38 75 2 6
38 76 6 6
38 77 9 10
38 78 1 4
38 80 2 6
38 81 8 6
38 83 3 4
38 84 4 6
38 85 2 1
38 86 4 6
38 87 5 4
38 88 1 1
38 89 4 9
38 90 5 4
38 91 5 3
38 93 1 8
38 94 6 10
38 95 9 10
38 97 10 10
38 98 9 9
38 99 10 7
38 100 6 9
39 40 6 5
39 42 6 10
39 43 1 5
39 44 4 5
39 45 2 5
39 46 5 4
39 49 10 1
39 50 9 10
39 51 9 10
39 52 1 1
39 53 9 2
39 54 5 9
39 56 7 1
39 57 3 1
39 59 9 6
39 61 10 8
39 62 9 8
39 63 3 7
39 64 5 3
39 65 2 9
39 66 8 6
39 67 1 1
39 69 10 2
39 70 3 4
39 71 3 8
39 72 7 3
39 73 8 1
39 74 10 4
39 75 3 3
39 76 6 3
39 77 1 7
39 78 10 4
39 80 7 7
39 81 7 2
39 82 4 9
39 83 2 7
39 85 5 5
39 86 4 3
39 87 8 5
39 89 3 10
39 90 4 4
39 91 4 3
39 92 2 5
39 93 8 6
39 95 2 8
39 96 8 5
39 99 6 5
40 41 9 4
40 43 6 5
40 44 3 5
40 45 1 3
40 46 4 4
40 48 9 1
40 49 3 9
40 50 10 8
40 51 3 5
40 52 6 5
40 53 9 10
40 55 8 5
40 56 6 4
40 57 1 2
40 58 10 3
40 59 6 4
40 61 9 8
40 62 6 4
40 63 5 6
40 64 5 10
40 65 4 3
40 66 7 1
40 67 10 1
40 69 9 1
40 71 8 1
40 73 3 6
40 74 3 5
40 75 6 6
40 76 8 7
40 77 10 9
40 78 10 9
40 80 3 4
40 81 6 7
40 82 2 7
40 83 1 2
40 84 1 6
40 85 7 2
40 86 9 3
40 88 5 6
40 89 3 9
40 90 4 5
40 91 7 5
40 93 9 10
40 99 2 10
40 100 4 1
41 42 5 8
41 43 7 3
41 44 8 9
41 45 2 9
41 46 2 9
41 48 5 2
41 49 5 6
41 50 5 7
41 51 10 3
41 52 6 1
41 53 3 9
41 54 8 10
41 56 1 1
41 58 9 10
41 60 10 1
41 61 5 7
41 62 9 2
41 63 10 9
41 64 5 4
41 65 3 3
41 66 2 6
41 67 7 2
41 68 9 1
41 69 1 8
41 70 7 3
41 71 8 1
41 74 10 1
41 75 8 10
41 76 10 10
41 77 4 1
41 78 2 7
41 79 6 10
41 80 6 8
41 81 10 8
41 82 8 7
41 83 5 3
41 84 7 1
41 86 2 10
41 87 1 3
41 88 3 6
41 89 10 2
41 91 1 4
41 92 6 7
41 93 2 3
41 95 8 6
41 96 2 1
41 97 2 9
42 43 7 7
42 44 1 8
42 45 10 3
42 46 1 3
42 47 3 4
42 48 4 9
42 49 6 10
42 50 1 5
42 51 2 5
42 52 1 5
42 53 8 5
42 54 7 8
42 55 1 4
42 59 5 10
42 61 7 4
42 62 8 2
42 63 7 7
42 64 7 9
42 65 8 10
42 66 2 3
42 67 2 1
42 68 8 10
42 69 10 2
42 70 10 4
42 71 9 4
42 72 9 5
42 73 10 4
42 74 3 4
42 76 3 2
42 77 6 7
42 78 7 4
42 80 3 2
42 81 5 3
42 83 7 4
42 84 10 2
42 85 8 4
42 86 1 3
42 87 6 6
42 88 2 10
42 89 3 4
42 91 9 5
42 92 2 6
42 94 9 8
42 95 8 8
42 96 6 4
42 97 3 1
42 99 8 4
42 100 4 7
43 44 5 5
43 45 9 4
43 46 4 3
43 47 4 3
43 49 5 3
43 50 3 8
43 51 9 1
43 52 6 9
43 54 5 5
43 55 5 4
43 56 2 10
43 57 7 4
43 58 4 1
43 59 2 7
43 60 7 8
43 62 5 7
43 63 8 4
43 64 4 8
43 66 10 10
43 67 5 7
43 68 4 8
43 69 7 4
43 70 8 1
43 71 5 9
43 73 10 10
43 74 1 2
43 75 3 2
43 76 7 1
43 77 4 7
43 78 7 6
43 79 8 8
43 80 6 10
43 81 7 2
43 83 10 6
43 84 10 6
43 85 5 10
43 86 4 4
43 88 10 3
43 90 10 4
43 91 1 8
43 92 10 10
43 93 8 3
43 94 4 8
43 95 2 5
43 98 6 2
43 99 1 2
43 100 4 7
44 45 2 4
44 46 1 9
44 47 4 5
44 49 6 9
44 50 5 3
44 51 7 4
44 52 5 5
44 53 9 7
44 54 6 3
44 55 4 8
44 56 5 10
44 57 6 7
44 58 5 7
44 59 1 10
44 60 9 4
44 61 9 5
44 63 1 3
44 64 1 10
44 65 7 10
44 66 10 2
44 67 6 8
44 68 4 9
44 72 10 10
44 73 1 6
44 74 2 1
44 78 3 6
44 79 2 10
44 80 6 9
44 81 3 3
44 83 3 7
44 84 1 4
44 85 7 10
44 86 10 1
44 90 9 1
44 91 9 6
44 92 5 9
44 93 9 6
44 94 8 1
44 95 10 8
44 96 6 1
44 98 7 9
44 99 7 8
44 100 5 9
45 46 4 1
45 48 6 7
45 51 8 5
45 52 8 8
45 53 7 5
45 54 9 2
45 56 9 10
45 57 3 10
45 58 4 2
45 59 2 9
45 60 6 3
45 61 3 7
45 62 1 7
45 63 7 9
45 64 6 5
45 65 2 7
45 66 1 4
45 69 9 6
45 70 1 8
45 71 8 4
45 72 6 3
45 73 5 8
45 74 1 10
45 78 8 10
45 79 2 4
45 80 7 6
45 81 10 5
45 83 8 10
45 84 7 5
45 85 6 8
45 86 7 1
45 87 7 6
45 90 8 5
45 91 9 4
45 92 7 9
45 93 5 2
45 94 7 1
45 95 9 9
45 97 5 6
45 99 2 2
45 100 10 4
46 47 9 1
46 49 7 10
46 50 2 9
46 51 9 2
46 52 4 7
46 53 8 4
46 54 2 8
46 55 10 4
46 56 4 6
46 57 6 10
46 58 1 9
46 60 10 8
46 61 2 2
46 62 10 6
46 64 3 9
46 65 9 10
46 66 9 6
46 67 4 3
46 68 1 1
46 69 9 4
46 70 6 7
46 71 1 2
46 72 2 3
46 73 2 5
46 74 9 8
46 75 2 7
46 76 2 9
46 77 4 9
46 78 6 2
46 80 5 8
46 81 9 3
46 82 4 7
46 83 1 1
46 84 8 3
46 85 8 8
46 86 2 8
46 87 10 6
46 88 9 10
46 90 2 6
46 93 9 3
46 94 8 4
46 95 3 9
46 96 6 7
46 97 1 7
46 98 7 8
46 99 3 7
46 100 1 10
47 48 2 3
47 49 1 2
47 50 5 4
47 51 4 5
47 52 7 10
47 53 6 8
47 54 9 4
47 55 6 9
47 56 7 8
47 58 9 2
47 59 10 1
47 60 10 1
47 61 9 9
47 62 9 3
47 63 4 5
47 64 5 2
47 65 6 1
47 66 5 6
47 68 6 10
47 69 1 8
47 70 7 10
47 71 5 3
47 72 6 10
47 73 8 4
47 74 10 2
47 75 10 4
47 76 6 5
47 77 4 9
47 78 1 4
47 80 1 4
47 81 5 1
47 82 7 3
47 83 9 2
47 84 6 10
47 86 1 5
47 87 1 9
47 88 9 4
47 89 8 2
47 91 7 3
47 92 10 1
47 93 7 2
47 94 3 9
47 95 3 1
47 98 10 8
47 99 9 6
47 100 4 4
48 49 3 10
48 50 5 1
48 51 5 10
48 52 8 6
48 53 3 1
48 54 6 3
48 55 2 1
48 57 2 4
48 59 7 5
48 60 8 1
48 61 9 2
48 63 2 2
48 64 7 10
48 65 3 4
48 66 2 7
48 67 6 3
48 68 2 4
48 69 10 8
48 70 5 10
48 71 1 1
48 72 7 10
48 74 8 4
48 75 8 6
48 77 10 10
48 79 1 7
48 80 9 3
48 82 10 6
48 83 5 7
48 84 2 9
48 85 7 9
48 86 9 2
48 87 8 7
48 89 4 9
48 90 8 1
48 93 6 3
48 94 5 4
48 95 8 8
48 96 9 7
48 97 4 10
48 98 5 2
48 99 10 4
48 100 8 2
49 50 5 2
49 51 1 5
49 52 4 10
49 53 3 7
49 54 8 9
49 55 3 10
49 56 7 8
49 58 6 2
49 60 5 7
49 61 2 2
49 63 7 5
49 64 9 2
49 65 1 9
49 67 3 4
49 68 7 9
49 69 5 1
49 70 6 1
49 71 3 8
49 72 5 2
49 73 5 10
49 74 5 4
49 75 6 8
49 77 3 9
49 78 10 2
49 80 3 9
49 81 3 1
49 82 2 5
49 84 3 3
49 85 10 7
49 86 7 10
49 87 8 9
49 88 4 1
49 89 8 8
49 90 10 10
49 91 3 1
49 93 7 3
49 94 6 9
49 95 4 8
49 96 6 10
49 98 9 1
49 99 5 4
49 100 1 2
50 51 1 4
50 52 6 1
50 53 3 3
50 54 8 1
50 55 3 2
50 56 4 1
50 58 8 2
50 60 2 6
50 61 3 1
50 62 5 10
50 63 3 1
50 64 9 3
50 65 8 2
50 66 2 6
50 67 5 2
50 68 9 5
50 69 4 2
50 70 7 2
50 71 3 3
50 72 7 8
50 74 1 8
50 75 2 9
50 76 7 9
50 77 8 4
50 78 2 1
50 79 2 8
50 80 4 10
50 81 5 5
50 82 5 2
50 83 4 4
50 85 10 3
50 86 1 4
50 87 8 2
50 88 5 4
50 89 10 8
50 90 9 2
50 92 7 5
50 94 2 9
50 95 8 2
50 96 9 8
50 97 1 10
50 98 10 4
50 99 10 6
51 53 8 7
51 54 8 4
51 55 4 3
51 56 4 1
51 57 2 7
51 58 10 8
51 59 6 6
51 62 4 9
51 65 8 8
51 66 10 8
51 67 9 7
51 69 7 1
51 70 7 4
51 71 4 4
51 72 2 8
51 73 8 6
51 74 8 4
51 75 9 3
51 76 1 4
51 77 3 2
51 78 6 4
51 79 4 4
51 81 2 8
51 82 10 9
51 83 3 9
51 85 2 10
51 86 2 8
51 87 10 10
51 88 5 2
51 90 4 4
51 92 1 2
51 94 6 5
51 95 1 2
51 97 6 3
51 98 6 4
51 99 10 4
51 100 2 1
52 53 10 9
52 54 9 4
52 55 9 9
52 57 3 9
52 58 3 1
52 59 3 10
52 60 9 4
52 62 5 1
52 63 8 8
52 64 7 4
52 65 5 5
52 66 1 2
52 67 9 3
52 68 5 6
52 69 7 7
52 70 10 3
52 71 5 6
52 72 8 3
52 73 8 4
52 74 5 1
52 75 10 3
52 76 9 4
52 77 2 4
52 79 4 3
52 80 2 8
52 82 7 3
52 83 10 3
52 84 10 7
52 86 6 7
52 87 2 6
52 88 7 9
52 89 3 1
52 90 8 3
52 93 4 10
52 94 5 3
52 95 6 5
52 96 8 10
52 97 1 4
52 98 6 4
52 100 5 9
53 54 7 8
53 55 4 1
53 56 9 8
53 57 10 9
53 58 7 4
53 59 3 5
53 60 2 6
53 61 3 2
53 62 8 4
53 63 5 7
53 64 6 3
53 65 3 5
53 66 4 9
53 67 10 7
53 68 6 10
53 69 1 2
53 70 1 4
53 71 4 1
53 72 7 9
53 74 3 3
53 75 8 2
53 76 10 8
53 77 9 9
53 78 8 9
53 80 3 6
53 82 1 1
53 83 10 1
53 84 3 3
53 85 5 10
53 86 6 2
53 87 5 5
53 88 3 3
53 89 3 6
53 90 5 10
53 92 3 9
53 93 3 8
53 94 7 3
53 97 3 9
53 98 1 10
53 99 5 5
53 100 9 3
54 56 8 8
54 57 9 9
54 60 8 3
54 61 8 2
54 62 4 1
54 63 6 8
54 64 3 7
54 65 4 2
54 66 10 7
54 67 8 1
54 68 3 7
54 69 1 5
54 70 3 10
54 71 3 9
54 72 9 2
54 74 8 1
54 75 7 5
54 76 9 7
54 77 4 6
54 79 5 8
54 80 10 7
54 81 3 10
54 83 2 10
54 84 4 1
54 85 4 7
54 86 10 3
54 88 10 2
54 89 9 8
54 90 10 6
54 91 9 1
54 92 2 2
54 93 1 7
54 94 10 1
54 95 6 6
54 96 9 8
54 97 2 10
54 98 2 6
55 56 8 9
55 57 10 8
55 58 7 6
55 59 6 1
55 60 5 2
55 62 7 3
55 63 3 4
55 64 3 6
55 65 9 1
55 66 4 6
55 67 6 7
55 68 2 10
55 72 6 8
55 74 5 1
55 75 6 1
55 76 1 2
55 77 8 3
55 79 5 8
55 81 10 10
55 82 7 10
55 84 7 9
55 85 10 4
55 87 9 3
55 88 6 7
55 89 5 8
55 90 6 10
55 92 10 4
55 93 2 6
55 94 10 6
55 95 8 1
55 96 9 9
55 97 9 6
55 98 3 4
55 100 3 4
56 58 1 7
56 59 3 8
56 60 1 1
56 62 1 6
56 64 9 9
56 67 10 1
56 68 4 9
56 70 7 9
56 71 6 3
56 72 2 2
56 73 5 1
56 74 7 9
56 76 8 1
56 77 2 5
56 78 5 9
56 79 10 1
56 80 9 7
56 81 9 8
56 83 5 6
56 86 10 1
56 87 5 9
56 88 6 3
56 90 2 6
56 91 9 5
56 92 5 1
56 93 3 4
56 94 2 8
56 96 5 2
56 97 3 10
56 99 6 5
56 100 9 6
57 58 9 7
57 59 6 4
57 60 3 2
57 61 10 2
57 63 3 9
57 64 2 4
57 65 7 9
57 66 5 5
57 67 6 4
57 68 3 10
57 69 8 4
57 70 7 9
57 71 6 2
57 73 9 8
57 74 8 8
57 76 10 3
57 77 4 1
57 78 5 1
57 79 2 1
57 81 5 6
57 83 5 1
57 84 5 8
57 85 8 4
57 86 4 6
57 88 9 1
57 89 3 7
57 90 3 7
57 91 9 6
57 93 2 5
57 95 10 1
57 96 3 8
57 97 6 7
57 98 1 10
58 60 6 4
58 61 4 1
58 62 2 2
58 63 8 8
58 65 3 10
58 66 5 5
58 67 6 8
58 68 10 10
58 69 4 3
58 72 10 6
58 73 2 3
58 74 1 3
58 75 4 7
58 76 1 2
58 77 1 8
58 78 7 1
58 79 5 8
58 80 2 10
58 81 5 3
58 82 4 2
58 83 3 5
58 84 6 4
58 87 8 5
58 88 3 8
58 89 5 1
58 90 3 10
58 91 3 4
58 92 6 6
58 93 1 10
58 94 9 10
58 97 8 4
58 99 2 9
58 100 10 5
59 60 10 4
59 61 1 8
59 62 8 10
59 63 1 4
59 64 6 6
59 65 2 6
59 66 2 7
59 68 3 4
59 70 10 2
59 71 8 4
59 72 7 9
59 73 3 2
59 74 6 2
59 75 2 7
59 76 2 4
59 78 5 4
59 79 6 6
59 80 5 5
59 81 6 6
59 82 7 10
59 83 7 3
59 84 5 3
59 86 8 10
59 87 1 6
59 89 5 7
59 90 1 2
59 91 5 6
59 92 2 6
59 93 1 9
59 96 3 10
59 97 1 3
59 98 9 3
59 99 8 10
59 100 2 10
60 61 3 4
60 62 9 6
60 63 4 5
60 64 2 3
60 65 2 2
60 68 1 7
60 70 8 1
60 71 3 3
60 72 6 3
60 73 4 7
60 74 7 6
60 75 8 8
60 76 5 9
60 77 4 1
60 78 7 5
60 81 1 1
60 82 2 6
60 84 10 8
60 86 6 7
60 87 1 9
60 88 2 6
60 89 8 6
60 90 4 2
60 91 10 9
60 92 8 5
60 93 4 6
60 95 4 7
60 96 6 7
60 97 7 6
60 99 1 2
60 100 2 8
61 63 10 2
61 64 5 8
61 65 2 2
61 66 8 2
61 67 9 3
61 70 6 8
61 72 5 5
61 74 5 3
61 75 3 8
61 76 10 5
61 77 2 8
61 79 7 7
61 80 8 3
61 81 8 1
61 82 8 9
61 83 1 5
61 84 2 2
61 85 6 1
61 86 7 7
61 88 5 5
61 89 6 2
61 90 6 2
61 91 3 9
61 92 3 2
61 93 2 10
61 99 6 1
62 63 3 3
62 64 2 8
62 65 1 2
62 66 9 7
62 67 8 10
62 68 5 3
62 70 7 3
62 71 8 9
62 72 1 7
62 73 7 7
62 74 6 6
62 75 8 3
62 76 7 6
62 77 5 4
62 78 4 4
62 79 8 9
62 82 4 4
62 83 3 7
62 84 1 7
62 85 9 1
62 86 10 4
62 87 9 10
62 88 5 5
62 89 7 3
62 90 3 9
62 93 9 9
62 96 9 2
62 97 2 6
62 98 1 4
62 99 1 5
62 100 3 2
63 64 8 10
63 65 3 1
63 66 7 10
63 68 7 7
63 69 3 5
63 70 10 6
63 71 9 4
63 72 7 9
63 73 10 1
63 74 1 1
63 76 7 4
63 77 8 4
63 78 9 2
63 79 3 4
63 80 8 2
63 81 1 4
63 82 8 10
63 83 8 1
63 84 2 7
63 85 7 10
63 86 5 6
63 87 10 6
63 88 6 4
63 89 1 8
63 90 10 6
63 92 7 2
63 93 4 3
63 94 1 9
63 95 1 9
63 97 4 8
63 98 5 1
63 99 8 3
63 100 9 7
64 65 3 9
64 67 1 3
64 68 10 9
64 69 3 2
64 70 10 3
64 71 3 8
64 72 5 2
64 73 10 3
64 77 9 3
64 78 9 3
64 79 1 2
64 80 4 6
64 81 10 7
64 83 3 4
64 85 1 1
64 86 5 3
64 87 5 2
64 88 9 4
64 90 3 5
64 91 10 7
64 92 6 9
64 93 4 10
64 95 6 5
64 96 4 8
64 97 7 2
64 98 10 5
64 99 8 1
64 100 1 3
65 66 7 3
65 67 6 10
65 71 1 8
65 72 2 9
65 73 1 2
65 75 1 9
65 76 9 5
65 77 10 3
65 79 6 6
65 81 9 8
65 83 2 9
65 84 4 10
65 85 7 7
65 86 10 7
65 87 6 1
65 88 10 5
65 89 5 8
65 90 2 8
65 91 4 5
65 92 9 6
65 93 4 9
65 94 7 3
65 96 8 6
65 97 1 4
65 98 8 8
65 99 6 5
65 100 9 4
66 68 7 7
66 70 5 1
66 71 2 9
66 72 8 6
66 73 10 3
66 74 2 10
66 75 6 4
66 77 6 3
66 78 4 8
66 79 5 8
66 80 10 6
66 81 6 10
66 82 1 10
66 83 5 6
66 84 7 10
66 85 5 9
66 86 8 9
66 88 2 1
66 89 7 6
66 90 7 2
66 91 2 9
66 92 4 10
66 93 2 6
66 94 4 9
66 95 6 2
66 96 10 1
66 97 4 8
66 98 7 2
66 99 6 10
66 100 1 3
67 68 8 6
67 69 8 3
67 70 7 1
67 71 8 1
67 72 5 10
67 73 1 4
67 74 3 5
67 76 3 6
67 77 10 7
67 79 9 5
67 81 4 2
67 82 6 6
67 83 10 7
67 85 3 1
67 87 7 6
67 88 7 7
67 91 6 7
67 92 7 1
67 93 4 6
67 94 4 7
67 95 2 2
67 96 5 8
67 97 6 3
67 99 3 7
68 69 7 4
68 70 7 4
68 71 1 2
68 72 1 3
68 73 7 8
68 74 3 4
68 75 8 9
68 76 9 7
68 77 8 5
68 78 3 3
68 79 4 9
68 80 3 1
68 81 2 4
68 82 7 8
68 83 4 1
68 85 5 4
68 86 6 1
68 87 7 5
68 88 9 8
68 89 7 10
68 91 6 9
68 92 7 5
68 94 6 3
68 95 2 8
68 96 10 10
68 97 9 4
68 98 3 8
68 99 8 6
68 100 6 3
69 70 9 5
69 72 6 6
69 73 2 6
69 74 10 5
69 75 6 5
69 76 8 7
69 77 10 7
69 78 7 3
69 82 5 3
69 83 7 8
69 84 9 3
69 85 7 1
69 87 8 7
69 88 7 9
69 89 2 5
69 90 8 9
69 91 4 2
69 92 4 5
69 93 10 9
69 94 7 7
69 95 6 9
69 96 7 7
69 97 5 5
69 99 4 5
69 100 5 8
70 72 5 3
70 73 3 4
70 74 2 7
70 75 6 7
70 76 4 3
70 77 5 4
70 78 9 2
70 79 1 4
70 80 8 5
70 82 4 7
70 83 4 2
70 84 3 3
70 87 10 9
70 88 10 1
70 89 8 7
70 91 1 2
70 92 6 6
70 93 1 3
70 94 1 3
70 95 7 8
70 96 5 1
70 97 4 6
70 98 9 2
70 99 3 7
71 72 5 10
71 73 2 7
71 75 2 3
71 76 2 3
71 77 1 7
71 78 4 10
71 79 9 7
71 80 8 1
71 81 2 5
71 83 5 7
71 84 4 6
71 85 1 2
71 86 2 1
71 90 6 8
71 91 9 8
71 93 2 9
71 94 4 10
71 95 8 9
71 96 1 2
71 97 4 3
71 98 9 9
71 99 10 10
71 100 6 5
72 73 8 3
72 74 10 7
72 75 1 1
72 77 1 10
72 80 3 2
72 82 5 5
72 83 3 7
72 84 9 1
72 85 9 2
72 86 6 3
72 87 7 2
72 88 1 7
72 89 3 5
72 91 7 4
72 92 10 2
72 94 3 1
72 95 5 2
72 97 8 6
72 99 9 3
72 100 5 3
73 74 9 1
73 75 8 5
73 76 1 6
73 77 4 2
73 79 4 4
73 81 8 3
73 84 9 9
73 86 5 8
73 87 4 4
73 88 1 5
73 89 9 8
73 91 3 3
73 92 5 2
73 93 4 9
73 95 10 10
73 96 2 3
73 97 1 5
73 99 9 1
73 100 4 9
74 75 4 7
74 76 6 7
74 77 9 8
74 79 3 10
74 81 9 5
74 83 1 2
74 84 9 1
74 85 3 4
74 86 8 3
74 87 1 9
74 88 6 8
74 89 1 10
74 90 5 8
74 91 5 7
74 92 1 2
74 94 7 9
74 95 10 4
74 97 8 8
74 98 7 6
74 100 1 1
75 76 7 4
75 77 1 2
75 79 8 2
75 80 8 7
75 82 3 9
75 83 9 9
75 84 8 4
75 85 5 8
75 86 8 6
75 87 10 1
75 89 7 8
75 90 9 1
75 92 3 8
75 93 4 3
75 94 9 10
75 95 6 7
75 96 5 7
75 97 6 4
75 99 3 10
75 100 4 7
76 77 2 10
76 78 10 10
76 79 8 4
76 81 2 9
76 83 3 6
76 86 3 4
76 87 10 9
76 88 7 7
76 89 6 4
76 90 1 10
76 91 3 7
76 92 7 6
76 93 8 9
76 94 3 6
76 95 1 4
76 96 6 1
76 98 9 5
76 99 1 1
76 100 4 4
77 78 10 4
77 79 3 7
77 80 2 5
77 81 6 6
77 82 7 3
77 83 4 2
77 84 4 8
77 86 5 10
77 87 4 5
77 88 1 2
77 89 2 5
77 90 6 4
77 91 8 1
77 92 10 5
77 93 1 5
77 94 4 4
77 95 10 8
77 96 9 1
77 97 2 10
77 98 3 3
77 99 4 9
78 79 6 4
78 80 9 1
78 81 5 8
78 82 10 4
78 83 4 10
78 84 7 4
78 86 5 1
78 88 3 3
78 89 10 8
78 90 8 9
78 91 6 7
78 92 7 10
78 94 7 3
78 95 2 2
78 96 6 8
78 98 9 5
78 99 1 10
79 81 6 3
79 82 9 3
79 84 6 2
79 85 3 6
79 86 5 2
79 87 6 8
79 88 10 10
79 90 1 9
79 91 10 6
79 92 9 1
79 93 3 7
79 95 2 3
79 97 9 7
79 98 5 6
79 99 4 5
79 100 1 10
80 81 4 6
80 82 9 5
80 83 1 1
80 85 7 3
80 86 4 9
80 87 2 5
80 88 2 5
80 89 8 7
80 90 2 4
80 91 5 7
80 92 3 8
80 95 6 7
80 96 10 2
80 97 5 7
80 98 5 5
80 99 8 10
80 100 9 6
81 83 10 7
81 86 3 3
81 87 10 9
81 89 6 10
81 90 3 4
81 91 10 9
81 93 5 4
81 94 9 10
81 97 1 5
81 98 5 8
81 99 8 6
81 100 3 6
82 83 9 2
82 84 1 6
82 85 2 7
82 86 2 4
82 87 2 4
82 88 4 3
82 89 1 4
82 91 3 7
82 92 9 5
82 94 10 9
82 95 2 1
82 96 10 6
82 97 2 10
82 98 1 5
82 99 5 3
82 100 8 10
83 84 9 2
83 85 5 6
83 88 3 7
83 89 2 1
83 90 6 9
83 91 7 6
83 92 4 1
83 93 3 10
83 94 10 1
83 95 10 10
83 97 4 7
83 100 2 5
84 85 3 7
84 86 7 8
84 89 4 10
84 91 3 6
84 93 2 3
84 94 3 4
84 95 7 7
84 96 7 10
84 98 4 8
84 100 3 6
85 86 1 8
85 87 3 4
85 88 1 4
85 89 6 3
85 91 4 9
85 92 4 1
85 93 4 2
85 94 10 8
85 95 2 5
85 98 2 5
85 99 2 9
85 100 8 9
86 87 2 1
86 88 10 6
86 89 9 6
86 90 9 3
86 91 5 1
86 92 10 5
86 93 2 3
86 94 9 10
86 97 1 1
86 98 7 7
86 100 8 9
87 89 2 7
87 90 5 6
87 91 8 7
87 93 10 2
87 94 8 7
87 95 1 8
87 97 7 4
87 98 8 8
87 99 1 6
87 100 9 4
88 90 2 1
88 91 5 8
88 93 10 6
88 94 9 4
88 95 3 2
88 96 10 10
88 97 1 4
88 98 4 3
88 99 5 5
88 100 3 9
89 90 6 8
89 91 1 5
89 92 10 4
89 93 8 10
89 94 8 4
89 95 3 6
89 98 5 2
89 99 5 7
89 100 5 3
90 91 9 5
90 92 1 4
90 93 9 6
90 94 8 3
90 95 2 6
90 96 7 2
90 97 1 9
90 99 1 6
91 93 8 5
91 94 5 9
91 95 10 10
91 96 10 8
91 97 6 7
91 99 7 10
91 100 6 10
92 93 8 1
92 94 5 2
92 95 3 10
92 96 6 7
92 97 10 7
92 98 2 2
92 99 2 8
92 100 8 7
93 94 9 9
93 95 9 10
93 96 6 10
93 97 10 6
93 98 3 7
93 99 9 9
94 95 6 4
94 96 5 8
94 97 4 4
94 99 10 4
94 100 10 5
95 96 7 2
95 97 5 2
95 98 3 3
95 100 5 1
96 98 10 2
96 99 6 1
96 100 7 5
97 98 5 7
97 99 2 4
97 100 9 10
98 99 6 5
98 100 2 9
99 100 1 6
1
1 2 3 4 5 6 7 8 9 10 11 12 13 14 15 16 17 18 19 20 21 22 23 24 25 26 27 28 29 30 31 32 33 34 35 36 37 38 39 40 41 42 43 44 45 46 47 48 49 50
