3927
1 3 10 6
1 4 1 2
1 5 2 5
1 6 8 9
1 8 6 6
1 9 2 1
1 11 8 7
1 12 4 1
1 13 10 5
1 14 10 9
1 15 2 10
1 16 9 5
1 17 7 4
1 18 10 5
1 19 1 3
1 20 6 8
1 21 6 2
1 23 2 8
1 24 5 8
1 25 9 5
1 26 1 6
1 28 3 7
1 29 9 9
1 30 6 5
1 31 2 6
1 32 9 6
1 35 8 5
1 36 7 1
1 37 1 3
1 38 3 8
1 39 9 4
1 40 4 3
1 41 10 5
1 42 2 1
1 43 2 2
1 44 8 8
1 45 10 7
1 46 3 2
1 47 7 2
1 48 1 4
1 49 8 2
1 51 1 6
1 52 8 5
1 53 7 4
1 54 1 4
1 55 2 9
1 56 2 5
1 57 2 8
1 58 8 5
1 59 4 8
1 62 9 3
1 63 8 6
1 64 7 8
1 65 4 10
1 67 1 2
1 68 7 5
1 69 7 8
1 70 10 7
1 71 5 4
1 73 9 6
1 74 1 5
1 76 6 6
1 77 5 7
1 78 9 3
1 79 2 6
1 80 4 1
1 81 7 6
1 82 9 10
1 83 4 8
1 86 5 4
1 87 4 4
1 88 1 7
1 89 5 6
1 90 5 3
1 91 1 2
1 92 6 10
1 93 4 6
1 94 10 9
1 95 8 7
1 96 8 8
1 97 9 3
1 98 4 2
1 99 3 10
1 100 1 8
2 4 2 1
2 5 1 9
2 7 8 8
2 8 3 2
2 11 9 6
2 12 2 1
2 13 8 1
2 14 10 9
2 15 1 9
2 16 5 1
2 17 1 9
2 18 5 7
2 19 10 1
2 21 2 6
2 22 7 8
2 23 4 2
2 24 9 9
2 25 4 1
2 26 9 7
2 27 8 4
2 29 10 10
2 30 8 2
2 31 3 5
2 32 7 4
2 33 3 5
2 34 10 6
2 35 5 10
2 36 2 5
2 37 8 1
2 39 1 10
2 40 10 4
2 41 9 10
2 42 3 7
2 43 8 9
2 46 4 9
2 47 1 1
2 49 5 3
2 50 8 6
2 52 5 8
2 53 7 6
2 55 6 1
2 56 4 3
2 57 1 6
2 58 6 6
2 59 2 1
2 61 1 10
2 62 6 7
2 63 10 7
2 65 1 2
2 66 9 8
2 67 1 1
2 70 6 1
2 73 1 1
2 74 7 3
2 75 8 2
2 76 2 8
2 77 2 9
2 79 8 6
2 80 4 10
2 81 2 4
2 82 1 3
2 85 4 2
2 86 2 10
2 87 5 9
2 89 9 4
2 90 9 4
2 91 10 5
2 92 2 10
2 93 6 3
2 94 3 4
2 95 7 4
2 96 10 5
2 97 7 3
2 98 7 10
2 99 1 2
2 100 5 7
3 4 7 1
3 5 5 2
3 6 4 5
3 7 6 9
3 8 1 1
3 9 9 10
3 10 4 4
3 11 9 7
3 12 6 5
3 13 9 9
3 14 10 2
3 15 7 4
3 16 2 10
3 17 6 7
3 18 4 5
3 20 10 3
3 21 1 4
3 22 2 2
3 23 1 2
3 25 10 10
3 27 1 4
3 28 5 9
3 29 3 1
3 31 4 5
3 33 9 9
3 35 7 9
3 36 3 9
3 37 6 8
3 39 1 7
3 40 2 8
3 41 4 4
3 42 5 6
3 43 7 4
3 44 1 10
3 46 1 1
3 47 6 4
3 48 7 1
3 49 7 8
3 51 9 8
3 52 7 3
3 54 1 5
3 55 3 3
3 57 6 6
3 58 7 5
3 59 7 1
3 61 9 2
3 62 3 9
3 64 3 1
3 65 8 10
3 66 1 6
3 68 1 10
3 69 1 6
3 71 9 2
3 74 2 6
3 75 6 2
3 76 9 3
3 77 6 8
3 78 10 4
3 79 6 10
3 82 10 9
3 83 1 2
3 84 2 1
3 85 8 8
3 89 1 9
3 91 10 6
3 92 6 9
3 93 4 4
3 94 3 4
3 95 3 3
3 96 10 8
3 97 7 5
3 98 2 3
3 99 8 4
4 5 3 7
4 6 2 5
4 7 8 7
4 8 9 4
4 9 2 4
4 10 3 1
4 11 5 5
4 12 1 3
4 13 10 1
4 14 9 3
4 15 7 10
4 16 8 10
4 17 7 2
4 18 9 3
4 19 5 2
4 20 9 10
4 21 3 4
4 22 2 9
4 23 1 3
4 24 10 2
4 25 3 5
4 26 9 9
4 27 10 8
4 28 5 7
4 30 7 2
4 31 5 2
4 32 6 8
4 33 6 10
4 34 5 5
4 35 3 2
4 36 4 3
4 37 7 4
4 38 8 5
4 41 5 10
4 42 9 10
4 43 8 2
4 45 10 4
4 46 1 7
4 48 4 10
4 49 1 3
4 50 2 3
4 52 10 4
4 53 1 3
4 54 10 6
4 55 1 1
4 56 10 5
4 57 10 7
4 58 5 6
4 59 6 1
4 61 7 4
4 63 2 9
4 64 1 3
4 65 9 2
4 66 7 9
4 68 6 1
4 69 9 7
4 70 3 6
4 71 6 6
4 73 5 9
4 74 9 4
4 75 1 8
4 77 2 6
4 78 8 9
4 79 4 4
4 81 9 8
4 82 10 2
4 83 2 4
4 84 6 6
4 86 5 6
4 87 7 7
4 88 2 8
4 89 4 7
4 90 1 3
4 95 7 7
4 96 3 4
4 99 8 9
4 100 4 6
5 6 8 7
5 7 4 6
5 8 10 9
5 10 4 9
5 11 6 6
5 12 2 6
5 13 7 1
5 14 10 9
5 16 7 1
5 17 3 2
5 18 10 10
5 19 6 8
5 20 2 8
5 21 6 8
5 22 9 9
5 23 9 1
5 24 10 5
5 25 1 7
5 26 4 7
5 27 2 5
5 28 10 8
5 29 3 4
5 30 4 9
5 31 2 4
5 33 8 2
5 34 6 7
5 35 3 1
5 36 5 8
5 37 2 1
5 38 8 3
5 42 2 10
5 43 10 6
5 44 6 9
5 45 6 1
5 46 10 3
5 47 5 2
5 49 9 8
5 50 6 6
5 51 2 3
5 52 1 7
5 53 4 3
5 54 10 10
5 55 1 5
5 56 3 4
5 57 2 10
5 60 2 8
5 61 1 4
5 62 7 8
5 63 4 2
5 65 6 7
5 66 2 10
5 67 8 8
5 68 10 9
5 70 9 10
5 71 3 7
5 73 1 9
5 75 2 1
5 76 9 7
5 77 2 1
5 78 1 10
5 79 1 4
5 81 9 6
5 83 8 5
5 84 4 9
5 87 8 3
5 88 4 10
5 89 5 5
5 90 5 6
5 92 10 2
5 93 4 10
5 94 7 7
5 95 9 3
5 98 6 6
6 7 6 3
6 8 1 2
6 9 1 10
6 10 5 10
6 11 8 9
6 13 6 7
6 14 5 1
6 15 4 1
6 18 2 8
6 19 1 9
6 20 10 3
6 21 7 10
6 22 7 1
6 23 6 2
6 25 8 3
6 26 9 6
6 27 5 5
6 29 2 6
6 30 4 7
6 31 1 6
6 32 6 6
6 33 4 6
6 38 6 8
6 39 9 5
6 41 1 8
6 42 10 9
6 44 4 2
6 45 6 10
6 46 8 10
6 47 3 6
6 48 3 2
6 49 10 2
6 50 3 4
6 52 9 4
6 54 10 2
6 55 6 2
6 56 8 6
6 57 10 9
6 58 7 1
6 59 10 6
6 60 3 8
6 61 6 5
6 63 1 3
6 64 6 9
6 65 7 7
6 66 9 4
6 67 2 9
6 68 7 6
6 69 3 10
6 70 7 10
6 72 10 6
6 75 4 9
6 76 5 9
6 79 3 5
6 80 3 6
6 81 8 6
6 82 10 8
6 83 6 9
6 84 6 5
6 85 8 7
6 86 2 3
6 87 10 5
6 89 5 1
6 90 4 6
6 92 3 9
6 93 7 6
6 94 6 3
6 95 4 9
6 97 6 8
6 99 1 5
6 100 4 7
7 9 10 8
7 10 8 4
7 11 2 2
7 13 10 9
7 14 6 4
7 15 3 5
7 16 1 3
7 17 1 5
7 18 2 4
7 21 5 10
7 22 4 1
7 23 1 9
7 24 2 6
7 25 9 6
7 26 7 7
7 27 4 9
7 28 10 3
7 29 4 8
7 31 6 10
7 32 9 6
7 33 10 2
7 35 5 6
7 36 1 2
7 37 4 8
7 38 8 10
7 39 5 7
7 40 8 7
7 41 9 1
7 45 1 6
7 46 6 3
7 47 8 3
7 48 4 1
7 49 1 9
7 50 1 9
7 51 10 10
7 52 1 2
7 53 2 9
7 54 10 10
7 55 8 2
7 56 3 9
7 57 1 1
7 59 7 2
7 61 2 6
7 62 10 3
7 64 4 8
7 65 2 5
7 66 10 3
7 67 9 1
7 68 3 2
7 71 7 6
7 72 2 3
7 76 2 6
7 77 6 2
7 78 2 9
7 79 3 9
7 81 4 3
7 82 4 6
7 84 7 7
7 85 9 2
7 86 6 3
7 88 5 4
7 90 3 8
7 92 4 9
7 93 9 3
7 94 8 8
7 95 8 8
7 96 1 9
7 97 4 8
7 98 9 5
7 99 2 5
7 100 5 5
8 9 5 1
8 10 2 2
8 11 10 10
8 13 5 2
8 14 7 3
8 15 10 7
8 16 1 6
8 17 3 6
8 18 7 1
8 19 2 3
8 20 10 3
8 21 7 5
8 22 7 5
8 24 10 3
8 25 2 8
8 26 4 5
8 27 8 5
8 28 10 6
8 29 8 6
8 30 7 3
8 31 7 9
8 32 10 8
8 33 2 9
8 34 9 8
8 35 9 4
8 36 8 7
8 37 7 9
8 38 7 5
8 39 9 2
8 40 9 1
8 41 2 9
8 42 1 10
8 43 6 3
8 44 3 6
8 47 7 4
8 48 2 10
8 49 6 10
8 50 8 3
8 51 6 2
8 53 7 7
8 54 4 3
8 55 7 3
8 57 10 1
8 58 9 6
8 60 8 2
8 61 10 1
8 62 7 10
8 64 10 4
8 65 5 9
8 66 10 5
8 67 3 5
8 68 8 1
8 69 5 1
8 70 10 10
8 71 6 9
8 72 4 1
8 75 4 1
8 76 6 6
8 77 10 6
8 78 9 3
8 79 2 7
8 80 6 2
8 81 10 9
8 82 2 1
8 83 5 7
8 85 10 7
8 86 4 2
8 88 10 3
8 89 10 1
8 90 1 8
8 91 6 5
8 92 9 8
8 93 2 7
8 94 7 9
8 95 1 3
8 96 1 7
8 97 5 1
8 98 10 6
8 99 8 2
8 100 8 7
9 12 7 9
9 13 3 4
9 15 7 9
9 16 1 10
9 18 2 9
9 19 10 4
9 21 5 10
9 22 5 7
9 24 3 4
9 25 9 2
9 26 3 3
9 27 3 3
9 28 6 2
9 29 4 10
9 30 2 6
9 31 10 6
9 32 3 4
9 33 5 9
9 34 5 2
9 35 7 2
9 37 3 6
9 38 8 10
9 39 1 4
9 41 3 8
9 42 2 3
9 43 3 10
9 44 1 3
9 45 7 6
9 46 6 8
9 47 4 9
9 48 2 5
9 49 8 7
9 52 4 3
9 56 8 6
9 57 8 1
9 58 3 4
9 59 10 10
9 60 4 7
9 61 8 9
9 62 9 1
9 63 2 4
9 64 10 2
9 66 4 4
9 67 5 4
9 68 4 6
9 69 9 1
9 70 2 7
9 72 8 6
9 73 8 10
9 74 7 8
9 75 5 9
9 76 3 8
9 77 5 10
9 78 6 1
9 79 9 8
9 80 7 8
9 81 8 9
9 82 5 2
9 83 10 9
9 84 5 10
9 85 6 3
9 86 3 2
9 87 6 8
9 88 4 7
9 89 5 4
9 90 3 1
9 91 3 6
9 92 6 5
9 93 8 6
9 94 10 9
9 95 2 2
9 96 5 7
9 97 3 1
9 98 7 8
10 11 6 3
10 12 4 6
10 13 7 7
10 14 9 2
10 15 7 5
10 16 3 2
10 18 4 10
10 19 9 2
10 21 10 8
10 22 10 4
10 23 4 2
10 24 7 6
10 25 5 7
10 26 7 9
10 29 5 8
10 30 5 6
10 31 2 4
10 34 1 5
10 35 4 8
10 36 8 1
10 37 5 10
10 38 3 4
10 39 3 6
10 40 2 2
10 41 3 1
10 42 2 5
10 44 3 8
10 45 9 10
10 46 9 5
10 49 8 1
10 50 7 3
10 51 9 3
10 52 7 1
10 53 7 6
10 55 1 2
10 56 6 10
10 59 8 7
10 60 5 10
10 61 5 2
10 62 3 8
10 63 4 3
10 65 5 1
10 66 3 6
10 68 7 1
10 69 10 4
10 70 8 7
10 71 8 9
10 72 10 10
10 73 10 8
10 74 5 3
10 75 10 10
10 76 8 1
10 77 9 3
10 78 3 4
10 80 8 5
10 81 1 10
10 82 6 2
10 83 8 6
10 85 1 8
10 86 8 2
10 87 8 2
10 88 7 5
10 89 3 1
10 91 2 4
10 92 1 3
10 93 5 7
10 94 2 5
10 95 2 10
10 96 9 1
10 98 8 2
10 99 1 4
11 13 7 1
11 14 4 10
11 15 8 5
11 17 8 7
11 18 4 3
11 19 3 5
11 20 2 6
11 21 8 3
11 24 6 8
11 25 8 4
11 26 2 4
11 27 9 2
11 28 10 7
11 30 10 8
11 31 9 6
11 32 3 5
11 34 6 3
11 35 1 4
11 36 6 3
11 37 6 6
11 38 10 8
11 39 4 3
11 40 1 2
11 41 4 7
11 42 8 8
11 43 9 3
11 44 2 3
11 45 5 10
11 46 10 8
11 48 5 9
11 49 6 7
11 50 2 7
11 51 4 4
11 52 9 7
11 53 6 1
11 54 8 3
11 55 6 3
11 56 2 10
11 57 4 10
11 58 2 6
11 59 7 1
11 60 9 1
11 61 4 6
11 62 1 6
11 63 10 3
11 64 8 6
11 65 9 1
11 66 4 7
11 67 10 3
11 69 2 4
11 70 9 10
11 73 2 5
11 74 1 10
11 75 2 1
11 76 2 7
11 77 8 6
11 79 5 1
11 80 7 2
11 81 5 2
11 82 1 3
11 83 8 5
11 84 8 5
11 85 10 5
11 86 8 5
11 87 4 6
11 88 4 10
11 89 4 3
11 90 4 9
11 91 6 8
11 92 1 8
11 93 5 10
11 94 4 1
11 95 8 4
11 97 4 4
11 98 5 1
11 99 6 6
12 13 6 6
12 17 7 9
12 18 7 9
12 19 3 6
12 20 1 4
12 22 10 5
12 24 9 2
12 25 8 10
12 28 1 9
12 29 5 7
12 30 6 1
12 32 4 4
12 33 3 2
12 34 6 2
12 36 8 7
12 37 2 7
12 39 8 2
12 40 6 1
12 41 6 2
12 42 2 8
12 43 8 5
12 45 5 6
12 47 3 8
12 48 3 1
12 49 2 7
12 50 4 3
12 52 5 1
12 53 2 2
12 55 9 8
12 56 10 3
12 57 7 6
12 58 6 10
12 60 5 8
12 61 10 1
12 62 7 9
12 64 2 10
12 65 1 1
12 66 5 2
12 67 8 2
12 68 3 9
12 69 6 8
12 70 1 6
12 71 10 8
12 72 9 3
12 75 2 9
12 76 1 2
12 78 8 3
12 80 5 3
12 82 1 9
12 83 7 10
12 84 7 8
12 86 9 5
12 87 6 7
12 88 10 2
12 90 8 4
12 91 7 2
12 92 4 2
12 93 6 4
12 94 9 1
12 95 4 4
12 96 6 5
12 97 9 4
12 98 10 8
12 99 2 1
12 100 3 8
13 14 1 5
13 15 2 9
13 17 5 1
13 18 9 10
13 19 7 5
13 20 6 7
13 21 9 2
13 22 7 1
13 23 7 8
13 24 2 9
13 25 6 9
13 26 8 9
13 27 6 9
13 28 3 5
13 29 1 5
13 30 8 5
13 31 8 3
13 32 2 8
13 33 2 4
13 34 6 5
13 35 3 9
13 36 5 10
13 38 1 10
13 39 10 1
13 40 3 7
13 41 10 2
13 42 4 5
13 43 4 1
13 46 10 4
13 48 2 10
13 49 6 9
13 50 5 4
13 51 3 1
13 52 6 6
13 53 5 3
13 54 10 5
13 55 3 7
13 56 8 1
13 57 3 2
13 58 2 10
13 59 5 5
13 60 6 7
13 61 8 3
13 62 5 4
13 64 5 8
13 65 4 4
13 67 5 1
13 68 4 10
13 71 10 1
13 72 8 8
13 73 8 7
13 75 4 9
13 76 10 1
13 77 2 4
13 78 9 1
13 79 10 5
13 80 7 10
13 81 6 4
13 82 2 4
13 84 7 7
13 85 5 4
13 86 10 5
13 87 6 4
13 88 4 7
13 89 9 6
13 90 1 10
13 91 3 7
13 93 6 8
13 94 6 8
13 95 1 6
13 98 5 1
13 99 8 6
13 100 2 10
14 15 6 2
14 16 5 10
14 20 1 6
14 21 10 5
14 22 3 1
14 23 7 7
14 24 7 5
14 25 6 1
14 26 2 10
14 27 4 9
14 28 7 7
14 29 7 4
14 32 3 4
14 33 3 5
14 34 2 1
14 35 8 1
14 36 6 4
14 37 8 2
14 38 4 6
14 40 4 9
14 41 1 7
14 43 3 4
14 45 6 7
14 46 1 10
14 47 2 1
14 48 5 7
14 49 9 6
14 50 7 10
14 51 9 5
14 52 9 6
14 53 7 10
14 54 5 10
14 55 2 7
14 56 3 4
14 57 3 2
14 58 3 2
14 60 4 7
14 61 10 3
14 62 2 3
14 63 8 2
14 64 7 3
14 65 3 6
14 68 6 5
14 69 1 3
14 70 2 5
14 71 10 2
14 72 3 5
14 73 3 4
14 74 3 5
14 75 9 9
14 77 4 6
14 78 3 3
14 79 10 1
14 81 4 3
14 82 8 9
14 83 9 5
14 84 10 6
14 85 10 1
14 87 3 4
14 88 5 7
14 90 2 3
14 91 1 9
14 92 4 10
14 93 3 6
14 94 1 3
14 95 4 6
14 96 5 3
14 97 3 6
14 98 1 10
14 100 1 2
15 17 5 7
15 18 8 4
15 19 2 7
15 22 4 7
15 23 8 2
15 26 3 1
15 27 4 4
15 28 5 9
15 29 7 10
15 30 8 7
15 31 1 8
15 32 8 5
15 33 9 10
15 34 9 1
15 35 2 3
15 36 10 5
15 37 8 9
15 39 7 3
15 40 5 10
15 42 5 4
15 43 8 9
15 44 8 7
15 45 2 4
15 46 6 9
15 47 5 7
15 48 5 7
15 49 7 6
15 51 4 6
15 52 4 9
15 53 3 2
15 54 10 7
15 56 8 1
15 57 9 9
15 58 2 9
15 59 7 7
15 60 5 9
15 61 3 7
15 63 4 9
15 65 7 9
15 66 4 4
15 67 6 9
15 68 1 7
15 69 10 3
15 70 8 9
15 71 1 10
15 72 4 6
15 75 3 10
15 76 8 6
15 77 8 6
15 79 2 6
15 80 4 8
15 81 5 9
15 85 5 10
15 86 6 8
15 87 9 2
15 88 9 8
15 92 9 3
15 93 10 1
15 94 6 1
15 95 10 6
15 96 4 9
15 98 5 10
15 99 2 5
15 100 3 5
16 19 4 6
16 20 7 6
16 21 8 3
16 22 2 10
16 23 8 1
16 24 5 9
16 25 4 8
16 26 4 8
16 27 4 1
16 28 3 5
16 29 8 4
16 30 4 3
16 31 4 10
16 32 5 5
16 34 3 8
16 35 5 10
16 36 5 9
16 37 9 4
16 38 9 5
16 39 3 10
16 42 3 3
16 43 4 2
16 44 4 2
16 45 9 9
16 46 5 6
16 47 8 1
16 48 1 4
16 49 3 10
16 51 10 3
16 52 7 10
16 53 4 5
16 54 1 9
16 55 8 10
16 56 1 1
16 57 10 9
16 58 3 8
16 59 7 7
16 60 7 8
16 61 10 5
16 62 5 1
16 63 1 7
16 65 10 10
16 66 1 9
16 67 2 6
16 68 5 3
16 69 6 2
16 70 7 3
16 71 2 2
16 72 5 1
16 73 2 1
16 74 5 2
16 75 10 8
16 77 5 8
16 79 3 4
16 80 2 10
16 82 3 3
16 83 3 8
16 84 5 5
16 85 7 4
16 86 9 1
16 87 3 1
16 89 8 5
16 92 8 8
16 93 8 5
16 96 9 2
16 97 3 5
16 99 10 10
16 100 7 6
17 18 5 6
17 19 7 4
17 20 4 6
17 22 3 7
17 23 2 5
17 24 5 7
17 26 5 2
17 27 4 1
17 28 2 3
17 30 9 5
17 31 6 6
17 32 2 6
17 33 6 3
17 34 4 5
17 35 10 8
17 37 8 10
17 38 9 8
17 39 3 8
17 40 5 2
17 42 9 1
17 44 8 7
17 45 7 2
17 46 5 5
17 47 7 8
17 48 5 3
17 49 7 2
17 50 7 5
17 53 6 4
17 54 1 5
17 56 6 2
17 57 8 9
17 59 9 1
17 61 5 5
17 62 9 3
17 63 3 10
17 64 7 5
17 65 5 10
17 66 4 9
17 67 9 4
17 68 7 4
17 69 5 4
17 70 10 6
17 71 2 9
17 72 9 4
17 73 9 8
17 74 4 2
17 75 1 6
17 76 7 5
17 78 3 9
17 79 9 6
17 80 1 1
17 81 1 7
17 82 6 10
17 83 10 3
17 84 7 8
17 86 1 9
17 87 9 1
17 88 6 8
17 89 9 6
17 90 5 6
17 91 2 1
17 92 10 5
17 93 5 6
17 94 6 3
17 96 2 8
17 98 6 6
17 99 3 10
17 100 7 9
18 19 9 9
18 20 7 7
18 21 2 8
18 22 7 1
18 23 10 10
18 24 5 7
18 25 4 5
18 26 5 4
18 27 2 3
18 28 7 10
18 29 8 8
18 32 2 1
18 33 1 3
18 34 6 6
18 35 2 1
18 36 1 2
18 37 3 9
18 39 9 3
18 40 1 4
18 41 8 1
18 43 9 9
18 44 10 5
18 45 5 9
18 46 10 10
18 47 9 8
18 48 8 4
18 49 1 4
18 50 10 5
18 53 5 10
18 54 9 5
18 55 4 1
18 56 1 10
18 58 8 8
18 59 3 1
18 61 3 7
18 62 4 2
18 64 5 9
18 65 3 2
18 66 3 5
18 68 5 9
18 69 6 9
18 70 2 3
18 71 7 9
18 72 8 4
18 73 2 9
18 75 2 4
18 76 5 10
18 77 4 10
18 78 10 2
18 80 4 2
18 81 4 4
18 82 1 7
18 83 10 1
18 86 2 3
18 88 9 1
18 89 2 5
18 91 7 9
18 92 8 3
18 94 5 3
18 95 2 6
18 97 10 8
18 98 3 1
18 99 7 2
18 100 2 10
19 20 5 7
19 22 10 6
19 23 7 5
19 24 1 10
19 25 3 5
19 26 4 4
19 27 3 5
19 28 7 1
19 29 9 5
19 30 2 1
19 31 1 6
19 32 4 5
19 33 1 3
19 34 4 2
19 36 1 10
19 37 9 9
19 38 9 1
19 39 8 6
19 41 3 1
19 42 4 9
19 43 3 10
19 44 6 2
19 45 5 9
19 46 4 8
19 47 5 9
19 48 5 10
19 49 2 4
19 51 6 10
19 52 4 10
19 53 3 4
19 54 3 8
19 55 7 2
19 57 10 1
19 58 2 1
19 59 2 8
19 61 9 7
19 63 3 4
19 64 4 7
19 66 6 8
19 67 3 1
19 68 5 6
19 69 1 10
19 71 7 7
19 72 4 7
19 73 9 6
19 74 3 8
19 75 5 7
19 76 2 8
19 77 7 10
19 78 5 8
19 79 7 7
19 80 1 5
19 82 9 6
19 83 7 4
19 85 9 2
19 88 5 5
19 89 9 3
19 90 1 8
19 91 6 8
19 92 4 9
19 93 6 10
19 94 9 4
19 95 1 10
19 96 2 4
19 97 7 3
19 100 1 2
20 21 3 2
20 22 7 3
20 23 7 10
20 24 4 8
20 25 6 3
20 26 5 7
20 27 1 10
20 28 3 2
20 29 5 4
20 30 4 5
20 31 9 9
20 32 9 8
20 33 4 5
20 34 6 8
20 35 9 2
20 36 7 9
20 37 8 1
20 38 4 7
20 39 4 2
20 40 4 9
20 41 9 2
20 42 8 4
20 44 7 3
20 46 9 2
20 47 2 4
20 48 8 5
20 49 9 5
20 50 10 1
20 51 8 1
20 52 2 4
20 53 9 1
20 55 8 8
20 57 2 9
20 58 4 10
20 59 7 6
20 60 1 9
20 61 9 8
20 62 3 9
20 65 7 1
20 66 10 5
20 68 8 4
20 69 7 4
20 70 10 8
20 72 9 7
20 73 6 6
20 74 4 7
20 77 3 7
20 78 3 9
20 79 6 4
20 80 6 7
20 81 10 9
20 82 4 6
20 83 2 5
20 84 1 3
20 85 8 10
20 86 9 4
20 88 5 7
20 89 6 8
20 90 9 1
20 91 10 5
20 93 3 2
20 94 7 6
20 95 10 6
20 96 9 5
20 97 4 9
20 98 2 3
20 99 9 6
20 100 5 6
21 23 1 6
21 24 6 10
21 25 1 2
21 26 4 4
21 27 3 7
21 28 9 6
21 29 1 6
21 30 5 2
21 31 10 2
21 32 6 5
21 33 8 7
21 34 7 4
21 35 7 3
21 36 10 7
21 37 3 5
21 38 4 4
21 39 3 6
21 41 6 6
21 43 2 8
21 44 2 5
21 45 8 7
21 46 8 1
21 47 1 4
21 48 7 8
21 49 10 3
21 50 3 8
21 51 7 7
21 52 4 2
21 53 10 6
21 54 4 8
21 55 2 8
21 56 3 1
21 59 6 2
21 60 2 1
21 61 4 7
21 62 1 7
21 63 7 7
21 64 6 10
21 65 5 8
21 66 7 3
21 67 5 5
21 69 2 4
21 70 1 7
21 71 10 1
21 72 5 8
21 75 5 9
21 76 9 4
21 77 1 1
21 78 4 4
21 79 8 3
21 80 4 7
21 81 5 8
21 82 4 5
21 83 4 8
21 84 4 7
21 85 6 10
21 86 9 8
21 87 1 3
21 89 4 6
21 90 4 10
21 91 4 7
21 92 6 10
21 94 2 7
21 95 4 9
21 97 8 7
21 98 6 8
21 99 5 4
22 23 6 2
22 25 9 3
22 26 5 10
22 27 5 7
22 28 9 4
22 29 2 7
22 31 3 3
22 32 1 6
22 33 7 5
22 34 9 1
22 36 1 2
22 37 8 9
22 38 7 7
22 42 7 3
22 44 9 4
22 45 1 9
22 46 1 1
22 47 8 3
22 48 2 10
22 50 9 10
22 52 10 9
22 54 7 8
22 55 6 2
22 57 1 1
22 58 3 3
22 59 2 2
22 60 1 6
22 62 6 1
22 63 3 3
22 64 4 4
22 65 10 10
22 66 4 10
22 67 3 9
22 69 7 9
22 71 3 4
22 72 2 6
22 74 3 1
22 75 6 9
22 76 7 7
22 77 1 8
22 78 4 6
22 79 7 8
22 81 10 2
22 82 2 2
22 83 7 7
22 84 3 1
22 85 3 9
22 86 5 7
22 87 5 6
22 88 3 2
22 89 2 4
22 90 10 8
22 91 9 3
22 92 2 5
22 93 4 4
22 94 2 1
22 95 3 9
22 96 2 6
22 97 8 6
22 99 5 4
22 100 9 4
23 24 2 7
23 25 1 2
23 26 2 10
23 28 9 5
23 29 8 1
23 30 1 10
23 32 9 4
23 33 4 9
23 34 3 4
23 35 2 10
23 36 5 7
23 37 1 9
23 38 7 6
23 40 6 5
23 41 1 1
23 42 8 7
23 43 5 6
23 44 10 10
23 45 8 6
23 48 2 4
23 49 7 4
23 50 4 6
23 52 8 3
23 53 3 3
23 55 8 1
23 56 9 8
23 57 1 10
23 58 5 4
23 59 6 2
23 60 7 10
23 61 10 5
23 62 3 1
23 63 2 6
23 64 5 9
23 65 6 9
23 66 2 1
23 67 4 4
23 68 1 5
23 69 10 6
23 70 2 5
23 72 5 10
23 73 3 7
23 74 2 10
23 76 7 2
23 77 7 2
23 78 3 4
23 79 5 1
23 80 8 6
23 81 7 6
23 82 10 4
23 84 3 10
23 85 4 10
23 88 9 9
23 89 5 1
23 90 7 10
23 91 2 9
23 92 10 4
23 93 6 8
23 94 6 5
23 95 5 1
23 96 9 7
23 97 5 9
23 98 5 10
23 99 8 2
23 100 3 3
24 25 3 5
24 26 7 6
24 27 1 6
24 28 6 8
24 29 9 6
24 30 3 6
24 31 8 8
24 32 5 10
24 34 10 5
24 35 3 7
24 36 8 7
24 37 3 4
24 40 7 10
24 41 2 1
24 42 1 7
24 43 8 5
24 45 9 6
24 46 6 1
24 47 8 1
24 48 2 4
24 50 3 9
24 52 5 3
24 53 1 8
24 54 7 1
24 55 6 8
24 56 2 1
24 59 5 9
24 61 2 4
24 62 7 1
24 63 4 5
24 65 6 1
24 67 10 10
24 69 9 6
24 70 8 5
24 71 10 9
24 73 5 4
24 74 3 8
24 75 1 10
24 76 2 1
24 77 2 8
24 78 2 2
24 79 10 8
24 80 4 4
24 82 7 6
24 83 3 10
24 85 2 6
24 86 5 8
24 87 4 9
24 88 2 8
24 89 3 4
24 90 7 9
24 91 4 5
24 93 10 10
24 94 5 9
24 95 4 9
24 96 3 8
24 97 7 5
24 98 10 1
24 99 6 2
24 100 9 1
25 26 6 8
25 31 5 3
25 33 2 3
25 35 2 10
25 36 10 8
25 37 10 3
25 38 5 2
25 40 2 8
25 41 4 6
25 43 9 3
25 46 1 10
25 49 4 4
25 50 9 3
25 52 10 8
25 54 7 7
25 55 9 4
25 57 8 3
25 58 5 7
25 59 3 5
25 60 3 2
25 61 8 4
25 62 8 1
25 64 2 1
25 65 4 9
25 67 6 3
25 68 5 7
25 69 4 4
25 70 10 7
25 71 8 7
25 72 3 10
25 73 7 4
25 74 10 2
25 75 1 3
25 76 10 10
25 77 6 8
25 78 7 3
25 80 1 9
25 81 5 7
25 82 10 4
25 83 1 2
25 84 10 9
25 85 5 10
25 88 7 3
25 89 1 8
25 90 7 9
25 92 3 4
25 94 4 3
25 96 6 10
25 97 3 6
25 99 9 8
25 100 6 10
26 27 1 4
26 28 7 9
26 30 7 8
26 31 5 2
26 32 9 6
26 35 8 7
26 36 2 6
26 37 5 10
26 38 9 7
26 41 1 4
26 42 1 2
26 43 10 8
26 44 3 6
26 45 8 5
26 46 1 7
26 48 1 1
26 49 2 10
26 50 2 10
26 51 9 5
26 52 1 9
26 55 1 10
26 57 6 7
26 58 10 4
26 59 6 2
26 60 4 5
26 61 10 7
26 64 6 5
26 65 4 7
26 66 8 8
26 67 5 9
26 69 2 1
26 70 9 3
26 71 4 7
26 74 5 9
26 75 5 8
26 76 6 10
26 78 4 3
26 80 6 4
26 82 1 9
26 83 2 3
26 84 5 7
26 85 3 8
26 87 9 1
26 90 1 5
26 92 10 5
26 93 4 4
26 94 7 9
26 98 8 7
26 99 1 10
26 100 5 7
27 28 5 2
27 29 2 10
27 30 9 7
27 31 9 5
27 32 8 9
27 33 5 8
27 34 10 1
27 35 1 2
27 36 7 7
27 38 3 4
27 39 1 9
27 40 8 7
27 41 1 1
27 42 8 2
27 43 9 10
27 44 2 9
27 45 8 1
27 46 8 1
27 47 6 9
27 48 1 7
27 50 7 10
27 54 2 10
27 55 5 6
27 57 5 8
27 58 7 9
27 61 5 9
27 62 2 1
27 64 10 2
27 65 2 10
27 66 5 8
27 67 9 2
27 68 9 6
27 69 8 9
27 70 4 6
27 72 6 8
27 73 7 7
27 74 5 6
27 75 1 9
27 76 9 1
27 77 1 4
27 78 1 4
27 80 6 2
27 81 2 1
27 82 4 4
27 84 4 2
27 85 1 9
27 87 7 2
27 88 4 10
27 91 10 4
27 92 2 1
27 93 7 7
27 95 4 10
27 98 6 7
27 99 5 5
27 100 4 1
28 29 4 1
28 31 6 1
28 32 5 9
28 33 7 2
28 34 5 5
28 35 7 2
28 36 1 9
28 37 7 3
28 38 2 5
28 39 7 1
28 40 1 9
28 41 10 6
28 42 10 5
28 43 1 9
28 45 10 5
28 46 10 3
28 48 2 2
28 49 1 6
28 50 1 7
28 51 3 4
28 52 6 5
28 53 3 8
28 54 5 8
28 55 6 9
28 57 9 4
28 58 5 10
28 59 8 6
28 60 5 6
28 61 8 8
28 63 3 7
28 64 6 10
28 65 5 6
28 66 7 4
28 67 10 10
28 69 4 6
28 71 10 5
28 73 8 2
28 74 2 2
28 77 4 9
28 78 3 1
28 79 3 9
28 80 10 10
28 81 10 9
28 82 7 3
28 83 3 8
28 84 2 2
28 85 4 8
28 86 9 1
28 87 8 1
28 88 10 8
28 89 6 5
28 91 1 5
28 92 7 3
28 93 5 9
28 94 9 6
28 95 5 6
28 98 2 5
28 99 7 6
28 100 1 10
29 30 5 2
29 32 4 1
29 34 2 2
29 35 10 5
29 36 5 6
29 37 6 3
29 38 1 9
29 39 10 5
29 40 1 8
29 41 1 8
29 42 9 5
29 43 4 6
29 44 9 5
29 46 1 8
29 47 8 2
29 48 6 1
29 49 5 3
29 50 9 2
29 51 3 7
29 52 3 5
29 53 5 9
29 54 1 7
29 55 7 8
29 57 7 9
29 58 4 1
29 59 5 9
29 60 2 3
29 61 9 7
29 62 4 2
29 64 2 5
29 66 2 8
29 67 2 8
29 68 10 6
29 69 1 7
29 70 4 10
29 71 7 2
29 72 10 10
29 73 2 4
29 74 1 2
29 75 2 9
29 76 7 2
29 77 3 3
29 78 2 10
29 79 9 3
29 80 9 2
29 81 7 5
29 86 2 4
29 87 9 6
29 88 9 5
29 89 7 3
29 90 7 1
29 91 2 1
29 93 6 8
29 94 6 5
29 95 10 1
29 96 7 6
29 97 10 1
29 98 8 5
29 99 10 4
29 100 8 4
30 31 1 2
30 32 6 8
30 33 2 2
30 34 5 3
30 35 10 1
30 36 6 4
30 37 5 2
30 38 9 4
30 39 3 3
30 40 10 4
30 41 8 4
30 44 5 10
30 45 7 5
30 46 4 9
30 47 9 7
30 49 6 9
30 50 4 5
30 51 6 1
30 52 1 10
30 56 2 7
30 59 8 6
30 60 5 1
30 61 4 7
30 62 9 2
30 64 10 5
30 67 7 6
30 69 8 1
30 70 6 10
30 71 5 2
30 73 3 2
30 76 9 2
30 77 8 7
30 78 1 8
30 81 9 9
30 82 2 8
30 83 2 4
30 84 5 3
30 85 9 2
30 86 8 8
30 87 4 2
30 88 9 3
30 89 8 3
30 90 9 10
30 91 8 5
30 92 3 9
30 93 3 3
30 94 2 8
30 95 10 8
30 96 2 1
30 97 1 4
30 99 8 10
30 100 9 2
31 32 10 3
31 33 5 10
31 34 6 4
31 35 5 1
31 36 1 1
31 37 1 2
31 38 10 1
31 39 3 7
31 40 6 7
31 41 5 2
31 44 8 3
31 46 10 9
31 48 7 2
31 50 2 1
31 51 4 8
31 52 9 10
31 53 5 10
31 54 10 3
31 56 5 6
31 57 1 5
31 58 2 6
31 59 1 9
31 60 2 1
31 61 10 5
31 63 1 7
31 64 3 3
31 65 3 5
31 66 6 1
31 67 7 8
31 69 1 5
31 70 1 9
31 71 8 6
31 73 7 7
31 74 9 4
31 75 10 6
31 76 4 3
31 77 2 7
31 78 2 10
31 79 10 4
31 80 1 2
31 81 4 4
31 83 8 6
31 84 7 6
31 86 2 1
31 87 1 10
31 88 3 6
31 89 4 8
31 90 10 2
31 92 5 8
31 93 5 5
31 95 8 9
31 97 6 9
31 99 4 6
31 100 5 10
32 33 4 3
32 34 9 9
32 35 9 1
32 36 10 9
32 37 3 1
32 38 7 9
32 40 3 9
32 41 3 7
32 42 7 7
32 43 9 3
32 44 10 1
32 45 1 1
32 46 8 5
32 47 4 9
32 48 7 6
32 49 10 9
32 51 10 2
32 52 1 1
32 53 2 2
32 54 7 7
32 55 5 9
32 56 6 4
32 58 5 3
32 59 5 2
32 60 9 9
32 61 6 8
32 63 7 5
32 64 5 7
32 65 8 1
32 66 9 4
32 67 2 3
32 68 1 8
32 69 2 6
32 70 2 3
32 71 5 8
32 72 4 3
32 73 10 8
32 74 7 1
32 76 6 1
32 78 10 5
32 79 1 3
32 80 5 4
32 82 5 4
32 83 6 2
32 84 1 4
32 87 6 1
32 88 9 8
32 89 1 4
32 90 2 4
32 92 7 10
32 93 5 2
32 94 7 1
32 95 10 7
32 96 5 8
32 97 8 6
32 98 5 5
33 36 1 2
33 37 4 6
33 38 10 9
33 39 1 7
33 40 10 3
33 41 6 3
33 42 7 2
33 43 1 9
33 44 6 8
33 45 7 2
33 46 1 1
33 47 5 10
33 48 8 5
33 49 8 3
33 50 4 3
33 51 2 5
33 52 5 7
33 54 10 5
33 56 1 8
33 57 7 5
33 58 1 1
33 60 2 7
33 61 3 6
33 63 6 7
33 64 6 3
33 68 1 8
33 69 6 6
33 70 8 1
33 71 1 6
33 72 9 5
33 73 6 6
33 74 5 9
33 75 5 1
33 76 1 6
33 77 4 2
33 78 10 2
33 79 5 1
33 80 5 3
33 82 3 5
33 84 1 6
33 85 2 7
33 87 2 8
33 88 3 10
33 89 4 5
33 90 1 3
33 91 9 1
33 92 5 3
33 93 7 8
33 94 10 9
33 95 1 8
33 96 2 6
33 97 5 3
33 99 8 1
33 100 5 9
34 35 8 2
34 36 10 3
34 37 1 1
34 39 4 6
34 40 8 7
34 41 6 6
34 42 8 7
34 43 9 9
34 44 1 5
34 45 8 1
34 46 3 5
34 47 3 10
34 48 10 5
34 49 1 4
34 50 7 6
34 51 7 5
34 52 4 8
34 53 3 1
34 54 3 10
34 55 10 6
34 57 2 10
34 58 8 8
34 59 3 6
34 60 7 9
34 61 6 6
34 62 9 5
34 63 9 7
34 65 3 1
34 66 8 5
34 68 2 9
34 70 6 10
34 72 7 10
34 73 5 10
34 74 1 10
34 76 6 9
34 78 2 2
34 79 8 5
34 80 8 7
34 81 9 4
34 82 2 3
34 83 10 6
34 86 7 4
34 87 10 5
34 88 3 8
34 89 1 10
34 91 4 10
34 92 4 6
34 93 8 6
34 94 8 4
34 95 8 10
34 96 10 4
34 97 4 5
34 98 9 8
34 99 5 5
34 100 3 1
35 36 9 7
35 37 4 4
35 38 9 10
35 39 4 2
35 40 1 2
35 41 4 10
35 42 3 7
35 43 2 1
35 45 1 4
35 46 3 1
35 48 9 9
35 49 4 1
35 50 1 6
35 51 10 3
35 52 2 6
35 53 7 8
35 54 2 10
35 55 6 7
35 56 7 9
35 58 1 9
35 59 8 4
35 60 7 7
35 61 5 7
35 62 2 7
35 63 1 4
35 64 1 6
35 65 1 9
35 67 2 7
35 69 6 6
35 70 10 6
35 71 8 4
35 72 2 2
35 73 1 1
35 74 2 2
35 75 9 2
35 76 3 2
35 77 3 1
35 80 5 1
35 81 10 8
35 82 5 5
35 83 1 10
35 85 6 7
35 87 2 7
35 88 10 8
35 89 2 5
35 90 10 8
35 91 5 5
35 92 4 7
35 93 8 9
35 94 8 1
35 95 6 5
35 96 1 1
35 100 7 6
36 38 5 7
36 39 9 5
36 40 6 9
36 42 1 6
36 44 10 2
36 45 6 10
36 46 4 2
36 47 4 2
36 48 3 2
36 49 8 8
36 50 8 10
36 52 9 5
36 53 5 4
36 54 8 7
36 55 6 3
36 56 4 4
36 58 5 7
36 59 10 9
36 60 2 9
36 61 1 7
36 62 5 2
36 63 9 2
36 64 2 7
36 65 10 7
36 66 3 1
36 67 5 8
36 68 9 6
36 69 1 3
36 70 5 6
36 71 1 2
36 72 9 2
36 73 4 7
36 74 7 10
36 75 8 5
36 76 6 5
36 78 3 7
36 79 10 6
36 80 7 7
36 81 7 2
36 82 1 3
36 83 9 9
36 84 5 6
36 85 3 1
36 86 8 5
36 87 2 5
36 88 5 7
36 89 1 6
36 92 10 6
36 94 10 10
36 95 8 10
36 97 6 1
36 98 4 2
36 99 8 9
36 100 5 1
37 39 1 10
37 40 2 6
37 41 6 8
37 42 5 2
37 43 5 4
37 44 4 3
37 46 2 8
37 47 4 9
37 49 9 6
37 50 5 1
37 51 10 5
37 52 9 9
37 55 3 5
37 56 1 3
37 57 10 8
37 58 10 6
37 60 8 7
37 61 5 10
37 62 8 6
37 63 9 4
37 65 10 3
37 67 1 10
37 69 6 7
37 70 9 4
37 71 3 10
37 72 5 4
37 73 8 2
37 76 7 5
37 79 10 4
37 80 2 2
37 81 9 7
37 83 6 4
37 84 2 9
37 85 2 4
37 87 8 7
37 88 9 9
37 89 6 4
37 90 6 7
37 91 6 4
37 93 7 10
37 94 3 7
37 95 4 8
37 96 6 4
37 97 9 7
37 98 2 1
38 40 2 9
38 41 4 5
38 42 2 2
38 43 4 9
38 44 1 9
38 45 6 10
38 48 4 5
38 49 7 8
38 50 2 10
38 51 5 8
38 52 5 8
38 53 7 4
38 55 7 9
38 56 5 5
38 57 3 8
38 58 9 9
38 59 4 2
38 60 6 10
38 61 6 7
38 62 7 8
38 63 4 7
38 64 10 4
38 65 8 4
38 66 1 9
38 67 7 8
38 68 4 3
38 69 9 1
38 71 2 3
38 72 2 8
38 73 5 3
38 74 9 2
38 76 10 6
38 77 3 9
38 78 7 7
38 79 10 10
38 80 10 1
38 81 1 6
38 83 5 4
38 84 5 1
38 85 8 7
38 86 3 9
38 87 6 8
38 88 5 4
38 89 7 1
38 90 3 1
38 91 3 8
38 92 9 1
38 93 3 4
38 94 7 5
38 96 10 2
38 97 2 2
38 98 7 8
38 100 6 9
39 40 2 10
39 41 1 10
39 42 3 5
39 43 10 4
39 44 10 3
39 45 8 7
39 47 5 10
39 48 5 4
39 49 6 5
39 50 6 1
39 51 2 10
39 52 9 8
39 53 3 6
39 54 9 3
39 55 4 6
39 56 4 7
39 57 10 10
39 59 8 8
39 61 9 5
39 63 10 10
39 66 8 10
39 67 3 10
39 68 2 6
39 69 10 9
39 70 8 6
39 71 7 3
39 72 1 9
39 73 1 10
39 74 5 5
39 75 10 6
39 76 3 1
39 77 4 1
39 78 2 3
39 81 7 9
39 82 1 3
39 83 3 4
39 84 9 10
39 85 6 5
39 86 10 6
39 87 3 9
39 88 10 10
39 90 9 6
39 91 3 3
39 92 8 5
39 93 1 4
39 94 2 4
39 95 3 8
39 97 5 7
39 98 7 5
39 99 4 2
39 100 6 1
40 41 3 6
40 42 8 2
40 43 5 8
40 44 1 8
40 46 1 5
40 47 5 9
40 48 4 9
40 49 7 1
40 50 1 3
40 51 1 1
40 52 2 3
40 53 7 2
40 55 3 1
40 58 8 8
40 59 9 10
40 60 2 2
40 62 1 3
40 64 3 5
40 66 1 8
40 67 2 4
40 68 8 7
40 69 5 3
40 70 2 5
40 71 9 2
40 72 7 3
40 73 8 3
40 75 10 5
40 76 7 3
40 77 9 1
40 79 4 2
40 80 4 3
40 81 4 2
40 84 10 1
40 86 1 4
40 87 8 3
40 88 9 2
40 90 6 7
40 91 4 1
40 92 3 5
40 93 8 6
40 94 10 2
40 95 7 6
40 97 4 2
40 98 10 2
40 99 8 8
40 100 9 4
41 42 8 7
41 44 7 8
41 45 4 7
41 46 9 4
41 47 5 7
41 48 2 3
41 50 7 2
41 51 3 9
41 53 3 6
41 54 10 3
41 55 1 9
41 56 1 2
41 57 2 4
41 58 4 7
41 59 9 8
41 60 6 3
41 62 6 6
41 63 2 7
41 66 5 7
41 67 3 7
41 68 5 3
41 69 1 8
41 70 3 5
41 71 6 7
41 73 4 6
41 74 7 2
41 75 5 8
41 76 2 4
41 77 8 3
41 78 3 6
41 79 4 6
41 80 2 8
41 81 1 3
41 82 5 7
41 83 5 3
41 84 10 3
41 85 4 8
41 88 5 8
41 89 6 1
41 90 10 7
41 91 8 6
41 92 4 7
41 93 5 10
41 95 7 5
41 96 7 2
41 97 5 2
41 98 4 4
41 99 3 9
41 100 9 7
42 43 1 3
42 44 1 2
42 46 9 8
42 47 10 10
42 48 1 4
42 49 4 5
42 50 6 1
42 51 5 6
42 52 7 6
42 53 4 10
42 54 9 8
42 55 7 2
42 56 2 3
42 57 6 6
42 60 3 1
42 61 8 7
42 62 3 1
42 63 4 10
42 64 7 2
42 68 5 8
42 69 9 3
42 72 5 9
42 73 5 9
42 74 8 10
42 75 7 10
42 77 6 3
42 78 4 8
42 79 1 3
42 80 6 3
42 81 9 2
42 82 8 5
42 84 10 4
42 85 7 7
42 86 2 1
42 87 9 10
42 88 3 9
42 89 4 8
42 90 6 4
42 91 3 6
42 92 7 6
42 94 5 3
42 96 3 10
42 97 2 3
42 98 2 2
42 99 1 1
43 44 3 1
43 46 10 8
43 48 8 3
43 50 7 1
43 51 2 2
43 52 6 6
43 53 1 3
43 54 3 8
43 55 8 10
43 56 9 5
43 57 10 5
43 58 2 8
43 59 7 9
43 60 7 1
43 61 5 5
43 62 2 10
43 63 1 3
43 64 4 5
43 66 2 1
43 67 5 5
43 68 8 5
43 70 4 7
43 71 1 5
43 72 2 8
43 73 1 2
43 74 2 10
43 75 3 4
43 76 7 2
43 78 6 3
43 79 9 5
43 81 9 3
43 82 6 6
43 83 3 2
43 84 5 3
43 85 5 10
43 86 2 4
43 87 6 4
43 88 5 1
43 89 8 7
43 90 7 9
43 91 10 7
43 93 9 6
43 95 9 8
43 96 9 6
43 97 8 9
43 99 10 6
43 100 5 1
44 45 10 5
44 47 9 4
44 48 10 8
44 49 2 7
44 50 1 10
44 51 10 4
44 52 2 7
44 53 3 6
44 54 1 4
44 55 5 9
44 56 9 1
44 57 4 7
44 58 7 1
44 59 7 4
44 60 9 3
44 62 10 3
44 63 4 7
44 65 7 1
44 67 6 6
44 68 7 8
44 69 1 5
44 70 3 9
44 71 7 10
44 72 7 7
44 73 8 7
44 74 7 2
44 75 8 10
44 76 4 6
44 77 2 4
44 78 3 7
44 79 1 2
44 80 4 4
44 81 1 10
44 82 2 2
44 83 8 2
44 84 2 6
44 86 2 10
44 87 6 2
44 89 5 10
44 91 5 1
44 92 4 5
44 94 7 10
44 96 8 2
44 97 3 8
44 98 2 1
44 99 2 1
44 100 4 5
45 46 7 5
45 48 5 1
45 49 9 5
45 50 9 5
45 51 1 10
45 52 6 6
45 54 3 4
45 55 8 1
45 56 9 1
45 57 2 6
45 59 9 6
45 60 10 6
45 63 3 3
45 64 4 9
45 67 2 7
45 68 3 2
45 69 1 10
45 70 6 10
45 71 9 9
45 72 3 7
45 75 2 10
45 76 2 4
45 77 6 9
45 78 5 8
45 79 7 10
45 81 7 8
45 82 1 6
45 83 1 1
45 84 5 2
45 85 7 9
45 86 6 3
45 87 7 5
45 88 5 5
45 90 6 2
45 91 6 10
45 92 10 10
45 93 4 6
45 94 6 5
45 95 9 3
45 96 2 7
45 97 9 6
45 98 10 1
45 99 8 8
46 47 2 5
46 48 1 4
46 49 10 7
46 52 5 9
46 53 5 9
46 54 6 7
46 56 4 6
46 57 5 6
46 58 8 3
46 59 9 5
46 61 5 7
46 63 4 10
46 64 2 3
46 65 2 1
46 66 4 6
46 67 1 1
46 68 5 1
46 69 3 5
46 70 9 5
46 72 4 5
46 73 10 9
46 74 8 1
46 75 7 4
46 76 8 9
46 77 1 10
46 78 2 9
46 79 7 7
46 80 5 5
46 81 2 3
46 82 8 9
46 85 8 3
46 86 6 8
46 88 1 3
46 89 8 1
46 91 5 3
46 93 7 10
46 94 8 2
46 96 5 6
46 97 8 5
46 98 6 8
46 100 3 3
47 48 2 5
47 49 7 1
47 50 6 4
47 51 8 2
47 52 10 1
47 53 5 1
47 54 5 6
47 55 5 5
47 56 3 7
47 57 10 5
47 58 7 8
47 59 1 2
47 60 10 4
47 61 4 10
47 62 10 9
47 63 5 6
47 64 8 10
47 65 2 6
47 68 10 1
47 69 7 4
47 70 3 6
47 71 7 1
47 72 6 10
47 73 3 9
47 74 7 7
47 75 2 9
47 76 8 5
47 77 7 10
47 78 2 10
47 80 7 3
47 81 4 8
47 82 4 4
47 83 4 3
47 84 7 9
47 85 4 1
47 87 4 8
47 88 8 2
47 89 2 3
47 90 3 5
47 91 7 5
47 92 6 7
47 94 9 1
47 95 3 2
47 96 7 4
47 97 2 1
47 99 1 7
48 49 2 8
48 50 10 9
48 51 4 2
48 52 6 3
48 53 9 3
48 54 10 3
48 55 8 6
48 57 3 6
48 58 4 9
48 59 1 1
48 60 2 5
48 61 6 2
48 62 4 8
48 63 4 7
48 64 10 10
48 65 6 5
48 66 6 10
48 67 10 4
48 68 7 6
48 69 7 1
48 71 4 10
48 72 10 4
48 73 7 6
48 75 2 1
48 76 10 9
48 77 6 9
48 78 10 1
48 79 2 2
48 80 10 4
48 81 2 10
48 82 4 6
48 83 5 8
48 84 6 5
48 85 1 6
48 86 6 8
48 88 1 1
48 89 7 10
48 90 4 5
48 92 5 1
48 93 5 6
48 94 10 2
48 96 10 5
48 97 8 7
48 98 7 1
48 99 3 6
49 50 6 3
49 52 3 10
49 53 1 7
49 54 3 10
49 55 5 2
49 56 3 2
49 60 8 9
49 61 2 7
49 62 10 4
49 63 10 8
49 64 4 7
49 66 5 4
49 67 8 7
49 68 7 9
49 70 5 9
49 71 10 4
49 72 8 9
49 73 2 2
49 75 2 2
49 76 6 7
49 77 10 9
49 79 8 6
49 80 5 4
49 82 8 9
49 83 10 6
49 84 1 10
49 85 4 10
49 86 5 5
49 89 8 4
49 90 10 6
49 91 7 4
49 92 10 3
49 94 2 6
49 96 1 6
49 97 6 1
49 98 8 9
49 99 3 2
50 51 8 1
50 53 3 9
50 57 3 6
50 58 10 1
50 59 2 9
50 62 7 3
50 63 7 9
50 64 5 8
50 65 2 8
50 67 4 4
50 68 3 3
50 70 6 5
50 71 5 2
50 72 6 5
50 73 4 4
50 74 6 3
50 75 7 10
50 77 1 2
50 78 5 4
50 80 10 10
50 81 7 10
50 82 5 9
50 83 10 6
50 84 10 7
50 85 9 9
50 86 1 5
50 87 5 6
50 90 3 1
50 91 4 9
50 92 8 8
50 94 4 5
50 95 5 5
50 96 5 6
50 97 1 9
50 98 2 10
50 99 1 4
50 100 3 3
51 52 2 2
51 53 5 7
51 54 5 6
51 55 6 4
51 56 9 2
51 57 8 5
51 58 5 3
51 60 7 3
51 63 6 8
51 64 2 2
51 65 1 8
51 66 6 5
51 67 7 6
51 68 7 2
51 69 1 3
51 70 7 5
51 71 7 2
51 72 2 2
51 73 10 7
51 74 10 10
51 76 3 8
51 78 3 1
51 79 3 1
51 81 6 4
51 82 2 1
51 83 5 4
51 84 3 5
51 85 5 1
51 87 1 1
51 89 2 7
51 90 5 6
51 91 5 4
51 92 5 4
51 94 6 3
51 95 2 9
51 96 10 3
51 97 10 2
51 98 9 1
51 99 2 1
52 53 8 3
52 55 7 4
52 56 9 5
52 57 4 4
52 58 9 10
52 59 4 3
52 60 3 6
52 61 3 9
52 62 2 5
52 63 5 2
52 68 4 2
52 69 3 4
52 70 8 5
52 71 6 1
52 72 8 4
52 74 1 4
52 75 9 1
52 76 4 2
52 78 4 8
52 79 9 10
52 80 5 10
52 81 2 3
52 82 5 3
52 83 4 3
52 84 6 6
52 85 1 3
52 86 6 5
52 87 1 9
52 88 3 8
52 92 6 10
52 93 9 5
52 94 8 4
52 95 9 2
52 96 7 2
52 97 5 5
52 99 5 1
52 100 4 4
53 55 9 6
53 56 6 10
53 57 9 4
53 59 5 1
53 60 10 2
53 61 2 3
53 62 9 1
53 63 3 2
53 64 9 10
53 65 6 8
53 66 8 10
53 67 3 7
53 68 4 7
53 69 2 5
53 70 4 9
53 72 3 1
53 73 2 8
53 74 4 10
53 77 4 5
53 79 4 6
53 83 1 5
53 85 9 7
53 87 10 6
53 88 1 3
53 89 4 7
53 90 4 4
53 91 7 9
53 93 9 6
53 94 5 4
53 97 2 4
53 98 2 6
53 99 7 3
53 100 4 6
54 55 6 3
54 56 6 5
54 57 4 10
54 58 2 4
54 59 10 1
54 60 5 10
54 61 8 8
54 62 9 4
54 63 1 4
54 65 10 8
54 67 3 2
54 68 10 5
54 69 9 10
54 70 6 8
54 72 7 8
54 73 7 3
54 74 5 6
54 75 8 7
54 76 6 1
54 77 7 4
54 78 3 7
54 80 9 7
54 81 5 7
54 82 6 7
54 84 10 7
54 85 7 2
54 86 3 10
54 87 7 1
54 88 5 10
54 89 7 6
54 90 10 1
54 91 10 4
54 93 1 2
54 94 6 3
54 95 7 7
54 96 5 5
54 97 3 6
54 98 7 7
54 99 5 8
54 100 7 7
55 56 1 9
55 57 10 9
55 58 5 5
55 59 8 6
55 60 1 8
55 63 4 6
55 64 7 10
55 65 3 10
55 66 6 10
55 68 8 2
55 69 7 5
55 70 9 1
55 71 6 7
55 72 2 7
55 73 7 8
55 74 9 1
55 75 6 4
55 78 3 3
55 79 6 8
55 80 3 7
55 81 2 6
55 82 2 8
55 83 2 1
55 84 3 10
55 85 8 6
55 86 6 9
55 87 7 10
55 88 1 5
55 89 10 10
55 90 3 7
55 91 1 10
55 92 1 9
55 93 4 1
55 94 4 6
55 95 7 8
55 96 9 1
55 97 7 8
55 98 4 6
55 99 1 1
55 100 6 6
56 57 3 5
56 61 2 10
56 62 10 8
56 63 1 7
56 66 7 6
56 67 10 5
56 68 1 4
56 69 1 1
56 70 7 1
56 71 9 3
56 73 6 2
56 74 10 1
56 75 10 6
56 76 4 4
56 77 10 6
56 79 10 9
56 80 3 5
56 81 1 2
56 83 1 1
56 84 4 10
56 85 6 6
56 86 5 10
56 87 5 8
56 88 9 9
56 89 2 2
56 90 4 8
56 91 1 10
56 92 2 2
56 93 8 3
56 94 8 8
56 95 4 1
56 97 7 7
56 98 9 8
56 99 9 3
56 100 9 10
57 58 8 2
57 59 4 10
57 60 10 8
57 61 10 6
57 62 3 7
57 65 10 2
57 66 2 4
57 67 10 3
57 68 3 6
57 69 10 4
57 70 5 10
57 72 8 6
57 73 6 3
57 74 9 4
57 76 5 1
57 77 3 10
57 79 5 5
57 80 2 5
57 81 5 9
57 82 7 9
57 83 8 7
57 84 5 6
57 85 3 9
57 86 10 10
57 88 1 1
57 89 4 2
57 90 8 3
57 91 4 4
57 92 8 1
57 93 9 2
57 94 10 7
57 95 5 3
57 97 8 2
57 98 1 4
57 99 8 1
57 100 9 9
58 59 2 7
58 61 6 6
58 62 2 1
58 63 9 3
58 64 9 9
58 65 5 9
58 66 10 3
58 67 4 4
58 68 4 5
58 69 1 8
58 70 6 5
58 71 4 6
58 73 2 4
58 74 10 8
58 75 6 1
58 76 4 7
58 77 9 7
58 78 3 9
58 81 2 7
58 82 2 8
58 83 7 3
58 84 6 2
58 85 4 2
58 86 6 5
58 87 10 8
58 88 6 2
58 92 8 3
58 94 9 10
58 96 4 1
58 97 9 8
58 99 7 10
59 60 7 9
59 61 5 5
59 62 10 5
59 63 7 7
59 65 4 2
59 66 10 5
59 67 1 2
59 68 10 9
59 69 1 4
59 70 1 2
59 71 6 6
59 72 7 8
59 73 1 8
59 74 6 3
59 76 6 8
59 77 2 4
59 78 10 2
59 79 6 1
59 80 9 10
59 81 6 5
59 84 10 3
59 85 5 9
59 87 6 1
59 88 6 2
59 89 9 10
59 91 8 4
59 93 4 7
59 96 4 3
59 98 5 10
59 100 4 3
60 62 5 5
60 63 6 6
60 64 9 8
60 65 4 2
60 67 1 1
60 68 6 5
60 71 9 10
60 73 2 1
60 74 10 7
60 75 10 7
60 76 10 5
60 77 10 10
60 78 7 5
60 79 6 1
60 80 7 4
60 81 1 6
60 82 5 7
60 84 4 5
60 85 5 6
60 86 2 5
60 87 10 3
60 88 9 8
60 90 6 6
60 91 2 9
60 92 1 6
60 93 10 3
60 94 1 8
60 96 2 9
60 97 3 2
60 98 2 2
61 63 8 8
61 64 2 1
61 67 1 2
61 69 5 6
61 70 2 7
61 71 9 4
61 72 2 8
61 73 3 6
61 74 3 3
61 75 8 7
61 77 3 2
61 78 5 7
61 79 1 3
61 82 6 1
61 83 5 2
61 84 7 9
61 85 9 8
61 86 1 10
61 88 3 7
61 91 6 4
61 92 4 2
61 94 9 6
61 95 5 10
61 96 10 1
61 97 2 7
61 99 7 2
61 100 3 9
62 63 4 2
62 64 10 8
62 65 7 4
62 66 1 5
62 67 1 2
62 69 1 7
62 70 2 7
62 71 4 1
62 72 7 1
62 73 8 6
62 75 7 1
62 76 3 4
62 77 4 5
62 78 10 8
62 79 3 7
62 80 6 3
62 81 9 1
62 82 1 4
62 83 5 2
62 84 2 5
62 85 1 3
62 86 9 9
62 87 10 5
62 88 2 6
62 89 9 3
62 90 4 1
62 91 2 4
62 92 6 7
62 93 4 6
62 96 1 2
62 98 3 10
62 99 5 7
62 100 2 7
63 64 1 5
63 65 5 9
63 72 6 10
63 73 7 4
63 75 10 3
63 77 4 5
63 79 9 10
63 81 1 7
63 82 9 7
63 83 6 2
63 84 3 3
63 85 8 10
63 86 8 2
63 87 3 8
63 90 1 5
63 93 5 10
63 94 8 2
63 95 7 7
63 97 10 3
63 98 2 6
63 99 8 1
63 100 3 4
64 66 7 1
64 67 3 7
64 68 3 2
64 69 3 4
64 70 10 3
64 71 1 3
64 72 4 7
64 73 5 10
64 74 2 5
64 75 5 7
64 76 5 8
64 77 1 9
64 78 8 9
64 79 9 2
64 80 6 1
64 81 5 5
64 82 5 4
64 83 6 3
64 85 10 3
64 87 3 10
64 88 6 4
64 90 10 2
64 91 1 2
64 92 3 3
64 94 7 10
64 96 1 2
64 97 5 2
64 98 10 3
64 100 6 7
65 66 5 5
65 67 5 1
65 68 7 2
65 69 3 8
65 70 7 10
65 74 7 7
65 75 7 8
65 76 5 9
65 77 10 4
65 78 5 6
65 79 9 2
65 80 4 9
65 82 3 10
65 83 4 2
65 84 8 6
65 85 2 5
65 87 10 1
65 88 1 4
65 89 8 2
65 90 4 3
65 91 3 6
65 92 1 9
65 94 5 5
65 95 8 4
65 96 10 1
65 97 5 8
65 98 6 9
65 99 4 9
65 100 8 2
66 67 2 7
66 68 5 8
66 69 1 10
66 70 9 5
66 71 8 10
66 72 3 10
66 74 10 2
66 75 7 8
66 76 6 3
66 77 5 8
66 78 3 4
66 79 4 9
66 81 4 9
66 82 4 6
66 83 4 9
66 85 1 2
66 86 9 6
66 87 8 1
66 88 3 9
66 89 9 1
66 91 4 8
66 92 10 7
66 93 8 8
66 94 3 2
66 95 5 1
66 96 4 7
66 97 2 6
66 98 9 10
66 99 7 8
66 100 7 4
67 68 1 3
67 69 7 8
67 70 7 10
67 71 9 7
67 72 1 2
67 73 4 3
67 74 5 8
67 75 2 3
67 76 4 7
67 77 10 10
67 78 5 4
67 79 4 10
67 80 6 7
67 81 1 1
67 82 8 2
67 84 8 3
67 86 8 8
67 87 4 5
67 88 10 8
67 90 8 2
67 91 10 6
67 92 6 6
67 93 9 9
67 94 8 9
67 95 6 6
67 96 4 4
67 97 6 3
67 98 8 7
67 99 3 4
67 100 7 9
68 69 2 4
68 70 3 10
68 71 9 10
68 72 4 6
68 73 1 4
68 74 10 6
68 76 8 5
68 78 6 6
68 79 7 6
68 81 7 9
68 82 8 8
68 83 5 7
68 84 6 1
68 85 9 4
68 87 9 4
68 88 1 7
68 90 2 10
68 91 5 7
68 92 10 5
68 93 6 1
68 94 6 2
68 95 3 10
68 97 4 7
68 99 7 5
68 100 2 4
69 70 4 9
69 71 7 2
69 72 7 3
69 74 1 7
69 75 4 6
69 76 8 5
69 77 1 4
69 78 4 3
69 79 6 6
69 80 4 10
69 81 8 3
69 82 9 6
69 83 6 5
69 84 6 4
69 85 9 9
69 86 1 2
69 88 10 4
69 90 5 10
69 91 3 1
69 93 10 9
69 95 8 5
69 96 1 9
69 97 6 3
69 98 6 8
69 99 2 5
70 71 10 10
70 73 8 6
70 74 4 3
70 75 2 8
70 77 6 1
70 78 9 10
70 80 2 6
70 82 2 3
70 83 4 3
70 84 3 7
70 85 9 3
70 86 6 2
70 87 6 10
70 89 8 7
70 90 10 7
70 92 9 10
70 93 4 4
70 95 7 4
70 97 7 5
70 98 9 9
70 99 3 3
70 100 3 5
71 72 2 1
71 73 9 3
71 74 3 10
71 75 4 5
71 77 1 4
71 78 1 10
71 79 9 7
71 80 1 7
71 82 1 10
71 83 9 9
71 84 4 9
71 85 2 10
71 86 4 8
71 87 8 2
71 88 1 3
71 89 1 7
71 90 1 4
71 91 10 9
71 92 1 8
71 93 5 6
71 94 3 5
71 95 1 7
71 96 4 9
71 97 2 2
71 98 6 8
71 99 7 3
71 100 3 6
72 75 1 9
72 76 7 3
72 79 10 6
72 81 9 5
72 82 8 3
72 84 9 3
72 85 9 5
72 86 6 7
72 87 6 5
72 89 6 6
72 92 9 2
72 93 1 10
72 94 3 9
72 95 10 9
72 97 1 2
72 98 6 9
72 99 5 7
72 100 4 4
73 74 6 5
73 75 10 2
73 76 2 3
73 77 8 8
73 78 4 6
73 80 9 1
73 81 3 9
73 83 2 4
73 84 7 4
73 85 9 5
73 86 1 5
73 87 9 1
73 88 9 7
73 89 4 10
73 90 8 10
73 93 9 4
73 94 9 4
73 95 10 8
73 96 2 3
73 97 6 5
73 98 8 1
73 99 2 8
73 100 7 5
74 75 3 3
74 76 9 2
74 77 1 9
74 78 3 2
74 80 3 1
74 81 5 2
74 82 4 4
74 84 2 3
74 85 6 4
74 87 6 9
74 88 3 3
74 89 7 4
74 90 4 10
74 91 10 5
74 92 4 5
74 93 7 8
74 95 4 10
74 96 8 4
74 99 2 8
74 100 4 10
75 76 6 6
75 77 6 10
75 78 1 2
75 80 3 7
75 81 1 6
75 82 10 2
75 83 7 6
75 84 10 10
75 85 10 2
75 86 5 3
75 87 4 3
75 89 4 4
75 90 7 5
75 91 5 1
75 93 10 10
75 94 9 5
75 95 3 4
75 96 3 1
75 97 5 6
75 98 9 7
76 77 6 6
76 79 1 6
76 80 7 7
76 81 8 6
76 82 3 7
76 83 4 2
76 84 8 2
76 86 7 4
76 88 5 8
76 89 6 5
76 90 3 4
76 91 7 10
76 92 1 2
76 93 5 10
76 94 4 2
76 95 3 9
76 97 1 3
76 100 5 10
77 78 5 9
77 79 9 9
77 80 1 10
77 81 8 4
77 82 2 3
77 84 7 10
77 85 1 2
77 88 5 10
77 90 8 7
77 91 9 2
77 92 6 4
77 93 1 10
77 94 5 5
77 96 7 5
77 97 3 10
77 98 1 3
77 99 8 9
77 100 5 2
78 80 9 10
78 81 7 6
78 82 6 8
78 84 2 2
78 85 9 4
78 86 4 10
78 87 1 2
78 88 10 6
78 89 3 3
78 90 6 10
78 91 9 6
78 92 1 8
78 93 1 3
78 94 3 6
78 95 6 1
78 96 6 8
78 97 4 2
78 98 4 5
78 100 6 6
79 80 1 10
79 81 2 7
79 82 4 1
79 84 8 3
79 85 3 2
79 87 3 10
79 88 8 6
79 89 8 5
79 91 7 3
79 93 9 3
79 97 5 10
79 99 7 8
79 100 8 1
80 82 8 8
80 83 7 9
80 84 10 1
80 85 1 5
80 86 10 9
80 87 4 9
80 88 5 2
80 89 4 5
80 90 5 8
80 91 5 1
80 92 7 8
80 94 3 4
80 98 3 4
80 100 6 4
81 82 6 5
81 83 10 4
81 84 6 9
81 85 4 3
81 86 7 6
81 87 7 9
81 88 6 6
81 91 8 4
81 92 10 1
81 94 5 4
81 95 10 9
81 96 7 4
81 97 5 9
81 99 5 7
81 100 4 2
82 83 7 9
82 84 10 1
82 85 9 5
82 86 1 2
82 87 7 7
82 88 10 5
82 90 4 4
82 91 4 4
82 93 8 1
82 95 10 10
82 96 6 1
82 98 6 1
82 99 10 2
83 85 3 8
83 88 5 1
83 89 8 8
83 90 4 2
83 93 5 10
83 95 7 3
83 97 6 4
83 98 8 8
83 99 2 2
83 100 3 1
84 85 10 7
84 87 8 4
84 89 2 6
84 90 8 10
84 92 9 1
84 93 8 1
84 94 10 9
84 95 4 9
84 96 10 5
84 97 9 7
84 98 5 4
84 100 3 10
85 86 2 8
85 87 4 9
85 88 2 10
85 91 9 3
85 92 10 1
85 93 9 2
85 94 7 9
85 95 6 10
85 96 1 10
85 97 2 8
85 98 5 7
85 99 3 9
86 87 3 4
86 89 10 4
86 90 1 10
86 91 9 3
86 92 8 2
86 93 9 5
86 94 5 10
86 95 10 4
86 96 1 1
86 97 9 10
86 99 3 8
86 100 7 3
87 88 3 8
87 89 9 2
87 90 5 9
87 92 7 6
87 93 10 6
87 94 5 5
87 96 7 8
87 97 8 8
87 98 3 10
87 99 5 2
88 89 4 5
88 91 1 3
88 92 6 9
88 94 2 3
88 96 3 4
88 97 8 2
88 98 10 6
88 99 4 1
89 90 3 3
89 92 10 2
89 93 8 10
89 94 2 3
89 95 1 6
89 96 8 8
89 97 8 2
89 98 5 5
89 99 6 3
90 92 9 4
90 93 8 7
90 94 7 6
90 95 10 3
90 96 10 10
90 97 5 2
90 98 1 10
90 99 6 6
90 100 1 2
91 92 7 2
91 93 8 9
91 94 1 7
91 95 1 8
91 96 3 6
91 97 9 5
91 98 6 10
91 99 8 6
91 100 3 2
92 94 2 8
92 95 3 3
92 99 6 1
92 100 2 8
93 94 3 7
93 95 1 3
93 98 9 8
93 99 6 6
93 100 10 6
94 95 2 5
94 97 7 3
94 98 3 3
94 99 6 8
94 100 9 1
95 96 10 2
95 98 6 10
96 97 10 8
96 98 7 8
96 99 7 7
97 98 1 9
97 99 7 2
97 100 5 3
98 99 1 7
98 100 1 7
99 100 10 5
1
1 2 3 4 5 6 7 8 9 10 11 12 13 14 15 16 17 18 19 20 21 22 23 24 25 26 27 28 29 30 31 32 33 34 35 36 37 38 39 40 41 42 43 44 45 46 47 48 49 50
