3951
1 2 10 10
1 5 5 2
1 7 8 7
1 8 1 7
1 9 4 5
1 10 6 1
1 12 7 3
1 15 8 10
1 16 5 8
1 18 1 4
1 19 10 5
1 21 8 7
1 22 2 1
1 23 1 2
1 24 5 6
1 26 2 1
1 27 7 7
1 28 6 3
1 29 10 4
1 30 6 1
1 31 1 3
1 32 1 9
1 34 1 8
1 38 2 1
1 39 1 8
1 40 5 2
1 41 4 1
1 42 8 1
1 43 2 3
1 44 7 4
1 45 5 3
1 46 7 1
1 47 4 8
1 48 5 6
1 49 6 9
1 50 3 9
1 51 6 7
1 52 2 8
1 53 1 8
1 56 9 6
1 58 4 6
1 60 3 2
1 61 9 10
1 62 5 9
1 63 6 10
1 66 5 7
1 67 1 5
1 68 10 1
1 69 7 3
1 70 1 5
1 72 2 4
1 74 6 1
1 75 4 7
1 76 2 5
1 77 10 2
1 78 9 8
1 81 4 9
1 82 1 4
1 83 5 8
1 84 3 3
1 86 5 4
1 87 9 3
1 88 3 2
1 89 7 8
1 90 1 5
1 91 10 7
1 92 4 10
1 94 9 8
1 95 1 1
1 96 1 2
1 97 10 8
1 98 7 8
1 100 5 10
2 3 9 7
2 4 9 7
2 6 7 6
2 7 10 5
2 8 10 6
2 9 9 4
2 10 6 2
2 13 1 8
2 14 2 1
2 16 8 1
2 17 4 7
2 18 3 4
2 19 4 10
2 20 7 6
2 21 3 9
2 22 2 1
2 23 7 5
2 24 10 10
2 25 7 2
2 26 3 10
2 27 2 10
2 28 2 9
2 29 3 8
2 30 7 9
2 31 7 2
2 32 7 8
2 33 5 8
2 34 9 1
2 35 10 1
2 36 1 10
2 37 8 6
2 38 3 5
2 39 3 3
2 40 7 4
2 41 7 4
2 42 1 5
2 44 5 10
2 45 4 5
2 46 7 8
2 47 5 3
2 48 1 10
2 49 2 8
2 50 6 2
2 51 8 7
2 52 7 8
2 53 1 5
2 55 7 8
2 56 2 5
2 57 1 2
2 59 1 8
2 61 3 9
2 63 2 8
2 64 3 9
2 65 4 9
2 67 6 10
2 68 1 9
2 69 10 6
2 70 8 8
2 71 3 8
2 73 4 4
2 74 8 4
2 75 8 8
2 76 4 9
2 77 3 7
2 80 10 10
2 81 2 4
2 83 3 3
2 84 5 6
2 85 9 7
2 87 3 5
2 88 7 7
2 89 7 4
2 90 3 2
2 91 4 6
2 92 7 2
2 93 7 10
2 96 2 2
2 97 9 9
2 98 6 7
2 99 6 8
2 100 8 7
3 4 3 8
3 6 1 10
3 8 6 1
3 9 2 1
3 10 9 2
3 11 6 3
3 12 8 6
3 14 6 8
3 15 6 3
3 16 9 1
3 18 10 5
3 19 5 1
3 20 9 3
3 22 8 6
3 23 9 1
3 24 7 9
3 25 1 1
3 26 9 10
3 27 9 8
3 29 7 7
3 30 7 2
3 31 10 7
3 32 9 2
3 33 2 9
3 34 4 5
3 36 4 7
3 37 8 2
3 38 4 10
3 39 5 10
3 42 5 9
3 43 6 10
3 44 2 10
3 45 2 3
3 47 1 7
3 48 5 1
3 49 6 5
3 50 6 8
3 51 5 5
3 52 4 6
3 54 7 4
3 55 10 9
3 58 7 8
3 59 7 5
3 60 1 10
3 61 10 9
3 62 3 8
3 63 7 8
3 65 7 2
3 66 5 4
3 67 8 7
3 68 10 10
3 69 4 3
3 70 7 3
3 71 9 1
3 72 10 5
3 74 5 9
3 75 5 4
3 76 1 5
3 77 5 6
3 81 7 10
3 82 4 10
3 83 1 9
3 84 5 7
3 85 8 1
3 86 5 5
3 87 9 2
3 88 6 5
3 90 5 2
3 92 2 6
3 94 8 3
3 95 2 5
3 97 7 8
3 99 9 8
4 5 4 4
4 7 9 8
4 8 3 4
4 9 4 1
4 10 3 1
4 11 3 4
4 13 7 3
4 14 8 2
4 15 5 5
4 16 10 7
4 17 2 9
4 19 1 5
4 22 5 7
4 23 9 9
4 24 10 4
4 25 3 2
4 27 1 3
4 28 10 1
4 29 10 3
4 31 7 2
4 33 9 1
4 34 4 5
4 36 4 1
4 37 3 9
4 40 1 9
4 41 5 6
4 42 9 7
4 43 4 3
4 44 7 3
4 45 1 2
4 46 10 3
4 47 9 8
4 48 2 5
4 49 7 6
4 50 2 5
4 51 8 3
4 52 7 4
4 53 5 8
4 54 3 5
4 56 10 10
4 57 3 7
4 59 6 6
4 61 3 10
4 62 7 5
4 64 2 7
4 65 4 3
4 66 5 4
4 67 7 3
4 68 5 2
4 69 6 6
4 70 7 7
4 71 8 6
4 72 3 8
4 73 2 10
4 74 2 9
4 77 2 1
4 78 3 8
4 79 5 2
4 80 6 3
4 81 8 2
4 82 8 9
4 83 7 7
4 86 5 7
4 87 1 2
4 89 8 2
4 92 6 8
4 93 8 7
4 94 5 9
4 95 4 6
4 96 10 1
4 97 6 4
4 98 1 1
4 99 4 8
4 100 7 8
5 6 9 4
5 8 8 6
5 10 10 7
5 11 4 10
5 12 5 2
5 14 6 3
5 15 6 1
5 16 9 5
5 19 4 1
5 22 1 7
5 23 1 2
5 24 7 9
5 25 2 4
5 26 3 6
5 27 7 1
5 28 10 4
5 29 9 5
5 30 10 3
5 31 10 4
5 32 7 3
5 33 4 5
5 34 9 6
5 35 5 3
5 36 5 1
5 38 7 10
5 39 8 9
5 40 1 5
5 41 7 3
5 42 5 8
5 44 9 7
5 46 5 7
5 47 2 1
5 50 7 1
5 51 10 3
5 52 9 7
5 53 1 1
5 55 6 2
5 56 7 5
5 57 10 2
5 59 9 5
5 61 3 10
5 62 7 1
5 63 2 5
5 64 5 4
5 65 4 2
5 66 8 2
5 67 3 8
5 68 4 2
5 69 6 9
5 70 8 8
5 71 2 10
5 72 5 9
5 73 8 5
5 74 7 6
5 76 1 9
5 77 8 1
5 79 1 7
5 80 5 5
5 81 4 8
5 83 8 2
5 84 2 4
5 85 1 3
5 86 6 8
5 87 3 3
5 88 6 8
5 90 1 7
5 91 10 8
5 92 4 2
5 93 7 5
5 94 4 7
5 95 6 1
5 97 5 3
5 98 5 9
5 99 10 7
5 100 5 9
6 7 10 10
6 8 4 7
6 9 6 4
6 10 2 2
6 11 4 1
6 12 8 9
6 13 9 7
6 14 4 2
6 15 8 5
6 16 3 1
6 17 8 2
6 18 3 2
6 20 3 3
6 22 10 1
6 24 4 5
6 25 8 10
6 27 3 5
6 28 8 7
6 29 5 4
6 30 6 7
6 31 7 7
6 32 1 4
6 33 2 8
6 34 1 9
6 36 10 4
6 37 8 9
6 38 10 7
6 39 1 3
6 40 5 10
6 41 3 7
6 42 9 8
6 43 6 1
6 44 10 4
6 45 6 5
6 46 8 6
6 47 3 10
6 48 10 2
6 49 1 9
6 50 4 8
6 51 7 6
6 52 4 2
6 54 6 6
6 55 1 10
6 56 7 3
6 58 7 7
6 60 1 3
6 61 9 6
6 62 8 10
6 63 7 10
6 64 5 6
6 65 6 8
6 67 1 5
6 68 2 5
6 69 5 5
6 70 9 9
6 72 6 1
6 74 7 5
6 75 3 10
6 76 5 4
6 77 8 2
6 78 5 8
6 79 9 6
6 80 7 9
6 81 7 6
6 82 8 9
6 83 5 3
6 84 3 10
6 85 8 4
6 88 4 3
6 89 10 6
6 90 2 2
6 91 9 7
6 92 7 5
6 93 10 1
6 94 7 6
6 95 6 3
6 96 3 1
6 97 10 7
6 98 7 6
6 99 5 3
6 100 2 10
7 8 5 2
7 9 10 2
7 10 4 2
7 11 6 8
7 12 1 7
7 13 8 10
7 14 6 8
7 15 3 1
7 16 2 9
7 17 9 6
7 18 3 1
7 19 6 7
7 24 2 3
7 25 1 8
7 26 5 6
7 28 8 7
7 29 3 2
7 31 9 5
7 33 4 5
7 35 1 5
7 36 3 4
7 37 9 9
7 38 7 9
7 39 8 7
7 40 4 6
7 41 9 9
7 42 7 1
7 43 5 9
7 44 7 1
7 45 2 2
7 46 10 8
7 47 5 9
7 49 2 10
7 50 5 3
7 51 10 2
7 52 3 2
7 53 3 6
7 54 6 10
7 55 2 7
7 56 1 6
7 57 9 3
7 58 1 8
7 59 2 5
7 60 2 2
7 61 3 1
7 62 7 2
7 63 8 3
7 64 3 3
7 65 4 1
7 66 7 8
7 67 2 5
7 68 10 2
7 69 8 5
7 70 2 10
7 71 10 4
7 72 5 9
7 73 9 8
7 74 7 7
7 75 5 6
7 76 6 2
7 77 2 1
7 78 3 2
7 79 3 4
7 81 2 10
7 82 3 4
7 83 9 9
7 85 8 2
7 87 1 10
7 89 7 6
7 91 5 8
7 93 10 4
7 95 6 4
7 96 10 7
7 97 1 9
7 98 1 8
7 99 7 4
7 100 7 2
8 9 7 10
8 10 10 3
8 11 9 7
8 12 4 8
8 13 1 10
8 14 4 10
8 15 8 7
8 16 6 5
8 17 6 2
8 19 6 6
8 21 3 3
8 22 6 8
8 23 8 3
8 24 4 9
8 27 5 1
8 28 6 1
8 29 7 1
8 31 2 3
8 32 7 1
8 33 1 10
8 34 8 9
8 35 7 8
8 36 8 10
8 38 9 10
8 40 3 2
8 41 9 9
8 42 10 1
8 44 3 8
8 45 6 8
8 46 1 7
8 47 4 10
8 48 9 10
8 49 1 6
8 50 4 6
8 52 4 9
8 53 1 8
8 54 3 3
8 55 8 1
8 56 3 5
8 57 8 6
8 58 4 9
8 59 8 10
8 60 2 5
8 61 2 2
8 62 3 8
8 63 8 8
8 64 3 2
8 66 6 1
8 67 7 7
8 68 8 1
8 69 2 1
8 70 3 1
8 71 3 6
8 73 8 2
8 74 9 3
8 76 1 6
8 77 2 2
8 78 3 4
8 79 8 1
8 80 4 6
8 81 2 8
8 82 5 6
8 83 3 8
8 85 5 10
8 86 5 1
8 88 2 2
8 89 4 8
8 90 7 2
8 91 8 7
8 93 6 10
8 94 6 1
8 95 1 3
8 96 4 7
8 97 10 4
8 98 7 9
8 99 2 2
8 100 1 3
9 10 4 7
9 12 4 2
9 14 10 6
9 15 8 2
9 16 5 8
9 17 9 8
9 18 2 10
9 20 3 6
9 23 3 2
9 24 1 2
9 25 6 1
9 26 10 9
9 28 10 8
9 29 3 10
9 30 4 5
9 31 4 2
9 32 2 7
9 33 3 7
9 34 4 9
9 35 2 2
9 37 5 9
9 38 3 7
9 39 10 7
9 40 3 4
9 41 7 4
9 42 3 2
9 43 5 1
9 44 7 3
9 45 10 1
9 46 3 3
9 47 4 9
9 48 6 5
9 51 4 5
9 52 3 8
9 53 5 6
9 54 6 9
9 55 8 7
9 56 9 9
9 57 5 1
9 60 4 7
9 64 9 10
9 65 9 3
9 67 5 10
9 68 1 1
9 69 1 9
9 70 10 7
9 71 8 3
9 72 8 3
9 73 6 3
9 74 2 8
9 76 5 5
9 77 4 7
9 80 1 4
9 82 9 1
9 83 9 8
9 84 4 7
9 85 6 8
9 87 8 3
9 88 2 3
9 89 4 1
9 91 5 7
9 92 4 7
9 93 9 5
9 95 1 2
9 96 1 4
9 97 9 9
9 100 3 9
10 11 6 2
10 12 8 6
10 14 4 4
10 16 10 2
10 17 6 2
10 18 2 7
10 20 1 7
10 21 5 5
10 22 8 2
10 23 4 2
10 24 6 7
10 25 1 3
10 27 2 5
10 30 1 8
10 31 4 3
10 32 5 2
10 33 3 5
10 34 3 2
10 35 8 7
10 36 8 2
10 37 5 3
10 38 7 6
10 40 3 7
10 41 5 5
10 42 9 10
10 43 4 6
10 45 10 5
10 46 1 3
10 47 8 7
10 48 7 8
10 49 4 4
10 51 6 4
10 52 4 3
10 53 7 6
10 54 1 8
10 55 8 4
10 59 4 10
10 60 7 7
10 61 1 10
10 62 6 1
10 63 8 4
10 64 5 5
10 65 4 2
10 66 6 1
10 67 7 6
10 68 2 4
10 69 6 2
10 70 7 10
10 71 1 1
10 72 3 7
10 73 2 4
10 75 1 10
10 76 5 6
10 78 4 4
10 80 9 10
10 81 3 8
10 83 7 1
10 84 7 3
10 85 10 2
10 86 5 5
10 88 5 10
10 89 1 5
10 90 2 6
10 91 4 7
10 94 7 5
10 95 9 9
10 98 5 4
10 99 6 6
11 12 10 7
11 13 3 2
11 14 5 1
11 15 1 7
11 16 8 4
11 17 8 3
11 19 5 2
11 20 2 2
11 21 4 3
11 23 7 6
11 24 10 8
11 25 8 7
11 26 5 10
11 27 2 10
11 28 7 5
11 30 8 6
11 31 3 10
11 32 6 9
11 34 9 5
11 35 2 4
11 36 4 10
11 37 6 4
11 38 5 2
11 39 5 10
11 42 9 8
11 44 4 7
11 45 8 3
11 46 1 4
11 47 2 10
11 48 2 6
11 49 9 2
11 50 9 5
11 51 9 9
11 52 8 1
11 53 3 1
11 54 3 3
11 55 8 3
11 56 7 1
11 57 2 3
11 58 7 3
11 59 7 6
11 61 6 7
11 62 3 2
11 63 1 4
11 64 1 2
11 68 9 6
11 69 8 5
11 70 7 1
11 71 8 2
11 72 3 6
11 74 7 5
11 75 7 8
11 76 6 9
11 77 9 10
11 78 1 1
11 79 4 8
11 80 10 7
11 81 5 10
11 82 9 2
11 83 9 7
11 84 7 1
11 85 4 3
11 86 8 10
11 87 6 8
11 88 9 1
11 89 5 1
11 90 3 9
11 91 4 7
11 92 8 1
11 93 4 4
11 94 8 8
11 96 2 9
11 99 8 2
11 100 10 10
12 14 7 10
12 15 2 1
12 17 5 8
12 18 8 8
12 19 7 7
12 20 7 5
12 22 4 6
12 23 6 8
12 24 8 9
12 25 5 9
12 26 2 5
12 27 5 7
12 29 10 8
12 30 6 4
12 31 5 4
12 32 10 3
12 33 10 8
12 34 9 7
12 35 7 7
12 36 5 1
12 37 3 10
12 38 8 9
12 39 8 1
12 40 5 9
12 43 8 8
12 45 7 2
12 46 6 4
12 47 9 6
12 49 6 6
12 50 7 9
12 51 3 10
12 52 10 2
12 54 3 1
12 55 6 7
12 56 3 5
12 57 10 10
12 58 5 1
12 59 8 10
12 60 1 7
12 61 2 9
12 63 8 9
12 64 7 1
12 65 4 9
12 66 9 2
12 67 5 3
12 68 6 4
12 69 10 9
12 70 3 9
12 71 3 1
12 72 9 7
12 73 3 7
12 74 8 6
12 75 9 7
12 76 9 8
12 77 1 3
12 78 5 8
12 79 3 6
12 81 4 3
12 82 2 10
12 84 1 7
12 85 3 5
12 86 6 6
12 88 7 7
12 89 3 5
12 90 1 5
12 91 6 6
12 92 2 10
12 93 6 1
12 94 1 4
12 95 3 10
12 96 8 5
12 97 8 1
12 98 3 3
12 99 10 3
12 100 7 1
13 15 9 4
13 16 8 8
13 17 6 7
13 19 10 1
13 21 7 4
13 22 10 9
13 23 3 4
13 24 8 5
13 25 10 2
13 27 3 7
13 28 7 8
13 29 3 3
13 30 8 10
13 32 8 2
13 33 10 3
13 34 3 10
13 38 3 9
13 40 7 8
13 43 5 4
13 44 6 7
13 45 6 1
13 47 2 10
13 49 3 1
13 50 1 4
13 51 9 2
13 52 3 3
13 54 6 6
13 55 2 4
13 56 10 2
13 57 5 5
13 60 7 3
13 61 8 7
13 62 5 6
13 63 3 6
13 66 10 2
13 67 6 3
13 68 5 2
13 69 7 10
13 70 9 1
13 73 7 4
13 76 5 2
13 77 10 2
13 78 3 2
13 81 9 2
13 82 3 5
13 83 1 6
13 84 9 7
13 85 1 6
13 87 10 4
13 88 2 10
13 89 9 7
13 90 1 8
13 92 5 10
13 93 1 9
13 94 6 3
13 95 2 10
13 96 2 10
13 97 3 2
13 99 4 10
13 100 4 1
14 15 9 8
14 16 4 10
14 17 8 1
14 18 4 7
14 19 9 9
14 20 8 9
14 21 6 5
14 22 1 4
14 23 7 10
14 24 8 7
14 25 8 7
14 28 1 8
14 29 3 3
14 32 8 4
14 33 1 5
14 35 10 3
14 36 1 5
14 37 2 2
14 38 3 1
14 43 4 5
14 44 8 10
14 46 5 10
14 47 2 4
14 48 10 1
14 49 5 10
14 50 2 7
14 51 7 4
14 52 3 1
14 53 7 7
14 54 7 3
14 55 3 6
14 56 9 4
14 57 3 9
14 59 7 7
14 60 5 5
14 61 2 9
14 62 6 9
14 63 2 7
14 64 5 2
14 65 3 2
14 67 2 3
14 68 3 6
14 69 3 10
14 70 10 6
14 71 9 8
14 73 5 4
14 74 6 5
14 75 6 9
14 76 5 5
14 77 1 8
14 78 5 8
14 79 3 1
14 82 10 2
14 84 4 7
14 85 6 6
14 86 8 9
14 87 5 2
14 88 4 5
14 89 7 10
14 90 2 6
14 92 3 8
14 93 4 10
14 94 8 2
14 95 1 1
14 96 10 7
14 98 1 3
14 99 1 6
14 100 2 6
15 16 6 4
15 17 8 2
15 18 6 4
15 19 7 1
15 20 8 2
15 21 2 10
15 23 10 3
15 25 6 5
15 26 2 8
15 27 5 7
15 28 3 2
15 29 1 6
15 30 4 3
15 32 10 3
15 33 7 8
15 34 5 10
15 35 10 1
15 36 1 3
15 38 7 8
15 39 8 1
15 40 5 7
15 42 2 1
15 43 5 1
15 44 9 6
15 45 2 7
15 46 2 2
15 47 4 6
15 48 10 8
15 49 1 7
15 50 9 3
15 51 3 9
15 52 2 10
15 53 3 6
15 55 8 10
15 59 4 2
15 61 8 7
15 62 2 4
15 63 2 3
15 64 3 8
15 65 10 4
15 67 1 1
15 68 6 6
15 69 8 4
15 70 5 1
15 72 3 8
15 73 10 5
15 74 2 4
15 75 7 1
15 76 4 4
15 77 7 9
15 78 6 2
15 80 4 2
15 82 1 5
15 83 1 5
15 86 5 2
15 87 10 9
15 90 9 2
15 92 3 9
15 94 8 5
15 95 7 5
15 96 2 9
15 97 1 1
15 98 2 2
15 99 5 4
15 100 8 6
16 17 8 4
16 18 6 4
16 19 10 5
16 20 10 5
16 21 3 1
16 22 10 9
16 23 10 5
16 24 9 5
16 25 8 3
16 26 1 9
16 27 2 2
16 28 7 3
16 29 7 6
16 31 2 1
16 33 2 2
16 34 7 4
16 35 3 3
16 36 4 10
16 37 9 1
16 38 5 9
16 40 10 1
16 41 6 2
16 42 7 5
16 43 2 3
16 44 5 1
16 45 7 1
16 46 7 8
16 47 3 6
16 48 10 8
16 49 7 2
16 51 9 7
16 52 10 8
16 53 7 8
16 54 8 6
16 55 8 10
16 56 3 7
16 57 8 7
16 58 10 5
16 59 2 7
16 60 2 9
16 61 3 1
16 62 4 9
16 63 7 6
16 64 5 3
16 65 5 9
16 66 2 4
16 68 1 2
16 70 10 1
16 71 1 1
16 72 5 8
16 73 8 1
16 74 4 7
16 76 1 1
16 77 8 9
16 78 1 10
16 79 9 10
16 80 5 6
16 81 2 3
16 83 5 4
16 84 4 7
16 86 7 2
16 87 3 2
16 89 9 9
16 91 4 8
16 92 2 2
16 93 8 4
16 94 10 5
16 95 3 6
16 97 8 6
16 98 10 5
16 99 1 3
16 100 1 9
17 19 3 6
17 21 1 6
17 22 10 6
17 23 10 10
17 24 7 2
17 25 8 9
17 26 3 6
17 27 9 4
17 28 2 6
17 30 2 9
17 31 1 7
17 32 3 4
17 33 5 8
17 36 8 5
17 38 2 5
17 39 5 2
17 40 6 7
17 41 5 9
17 42 7 9
17 43 10 10
17 45 7 7
17 46 10 6
17 47 9 3
17 48 2 3
17 49 9 1
17 50 6 2
17 51 6 1
17 52 9 3
17 53 2 4
17 54 5 7
17 55 3 6
17 56 8 10
17 57 9 10
17 58 4 3
17 59 8 3
17 60 9 1
17 61 1 3
17 62 9 4
17 63 4 5
17 64 9 2
17 65 2 5
17 66 7 1
17 67 5 10
17 68 10 7
17 69 4 4
17 70 5 4
17 72 7 3
17 73 3 6
17 74 7 8
17 75 10 6
17 76 7 8
17 78 4 4
17 80 10 5
17 81 6 8
17 85 7 1
17 86 3 7
17 87 5 1
17 88 10 10
17 89 8 2
17 90 2 6
17 91 1 9
17 93 3 6
17 94 2 6
17 95 5 5
17 96 4 7
17 98 4 7
17 99 1 7
17 100 5 1
18 20 5 4
18 22 1 2
18 23 4 1
18 24 10 7
18 25 9 5
18 26 6 9
18 27 9 3
18 28 10 3
18 29 6 9
18 30 8 6
18 31 9 3
18 33 10 1
18 36 10 8
18 38 9 6
18 41 7 3
18 42 9 6
18 44 9 7
18 45 2 7
18 46 2 8
18 47 4 3
18 48 3 4
18 49 5 7
18 50 7 10
18 52 5 2
18 53 1 5
18 54 10 2
18 55 3 10
18 56 7 4
18 58 8 4
18 59 4 9
18 61 2 6
18 62 5 3
18 63 8 3
18 64 8 6
18 65 5 2
18 66 6 8
18 67 1 10
18 68 9 9
18 69 5 5
18 70 1 6
18 71 3 7
18 72 1 7
18 73 3 6
18 77 5 10
18 79 9 1
18 80 10 5
18 82 4 1
18 83 9 2
18 84 6 9
18 86 4 10
18 88 5 2
18 90 10 9
18 91 5 1
18 92 7 10
18 93 9 3
18 94 10 5
18 95 9 1
18 96 8 10
18 98 5 2
18 99 7 5
19 20 4 5
19 22 1 8
19 23 9 4
19 26 5 9
19 28 4 5
19 29 2 3
19 31 10 9
19 32 6 4
19 33 1 2
19 34 6 8
19 35 3 5
19 36 5 6
19 38 7 9
19 39 4 9
19 41 4 2
19 42 6 7
19 43 8 8
19 44 5 2
19 45 1 3
19 46 8 1
19 47 8 3
19 48 10 3
19 49 9 10
19 50 4 5
19 51 2 8
19 52 8 3
19 53 5 10
19 54 9 2
19 55 5 6
19 56 9 2
19 57 1 3
19 58 9 1
19 59 2 1
19 60 2 8
19 61 4 8
19 62 5 3
19 63 2 8
19 64 9 9
19 65 10 1
19 66 1 6
19 67 3 5
19 68 10 9
19 69 9 1
19 70 2 3
19 71 6 6
19 72 8 2
19 73 6 4
19 74 2 8
19 75 2 5
19 76 1 2
19 77 8 9
19 78 7 9
19 81 6 3
19 82 5 9
19 83 1 7
19 84 1 9
19 85 10 9
19 86 7 2
19 87 7 5
19 88 5 6
19 91 5 3
19 92 8 1
19 94 3 6
19 95 8 9
19 96 1 5
19 97 9 2
19 98 2 3
19 99 6 10
20 21 9 5
20 22 1 3
20 23 6 5
20 25 6 2
20 26 2 7
20 27 7 5
20 28 6 4
20 29 6 8
20 31 8 10
20 32 10 8
20 33 2 9
20 34 2 3
20 35 5 1
20 36 4 2
20 37 8 4
20 38 10 10
20 39 2 9
20 40 6 9
20 41 9 10
20 44 2 7
20 45 3 2
20 46 2 6
20 47 1 3
20 48 2 6
20 49 7 3
20 50 8 8
20 53 10 2
20 54 3 10
20 55 5 9
20 56 1 5
20 58 2 5
20 59 2 5
20 60 6 4
20 62 4 6
20 63 3 2
20 64 1 9
20 65 9 5
20 66 6 3
20 67 7 7
20 69 5 5
20 70 9 10
20 71 8 1
20 72 10 8
20 73 7 7
20 74 3 2
20 75 10 8
20 76 2 2
20 78 4 9
20 79 6 10
20 82 2 1
20 83 8 6
20 84 7 8
20 85 9 5
20 87 2 1
20 88 9 5
20 89 6 7
20 91 9 9
20 93 5 1
20 94 1 8
20 95 3 9
20 96 6 6
20 97 9 3
20 98 6 9
20 99 2 7
20 100 1 8
21 22 7 9
21 23 7 3
21 24 4 10
21 26 7 7
21 27 5 9
21 28 8 6
21 32 1 7
21 33 4 6
21 34 2 4
21 35 8 10
21 36 2 1
21 37 9 5
21 38 9 8
21 39 6 8
21 40 7 2
21 41 5 5
21 42 10 4
21 43 3 4
21 45 5 8
21 47 8 1
21 48 8 6
21 49 9 7
21 52 1 6
21 54 7 4
21 57 4 1
21 58 1 8
21 59 3 3
21 60 10 4
21 61 4 5
21 63 10 1
21 64 9 4
21 65 1 5
21 66 9 9
21 69 3 6
21 70 9 10
21 72 6 4
21 73 9 9
21 74 2 9
21 76 10 4
21 77 4 2
21 78 3 6
21 79 9 1
21 80 10 6
21 81 10 1
21 82 3 5
21 83 4 1
21 84 4 10
21 85 8 7
21 86 5 9
21 87 6 8
21 88 4 9
21 90 5 5
21 92 7 5
21 93 6 6
21 94 7 3
21 95 7 7
21 96 3 3
21 98 1 7
21 99 8 2
22 23 2 5
22 24 1 8
22 25 7 3
22 26 5 7
22 28 5 10
22 29 2 6
22 30 10 6
22 31 8 4
22 32 5 5
22 33 10 4
22 34 5 3
22 35 7 8
22 36 1 9
22 37 9 5
22 38 10 3
22 39 2 10
22 40 8 4
22 41 2 7
22 42 4 4
22 45 2 6
22 46 8 9
22 47 1 8
22 48 6 8
22 49 5 10
22 50 3 6
22 51 10 4
22 52 1 6
22 53 4 3
22 54 5 8
22 55 3 3
22 56 7 7
22 57 2 6
22 58 6 8
22 59 3 6
22 60 2 7
22 65 9 2
22 66 4 4
22 67 2 3
22 68 2 9
22 69 8 10
22 72 7 10
22 74 2 3
22 75 2 8
22 76 8 10
22 77 1 6
22 79 3 10
22 80 5 4
22 81 8 2
22 82 2 9
22 83 10 3
22 86 3 5
22 88 3 6
22 89 1 3
22 90 9 1
22 92 1 8
22 93 8 3
22 94 2 10
22 95 9 10
22 96 10 3
22 97 7 9
22 98 7 5
22 99 5 10
22 100 1 10
23 24 3 2
23 25 8 7
23 27 3 7
23 29 1 2
23 30 1 10
23 31 5 6
23 32 3 3
23 33 2 2
23 34 5 6
23 35 3 8
23 36 6 8
23 37 4 2
23 38 5 1
23 39 10 9
23 40 6 5
23 41 2 3
23 42 5 4
23 44 8 3
23 45 3 2
23 46 2 3
23 47 3 1
23 48 10 8
23 49 5 4
23 51 9 5
23 52 7 6
23 55 6 6
23 56 4 8
23 57 10 4
23 58 3 6
23 59 5 6
23 62 9 10
23 63 3 6
23 64 7 8
23 65 1 3
23 66 3 4
23 67 2 6
23 68 9 7
23 69 8 1
23 70 1 8
23 71 9 1
23 72 6 8
23 73 2 8
23 74 5 7
23 75 4 3
23 76 9 10
23 77 6 10
23 78 2 5
23 80 3 8
23 82 9 9
23 84 7 9
23 85 4 7
23 86 4 2
23 87 8 6
23 88 1 8
23 89 4 3
23 90 9 3
23 91 4 7
23 92 7 5
23 93 9 7
23 94 6 2
23 96 2 5
23 97 8 6
23 98 7 2
23 99 1 2
23 100 5 10
24 25 6 3
24 26 10 2
24 27 4 4
24 28 2 10
24 29 2 1
24 30 9 1
24 31 2 4
24 32 6 7
24 34 2 8
24 35 9 1
24 36 6 9
24 37 4 1
24 38 6 2
24 39 8 10
24 41 7 6
24 43 10 6
24 44 8 6
24 45 6 1
24 46 7 8
24 47 5 8
24 48 7 8
24 49 5 8
24 50 6 4
24 51 10 2
24 52 2 2
24 53 1 4
24 54 1 5
24 56 1 6
24 58 10 10
24 59 10 8
24 60 4 10
24 61 6 3
24 62 3 4
24 63 4 9
24 64 4 1
24 65 5 5
24 66 5 2
24 68 10 8
24 69 9 1
24 70 1 8
24 71 10 10
24 72 4 2
24 73 6 5
24 74 10 6
24 75 2 10
24 77 2 4
24 78 9 2
24 81 10 7
24 82 8 10
24 84 5 7
24 85 1 2
24 86 8 8
24 87 2 9
24 89 4 5
24 90 6 9
24 91 9 9
24 92 5 3
24 93 1 6
24 94 1 3
24 95 3 2
24 96 1 8
24 97 6 2
24 98 2 4
24 99 6 4
25 26 1 9
25 27 3 3
25 28 5 1
25 29 2 2
25 31 5 2
25 32 1 3
25 33 6 8
25 34 1 10
25 35 3 8
25 36 1 7
25 37 9 10
25 38 9 4
25 40 2 7
25 41 5 9
25 43 1 10
25 44 3 1
25 45 6 2
25 46 8 7
25 47 10 5
25 48 1 3
25 49 2 3
25 50 5 9
25 51 9 7
25 52 1 3
25 54 4 9
25 55 1 7
25 56 2 1
25 57 4 5
25 58 4 7
25 59 5 10
25 60 10 7
25 61 6 6
25 62 5 8
25 63 1 10
25 65 9 2
25 66 8 8
25 67 6 3
25 68 2 2
25 69 6 3
25 71 2 8
25 72 9 10
25 73 10 7
25 74 5 4
25 75 6 2
25 76 3 5
25 77 9 9
25 78 4 1
25 79 3 8
25 80 9 3
25 81 7 1
25 82 6 9
25 83 5 3
25 84 9 4
25 85 8 1
25 87 2 7
25 88 6 1
25 89 6 1
25 90 6 4
25 91 2 10
25 92 10 7
25 94 2 6
25 95 10 4
25 96 2 3
25 97 4 7
25 98 10 8
26 27 1 5
26 28 5 6
26 29 6 7
26 32 6 5
26 33 1 1
26 34 1 9
26 35 6 5
26 36 3 2
26 37 5 5
26 38 1 5
26 39 8 1
26 40 6 4
26 41 9 1
26 42 5 6
26 43 3 8
26 44 8 4
26 47 6 7
26 48 10 10
26 49 4 6
26 50 9 4
26 51 2 2
26 53 6 4
26 54 1 9
26 55 6 8
26 57 4 9
26 58 2 7
26 59 2 3
26 60 9 6
26 61 8 3
26 62 8 5
26 63 9 10
26 64 1 7
26 65 10 10
26 67 3 9
26 68 9 1
26 70 8 6
26 71 8 8
26 72 6 2
26 73 6 6
26 74 10 10
26 75 9 10
26 77 6 5
26 78 4 10
26 79 8 8
26 80 2 3
26 81 4 6
26 82 9 5
26 83 6 9
26 84 1 5
26 86 1 10
26 87 10 1
26 88 3 2
26 89 5 3
26 90 1 6
26 91 1 1
26 93 3 8
26 94 3 8
26 95 9 10
26 96 2 4
26 97 8 10
26 98 2 1
26 99 1 1
26 100 6 6
27 28 8 5
27 29 7 10
27 30 3 5
27 31 3 9
27 32 10 9
27 33 6 8
27 36 10 7
27 38 2 10
27 39 5 5
27 40 8 8
27 41 3 5
27 42 10 8
27 43 3 7
27 44 8 6
27 45 9 6
27 47 9 7
27 48 7 2
27 49 8 1
27 50 8 2
27 51 8 10
27 52 7 6
27 53 6 3
27 54 6 7
27 55 10 10
27 57 1 7
27 59 7 4
27 61 1 1
27 62 6 10
27 64 1 2
27 68 10 2
27 69 4 10
27 70 6 7
27 71 7 8
27 72 3 5
27 73 2 2
27 74 4 5
27 75 10 6
27 77 2 4
27 78 7 7
27 79 7 5
27 80 10 7
27 81 7 10
27 82 6 1
27 83 5 4
27 84 5 5
27 85 7 9
27 86 3 10
27 87 1 6
27 88 2 1
27 89 7 9
27 91 4 4
27 92 9 3
27 93 6 9
27 94 4 10
27 95 1 2
27 96 3 4
27 97 7 5
27 100 2 9
28 31 6 8
28 32 2 5
28 33 3 10
28 35 5 10
28 36 7 9
28 37 4 6
28 38 8 1
28 39 8 2
28 40 10 7
28 41 4 2
28 42 9 6
28 44 5 3
28 45 8 2
28 46 4 1
28 47 7 9
28 48 8 2
28 49 7 10
28 52 2 10
28 53 1 2
28 54 8 2
28 55 5 3
28 57 6 3
28 58 8 10
28 59 8 4
28 60 5 8
28 61 7 8
28 62 6 2
28 63 7 1
28 64 9 2
28 66 5 5
28 67 8 3
28 68 9 2
28 69 2 7
28 70 1 10
28 71 2 3
28 72 3 6
28 73 1 9
28 74 9 4
28 75 6 7
28 76 9 1
28 77 2 8
28 79 8 6
28 81 10 3
28 82 9 4
28 83 8 6
28 84 6 9
28 85 5 2
28 87 6 1
28 88 10 3
28 90 9 10
28 91 7 4
28 92 3 8
28 93 9 4
28 94 7 10
28 95 5 3
28 96 4 4
28 97 4 10
28 98 1 7
28 99 1 6
28 100 3 5
29 30 3 2
29 31 8 2
29 32 9 6
29 34 3 1
29 35 1 6
29 36 1 5
29 37 9 5
29 38 3 7
29 39 10 9
29 40 6 8
29 41 10 5
29 43 6 9
29 44 6 6
29 45 6 1
29 46 3 7
29 47 9 2
29 48 2 8
29 49 3 5
29 50 3 6
29 51 5 7
29 52 1 10
29 53 5 6
29 54 1 9
29 56 5 8
29 57 3 3
29 59 5 4
29 60 10 6
29 61 7 2
29 62 1 1
29 63 1 2
29 64 2 8
29 66 1 1
29 67 9 9
29 68 3 5
29 69 1 10
29 70 2 1
29 71 10 10
29 74 6 9
29 75 5 5
29 76 6 4
29 78 6 9
29 79 3 4
29 80 2 7
29 81 2 2
29 82 7 6
29 83 6 10
29 84 2 1
29 85 1 8
29 86 3 4
29 88 8 4
29 89 6 8
29 90 1 10
29 91 3 7
29 92 9 6
29 93 6 7
29 95 5 3
29 96 8 8
29 98 7 7
30 31 9 4
30 32 6 8
30 33 8 1
30 34 10 7
30 35 3 4
30 36 1 5
30 37 4 8
30 38 2 3
30 39 7 5
30 40 1 9
30 41 4 10
30 43 1 6
30 44 1 10
30 45 9 8
30 46 6 1
30 49 8 2
30 50 3 6
30 51 9 8
30 52 5 5
30 53 6 1
30 54 4 8
30 55 6 6
30 56 2 1
30 57 4 8
30 58 1 7
30 59 8 2
30 62 10 9
30 64 8 6
30 65 5 9
30 66 4 1
30 67 1 10
30 68 7 5
30 71 2 8
30 72 3 7
30 73 5 5
30 74 8 6
30 75 7 5
30 76 7 2
30 78 10 5
30 79 4 3
30 80 5 9
30 81 9 4
30 82 1 3
30 83 1 5
30 85 7 9
30 86 6 5
30 87 7 8
30 88 2 2
30 91 6 9
30 92 6 8
30 93 3 3
30 94 3 2
30 96 8 2
30 97 7 9
30 98 10 7
30 99 5 8
30 100 3 1
31 32 1 2
31 33 10 10
31 35 2 9
31 36 10 2
31 37 4 2
31 39 6 8
31 40 1 1
31 41 2 10
31 42 2 10
31 43 4 10
31 44 4 2
31 46 4 1
31 47 4 3
31 48 7 2
31 49 3 10
31 50 8 7
31 51 3 6
31 52 3 5
31 53 6 1
31 54 1 4
31 55 8 7
31 56 6 2
31 57 4 2
31 59 2 2
31 60 5 6
31 61 8 6
31 62 2 7
31 64 3 3
31 65 9 2
31 66 4 3
31 67 4 6
31 68 2 6
31 69 2 2
31 71 10 5
31 72 4 6
31 73 3 8
31 74 2 5
31 75 2 10
31 76 5 9
31 77 9 6
31 78 4 10
31 79 1 5
31 80 2 9
31 81 4 9
31 82 9 7
31 83 4 4
31 84 5 8
31 86 1 10
31 88 3 10
31 89 10 10
31 91 6 5
31 92 3 1
31 93 1 7
31 94 6 9
31 95 6 4
31 96 7 7
31 97 5 1
31 98 1 1
31 100 7 5
32 33 3 4
32 36 3 9
32 37 1 10
32 38 7 5
32 39 8 8
32 40 7 5
32 41 8 4
32 43 2 2
32 44 1 3
32 45 4 10
32 47 1 5
32 49 6 7
32 50 2 3
32 52 7 10
32 53 10 10
32 54 2 9
32 55 4 6
32 56 4 9
32 58 6 4
32 59 9 9
32 60 7 3
32 61 1 2
32 62 2 5
32 63 3 4
32 64 2 2
32 65 6 3
32 66 7 3
32 67 7 4
32 68 3 8
32 69 5 4
32 70 1 8
32 71 2 5
32 72 10 3
32 73 2 9
32 74 7 6
32 75 3 8
32 76 5 1
32 77 10 5
32 80 7 2
32 81 2 2
32 82 3 9
32 83 2 3
32 84 8 1
32 86 10 5
32 87 7 4
32 88 7 9
32 89 6 10
32 90 4 2
32 91 2 4
32 92 2 5
32 93 7 6
32 94 1 3
32 96 6 1
32 97 3 1
32 98 8 10
32 100 10 3
33 34 5 9
33 35 5 5
33 36 2 2
33 37 4 8
33 38 5 6
33 39 8 7
33 40 8 10
33 41 4 9
33 42 5 3
33 43 4 1
33 44 9 3
33 45 3 9
33 46 3 2
33 48 4 5
33 50 7 3
33 51 3 8
33 52 7 9
33 53 2 5
33 55 4 5
33 56 6 7
33 57 1 5
33 59 10 3
33 60 1 5
33 61 5 5
33 63 4 4
33 64 10 6
33 65 3 3
33 66 6 9
33 67 9 10
33 68 2 2
33 69 1 1
33 70 10 7
33 71 10 8
33 72 7 8
33 73 10 6
33 74 10 8
33 75 9 4
33 77 2 8
33 78 5 4
33 79 1 10
33 81 1 6
33 82 4 10
33 83 10 2
33 84 4 7
33 85 8 10
33 86 3 1
33 87 2 2
33 88 3 8
33 92 9 3
33 93 8 10
33 94 5 2
33 96 8 3
33 97 3 2
33 98 5 2
33 99 10 7
34 35 10 7
34 36 10 7
34 37 9 8
34 39 2 8
34 41 7 3
34 42 10 1
34 43 4 9
34 44 5 10
34 45 10 1
34 46 4 3
34 47 2 10
34 48 1 1
34 49 9 3
34 50 2 9
34 53 3 8
34 54 3 3
34 55 3 1
34 57 2 9
34 58 9 1
34 60 4 6
34 61 10 8
34 62 8 4
34 63 10 9
34 64 3 8
34 69 8 10
34 70 3 10
34 71 4 9
34 72 6 3
34 73 3 8
34 74 8 8
34 75 7 5
34 76 8 7
34 77 1 5
34 78 8 4
34 80 5 6
34 81 8 2
34 82 1 8
34 83 1 7
34 84 2 4
34 86 8 3
34 88 7 7
34 89 8 3
34 91 9 5
34 92 8 4
34 93 9 7
34 94 9 8
34 95 2 10
34 96 6 9
34 97 8 10
34 99 4 3
35 36 1 3
35 37 2 1
35 39 10 4
35 40 1 9
35 44 2 3
35 45 5 1
35 46 3 9
35 47 7 8
35 48 9 6
35 49 9 10
35 50 2 10
35 52 1 7
35 53 10 4
35 54 4 1
35 55 3 10
35 56 6 6
35 57 6 2
35 59 7 1
35 61 9 6
35 62 9 8
35 63 6 3
35 64 3 8
35 65 3 7
35 66 3 4
35 67 2 2
35 68 10 9
35 69 4 6
35 70 7 4
35 72 2 3
35 73 6 5
35 75 5 10
35 76 1 9
35 77 9 1
35 78 4 9
35 79 3 7
35 80 7 9
35 81 10 1
35 82 9 3
35 83 8 1
35 84 2 9
35 85 10 1
35 86 10 9
35 87 9 2
35 90 3 2
35 91 4 3
35 92 10 3
35 94 10 3
35 95 4 3
35 97 2 9
35 100 4 9
36 37 4 5
36 38 3 4
36 39 10 8
36 41 2 8
36 42 10 1
36 43 9 6
36 44 7 6
36 45 9 5
36 46 9 8
36 47 6 8
36 48 4 5
36 49 5 4
36 50 6 5
36 51 5 7
36 52 5 4
36 53 9 10
36 54 2 10
36 55 2 1
36 56 2 4
36 57 7 5
36 58 7 3
36 60 6 4
36 61 5 2
36 62 5 2
36 64 10 3
36 66 1 6
36 67 7 4
36 68 9 1
36 69 2 3
36 71 1 1
36 72 8 3
36 73 10 6
36 75 4 2
36 76 6 8
36 77 7 5
36 79 6 4
36 80 9 10
36 81 6 10
36 82 8 7
36 85 10 9
36 86 2 4
36 88 2 10
36 90 6 8
36 91 9 5
36 92 10 2
36 93 1 2
36 95 3 5
36 96 8 4
36 99 10 6
36 100 2 10
37 38 7 10
37 39 7 3
37 42 10 10
37 43 7 4
37 44 1 10
37 45 5 7
37 46 6 1
37 47 6 8
37 48 4 9
37 50 8 2
37 51 9 9
37 52 9 4
37 53 6 5
37 54 4 6
37 55 2 3
37 56 2 3
37 57 1 9
37 58 8 8
37 59 10 6
37 60 1 1
37 61 3 1
37 63 7 1
37 64 9 3
37 66 4 9
37 67 1 9
37 68 7 5
37 69 7 1
37 70 9 4
37 71 9 5
37 73 7 10
37 74 2 1
37 75 6 5
37 76 3 10
37 77 7 1
37 79 7 7
37 81 1 7
37 82 8 7
37 83 7 9
37 86 3 4
37 87 4 5
37 88 9 3
37 89 10 1
37 90 3 7
37 92 10 5
37 93 2 8
37 94 2 10
37 95 3 10
37 96 4 2
37 97 2 8
37 98 8 1
37 99 6 6
37 100 7 10
38 39 9 6
38 40 9 7
38 41 2 6
38 42 10 7
38 43 10 2
38 44 3 8
38 45 5 6
38 48 1 3
38 49 10 1
38 51 8 3
38 53 5 1
38 55 8 10
38 56 8 10
38 57 3 8
38 58 1 7
38 60 1 9
38 61 2 9
38 62 8 2
38 63 4 1
38 64 4 4
38 66 9 7
38 67 9 5
38 68 3 4
38 69 10 7
38 70 1 2
38 72 4 9
38 73 10 2
38 75 7 2
38 76 6 6
38 77 8 2
38 78 5 7
38 79 5 2
38 80 7 9
38 81 9 1
38 82 2 3
38 83 7 8
38 84 10 4
38 85 5 3
38 86 5 7
38 88 9 9
38 89 3 7
38 92 5 9
38 93 8 4
38 94 7 3
38 95 9 10
38 96 7 6
38 97 10 3
38 98 4 5
38 99 5 8
39 40 1 1
39 42 7 8
39 43 5 9
39 44 7 4
39 45 9 6
39 47 3 3
39 48 9 2
39 49 9 4
39 50 3 3
39 51 7 4
39 52 1 2
39 53 8 7
39 54 4 2
39 55 9 4
39 56 10 6
39 57 10 10
39 58 7 4
39 60 1 7
39 61 10 4
39 62 10 4
39 65 5 4
39 66 9 2
39 67 4 10
39 68 6 5
39 69 4 9
39 71 4 8
39 72 3 9
39 73 8 5
39 74 7 10
39 75 8 3
39 76 3 10
39 77 8 2
39 78 3 8
39 80 3 9
39 82 1 2
39 83 1 9
39 84 3 6
39 85 10 8
39 88 9 4
39 90 9 7
39 91 1 10
39 92 9 9
39 96 10 6
39 97 7 7
39 98 3 2
39 99 1 10
40 41 2 6
40 42 5 1
40 44 8 10
40 45 7 9
40 46 8 6
40 47 3 4
40 48 7 9
40 49 1 10
40 50 10 5
40 51 6 8
40 52 6 2
40 53 9 4
40 56 7 10
40 57 8 1
40 58 10 6
40 59 1 3
40 60 2 4
40 62 10 5
40 65 3 3
40 67 2 9
40 68 8 4
40 70 1 7
40 71 4 2
40 72 4 9
40 73 10 2
40 75 2 4
40 76 1 3
40 77 9 8
40 78 6 9
40 79 10 3
40 80 4 4
40 82 3 10
40 83 3 4
40 85 3 6
40 86 7 7
40 87 5 3
40 88 4 9
40 89 8 3
40 90 8 1
40 92 9 2
40 93 1 1
40 94 10 6
40 95 10 5
40 96 6 8
40 97 10 4
40 99 1 8
40 100 1 1
41 43 2 9
41 44 6 10
41 45 4 9
41 46 3 10
41 47 8 7
41 48 5 8
41 49 9 2
41 50 8 7
41 52 7 2
41 53 3 7
41 54 4 9
41 55 8 6
41 57 10 10
41 58 7 9
41 59 8 4
41 60 7 9
41 61 6 5
41 62 1 7
41 63 7 9
41 65 6 10
41 67 9 2
41 68 8 3
41 69 8 4
41 70 4 1
41 71 7 10
41 72 5 1
41 73 10 5
41 74 8 2
41 75 3 2
41 76 3 10
41 77 1 6
41 79 9 4
41 80 9 2
41 81 4 3
41 82 4 3
41 84 6 9
41 85 9 6
41 86 5 8
41 87 9 8
41 88 9 8
41 89 1 3
41 90 9 10
41 91 1 4
41 92 5 5
41 93 1 2
41 94 9 5
41 95 9 2
41 96 2 9
41 97 8 3
41 98 3 4
41 99 1 5
41 100 8 1
42 43 8 5
42 44 3 10
42 45 6 10
42 46 1 1
42 47 4 1
42 49 6 8
42 50 2 10
42 51 8 8
42 52 6 1
42 53 1 3
42 54 10 5
42 55 1 7
42 56 7 10
42 57 5 2
42 58 2 10
42 61 9 1
42 62 1 9
42 64 7 9
42 66 5 10
42 68 5 10
42 70 5 5
42 71 10 2
42 72 7 1
42 73 3 8
42 75 6 2
42 77 4 10
42 78 9 10
42 79 1 4
42 81 1 7
42 82 1 6
42 83 10 6
42 84 6 1
42 85 6 4
42 86 6 5
42 87 4 1
42 88 8 4
42 89 10 3
42 90 2 8
42 91 5 7
42 95 7 3
42 96 8 9
42 97 4 9
42 98 3 9
42 99 4 2
42 100 1 7
43 44 1 3
43 45 1 8
43 46 7 10
43 47 8 7
43 48 10 10
43 49 1 3
43 50 1 4
43 51 2 7
43 52 9 7
43 53 8 9
43 54 10 2
43 55 6 9
43 57 2 4
43 60 3 7
43 62 8 7
43 64 8 6
43 65 1 9
43 66 5 10
43 67 5 7
43 68 2 2
43 69 4 5
43 70 3 10
43 71 6 6
43 73 7 8
43 74 4 5
43 75 10 2
43 76 6 7
43 79 4 10
43 80 3 8
43 81 8 8
43 84 4 8
43 85 4 9
43 86 3 7
43 87 1 7
43 89 7 7
43 90 6 4
43 91 3 10
43 92 7 1
43 93 6 7
43 94 2 6
43 95 2 6
43 96 9 2
43 97 3 5
43 98 9 8
43 99 10 9
44 45 5 6
44 46 9 1
44 47 5 10
44 48 10 2
44 50 4 8
44 53 2 10
44 54 7 1
44 55 9 5
44 56 10 1
44 58 2 6
44 59 2 5
44 60 5 8
44 61 7 4
44 62 9 10
44 63 7 4
44 64 1 10
44 67 5 3
44 68 2 6
44 69 3 1
44 70 7 8
44 71 3 4
44 72 4 6
44 74 10 1
44 75 7 1
44 76 7 6
44 78 6 5
44 80 5 7
44 81 8 3
44 82 8 2
44 83 9 7
44 84 7 2
44 85 5 9
44 86 8 2
44 87 1 5
44 88 6 7
44 89 8 5
44 92 4 2
44 93 9 8
44 94 6 4
44 95 1 3
44 96 7 10
44 97 8 5
44 98 1 2
44 99 8 4
44 100 7 6
45 46 10 2
45 47 2 8
45 48 3 10
45 49 7 8
45 50 1 2
45 51 3 9
45 54 8 4
45 55 6 5
45 56 4 2
45 57 7 10
45 60 3 4
45 61 6 5
45 62 2 2
45 63 1 10
45 64 8 6
45 65 10 10
45 66 7 3
45 67 7 1
45 69 9 3
45 71 8 1
45 73 7 10
45 74 2 9
45 75 8 9
45 76 8 9
45 77 1 8
45 79 3 8
45 80 10 9
45 81 2 8
45 82 5 9
45 83 3 9
45 84 3 2
45 85 5 7
45 88 7 2
45 89 8 4
45 90 6 9
45 92 7 4
45 95 6 4
45 97 4 8
45 98 1 2
45 99 2 10
45 100 6 6
46 47 3 8
46 50 6 2
46 51 1 6
46 52 6 10
46 53 3 6
46 54 2 6
46 55 8 9
46 57 8 4
46 60 8 9
46 61 9 4
46 62 7 6
46 63 6 2
46 64 1 10
46 67 10 7
46 68 4 9
46 70 4 9
46 71 1 9
46 72 1 1
46 73 5 7
46 74 4 2
46 75 6 6
46 76 6 3
46 77 6 8
46 78 3 8
46 79 1 3
46 80 8 8
46 81 7 5
46 82 5 2
46 83 2 3
46 84 4 5
46 87 9 9
46 88 8 5
46 89 2 1
46 91 9 9
46 92 1 4
46 93 10 8
46 94 5 10
46 95 10 5
46 96 5 1
46 97 10 4
46 98 7 6
46 99 1 4
46 100 4 7
47 48 7 2
47 49 9 7
47 50 7 6
47 51 1 4
47 52 4 7
47 53 2 10
47 55 1 2
47 57 6 8
47 58 10 10
47 59 7 6
47 60 5 10
47 61 3 4
47 63 2 10
47 64 8 6
47 65 5 3
47 66 9 1
47 68 5 7
47 69 9 9
47 70 7 6
47 71 2 6
47 73 2 2
47 75 1 3
47 76 5 2
47 77 6 5
47 78 7 5
47 79 9 5
47 81 10 4
47 82 8 4
47 83 7 4
47 84 3 8
47 86 9 4
47 87 1 8
47 88 4 9
47 89 9 9
47 91 4 8
47 93 10 10
47 94 8 7
47 95 7 6
47 97 4 6
47 98 8 4
47 99 2 5
47 100 1 7
48 49 8 6
48 50 9 7
48 51 5 6
48 52 10 9
48 53 9 8
48 54 4 2
48 55 5 3
48 56 3 2
48 57 3 8
48 58 6 4
48 59 5 2
48 60 9 3
48 61 8 10
48 63 7 4
48 64 9 7
48 65 7 3
48 66 8 1
48 67 9 2
48 68 7 8
48 69 5 1
48 71 5 5
48 72 2 3
48 73 6 5
48 74 9 8
48 75 5 5
48 76 8 8
48 77 5 6
48 78 2 1
48 79 2 1
48 81 5 7
48 82 6 10
48 83 6 9
48 84 3 7
48 85 4 6
48 87 2 9
48 88 8 2
48 89 7 2
48 91 8 3
48 92 2 3
48 93 5 6
48 95 7 5
48 96 8 9
48 97 7 9
48 98 10 2
48 99 9 3
48 100 5 6
49 50 5 1
49 51 10 3
49 52 2 10
49 54 8 8
49 55 1 6
49 56 6 1
49 57 4 10
49 58 8 4
49 59 2 5
49 60 10 5
49 61 10 7
49 63 3 2
49 64 7 5
49 66 4 10
49 67 9 9
49 68 8 5
49 69 5 5
49 71 1 3
49 72 2 7
49 73 5 10
49 74 4 4
49 75 8 8
49 76 5 6
49 77 5 7
49 78 8 1
49 79 4 7
49 80 4 1
49 81 6 3
49 82 4 4
49 83 8 9
49 84 9 6
49 85 4 6
49 86 3 8
49 88 4 7
49 90 4 2
49 91 10 8
49 92 3 8
49 93 3 8
49 94 5 3
49 95 7 9
49 96 9 7
49 98 6 4
49 100 6 9
50 51 10 4
50 53 8 2
50 57 4 9
50 58 7 1
50 60 7 2
50 61 7 1
50 62 4 7
50 63 7 5
50 64 8 3
50 65 6 7
50 66 2 2
50 67 3 4
50 70 4 2
50 71 9 3
50 72 10 3
50 73 8 6
50 74 4 4
50 75 10 2
50 76 5 2
50 77 2 8
50 78 5 2
50 79 8 10
50 80 3 5
50 82 1 6
50 83 9 7
50 84 10 9
50 85 4 4
50 86 3 3
50 87 7 4
50 88 6 10
50 89 6 1
50 90 2 4
50 91 6 4
50 92 10 10
50 93 6 5
50 94 4 5
50 95 2 1
50 96 5 6
50 97 4 4
50 99 5 2
50 100 8 8
51 53 5 8
51 55 5 2
51 57 10 8
51 58 6 6
51 60 6 2
51 62 4 1
51 64 6 10
51 65 7 5
51 69 5 1
51 70 9 2
51 71 10 2
51 72 5 4
51 75 3 7
51 76 7 9
51 77 6 2
51 78 9 6
51 79 9 7
51 82 9 7
51 84 9 6
51 86 4 1
51 87 4 3
51 89 5 4
51 90 9 4
51 91 5 10
51 92 2 10
51 96 5 3
51 99 2 2
51 100 7 6
52 54 3 5
52 55 5 3
52 56 6 9
52 57 2 6
52 58 4 7
52 59 2 9
52 60 5 2
52 61 3 8
52 62 4 6
52 63 2 9
52 64 2 2
52 65 8 10
52 66 6 1
52 67 2 5
52 68 7 4
52 70 1 3
52 71 5 10
52 72 3 6
52 73 7 4
52 74 4 10
52 75 4 6
52 76 4 3
52 77 1 5
52 79 6 7
52 81 8 2
52 83 6 6
52 84 9 5
52 85 6 7
52 86 5 3
52 87 6 7
52 89 4 7
52 90 1 8
52 91 1 4
52 92 3 5
52 93 3 4
52 95 2 2
52 96 6 2
52 97 4 9
52 98 6 2
52 99 9 8
52 100 3 5
53 54 4 8
53 55 6 5
53 56 1 10
53 58 9 5
53 61 10 9
53 64 1 5
53 65 4 1
53 66 3 5
53 67 8 1
53 68 3 10
53 69 3 5
53 70 8 8
53 71 1 4
53 72 9 6
53 73 4 9
53 75 3 2
53 76 10 3
53 77 5 10
53 78 1 2
53 79 8 8
53 80 7 6
53 81 2 3
53 82 8 6
53 83 5 1
53 84 1 4
53 85 3 10
53 86 1 9
53 87 7 10
53 88 3 8
53 89 3 3
53 90 8 7
53 91 10 3
53 92 5 6
53 93 2 4
53 96 6 3
53 98 5 10
53 100 10 6
54 56 3 9
54 57 2 10
54 59 9 6
54 60 4 4
54 61 3 4
54 62 7 10
54 63 4 8
54 64 6 9
54 68 8 9
54 69 10 7
54 72 7 6
54 73 5 10
54 74 10 1
54 75 1 4
54 79 6 5
54 80 2 1
54 81 1 9
54 82 10 1
54 83 8 10
54 84 5 7
54 85 1 6
54 87 10 2
54 88 1 3
54 89 9 2
54 90 2 3
54 91 6 4
54 92 3 3
54 93 9 1
54 94 7 3
54 95 5 10
54 96 3 1
54 98 1 6
54 99 1 10
54 100 5 1
55 56 3 8
55 58 1 2
55 59 10 9
55 60 2 5
55 61 8 8
55 62 7 6
55 64 2 8
55 65 5 1
55 67 4 1
55 68 6 10
55 69 6 8
55 70 3 6
55 71 2 9
55 72 9 1
55 73 5 6
55 75 9 2
55 76 8 7
55 78 6 3
55 79 5 9
55 82 8 6
55 83 6 5
55 85 7 5
55 86 2 1
55 88 8 7
55 89 9 10
55 90 6 7
55 92 7 8
55 93 4 2
55 94 2 9
55 95 10 10
55 96 5 5
55 97 2 5
55 98 6 3
55 99 9 9
55 100 6 3
56 58 5 2
56 60 9 5
56 61 9 6
56 62 5 3
56 63 10 10
56 64 10 4
56 65 2 6
56 66 7 4
56 69 1 6
56 72 6 4
56 73 2 3
56 74 1 1
56 75 6 9
56 76 9 8
56 77 5 3
56 78 10 4
56 80 9 10
56 81 9 5
56 82 1 10
56 83 6 10
56 84 7 6
56 85 6 7
56 86 9 10
56 87 8 4
56 88 5 5
56 89 5 3
56 90 3 1
56 91 4 4
56 92 10 8
56 93 2 6
56 94 5 8
56 95 10 6
56 96 8 8
56 97 3 7
56 98 7 4
56 100 6 3
57 58 10 2
57 59 2 9
57 60 2 10
57 61 8 2
57 62 9 7
57 65 2 6
57 67 10 6
57 68 8 6
57 69 8 10
57 70 5 9
57 71 6 5
57 72 4 4
57 73 9 8
57 74 8 4
57 76 7 3
57 77 5 3
57 78 1 3
57 79 2 10
57 80 8 6
57 81 6 7
57 82 2 3
57 83 3 6
57 86 10 5
57 87 9 10
57 88 1 4
57 89 9 3
57 91 2 5
57 93 9 1
57 95 1 10
57 97 6 5
57 98 3 7
57 99 8 7
57 100 7 2
58 59 6 7
58 60 1 2
58 61 10 3
58 62 7 8
58 63 7 3
58 65 9 5
58 66 4 6
58 67 2 3
58 69 3 9
58 71 2 7
58 72 3 5
58 75 5 3
58 76 6 6
58 77 7 4
58 78 6 4
58 79 1 8
58 80 5 6
58 82 7 1
58 83 9 3
58 84 1 3
58 85 1 1
58 86 8 5
58 90 4 5
58 91 6 8
58 92 6 6
58 93 8 2
58 94 4 2
58 95 10 6
58 96 2 5
58 97 4 6
58 98 1 5
58 100 10 10
59 60 7 6
59 61 8 9
59 62 1 6
59 63 7 10
59 65 7 3
59 66 10 6
59 68 7 10
59 69 1 2
59 70 9 5
59 71 1 8
59 72 10 6
59 73 4 2
59 74 7 9
59 75 7 6
59 76 8 3
59 77 8 4
59 78 8 1
59 79 5 2
59 80 1 9
59 82 2 8
59 85 2 7
59 86 2 9
59 87 9 7
59 89 5 8
59 90 8 5
59 91 7 6
59 94 6 3
59 95 9 9
59 96 3 7
59 97 2 9
59 98 10 2
59 99 1 4
59 100 9 7
60 61 1 2
60 62 7 1
60 63 8 5
60 64 7 5
60 65 9 1
60 66 6 6
60 67 7 10
60 68 9 9
60 70 4 7
60 71 8 8
60 72 8 2
60 73 9 2
60 76 5 4
60 77 1 9
60 78 1 6
60 79 3 8
60 81 2 3
60 82 10 6
60 83 9 2
60 85 3 2
60 86 9 7
60 87 10 7
60 88 7 3
60 89 9 10
60 91 9 4
60 93 9 8
60 94 3 7
60 95 9 3
60 96 3 4
60 97 6 3
60 99 10 4
60 100 1 10
61 62 5 8
61 63 10 6
61 64 5 9
61 66 1 10
61 67 7 4
61 68 8 3
61 69 10 9
61 71 8 3
61 72 10 9
61 74 2 6
61 75 7 8
61 76 2 7
61 77 5 9
61 78 6 1
61 80 5 3
61 81 8 7
61 82 3 10
61 83 7 5
61 84 1 7
61 86 1 2
61 87 1 10
61 88 10 4
61 89 5 9
61 90 3 9
61 92 1 2
61 93 2 3
61 94 2 10
61 95 8 8
61 97 2 2
61 98 5 5
61 99 3 10
62 63 1 9
62 64 6 3
62 65 5 4
62 66 7 8
62 67 2 3
62 68 10 10
62 69 1 5
62 70 1 2
62 72 3 3
62 73 6 5
62 74 3 1
62 75 9 5
62 76 2 6
62 77 3 1
62 80 2 3
62 81 10 3
62 83 10 6
62 85 9 6
62 86 9 2
62 90 6 6
62 91 4 10
62 93 8 10
62 94 9 10
62 95 5 7
62 96 7 6
62 97 4 8
62 98 5 6
62 99 9 5
62 100 10 7
63 65 8 8
63 66 4 3
63 67 6 8
63 68 7 8
63 69 3 6
63 70 5 2
63 71 1 7
63 72 9 10
63 73 3 8
63 74 3 6
63 75 8 4
63 76 8 6
63 77 5 8
63 78 4 4
63 79 5 8
63 80 6 4
63 81 5 10
63 82 5 2
63 83 1 2
63 84 2 9
63 86 6 7
63 87 3 2
63 88 10 3
63 89 3 6
63 90 2 10
63 92 3 8
63 93 4 9
63 94 4 4
63 95 8 3
63 96 1 1
63 97 6 2
63 98 1 3
63 99 6 4
64 65 5 1
64 66 8 3
64 67 8 3
64 68 9 5
64 69 2 3
64 71 9 6
64 72 5 10
64 75 10 2
64 76 6 2
64 77 8 5
64 79 1 3
64 81 7 10
64 84 3 2
64 85 4 7
64 88 8 6
64 89 6 2
64 90 7 6
64 92 8 9
64 93 10 10
64 94 1 10
64 95 8 6
64 96 7 7
64 97 2 6
64 98 3 6
64 99 6 2
64 100 3 9
65 66 4 4
65 67 8 4
65 68 2 4
65 69 3 8
65 70 3 10
65 71 4 1
65 72 9 3
65 75 3 10
65 76 8 10
65 77 8 3
65 78 5 10
65 79 5 5
65 80 1 5
65 85 4 1
65 86 6 9
65 87 9 7
65 89 6 4
65 90 5 3
65 92 1 9
65 93 9 1
65 94 2 7
65 95 8 6
65 96 10 7
65 97 8 6
65 98 1 9
65 100 6 9
66 67 1 2
66 68 6 8
66 69 7 10
66 70 10 1
66 71 2 2
66 72 5 7
66 73 5 6
66 74 8 3
66 75 1 9
66 76 5 2
66 78 6 5
66 79 3 4
66 80 8 8
66 81 10 4
66 82 8 3
66 83 3 4
66 84 6 10
66 86 5 5
66 87 6 3
66 88 10 10
66 89 3 4
66 90 3 1
66 91 8 7
66 92 4 2
66 93 9 2
66 95 2 10
66 96 10 6
66 97 6 5
66 98 10 6
66 99 2 2
66 100 1 1
67 69 3 10
67 70 3 10
67 71 6 10
67 72 9 5
67 74 1 5
67 75 7 1
67 76 2 1
67 78 3 9
67 80 1 6
67 81 9 9
67 83 2 1
67 85 10 8
67 86 6 3
67 87 9 3
67 88 9 3
67 89 10 10
67 90 5 2
67 91 9 2
67 92 9 2
67 94 1 9
67 95 3 7
67 96 8 7
67 97 10 6
67 100 7 2
68 69 4 7
68 70 2 4
68 71 6 7
68 72 3 6
68 74 3 4
68 76 5 2
68 77 9 2
68 78 7 6
68 79 2 9
68 80 10 1
68 81 2 10
68 83 1 4
68 84 7 8
68 85 7 7
68 86 1 2
68 87 2 3
68 88 10 5
68 90 2 7
68 92 8 10
68 93 7 8
68 94 9 8
68 95 7 1
68 96 10 10
68 97 5 3
68 99 3 10
69 70 10 5
69 71 2 2
69 72 6 5
69 73 6 2
69 74 2 2
69 75 7 2
69 77 7 4
69 78 2 2
69 79 4 1
69 80 10 2
69 81 4 5
69 83 10 8
69 84 4 4
69 85 3 2
69 86 3 4
69 87 2 1
69 90 6 6
69 91 8 8
69 92 3 7
69 93 5 5
69 94 5 9
69 95 4 10
69 98 7 6
69 99 3 9
69 100 7 8
70 71 10 8
70 74 10 5
70 75 6 9
70 76 9 5
70 77 3 5
70 78 10 3
70 79 3 3
70 80 10 5
70 81 2 2
70 82 2 8
70 83 8 6
70 84 4 2
70 86 2 10
70 87 3 8
70 88 8 1
70 89 3 9
70 91 6 10
70 93 10 8
70 94 3 5
70 96 5 6
70 97 3 8
70 98 6 1
70 99 8 1
70 100 3 9
71 72 9 7
71 73 10 2
71 74 3 6
71 75 3 10
71 76 3 5
71 77 7 5
71 78 5 9
71 79 8 9
71 80 2 4
71 81 3 6
71 82 1 7
71 83 1 3
71 84 4 1
71 85 6 10
71 86 8 8
71 87 2 7
71 88 7 4
71 89 9 8
71 90 8 2
71 91 3 10
71 93 5 3
71 94 5 3
71 95 1 10
71 96 10 9
71 97 5 10
71 98 2 5
71 99 5 2
71 100 5 2
72 73 1 10
72 74 1 3
72 75 7 4
72 77 2 1
72 78 6 1
72 82 10 9
72 83 3 10
72 84 10 6
72 88 8 5
72 89 6 2
72 91 10 9
72 92 10 9
72 93 8 7
72 94 10 2
72 96 5 8
72 98 1 2
72 99 9 10
73 74 3 4
73 75 5 8
73 76 8 9
73 77 5 7
73 78 4 4
73 79 1 1
73 80 2 4
73 81 9 5
73 82 8 5
73 83 1 5
73 84 1 1
73 86 2 9
73 87 9 6
73 88 7 1
73 90 1 2
73 91 1 3
73 92 5 3
73 93 3 1
73 94 9 2
73 95 4 5
73 97 4 9
73 98 9 6
73 99 6 2
73 100 10 2
74 75 9 5
74 76 7 6
74 77 7 8
74 78 6 6
74 82 10 7
74 84 9 8
74 85 6 9
74 86 2 8
74 87 4 5
74 88 9 8
74 90 3 9
74 91 4 8
74 92 3 10
74 93 8 3
74 94 1 4
74 95 2 3
74 96 1 8
74 97 6 2
74 98 4 3
74 99 5 8
74 100 4 8
75 76 2 6
75 77 6 6
75 78 9 7
75 79 4 6
75 80 9 5
75 81 10 5
75 83 7 9
75 84 7 4
75 85 10 10
75 87 8 6
75 88 1 1
75 89 4 1
75 90 1 8
75 91 5 2
75 92 2 3
75 93 2 2
75 94 9 4
75 95 7 7
75 96 2 7
75 97 6 6
75 98 10 7
75 99 1 9
75 100 10 6
76 77 9 9
76 78 3 9
76 79 10 1
76 82 5 10
76 83 8 2
76 84 8 4
76 85 10 4
76 86 6 6
76 87 3 8
76 88 3 4
76 89 9 3
76 90 8 5
76 91 1 9
76 92 2 6
76 93 9 5
76 94 8 2
76 95 10 2
76 96 2 5
76 97 9 2
76 99 2 5
77 78 2 8
77 80 2 7
77 81 3 4
77 82 1 3
77 83 9 4
77 84 1 9
77 85 3 6
77 86 9 9
77 87 6 2
77 88 8 2
77 89 9 4
77 90 9 9
77 93 4 6
77 95 1 2
77 96 5 1
77 97 1 2
77 98 4 3
77 99 3 1
78 79 10 2
78 80 10 2
78 81 4 3
78 83 4 10
78 84 8 2
78 85 3 9
78 86 1 8
78 88 3 8
78 89 4 3
78 90 1 1
78 91 10 7
78 92 1 6
78 93 6 9
78 94 9 1
78 95 10 1
78 96 6 8
78 100 1 3
79 80 3 2
79 82 4 1
79 83 3 9
79 85 3 5
79 86 6 7
79 87 4 1
79 89 2 4
79 90 9 4
79 91 5 9
79 94 9 5
79 95 6 2
79 96 3 4
79 97 5 6
79 98 9 7
79 99 2 7
79 100 3 5
80 81 1 10
80 82 10 2
80 83 1 8
80 84 3 7
80 85 5 6
80 86 8 6
80 87 2 1
80 88 10 1
80 89 1 6
80 91 7 9
80 93 3 1
80 94 2 10
80 96 7 2
80 97 1 2
80 98 7 1
80 99 1 5
80 100 4 7
81 83 4 7
81 84 8 6
81 85 4 10
81 86 7 4
81 87 8 6
81 88 9 2
81 89 4 3
81 91 7 6
81 92 8 7
81 94 8 2
81 95 8 3
81 96 1 6
81 97 6 9
81 98 7 3
81 100 7 3
82 83 9 5
82 84 3 2
82 85 2 6
82 86 10 6
82 88 10 4
82 90 6 1
82 91 2 1
82 93 9 3
82 94 3 2
82 95 4 9
82 97 8 6
82 99 6 4
82 100 10 3
83 85 1 1
83 86 8 5
83 88 9 8
83 89 1 5
83 90 5 2
83 91 5 7
83 95 9 10
83 97 4 9
83 98 9 4
83 99 1 2
84 85 9 5
84 86 3 7
84 88 1 9
84 89 4 9
84 91 6 8
84 92 10 4
84 94 1 4
84 95 10 5
84 96 6 1
84 97 8 10
84 98 6 8
84 99 9 10
85 86 2 1
85 87 3 1
85 88 8 10
85 89 8 2
85 90 8 1
85 91 2 8
85 92 10 5
85 93 1 6
85 94 5 7
85 95 2 5
85 96 3 1
85 97 7 8
85 98 4 2
85 100 6 4
86 87 3 6
86 88 3 4
86 90 10 10
86 91 1 8
86 92 7 1
86 93 7 6
86 94 2 1
86 95 2 4
86 96 2 3
86 97 9 1
86 98 7 1
87 88 7 10
87 90 6 3
87 91 6 4
87 92 2 9
87 93 4 10
87 94 9 8
87 95 10 2
87 98 10 6
87 99 1 7
87 100 9 7
88 89 6 3
88 90 7 7
88 92 6 9
88 95 8 3
88 96 3 9
88 97 6 1
88 98 4 2
88 100 10 10
89 90 6 2
89 92 1 8
89 94 6 10
89 95 3 9
89 96 7 10
89 97 5 8
89 98 10 3
90 91 2 8
90 94 4 9
90 95 9 2
90 97 3 3
90 98 4 7
90 99 9 2
90 100 8 1
91 92 5 7
91 93 3 9
91 94 9 10
91 95 1 10
91 96 9 5
91 97 3 2
91 98 5 8
91 99 8 5
91 100 5 4
92 93 5 8
92 95 8 4
92 96 8 9
92 97 4 4
92 98 6 8
92 100 6 9
93 94 7 6
93 95 3 4
93 96 7 5
93 97 2 9
93 99 8 5
93 100 1 3
94 97 4 1
94 98 3 2
94 99 6 4
94 100 7 10
95 96 6 10
95 97 6 1
95 98 7 7
95 99 8 6
96 97 4 9
96 98 3 10
96 99 6 10
96 100 7 5
97 99 7 8
97 100 9 9
98 99 1 7
98 100 6 3
99 100 7 4
1
1 2 3 4 5 6 7 8 9 10 11 12 13 14 15 16 17 18 19 20 21 22 23 24 25 26 27 28 29 30 31 32 33 34 35 36 37 38 39 40 41 42 43 44 45 46 47 48 49 50
