3984
1 2 3 4
1 3 10 10
1 4 10 8
1 6 1 10
1 9 3 3
1 10 10 3
1 11 3 8
1 12 2 9
1 14 5 9
1 16 4 5
1 17 9 4
1 18 5 5
1 19 2 6
1 20 6 4
1 22 6 8
1 23 4 10
1 25 5 1
1 26 1 7
1 27 9 1
1 28 4 10
1 29 8 4
1 30 1 9
1 31 4 2
1 32 4 2
1 34 9 4
1 36 8 7
1 37 6 2
1 38 3 5
1 39 5 7
1 40 7 6
1 41 6 5
1 42 9 8
1 43 1 3
1 44 6 5
1 45 5 3
1 47 10 6
1 48 1 8
1 52 7 2
1 53 10 3
1 54 7 3
1 57 3 9
1 58 8 7
1 59 4 9
1 60 6 7
1 61 4 3
1 62 7 4
1 63 9 7
1 64 1 2
1 65 4 1
1 68 9 4
1 69 10 3
1 70 8 9
1 72 3 9
1 73 1 5
1 74 10 8
1 75 2 8
1 76 10 8
1 78 3 9
1 79 4 5
1 80 7 5
1 81 1 4
1 82 1 3
1 83 10 6
1 85 3 10
1 86 10 8
1 87 1 7
1 88 8 6
1 89 6 10
1 90 8 2
1 91 2 2
1 92 8 7
1 93 5 10
1 94 1 6
1 95 7 5
1 96 2 6
1 98 7 9
1 99 10 8
1 100 7 6
2 3 8 10
2 4 5 4
2 7 8 1
2 8 2 1
2 9 10 2
2 10 10 9
2 11 3 9
2 12 6 9
2 13 1 1
2 14 6 4
2 15 9 2
2 17 5 9
2 18 8 4
2 20 4 10
2 21 5 7
2 22 10 10
2 23 9 2
2 24 7 5
2 26 1 9
2 27 10 4
2 28 6 6
2 29 5 5
2 31 2 8
2 33 4 2
2 34 5 8
2 35 2 10
2 36 8 8
2 37 4 10
2 38 6 8
2 39 5 8
2 40 9 7
2 41 1 3
2 42 5 8
2 44 10 10
2 48 1 4
2 49 7 4
2 50 10 10
2 51 5 3
2 52 3 6
2 53 3 6
2 54 2 10
2 55 3 7
2 57 3 6
2 58 5 6
2 59 4 9
2 60 7 7
2 61 3 9
2 63 2 2
2 65 1 1
2 66 8 4
2 68 5 6
2 69 7 1
2 70 7 10
2 71 3 1
2 73 3 2
2 74 10 7
2 76 1 4
2 78 9 6
2 79 5 6
2 81 6 3
2 82 2 10
2 84 2 5
2 85 9 7
2 86 6 8
2 87 2 7
2 90 3 1
2 91 10 2
2 93 1 6
2 94 3 1
2 95 1 8
2 97 9 1
2 98 10 1
3 4 2 7
3 5 3 1
3 6 3 2
3 7 4 10
3 8 1 3
3 10 8 3
3 11 10 4
3 12 7 5
3 13 10 2
3 14 2 6
3 15 10 4
3 16 4 10
3 17 8 2
3 18 3 4
3 19 7 2
3 20 5 5
3 21 10 7
3 23 2 9
3 25 4 3
3 27 5 8
3 28 1 1
3 29 10 9
3 30 6 3
3 32 3 8
3 33 7 3
3 34 9 10
3 35 6 9
3 36 10 4
3 37 8 7
3 39 5 7
3 42 9 3
3 43 9 10
3 44 2 5
3 45 9 10
3 46 3 9
3 49 2 6
3 50 3 7
3 51 6 3
3 52 1 10
3 54 7 3
3 55 3 9
3 56 1 9
3 57 2 5
3 58 1 2
3 59 5 9
3 60 2 3
3 61 10 6
3 62 2 2
3 64 5 8
3 67 3 2
3 68 7 7
3 69 7 5
3 70 1 9
3 71 3 4
3 72 9 4
3 73 3 1
3 74 9 7
3 75 4 5
3 77 1 8
3 78 5 4
3 79 2 8
3 80 4 4
3 83 10 2
3 84 3 6
3 85 4 6
3 86 8 3
3 87 1 5
3 88 9 4
3 90 3 4
3 91 6 10
3 92 1 5
3 93 9 2
3 94 3 3
3 95 7 6
3 96 2 3
3 99 10 1
3 100 9 5
4 5 6 10
4 6 1 10
4 7 1 8
4 8 8 2
4 9 6 5
4 11 4 7
4 12 2 9
4 13 10 10
4 15 1 5
4 16 3 4
4 17 5 10
4 18 5 3
4 19 2 3
4 22 8 3
4 23 5 5
4 24 1 8
4 25 4 3
4 26 1 4
4 28 3 5
4 29 6 5
4 30 9 6
4 31 9 7
4 32 4 9
4 33 10 3
4 36 9 5
4 37 5 6
4 38 10 4
4 39 9 1
4 41 9 9
4 42 3 4
4 43 9 3
4 45 4 7
4 46 6 1
4 47 4 6
4 48 3 2
4 49 7 7
4 50 1 10
4 52 3 8
4 53 7 5
4 54 6 9
4 55 10 9
4 57 2 10
4 58 4 10
4 59 2 5
4 61 10 1
4 62 5 5
4 63 7 4
4 64 4 3
4 65 1 3
4 67 1 4
4 69 4 1
4 70 4 4
4 71 3 4
4 72 7 1
4 73 7 2
4 76 5 9
4 77 8 3
4 78 4 1
4 79 2 6
4 80 6 10
4 81 6 9
4 83 8 8
4 84 2 4
4 85 6 10
4 87 2 6
4 88 4 6
4 90 8 3
4 91 3 5
4 92 8 7
4 93 1 7
4 95 1 10
4 96 2 3
4 97 10 8
4 98 6 4
4 99 1 8
4 100 9 2
5 6 2 5
5 8 1 1
5 9 3 5
5 10 8 7
5 12 7 1
5 13 5 10
5 14 2 3
5 15 7 5
5 17 2 2
5 18 6 9
5 20 9 3
5 21 7 6
5 22 6 3
5 23 5 6
5 24 2 3
5 25 3 1
5 26 8 2
5 28 5 4
5 30 1 4
5 31 8 6
5 33 1 6
5 35 9 3
5 36 7 5
5 37 8 1
5 38 7 2
5 39 9 7
5 40 6 7
5 41 10 3
5 42 10 4
5 43 1 4
5 44 5 8
5 45 6 6
5 46 10 8
5 48 3 5
5 50 5 10
5 53 8 8
5 54 6 8
5 55 3 8
5 56 7 4
5 57 8 6
5 58 5 6
5 59 7 2
5 60 8 10
5 61 7 9
5 62 1 4
5 63 5 8
5 67 7 8
5 68 5 5
5 69 9 2
5 70 10 7
5 71 10 9
5 73 4 10
5 74 9 8
5 75 3 5
5 76 5 6
5 77 5 8
5 78 3 10
5 79 5 5
5 80 5 4
5 81 2 4
5 82 2 10
5 83 6 7
5 84 8 10
5 85 5 7
5 86 1 4
5 87 6 3
5 88 4 10
5 89 10 2
5 92 9 3
5 93 1 5
5 95 4 1
5 96 1 3
5 97 7 7
5 98 2 2
5 99 6 6
5 100 9 10
6 7 7 2
6 8 5 5
6 9 9 3
6 10 4 6
6 11 3 9
6 12 8 3
6 13 5 1
6 14 9 7
6 15 7 1
6 16 7 5
6 18 3 2
6 19 6 7
6 20 7 2
6 21 10 7
6 22 4 9
6 23 6 6
6 24 1 3
6 25 8 10
6 26 7 7
6 28 8 2
6 30 5 5
6 31 6 10
6 32 9 5
6 33 7 2
6 34 5 10
6 35 2 5
6 36 1 7
6 37 6 8
6 39 6 10
6 40 6 8
6 42 1 3
6 44 6 8
6 46 4 10
6 48 9 2
6 50 3 8
6 51 3 6
6 52 10 1
6 53 5 9
6 54 2 8
6 56 7 7
6 57 5 10
6 58 8 1
6 59 5 2
6 60 1 10
6 62 9 2
6 63 4 8
6 65 7 3
6 66 5 4
6 67 3 5
6 68 3 3
6 69 9 2
6 70 1 9
6 71 9 7
6 72 7 6
6 73 5 7
6 77 4 3
6 79 6 7
6 80 10 3
6 82 7 8
6 83 4 3
6 84 2 9
6 85 5 8
6 86 2 7
6 88 2 5
6 89 7 2
6 90 10 4
6 92 8 9
6 93 8 10
6 94 3 2
6 95 1 3
6 96 6 2
6 98 9 2
6 99 3 3
6 100 6 7
7 8 7 8
7 9 1 6
7 10 10 4
7 11 2 3
7 12 3 9
7 13 10 5
7 14 5 4
7 15 1 6
7 16 1 3
7 17 6 10
7 19 2 6
7 20 3 9
7 21 6 3
7 23 8 7
7 24 2 2
7 26 2 4
7 27 8 2
7 28 8 5
7 29 10 7
7 31 1 7
7 32 2 2
7 33 6 9
7 34 8 10
7 35 10 7
7 36 9 5
7 37 4 1
7 38 6 5
7 39 1 2
7 40 2 7
7 41 7 5
7 42 6 4
7 43 2 3
7 46 8 5
7 47 6 4
7 48 8 3
7 49 3 1
7 51 6 5
7 52 5 5
7 53 3 9
7 57 8 3
7 58 5 7
7 59 10 4
7 60 4 9
7 61 6 5
7 63 3 3
7 64 8 10
7 65 5 3
7 68 9 10
7 69 10 6
7 70 4 4
7 71 6 3
7 72 4 10
7 73 4 9
7 74 1 7
7 75 10 9
7 77 4 6
7 78 2 6
7 79 6 7
7 80 8 3
7 81 1 4
7 82 7 4
7 83 1 4
7 84 1 5
7 85 9 8
7 87 6 3
7 88 5 7
7 89 8 7
7 90 2 10
7 93 6 6
7 95 10 8
7 96 7 10
7 97 9 3
7 98 7 6
7 99 1 2
7 100 3 8
8 9 5 4
8 13 7 5
8 14 2 3
8 15 2 5
8 16 6 1
8 17 1 6
8 18 9 2
8 19 10 9
8 20 2 9
8 21 9 6
8 24 3 5
8 25 5 7
8 26 4 8
8 27 4 7
8 28 5 1
8 30 1 5
8 31 2 3
8 32 7 1
8 33 5 5
8 34 5 7
8 35 10 9
8 36 5 3
8 37 6 6
8 38 7 3
8 39 6 10
8 40 5 6
8 41 6 4
8 42 2 1
8 44 1 8
8 45 6 8
8 46 10 8
8 49 7 4
8 50 4 5
8 52 7 10
8 53 8 7
8 55 9 2
8 56 8 7
8 60 7 8
8 61 2 10
8 62 10 7
8 63 8 8
8 64 6 5
8 65 6 2
8 66 9 7
8 67 8 5
8 70 8 8
8 71 9 3
8 72 1 4
8 73 2 6
8 74 10 6
8 75 10 8
8 76 9 10
8 77 8 7
8 78 2 7
8 79 9 6
8 80 7 3
8 82 1 5
8 83 10 7
8 84 10 3
8 85 1 8
8 86 6 8
8 87 10 10
8 88 8 10
8 89 1 5
8 90 5 5
8 91 10 7
8 92 7 4
8 93 10 8
8 94 2 8
8 95 6 10
8 97 6 7
8 98 3 3
8 99 5 1
8 100 4 1
9 10 9 1
9 11 8 9
9 12 7 10
9 14 10 2
9 15 6 7
9 16 1 6
9 18 8 4
9 19 10 7
9 20 1 6
9 22 5 3
9 23 9 6
9 25 9 10
9 26 2 5
9 27 3 6
9 28 3 8
9 29 8 7
9 30 4 2
9 31 8 4
9 33 6 5
9 34 5 1
9 35 5 9
9 36 3 3
9 37 1 4
9 38 10 10
9 39 8 2
9 41 7 7
9 42 5 4
9 45 5 3
9 46 6 8
9 48 9 4
9 49 8 8
9 50 7 3
9 52 9 10
9 54 5 6
9 55 9 9
9 58 7 1
9 59 6 2
9 60 10 8
9 61 3 8
9 63 10 5
9 64 7 10
9 65 3 1
9 67 10 7
9 68 9 1
9 69 4 1
9 71 10 1
9 72 6 9
9 73 2 1
9 74 9 6
9 75 4 4
9 76 10 3
9 77 4 8
9 78 3 5
9 79 6 9
9 80 1 7
9 81 2 4
9 82 7 4
9 84 3 2
9 85 6 10
9 86 6 8
9 87 6 10
9 88 8 4
9 90 8 8
9 91 6 6
9 93 1 3
9 94 1 5
9 95 10 4
9 96 9 8
9 98 3 1
9 99 8 6
9 100 2 8
10 11 9 9
10 12 10 3
10 14 6 10
10 16 5 6
10 17 8 8
10 18 8 6
10 19 10 8
10 20 8 2
10 21 5 10
10 22 1 6
10 23 1 9
10 24 1 7
10 25 1 8
10 26 7 3
10 27 1 2
10 29 7 4
10 30 9 1
10 31 2 1
10 32 6 7
10 33 3 3
10 34 6 7
10 35 5 7
10 36 9 7
10 38 8 4
10 39 10 9
10 40 3 3
10 41 7 9
10 42 9 8
10 43 8 7
10 44 3 6
10 46 3 2
10 47 10 3
10 48 10 1
10 50 8 4
10 51 5 4
10 52 8 1
10 53 2 6
10 54 6 6
10 55 5 5
10 56 3 4
10 58 5 1
10 59 5 7
10 60 9 5
10 62 7 9
10 63 10 8
10 64 2 1
10 65 8 2
10 68 7 5
10 69 4 6
10 70 6 8
10 71 6 7
10 75 5 3
10 77 5 2
10 78 7 5
10 79 2 7
10 80 2 4
10 81 5 3
10 83 2 1
10 84 5 1
10 85 5 5
10 86 8 5
10 87 4 10
10 88 7 7
10 89 9 7
10 90 7 6
10 92 7 1
10 93 9 10
10 94 5 10
10 95 5 10
10 96 1 1
10 97 8 5
10 98 9 2
10 99 6 4
10 100 2 2
11 12 4 9
11 13 8 10
11 14 3 1
11 15 10 10
11 16 1 4
11 17 9 7
11 18 1 6
11 20 9 9
11 21 2 10
11 24 1 8
11 26 2 4
11 28 3 6
11 29 5 6
11 30 6 5
11 32 9 8
11 33 3 3
11 34 9 3
11 35 2 10
11 36 7 2
11 37 5 1
11 38 4 8
11 39 3 6
11 40 2 4
11 41 4 6
11 42 9 5
11 43 6 1
11 45 7 8
11 46 10 10
11 47 7 2
11 48 1 3
11 49 1 10
11 50 7 10
11 51 5 2
11 52 8 6
11 53 8 6
11 54 9 3
11 55 3 2
11 56 9 4
11 57 2 1
11 58 8 6
11 59 4 5
11 60 5 7
11 61 4 8
11 62 7 7
11 66 7 6
11 67 9 3
11 68 10 1
11 69 6 8
11 70 10 7
11 71 9 8
11 72 9 8
11 73 9 1
11 74 2 10
11 75 9 1
11 76 5 8
11 79 6 3
11 82 6 6
11 83 5 6
11 84 10 10
11 85 7 2
11 87 9 5
11 88 4 9
11 89 10 10
11 90 2 9
11 91 9 4
11 92 4 5
11 93 6 1
11 94 2 1
11 95 1 3
11 97 7 6
11 98 3 2
11 99 7 9
11 100 6 7
12 13 5 6
12 14 8 2
12 15 1 9
12 16 5 4
12 17 4 8
12 18 8 3
12 19 5 10
12 20 5 2
12 22 8 9
12 23 4 4
12 24 6 3
12 25 1 3
12 26 1 1
12 27 7 2
12 28 7 8
12 30 2 2
12 31 10 9
12 34 1 7
12 36 7 2
12 37 8 1
12 38 8 8
12 39 6 2
12 40 7 2
12 42 2 8
12 43 6 1
12 44 10 7
12 45 10 6
12 46 1 6
12 47 5 4
12 48 9 3
12 49 5 6
12 50 7 3
12 51 9 1
12 52 6 10
12 53 4 10
12 54 9 4
12 55 7 10
12 56 9 3
12 57 5 3
12 58 9 4
12 59 7 5
12 60 5 3
12 61 4 5
12 66 1 9
12 67 3 8
12 69 10 7
12 70 10 7
12 71 7 10
12 72 1 5
12 73 6 2
12 74 10 4
12 75 5 2
12 76 6 9
12 77 8 5
12 78 9 3
12 80 2 4
12 81 5 4
12 82 2 4
12 83 8 9
12 84 1 4
12 85 3 3
12 86 5 1
12 87 7 4
12 88 2 4
12 89 6 8
12 90 5 5
12 91 9 9
12 93 7 5
12 94 5 7
12 95 5 7
12 96 9 10
12 97 10 7
12 99 7 2
12 100 1 6
13 14 6 2
13 15 5 1
13 16 2 8
13 17 9 8
13 18 7 2
13 19 6 1
13 20 6 9
13 21 8 10
13 22 8 2
13 23 3 9
13 24 1 2
13 25 7 3
13 27 3 7
13 28 1 4
13 29 1 7
13 33 5 6
13 34 6 6
13 36 3 1
13 37 10 6
13 38 1 5
13 39 5 2
13 40 7 4
13 41 9 1
13 42 7 1
13 43 10 2
13 44 2 2
13 45 7 10
13 46 9 9
13 47 4 4
13 49 2 2
13 50 9 3
13 51 7 2
13 52 1 5
13 53 4 10
13 54 4 8
13 55 7 9
13 56 8 7
13 57 3 9
13 58 6 3
13 59 4 10
13 60 8 9
13 61 2 3
13 62 1 8
13 63 6 5
13 64 7 4
13 65 4 5
13 66 8 6
13 67 8 3
13 68 4 10
13 69 8 7
13 70 4 3
13 71 5 3
13 72 2 5
13 74 6 4
13 75 5 4
13 76 4 10
13 78 8 1
13 79 2 10
13 81 2 8
13 82 5 10
13 83 7 3
13 84 8 2
13 86 9 1
13 88 3 8
13 89 8 4
13 90 9 8
13 91 7 7
13 92 9 5
13 93 3 5
13 94 6 10
13 95 8 9
13 96 10 5
13 97 10 4
13 98 7 9
13 100 8 9
14 15 8 3
14 16 10 3
14 17 2 8
14 18 9 7
14 19 6 9
14 20 8 5
14 21 10 7
14 22 7 1
14 23 5 4
14 24 2 4
14 25 9 2
14 26 7 1
14 27 8 7
14 29 1 3
14 31 8 2
14 32 1 10
14 34 8 9
14 35 5 7
14 36 3 6
14 37 8 1
14 38 3 10
14 39 10 10
14 40 8 3
14 41 5 9
14 42 6 3
14 43 10 2
14 44 9 8
14 45 3 4
14 46 5 1
14 47 10 3
14 48 1 6
14 49 3 5
14 50 2 6
14 51 7 8
14 52 9 8
14 53 5 1
14 56 10 7
14 58 10 4
14 59 3 3
14 60 10 7
14 61 9 1
14 62 2 10
14 63 7 10
14 64 10 5
14 65 10 4
14 66 4 7
14 68 3 5
14 69 8 8
14 70 10 3
14 72 7 5
14 73 4 2
14 74 6 9
14 75 8 5
14 76 3 10
14 77 10 8
14 78 6 2
14 80 5 2
14 81 1 1
14 82 3 5
14 87 2 7
14 90 6 3
14 91 8 5
14 93 2 9
14 94 1 8
14 95 7 6
14 96 10 2
14 97 2 5
14 98 2 8
14 99 3 6
14 100 8 3
15 16 8 9
15 18 9 9
15 19 3 3
15 20 9 6
15 21 10 6
15 22 7 9
15 24 5 9
15 25 3 10
15 26 6 2
15 27 10 5
15 28 2 6
15 29 6 10
15 30 4 3
15 31 8 6
15 32 4 8
15 33 1 10
15 34 7 9
15 35 4 3
15 37 10 3
15 38 9 6
15 40 6 6
15 41 10 10
15 43 1 1
15 44 7 5
15 45 4 2
15 47 4 5
15 49 2 8
15 51 1 4
15 52 10 5
15 54 7 1
15 56 1 1
15 58 5 6
15 59 3 1
15 60 9 4
15 61 10 1
15 62 2 1
15 66 5 2
15 67 4 5
15 68 6 1
15 69 6 1
15 70 6 3
15 71 9 3
15 72 10 2
15 73 4 2
15 74 2 10
15 75 2 5
15 76 5 8
15 77 10 3
15 78 3 4
15 80 4 8
15 81 8 4
15 82 8 2
15 83 9 3
15 84 3 10
15 85 6 7
15 87 6 4
15 88 10 5
15 89 2 7
15 90 5 8
15 91 6 8
15 92 7 8
15 94 9 5
15 96 2 6
15 97 10 4
15 98 10 4
15 99 7 7
15 100 3 1
16 18 9 6
16 20 8 10
16 21 2 9
16 23 9 4
16 24 8 4
16 25 3 7
16 26 9 2
16 27 4 7
16 28 7 7
16 29 4 5
16 30 6 3
16 31 4 6
16 32 2 8
16 33 5 6
16 34 1 2
16 35 8 1
16 39 3 6
16 41 6 9
16 43 3 2
16 45 5 10
16 47 10 10
16 48 1 1
16 49 10 2
16 50 2 2
16 51 10 7
16 52 6 10
16 53 2 3
16 54 6 8
16 55 8 2
16 58 7 6
16 59 4 6
16 60 8 4
16 62 6 7
16 63 10 4
16 64 1 1
16 65 8 4
16 66 8 8
16 67 2 5
16 68 6 3
16 69 9 6
16 70 5 10
16 71 9 5
16 72 2 1
16 73 10 5
16 74 10 10
16 75 5 9
16 77 7 4
16 78 10 6
16 79 10 2
16 81 3 7
16 82 5 5
16 84 7 2
16 85 8 9
16 86 8 8
16 87 10 1
16 88 5 8
16 89 4 1
16 91 1 1
16 92 7 4
16 93 9 5
16 94 1 8
16 96 9 3
16 97 6 1
16 100 2 8
17 19 6 4
17 20 9 10
17 22 7 6
17 23 2 7
17 25 5 10
17 26 10 5
17 28 2 10
17 29 4 7
17 30 8 3
17 31 6 5
17 33 10 1
17 34 6 2
17 35 2 2
17 36 3 5
17 37 8 2
17 39 1 5
17 40 3 4
17 41 10 1
17 42 1 10
17 45 5 7
17 46 9 3
17 47 5 1
17 48 10 10
17 49 6 10
17 50 2 5
17 51 6 7
17 52 4 3
17 54 7 3
17 56 8 1
17 57 7 9
17 58 8 4
17 59 4 1
17 60 5 6
17 61 7 1
17 62 4 3
17 63 3 9
17 64 1 7
17 65 6 3
17 66 3 8
17 67 2 2
17 68 4 6
17 69 10 6
17 70 2 2
17 71 7 6
17 72 5 9
17 73 9 5
17 74 8 4
17 75 10 1
17 76 9 9
17 78 8 3
17 79 4 9
17 80 1 8
17 82 6 2
17 83 1 10
17 84 10 9
17 85 6 4
17 86 10 1
17 87 7 5
17 88 7 8
17 90 1 1
17 92 4 1
17 93 1 10
17 94 2 4
17 95 7 1
17 97 9 7
17 98 3 7
17 100 3 1
18 20 4 5
18 21 7 3
18 22 10 1
18 23 5 5
18 24 6 9
18 26 5 3
18 27 2 1
18 28 8 4
18 29 9 10
18 30 2 2
18 31 1 8
18 32 4 8
18 33 5 1
18 34 7 3
18 36 3 7
18 37 9 7
18 38 3 2
18 39 1 1
18 40 9 3
18 41 1 10
18 42 7 1
18 43 7 10
18 44 1 5
18 45 9 6
18 47 1 7
18 49 3 7
18 50 1 8
18 51 9 5
18 52 6 8
18 54 8 5
18 55 4 10
18 56 10 7
18 57 6 3
18 59 8 1
18 60 10 10
18 62 10 6
18 63 1 4
18 64 5 6
18 65 10 7
18 70 2 5
18 72 6 4
18 74 5 9
18 75 10 8
18 76 4 1
18 78 6 3
18 79 5 2
18 80 9 4
18 81 10 6
18 83 5 6
18 84 6 8
18 85 9 1
18 87 8 10
18 90 3 5
18 92 9 4
18 93 7 6
18 94 3 8
18 97 9 8
18 98 9 3
18 99 6 5
18 100 2 8
19 21 10 5
19 22 3 9
19 23 1 8
19 24 5 6
19 25 5 9
19 26 8 7
19 27 4 10
19 28 7 10
19 29 8 1
19 30 9 9
19 31 8 1
19 32 7 9
19 33 4 7
19 34 8 1
19 36 9 9
19 37 7 2
19 38 6 9
19 39 10 1
19 41 8 10
19 42 1 3
19 45 10 9
19 46 4 1
19 47 1 9
19 48 8 3
19 49 6 2
19 50 6 10
19 52 2 6
19 53 1 8
19 55 8 3
19 56 1 2
19 57 4 8
19 58 1 6
19 59 10 1
19 60 5 10
19 61 3 8
19 62 1 2
19 63 4 8
19 64 5 1
19 65 7 5
19 66 3 6
19 69 8 7
19 70 7 7
19 71 9 5
19 72 4 8
19 74 9 3
19 75 2 3
19 76 10 7
19 78 6 3
19 79 9 5
19 80 1 10
19 81 5 7
19 82 2 8
19 83 8 6
19 84 4 9
19 86 8 7
19 88 4 9
19 89 2 8
19 90 4 2
19 91 2 9
19 93 7 7
19 94 6 6
19 95 6 6
19 96 8 8
19 97 7 3
19 98 3 6
19 99 6 9
20 21 3 3
20 22 7 1
20 23 2 3
20 24 4 8
20 25 6 1
20 26 5 3
20 27 6 6
20 28 1 4
20 29 7 3
20 30 10 3
20 33 4 7
20 34 8 3
20 35 10 5
20 36 4 8
20 39 8 3
20 41 8 2
20 42 1 5
20 44 7 5
20 45 1 5
20 46 4 5
20 47 6 9
20 48 9 7
20 50 7 1
20 51 1 9
20 52 7 7
20 53 5 6
20 54 2 3
20 55 2 4
20 56 3 10
20 57 4 3
20 58 7 4
20 59 2 1
20 60 4 6
20 61 9 1
20 63 7 1
20 64 7 2
20 65 3 7
20 67 1 2
20 69 3 9
20 70 9 8
20 71 4 1
20 74 5 2
20 76 7 7
20 77 6 3
20 78 8 7
20 79 2 9
20 80 2 8
20 81 7 4
20 82 9 8
20 83 10 10
20 86 7 4
20 87 5 5
20 88 10 5
20 90 6 6
20 91 2 9
20 92 10 3
20 93 8 2
20 94 6 10
20 95 1 8
20 96 7 10
20 97 9 10
20 98 7 8
20 99 5 10
20 100 2 4
21 22 3 1
21 23 1 5
21 24 9 9
21 25 10 5
21 26 2 8
21 27 1 4
21 28 2 10
21 30 3 7
21 31 5 10
21 33 7 1
21 34 3 8
21 35 5 9
21 36 7 8
21 37 6 2
21 38 9 2
21 39 6 9
21 41 3 3
21 42 7 3
21 43 7 2
21 44 3 1
21 48 7 10
21 50 3 8
21 52 8 2
21 53 9 7
21 55 2 1
21 56 8 2
21 57 8 8
21 58 8 5
21 59 9 3
21 60 5 9
21 61 3 2
21 62 10 7
21 63 6 3
21 64 7 8
21 65 3 6
21 66 4 8
21 67 1 9
21 69 2 4
21 70 7 2
21 71 4 2
21 72 6 9
21 73 10 9
21 74 8 7
21 76 6 4
21 77 5 9
21 78 3 2
21 80 2 10
21 81 10 8
21 83 4 3
21 85 8 9
21 86 8 3
21 87 9 6
21 88 3 1
21 91 10 3
21 92 9 4
21 93 9 5
21 95 8 5
21 96 4 6
21 97 5 2
21 98 10 7
21 99 5 10
22 23 7 1
22 24 3 7
22 25 3 5
22 26 9 10
22 28 7 9
22 30 5 1
22 31 10 6
22 32 5 2
22 33 5 9
22 34 4 3
22 35 6 9
22 36 3 1
22 37 1 9
22 39 2 10
22 40 9 9
22 41 8 1
22 42 6 1
22 43 10 4
22 44 1 2
22 45 4 9
22 46 3 8
22 47 3 6
22 50 3 1
22 51 5 5
22 52 7 6
22 53 10 3
22 54 10 5
22 55 6 5
22 58 10 4
22 59 4 5
22 60 1 1
22 61 9 3
22 62 6 1
22 63 7 8
22 64 5 8
22 66 7 3
22 67 8 5
22 68 10 10
22 69 3 5
22 70 9 1
22 71 9 1
22 72 2 3
22 74 6 5
22 75 7 10
22 76 9 3
22 77 9 4
22 78 7 5
22 79 4 9
22 80 10 9
22 82 8 3
22 83 10 1
22 84 7 8
22 85 5 1
22 86 5 9
22 87 5 5
22 88 4 7
22 90 4 3
22 93 1 6
22 96 5 2
22 97 8 9
22 98 1 7
22 99 8 5
22 100 4 8
23 24 8 1
23 25 6 9
23 26 10 3
23 27 1 7
23 28 5 10
23 29 8 3
23 30 5 2
23 31 5 7
23 32 6 2
23 33 1 3
23 34 3 9
23 35 6 1
23 36 7 5
23 37 1 10
23 39 3 10
23 40 5 3
23 41 2 9
23 42 2 2
23 44 10 10
23 45 2 2
23 47 7 6
23 50 10 1
23 52 8 5
23 53 5 2
23 54 1 9
23 55 10 1
23 56 6 7
23 57 6 2
23 58 7 4
23 59 1 3
23 60 1 8
23 62 4 7
23 65 9 1
23 66 4 5
23 67 4 7
23 68 9 3
23 69 5 9
23 70 9 2
23 71 5 3
23 72 9 10
23 74 10 7
23 75 8 1
23 76 3 8
23 77 9 3
23 78 2 4
23 79 9 7
23 80 7 10
23 81 5 8
23 82 1 6
23 83 10 3
23 84 5 6
23 85 8 1
23 86 7 1
23 87 9 2
23 88 3 5
23 89 1 5
23 90 4 6
23 91 5 6
23 92 5 4
23 93 5 3
23 95 3 9
23 96 5 6
23 97 10 5
23 98 4 5
23 99 5 1
23 100 4 5
24 25 3 9
24 26 7 6
24 27 2 8
24 28 4 7
24 29 7 5
24 30 8 10
24 32 1 10
24 33 3 5
24 35 8 6
24 36 4 5
24 38 1 7
24 39 10 5
24 40 2 5
24 42 10 10
24 43 7 8
24 44 3 2
24 45 10 4
24 46 1 7
24 47 2 8
24 51 1 4
24 52 5 8
24 53 1 2
24 54 3 3
24 55 7 3
24 56 9 9
24 57 4 1
24 59 7 6
24 60 1 7
24 62 9 8
24 63 4 6
24 64 2 3
24 65 10 6
24 66 8 6
24 67 7 8
24 68 9 9
24 71 6 9
24 72 1 4
24 73 3 6
24 74 1 10
24 76 3 5
24 79 10 8
24 80 4 4
24 81 10 7
24 82 10 9
24 83 6 2
24 85 5 3
24 86 2 5
24 88 9 1
24 89 6 3
24 90 5 1
24 91 10 5
24 92 10 6
24 93 5 6
24 94 8 5
24 96 10 2
24 97 1 2
24 98 8 4
24 99 6 6
24 100 4 3
25 26 10 2
25 27 1 9
25 28 2 10
25 29 8 9
25 30 10 8
25 31 6 9
25 32 4 5
25 33 8 9
25 34 8 10
25 35 5 2
25 36 10 7
25 38 2 4
25 39 4 8
25 40 6 1
25 41 1 10
25 42 1 5
25 43 7 6
25 44 7 7
25 45 5 6
25 47 2 4
25 48 6 1
25 49 10 6
25 51 4 8
25 52 5 2
25 55 4 3
25 57 7 3
25 58 7 9
25 60 5 1
25 61 1 8
25 63 3 4
25 64 5 4
25 66 4 10
25 67 7 4
25 68 7 10
25 70 8 1
25 72 1 7
25 73 7 3
25 75 5 3
25 76 6 10
25 77 5 8
25 78 9 7
25 80 6 10
25 82 1 1
25 83 3 7
25 85 6 3
25 86 9 6
25 87 4 1
25 89 3 1
25 90 9 4
25 91 3 5
25 92 7 4
25 93 2 7
25 95 3 4
25 96 6 7
25 97 3 2
25 98 3 9
25 99 9 8
25 100 10 2
26 28 3 5
26 29 6 1
26 30 8 6
26 31 9 4
26 32 10 3
26 33 4 2
26 34 8 6
26 35 2 3
26 36 4 9
26 37 1 9
26 38 10 10
26 39 2 7
26 40 5 2
26 41 8 6
26 43 8 8
26 44 5 8
26 46 9 9
26 47 5 10
26 48 6 2
26 50 3 1
26 51 7 4
26 52 6 4
26 53 5 7
26 54 9 10
26 55 9 8
26 56 1 8
26 57 8 1
26 58 8 4
26 59 3 9
26 60 10 7
26 61 4 10
26 62 10 3
26 64 1 2
26 65 1 4
26 66 1 4
26 67 4 1
26 68 1 8
26 69 9 6
26 70 10 5
26 71 2 7
26 72 5 1
26 73 5 1
26 74 7 1
26 75 6 9
26 77 4 3
26 78 4 7
26 79 1 4
26 81 1 9
26 82 5 3
26 83 8 2
26 85 7 5
26 86 6 8
26 87 8 9
26 88 10 8
26 89 1 6
26 91 8 4
26 92 6 5
26 94 5 7
26 96 5 3
26 97 2 6
26 98 4 10
26 99 3 1
26 100 5 6
27 28 7 4
27 29 9 3
27 31 4 5
27 32 10 3
27 33 2 10
27 34 5 5
27 35 9 8
27 36 9 2
27 37 9 1
27 38 6 1
27 39 7 10
27 40 2 9
27 42 9 2
27 43 1 10
27 44 3 10
27 46 3 5
27 47 5 6
27 50 4 3
27 51 1 1
27 52 6 10
27 53 9 1
27 55 4 10
27 56 4 3
27 57 5 10
27 58 3 4
27 59 1 2
27 60 5 4
27 61 2 9
27 62 6 8
27 63 2 9
27 66 6 7
27 68 8 3
27 69 2 7
27 70 4 2
27 71 1 2
27 72 3 6
27 73 7 9
27 74 6 8
27 75 9 1
27 76 9 7
27 77 10 5
27 79 1 9
27 81 1 8
27 83 5 6
27 84 5 2
27 87 9 7
27 89 10 2
27 90 8 8
27 91 10 5
27 93 7 4
27 94 5 6
27 95 3 10
27 96 3 2
27 98 5 1
27 99 10 6
27 100 1 8
28 29 1 8
28 30 9 2
28 32 8 1
28 34 3 9
28 35 3 9
28 36 1 6
28 38 8 9
28 39 2 8
28 41 6 8
28 42 4 3
28 43 4 8
28 44 10 10
28 46 4 2
28 47 5 5
28 48 1 9
28 49 1 5
28 51 7 8
28 52 4 6
28 54 8 9
28 55 10 3
28 56 6 6
28 57 5 4
28 58 8 10
28 59 7 1
28 60 5 2
28 61 8 10
28 63 4 8
28 64 3 6
28 65 2 9
28 66 7 10
28 67 6 4
28 68 6 1
28 69 5 5
28 70 1 10
28 71 7 10
28 72 2 9
28 73 1 6
28 74 5 7
28 75 10 6
28 76 8 10
28 77 1 1
28 78 8 6
28 79 10 7
28 80 3 9
28 81 8 3
28 82 1 4
28 83 4 4
28 84 10 7
28 85 7 4
28 88 4 5
28 89 2 5
28 91 3 7
28 93 2 6
28 94 6 9
28 95 1 10
28 96 9 2
28 97 7 6
28 98 1 2
28 100 1 4
29 30 6 5
29 31 5 2
29 32 7 3
29 35 5 9
29 36 4 5
29 37 5 6
29 38 7 9
29 39 6 6
29 40 4 3
29 41 2 9
29 44 6 6
29 45 1 2
29 46 2 1
29 48 9 7
29 49 9 10
29 51 9 9
29 53 10 2
29 54 4 10
29 56 1 8
29 57 7 10
29 58 4 7
29 59 7 7
29 60 8 6
29 61 6 3
29 62 6 3
29 63 7 5
29 64 8 3
29 65 10 1
29 66 1 10
29 67 8 10
29 69 9 6
29 70 1 4
29 73 5 5
29 74 6 1
29 75 4 1
29 76 1 8
29 77 5 5
29 78 9 7
29 79 5 6
29 81 6 4
29 82 10 10
29 83 7 2
29 84 3 7
29 85 2 8
29 86 2 8
29 87 6 1
29 88 2 8
29 89 4 10
29 91 1 5
29 92 4 5
29 94 4 6
29 95 7 2
29 96 6 6
29 97 5 2
29 98 7 5
29 99 10 4
29 100 3 2
30 31 3 1
30 32 8 3
30 35 1 9
30 37 8 9
30 38 1 5
30 39 7 2
30 40 7 9
30 42 2 5
30 43 9 10
30 44 8 1
30 45 10 6
30 46 2 6
30 47 1 1
30 48 3 6
30 49 10 4
30 50 9 10
30 51 8 1
30 52 1 1
30 55 4 7
30 57 10 8
30 58 10 2
30 59 4 7
30 60 7 7
30 61 3 6
30 63 8 1
30 65 3 3
30 66 5 2
30 67 8 9
30 68 10 3
30 69 6 4
30 70 5 8
30 72 10 1
30 73 3 1
30 74 2 10
30 75 9 4
30 77 6 3
30 78 6 3
30 79 5 6
30 81 4 3
30 82 8 6
30 84 9 8
30 86 2 2
30 87 8 3
30 89 6 2
30 90 7 8
30 92 8 9
30 93 10 6
30 94 10 1
30 95 6 4
30 96 3 4
30 97 1 3
30 98 7 7
30 100 3 5
31 32 8 8
31 34 10 9
31 35 10 8
31 36 10 9
31 38 8 1
31 39 2 7
31 40 2 7
31 42 4 5
31 43 10 5
31 45 1 3
31 46 2 9
31 47 5 1
31 48 8 5
31 49 10 8
31 50 1 8
31 51 6 9
31 52 10 7
31 53 8 5
31 54 6 9
31 55 6 8
31 56 3 2
31 60 2 6
31 61 4 1
31 64 5 8
31 66 8 1
31 68 3 7
31 71 10 5
31 72 2 4
31 73 1 10
31 74 1 9
31 76 6 3
31 77 5 8
31 80 4 7
31 81 8 7
31 84 3 3
31 86 6 9
31 87 9 7
31 88 5 7
31 89 7 10
31 90 8 6
31 92 8 7
31 93 2 8
31 94 6 6
31 95 6 8
31 96 7 6
31 97 4 1
31 99 5 1
31 100 8 8
32 34 10 9
32 35 6 1
32 36 2 3
32 37 5 10
32 38 6 10
32 39 9 10
32 40 7 1
32 41 5 8
32 42 2 6
32 43 3 4
32 44 10 6
32 45 5 7
32 46 8 5
32 47 9 8
32 48 7 9
32 49 4 10
32 50 2 6
32 51 1 10
32 52 7 6
32 56 2 9
32 58 4 6
32 59 2 6
32 60 9 1
32 61 4 3
32 62 8 6
32 64 9 2
32 65 7 7
32 68 8 10
32 69 5 6
32 70 6 2
32 71 3 1
32 73 8 2
32 75 8 3
32 76 4 9
32 77 5 3
32 78 3 5
32 79 9 10
32 80 5 1
32 81 8 2
32 82 9 10
32 83 2 10
32 84 7 3
32 85 6 9
32 88 2 7
32 89 8 7
32 90 3 3
32 91 1 7
32 92 6 7
32 93 10 2
32 94 6 4
32 95 10 10
32 97 3 1
32 98 1 2
32 99 2 7
32 100 1 5
33 34 3 7
33 35 8 9
33 36 6 7
33 37 2 8
33 39 9 10
33 40 1 7
33 41 8 6
33 42 3 4
33 43 6 5
33 44 8 6
33 45 7 10
33 46 1 2
33 47 7 7
33 48 5 8
33 49 2 3
33 50 5 10
33 51 7 3
33 53 4 5
33 54 6 1
33 55 3 7
33 56 8 5
33 57 6 10
33 58 7 2
33 62 4 9
33 63 1 10
33 66 1 3
33 67 6 6
33 68 7 9
33 69 6 3
33 70 6 9
33 71 2 9
33 72 5 8
33 73 6 5
33 74 10 6
33 75 2 8
33 76 3 6
33 77 6 9
33 79 1 9
33 80 6 5
33 81 5 9
33 82 7 9
33 84 2 8
33 86 7 10
33 87 6 1
33 88 6 10
33 89 5 8
33 90 3 4
33 92 1 6
33 93 8 10
33 95 7 10
33 96 4 9
33 97 9 1
33 99 2 4
33 100 10 5
34 35 6 7
34 36 6 8
34 37 7 1
34 38 10 6
34 39 6 5
34 40 5 9
34 41 10 6
34 42 5 5
34 43 5 7
34 44 2 5
34 45 10 9
34 46 5 8
34 47 8 4
34 48 5 8
34 49 1 2
34 50 4 5
34 53 8 4
34 55 10 2
34 56 4 10
34 57 6 10
34 58 1 2
34 59 2 8
34 60 2 2
34 61 9 6
34 62 2 1
34 63 4 9
34 64 3 4
34 65 1 9
34 66 7 6
34 67 10 10
34 68 7 1
34 69 3 3
34 70 4 8
34 71 10 3
34 72 2 5
34 73 7 3
34 74 4 5
34 75 5 5
34 77 9 3
34 78 5 4
34 79 1 9
34 80 10 6
34 82 1 6
34 83 5 6
34 84 5 5
34 85 1 9
34 86 3 7
34 87 7 7
34 88 2 7
34 89 9 6
34 90 10 10
34 91 1 8
34 92 6 3
34 93 9 1
34 96 8 7
34 97 3 10
34 98 10 4
34 100 4 1
35 36 5 4
35 37 5 10
35 38 4 8
35 40 4 10
35 41 4 9
35 42 4 7
35 43 6 3
35 45 4 5
35 46 3 7
35 47 2 4
35 48 8 10
35 49 4 6
35 50 10 6
35 51 3 3
35 52 4 5
35 53 7 1
35 54 6 5
35 55 6 8
35 56 3 4
35 57 9 7
35 58 2 5
35 59 5 3
35 60 6 8
35 61 1 5
35 63 1 9
35 64 4 2
35 65 2 6
35 66 8 3
35 67 9 6
35 68 1 1
35 69 5 3
35 70 5 5
35 71 8 6
35 72 1 7
35 73 5 3
35 74 9 5
35 75 6 8
35 77 1 8
35 78 2 7
35 79 8 1
35 80 8 9
35 82 3 5
35 85 9 7
35 86 10 6
35 87 9 1
35 88 1 7
35 89 7 4
35 90 9 6
35 91 9 10
35 93 10 7
35 94 4 1
35 95 5 10
35 96 4 8
35 97 2 6
35 98 1 7
35 99 9 8
35 100 8 6
36 37 10 3
36 38 9 6
36 39 6 8
36 40 3 2
36 41 9 4
36 42 1 9
36 43 4 1
36 44 2 8
36 45 4 6
36 47 7 6
36 49 6 3
36 50 10 5
36 52 3 6
36 53 10 2
36 54 9 6
36 56 1 10
36 58 10 4
36 59 10 1
36 60 3 7
36 62 9 4
36 63 10 1
36 66 4 2
36 67 6 2
36 68 10 2
36 71 9 4
36 72 1 10
36 74 7 10
36 77 1 9
36 78 7 7
36 79 5 1
36 80 1 8
36 81 8 8
36 82 2 7
36 83 10 6
36 84 10 10
36 85 1 4
36 87 8 5
36 89 1 10
36 91 1 5
36 93 6 3
36 94 8 1
36 95 10 5
36 96 4 5
36 97 10 10
36 99 4 5
36 100 3 9
37 39 6 9
37 40 1 9
37 41 8 3
37 42 7 4
37 43 4 3
37 44 5 10
37 45 10 1
37 46 6 10
37 47 3 4
37 48 7 9
37 49 5 2
37 50 10 10
37 51 4 1
37 52 1 8
37 53 6 5
37 54 3 8
37 55 6 9
37 56 8 7
37 57 4 4
37 58 3 8
37 59 6 1
37 61 7 6
37 62 4 5
37 63 1 5
37 64 7 6
37 65 8 8
37 66 3 8
37 67 4 1
37 68 7 6
37 69 6 6
37 70 6 2
37 71 6 4
37 72 2 9
37 73 7 4
37 74 2 2
37 75 5 4
37 77 9 10
37 78 1 10
37 79 4 4
37 80 5 5
37 81 6 8
37 84 4 10
37 85 3 7
37 86 10 6
37 87 2 6
37 89 3 2
37 90 10 5
37 91 5 9
37 92 6 10
37 93 8 5
37 96 8 3
37 98 9 7
37 99 3 1
37 100 1 2
38 39 6 4
38 40 9 7
38 41 8 3
38 42 5 10
38 44 3 8
38 45 7 8
38 46 3 7
38 47 9 9
38 48 8 2
38 49 5 4
38 50 4 6
38 51 10 7
38 52 10 9
38 53 7 8
38 54 9 9
38 55 10 9
38 56 9 4
38 57 5 1
38 59 7 6
38 60 9 2
38 62 4 3
38 63 8 3
38 64 6 9
38 65 5 9
38 67 8 4
38 68 6 8
38 69 1 4
38 70 5 10
38 72 2 4
38 74 8 6
38 75 7 6
38 76 8 8
38 77 4 6
38 78 7 9
38 79 4 2
38 80 6 7
38 81 2 6
38 82 1 10
38 84 3 7
38 85 9 1
38 86 7 8
38 87 5 3
38 88 5 3
38 89 5 9
38 90 6 5
38 91 2 7
38 92 7 2
38 93 7 7
38 94 9 10
38 95 1 10
38 96 4 1
38 97 2 8
38 98 3 2
38 99 7 9
38 100 8 1
39 41 7 10
39 42 8 4
39 43 9 1
39 44 7 3
39 45 7 5
39 46 6 5
39 48 9 8
39 49 5 6
39 50 2 9
39 51 9 1
39 53 8 6
39 54 6 7
39 55 4 7
39 56 4 6
39 57 10 5
39 58 5 5
39 59 1 6
39 61 1 7
39 63 10 8
39 64 3 2
39 65 3 3
39 66 5 2
39 67 10 7
39 68 9 7
39 69 7 3
39 72 9 5
39 73 10 10
39 74 8 5
39 75 4 9
39 76 5 7
39 78 6 2
39 79 2 7
39 80 5 5
39 81 2 2
39 83 4 5
39 85 5 10
39 87 9 7
39 88 4 8
39 89 2 9
39 91 9 1
39 92 3 2
39 93 5 8
39 94 4 6
39 95 8 9
39 97 6 6
39 98 3 1
39 100 5 8
40 41 3 4
40 42 1 4
40 43 1 2
40 44 10 4
40 45 4 6
40 47 5 1
40 48 10 9
40 50 9 2
40 51 9 9
40 52 1 4
40 55 8 9
40 56 7 9
40 57 2 9
40 58 3 9
40 59 10 1
40 60 1 3
40 61 8 1
40 62 4 5
40 63 10 4
40 64 2 6
40 65 2 2
40 66 10 4
40 67 3 8
40 68 6 3
40 69 2 4
40 70 9 3
40 71 2 9
40 72 6 7
40 73 4 4
40 74 10 5
40 77 6 3
40 78 10 6
40 79 3 2
40 80 2 7
40 81 7 6
40 82 3 10
40 83 7 4
40 84 6 10
40 85 7 7
40 87 3 2
40 88 7 10
40 89 10 9
40 90 6 10
40 92 1 6
40 94 9 9
40 95 3 4
40 96 8 10
40 97 2 8
40 98 9 9
40 99 5 9
41 43 8 3
41 44 1 8
41 46 10 8
41 47 3 3
41 48 8 3
41 50 1 3
41 51 9 1
41 52 1 5
41 54 8 9
41 55 6 8
41 56 9 9
41 57 2 8
41 58 7 8
41 59 4 7
41 60 1 9
41 62 4 1
41 63 5 10
41 64 1 6
41 66 10 10
41 67 9 5
41 68 9 6
41 69 6 3
41 70 10 8
41 71 9 8
41 72 8 1
41 73 5 2
41 74 7 6
41 75 3 8
41 76 2 5
41 77 10 5
41 78 3 10
41 79 2 6
41 80 7 3
41 81 5 5
41 82 8 3
41 83 2 10
41 84 7 3
41 85 7 1
41 86 10 9
41 87 10 3
41 88 7 10
41 90 4 7
41 92 3 9
41 93 10 2
41 94 5 9
41 95 1 8
41 96 3 3
41 97 6 2
41 98 5 2
41 99 6 2
41 100 9 5
42 43 5 9
42 44 1 4
42 47 9 7
42 48 4 8
42 49 8 6
42 50 8 4
42 51 9 2
42 52 10 4
42 53 10 9
42 54 6 4
42 55 7 4
42 56 2 6
42 57 6 5
42 58 10 10
42 59 9 3
42 60 7 1
42 61 2 4
42 64 8 9
42 65 2 5
42 66 1 9
42 70 3 9
42 71 4 3
42 72 1 9
42 74 8 1
42 75 1 10
42 76 6 2
42 77 5 4
42 78 7 9
42 79 6 9
42 81 10 5
42 82 10 9
42 84 3 1
42 85 8 5
42 86 3 3
42 88 9 7
42 89 10 4
42 90 7 2
42 91 6 10
42 92 4 9
42 93 9 6
42 94 2 6
42 95 9 9
42 96 2 9
42 97 9 9
42 100 6 3
43 44 8 3
43 45 8 7
43 47 10 6
43 48 6 9
43 49 5 10
43 50 6 10
43 51 3 9
43 52 6 10
43 53 5 3
43 56 2 9
43 57 8 5
43 58 2 6
43 59 9 2
43 60 8 9
43 61 3 7
43 62 1 7
43 64 7 6
43 65 9 5
43 66 9 10
43 68 3 7
43 69 6 9
43 70 7 4
43 72 8 8
43 73 6 7
43 74 2 8
43 75 2 6
43 76 8 4
43 77 5 6
43 78 5 6
43 79 7 1
43 80 1 10
43 81 5 9
43 82 8 5
43 83 3 9
43 84 4 6
43 85 3 2
43 86 2 10
43 88 9 7
43 89 3 5
43 90 7 10
43 91 2 10
43 93 10 6
43 94 10 7
43 95 1 2
43 96 1 6
43 97 3 7
43 98 2 6
43 100 10 2
44 45 6 8
44 46 9 2
44 47 7 5
44 48 1 5
44 49 7 4
44 50 4 3
44 51 1 1
44 52 8 4
44 53 7 4
44 54 3 1
44 55 3 3
44 57 8 3
44 58 4 8
44 59 1 3
44 62 2 3
44 63 8 10
44 64 5 7
44 65 8 4
44 67 1 7
44 68 7 7
44 69 3 5
44 70 1 8
44 71 8 2
44 72 8 2
44 73 1 2
44 74 4 4
44 76 6 9
44 77 8 10
44 79 5 6
44 80 6 7
44 81 8 7
44 82 8 10
44 83 2 10
44 84 8 7
44 85 8 1
44 86 3 6
44 87 7 5
44 88 3 4
44 90 7 7
44 91 10 10
44 92 10 1
44 94 1 7
44 95 10 9
44 97 5 2
44 98 4 4
44 100 8 3
45 46 7 3
45 47 7 4
45 48 7 6
45 50 9 4
45 52 1 4
45 53 2 3
45 54 2 3
45 55 7 3
45 56 4 9
45 58 10 10
45 59 2 5
45 60 2 4
45 61 5 6
45 62 4 9
45 63 9 10
45 65 5 5
45 67 5 4
45 68 3 10
45 69 2 6
45 70 5 3
45 71 9 9
45 72 10 2
45 74 5 3
45 75 5 2
45 76 4 2
45 77 2 1
45 78 2 7
45 79 9 7
45 80 1 8
45 83 2 5
45 84 7 4
45 87 3 2
45 88 3 2
45 89 2 4
45 92 2 2
45 93 9 3
45 95 10 10
45 96 2 3
45 97 9 6
45 98 2 1
45 99 10 7
45 100 4 1
46 47 4 4
46 48 5 9
46 49 9 4
46 50 10 6
46 51 4 8
46 52 7 3
46 53 8 3
46 54 7 9
46 55 1 4
46 56 9 1
46 57 1 8
46 58 7 4
46 59 3 6
46 60 6 1
46 61 1 10
46 62 6 8
46 63 1 9
46 65 1 7
46 67 5 9
46 68 8 4
46 69 3 4
46 70 3 6
46 71 4 3
46 72 3 5
46 73 9 4
46 75 9 7
46 76 3 10
46 79 4 4
46 80 9 5
46 81 7 5
46 85 3 4
46 88 2 4
46 89 2 1
46 90 6 6
46 91 8 3
46 92 2 5
46 93 5 1
46 94 7 5
46 95 1 10
46 96 10 9
46 97 9 3
46 98 8 6
47 48 9 10
47 49 2 9
47 50 10 3
47 52 10 6
47 53 3 2
47 54 4 9
47 55 5 3
47 56 7 2
47 57 8 5
47 59 7 6
47 60 5 8
47 61 6 10
47 63 2 10
47 64 10 2
47 65 10 9
47 66 8 10
47 67 4 8
47 70 3 2
47 73 1 7
47 74 3 1
47 75 5 4
47 76 5 3
47 77 9 2
47 78 6 10
47 79 10 1
47 80 6 4
47 81 10 1
47 82 10 2
47 83 1 5
47 84 1 4
47 85 6 5
47 86 7 1
47 88 3 2
47 90 9 7
47 91 1 5
47 93 5 1
47 94 5 10
47 95 10 1
47 96 10 6
47 97 9 9
47 98 6 5
47 100 6 9
48 52 10 1
48 53 5 7
48 54 8 1
48 55 7 6
48 56 4 8
48 57 3 3
48 58 10 2
48 60 9 3
48 61 9 6
48 63 10 2
48 64 3 6
48 66 10 1
48 67 6 9
48 68 4 10
48 69 8 7
48 70 10 6
48 71 10 1
48 72 7 3
48 73 10 3
48 75 1 2
48 76 1 8
48 77 9 3
48 78 8 4
48 79 1 10
48 80 3 9
48 81 1 7
48 82 8 2
48 84 3 6
48 85 3 6
48 91 3 8
48 92 6 8
48 93 5 1
48 94 9 10
48 95 7 8
48 96 1 2
48 97 9 3
48 98 3 8
48 99 3 7
49 50 6 9
49 53 8 6
49 54 9 5
49 55 9 3
49 56 1 6
49 57 3 8
49 58 4 2
49 59 6 2
49 60 8 2
49 61 1 2
49 62 6 10
49 64 6 6
49 65 2 10
49 66 9 9
49 67 1 10
49 68 10 6
49 69 5 5
49 70 8 7
49 71 6 10
49 72 6 1
49 73 6 7
49 74 2 8
49 75 6 5
49 76 1 7
49 78 2 9
49 79 2 2
49 80 7 4
49 81 5 6
49 82 1 2
49 84 8 5
49 85 9 4
49 86 5 1
49 87 3 9
49 88 10 5
49 89 1 3
49 90 3 4
49 91 7 4
49 92 1 8
49 93 1 10
49 94 3 1
49 95 2 4
49 96 5 3
49 97 8 3
49 98 3 7
49 99 7 2
50 51 8 1
50 52 6 10
50 53 4 8
50 56 10 3
50 57 5 2
50 58 2 3
50 59 8 2
50 60 7 7
50 61 9 5
50 62 1 9
50 63 10 9
50 65 1 5
50 66 8 6
50 67 4 8
50 68 5 8
50 70 1 7
50 71 1 2
50 72 8 9
50 73 6 4
50 74 6 7
50 75 4 9
50 76 9 1
50 78 4 6
50 79 3 1
50 80 7 10
50 81 4 3
50 82 2 5
50 83 6 4
50 84 4 3
50 85 4 2
50 86 4 8
50 87 8 1
50 88 3 7
50 89 5 10
50 90 6 7
50 92 8 2
50 95 2 6
50 97 10 6
50 98 1 3
50 99 4 1
50 100 9 8
51 52 5 2
51 53 5 9
51 54 7 6
51 55 1 4
51 56 1 8
51 58 5 4
51 60 6 8
51 61 4 8
51 63 3 4
51 64 9 9
51 65 2 1
51 66 1 2
51 67 4 6
51 69 1 3
51 71 1 8
51 72 8 4
51 73 1 8
51 74 2 1
51 75 7 3
51 76 8 2
51 77 9 2
51 78 5 4
51 79 7 9
51 80 4 9
51 81 8 7
51 82 7 9
51 83 6 8
51 85 4 5
51 86 4 3
51 88 7 7
51 89 9 3
51 91 7 8
51 92 6 1
51 93 2 8
51 95 1 7
51 96 4 3
51 97 4 6
51 99 9 7
51 100 4 1
52 53 10 6
52 54 10 2
52 55 2 5
52 56 4 9
52 57 3 7
52 59 7 2
52 60 2 10
52 61 4 3
52 62 1 6
52 63 2 8
52 65 2 5
52 66 3 2
52 67 6 6
52 69 4 3
52 70 4 4
52 71 4 5
52 72 2 8
52 73 6 3
52 74 2 8
52 75 4 3
52 77 9 6
52 78 10 5
52 79 8 2
52 80 9 5
52 81 1 6
52 83 9 6
52 84 7 9
52 86 10 7
52 89 2 2
52 90 3 6
52 91 4 3
52 92 6 2
52 93 2 4
52 95 10 1
52 96 10 1
52 97 9 9
52 98 1 6
52 99 10 3
53 54 5 8
53 55 8 4
53 57 5 4
53 58 9 4
53 59 7 6
53 60 6 10
53 61 8 8
53 62 1 1
53 63 4 8
53 64 1 2
53 65 7 7
53 66 10 1
53 67 4 4
53 68 6 5
53 69 6 4
53 70 10 6
53 71 1 6
53 72 4 3
53 73 3 6
53 74 3 7
53 75 8 4
53 76 7 2
53 77 2 5
53 78 4 1
53 81 1 7
53 82 2 8
53 83 8 3
53 84 1 4
53 85 9 5
53 88 6 5
53 89 2 6
53 90 9 3
53 91 5 5
53 92 8 2
53 93 4 1
53 94 4 9
53 95 8 7
53 96 2 3
53 97 9 10
53 98 10 9
53 99 6 3
53 100 5 7
54 56 9 5
54 57 10 6
54 58 8 10
54 59 10 9
54 60 4 7
54 61 6 3
54 62 9 1
54 63 9 4
54 64 1 4
54 65 6 3
54 66 5 9
54 67 2 4
54 68 8 7
54 69 5 1
54 70 5 7
54 71 8 5
54 73 5 1
54 74 10 10
54 75 4 8
54 76 7 5
54 77 1 10
54 78 6 8
54 79 6 5
54 81 8 2
54 82 1 7
54 83 6 10
54 84 10 10
54 85 9 3
54 86 1 3
54 87 5 10
54 88 10 3
54 89 4 10
54 90 6 8
54 91 1 7
54 92 6 2
54 93 10 6
54 94 10 5
54 95 5 10
54 97 3 4
54 99 9 2
54 100 2 3
55 58 9 1
55 59 5 2
55 60 9 9
55 61 6 6
55 62 4 9
55 64 6 10
55 65 1 10
55 66 8 4
55 67 8 1
55 68 7 2
55 69 6 5
55 70 3 7
55 74 1 1
55 75 3 10
55 76 5 6
55 77 8 6
55 79 1 10
55 81 7 10
55 82 2 4
55 84 4 1
55 86 1 7
55 87 9 9
55 88 8 8
55 89 4 3
55 90 9 7
55 91 9 5
55 93 5 4
55 94 10 6
55 95 6 10
55 96 8 9
55 97 9 5
55 98 9 5
55 99 8 7
55 100 8 2
56 57 4 9
56 58 7 10
56 59 4 5
56 60 6 2
56 61 8 6
56 62 4 1
56 64 9 10
56 67 6 5
56 68 3 2
56 69 10 10
56 70 6 5
56 71 3 10
56 72 10 10
56 73 7 1
56 74 4 9
56 75 8 10
56 76 10 8
56 77 3 1
56 78 3 6
56 79 4 2
56 81 8 6
56 83 8 9
56 84 10 4
56 87 7 9
56 88 4 8
56 90 2 6
56 91 8 4
56 92 6 8
56 93 8 4
56 94 9 10
56 95 2 6
56 97 5 6
56 99 4 10
56 100 1 2
57 59 9 1
57 60 6 8
57 61 1 10
57 62 3 7
57 63 8 5
57 64 9 2
57 65 1 6
57 66 6 5
57 67 7 10
57 68 9 7
57 69 2 7
57 70 9 7
57 71 6 9
57 72 1 3
57 73 6 1
57 74 6 3
57 75 10 2
57 76 4 5
57 77 1 10
57 78 6 10
57 79 7 4
57 80 4 9
57 81 2 10
57 82 9 9
57 84 2 3
57 85 9 7
57 86 3 6
57 87 2 2
57 88 2 8
57 90 7 6
57 91 4 9
57 94 5 2
57 95 6 9
57 98 10 7
57 99 4 5
57 100 3 5
58 60 3 8
58 61 3 4
58 63 8 10
58 64 7 9
58 66 8 1
58 67 3 7
58 68 8 10
58 69 1 10
58 70 5 2
58 71 4 7
58 72 3 6
58 73 10 3
58 75 10 6
58 76 2 3
58 77 6 3
58 78 8 8
58 79 5 5
58 80 3 4
58 81 2 7
58 82 6 4
58 84 1 9
58 85 2 8
58 87 9 9
58 88 6 3
58 89 2 9
58 90 6 2
58 91 1 7
58 92 2 8
58 93 5 10
58 94 8 4
58 95 3 8
58 96 1 3
58 97 7 9
58 99 9 8
58 100 5 10
59 60 8 1
59 61 7 7
59 62 8 8
59 63 5 5
59 66 2 8
59 67 1 7
59 69 1 4
59 70 6 9
59 71 5 8
59 72 7 6
59 73 3 8
59 74 7 7
59 75 1 5
59 77 3 10
59 78 7 2
59 79 3 1
59 80 6 10
59 81 3 5
59 82 1 3
59 83 8 7
59 84 10 10
59 87 4 3
59 88 3 8
59 89 9 1
59 90 3 7
59 91 8 1
59 93 1 7
59 94 5 8
59 96 10 2
59 97 6 8
59 98 6 2
59 99 5 4
59 100 2 6
60 61 3 9
60 63 10 4
60 64 1 4
60 65 1 5
60 66 8 2
60 67 4 5
60 68 2 4
60 69 4 7
60 70 2 3
60 73 3 4
60 74 8 1
60 75 5 7
60 77 6 7
60 79 4 4
60 81 8 3
60 82 2 1
60 83 5 3
60 84 7 9
60 85 6 10
60 86 4 2
60 87 10 10
60 88 4 9
60 89 2 1
60 90 7 5
60 91 3 3
60 93 5 3
60 94 4 1
60 95 4 9
60 96 2 7
60 97 10 1
60 98 6 5
60 99 6 9
61 62 9 9
61 63 7 6
61 64 4 4
61 65 4 9
61 67 8 7
61 68 10 5
61 69 5 3
61 71 5 6
61 73 8 3
61 74 8 9
61 75 5 6
61 76 10 2
61 77 1 5
61 78 5 2
61 79 3 5
61 80 1 6
61 81 2 4
61 82 5 2
61 83 7 2
61 85 2 4
61 86 3 10
61 87 4 5
61 88 4 2
61 89 1 3
61 90 2 4
61 91 1 1
61 92 8 10
61 93 10 10
61 94 1 8
61 96 5 1
61 97 2 6
61 98 6 6
61 99 8 3
61 100 1 2
62 63 4 9
62 64 1 10
62 66 4 4
62 67 7 6
62 68 8 10
62 70 9 8
62 71 2 4
62 72 9 4
62 73 1 10
62 74 6 8
62 75 8 6
62 76 8 5
62 77 4 8
62 78 4 6
62 79 9 4
62 80 8 6
62 81 10 8
62 82 1 4
62 83 2 9
62 84 2 1
62 85 7 4
62 86 8 3
62 87 6 9
62 88 1 6
62 90 5 9
62 91 7 5
62 94 8 3
62 95 8 3
62 96 8 4
62 97 5 5
62 98 1 1
62 100 3 7
63 64 3 4
63 67 8 2
63 68 4 1
63 69 8 1
63 70 7 10
63 71 2 4
63 72 1 6
63 73 5 7
63 75 7 7
63 77 10 10
63 78 3 2
63 79 9 9
63 80 3 7
63 81 6 6
63 82 10 9
63 83 10 5
63 84 2 1
63 87 3 2
63 88 5 5
63 89 1 7
63 90 2 1
63 92 5 8
63 93 1 4
63 94 5 2
63 95 7 2
63 97 6 10
63 98 9 7
63 99 3 8
63 100 5 10
64 65 6 4
64 66 2 4
64 67 3 4
64 68 5 3
64 71 1 7
64 72 1 8
64 73 7 2
64 76 9 9
64 77 10 3
64 78 8 9
64 79 10 8
64 80 6 5
64 81 6 9
64 83 3 5
64 85 10 1
64 86 10 10
64 87 10 8
64 88 7 9
64 89 5 6
64 90 8 5
64 91 5 10
64 92 9 9
64 93 4 2
64 94 7 8
64 95 7 7
64 96 3 3
64 97 7 7
64 99 4 1
64 100 8 4
65 66 3 5
65 67 3 9
65 68 5 2
65 69 1 7
65 70 3 8
65 71 10 2
65 72 9 1
65 73 7 7
65 74 3 2
65 76 8 5
65 77 2 2
65 78 9 5
65 79 10 4
65 80 7 7
65 81 4 9
65 83 10 5
65 84 3 5
65 85 9 4
65 86 2 4
65 87 1 3
65 88 5 1
65 89 8 9
65 91 5 2
65 92 10 10
65 93 5 10
65 94 6 3
65 95 2 9
65 96 8 2
65 99 6 4
65 100 4 10
66 67 4 7
66 68 8 2
66 71 3 3
66 73 10 2
66 74 5 2
66 75 7 5
66 76 1 10
66 77 6 1
66 78 1 3
66 79 4 8
66 80 4 3
66 81 6 10
66 82 1 5
66 83 9 8
66 84 4 1
66 85 8 5
66 86 7 10
66 88 2 6
66 89 9 10
66 90 8 7
66 91 2 2
66 92 4 7
66 93 8 8
66 94 5 10
66 95 6 4
66 97 4 1
66 98 8 5
66 99 6 7
66 100 5 1
67 68 2 1
67 70 9 3
67 71 8 4
67 72 5 4
67 74 2 1
67 75 3 10
67 76 8 7
67 79 8 9
67 80 5 9
67 82 10 3
67 83 10 9
67 85 10 1
67 86 7 5
67 87 7 7
67 88 1 4
67 89 6 2
67 90 8 8
67 91 9 4
67 92 7 1
67 93 2 1
67 94 4 8
67 95 4 3
67 96 10 2
67 98 4 4
67 99 3 10
67 100 6 4
68 69 9 1
68 70 7 1
68 71 3 6
68 72 7 7
68 73 10 4
68 74 5 3
68 75 7 1
68 76 1 8
68 77 5 4
68 78 3 5
68 80 7 5
68 81 8 10
68 83 1 6
68 85 7 2
68 86 1 6
68 87 1 4
68 88 9 3
68 91 2 4
68 92 3 6
68 93 9 2
68 95 7 3
68 96 7 10
68 97 5 2
68 98 6 3
68 99 1 9
68 100 10 4
69 71 1 8
69 72 4 9
69 73 9 7
69 76 9 1
69 77 1 8
69 78 6 5
69 79 10 5
69 80 8 1
69 81 6 10
69 82 5 10
69 84 4 1
69 85 5 2
69 86 6 7
69 89 3 3
69 91 7 1
69 93 6 9
69 94 10 1
69 95 2 8
69 96 9 7
69 97 7 9
69 98 6 9
69 99 6 8
69 100 6 5
70 71 7 2
70 72 10 8
70 73 7 2
70 74 5 5
70 76 10 2
70 77 7 4
70 78 8 5
70 79 1 9
70 80 7 9
70 81 6 9
70 82 5 8
70 84 1 1
70 85 7 8
70 86 1 9
70 87 3 7
70 88 3 6
70 89 4 3
70 90 8 9
70 91 8 3
70 92 4 7
70 93 8 3
70 94 6 4
70 96 5 7
70 97 1 2
70 98 3 7
70 100 7 5
71 72 9 4
71 73 2 9
71 75 9 4
71 76 7 5
71 78 10 7
71 79 9 7
71 80 10 4
71 81 8 4
71 82 10 10
71 83 3 1
71 84 9 4
71 85 1 5
71 86 2 4
71 87 6 5
71 89 3 8
71 91 7 10
71 92 8 10
71 94 3 3
71 95 6 1
71 97 1 3
71 98 9 4
71 100 1 3
72 73 2 9
72 74 5 1
72 75 1 10
72 76 8 2
72 77 3 6
72 78 4 9
72 79 9 5
72 80 5 8
72 81 7 2
72 82 2 9
72 83 2 3
72 87 10 10
72 89 1 10
72 90 8 9
72 92 9 3
72 93 8 8
72 94 5 9
72 96 4 1
72 98 6 8
72 99 5 4
72 100 5 2
73 74 6 2
73 75 4 1
73 76 2 8
73 77 2 2
73 78 1 1
73 79 6 4
73 80 7 7
73 81 4 5
73 83 6 2
73 84 4 7
73 86 8 9
73 87 6 6
73 88 7 4
73 89 2 5
73 90 10 3
73 91 2 10
73 92 2 4
73 93 6 9
73 95 5 7
73 96 1 7
73 97 7 9
73 98 7 9
73 99 4 10
73 100 7 10
74 75 3 9
74 76 5 4
74 77 8 8
74 78 10 6
74 79 3 3
74 80 2 1
74 81 10 2
74 82 2 3
74 83 10 2
74 84 8 6
74 85 1 6
74 86 7 5
74 87 8 5
74 88 3 7
74 89 8 1
74 90 6 2
74 92 3 4
74 93 5 10
74 94 4 2
74 95 2 9
74 96 1 7
74 97 7 7
74 98 3 9
74 99 10 7
74 100 1 7
75 76 10 10
75 77 7 7
75 78 6 5
75 79 8 4
75 80 8 1
75 81 10 3
75 82 7 2
75 84 7 6
75 86 2 8
75 87 1 7
75 88 3 6
75 89 5 6
75 91 1 1
75 92 2 3
75 94 10 9
75 96 3 10
75 98 8 8
75 99 1 6
75 100 3 3
76 77 5 9
76 78 2 4
76 79 2 10
76 80 6 9
76 81 8 5
76 83 5 3
76 84 2 6
76 85 1 9
76 86 8 3
76 87 6 10
76 88 4 10
76 89 2 5
76 90 5 1
76 91 5 7
76 92 4 3
76 93 4 3
76 94 8 5
76 95 3 7
76 97 3 5
76 99 4 6
76 100 1 2
77 78 2 9
77 79 8 3
77 80 3 6
77 81 4 3
77 82 3 5
77 83 10 10
77 84 1 1
77 85 6 2
77 86 6 6
77 87 9 3
77 89 1 3
77 91 3 6
77 92 3 9
77 93 1 9
77 94 2 2
77 96 2 9
77 97 10 10
77 98 8 4
77 99 4 1
77 100 4 2
78 80 3 8
78 81 9 1
78 82 5 5
78 83 1 7
78 84 7 1
78 86 2 6
78 89 2 6
78 90 5 3
78 91 9 3
78 92 5 4
78 94 6 8
78 95 10 7
78 96 2 8
78 97 7 9
78 98 10 5
78 99 8 3
79 80 10 6
79 81 9 7
79 82 9 5
79 83 2 8
79 84 8 5
79 85 4 10
79 86 5 8
79 87 10 7
79 88 7 4
79 90 10 5
79 91 2 6
79 94 2 1
79 95 4 6
79 96 10 10
79 97 3 1
79 98 9 10
79 99 5 7
80 81 1 5
80 82 7 6
80 83 1 8
80 85 8 1
80 86 4 7
80 87 8 4
80 88 4 10
80 89 10 10
80 90 9 2
80 91 9 1
80 92 9 10
80 93 10 3
80 94 7 9
80 95 8 5
80 96 6 3
80 97 6 1
80 98 10 6
81 82 6 8
81 83 8 10
81 84 1 8
81 85 1 6
81 86 8 5
81 87 7 8
81 88 6 5
81 89 5 6
81 90 3 4
81 91 10 3
81 92 1 2
81 94 6 3
81 95 10 2
81 97 6 9
81 98 6 6
81 99 4 8
81 100 3 7
82 83 7 4
82 84 5 10
82 85 3 9
82 88 1 3
82 90 9 10
82 91 4 6
82 92 1 7
82 94 5 4
82 96 6 6
82 98 3 9
82 99 2 6
82 100 1 5
83 84 8 6
83 85 4 3
83 87 9 9
83 88 3 10
83 89 6 1
83 91 9 10
83 92 4 6
83 93 6 9
83 94 4 10
83 95 4 8
83 96 4 9
83 97 3 3
83 100 10 5
84 85 10 6
84 86 7 6
84 87 5 9
84 88 2 5
84 90 5 10
84 91 3 9
84 93 1 7
84 94 3 1
84 95 7 5
84 97 4 4
84 98 9 8
84 99 10 8
85 86 1 6
85 87 9 8
85 89 5 2
85 90 7 1
85 91 2 3
85 92 10 9
85 93 1 5
85 95 6 3
85 98 5 9
85 99 4 7
85 100 5 10
86 87 2 4
86 89 5 9
86 90 1 10
86 93 10 10
86 95 8 4
86 96 8 9
86 97 1 4
86 99 2 10
86 100 5 5
87 88 6 9
87 89 3 6
87 90 8 10
87 91 8 3
87 92 9 9
87 93 1 5
87 94 1 6
87 96 5 7
87 97 10 1
87 98 9 3
87 100 9 4
88 89 10 5
88 90 2 4
88 91 1 5
88 92 2 10
88 93 4 8
88 95 9 2
88 98 7 1
88 99 3 3
88 100 5 5
89 92 2 9
89 95 10 4
89 96 5 7
89 97 7 8
89 99 2 4
89 100 5 5
90 91 10 3
90 92 8 3
90 93 3 4
90 94 6 5
90 96 6 2
90 97 10 6
90 98 2 10
90 99 4 3
90 100 1 6
91 93 10 3
91 94 1 9
91 95 1 9
91 96 5 10
91 98 4 7
91 99 5 3
91 100 7 5
92 93 5 10
92 94 4 5
92 95 3 3
92 96 10 2
92 97 10 6
92 98 9 4
92 99 4 9
92 100 6 10
93 94 6 7
93 95 1 3
93 96 2 1
93 97 10 4
93 98 10 10
93 99 10 7
93 100 3 1
94 96 2 9
94 97 5 3
94 98 6 9
94 100 4 4
95 96 7 1
95 97 6 4
95 98 2 7
95 99 5 10
95 100 2 8
96 97 8 7
96 98 6 8
96 99 10 3
96 100 9 8
97 99 1 10
97 100 8 3
98 99 10 6
98 100 5 1
1
1 2 3 4 5 6 7 8 9 10 11 12 13 14 15 16 17 18 19 20 21 22 23 24 25 26 27 28 29 30 31 32 33 34 35 36 37 38 39 40 41 42 43 44 45 46 47 48 49 50
