4007
1 2 1 3
1 3 9 5
1 4 8 9
1 5 6 9
1 6 8 8
1 7 8 2
1 8 7 6
1 9 3 9
1 10 8 10
1 11 2 9
1 12 3 6
1 13 2 10
1 14 2 6
1 15 8 9
1 16 1 5
1 17 3 2
1 18 3 8
1 19 2 8
1 20 9 2
1 23 8 4
1 24 7 5
1 27 3 4
1 29 4 9
1 30 2 8
1 31 1 8
1 32 2 1
1 33 4 1
1 34 9 3
1 35 6 8
1 36 7 4
1 37 8 3
1 39 3 9
1 40 1 1
1 41 3 2
1 42 3 4
1 43 10 5
1 44 8 3
1 45 8 9
1 46 7 2
1 48 10 7
1 49 7 1
1 50 8 4
1 51 3 5
1 52 3 8
1 54 4 2
1 55 9 9
1 57 2 4
1 60 6 7
1 61 2 2
1 62 10 2
1 63 3 6
1 65 9 6
1 66 3 9
1 67 3 5
1 68 7 2
1 69 9 6
1 70 10 7
1 71 8 5
1 72 7 8
1 73 4 10
1 74 4 7
1 76 7 6
1 79 6 3
1 80 3 2
1 81 3 10
1 82 10 10
1 83 3 1
1 84 2 3
1 85 5 6
1 86 7 4
1 88 3 6
1 89 1 5
1 90 10 10
1 91 1 3
1 92 6 9
1 93 9 3
1 94 6 10
1 95 1 7
1 96 4 10
1 99 1 9
1 100 8 4
2 3 7 5
2 5 9 3
2 6 6 10
2 7 10 4
2 8 9 1
2 9 6 8
2 11 6 4
2 12 1 2
2 13 1 4
2 15 10 5
2 16 6 4
2 17 10 10
2 20 2 10
2 22 3 2
2 23 8 3
2 24 8 4
2 25 4 4
2 26 8 8
2 27 3 9
2 28 4 5
2 29 1 2
2 31 6 8
2 32 4 3
2 33 6 5
2 34 6 9
2 35 9 4
2 40 3 7
2 41 3 5
2 42 5 1
2 43 9 2
2 44 3 2
2 46 1 7
2 47 2 2
2 48 3 2
2 49 8 5
2 50 4 5
2 51 5 2
2 52 8 5
2 53 2 10
2 54 5 2
2 55 6 3
2 56 7 10
2 57 8 5
2 58 10 9
2 61 3 1
2 62 5 9
2 63 9 10
2 64 3 10
2 65 7 6
2 66 3 3
2 67 7 6
2 69 6 9
2 70 5 6
2 71 2 6
2 72 2 3
2 74 2 7
2 75 2 6
2 76 1 8
2 77 5 8
2 78 5 7
2 79 8 3
2 81 5 2
2 83 1 5
2 84 9 10
2 86 8 10
2 88 2 6
2 89 10 10
2 90 1 4
2 91 2 10
2 92 9 9
2 94 5 9
2 95 9 9
2 96 4 5
2 97 6 1
2 98 4 1
2 99 5 9
2 100 5 8
3 4 8 8
3 5 6 9
3 7 9 7
3 8 3 7
3 9 6 9
3 10 1 2
3 11 9 8
3 12 8 6
3 13 2 7
3 14 2 5
3 15 6 7
3 16 8 10
3 17 4 1
3 18 10 1
3 19 7 1
3 20 4 2
3 21 1 3
3 22 7 3
3 23 4 5
3 24 4 6
3 25 2 10
3 26 6 9
3 27 6 2
3 28 5 9
3 30 8 7
3 31 4 1
3 32 6 2
3 34 6 1
3 35 6 1
3 39 10 8
3 40 6 4
3 41 3 2
3 42 7 9
3 43 2 3
3 44 6 1
3 45 2 10
3 46 10 10
3 47 7 5
3 48 2 3
3 49 7 9
3 50 2 4
3 51 6 2
3 52 3 9
3 53 8 7
3 54 3 8
3 55 3 5
3 56 4 7
3 59 3 4
3 60 9 3
3 61 10 7
3 63 3 3
3 65 6 2
3 66 9 10
3 68 6 8
3 71 6 4
3 72 5 4
3 73 3 8
3 75 6 9
3 76 5 2
3 78 6 1
3 79 9 10
3 80 1 8
3 82 9 1
3 83 7 5
3 84 1 8
3 85 3 8
3 86 5 5
3 87 8 5
3 89 10 5
3 90 2 10
3 92 7 7
3 93 3 3
3 95 9 8
3 96 3 10
3 97 3 2
3 98 1 5
3 100 5 10
4 5 7 6
4 6 7 5
4 7 5 7
4 8 3 3
4 9 5 10
4 12 5 5
4 14 7 4
4 16 7 6
4 17 6 10
4 18 6 3
4 19 5 9
4 20 1 4
4 21 10 5
4 22 3 2
4 23 9 3
4 24 6 2
4 25 9 4
4 28 7 6
4 29 3 4
4 30 9 6
4 32 8 9
4 33 5 7
4 34 10 10
4 35 3 1
4 36 10 2
4 37 6 9
4 38 3 9
4 39 10 9
4 40 7 5
4 41 7 10
4 42 3 7
4 44 7 10
4 45 10 1
4 46 6 9
4 48 3 10
4 49 2 2
4 50 6 5
4 51 6 5
4 53 7 6
4 54 9 5
4 55 2 6
4 58 4 1
4 59 4 5
4 61 4 4
4 62 7 3
4 63 4 4
4 64 1 6
4 65 7 6
4 66 3 1
4 67 7 9
4 68 4 5
4 69 9 4
4 70 4 10
4 71 9 6
4 73 3 1
4 74 10 3
4 75 3 2
4 76 5 6
4 77 6 9
4 78 3 9
4 79 4 10
4 80 10 3
4 81 10 2
4 82 3 3
4 83 6 7
4 84 5 10
4 85 6 9
4 87 5 4
4 88 10 4
4 89 7 5
4 90 3 6
4 91 7 4
4 92 9 1
4 93 8 9
4 94 6 4
4 96 2 3
4 97 8 2
4 98 8 3
4 99 4 8
4 100 1 9
5 6 1 10
5 7 4 3
5 8 3 5
5 10 9 6
5 12 10 8
5 17 2 4
5 19 1 6
5 20 3 4
5 22 1 6
5 23 1 6
5 24 5 1
5 25 7 9
5 27 10 10
5 28 8 9
5 30 5 6
5 31 2 4
5 32 1 1
5 33 3 6
5 34 9 5
5 35 8 3
5 37 4 2
5 39 7 2
5 40 6 5
5 41 7 2
5 43 8 4
5 44 9 2
5 45 10 2
5 46 5 8
5 47 7 9
5 48 9 10
5 49 1 4
5 50 7 2
5 51 3 2
5 52 3 6
5 53 10 3
5 54 7 9
5 55 3 8
5 58 8 9
5 60 8 10
5 61 8 4
5 62 4 8
5 63 8 5
5 65 1 2
5 66 9 10
5 67 7 5
5 70 10 3
5 71 10 3
5 72 9 2
5 73 6 1
5 74 4 6
5 75 6 7
5 77 7 3
5 78 5 7
5 79 3 9
5 80 2 8
5 81 4 8
5 82 1 6
5 84 1 5
5 85 7 7
5 87 10 9
5 88 1 6
5 89 2 1
5 90 6 5
5 92 1 3
5 93 1 4
5 95 6 8
5 96 3 4
5 97 9 3
5 100 7 9
6 7 7 1
6 9 7 9
6 11 5 6
6 12 7 2
6 13 2 1
6 15 2 3
6 16 10 8
6 17 7 1
6 21 9 9
6 22 7 3
6 24 10 6
6 25 6 1
6 27 7 2
6 28 4 9
6 29 7 1
6 30 10 8
6 31 6 2
6 32 2 8
6 33 4 1
6 35 2 1
6 37 1 5
6 38 10 8
6 39 4 5
6 40 5 10
6 41 7 3
6 42 9 1
6 45 4 7
6 48 8 9
6 49 4 5
6 50 9 3
6 52 10 4
6 53 5 6
6 55 9 8
6 56 4 9
6 57 2 3
6 58 2 7
6 59 8 1
6 60 6 5
6 62 4 8
6 63 6 6
6 64 1 1
6 65 7 10
6 67 9 6
6 68 9 10
6 69 3 1
6 71 1 9
6 72 1 7
6 73 2 7
6 74 8 6
6 75 5 7
6 76 5 10
6 79 3 6
6 80 6 8
6 81 6 3
6 83 1 8
6 84 9 9
6 87 7 2
6 88 2 3
6 89 9 8
6 90 2 6
6 91 7 9
6 92 1 6
6 93 6 6
6 95 4 3
6 96 4 3
6 97 5 2
6 98 6 7
6 99 1 3
6 100 2 8
7 8 9 4
7 9 2 1
7 10 1 7
7 11 1 10
7 12 2 2
7 13 4 2
7 14 7 9
7 15 8 2
7 16 6 1
7 17 9 5
7 19 6 1
7 20 1 4
7 21 6 6
7 22 3 6
7 23 9 4
7 25 5 5
7 26 8 7
7 27 1 6
7 28 2 5
7 29 8 4
7 30 1 6
7 31 1 5
7 32 5 2
7 33 2 3
7 34 1 3
7 35 10 1
7 38 6 4
7 39 5 3
7 40 9 3
7 41 6 3
7 42 8 3
7 43 3 7
7 44 9 1
7 45 6 1
7 46 5 5
7 47 10 2
7 48 9 7
7 49 4 8
7 50 1 6
7 51 3 3
7 52 9 1
7 53 3 1
7 55 3 9
7 56 6 9
7 57 10 2
7 58 5 5
7 59 3 3
7 60 2 6
7 62 8 7
7 63 4 6
7 64 1 3
7 65 1 6
7 67 9 2
7 68 6 8
7 69 4 7
7 70 9 5
7 71 5 6
7 72 8 9
7 73 5 9
7 74 5 6
7 75 8 8
7 76 2 3
7 77 7 5
7 78 6 8
7 79 3 9
7 80 1 1
7 82 6 7
7 83 10 4
7 84 8 7
7 85 5 8
7 86 4 1
7 87 4 5
7 88 3 8
7 89 6 2
7 90 8 1
7 91 8 5
7 92 5 1
7 93 2 9
7 95 3 1
7 97 9 9
7 98 5 1
7 100 7 8
8 9 4 5
8 10 10 2
8 11 7 3
8 12 10 3
8 13 6 4
8 14 7 8
8 15 8 2
8 16 5 8
8 17 4 7
8 18 10 7
8 20 2 4
8 21 7 8
8 23 10 7
8 25 7 1
8 26 9 10
8 27 3 6
8 28 7 5
8 29 9 1
8 30 7 6
8 31 6 7
8 34 8 3
8 35 5 2
8 36 3 4
8 37 8 4
8 38 5 7
8 39 9 8
8 40 9 4
8 41 8 2
8 44 2 1
8 45 4 2
8 46 10 4
8 47 1 1
8 48 2 2
8 49 10 4
8 50 6 9
8 51 9 5
8 52 3 5
8 53 9 7
8 55 1 5
8 56 10 10
8 58 8 8
8 59 8 6
8 62 2 5
8 63 7 3
8 64 7 4
8 65 8 8
8 66 3 3
8 67 4 4
8 68 10 7
8 70 8 9
8 71 1 10
8 72 7 7
8 74 4 3
8 76 5 1
8 77 8 10
8 78 9 2
8 79 2 2
8 80 6 7
8 82 8 3
8 83 2 7
8 84 10 4
8 85 9 10
8 86 3 1
8 87 5 2
8 88 7 1
8 89 7 10
8 90 6 1
8 91 9 5
8 93 1 7
8 94 4 7
8 95 1 2
8 96 8 1
8 97 9 5
8 98 8 5
8 99 6 1
8 100 7 7
9 10 4 4
9 11 1 2
9 12 9 8
9 13 9 5
9 15 9 8
9 16 6 9
9 17 5 9
9 19 7 7
9 20 7 4
9 21 3 5
9 22 9 4
9 24 2 6
9 25 1 8
9 26 9 4
9 27 6 5
9 28 2 7
9 29 10 7
9 32 9 7
9 33 7 2
9 34 8 7
9 35 1 10
9 36 10 6
9 37 9 3
9 39 9 2
9 41 3 10
9 42 9 6
9 43 1 7
9 44 10 9
9 45 4 5
9 46 10 6
9 47 3 4
9 48 6 5
9 49 8 1
9 50 10 2
9 52 10 7
9 53 9 5
9 54 3 8
9 57 2 1
9 58 2 9
9 59 1 2
9 63 4 9
9 65 2 3
9 66 7 3
9 70 8 2
9 71 5 5
9 72 3 7
9 73 5 2
9 74 2 4
9 75 1 3
9 76 7 5
9 77 3 1
9 78 7 2
9 79 4 1
9 80 2 1
9 82 3 1
9 83 5 1
9 85 6 6
9 86 9 9
9 87 7 4
9 89 10 10
9 91 8 6
9 92 9 10
9 94 4 5
9 95 4 9
9 97 8 6
9 98 2 1
9 99 6 2
9 100 9 5
10 12 8 9
10 13 6 2
10 14 10 2
10 16 2 7
10 17 9 7
10 18 8 3
10 19 5 8
10 20 2 1
10 21 9 5
10 22 8 2
10 23 5 5
10 24 4 4
10 25 6 9
10 26 2 8
10 27 10 1
10 28 4 7
10 29 5 7
10 31 5 10
10 32 9 3
10 35 9 2
10 37 7 3
10 38 9 2
10 39 5 3
10 40 2 7
10 41 2 9
10 42 1 3
10 43 3 10
10 44 1 9
10 45 10 1
10 47 1 3
10 48 9 1
10 49 4 8
10 50 9 5
10 51 3 3
10 53 2 6
10 54 2 9
10 55 3 4
10 57 5 9
10 58 5 5
10 59 2 2
10 61 3 7
10 62 6 10
10 63 10 8
10 64 7 2
10 65 1 5
10 66 5 9
10 67 4 8
10 68 9 10
10 69 3 6
10 70 2 5
10 71 2 3
10 72 6 1
10 73 8 2
10 74 8 4
10 76 4 10
10 77 9 10
10 78 2 5
10 79 2 3
10 80 10 10
10 81 5 9
10 82 9 10
10 83 7 2
10 84 4 2
10 85 10 1
10 87 4 10
10 88 10 3
10 89 10 7
10 90 2 3
10 91 2 5
10 92 9 5
10 93 10 6
10 94 6 3
10 95 5 4
10 96 5 6
10 97 1 2
10 98 3 9
10 99 6 4
10 100 3 6
11 13 5 7
11 15 8 2
11 17 10 2
11 18 2 10
11 19 5 10
11 20 9 5
11 21 5 4
11 22 2 8
11 26 3 6
11 27 3 10
11 28 9 6
11 30 10 4
11 31 8 3
11 32 8 6
11 33 7 8
11 36 4 9
11 38 4 8
11 39 7 5
11 42 6 5
11 44 6 8
11 46 7 4
11 47 8 1
11 48 2 9
11 50 3 2
11 51 3 8
11 52 3 3
11 53 9 9
11 55 5 4
11 56 4 3
11 57 4 8
11 58 2 1
11 59 1 3
11 61 1 8
11 62 9 7
11 63 3 3
11 64 3 2
11 65 8 7
11 66 7 2
11 67 4 2
11 68 7 2
11 70 10 8
11 71 8 2
11 73 10 4
11 74 9 9
11 76 8 4
11 77 8 6
11 78 4 6
11 80 6 2
11 81 7 9
11 82 4 1
11 85 10 10
11 86 3 7
11 87 5 2
11 88 9 3
11 89 9 2
11 90 9 3
11 91 5 4
11 92 1 10
11 93 6 5
11 94 6 5
11 95 10 2
11 96 3 3
11 97 1 10
11 98 9 2
11 99 4 6
12 13 1 7
12 14 3 3
12 16 8 6
12 17 8 2
12 18 4 1
12 19 8 10
12 20 6 8
12 22 2 8
12 23 10 8
12 24 9 4
12 25 7 6
12 26 8 6
12 27 1 6
12 28 4 3
12 29 5 1
12 30 7 1
12 32 7 4
12 33 3 4
12 35 1 9
12 37 1 6
12 38 5 8
12 39 9 5
12 41 10 4
12 42 8 8
12 44 1 5
12 48 7 3
12 49 1 10
12 50 4 6
12 51 7 5
12 52 3 10
12 53 5 1
12 54 6 1
12 55 2 1
12 56 5 2
12 57 9 9
12 60 7 2
12 61 8 1
12 62 1 6
12 63 4 7
12 64 7 9
12 65 8 5
12 66 1 9
12 68 1 10
12 69 9 8
12 70 1 8
12 71 7 6
12 72 9 3
12 73 8 1
12 74 6 1
12 75 7 3
12 76 2 2
12 77 1 10
12 78 7 4
12 79 3 10
12 80 10 10
12 81 1 2
12 82 1 10
12 84 6 9
12 87 9 10
12 88 2 8
12 89 1 8
12 90 2 10
12 91 10 4
12 92 6 1
12 93 4 6
12 94 8 7
12 95 1 4
12 96 10 8
12 97 6 5
12 98 7 10
12 99 5 7
13 14 3 2
13 15 8 7
13 16 4 2
13 17 9 9
13 18 5 9
13 19 2 2
13 20 10 2
13 21 6 5
13 23 7 1
13 24 9 2
13 25 2 1
13 26 6 1
13 28 2 3
13 29 4 5
13 31 8 8
13 32 4 6
13 34 2 1
13 35 9 10
13 36 8 3
13 37 9 6
13 38 2 3
13 39 8 10
13 40 10 4
13 41 6 3
13 43 9 4
13 46 9 3
13 47 2 1
13 50 5 9
13 51 3 10
13 52 3 2
13 53 3 3
13 54 5 10
13 55 6 8
13 56 1 7
13 57 8 10
13 58 7 3
13 62 7 8
13 63 2 2
13 64 5 4
13 65 4 8
13 67 4 2
13 68 3 3
13 69 1 4
13 70 3 7
13 71 10 8
13 73 4 2
13 75 3 7
13 76 7 10
13 77 9 1
13 78 9 9
13 79 10 7
13 80 1 10
13 83 9 2
13 84 10 7
13 85 4 6
13 86 1 6
13 87 3 7
13 88 9 2
13 90 1 10
13 92 1 8
13 93 2 2
13 94 6 5
13 95 5 5
13 96 8 8
13 97 7 8
13 98 5 9
13 99 2 6
13 100 1 7
14 15 2 4
14 16 4 10
14 17 10 6
14 18 10 2
14 20 2 10
14 21 9 9
14 22 9 8
14 23 2 7
14 24 6 8
14 25 5 1
14 26 3 2
14 29 4 9
14 31 1 10
14 32 10 9
14 33 10 9
14 34 6 3
14 35 1 1
14 36 4 9
14 37 9 7
14 38 3 7
14 39 4 6
14 40 3 6
14 41 9 2
14 42 8 3
14 43 10 2
14 44 7 8
14 45 2 10
14 47 7 9
14 48 10 10
14 49 1 4
14 50 5 2
14 51 5 3
14 52 9 4
14 53 2 4
14 54 3 8
14 55 4 4
14 56 5 7
14 57 6 2
14 58 3 8
14 60 7 2
14 61 7 3
14 62 2 3
14 63 7 10
14 64 8 5
14 65 1 2
14 67 8 1
14 68 9 3
14 69 9 4
14 71 6 3
14 72 9 2
14 73 9 7
14 74 5 6
14 75 7 9
14 76 7 1
14 77 4 1
14 78 7 5
14 79 4 6
14 81 5 2
14 83 1 1
14 84 6 7
14 85 1 8
14 86 1 5
14 87 4 2
14 89 4 5
14 90 7 6
14 91 5 5
14 92 9 9
14 93 2 5
14 94 7 10
14 95 4 6
14 96 1 2
14 97 7 10
14 99 9 7
14 100 2 8
15 16 5 1
15 17 7 7
15 18 5 9
15 19 1 2
15 20 6 8
15 21 9 8
15 22 2 10
15 25 2 4
15 26 10 8
15 27 9 10
15 28 9 8
15 29 4 5
15 30 1 10
15 31 4 4
15 32 8 8
15 33 7 7
15 34 4 8
15 35 6 9
15 36 4 2
15 37 9 2
15 38 1 10
15 40 2 2
15 41 7 1
15 42 5 10
15 43 9 7
15 44 7 6
15 46 4 2
15 47 8 5
15 48 4 3
15 49 8 9
15 50 9 8
15 52 5 10
15 53 9 6
15 54 8 1
15 56 5 7
15 57 2 4
15 59 2 10
15 61 10 2
15 62 8 10
15 63 3 3
15 64 4 8
15 65 8 10
15 66 6 7
15 67 10 4
15 68 5 3
15 69 8 5
15 71 4 1
15 73 3 7
15 75 6 2
15 76 3 3
15 78 8 7
15 79 10 9
15 80 4 5
15 81 4 10
15 83 2 4
15 84 4 9
15 85 5 4
15 86 5 1
15 87 8 4
15 89 8 1
15 91 1 5
15 92 1 2
15 93 4 7
15 94 1 5
15 95 8 5
15 96 7 8
15 97 7 5
15 98 8 8
15 100 5 7
16 17 8 7
16 19 4 1
16 20 7 5
16 21 5 9
16 23 9 2
16 24 8 7
16 25 1 3
16 26 10 5
16 27 7 2
16 28 1 7
16 29 3 9
16 30 3 10
16 31 8 10
16 32 5 7
16 33 2 6
16 34 2 7
16 35 10 4
16 36 3 7
16 37 5 3
16 38 7 9
16 41 1 5
16 42 10 3
16 43 5 2
16 45 8 5
16 47 10 9
16 48 9 6
16 49 9 5
16 50 9 7
16 51 2 6
16 52 9 9
16 53 10 4
16 54 4 2
16 55 10 1
16 56 7 5
16 57 5 2
16 58 2 5
16 59 8 3
16 61 10 6
16 62 3 7
16 63 3 2
16 65 1 6
16 66 10 3
16 67 6 2
16 68 3 7
16 69 3 3
16 70 9 7
16 71 4 2
16 72 2 10
16 73 10 7
16 74 5 7
16 75 7 2
16 76 4 5
16 78 2 7
16 79 3 4
16 80 3 10
16 81 4 8
16 82 2 9
16 83 4 3
16 84 4 1
16 85 6 5
16 86 7 1
16 88 10 6
16 89 3 3
16 90 3 5
16 91 1 8
16 92 3 4
16 95 10 2
16 96 10 3
16 97 8 2
16 98 7 7
16 99 5 5
16 100 4 5
17 18 9 1
17 19 2 10
17 20 3 4
17 21 9 4
17 23 9 5
17 24 6 5
17 25 8 4
17 26 1 8
17 27 4 5
17 28 5 9
17 29 5 1
17 30 9 3
17 31 4 1
17 32 2 6
17 33 8 6
17 34 2 5
17 35 5 3
17 36 9 10
17 38 4 9
17 39 6 9
17 40 1 2
17 41 4 8
17 43 6 2
17 44 4 7
17 45 8 8
17 46 6 7
17 48 1 5
17 51 7 1
17 52 1 8
17 55 4 10
17 57 3 7
17 58 10 1
17 59 3 1
17 60 2 9
17 61 3 5
17 62 3 5
17 64 10 2
17 67 3 10
17 68 8 5
17 69 6 8
17 70 8 3
17 71 9 8
17 72 5 9
17 74 6 4
17 75 1 8
17 76 8 8
17 77 1 10
17 78 3 8
17 79 3 2
17 80 5 9
17 81 2 10
17 82 2 3
17 83 4 9
17 85 10 1
17 86 9 7
17 88 8 4
17 89 3 6
17 90 1 9
17 91 8 1
17 92 7 10
17 93 2 2
17 94 9 3
17 95 8 9
17 96 7 5
17 97 3 6
17 98 2 4
17 99 3 6
17 100 3 3
18 20 5 3
18 21 3 6
18 22 7 5
18 23 7 10
18 24 8 9
18 25 2 7
18 26 9 7
18 28 7 10
18 29 6 7
18 30 3 8
18 32 1 10
18 33 7 6
18 34 8 10
18 35 8 5
18 36 1 6
18 37 6 7
18 38 3 8
18 40 8 10
18 41 8 10
18 42 9 5
18 43 5 5
18 44 3 2
18 45 2 1
18 46 9 4
18 47 7 10
18 48 1 6
18 49 10 7
18 50 5 2
18 51 9 6
18 53 10 4
18 54 2 3
18 55 2 8
18 56 10 3
18 57 10 8
18 58 10 9
18 59 3 2
18 60 1 5
18 61 8 7
18 62 7 4
18 63 1 9
18 64 10 8
18 65 1 2
18 66 6 9
18 67 5 7
18 68 9 10
18 71 6 2
18 72 9 1
18 73 3 5
18 74 9 9
18 75 10 7
18 76 9 5
18 77 2 4
18 78 9 5
18 79 8 10
18 81 4 4
18 82 4 8
18 83 1 3
18 85 2 4
18 86 8 8
18 87 8 2
18 88 3 1
18 89 4 1
18 90 2 4
18 91 3 4
18 92 7 10
18 93 4 6
18 95 1 5
18 97 9 3
18 98 5 9
18 99 8 1
18 100 8 1
19 20 9 7
19 21 10 3
19 22 8 10
19 23 2 4
19 24 4 6
19 25 8 1
19 26 1 1
19 29 6 6
19 30 6 5
19 31 6 9
19 32 4 10
19 33 5 4
19 35 4 3
19 37 9 6
19 38 9 4
19 40 1 7
19 41 9 10
19 43 3 6
19 46 7 5
19 47 3 10
19 48 7 6
19 49 6 8
19 50 4 9
19 51 9 9
19 53 7 5
19 54 4 5
19 55 8 9
19 56 10 9
19 57 10 1
19 58 4 7
19 60 10 3
19 61 8 8
19 62 1 5
19 63 3 10
19 64 7 7
19 65 2 10
19 66 1 8
19 67 5 9
19 68 2 6
19 69 2 8
19 70 4 8
19 71 10 9
19 72 10 5
19 73 6 6
19 74 1 9
19 75 2 7
19 76 3 10
19 79 3 4
19 80 2 3
19 81 7 1
19 82 1 4
19 83 5 6
19 84 8 8
19 86 6 2
19 87 6 4
19 88 1 1
19 89 8 4
19 90 4 5
19 91 1 6
19 92 9 7
19 93 10 6
19 94 10 3
19 96 2 1
19 97 4 3
19 98 4 5
19 99 8 6
19 100 4 10
20 21 4 9
20 22 3 7
20 23 4 4
20 24 7 1
20 25 7 6
20 26 4 7
20 27 8 2
20 29 5 3
20 30 2 6
20 31 3 7
20 32 2 10
20 33 5 2
20 35 3 10
20 36 4 7
20 38 5 3
20 39 7 4
20 40 5 2
20 41 5 6
20 42 4 4
20 43 1 6
20 44 9 10
20 45 6 10
20 46 8 7
20 47 3 2
20 49 10 2
20 50 7 4
20 51 8 2
20 53 8 5
20 55 2 2
20 56 7 3
20 57 4 7
20 58 9 10
20 59 8 1
20 60 2 7
20 61 9 9
20 62 7 2
20 64 6 4
20 65 2 7
20 69 2 10
20 70 4 4
20 72 3 5
20 73 4 9
20 74 6 9
20 76 8 3
20 78 4 9
20 79 9 1
20 80 5 9
20 81 6 8
20 82 4 10
20 84 7 1
20 85 1 5
20 86 3 8
20 87 2 7
20 89 9 1
20 90 5 2
20 91 4 6
20 92 3 6
20 93 4 4
20 94 5 1
20 95 4 2
20 96 7 6
20 97 6 9
20 98 2 9
20 99 9 1
20 100 7 5
21 23 10 3
21 24 7 3
21 25 9 10
21 26 7 9
21 27 7 9
21 28 6 8
21 30 3 9
21 31 4 8
21 32 3 1
21 33 4 8
21 34 5 6
21 35 3 9
21 36 9 1
21 37 5 8
21 38 3 9
21 39 1 8
21 42 3 9
21 43 1 5
21 45 2 4
21 46 10 4
21 47 3 7
21 48 2 5
21 49 7 3
21 51 10 2
21 52 5 3
21 53 9 5
21 55 2 4
21 56 8 5
21 58 10 7
21 59 2 9
21 60 2 6
21 63 5 3
21 64 6 10
21 66 6 1
21 67 3 9
21 69 2 7
21 70 4 5
21 71 7 4
21 74 5 3
21 75 9 2
21 76 3 2
21 78 4 4
21 80 7 5
21 81 7 8
21 82 4 4
21 83 5 9
21 84 9 1
21 85 9 6
21 86 9 1
21 87 6 6
21 88 10 1
21 89 1 6
21 90 9 1
21 91 9 2
21 92 7 4
21 93 1 9
21 94 8 10
21 97 6 1
21 98 7 10
21 99 5 5
21 100 3 1
22 23 4 1
22 24 9 9
22 25 10 9
22 26 1 6
22 27 3 4
22 28 9 9
22 29 2 2
22 30 6 9
22 31 7 1
22 32 1 3
22 33 3 5
22 35 1 9
22 36 6 2
22 37 5 7
22 38 8 1
22 39 10 4
22 40 3 2
22 41 1 6
22 42 9 6
22 43 1 3
22 45 10 4
22 46 4 1
22 47 7 4
22 48 5 3
22 49 4 2
22 51 9 9
22 52 7 2
22 54 1 6
22 55 2 6
22 56 6 9
22 57 4 5
22 58 5 1
22 59 4 2
22 61 7 10
22 62 5 2
22 63 4 10
22 64 7 10
22 65 8 3
22 67 8 8
22 68 10 8
22 69 3 7
22 70 3 7
22 71 4 2
22 72 4 5
22 73 5 10
22 74 7 1
22 76 7 3
22 78 10 6
22 79 3 8
22 80 1 8
22 81 10 3
22 82 4 10
22 83 9 8
22 84 9 8
22 85 6 6
22 86 4 9
22 87 10 3
22 88 2 5
22 89 7 9
22 90 10 6
22 91 2 2
22 92 7 9
22 94 5 8
22 95 9 5
22 96 2 3
22 97 5 9
22 98 10 5
22 99 8 5
22 100 7 8
23 24 4 9
23 26 10 2
23 29 4 5
23 31 9 4
23 32 8 3
23 33 9 10
23 34 6 8
23 35 2 1
23 37 4 8
23 39 5 6
23 40 10 3
23 41 3 6
23 42 7 5
23 43 4 3
23 44 1 1
23 45 9 2
23 46 3 1
23 47 8 1
23 48 8 7
23 49 1 6
23 50 7 4
23 51 1 5
23 52 8 7
23 53 10 4
23 54 4 9
23 55 6 1
23 56 5 5
23 57 5 10
23 58 1 10
23 59 1 3
23 60 10 5
23 61 2 7
23 62 3 10
23 63 7 10
23 65 5 4
23 66 4 1
23 68 6 3
23 69 10 10
23 72 3 6
23 73 9 5
23 74 4 4
23 75 3 10
23 76 8 6
23 77 2 7
23 78 8 2
23 81 1 3
23 82 7 2
23 83 10 6
23 84 10 4
23 86 1 1
23 87 2 9
23 88 8 3
23 90 4 10
23 91 4 2
23 92 9 2
23 93 1 1
23 94 7 5
23 95 2 2
23 97 6 3
23 98 9 10
23 99 5 9
24 25 3 7
24 27 10 5
24 28 4 2
24 29 5 7
24 30 6 5
24 33 2 9
24 34 4 6
24 35 8 8
24 36 3 6
24 37 1 4
24 38 1 2
24 39 1 6
24 41 1 6
24 42 7 1
24 43 9 5
24 46 3 2
24 47 9 10
24 48 8 8
24 49 1 5
24 50 5 6
24 51 7 5
24 52 2 5
24 53 2 8
24 54 2 6
24 55 9 1
24 56 1 10
24 57 7 1
24 58 6 7
24 59 7 3
24 60 6 5
24 62 7 5
24 63 9 10
24 64 8 3
24 65 1 8
24 67 10 3
24 68 4 10
24 69 2 5
24 73 10 5
24 74 6 6
24 75 10 4
24 76 6 2
24 78 6 2
24 79 5 3
24 80 4 7
24 81 10 4
24 82 5 1
24 83 9 5
24 84 10 2
24 85 6 8
24 87 6 2
24 88 8 7
24 89 2 1
24 90 6 4
24 91 2 1
24 92 3 5
24 93 10 4
24 94 7 8
24 95 7 4
24 96 9 5
24 99 2 1
24 100 7 7
25 26 8 6
25 28 9 5
25 29 9 3
25 31 6 7
25 32 4 2
25 33 6 4
25 35 6 6
25 36 1 3
25 37 7 1
25 38 3 7
25 39 7 2
25 41 6 9
25 42 3 1
25 43 3 3
25 44 2 9
25 46 2 6
25 47 1 4
25 48 7 5
25 49 4 2
25 50 10 9
25 51 2 5
25 52 9 9
25 53 5 7
25 54 10 4
25 55 4 9
25 56 3 9
25 57 3 3
25 58 6 3
25 59 5 1
25 60 5 4
25 61 8 3
25 63 10 9
25 64 4 3
25 65 3 6
25 67 2 10
25 69 9 9
25 71 6 8
25 72 7 7
25 73 7 5
25 74 3 4
25 75 7 5
25 79 9 8
25 80 10 10
25 81 2 6
25 83 7 9
25 84 6 1
25 85 4 3
25 86 5 5
25 88 3 2
25 89 6 8
25 90 1 9
25 91 3 4
25 92 6 6
25 93 7 5
25 94 7 4
25 95 6 4
25 96 9 6
25 98 7 4
25 99 5 2
25 100 4 7
26 27 6 4
26 28 8 4
26 29 6 9
26 30 2 8
26 31 9 8
26 32 6 10
26 33 2 8
26 34 9 8
26 35 4 10
26 36 9 1
26 37 7 10
26 39 6 3
26 40 1 1
26 42 7 9
26 43 5 7
26 44 9 2
26 45 9 1
26 46 7 9
26 47 4 9
26 48 7 9
26 49 2 6
26 50 10 3
26 52 6 5
26 54 10 2
26 55 8 2
26 56 3 5
26 58 5 9
26 59 8 2
26 61 2 4
26 62 4 1
26 63 6 5
26 64 10 3
26 65 3 1
26 66 7 2
26 67 5 6
26 68 10 10
26 69 7 2
26 71 4 7
26 73 2 7
26 74 2 5
26 75 7 10
26 76 3 10
26 77 2 7
26 79 6 3
26 81 4 3
26 82 8 2
26 83 2 2
26 84 7 10
26 85 2 1
26 86 1 3
26 87 7 3
26 90 6 5
26 91 5 2
26 93 8 5
26 94 2 3
26 95 9 9
26 96 6 10
26 97 10 1
26 98 10 1
26 99 7 7
26 100 7 8
27 28 6 6
27 30 8 4
27 31 2 2
27 32 8 8
27 33 8 8
27 35 9 5
27 36 1 6
27 37 6 6
27 38 5 7
27 39 2 9
27 41 1 1
27 42 10 9
27 44 6 9
27 46 6 4
27 48 10 4
27 49 1 9
27 50 4 7
27 51 4 7
27 52 3 2
27 53 8 3
27 54 10 10
27 55 2 1
27 56 5 6
27 57 3 9
27 58 5 2
27 59 2 2
27 60 2 1
27 61 10 7
27 62 8 4
27 64 5 1
27 65 10 4
27 66 2 5
27 67 7 10
27 68 7 3
27 69 9 10
27 70 4 5
27 71 3 4
27 72 8 7
27 73 5 4
27 74 1 10
27 75 2 7
27 76 7 10
27 77 4 4
27 78 7 2
27 79 6 3
27 80 4 4
27 81 7 6
27 82 9 5
27 83 5 2
27 84 9 6
27 85 8 1
27 86 10 8
27 87 10 1
27 89 9 6
27 90 7 5
27 91 1 2
27 92 1 7
27 93 7 10
27 94 2 7
27 95 10 4
27 96 9 7
27 97 10 3
27 98 1 2
27 99 10 7
27 100 4 1
28 29 1 5
28 30 1 9
28 32 9 4
28 33 9 8
28 34 2 3
28 35 10 2
28 36 7 6
28 37 5 10
28 38 8 7
28 39 2 9
28 41 4 1
28 42 7 7
28 43 10 2
28 45 7 6
28 47 4 4
28 48 4 4
28 49 7 4
28 50 3 3
28 51 2 7
28 52 5 10
28 53 4 4
28 54 6 5
28 55 3 5
28 57 10 2
28 58 7 3
28 59 3 10
28 60 5 6
28 61 3 10
28 63 2 8
28 64 5 3
28 65 5 10
28 67 3 1
28 68 3 5
28 69 4 5
28 70 1 3
28 71 7 7
28 73 1 1
28 75 9 4
28 76 4 1
28 78 10 4
28 79 10 8
28 80 2 2
28 81 2 5
28 82 3 1
28 84 7 4
28 85 8 4
28 86 9 10
28 87 9 4
28 88 10 9
28 89 3 2
28 90 7 4
28 91 9 2
28 92 6 5
28 93 9 3
28 94 10 1
28 95 3 1
28 97 3 3
28 98 2 10
28 99 1 2
28 100 8 9
29 31 4 5
29 32 1 4
29 33 3 1
29 34 2 9
29 35 3 6
29 36 7 9
29 37 9 7
29 38 5 9
29 39 8 2
29 41 9 7
29 42 8 1
29 43 2 7
29 44 8 4
29 45 8 3
29 46 9 9
29 47 2 4
29 48 10 8
29 49 4 6
29 50 6 5
29 52 6 9
29 53 8 10
29 55 4 3
29 56 2 6
29 57 3 1
29 59 9 2
29 60 10 1
29 61 4 8
29 62 7 2
29 63 4 8
29 65 2 8
29 66 2 7
29 68 9 7
29 69 4 4
29 70 10 3
29 71 6 10
29 72 1 3
29 73 8 1
29 74 10 10
29 76 4 7
29 77 7 2
29 79 8 6
29 80 7 6
29 82 3 1
29 83 8 1
29 84 2 5
29 86 3 5
29 87 1 3
29 89 7 2
29 90 10 6
29 91 6 3
29 92 9 7
29 93 2 8
29 94 4 8
29 95 3 3
29 96 8 2
29 97 8 4
29 99 1 1
29 100 10 1
30 31 3 9
30 32 2 2
30 34 4 8
30 35 10 8
30 37 6 10
30 39 10 2
30 41 1 5
30 42 9 5
30 43 5 2
30 44 7 10
30 45 1 5
30 46 7 6
30 48 3 6
30 49 2 3
30 50 7 7
30 52 10 9
30 53 5 2
30 54 4 9
30 55 8 5
30 56 2 6
30 57 5 9
30 58 6 5
30 59 9 1
30 60 1 5
30 62 2 3
30 64 6 1
30 66 3 6
30 67 4 5
30 68 3 9
30 69 2 4
30 70 6 1
30 71 3 7
30 72 4 7
30 73 2 6
30 74 10 1
30 75 1 4
30 76 5 5
30 79 4 9
30 80 1 6
30 81 1 6
30 83 4 3
30 84 5 7
30 85 1 4
30 86 1 3
30 87 4 8
30 88 9 5
30 89 7 9
30 90 3 2
30 91 6 6
30 92 2 5
30 94 3 1
30 95 10 9
30 97 6 1
30 98 4 5
31 34 3 4
31 35 4 2
31 36 2 8
31 38 9 10
31 39 2 5
31 40 10 2
31 41 2 7
31 42 9 9
31 44 6 9
31 46 1 6
31 48 8 1
31 49 8 9
31 50 4 9
31 51 9 2
31 52 5 4
31 53 8 4
31 54 3 10
31 55 9 6
31 56 9 6
31 57 10 10
31 58 1 2
31 59 1 3
31 60 4 2
31 61 10 8
31 62 4 6
31 63 7 2
31 64 6 10
31 66 5 10
31 67 6 8
31 68 5 2
31 69 3 9
31 73 7 4
31 74 4 7
31 75 2 3
31 76 6 3
31 78 4 5
31 79 5 7
31 80 10 2
31 81 10 7
31 82 10 3
31 84 4 6
31 85 10 7
31 87 1 7
31 88 8 9
31 89 7 9
31 90 4 10
31 91 5 2
31 92 10 2
31 94 8 5
31 95 7 7
31 96 8 4
31 97 6 5
31 98 1 7
31 99 10 3
31 100 2 10
32 33 9 8
32 34 2 8
32 35 9 1
32 36 4 7
32 37 10 4
32 38 4 7
32 39 8 5
32 41 9 8
32 43 4 6
32 44 7 9
32 46 6 1
32 48 3 3
32 49 2 2
32 52 5 1
32 53 5 9
32 54 4 6
32 56 6 1
32 57 1 2
32 58 8 2
32 59 3 8
32 60 8 8
32 61 1 8
32 62 5 4
32 63 1 10
32 64 6 1
32 66 7 8
32 68 1 7
32 70 4 9
32 71 7 4
32 72 8 6
32 74 7 3
32 75 10 3
32 76 7 9
32 77 3 2
32 78 2 3
32 80 8 1
32 81 2 10
32 84 6 1
32 85 6 3
32 86 8 2
32 87 6 9
32 88 10 2
32 89 10 4
32 91 5 9
32 92 9 9
32 94 7 10
32 95 10 8
32 96 8 6
32 97 5 9
32 98 8 8
32 99 2 1
32 100 5 3
33 35 3 3
33 36 5 9
33 37 8 2
33 38 3 7
33 39 3 9
33 40 1 3
33 43 2 2
33 44 5 2
33 45 2 6
33 46 4 1
33 48 10 7
33 49 1 8
33 50 8 3
33 51 6 1
33 52 10 9
33 55 5 3
33 56 5 6
33 57 6 2
33 58 2 5
33 59 9 3
33 60 10 4
33 61 9 5
33 63 7 2
33 65 1 4
33 66 3 9
33 67 6 5
33 68 5 4
33 69 1 7
33 70 9 5
33 71 3 10
33 72 4 10
33 73 5 5
33 74 2 4
33 75 7 5
33 77 8 3
33 78 2 10
33 79 9 3
33 80 2 4
33 81 10 7
33 82 8 6
33 83 3 8
33 84 4 9
33 86 3 9
33 87 10 3
33 88 3 3
33 89 1 2
33 90 10 4
33 91 7 8
33 92 7 10
33 93 9 3
33 94 6 1
33 95 2 6
33 97 2 5
33 98 7 5
33 99 10 1
34 35 2 9
34 36 10 7
34 37 10 7
34 38 6 8
34 39 3 8
34 40 6 7
34 41 2 10
34 42 7 7
34 43 8 4
34 45 9 7
34 46 3 10
34 47 2 3
34 48 4 3
34 49 10 9
34 50 3 10
34 51 8 9
34 52 2 4
34 53 1 4
34 54 8 10
34 56 1 5
34 57 10 4
34 58 7 2
34 59 7 3
34 60 2 4
34 61 1 2
34 62 1 4
34 65 8 1
34 66 7 5
34 67 5 7
34 68 10 7
34 69 3 9
34 70 5 1
34 71 8 5
34 72 5 4
34 74 5 3
34 75 4 6
34 76 7 8
34 78 4 8
34 79 3 5
34 80 4 9
34 81 10 10
34 82 1 10
34 85 10 1
34 86 9 9
34 87 1 5
34 88 7 4
34 91 2 5
34 92 6 8
34 93 6 10
34 94 6 2
34 96 9 6
34 99 8 4
34 100 5 5
35 36 7 5
35 37 9 9
35 38 10 10
35 39 2 10
35 40 10 6
35 45 10 7
35 46 3 9
35 47 9 6
35 48 3 7
35 49 2 7
35 50 9 1
35 51 10 9
35 52 3 9
35 53 8 4
35 54 3 2
35 55 2 2
35 57 10 10
35 58 10 6
35 61 9 8
35 62 7 4
35 63 8 9
35 65 3 1
35 66 4 1
35 67 2 5
35 68 4 3
35 69 8 5
35 70 5 4
35 71 8 3
35 73 5 10
35 74 9 9
35 75 4 8
35 77 3 5
35 78 10 1
35 80 1 2
35 82 10 7
35 84 1 1
35 85 3 2
35 86 7 9
35 89 5 6
35 90 7 7
35 91 3 1
35 92 2 7
35 93 5 4
35 94 9 2
35 95 5 2
35 96 2 7
35 97 9 2
35 98 8 10
35 99 6 5
35 100 4 2
36 37 2 3
36 38 1 7
36 39 5 2
36 40 1 10
36 41 3 6
36 42 8 8
36 43 10 10
36 45 8 8
36 46 5 9
36 48 3 2
36 50 5 10
36 51 8 4
36 52 5 7
36 53 9 8
36 54 2 6
36 55 2 2
36 56 7 3
36 57 5 1
36 59 6 5
36 60 9 9
36 61 4 8
36 62 4 4
36 63 6 2
36 64 6 4
36 65 9 3
36 67 2 5
36 68 7 8
36 71 9 2
36 72 2 6
36 73 8 7
36 74 5 8
36 75 10 7
36 76 3 2
36 78 2 3
36 79 5 6
36 80 7 6
36 81 10 10
36 82 7 7
36 84 1 7
36 85 2 4
36 86 3 6
36 87 3 6
36 89 9 6
36 90 9 2
36 91 9 10
36 92 9 3
36 93 2 9
36 94 10 9
36 95 9 5
36 97 9 10
36 98 6 8
36 99 7 2
36 100 3 5
37 40 7 2
37 41 3 10
37 42 9 1
37 43 10 2
37 44 2 1
37 45 3 2
37 47 10 10
37 48 2 1
37 49 5 1
37 50 2 1
37 52 9 5
37 53 6 9
37 54 7 10
37 55 3 10
37 57 3 6
37 58 7 5
37 59 1 1
37 60 3 2
37 61 8 4
37 62 2 2
37 63 6 1
37 64 4 4
37 65 2 6
37 66 8 8
37 67 10 3
37 69 2 9
37 70 1 10
37 71 1 7
37 72 4 4
37 74 10 6
37 75 7 7
37 76 3 10
37 77 7 1
37 78 5 6
37 79 3 9
37 80 8 9
37 81 3 10
37 82 6 2
37 83 1 9
37 85 6 9
37 86 3 10
37 87 9 8
37 88 6 10
37 89 3 8
37 90 1 7
37 91 4 9
37 92 4 6
37 94 1 5
37 95 8 6
37 96 8 4
37 97 9 8
37 100 10 1
38 39 10 5
38 40 3 2
38 43 9 5
38 44 5 8
38 45 7 10
38 46 7 1
38 47 10 8
38 48 1 3
38 49 3 4
38 50 10 4
38 51 6 4
38 52 8 6
38 53 7 3
38 54 1 6
38 55 4 6
38 56 8 2
38 57 8 1
38 58 5 10
38 59 2 2
38 60 4 6
38 61 3 4
38 62 1 10
38 63 7 3
38 64 6 1
38 65 2 8
38 67 4 8
38 68 2 7
38 69 2 4
38 70 1 4
38 71 5 4
38 72 5 1
38 73 5 6
38 74 4 9
38 75 7 6
38 76 10 6
38 78 3 4
38 79 2 1
38 80 3 2
38 81 9 8
38 82 9 2
38 83 3 5
38 84 2 2
38 85 10 2
38 86 9 6
38 87 10 4
38 88 4 9
38 89 9 8
38 90 1 8
38 91 10 1
38 92 7 9
38 93 5 6
38 94 3 9
38 95 10 5
38 97 4 5
38 98 1 5
38 100 5 6
39 40 6 2
39 41 9 4
39 42 3 3
39 43 3 5
39 44 7 1
39 45 7 1
39 46 6 6
39 47 7 6
39 48 6 3
39 49 2 7
39 50 5 2
39 52 6 6
39 54 2 2
39 55 8 8
39 56 3 8
39 58 5 4
39 59 5 8
39 60 5 10
39 61 7 4
39 62 2 10
39 63 10 8
39 65 9 6
39 66 8 6
39 67 10 7
39 68 10 6
39 70 9 5
39 71 2 7
39 72 6 6
39 73 3 2
39 74 9 9
39 76 7 5
39 77 8 4
39 78 10 8
39 80 4 6
39 81 8 2
39 82 5 6
39 83 1 10
39 84 6 3
39 85 8 10
39 86 5 6
39 88 10 8
39 89 5 7
39 90 5 9
39 91 3 3
39 92 1 9
39 93 1 8
39 95 10 4
39 96 10 4
39 97 8 2
39 98 9 4
39 99 8 2
39 100 2 6
40 41 5 3
40 42 5 3
40 43 7 9
40 44 2 6
40 45 5 1
40 46 6 1
40 49 5 10
40 51 5 3
40 52 6 5
40 53 4 2
40 54 3 7
40 55 3 4
40 56 8 4
40 57 6 2
40 58 2 9
40 59 4 9
40 61 2 3
40 62 7 9
40 63 3 6
40 64 8 1
40 65 3 8
40 66 5 8
40 67 3 7
40 68 7 6
40 69 2 8
40 70 5 10
40 72 10 10
40 73 4 4
40 74 4 9
40 76 1 10
40 77 8 2
40 78 9 9
40 79 3 5
40 80 6 6
40 81 1 3
40 82 4 10
40 84 2 3
40 85 7 9
40 86 8 5
40 87 4 9
40 88 4 8
40 90 10 10
40 92 4 6
40 93 4 3
40 94 1 8
40 95 10 8
40 96 1 7
40 97 7 2
40 98 3 5
40 100 4 8
41 42 1 6
41 43 8 3
41 44 10 7
41 45 2 7
41 46 4 4
41 48 3 3
41 51 4 8
41 52 4 9
41 53 5 6
41 54 2 8
41 55 6 8
41 57 3 10
41 58 10 4
41 59 2 3
41 60 6 4
41 61 9 9
41 62 5 9
41 63 8 5
41 64 4 8
41 65 9 10
41 67 1 1
41 68 2 4
41 69 4 4
41 70 3 1
41 71 5 1
41 72 9 10
41 73 1 5
41 74 7 5
41 75 6 3
41 76 5 4
41 77 6 6
41 79 7 4
41 80 8 3
41 81 3 3
41 83 2 8
41 85 5 2
41 86 5 10
41 87 3 3
41 88 9 9
41 91 1 3
41 92 9 6
41 93 2 4
41 94 6 7
41 95 2 8
41 96 5 9
41 97 1 9
41 98 5 4
41 99 6 9
41 100 2 7
42 44 3 6
42 45 6 2
42 48 4 1
42 49 9 7
42 50 8 4
42 51 2 4
42 52 8 1
42 53 9 8
42 55 4 6
42 56 10 10
42 58 2 7
42 59 5 7
42 60 3 9
42 61 8 7
42 62 10 3
42 63 6 7
42 64 2 5
42 65 9 1
42 66 8 7
42 67 8 8
42 68 8 1
42 69 4 3
42 70 8 4
42 71 2 6
42 73 10 4
42 74 3 7
42 76 10 4
42 77 5 4
42 78 2 3
42 79 6 8
42 80 9 5
42 82 9 7
42 83 9 3
42 84 6 8
42 85 8 7
42 86 3 7
42 87 6 7
42 88 10 5
42 89 1 9
42 90 8 1
42 91 6 9
42 92 7 9
42 94 6 8
42 95 8 7
42 96 8 10
42 97 2 4
42 99 1 7
42 100 3 6
43 44 6 5
43 45 9 8
43 46 5 7
43 47 9 3
43 48 3 6
43 49 8 1
43 50 1 3
43 51 10 5
43 52 6 6
43 53 3 10
43 54 8 6
43 55 8 10
43 57 6 8
43 58 10 2
43 59 1 2
43 60 9 6
43 61 2 10
43 63 5 3
43 64 8 7
43 65 7 1
43 66 10 5
43 67 9 5
43 68 5 7
43 69 2 10
43 70 1 7
43 71 1 10
43 72 4 4
43 73 9 2
43 74 5 1
43 75 6 3
43 76 5 8
43 77 10 3
43 79 9 4
43 80 1 8
43 81 2 6
43 82 8 6
43 83 9 7
43 84 5 5
43 86 4 1
43 87 10 9
43 88 9 9
43 89 9 6
43 90 2 9
43 91 9 6
43 92 8 9
43 94 10 7
43 95 4 7
43 96 5 4
43 97 8 2
43 98 4 9
43 100 6 2
44 45 5 4
44 46 3 5
44 47 6 7
44 48 1 10
44 49 5 2
44 50 4 6
44 51 3 10
44 52 9 8
44 53 4 4
44 54 1 5
44 56 6 7
44 57 8 1
44 58 1 9
44 59 10 8
44 60 3 8
44 61 5 3
44 62 3 9
44 63 7 7
44 64 8 1
44 65 9 6
44 67 4 9
44 68 1 4
44 69 1 6
44 71 3 2
44 72 4 3
44 73 5 10
44 74 7 2
44 75 7 4
44 76 5 9
44 77 8 3
44 78 8 3
44 79 5 7
44 80 9 1
44 81 3 8
44 82 9 8
44 83 1 7
44 84 8 7
44 86 10 3
44 87 1 5
44 88 2 6
44 91 2 3
44 92 8 5
44 93 1 2
44 95 7 10
44 97 10 3
44 98 10 4
44 100 4 10
45 47 9 8
45 48 10 7
45 49 3 4
45 50 10 3
45 52 7 7
45 53 5 10
45 54 2 2
45 56 3 10
45 57 5 9
45 58 3 4
45 60 5 1
45 61 8 5
45 62 5 3
45 63 5 4
45 64 8 4
45 66 10 3
45 67 1 1
45 69 6 1
45 70 5 6
45 72 6 2
45 73 6 9
45 74 4 9
45 75 3 8
45 77 6 6
45 78 8 7
45 79 3 6
45 80 7 4
45 81 2 9
45 82 10 4
45 83 8 7
45 86 10 3
45 88 9 10
45 89 3 5
45 91 8 6
45 93 5 6
45 95 2 9
45 96 1 7
45 97 5 6
45 99 4 3
45 100 8 3
46 47 2 9
46 48 3 5
46 49 9 6
46 50 3 6
46 51 5 5
46 52 6 2
46 53 9 6
46 54 5 7
46 55 1 10
46 56 7 7
46 57 8 7
46 58 2 6
46 59 10 2
46 60 8 9
46 61 3 5
46 62 6 9
46 63 7 4
46 64 7 9
46 66 6 3
46 68 10 2
46 69 10 6
46 70 5 7
46 71 9 1
46 72 6 8
46 73 7 8
46 75 4 10
46 77 9 5
46 78 1 1
46 79 10 9
46 80 3 9
46 81 10 9
46 82 4 6
46 84 7 10
46 86 7 9
46 87 6 9
46 88 10 2
46 89 10 7
46 90 9 4
46 91 9 10
46 94 9 10
46 95 2 5
46 96 9 6
46 98 10 9
46 99 5 7
46 100 1 4
47 48 1 4
47 49 3 5
47 50 3 2
47 54 2 6
47 55 5 2
47 56 3 1
47 58 1 7
47 59 9 2
47 62 8 2
47 63 9 6
47 66 9 4
47 67 6 6
47 69 7 1
47 70 4 9
47 71 5 9
47 72 4 2
47 73 3 9
47 74 3 4
47 75 4 5
47 76 3 1
47 78 10 1
47 79 2 8
47 80 1 4
47 81 9 8
47 82 2 3
47 84 8 7
47 85 2 2
47 86 6 5
47 87 10 8
47 88 10 8
47 89 10 9
47 90 6 5
47 92 8 10
47 93 8 6
47 94 7 9
47 95 3 6
47 96 9 4
47 98 5 9
47 99 2 4
47 100 7 2
48 50 6 2
48 51 1 3
48 52 9 4
48 53 3 3
48 54 1 6
48 55 8 9
48 56 9 10
48 57 10 10
48 58 2 7
48 59 8 8
48 61 3 9
48 64 8 1
48 66 5 6
48 67 5 1
48 68 6 4
48 69 4 1
48 72 2 5
48 73 7 9
48 74 4 5
48 75 6 3
48 76 3 9
48 77 4 4
48 79 9 2
48 80 4 2
48 81 4 3
48 82 6 3
48 84 3 10
48 85 10 6
48 87 1 3
48 88 5 7
48 89 1 4
48 90 1 9
48 91 3 1
48 94 1 6
48 96 8 7
48 97 5 9
48 98 5 9
49 50 4 10
49 51 4 8
49 52 2 8
49 53 3 1
49 54 9 3
49 55 7 5
49 56 8 5
49 57 5 10
49 58 8 2
49 59 3 4
49 60 8 3
49 61 9 9
49 62 1 9
49 63 1 3
49 64 8 1
49 65 4 7
49 66 8 4
49 67 10 1
49 69 5 7
49 72 9 5
49 73 9 8
49 75 10 3
49 77 1 8
49 78 10 9
49 79 7 7
49 80 8 3
49 82 9 9
49 84 8 3
49 85 7 5
49 86 5 4
49 87 6 9
49 88 8 7
49 89 1 4
49 91 10 9
49 92 9 6
49 93 1 2
49 94 3 1
49 95 2 2
49 96 6 9
49 99 5 5
50 52 5 5
50 53 10 10
50 54 4 9
50 55 10 7
50 56 7 9
50 57 7 8
50 58 2 10
50 59 5 8
50 61 6 4
50 62 2 9
50 63 3 9
50 64 5 1
50 66 6 7
50 67 8 9
50 68 5 5
50 69 6 3
50 70 9 7
50 72 8 5
50 73 9 2
50 74 8 6
50 75 7 2
50 77 1 10
50 78 8 1
50 79 2 6
50 80 8 7
50 81 9 8
50 82 3 4
50 83 1 5
50 84 5 3
50 85 8 9
50 87 2 5
50 90 8 5
50 91 4 1
50 92 10 5
50 93 10 10
50 94 10 7
50 95 10 5
50 97 5 1
50 98 10 6
50 99 2 1
50 100 2 8
51 52 8 4
51 53 3 4
51 56 2 5
51 57 10 9
51 58 1 3
51 59 2 3
51 60 1 6
51 61 10 9
51 62 1 10
51 63 1 8
51 64 6 1
51 66 6 5
51 67 3 10
51 68 10 7
51 70 9 8
51 73 6 10
51 74 1 1
51 75 7 9
51 76 8 5
51 77 9 7
51 78 6 4
51 79 8 10
51 80 7 7
51 81 9 2
51 82 10 6
51 83 9 3
51 86 4 1
51 87 5 3
51 88 8 1
51 89 9 2
51 90 4 1
51 91 5 1
51 92 4 1
51 93 4 1
51 94 10 3
51 95 7 6
51 96 3 8
51 97 5 9
51 98 8 9
51 99 4 7
51 100 1 1
52 55 1 4
52 59 3 6
52 60 2 9
52 63 2 4
52 64 8 8
52 65 4 10
52 66 9 6
52 67 7 5
52 68 3 2
52 70 7 9
52 71 2 2
52 72 1 8
52 73 3 7
52 76 1 7
52 77 3 8
52 78 4 6
52 79 1 6
52 81 3 5
52 82 3 8
52 83 1 6
52 85 6 2
52 89 3 5
52 90 3 10
52 91 3 1
52 92 2 8
52 93 5 1
52 94 1 9
52 95 7 4
52 96 4 10
52 97 9 3
52 98 5 5
52 99 8 1
52 100 7 3
53 54 4 5
53 56 1 8
53 57 8 8
53 58 7 5
53 59 9 1
53 60 9 5
53 61 4 7
53 62 6 1
53 63 4 1
53 64 8 10
53 65 8 8
53 66 4 10
53 67 2 1
53 68 2 5
53 69 2 6
53 70 9 9
53 71 5 10
53 72 7 4
53 73 7 5
53 76 5 3
53 77 5 6
53 78 4 5
53 79 10 4
53 80 2 7
53 81 1 1
53 82 6 2
53 83 3 8
53 84 5 4
53 86 4 5
53 88 6 4
53 89 4 10
53 91 5 9
53 92 7 1
53 94 6 2
53 96 7 9
53 97 3 4
53 99 8 7
53 100 7 10
54 55 5 8
54 56 9 1
54 57 1 2
54 59 3 6
54 60 7 3
54 61 2 4
54 62 1 1
54 63 9 9
54 64 8 9
54 65 6 5
54 66 4 6
54 67 1 1
54 68 5 5
54 69 9 10
54 71 2 10
54 72 5 1
54 73 4 1
54 74 5 4
54 75 9 1
54 77 1 6
54 80 9 7
54 83 7 9
54 84 8 1
54 85 8 9
54 86 10 10
54 87 2 2
54 89 1 10
54 90 10 10
54 91 10 8
54 92 9 7
54 93 8 10
54 94 5 9
54 95 4 8
54 97 8 2
54 98 1 9
54 99 9 6
54 100 10 9
55 56 10 3
55 57 5 10
55 58 8 5
55 59 10 1
55 60 3 1
55 61 9 10
55 62 1 3
55 63 2 4
55 64 1 9
55 65 8 10
55 66 3 9
55 67 5 9
55 68 6 3
55 69 8 2
55 71 6 1
55 72 7 9
55 73 4 9
55 74 9 7
55 76 3 1
55 77 4 5
55 78 10 9
55 79 8 1
55 80 5 6
55 81 4 3
55 82 5 5
55 84 3 3
55 85 7 8
55 87 4 4
55 88 9 1
55 89 2 5
55 90 5 4
55 91 5 3
55 92 9 2
55 93 9 5
55 95 5 5
55 98 3 5
55 99 3 7
55 100 6 6
56 57 8 4
56 58 6 9
56 59 7 6
56 60 4 10
56 61 4 3
56 62 1 4
56 64 7 2
56 65 10 2
56 66 3 7
56 67 8 5
56 68 8 9
56 69 1 8
56 71 10 5
56 72 10 8
56 74 2 6
56 75 9 6
56 76 6 3
56 77 1 6
56 79 5 3
56 81 4 7
56 83 2 10
56 84 10 3
56 85 3 1
56 86 5 3
56 87 2 3
56 88 3 9
56 90 1 8
56 91 2 6
56 92 10 3
56 93 4 7
56 94 3 7
56 95 5 5
56 96 2 2
56 97 6 5
56 99 3 3
56 100 8 6
57 58 1 5
57 59 5 10
57 61 9 2
57 63 4 1
57 64 1 10
57 65 9 1
57 66 3 6
57 67 2 1
57 69 2 6
57 70 4 5
57 71 8 6
57 72 3 6
57 75 3 9
57 78 7 6
57 79 8 6
57 80 7 1
57 81 4 10
57 82 9 3
57 83 2 8
57 85 5 9
57 86 3 8
57 87 7 7
57 88 7 1
57 90 5 6
57 91 9 3
57 93 1 6
57 94 1 8
57 95 7 2
57 96 6 1
57 98 8 4
57 99 8 9
57 100 6 2
58 59 2 10
58 60 5 9
58 61 6 9
58 62 5 9
58 63 7 10
58 64 6 4
58 66 9 5
58 67 1 1
58 68 6 5
58 69 8 5
58 70 4 10
58 72 4 10
58 74 10 1
58 75 8 1
58 77 3 2
58 79 10 10
58 80 6 10
58 81 9 3
58 82 10 8
58 83 3 8
58 85 8 8
58 86 5 1
58 87 9 8
58 88 5 3
58 89 6 6
58 91 6 1
58 92 1 3
58 94 5 10
58 95 10 5
58 96 2 7
58 97 8 1
58 98 3 7
58 99 10 7
58 100 9 8
59 60 3 10
59 61 6 2
59 62 2 5
59 63 1 3
59 64 3 8
59 65 5 1
59 66 5 7
59 67 2 2
59 68 2 2
59 69 2 7
59 70 9 2
59 71 10 8
59 72 7 2
59 73 2 1
59 74 6 7
59 75 5 6
59 76 4 9
59 77 1 9
59 79 7 4
59 80 4 5
59 81 3 5
59 82 10 3
59 84 3 4
59 85 4 3
59 87 4 2
59 89 6 8
59 91 3 6
59 93 5 2
59 94 9 10
59 95 3 2
59 96 10 4
59 97 9 4
59 98 3 9
59 99 4 5
60 61 6 6
60 62 10 4
60 63 4 3
60 65 2 9
60 66 8 6
60 67 5 9
60 68 2 1
60 69 2 4
60 70 3 1
60 71 9 4
60 72 2 10
60 73 5 1
60 74 7 2
60 75 7 9
60 77 4 6
60 78 3 8
60 79 5 8
60 80 8 5
60 81 6 10
60 82 3 6
60 83 5 4
60 84 3 5
60 85 3 6
60 86 1 10
60 87 8 10
60 88 1 9
60 89 6 9
60 90 10 5
60 91 7 10
60 92 4 3
60 93 4 10
60 94 9 1
60 96 7 10
60 97 4 10
60 98 8 7
60 99 10 7
60 100 10 8
61 62 3 7
61 63 3 4
61 64 10 9
61 65 8 5
61 66 7 4
61 67 9 6
61 68 2 7
61 69 7 6
61 70 6 8
61 71 6 10
61 72 6 2
61 73 9 9
61 74 9 8
61 75 8 8
61 79 3 2
61 81 2 8
61 82 4 9
61 83 7 2
61 84 5 3
61 85 9 3
61 86 1 10
61 87 10 6
61 88 10 9
61 89 2 1
61 90 3 1
61 91 4 1
61 93 7 5
61 96 5 3
61 99 7 2
61 100 2 7
62 65 4 9
62 67 7 2
62 68 2 9
62 69 9 2
62 70 6 8
62 71 5 1
62 73 7 2
62 74 10 2
62 76 5 1
62 79 5 4
62 80 3 7
62 81 4 1
62 82 3 1
62 83 6 7
62 84 1 2
62 85 4 5
62 87 10 1
62 88 6 7
62 90 10 10
62 93 9 3
62 95 8 9
62 97 9 8
62 98 6 10
62 99 1 7
63 64 10 4
63 65 1 9
63 66 4 10
63 67 5 9
63 69 3 8
63 70 6 5
63 71 3 1
63 72 3 1
63 73 1 10
63 76 10 5
63 78 4 3
63 79 1 6
63 81 10 7
63 82 6 6
63 87 4 7
63 88 3 5
63 89 10 8
63 90 7 6
63 91 3 6
63 92 1 8
63 93 8 9
63 94 7 10
63 95 8 4
63 96 8 9
63 97 7 7
63 98 2 8
63 99 9 8
64 65 3 5
64 66 10 1
64 67 10 5
64 68 4 4
64 70 1 8
64 72 1 9
64 74 3 3
64 75 5 9
64 76 2 7
64 77 6 5
64 78 2 10
64 81 7 6
64 82 9 9
64 83 4 5
64 84 9 2
64 85 7 8
64 86 10 2
64 87 6 6
64 88 3 6
64 89 2 7
64 91 5 7
64 92 10 2
64 93 8 5
64 94 9 9
64 96 10 8
64 97 6 8
64 98 2 7
64 99 2 9
64 100 7 4
65 66 5 5
65 67 2 6
65 68 2 10
65 69 8 6
65 70 1 3
65 71 2 9
65 72 2 7
65 73 5 4
65 74 5 5
65 75 9 3
65 76 9 10
65 78 10 10
65 79 4 2
65 80 5 4
65 81 8 7
65 82 6 9
65 83 4 7
65 85 7 10
65 86 7 5
65 87 7 1
65 88 10 7
65 89 1 8
65 90 2 1
65 91 3 4
65 92 2 10
65 93 8 3
65 94 3 5
65 95 5 3
65 96 10 1
65 97 9 6
65 98 9 7
65 99 4 1
65 100 4 6
66 67 1 6
66 68 3 7
66 69 5 8
66 70 7 6
66 71 4 2
66 75 9 9
66 76 2 1
66 77 9 4
66 78 2 10
66 80 3 3
66 82 2 5
66 83 8 8
66 85 2 2
66 86 10 5
66 87 6 6
66 88 6 9
66 89 4 2
66 90 6 9
66 91 5 8
66 92 1 2
66 93 7 4
66 95 10 7
66 96 10 2
66 97 4 1
66 98 2 4
66 99 2 4
66 100 5 9
67 68 2 8
67 69 4 3
67 70 2 5
67 71 4 10
67 72 2 7
67 73 2 10
67 74 6 5
67 75 2 3
67 76 4 2
67 77 10 10
67 78 6 6
67 79 5 4
67 80 7 3
67 81 4 2
67 82 6 8
67 83 6 9
67 85 10 3
67 86 8 8
67 89 2 2
67 90 2 6
67 92 4 2
67 95 8 4
67 97 10 4
67 98 5 6
67 99 1 8
67 100 2 2
68 70 5 10
68 71 7 7
68 72 10 1
68 73 3 4
68 74 5 7
68 76 5 8
68 77 8 4
68 78 7 7
68 79 8 8
68 80 10 8
68 81 2 7
68 82 7 5
68 83 5 5
68 85 9 10
68 87 10 1
68 88 7 6
68 90 3 2
68 92 8 1
68 93 9 7
68 94 3 2
68 96 8 6
68 97 2 8
68 98 8 7
68 99 4 9
69 70 7 8
69 71 3 8
69 72 9 2
69 75 7 10
69 76 3 9
69 77 2 8
69 78 7 8
69 80 9 5
69 81 3 4
69 82 10 1
69 83 10 4
69 85 1 3
69 87 5 8
69 90 2 1
69 91 10 3
69 92 4 6
69 94 3 6
69 95 7 2
69 96 2 7
69 97 6 6
69 98 9 10
69 99 7 9
69 100 9 6
70 72 9 6
70 73 6 10
70 74 4 9
70 75 3 7
70 76 4 5
70 77 10 10
70 78 9 2
70 79 5 4
70 80 5 5
70 81 5 9
70 83 10 8
70 84 3 8
70 85 10 2
70 88 10 8
70 89 9 5
70 90 6 1
70 91 8 7
70 93 7 8
70 94 4 7
70 95 7 3
70 96 6 5
70 97 1 4
70 98 9 10
70 100 10 4
71 72 9 4
71 73 5 4
71 74 5 4
71 75 3 4
71 76 10 9
71 77 8 9
71 78 1 1
71 79 8 7
71 81 9 5
71 82 1 9
71 83 2 2
71 84 4 10
71 86 10 3
71 87 10 3
71 89 4 2
71 91 2 3
71 92 6 7
71 93 5 3
71 94 6 6
71 95 6 2
71 96 4 2
71 97 9 4
71 98 6 5
71 99 8 4
71 100 9 6
72 73 2 6
72 74 2 4
72 75 7 9
72 76 10 5
72 78 7 7
72 79 1 8
72 80 3 10
72 81 7 9
72 82 6 10
72 83 7 5
72 85 7 10
72 86 9 7
72 87 10 9
72 88 7 6
72 90 4 2
72 91 6 9
72 92 4 4
72 93 5 3
72 94 3 3
72 95 8 1
72 97 5 2
72 98 8 8
72 100 9 2
73 74 4 5
73 75 7 5
73 77 7 6
73 79 3 5
73 80 8 4
73 81 8 10
73 82 7 2
73 83 6 6
73 84 9 10
73 85 7 8
73 87 10 8
73 88 4 10
73 89 9 8
73 90 1 10
73 91 9 4
73 93 7 4
73 94 4 5
73 95 3 3
73 96 5 6
73 97 9 8
73 100 2 6
74 75 2 3
74 76 2 4
74 77 2 2
74 78 2 5
74 79 8 1
74 80 8 3
74 82 1 1
74 83 7 1
74 84 5 6
74 85 2 7
74 86 2 5
74 87 9 9
74 88 4 6
74 89 9 2
74 90 10 10
74 91 1 10
74 92 9 9
74 93 4 7
74 94 6 6
74 95 1 4
74 96 7 2
74 98 10 4
74 99 3 2
74 100 2 10
75 76 2 3
75 77 8 10
75 78 4 5
75 79 7 7
75 80 5 8
75 81 9 2
75 83 4 10
75 84 10 8
75 85 6 2
75 87 7 5
75 88 9 8
75 89 2 6
75 90 7 10
75 91 6 7
75 94 6 10
75 95 4 7
75 96 2 7
75 97 7 2
75 98 10 7
75 99 3 10
75 100 3 10
76 77 2 7
76 78 4 4
76 79 8 9
76 80 5 7
76 81 4 9
76 82 2 6
76 83 2 1
76 85 9 7
76 86 6 5
76 87 8 8
76 88 5 5
76 89 3 3
76 90 7 2
76 92 2 3
76 93 1 6
76 94 4 10
76 95 5 4
76 96 4 6
76 97 7 2
76 98 6 2
76 99 7 5
76 100 1 7
77 78 1 9
77 79 10 2
77 80 1 8
77 81 8 3
77 82 9 9
77 83 10 3
77 84 7 8
77 85 6 10
77 86 6 3
77 88 8 1
77 90 1 2
77 91 4 1
77 92 8 8
77 93 2 4
77 94 5 3
77 95 4 10
77 96 9 5
77 97 3 7
77 98 7 10
77 99 6 2
77 100 7 5
78 79 5 5
78 80 3 10
78 81 6 6
78 82 5 3
78 84 4 6
78 86 8 2
78 87 4 10
78 88 7 7
78 89 5 10
78 90 9 8
78 91 10 6
78 92 7 5
78 94 9 6
78 95 8 6
78 96 9 8
78 97 1 7
78 100 2 2
79 80 8 3
79 81 2 5
79 82 6 4
79 84 5 5
79 86 1 8
79 87 8 8
79 88 9 3
79 89 8 2
79 90 9 2
79 92 3 5
79 94 4 3
79 95 9 10
79 98 9 3
80 81 9 10
80 82 3 2
80 83 3 5
80 84 5 5
80 85 7 6
80 86 5 7
80 87 6 5
80 88 6 3
80 89 9 8
80 90 1 4
80 91 10 10
80 92 9 3
80 93 1 8
80 94 2 3
80 95 10 6
80 96 8 7
80 97 8 6
80 98 4 3
81 82 4 3
81 87 3 2
81 88 8 5
81 89 6 6
81 90 7 8
81 92 10 1
81 93 9 8
81 94 8 8
81 95 8 8
81 96 10 3
81 98 10 10
81 99 5 5
82 83 1 1
82 84 1 7
82 85 6 6
82 86 4 7
82 87 1 4
82 88 1 8
82 89 7 3
82 90 5 3
82 91 9 2
82 92 6 9
82 93 3 7
82 94 1 8
82 96 7 1
82 97 7 1
82 98 10 3
82 99 6 8
82 100 3 5
83 84 10 3
83 86 4 2
83 87 5 6
83 88 6 5
83 89 10 10
83 90 4 2
83 91 9 9
83 92 9 1
83 93 2 2
83 94 7 6
83 95 9 10
83 96 9 7
83 97 3 4
83 98 10 7
83 99 8 6
83 100 7 10
84 85 8 1
84 86 6 1
84 87 2 4
84 88 9 7
84 89 3 4
84 90 9 7
84 91 1 2
84 92 1 7
84 94 3 2
84 96 9 1
84 97 2 2
84 98 2 9
84 99 6 3
84 100 3 2
85 86 4 2
85 87 4 2
85 91 5 9
85 92 4 4
85 93 3 6
85 94 3 8
85 95 5 1
85 96 8 8
85 97 6 9
85 98 3 2
85 99 4 3
86 87 4 6
86 88 1 7
86 89 9 9
86 90 10 3
86 92 9 8
86 93 4 7
86 94 7 10
86 95 6 2
86 96 7 9
86 97 3 8
86 99 1 7
87 88 9 10
87 89 2 7
87 90 5 6
87 93 9 10
87 96 8 7
87 98 9 5
87 99 10 8
87 100 9 1
88 89 6 7
88 90 3 4
88 91 9 2
88 92 6 4
88 94 9 4
88 95 1 1
88 96 4 6
88 97 2 1
88 98 9 1
88 100 10 4
89 91 8 4
89 92 2 10
89 93 8 4
89 94 3 2
89 95 3 3
89 96 3 2
89 97 3 9
89 98 3 3
89 99 4 9
89 100 2 1
90 91 7 1
90 92 2 4
90 94 3 2
90 95 9 3
90 96 10 10
90 97 6 7
90 98 4 4
90 99 10 7
90 100 10 8
91 92 4 6
91 94 3 9
91 96 3 4
91 97 4 4
91 98 1 3
91 99 5 3
92 93 8 4
92 95 8 7
92 96 7 4
92 97 7 8
92 98 4 7
92 99 10 7
93 94 1 8
93 95 1 6
93 96 5 5
93 97 3 8
93 98 6 3
93 100 9 4
94 96 3 10
94 97 10 7
94 100 9 10
95 96 3 7
95 97 10 7
95 98 10 3
96 97 7 8
96 98 2 2
96 99 7 5
96 100 2 1
97 98 6 1
97 99 8 2
97 100 2 7
98 99 6 9
98 100 2 2
99 100 4 3
1
1 2 3 4 5 6 7 8 9 10 11 12 13 14 15 16 17 18 19 20 21 22 23 24 25 26 27 28 29 30 31 32 33 34 35 36 37 38 39 40 41 42 43 44 45 46 47 48 49 50
