3962
1 2 5 1
1 3 6 3
1 4 1 9
1 5 7 6
1 6 6 5
1 8 10 9
1 9 3 3
1 10 7 8
1 11 2 8
1 12 10 3
1 14 6 10
1 15 8 5
1 16 7 9
1 17 6 7
1 18 9 5
1 19 3 3
1 20 6 1
1 21 1 5
1 22 8 7
1 24 2 8
1 25 2 8
1 26 10 4
1 28 1 10
1 30 7 5
1 31 4 2
1 32 4 6
1 33 8 3
1 34 6 10
1 35 4 7
1 37 5 6
1 38 2 5
1 39 4 4
1 40 2 5
1 41 2 4
1 43 5 5
1 44 7 1
1 45 3 10
1 47 1 7
1 48 1 5
1 49 4 5
1 50 3 8
1 51 7 2
1 52 10 3
1 53 1 7
1 54 6 3
1 55 8 4
1 57 8 8
1 58 8 7
1 60 1 10
1 61 9 10
1 62 2 7
1 63 5 9
1 65 3 9
1 66 4 5
1 67 9 2
1 68 9 10
1 69 3 10
1 70 3 3
1 71 7 3
1 72 3 6
1 73 2 9
1 75 8 7
1 77 5 5
1 78 4 1
1 79 10 7
1 80 4 4
1 81 3 8
1 82 10 9
1 83 7 9
1 84 3 5
1 86 9 5
1 87 6 1
1 88 8 7
1 90 7 3
1 92 4 7
1 93 5 9
1 94 7 10
1 95 6 4
1 96 7 4
1 97 4 5
1 98 2 2
1 99 1 9
1 100 10 4
2 3 1 5
2 4 8 8
2 5 9 7
2 7 6 9
2 8 2 9
2 9 8 4
2 10 6 1
2 13 10 9
2 14 5 1
2 16 5 5
2 17 8 7
2 18 1 8
2 19 5 4
2 21 1 5
2 22 2 7
2 23 1 5
2 24 7 8
2 26 8 1
2 27 3 1
2 28 8 8
2 29 3 3
2 30 2 4
2 31 3 3
2 32 2 2
2 33 6 6
2 34 1 5
2 35 5 1
2 36 6 2
2 37 2 4
2 38 9 9
2 39 9 6
2 40 8 8
2 41 7 10
2 42 5 6
2 43 1 9
2 44 7 6
2 45 4 7
2 46 8 8
2 47 7 1
2 48 9 4
2 49 7 1
2 50 5 6
2 51 8 8
2 52 3 3
2 53 8 1
2 54 10 7
2 55 3 9
2 56 5 5
2 57 6 5
2 58 5 7
2 59 2 10
2 60 9 1
2 61 3 7
2 62 9 6
2 63 1 4
2 64 3 5
2 65 1 3
2 67 10 5
2 69 2 4
2 70 5 2
2 71 3 5
2 72 7 2
2 73 5 4
2 75 5 6
2 77 8 5
2 78 5 9
2 79 4 9
2 80 7 5
2 81 6 5
2 83 5 9
2 84 1 10
2 85 8 9
2 86 6 9
2 87 9 3
2 91 6 5
2 92 3 1
2 93 7 3
2 94 10 3
2 95 7 8
2 97 10 10
2 98 3 6
2 99 4 1
3 4 10 9
3 6 9 7
3 10 1 3
3 11 4 9
3 12 3 4
3 13 1 9
3 15 1 9
3 20 5 3
3 21 6 4
3 22 9 10
3 23 7 6
3 24 9 7
3 26 3 3
3 27 6 5
3 28 2 6
3 29 8 2
3 30 6 5
3 31 6 3
3 32 6 8
3 33 1 9
3 34 5 4
3 35 7 2
3 37 6 2
3 38 10 4
3 39 6 5
3 40 9 1
3 41 9 10
3 42 9 1
3 43 5 2
3 44 5 2
3 45 2 8
3 46 6 9
3 47 1 3
3 48 10 7
3 49 7 3
3 51 4 7
3 56 2 3
3 57 2 4
3 58 7 4
3 59 10 7
3 60 3 9
3 64 3 1
3 65 6 2
3 66 2 4
3 67 9 2
3 68 7 3
3 69 2 9
3 70 8 3
3 72 3 10
3 73 8 2
3 75 8 4
3 76 4 4
3 77 5 10
3 78 2 9
3 79 7 5
3 80 3 10
3 81 10 6
3 82 6 7
3 83 2 1
3 84 3 9
3 85 1 6
3 86 1 5
3 87 5 1
3 88 1 7
3 90 10 1
3 91 8 6
3 92 9 9
3 94 10 1
3 100 5 5
4 6 9 9
4 7 9 9
4 8 3 7
4 9 10 10
4 10 5 4
4 11 7 2
4 13 4 7
4 14 1 8
4 15 2 8
4 16 7 8
4 17 9 2
4 18 7 5
4 19 1 10
4 21 10 9
4 23 5 7
4 24 3 6
4 25 6 2
4 26 8 8
4 27 8 5
4 28 2 5
4 29 6 6
4 31 9 2
4 32 7 3
4 33 6 1
4 34 3 3
4 36 3 7
4 37 1 6
4 38 2 10
4 39 8 9
4 40 5 4
4 43 6 9
4 44 7 1
4 46 7 1
4 48 1 9
4 49 2 3
4 50 4 2
4 51 10 1
4 52 9 4
4 54 3 9
4 55 5 2
4 56 6 4
4 57 3 3
4 58 1 5
4 59 5 8
4 60 4 8
4 62 7 1
4 63 6 10
4 65 7 6
4 67 3 5
4 68 4 9
4 69 1 1
4 72 4 4
4 73 3 5
4 74 3 3
4 75 7 6
4 76 9 4
4 77 2 6
4 78 10 4
4 80 2 5
4 81 4 10
4 82 2 8
4 83 8 1
4 84 7 2
4 85 8 7
4 86 3 1
4 88 2 8
4 89 5 6
4 91 3 1
4 92 9 5
4 93 6 8
4 94 7 2
4 95 7 4
4 96 7 10
4 97 4 4
4 98 2 8
4 100 2 2
5 6 8 9
5 9 8 8
5 11 10 7
5 12 4 4
5 13 5 7
5 14 7 2
5 16 8 5
5 17 8 10
5 19 9 7
5 20 5 5
5 21 4 6
5 22 7 3
5 23 7 6
5 24 4 4
5 25 8 6
5 26 1 6
5 27 4 1
5 28 5 4
5 29 4 2
5 31 3 8
5 34 9 10
5 35 2 7
5 36 1 4
5 37 7 3
5 38 5 8
5 39 3 6
5 40 7 9
5 41 7 7
5 43 3 5
5 44 6 9
5 45 6 1
5 47 10 3
5 49 3 4
5 50 10 7
5 51 2 7
5 52 3 8
5 53 4 9
5 54 6 9
5 57 7 9
5 58 9 3
5 59 7 3
5 60 1 5
5 61 3 9
5 62 5 9
5 63 8 10
5 64 3 7
5 65 10 7
5 66 10 3
5 67 10 7
5 69 3 10
5 72 8 3
5 73 5 4
5 74 6 2
5 77 8 4
5 79 9 9
5 80 6 5
5 81 2 6
5 82 4 8
5 83 1 4
5 84 8 1
5 85 1 8
5 86 4 3
5 87 9 7
5 88 1 1
5 89 3 10
5 90 2 4
5 91 5 5
5 92 9 1
5 93 9 5
5 95 5 7
5 96 1 4
5 98 10 5
5 99 8 1
5 100 5 7
6 7 8 5
6 8 1 7
6 9 5 1
6 10 2 2
6 11 5 4
6 12 6 7
6 13 7 1
6 14 8 2
6 15 6 2
6 16 7 8
6 17 5 9
6 18 1 10
6 19 9 9
6 20 9 7
6 21 1 7
6 22 7 7
6 23 1 3
6 24 4 6
6 26 7 8
6 27 5 5
6 28 10 6
6 29 9 7
6 30 3 7
6 31 1 8
6 34 4 4
6 36 9 10
6 37 4 9
6 38 3 2
6 39 1 6
6 40 6 8
6 41 6 4
6 42 8 7
6 43 6 7
6 45 3 5
6 46 6 1
6 47 6 8
6 48 3 5
6 49 9 8
6 50 2 4
6 51 7 10
6 52 3 7
6 53 9 2
6 54 7 10
6 56 3 3
6 57 6 9
6 58 8 7
6 59 4 10
6 60 1 5
6 61 7 4
6 62 1 8
6 63 1 5
6 64 5 7
6 65 10 9
6 66 2 9
6 67 9 4
6 69 6 3
6 70 5 1
6 71 3 7
6 73 5 6
6 74 1 9
6 75 2 3
6 76 6 2
6 77 8 2
6 78 9 9
6 79 1 4
6 80 4 3
6 81 4 6
6 82 1 7
6 83 8 3
6 84 1 3
6 85 1 9
6 87 10 7
6 88 8 6
6 89 10 6
6 90 7 8
6 94 10 7
6 95 8 2
6 96 3 5
6 98 2 9
6 99 6 8
6 100 1 2
7 8 2 5
7 9 6 5
7 10 5 10
7 11 5 8
7 12 1 10
7 15 4 9
7 16 1 1
7 18 2 2
7 19 5 2
7 20 3 10
7 21 3 3
7 22 7 1
7 24 10 8
7 27 5 3
7 28 6 6
7 29 7 10
7 30 8 10
7 32 10 1
7 33 8 8
7 34 1 9
7 35 2 4
7 36 8 8
7 37 2 2
7 38 8 5
7 39 1 6
7 40 10 6
7 41 4 6
7 42 5 8
7 43 10 6
7 44 7 9
7 46 8 7
7 47 8 7
7 48 7 7
7 49 6 6
7 50 1 5
7 51 10 8
7 52 8 10
7 53 4 3
7 54 1 10
7 55 1 3
7 56 6 8
7 57 5 9
7 60 1 4
7 62 8 7
7 63 8 8
7 64 2 9
7 65 1 9
7 66 7 9
7 67 8 8
7 68 5 5
7 69 3 6
7 70 9 2
7 71 10 3
7 72 2 8
7 73 9 9
7 74 7 3
7 76 3 3
7 77 10 4
7 78 7 6
7 80 4 5
7 81 7 1
7 82 3 4
7 85 4 5
7 86 6 10
7 87 2 3
7 88 9 10
7 90 6 1
7 92 5 5
7 93 2 5
7 94 7 10
7 95 2 2
7 96 5 2
7 97 3 10
7 98 3 2
7 99 3 9
7 100 4 5
8 9 10 5
8 10 1 1
8 11 9 3
8 12 3 6
8 13 7 7
8 16 5 1
8 18 2 10
8 19 2 4
8 20 6 3
8 21 5 5
8 22 8 8
8 25 7 6
8 26 9 10
8 28 5 6
8 29 7 4
8 30 2 4
8 31 8 1
8 32 10 10
8 33 10 7
8 34 8 4
8 35 6 3
8 37 6 3
8 38 4 9
8 39 2 8
8 40 7 6
8 41 7 2
8 42 6 9
8 43 1 6
8 44 6 6
8 45 7 9
8 46 4 2
8 47 3 6
8 48 5 2
8 50 6 4
8 51 10 2
8 52 5 1
8 53 8 4
8 54 1 8
8 55 1 3
8 56 4 10
8 57 7 5
8 58 1 4
8 59 6 10
8 60 10 2
8 61 3 1
8 62 4 7
8 63 9 1
8 67 2 9
8 68 9 2
8 70 6 7
8 71 2 8
8 73 10 5
8 74 8 8
8 75 9 4
8 76 5 10
8 78 5 8
8 79 3 2
8 80 3 3
8 81 5 4
8 82 8 5
8 83 10 10
8 84 10 4
8 85 6 10
8 86 6 6
8 87 2 10
8 89 10 1
8 90 7 3
8 91 2 10
8 92 3 5
8 93 4 10
8 94 5 10
8 95 5 8
8 96 7 4
8 97 8 10
8 98 1 10
8 99 3 10
8 100 9 2
9 10 3 1
9 11 4 10
9 12 3 9
9 13 10 1
9 14 7 9
9 15 9 4
9 16 4 5
9 17 4 6
9 18 7 1
9 19 2 8
9 20 10 1
9 21 6 6
9 23 5 8
9 24 8 4
9 25 6 2
9 26 7 7
9 27 10 7
9 29 10 2
9 31 6 9
9 33 8 8
9 35 6 5
9 36 2 4
9 37 2 7
9 38 7 7
9 39 1 9
9 40 9 2
9 41 6 10
9 42 3 2
9 43 5 7
9 44 6 7
9 45 5 6
9 46 6 2
9 47 3 7
9 48 9 4
9 49 9 1
9 50 7 8
9 51 9 5
9 52 1 4
9 53 2 5
9 54 8 2
9 55 7 3
9 56 4 4
9 57 6 6
9 58 9 2
9 59 5 5
9 60 1 6
9 62 6 6
9 63 4 5
9 64 4 7
9 65 1 9
9 66 4 5
9 67 6 10
9 68 10 10
9 69 6 5
9 70 7 9
9 71 6 6
9 72 9 7
9 73 7 8
9 74 10 9
9 75 10 3
9 76 1 4
9 77 8 7
9 78 9 8
9 79 7 2
9 81 5 7
9 82 5 5
9 83 7 8
9 85 10 4
9 86 10 1
9 87 5 10
9 89 1 2
9 90 4 10
9 91 4 4
9 93 9 4
9 94 9 3
9 95 5 9
9 96 3 2
9 97 8 1
9 98 1 6
9 99 10 1
9 100 9 9
10 11 1 2
10 12 1 9
10 13 9 7
10 14 8 1
10 15 1 10
10 17 3 4
10 18 8 4
10 19 8 4
10 20 4 5
10 21 8 4
10 22 9 9
10 23 7 10
10 24 3 4
10 25 3 3
10 27 9 3
10 28 2 1
10 31 2 3
10 32 9 2
10 33 9 8
10 34 6 3
10 35 5 10
10 36 1 6
10 37 5 2
10 38 7 7
10 39 1 6
10 40 7 1
10 42 10 8
10 43 2 9
10 44 9 4
10 45 10 5
10 46 9 1
10 47 2 4
10 49 1 1
10 51 9 1
10 52 10 9
10 53 7 8
10 54 2 9
10 55 2 8
10 56 7 10
10 57 6 3
10 58 5 4
10 59 4 3
10 60 5 8
10 61 9 4
10 62 9 5
10 63 5 7
10 65 9 10
10 66 5 10
10 68 2 7
10 69 8 6
10 70 2 1
10 71 10 5
10 72 8 10
10 74 8 8
10 75 10 6
10 76 2 9
10 77 4 9
10 78 7 10
10 79 1 4
10 80 10 10
10 81 2 3
10 82 2 5
10 84 8 2
10 85 3 10
10 86 7 9
10 87 8 2
10 89 9 4
10 90 6 5
10 91 9 7
10 92 10 9
10 93 2 6
10 94 2 5
10 97 4 9
10 98 1 3
10 99 5 2
10 100 4 8
11 12 8 10
11 13 10 7
11 14 3 1
11 15 10 4
11 16 8 10
11 17 3 2
11 18 2 7
11 19 3 4
11 20 2 7
11 21 5 8
11 22 5 1
11 24 3 8
11 25 2 3
11 26 6 3
11 28 4 5
11 29 10 1
11 31 7 8
11 32 5 10
11 33 7 8
11 34 8 6
11 35 2 5
11 36 2 4
11 38 5 10
11 39 8 5
11 41 2 3
11 42 7 7
11 43 5 5
11 44 8 1
11 45 4 3
11 46 9 6
11 47 4 5
11 48 6 8
11 49 2 10
11 50 2 3
11 51 2 2
11 53 2 5
11 56 5 7
11 57 5 10
11 58 6 6
11 59 9 7
11 60 2 9
11 61 3 8
11 62 5 1
11 63 8 9
11 65 5 1
11 66 8 7
11 67 5 9
11 68 1 5
11 69 4 6
11 70 5 10
11 71 5 6
11 72 1 7
11 73 2 4
11 74 1 2
11 76 2 6
11 77 6 3
11 78 3 9
11 79 4 6
11 82 7 10
11 83 8 4
11 84 9 4
11 85 9 10
11 88 6 3
11 89 10 10
11 90 6 8
11 93 5 5
11 94 10 8
11 95 1 8
11 96 9 5
11 97 9 4
11 98 8 1
11 100 6 1
12 13 6 1
12 14 2 7
12 16 9 1
12 17 5 6
12 18 4 8
12 19 4 7
12 20 10 9
12 21 9 10
12 22 2 2
12 23 10 4
12 25 1 9
12 26 4 1
12 27 2 6
12 28 10 4
12 29 2 2
12 31 10 9
12 32 7 5
12 33 7 6
12 34 7 8
12 36 8 4
12 37 4 1
12 38 5 9
12 40 4 1
12 41 6 10
12 42 2 8
12 43 2 6
12 45 2 2
12 46 9 6
12 47 9 9
12 48 8 5
12 50 8 5
12 51 8 3
12 52 1 5
12 53 8 6
12 55 1 6
12 58 5 7
12 59 6 3
12 60 1 8
12 61 5 5
12 63 9 5
12 64 3 3
12 66 3 4
12 67 5 10
12 68 10 7
12 69 7 6
12 70 1 2
12 71 10 6
12 72 7 2
12 73 4 3
12 75 2 2
12 76 3 3
12 77 2 6
12 79 1 4
12 80 3 7
12 81 1 1
12 82 5 2
12 83 2 3
12 84 10 1
12 85 5 10
12 86 2 2
12 87 2 3
12 88 5 8
12 89 4 2
12 92 10 5
12 93 2 2
12 94 10 6
12 95 6 10
12 96 7 8
12 97 3 2
12 98 5 5
12 99 10 7
12 100 10 2
13 15 5 6
13 16 3 6
13 18 1 4
13 19 1 4
13 20 4 1
13 22 1 7
13 23 10 9
13 26 3 2
13 28 1 8
13 29 5 3
13 30 10 1
13 31 10 1
13 32 4 10
13 33 9 5
13 34 10 7
13 35 5 3
13 36 5 10
13 37 2 9
13 38 5 5
13 39 4 6
13 40 6 6
13 41 2 2
13 43 8 1
13 45 8 9
13 46 8 8
13 47 8 7
13 48 10 8
13 50 6 1
13 52 3 5
13 53 9 1
13 54 10 6
13 55 4 10
13 57 9 4
13 60 4 3
13 63 1 10
13 64 4 7
13 65 2 7
13 67 10 8
13 68 6 7
13 69 9 9
13 70 2 10
13 71 9 3
13 72 9 5
13 73 1 1
13 74 10 8
13 75 4 1
13 76 6 7
13 79 3 6
13 80 8 3
13 81 9 4
13 82 1 2
13 83 6 9
13 84 5 3
13 85 9 9
13 86 7 10
13 87 7 8
13 89 1 8
13 91 3 2
13 92 6 2
13 93 6 5
13 95 4 2
13 96 6 3
13 97 9 8
13 98 5 10
13 99 3 9
13 100 1 1
14 15 9 4
14 16 6 5
14 17 9 2
14 18 3 5
14 19 9 6
14 20 4 2
14 21 10 3
14 23 3 3
14 24 3 4
14 25 2 9
14 26 7 7
14 27 7 5
14 28 2 1
14 29 2 3
14 30 3 4
14 31 7 4
14 32 8 1
14 33 4 9
14 34 6 2
14 35 1 9
14 37 5 1
14 38 8 3
14 39 4 1
14 41 5 5
14 42 2 10
14 44 9 5
14 46 5 9
14 47 2 6
14 48 7 6
14 49 6 7
14 50 3 5
14 52 5 1
14 55 1 1
14 57 9 3
14 59 3 7
14 60 8 8
14 61 7 10
14 62 8 6
14 63 8 10
14 64 2 9
14 65 4 8
14 66 9 4
14 68 3 4
14 69 4 4
14 70 7 9
14 72 7 9
14 74 10 8
14 75 8 3
14 76 7 1
14 77 9 1
14 79 6 4
14 81 6 10
14 83 4 3
14 84 7 10
14 86 3 4
14 87 5 9
14 90 1 1
14 91 6 3
14 92 5 9
14 93 10 5
14 94 10 2
14 95 7 10
14 97 1 8
14 98 7 2
14 99 4 7
14 100 5 5
15 16 9 3
15 17 6 6
15 18 3 1
15 19 2 2
15 20 4 6
15 21 2 5
15 22 6 6
15 23 8 10
15 24 1 6
15 25 7 10
15 26 3 6
15 27 3 1
15 28 7 6
15 29 5 9
15 30 4 1
15 33 6 9
15 34 5 9
15 35 9 4
15 37 1 9
15 38 9 1
15 39 5 2
15 40 2 4
15 41 4 7
15 42 2 4
15 43 9 10
15 44 8 1
15 45 7 2
15 46 4 2
15 47 9 10
15 49 10 6
15 50 10 2
15 52 9 2
15 53 1 7
15 54 3 10
15 55 3 2
15 56 4 7
15 57 7 6
15 59 8 10
15 60 7 7
15 61 1 9
15 62 1 9
15 63 1 1
15 64 4 10
15 65 8 1
15 67 2 1
15 69 8 5
15 70 4 6
15 71 9 6
15 72 3 7
15 74 4 1
15 75 7 8
15 76 7 8
15 77 7 4
15 80 8 9
15 81 8 8
15 82 5 2
15 83 5 2
15 84 7 5
15 87 2 7
15 88 6 10
15 89 10 8
15 90 3 7
15 91 6 10
15 92 3 1
15 94 3 2
15 95 7 8
15 96 10 10
15 97 8 9
15 98 2 5
15 99 4 5
15 100 1 3
16 17 7 1
16 19 8 8
16 20 8 1
16 23 9 9
16 24 5 2
16 25 1 3
16 26 7 1
16 27 3 2
16 28 4 10
16 29 1 3
16 30 6 7
16 31 1 10
16 33 8 5
16 35 5 5
16 36 4 6
16 37 4 2
16 39 7 10
16 40 6 4
16 41 7 2
16 42 2 6
16 44 9 7
16 45 4 10
16 47 9 6
16 48 6 4
16 49 1 4
16 50 4 10
16 51 4 5
16 52 10 2
16 53 5 8
16 54 4 1
16 55 6 2
16 56 9 8
16 57 4 8
16 58 7 8
16 60 7 9
16 63 9 3
16 64 2 10
16 66 2 9
16 67 10 2
16 68 6 10
16 69 8 6
16 70 5 7
16 71 8 4
16 73 3 6
16 74 10 7
16 75 8 4
16 76 8 3
16 77 10 1
16 78 7 5
16 79 3 6
16 82 6 10
16 83 6 5
16 84 1 2
16 85 6 9
16 87 9 3
16 88 2 9
16 89 4 2
16 90 2 8
16 91 2 8
16 92 4 3
16 93 9 6
16 96 2 10
16 97 4 4
16 99 1 7
17 20 9 3
17 23 9 7
17 24 9 8
17 26 3 9
17 27 4 2
17 28 1 5
17 29 9 8
17 31 1 6
17 32 6 4
17 34 1 7
17 35 4 5
17 36 9 3
17 37 3 9
17 38 10 2
17 39 4 3
17 40 3 10
17 41 6 3
17 42 2 8
17 43 8 8
17 44 4 3
17 45 10 2
17 46 4 7
17 47 8 9
17 48 3 3
17 49 5 8
17 51 7 8
17 52 6 5
17 53 1 7
17 54 2 1
17 55 1 9
17 56 6 2
17 57 4 3
17 58 3 5
17 61 7 8
17 64 8 2
17 65 7 10
17 67 3 3
17 68 7 1
17 69 5 9
17 70 7 5
17 71 7 4
17 72 8 9
17 74 6 8
17 75 7 9
17 76 5 8
17 77 6 4
17 79 5 5
17 80 6 8
17 81 7 4
17 83 5 10
17 86 6 5
17 87 6 2
17 88 5 10
17 89 10 4
17 90 1 8
17 92 1 2
17 93 5 3
17 94 10 6
17 95 2 2
17 96 7 9
17 97 1 3
17 99 3 3
18 19 1 2
18 20 7 2
18 21 5 7
18 23 9 2
18 24 2 8
18 25 8 2
18 26 10 8
18 27 3 6
18 28 8 7
18 29 6 2
18 31 10 9
18 33 8 3
18 34 8 9
18 36 4 10
18 37 3 2
18 38 3 8
18 39 3 4
18 40 6 5
18 41 7 6
18 42 8 9
18 43 4 8
18 44 6 10
18 45 5 8
18 46 3 10
18 47 6 3
18 48 6 1
18 49 7 8
18 50 4 6
18 52 9 6
18 53 10 7
18 54 8 3
18 55 9 6
18 56 5 8
18 57 10 1
18 58 6 4
18 60 8 9
18 61 6 1
18 62 9 5
18 63 5 10
18 65 6 3
18 68 8 1
18 69 5 3
18 70 8 4
18 72 3 10
18 73 4 6
18 75 5 9
18 76 3 5
18 77 7 1
18 78 5 4
18 80 2 3
18 81 4 9
18 83 2 5
18 84 3 8
18 85 5 4
18 86 1 4
18 89 10 4
18 93 1 4
18 94 10 2
18 95 4 7
18 96 8 4
18 97 5 7
18 98 10 1
18 99 3 1
19 20 1 1
19 21 4 1
19 22 10 9
19 23 7 9
19 24 8 2
19 25 5 5
19 27 4 6
19 31 4 9
19 32 9 9
19 33 8 10
19 34 3 6
19 35 1 2
19 36 1 10
19 37 10 8
19 38 3 10
19 39 9 10
19 40 6 10
19 41 2 5
19 42 9 9
19 43 10 5
19 45 7 7
19 48 8 9
19 49 1 2
19 50 4 6
19 52 6 8
19 53 7 8
19 54 4 1
19 56 6 3
19 57 2 3
19 59 6 10
19 60 8 3
19 61 1 1
19 63 6 3
19 64 1 4
19 65 4 6
19 66 8 4
19 68 4 8
19 69 2 4
19 70 6 4
19 71 5 8
19 72 8 5
19 73 9 9
19 74 5 1
19 76 7 7
19 77 3 2
19 78 6 6
19 79 4 6
19 80 6 1
19 81 9 6
19 83 6 8
19 84 7 2
19 85 5 6
19 87 3 5
19 88 4 2
19 89 2 7
19 90 4 9
19 91 4 7
19 92 8 5
19 93 5 5
19 94 1 2
19 95 6 7
19 96 3 5
19 97 4 6
19 98 4 3
19 99 1 2
20 21 7 6
20 24 10 1
20 26 4 1
20 27 5 1
20 28 3 5
20 30 8 5
20 31 1 2
20 33 2 9
20 34 8 1
20 35 4 4
20 36 1 6
20 38 4 1
20 39 10 4
20 40 3 10
20 42 1 9
20 43 7 10
20 45 1 3
20 46 2 3
20 47 1 4
20 48 1 1
20 49 2 2
20 50 8 7
20 51 8 5
20 52 3 7
20 53 6 9
20 54 7 4
20 55 5 8
20 57 2 8
20 58 7 6
20 60 7 7
20 61 4 2
20 62 4 5
20 63 7 3
20 64 5 4
20 66 10 9
20 67 7 9
20 68 1 1
20 69 3 2
20 70 2 5
20 72 1 2
20 73 10 9
20 74 5 3
20 75 1 6
20 76 2 8
20 77 3 8
20 78 5 1
20 79 5 5
20 80 9 7
20 82 10 2
20 83 1 6
20 84 4 7
20 85 3 6
20 86 1 10
20 87 6 5
20 90 7 4
20 91 5 4
20 94 8 3
20 96 5 5
20 97 1 3
20 98 9 8
20 99 8 1
20 100 7 7
21 22 2 8
21 23 3 5
21 24 6 8
21 25 1 1
21 27 9 9
21 29 10 8
21 30 5 10
21 31 10 2
21 32 10 3
21 33 4 2
21 34 8 2
21 36 5 10
21 37 9 10
21 38 9 5
21 40 8 2
21 41 2 3
21 42 9 4
21 43 6 1
21 45 2 10
21 46 6 1
21 47 8 2
21 48 10 6
21 49 4 6
21 50 8 4
21 51 1 7
21 52 7 3
21 53 1 6
21 54 9 7
21 56 1 2
21 57 1 2
21 58 4 10
21 59 9 10
21 60 8 10
21 62 5 7
21 63 3 10
21 65 9 8
21 66 1 1
21 69 4 2
21 70 3 2
21 71 1 6
21 72 6 3
21 73 7 2
21 74 8 5
21 75 5 1
21 76 7 2
21 79 9 10
21 80 6 8
21 82 10 7
21 83 9 1
21 84 2 10
21 85 2 4
21 87 5 6
21 88 8 7
21 89 10 2
21 90 3 3
21 91 8 5
21 92 9 7
21 93 7 8
21 95 8 6
21 98 1 10
21 99 3 4
21 100 9 10
22 23 9 7
22 24 5 2
22 25 3 8
22 27 3 5
22 28 3 3
22 29 7 2
22 30 2 8
22 31 3 5
22 32 9 7
22 33 7 8
22 35 8 2
22 36 6 1
22 37 8 9
22 38 5 7
22 39 6 5
22 40 7 5
22 41 2 7
22 42 10 8
22 43 5 1
22 44 8 7
22 45 10 8
22 47 4 3
22 48 8 5
22 49 3 8
22 50 8 10
22 52 5 3
22 54 7 6
22 56 7 6
22 57 6 2
22 58 7 6
22 60 7 5
22 61 2 2
22 62 1 3
22 63 2 10
22 64 7 9
22 65 5 5
22 67 1 10
22 68 5 10
22 70 6 5
22 71 10 10
22 72 6 4
22 73 6 3
22 74 5 8
22 75 10 3
22 76 1 6
22 77 9 5
22 78 9 8
22 79 2 6
22 80 2 10
22 81 10 4
22 82 10 1
22 83 6 6
22 84 1 5
22 85 9 10
22 86 2 3
22 87 3 8
22 88 5 5
22 89 1 2
22 90 5 7
22 91 8 10
22 93 8 4
22 94 8 7
22 95 2 5
22 96 6 9
22 97 9 6
22 98 9 9
22 99 5 9
22 100 10 6
23 24 8 3
23 25 10 6
23 27 4 9
23 28 10 5
23 30 7 8
23 31 5 4
23 32 6 7
23 33 6 5
23 34 1 3
23 36 3 4
23 37 10 6
23 38 9 2
23 40 6 7
23 41 10 10
23 42 6 6
23 43 8 7
23 45 2 4
23 46 1 6
23 47 3 6
23 51 10 1
23 52 1 5
23 53 8 8
23 54 4 4
23 56 4 10
23 57 8 9
23 58 8 1
23 59 2 7
23 60 4 9
23 61 4 10
23 62 9 4
23 63 10 10
23 64 2 6
23 65 4 10
23 66 2 9
23 67 9 1
23 68 1 5
23 69 10 8
23 70 4 6
23 71 2 9
23 72 6 2
23 73 5 10
23 74 10 1
23 75 4 1
23 78 2 6
23 79 8 5
23 82 3 5
23 83 9 7
23 84 5 3
23 85 6 3
23 86 7 3
23 87 3 7
23 88 6 3
23 89 7 5
23 90 3 3
23 91 8 4
23 92 9 1
23 93 10 5
23 94 4 10
23 95 5 10
23 97 1 4
23 98 5 3
23 99 2 4
23 100 10 9
24 28 9 2
24 29 3 10
24 30 3 1
24 31 4 4
24 32 4 1
24 33 7 10
24 35 1 6
24 37 4 6
24 38 3 4
24 39 8 9
24 40 10 6
24 42 6 8
24 43 8 4
24 44 5 2
24 45 6 7
24 46 5 7
24 49 7 6
24 50 3 5
24 51 8 4
24 52 2 10
24 54 8 3
24 55 8 7
24 56 9 6
24 57 5 7
24 58 1 4
24 59 2 8
24 60 2 1
24 62 6 10
24 63 3 10
24 64 5 8
24 65 7 6
24 66 1 10
24 67 6 2
24 69 4 3
24 70 8 6
24 71 9 9
24 72 5 9
24 73 8 8
24 74 3 5
24 75 4 1
24 76 6 1
24 78 5 10
24 79 8 10
24 80 6 3
24 81 3 2
24 82 3 3
24 83 10 8
24 84 2 5
24 85 9 2
24 86 9 7
24 88 5 2
24 89 1 2
24 90 9 3
24 91 9 5
24 92 7 9
24 93 10 7
24 94 8 7
24 95 2 1
24 96 5 2
24 97 2 9
24 98 7 2
24 99 3 2
24 100 8 10
25 26 1 2
25 27 7 6
25 28 8 6
25 29 10 2
25 30 6 9
25 31 10 1
25 32 5 3
25 33 6 7
25 34 5 9
25 35 6 5
25 36 2 8
25 39 5 3
25 41 3 9
25 42 7 1
25 44 2 9
25 45 4 3
25 46 3 3
25 47 3 7
25 48 9 1
25 49 5 3
25 51 5 3
25 53 7 6
25 54 5 2
25 56 9 9
25 57 1 7
25 59 3 8
25 60 7 8
25 61 4 8
25 63 8 5
25 64 5 8
25 65 2 3
25 67 9 5
25 68 9 8
25 69 10 6
25 70 10 6
25 71 5 2
25 72 6 5
25 73 7 6
25 74 2 8
25 75 6 9
25 76 10 2
25 77 5 2
25 78 6 9
25 79 3 1
25 81 5 2
25 82 1 1
25 83 1 7
25 84 5 10
25 85 8 4
25 86 5 10
25 87 3 3
25 89 2 5
25 90 3 4
25 91 5 3
25 92 4 4
25 93 9 4
25 94 7 3
25 95 1 7
25 96 1 4
25 97 1 6
25 99 10 5
25 100 5 3
26 27 7 3
26 29 9 5
26 31 9 2
26 34 2 8
26 35 3 3
26 36 10 4
26 38 9 3
26 39 6 8
26 40 10 1
26 41 8 5
26 42 5 5
26 44 1 5
26 45 4 9
26 47 8 8
26 50 7 8
26 51 1 7
26 52 4 8
26 53 9 2
26 54 3 7
26 56 8 8
26 57 1 9
26 58 3 1
26 59 3 1
26 60 6 4
26 62 8 8
26 63 10 4
26 64 4 10
26 65 6 8
26 66 5 4
26 68 5 2
26 69 10 4
26 72 9 9
26 75 9 9
26 77 6 10
26 78 1 7
26 79 3 5
26 80 3 4
26 81 7 7
26 82 2 8
26 83 7 6
26 84 4 8
26 85 7 1
26 88 3 1
26 89 7 8
26 90 1 8
26 92 3 2
26 93 9 1
26 94 8 4
26 95 10 6
26 96 6 3
26 97 5 5
26 98 5 4
26 99 4 10
26 100 1 2
27 28 7 4
27 29 10 4
27 30 8 7
27 31 6 4
27 32 7 7
27 33 5 3
27 34 3 4
27 35 10 5
27 36 8 1
27 37 5 9
27 38 8 9
27 40 6 8
27 41 3 9
27 42 10 9
27 43 4 10
27 44 6 7
27 45 4 8
27 47 9 3
27 48 2 8
27 49 2 1
27 50 3 5
27 52 3 7
27 55 8 6
27 56 10 4
27 57 6 6
27 58 7 9
27 60 1 8
27 62 3 3
27 65 3 6
27 67 3 8
27 68 8 10
27 69 6 6
27 70 1 7
27 74 1 5
27 75 6 4
27 76 1 10
27 78 1 3
27 80 1 3
27 81 6 6
27 82 7 6
27 83 1 8
27 85 3 4
27 86 1 2
27 87 5 1
27 89 6 5
27 90 1 7
27 91 6 2
27 92 6 9
27 93 2 1
27 95 5 10
27 97 8 10
27 98 2 2
27 99 1 1
27 100 3 9
28 29 2 10
28 30 5 7
28 31 1 2
28 32 4 10
28 34 10 8
28 35 10 6
28 36 4 2
28 37 5 10
28 40 4 8
28 41 1 9
28 42 10 4
28 43 6 5
28 44 7 7
28 45 5 4
28 46 5 9
28 47 6 9
28 48 5 5
28 49 1 2
28 50 2 3
28 51 4 8
28 54 10 3
28 55 9 8
28 56 7 8
28 57 3 5
28 58 1 9
28 59 10 1
28 60 10 6
28 61 4 4
28 62 8 9
28 64 9 5
28 65 2 6
28 66 8 5
28 68 3 1
28 69 10 9
28 70 3 2
28 72 10 1
28 73 4 8
28 74 8 5
28 75 9 3
28 76 7 3
28 78 4 9
28 79 7 7
28 80 10 2
28 81 8 10
28 82 7 2
28 83 8 6
28 84 1 2
28 85 6 5
28 86 8 3
28 87 7 7
28 88 7 9
28 89 7 6
28 91 7 4
28 92 1 3
28 93 6 10
28 94 7 9
28 95 10 6
28 96 10 6
28 97 7 2
28 98 5 7
28 99 1 5
28 100 8 8
29 30 2 10
29 31 5 5
29 32 3 2
29 33 10 8
29 34 3 10
29 35 5 8
29 36 2 4
29 39 7 8
29 40 1 9
29 41 1 1
29 42 8 1
29 43 6 10
29 45 4 1
29 46 2 7
29 47 5 9
29 48 9 8
29 49 8 3
29 50 7 5
29 51 10 3
29 53 1 8
29 54 8 7
29 55 7 5
29 56 3 1
29 57 5 3
29 59 10 3
29 60 9 8
29 62 7 4
29 63 8 3
29 64 9 5
29 65 2 5
29 66 10 9
29 67 3 2
29 68 3 1
29 69 3 8
29 70 8 7
29 71 1 7
29 72 10 4
29 73 7 1
29 74 8 10
29 75 6 8
29 76 5 5
29 77 1 3
29 79 4 6
29 80 9 4
29 82 4 7
29 83 1 5
29 84 6 6
29 86 1 6
29 88 10 9
29 89 4 8
29 90 6 8
29 91 3 6
29 92 8 6
29 93 3 7
29 94 6 2
29 97 7 5
29 98 10 5
29 100 5 1
30 31 10 7
30 32 3 8
30 33 5 6
30 34 5 4
30 35 1 9
30 36 3 8
30 39 9 1
30 40 5 8
30 41 1 1
30 42 9 4
30 43 5 6
30 44 4 5
30 45 4 7
30 46 4 9
30 47 10 6
30 48 10 5
30 49 10 8
30 50 5 5
30 51 7 2
30 52 8 10
30 53 6 3
30 54 4 9
30 55 9 5
30 56 4 10
30 57 3 5
30 58 6 6
30 59 10 7
30 60 3 5
30 62 6 3
30 63 3 3
30 65 4 6
30 66 1 6
30 67 8 3
30 70 6 8
30 71 9 7
30 73 8 5
30 74 7 8
30 75 3 9
30 76 10 10
30 77 9 7
30 78 8 4
30 79 4 1
30 80 8 1
30 82 8 3
30 83 2 5
30 84 5 8
30 85 2 9
30 87 8 2
30 88 3 7
30 89 6 2
30 90 3 9
30 92 1 4
30 93 5 8
30 94 7 10
30 95 4 9
30 96 6 3
30 97 8 7
30 98 5 7
30 99 8 7
30 100 8 1
31 32 1 5
31 33 8 2
31 34 5 5
31 35 8 5
31 36 3 6
31 37 4 9
31 38 3 8
31 39 10 9
31 40 9 2
31 41 5 10
31 42 6 7
31 43 9 10
31 44 9 2
31 46 5 6
31 47 1 6
31 48 6 7
31 49 1 5
31 52 3 1
31 54 10 1
31 55 9 2
31 56 2 1
31 59 7 7
31 61 8 8
31 62 9 3
31 63 9 2
31 64 9 10
31 65 6 8
31 66 8 9
31 67 3 8
31 68 8 2
31 69 1 4
31 70 1 7
31 71 7 5
31 72 3 3
31 73 6 1
31 74 3 4
31 75 8 1
31 76 1 8
31 77 6 1
31 80 9 3
31 82 9 1
31 83 1 8
31 84 4 9
31 87 10 10
31 88 2 6
31 90 2 3
31 91 2 2
31 92 4 4
31 93 4 1
31 94 8 1
31 96 2 10
31 97 6 1
31 98 1 6
31 99 5 6
31 100 7 10
32 33 10 3
32 34 5 5
32 35 2 1
32 36 3 2
32 37 8 3
32 38 10 8
32 39 7 3
32 40 9 3
32 41 9 8
32 42 8 8
32 44 3 9
32 45 6 10
32 46 1 10
32 48 1 3
32 49 5 5
32 50 2 5
32 51 2 3
32 52 10 8
32 53 2 3
32 54 6 6
32 55 9 9
32 56 5 1
32 57 1 3
32 59 2 1
32 60 4 6
32 61 9 10
32 63 5 3
32 64 2 1
32 65 4 2
32 66 2 3
32 67 4 3
32 68 4 10
32 69 3 3
32 70 5 7
32 71 10 9
32 72 4 4
32 73 6 3
32 74 8 2
32 75 6 6
32 77 7 9
32 78 5 9
32 79 9 2
32 80 7 1
32 81 1 6
32 82 6 2
32 83 1 1
32 84 8 10
32 85 6 7
32 86 5 3
32 88 1 5
32 89 5 9
32 90 9 8
32 91 4 8
32 92 5 10
32 93 8 5
32 94 1 3
32 95 7 8
32 96 7 8
32 97 9 9
32 98 2 7
32 99 5 1
32 100 9 1
33 34 5 4
33 35 4 10
33 36 8 9
33 37 7 4
33 38 10 8
33 39 1 10
33 40 5 8
33 42 6 9
33 43 7 10
33 45 9 9
33 46 3 10
33 48 3 5
33 49 9 10
33 51 4 10
33 52 4 8
33 53 6 9
33 54 7 3
33 55 2 6
33 56 4 7
33 58 1 2
33 59 9 4
33 60 3 7
33 61 6 9
33 62 4 3
33 63 10 2
33 64 4 7
33 65 3 3
33 66 3 1
33 67 2 8
33 68 9 7
33 71 6 6
33 73 9 8
33 75 8 2
33 76 8 7
33 77 2 10
33 78 6 7
33 79 4 7
33 80 2 2
33 83 5 2
33 87 7 5
33 88 7 4
33 89 9 3
33 90 10 10
33 91 10 2
33 92 5 7
33 93 5 7
33 94 4 5
33 95 7 8
33 96 5 3
33 97 2 2
33 98 3 4
33 100 3 4
34 35 6 3
34 36 7 10
34 37 5 9
34 38 9 1
34 39 8 5
34 42 10 6
34 43 3 1
34 44 5 5
34 47 3 9
34 48 3 8
34 49 2 9
34 50 5 4
34 52 1 8
34 53 10 2
34 54 10 9
34 55 9 8
34 56 10 2
34 57 9 2
34 58 3 4
34 59 6 3
34 60 5 4
34 61 7 9
34 63 2 4
34 64 9 10
34 65 7 2
34 68 4 8
34 69 5 4
34 70 7 2
34 71 5 1
34 72 4 4
34 74 4 1
34 75 2 2
34 76 1 9
34 77 5 3
34 78 2 10
34 79 3 8
34 80 7 4
34 81 10 5
34 82 10 6
34 83 4 6
34 85 1 3
34 86 1 3
34 87 6 6
34 88 10 8
34 89 1 7
34 90 2 1
34 91 5 5
34 93 6 8
34 95 8 1
34 96 9 8
34 98 10 8
34 99 8 5
34 100 2 3
35 36 1 9
35 37 6 2
35 38 10 3
35 40 2 10
35 41 3 6
35 42 2 10
35 43 8 4
35 45 8 7
35 46 9 9
35 49 5 2
35 50 4 5
35 52 7 8
35 53 5 2
35 54 2 4
35 56 3 2
35 57 10 9
35 58 2 5
35 59 5 3
35 60 9 1
35 62 4 4
35 64 6 8
35 65 6 8
35 66 8 9
35 67 7 6
35 69 1 8
35 70 2 4
35 71 2 10
35 72 8 10
35 73 8 3
35 74 5 4
35 75 10 8
35 76 4 10
35 78 6 6
35 79 5 8
35 80 9 9
35 81 1 2
35 82 3 2
35 83 1 10
35 85 5 7
35 87 2 10
35 88 4 5
35 90 6 2
35 91 6 7
35 93 10 10
35 94 9 1
35 95 10 4
35 96 1 9
35 99 9 3
36 37 6 8
36 38 1 5
36 39 1 4
36 40 9 5
36 41 6 3
36 43 2 6
36 44 8 6
36 47 4 1
36 48 2 3
36 50 4 6
36 51 7 9
36 52 4 2
36 53 7 8
36 54 2 9
36 55 1 7
36 57 6 6
36 58 2 8
36 59 10 8
36 61 1 7
36 63 2 9
36 64 8 7
36 66 5 6
36 67 1 4
36 68 10 8
36 69 4 7
36 70 2 2
36 71 5 10
36 72 2 10
36 73 8 5
36 74 4 8
36 76 8 4
36 77 5 4
36 78 7 8
36 80 7 4
36 81 8 5
36 82 2 5
36 83 4 4
36 84 10 4
36 86 9 2
36 87 9 8
36 88 10 3
36 89 5 2
36 92 4 6
36 95 7 3
36 96 4 2
36 98 6 3
36 99 1 2
36 100 3 3
37 38 2 10
37 39 3 8
37 41 7 8
37 42 2 2
37 43 2 7
37 44 6 6
37 45 6 5
37 50 3 8
37 51 2 2
37 52 7 1
37 54 1 6
37 56 10 9
37 57 3 4
37 58 4 3
37 59 9 7
37 60 8 5
37 62 7 8
37 63 9 3
37 66 3 7
37 67 2 4
37 68 5 9
37 71 6 4
37 72 7 10
37 74 4 3
37 75 5 8
37 76 2 1
37 77 10 10
37 78 3 10
37 79 5 10
37 80 9 2
37 81 9 2
37 82 4 8
37 84 10 3
37 85 7 7
37 86 5 4
37 88 4 2
37 89 3 2
37 90 6 3
37 91 5 8
37 92 4 8
37 94 3 1
37 95 2 7
37 96 2 3
37 97 8 1
37 98 9 1
37 99 7 6
38 39 8 8
38 40 4 2
38 41 4 1
38 42 8 3
38 43 5 4
38 44 2 9
38 45 10 8
38 46 10 10
38 48 4 2
38 49 9 4
38 51 10 6
38 52 1 9
38 53 2 10
38 54 9 10
38 55 8 8
38 60 8 5
38 61 6 6
38 62 2 9
38 63 7 4
38 65 9 2
38 66 4 10
38 67 6 1
38 68 2 3
38 69 5 7
38 70 1 1
38 71 9 10
38 73 9 1
38 74 4 7
38 76 6 3
38 78 7 10
38 81 4 8
38 82 10 2
38 83 1 5
38 84 5 7
38 85 1 1
38 86 7 4
38 88 5 2
38 89 3 6
38 90 1 4
38 91 5 4
38 92 9 4
38 93 9 2
38 95 7 8
38 96 4 3
38 97 2 2
38 98 8 10
38 99 9 9
39 40 1 10
39 42 6 7
39 44 5 5
39 45 1 10
39 46 7 7
39 47 8 6
39 48 3 10
39 49 10 7
39 50 7 4
39 51 6 1
39 52 6 8
39 54 1 5
39 56 2 1
39 58 1 4
39 59 2 10
39 60 9 9
39 62 2 3
39 63 7 8
39 64 2 9
39 65 9 5
39 66 7 4
39 67 6 10
39 71 6 7
39 72 2 1
39 73 9 10
39 74 3 8
39 75 3 1
39 77 5 10
39 78 1 2
39 80 7 9
39 81 1 4
39 82 5 3
39 83 5 6
39 84 5 10
39 85 1 9
39 87 10 10
39 88 4 10
39 89 2 7
39 90 2 7
39 91 8 2
39 92 3 3
39 93 7 7
39 94 7 6
39 96 6 6
39 98 4 10
39 99 3 10
39 100 4 8
40 41 7 2
40 42 8 5
40 43 4 4
40 44 5 9
40 45 6 3
40 46 2 10
40 47 5 6
40 48 9 3
40 50 10 4
40 51 7 4
40 52 4 9
40 53 7 2
40 54 9 9
40 56 3 5
40 58 3 8
40 59 6 1
40 60 7 9
40 62 9 2
40 63 2 6
40 64 8 8
40 65 6 1
40 66 7 1
40 68 2 10
40 69 2 7
40 70 9 2
40 71 9 5
40 72 8 5
40 73 3 3
40 74 10 2
40 75 5 9
40 76 7 6
40 77 9 1
40 78 7 5
40 79 9 2
40 80 4 2
40 81 6 9
40 82 6 2
40 84 3 2
40 85 8 8
40 87 2 3
40 88 9 3
40 90 10 9
40 91 9 4
40 93 3 10
40 94 5 6
40 95 5 1
40 96 6 6
40 97 5 3
40 100 5 9
41 43 10 8
41 44 3 9
41 45 4 4
41 46 3 6
41 47 8 2
41 48 4 9
41 51 4 4
41 52 10 10
41 53 4 4
41 54 5 3
41 55 8 7
41 56 9 1
41 57 10 9
41 58 5 5
41 60 4 7
41 61 5 3
41 62 5 5
41 63 7 10
41 65 1 6
41 66 8 1
41 67 4 1
41 68 10 3
41 69 2 1
41 71 5 10
41 72 6 1
41 73 5 5
41 74 6 10
41 75 3 5
41 77 5 9
41 78 4 10
41 79 8 6
41 82 10 8
41 83 6 8
41 84 6 8
41 85 7 9
41 86 1 6
41 87 2 8
41 90 6 6
41 91 4 7
41 92 10 3
41 93 8 6
41 94 7 2
41 96 8 3
41 97 4 2
41 98 3 9
41 99 2 3
42 44 6 8
42 45 3 5
42 46 8 5
42 47 9 2
42 49 6 2
42 50 7 2
42 51 8 7
42 52 7 8
42 53 4 2
42 54 6 4
42 55 7 8
42 57 8 9
42 58 4 9
42 59 9 5
42 63 3 4
42 64 10 5
42 65 1 10
42 67 4 4
42 68 10 5
42 69 2 8
42 70 4 9
42 71 4 3
42 73 1 3
42 74 7 1
42 75 2 2
42 78 10 3
42 79 3 3
42 80 8 3
42 81 8 7
42 82 2 7
42 83 1 8
42 84 6 9
42 86 7 1
42 87 9 10
42 89 7 3
42 91 7 6
42 92 3 6
42 93 9 8
42 94 4 7
42 95 7 9
42 96 3 6
42 98 5 1
42 99 3 6
42 100 2 7
43 44 4 10
43 46 4 3
43 47 2 9
43 49 2 7
43 50 4 3
43 51 3 4
43 52 5 6
43 53 5 10
43 54 9 3
43 55 7 1
43 56 10 10
43 59 4 2
43 61 10 3
43 62 9 4
43 63 8 2
43 64 10 9
43 65 6 9
43 67 8 7
43 68 10 7
43 69 4 4
43 70 10 2
43 71 5 10
43 73 6 3
43 74 7 2
43 76 6 9
43 77 10 5
43 78 2 3
43 79 10 2
43 80 8 4
43 81 6 2
43 82 4 8
43 83 10 5
43 85 6 5
43 86 8 8
43 87 9 7
43 88 4 9
43 89 9 2
43 91 10 10
43 92 4 3
43 93 8 9
43 94 10 1
43 95 6 5
43 96 6 5
43 97 8 10
43 98 6 4
43 99 10 10
43 100 2 9
44 45 5 4
44 46 6 6
44 47 2 4
44 48 10 10
44 49 3 6
44 50 8 5
44 51 3 2
44 52 8 1
44 53 5 6
44 55 1 9
44 56 8 5
44 57 8 1
44 58 2 8
44 61 1 8
44 62 10 1
44 64 5 8
44 65 2 9
44 66 10 7
44 67 10 6
44 68 9 2
44 69 10 8
44 71 6 3
44 72 4 6
44 73 1 9
44 74 6 3
44 76 1 1
44 77 9 2
44 78 9 2
44 80 7 7
44 81 1 3
44 82 1 7
44 83 7 4
44 84 4 1
44 85 2 6
44 86 4 7
44 87 4 5
44 88 6 4
44 90 10 2
44 91 10 6
44 92 3 9
44 93 10 2
44 94 5 7
44 95 5 6
44 99 3 6
44 100 6 6
45 46 5 8
45 48 2 4
45 49 9 9
45 50 10 3
45 52 7 7
45 53 6 10
45 54 8 5
45 55 6 1
45 56 5 7
45 57 8 10
45 58 2 7
45 59 4 10
45 61 1 8
45 62 7 2
45 63 3 5
45 66 10 10
45 68 8 2
45 69 10 1
45 71 9 10
45 72 9 1
45 73 6 7
45 74 9 10
45 75 5 4
45 78 6 9
45 79 1 2
45 80 5 10
45 81 5 7
45 82 6 1
45 83 6 1
45 84 5 2
45 85 9 6
45 86 8 6
45 87 4 3
45 89 9 10
45 90 9 10
45 92 10 4
45 93 8 9
45 94 5 6
45 95 10 7
45 96 6 9
45 97 2 10
45 98 6 3
45 99 5 10
45 100 1 7
46 47 8 1
46 48 6 8
46 51 2 8
46 52 8 9
46 53 7 10
46 54 6 1
46 55 4 5
46 56 1 3
46 57 5 4
46 58 1 8
46 59 5 6
46 60 4 7
46 61 5 1
46 62 7 2
46 63 8 5
46 64 2 2
46 65 1 5
46 66 2 10
46 67 7 4
46 68 10 7
46 69 5 10
46 70 10 6
46 71 6 1
46 73 2 6
46 74 8 6
46 75 7 4
46 76 8 7
46 78 3 7
46 79 2 10
46 80 3 10
46 81 1 7
46 82 9 8
46 84 2 9
46 86 6 10
46 87 10 2
46 88 1 8
46 89 3 7
46 90 8 8
46 91 8 6
46 92 4 1
46 93 3 10
46 94 9 1
46 96 10 2
46 98 7 10
46 99 5 4
47 48 3 5
47 50 1 8
47 52 2 8
47 53 7 6
47 55 2 2
47 56 1 4
47 57 7 6
47 58 2 2
47 60 1 5
47 61 3 8
47 65 3 10
47 66 8 10
47 67 3 7
47 69 6 10
47 70 4 9
47 71 8 10
47 72 9 7
47 73 9 3
47 74 6 2
47 76 7 2
47 77 4 9
47 78 5 2
47 79 3 7
47 80 3 1
47 81 9 2
47 82 6 10
47 83 2 6
47 84 7 6
47 85 6 6
47 86 3 6
47 87 8 9
47 88 5 7
47 90 5 8
47 91 8 1
47 92 3 10
47 93 6 6
47 94 4 5
47 95 8 7
47 96 6 4
47 97 6 8
47 99 10 3
48 49 8 3
48 50 6 6
48 51 6 2
48 52 6 2
48 53 4 5
48 54 9 2
48 56 1 2
48 57 8 2
48 58 2 5
48 59 5 10
48 60 9 4
48 61 1 8
48 62 2 5
48 63 2 7
48 64 10 6
48 65 7 8
48 66 9 6
48 67 4 3
48 69 1 7
48 71 8 8
48 74 5 8
48 76 2 3
48 77 10 3
48 78 5 9
48 79 1 3
48 80 5 7
48 81 7 8
48 82 10 9
48 83 7 9
48 86 8 9
48 87 10 2
48 90 10 6
48 91 1 5
48 92 4 1
48 93 5 2
48 94 1 9
48 95 10 8
48 96 8 9
48 97 10 8
48 98 2 10
48 100 6 7
49 50 10 8
49 51 10 3
49 52 10 4
49 54 7 8
49 58 8 4
49 59 8 9
49 60 1 3
49 62 1 1
49 63 9 8
49 64 5 9
49 65 5 6
49 66 4 4
49 67 3 10
49 68 5 7
49 69 9 4
49 72 8 9
49 73 10 3
49 74 10 4
49 75 2 10
49 78 10 4
49 79 7 3
49 80 1 10
49 82 2 6
49 83 9 7
49 84 4 2
49 85 1 8
49 86 4 3
49 87 6 7
49 88 6 8
49 89 3 6
49 92 4 3
49 93 2 10
49 94 6 3
49 96 2 2
49 97 10 3
49 98 5 1
49 100 6 6
50 51 9 10
50 52 5 3
50 53 10 1
50 54 6 1
50 55 7 4
50 56 4 8
50 57 8 3
50 59 3 1
50 60 1 6
50 61 4 1
50 62 2 2
50 63 3 6
50 64 3 9
50 65 4 4
50 67 1 2
50 68 6 3
50 69 10 5
50 70 7 9
50 71 6 2
50 72 6 3
50 73 2 10
50 75 4 8
50 76 1 9
50 78 8 9
50 79 6 4
50 80 6 1
50 82 1 7
50 83 1 2
50 85 6 2
50 86 1 5
50 88 1 2
50 89 7 4
50 90 8 1
50 91 3 9
50 92 4 6
50 93 6 7
50 94 2 3
50 96 7 2
50 97 1 2
50 99 6 6
50 100 7 8
51 52 5 9
51 53 7 7
51 54 9 10
51 56 4 2
51 57 6 5
51 58 3 5
51 59 2 1
51 60 6 4
51 61 6 8
51 62 9 10
51 63 9 10
51 64 9 5
51 66 9 3
51 67 9 9
51 68 4 9
51 69 6 5
51 70 3 5
51 72 7 1
51 74 5 8
51 75 4 2
51 77 7 8
51 78 2 3
51 79 5 3
51 80 5 1
51 81 10 7
51 82 6 3
51 83 4 2
51 84 10 6
51 87 5 2
51 88 9 10
51 91 10 5
51 92 10 5
51 93 3 6
51 94 5 3
51 95 10 8
51 96 1 5
51 97 2 4
51 100 1 2
52 53 7 10
52 54 6 3
52 55 10 9
52 56 6 9
52 57 3 4
52 58 6 6
52 59 6 2
52 60 7 1
52 62 5 4
52 64 10 4
52 65 6 2
52 67 1 2
52 69 1 5
52 71 7 10
52 73 7 4
52 74 10 3
52 75 9 8
52 76 4 10
52 77 5 4
52 78 9 3
52 79 2 5
52 81 8 6
52 82 3 5
52 84 3 5
52 85 1 7
52 86 5 8
52 87 5 9
52 88 6 10
52 89 4 6
52 90 4 8
52 92 3 9
52 93 10 9
52 94 4 4
52 95 2 5
52 96 5 4
52 97 9 2
52 98 4 5
52 99 10 7
52 100 7 10
53 54 4 5
53 55 10 1
53 57 9 7
53 58 2 4
53 61 10 6
53 62 2 5
53 64 4 8
53 66 2 1
53 67 2 8
53 68 6 6
53 69 8 2
53 72 1 3
53 73 3 5
53 74 3 10
53 75 9 2
53 76 2 4
53 78 1 8
53 79 9 3
53 81 6 9
53 82 8 4
53 84 4 7
53 85 7 9
53 87 6 5
53 88 8 8
53 89 1 9
53 90 8 2
53 91 10 5
53 93 8 6
53 94 1 3
53 95 10 5
53 96 7 8
53 97 9 4
53 98 6 4
53 99 5 6
53 100 5 6
54 56 3 3
54 57 2 6
54 58 1 4
54 59 9 3
54 60 7 4
54 61 9 5
54 63 4 10
54 64 4 1
54 65 6 7
54 66 4 7
54 68 5 2
54 69 10 7
54 70 3 2
54 71 9 5
54 73 5 6
54 75 7 9
54 76 1 5
54 77 8 5
54 78 8 6
54 79 2 7
54 80 2 7
54 83 6 10
54 84 1 10
54 85 9 1
54 86 7 10
54 87 6 10
54 89 8 1
54 90 4 3
54 91 3 8
54 93 1 6
54 95 6 9
54 98 5 9
54 99 10 3
54 100 3 2
55 56 2 7
55 59 1 1
55 60 9 2
55 61 10 1
55 63 3 4
55 64 4 3
55 66 1 2
55 68 9 9
55 70 4 8
55 71 3 7
55 72 7 1
55 73 6 4
55 74 8 1
55 75 7 8
55 76 5 8
55 77 7 1
55 78 4 8
55 81 8 2
55 82 3 5
55 84 4 2
55 85 8 3
55 86 2 6
55 87 2 9
55 89 9 1
55 90 1 7
55 91 8 10
55 94 2 4
55 95 2 2
55 96 6 4
55 97 7 7
55 99 6 8
56 57 6 4
56 59 4 10
56 60 1 7
56 61 6 3
56 63 4 3
56 65 7 9
56 66 7 5
56 67 4 10
56 68 7 3
56 69 6 10
56 70 5 8
56 71 6 6
56 72 10 10
56 74 9 10
56 75 2 3
56 76 1 4
56 77 6 4
56 78 8 10
56 79 5 3
56 80 4 5
56 81 5 10
56 82 5 2
56 83 5 10
56 86 8 5
56 87 10 8
56 88 9 5
56 90 8 3
56 91 6 3
56 92 7 8
56 93 10 9
56 96 10 5
56 100 8 1
57 58 8 10
57 59 3 5
57 60 4 9
57 62 5 10
57 64 8 3
57 65 4 7
57 66 10 4
57 68 9 10
57 70 4 5
57 71 1 4
57 72 10 4
57 73 8 3
57 76 5 1
57 77 10 1
57 78 2 9
57 80 5 2
57 81 4 10
57 84 9 10
57 85 1 10
57 86 4 9
57 88 3 2
57 89 1 3
57 90 1 10
57 91 8 9
57 92 8 9
57 93 7 5
57 95 10 1
57 96 8 9
57 97 5 4
57 98 2 3
57 99 3 6
57 100 1 4
58 59 8 3
58 60 3 8
58 61 8 8
58 62 7 7
58 63 9 3
58 65 1 3
58 66 10 2
58 67 9 4
58 69 4 2
58 70 1 8
58 71 5 3
58 73 6 4
58 75 3 9
58 76 2 1
58 77 8 3
58 78 8 1
58 79 1 1
58 81 2 1
58 85 9 7
58 86 9 10
58 87 5 1
58 88 10 10
58 89 9 5
58 90 6 3
58 91 4 8
58 92 1 2
58 93 3 10
58 95 8 8
58 96 9 5
58 97 1 9
58 98 7 5
58 99 8 10
58 100 5 2
59 60 7 1
59 62 10 1
59 63 8 6
59 65 7 8
59 66 6 4
59 67 2 4
59 68 6 8
59 70 8 7
59 71 8 7
59 72 9 7
59 73 7 2
59 74 7 10
59 75 7 9
59 76 9 3
59 77 6 4
59 78 7 9
59 79 3 6
59 80 5 7
59 81 2 9
59 82 4 7
59 83 3 9
59 84 4 2
59 85 9 8
59 86 9 2
59 88 6 6
59 90 1 5
59 91 9 2
59 92 5 9
59 94 6 1
59 95 8 5
59 96 6 8
59 97 6 3
59 98 10 1
59 100 8 2
60 61 6 9
60 62 3 4
60 63 4 5
60 64 6 8
60 66 3 8
60 67 3 2
60 68 3 2
60 69 5 7
60 70 10 10
60 71 6 6
60 72 10 4
60 75 4 1
60 76 2 1
60 77 7 5
60 78 2 10
60 79 3 6
60 80 1 6
60 82 8 10
60 83 6 1
60 84 4 5
60 85 4 5
60 87 3 9
60 88 6 4
60 89 9 1
60 92 8 5
60 94 8 9
60 95 7 9
60 96 2 5
60 97 7 7
60 98 2 9
60 100 3 4
61 62 4 6
61 63 6 4
61 64 7 10
61 65 3 10
61 66 9 8
61 67 9 7
61 68 6 8
61 69 3 9
61 70 8 8
61 71 10 6
61 72 8 1
61 73 8 3
61 74 5 8
61 75 3 2
61 76 7 4
61 77 7 6
61 78 9 3
61 79 10 8
61 80 4 6
61 81 1 2
61 82 10 1
61 83 8 3
61 84 7 10
61 86 10 8
61 88 10 10
61 91 8 9
61 93 2 5
61 94 5 5
61 95 10 5
61 96 6 9
61 97 5 6
61 98 3 7
61 99 7 7
61 100 2 5
62 63 9 9
62 64 4 8
62 65 8 3
62 66 6 9
62 67 10 4
62 68 9 8
62 69 7 2
62 70 8 7
62 71 7 7
62 72 1 6
62 74 9 1
62 76 3 1
62 77 4 6
62 78 3 4
62 80 6 10
62 81 4 10
62 82 7 4
62 86 1 2
62 87 6 2
62 88 4 6
62 90 8 3
62 91 7 5
62 92 1 7
62 94 2 8
62 95 10 4
62 97 3 3
62 98 5 10
62 99 1 3
62 100 7 10
63 64 4 4
63 66 5 9
63 67 6 8
63 68 3 3
63 69 4 1
63 70 7 6
63 71 2 9
63 72 1 6
63 73 3 8
63 77 1 4
63 78 8 9
63 80 3 1
63 81 7 4
63 82 10 7
63 83 1 7
63 84 3 10
63 85 5 4
63 86 1 7
63 88 1 7
63 89 5 9
63 90 4 8
63 91 2 3
63 92 4 4
63 93 3 1
63 94 9 10
63 95 4 2
63 97 2 4
63 98 9 8
63 99 3 9
63 100 7 8
64 65 7 4
64 66 1 9
64 67 2 1
64 68 10 10
64 71 3 7
64 73 9 6
64 76 1 4
64 77 5 7
64 78 1 6
64 80 1 1
64 81 1 4
64 82 8 8
64 83 8 8
64 84 1 9
64 85 8 3
64 86 2 9
64 88 1 7
64 89 2 4
64 90 4 1
64 91 8 6
64 93 2 3
64 94 8 6
64 95 6 3
64 96 2 5
64 97 4 1
64 98 4 10
64 99 4 7
64 100 6 5
65 66 6 8
65 67 2 3
65 68 1 8
65 69 4 2
65 70 1 3
65 71 10 3
65 72 8 10
65 73 10 7
65 74 9 6
65 75 9 1
65 76 9 6
65 77 8 7
65 78 7 1
65 79 3 7
65 80 4 6
65 82 9 8
65 83 8 1
65 84 10 7
65 85 3 3
65 87 8 10
65 88 3 3
65 89 3 10
65 91 5 2
65 92 4 7
65 94 5 2
65 95 4 6
65 96 2 4
65 97 8 6
65 98 5 8
65 99 8 1
66 67 2 8
66 68 10 2
66 69 5 6
66 70 10 6
66 72 4 10
66 73 9 2
66 74 8 2
66 75 1 7
66 77 1 7
66 78 10 5
66 79 2 9
66 80 4 3
66 81 1 10
66 82 9 4
66 83 2 3
66 84 8 9
66 85 6 8
66 86 4 5
66 88 4 5
66 89 4 5
66 90 4 7
66 91 9 8
66 92 2 8
66 93 4 6
66 94 9 5
66 95 1 4
66 96 6 8
66 98 3 7
66 99 8 6
66 100 7 8
67 68 8 5
67 69 5 6
67 70 2 4
67 71 4 1
67 72 10 9
67 73 5 4
67 74 3 4
67 75 6 6
67 76 5 3
67 77 10 3
67 78 5 9
67 79 5 2
67 82 2 10
67 83 7 10
67 85 9 6
67 86 2 7
67 88 9 8
67 92 9 3
67 93 5 2
67 95 1 2
67 96 3 5
67 97 2 2
67 100 5 10
68 69 2 1
68 70 6 5
68 71 9 1
68 73 5 8
68 74 9 9
68 75 2 6
68 76 9 2
68 80 9 6
68 81 6 1
68 82 6 6
68 84 9 8
68 85 9 10
68 86 10 10
68 87 3 4
68 89 4 2
68 90 5 2
68 91 8 2
68 92 4 3
68 93 7 2
68 94 7 5
68 95 3 8
68 96 9 4
68 97 10 4
68 98 5 3
68 99 3 4
68 100 7 1
69 70 10 4
69 72 7 1
69 73 10 1
69 74 2 5
69 75 1 7
69 76 6 1
69 77 5 10
69 78 2 10
69 79 3 5
69 80 7 7
69 82 10 10
69 84 1 9
69 85 7 6
69 86 3 2
69 87 8 1
69 89 4 8
69 90 2 5
69 92 10 8
69 93 7 7
69 94 3 7
69 95 7 5
69 96 4 2
69 97 9 5
69 99 7 9
69 100 2 6
70 71 10 3
70 72 4 7
70 73 1 4
70 74 7 10
70 75 4 7
70 76 6 6
70 78 9 10
70 79 1 9
70 80 2 2
70 81 5 9
70 82 3 1
70 85 2 2
70 86 10 1
70 87 7 1
70 88 8 2
70 89 1 2
70 90 2 8
70 92 3 7
70 93 10 9
70 95 7 4
70 96 1 5
70 97 2 10
70 98 2 1
70 99 8 7
70 100 5 7
71 72 7 1
71 73 8 8
71 74 3 1
71 75 3 4
71 76 4 2
71 77 2 6
71 78 5 8
71 79 7 3
71 80 5 5
71 81 7 8
71 82 1 10
71 84 6 6
71 85 2 1
71 86 8 10
71 87 10 2
71 88 3 3
71 89 8 3
71 90 6 1
71 91 10 6
71 92 9 9
71 93 4 3
71 94 1 8
71 95 2 8
71 96 9 10
71 97 9 2
71 100 1 8
72 73 10 7
72 74 2 8
72 75 2 7
72 76 10 10
72 77 1 3
72 78 6 9
72 79 4 1
72 80 2 9
72 81 1 4
72 84 6 6
72 85 5 3
72 86 10 1
72 87 6 2
72 88 5 10
72 89 6 9
72 90 8 5
72 91 6 4
72 92 9 1
72 94 5 3
72 95 7 6
72 97 7 2
72 98 3 6
72 100 2 10
73 74 9 6
73 75 10 3
73 76 5 10
73 77 8 5
73 78 5 6
73 79 6 2
73 82 1 2
73 84 1 8
73 87 9 5
73 88 3 4
73 89 10 9
73 90 3 1
73 91 7 10
73 92 7 10
73 93 10 1
73 94 3 10
73 95 2 8
73 96 10 6
73 97 9 6
73 98 3 4
73 99 8 5
73 100 3 8
74 75 2 2
74 76 6 4
74 77 10 7
74 78 2 7
74 79 9 1
74 80 8 1
74 81 9 10
74 82 7 7
74 83 3 4
74 84 9 3
74 85 1 6
74 86 5 6
74 87 6 4
74 88 1 1
74 91 4 6
74 92 7 3
74 93 8 9
74 94 10 5
74 95 1 6
74 96 4 9
74 97 3 2
74 99 3 3
74 100 1 4
75 76 6 1
75 77 3 1
75 78 1 2
75 79 6 4
75 80 9 3
75 81 6 9
75 82 6 5
75 83 4 2
75 84 1 2
75 85 7 7
75 88 1 1
75 89 10 7
75 90 2 4
75 92 6 5
75 94 7 5
75 95 5 6
75 97 6 6
75 98 5 6
75 99 9 5
75 100 7 6
76 77 8 4
76 78 9 5
76 79 9 3
76 80 2 10
76 82 10 4
76 83 10 1
76 84 5 9
76 85 9 7
76 86 9 2
76 87 5 1
76 88 3 3
76 89 7 1
76 90 1 1
76 91 2 4
76 93 1 7
76 94 10 3
76 95 10 8
76 99 10 1
77 78 7 4
77 79 8 2
77 80 3 9
77 81 5 10
77 82 8 2
77 84 3 8
77 85 6 10
77 87 6 10
77 88 10 3
77 90 2 5
77 91 8 6
77 92 10 6
77 93 7 9
77 94 9 4
77 96 10 7
77 98 5 4
77 99 1 7
77 100 4 6
78 79 4 2
78 80 1 10
78 81 10 4
78 82 9 7
78 84 8 8
78 85 7 2
78 87 3 7
78 88 7 5
78 89 4 8
78 90 5 9
78 91 4 9
78 92 1 6
78 94 6 7
78 95 7 4
78 96 1 6
78 98 5 8
78 99 5 9
78 100 1 1
79 80 5 6
79 81 3 1
79 82 4 6
79 83 3 3
79 84 5 5
79 86 7 2
79 87 10 8
79 88 2 8
79 89 6 1
79 90 10 7
79 91 9 5
79 92 3 4
79 93 5 10
79 94 6 8
79 95 9 3
79 96 1 6
79 97 8 7
79 98 5 1
79 99 7 4
79 100 4 5
80 81 1 5
80 82 3 2
80 83 7 2
80 84 4 1
80 85 9 2
80 86 1 4
80 88 4 7
80 89 7 1
80 91 5 10
80 92 1 4
80 93 10 2
80 94 7 2
80 95 1 2
80 96 1 8
80 97 3 4
80 98 7 8
80 99 2 9
80 100 1 3
81 82 3 7
81 84 9 3
81 85 6 9
81 86 2 1
81 87 10 10
81 89 6 7
81 90 1 10
81 91 3 1
81 93 1 2
81 94 8 2
81 95 1 9
81 97 7 10
81 98 5 9
81 99 2 6
81 100 5 6
82 83 10 1
82 84 5 9
82 85 7 1
82 86 2 7
82 87 5 1
82 88 8 4
82 89 2 6
82 90 3 7
82 91 1 1
82 92 7 5
82 93 5 2
82 94 4 7
82 95 10 1
82 96 5 9
82 97 3 7
82 98 9 4
82 99 2 6
82 100 7 5
83 84 2 3
83 85 9 4
83 86 8 7
83 88 8 3
83 89 1 6
83 90 8 8
83 91 7 3
83 92 9 2
83 93 5 9
83 95 8 1
83 96 8 9
83 97 3 3
83 98 10 3
83 100 5 7
84 85 5 6
84 86 10 7
84 87 7 3
84 88 8 6
84 89 9 8
84 90 6 2
84 92 5 8
84 93 5 7
84 94 3 2
84 95 2 4
84 96 8 4
84 98 5 4
84 99 6 7
84 100 4 2
85 86 10 8
85 88 2 3
85 89 6 10
85 90 7 3
85 91 1 9
85 92 3 7
85 93 4 2
85 94 8 4
85 96 2 7
85 98 2 6
85 99 1 4
85 100 2 8
86 87 7 5
86 88 3 1
86 90 6 3
86 91 9 5
86 92 1 7
86 93 4 6
86 95 5 8
86 96 4 2
86 97 5 7
86 98 7 5
86 99 8 8
87 88 10 2
87 89 1 1
87 90 1 4
87 91 2 8
87 93 6 6
87 94 1 9
87 95 7 8
87 96 1 8
87 97 4 6
87 98 10 10
87 99 9 10
87 100 7 10
88 89 1 2
88 90 10 6
88 91 10 7
88 92 9 8
88 93 3 3
88 94 8 6
88 95 5 9
88 96 8 2
88 98 6 2
89 90 4 10
89 91 8 7
89 92 5 8
89 93 3 2
89 94 5 1
89 95 10 9
89 97 8 1
89 98 9 7
89 100 9 7
90 91 2 4
90 93 3 10
90 94 2 6
90 95 6 7
90 96 8 2
90 97 4 1
90 98 3 9
90 99 3 10
91 92 3 9
91 93 5 8
91 94 4 4
91 95 3 9
91 96 9 7
91 98 3 1
91 99 3 8
91 100 3 10
92 94 7 6
92 95 9 8
92 96 1 1
92 97 8 3
92 98 4 2
92 100 5 8
93 95 1 10
93 96 2 1
93 97 8 4
93 98 1 10
93 99 8 8
94 97 3 9
94 98 4 9
94 99 8 10
95 96 7 2
95 97 7 6
95 99 7 8
95 100 2 1
96 98 3 7
96 99 6 8
97 98 10 1
97 99 6 4
97 100 6 9
98 100 1 2
99 100 3 7
1
1 2 3 4 5 6 7 8 9 10 11 12 13 14 15 16 17 18 19 20 21 22 23 24 25 26 27 28 29 30 31 32 33 34 35 36 37 38 39 40 41 42 43 44 45 46 47 48 49 50
