3992
1 2 7 5
1 3 9 1
1 4 8 10
1 7 8 8
1 8 9 1
1 9 2 1
1 10 2 10
1 11 3 4
1 12 6 8
1 13 4 6
1 14 9 7
1 15 4 4
1 16 10 2
1 17 5 4
1 18 9 8
1 19 1 1
1 20 5 6
1 22 7 3
1 23 9 8
1 26 1 1
1 27 9 9
1 28 3 5
1 30 6 7
1 31 2 3
1 32 7 3
1 33 4 8
1 34 3 5
1 35 9 6
1 36 10 5
1 37 4 10
1 38 6 10
1 39 2 6
1 40 9 6
1 41 1 3
1 42 10 1
1 43 4 2
1 45 1 7
1 46 8 1
1 47 4 7
1 48 5 8
1 49 9 9
1 51 4 10
1 53 9 6
1 55 4 5
1 57 10 10
1 58 2 9
1 59 4 7
1 60 7 2
1 61 3 8
1 62 9 1
1 64 9 7
1 65 7 4
1 66 6 7
1 67 5 8
1 68 10 2
1 69 2 6
1 70 3 9
1 71 5 4
1 72 6 1
1 73 1 10
1 74 10 1
1 75 7 8
1 76 2 7
1 77 5 4
1 78 1 10
1 80 4 2
1 81 6 2
1 82 8 9
1 83 2 1
1 84 10 9
1 85 8 6
1 86 9 2
1 87 2 5
1 90 7 8
1 91 6 6
1 92 2 8
1 94 1 6
1 96 9 10
1 97 1 9
1 98 5 7
1 99 9 4
2 3 4 10
2 4 8 4
2 6 2 5
2 7 2 3
2 8 6 5
2 9 5 10
2 10 8 4
2 11 2 8
2 12 3 8
2 13 3 9
2 15 4 3
2 16 6 6
2 17 5 2
2 18 2 3
2 19 2 10
2 20 5 6
2 21 8 10
2 22 3 8
2 23 2 1
2 24 4 7
2 26 10 4
2 27 5 9
2 28 4 8
2 29 2 3
2 30 5 2
2 31 5 8
2 33 1 9
2 34 10 9
2 35 4 7
2 36 6 4
2 37 4 5
2 38 5 5
2 39 5 8
2 40 8 9
2 41 8 4
2 43 2 4
2 44 9 9
2 45 6 6
2 47 2 3
2 49 6 1
2 51 6 10
2 53 8 10
2 54 3 9
2 55 4 7
2 57 9 10
2 60 1 7
2 62 2 3
2 63 6 3
2 64 6 4
2 66 8 6
2 67 1 10
2 69 4 5
2 70 3 9
2 71 7 5
2 72 2 9
2 73 4 6
2 74 2 3
2 75 8 1
2 76 4 3
2 77 8 5
2 78 8 10
2 79 4 1
2 80 4 10
2 81 3 3
2 82 10 9
2 84 5 9
2 85 2 6
2 86 7 2
2 87 5 1
2 88 7 10
2 89 1 5
2 90 7 2
2 91 3 1
2 92 5 1
2 95 8 5
2 97 8 8
2 99 10 4
2 100 2 5
3 4 8 4
3 5 2 5
3 6 4 5
3 7 10 1
3 8 4 5
3 9 5 5
3 10 3 6
3 11 8 10
3 12 3 5
3 15 8 9
3 16 6 9
3 17 3 9
3 19 7 9
3 20 8 6
3 21 1 8
3 22 1 9
3 23 2 8
3 24 7 2
3 25 1 6
3 26 2 6
3 27 5 6
3 28 8 7
3 29 9 5
3 30 8 1
3 31 5 2
3 33 6 10
3 35 9 8
3 36 1 7
3 37 9 6
3 38 2 3
3 39 10 5
3 40 2 10
3 45 7 1
3 46 3 5
3 49 4 4
3 51 5 9
3 52 5 2
3 53 2 1
3 56 7 3
3 57 5 1
3 58 1 10
3 59 2 5
3 60 8 5
3 61 8 3
3 62 4 5
3 64 1 6
3 68 2 3
3 69 10 2
3 70 2 2
3 71 1 9
3 73 8 2
3 74 6 1
3 76 4 9
3 78 9 4
3 79 4 9
3 81 2 1
3 82 8 6
3 84 2 3
3 85 8 10
3 86 4 7
3 87 10 8
3 89 9 5
3 90 6 2
3 91 4 10
3 92 7 1
3 93 1 1
3 94 1 4
3 95 7 5
3 96 3 4
3 97 5 6
3 98 8 9
3 99 1 2
3 100 5 3
4 5 9 6
4 8 4 3
4 9 10 3
4 10 8 1
4 11 2 1
4 12 2 5
4 14 2 10
4 16 6 5
4 17 10 1
4 18 2 1
4 19 4 10
4 20 1 9
4 21 8 9
4 22 5 9
4 23 6 1
4 24 4 3
4 26 1 5
4 27 2 1
4 28 9 2
4 29 1 5
4 31 1 2
4 32 3 6
4 33 3 4
4 34 7 2
4 35 7 6
4 36 4 7
4 37 10 9
4 38 7 4
4 39 6 2
4 40 6 2
4 41 5 5
4 42 9 9
4 44 3 6
4 45 4 5
4 46 8 6
4 47 8 6
4 48 4 6
4 49 8 3
4 50 4 10
4 51 2 2
4 52 2 8
4 53 10 2
4 55 2 7
4 57 9 3
4 58 10 10
4 60 7 9
4 61 8 7
4 62 7 3
4 64 10 7
4 65 9 10
4 67 2 9
4 69 5 7
4 70 8 1
4 72 7 9
4 73 1 3
4 74 9 3
4 75 3 10
4 77 9 8
4 78 5 9
4 79 7 5
4 80 8 8
4 81 3 10
4 82 9 8
4 83 8 10
4 84 8 3
4 85 8 10
4 86 8 4
4 87 9 9
4 88 3 6
4 90 3 3
4 91 1 9
4 92 9 4
4 93 9 6
4 94 2 10
4 95 1 7
4 96 10 3
4 99 4 3
4 100 5 10
5 6 9 8
5 7 6 3
5 8 10 8
5 9 8 2
5 11 4 2
5 12 4 10
5 13 8 5
5 14 9 2
5 15 8 3
5 16 3 8
5 17 4 3
5 18 10 2
5 19 3 10
5 20 1 8
5 21 5 9
5 22 6 8
5 23 7 8
5 24 3 2
5 25 1 9
5 28 4 7
5 31 4 10
5 32 5 3
5 33 1 10
5 34 3 8
5 35 4 10
5 36 1 10
5 37 3 1
5 38 5 4
5 40 10 2
5 41 1 10
5 42 8 1
5 43 4 3
5 44 4 8
5 45 9 2
5 48 5 9
5 49 8 8
5 50 8 7
5 51 6 1
5 52 4 8
5 54 1 7
5 55 5 2
5 56 2 6
5 57 1 9
5 59 10 5
5 60 1 4
5 61 10 4
5 62 9 8
5 65 1 5
5 66 4 9
5 67 6 1
5 68 8 1
5 69 5 7
5 70 3 9
5 72 8 2
5 73 8 7
5 74 3 3
5 75 3 10
5 76 5 10
5 78 4 10
5 79 4 2
5 80 5 5
5 81 2 10
5 83 4 4
5 85 8 3
5 86 7 4
5 87 3 7
5 88 4 1
5 89 1 6
5 90 2 1
5 91 8 4
5 92 3 1
5 93 2 2
5 96 3 10
5 97 7 4
5 98 5 4
5 99 9 4
5 100 10 3
6 7 4 8
6 8 4 4
6 9 7 9
6 11 9 7
6 12 7 7
6 13 8 9
6 15 8 9
6 16 10 5
6 18 1 9
6 19 7 9
6 21 9 4
6 22 8 6
6 23 4 5
6 24 3 4
6 25 1 7
6 26 2 7
6 27 5 8
6 28 2 2
6 29 5 7
6 30 5 2
6 31 6 2
6 33 9 2
6 35 4 7
6 37 3 4
6 38 4 9
6 39 2 9
6 40 6 5
6 41 6 10
6 42 9 4
6 43 5 9
6 44 2 5
6 45 4 8
6 47 3 2
6 49 9 4
6 50 1 3
6 51 1 7
6 52 10 8
6 53 8 9
6 54 6 9
6 55 3 6
6 56 7 2
6 57 5 5
6 58 6 10
6 59 1 7
6 60 5 4
6 61 3 3
6 62 1 6
6 63 7 3
6 64 8 7
6 66 7 1
6 67 1 9
6 68 7 8
6 69 4 1
6 70 3 6
6 71 9 1
6 72 3 8
6 73 7 6
6 74 8 10
6 75 2 3
6 76 4 8
6 78 3 3
6 79 9 6
6 80 4 5
6 81 1 10
6 83 6 3
6 84 9 1
6 86 10 7
6 87 2 9
6 88 5 9
6 89 6 6
6 91 10 4
6 92 8 6
6 93 6 10
6 94 3 2
6 95 3 8
6 96 3 6
6 98 3 1
6 99 6 1
7 8 3 6
7 9 5 10
7 10 4 5
7 12 2 10
7 13 3 2
7 15 7 2
7 16 2 6
7 17 3 8
7 19 2 2
7 20 9 1
7 21 2 4
7 22 8 7
7 23 8 5
7 24 1 6
7 25 5 3
7 28 9 5
7 29 2 8
7 30 1 9
7 31 9 6
7 32 2 2
7 33 5 7
7 34 7 6
7 35 7 5
7 36 8 5
7 37 2 1
7 38 10 6
7 39 10 3
7 40 10 5
7 41 9 9
7 44 4 9
7 46 7 7
7 47 6 5
7 48 6 7
7 49 4 1
7 50 6 9
7 51 10 2
7 52 5 1
7 54 10 8
7 55 9 6
7 56 8 6
7 57 1 9
7 58 1 5
7 59 10 3
7 60 9 2
7 61 8 7
7 62 9 2
7 63 7 10
7 64 4 2
7 68 3 1
7 69 1 10
7 70 7 1
7 71 5 3
7 72 10 2
7 73 6 10
7 74 7 10
7 75 5 2
7 76 2 1
7 77 8 5
7 79 5 5
7 80 9 7
7 81 10 9
7 82 7 5
7 83 3 8
7 84 6 4
7 85 2 10
7 86 9 6
7 87 6 4
7 89 2 2
7 90 10 10
7 92 9 4
7 93 6 9
7 94 4 4
7 95 5 6
7 96 1 1
7 97 6 8
7 99 4 7
8 9 3 7
8 10 7 1
8 11 2 10
8 12 4 3
8 13 10 2
8 15 1 9
8 16 10 7
8 17 3 3
8 18 5 5
8 20 9 5
8 21 3 6
8 22 9 4
8 26 7 3
8 27 5 7
8 28 5 5
8 29 2 7
8 31 5 5
8 34 5 7
8 35 2 6
8 36 10 7
8 38 3 2
8 39 3 10
8 40 3 10
8 41 3 7
8 42 4 1
8 44 3 3
8 45 5 2
8 46 9 2
8 47 7 7
8 48 3 3
8 49 2 4
8 50 1 1
8 51 6 8
8 52 9 7
8 56 7 3
8 57 3 5
8 59 1 3
8 61 10 8
8 62 9 3
8 63 9 1
8 64 2 2
8 65 10 1
8 66 3 1
8 67 7 8
8 68 1 2
8 69 1 10
8 71 6 4
8 73 9 6
8 74 9 4
8 75 8 3
8 77 1 3
8 78 7 6
8 79 5 9
8 82 10 8
8 83 9 2
8 84 8 8
8 85 7 9
8 86 5 3
8 87 1 1
8 89 8 10
8 90 1 9
8 91 2 5
8 92 5 9
8 94 5 6
8 95 7 9
8 96 7 1
8 97 6 1
8 98 10 8
8 99 1 2
8 100 3 5
9 10 10 3
9 11 5 10
9 12 9 10
9 13 9 3
9 14 8 5
9 15 5 2
9 16 5 3
9 17 4 7
9 18 9 9
9 19 3 8
9 21 5 1
9 22 9 2
9 23 9 6
9 24 1 8
9 25 3 4
9 26 7 4
9 27 4 2
9 28 7 7
9 30 1 7
9 31 7 5
9 32 1 4
9 33 9 6
9 34 8 8
9 36 1 5
9 37 8 1
9 39 7 8
9 40 8 9
9 41 8 10
9 42 9 2
9 43 5 4
9 44 2 10
9 45 5 10
9 46 4 3
9 47 9 7
9 48 1 8
9 49 8 3
9 50 9 10
9 51 8 5
9 52 3 9
9 53 5 1
9 54 5 2
9 55 9 5
9 56 8 1
9 58 8 7
9 61 2 3
9 62 5 3
9 63 2 2
9 64 10 1
9 65 3 4
9 66 3 3
9 67 4 8
9 69 4 1
9 70 7 4
9 71 10 10
9 72 2 3
9 73 5 3
9 74 7 2
9 75 6 6
9 77 6 5
9 78 5 10
9 79 8 3
9 82 3 2
9 83 6 10
9 84 3 9
9 85 3 2
9 86 6 9
9 87 10 6
9 88 10 2
9 89 3 1
9 90 8 8
9 91 1 3
9 93 2 5
9 95 9 4
9 96 9 7
9 97 10 6
9 98 6 7
9 99 10 5
9 100 5 2
10 11 3 2
10 12 1 6
10 13 1 5
10 14 2 8
10 15 2 8
10 16 3 9
10 17 2 1
10 18 8 2
10 19 2 10
10 20 7 2
10 22 1 2
10 23 9 10
10 24 2 5
10 25 10 5
10 26 6 6
10 27 2 4
10 28 8 7
10 30 10 7
10 32 9 8
10 33 3 10
10 34 6 2
10 36 5 1
10 37 4 9
10 38 3 3
10 39 5 7
10 40 3 5
10 44 8 8
10 45 3 7
10 46 7 8
10 48 8 10
10 50 10 10
10 51 3 1
10 52 7 3
10 53 4 3
10 54 6 9
10 55 5 3
10 56 9 3
10 59 9 7
10 60 3 8
10 61 3 1
10 62 5 5
10 63 1 6
10 64 6 4
10 65 2 2
10 67 7 3
10 68 7 8
10 69 4 2
10 70 7 9
10 72 7 9
10 73 2 9
10 74 5 8
10 76 8 6
10 77 2 5
10 78 3 8
10 79 3 6
10 80 4 9
10 81 1 1
10 82 3 3
10 83 9 4
10 85 2 5
10 86 10 10
10 87 4 7
10 88 1 5
10 89 1 6
10 91 6 4
10 92 2 3
10 93 8 6
10 94 4 8
10 95 2 2
10 96 10 7
10 98 3 1
10 99 7 3
10 100 7 4
11 12 1 10
11 13 6 4
11 14 9 10
11 15 8 5
11 16 9 10
11 17 1 10
11 18 7 5
11 19 2 6
11 20 9 10
11 21 7 5
11 23 8 8
11 24 10 7
11 25 7 1
11 26 6 10
11 27 5 7
11 28 6 7
11 29 5 5
11 30 8 2
11 31 9 5
11 32 10 6
11 33 2 7
11 34 9 1
11 35 9 6
11 36 3 10
11 37 2 4
11 38 4 3
11 39 4 5
11 40 3 2
11 41 2 1
11 42 6 1
11 43 1 5
11 45 5 3
11 46 8 8
11 47 4 10
11 48 8 8
11 49 1 10
11 51 8 5
11 52 9 3
11 53 4 2
11 54 9 7
11 55 1 7
11 56 7 6
11 57 9 3
11 59 10 6
11 60 3 7
11 61 9 10
11 63 5 6
11 64 6 9
11 65 7 6
11 68 9 2
11 69 3 7
11 70 10 10
11 71 8 8
11 72 1 1
11 73 7 8
11 75 9 8
11 76 8 5
11 77 10 9
11 79 10 6
11 80 3 8
11 81 5 6
11 82 8 2
11 85 6 5
11 86 8 2
11 87 4 3
11 89 3 9
11 90 10 2
11 92 10 2
11 93 4 3
11 94 7 2
11 96 10 8
11 97 4 1
11 98 1 9
11 99 9 8
11 100 3 6
12 13 7 9
12 14 6 1
12 15 5 7
12 16 2 4
12 17 8 1
12 18 4 1
12 19 3 10
12 20 1 7
12 21 5 1
12 22 3 5
12 23 2 10
12 24 6 4
12 25 7 9
12 26 7 9
12 27 6 4
12 29 9 6
12 30 6 2
12 33 1 10
12 34 3 8
12 35 3 10
12 36 10 7
12 37 10 6
12 38 1 9
12 39 5 10
12 40 10 3
12 41 10 10
12 42 3 8
12 43 7 9
12 44 1 1
12 45 5 4
12 46 7 4
12 48 3 2
12 49 7 10
12 50 7 6
12 51 9 8
12 53 6 6
12 54 4 1
12 56 8 6
12 57 8 2
12 58 7 4
12 59 5 10
12 60 8 9
12 61 3 2
12 62 8 5
12 63 6 10
12 64 8 2
12 66 10 10
12 67 6 1
12 68 2 9
12 69 6 1
12 70 5 6
12 71 1 6
12 72 3 9
12 73 8 2
12 74 4 9
12 75 1 10
12 76 2 2
12 77 9 5
12 78 6 6
12 79 5 7
12 81 6 1
12 82 9 2
12 83 2 3
12 84 3 5
12 85 4 6
12 86 10 5
12 87 1 2
12 88 5 2
12 89 8 5
12 90 3 1
12 91 3 9
12 92 8 2
12 93 8 9
12 94 7 5
12 95 6 2
12 96 9 10
12 97 3 5
12 98 5 6
12 99 9 5
12 100 7 6
13 15 2 1
13 17 10 1
13 18 7 5
13 19 4 10
13 20 6 6
13 21 3 6
13 23 4 3
13 24 2 3
13 25 9 7
13 26 6 2
13 27 5 1
13 28 10 2
13 29 9 5
13 31 10 8
13 32 2 6
13 33 9 5
13 34 5 6
13 35 2 2
13 36 10 2
13 37 1 9
13 38 9 8
13 39 6 6
13 40 7 4
13 41 2 10
13 42 9 1
13 43 4 6
13 44 6 9
13 45 7 5
13 46 5 7
13 47 7 1
13 48 1 3
13 49 4 6
13 50 9 9
13 51 2 4
13 52 3 7
13 53 9 6
13 54 4 7
13 55 10 1
13 56 6 7
13 57 3 1
13 58 2 7
13 61 5 7
13 62 9 2
13 63 7 7
13 65 7 7
13 66 9 8
13 68 1 7
13 69 8 5
13 70 7 9
13 71 7 9
13 73 6 3
13 74 8 3
13 75 10 9
13 76 9 3
13 78 1 7
13 79 5 3
13 80 6 7
13 81 9 5
13 82 7 2
13 83 3 1
13 85 7 2
13 86 8 1
13 87 1 5
13 88 3 8
13 89 7 9
13 90 8 3
13 91 6 9
13 92 4 2
13 93 4 4
13 97 3 1
13 99 10 2
13 100 8 8
14 15 9 10
14 17 7 2
14 18 4 8
14 19 5 3
14 20 3 2
14 22 9 9
14 25 7 6
14 26 6 6
14 27 6 6
14 28 10 1
14 29 10 4
14 30 9 8
14 33 7 2
14 34 5 4
14 35 3 2
14 36 7 2
14 37 6 7
14 39 6 7
14 40 1 9
14 42 6 3
14 43 6 2
14 44 7 5
14 45 1 1
14 46 7 2
14 47 9 6
14 48 1 7
14 49 7 6
14 51 6 4
14 52 4 10
14 53 3 8
14 54 1 7
14 57 4 9
14 58 2 9
14 59 1 1
14 60 5 6
14 62 10 2
14 64 7 1
14 66 9 4
14 67 2 9
14 69 2 7
14 70 5 2
14 71 10 7
14 72 3 5
14 73 10 10
14 77 8 2
14 78 5 6
14 79 7 3
14 80 5 7
14 82 4 2
14 83 7 7
14 84 3 4
14 85 4 3
14 86 10 1
14 88 2 1
14 89 8 4
14 90 2 8
14 91 7 8
14 92 3 3
14 93 8 4
14 94 4 6
14 95 1 10
14 96 9 3
14 97 10 10
14 99 7 5
14 100 9 10
15 16 10 4
15 19 2 2
15 20 5 3
15 21 3 8
15 22 4 4
15 23 5 9
15 24 1 5
15 26 5 3
15 27 7 4
15 28 10 4
15 29 7 2
15 30 5 8
15 31 8 7
15 32 4 9
15 33 5 1
15 34 8 1
15 35 1 10
15 36 7 7
15 38 10 2
15 39 9 6
15 40 2 8
15 41 10 9
15 42 6 3
15 44 2 9
15 46 10 7
15 47 9 5
15 48 3 7
15 49 7 3
15 50 10 1
15 51 2 5
15 52 10 1
15 53 8 2
15 54 7 8
15 55 5 6
15 56 8 8
15 58 2 1
15 59 6 6
15 60 7 10
15 61 3 9
15 62 5 9
15 63 5 9
15 64 6 8
15 65 4 3
15 67 2 10
15 68 2 9
15 70 6 8
15 71 9 4
15 73 9 6
15 74 10 10
15 76 9 6
15 77 2 3
15 78 7 5
15 79 4 5
15 81 6 6
15 82 1 4
15 83 5 2
15 84 4 8
15 85 4 4
15 86 7 7
15 87 6 7
15 88 9 4
15 89 3 5
15 90 8 10
15 91 10 10
15 92 4 6
15 93 2 1
15 94 1 5
15 95 5 10
15 96 6 1
15 98 10 6
15 99 10 9
15 100 2 7
16 17 10 3
16 18 2 2
16 19 7 9
16 20 5 7
16 21 5 4
16 23 7 7
16 24 5 1
16 25 3 4
16 27 4 7
16 28 4 5
16 29 8 1
16 30 7 10
16 31 7 3
16 34 10 5
16 36 7 10
16 37 4 9
16 38 3 7
16 41 2 8
16 43 6 1
16 44 10 3
16 45 4 4
16 46 2 6
16 47 9 10
16 48 6 10
16 49 4 1
16 50 5 1
16 51 3 2
16 52 1 4
16 53 7 2
16 54 3 10
16 55 4 9
16 56 2 6
16 57 4 8
16 58 10 9
16 60 7 6
16 61 1 2
16 62 3 10
16 64 5 5
16 65 2 10
16 67 3 6
16 68 10 8
16 69 6 2
16 70 4 5
16 71 5 6
16 72 9 5
16 73 9 4
16 74 3 10
16 75 9 7
16 76 7 1
16 79 9 9
16 80 1 9
16 81 9 8
16 84 6 4
16 85 2 7
16 86 1 1
16 88 2 2
16 89 6 10
16 90 5 2
16 91 6 2
16 92 2 3
16 93 6 3
16 94 6 5
16 95 6 2
16 96 9 5
16 97 9 5
16 98 2 10
16 99 3 6
16 100 6 4
17 18 4 10
17 19 9 9
17 20 5 5
17 22 10 3
17 23 8 4
17 24 9 6
17 25 4 9
17 27 7 4
17 28 8 3
17 29 10 4
17 30 2 2
17 31 6 2
17 35 2 9
17 36 1 3
17 37 4 2
17 38 9 5
17 39 7 9
17 40 9 1
17 42 8 3
17 43 6 8
17 44 2 4
17 45 1 6
17 46 10 1
17 47 1 2
17 50 6 4
17 51 2 3
17 52 4 6
17 53 7 10
17 54 4 4
17 55 5 8
17 56 5 6
17 57 9 2
17 58 1 8
17 59 2 8
17 61 8 6
17 64 5 8
17 66 10 2
17 67 9 10
17 68 7 5
17 69 8 3
17 70 8 4
17 71 8 2
17 72 9 6
17 73 6 5
17 74 7 9
17 75 9 2
17 78 5 5
17 79 1 7
17 80 8 9
17 81 1 3
17 82 10 5
17 83 4 8
17 84 1 9
17 85 8 4
17 86 3 5
17 87 5 8
17 88 5 7
17 91 5 8
17 92 6 10
17 93 10 3
17 94 1 7
17 95 1 5
17 97 3 10
17 98 5 7
17 99 7 7
17 100 5 2
18 19 4 2
18 20 10 7
18 21 7 6
18 22 4 1
18 23 7 4
18 24 6 3
18 25 9 4
18 26 8 6
18 28 9 2
18 29 10 4
18 30 5 3
18 31 2 10
18 32 4 7
18 33 7 4
18 35 7 4
18 36 4 5
18 37 4 10
18 38 1 7
18 39 5 7
18 40 3 8
18 41 9 1
18 42 4 10
18 43 1 2
18 44 1 6
18 45 5 4
18 46 3 6
18 47 6 4
18 49 1 4
18 50 8 3
18 52 4 9
18 53 1 5
18 54 10 1
18 56 10 5
18 57 4 9
18 58 10 6
18 59 7 1
18 60 9 7
18 63 6 3
18 64 8 2
18 65 4 2
18 66 2 3
18 67 3 2
18 68 9 5
18 69 7 2
18 70 10 6
18 72 10 4
18 73 9 6
18 74 4 6
18 75 7 2
18 77 5 9
18 78 2 4
18 79 1 1
18 80 9 3
18 81 10 1
18 82 10 9
18 83 6 6
18 84 6 10
18 85 7 1
18 86 2 5
18 87 9 9
18 88 4 5
18 90 9 1
18 91 3 9
18 92 4 3
18 93 2 1
18 95 9 8
18 97 6 5
18 98 7 10
18 99 3 5
18 100 1 2
19 20 4 3
19 21 6 9
19 24 1 1
19 25 6 1
19 26 8 5
19 27 2 2
19 28 7 9
19 29 4 9
19 30 9 9
19 31 1 10
19 32 10 9
19 33 10 9
19 34 7 1
19 35 1 1
19 36 10 6
19 37 4 5
19 39 3 1
19 40 6 5
19 41 5 3
19 42 9 1
19 44 4 5
19 45 8 5
19 46 9 7
19 47 2 7
19 48 3 7
19 49 9 3
19 50 2 1
19 51 9 9
19 52 4 2
19 53 6 1
19 55 5 3
19 57 4 3
19 59 10 4
19 60 1 7
19 61 8 7
19 63 8 8
19 64 10 4
19 65 2 7
19 66 7 9
19 67 8 9
19 68 2 8
19 69 1 4
19 71 5 10
19 72 3 1
19 73 3 6
19 75 5 6
19 76 6 1
19 77 3 7
19 78 6 6
19 79 5 6
19 80 8 9
19 81 1 8
19 83 1 4
19 85 10 3
19 86 6 8
19 87 10 6
19 88 6 2
19 89 10 4
19 91 5 7
19 93 6 8
19 95 3 4
19 96 3 10
19 97 5 4
19 98 5 3
19 100 5 8
20 21 1 2
20 22 7 1
20 23 1 4
20 24 3 9
20 26 3 1
20 27 4 5
20 28 8 8
20 29 3 4
20 30 9 8
20 31 10 1
20 33 5 7
20 34 7 6
20 35 2 9
20 37 7 6
20 39 1 3
20 40 1 3
20 41 3 1
20 42 10 4
20 43 9 7
20 44 3 7
20 45 6 3
20 46 3 1
20 47 8 1
20 48 2 8
20 49 10 9
20 50 7 3
20 51 9 8
20 52 9 5
20 53 9 6
20 54 10 8
20 55 5 8
20 56 7 10
20 57 2 4
20 58 8 5
20 59 4 10
20 60 3 10
20 61 9 4
20 63 10 7
20 64 6 7
20 65 10 6
20 67 5 2
20 69 10 4
20 70 6 10
20 72 8 8
20 73 3 8
20 74 2 10
20 75 1 4
20 76 4 4
20 77 5 1
20 78 3 5
20 79 10 10
20 80 6 4
20 82 3 6
20 83 8 4
20 84 4 5
20 85 1 4
20 86 3 7
20 88 6 9
20 89 10 1
20 91 2 9
20 95 5 7
20 96 1 2
20 97 5 5
20 98 4 2
20 99 9 7
21 22 6 4
21 23 4 2
21 24 10 8
21 25 8 6
21 26 2 7
21 28 10 3
21 29 8 4
21 30 1 5
21 31 3 10
21 32 4 6
21 34 10 7
21 35 4 6
21 36 5 3
21 37 9 3
21 39 1 2
21 40 1 4
21 42 7 3
21 43 10 9
21 44 6 9
21 45 10 9
21 46 3 6
21 47 10 5
21 48 1 6
21 49 8 1
21 50 3 2
21 51 10 1
21 52 3 8
21 53 9 3
21 54 9 6
21 56 5 8
21 57 2 5
21 58 5 4
21 59 8 4
21 60 6 1
21 61 10 6
21 62 2 3
21 63 9 8
21 64 5 4
21 65 7 3
21 67 1 4
21 68 3 5
21 69 8 2
21 70 8 3
21 71 8 3
21 72 5 9
21 73 1 8
21 74 4 8
21 75 7 5
21 76 7 2
21 77 4 5
21 78 8 9
21 79 3 7
21 80 4 3
21 81 7 7
21 83 6 9
21 85 1 2
21 86 3 3
21 89 1 4
21 90 3 9
21 91 7 5
21 92 1 2
21 93 2 6
21 94 7 4
21 95 4 6
21 96 6 2
21 97 8 6
21 98 2 7
21 99 9 7
21 100 3 6
22 24 3 4
22 25 2 9
22 27 3 5
22 28 5 3
22 30 7 3
22 32 9 8
22 34 4 10
22 36 2 5
22 37 6 3
22 38 3 5
22 40 7 8
22 42 5 6
22 43 10 4
22 44 9 8
22 46 10 4
22 47 4 5
22 48 7 10
22 49 4 9
22 50 7 2
22 51 7 1
22 53 4 4
22 54 1 10
22 55 6 3
22 57 2 1
22 58 4 1
22 59 6 4
22 60 2 6
22 61 3 2
22 62 6 6
22 63 1 9
22 64 5 7
22 65 6 1
22 66 10 4
22 67 9 2
22 68 10 8
22 69 1 5
22 71 3 9
22 72 8 4
22 73 9 1
22 74 6 7
22 76 6 9
22 77 10 5
22 78 1 6
22 79 7 6
22 81 7 4
22 82 4 2
22 83 4 7
22 84 8 10
22 85 4 2
22 86 7 3
22 87 2 5
22 88 7 8
22 89 1 2
22 90 2 9
22 91 1 2
22 92 7 3
22 93 2 9
22 94 2 7
22 95 1 3
22 97 4 4
22 98 9 2
22 99 4 5
22 100 3 3
23 24 4 2
23 25 6 1
23 26 6 10
23 27 8 1
23 29 6 4
23 30 7 2
23 31 10 3
23 32 6 5
23 33 1 3
23 35 6 10
23 36 8 4
23 37 7 3
23 38 9 1
23 39 5 2
23 40 2 6
23 42 9 2
23 43 7 10
23 44 9 10
23 45 3 6
23 46 6 9
23 47 7 10
23 48 4 7
23 49 4 9
23 51 2 8
23 52 8 6
23 53 5 3
23 55 5 3
23 56 7 8
23 59 2 2
23 60 9 2
23 61 9 7
23 62 8 3
23 63 8 6
23 64 10 8
23 65 5 2
23 66 2 8
23 67 2 4
23 68 8 8
23 69 2 8
23 70 7 6
23 71 6 8
23 72 7 3
23 73 5 10
23 74 10 8
23 75 9 6
23 76 2 1
23 77 6 6
23 78 7 6
23 79 6 2
23 80 5 5
23 81 4 7
23 82 7 4
23 83 2 5
23 84 10 6
23 85 9 3
23 86 10 3
23 87 9 7
23 88 9 4
23 89 5 10
23 90 10 7
23 92 3 8
23 93 7 3
23 95 3 10
23 96 10 3
23 97 4 7
23 98 4 10
23 100 5 8
24 25 4 4
24 26 10 3
24 27 6 7
24 28 2 4
24 29 2 2
24 31 1 9
24 32 10 2
24 33 1 9
24 34 2 7
24 35 2 7
24 38 6 10
24 39 9 8
24 40 10 1
24 41 5 8
24 42 5 7
24 43 3 5
24 45 2 4
24 46 1 9
24 47 5 6
24 48 5 9
24 49 9 8
24 50 8 6
24 51 7 6
24 52 10 7
24 53 10 7
24 54 2 7
24 55 2 10
24 57 5 4
24 58 4 10
24 59 9 3
24 60 10 7
24 61 2 2
24 62 4 7
24 63 9 4
24 64 5 7
24 66 9 6
24 67 10 1
24 68 6 8
24 69 7 8
24 70 1 7
24 71 5 4
24 72 8 5
24 73 1 5
24 74 5 7
24 75 7 4
24 76 9 1
24 77 8 5
24 78 7 5
24 80 8 5
24 81 5 6
24 84 4 10
24 85 2 7
24 86 9 7
24 87 10 7
24 88 2 4
24 89 6 8
24 90 1 1
24 91 7 9
24 92 10 4
24 94 5 7
24 95 8 10
24 96 4 2
24 97 8 4
24 98 2 6
25 26 1 1
25 27 9 8
25 28 10 2
25 29 9 10
25 30 6 2
25 31 5 8
25 32 2 3
25 33 1 2
25 35 9 7
25 36 6 9
25 37 8 10
25 38 6 8
25 39 10 10
25 40 2 5
25 42 4 6
25 44 6 4
25 45 10 4
25 46 10 4
25 47 7 1
25 48 5 9
25 49 9 2
25 50 6 9
25 52 8 8
25 53 1 7
25 54 5 4
25 56 2 3
25 57 6 7
25 58 8 8
25 59 5 6
25 61 4 10
25 63 7 7
25 64 10 7
25 65 5 7
25 67 6 7
25 68 2 2
25 69 2 6
25 70 7 10
25 73 2 3
25 74 6 5
25 75 2 6
25 76 3 7
25 77 2 7
25 78 6 1
25 79 7 5
25 80 5 9
25 81 6 3
25 82 7 6
25 83 10 6
25 84 1 5
25 86 4 1
25 87 10 1
25 88 3 7
25 90 9 9
25 91 7 6
25 92 6 4
25 93 10 2
25 94 6 4
25 95 9 4
25 96 6 6
25 97 8 9
25 98 6 2
25 99 5 3
25 100 6 10
26 27 4 7
26 28 7 3
26 29 3 6
26 30 5 2
26 32 6 5
26 35 3 3
26 37 2 10
26 39 5 4
26 40 2 3
26 41 7 4
26 42 2 10
26 43 9 9
26 44 8 10
26 45 2 2
26 46 2 2
26 47 5 5
26 48 2 1
26 49 9 2
26 50 3 1
26 51 10 4
26 53 8 6
26 54 4 6
26 55 8 1
26 56 2 5
26 57 1 8
26 58 9 7
26 59 6 2
26 60 1 5
26 61 4 5
26 62 2 10
26 64 5 6
26 67 1 3
26 68 7 10
26 69 1 9
26 71 5 1
26 72 7 8
26 73 9 10
26 74 2 7
26 75 5 8
26 76 4 10
26 77 8 1
26 78 10 1
26 79 8 1
26 80 3 10
26 81 1 1
26 82 4 5
26 83 6 9
26 84 9 7
26 85 9 7
26 87 2 10
26 88 2 1
26 89 8 8
26 90 7 9
26 92 4 10
26 93 6 8
26 94 10 9
26 95 6 6
26 96 1 5
26 98 9 4
26 100 10 1
27 28 3 2
27 29 8 10
27 30 4 6
27 31 1 10
27 32 1 5
27 33 4 10
27 34 9 7
27 35 1 6
27 36 8 6
27 37 3 1
27 38 7 9
27 41 9 9
27 42 7 1
27 43 6 1
27 44 3 4
27 45 6 5
27 46 1 10
27 47 6 6
27 48 7 4
27 49 5 2
27 50 9 6
27 51 5 10
27 52 10 6
27 53 7 7
27 54 9 7
27 55 5 5
27 56 3 7
27 58 1 8
27 59 6 4
27 60 1 7
27 61 4 8
27 62 9 9
27 63 4 6
27 64 9 9
27 65 6 5
27 66 7 9
27 67 3 2
27 68 6 9
27 70 6 1
27 71 10 3
27 72 1 10
27 73 7 6
27 74 1 8
27 75 10 8
27 76 3 9
27 77 2 2
27 78 5 7
27 79 2 4
27 80 3 2
27 83 1 5
27 84 6 9
27 85 5 10
27 86 3 4
27 87 4 5
27 89 4 7
27 90 5 4
27 91 10 9
27 92 8 3
27 93 2 8
27 94 2 7
27 95 5 2
27 96 9 3
27 97 5 9
27 98 5 1
28 30 3 1
28 31 10 1
28 33 7 8
28 34 6 1
28 35 4 1
28 36 5 7
28 37 9 10
28 38 6 3
28 39 10 4
28 40 1 7
28 41 2 7
28 42 10 6
28 43 1 9
28 44 1 10
28 45 3 9
28 46 1 4
28 47 3 4
28 48 9 6
28 49 5 1
28 50 2 2
28 51 9 9
28 52 7 9
28 53 6 2
28 54 10 8
28 55 8 5
28 56 4 6
28 57 7 2
28 58 1 9
28 59 4 5
28 60 9 2
28 64 1 1
28 65 8 10
28 66 8 10
28 67 7 1
28 68 7 1
28 70 8 6
28 72 7 4
28 73 6 9
28 74 1 9
28 75 9 2
28 76 1 1
28 77 4 1
28 78 10 6
28 79 10 8
28 80 5 3
28 82 6 2
28 83 10 10
28 84 3 4
28 86 6 10
28 87 6 8
28 88 3 7
28 89 7 1
28 90 2 3
28 91 2 3
28 92 10 2
28 93 3 1
28 94 5 7
28 95 4 4
28 98 9 2
28 99 6 6
28 100 4 8
29 30 8 4
29 31 1 2
29 32 1 6
29 33 2 8
29 34 10 10
29 35 4 9
29 36 9 10
29 37 10 6
29 38 9 3
29 40 5 4
29 41 4 8
29 42 4 2
29 43 6 1
29 45 1 5
29 47 9 10
29 48 4 7
29 49 2 7
29 50 2 2
29 51 1 10
29 52 1 7
29 53 10 10
29 55 6 6
29 59 10 10
29 60 6 8
29 61 10 7
29 62 8 2
29 63 6 8
29 65 5 8
29 67 4 2
29 68 3 9
29 69 4 8
29 71 1 9
29 72 4 2
29 74 6 9
29 75 8 7
29 76 1 3
29 77 1 7
29 78 9 6
29 79 3 9
29 80 10 5
29 81 1 2
29 82 1 5
29 83 6 10
29 85 2 1
29 86 7 3
29 87 5 10
29 88 1 7
29 89 1 8
29 92 1 8
29 93 7 2
29 94 4 8
29 97 9 5
29 98 5 5
29 99 4 6
29 100 7 4
30 31 5 5
30 32 1 4
30 33 4 6
30 34 5 6
30 36 6 6
30 37 6 2
30 39 2 1
30 40 10 9
30 42 3 10
30 43 7 7
30 46 10 4
30 49 9 3
30 50 2 1
30 51 4 2
30 53 9 9
30 54 5 1
30 56 3 4
30 57 1 9
30 59 9 4
30 61 8 6
30 62 10 8
30 63 1 8
30 65 5 8
30 66 6 4
30 67 8 2
30 68 1 2
30 69 1 9
30 70 4 4
30 71 1 1
30 72 6 2
30 73 3 6
30 74 9 10
30 75 2 10
30 76 1 9
30 77 2 3
30 79 8 7
30 80 5 4
30 81 5 1
30 82 3 4
30 83 6 5
30 84 4 8
30 85 6 1
30 88 10 1
30 90 7 2
30 92 5 6
30 94 5 2
30 95 8 8
30 96 9 4
30 97 6 1
30 98 10 4
30 99 6 6
30 100 3 8
31 32 3 2
31 33 4 6
31 34 5 2
31 35 7 7
31 36 4 9
31 37 8 3
31 38 10 2
31 39 8 5
31 40 8 9
31 42 7 8
31 43 6 5
31 44 6 4
31 45 1 3
31 46 9 4
31 48 8 3
31 50 2 4
31 51 5 9
31 52 7 5
31 54 4 4
31 56 4 9
31 57 10 6
31 58 10 4
31 59 4 7
31 60 5 1
31 61 9 2
31 62 3 10
31 63 8 6
31 64 2 10
31 65 10 8
31 66 2 10
31 67 5 4
31 68 5 1
31 69 4 3
31 70 5 5
31 71 4 9
31 72 1 4
31 73 6 7
31 77 2 10
31 79 8 5
31 80 6 2
31 81 2 3
31 82 8 1
31 83 8 8
31 84 5 9
31 85 6 10
31 86 8 10
31 87 1 3
31 89 7 1
31 91 9 5
31 92 4 6
31 93 5 6
31 95 7 7
31 96 10 5
31 97 4 2
31 98 2 5
31 99 6 3
31 100 7 7
32 33 9 8
32 34 5 10
32 35 6 9
32 37 3 5
32 38 6 2
32 39 3 9
32 40 8 1
32 42 6 10
32 43 2 9
32 44 3 10
32 46 3 8
32 47 9 8
32 48 8 3
32 49 8 9
32 50 4 1
32 51 2 5
32 53 9 6
32 54 1 1
32 55 2 1
32 56 2 7
32 57 2 9
32 58 2 3
32 59 10 3
32 60 4 9
32 61 1 9
32 63 1 3
32 64 3 3
32 66 6 2
32 67 3 6
32 68 6 6
32 69 6 4
32 70 10 1
32 72 4 7
32 73 3 2
32 74 9 5
32 75 9 5
32 76 2 4
32 77 1 8
32 78 1 5
32 79 5 2
32 80 5 5
32 81 1 2
32 82 1 6
32 83 3 2
32 84 8 5
32 85 7 7
32 86 2 7
32 87 4 1
32 89 8 1
32 90 6 6
32 91 2 4
32 92 1 6
32 93 4 2
32 94 8 2
32 95 9 10
32 97 1 6
32 98 4 9
32 100 4 2
33 34 7 8
33 35 7 7
33 36 2 3
33 37 9 4
33 39 4 4
33 40 7 1
33 41 10 5
33 43 6 5
33 44 7 9
33 46 5 1
33 47 7 2
33 48 8 9
33 49 5 3
33 50 2 5
33 52 10 2
33 53 6 4
33 55 7 8
33 57 7 6
33 58 8 1
33 59 8 2
33 60 9 7
33 62 6 8
33 63 8 8
33 64 10 9
33 65 7 4
33 66 8 6
33 67 3 9
33 68 10 2
33 69 5 2
33 71 4 6
33 72 8 8
33 73 1 10
33 74 1 6
33 75 8 8
33 76 7 2
33 80 5 9
33 81 5 6
33 82 5 4
33 83 6 3
33 84 10 1
33 85 3 3
33 86 9 8
33 87 4 2
33 88 4 8
33 89 9 1
33 90 9 1
33 91 6 3
33 92 4 3
33 94 4 7
33 95 8 5
33 96 9 1
33 97 7 9
33 98 8 3
33 99 9 5
33 100 2 3
34 35 7 6
34 36 9 6
34 37 9 9
34 38 3 3
34 41 4 5
34 42 7 1
34 43 4 3
34 44 3 3
34 45 3 7
34 46 1 9
34 47 10 4
34 48 2 6
34 49 1 9
34 51 3 4
34 52 3 4
34 53 9 1
34 54 9 7
34 55 5 5
34 56 6 10
34 57 2 4
34 58 4 4
34 60 7 3
34 61 1 6
34 62 7 9
34 64 3 9
34 65 2 6
34 67 10 8
34 69 6 3
34 70 9 7
34 72 4 1
34 73 2 3
34 75 3 2
34 76 10 8
34 77 10 10
34 79 5 4
34 80 6 8
34 82 9 9
34 85 5 5
34 86 3 7
34 87 3 8
34 88 1 10
34 89 3 7
34 90 9 1
34 92 1 3
34 95 1 10
34 96 9 9
34 97 4 9
34 98 8 5
34 99 6 10
34 100 4 5
35 36 9 7
35 38 10 7
35 39 1 8
35 40 7 9
35 41 3 4
35 42 4 7
35 43 1 2
35 44 2 10
35 45 5 7
35 46 9 1
35 47 2 4
35 48 9 4
35 49 1 10
35 52 8 8
35 53 7 10
35 54 9 6
35 55 3 1
35 56 7 9
35 57 2 2
35 58 5 8
35 61 7 9
35 62 1 5
35 63 1 10
35 64 1 1
35 65 6 8
35 66 7 5
35 67 2 5
35 68 8 3
35 69 9 1
35 70 2 4
35 71 1 9
35 72 9 2
35 74 5 9
35 75 3 4
35 76 6 2
35 77 10 9
35 78 1 6
35 79 4 10
35 81 3 10
35 83 10 1
35 84 8 7
35 87 1 8
35 88 1 7
35 89 7 4
35 90 8 6
35 91 8 5
35 92 4 4
35 93 8 1
35 94 9 8
35 96 10 7
35 98 2 3
35 99 6 6
36 37 10 6
36 38 4 6
36 39 1 1
36 40 10 5
36 42 7 4
36 43 5 3
36 44 5 9
36 45 1 7
36 46 7 7
36 48 4 1
36 49 3 10
36 50 5 7
36 51 5 8
36 52 2 6
36 53 2 10
36 55 8 3
36 56 4 5
36 57 10 10
36 58 5 4
36 59 4 1
36 60 9 5
36 61 7 4
36 62 10 8
36 63 8 8
36 64 8 6
36 66 4 10
36 67 6 3
36 68 4 9
36 69 8 9
36 70 8 10
36 71 9 3
36 72 8 10
36 73 1 7
36 75 2 9
36 76 7 6
36 77 7 9
36 78 9 2
36 79 5 9
36 81 10 9
36 82 6 7
36 83 3 6
36 84 4 8
36 88 5 9
36 90 10 6
36 91 3 4
36 92 10 7
36 93 4 1
36 94 8 2
36 96 9 7
36 98 10 3
36 99 6 7
36 100 6 9
37 38 6 10
37 41 10 4
37 42 9 9
37 43 8 6
37 44 1 10
37 45 3 2
37 46 6 7
37 47 3 10
37 48 7 3
37 49 5 9
37 51 2 3
37 52 5 7
37 53 9 9
37 55 5 6
37 57 7 6
37 59 8 3
37 60 7 9
37 61 5 5
37 64 10 6
37 67 2 2
37 68 8 8
37 69 7 9
37 72 9 8
37 73 10 7
37 74 5 6
37 75 2 7
37 76 1 8
37 77 2 7
37 78 9 7
37 81 2 2
37 83 6 7
37 84 1 9
37 86 8 6
37 87 4 6
37 89 3 7
37 90 4 7
37 91 10 8
37 93 9 10
37 94 7 1
37 95 5 7
37 96 3 5
37 98 6 1
37 99 5 1
37 100 3 7
38 39 8 3
38 40 9 10
38 41 9 8
38 42 5 4
38 43 4 6
38 44 8 1
38 46 1 5
38 47 8 1
38 48 5 8
38 51 5 3
38 52 4 6
38 53 10 2
38 54 8 4
38 55 10 1
38 56 5 6
38 57 7 1
38 58 2 2
38 59 3 5
38 61 7 4
38 62 3 10
38 63 8 7
38 64 1 2
38 66 1 10
38 67 2 7
38 68 7 6
38 69 10 10
38 70 2 7
38 71 7 2
38 72 4 1
38 73 3 9
38 74 2 9
38 75 3 1
38 76 1 4
38 78 2 3
38 81 2 3
38 82 1 5
38 83 10 3
38 85 3 4
38 86 10 7
38 87 8 5
38 88 5 6
38 89 7 5
38 90 5 1
38 91 6 2
38 92 9 1
38 94 7 4
38 95 1 6
38 96 6 4
38 97 4 9
38 98 7 5
38 99 1 9
38 100 3 2
39 40 1 7
39 41 7 10
39 42 2 5
39 43 6 2
39 44 9 4
39 45 6 2
39 46 10 1
39 47 8 1
39 48 9 1
39 49 4 8
39 50 1 10
39 51 3 6
39 52 8 9
39 53 6 1
39 54 5 6
39 55 10 7
39 57 2 2
39 58 2 6
39 59 7 7
39 60 8 10
39 61 8 2
39 62 3 5
39 63 8 6
39 64 4 7
39 65 9 2
39 67 4 3
39 68 5 8
39 69 3 3
39 70 9 3
39 72 5 4
39 73 1 7
39 75 3 1
39 77 3 2
39 78 6 8
39 80 6 6
39 82 7 5
39 83 9 8
39 84 4 1
39 85 4 10
39 86 3 10
39 87 2 2
39 90 6 6
39 91 4 10
39 93 10 5
39 94 8 9
39 95 7 6
39 96 9 8
39 97 6 6
39 98 8 4
39 99 1 7
40 41 7 9
40 43 2 3
40 44 8 1
40 45 8 6
40 48 8 8
40 49 1 6
40 50 7 9
40 51 1 2
40 52 6 7
40 54 5 1
40 55 3 6
40 56 8 10
40 57 8 5
40 58 9 6
40 59 2 8
40 60 3 5
40 61 8 6
40 62 10 4
40 63 7 2
40 64 1 7
40 65 6 4
40 67 6 10
40 68 2 7
40 69 9 9
40 70 10 2
40 73 5 7
40 74 6 2
40 75 4 7
40 76 6 5
40 77 6 10
40 78 2 5
40 79 5 5
40 80 9 8
40 81 10 9
40 83 1 6
40 84 7 2
40 87 9 10
40 88 5 10
40 89 3 4
40 90 8 10
40 93 9 8
40 94 1 8
40 95 2 4
40 96 6 7
40 97 4 8
40 98 1 3
40 99 9 10
40 100 8 2
41 42 7 8
41 43 8 4
41 44 2 1
41 45 2 8
41 46 4 2
41 47 1 9
41 48 9 10
41 49 1 5
41 50 10 4
41 51 8 2
41 52 10 6
41 54 1 8
41 55 2 8
41 56 10 9
41 58 6 4
41 60 2 3
41 63 1 7
41 66 7 8
41 67 4 4
41 69 2 7
41 71 3 7
41 72 9 4
41 73 4 3
41 74 2 8
41 75 5 3
41 76 6 7
41 77 2 5
41 79 1 10
41 80 4 5
41 81 3 2
41 82 7 3
41 83 1 9
41 84 1 5
41 85 6 2
41 86 10 1
41 87 4 1
41 89 6 5
41 90 6 3
41 91 5 2
41 93 1 4
41 94 10 2
41 97 7 4
41 98 5 3
41 99 9 9
42 43 7 5
42 44 4 3
42 45 8 5
42 47 6 10
42 50 7 2
42 53 3 2
42 56 10 2
42 57 10 5
42 58 4 4
42 59 2 7
42 60 6 5
42 62 1 3
42 64 7 7
42 65 3 7
42 67 7 6
42 68 1 9
42 69 7 1
42 70 2 6
42 71 3 10
42 72 2 7
42 73 10 2
42 74 4 4
42 75 1 5
42 76 10 10
42 77 3 10
42 78 4 2
42 79 1 8
42 81 10 6
42 82 5 10
42 83 9 9
42 84 2 4
42 86 10 9
42 88 5 6
42 89 1 5
42 90 2 3
42 91 6 4
42 93 10 4
42 94 1 8
42 95 2 2
42 96 8 2
42 98 1 6
42 99 7 4
42 100 1 2
43 44 10 10
43 47 10 1
43 49 1 5
43 50 1 3
43 51 5 2
43 52 8 5
43 53 7 9
43 54 7 7
43 55 3 4
43 56 2 10
43 58 7 4
43 59 9 9
43 60 3 1
43 61 1 3
43 62 7 3
43 63 1 6
43 64 2 10
43 65 2 5
43 67 10 6
43 68 5 10
43 69 8 10
43 71 5 5
43 72 8 6
43 73 3 10
43 75 4 5
43 76 2 1
43 77 7 10
43 79 9 9
43 80 3 3
43 81 1 1
43 82 5 9
43 83 9 4
43 84 4 6
43 85 9 6
43 86 4 10
43 89 10 1
43 90 7 1
43 91 5 6
43 92 5 8
43 94 10 7
43 96 4 8
43 97 10 4
43 98 2 7
43 99 1 10
43 100 4 10
44 45 6 7
44 47 5 3
44 48 8 3
44 49 3 1
44 50 8 1
44 51 9 4
44 52 10 10
44 53 9 5
44 55 2 1
44 56 3 3
44 57 7 7
44 58 6 1
44 59 4 9
44 60 3 5
44 64 9 3
44 66 6 3
44 68 4 9
44 69 8 2
44 70 4 1
44 71 3 9
44 72 5 3
44 73 8 3
44 74 9 3
44 76 3 6
44 77 3 7
44 78 10 5
44 79 9 1
44 80 6 6
44 81 2 9
44 83 8 9
44 85 5 1
44 87 3 10
44 89 1 1
44 90 2 3
44 91 9 2
44 93 9 10
44 94 8 7
44 95 2 8
44 96 3 7
44 97 7 7
44 98 9 7
44 99 9 7
44 100 8 7
45 46 3 7
45 47 1 10
45 48 6 6
45 50 1 1
45 51 9 6
45 52 6 4
45 54 7 4
45 55 1 3
45 56 7 6
45 58 9 8
45 59 3 7
45 60 4 3
45 61 10 7
45 62 2 6
45 63 5 3
45 64 3 9
45 65 3 9
45 67 3 10
45 68 5 9
45 69 8 8
45 70 10 8
45 71 2 10
45 72 2 1
45 74 2 6
45 75 1 9
45 76 7 1
45 77 1 3
45 78 7 10
45 79 9 4
45 80 5 1
45 81 7 6
45 83 8 6
45 85 8 8
45 86 1 10
45 87 10 1
45 88 7 10
45 89 7 10
45 90 3 5
45 91 10 2
45 92 2 5
45 93 9 3
45 94 3 1
45 96 9 10
45 97 5 8
45 99 1 1
45 100 7 5
46 47 1 6
46 49 10 10
46 50 2 8
46 51 8 10
46 52 8 6
46 53 9 4
46 54 3 10
46 55 7 2
46 56 9 7
46 57 10 8
46 58 9 9
46 59 7 10
46 61 7 2
46 62 7 8
46 64 4 3
46 67 5 8
46 68 3 10
46 70 4 7
46 71 2 1
46 72 10 3
46 76 8 1
46 78 6 8
46 79 8 4
46 80 1 4
46 81 4 8
46 82 8 8
46 84 2 2
46 85 2 2
46 86 10 5
46 88 3 3
46 90 9 9
46 92 6 9
46 93 4 3
46 94 10 9
46 96 1 2
46 97 6 5
46 98 5 6
46 99 6 2
47 48 10 6
47 49 1 10
47 50 2 1
47 51 1 7
47 52 7 4
47 53 3 1
47 56 6 4
47 58 5 5
47 59 5 6
47 60 7 5
47 61 1 9
47 62 4 6
47 63 10 7
47 64 4 5
47 65 9 5
47 67 1 2
47 68 2 6
47 69 3 8
47 70 1 8
47 71 3 8
47 72 6 10
47 73 2 5
47 74 6 7
47 75 5 1
47 76 7 9
47 77 4 3
47 79 5 7
47 80 9 4
47 81 7 4
47 82 5 8
47 83 4 2
47 85 2 7
47 86 2 1
47 87 6 4
47 89 8 1
47 90 6 2
47 92 6 8
47 96 5 1
47 97 6 7
47 98 2 10
47 99 6 1
47 100 7 9
48 50 2 10
48 51 9 4
48 52 3 3
48 53 9 5
48 54 1 3
48 55 8 3
48 56 9 10
48 58 6 4
48 60 6 7
48 61 8 9
48 63 3 6
48 64 6 4
48 65 7 6
48 66 1 3
48 67 3 8
48 68 3 1
48 69 7 2
48 70 5 10
48 71 2 5
48 72 9 2
48 73 10 10
48 74 10 4
48 75 3 10
48 77 5 8
48 78 9 10
48 80 1 3
48 81 7 9
48 82 8 4
48 83 9 1
48 84 9 10
48 85 9 10
48 86 10 8
48 87 7 10
48 88 1 1
48 89 3 7
48 91 5 9
48 92 3 3
48 93 4 3
48 94 5 4
48 95 6 10
48 96 7 6
48 97 9 1
48 98 10 5
48 100 3 9
49 50 3 9
49 51 9 2
49 52 5 4
49 54 9 2
49 56 3 8
49 57 1 7
49 58 9 7
49 59 9 9
49 61 3 2
49 62 6 7
49 63 10 3
49 64 3 9
49 65 5 5
49 66 9 9
49 67 6 7
49 69 1 10
49 71 6 7
49 72 3 8
49 73 2 4
49 74 5 5
49 75 6 5
49 76 10 10
49 77 5 9
49 78 2 4
49 79 1 7
49 80 2 7
49 81 6 8
49 82 2 3
49 83 5 8
49 84 7 4
49 85 9 10
49 86 6 2
49 87 4 2
49 88 2 4
49 89 7 4
49 90 3 10
49 91 1 1
49 92 2 8
49 93 3 3
49 94 4 4
49 95 3 2
49 96 9 5
49 97 3 3
49 98 3 6
49 99 2 7
49 100 3 6
50 51 6 7
50 52 1 4
50 53 10 9
50 54 3 10
50 55 4 3
50 56 9 6
50 57 7 8
50 59 5 8
50 60 1 8
50 61 7 9
50 62 6 2
50 63 3 2
50 64 6 1
50 65 2 2
50 66 9 1
50 67 6 6
50 68 1 10
50 69 8 1
50 70 3 1
50 71 1 10
50 72 3 5
50 73 1 8
50 74 7 1
50 75 4 9
50 76 6 7
50 77 7 8
50 79 7 1
50 81 1 3
50 82 8 9
50 85 10 3
50 86 6 7
50 87 3 5
50 89 3 6
50 90 8 7
50 91 5 3
50 92 10 7
50 93 3 5
50 94 4 6
50 95 5 3
50 96 3 3
50 98 3 5
50 99 5 1
50 100 6 1
51 52 3 6
51 53 1 7
51 54 8 5
51 55 6 1
51 56 4 7
51 57 5 8
51 58 2 9
51 59 4 2
51 60 2 9
51 61 9 9
51 63 4 4
51 64 3 5
51 65 8 3
51 66 8 5
51 68 5 8
51 69 6 10
51 70 2 7
51 71 6 2
51 72 4 10
51 74 3 9
51 75 2 6
51 76 3 10
51 77 4 8
51 78 4 7
51 80 4 2
51 81 5 5
51 82 2 4
51 83 9 1
51 85 9 9
51 86 10 1
51 87 3 2
51 89 8 7
51 90 5 3
51 91 1 7
51 93 9 9
51 94 9 8
51 95 6 2
51 96 10 2
51 97 8 1
51 98 4 5
51 99 4 10
51 100 3 10
52 53 9 1
52 54 3 7
52 55 8 6
52 56 7 9
52 58 4 10
52 59 8 3
52 60 10 8
52 61 1 2
52 62 6 5
52 63 9 9
52 64 2 9
52 66 7 2
52 68 3 4
52 69 6 7
52 71 5 1
52 72 6 1
52 73 6 3
52 74 8 1
52 75 10 9
52 76 2 5
52 77 8 10
52 78 2 2
52 79 10 5
52 80 3 10
52 81 3 5
52 83 9 7
52 84 3 3
52 85 8 2
52 86 2 6
52 88 4 4
52 89 1 8
52 90 4 1
52 91 7 10
52 92 4 7
52 93 2 6
52 94 8 2
52 96 5 8
52 97 7 10
52 99 10 3
52 100 2 4
53 54 7 3
53 55 3 2
53 56 6 7
53 57 2 1
53 58 9 5
53 59 1 8
53 60 9 7
53 61 7 9
53 62 6 5
53 63 2 7
53 64 8 5
53 65 5 9
53 66 4 8
53 67 4 10
53 69 7 7
53 70 10 7
53 71 4 7
53 72 10 9
53 73 10 4
53 74 2 10
53 75 8 1
53 76 3 3
53 77 1 4
53 78 7 6
53 79 9 3
53 80 6 5
53 81 6 9
53 82 3 3
53 83 3 3
53 84 3 9
53 85 7 9
53 87 2 2
53 88 7 2
53 89 2 3
53 90 9 9
53 91 4 8
53 93 2 9
53 94 2 5
53 95 5 10
53 96 7 5
53 97 4 6
53 98 10 1
53 99 3 7
54 55 9 8
54 56 10 3
54 58 1 2
54 59 7 8
54 60 8 10
54 61 9 4
54 62 2 4
54 63 1 5
54 64 3 8
54 65 3 10
54 66 1 6
54 67 7 3
54 68 6 3
54 69 4 10
54 70 6 4
54 71 4 10
54 72 8 5
54 73 7 8
54 74 3 10
54 75 5 6
54 76 5 9
54 77 1 6
54 78 2 9
54 79 9 6
54 80 8 5
54 81 7 1
54 82 9 7
54 83 8 5
54 85 1 3
54 86 10 3
54 87 4 10
54 88 3 4
54 89 10 3
54 90 4 1
54 91 7 6
54 92 9 6
54 93 10 5
54 94 1 8
54 95 6 6
54 96 4 6
54 98 4 4
54 99 3 8
54 100 1 2
55 57 7 2
55 58 2 2
55 60 7 1
55 61 3 3
55 62 1 4
55 63 9 2
55 64 5 7
55 66 6 5
55 67 4 6
55 68 9 3
55 70 9 1
55 71 4 7
55 72 5 9
55 73 3 4
55 74 7 6
55 76 10 5
55 78 10 4
55 79 4 3
55 80 10 3
55 81 3 6
55 82 9 3
55 83 6 1
55 84 10 7
55 85 7 6
55 86 7 10
55 87 5 9
55 88 8 8
55 89 8 8
55 90 3 1
55 91 6 4
55 92 8 3
55 94 8 10
55 95 8 1
55 96 8 4
55 97 1 8
55 98 2 9
55 99 6 3
55 100 1 8
56 57 5 8
56 58 6 4
56 59 8 9
56 60 6 2
56 61 3 10
56 63 2 3
56 64 7 6
56 67 5 5
56 68 9 5
56 69 5 9
56 70 2 8
56 72 3 7
56 74 4 9
56 76 4 5
56 77 3 8
56 78 5 9
56 79 7 7
56 80 8 7
56 81 9 1
56 83 5 6
56 84 10 8
56 85 3 4
56 86 7 5
56 87 5 9
56 89 8 9
56 90 1 2
56 91 6 2
56 93 2 6
56 95 7 8
56 97 8 4
56 98 3 9
56 99 9 2
56 100 5 5
57 58 10 5
57 60 9 1
57 61 2 10
57 62 7 2
57 63 4 5
57 64 5 10
57 65 7 3
57 66 7 1
57 67 5 9
57 68 10 7
57 69 5 6
57 70 6 8
57 71 3 2
57 72 9 10
57 73 4 10
57 74 5 3
57 75 8 3
57 76 7 6
57 77 4 8
57 78 5 8
57 79 3 4
57 80 9 1
57 81 5 9
57 82 7 1
57 83 6 9
57 84 10 8
57 85 3 5
57 86 2 7
57 88 3 6
57 90 9 3
57 92 2 9
57 93 2 9
57 95 7 1
57 97 6 9
57 98 5 2
57 99 4 10
58 59 6 1
58 60 8 6
58 61 4 5
58 62 1 8
58 63 4 5
58 64 5 5
58 66 9 4
58 67 7 1
58 68 1 2
58 69 6 10
58 70 1 9
58 72 1 9
58 73 1 7
58 74 9 1
58 75 8 10
58 76 6 3
58 77 4 6
58 78 8 9
58 79 6 2
58 80 1 1
58 82 1 1
58 83 6 2
58 84 6 3
58 85 5 7
58 86 4 4
58 87 10 4
58 88 4 9
58 90 6 6
58 91 3 5
58 92 6 7
58 93 8 1
58 95 5 2
58 96 8 6
58 98 4 5
58 99 3 6
58 100 9 6
59 60 8 9
59 62 6 8
59 65 8 1
59 66 7 3
59 69 9 3
59 71 8 2
59 72 10 6
59 73 5 5
59 74 7 8
59 76 6 10
59 77 4 7
59 79 10 9
59 82 6 5
59 83 1 6
59 84 8 10
59 85 9 3
59 86 9 10
59 87 10 5
59 88 9 1
59 89 6 9
59 92 8 8
59 93 8 7
59 94 2 7
59 96 3 9
59 99 9 8
59 100 6 7
60 61 3 10
60 63 3 3
60 64 10 4
60 65 5 9
60 66 8 4
60 67 6 5
60 68 2 2
60 69 7 7
60 71 7 9
60 72 1 7
60 73 1 7
60 75 7 7
60 77 2 5
60 78 6 7
60 79 5 8
60 80 7 9
60 83 4 6
60 84 7 3
60 85 5 8
60 86 4 1
60 87 5 1
60 90 5 5
60 93 6 1
60 94 1 5
60 95 4 7
60 96 7 1
60 97 1 2
60 98 8 9
60 99 5 7
60 100 1 10
61 62 6 5
61 63 1 3
61 65 4 5
61 66 1 5
61 67 10 3
61 68 1 7
61 70 3 6
61 71 1 8
61 72 3 6
61 73 6 1
61 75 5 5
61 77 10 2
61 78 9 1
61 79 9 6
61 80 5 3
61 81 8 8
61 82 10 6
61 83 10 2
61 84 6 6
61 85 7 1
61 86 3 9
61 87 5 7
61 88 2 4
61 90 6 9
61 91 1 3
61 92 1 10
61 93 2 1
61 95 3 4
61 96 3 8
61 97 3 2
61 98 7 10
61 99 10 2
61 100 4 9
62 63 4 2
62 65 8 2
62 66 8 5
62 67 3 8
62 68 9 5
62 69 4 5
62 70 9 6
62 71 9 9
62 72 1 2
62 73 2 2
62 74 10 7
62 76 9 2
62 77 4 3
62 78 8 6
62 79 5 3
62 80 2 1
62 82 6 5
62 83 8 5
62 84 3 3
62 85 8 4
62 86 4 9
62 87 8 10
62 88 4 9
62 92 7 7
62 93 7 1
62 95 7 7
62 96 7 9
62 99 3 6
62 100 2 8
63 64 7 2
63 65 1 5
63 66 8 4
63 68 9 5
63 69 1 3
63 70 7 1
63 71 6 3
63 72 6 1
63 73 4 4
63 74 5 7
63 75 10 7
63 76 7 3
63 77 10 6
63 78 10 9
63 79 4 6
63 81 1 2
63 83 3 7
63 85 2 1
63 86 6 7
63 88 10 8
63 89 5 10
63 90 5 3
63 91 2 3
63 92 9 8
63 93 8 9
63 95 8 2
63 96 1 10
63 97 2 9
63 98 7 10
63 99 4 1
63 100 3 3
64 65 5 4
64 68 4 10
64 69 7 5
64 71 6 3
64 72 9 3
64 73 8 1
64 74 8 7
64 75 8 3
64 76 8 9
64 77 7 7
64 78 4 2
64 79 2 5
64 80 1 4
64 81 2 8
64 82 8 8
64 83 9 9
64 84 5 7
64 86 8 2
64 87 7 9
64 88 10 4
64 89 4 6
64 91 1 9
64 92 1 8
64 93 8 1
64 95 5 5
64 96 2 7
64 97 6 3
64 98 2 5
64 99 9 9
65 66 3 2
65 67 3 1
65 68 5 8
65 69 9 1
65 70 2 5
65 73 6 4
65 74 4 5
65 75 2 8
65 79 6 2
65 80 7 10
65 81 3 5
65 82 3 10
65 83 8 7
65 85 2 10
65 88 1 7
65 90 1 1
65 91 5 3
65 95 5 10
65 96 6 9
65 97 10 10
65 98 9 3
65 100 3 5
66 67 9 5
66 68 2 7
66 69 3 9
66 71 10 6
66 73 6 10
66 74 5 5
66 75 9 8
66 76 6 4
66 77 8 9
66 79 5 7
66 80 9 7
66 82 1 10
66 83 8 1
66 85 9 9
66 86 2 10
66 87 1 9
66 88 9 5
66 89 3 7
66 91 8 2
66 92 5 2
66 93 4 8
66 94 4 9
66 96 10 3
66 97 2 1
66 98 5 5
66 99 8 1
66 100 10 3
67 68 5 7
67 69 10 5
67 70 2 8
67 72 9 2
67 73 9 4
67 75 3 3
67 77 7 4
67 78 8 1
67 79 2 1
67 80 1 7
67 81 3 9
67 82 10 9
67 85 10 9
67 86 1 6
67 89 7 7
67 90 1 4
67 91 2 10
67 92 1 2
67 93 1 4
67 94 4 2
67 96 5 4
67 97 9 1
67 98 4 2
67 100 3 7
68 69 9 8
68 70 7 5
68 71 8 8
68 72 6 5
68 73 1 10
68 77 8 4
68 78 8 7
68 79 3 7
68 80 8 9
68 81 4 6
68 82 4 3
68 83 5 9
68 84 4 1
68 86 7 1
68 87 9 5
68 88 10 3
68 89 1 9
68 90 3 5
68 91 5 6
68 92 8 1
68 93 5 2
68 94 10 5
68 95 9 8
68 97 9 5
68 98 10 7
69 71 10 2
69 73 3 2
69 74 2 7
69 75 5 9
69 76 10 6
69 77 3 7
69 78 5 6
69 79 7 8
69 80 8 4
69 81 3 8
69 83 10 2
69 85 7 2
69 87 2 5
69 88 5 5
69 89 1 2
69 90 5 9
69 92 4 1
69 93 2 10
69 94 6 6
69 95 6 6
69 96 8 10
69 97 3 8
69 99 9 7
69 100 5 5
70 72 7 4
70 73 3 7
70 74 3 8
70 75 9 3
70 76 2 8
70 78 2 10
70 79 2 3
70 80 2 3
70 81 8 8
70 82 8 7
70 84 4 10
70 85 3 9
70 86 5 2
70 88 3 8
70 89 1 1
70 90 5 4
70 91 10 4
70 92 9 6
70 93 9 10
70 94 1 1
70 95 9 5
70 96 1 6
70 97 2 1
70 98 4 7
70 99 7 4
71 72 3 6
71 75 1 5
71 76 10 3
71 77 3 7
71 78 7 5
71 80 6 3
71 83 2 9
71 84 4 1
71 85 2 9
71 87 1 6
71 88 8 10
71 90 10 2
71 91 8 5
71 93 9 9
71 95 10 9
71 97 2 1
71 98 3 4
71 99 2 3
71 100 6 8
72 73 7 10
72 75 9 1
72 78 1 2
72 79 10 5
72 80 4 2
72 81 10 2
72 83 7 8
72 84 6 1
72 85 10 4
72 87 5 2
72 88 4 3
72 89 7 7
72 92 7 5
72 93 2 10
72 94 1 2
72 96 10 5
72 97 1 3
72 98 1 2
72 99 2 1
72 100 2 5
73 74 5 7
73 75 9 7
73 77 2 3
73 79 1 7
73 80 9 6
73 81 2 1
73 84 6 9
73 85 7 5
73 87 7 8
73 89 2 10
73 90 3 10
73 91 3 6
73 92 10 7
73 93 9 7
73 95 10 5
73 96 1 2
73 98 3 1
73 100 2 10
74 75 3 4
74 76 8 9
74 77 2 5
74 78 5 1
74 79 10 3
74 80 3 8
74 81 8 3
74 83 1 3
74 84 6 10
74 86 8 8
74 87 4 9
74 88 6 2
74 89 5 5
74 90 8 4
74 91 4 5
74 92 5 2
74 94 5 7
74 95 3 1
74 96 7 9
74 97 5 9
74 98 1 9
74 99 4 2
74 100 4 9
75 76 1 7
75 77 10 10
75 78 4 4
75 79 6 1
75 81 7 8
75 82 8 7
75 83 5 9
75 84 2 2
75 85 6 10
75 86 9 1
75 87 6 6
75 88 10 10
75 89 1 9
75 91 4 3
75 92 4 2
75 93 7 4
75 94 2 3
75 95 7 3
75 99 7 10
75 100 9 7
76 77 6 10
76 79 3 6
76 81 3 10
76 82 1 4
76 83 9 2
76 84 3 2
76 85 4 1
76 86 6 6
76 87 3 3
76 88 8 8
76 89 9 9
76 91 10 1
76 94 4 8
76 95 1 10
76 96 8 3
76 98 8 3
77 78 10 1
77 79 4 4
77 80 6 5
77 81 7 6
77 82 10 2
77 83 6 8
77 86 1 6
77 87 6 5
77 88 8 9
77 89 5 5
77 91 10 2
77 94 2 3
77 95 8 1
77 96 5 7
77 97 7 7
77 98 5 5
78 79 4 6
78 80 3 4
78 81 3 10
78 83 7 8
78 85 2 3
78 86 8 3
78 87 10 6
78 88 7 6
78 89 2 1
78 90 9 5
78 91 2 5
78 93 8 10
78 94 6 6
78 95 10 8
78 96 10 7
78 97 6 2
78 98 2 5
78 99 7 7
78 100 7 6
79 80 3 4
79 81 3 7
79 82 1 2
79 84 10 6
79 85 5 5
79 86 6 5
79 87 6 1
79 88 7 3
79 89 1 7
79 92 3 4
79 93 5 10
79 94 1 1
79 95 6 7
79 96 1 6
79 97 9 5
79 98 3 2
79 99 3 6
80 82 1 4
80 83 10 8
80 84 8 7
80 85 5 6
80 86 10 8
80 87 6 7
80 88 6 1
80 90 2 6
80 91 9 9
80 92 9 1
80 93 8 4
80 94 2 5
80 95 6 6
80 97 8 5
80 98 5 7
80 100 4 9
81 82 4 6
81 83 1 1
81 85 2 10
81 86 6 1
81 87 9 8
81 88 8 5
81 90 9 10
81 91 2 10
81 92 6 1
81 93 9 9
81 95 9 9
81 96 8 9
81 98 2 7
81 99 1 1
81 100 8 1
82 83 4 9
82 84 10 2
82 87 1 3
82 88 10 2
82 89 3 6
82 91 8 1
82 92 1 7
82 94 4 9
82 95 4 1
82 96 3 7
82 97 2 4
82 98 3 5
82 99 2 9
82 100 8 8
83 84 1 10
83 85 7 4
83 86 9 3
83 87 2 8
83 89 4 9
83 90 5 1
83 91 9 2
83 92 4 3
83 93 10 8
83 94 8 5
83 96 6 8
83 97 8 2
83 98 5 1
83 100 5 5
84 87 2 7
84 88 10 1
84 89 5 1
84 90 5 3
84 95 9 6
84 97 10 4
84 98 3 5
84 99 7 8
85 86 2 5
85 87 9 9
85 88 9 3
85 89 2 2
85 90 5 2
85 91 9 6
85 92 9 8
85 93 2 4
85 94 1 10
85 95 1 6
85 96 6 10
85 98 5 8
85 99 7 6
85 100 2 7
86 87 9 1
86 90 4 2
86 91 6 9
86 92 5 5
86 93 7 3
86 94 3 6
86 95 1 4
86 96 3 4
86 98 7 8
86 99 5 8
86 100 1 9
87 88 4 5
87 89 7 8
87 90 9 10
87 91 2 1
87 94 8 7
87 95 6 8
87 98 3 4
88 90 7 6
88 91 2 7
88 92 4 4
88 94 6 6
88 95 2 8
88 96 5 8
88 97 1 7
88 98 4 8
88 99 7 8
88 100 4 1
89 90 2 8
89 91 9 4
89 92 7 1
89 94 1 7
89 96 4 3
89 98 10 10
89 99 3 8
90 91 2 4
90 92 6 9
90 93 1 2
90 95 10 8
90 96 8 9
90 97 6 8
90 98 4 8
90 100 4 2
91 92 10 1
91 93 6 6
91 94 4 7
91 95 7 1
91 96 5 8
91 97 5 2
91 100 1 6
92 93 10 9
92 94 6 1
92 96 10 1
92 97 8 3
92 98 7 4
92 99 4 4
92 100 6 3
93 94 10 6
93 95 4 3
93 96 9 1
93 97 8 9
93 98 2 7
93 99 5 9
93 100 10 1
94 95 1 3
94 97 4 9
94 99 6 6
95 96 4 6
95 97 1 1
95 99 3 1
96 98 5 6
96 99 10 8
96 100 6 5
97 98 6 10
97 99 7 4
97 100 3 3
99 100 5 10
1
1 2 3 4 5 6 7 8 9 10 11 12 13 14 15 16 17 18 19 20 21 22 23 24 25 26 27 28 29 30 31 32 33 34 35 36 37 38 39 40 41 42 43 44 45 46 47 48 49 50
