3953
1 2 9 2
1 4 9 1
1 5 7 9
1 6 8 8
1 7 8 8
1 8 10 6
1 9 1 1
1 10 4 2
1 12 10 5
1 13 2 3
1 14 3 8
1 15 9 10
1 16 9 6
1 17 1 1
1 18 6 10
1 19 3 10
1 20 1 4
1 21 3 3
1 22 6 9
1 23 10 6
1 24 3 5
1 25 1 3
1 26 5 9
1 27 7 6
1 28 6 9
1 29 5 7
1 30 5 4
1 31 6 7
1 32 4 9
1 33 8 10
1 34 7 7
1 35 8 5
1 36 7 1
1 37 4 3
1 38 5 10
1 39 10 10
1 40 1 9
1 41 2 3
1 42 3 8
1 43 8 4
1 44 2 6
1 45 5 7
1 47 10 10
1 48 4 10
1 49 4 2
1 50 7 4
1 51 6 7
1 52 3 2
1 53 3 9
1 54 8 2
1 55 5 7
1 56 6 9
1 58 7 2
1 59 2 9
1 60 5 2
1 61 8 7
1 62 10 4
1 64 10 10
1 65 6 5
1 66 9 3
1 67 2 4
1 68 3 8
1 69 4 8
1 70 10 3
1 71 6 10
1 72 4 3
1 73 8 5
1 74 5 9
1 75 9 6
1 79 6 7
1 80 5 2
1 81 7 2
1 82 2 2
1 84 1 10
1 85 8 9
1 87 1 3
1 89 1 2
1 90 4 6
1 91 5 10
1 92 3 6
1 93 8 1
1 95 2 3
1 96 10 2
1 97 3 6
1 98 6 4
1 99 8 2
1 100 1 2
2 3 4 4
2 4 1 6
2 5 5 7
2 6 6 5
2 9 7 7
2 10 6 6
2 11 9 3
2 12 10 1
2 13 6 3
2 14 4 8
2 15 1 4
2 16 7 8
2 18 5 7
2 19 10 9
2 20 5 10
2 21 9 2
2 22 4 4
2 23 6 8
2 28 9 6
2 29 10 7
2 30 6 5
2 31 2 2
2 33 7 6
2 34 9 5
2 36 10 7
2 37 7 3
2 38 9 8
2 39 8 1
2 41 3 8
2 42 2 4
2 43 4 3
2 44 8 6
2 45 1 8
2 46 8 6
2 47 10 10
2 48 8 4
2 49 6 10
2 50 9 7
2 51 8 4
2 53 10 1
2 54 8 3
2 55 2 1
2 56 1 7
2 57 3 8
2 58 1 5
2 59 9 6
2 60 8 7
2 61 7 7
2 62 4 9
2 63 8 7
2 64 2 2
2 65 9 8
2 66 1 3
2 67 9 8
2 68 3 5
2 69 8 8
2 73 1 10
2 76 2 9
2 79 6 1
2 80 9 4
2 81 9 2
2 83 7 5
2 84 6 8
2 85 6 10
2 87 9 8
2 88 10 3
2 91 8 7
2 92 9 7
2 93 7 7
2 94 8 3
2 95 8 1
2 97 3 6
2 98 3 5
2 100 1 2
3 4 5 7
3 5 5 8
3 6 8 7
3 7 2 5
3 8 8 10
3 9 10 9
3 10 9 2
3 15 7 10
3 16 4 10
3 17 8 7
3 18 10 4
3 19 6 1
3 20 5 6
3 21 6 1
3 22 7 5
3 23 5 3
3 24 8 10
3 25 7 8
3 26 7 10
3 28 6 3
3 29 6 5
3 30 4 3
3 31 7 5
3 32 1 5
3 34 3 1
3 35 5 5
3 36 2 3
3 37 9 4
3 38 4 9
3 40 3 7
3 42 3 7
3 43 1 5
3 45 6 9
3 46 8 8
3 47 7 5
3 48 4 9
3 49 9 6
3 50 6 10
3 51 1 6
3 52 10 8
3 53 5 8
3 54 1 4
3 55 3 5
3 56 5 3
3 57 5 1
3 58 7 7
3 59 9 4
3 61 4 5
3 62 4 8
3 63 5 4
3 64 9 9
3 65 10 1
3 66 10 1
3 67 2 10
3 68 6 6
3 70 1 7
3 71 2 5
3 72 3 3
3 73 5 4
3 74 2 7
3 75 4 4
3 76 7 7
3 77 10 6
3 78 6 6
3 79 2 2
3 80 8 8
3 81 1 8
3 82 6 1
3 84 2 9
3 86 2 10
3 87 1 6
3 89 8 10
3 90 10 6
3 91 8 8
3 93 7 2
3 94 9 4
3 95 8 6
3 96 5 8
3 97 4 6
3 98 8 1
3 99 3 2
4 5 6 2
4 7 10 10
4 8 5 5
4 9 3 1
4 10 10 6
4 11 5 10
4 12 5 10
4 13 5 2
4 14 8 5
4 15 5 3
4 16 7 7
4 18 3 10
4 19 9 4
4 24 9 8
4 25 8 8
4 27 2 6
4 28 9 8
4 29 6 6
4 31 1 4
4 32 10 6
4 34 9 7
4 35 3 7
4 36 3 8
4 37 1 1
4 39 7 10
4 40 6 8
4 42 4 6
4 43 6 8
4 45 7 2
4 47 4 1
4 48 9 5
4 51 1 7
4 54 3 9
4 55 9 1
4 56 2 10
4 57 5 7
4 59 5 3
4 61 7 7
4 62 4 10
4 64 1 2
4 65 5 3
4 68 2 5
4 69 10 7
4 70 9 7
4 71 7 4
4 72 7 2
4 73 1 3
4 74 5 10
4 75 6 1
4 76 1 10
4 77 5 8
4 79 6 7
4 80 9 7
4 81 2 4
4 82 4 9
4 83 1 2
4 84 8 8
4 86 9 3
4 87 1 3
4 88 10 6
4 89 7 8
4 90 6 8
4 91 8 9
4 92 10 8
4 93 9 10
4 97 9 4
4 99 1 6
4 100 10 9
5 6 3 8
5 7 5 10
5 8 1 5
5 9 2 1
5 12 10 7
5 13 5 8
5 17 10 3
5 18 4 1
5 20 1 4
5 21 3 5
5 22 10 5
5 23 2 4
5 24 7 2
5 25 4 3
5 26 2 3
5 27 2 6
5 28 6 6
5 29 4 10
5 31 7 8
5 33 5 9
5 34 10 8
5 35 6 1
5 36 10 9
5 38 1 2
5 40 7 9
5 41 7 4
5 43 9 7
5 44 8 8
5 46 8 5
5 47 7 1
5 49 7 4
5 50 2 6
5 51 5 4
5 52 7 3
5 55 8 1
5 58 5 3
5 61 9 4
5 62 7 3
5 63 1 6
5 64 5 5
5 65 1 2
5 66 3 6
5 67 10 9
5 68 2 10
5 70 2 5
5 72 6 10
5 73 2 10
5 75 3 8
5 76 6 3
5 77 10 3
5 79 6 5
5 80 4 5
5 81 5 10
5 83 7 6
5 84 6 9
5 85 2 5
5 86 4 4
5 87 8 1
5 88 10 10
5 89 1 6
5 90 1 6
5 91 9 8
5 92 2 4
5 93 4 7
5 94 5 3
5 95 4 8
5 96 9 3
5 98 4 8
5 99 9 2
5 100 8 9
6 7 10 7
6 8 10 4
6 9 7 8
6 10 9 7
6 11 5 5
6 12 10 4
6 15 10 6
6 16 10 10
6 17 4 7
6 18 4 8
6 20 7 5
6 21 2 5
6 22 2 9
6 24 7 8
6 25 10 1
6 26 8 2
6 27 2 3
6 28 4 8
6 30 10 8
6 31 8 6
6 32 10 3
6 33 8 6
6 35 10 10
6 36 8 5
6 37 4 5
6 38 4 6
6 39 2 6
6 41 10 5
6 42 4 9
6 43 6 4
6 44 9 3
6 45 6 9
6 46 8 1
6 47 6 8
6 48 7 2
6 49 8 2
6 50 2 9
6 51 10 1
6 52 6 7
6 53 10 6
6 54 1 5
6 55 10 4
6 56 7 4
6 57 8 6
6 58 6 7
6 60 9 4
6 61 5 1
6 62 8 1
6 63 9 5
6 64 4 4
6 66 8 2
6 67 6 9
6 69 5 6
6 70 1 9
6 71 2 1
6 72 1 4
6 75 7 7
6 77 6 6
6 78 1 7
6 79 1 3
6 81 9 1
6 83 3 8
6 84 8 9
6 85 1 10
6 86 4 2
6 87 1 3
6 88 5 2
6 89 6 9
6 90 9 7
6 91 10 10
6 92 8 4
6 94 4 2
6 95 6 9
6 96 9 5
6 97 4 8
6 98 7 1
7 8 1 4
7 9 7 2
7 10 3 1
7 12 8 6
7 13 5 5
7 14 6 4
7 15 5 9
7 16 8 2
7 17 8 2
7 19 10 5
7 20 8 9
7 21 6 9
7 22 7 2
7 23 3 9
7 24 4 1
7 25 4 3
7 26 1 3
7 27 5 1
7 28 5 8
7 30 9 9
7 31 4 7
7 33 10 2
7 34 5 4
7 36 2 5
7 37 8 8
7 39 7 3
7 41 1 8
7 42 3 9
7 44 9 10
7 48 10 3
7 49 7 7
7 50 8 8
7 51 3 6
7 52 8 5
7 53 1 4
7 55 2 8
7 57 8 7
7 58 1 2
7 59 8 6
7 61 10 5
7 63 3 7
7 64 1 7
7 65 2 8
7 66 10 6
7 67 3 8
7 68 6 10
7 69 5 8
7 70 3 9
7 71 4 2
7 72 10 7
7 73 4 1
7 76 2 9
7 78 4 7
7 79 8 7
7 80 8 7
7 81 6 8
7 82 10 2
7 83 4 4
7 84 1 6
7 85 7 2
7 87 2 7
7 88 4 1
7 89 8 1
7 90 6 8
7 91 7 1
7 95 4 5
7 96 1 10
7 97 1 9
7 98 6 9
7 99 8 10
8 9 10 3
8 10 4 1
8 11 1 4
8 12 9 9
8 13 10 5
8 14 10 9
8 15 9 6
8 16 6 10
8 17 3 6
8 18 6 2
8 20 2 7
8 21 1 1
8 22 3 9
8 25 6 3
8 26 3 8
8 27 4 4
8 28 4 8
8 29 6 7
8 30 7 6
8 31 9 2
8 32 5 7
8 34 6 2
8 35 9 10
8 36 3 7
8 37 3 8
8 38 2 10
8 39 6 2
8 40 8 3
8 42 7 3
8 44 3 3
8 45 4 10
8 46 4 6
8 47 10 10
8 49 5 8
8 50 7 1
8 51 6 4
8 52 3 7
8 53 8 3
8 54 1 7
8 56 4 2
8 57 5 7
8 58 2 2
8 59 6 10
8 60 2 9
8 62 10 10
8 63 4 4
8 64 4 3
8 65 2 3
8 66 5 1
8 68 1 10
8 70 6 4
8 71 3 6
8 72 8 1
8 73 2 9
8 76 3 4
8 77 9 2
8 78 3 3
8 79 9 9
8 80 8 2
8 83 9 1
8 84 3 1
8 85 6 7
8 86 9 7
8 87 8 4
8 88 5 3
8 89 5 8
8 91 10 2
8 93 4 3
8 94 6 3
8 95 4 2
8 96 3 9
8 97 3 2
8 100 7 1
9 10 7 1
9 11 3 7
9 13 4 5
9 15 9 9
9 16 3 10
9 17 1 10
9 18 7 4
9 19 7 9
9 20 8 5
9 22 10 5
9 23 8 7
9 24 4 2
9 27 10 8
9 28 3 5
9 30 3 10
9 37 9 10
9 39 10 9
9 41 7 3
9 42 7 7
9 43 5 8
9 45 4 6
9 46 6 6
9 48 9 3
9 49 8 3
9 50 10 2
9 51 8 8
9 52 8 9
9 53 3 4
9 54 4 4
9 55 9 2
9 56 1 3
9 57 8 10
9 58 6 2
9 59 8 10
9 61 9 9
9 62 7 10
9 63 6 3
9 64 1 1
9 65 10 3
9 67 8 2
9 68 10 2
9 69 5 3
9 70 6 1
9 72 8 5
9 73 7 4
9 75 4 10
9 76 2 7
9 78 5 6
9 79 6 10
9 80 1 2
9 81 3 3
9 82 5 2
9 83 5 10
9 84 2 2
9 86 2 2
9 87 3 6
9 88 6 9
9 89 7 6
9 90 1 5
9 91 8 9
9 92 7 9
9 93 5 4
9 95 1 6
9 96 5 2
9 97 2 3
9 98 5 10
9 99 10 4
9 100 1 1
10 11 7 6
10 12 10 2
10 13 4 6
10 15 2 4
10 16 3 3
10 17 2 9
10 18 7 7
10 19 5 7
10 21 10 10
10 22 3 2
10 23 1 2
10 24 3 3
10 25 3 8
10 26 6 10
10 28 2 9
10 29 6 6
10 30 6 5
10 31 5 5
10 32 4 8
10 33 3 2
10 34 10 5
10 35 5 10
10 37 10 3
10 38 9 8
10 40 10 7
10 41 1 1
10 42 5 1
10 43 6 3
10 44 8 5
10 45 5 4
10 46 3 7
10 47 1 6
10 48 9 4
10 50 6 5
10 51 9 4
10 52 2 4
10 53 6 9
10 54 10 4
10 55 6 10
10 56 10 5
10 57 7 3
10 61 10 8
10 62 10 7
10 63 6 7
10 64 5 5
10 65 1 7
10 66 10 5
10 67 6 3
10 68 6 9
10 69 8 4
10 70 7 7
10 71 8 9
10 72 5 10
10 73 9 6
10 74 9 5
10 76 6 4
10 77 4 6
10 78 9 9
10 80 6 3
10 81 5 2
10 84 7 10
10 85 5 10
10 86 1 8
10 88 7 10
10 89 3 9
10 90 4 10
10 91 8 4
10 92 5 3
10 93 4 9
10 95 2 9
10 96 2 1
10 97 2 10
10 98 5 10
10 100 4 5
11 12 9 6
11 14 9 8
11 15 8 6
11 16 4 8
11 19 5 9
11 20 5 6
11 21 9 3
11 22 5 1
11 24 8 2
11 25 4 4
11 26 6 4
11 27 4 9
11 28 2 1
11 29 3 7
11 30 4 8
11 31 7 1
11 32 2 5
11 33 7 10
11 34 4 2
11 37 8 4
11 38 7 4
11 40 6 2
11 41 1 10
11 43 7 8
11 44 10 9
11 45 1 8
11 46 2 8
11 47 3 7
11 48 6 10
11 49 8 4
11 50 8 4
11 52 8 8
11 53 3 1
11 54 7 2
11 56 6 4
11 57 8 10
11 58 5 4
11 59 7 7
11 60 9 5
11 61 10 5
11 62 8 10
11 63 3 3
11 64 8 6
11 66 4 8
11 69 5 1
11 70 6 7
11 72 4 6
11 73 5 4
11 74 8 10
11 75 10 1
11 77 4 10
11 78 8 4
11 81 1 2
11 82 9 1
11 83 1 7
11 84 6 4
11 88 7 1
11 90 2 3
11 91 9 6
11 92 4 6
11 93 6 8
11 94 5 7
11 95 2 10
11 96 3 10
11 97 4 6
11 98 8 10
11 99 4 6
11 100 4 6
12 14 7 7
12 15 7 5
12 17 4 4
12 18 1 10
12 19 4 5
12 20 6 10
12 21 2 8
12 23 6 9
12 25 7 8
12 27 3 9
12 28 7 2
12 29 3 5
12 30 6 7
12 32 10 10
12 33 6 3
12 34 9 5
12 36 8 4
12 37 2 3
12 38 6 6
12 39 5 10
12 40 3 10
12 41 7 2
12 42 10 5
12 43 9 10
12 44 7 7
12 45 6 4
12 46 6 6
12 47 9 4
12 48 3 4
12 49 10 4
12 50 4 6
12 51 2 3
12 52 8 5
12 53 4 2
12 54 4 1
12 55 7 1
12 56 1 8
12 57 6 9
12 58 2 2
12 59 5 5
12 60 8 10
12 62 6 7
12 63 1 5
12 64 2 5
12 66 6 4
12 67 2 10
12 68 10 2
12 70 1 8
12 71 3 4
12 73 8 10
12 74 5 2
12 75 5 6
12 77 4 6
12 78 2 1
12 79 2 5
12 80 9 10
12 81 9 2
12 82 10 1
12 83 3 3
12 84 10 9
12 85 8 10
12 86 8 10
12 90 4 8
12 91 9 6
12 93 4 10
12 94 1 3
12 96 10 8
12 97 6 4
12 98 1 3
12 99 7 10
12 100 9 1
13 14 1 6
13 15 5 10
13 16 8 10
13 17 9 9
13 18 7 9
13 19 4 4
13 20 1 2
13 22 3 6
13 24 7 9
13 25 8 5
13 26 2 7
13 27 3 8
13 28 4 8
13 29 10 8
13 31 7 1
13 33 2 3
13 34 10 9
13 35 3 9
13 38 8 8
13 39 1 1
13 40 8 9
13 41 2 10
13 42 3 5
13 44 2 9
13 45 8 4
13 46 1 2
13 49 9 6
13 50 8 5
13 51 7 7
13 52 1 1
13 53 4 8
13 55 3 2
13 57 7 7
13 58 6 8
13 59 7 7
13 62 4 9
13 63 5 1
13 66 8 4
13 67 9 2
13 68 5 4
13 69 3 8
13 70 7 8
13 71 8 7
13 75 4 4
13 76 1 9
13 77 8 3
13 78 6 6
13 79 6 5
13 80 3 9
13 81 9 4
13 84 4 9
13 87 10 6
13 88 6 7
13 89 2 3
13 90 1 9
13 93 2 9
13 94 3 9
13 95 1 1
13 97 2 1
13 99 6 1
13 100 9 2
14 15 9 7
14 16 7 5
14 17 10 7
14 18 8 2
14 19 2 10
14 20 6 4
14 21 10 3
14 22 7 6
14 23 7 4
14 24 9 9
14 25 4 4
14 26 9 4
14 27 2 5
14 28 6 3
14 29 8 7
14 30 4 10
14 31 10 8
14 32 9 8
14 33 3 4
14 34 8 6
14 35 5 6
14 37 10 2
14 38 5 1
14 40 1 3
14 41 3 9
14 42 5 3
14 43 8 4
14 44 5 1
14 45 1 1
14 46 5 4
14 48 6 10
14 49 4 10
14 50 3 10
14 51 10 7
14 52 4 10
14 53 9 9
14 55 3 5
14 58 7 1
14 59 3 9
14 60 1 5
14 61 10 4
14 62 10 4
14 66 6 6
14 67 6 7
14 68 9 5
14 69 3 5
14 70 9 8
14 72 6 3
14 74 4 10
14 77 5 2
14 78 7 1
14 79 8 1
14 80 2 5
14 81 9 1
14 83 2 9
14 84 1 3
14 85 10 10
14 86 1 5
14 87 1 2
14 88 2 3
14 90 3 7
14 92 4 2
14 93 5 1
14 94 8 5
14 95 10 8
14 96 2 7
14 98 2 4
14 99 7 2
14 100 3 5
15 17 9 4
15 19 7 7
15 20 3 3
15 21 3 8
15 22 5 6
15 23 2 4
15 24 9 5
15 25 1 1
15 26 9 3
15 27 2 4
15 29 7 3
15 30 1 7
15 31 10 5
15 32 10 5
15 34 3 6
15 35 4 6
15 36 2 4
15 37 10 3
15 38 3 2
15 39 9 5
15 40 8 8
15 41 7 3
15 42 8 4
15 43 7 6
15 45 10 10
15 46 7 1
15 47 5 6
15 49 4 7
15 50 6 2
15 51 9 10
15 52 1 1
15 53 6 3
15 54 2 3
15 55 3 8
15 56 7 8
15 57 6 1
15 58 9 2
15 61 6 10
15 62 6 9
15 63 3 9
15 64 9 10
15 65 7 4
15 66 4 1
15 67 1 3
15 68 3 8
15 69 10 7
15 70 5 8
15 74 3 6
15 75 5 9
15 77 6 2
15 79 4 5
15 81 10 3
15 82 1 9
15 83 10 3
15 84 10 9
15 86 3 1
15 88 9 8
15 89 10 3
15 90 8 2
15 92 1 1
15 93 6 7
15 95 8 9
15 96 7 1
15 97 6 5
15 98 10 9
15 99 3 8
15 100 7 6
16 17 10 6
16 18 3 5
16 20 4 7
16 22 5 10
16 23 6 2
16 26 3 5
16 29 10 5
16 30 6 8
16 31 6 6
16 32 9 10
16 33 6 1
16 34 10 5
16 36 1 1
16 37 5 4
16 39 2 6
16 40 2 5
16 41 9 6
16 42 7 6
16 44 9 1
16 45 5 5
16 46 1 2
16 47 10 6
16 48 4 5
16 49 9 3
16 50 4 6
16 51 6 4
16 52 10 8
16 53 3 9
16 54 7 2
16 56 5 4
16 57 2 3
16 58 10 6
16 60 6 1
16 61 6 1
16 62 6 2
16 64 2 6
16 65 10 1
16 66 2 7
16 68 7 5
16 69 8 2
16 71 8 3
16 72 4 10
16 73 1 3
16 74 4 5
16 75 1 8
16 76 10 8
16 77 7 9
16 78 5 9
16 80 6 4
16 82 5 9
16 83 4 10
16 85 1 10
16 86 5 8
16 87 5 9
16 88 9 9
16 89 6 3
16 90 10 2
16 91 8 1
16 92 1 9
16 95 9 3
16 96 7 9
16 97 5 7
16 98 5 2
17 18 2 7
17 19 9 8
17 20 3 5
17 21 3 1
17 22 5 1
17 23 5 10
17 24 10 1
17 25 10 2
17 26 2 8
17 27 6 10
17 32 5 5
17 33 2 2
17 35 9 1
17 36 10 7
17 37 5 3
17 39 6 4
17 40 10 3
17 41 3 2
17 43 10 9
17 44 7 6
17 45 8 9
17 46 1 9
17 47 3 2
17 48 5 9
17 49 8 5
17 50 9 4
17 51 2 7
17 54 4 9
17 55 5 2
17 56 5 3
17 57 10 3
17 58 3 9
17 59 5 9
17 60 9 8
17 61 5 1
17 63 10 3
17 64 2 5
17 65 1 6
17 66 6 7
17 67 10 10
17 68 9 8
17 69 3 3
17 70 2 5
17 71 3 9
17 73 8 10
17 74 1 10
17 75 4 6
17 77 4 7
17 78 3 8
17 80 1 8
17 82 10 7
17 83 6 8
17 84 8 8
17 85 7 6
17 86 6 7
17 87 5 6
17 89 6 5
17 91 10 1
17 92 7 6
17 93 5 2
17 94 10 4
17 95 1 2
17 96 5 1
17 97 1 3
17 99 5 5
17 100 3 1
18 19 6 6
18 21 10 3
18 22 10 7
18 23 3 9
18 24 3 7
18 26 9 6
18 27 8 5
18 28 8 9
18 29 7 6
18 32 3 5
18 33 8 2
18 34 9 6
18 35 1 6
18 36 7 9
18 38 5 1
18 39 5 1
18 40 9 10
18 41 5 6
18 42 8 3
18 44 8 2
18 46 10 5
18 47 5 10
18 48 1 4
18 49 6 10
18 50 2 8
18 51 10 10
18 53 3 1
18 54 6 10
18 55 1 2
18 56 10 10
18 57 6 1
18 58 3 2
18 59 2 7
18 61 6 10
18 62 1 5
18 64 10 6
18 65 8 3
18 66 1 4
18 67 10 2
18 68 6 1
18 69 10 3
18 71 8 10
18 72 6 2
18 73 10 7
18 74 5 4
18 75 4 3
18 76 5 8
18 78 5 2
18 79 9 8
18 80 3 8
18 81 7 1
18 82 8 8
18 83 4 5
18 85 6 3
18 86 1 3
18 87 1 7
18 89 5 10
18 90 1 1
18 92 4 2
18 93 9 10
18 94 1 8
18 95 7 10
18 96 9 5
18 97 2 8
18 98 4 1
18 100 3 7
19 20 5 4
19 21 9 7
19 22 5 4
19 24 1 5
19 25 3 2
19 27 1 8
19 28 6 10
19 29 5 7
19 32 1 6
19 33 2 7
19 34 3 1
19 35 10 3
19 36 1 3
19 37 1 10
19 38 9 7
19 39 7 7
19 40 2 2
19 42 8 8
19 43 2 9
19 44 5 10
19 45 4 6
19 46 8 3
19 48 8 4
19 49 3 1
19 50 5 2
19 52 8 6
19 53 9 7
19 54 1 9
19 55 4 4
19 56 7 6
19 57 6 5
19 58 9 10
19 60 8 1
19 61 8 9
19 62 3 9
19 63 4 6
19 64 7 9
19 65 10 1
19 66 1 7
19 67 4 3
19 68 9 9
19 69 4 8
19 70 3 4
19 71 3 2
19 72 3 10
19 74 10 7
19 75 2 5
19 76 1 4
19 78 5 1
19 79 6 2
19 81 5 9
19 82 8 4
19 83 3 5
19 84 4 3
19 85 5 4
19 87 4 4
19 88 10 9
19 89 4 5
19 90 7 6
19 91 6 5
19 92 3 8
19 93 2 9
19 95 4 9
19 96 8 4
19 97 9 6
19 98 6 6
19 100 2 2
20 21 8 10
20 23 5 7
20 24 8 2
20 25 1 6
20 26 3 7
20 29 3 8
20 30 4 3
20 31 2 1
20 32 10 3
20 33 2 3
20 34 6 6
20 35 8 5
20 36 9 3
20 37 7 1
20 38 6 1
20 39 4 4
20 40 8 5
20 41 3 8
20 42 4 2
20 44 8 1
20 45 1 10
20 46 4 8
20 47 10 5
20 48 8 10
20 49 3 10
20 51 9 3
20 52 6 3
20 53 2 7
20 54 8 4
20 55 7 1
20 56 3 10
20 58 1 3
20 59 10 1
20 60 1 5
20 63 1 4
20 64 2 6
20 66 4 7
20 68 2 10
20 69 5 1
20 70 1 2
20 71 2 6
20 72 10 3
20 74 8 7
20 75 5 5
20 76 6 1
20 77 4 5
20 78 10 10
20 79 9 10
20 80 4 10
20 82 6 6
20 83 2 8
20 85 10 2
20 87 3 2
20 89 1 5
20 90 9 1
20 92 10 2
20 93 7 8
20 94 8 2
20 96 7 6
20 97 6 8
20 98 9 5
20 99 3 4
20 100 1 4
21 22 3 4
21 23 9 2
21 26 10 8
21 27 3 2
21 29 5 3
21 30 8 10
21 33 1 9
21 34 8 7
21 35 1 2
21 36 3 3
21 37 4 6
21 38 10 3
21 39 8 8
21 40 6 2
21 41 1 6
21 42 1 1
21 43 6 6
21 45 3 7
21 47 8 10
21 49 3 6
21 50 9 10
21 51 9 8
21 53 8 8
21 54 6 10
21 56 8 6
21 57 1 1
21 58 6 2
21 59 4 4
21 60 9 7
21 61 6 4
21 62 6 5
21 63 9 10
21 65 5 1
21 66 7 5
21 68 2 10
21 69 6 4
21 70 5 10
21 72 6 6
21 73 5 5
21 74 10 3
21 75 7 7
21 76 5 9
21 77 1 4
21 78 9 8
21 79 7 10
21 81 7 10
21 82 4 10
21 83 8 6
21 84 9 5
21 85 1 8
21 86 6 2
21 87 4 4
21 88 7 6
21 89 4 4
21 91 1 4
21 92 2 1
21 93 2 6
21 95 4 1
21 96 10 9
21 97 5 10
21 98 5 5
21 99 9 1
21 100 10 6
22 23 1 5
22 24 7 2
22 25 5 7
22 26 9 7
22 27 4 6
22 28 6 7
22 29 4 4
22 30 7 7
22 31 1 3
22 32 10 7
22 34 3 4
22 35 7 8
22 36 6 1
22 37 9 10
22 38 2 2
22 39 7 9
22 40 2 6
22 42 3 9
22 43 4 2
22 44 4 2
22 46 10 7
22 47 7 4
22 49 3 5
22 50 6 1
22 51 7 8
22 52 1 10
22 53 6 8
22 55 3 6
22 56 7 2
22 57 4 7
22 60 7 8
22 61 7 1
22 62 2 1
22 63 3 4
22 64 9 4
22 65 4 5
22 66 2 3
22 68 2 1
22 69 5 10
22 70 8 3
22 72 10 4
22 73 3 2
22 76 3 7
22 77 3 8
22 79 5 3
22 80 7 4
22 81 10 3
22 85 4 9
22 86 7 8
22 87 1 7
22 88 1 1
22 89 2 8
22 90 5 10
22 91 3 1
22 92 10 5
22 93 6 7
22 95 7 2
22 96 7 2
22 97 6 10
22 98 5 6
22 100 2 1
23 24 2 10
23 25 6 3
23 26 2 6
23 28 3 3
23 29 6 8
23 30 7 10
23 31 1 4
23 32 5 1
23 34 4 7
23 35 10 9
23 36 8 3
23 37 4 10
23 39 2 10
23 40 7 3
23 42 4 6
23 43 7 3
23 44 5 2
23 45 4 8
23 46 3 6
23 47 4 10
23 48 5 9
23 49 5 6
23 50 5 4
23 51 2 7
23 52 8 3
23 53 8 2
23 54 2 2
23 55 3 10
23 56 10 2
23 58 2 10
23 59 1 4
23 60 10 8
23 61 4 4
23 62 8 1
23 63 3 6
23 64 1 9
23 65 8 5
23 66 2 10
23 67 2 9
23 68 3 9
23 69 3 6
23 71 2 3
23 72 7 8
23 73 3 8
23 75 3 9
23 76 1 9
23 77 5 6
23 78 2 9
23 79 10 7
23 80 5 10
23 81 10 10
23 82 3 1
23 83 6 8
23 84 1 9
23 85 6 8
23 86 3 8
23 87 6 6
23 88 8 10
23 89 9 7
23 90 4 9
23 91 9 9
23 92 4 6
23 93 9 8
23 94 2 1
23 95 4 1
23 96 7 7
23 97 9 2
23 98 9 7
23 99 2 7
24 25 1 8
24 26 3 4
24 27 5 9
24 28 1 1
24 29 3 8
24 31 1 8
24 32 2 6
24 33 7 2
24 34 2 4
24 35 7 6
24 36 4 9
24 37 5 3
24 38 1 6
24 40 2 2
24 42 8 4
24 43 3 6
24 44 7 3
24 46 9 4
24 47 6 5
24 49 9 5
24 50 8 10
24 51 8 7
24 53 3 10
24 55 6 4
24 56 2 8
24 58 7 8
24 59 3 6
24 60 3 7
24 61 2 1
24 62 2 7
24 63 6 4
24 64 3 6
24 66 9 1
24 67 2 10
24 69 8 3
24 70 8 8
24 71 2 6
24 72 7 6
24 74 9 2
24 75 3 5
24 76 8 10
24 78 4 2
24 79 10 1
24 81 7 5
24 84 1 10
24 86 8 10
24 87 7 4
24 88 1 2
24 89 10 8
24 93 5 2
24 94 2 8
24 95 10 3
24 96 1 9
24 97 1 3
24 98 1 4
24 99 6 3
24 100 7 2
25 26 8 9
25 27 2 4
25 28 9 6
25 30 7 2
25 32 5 10
25 33 3 3
25 36 1 3
25 37 10 10
25 38 1 2
25 39 6 10
25 40 4 10
25 41 6 6
25 42 4 1
25 44 3 1
25 45 10 7
25 46 7 1
25 47 8 3
25 48 7 3
25 49 2 3
25 50 8 7
25 51 3 1
25 52 1 4
25 53 1 6
25 54 9 7
25 55 8 2
25 56 10 6
25 57 10 7
25 58 10 1
25 59 10 4
25 60 4 3
25 61 5 9
25 62 9 8
25 63 2 4
25 64 10 1
25 65 1 6
25 66 7 9
25 67 7 4
25 68 3 4
25 69 5 8
25 70 7 6
25 71 3 1
25 72 5 2
25 74 2 6
25 75 5 5
25 77 10 7
25 78 4 8
25 79 7 10
25 80 2 10
25 81 1 9
25 82 7 2
25 83 10 5
25 84 10 8
25 85 5 10
25 87 3 1
25 88 8 10
25 89 2 3
25 91 8 5
25 92 2 2
25 93 2 7
25 94 1 1
25 95 7 4
25 97 6 10
25 99 9 9
26 27 2 3
26 29 4 10
26 33 7 8
26 34 5 4
26 35 3 5
26 37 7 5
26 38 5 10
26 40 4 10
26 41 8 4
26 44 8 10
26 45 7 7
26 47 1 7
26 48 10 1
26 49 6 7
26 50 3 6
26 51 10 6
26 52 10 7
26 53 8 3
26 54 8 3
26 55 10 9
26 56 6 5
26 57 8 9
26 58 9 8
26 59 7 5
26 60 9 3
26 61 8 6
26 62 2 10
26 63 1 5
26 64 9 4
26 65 1 10
26 68 5 5
26 69 3 10
26 70 6 1
26 71 1 2
26 73 5 10
26 75 5 4
26 76 6 5
26 77 1 3
26 78 5 8
26 79 4 2
26 80 6 10
26 81 10 8
26 83 7 7
26 84 5 1
26 85 5 10
26 86 5 7
26 87 9 7
26 88 9 3
26 91 6 9
26 92 10 7
26 93 1 3
26 94 10 10
26 95 7 1
26 96 7 1
26 97 3 1
26 98 4 9
26 100 8 2
27 28 7 5
27 30 6 10
27 31 5 9
27 32 6 5
27 33 5 7
27 34 3 2
27 35 10 6
27 37 7 8
27 38 9 4
27 39 10 2
27 40 2 8
27 41 2 2
27 42 1 2
27 43 8 8
27 44 3 2
27 45 2 7
27 48 2 6
27 49 2 8
27 50 4 5
27 51 4 6
27 52 4 6
27 53 10 4
27 54 2 10
27 55 1 3
27 56 4 6
27 57 7 10
27 59 7 4
27 61 7 5
27 63 3 8
27 64 4 9
27 65 10 10
27 66 1 1
27 67 7 6
27 68 4 1
27 69 6 5
27 70 3 4
27 71 3 1
27 72 1 3
27 73 6 9
27 74 3 10
27 75 3 7
27 76 2 3
27 77 2 10
27 78 6 10
27 79 4 1
27 80 2 4
27 81 5 1
27 84 8 10
27 85 1 2
27 86 8 6
27 87 2 8
27 89 9 3
27 90 5 7
27 91 7 1
27 92 1 3
27 95 4 10
27 96 6 4
27 97 4 6
27 99 6 9
27 100 3 4
28 29 5 9
28 30 4 9
28 31 8 8
28 32 8 6
28 33 1 9
28 34 1 8
28 35 6 2
28 36 6 10
28 37 5 2
28 38 2 6
28 39 9 4
28 40 9 3
28 41 3 5
28 42 1 1
28 43 7 4
28 44 8 10
28 45 9 9
28 46 6 10
28 47 8 7
28 48 9 10
28 49 8 9
28 50 2 3
28 52 10 4
28 53 5 4
28 56 3 5
28 57 6 6
28 58 2 7
28 59 3 1
28 60 3 4
28 61 7 5
28 62 2 2
28 63 10 1
28 65 1 8
28 66 10 4
28 68 5 10
28 69 2 8
28 70 1 3
28 71 3 1
28 72 9 3
28 73 7 7
28 74 1 3
28 75 10 10
28 77 5 8
28 78 2 4
28 79 7 10
28 80 8 3
28 81 3 1
28 82 2 10
28 83 10 3
28 84 3 9
28 85 1 3
28 86 3 7
28 87 10 10
28 88 4 4
28 90 1 7
28 93 6 7
28 94 4 3
28 95 7 7
28 97 6 7
28 98 4 10
28 99 6 4
28 100 8 9
29 30 9 5
29 31 8 8
29 33 10 7
29 34 8 1
29 35 1 4
29 36 2 10
29 37 3 7
29 38 10 1
29 39 9 5
29 40 2 2
29 42 10 4
29 43 5 1
29 44 8 6
29 45 6 2
29 47 6 9
29 49 6 5
29 50 6 7
29 51 8 3
29 52 3 6
29 53 9 6
29 54 4 10
29 55 8 10
29 56 1 6
29 57 7 1
29 58 5 4
29 59 1 8
29 60 10 9
29 61 7 5
29 62 8 6
29 63 4 7
29 64 6 8
29 65 2 6
29 66 4 1
29 67 10 3
29 68 10 4
29 69 5 5
29 71 6 7
29 72 1 5
29 73 1 4
29 75 7 1
29 77 3 6
29 78 4 4
29 79 7 8
29 80 4 10
29 81 4 9
29 82 3 10
29 86 10 10
29 87 3 9
29 88 4 6
29 89 6 6
29 90 10 4
29 91 10 10
29 92 9 8
29 93 3 9
29 94 2 10
29 95 1 5
29 96 8 7
29 97 6 8
29 98 7 7
29 99 2 2
29 100 1 7
30 31 2 7
30 33 8 7
30 34 10 7
30 35 10 5
30 36 7 4
30 37 3 3
30 38 5 8
30 39 7 5
30 40 3 4
30 41 9 4
30 42 2 6
30 43 8 9
30 44 5 2
30 46 2 9
30 47 8 10
30 48 3 5
30 49 3 5
30 50 9 10
30 51 10 9
30 52 10 5
30 54 8 10
30 55 9 2
30 57 9 9
30 58 10 8
30 59 10 1
30 60 4 5
30 62 10 4
30 63 6 9
30 64 5 1
30 65 10 2
30 66 10 2
30 67 3 2
30 68 1 4
30 69 5 4
30 71 4 10
30 72 7 1
30 74 2 8
30 75 1 4
30 81 5 2
30 82 10 6
30 83 5 1
30 84 7 1
30 85 2 7
30 86 3 9
30 87 6 1
30 88 4 6
30 89 2 10
30 90 4 4
30 91 4 10
30 92 4 10
30 93 3 10
30 94 8 8
30 95 6 10
30 98 10 9
30 100 2 4
31 32 6 7
31 33 1 3
31 34 9 10
31 35 2 7
31 36 8 10
31 37 9 6
31 38 7 1
31 40 8 9
31 42 7 4
31 43 3 8
31 45 2 10
31 46 4 4
31 47 1 5
31 49 10 3
31 50 8 5
31 52 1 2
31 55 3 9
31 56 6 6
31 58 3 7
31 59 1 7
31 61 10 4
31 62 3 6
31 63 9 8
31 64 5 10
31 65 2 8
31 66 5 4
31 68 3 2
31 69 9 7
31 70 7 2
31 71 10 4
31 72 1 5
31 73 1 7
31 74 7 7
31 76 10 9
31 79 3 5
31 80 3 10
31 81 8 9
31 83 8 1
31 86 2 10
31 88 4 1
31 89 8 6
31 90 3 7
31 92 6 4
31 93 5 6
31 95 5 10
31 96 1 6
31 97 4 3
31 99 5 6
31 100 5 9
32 33 10 8
32 35 10 5
32 36 2 1
32 37 10 7
32 38 2 1
32 39 10 7
32 40 8 7
32 41 5 8
32 42 8 8
32 43 1 3
32 44 9 5
32 46 7 5
32 47 6 7
32 48 10 6
32 49 10 6
32 50 1 8
32 51 5 5
32 52 3 10
32 53 9 2
32 54 4 3
32 56 4 7
32 57 7 2
32 62 2 10
32 63 5 6
32 64 6 10
32 66 10 10
32 68 8 1
32 69 7 5
32 70 2 2
32 71 7 5
32 72 4 5
32 73 3 4
32 74 10 3
32 75 4 10
32 76 8 4
32 78 7 4
32 79 6 10
32 80 6 10
32 82 6 3
32 83 8 9
32 85 7 6
32 86 7 6
32 87 8 5
32 88 7 8
32 90 1 10
32 95 10 9
32 96 1 3
32 97 1 5
32 98 1 5
33 35 7 3
33 36 4 3
33 38 10 1
33 39 2 8
33 40 9 8
33 41 2 7
33 42 6 4
33 44 4 1
33 45 3 3
33 46 4 3
33 48 1 1
33 49 1 5
33 51 5 1
33 52 3 6
33 54 4 7
33 55 10 9
33 56 1 8
33 57 7 2
33 58 9 5
33 59 8 2
33 60 4 5
33 61 7 2
33 62 7 5
33 63 8 8
33 64 6 10
33 65 7 1
33 67 4 1
33 68 3 7
33 69 2 10
33 70 9 6
33 71 9 6
33 72 10 2
33 74 6 6
33 75 6 9
33 79 1 5
33 80 5 7
33 81 5 8
33 82 4 2
33 83 10 3
33 84 1 6
33 85 3 4
33 86 3 5
33 87 9 8
33 89 2 3
33 90 3 10
33 91 2 6
33 93 6 2
33 94 9 4
33 95 6 10
33 96 8 7
33 97 6 2
33 98 10 7
33 99 9 9
33 100 6 10
34 37 10 10
34 39 3 6
34 40 4 4
34 41 6 4
34 42 8 4
34 44 8 6
34 45 1 10
34 46 7 4
34 47 8 10
34 48 10 1
34 49 8 7
34 50 2 4
34 51 8 5
34 53 4 6
34 54 4 10
34 55 5 10
34 56 6 2
34 57 2 8
34 58 7 8
34 59 8 1
34 60 2 3
34 61 7 10
34 62 3 9
34 63 6 8
34 64 4 3
34 65 1 10
34 66 3 1
34 67 1 3
34 68 8 10
34 69 7 4
34 70 1 2
34 71 2 5
34 72 6 5
34 73 8 8
34 74 1 5
34 75 10 5
34 76 3 3
34 77 9 9
34 78 7 10
34 80 8 7
34 82 10 2
34 83 8 6
34 84 5 10
34 85 10 7
34 86 9 10
34 87 1 8
34 88 4 7
34 89 6 6
34 91 6 4
34 92 2 4
34 93 8 10
34 94 8 8
34 98 7 2
34 99 1 9
34 100 3 2
35 36 3 1
35 37 9 6
35 38 10 6
35 39 4 10
35 40 8 4
35 41 9 9
35 42 1 2
35 43 3 3
35 44 10 6
35 45 7 8
35 47 1 7
35 48 6 9
35 49 3 1
35 50 3 8
35 51 7 1
35 52 10 7
35 53 7 7
35 54 10 10
35 55 4 2
35 56 10 7
35 58 3 1
35 59 3 10
35 60 6 4
35 61 4 8
35 62 10 7
35 63 3 3
35 64 1 1
35 65 4 5
35 66 1 9
35 67 9 1
35 68 8 9
35 70 4 1
35 71 3 7
35 73 8 7
35 74 8 3
35 76 3 8
35 78 10 7
35 79 1 6
35 80 2 5
35 81 1 4
35 82 10 2
35 83 1 2
35 84 9 3
35 85 5 4
35 86 6 10
35 87 9 9
35 88 7 10
35 89 3 2
35 90 4 8
35 91 3 1
35 92 2 4
35 93 2 1
35 94 9 7
35 96 3 1
35 97 4 8
35 98 4 4
35 99 4 10
36 37 8 4
36 38 5 3
36 40 5 5
36 41 5 9
36 42 9 2
36 43 9 1
36 44 1 1
36 45 8 6
36 46 5 9
36 47 8 6
36 48 9 9
36 49 8 8
36 51 9 6
36 53 9 5
36 54 3 6
36 55 1 3
36 56 2 4
36 57 3 3
36 58 5 9
36 59 4 8
36 62 7 10
36 63 7 10
36 64 3 6
36 65 5 9
36 66 1 7
36 67 3 10
36 68 2 6
36 69 5 8
36 70 5 7
36 71 3 4
36 72 9 9
36 73 1 3
36 74 2 10
36 77 4 9
36 79 10 4
36 80 5 1
36 81 8 7
36 82 3 6
36 83 6 7
36 85 5 1
36 86 4 10
36 87 6 7
36 89 7 3
36 90 5 4
36 91 3 10
36 92 6 10
36 93 4 4
36 94 7 8
36 95 4 4
36 96 2 8
36 99 10 5
36 100 10 1
37 38 8 5
37 41 4 3
37 42 10 2
37 43 7 9
37 44 9 1
37 45 10 8
37 46 7 4
37 48 1 2
37 49 2 4
37 50 7 7
37 51 2 6
37 52 8 7
37 53 3 3
37 54 3 7
37 56 1 8
37 57 4 6
37 58 3 1
37 59 6 8
37 60 2 10
37 61 9 2
37 62 7 9
37 64 2 4
37 66 5 2
37 70 10 2
37 71 7 6
37 72 7 5
37 73 4 10
37 74 9 7
37 75 7 2
37 78 4 9
37 81 2 3
37 82 2 4
37 83 4 2
37 84 9 2
37 85 7 9
37 86 9 10
37 87 6 10
37 88 6 10
37 89 3 10
37 90 5 3
37 91 9 1
37 92 6 9
37 93 9 7
37 94 7 1
37 95 3 7
37 96 5 3
37 97 2 2
37 98 3 7
37 99 6 2
38 40 6 3
38 41 1 2
38 42 10 3
38 43 1 2
38 44 2 6
38 45 10 6
38 47 3 3
38 48 6 2
38 49 10 5
38 50 5 5
38 51 1 2
38 53 6 10
38 54 5 7
38 55 9 2
38 56 4 5
38 58 6 10
38 61 5 1
38 63 6 2
38 64 4 1
38 65 7 7
38 66 3 6
38 67 6 1
38 68 6 4
38 69 9 8
38 71 6 8
38 72 2 3
38 74 6 7
38 77 2 3
38 78 1 4
38 79 9 5
38 80 8 8
38 81 1 6
38 82 5 10
38 83 4 9
38 84 4 2
38 85 6 5
38 86 4 1
38 87 6 6
38 90 3 8
38 91 3 9
38 92 7 8
38 93 5 6
38 94 6 3
38 95 8 9
38 96 5 7
38 97 4 1
38 98 2 4
38 99 9 8
38 100 1 8
39 42 7 7
39 43 8 8
39 44 10 8
39 45 1 5
39 46 3 6
39 47 5 7
39 48 7 10
39 49 1 9
39 50 5 6
39 51 4 9
39 53 1 9
39 54 4 5
39 56 9 4
39 57 4 9
39 58 8 3
39 59 3 8
39 61 5 5
39 64 7 8
39 65 3 6
39 66 5 2
39 67 3 1
39 68 7 8
39 69 8 7
39 70 7 3
39 71 8 6
39 74 8 5
39 76 7 10
39 78 8 10
39 79 3 5
39 80 10 1
39 81 10 5
39 82 10 5
39 83 7 2
39 84 5 4
39 85 1 5
39 86 8 6
39 87 1 5
39 88 4 6
39 89 5 7
39 91 5 9
39 92 4 1
39 93 7 7
39 94 6 9
39 95 5 8
39 96 6 7
39 98 6 8
39 99 5 10
39 100 3 8
40 41 5 10
40 42 9 6
40 43 9 7
40 44 2 6
40 45 6 5
40 47 10 8
40 49 9 8
40 50 5 5
40 51 6 4
40 52 7 2
40 53 2 10
40 54 4 5
40 55 6 6
40 56 6 3
40 57 7 2
40 59 6 2
40 60 9 1
40 61 9 2
40 62 7 6
40 64 9 3
40 65 7 8
40 66 7 5
40 67 6 5
40 68 1 8
40 69 10 7
40 70 9 8
40 71 7 3
40 73 3 1
40 74 1 7
40 75 7 8
40 77 5 9
40 78 8 2
40 79 8 4
40 80 6 4
40 81 2 6
40 82 2 5
40 83 3 8
40 84 6 3
40 85 5 5
40 88 9 7
40 89 8 6
40 90 4 10
40 91 8 1
40 92 9 5
40 93 7 1
40 94 2 9
40 95 6 3
40 96 3 9
40 97 3 8
40 99 3 2
40 100 8 7
41 42 2 1
41 43 3 8
41 44 8 3
41 45 2 10
41 46 5 6
41 47 9 8
41 48 10 5
41 49 2 2
41 51 10 4
41 52 2 10
41 53 9 1
41 55 8 1
41 56 2 5
41 57 5 9
41 58 5 8
41 59 4 3
41 60 1 4
41 61 6 8
41 62 4 2
41 63 4 4
41 64 6 6
41 65 6 7
41 66 3 3
41 67 6 9
41 68 6 9
41 71 2 3
41 72 4 10
41 73 6 7
41 74 8 1
41 75 3 6
41 76 7 1
41 77 9 3
41 78 9 8
41 79 2 10
41 80 5 4
41 81 7 3
41 82 7 5
41 83 2 7
41 84 10 4
41 86 3 4
41 87 2 8
41 88 2 10
41 89 3 10
41 92 9 4
41 94 10 10
41 95 5 2
41 96 10 7
41 99 10 7
41 100 9 3
42 43 2 8
42 44 6 3
42 45 4 3
42 46 2 3
42 47 6 5
42 48 4 10
42 50 1 1
42 51 2 5
42 52 9 10
42 53 7 9
42 55 1 6
42 56 9 2
42 57 10 6
42 58 8 6
42 59 7 4
42 61 4 3
42 62 5 2
42 63 8 5
42 64 3 2
42 66 1 9
42 68 3 5
42 69 7 2
42 70 3 3
42 71 5 7
42 72 3 7
42 73 1 9
42 74 6 5
42 75 9 7
42 76 2 3
42 77 9 6
42 78 7 2
42 79 6 1
42 80 3 5
42 81 6 5
42 82 6 4
42 83 1 6
42 84 10 4
42 86 6 8
42 87 2 3
42 88 3 7
42 89 5 6
42 91 8 6
42 92 2 10
42 93 1 9
42 94 1 4
42 95 2 1
42 96 10 4
42 97 10 1
42 98 2 7
42 99 10 2
42 100 3 7
43 44 8 1
43 45 8 4
43 46 7 7
43 47 8 4
43 48 10 1
43 49 9 10
43 50 3 8
43 51 6 6
43 52 1 5
43 55 7 2
43 56 10 1
43 57 2 2
43 58 10 3
43 59 3 7
43 60 8 5
43 62 4 4
43 63 3 2
43 64 4 7
43 65 2 9
43 68 2 9
43 69 10 9
43 70 6 4
43 71 9 1
43 72 3 3
43 73 5 6
43 74 8 1
43 75 10 6
43 76 3 9
43 78 5 10
43 79 2 5
43 80 8 1
43 81 3 8
43 82 3 9
43 83 4 9
43 84 4 6
43 85 8 8
43 86 1 3
43 87 2 2
43 88 7 2
43 90 9 5
43 91 4 8
43 93 4 5
43 94 7 8
43 96 3 6
43 97 4 5
43 98 7 10
43 99 10 1
43 100 9 6
44 46 2 8
44 47 6 6
44 49 1 10
44 50 9 3
44 51 7 4
44 52 5 10
44 53 6 3
44 54 7 7
44 55 7 7
44 56 9 7
44 58 10 4
44 60 6 5
44 61 8 8
44 62 5 6
44 63 6 6
44 64 8 7
44 65 8 10
44 66 5 10
44 67 1 6
44 69 2 4
44 70 3 6
44 71 1 1
44 72 2 2
44 73 1 4
44 74 10 1
44 76 1 7
44 77 8 6
44 78 3 6
44 79 9 6
44 80 8 2
44 81 7 5
44 82 4 8
44 83 8 6
44 84 3 10
44 85 4 2
44 87 3 6
44 88 4 9
44 89 6 3
44 92 7 4
44 93 10 5
44 94 8 5
44 95 7 9
44 96 2 2
44 97 2 2
44 98 1 2
44 99 6 6
44 100 7 1
45 47 4 3
45 48 9 8
45 49 4 5
45 50 8 4
45 51 9 10
45 52 9 8
45 53 3 4
45 55 3 1
45 56 8 7
45 58 5 7
45 59 1 1
45 60 1 5
45 61 5 8
45 62 4 3
45 63 1 5
45 64 1 6
45 65 6 2
45 66 10 8
45 67 8 1
45 68 9 2
45 69 1 1
45 70 6 8
45 71 2 9
45 72 7 5
45 73 4 9
45 74 3 10
45 75 7 4
45 76 2 4
45 78 7 2
45 79 2 3
45 80 7 4
45 81 2 9
45 82 3 8
45 83 8 7
45 84 4 7
45 85 9 9
45 86 10 8
45 87 10 6
45 88 9 10
45 89 1 6
45 90 9 5
45 91 8 4
45 93 7 8
45 94 10 1
45 97 10 2
45 98 2 8
45 99 6 9
45 100 6 9
46 47 1 1
46 48 3 5
46 49 6 7
46 50 6 5
46 51 5 4
46 52 6 5
46 53 8 5
46 54 9 9
46 55 1 3
46 56 7 5
46 57 4 8
46 58 5 2
46 59 2 6
46 60 8 8
46 61 2 7
46 63 5 9
46 64 2 2
46 65 6 6
46 66 7 4
46 68 10 9
46 69 2 7
46 70 5 1
46 71 7 4
46 72 9 5
46 73 10 8
46 74 6 5
46 75 5 1
46 77 4 4
46 78 9 7
46 79 1 1
46 80 10 10
46 81 4 6
46 82 8 9
46 83 8 6
46 84 2 3
46 86 8 8
46 87 4 4
46 88 5 9
46 89 10 3
46 90 9 10
46 91 7 8
46 92 6 6
46 94 4 6
46 96 10 7
46 97 6 10
46 98 6 10
46 100 10 7
47 48 4 8
47 49 6 6
47 50 9 6
47 51 3 6
47 53 8 9
47 56 6 5
47 59 1 3
47 60 10 8
47 63 7 1
47 64 6 4
47 65 5 8
47 66 7 7
47 67 4 2
47 68 10 7
47 69 3 10
47 71 3 2
47 72 1 3
47 73 9 2
47 74 9 2
47 75 7 10
47 76 3 10
47 77 3 9
47 78 6 4
47 80 6 9
47 81 2 1
47 82 3 10
47 83 3 2
47 84 6 3
47 87 10 8
47 89 2 1
47 90 2 7
47 91 10 10
47 93 2 8
47 94 6 3
47 95 8 10
47 96 9 8
47 97 6 6
47 99 9 3
47 100 9 2
48 49 1 8
48 50 9 10
48 51 7 6
48 54 2 3
48 56 5 6
48 57 1 8
48 58 4 3
48 59 8 2
48 63 5 8
48 65 9 10
48 67 5 3
48 68 1 5
48 69 9 10
48 70 9 3
48 71 4 2
48 72 9 10
48 74 8 10
48 75 4 4
48 76 7 2
48 77 7 1
48 78 4 8
48 80 5 10
48 81 6 9
48 84 1 6
48 86 2 3
48 88 1 8
48 91 1 9
48 92 7 1
48 93 3 7
48 94 3 10
48 95 3 5
48 96 10 1
48 97 7 5
48 98 7 8
48 100 4 6
49 50 1 9
49 51 9 7
49 52 8 1
49 53 8 8
49 54 8 3
49 55 2 2
49 56 4 7
49 57 4 9
49 58 7 2
49 59 6 3
49 60 9 5
49 61 7 9
49 62 9 9
49 63 4 4
49 64 10 8
49 65 8 2
49 66 1 8
49 67 2 4
49 68 6 8
49 69 1 2
49 70 8 9
49 71 9 4
49 74 10 3
49 75 10 3
49 76 3 1
49 77 5 7
49 78 4 3
49 79 8 1
49 81 6 5
49 82 9 10
49 83 4 8
49 84 4 8
49 85 3 8
49 88 2 9
49 89 1 5
49 90 6 9
49 91 2 6
49 92 6 9
49 93 9 4
49 94 8 2
49 95 6 3
49 96 6 3
49 97 3 6
49 98 2 8
49 99 10 9
49 100 7 3
50 52 6 1
50 53 3 5
50 55 5 5
50 56 2 9
50 57 6 9
50 59 8 5
50 60 1 2
50 61 9 6
50 63 5 3
50 64 4 9
50 65 4 9
50 66 4 9
50 67 8 8
50 68 8 9
50 70 9 1
50 71 5 2
50 72 6 8
50 73 4 5
50 74 2 8
50 75 1 5
50 76 2 5
50 77 7 7
50 78 7 10
50 79 10 4
50 80 2 9
50 81 5 1
50 82 5 6
50 83 10 8
50 84 6 6
50 85 10 6
50 86 10 4
50 87 6 6
50 88 4 4
50 91 2 2
50 93 10 8
50 94 7 5
50 95 10 7
50 96 2 1
50 97 6 1
50 98 4 3
50 100 2 4
51 52 6 10
51 53 2 2
51 54 1 4
51 55 5 4
51 56 9 5
51 57 1 10
51 58 8 2
51 59 1 2
51 60 9 2
51 61 10 5
51 62 10 9
51 63 1 7
51 64 10 4
51 65 2 7
51 66 4 9
51 67 3 5
51 68 6 10
51 69 4 4
51 72 6 4
51 73 9 10
51 74 10 1
51 75 1 1
51 76 10 2
51 77 10 10
51 78 2 2
51 79 8 4
51 80 10 5
51 82 7 10
51 83 1 8
51 86 2 3
51 87 8 3
51 88 3 5
51 89 1 1
51 90 3 7
51 91 8 6
51 92 4 4
51 93 4 1
51 95 1 3
51 96 2 7
51 97 8 3
51 98 9 10
51 99 10 6
51 100 1 10
52 53 2 2
52 54 9 8
52 55 5 2
52 57 6 1
52 58 5 8
52 60 5 5
52 61 3 2
52 62 9 3
52 63 3 2
52 65 8 4
52 66 1 10
52 68 1 4
52 69 2 5
52 71 6 9
52 72 1 5
52 73 8 6
52 74 6 2
52 75 9 3
52 77 1 2
52 78 5 5
52 80 3 5
52 81 9 10
52 82 3 5
52 83 7 4
52 84 10 4
52 86 9 9
52 87 4 6
52 88 9 10
52 89 2 10
52 90 1 9
52 91 9 1
52 92 4 9
52 93 6 3
52 94 1 9
52 95 6 3
52 96 7 7
52 97 7 3
52 99 4 10
53 54 9 8
53 55 8 7
53 58 3 3
53 59 5 5
53 61 4 9
53 62 8 1
53 63 2 10
53 65 5 3
53 66 3 1
53 67 1 3
53 68 1 10
53 69 6 3
53 73 10 1
53 74 2 7
53 75 6 5
53 76 5 1
53 77 8 6
53 78 6 1
53 79 7 2
53 80 9 10
53 81 9 8
53 83 2 2
53 84 7 1
53 85 1 2
53 86 2 9
53 87 8 3
53 88 3 8
53 89 8 3
53 90 2 7
53 91 4 10
53 92 7 3
53 93 1 6
53 94 8 7
53 95 8 6
53 96 6 3
53 97 5 10
53 98 7 10
53 100 7 4
54 56 6 9
54 57 4 7
54 58 1 1
54 59 6 4
54 60 10 4
54 61 5 8
54 63 8 2
54 64 9 10
54 65 6 10
54 67 8 2
54 68 9 2
54 69 9 8
54 70 10 1
54 71 6 10
54 72 6 3
54 73 10 2
54 74 4 10
54 77 7 8
54 78 5 6
54 79 5 5
54 80 10 9
54 81 2 3
54 82 6 1
54 83 2 7
54 85 3 8
54 86 2 2
54 87 1 4
54 88 8 9
54 89 9 4
54 90 8 6
54 91 2 10
54 92 4 9
54 93 4 4
54 94 3 1
54 96 1 9
54 97 1 4
54 98 3 10
54 100 9 10
55 57 10 8
55 58 7 9
55 59 10 3
55 60 5 2
55 61 1 7
55 62 5 5
55 63 10 7
55 64 10 1
55 65 6 6
55 66 3 4
55 67 8 4
55 69 5 4
55 70 7 9
55 71 8 6
55 72 7 8
55 73 8 9
55 74 6 9
55 75 7 4
55 76 10 6
55 78 8 1
55 79 7 9
55 80 8 7
55 81 6 4
55 82 2 8
55 83 8 1
55 84 5 7
55 86 3 9
55 87 10 1
55 88 2 6
55 89 1 5
55 91 3 9
55 92 8 6
55 94 5 5
55 95 2 3
55 96 3 3
55 97 5 8
55 98 6 10
55 99 6 9
55 100 6 3
56 57 5 7
56 58 5 1
56 59 3 9
56 61 2 5
56 63 2 3
56 64 6 2
56 65 3 3
56 66 1 6
56 67 1 1
56 68 8 6
56 69 4 10
56 70 5 5
56 71 4 5
56 72 1 4
56 74 2 2
56 75 3 9
56 76 10 9
56 79 3 3
56 80 8 5
56 81 5 2
56 82 7 6
56 83 1 1
56 84 6 10
56 86 7 3
56 87 2 5
56 89 6 4
56 90 7 7
56 91 5 7
56 93 5 7
56 94 3 8
56 96 2 5
56 97 3 7
56 98 4 5
56 99 1 5
56 100 4 6
57 59 7 1
57 61 5 1
57 63 7 9
57 64 9 7
57 66 3 8
57 68 10 5
57 69 7 9
57 70 10 3
57 71 2 9
57 72 9 6
57 73 9 8
57 74 4 8
57 75 4 3
57 76 10 9
57 77 8 9
57 78 3 9
57 79 4 7
57 80 10 10
57 82 10 3
57 83 9 10
57 84 2 5
57 86 10 5
57 87 6 3
57 90 4 9
57 92 4 9
57 94 10 9
57 95 3 7
57 96 3 3
57 98 1 2
57 99 2 9
57 100 4 8
58 59 10 3
58 60 4 5
58 61 8 5
58 63 4 10
58 64 2 5
58 67 6 8
58 68 8 7
58 70 8 9
58 71 2 10
58 72 3 9
58 73 1 2
58 74 6 8
58 75 8 5
58 76 2 4
58 78 6 3
58 80 10 3
58 81 7 8
58 82 7 8
58 83 9 1
58 85 1 8
58 87 4 9
58 88 1 5
58 89 7 6
58 90 9 6
58 91 7 6
58 92 8 7
58 93 9 6
58 98 6 9
58 99 4 4
59 60 3 8
59 61 7 5
59 62 7 4
59 63 1 3
59 64 10 1
59 66 1 7
59 67 10 6
59 68 6 8
59 69 5 5
59 70 3 2
59 71 7 7
59 72 6 8
59 73 2 6
59 74 1 7
59 75 6 4
59 76 8 6
59 79 10 5
59 80 2 8
59 81 10 1
59 82 8 6
59 83 2 3
59 84 5 7
59 85 2 3
59 87 3 10
59 88 1 4
59 89 5 8
59 90 2 9
59 91 4 10
59 92 3 6
59 93 7 7
59 94 1 4
59 95 9 10
59 96 5 8
59 97 3 9
59 98 9 3
59 99 4 6
59 100 1 1
60 61 5 3
60 62 5 2
60 64 1 4
60 66 2 2
60 67 1 10
60 68 3 5
60 69 5 6
60 70 1 10
60 72 10 6
60 73 10 4
60 75 2 9
60 76 2 3
60 77 5 3
60 80 6 10
60 81 5 5
60 82 1 9
60 83 8 7
60 84 5 8
60 85 8 5
60 86 2 3
60 87 7 3
60 88 8 2
60 89 8 7
60 90 4 8
60 91 10 10
60 92 2 2
60 93 6 9
60 94 2 5
60 95 8 9
60 96 5 4
60 98 4 5
60 99 7 9
60 100 9 9
61 62 3 1
61 63 1 4
61 64 6 4
61 65 3 2
61 66 2 7
61 67 7 6
61 68 7 5
61 69 4 2
61 71 2 9
61 72 6 7
61 73 7 1
61 74 10 6
61 77 10 7
61 78 4 1
61 79 8 4
61 80 6 6
61 81 5 9
61 82 8 10
61 83 2 3
61 85 4 2
61 86 8 6
61 87 8 1
61 88 1 10
61 89 6 2
61 90 1 3
61 91 2 5
61 93 5 6
61 94 3 7
61 95 10 1
61 96 3 1
61 97 6 5
61 98 2 8
61 99 5 3
61 100 8 9
62 63 8 1
62 65 6 5
62 66 8 3
62 67 2 5
62 68 10 7
62 69 8 6
62 70 9 1
62 71 9 5
62 72 8 8
62 73 8 6
62 74 9 4
62 75 6 3
62 76 5 2
62 77 3 10
62 78 9 5
62 79 3 1
62 80 4 8
62 82 4 2
62 84 7 10
62 85 4 8
62 86 9 6
62 88 10 10
62 89 4 10
62 90 5 6
62 91 2 9
62 92 6 1
62 94 3 10
62 95 8 1
62 96 5 5
62 99 10 9
62 100 2 10
63 64 8 7
63 65 3 4
63 66 3 9
63 68 5 1
63 69 5 7
63 70 5 2
63 71 5 8
63 73 5 10
63 75 1 7
63 76 6 8
63 77 10 4
63 78 2 10
63 79 4 6
63 83 3 3
63 84 2 7
63 85 4 6
63 86 7 6
63 87 2 4
63 90 7 9
63 91 7 10
63 92 8 2
63 95 2 6
63 96 8 5
63 97 7 10
63 98 4 5
63 99 9 10
64 65 3 5
64 67 5 1
64 68 2 6
64 69 5 4
64 70 6 1
64 71 1 2
64 72 10 6
64 73 7 6
64 74 5 2
64 75 2 7
64 76 8 8
64 77 3 3
64 79 7 7
64 80 1 7
64 81 7 6
64 82 3 8
64 83 2 8
64 84 8 4
64 85 5 7
64 87 1 7
64 88 10 1
64 89 4 8
64 92 7 7
64 93 8 8
64 94 7 9
64 95 3 5
64 97 5 5
64 98 7 2
64 99 1 9
64 100 6 8
65 66 6 6
65 68 8 6
65 70 4 5
65 72 1 2
65 73 4 7
65 74 2 7
65 76 2 1
65 77 2 1
65 78 10 1
65 79 5 10
65 80 2 3
65 82 3 9
65 83 3 5
65 84 6 10
65 86 4 9
65 87 7 1
65 88 5 1
65 89 3 4
65 90 5 2
65 91 5 2
65 92 4 8
65 93 8 5
65 94 10 8
65 95 10 7
65 96 10 10
65 99 6 9
65 100 6 10
66 67 2 2
66 69 7 6
66 71 5 9
66 73 6 4
66 74 10 1
66 76 8 8
66 77 1 8
66 78 8 2
66 79 9 8
66 80 7 6
66 82 9 5
66 83 9 6
66 87 5 9
66 89 4 2
66 90 2 6
66 91 2 6
66 92 2 3
66 93 7 1
66 94 9 2
66 96 7 1
66 97 8 9
66 99 9 2
67 68 5 4
67 69 5 2
67 70 1 9
67 71 1 4
67 73 9 1
67 75 1 6
67 76 7 1
67 77 1 4
67 78 1 9
67 79 10 7
67 80 6 7
67 85 6 2
67 86 4 2
67 87 7 8
67 88 5 4
67 89 2 7
67 90 3 9
67 91 4 5
67 92 2 8
67 93 3 7
67 94 8 6
67 96 6 6
67 98 7 5
67 99 2 8
68 69 2 2
68 70 9 8
68 72 1 4
68 73 10 10
68 74 3 4
68 75 5 8
68 76 8 7
68 77 2 9
68 78 5 5
68 79 3 6
68 80 8 7
68 81 3 9
68 82 2 4
68 83 9 5
68 84 6 3
68 85 8 4
68 86 3 1
68 87 9 5
68 88 4 8
68 89 10 1
68 90 2 2
68 93 6 1
68 94 5 9
68 96 9 6
68 97 7 7
68 98 9 6
68 99 1 2
68 100 4 2
69 70 7 10
69 71 2 2
69 73 1 4
69 74 1 2
69 77 10 1
69 78 10 9
69 81 5 5
69 83 5 6
69 84 10 1
69 85 2 10
69 86 1 10
69 87 4 10
69 88 1 5
69 89 1 3
69 90 4 1
69 92 8 8
69 93 9 8
69 95 9 5
69 96 2 1
69 97 4 10
69 98 1 3
69 99 6 9
69 100 6 3
70 71 3 10
70 72 8 9
70 73 3 1
70 74 9 8
70 75 7 5
70 76 2 2
70 77 3 8
70 78 7 8
70 79 10 4
70 80 7 3
70 81 6 8
70 82 5 8
70 83 6 2
70 84 6 1
70 89 9 3
70 91 8 3
70 92 2 5
70 93 5 4
70 94 2 4
70 95 10 9
70 96 2 7
70 97 6 2
70 98 7 6
70 99 6 7
70 100 5 1
71 72 1 3
71 74 5 2
71 75 5 1
71 76 4 5
71 77 10 5
71 78 8 6
71 80 8 7
71 81 3 2
71 83 1 8
71 84 5 6
71 85 5 4
71 87 4 9
71 88 7 5
71 89 5 7
71 91 4 1
71 92 9 10
71 93 3 6
71 94 1 10
71 95 3 2
71 96 5 8
71 97 8 5
71 98 6 5
71 99 7 9
71 100 6 2
72 73 9 1
72 74 1 8
72 75 7 4
72 76 2 7
72 77 5 3
72 78 3 6
72 79 5 8
72 80 7 7
72 81 8 7
72 82 4 5
72 83 8 5
72 84 1 2
72 87 10 3
72 88 9 2
72 89 3 10
72 90 1 4
72 92 1 1
72 93 10 4
72 94 1 4
72 95 8 5
72 96 9 9
72 98 10 3
72 99 2 8
73 74 7 10
73 75 9 2
73 76 10 3
73 77 6 5
73 78 9 10
73 79 6 6
73 80 1 1
73 81 5 1
73 82 6 8
73 85 3 8
73 86 5 1
73 88 2 2
73 90 5 6
73 91 1 5
73 92 4 10
73 94 6 5
73 95 3 3
73 97 8 9
73 99 4 4
73 100 6 6
74 76 10 4
74 77 9 3
74 78 4 2
74 80 5 6
74 81 9 9
74 82 9 9
74 83 2 9
74 84 5 3
74 85 1 2
74 86 1 8
74 87 1 6
74 88 5 3
74 89 5 9
74 92 7 1
74 93 9 9
74 94 7 7
74 95 3 7
74 96 6 7
74 97 3 9
74 98 1 1
74 99 9 6
75 76 9 3
75 77 2 7
75 78 1 8
75 79 1 10
75 80 4 5
75 81 1 6
75 82 10 1
75 85 3 9
75 86 4 8
75 87 8 6
75 92 4 10
75 93 6 5
75 94 3 5
75 95 10 9
75 96 6 3
75 97 3 9
75 98 1 8
75 99 8 2
75 100 10 10
76 77 5 1
76 78 2 8
76 79 1 3
76 81 9 9
76 82 7 6
76 83 2 10
76 84 4 6
76 85 9 1
76 86 8 5
76 89 9 6
76 90 6 9
76 91 4 1
76 92 5 3
76 93 6 9
76 94 8 7
76 95 7 8
76 96 8 4
76 99 2 8
76 100 4 4
77 78 9 4
77 80 9 10
77 82 7 3
77 83 7 9
77 84 6 2
77 85 10 4
77 86 4 7
77 87 3 1
77 88 10 8
77 89 8 9
77 90 9 9
77 91 3 3
77 92 7 8
77 94 7 7
77 95 4 3
77 99 2 1
77 100 4 6
78 79 4 8
78 81 5 3
78 85 10 10
78 88 10 8
78 89 10 9
78 90 10 10
78 91 4 3
78 92 1 7
78 93 4 6
78 94 9 3
78 95 5 2
78 96 10 9
78 97 6 6
78 98 4 7
78 99 4 3
78 100 1 2
79 80 10 2
79 81 6 4
79 82 9 4
79 83 4 5
79 84 3 10
79 86 8 3
79 87 4 7
79 88 6 1
79 89 4 10
79 90 6 2
79 91 5 9
79 92 8 4
79 93 9 9
79 94 1 3
79 95 9 10
79 96 4 5
79 97 3 10
79 98 3 8
79 99 5 7
79 100 10 5
80 82 5 1
80 83 2 2
80 84 7 6
80 85 6 7
80 86 7 10
80 87 5 10
80 88 2 4
80 90 9 1
80 91 6 8
80 92 10 9
80 93 2 7
80 95 4 2
80 96 5 3
80 97 2 3
80 98 2 7
80 99 9 6
80 100 7 10
81 82 4 4
81 83 10 2
81 84 5 7
81 85 6 6
81 89 2 5
81 91 4 9
81 92 8 3
81 93 5 5
81 94 3 3
81 95 6 9
81 96 2 1
81 97 5 5
81 99 1 2
81 100 10 10
82 83 1 1
82 84 10 5
82 85 10 1
82 86 7 5
82 88 6 7
82 89 2 5
82 90 4 8
82 91 7 1
82 93 2 2
82 96 5 9
82 97 7 10
82 98 2 4
82 99 6 5
82 100 9 6
83 84 6 2
83 85 5 9
83 86 6 1
83 87 10 3
83 88 10 7
83 89 9 9
83 90 6 3
83 91 10 5
83 94 9 8
83 95 2 4
83 99 5 8
83 100 2 9
84 85 7 8
84 86 6 4
84 87 9 6
84 89 5 10
84 90 10 3
84 92 10 4
84 93 1 6
84 94 4 3
84 95 9 10
84 96 9 4
84 99 9 9
85 86 2 7
85 89 8 3
85 90 1 3
85 91 4 7
85 94 1 5
85 95 5 1
85 96 5 1
85 97 7 5
85 98 3 4
85 99 7 2
85 100 1 5
86 87 8 3
86 88 1 4
86 90 3 7
86 91 1 1
86 92 6 2
86 93 6 6
86 94 10 4
86 95 4 3
86 96 4 5
86 98 4 3
86 100 2 8
87 88 9 7
87 89 3 7
87 90 2 3
87 91 9 2
87 92 3 5
87 93 9 5
87 96 8 6
87 97 6 7
87 98 9 6
87 99 1 8
87 100 4 1
88 91 7 7
88 92 9 10
88 93 9 4
88 94 6 8
88 95 1 4
88 96 4 2
88 97 1 8
88 98 5 10
88 99 3 1
88 100 6 3
89 90 4 9
89 91 3 10
89 92 3 5
89 94 10 3
89 95 4 3
89 97 2 3
89 98 8 3
89 99 8 1
89 100 3 10
90 91 4 9
90 92 6 1
90 93 7 7
90 94 2 6
90 95 1 4
90 96 4 8
90 97 4 4
90 98 10 6
90 99 2 1
90 100 5 8
91 93 3 6
91 94 1 2
91 95 2 4
91 96 5 8
91 97 4 7
91 98 10 1
91 99 9 9
91 100 9 9
92 94 7 1
92 96 4 6
92 97 8 4
92 98 2 9
92 99 1 10
92 100 1 1
93 94 5 9
93 95 2 6
93 97 4 1
93 98 2 6
93 99 3 7
93 100 9 6
94 95 3 4
94 96 7 7
94 97 7 9
94 98 3 1
94 99 3 9
94 100 8 5
95 96 9 3
95 98 1 2
95 99 6 6
95 100 3 1
96 97 7 4
96 98 10 1
96 99 6 8
96 100 10 7
97 98 3 2
97 99 6 3
98 99 5 4
98 100 4 8
99 100 9 9
1
1 2 3 4 5 6 7 8 9 10 11 12 13 14 15 16 17 18 19 20 21 22 23 24 25 26 27 28 29 30 31 32 33 34 35 36 37 38 39 40 41 42 43 44 45 46 47 48 49 50
