3946
1 2 10 3
1 3 9 2
1 4 4 9
1 5 5 9
1 6 1 4
1 7 3 8
1 8 3 8
1 10 9 3
1 11 7 3
1 12 6 2
1 14 10 6
1 15 7 4
1 16 7 3
1 19 7 4
1 20 2 7
1 21 2 6
1 23 9 5
1 24 3 9
1 25 4 3
1 27 2 2
1 28 8 3
1 29 7 1
1 31 8 9
1 32 5 7
1 33 9 10
1 35 10 6
1 38 5 7
1 41 2 5
1 42 7 5
1 43 3 7
1 44 8 10
1 45 2 1
1 47 5 3
1 48 1 2
1 49 8 4
1 50 10 4
1 51 8 9
1 52 9 5
1 55 6 10
1 56 8 10
1 57 1 9
1 58 1 5
1 59 9 6
1 60 6 6
1 62 2 4
1 64 10 7
1 65 1 4
1 66 1 1
1 67 10 10
1 69 10 8
1 70 2 4
1 72 1 8
1 73 9 5
1 75 1 1
1 76 4 2
1 77 10 1
1 79 2 8
1 80 9 1
1 84 1 5
1 85 2 5
1 89 7 2
1 90 7 10
1 91 6 10
1 92 9 8
1 93 4 3
1 94 10 3
1 96 6 1
1 97 7 6
1 98 5 8
1 99 4 6
2 4 3 9
2 8 4 2
2 9 9 3
2 10 4 8
2 11 8 8
2 12 4 5
2 13 9 10
2 14 8 8
2 15 2 2
2 16 10 9
2 17 2 2
2 18 7 7
2 19 1 4
2 20 1 5
2 22 6 4
2 23 1 6
2 24 1 1
2 25 8 2
2 26 7 4
2 28 2 10
2 31 7 5
2 33 6 4
2 34 3 3
2 36 6 7
2 37 6 5
2 38 1 1
2 39 2 10
2 41 3 2
2 42 7 8
2 43 7 3
2 44 2 4
2 45 8 7
2 47 7 3
2 48 5 5
2 49 10 2
2 51 6 2
2 52 1 9
2 53 9 8
2 54 5 6
2 55 9 9
2 56 2 3
2 57 8 6
2 59 8 1
2 60 7 4
2 61 7 7
2 62 5 1
2 63 6 6
2 64 9 10
2 65 9 5
2 67 1 10
2 68 4 6
2 69 9 9
2 70 8 2
2 71 8 1
2 72 8 10
2 73 3 6
2 74 10 8
2 77 5 2
2 78 3 4
2 79 6 7
2 80 6 5
2 81 1 3
2 82 2 3
2 83 3 7
2 84 6 3
2 85 3 1
2 86 6 6
2 87 3 5
2 88 10 8
2 90 5 4
2 91 4 9
2 92 6 10
2 93 2 4
2 94 7 2
2 95 9 7
2 96 4 9
2 97 8 7
2 98 5 2
2 99 7 2
2 100 7 8
3 4 5 10
3 6 6 4
3 7 8 3
3 9 4 1
3 10 7 1
3 12 5 3
3 14 4 8
3 17 8 3
3 19 8 9
3 20 1 4
3 22 8 10
3 24 8 10
3 25 5 6
3 26 5 2
3 27 5 4
3 28 7 10
3 30 10 6
3 31 2 3
3 32 8 7
3 36 10 8
3 37 7 10
3 38 7 3
3 39 5 1
3 40 1 10
3 41 6 2
3 42 9 4
3 45 6 10
3 46 2 9
3 47 3 3
3 49 7 4
3 50 10 5
3 51 2 7
3 52 8 3
3 54 2 7
3 55 1 7
3 56 9 1
3 57 9 7
3 58 6 9
3 59 2 4
3 60 4 1
3 61 6 2
3 62 5 2
3 63 4 10
3 64 7 1
3 68 6 3
3 70 4 7
3 72 6 1
3 73 8 7
3 74 4 1
3 75 9 10
3 76 6 4
3 77 6 1
3 78 4 8
3 79 10 7
3 80 7 3
3 82 6 10
3 83 6 9
3 84 8 2
3 86 7 10
3 87 7 1
3 88 2 3
3 90 5 9
3 91 1 2
3 92 4 8
3 93 4 1
3 94 2 7
3 95 3 8
3 96 7 10
3 97 10 6
3 98 6 7
3 99 9 2
3 100 1 2
4 5 2 4
4 8 5 5
4 9 4 4
4 10 6 3
4 11 4 4
4 12 3 5
4 13 10 10
4 14 9 4
4 17 1 10
4 18 8 9
4 19 7 2
4 20 5 1
4 21 6 7
4 22 10 6
4 24 1 3
4 26 4 3
4 28 6 1
4 29 3 10
4 30 9 9
4 31 10 1
4 32 8 7
4 33 10 1
4 34 2 10
4 35 2 7
4 37 7 10
4 38 1 7
4 39 8 7
4 41 6 2
4 42 4 2
4 44 7 1
4 45 7 10
4 46 1 5
4 47 2 3
4 48 7 10
4 49 4 4
4 50 6 10
4 51 8 1
4 52 3 3
4 53 9 6
4 54 7 8
4 55 1 2
4 56 7 5
4 57 10 2
4 58 9 3
4 60 3 7
4 61 7 5
4 62 3 3
4 63 3 10
4 64 9 3
4 65 6 8
4 66 8 9
4 67 4 8
4 68 8 3
4 70 4 5
4 71 1 4
4 72 8 5
4 73 7 5
4 74 2 8
4 75 5 7
4 76 1 6
4 77 6 9
4 78 9 4
4 79 2 10
4 80 4 2
4 81 8 7
4 82 6 4
4 83 9 10
4 84 3 3
4 85 5 3
4 86 5 4
4 87 2 9
4 88 8 6
4 89 4 10
4 90 4 3
4 91 2 9
4 92 3 2
4 94 2 10
4 96 1 8
4 97 3 6
4 98 1 4
4 99 1 1
4 100 4 2
5 9 8 1
5 10 5 6
5 12 8 6
5 13 6 4
5 16 9 10
5 19 6 5
5 20 3 5
5 21 2 8
5 22 5 8
5 23 1 8
5 24 3 9
5 25 7 4
5 26 10 2
5 27 1 9
5 28 7 6
5 30 6 8
5 31 2 10
5 33 6 6
5 34 4 9
5 35 7 1
5 36 5 5
5 37 3 5
5 38 10 10
5 39 9 6
5 40 4 4
5 42 9 3
5 43 10 1
5 44 9 9
5 45 10 7
5 46 7 9
5 47 4 7
5 48 6 3
5 49 8 7
5 51 6 7
5 53 4 10
5 56 6 6
5 57 8 9
5 58 6 3
5 59 2 4
5 60 1 2
5 62 9 9
5 63 1 10
5 64 9 6
5 66 3 7
5 67 8 6
5 68 2 8
5 69 1 2
5 70 4 4
5 72 5 10
5 74 1 7
5 75 2 1
5 77 1 4
5 78 4 10
5 79 1 6
5 80 3 3
5 81 3 8
5 82 9 7
5 83 4 8
5 84 8 3
5 85 1 3
5 86 10 3
5 88 8 8
5 89 5 4
5 91 2 3
5 92 8 10
5 93 7 3
5 94 8 5
5 95 10 10
5 96 3 2
5 97 6 5
5 98 6 8
5 99 4 4
5 100 3 3
6 7 7 1
6 8 4 8
6 10 9 5
6 11 8 7
6 12 10 5
6 13 6 4
6 14 5 4
6 15 4 2
6 18 5 7
6 19 1 7
6 21 6 5
6 22 10 6
6 23 1 10
6 24 4 5
6 25 8 2
6 26 9 7
6 27 9 7
6 28 2 5
6 29 5 6
6 30 5 2
6 31 1 5
6 33 10 8
6 34 1 7
6 35 8 2
6 36 9 9
6 37 10 8
6 38 7 6
6 39 2 2
6 40 2 6
6 41 9 10
6 42 1 5
6 43 2 10
6 44 9 1
6 45 5 10
6 46 1 5
6 47 9 8
6 48 2 3
6 49 1 4
6 50 4 1
6 51 1 6
6 53 1 8
6 55 8 8
6 56 1 3
6 57 4 3
6 58 1 3
6 60 7 9
6 61 7 4
6 62 3 9
6 64 10 5
6 67 2 5
6 68 7 9
6 70 8 3
6 71 5 1
6 72 2 7
6 73 4 4
6 74 10 6
6 76 3 3
6 77 7 2
6 78 1 10
6 79 7 6
6 80 8 3
6 81 2 1
6 82 10 3
6 84 2 4
6 85 4 1
6 86 10 10
6 87 3 9
6 88 5 5
6 89 1 4
6 90 10 8
6 91 7 3
6 92 1 8
6 94 4 3
6 95 9 2
6 96 5 8
6 97 6 10
6 98 5 2
6 99 2 3
7 8 3 4
7 9 7 10
7 10 3 9
7 11 5 9
7 12 8 4
7 13 1 1
7 15 8 8
7 16 4 1
7 19 7 6
7 20 2 3
7 22 10 4
7 23 10 5
7 24 4 8
7 25 2 7
7 26 7 2
7 27 7 9
7 28 6 4
7 30 5 4
7 31 8 3
7 32 3 3
7 33 1 6
7 34 8 8
7 35 6 4
7 37 5 2
7 38 6 2
7 40 10 6
7 44 8 8
7 45 7 2
7 46 8 6
7 47 4 8
7 48 10 9
7 49 9 6
7 52 5 7
7 53 5 4
7 55 2 4
7 56 1 4
7 57 5 6
7 58 6 4
7 59 10 9
7 61 4 3
7 62 6 7
7 63 3 5
7 64 5 9
7 65 10 10
7 66 9 6
7 67 8 10
7 68 5 1
7 70 1 5
7 72 3 9
7 74 3 6
7 75 5 6
7 77 7 6
7 78 3 2
7 79 7 2
7 80 5 9
7 81 2 10
7 82 6 9
7 83 4 5
7 84 7 3
7 85 10 2
7 86 10 10
7 87 3 4
7 88 2 3
7 89 5 9
7 90 1 9
7 92 2 7
7 94 4 6
7 95 1 7
7 96 4 10
7 98 8 7
7 99 2 10
7 100 8 5
8 10 5 8
8 11 8 4
8 12 8 6
8 13 2 7
8 15 9 5
8 16 4 3
8 17 7 5
8 18 2 6
8 19 8 4
8 20 10 2
8 21 9 9
8 22 9 8
8 23 7 2
8 24 3 10
8 25 6 4
8 26 7 8
8 28 1 4
8 29 3 1
8 30 2 9
8 32 3 7
8 33 4 8
8 34 2 7
8 35 8 9
8 36 3 3
8 37 5 10
8 38 9 10
8 39 4 1
8 40 4 9
8 41 7 1
8 43 6 9
8 44 1 1
8 45 8 1
8 46 3 7
8 47 5 4
8 48 10 7
8 49 4 10
8 50 4 5
8 51 6 7
8 52 6 1
8 53 1 6
8 54 7 9
8 55 5 7
8 57 5 5
8 58 1 4
8 59 9 7
8 60 6 6
8 62 10 1
8 63 4 8
8 64 4 6
8 65 3 1
8 67 1 8
8 68 8 9
8 69 3 2
8 71 4 6
8 72 2 8
8 73 2 3
8 74 9 2
8 75 1 8
8 76 1 7
8 77 10 9
8 78 7 4
8 79 1 1
8 80 3 2
8 81 4 7
8 82 4 3
8 83 10 5
8 84 1 3
8 85 1 8
8 87 7 5
8 88 6 3
8 89 7 6
8 90 4 9
8 92 2 3
8 93 5 7
8 94 1 4
8 96 8 5
8 97 2 10
8 98 10 1
8 99 7 2
8 100 1 8
9 10 8 4
9 12 6 2
9 13 4 7
9 14 2 5
9 15 4 10
9 16 8 8
9 17 3 4
9 18 10 10
9 19 4 7
9 20 2 4
9 21 6 3
9 23 1 10
9 24 6 1
9 25 10 4
9 26 5 10
9 27 3 1
9 29 2 5
9 33 1 9
9 34 8 10
9 36 3 9
9 37 7 3
9 38 7 1
9 39 4 1
9 41 3 8
9 42 4 9
9 43 6 3
9 44 5 10
9 46 9 4
9 47 6 5
9 48 9 1
9 49 3 6
9 50 1 8
9 51 8 6
9 52 3 4
9 53 1 5
9 54 2 8
9 55 6 3
9 56 9 1
9 57 3 1
9 58 7 4
9 59 9 4
9 60 9 9
9 61 2 3
9 62 9 4
9 64 6 1
9 65 9 9
9 66 7 7
9 67 5 10
9 68 3 5
9 69 5 6
9 70 4 1
9 71 3 10
9 72 4 6
9 73 9 9
9 76 1 4
9 77 6 3
9 80 5 7
9 82 10 2
9 83 10 5
9 84 6 6
9 86 4 1
9 88 5 8
9 89 10 7
9 90 1 6
9 91 8 7
9 92 2 8
9 93 4 1
9 95 1 9
9 96 5 2
9 97 4 4
9 98 1 6
9 99 7 5
9 100 2 4
10 11 2 1
10 12 9 9
10 13 3 9
10 14 3 7
10 16 9 1
10 18 4 6
10 19 9 5
10 21 9 5
10 22 6 6
10 26 3 4
10 27 5 4
10 28 8 1
10 29 4 1
10 31 6 4
10 32 6 7
10 33 3 7
10 34 2 2
10 35 8 1
10 36 5 1
10 37 9 3
10 38 8 2
10 39 9 6
10 40 3 8
10 42 8 8
10 43 1 7
10 44 7 10
10 45 3 8
10 47 5 6
10 48 8 4
10 50 2 7
10 51 9 8
10 52 6 6
10 53 4 7
10 54 6 9
10 55 1 2
10 56 7 6
10 57 1 3
10 58 4 3
10 59 3 2
10 60 1 5
10 63 8 6
10 64 6 6
10 65 5 9
10 66 2 9
10 67 3 1
10 68 7 7
10 69 7 6
10 70 10 1
10 71 5 2
10 72 10 2
10 73 4 10
10 74 1 5
10 76 9 7
10 77 3 6
10 78 6 1
10 79 1 8
10 80 1 9
10 81 10 5
10 82 3 10
10 84 5 10
10 85 4 5
10 86 5 5
10 87 5 5
10 88 7 8
10 89 9 10
10 90 6 5
10 91 6 7
10 93 8 2
10 94 6 5
10 98 4 1
10 99 8 2
10 100 6 2
11 13 5 2
11 14 9 3
11 15 5 7
11 18 1 5
11 19 2 8
11 20 10 8
11 21 1 7
11 22 10 5
11 23 7 3
11 24 9 9
11 25 2 8
11 26 7 7
11 27 2 8
11 29 1 1
11 30 5 3
11 31 7 2
11 33 3 3
11 34 9 3
11 35 6 4
11 36 5 2
11 38 2 8
11 39 3 5
11 40 4 10
11 41 1 8
11 43 6 8
11 44 6 6
11 45 7 2
11 47 6 8
11 48 2 10
11 50 5 8
11 51 6 4
11 54 8 3
11 55 1 2
11 57 3 3
11 58 3 9
11 59 9 3
11 60 4 3
11 61 9 8
11 62 10 6
11 63 4 5
11 66 7 4
11 67 6 1
11 68 2 6
11 69 5 2
11 71 3 8
11 73 5 5
11 75 9 8
11 78 7 1
11 79 4 10
11 80 1 8
11 81 9 9
11 82 2 1
11 84 9 2
11 85 6 10
11 87 9 2
11 89 5 10
11 90 7 7
11 91 1 4
11 92 10 2
11 93 2 4
11 94 2 9
11 95 3 8
11 96 3 3
11 97 9 6
11 98 2 6
11 99 10 1
11 100 9 3
12 13 1 6
12 14 4 2
12 15 4 6
12 16 6 3
12 17 4 4
12 19 2 8
12 20 10 8
12 21 2 6
12 24 2 4
12 26 6 6
12 27 3 10
12 28 5 10
12 29 2 4
12 31 2 2
12 32 5 3
12 33 2 5
12 36 8 7
12 37 1 4
12 38 10 1
12 39 8 3
12 41 4 2
12 42 5 10
12 43 6 4
12 44 2 7
12 45 3 5
12 46 4 5
12 49 6 5
12 50 3 8
12 51 10 6
12 52 3 5
12 53 5 9
12 54 3 1
12 56 3 2
12 58 6 7
12 59 9 1
12 61 10 1
12 62 5 8
12 63 7 2
12 64 8 9
12 65 5 5
12 66 4 2
12 67 8 4
12 68 4 10
12 69 4 4
12 70 2 8
12 72 7 1
12 73 7 9
12 74 7 10
12 75 6 1
12 79 4 1
12 80 4 6
12 82 1 2
12 83 6 9
12 84 7 9
12 85 9 8
12 86 1 4
12 88 6 9
12 90 3 5
12 92 3 1
12 93 3 9
12 95 3 2
12 97 7 4
12 99 5 5
13 14 8 2
13 15 10 4
13 16 3 4
13 17 6 1
13 18 7 1
13 19 8 8
13 20 3 7
13 21 2 2
13 22 10 10
13 23 3 1
13 25 7 3
13 27 7 2
13 28 6 5
13 29 2 1
13 30 10 4
13 31 1 7
13 32 7 6
13 34 4 4
13 35 1 2
13 36 4 10
13 37 1 4
13 38 4 10
13 39 3 6
13 40 8 9
13 41 2 4
13 42 4 3
13 43 2 6
13 44 8 9
13 45 6 1
13 47 3 10
13 48 8 7
13 51 8 8
13 53 1 7
13 54 6 5
13 55 5 6
13 56 2 6
13 57 9 8
13 58 2 9
13 59 9 8
13 60 7 7
13 61 5 2
13 65 3 3
13 66 8 7
13 67 1 7
13 71 8 7
13 72 9 8
13 73 6 5
13 74 5 10
13 75 1 10
13 76 9 3
13 77 6 8
13 78 5 4
13 79 8 2
13 80 3 5
13 81 5 1
13 82 9 5
13 83 3 10
13 84 2 7
13 85 9 6
13 86 5 3
13 87 9 2
13 88 8 3
13 89 9 10
13 90 9 9
13 91 9 5
13 92 10 3
13 93 4 4
13 94 5 3
13 95 7 3
13 97 10 9
13 98 5 9
13 99 10 2
13 100 5 5
14 15 9 2
14 16 6 6
14 17 9 4
14 18 4 9
14 19 10 5
14 20 2 7
14 21 3 7
14 24 7 3
14 25 10 10
14 26 1 4
14 27 6 10
14 28 10 4
14 30 6 5
14 32 1 8
14 33 3 7
14 34 8 1
14 35 6 7
14 36 6 5
14 38 6 1
14 41 2 6
14 43 6 7
14 44 3 3
14 45 6 10
14 46 8 5
14 49 1 8
14 50 5 6
14 51 6 9
14 52 1 8
14 54 10 4
14 55 10 10
14 56 5 9
14 57 7 1
14 58 4 3
14 59 4 4
14 61 9 6
14 63 10 3
14 64 2 3
14 65 9 7
14 66 10 2
14 67 5 4
14 68 2 6
14 69 4 2
14 70 6 8
14 71 10 1
14 73 3 8
14 74 10 2
14 75 9 10
14 76 9 5
14 77 4 2
14 78 9 9
14 80 9 3
14 81 5 8
14 82 6 10
14 83 10 7
14 84 9 3
14 85 5 1
14 86 10 10
14 87 8 7
14 89 5 1
14 91 8 2
14 92 8 9
14 93 9 2
14 94 5 10
14 95 9 4
14 96 10 1
14 98 2 8
14 99 6 1
15 17 5 9
15 18 4 1
15 19 7 4
15 20 6 7
15 21 10 2
15 22 9 8
15 23 7 6
15 25 5 6
15 26 10 2
15 27 6 5
15 28 5 7
15 29 2 9
15 33 5 2
15 34 3 8
15 35 2 6
15 36 2 9
15 37 5 7
15 39 4 2
15 40 5 8
15 41 3 7
15 42 9 1
15 43 6 6
15 44 10 7
15 46 10 10
15 47 4 2
15 50 1 7
15 51 1 9
15 53 9 9
15 54 10 1
15 55 4 1
15 57 4 8
15 58 4 1
15 59 6 3
15 60 5 9
15 61 4 10
15 62 4 6
15 63 2 10
15 64 9 7
15 65 5 8
15 66 1 1
15 67 3 5
15 69 6 9
15 70 1 7
15 71 1 4
15 72 4 10
15 73 9 9
15 74 1 8
15 76 2 2
15 77 10 7
15 78 8 3
15 79 1 8
15 80 9 6
15 81 8 6
15 83 8 9
15 84 8 4
15 85 1 3
15 86 3 9
15 87 4 9
15 88 9 3
15 89 8 7
15 91 1 1
15 92 6 9
15 93 7 8
15 94 9 10
15 95 7 9
15 96 9 8
15 97 10 6
15 98 4 4
15 99 2 10
15 100 1 8
16 17 3 8
16 18 8 3
16 19 3 1
16 20 6 8
16 23 5 10
16 24 2 1
16 25 8 5
16 27 3 5
16 28 2 2
16 29 3 10
16 30 9 3
16 31 8 7
16 32 1 7
16 33 1 2
16 34 3 8
16 35 8 6
16 36 7 3
16 38 10 10
16 39 3 8
16 40 7 1
16 41 9 2
16 42 4 3
16 43 3 3
16 44 8 2
16 46 4 5
16 47 2 5
16 49 6 4
16 50 4 5
16 52 8 2
16 53 10 2
16 54 8 9
16 55 1 9
16 56 9 2
16 57 10 3
16 58 3 9
16 59 10 3
16 60 2 8
16 62 10 3
16 63 3 2
16 64 1 10
16 66 6 8
16 67 4 8
16 69 1 7
16 70 10 10
16 72 2 3
16 73 7 10
16 74 1 2
16 76 1 6
16 77 10 2
16 78 2 2
16 79 6 8
16 80 2 8
16 82 10 9
16 83 2 10
16 85 3 5
16 86 1 4
16 87 8 5
16 88 7 3
16 89 7 1
16 91 1 2
16 92 3 3
16 93 4 3
16 94 8 6
16 95 8 2
16 96 3 9
16 98 7 1
16 99 9 3
16 100 7 2
17 19 3 10
17 20 2 9
17 23 3 5
17 25 10 4
17 26 9 10
17 27 1 7
17 28 5 2
17 29 1 6
17 30 8 5
17 31 5 5
17 32 6 6
17 33 4 3
17 34 5 2
17 35 1 10
17 36 7 5
17 38 5 6
17 39 6 3
17 42 10 9
17 43 8 3
17 44 7 2
17 45 8 5
17 46 2 8
17 47 9 2
17 48 7 2
17 49 6 3
17 50 6 3
17 52 1 6
17 53 9 2
17 54 1 8
17 55 2 10
17 57 2 3
17 58 10 6
17 59 9 3
17 61 7 5
17 62 7 1
17 64 5 1
17 65 2 3
17 66 3 4
17 67 2 4
17 68 10 4
17 69 7 5
17 70 8 1
17 71 9 6
17 72 4 5
17 73 5 6
17 74 1 6
17 76 2 2
17 77 5 9
17 78 3 3
17 80 8 2
17 81 10 5
17 82 8 4
17 83 3 10
17 84 2 3
17 85 3 7
17 86 5 8
17 87 10 4
17 88 6 2
17 89 6 7
17 90 8 7
17 91 6 5
17 92 9 7
17 93 6 1
17 94 5 3
17 96 1 6
17 97 8 1
17 98 3 2
17 99 6 2
17 100 4 9
18 20 8 4
18 21 6 8
18 23 6 6
18 24 5 9
18 25 9 2
18 26 2 7
18 27 4 2
18 29 10 8
18 30 2 7
18 31 5 10
18 33 6 1
18 34 4 5
18 36 3 2
18 37 1 3
18 38 1 6
18 39 1 1
18 40 8 5
18 41 1 9
18 42 4 3
18 44 7 3
18 45 5 4
18 46 5 6
18 48 5 4
18 49 7 3
18 51 7 6
18 52 8 1
18 53 1 7
18 54 8 9
18 55 5 7
18 56 1 9
18 57 6 2
18 58 7 3
18 59 9 5
18 60 5 10
18 61 4 9
18 62 5 2
18 63 9 5
18 64 8 8
18 65 8 4
18 66 4 7
18 67 3 4
18 72 10 8
18 74 7 6
18 75 1 5
18 76 3 8
18 77 10 10
18 78 7 10
18 79 4 8
18 80 10 9
18 81 1 5
18 83 7 5
18 85 8 5
18 87 9 9
18 90 8 8
18 92 10 5
18 94 2 9
18 95 7 9
18 96 9 9
18 98 7 3
18 99 8 5
19 21 10 5
19 23 6 6
19 24 1 7
19 26 8 8
19 27 9 2
19 28 5 9
19 29 7 8
19 30 5 3
19 31 6 9
19 32 6 7
19 33 10 2
19 34 5 7
19 35 4 2
19 36 1 1
19 37 5 8
19 38 4 9
19 39 6 5
19 40 1 4
19 41 5 5
19 42 1 2
19 43 1 2
19 44 5 10
19 45 2 8
19 46 1 9
19 47 8 3
19 48 10 2
19 49 6 2
19 51 1 4
19 52 3 4
19 53 2 4
19 54 6 7
19 55 6 4
19 56 1 9
19 57 2 5
19 58 4 8
19 59 6 4
19 61 1 2
19 62 1 5
19 63 9 10
19 64 6 5
19 65 6 9
19 66 6 6
19 67 9 3
19 68 9 5
19 69 5 10
19 70 7 4
19 71 6 1
19 72 1 10
19 73 9 3
19 74 9 8
19 75 8 6
19 76 10 9
19 78 3 4
19 79 9 7
19 80 7 2
19 81 3 5
19 83 7 6
19 84 7 7
19 85 5 3
19 86 7 10
19 87 7 5
19 90 9 7
19 92 1 1
19 96 10 4
19 97 3 5
19 98 6 4
19 99 5 5
19 100 8 10
20 21 2 3
20 22 5 8
20 23 3 9
20 24 9 4
20 26 5 10
20 27 3 5
20 28 7 9
20 29 10 9
20 30 7 9
20 31 6 6
20 32 10 10
20 33 1 7
20 35 9 7
20 36 10 6
20 37 2 10
20 38 6 1
20 40 9 5
20 41 10 1
20 42 1 3
20 43 1 9
20 44 2 1
20 45 1 1
20 46 6 2
20 47 7 2
20 48 8 3
20 50 8 5
20 51 3 4
20 52 4 4
20 53 8 4
20 54 8 7
20 55 10 4
20 56 4 3
20 59 6 3
20 61 10 8
20 62 6 2
20 63 6 5
20 64 3 8
20 65 6 2
20 66 10 9
20 68 4 10
20 69 7 8
20 70 6 4
20 71 5 1
20 72 6 9
20 73 5 10
20 74 8 3
20 76 6 9
20 77 8 2
20 78 9 2
20 79 1 7
20 80 10 7
20 81 10 6
20 82 8 1
20 83 2 5
20 84 4 8
20 85 5 5
20 86 7 7
20 87 7 6
20 88 4 9
20 89 1 10
20 90 3 8
20 91 2 9
20 93 3 5
20 94 10 4
20 95 6 2
20 96 6 8
20 99 3 10
20 100 2 10
21 22 7 5
21 25 1 7
21 26 10 9
21 28 3 5
21 29 9 8
21 31 4 2
21 32 8 9
21 33 5 3
21 34 9 6
21 35 6 3
21 37 9 6
21 39 6 2
21 40 4 3
21 41 6 10
21 42 3 3
21 43 3 4
21 44 10 9
21 47 9 1
21 48 8 4
21 49 8 10
21 50 7 5
21 51 9 1
21 52 5 3
21 53 3 4
21 54 8 8
21 55 10 9
21 58 7 4
21 60 5 6
21 61 7 9
21 62 4 7
21 63 4 7
21 64 6 10
21 65 3 10
21 66 5 4
21 67 6 5
21 68 8 3
21 69 9 9
21 70 2 2
21 71 10 7
21 72 6 9
21 73 6 9
21 74 7 2
21 75 5 4
21 76 5 6
21 77 1 1
21 78 9 4
21 79 7 1
21 80 5 8
21 82 2 10
21 83 7 2
21 84 8 7
21 85 2 2
21 86 6 3
21 88 10 4
21 89 8 4
21 90 6 10
21 91 7 2
21 92 8 2
21 93 10 1
21 94 5 8
21 95 3 5
21 96 7 5
21 97 5 5
21 98 7 4
21 99 6 10
21 100 9 6
22 24 3 1
22 25 4 3
22 29 7 2
22 30 6 3
22 32 1 7
22 33 9 6
22 34 8 8
22 35 5 1
22 36 9 7
22 37 2 2
22 38 6 9
22 39 2 7
22 42 8 1
22 43 7 8
22 44 9 8
22 45 7 7
22 46 1 1
22 47 5 2
22 48 6 7
22 49 6 8
22 50 7 10
22 51 1 7
22 52 8 1
22 53 4 7
22 56 4 8
22 58 6 2
22 59 4 5
22 60 6 9
22 64 7 10
22 65 10 1
22 66 6 4
22 67 10 1
22 68 4 6
22 69 4 10
22 71 7 5
22 72 5 2
22 73 8 4
22 75 1 4
22 76 8 8
22 77 7 7
22 79 2 1
22 82 5 7
22 85 9 3
22 86 1 9
22 87 4 6
22 88 1 7
22 89 5 2
22 90 7 10
22 91 1 6
22 93 3 5
22 94 3 8
22 95 2 9
22 99 1 10
22 100 3 6
23 25 10 7
23 26 6 3
23 27 7 2
23 29 3 3
23 31 2 5
23 32 8 10
23 34 3 3
23 35 6 9
23 36 9 9
23 37 1 2
23 38 9 5
23 40 1 4
23 41 3 8
23 42 8 1
23 43 5 3
23 44 5 6
23 46 1 2
23 47 7 5
23 48 4 1
23 49 4 5
23 52 9 1
23 53 4 5
23 55 3 7
23 57 5 7
23 58 9 1
23 59 5 6
23 61 6 2
23 62 2 7
23 63 10 5
23 64 9 9
23 65 6 1
23 66 10 1
23 68 5 10
23 69 8 6
23 71 6 9
23 73 2 7
23 74 9 2
23 75 3 1
23 78 2 7
23 79 7 2
23 82 3 8
23 84 2 4
23 85 7 8
23 86 3 6
23 87 2 6
23 88 9 8
23 89 4 3
23 91 3 7
23 92 8 10
23 93 7 10
23 94 9 1
23 95 1 10
23 97 3 2
23 98 5 5
23 99 9 7
23 100 10 9
24 25 6 5
24 26 7 2
24 27 5 2
24 28 7 8
24 30 1 9
24 32 5 2
24 34 5 7
24 35 7 1
24 36 4 10
24 37 10 8
24 40 7 4
24 41 7 6
24 43 3 4
24 44 5 9
24 45 1 4
24 46 3 7
24 48 7 3
24 49 5 6
24 50 6 2
24 53 3 9
24 54 3 5
24 55 2 10
24 56 7 8
24 58 3 5
24 59 10 10
24 61 2 2
24 62 10 8
24 63 8 2
24 64 5 1
24 65 7 3
24 66 2 6
24 67 2 3
24 68 9 1
24 69 5 8
24 70 10 5
24 71 1 2
24 73 10 10
24 74 1 6
24 76 6 4
24 77 7 1
24 79 5 7
24 80 8 5
24 81 2 9
24 82 10 8
24 83 1 2
24 84 1 2
24 85 5 9
24 86 7 7
24 88 2 10
24 89 5 8
24 91 3 7
24 93 5 1
24 94 7 8
24 95 7 4
24 96 9 3
24 97 2 10
24 98 7 8
24 99 8 7
24 100 7 2
25 26 1 3
25 28 7 8
25 29 5 5
25 30 6 4
25 31 1 6
25 32 4 1
25 35 2 7
25 36 8 7
25 37 4 6
25 38 9 2
25 39 1 4
25 41 9 3
25 43 6 6
25 44 5 7
25 45 3 7
25 46 2 1
25 47 10 6
25 49 5 6
25 50 5 5
25 51 2 1
25 52 8 2
25 53 7 10
25 55 8 1
25 56 5 9
25 58 1 5
25 59 7 9
25 60 6 10
25 61 9 5
25 62 3 8
25 63 8 3
25 64 3 5
25 65 2 4
25 66 6 6
25 67 5 3
25 68 10 3
25 69 8 3
25 70 5 8
25 71 9 2
25 72 2 7
25 73 7 9
25 76 5 2
25 77 5 10
25 78 2 3
25 79 3 6
25 80 5 5
25 81 3 7
25 82 9 5
25 83 8 8
25 84 2 8
25 85 1 4
25 86 2 2
25 87 8 2
25 88 2 7
25 89 6 10
25 90 1 3
25 91 8 4
25 92 6 10
25 93 4 1
25 95 7 6
25 97 9 1
25 99 7 2
25 100 1 2
26 27 2 6
26 28 3 6
26 29 5 2
26 30 8 8
26 32 10 9
26 33 3 4
26 34 8 3
26 35 9 4
26 36 3 10
26 37 10 1
26 38 8 5
26 40 1 8
26 41 3 4
26 42 3 1
26 43 6 1
26 44 8 4
26 45 9 5
26 46 5 1
26 47 9 3
26 48 3 2
26 49 1 2
26 50 8 5
26 51 5 9
26 52 7 6
26 54 4 1
26 56 3 2
26 57 4 9
26 58 10 8
26 59 5 1
26 61 7 4
26 62 4 10
26 63 1 2
26 65 3 2
26 66 1 4
26 67 7 2
26 68 4 9
26 69 9 5
26 70 9 7
26 71 2 4
26 72 4 7
26 73 8 1
26 74 5 3
26 75 4 9
26 76 2 2
26 77 6 8
26 79 8 10
26 80 1 9
26 82 8 5
26 83 2 10
26 84 8 4
26 85 6 3
26 86 1 3
26 87 7 5
26 88 7 1
26 89 4 4
26 90 3 7
26 91 6 1
26 92 3 7
26 93 9 10
26 94 8 9
26 95 9 1
26 96 8 2
26 98 7 5
26 99 1 8
26 100 6 8
27 28 4 3
27 29 4 2
27 30 1 3
27 31 2 6
27 32 9 10
27 33 8 7
27 34 8 9
27 36 2 3
27 38 3 9
27 41 2 9
27 44 1 6
27 45 4 7
27 46 5 6
27 47 6 1
27 48 7 10
27 49 10 2
27 50 6 6
27 51 3 4
27 53 7 7
27 54 4 2
27 55 3 6
27 56 7 10
27 57 9 2
27 59 2 10
27 60 3 2
27 62 3 10
27 63 3 2
27 66 8 1
27 67 9 2
27 68 5 7
27 69 1 9
27 70 4 10
27 71 5 2
27 73 3 1
27 75 2 10
27 76 7 9
27 77 5 1
27 78 3 5
27 79 8 6
27 80 4 7
27 81 5 2
27 83 3 6
27 84 2 4
27 86 8 2
27 89 4 1
27 90 10 5
27 92 9 2
27 93 5 3
27 94 10 9
27 95 6 8
27 96 1 2
27 97 4 4
27 98 2 2
27 99 7 9
27 100 6 4
28 29 3 9
28 30 6 5
28 32 1 2
28 33 5 8
28 34 10 6
28 35 1 5
28 36 4 7
28 37 1 10
28 38 9 5
28 39 10 4
28 41 8 4
28 42 4 9
28 44 2 1
28 45 1 10
28 46 6 7
28 47 3 5
28 48 3 8
28 49 10 7
28 50 4 7
28 51 4 1
28 53 8 9
28 54 10 3
28 55 7 3
28 56 5 6
28 57 6 10
28 58 8 3
28 59 10 4
28 60 9 5
28 61 10 6
28 62 4 3
28 63 9 5
28 64 4 7
28 65 5 9
28 66 1 10
28 67 6 1
28 68 5 1
28 69 5 5
28 70 3 10
28 72 1 7
28 74 8 2
28 75 7 3
28 76 2 1
28 77 2 3
28 78 2 10
28 79 4 1
28 80 10 1
28 81 1 5
28 82 8 7
28 83 5 2
28 84 9 5
28 85 3 9
28 86 4 1
28 87 7 8
28 88 9 3
28 89 9 3
28 90 9 2
28 91 9 8
28 92 5 1
28 93 6 6
28 95 5 10
28 96 1 3
28 97 8 10
28 98 5 1
28 99 5 10
28 100 7 7
29 30 1 2
29 31 10 8
29 32 6 1
29 33 9 4
29 34 5 6
29 35 1 6
29 36 5 7
29 37 5 6
29 38 5 9
29 39 1 2
29 40 1 9
29 41 9 9
29 42 2 8
29 44 2 6
29 46 5 10
29 47 8 1
29 48 2 1
29 49 3 10
29 50 6 7
29 51 8 5
29 52 7 5
29 53 10 8
29 56 8 6
29 57 3 10
29 58 5 4
29 59 5 9
29 60 2 9
29 61 3 8
29 63 1 6
29 64 3 6
29 65 4 6
29 66 5 2
29 67 4 10
29 70 3 7
29 71 4 3
29 73 3 8
29 75 4 9
29 76 4 3
29 77 4 8
29 78 7 6
29 79 8 7
29 80 3 1
29 82 3 7
29 84 9 7
29 85 6 8
29 86 10 10
29 87 7 3
29 88 7 5
29 90 7 1
29 91 8 6
29 92 6 2
29 94 8 7
29 96 6 4
29 97 1 5
29 98 1 3
29 99 4 9
29 100 3 1
30 31 6 4
30 32 6 9
30 33 7 9
30 34 8 3
30 35 5 8
30 37 9 10
30 40 8 1
30 41 2 6
30 42 3 6
30 43 7 3
30 44 7 10
30 45 6 8
30 46 4 7
30 48 10 10
30 50 3 2
30 51 6 5
30 53 9 8
30 54 1 10
30 55 4 7
30 57 7 10
30 58 1 9
30 59 5 4
30 60 2 2
30 62 9 7
30 63 4 9
30 65 6 3
30 66 4 9
30 67 3 1
30 68 3 9
30 69 5 2
30 71 2 6
30 74 8 5
30 76 1 10
30 77 3 8
30 78 2 8
30 79 6 3
30 80 6 1
30 83 7 9
30 85 9 8
30 87 7 7
30 88 8 5
30 90 1 8
30 91 5 9
30 93 3 5
30 94 6 1
30 95 1 7
30 96 7 1
30 97 10 5
30 98 4 9
30 100 9 3
31 33 6 10
31 34 9 3
31 38 6 2
31 39 9 10
31 40 10 1
31 42 2 6
31 43 1 9
31 44 7 8
31 45 9 9
31 46 5 10
31 47 10 5
31 48 7 4
31 49 6 1
31 50 3 7
31 51 8 2
31 52 8 1
31 53 10 9
31 54 9 8
31 55 5 1
31 56 4 10
31 57 5 9
31 58 8 3
31 59 5 7
31 61 3 8
31 63 4 10
31 64 4 7
31 65 6 2
31 67 4 10
31 68 9 8
31 70 2 2
31 71 2 9
31 72 2 6
31 74 2 8
31 77 2 7
31 78 9 3
31 79 7 5
31 81 2 9
31 83 6 3
31 84 2 1
31 85 3 3
31 86 2 10
31 87 1 1
31 88 7 8
31 89 4 10
31 90 9 9
31 91 1 6
31 93 6 1
31 94 4 9
31 95 2 1
31 97 8 6
31 98 4 3
31 99 7 10
31 100 10 2
32 33 6 1
32 34 9 7
32 35 2 10
32 36 6 9
32 37 9 4
32 38 10 10
32 39 9 7
32 40 1 4
32 41 2 2
32 42 7 8
32 43 10 9
32 45 6 3
32 47 2 9
32 48 9 1
32 49 2 9
32 50 2 5
32 51 7 7
32 52 6 8
32 54 10 3
32 56 9 1
32 59 9 6
32 60 10 4
32 62 9 10
32 63 8 10
32 64 4 4
32 65 8 6
32 66 5 7
32 67 6 9
32 68 4 3
32 71 3 8
32 72 10 5
32 74 4 7
32 75 4 4
32 76 1 3
32 77 5 4
32 78 10 2
32 79 7 5
32 81 4 4
32 82 3 10
32 83 3 2
32 84 9 8
32 85 3 7
32 87 5 1
32 88 10 9
32 89 10 5
32 90 3 3
32 91 3 8
32 92 8 6
32 93 1 7
32 95 2 2
32 96 4 9
32 98 5 3
32 99 9 6
32 100 4 1
33 34 1 7
33 36 6 8
33 37 2 7
33 38 8 7
33 39 3 1
33 40 5 1
33 43 7 1
33 44 8 4
33 45 9 5
33 47 7 5
33 48 4 7
33 49 4 3
33 50 10 5
33 53 4 6
33 54 3 7
33 55 8 3
33 56 10 7
33 57 6 9
33 59 4 10
33 60 9 1
33 61 8 2
33 62 4 1
33 63 4 3
33 64 8 7
33 65 7 5
33 66 10 6
33 67 1 9
33 68 4 9
33 69 5 9
33 72 8 5
33 73 1 1
33 74 8 10
33 75 2 4
33 76 10 3
33 77 1 9
33 78 8 3
33 79 4 4
33 80 1 7
33 81 2 2
33 82 1 9
33 84 6 3
33 85 5 10
33 86 1 5
33 87 4 5
33 88 2 7
33 89 1 8
33 90 6 6
33 91 3 9
33 93 2 4
33 94 10 2
33 97 5 2
33 99 3 8
33 100 6 5
34 35 6 5
34 36 7 5
34 37 6 10
34 38 6 2
34 40 8 2
34 41 8 9
34 44 6 7
34 45 2 6
34 46 5 3
34 47 10 8
34 48 4 6
34 49 10 8
34 50 9 3
34 51 2 3
34 52 2 4
34 53 8 9
34 55 2 9
34 57 2 7
34 58 8 3
34 59 7 7
34 60 10 7
34 62 5 6
34 65 9 5
34 67 1 2
34 68 3 6
34 69 5 2
34 71 10 10
34 72 10 6
34 73 7 9
34 77 2 9
34 81 2 7
34 82 6 9
34 85 4 3
34 87 6 10
34 89 2 8
34 90 10 5
34 92 8 6
34 93 1 4
34 94 5 2
34 95 7 5
34 96 5 8
34 98 5 8
34 99 2 3
35 37 7 10
35 38 6 3
35 39 7 10
35 40 6 7
35 42 7 7
35 43 1 4
35 44 3 5
35 45 9 5
35 46 2 10
35 50 9 5
35 52 5 7
35 53 3 10
35 54 5 1
35 55 9 9
35 56 3 7
35 57 3 8
35 58 6 4
35 59 2 8
35 60 10 6
35 61 4 9
35 62 10 4
35 63 1 1
35 64 4 4
35 66 8 4
35 69 3 3
35 71 9 3
35 72 9 9
35 73 9 10
35 74 1 7
35 75 1 9
35 76 2 4
35 77 8 2
35 78 2 3
35 79 8 4
35 80 5 2
35 84 5 2
35 86 2 5
35 87 4 8
35 88 1 9
35 89 3 9
35 90 4 3
35 91 5 5
35 92 2 8
35 93 1 10
35 94 1 2
35 95 3 5
35 96 7 5
35 97 1 8
35 98 10 8
35 99 1 7
36 37 5 2
36 38 9 3
36 39 6 2
36 40 7 2
36 41 7 7
36 42 2 2
36 43 3 5
36 44 8 7
36 45 5 3
36 46 9 6
36 47 9 2
36 48 3 1
36 49 1 8
36 51 4 2
36 53 7 6
36 54 1 2
36 55 7 9
36 56 1 8
36 57 7 9
36 58 7 9
36 61 8 4
36 62 3 2
36 64 10 8
36 65 5 4
36 66 8 5
36 67 3 1
36 68 10 7
36 69 10 6
36 70 10 2
36 71 3 7
36 72 8 1
36 73 4 10
36 74 6 8
36 75 5 10
36 77 9 10
36 80 2 6
36 81 4 6
36 82 6 10
36 83 9 9
36 84 9 5
36 85 10 8
36 86 2 7
36 87 7 6
36 88 7 2
36 89 9 4
36 90 7 9
36 93 3 8
36 95 10 10
36 96 10 7
36 97 8 9
36 98 5 3
36 99 7 6
36 100 8 8
37 38 5 4
37 39 2 4
37 41 7 1
37 42 9 9
37 43 7 1
37 45 8 6
37 46 8 4
37 47 3 3
37 48 2 9
37 50 6 2
37 51 6 10
37 52 9 6
37 54 8 3
37 55 7 10
37 56 8 9
37 57 7 8
37 59 4 2
37 60 7 2
37 62 9 9
37 63 5 3
37 64 9 1
37 66 6 2
37 68 10 1
37 69 5 7
37 70 1 6
37 72 9 1
37 73 7 10
37 75 3 5
37 76 3 3
37 78 4 7
37 80 10 2
37 81 3 3
37 82 2 3
37 83 9 7
37 84 9 5
37 85 8 1
37 86 4 2
37 87 6 3
37 88 8 4
37 89 6 3
37 90 4 4
37 91 5 10
37 92 3 9
37 93 7 7
37 94 2 4
37 96 6 5
37 97 1 7
37 99 10 6
37 100 1 6
38 39 2 9
38 40 8 10
38 41 4 5
38 43 3 9
38 44 6 4
38 45 7 5
38 47 7 8
38 48 7 5
38 50 6 1
38 51 4 5
38 52 1 8
38 53 2 9
38 54 2 10
38 55 6 7
38 56 4 7
38 57 7 5
38 58 8 3
38 59 3 10
38 60 3 8
38 62 4 10
38 63 8 10
38 65 10 6
38 66 10 6
38 67 8 1
38 68 8 5
38 69 2 10
38 70 5 5
38 72 9 4
38 74 6 1
38 75 4 4
38 76 3 6
38 77 1 8
38 78 9 6
38 79 9 9
38 80 6 4
38 82 1 5
38 83 7 10
38 84 9 4
38 86 5 7
38 87 1 5
38 88 10 3
38 89 10 10
38 91 1 9
38 95 7 1
38 96 4 4
38 99 1 10
38 100 4 3
39 41 7 9
39 42 7 7
39 44 2 9
39 47 4 5
39 48 5 5
39 49 2 6
39 50 5 1
39 51 9 2
39 52 4 2
39 53 3 9
39 54 1 10
39 55 1 8
39 56 5 7
39 57 3 7
39 58 10 5
39 60 10 5
39 61 9 10
39 63 3 3
39 64 7 1
39 65 2 8
39 66 6 1
39 67 6 9
39 68 6 10
39 69 9 7
39 70 8 9
39 71 5 7
39 72 4 8
39 73 1 2
39 74 2 6
39 76 7 1
39 77 4 9
39 78 3 7
39 79 2 6
39 80 4 4
39 81 4 3
39 84 6 10
39 85 1 9
39 86 3 6
39 87 3 5
39 89 7 10
39 91 6 4
39 94 7 10
39 95 6 7
39 96 9 7
39 97 6 9
39 98 2 8
39 100 6 2
40 42 8 6
40 43 10 5
40 44 6 6
40 46 3 8
40 48 7 5
40 49 8 1
40 50 7 8
40 51 8 4
40 52 1 3
40 53 7 1
40 54 10 2
40 55 4 8
40 56 8 5
40 58 7 3
40 59 3 2
40 60 9 9
40 61 5 6
40 63 9 8
40 64 2 8
40 65 2 8
40 66 9 10
40 67 8 7
40 68 1 9
40 69 2 1
40 70 6 6
40 72 3 5
40 75 1 9
40 77 5 2
40 79 5 2
40 80 2 1
40 81 2 2
40 83 5 1
40 85 2 4
40 86 7 4
40 87 1 6
40 89 4 3
40 90 10 4
40 91 10 1
40 92 3 1
40 93 2 1
40 94 3 7
40 95 4 2
40 97 10 6
40 98 10 9
40 99 9 3
40 100 10 2
41 43 7 6
41 44 7 9
41 45 3 4
41 46 5 5
41 47 3 3
41 48 7 10
41 49 10 9
41 50 9 5
41 51 10 6
41 52 2 5
41 54 3 7
41 55 7 3
41 56 5 3
41 57 1 2
41 59 4 3
41 60 2 5
41 62 1 8
41 64 5 7
41 65 1 4
41 66 1 7
41 69 6 4
41 70 5 6
41 71 5 2
41 72 6 6
41 74 2 4
41 75 2 1
41 76 4 7
41 77 3 4
41 79 5 6
41 80 3 10
41 81 5 7
41 82 9 2
41 83 5 4
41 84 5 4
41 85 10 5
41 86 3 5
41 87 10 6
41 88 8 1
41 90 4 1
41 91 8 9
41 92 2 10
41 93 8 6
41 94 7 6
41 95 6 4
41 96 7 4
41 97 8 3
41 98 9 3
41 99 10 3
42 43 5 8
42 44 2 7
42 45 4 10
42 46 10 4
42 47 9 1
42 48 3 6
42 49 7 8
42 50 9 5
42 53 2 5
42 54 6 8
42 55 9 4
42 56 8 10
42 57 9 9
42 59 9 2
42 62 1 9
42 63 4 6
42 64 4 9
42 66 5 3
42 68 8 10
42 69 1 2
42 70 2 7
42 73 10 8
42 74 8 9
42 75 3 7
42 77 9 2
42 78 7 10
42 79 8 1
42 81 7 8
42 82 7 3
42 83 1 1
42 84 8 4
42 85 3 8
42 86 10 7
42 87 2 5
42 88 1 5
42 89 4 2
42 90 8 10
42 91 10 7
42 92 5 6
42 93 10 9
42 94 8 4
42 95 9 6
42 96 2 8
42 97 6 6
42 98 5 1
43 44 6 8
43 45 1 6
43 46 6 10
43 48 9 3
43 49 4 4
43 50 2 8
43 51 1 4
43 52 4 7
43 53 6 6
43 54 4 6
43 55 6 4
43 56 9 5
43 57 2 4
43 58 10 1
43 59 5 1
43 60 5 1
43 63 2 8
43 64 8 7
43 65 3 2
43 66 10 6
43 67 6 10
43 68 4 3
43 69 5 3
43 70 8 1
43 71 3 9
43 72 7 2
43 74 2 2
43 75 10 6
43 76 1 4
43 77 1 2
43 78 1 4
43 79 4 10
43 80 5 8
43 81 3 7
43 82 7 9
43 83 1 6
43 84 7 3
43 85 1 6
43 86 7 7
43 87 6 1
43 88 5 8
43 89 1 2
43 90 7 8
43 92 1 6
43 93 5 7
43 94 1 10
43 95 6 6
43 96 7 9
43 97 3 1
43 98 5 7
43 99 5 3
43 100 8 2
44 46 6 10
44 47 1 1
44 48 3 5
44 50 4 7
44 51 1 2
44 52 1 9
44 53 5 10
44 54 10 5
44 55 3 2
44 56 9 6
44 57 9 5
44 58 6 4
44 59 2 10
44 60 7 8
44 61 10 5
44 62 1 8
44 63 3 10
44 64 9 5
44 66 5 2
44 68 8 7
44 69 2 8
44 70 1 8
44 72 10 9
44 73 4 3
44 74 2 6
44 75 5 7
44 76 5 8
44 77 9 6
44 79 6 8
44 80 6 8
44 83 9 7
44 84 6 6
44 85 10 6
44 86 8 3
44 87 3 5
44 88 1 3
44 89 10 4
44 90 4 9
44 91 1 7
44 93 3 10
44 94 6 4
44 95 6 9
44 96 2 1
44 97 10 1
44 98 7 4
44 99 5 1
44 100 5 3
45 46 3 6
45 47 2 9
45 49 7 10
45 51 7 4
45 52 9 9
45 53 10 1
45 56 8 2
45 57 3 2
45 59 5 4
45 62 7 8
45 63 10 5
45 64 4 4
45 65 8 8
45 66 10 8
45 69 3 9
45 71 5 5
45 73 10 5
45 74 2 3
45 75 4 3
45 76 10 6
45 77 4 5
45 78 9 7
45 79 3 3
45 80 1 2
45 81 8 3
45 82 9 5
45 86 6 1
45 87 10 4
45 88 8 9
45 89 1 2
45 91 2 4
45 92 3 9
45 93 3 4
45 95 5 10
45 96 6 8
45 97 4 1
45 98 4 2
45 99 8 10
45 100 8 10
46 47 10 3
46 48 5 2
46 50 4 4
46 51 3 10
46 52 1 7
46 56 3 3
46 57 9 3
46 58 7 4
46 61 7 2
46 62 8 4
46 63 6 1
46 64 6 8
46 65 10 4
46 66 1 4
46 68 4 5
46 71 10 4
46 73 7 7
46 74 3 2
46 75 8 3
46 76 5 6
46 77 1 5
46 78 6 8
46 79 3 4
46 80 2 3
46 81 7 8
46 82 10 7
46 83 5 2
46 84 2 8
46 86 3 4
46 87 3 7
46 88 5 1
46 89 2 8
46 90 6 3
46 91 2 10
46 92 2 1
46 93 8 7
46 94 9 10
46 98 4 10
46 99 6 8
46 100 3 8
47 48 9 3
47 49 1 1
47 50 2 4
47 51 4 4
47 52 9 10
47 53 8 6
47 54 8 3
47 55 7 3
47 56 9 4
47 57 4 2
47 58 6 7
47 60 9 7
47 61 6 4
47 62 7 8
47 63 7 4
47 64 4 6
47 65 1 10
47 66 2 7
47 67 3 4
47 68 4 7
47 69 3 3
47 70 7 6
47 71 3 6
47 72 3 9
47 73 7 8
47 74 7 10
47 75 1 4
47 76 10 2
47 77 1 6
47 78 10 10
47 79 1 1
47 80 1 3
47 81 6 6
47 82 5 3
47 84 10 7
47 85 8 4
47 86 1 4
47 88 10 4
47 89 6 6
47 90 6 8
47 91 2 1
47 92 8 6
47 93 9 4
47 94 3 8
47 96 8 1
47 98 6 7
47 99 9 6
47 100 7 3
48 49 4 7
48 50 8 1
48 51 6 2
48 54 4 1
48 55 2 5
48 57 9 8
48 58 7 1
48 60 9 1
48 61 1 7
48 62 10 2
48 63 1 1
48 64 7 3
48 65 6 3
48 68 5 7
48 69 10 7
48 70 9 4
48 71 8 1
48 72 6 3
48 73 6 4
48 74 8 8
48 75 1 1
48 77 10 3
48 78 4 1
48 79 4 2
48 80 3 3
48 81 4 8
48 84 7 1
48 85 1 10
48 86 3 2
48 88 10 8
48 89 9 2
48 90 8 2
48 91 9 1
48 93 7 5
48 95 1 4
48 97 3 4
48 98 6 9
48 99 4 10
48 100 8 10
49 50 6 8
49 51 6 2
49 52 9 9
49 55 2 6
49 56 6 8
49 57 8 9
49 58 3 7
49 59 8 6
49 61 6 5
49 62 5 6
49 63 10 6
49 64 3 4
49 65 3 5
49 68 10 5
49 69 5 4
49 70 5 9
49 71 3 4
49 72 9 6
49 73 5 6
49 74 6 3
49 75 7 2
49 76 4 1
49 77 10 7
49 79 2 5
49 80 8 5
49 82 6 1
49 83 5 4
49 85 3 9
49 86 5 6
49 88 8 2
49 89 4 1
49 91 5 3
49 92 5 8
49 93 1 6
49 95 9 10
49 96 10 9
49 98 1 10
49 100 7 6
50 51 2 2
50 52 4 10
50 53 2 4
50 54 10 10
50 55 6 1
50 57 9 5
50 58 9 6
50 59 10 8
50 60 4 4
50 61 8 1
50 62 9 5
50 63 7 4
50 64 8 5
50 65 8 5
50 66 6 1
50 67 4 5
50 68 10 5
50 69 6 10
50 71 1 9
50 72 7 4
50 73 4 9
50 74 5 9
50 75 3 4
50 76 1 4
50 77 8 7
50 78 9 5
50 79 8 5
50 80 6 3
50 81 7 4
50 82 10 1
50 83 6 5
50 84 7 8
50 85 7 7
50 86 6 2
50 88 8 1
50 89 10 1
50 90 8 2
50 91 6 3
50 92 10 4
50 93 4 4
50 94 1 4
50 95 4 6
50 96 10 5
50 97 10 3
50 98 8 8
50 100 4 6
51 53 2 8
51 55 2 3
51 56 6 8
51 57 3 2
51 58 7 9
51 59 1 4
51 60 10 3
51 63 9 4
51 64 10 8
51 65 10 8
51 66 1 3
51 67 9 5
51 68 6 3
51 69 7 8
51 70 8 4
51 71 5 5
51 72 1 3
51 73 4 8
51 76 1 9
51 77 3 8
51 78 4 7
51 79 7 7
51 80 2 8
51 81 8 6
51 82 8 5
51 83 3 4
51 84 2 7
51 85 3 5
51 86 9 5
51 87 6 10
51 89 4 9
51 90 9 4
51 91 5 2
51 92 2 7
51 93 2 9
51 94 9 5
51 97 10 9
51 98 1 9
51 99 6 7
52 54 10 9
52 55 5 10
52 56 10 2
52 57 6 5
52 58 8 5
52 59 9 2
52 60 5 7
52 61 9 3
52 63 5 6
52 65 6 4
52 66 1 8
52 67 6 5
52 68 10 4
52 69 4 8
52 70 9 6
52 71 10 7
52 73 2 4
52 74 3 5
52 75 3 9
52 76 2 9
52 77 6 6
52 79 1 7
52 80 7 1
52 81 2 9
52 82 4 7
52 83 6 10
52 85 10 10
52 86 10 3
52 87 5 8
52 88 3 1
52 89 7 8
52 90 7 10
52 91 6 3
52 92 2 7
52 93 2 3
52 94 8 2
52 95 5 7
52 97 2 7
52 98 6 9
52 99 8 2
53 54 6 10
53 55 9 3
53 56 2 6
53 57 10 5
53 58 1 4
53 59 5 2
53 61 4 1
53 62 5 3
53 64 10 6
53 65 4 1
53 66 3 7
53 67 8 6
53 68 2 1
53 69 4 2
53 70 1 10
53 71 1 10
53 72 7 9
53 73 6 2
53 75 8 6
53 76 9 7
53 78 4 6
53 79 5 6
53 82 1 10
53 84 1 10
53 86 1 5
53 87 1 3
53 88 5 8
53 89 3 4
53 90 10 8
53 92 3 10
53 93 4 3
53 95 4 3
53 97 5 8
53 98 2 5
53 99 9 9
53 100 7 5
54 55 7 2
54 56 8 5
54 58 5 5
54 59 1 5
54 60 4 6
54 61 8 8
54 62 6 6
54 63 6 7
54 64 10 4
54 65 1 1
54 67 3 5
54 68 9 6
54 69 2 2
54 70 1 9
54 71 9 1
54 72 4 4
54 73 8 5
54 75 1 7
54 76 9 9
54 79 5 6
54 80 4 3
54 81 8 3
54 82 7 4
54 84 7 9
54 85 10 5
54 87 4 8
54 88 4 8
54 89 2 6
54 90 5 6
54 91 5 5
54 93 9 4
54 94 7 4
54 95 7 10
54 96 9 6
54 98 5 4
54 99 1 5
54 100 10 1
55 56 10 9
55 57 10 3
55 58 3 6
55 59 1 7
55 61 7 9
55 62 3 3
55 63 3 7
55 64 2 3
55 65 9 7
55 66 9 2
55 68 2 7
55 70 2 6
55 71 7 8
55 72 7 6
55 73 9 6
55 75 1 10
55 76 8 5
55 77 3 3
55 78 10 9
55 79 8 4
55 80 1 10
55 81 1 10
55 82 6 10
55 84 4 3
55 85 2 6
55 86 3 6
55 88 3 7
55 89 7 6
55 90 7 5
55 91 4 2
55 92 8 5
55 93 3 4
55 94 3 5
55 95 8 5
55 96 6 10
55 98 8 10
55 99 1 9
55 100 4 8
56 58 1 6
56 60 7 8
56 61 9 7
56 62 7 1
56 63 10 8
56 64 2 8
56 65 3 1
56 66 8 3
56 67 2 8
56 69 8 10
56 70 3 7
56 71 1 10
56 72 3 8
56 77 1 3
56 78 8 7
56 79 2 1
56 83 2 8
56 84 4 3
56 85 10 6
56 86 1 7
56 87 5 10
56 88 4 10
56 89 8 10
56 90 10 4
56 92 2 9
56 93 6 1
56 94 8 1
56 95 5 2
56 96 6 7
56 97 7 8
56 98 3 6
56 99 2 10
56 100 4 4
57 58 7 7
57 59 6 6
57 60 8 10
57 61 10 8
57 62 6 9
57 66 8 8
57 67 6 9
57 68 6 5
57 69 8 6
57 70 4 5
57 71 9 2
57 72 3 9
57 73 4 3
57 74 6 5
57 75 6 8
57 76 5 4
57 78 4 7
57 80 10 5
57 81 8 7
57 84 6 10
57 85 4 1
57 86 10 7
57 87 7 4
57 88 7 7
57 90 1 4
57 91 10 6
57 92 1 9
57 93 4 9
57 95 10 5
57 96 4 9
57 98 3 8
57 99 6 4
57 100 9 8
58 59 10 8
58 60 10 1
58 61 1 1
58 63 9 3
58 64 3 1
58 65 3 3
58 66 2 10
58 67 9 4
58 69 3 1
58 70 5 7
58 71 10 4
58 72 10 6
58 73 5 10
58 74 10 9
58 75 4 3
58 76 4 2
58 77 9 9
58 78 1 6
58 79 10 5
58 80 5 5
58 81 9 4
58 82 7 5
58 83 2 3
58 84 10 7
58 85 6 10
58 86 1 1
58 88 7 4
58 90 4 10
58 91 7 3
58 92 6 3
58 93 4 10
58 95 2 4
58 97 4 7
58 98 6 10
59 60 2 2
59 61 9 10
59 62 7 9
59 63 6 1
59 64 1 1
59 67 5 5
59 68 1 10
59 70 6 8
59 72 7 10
59 73 6 10
59 74 3 6
59 77 8 3
59 78 8 4
59 79 8 4
59 80 10 1
59 81 5 2
59 83 2 7
59 84 1 4
59 85 2 7
59 86 1 1
59 87 6 5
59 90 10 5
59 92 2 1
59 93 6 9
59 96 6 10
59 99 1 2
59 100 7 4
60 61 5 6
60 62 7 6
60 63 3 5
60 64 1 7
60 65 6 5
60 66 3 5
60 67 3 7
60 69 4 10
60 70 5 10
60 71 9 3
60 72 7 6
60 73 8 9
60 74 1 2
60 75 4 3
60 76 4 8
60 77 7 4
60 78 10 3
60 79 10 3
60 81 2 5
60 83 3 8
60 84 3 1
60 86 1 6
60 87 1 7
60 88 1 6
60 89 10 9
60 90 3 1
60 91 2 9
60 92 8 4
60 93 2 4
60 94 4 6
60 95 6 5
60 96 2 2
60 97 3 3
60 99 2 1
60 100 2 10
61 63 5 2
61 64 9 4
61 65 8 8
61 66 4 2
61 67 1 4
61 68 9 4
61 69 1 9
61 71 9 6
61 72 4 9
61 73 6 9
61 74 9 10
61 75 2 10
61 76 9 4
61 77 7 8
61 78 1 1
61 79 8 7
61 80 2 10
61 81 1 5
61 82 3 9
61 84 8 10
61 85 5 4
61 86 5 7
61 87 4 4
61 88 5 1
61 90 2 5
61 91 5 8
61 92 10 8
61 94 3 5
61 95 2 8
61 96 1 4
61 97 1 10
61 98 5 1
61 99 6 5
61 100 6 9
62 63 7 9
62 65 4 3
62 66 10 2
62 67 10 5
62 68 4 6
62 70 1 2
62 71 1 6
62 72 5 9
62 73 10 6
62 75 4 3
62 76 8 8
62 78 7 4
62 79 4 10
62 80 7 3
62 81 3 4
62 82 6 10
62 83 10 1
62 84 8 2
62 85 6 8
62 86 3 7
62 87 3 2
62 89 10 10
62 90 9 8
62 91 4 2
62 92 10 9
62 93 4 10
62 94 8 2
62 95 1 3
62 96 10 2
62 97 10 1
62 98 8 3
62 99 7 5
62 100 4 10
63 65 9 8
63 68 10 6
63 69 7 2
63 71 4 1
63 72 4 8
63 73 7 3
63 74 10 6
63 75 7 2
63 76 2 10
63 77 1 5
63 78 2 2
63 80 6 10
63 81 5 1
63 82 7 2
63 83 6 4
63 84 2 1
63 85 7 3
63 86 10 9
63 89 5 1
63 90 3 7
63 91 3 1
63 92 10 4
63 93 4 3
63 94 8 2
63 95 9 6
63 96 6 9
63 97 10 9
63 98 3 3
63 99 3 7
63 100 3 5
64 65 10 6
64 66 5 1
64 68 1 1
64 69 9 6
64 70 10 4
64 72 3 2
64 73 1 3
64 74 9 6
64 75 8 9
64 76 2 8
64 77 1 4
64 78 2 7
64 79 4 6
64 80 10 7
64 81 7 9
64 82 6 2
64 83 2 4
64 84 3 5
64 85 2 6
64 86 9 7
64 87 4 6
64 89 10 4
64 90 7 1
64 91 6 6
64 92 4 2
64 93 10 4
64 94 7 7
64 95 6 9
64 96 4 9
64 97 1 3
64 98 1 1
64 99 2 8
64 100 6 10
65 66 10 3
65 67 9 6
65 68 6 9
65 69 3 5
65 70 2 4
65 71 6 1
65 72 5 10
65 73 6 5
65 74 6 5
65 75 1 3
65 77 7 9
65 79 10 1
65 80 5 9
65 81 1 5
65 82 3 10
65 83 2 8
65 84 8 6
65 86 4 2
65 87 7 3
65 88 7 3
65 91 2 2
65 92 2 2
65 93 6 7
65 94 8 4
65 96 2 5
65 97 1 5
65 98 8 9
65 99 9 4
66 67 8 8
66 68 5 4
66 69 2 6
66 70 1 9
66 71 8 2
66 72 3 10
66 75 8 7
66 76 2 8
66 77 6 2
66 79 1 6
66 81 3 4
66 82 2 8
66 83 2 8
66 84 4 2
66 85 3 10
66 87 5 5
66 89 9 8
66 90 2 5
66 91 10 9
66 92 4 10
66 93 6 8
66 94 5 3
66 95 3 2
66 96 6 8
66 97 9 8
66 98 3 2
66 99 1 3
66 100 5 4
67 69 10 1
67 71 9 7
67 72 5 7
67 73 5 6
67 74 9 2
67 75 7 5
67 76 4 2
67 78 9 10
67 79 1 5
67 80 5 6
67 81 6 6
67 82 6 5
67 83 10 7
67 84 6 6
67 85 10 6
67 86 4 6
67 87 4 4
67 89 7 4
67 91 2 9
67 92 9 5
67 93 7 8
67 94 10 10
67 95 2 10
67 96 7 1
67 97 5 4
67 98 1 7
67 99 4 3
68 69 7 3
68 70 1 5
68 71 10 8
68 72 2 8
68 73 2 7
68 75 9 1
68 76 5 1
68 77 2 9
68 79 6 2
68 81 10 2
68 83 3 4
68 84 10 2
68 85 7 10
68 86 3 4
68 87 10 2
68 88 7 9
68 90 6 8
68 91 2 2
68 92 3 1
68 93 10 8
68 94 10 6
68 95 10 8
68 98 5 8
68 99 10 2
68 100 2 3
69 70 7 6
69 73 5 1
69 74 9 3
69 75 6 7
69 78 8 5
69 79 9 1
69 80 2 4
69 81 10 3
69 82 10 2
69 83 7 6
69 84 2 4
69 86 7 5
69 87 9 1
69 88 3 7
69 89 9 5
69 90 4 2
69 91 1 3
69 92 7 10
69 93 8 1
69 94 7 3
69 95 4 4
69 97 2 2
69 98 8 9
69 100 5 9
70 71 4 9
70 72 8 4
70 73 4 9
70 74 7 1
70 75 5 6
70 76 5 9
70 77 7 10
70 78 8 4
70 79 5 10
70 80 4 2
70 81 3 2
70 84 6 6
70 85 3 5
70 86 8 8
70 87 6 9
70 88 6 7
70 90 7 6
70 94 10 10
70 95 5 9
70 96 3 9
70 98 10 2
70 99 9 10
70 100 3 8
71 72 7 4
71 73 8 5
71 74 6 3
71 76 7 6
71 77 5 5
71 78 10 6
71 79 8 3
71 81 9 5
71 82 2 3
71 83 6 8
71 84 3 4
71 86 5 6
71 87 10 7
71 88 9 1
71 89 10 3
71 90 1 2
71 91 6 5
71 92 8 1
71 93 3 6
71 94 7 3
71 95 6 10
71 96 2 1
71 98 1 3
71 100 4 4
72 73 3 4
72 74 4 4
72 75 8 1
72 76 9 10
72 79 6 7
72 80 9 6
72 82 3 10
72 84 6 9
72 85 2 6
72 87 3 1
72 88 9 10
72 89 1 9
72 90 8 8
72 91 6 5
72 92 10 9
72 93 8 5
72 95 5 9
72 96 4 8
72 97 5 6
72 98 2 4
72 99 9 2
72 100 1 4
73 74 8 8
73 75 1 7
73 76 4 2
73 77 1 4
73 78 8 4
73 79 3 4
73 80 4 8
73 81 2 3
73 82 2 7
73 83 3 2
73 84 9 8
73 85 10 5
73 86 1 8
73 88 2 1
73 90 7 9
73 91 4 5
73 92 10 4
73 93 1 10
73 94 7 5
73 95 9 10
73 96 1 9
73 97 8 1
73 98 4 8
73 99 2 2
73 100 7 5
74 75 6 9
74 76 2 7
74 78 6 3
74 79 8 4
74 80 10 2
74 82 5 5
74 83 10 4
74 84 4 2
74 85 4 5
74 86 5 6
74 87 8 2
74 89 5 9
74 90 4 8
74 91 4 10
74 92 10 4
74 93 3 3
74 94 7 8
74 95 3 3
74 96 10 10
74 98 3 10
74 99 5 3
74 100 10 4
75 76 7 1
75 78 2 3
75 79 10 4
75 81 10 10
75 82 7 7
75 83 2 2
75 84 7 3
75 85 6 10
75 87 3 7
75 88 6 10
75 89 2 5
75 91 3 3
75 92 10 9
75 93 2 3
75 94 7 3
75 95 3 3
75 96 4 1
75 97 2 5
75 98 5 6
75 99 3 4
75 100 7 8
76 77 3 9
76 78 10 6
76 79 3 4
76 80 5 2
76 81 3 1
76 82 2 4
76 84 10 9
76 85 10 10
76 86 6 4
76 87 6 10
76 89 2 6
76 90 3 2
76 91 7 3
76 92 3 8
76 93 3 8
76 94 7 3
76 95 5 8
76 96 3 1
76 97 5 5
76 98 8 7
76 99 6 7
76 100 8 2
77 78 4 6
77 79 2 7
77 80 1 1
77 81 2 8
77 82 3 6
77 83 7 5
77 85 5 8
77 86 4 5
77 87 4 8
77 89 8 3
77 91 8 10
77 92 5 3
77 93 8 6
77 94 5 7
77 95 10 6
77 96 3 10
77 97 4 3
77 98 8 9
77 99 1 2
78 79 7 7
78 81 7 8
78 82 3 5
78 83 4 7
78 84 4 10
78 85 6 5
78 86 5 4
78 88 10 9
78 89 4 3
78 90 10 10
78 91 4 4
78 92 9 8
78 93 10 2
78 94 4 10
78 95 7 1
78 96 4 1
78 98 9 7
79 80 7 5
79 81 9 5
79 82 6 9
79 83 9 9
79 84 1 4
79 85 1 3
79 88 2 7
79 91 1 7
79 92 4 2
79 93 5 7
79 94 10 6
79 95 7 2
79 97 4 5
79 98 6 1
79 99 6 7
79 100 10 7
80 81 7 4
80 82 9 9
80 83 9 8
80 84 1 10
80 86 7 4
80 87 7 2
80 88 5 8
80 89 1 10
80 91 8 2
80 93 9 6
80 94 5 8
80 95 1 6
80 96 1 2
80 97 7 4
80 99 1 5
80 100 2 1
81 82 8 8
81 83 4 2
81 84 5 3
81 85 2 6
81 89 9 3
81 90 9 10
81 91 10 9
81 92 3 8
81 93 8 3
81 94 8 9
81 95 1 2
81 96 5 10
81 97 8 1
81 98 5 9
81 100 4 9
82 83 2 7
82 84 4 4
82 85 3 6
82 86 6 1
82 87 3 9
82 88 8 1
82 89 10 1
82 90 2 10
82 92 3 9
82 93 2 2
82 94 9 6
82 95 6 6
82 97 6 5
82 99 1 7
82 100 1 1
83 84 7 4
83 85 4 7
83 86 2 10
83 87 3 7
83 88 10 2
83 89 3 8
83 90 1 8
83 92 5 7
83 94 1 3
83 95 10 5
83 96 6 10
83 97 8 10
83 98 7 6
83 99 3 1
83 100 8 4
84 85 7 4
84 86 7 1
84 87 9 2
84 88 3 1
84 89 4 7
84 91 10 8
84 92 10 1
84 93 3 2
84 94 6 6
84 95 4 4
84 96 9 5
84 97 5 5
84 98 1 1
84 100 8 3
85 86 7 5
85 87 2 2
85 89 7 9
85 90 7 10
85 91 1 9
85 92 7 10
85 93 2 8
85 94 2 7
85 95 7 5
85 96 6 2
85 97 2 5
85 98 3 2
85 99 4 4
86 88 4 7
86 89 6 3
86 91 1 10
86 92 8 1
86 94 9 2
86 95 5 7
86 96 7 8
86 97 3 5
86 98 6 8
86 99 2 8
86 100 4 6
87 88 5 8
87 90 3 7
87 91 5 5
87 92 2 5
87 93 2 3
87 94 1 9
87 95 4 2
87 96 7 8
87 97 2 6
87 98 6 6
87 100 2 2
88 89 4 1
88 91 4 7
88 92 5 4
88 93 3 3
88 96 1 7
88 98 7 2
88 99 7 2
88 100 9 7
89 90 8 5
89 91 1 7
89 92 5 3
89 93 7 7
89 94 1 5
89 96 8 8
89 97 6 3
89 98 1 5
89 99 7 1
89 100 1 3
90 93 3 3
90 94 2 6
90 96 6 10
90 97 5 3
90 98 3 7
90 99 3 1
90 100 7 8
91 92 1 2
91 93 6 3
91 94 1 1
91 95 10 1
91 96 1 2
91 99 4 3
91 100 1 10
92 93 6 2
92 94 10 8
92 95 10 6
92 96 5 5
92 98 4 9
92 99 4 8
92 100 5 8
93 94 3 10
93 96 9 2
93 97 10 8
93 98 9 3
93 99 1 7
93 100 6 10
94 96 8 8
94 97 10 10
94 98 4 7
94 100 6 2
95 98 4 1
95 99 3 7
95 100 4 6
96 97 3 2
96 98 8 7
96 99 8 2
97 98 9 9
97 99 2 9
97 100 3 10
98 99 5 5
98 100 4 10
1
1 2 3 4 5 6 7 8 9 10 11 12 13 14 15 16 17 18 19 20 21 22 23 24 25 26 27 28 29 30 31 32 33 34 35 36 37 38 39 40 41 42 43 44 45 46 47 48 49 50
