3918
1 2 10 2
1 3 6 6
1 5 4 8
1 6 6 6
1 7 6 3
1 9 10 7
1 10 5 7
1 11 8 7
1 14 2 9
1 15 2 1
1 17 3 7
1 18 9 4
1 19 8 2
1 20 7 3
1 22 8 7
1 24 3 3
1 25 3 10
1 26 1 10
1 27 3 10
1 28 6 2
1 29 3 6
1 30 1 9
1 32 10 7
1 33 9 10
1 35 1 9
1 36 2 5
1 37 1 7
1 38 10 7
1 39 10 9
1 40 10 6
1 41 1 1
1 44 6 4
1 45 10 5
1 46 1 7
1 47 6 8
1 50 7 1
1 51 5 4
1 52 6 1
1 53 3 8
1 54 5 9
1 55 9 10
1 56 5 5
1 57 4 7
1 58 9 4
1 59 10 1
1 60 8 6
1 61 1 4
1 62 9 5
1 63 4 6
1 64 10 5
1 65 4 6
1 66 3 3
1 68 2 1
1 69 2 10
1 71 5 9
1 73 2 4
1 74 6 2
1 75 4 2
1 76 5 7
1 78 6 1
1 79 5 7
1 80 5 6
1 81 4 3
1 82 8 4
1 84 2 4
1 85 3 8
1 86 2 7
1 87 3 8
1 88 2 1
1 89 4 4
1 90 4 6
1 91 1 5
1 92 8 10
1 93 5 8
1 94 4 10
1 95 9 4
1 96 3 1
1 97 6 2
1 98 8 3
1 99 5 5
1 100 5 10
2 5 10 5
2 6 3 7
2 7 6 3
2 8 5 5
2 9 10 6
2 10 9 8
2 11 9 1
2 12 10 8
2 13 6 6
2 14 8 3
2 15 2 1
2 16 3 9
2 17 7 8
2 18 3 5
2 19 6 1
2 20 2 9
2 22 1 6
2 23 5 3
2 25 9 5
2 26 9 5
2 27 3 10
2 28 4 3
2 31 7 6
2 33 4 10
2 34 3 6
2 35 1 8
2 37 5 4
2 38 4 2
2 41 1 6
2 42 5 1
2 43 3 4
2 44 7 4
2 45 1 2
2 47 9 3
2 48 5 5
2 49 9 9
2 50 6 6
2 51 5 7
2 52 9 4
2 53 7 8
2 55 2 8
2 56 10 7
2 57 7 1
2 58 3 8
2 59 6 9
2 61 7 7
2 65 7 10
2 66 9 6
2 67 8 10
2 68 3 3
2 69 1 1
2 70 9 8
2 71 6 10
2 72 2 5
2 73 4 5
2 74 3 3
2 76 5 8
2 78 7 6
2 80 6 8
2 81 2 10
2 82 2 2
2 83 9 7
2 84 1 10
2 85 8 2
2 86 2 7
2 87 10 6
2 88 9 3
2 89 1 3
2 90 4 4
2 91 8 4
2 94 8 1
2 95 6 6
2 96 1 3
2 97 4 10
2 100 10 7
3 4 2 9
3 5 1 5
3 6 7 8
3 8 1 1
3 10 1 7
3 11 8 7
3 12 6 4
3 13 8 1
3 14 10 10
3 15 10 3
3 16 3 7
3 17 3 6
3 18 8 1
3 19 4 9
3 20 3 3
3 21 2 6
3 22 6 9
3 24 3 1
3 25 6 7
3 26 8 1
3 27 8 8
3 28 7 8
3 29 2 8
3 30 8 9
3 31 3 4
3 32 7 9
3 33 1 10
3 35 2 6
3 36 2 9
3 37 10 10
3 39 2 4
3 40 10 3
3 41 6 10
3 42 3 10
3 44 6 8
3 45 1 8
3 46 2 4
3 47 1 8
3 48 3 1
3 49 5 2
3 50 6 5
3 51 10 7
3 53 8 6
3 54 5 1
3 55 9 8
3 57 10 8
3 58 8 10
3 59 9 4
3 60 10 5
3 62 9 9
3 63 10 9
3 65 10 3
3 66 6 10
3 68 2 10
3 69 4 4
3 70 3 7
3 72 2 4
3 73 1 2
3 74 10 10
3 75 1 2
3 76 1 1
3 78 4 8
3 79 3 4
3 81 8 1
3 84 1 7
3 86 1 4
3 87 3 7
3 88 9 6
3 90 5 5
3 91 9 10
3 92 4 4
3 93 9 10
3 94 7 1
3 95 5 7
3 96 7 2
3 97 6 2
3 100 10 4
4 5 2 9
4 6 8 1
4 7 9 7
4 8 10 6
4 9 7 3
4 10 10 2
4 11 8 10
4 12 6 8
4 13 9 4
4 14 2 3
4 15 2 4
4 16 10 10
4 17 4 2
4 18 3 2
4 19 6 1
4 22 10 2
4 23 10 10
4 24 7 9
4 25 2 1
4 29 8 9
4 30 7 9
4 31 4 7
4 32 7 10
4 33 4 9
4 34 4 10
4 35 10 8
4 36 2 4
4 37 1 4
4 38 8 6
4 39 1 5
4 40 2 1
4 43 3 5
4 44 5 1
4 45 3 5
4 46 9 6
4 47 8 3
4 49 9 3
4 52 8 8
4 53 1 7
4 54 7 5
4 55 3 8
4 58 4 3
4 59 5 2
4 60 2 1
4 61 10 6
4 62 4 4
4 64 7 7
4 65 8 4
4 67 1 8
4 68 7 9
4 69 9 8
4 70 10 7
4 73 6 2
4 75 9 8
4 77 5 3
4 78 3 7
4 79 6 8
4 80 5 9
4 81 9 5
4 83 3 8
4 84 8 4
4 86 6 10
4 87 7 8
4 89 4 10
4 90 1 3
4 91 4 2
4 92 4 10
4 93 6 1
4 94 9 2
4 95 6 6
4 97 10 2
4 98 7 8
4 99 9 6
4 100 6 5
5 6 6 5
5 7 6 6
5 9 3 2
5 10 1 1
5 11 4 6
5 13 8 3
5 14 5 3
5 15 5 5
5 17 1 4
5 18 1 3
5 19 3 1
5 20 6 3
5 23 7 3
5 24 5 8
5 25 9 9
5 26 7 10
5 27 5 7
5 28 7 4
5 29 10 4
5 30 6 1
5 31 6 6
5 33 2 3
5 34 2 7
5 35 3 3
5 37 6 8
5 38 6 8
5 39 1 2
5 40 10 6
5 41 6 2
5 43 1 4
5 44 9 2
5 46 1 4
5 47 9 7
5 48 1 3
5 49 5 3
5 50 7 10
5 51 8 10
5 52 10 6
5 54 6 5
5 55 2 5
5 56 2 9
5 59 2 1
5 60 5 9
5 61 10 8
5 62 10 8
5 63 4 6
5 64 4 9
5 65 8 1
5 66 7 10
5 68 3 10
5 69 10 4
5 70 7 3
5 72 6 4
5 73 6 8
5 76 6 5
5 77 4 4
5 78 1 8
5 79 10 4
5 80 9 8
5 81 1 9
5 82 2 6
5 84 9 2
5 85 7 8
5 86 10 8
5 87 9 5
5 89 10 2
5 91 2 6
5 92 9 3
5 93 8 7
5 94 5 1
5 95 4 6
5 98 4 9
5 99 9 2
5 100 10 9
6 7 3 4
6 8 4 1
6 9 6 9
6 11 7 5
6 12 9 2
6 13 4 4
6 14 3 1
6 15 1 5
6 17 1 9
6 18 2 2
6 20 2 5
6 21 3 5
6 22 1 4
6 23 8 8
6 24 8 4
6 25 10 2
6 27 3 9
6 29 2 8
6 30 10 8
6 31 3 8
6 32 9 5
6 34 3 3
6 35 7 2
6 36 9 2
6 37 10 7
6 38 2 9
6 39 4 7
6 41 2 1
6 42 8 4
6 45 4 5
6 46 2 6
6 47 4 3
6 48 8 3
6 49 10 5
6 51 4 7
6 52 2 10
6 53 10 6
6 54 1 9
6 55 7 5
6 56 5 1
6 58 4 8
6 59 8 10
6 60 9 2
6 62 7 1
6 63 4 2
6 64 1 8
6 65 5 6
6 67 6 4
6 68 7 5
6 69 5 9
6 70 2 1
6 71 8 8
6 72 4 9
6 74 2 4
6 75 1 6
6 77 3 2
6 78 1 2
6 79 2 8
6 80 8 10
6 81 4 9
6 82 5 8
6 84 4 7
6 87 7 6
6 88 4 10
6 89 4 5
6 90 10 2
6 92 2 5
6 93 5 2
6 95 5 6
6 96 10 3
6 97 6 8
6 98 2 2
6 100 10 1
7 8 2 1
7 11 8 3
7 12 3 3
7 14 6 3
7 15 7 10
7 16 5 10
7 17 7 6
7 18 9 3
7 19 8 5
7 21 2 3
7 23 5 9
7 24 4 10
7 26 10 6
7 27 1 4
7 28 6 7
7 29 2 9
7 31 4 10
7 32 2 3
7 33 10 10
7 34 8 5
7 35 8 2
7 36 4 6
7 37 4 9
7 38 2 9
7 40 6 10
7 41 10 1
7 42 7 9
7 43 2 10
7 44 10 5
7 45 8 10
7 47 8 2
7 48 2 5
7 49 8 1
7 50 2 7
7 52 7 1
7 53 4 2
7 54 4 2
7 55 5 4
7 56 6 1
7 57 5 8
7 58 3 2
7 59 8 4
7 60 6 1
7 61 5 3
7 62 8 8
7 63 8 9
7 66 2 6
7 67 4 9
7 69 5 8
7 70 7 7
7 71 4 2
7 72 10 7
7 73 3 2
7 74 2 8
7 76 8 10
7 77 1 8
7 78 4 1
7 79 6 2
7 81 9 1
7 83 1 10
7 84 4 5
7 85 2 9
7 86 1 6
7 87 1 9
7 88 6 8
7 89 3 3
7 90 1 7
7 91 6 2
7 92 8 8
7 93 8 8
7 94 4 9
7 95 10 3
7 96 4 8
7 98 9 9
7 99 8 6
7 100 10 8
8 11 1 2
8 12 10 8
8 13 10 8
8 14 10 1
8 15 5 4
8 16 9 8
8 18 1 3
8 19 5 6
8 20 7 8
8 21 4 8
8 22 6 8
8 23 6 4
8 24 3 10
8 25 7 6
8 26 10 6
8 27 6 9
8 29 7 1
8 30 3 2
8 31 10 5
8 32 8 3
8 34 10 1
8 35 9 7
8 36 4 3
8 37 2 8
8 38 1 3
8 39 1 7
8 40 6 3
8 41 9 7
8 42 6 6
8 43 3 8
8 44 9 1
8 45 3 10
8 46 7 4
8 47 4 3
8 48 5 3
8 49 3 6
8 50 1 5
8 51 2 4
8 52 3 4
8 53 1 10
8 54 6 3
8 55 1 5
8 56 5 7
8 57 6 10
8 58 1 9
8 59 8 2
8 60 7 10
8 61 10 6
8 63 5 1
8 66 4 3
8 68 6 10
8 69 4 2
8 70 7 3
8 71 3 10
8 72 10 1
8 73 2 7
8 74 4 3
8 75 6 7
8 76 10 5
8 78 1 3
8 79 8 8
8 80 10 6
8 83 2 3
8 84 7 7
8 85 8 8
8 86 6 9
8 87 4 8
8 89 4 7
8 90 4 3
8 93 5 8
8 94 10 4
8 95 5 2
8 96 5 2
8 97 2 3
8 99 7 2
8 100 9 7
9 10 10 8
9 11 5 10
9 12 1 1
9 14 3 10
9 15 6 5
9 16 1 6
9 17 9 5
9 18 4 5
9 19 7 10
9 20 4 1
9 21 2 2
9 22 8 4
9 23 10 9
9 24 6 1
9 25 8 1
9 26 3 8
9 27 4 5
9 28 8 9
9 29 2 1
9 30 2 4
9 31 9 6
9 32 9 9
9 33 5 9
9 34 3 3
9 35 2 3
9 37 9 7
9 38 9 7
9 39 4 7
9 40 2 9
9 43 1 8
9 45 8 4
9 46 1 8
9 47 2 2
9 49 9 2
9 51 6 7
9 52 3 2
9 53 6 10
9 54 5 8
9 55 7 2
9 56 8 2
9 57 4 10
9 58 6 9
9 59 1 7
9 61 5 9
9 62 7 6
9 65 7 6
9 66 3 7
9 67 10 10
9 69 2 2
9 71 9 3
9 72 4 3
9 73 7 7
9 74 7 8
9 75 8 7
9 78 10 9
9 79 9 7
9 80 5 3
9 81 4 4
9 82 2 6
9 83 4 6
9 84 9 8
9 86 10 8
9 87 9 1
9 89 6 3
9 90 8 5
9 91 10 10
9 93 5 10
9 94 8 8
9 95 9 3
9 97 4 2
9 98 4 2
9 99 6 3
9 100 9 2
10 11 6 4
10 12 1 6
10 13 7 1
10 15 8 9
10 16 1 3
10 17 8 1
10 18 1 6
10 21 4 3
10 22 1 9
10 25 1 7
10 26 4 8
10 27 9 7
10 29 7 8
10 30 6 2
10 31 10 1
10 32 5 5
10 34 9 1
10 35 9 1
10 36 9 6
10 37 5 1
10 38 7 6
10 39 3 10
10 41 3 8
10 42 2 3
10 43 10 3
10 44 7 2
10 45 6 5
10 46 7 8
10 47 8 7
10 48 2 3
10 50 8 3
10 51 2 4
10 53 5 4
10 55 10 5
10 57 1 9
10 58 8 10
10 60 5 3
10 62 7 8
10 63 1 7
10 64 9 2
10 65 3 2
10 66 6 2
10 68 8 7
10 72 4 3
10 74 7 1
10 75 10 1
10 76 4 7
10 77 9 2
10 79 7 9
10 80 9 5
10 81 10 9
10 82 6 7
10 83 10 8
10 84 6 4
10 85 9 7
10 87 5 8
10 88 7 9
10 89 4 8
10 90 3 10
10 91 8 8
10 92 8 2
10 93 7 9
10 96 1 1
10 97 7 2
10 99 3 4
10 100 8 5
11 12 3 5
11 13 2 6
11 14 1 10
11 15 8 5
11 16 6 1
11 17 4 2
11 18 3 2
11 19 5 8
11 20 5 3
11 21 5 3
11 22 7 8
11 23 9 5
11 24 7 6
11 25 2 1
11 27 7 2
11 28 8 4
11 31 3 10
11 32 10 2
11 33 1 1
11 35 4 1
11 37 4 10
11 40 2 2
11 41 7 6
11 42 1 7
11 43 6 4
11 44 1 10
11 45 4 10
11 46 1 5
11 47 6 10
11 50 5 10
11 52 9 2
11 53 10 4
11 55 8 5
11 56 6 5
11 57 8 5
11 58 8 3
11 59 8 4
11 60 7 10
11 61 5 8
11 62 7 7
11 63 1 2
11 64 9 5
11 65 3 6
11 66 10 7
11 67 9 7
11 68 3 7
11 69 4 5
11 70 4 5
11 71 4 10
11 72 3 6
11 73 9 10
11 74 4 7
11 75 1 9
11 76 7 10
11 79 3 5
11 81 5 4
11 82 6 10
11 83 6 9
11 84 3 8
11 85 10 9
11 86 4 3
11 87 8 2
11 88 5 6
11 89 1 8
11 90 3 3
11 91 9 2
11 93 4 2
11 94 2 1
11 95 9 2
11 96 5 3
11 97 10 1
11 98 7 9
11 99 8 6
11 100 7 10
12 13 10 6
12 14 4 10
12 15 6 7
12 16 8 9
12 18 5 7
12 19 5 8
12 20 1 2
12 22 7 6
12 24 10 8
12 25 7 8
12 26 6 5
12 28 2 2
12 29 5 8
12 30 1 8
12 31 9 1
12 32 2 1
12 34 8 1
12 35 7 5
12 36 1 7
12 37 8 3
12 38 4 7
12 40 8 6
12 41 6 3
12 42 1 7
12 44 9 9
12 46 5 4
12 47 3 1
12 48 4 9
12 49 8 3
12 50 2 3
12 51 2 1
12 52 6 10
12 53 4 10
12 55 4 6
12 56 1 4
12 58 3 5
12 60 6 9
12 61 3 3
12 62 10 7
12 63 1 6
12 64 2 5
12 65 2 2
12 66 5 2
12 68 3 9
12 69 9 5
12 71 10 10
12 72 1 3
12 73 6 5
12 74 1 2
12 75 9 10
12 76 8 7
12 77 3 10
12 79 4 6
12 80 10 6
12 81 5 10
12 82 2 6
12 83 3 2
12 85 9 3
12 86 8 3
12 87 6 10
12 88 4 2
12 89 7 4
12 90 6 3
12 92 4 3
12 93 7 3
12 94 7 8
12 95 2 5
12 96 6 4
12 100 5 7
13 14 5 8
13 15 6 9
13 16 6 6
13 18 9 10
13 20 10 1
13 21 3 10
13 23 4 5
13 24 2 4
13 25 6 2
13 26 6 2
13 27 1 5
13 28 4 8
13 29 3 8
13 30 8 6
13 32 1 8
13 33 8 4
13 34 10 8
13 35 2 6
13 37 5 9
13 38 2 1
13 39 5 10
13 40 8 4
13 41 7 9
13 42 3 4
13 43 1 5
13 44 10 10
13 45 3 3
13 46 2 3
13 47 2 10
13 48 7 6
13 49 2 3
13 50 10 2
13 51 6 10
13 52 1 3
13 53 3 2
13 54 8 5
13 55 3 7
13 56 4 10
13 57 8 10
13 58 10 7
13 59 7 2
13 60 6 1
13 61 8 5
13 62 6 9
13 63 2 4
13 64 2 6
13 65 3 8
13 66 5 6
13 67 2 3
13 68 5 9
13 72 2 7
13 73 3 7
13 74 5 4
13 75 8 6
13 76 6 7
13 79 2 2
13 80 9 6
13 81 8 6
13 82 3 10
13 83 2 8
13 85 6 9
13 88 3 2
13 89 1 2
13 90 10 7
13 91 6 10
13 92 9 9
13 94 4 10
13 95 8 8
13 96 1 8
13 98 7 7
13 99 3 10
13 100 6 10
14 16 5 1
14 17 7 1
14 18 2 4
14 20 8 10
14 22 7 3
14 23 5 5
14 24 10 10
14 25 3 7
14 26 5 1
14 27 5 4
14 30 7 4
14 31 6 5
14 32 9 2
14 34 4 9
14 35 8 5
14 36 8 2
14 37 1 7
14 38 10 3
14 39 7 5
14 41 5 5
14 42 7 10
14 45 7 3
14 46 7 10
14 47 9 9
14 48 9 1
14 49 3 9
14 51 4 6
14 52 9 7
14 53 6 10
14 54 3 9
14 55 2 7
14 56 5 3
14 57 5 5
14 60 4 2
14 61 1 1
14 62 2 9
14 63 1 2
14 64 1 3
14 65 9 7
14 66 5 7
14 67 4 6
14 68 10 8
14 69 3 8
14 70 10 9
14 71 3 5
14 72 10 6
14 73 7 7
14 74 10 1
14 75 9 3
14 76 7 6
14 77 10 3
14 78 9 6
14 79 6 1
14 80 4 3
14 81 10 9
14 83 6 8
14 84 8 10
14 85 5 6
14 86 3 7
14 87 1 7
14 88 9 5
14 89 5 6
14 90 4 2
14 92 3 3
14 93 1 10
14 94 1 2
14 95 2 8
14 96 6 9
14 97 8 8
14 98 3 2
14 99 2 5
15 17 6 1
15 18 7 2
15 20 1 6
15 21 10 10
15 23 4 3
15 24 5 9
15 25 1 5
15 28 3 3
15 30 9 10
15 31 5 1
15 33 4 2
15 34 3 3
15 35 2 4
15 36 7 4
15 37 5 8
15 38 1 7
15 39 3 5
15 41 2 4
15 42 5 4
15 43 6 8
15 45 9 5
15 46 1 4
15 47 2 9
15 49 5 5
15 50 10 8
15 51 10 3
15 53 7 8
15 54 4 2
15 55 1 5
15 56 1 3
15 57 1 7
15 59 3 5
15 61 1 8
15 63 7 8
15 66 4 7
15 67 3 7
15 68 7 10
15 69 7 10
15 70 5 6
15 71 9 10
15 72 1 8
15 74 6 10
15 75 6 1
15 76 10 1
15 77 4 7
15 78 2 6
15 79 3 6
15 80 5 5
15 81 4 10
15 82 7 8
15 83 7 5
15 84 8 2
15 85 1 1
15 86 9 8
15 87 3 9
15 88 8 8
15 89 9 1
15 90 2 10
15 91 8 8
15 92 9 2
15 93 2 2
15 94 7 2
15 95 3 6
15 96 1 4
15 99 4 8
15 100 10 2
16 17 8 2
16 18 5 9
16 19 3 9
16 20 3 3
16 21 9 5
16 22 3 4
16 23 2 1
16 24 6 4
16 25 7 6
16 26 5 8
16 27 10 5
16 29 10 10
16 31 1 5
16 32 9 8
16 33 1 8
16 34 9 7
16 35 3 3
16 36 6 3
16 37 5 5
16 39 9 10
16 40 5 9
16 42 5 10
16 44 3 5
16 45 3 9
16 46 9 8
16 47 6 10
16 48 8 8
16 49 4 3
16 50 9 7
16 52 2 4
16 53 7 2
16 54 6 2
16 59 8 1
16 60 7 7
16 61 6 6
16 62 8 3
16 63 4 1
16 64 4 6
16 65 7 8
16 66 4 8
16 67 4 10
16 68 7 7
16 69 9 2
16 70 10 1
16 71 2 8
16 73 7 4
16 74 5 8
16 75 5 1
16 76 5 7
16 77 4 6
16 79 6 9
16 81 8 6
16 83 2 3
16 85 4 10
16 86 10 6
16 87 10 4
16 88 5 10
16 89 1 7
16 90 10 10
16 91 1 10
16 92 6 10
16 93 10 10
16 94 8 7
16 95 3 2
16 96 8 1
16 97 6 9
16 98 3 7
16 99 8 4
16 100 9 7
17 18 9 5
17 20 6 2
17 21 9 6
17 22 5 5
17 23 9 6
17 26 1 10
17 27 6 4
17 28 8 10
17 29 5 3
17 30 8 3
17 31 4 9
17 32 1 9
17 33 7 9
17 34 1 2
17 35 2 4
17 36 2 4
17 39 3 6
17 40 9 1
17 41 10 3
17 42 7 2
17 43 3 10
17 44 6 10
17 45 7 8
17 46 1 4
17 47 7 9
17 49 3 4
17 50 8 6
17 51 6 9
17 52 7 1
17 55 9 7
17 56 6 5
17 57 5 2
17 58 2 10
17 59 10 1
17 62 7 3
17 64 6 5
17 65 10 3
17 67 10 10
17 70 5 3
17 71 1 1
17 72 1 8
17 73 10 7
17 76 5 5
17 77 6 4
17 78 10 6
17 81 3 10
17 83 10 9
17 84 5 9
17 85 4 5
17 86 8 6
17 87 1 4
17 88 7 7
17 89 3 3
17 90 7 2
17 91 8 2
17 92 9 1
17 93 10 3
17 94 8 5
17 95 6 3
17 96 2 8
17 97 4 9
17 99 10 3
17 100 5 5
18 20 7 2
18 21 5 6
18 22 2 8
18 23 1 2
18 26 5 4
18 28 9 5
18 29 4 1
18 30 4 6
18 31 7 8
18 32 7 3
18 34 4 7
18 35 9 3
18 36 9 5
18 37 7 9
18 38 10 10
18 39 1 4
18 40 3 5
18 42 7 7
18 44 4 7
18 45 2 3
18 46 7 2
18 47 1 9
18 48 4 2
18 50 7 10
18 51 1 7
18 52 4 9
18 53 6 5
18 54 9 8
18 55 5 6
18 56 10 9
18 57 10 10
18 58 3 7
18 59 6 8
18 60 1 2
18 61 8 7
18 62 7 3
18 63 6 9
18 64 1 10
18 65 10 6
18 66 4 3
18 67 9 8
18 69 2 7
18 71 9 1
18 73 3 1
18 74 8 4
18 75 3 7
18 76 4 8
18 77 5 3
18 78 3 9
18 79 2 4
18 80 9 10
18 81 6 8
18 82 1 7
18 83 8 9
18 87 4 4
18 88 7 6
18 89 1 2
18 91 2 3
18 92 6 10
18 93 4 3
18 96 9 1
18 97 9 8
18 98 1 8
18 99 5 10
18 100 5 1
19 20 4 3
19 23 6 8
19 24 3 1
19 25 8 7
19 26 6 7
19 27 10 5
19 29 9 1
19 30 6 2
19 31 1 5
19 32 1 10
19 34 7 9
19 35 3 8
19 36 2 7
19 38 6 8
19 39 3 6
19 41 9 7
19 42 2 7
19 43 6 1
19 44 7 5
19 46 2 3
19 47 6 10
19 48 5 4
19 49 7 8
19 50 3 2
19 51 9 9
19 52 7 8
19 54 6 2
19 55 3 6
19 56 8 6
19 57 6 1
19 58 5 7
19 59 4 5
19 60 3 7
19 61 10 7
19 62 8 5
19 63 10 1
19 64 1 7
19 65 5 6
19 66 3 6
19 67 4 5
19 69 4 7
19 70 3 7
19 72 1 7
19 73 1 4
19 74 5 2
19 75 10 8
19 76 5 3
19 77 1 1
19 78 7 8
19 79 10 5
19 80 7 10
19 82 5 7
19 83 6 4
19 84 8 1
19 86 3 4
19 87 2 5
19 88 4 3
19 90 10 1
19 91 10 8
19 93 10 5
19 94 6 7
19 95 5 2
19 97 7 6
19 100 6 7
20 22 6 4
20 23 5 2
20 24 1 8
20 25 10 1
20 27 7 8
20 28 8 6
20 30 1 7
20 32 9 4
20 33 9 9
20 34 1 5
20 36 10 3
20 38 8 7
20 39 3 8
20 41 6 4
20 42 5 1
20 44 1 3
20 45 6 6
20 46 4 3
20 48 5 1
20 50 10 3
20 51 4 4
20 52 9 9
20 53 7 8
20 54 7 4
20 55 6 1
20 56 7 6
20 57 10 6
20 58 6 4
20 60 4 6
20 61 7 4
20 62 10 10
20 63 7 9
20 64 7 4
20 65 1 3
20 66 8 5
20 68 10 2
20 69 9 6
20 70 8 9
20 71 6 10
20 73 4 3
20 74 5 9
20 75 2 2
20 77 10 6
20 78 6 10
20 79 4 4
20 80 10 4
20 82 6 10
20 84 8 5
20 85 10 1
20 87 9 4
20 88 10 9
20 89 7 6
20 92 7 8
20 93 9 1
20 94 4 2
20 95 7 4
20 96 8 3
20 97 4 10
20 98 4 1
20 99 5 5
20 100 1 3
21 22 2 8
21 25 1 8
21 27 8 6
21 28 8 5
21 29 5 10
21 30 9 9
21 31 7 8
21 32 4 6
21 34 1 4
21 35 1 8
21 36 2 10
21 37 5 6
21 39 4 5
21 41 7 8
21 43 1 9
21 44 3 7
21 45 7 7
21 46 2 7
21 48 3 7
21 49 3 8
21 50 5 8
21 51 1 8
21 55 4 2
21 58 2 3
21 59 8 9
21 61 9 6
21 62 1 3
21 63 9 1
21 64 10 9
21 65 2 3
21 66 5 5
21 67 10 2
21 69 10 4
21 70 7 3
21 71 10 6
21 72 1 3
21 73 3 8
21 74 6 1
21 77 9 3
21 79 3 4
21 82 6 6
21 83 8 6
21 84 4 5
21 86 5 10
21 87 4 10
21 88 1 1
21 89 1 6
21 90 2 7
21 91 3 7
21 93 1 6
21 94 2 7
21 96 6 8
21 97 4 4
21 98 6 9
21 99 8 10
22 23 3 9
22 24 9 8
22 26 3 1
22 27 8 6
22 28 4 4
22 29 9 8
22 30 10 9
22 31 10 8
22 32 1 9
22 33 7 9
22 34 10 6
22 36 3 10
22 38 7 2
22 39 7 7
22 40 9 6
22 41 2 10
22 42 4 1
22 44 5 9
22 46 7 7
22 48 4 1
22 49 10 8
22 50 9 4
22 51 5 3
22 52 1 9
22 53 7 1
22 54 7 6
22 55 2 8
22 56 8 3
22 57 5 5
22 58 2 7
22 59 10 2
22 61 7 4
22 62 4 8
22 63 5 2
22 65 2 10
22 66 5 5
22 67 10 6
22 68 6 5
22 69 5 5
22 70 4 7
22 71 5 6
22 72 9 1
22 73 6 1
22 74 6 8
22 75 2 9
22 76 9 8
22 77 5 10
22 78 8 7
22 79 2 8
22 80 10 5
22 81 9 5
22 82 1 9
22 83 3 3
22 84 1 2
22 85 9 7
22 86 4 5
22 87 8 8
22 88 6 7
22 89 6 2
22 91 8 4
22 92 2 7
22 93 1 3
22 94 10 3
22 95 1 8
22 96 1 10
22 97 3 1
22 98 1 6
22 99 7 10
23 24 5 2
23 25 8 9
23 26 10 8
23 27 4 10
23 28 5 2
23 29 2 4
23 30 3 5
23 31 5 8
23 32 4 4
23 33 9 9
23 34 6 2
23 35 3 4
23 36 9 7
23 37 6 2
23 38 5 5
23 39 10 10
23 40 9 8
23 42 7 1
23 43 3 7
23 44 5 7
23 45 7 7
23 46 8 8
23 47 2 6
23 48 8 2
23 50 9 1
23 51 7 1
23 52 1 2
23 53 3 10
23 54 3 10
23 55 2 2
23 56 3 9
23 58 9 4
23 59 7 2
23 60 9 6
23 61 7 4
23 62 10 8
23 64 7 9
23 65 10 10
23 66 7 3
23 67 4 6
23 68 10 5
23 69 5 1
23 71 4 4
23 72 7 4
23 74 1 3
23 77 8 2
23 78 9 3
23 80 8 8
23 81 7 6
23 82 7 4
23 86 9 7
23 87 10 6
23 89 1 5
23 90 3 2
23 91 5 2
23 92 3 10
23 93 10 3
23 94 5 10
23 95 4 8
23 96 5 7
23 97 1 10
23 98 10 8
23 99 3 2
23 100 4 4
24 25 3 9
24 26 1 1
24 28 1 4
24 29 8 6
24 30 3 8
24 31 5 1
24 33 9 5
24 35 3 10
24 36 9 5
24 37 4 8
24 38 1 10
24 39 4 3
24 40 2 1
24 41 6 6
24 42 8 8
24 43 9 7
24 44 4 3
24 45 3 5
24 46 7 2
24 47 5 1
24 48 9 6
24 49 7 5
24 50 3 5
24 52 10 9
24 53 2 3
24 54 4 7
24 55 5 3
24 56 9 3
24 57 10 6
24 58 10 7
24 61 5 8
24 62 4 1
24 63 2 5
24 64 7 10
24 65 7 7
24 67 10 6
24 68 2 4
24 72 2 7
24 73 8 5
24 74 1 3
24 75 10 1
24 76 10 4
24 77 9 8
24 78 8 1
24 79 5 6
24 80 1 7
24 81 7 7
24 83 9 9
24 84 10 10
24 85 4 9
24 86 1 10
24 87 3 7
24 88 2 6
24 89 8 9
24 91 3 5
24 92 8 9
24 93 7 5
24 94 10 6
24 95 10 6
24 96 4 5
24 98 9 7
25 26 7 1
25 27 4 5
25 28 9 4
25 29 4 8
25 30 7 6
25 31 2 6
25 32 8 5
25 33 2 5
25 34 3 7
25 36 2 9
25 37 2 3
25 39 10 1
25 42 6 2
25 43 3 5
25 44 5 10
25 45 10 2
25 46 8 8
25 47 9 7
25 48 3 2
25 49 3 10
25 50 8 1
25 51 9 2
25 53 8 6
25 54 5 5
25 55 3 4
25 57 6 7
25 58 3 2
25 59 5 8
25 60 1 5
25 61 3 5
25 64 4 5
25 65 9 2
25 66 5 8
25 67 6 6
25 69 10 8
25 70 7 5
25 71 7 6
25 72 8 9
25 73 1 10
25 74 6 3
25 75 9 8
25 76 6 10
25 77 5 5
25 78 3 9
25 79 7 2
25 80 3 3
25 82 4 2
25 83 6 8
25 85 6 6
25 86 4 6
25 87 8 9
25 90 9 9
25 91 6 8
25 92 8 5
25 93 3 6
25 94 3 9
25 95 3 5
25 98 3 9
25 99 4 10
25 100 3 5
26 27 7 8
26 29 5 6
26 30 5 9
26 31 2 6
26 32 3 3
26 34 10 6
26 36 10 8
26 37 9 3
26 38 4 2
26 40 1 2
26 41 6 6
26 42 7 3
26 43 7 5
26 44 8 4
26 45 4 5
26 46 10 3
26 47 1 8
26 48 6 3
26 49 4 9
26 50 2 5
26 51 2 4
26 52 2 5
26 53 1 5
26 56 5 9
26 57 9 3
26 58 8 6
26 59 3 1
26 60 7 1
26 63 4 7
26 64 3 1
26 65 5 10
26 66 5 5
26 67 9 10
26 68 10 10
26 69 5 6
26 71 4 5
26 72 7 7
26 73 1 4
26 74 1 6
26 75 2 1
26 77 2 2
26 78 5 5
26 79 3 1
26 80 5 5
26 81 3 7
26 82 6 4
26 83 3 7
26 84 7 6
26 85 3 7
26 86 2 4
26 87 3 9
26 88 7 7
26 89 3 10
26 91 3 3
26 92 6 7
26 93 8 1
26 94 7 1
26 98 9 10
26 99 3 5
27 28 1 10
27 29 5 8
27 30 6 5
27 32 3 10
27 33 8 4
27 34 7 9
27 35 9 9
27 36 5 8
27 39 9 9
27 41 9 3
27 42 8 9
27 43 7 2
27 44 10 10
27 46 8 3
27 47 8 5
27 48 7 3
27 49 10 1
27 50 7 7
27 51 1 9
27 52 8 8
27 53 7 2
27 54 7 9
27 55 10 3
27 56 5 1
27 58 8 6
27 59 6 8
27 63 7 1
27 64 8 4
27 65 3 10
27 66 2 2
27 67 7 7
27 68 9 1
27 69 2 6
27 70 8 8
27 72 5 7
27 73 3 2
27 74 1 9
27 75 1 9
27 76 7 9
27 78 10 8
27 79 7 10
27 81 2 7
27 82 10 1
27 83 8 3
27 84 3 9
27 85 2 6
27 88 9 4
27 89 1 6
27 90 1 7
27 91 2 4
27 92 8 4
27 93 3 3
27 94 10 9
27 96 4 5
27 97 2 5
27 98 5 7
27 99 1 6
27 100 1 9
28 29 9 8
28 30 9 5
28 31 9 8
28 32 8 2
28 34 6 9
28 36 7 4
28 38 10 4
28 39 6 10
28 40 9 9
28 41 1 8
28 42 8 5
28 43 9 5
28 44 1 6
28 47 3 10
28 49 9 3
28 50 4 2
28 51 10 5
28 52 2 4
28 53 1 10
28 55 6 1
28 56 1 10
28 59 7 8
28 60 5 10
28 61 5 1
28 62 6 8
28 63 4 2
28 64 6 1
28 65 1 4
28 66 2 6
28 67 2 2
28 68 1 8
28 69 5 4
28 70 1 6
28 71 2 5
28 72 10 4
28 74 4 1
28 75 1 6
28 79 8 6
28 80 1 2
28 81 10 9
28 82 8 9
28 83 10 7
28 84 5 7
28 85 10 5
28 86 7 6
28 87 2 4
28 89 9 1
28 90 6 5
28 92 8 2
28 93 7 2
28 94 5 6
28 95 10 4
28 96 9 8
28 97 7 6
28 98 6 2
28 99 1 4
28 100 2 4
29 30 6 6
29 32 5 6
29 33 6 9
29 34 1 9
29 35 1 9
29 38 9 7
29 39 9 5
29 40 7 7
29 43 6 10
29 44 6 7
29 45 4 1
29 46 7 4
29 47 7 7
29 48 4 8
29 49 4 4
29 50 5 10
29 54 3 6
29 56 7 8
29 58 10 8
29 59 8 1
29 60 8 4
29 61 6 2
29 63 9 1
29 64 6 2
29 65 5 9
29 66 2 1
29 67 4 1
29 68 3 5
29 69 9 2
29 72 9 3
29 74 6 6
29 75 4 10
29 76 4 3
29 77 6 10
29 78 6 9
29 79 2 7
29 80 6 6
29 82 8 4
29 83 4 7
29 84 7 6
29 85 7 1
29 86 6 4
29 87 2 8
29 88 5 5
29 90 6 9
29 91 5 6
29 92 5 3
29 94 1 6
29 95 10 6
29 96 3 3
29 97 9 10
29 98 7 6
29 99 10 1
29 100 9 4
30 31 2 10
30 33 10 5
30 35 1 6
30 36 3 4
30 37 1 4
30 38 9 8
30 39 4 3
30 40 2 5
30 41 3 10
30 43 10 6
30 46 3 3
30 47 1 10
30 48 7 2
30 50 9 2
30 51 5 9
30 52 7 8
30 53 1 5
30 54 10 8
30 55 6 9
30 57 2 4
30 58 8 1
30 59 5 5
30 61 5 2
30 62 1 7
30 63 10 6
30 66 5 10
30 67 7 2
30 69 10 10
30 70 2 7
30 71 4 7
30 72 9 4
30 73 3 6
30 74 8 7
30 75 8 10
30 76 10 8
30 77 5 7
30 78 7 10
30 80 9 5
30 81 7 6
30 82 2 7
30 83 9 7
30 84 9 5
30 86 3 3
30 87 1 1
30 88 3 4
30 89 5 10
30 90 4 3
30 91 8 8
30 92 5 3
30 94 7 6
30 95 9 5
30 96 9 4
30 97 5 9
30 98 1 2
30 99 4 1
30 100 6 7
31 32 7 5
31 33 9 4
31 34 9 10
31 35 10 3
31 36 1 10
31 38 7 7
31 39 5 5
31 40 4 8
31 41 2 8
31 42 9 5
31 43 5 6
31 44 6 2
31 45 5 6
31 46 3 5
31 47 3 10
31 48 3 8
31 49 6 1
31 50 3 1
31 51 2 2
31 52 8 3
31 53 6 4
31 55 4 1
31 57 8 1
31 58 2 2
31 60 4 1
31 61 10 5
31 62 5 7
31 63 2 6
31 64 2 8
31 65 1 4
31 66 6 5
31 69 5 10
31 71 5 8
31 72 10 2
31 74 3 3
31 75 5 7
31 76 9 8
31 77 4 9
31 78 5 4
31 79 10 3
31 80 4 2
31 81 6 3
31 82 7 1
31 83 4 1
31 84 8 6
31 85 1 3
31 86 7 5
31 88 8 9
31 89 7 1
31 90 8 10
31 91 9 3
31 92 8 4
31 93 8 1
31 94 1 10
31 95 4 6
31 97 8 3
31 98 6 8
31 99 1 5
31 100 5 4
32 33 10 2
32 34 5 3
32 35 8 5
32 36 2 9
32 37 2 2
32 38 1 5
32 39 7 4
32 40 8 6
32 41 6 8
32 42 1 5
32 43 8 7
32 44 2 9
32 45 8 2
32 46 2 8
32 47 3 3
32 48 5 1
32 49 1 5
32 50 2 7
32 51 5 5
32 52 1 7
32 53 3 9
32 54 8 2
32 56 6 8
32 58 9 10
32 59 7 2
32 60 10 4
32 62 10 4
32 64 8 7
32 65 5 8
32 67 6 10
32 68 4 8
32 70 8 4
32 71 6 10
32 72 9 4
32 74 9 7
32 76 10 7
32 77 10 3
32 78 1 4
32 80 10 4
32 81 8 5
32 82 2 5
32 84 6 2
32 85 3 6
32 87 9 1
32 88 5 7
32 89 9 8
32 90 2 8
32 91 6 8
32 92 9 1
32 93 10 3
32 94 8 6
32 95 2 10
32 96 1 8
32 97 7 7
32 98 8 7
32 99 6 10
32 100 9 9
33 34 1 4
33 36 10 2
33 37 9 5
33 38 10 5
33 40 4 7
33 41 7 5
33 42 8 5
33 43 10 2
33 44 7 5
33 45 9 1
33 46 2 5
33 47 2 5
33 48 9 7
33 49 7 6
33 50 6 7
33 51 7 8
33 52 4 9
33 53 1 10
33 54 1 4
33 55 7 2
33 56 5 1
33 57 9 6
33 58 4 1
33 59 8 1
33 60 9 5
33 62 3 6
33 65 4 1
33 66 4 8
33 67 3 8
33 68 4 2
33 69 5 8
33 70 8 1
33 71 2 7
33 72 3 10
33 73 4 10
33 74 4 9
33 75 2 1
33 76 3 4
33 77 2 9
33 78 9 2
33 79 8 9
33 81 5 8
33 82 7 7
33 83 6 4
33 84 1 2
33 86 2 5
33 88 4 1
33 90 8 10
33 91 9 3
33 92 3 6
33 95 6 10
33 96 4 9
33 98 2 8
33 100 4 8
34 35 1 10
34 36 4 10
34 37 1 4
34 38 5 9
34 39 2 6
34 40 2 4
34 41 10 7
34 42 6 10
34 43 9 3
34 45 4 8
34 47 9 4
34 48 6 10
34 49 10 6
34 50 1 5
34 51 10 2
34 52 5 10
34 53 7 6
34 54 2 4
34 55 3 2
34 59 9 6
34 60 6 1
34 62 8 9
34 63 4 1
34 65 9 7
34 66 6 5
34 67 1 7
34 70 4 1
34 72 5 4
34 73 8 9
34 74 10 9
34 75 8 5
34 76 8 10
34 77 8 10
34 78 10 8
34 79 4 1
34 80 4 5
34 81 8 8
34 82 6 4
34 84 6 5
34 85 4 1
34 86 5 6
34 87 9 6
34 88 5 1
34 89 3 4
34 91 9 8
34 93 8 2
34 94 7 8
34 95 4 4
34 96 6 6
34 98 10 6
34 99 10 8
35 37 2 10
35 39 10 1
35 41 3 8
35 43 10 8
35 45 1 3
35 46 4 10
35 47 5 8
35 48 5 1
35 50 4 6
35 52 6 10
35 53 2 7
35 56 6 4
35 57 3 2
35 59 8 1
35 60 3 10
35 61 1 10
35 64 1 4
35 65 7 2
35 68 10 8
35 69 4 1
35 71 1 3
35 74 2 5
35 75 1 6
35 76 4 5
35 77 1 9
35 78 5 10
35 79 8 8
35 80 10 6
35 81 3 5
35 82 1 1
35 83 9 6
35 85 5 2
35 86 6 9
35 87 7 5
35 89 5 4
35 90 10 7
35 91 9 2
35 92 2 2
35 93 7 1
35 94 4 10
35 95 5 9
35 96 8 2
35 97 10 8
35 98 4 1
35 99 1 8
35 100 5 1
36 37 1 2
36 38 3 2
36 39 9 3
36 40 2 9
36 41 6 9
36 42 8 4
36 44 1 5
36 45 9 2
36 46 4 7
36 47 10 3
36 49 2 8
36 50 5 5
36 51 6 4
36 52 1 10
36 53 2 4
36 54 6 7
36 55 10 9
36 56 4 3
36 57 7 6
36 58 5 6
36 61 3 4
36 62 5 10
36 63 10 3
36 64 7 8
36 65 4 10
36 67 10 3
36 69 3 7
36 70 3 3
36 71 5 3
36 73 7 4
36 76 9 6
36 77 5 9
36 78 4 3
36 79 8 8
36 81 7 10
36 82 3 4
36 83 8 9
36 84 7 2
36 85 4 6
36 86 6 9
36 87 3 8
36 88 3 5
36 89 7 8
36 90 3 1
36 91 2 7
36 92 1 3
36 95 1 3
36 96 10 4
36 97 2 1
36 98 10 8
37 38 5 8
37 40 9 7
37 41 1 1
37 42 5 3
37 44 3 1
37 46 2 5
37 47 3 7
37 48 5 9
37 49 6 7
37 50 5 5
37 52 5 7
37 53 6 5
37 54 5 7
37 55 8 5
37 56 3 4
37 58 3 3
37 59 4 1
37 60 5 1
37 61 4 2
37 62 10 7
37 64 2 8
37 65 2 9
37 66 7 8
37 67 3 3
37 69 7 8
37 71 3 7
37 72 10 3
37 73 4 9
37 74 4 2
37 75 6 1
37 76 7 8
37 77 8 6
37 78 3 9
37 79 7 8
37 80 10 3
37 81 7 8
37 82 3 2
37 83 3 10
37 84 5 6
37 86 3 7
37 88 5 1
37 89 8 5
37 90 5 4
37 91 8 5
37 92 7 4
37 95 3 5
37 97 1 6
37 98 5 5
37 99 7 1
37 100 7 4
38 39 8 4
38 44 8 2
38 45 10 5
38 46 3 6
38 47 3 2
38 48 1 3
38 50 4 4
38 51 8 10
38 52 10 9
38 53 6 2
38 55 4 4
38 56 2 2
38 57 7 4
38 58 10 6
38 59 1 9
38 60 7 2
38 61 2 10
38 62 2 10
38 63 4 1
38 64 1 7
38 65 2 4
38 67 10 9
38 68 1 10
38 69 8 10
38 70 1 4
38 71 5 1
38 72 2 2
38 73 4 6
38 74 5 10
38 75 8 1
38 78 1 10
38 79 6 8
38 80 2 7
38 82 6 8
38 86 10 5
38 87 6 6
38 88 1 8
38 89 5 7
38 91 3 5
38 92 9 10
38 94 5 1
38 95 6 1
38 96 10 4
38 97 2 9
38 98 9 10
39 41 6 4
39 42 10 2
39 45 10 8
39 47 3 3
39 48 10 4
39 49 4 7
39 50 8 10
39 51 10 3
39 52 9 4
39 53 5 7
39 54 9 2
39 55 7 1
39 57 2 6
39 58 4 2
39 59 7 4
39 60 1 7
39 61 9 10
39 62 1 6
39 63 2 10
39 64 2 7
39 65 2 1
39 66 4 9
39 67 1 10
39 68 10 3
39 69 3 4
39 70 6 5
39 72 7 6
39 73 7 8
39 74 10 7
39 75 4 9
39 76 6 8
39 77 4 3
39 78 2 3
39 79 1 5
39 81 5 5
39 82 4 5
39 83 3 6
39 84 9 1
39 85 9 1
39 86 5 8
39 87 3 7
39 88 8 4
39 90 8 4
39 91 6 6
39 92 9 7
39 94 1 8
39 96 4 8
39 97 9 4
39 99 1 7
39 100 9 3
40 41 1 9
40 42 3 2
40 44 1 5
40 45 1 5
40 46 6 6
40 47 8 7
40 48 3 8
40 49 7 10
40 51 3 4
40 52 1 7
40 53 9 7
40 55 4 8
40 56 4 6
40 57 8 10
40 58 10 8
40 61 7 8
40 62 9 9
40 63 10 2
40 65 2 8
40 66 1 9
40 67 3 9
40 68 6 1
40 69 9 2
40 70 9 8
40 71 2 1
40 72 7 4
40 74 3 3
40 75 3 1
40 76 9 7
40 77 3 8
40 78 1 9
40 79 10 7
40 80 3 3
40 82 9 1
40 83 1 5
40 84 9 6
40 85 9 3
40 86 8 7
40 87 3 2
40 88 4 9
40 89 3 4
40 90 7 8
40 91 3 4
40 92 6 3
40 93 2 9
40 94 2 3
40 95 7 4
40 96 5 2
40 97 2 8
40 98 8 8
40 99 10 9
40 100 9 8
41 42 10 8
41 43 10 6
41 44 3 4
41 45 4 3
41 46 5 10
41 49 9 4
41 50 2 9
41 51 1 3
41 52 6 4
41 55 1 7
41 56 1 5
41 57 3 7
41 58 1 6
41 59 1 3
41 60 10 4
41 61 3 3
41 62 4 8
41 63 6 2
41 64 6 5
41 65 6 5
41 67 10 2
41 68 5 3
41 69 3 7
41 70 9 7
41 71 10 3
41 75 9 4
41 76 3 10
41 77 4 7
41 78 2 6
41 79 10 8
41 80 6 9
41 82 3 8
41 86 5 7
41 87 2 4
41 90 9 5
41 91 2 1
41 93 8 10
41 94 3 3
41 95 9 4
41 96 9 6
41 97 10 2
41 99 9 9
41 100 2 10
42 44 6 1
42 47 5 2
42 49 4 7
42 50 9 4
42 51 5 5
42 52 6 3
42 53 7 3
42 54 7 10
42 55 8 5
42 56 8 8
42 57 2 8
42 58 7 7
42 59 5 3
42 60 3 4
42 61 9 4
42 62 8 1
42 63 6 4
42 64 2 2
42 65 4 10
42 66 6 6
42 67 8 9
42 68 7 6
42 69 2 3
42 72 10 5
42 73 5 8
42 74 2 3
42 76 5 10
42 77 5 7
42 78 1 5
42 79 2 4
42 80 3 9
42 81 1 2
42 82 4 9
42 84 3 6
42 85 7 1
42 87 8 9
42 88 2 10
42 90 4 5
42 92 2 5
42 93 5 9
42 94 10 10
42 95 6 10
42 97 9 6
42 98 4 3
42 99 6 4
42 100 5 10
43 44 4 4
43 45 4 5
43 46 7 5
43 47 8 1
43 48 5 3
43 51 4 2
43 52 10 4
43 53 1 1
43 54 9 9
43 56 5 10
43 58 5 8
43 59 9 10
43 60 7 4
43 62 4 8
43 64 2 7
43 65 10 7
43 66 1 1
43 68 9 1
43 69 3 9
43 70 7 2
43 72 5 3
43 75 5 2
43 76 3 7
43 77 1 6
43 79 3 2
43 80 9 6
43 81 6 7
43 82 3 8
43 83 8 3
43 85 5 1
43 86 8 10
43 87 2 8
43 90 8 1
43 91 1 2
43 94 3 4
43 95 4 9
43 96 3 7
43 97 1 7
43 98 5 2
43 99 5 7
43 100 3 3
44 45 4 3
44 46 3 1
44 47 7 10
44 48 3 10
44 49 10 9
44 50 7 9
44 51 3 1
44 52 10 2
44 53 8 7
44 54 1 7
44 56 9 2
44 57 1 1
44 58 9 2
44 59 4 9
44 60 9 1
44 61 10 2
44 62 9 2
44 63 8 4
44 64 1 7
44 65 5 10
44 67 3 10
44 68 5 4
44 69 6 6
44 70 1 3
44 71 7 2
44 73 8 3
44 74 7 8
44 75 8 7
44 76 7 1
44 78 4 9
44 79 6 9
44 80 2 4
44 81 2 10
44 82 3 4
44 83 4 7
44 84 8 3
44 85 9 1
44 88 1 6
44 89 1 3
44 90 6 10
44 91 10 4
44 92 4 6
44 93 9 2
44 94 2 8
44 95 5 9
44 96 1 2
44 97 2 6
44 98 3 8
44 99 4 6
44 100 4 5
45 46 5 5
45 47 7 1
45 49 10 8
45 50 5 8
45 51 9 10
45 52 5 4
45 53 6 10
45 56 1 2
45 57 8 5
45 58 5 8
45 59 7 3
45 60 5 6
45 61 8 1
45 62 1 7
45 63 2 1
45 66 10 1
45 67 4 3
45 68 2 7
45 69 3 5
45 70 9 1
45 71 7 4
45 73 7 5
45 75 1 6
45 76 6 6
45 77 1 8
45 79 7 3
45 80 1 4
45 81 8 5
45 82 10 2
45 84 4 2
45 87 6 7
45 88 9 1
45 89 7 7
45 90 2 8
45 91 4 6
45 92 8 10
45 93 2 3
45 94 8 10
45 96 2 8
45 97 1 1
45 98 5 10
45 100 3 8
46 48 6 2
46 49 3 3
46 51 4 10
46 52 3 8
46 54 8 9
46 57 4 4
46 58 6 1
46 61 10 6
46 62 1 1
46 64 3 8
46 65 4 8
46 66 3 3
46 67 4 10
46 68 6 4
46 69 6 4
46 71 7 6
46 72 6 6
46 73 7 5
46 74 8 2
46 75 8 10
46 76 9 10
46 77 1 2
46 79 4 3
46 80 6 7
46 81 4 9
46 82 9 9
46 83 4 1
46 84 2 6
46 85 4 8
46 86 8 8
46 87 5 2
46 89 6 1
46 90 2 1
46 91 4 7
46 92 6 8
46 94 8 5
46 97 6 3
46 98 1 6
46 99 2 10
46 100 10 8
47 48 1 3
47 50 4 8
47 51 5 4
47 52 1 3
47 53 9 1
47 54 1 4
47 56 7 8
47 57 8 3
47 58 6 3
47 59 9 8
47 60 3 3
47 61 2 4
47 63 6 2
47 64 4 6
47 65 3 1
47 66 1 2
47 67 10 7
47 68 10 5
47 69 2 8
47 71 4 5
47 72 1 2
47 73 9 3
47 76 6 4
47 77 3 10
47 78 2 9
47 80 9 10
47 82 6 2
47 83 7 8
47 84 2 1
47 85 2 2
47 86 8 7
47 87 9 1
47 89 6 9
47 90 7 4
47 91 1 6
47 92 10 4
47 94 6 7
47 95 1 4
47 96 4 10
47 97 3 9
47 98 4 7
48 49 10 7
48 50 4 10
48 51 2 4
48 52 3 10
48 53 9 2
48 54 8 7
48 55 3 3
48 56 2 1
48 57 10 10
48 59 5 9
48 61 7 7
48 62 1 4
48 63 6 2
48 64 7 4
48 65 2 6
48 67 6 9
48 69 8 9
48 71 6 5
48 73 7 3
48 74 5 3
48 75 10 4
48 76 3 2
48 77 10 8
48 78 3 6
48 79 2 8
48 80 5 6
48 83 4 7
48 85 4 3
48 86 8 3
48 87 9 7
48 88 8 9
48 90 3 9
48 91 5 8
48 92 6 2
48 93 1 9
48 94 4 8
48 95 3 10
48 96 9 1
48 97 2 5
48 98 3 1
49 52 7 5
49 53 5 1
49 54 2 3
49 56 2 2
49 58 5 1
49 59 9 10
49 60 7 4
49 61 4 2
49 62 1 7
49 63 7 3
49 64 6 3
49 65 2 6
49 66 1 4
49 68 8 7
49 69 10 5
49 70 2 2
49 72 7 5
49 73 5 4
49 74 10 1
49 75 2 1
49 77 4 9
49 78 8 9
49 79 8 3
49 80 5 9
49 83 6 7
49 84 10 5
49 85 4 1
49 87 3 10
49 88 4 1
49 90 3 6
49 92 8 9
49 93 5 6
49 94 8 5
49 95 3 4
49 96 1 8
49 97 3 2
49 98 8 7
49 100 8 8
50 51 1 5
50 53 1 9
50 54 5 5
50 55 4 5
50 56 5 1
50 57 10 6
50 58 2 8
50 60 7 3
50 61 8 7
50 62 4 6
50 63 1 7
50 64 5 1
50 66 10 5
50 68 8 6
50 69 10 5
50 71 10 1
50 73 3 5
50 74 1 10
50 78 6 3
50 79 9 3
50 80 7 10
50 81 7 4
50 82 10 7
50 83 2 10
50 84 3 9
50 86 3 1
50 88 7 2
50 89 8 8
50 90 2 4
50 91 7 8
50 92 7 6
50 93 3 3
50 94 8 6
50 95 7 10
50 96 7 7
50 97 8 2
50 98 4 1
50 99 1 6
50 100 3 3
51 52 10 8
51 55 9 5
51 56 2 7
51 57 5 3
51 58 3 3
51 59 5 4
51 60 7 9
51 62 1 3
51 63 7 2
51 66 8 7
51 67 10 10
51 68 7 6
51 69 5 8
51 71 3 4
51 74 9 2
51 75 5 9
51 77 5 4
51 78 6 1
51 79 5 8
51 80 10 9
51 81 10 8
51 82 1 9
51 83 2 1
51 84 10 10
51 85 6 6
51 86 8 6
51 87 2 3
51 88 2 9
51 90 3 7
51 91 1 3
51 92 4 8
51 93 7 7
51 94 4 2
51 99 8 1
51 100 5 4
52 53 10 1
52 54 6 2
52 55 6 2
52 56 9 8
52 57 4 8
52 58 9 10
52 59 1 1
52 61 1 7
52 62 8 10
52 63 2 7
52 64 7 3
52 65 3 7
52 66 2 4
52 68 1 4
52 70 1 8
52 72 6 8
52 73 5 2
52 74 5 3
52 75 6 10
52 76 8 9
52 78 5 4
52 79 6 6
52 80 4 4
52 81 1 8
52 82 3 6
52 83 6 9
52 84 10 7
52 85 1 1
52 86 7 6
52 87 3 7
52 88 5 7
52 89 8 6
52 91 6 10
52 92 1 6
52 94 2 5
52 96 1 5
52 97 7 8
52 99 3 2
52 100 8 6
53 54 10 6
53 55 4 10
53 56 2 4
53 58 5 5
53 59 1 2
53 61 6 4
53 63 3 3
53 64 9 7
53 65 7 10
53 66 1 6
53 67 4 4
53 68 1 10
53 69 5 10
53 71 6 10
53 72 3 2
53 73 8 9
53 74 8 5
53 75 4 9
53 76 7 3
53 77 9 10
53 78 7 2
53 79 1 5
53 80 1 9
53 81 1 4
53 83 6 4
53 85 6 2
53 87 10 1
53 88 1 4
53 89 7 6
53 91 10 8
53 92 5 7
53 93 5 2
53 94 4 6
53 95 10 6
53 96 10 6
53 98 3 10
53 99 4 1
53 100 5 1
54 55 6 7
54 57 10 8
54 58 1 10
54 59 3 9
54 60 5 6
54 61 10 4
54 62 10 5
54 63 9 2
54 65 8 4
54 66 4 5
54 68 8 1
54 69 8 3
54 70 2 6
54 71 10 5
54 72 10 1
54 74 8 7
54 75 5 10
54 76 8 1
54 77 3 7
54 78 4 2
54 81 8 6
54 82 2 1
54 83 10 3
54 84 1 8
54 85 3 10
54 88 1 6
54 89 1 5
54 91 2 3
54 92 2 2
54 93 5 6
54 95 7 9
54 96 8 5
54 97 4 1
54 98 10 9
54 99 3 10
54 100 8 6
55 56 3 8
55 57 9 3
55 59 3 8
55 60 2 7
55 61 8 3
55 62 10 3
55 63 2 7
55 66 9 3
55 67 1 3
55 68 1 8
55 71 10 10
55 72 8 3
55 74 6 5
55 75 9 2
55 76 9 6
55 77 7 9
55 79 2 3
55 83 4 6
55 85 5 5
55 86 9 6
55 87 3 2
55 88 10 5
55 90 3 5
55 93 2 8
55 94 1 6
55 95 2 3
55 96 4 10
55 97 5 2
55 98 10 6
55 99 8 10
55 100 7 3
56 57 2 2
56 59 5 8
56 60 1 3
56 61 9 10
56 62 7 10
56 63 9 3
56 65 9 4
56 66 5 9
56 67 4 4
56 68 3 1
56 69 7 10
56 70 8 1
56 71 5 2
56 72 4 2
56 73 6 5
56 74 4 4
56 75 6 2
56 76 3 9
56 77 8 10
56 78 8 7
56 79 8 8
56 80 7 7
56 81 10 2
56 82 2 10
56 84 4 2
56 85 1 9
56 86 2 7
56 88 10 2
56 89 4 5
56 92 6 6
56 93 3 3
56 94 6 7
56 95 5 1
56 96 8 9
56 97 1 4
56 98 5 9
56 99 2 8
56 100 5 7
57 58 2 5
57 59 3 10
57 63 3 9
57 64 10 6
57 65 5 9
57 67 4 10
57 68 6 7
57 69 6 2
57 70 2 8
57 72 10 1
57 74 9 9
57 75 7 9
57 76 10 8
57 77 2 3
57 78 2 6
57 79 2 10
57 81 9 4
57 82 8 9
57 83 2 4
57 84 1 8
57 85 3 4
57 86 10 9
57 87 7 5
57 88 6 1
57 89 5 2
57 90 5 5
57 92 7 5
57 94 5 1
57 95 2 9
57 97 5 8
57 98 7 9
57 100 4 7
58 59 5 7
58 60 10 2
58 61 3 6
58 63 4 10
58 65 6 10
58 67 5 6
58 68 3 7
58 70 2 8
58 71 3 1
58 72 10 10
58 73 2 9
58 74 7 8
58 75 9 4
58 76 1 1
58 77 10 8
58 78 5 8
58 79 10 3
58 80 3 4
58 82 8 3
58 83 9 3
58 84 8 2
58 85 2 2
58 86 9 7
58 89 10 1
58 90 9 1
58 91 7 10
58 93 1 4
58 94 9 5
58 95 4 9
58 97 10 10
58 98 6 3
58 99 4 2
59 60 7 5
59 61 2 4
59 63 2 7
59 64 6 10
59 65 4 4
59 66 10 3
59 68 6 3
59 69 9 8
59 70 2 7
59 71 9 8
59 72 10 10
59 73 7 4
59 74 5 10
59 75 7 6
59 76 4 5
59 77 9 6
59 78 8 10
59 79 3 10
59 80 2 4
59 81 9 2
59 82 5 8
59 83 9 8
59 84 3 2
59 85 8 7
59 86 6 10
59 87 3 8
59 88 6 1
59 89 3 3
59 90 9 4
59 92 5 4
59 93 1 6
59 95 7 2
59 98 3 1
59 100 9 10
60 61 2 9
60 62 7 7
60 63 2 2
60 64 9 3
60 65 5 4
60 66 10 2
60 67 3 8
60 68 10 1
60 70 1 10
60 71 9 8
60 72 6 9
60 73 5 3
60 75 8 4
60 76 10 10
60 77 2 1
60 78 5 7
60 79 6 2
60 81 5 7
60 82 9 1
60 83 9 8
60 84 1 9
60 86 9 3
60 87 8 4
60 90 3 1
60 91 1 8
60 92 7 9
60 93 1 10
60 94 6 5
60 95 4 2
60 96 7 5
60 98 7 2
60 99 3 6
60 100 3 7
61 62 8 5
61 64 7 9
61 65 8 9
61 66 4 3
61 67 5 3
61 68 1 5
61 69 4 10
61 70 10 10
61 71 4 8
61 72 4 5
61 73 3 2
61 74 10 9
61 75 4 8
61 76 6 3
61 77 7 4
61 78 1 3
61 79 3 2
61 80 6 10
61 81 10 2
61 82 2 4
61 84 7 5
61 85 9 6
61 86 6 10
61 87 3 1
61 88 7 3
61 89 8 1
61 90 6 7
61 91 4 10
61 92 8 8
61 93 9 2
61 95 8 9
61 96 10 5
61 97 1 7
61 98 9 3
61 100 4 4
62 63 5 2
62 66 4 9
62 67 9 8
62 68 1 9
62 69 3 8
62 70 8 7
62 71 3 10
62 73 6 3
62 74 7 1
62 75 9 10
62 76 2 5
62 77 1 8
62 78 8 5
62 79 6 4
62 80 6 6
62 81 3 7
62 83 3 9
62 84 4 10
62 85 1 4
62 86 7 7
62 87 2 6
62 88 7 6
62 89 8 6
62 90 7 10
62 91 9 3
62 92 9 3
62 93 8 7
62 94 4 8
62 95 8 3
62 96 3 5
62 99 2 4
62 100 1 6
63 64 5 9
63 65 2 7
63 66 1 1
63 67 3 7
63 68 3 10
63 69 9 5
63 71 6 3
63 72 2 4
63 73 6 7
63 74 3 7
63 75 9 1
63 76 5 3
63 78 1 8
63 79 1 10
63 80 10 10
63 81 8 4
63 83 9 6
63 84 2 5
63 87 4 1
63 88 3 3
63 89 10 7
63 90 5 2
63 92 3 9
63 93 10 3
63 94 8 2
63 95 8 1
63 96 2 9
63 97 10 7
63 98 4 8
63 99 10 6
63 100 4 9
64 65 8 4
64 66 9 9
64 68 1 3
64 69 7 1
64 70 2 4
64 73 7 7
64 74 7 10
64 75 10 8
64 76 2 8
64 77 7 4
64 78 7 3
64 79 9 5
64 80 4 2
64 81 3 1
64 82 5 4
64 83 7 2
64 85 2 8
64 86 5 3
64 88 1 6
64 89 5 10
64 90 1 1
64 91 3 5
64 93 7 4
64 94 10 4
64 96 7 5
64 97 1 10
64 98 3 2
64 99 2 9
64 100 5 4
65 67 10 5
65 68 5 9
65 69 10 8
65 70 10 7
65 71 5 5
65 72 2 5
65 73 8 7
65 74 5 6
65 75 2 9
65 76 2 5
65 77 6 2
65 78 3 1
65 79 4 7
65 80 3 10
65 83 8 2
65 85 2 4
65 86 6 7
65 87 1 7
65 88 4 2
65 89 1 3
65 91 8 10
65 92 10 5
65 94 3 8
65 95 2 3
65 96 4 7
65 97 3 5
65 98 8 1
65 100 3 6
66 67 1 2
66 68 6 10
66 69 4 7
66 71 7 6
66 72 4 10
66 73 2 5
66 74 8 8
66 75 9 5
66 76 7 9
66 77 6 1
66 79 3 1
66 81 3 2
66 82 3 4
66 83 10 2
66 84 4 6
66 85 5 10
66 86 1 6
66 88 7 5
66 89 7 10
66 90 10 1
66 91 8 5
66 92 1 3
66 93 1 6
66 94 4 4
66 95 6 10
66 96 10 1
67 68 9 5
67 69 1 2
67 70 1 7
67 71 8 7
67 75 3 7
67 76 1 4
67 77 7 2
67 78 10 3
67 79 9 4
67 80 1 3
67 81 7 1
67 82 9 4
67 83 8 5
67 84 6 4
67 85 8 4
67 86 3 9
67 87 7 4
67 88 2 10
67 90 9 4
67 93 8 2
67 94 10 6
67 95 9 7
67 96 1 4
67 97 5 2
67 98 8 3
67 99 9 2
67 100 1 7
68 69 3 8
68 70 6 4
68 71 4 7
68 72 9 4
68 73 8 10
68 76 3 8
68 77 7 8
68 78 4 6
68 79 8 8
68 80 8 3
68 81 7 2
68 82 10 10
68 83 3 10
68 84 3 1
68 85 6 9
68 86 3 5
68 87 6 1
68 88 9 9
68 89 8 5
68 90 7 2
68 92 7 1
68 93 7 4
68 94 4 6
68 95 9 3
68 97 1 4
68 98 9 1
68 99 3 7
68 100 1 10
69 70 2 9
69 71 8 3
69 72 8 6
69 73 7 4
69 74 1 2
69 75 6 6
69 76 1 4
69 77 6 1
69 78 4 7
69 79 6 3
69 81 9 8
69 82 5 8
69 84 6 3
69 85 6 4
69 87 3 9
69 89 9 9
69 90 5 6
69 91 9 10
69 93 6 5
69 96 1 7
69 97 8 10
69 98 10 10
69 99 4 2
69 100 6 1
70 71 6 9
70 72 5 2
70 73 6 7
70 74 10 2
70 76 7 10
70 77 3 6
70 78 6 3
70 80 7 10
70 81 1 3
70 82 1 4
70 83 6 10
70 85 1 2
70 86 1 6
70 87 6 2
70 88 5 2
70 89 8 3
70 90 5 1
70 91 1 7
70 92 3 7
70 93 1 5
70 94 1 3
70 95 8 3
70 96 6 1
70 97 2 5
70 98 10 1
70 99 5 7
71 73 10 1
71 75 7 2
71 77 3 6
71 78 4 4
71 79 7 6
71 80 8 8
71 81 10 10
71 82 9 10
71 83 10 9
71 84 5 7
71 85 6 8
71 86 1 4
71 87 7 1
71 88 3 7
71 89 5 9
71 90 5 4
71 92 6 8
71 93 1 8
71 94 7 3
71 96 6 8
71 98 10 4
71 99 3 10
72 74 8 1
72 75 10 1
72 76 2 10
72 78 4 4
72 79 9 10
72 80 10 8
72 82 5 4
72 83 3 5
72 84 9 7
72 85 3 2
72 86 2 1
72 87 8 7
72 88 5 2
72 89 1 2
72 90 7 3
72 92 1 6
72 93 1 3
72 95 2 4
72 97 4 7
72 100 8 8
73 74 9 6
73 75 6 2
73 77 7 1
73 79 10 9
73 80 3 6
73 81 9 3
73 85 1 9
73 86 7 7
73 87 3 7
73 88 4 2
73 89 9 9
73 90 5 10
73 91 8 9
73 92 8 1
73 93 6 2
73 94 3 8
73 95 4 3
73 96 4 9
73 97 8 1
73 98 10 3
74 75 8 3
74 77 10 8
74 78 5 7
74 79 9 5
74 80 8 10
74 81 6 7
74 82 7 2
74 83 6 8
74 84 7 3
74 85 8 5
74 86 9 3
74 87 9 6
74 88 8 9
74 90 10 6
74 91 3 8
74 92 8 6
74 93 10 3
74 94 8 9
74 95 3 1
74 96 9 4
74 97 3 2
74 98 7 7
74 99 6 7
74 100 6 6
75 76 6 1
75 77 5 9
75 78 5 5
75 79 7 5
75 82 1 4
75 83 3 5
75 85 7 4
75 87 2 6
75 88 9 3
75 89 6 5
75 91 2 4
75 92 6 7
75 93 8 2
75 95 5 7
75 96 5 8
75 97 4 4
75 98 2 5
75 99 6 6
76 77 10 9
76 79 3 9
76 81 5 7
76 82 7 9
76 83 6 7
76 84 4 1
76 85 4 3
76 86 5 3
76 87 7 6
76 88 1 9
76 90 1 6
76 91 2 2
76 92 7 5
76 93 10 4
76 94 9 10
76 95 2 4
76 96 2 10
76 97 1 4
76 98 1 4
76 100 2 2
77 78 9 3
77 80 4 4
77 81 7 10
77 82 2 4
77 83 4 7
77 85 6 10
77 87 10 9
77 88 2 4
77 89 5 4
77 91 8 5
77 93 5 7
77 94 2 3
77 95 3 6
77 97 7 6
77 98 3 1
77 100 10 10
78 79 2 3
78 80 9 9
78 82 6 6
78 83 1 5
78 84 2 7
78 86 5 4
78 88 1 9
78 89 10 2
78 90 1 8
78 91 5 7
78 92 2 7
78 95 10 4
78 97 7 3
78 98 9 8
78 99 8 1
79 80 4 7
79 81 10 10
79 83 9 3
79 84 4 9
79 85 10 10
79 86 1 3
79 88 10 2
79 89 2 1
79 90 7 7
79 91 10 2
79 92 2 8
79 93 5 4
79 94 5 8
79 95 5 7
79 96 5 1
79 98 1 7
79 99 4 9
79 100 3 1
80 84 9 3
80 86 6 10
80 87 10 10
80 88 10 10
80 89 7 8
80 91 4 7
80 92 3 9
80 93 3 2
80 95 4 2
80 96 2 5
80 97 7 8
80 98 8 8
80 99 6 3
81 82 1 2
81 84 1 5
81 85 4 5
81 87 5 4
81 88 8 10
81 90 8 2
81 91 9 10
81 92 7 1
81 93 5 10
81 94 1 7
81 95 8 6
81 96 7 6
81 97 9 4
81 98 4 5
81 99 9 10
81 100 6 3
82 83 10 9
82 86 9 9
82 87 9 9
82 88 7 10
82 89 9 5
82 90 7 1
82 91 3 2
82 92 8 8
82 93 9 2
82 94 10 10
82 96 4 8
82 97 9 4
82 98 4 9
82 99 10 3
82 100 7 4
83 84 3 8
83 86 6 3
83 87 2 10
83 88 9 3
83 89 7 4
83 90 6 1
83 91 4 7
83 92 5 8
83 93 1 6
83 95 6 6
83 96 9 7
83 97 7 5
83 98 10 10
83 99 1 2
83 100 3 10
84 85 2 6
84 87 9 10
84 89 3 1
84 90 8 7
84 91 3 1
84 92 8 2
84 93 6 10
84 95 1 3
84 96 7 4
84 98 7 3
84 100 3 10
85 86 4 2
85 87 8 3
85 89 4 1
85 91 5 1
85 92 5 8
85 93 6 5
85 95 3 1
85 96 10 7
85 97 6 10
85 98 7 9
85 99 1 5
86 89 1 9
86 90 8 1
86 93 8 10
86 94 5 10
86 95 3 4
86 96 8 7
86 97 8 5
86 98 7 9
86 99 10 10
86 100 1 8
87 88 9 3
87 90 6 1
87 91 7 10
87 92 8 3
87 94 2 4
87 95 3 8
87 96 1 1
87 97 1 2
87 98 8 1
87 99 7 7
87 100 9 4
88 89 10 5
88 90 4 10
88 91 7 9
88 92 3 4
88 93 8 8
88 95 8 3
88 97 4 6
88 98 6 4
88 99 3 3
88 100 8 5
89 90 10 6
89 91 5 5
89 92 3 5
89 93 9 1
89 94 1 9
89 95 5 6
89 96 3 7
89 97 8 2
89 99 2 4
90 91 5 10
90 92 6 1
90 93 4 5
90 94 8 5
90 95 6 1
90 96 3 2
90 97 5 8
90 98 4 8
90 99 4 10
90 100 1 5
91 92 9 9
91 93 8 9
91 94 3 2
91 95 10 5
91 97 9 1
91 98 6 3
91 100 9 4
92 93 2 2
92 94 4 6
92 95 1 1
92 96 10 5
92 97 2 2
92 99 3 5
92 100 10 3
93 94 5 4
93 97 4 7
93 98 8 9
93 99 2 4
93 100 7 4
94 95 10 10
94 97 8 7
94 99 3 2
94 100 4 3
95 96 10 5
95 97 6 3
95 98 6 8
95 99 3 1
96 97 1 7
96 98 1 2
96 99 2 6
96 100 5 3
97 98 3 4
97 99 4 9
98 99 7 5
98 100 5 1
1
1 2 3 4 5 6 7 8 9 10 11 12 13 14 15 16 17 18 19 20 21 22 23 24 25 26 27 28 29 30 31 32 33 34 35 36 37 38 39 40 41 42 43 44 45 46 47 48 49 50
