3938
1 2 10 4
1 3 6 6
1 4 8 4
1 5 7 8
1 6 10 8
1 7 1 8
1 8 10 2
1 9 3 3
1 10 5 7
1 11 9 9
1 12 5 8
1 13 10 5
1 14 8 10
1 15 2 10
1 16 7 10
1 17 4 5
1 18 6 4
1 19 9 10
1 21 3 9
1 23 9 7
1 24 5 1
1 25 8 9
1 27 8 7
1 29 9 10
1 30 1 2
1 31 8 7
1 32 1 4
1 35 5 3
1 36 4 3
1 37 2 3
1 39 7 7
1 40 7 7
1 41 3 9
1 42 2 4
1 43 6 7
1 45 1 7
1 46 1 9
1 47 10 3
1 50 1 4
1 51 2 4
1 52 8 4
1 53 3 3
1 54 10 7
1 55 10 10
1 57 5 9
1 58 3 5
1 59 2 2
1 60 5 1
1 61 9 5
1 62 7 8
1 63 6 2
1 64 8 5
1 65 10 1
1 66 3 9
1 68 1 3
1 71 10 10
1 72 6 4
1 73 10 9
1 74 1 8
1 76 7 5
1 77 1 4
1 78 8 3
1 80 3 3
1 81 3 4
1 83 10 3
1 84 10 7
1 85 9 6
1 86 2 9
1 87 8 4
1 88 1 6
1 89 9 8
1 90 4 4
1 91 8 5
1 92 10 4
1 94 1 2
1 95 3 1
1 96 5 8
1 98 3 3
1 99 2 6
1 100 7 2
2 3 9 1
2 4 7 7
2 5 3 5
2 6 8 9
2 8 5 6
2 9 3 2
2 10 3 7
2 11 1 5
2 13 6 8
2 15 4 8
2 16 1 10
2 17 3 6
2 18 9 10
2 19 4 6
2 20 9 6
2 22 1 6
2 23 1 4
2 25 3 2
2 27 4 9
2 28 6 6
2 29 8 1
2 30 2 3
2 32 9 6
2 34 3 6
2 37 8 6
2 38 10 4
2 41 3 6
2 42 4 8
2 43 5 6
2 44 3 7
2 46 9 3
2 47 3 7
2 48 4 7
2 49 8 2
2 50 5 4
2 51 6 5
2 53 10 6
2 54 8 8
2 55 8 8
2 56 6 4
2 57 10 1
2 58 6 4
2 59 7 6
2 61 3 8
2 62 4 8
2 63 8 1
2 64 8 6
2 65 10 2
2 66 9 1
2 67 3 1
2 68 10 8
2 69 8 6
2 71 8 4
2 73 7 6
2 77 1 3
2 78 3 3
2 79 3 5
2 80 3 4
2 81 10 7
2 83 6 5
2 85 5 4
2 86 6 10
2 87 8 9
2 88 1 8
2 89 7 8
2 90 1 4
2 91 1 9
2 92 7 3
2 93 4 10
2 95 10 7
2 96 5 7
2 97 10 5
2 98 4 9
2 100 5 9
3 4 10 9
3 5 9 3
3 6 4 6
3 7 3 6
3 8 3 6
3 10 10 2
3 12 4 4
3 14 8 6
3 15 1 1
3 17 2 1
3 18 1 5
3 19 4 9
3 21 4 1
3 22 2 9
3 23 1 3
3 24 10 3
3 26 5 4
3 27 2 7
3 28 4 6
3 29 4 1
3 30 6 4
3 31 4 9
3 33 6 4
3 34 10 6
3 35 9 4
3 36 4 2
3 37 10 7
3 39 9 8
3 40 10 5
3 41 4 4
3 42 4 7
3 43 9 7
3 44 2 5
3 45 9 3
3 46 5 4
3 47 3 2
3 48 8 5
3 49 5 7
3 50 8 9
3 51 3 9
3 52 8 1
3 53 5 4
3 55 6 7
3 56 4 2
3 57 9 3
3 58 9 4
3 59 7 4
3 60 2 2
3 61 1 8
3 62 7 8
3 63 4 1
3 64 2 10
3 65 3 1
3 66 10 1
3 67 6 10
3 69 10 5
3 71 9 8
3 73 10 7
3 74 10 8
3 75 5 10
3 76 2 9
3 77 4 10
3 78 7 4
3 81 4 10
3 82 7 4
3 83 8 7
3 84 7 8
3 85 2 8
3 87 10 10
3 88 3 3
3 90 9 8
3 91 5 10
3 92 8 7
3 94 7 8
3 95 10 6
3 96 4 2
3 98 8 8
3 99 7 7
4 5 1 8
4 6 1 8
4 7 1 9
4 8 3 9
4 9 5 9
4 10 2 6
4 11 4 9
4 12 2 3
4 13 10 6
4 14 8 5
4 15 10 6
4 17 4 6
4 18 10 1
4 19 1 10
4 20 2 4
4 21 1 4
4 22 9 6
4 23 10 6
4 24 5 3
4 25 1 1
4 26 6 8
4 28 2 2
4 29 9 10
4 30 7 2
4 31 4 2
4 32 9 8
4 33 3 1
4 34 1 2
4 35 8 9
4 36 3 2
4 39 9 8
4 40 10 2
4 41 2 9
4 42 8 7
4 43 1 6
4 44 7 5
4 45 1 5
4 46 1 2
4 47 10 6
4 48 7 2
4 49 6 1
4 50 4 10
4 51 3 4
4 52 5 1
4 53 4 6
4 54 8 2
4 57 7 6
4 58 4 4
4 59 6 8
4 60 3 1
4 61 3 4
4 62 5 4
4 63 7 5
4 64 5 10
4 65 8 4
4 66 6 4
4 67 5 5
4 68 3 10
4 69 8 6
4 70 2 4
4 71 5 10
4 72 9 2
4 73 8 10
4 74 9 3
4 76 2 3
4 77 7 7
4 79 5 8
4 80 4 4
4 81 6 2
4 82 1 5
4 83 8 7
4 84 10 2
4 85 2 6
4 86 6 10
4 87 7 4
4 88 4 4
4 90 7 2
4 92 8 6
4 93 4 9
4 94 2 2
4 95 6 5
4 96 2 1
4 97 4 5
4 98 3 10
4 99 1 1
5 6 3 6
5 7 2 2
5 8 9 2
5 9 4 6
5 10 3 1
5 12 3 10
5 13 4 10
5 14 8 7
5 16 1 2
5 17 4 2
5 18 5 4
5 19 3 3
5 20 1 8
5 22 7 6
5 23 7 1
5 24 10 3
5 25 7 8
5 26 3 9
5 27 10 7
5 28 6 5
5 29 10 3
5 30 10 5
5 31 4 1
5 32 7 3
5 33 6 9
5 34 3 8
5 35 10 7
5 36 2 5
5 37 6 10
5 38 9 2
5 39 6 2
5 41 2 10
5 42 9 8
5 43 8 9
5 44 7 3
5 45 2 3
5 47 2 2
5 49 8 1
5 50 1 10
5 51 7 2
5 52 4 9
5 53 9 2
5 54 3 4
5 56 1 4
5 57 1 1
5 58 5 3
5 59 1 4
5 60 1 8
5 62 4 9
5 63 7 9
5 64 1 8
5 66 6 1
5 67 5 1
5 68 6 9
5 69 6 9
5 70 9 3
5 71 8 7
5 72 8 10
5 73 5 5
5 75 10 10
5 76 5 3
5 77 10 5
5 78 4 7
5 79 5 5
5 80 9 10
5 81 4 10
5 82 8 6
5 83 9 4
5 85 1 3
5 86 4 10
5 87 5 6
5 88 9 3
5 90 7 1
5 93 5 4
5 94 9 4
5 95 6 3
5 96 7 6
5 98 2 7
5 99 5 9
5 100 1 8
6 7 10 2
6 9 3 2
6 10 3 6
6 11 7 5
6 12 4 4
6 14 10 4
6 15 7 5
6 17 9 3
6 18 5 4
6 19 3 1
6 20 8 10
6 21 5 1
6 22 5 8
6 23 9 8
6 24 3 7
6 26 8 3
6 27 5 4
6 28 9 6
6 29 2 4
6 31 3 6
6 33 4 7
6 34 6 2
6 36 6 7
6 37 6 3
6 39 2 10
6 40 7 8
6 41 3 2
6 42 5 1
6 43 4 10
6 44 3 10
6 45 1 3
6 46 1 9
6 48 9 10
6 49 7 7
6 50 4 7
6 51 5 9
6 52 6 7
6 54 4 3
6 55 7 10
6 57 3 5
6 58 2 6
6 59 10 1
6 60 2 8
6 62 5 6
6 63 6 1
6 64 1 8
6 65 2 10
6 66 4 9
6 67 10 6
6 68 6 2
6 69 9 2
6 70 6 4
6 71 4 8
6 72 1 5
6 74 3 9
6 75 6 3
6 76 2 5
6 77 9 3
6 78 2 6
6 79 2 4
6 80 6 10
6 81 8 6
6 82 9 8
6 87 2 9
6 89 10 6
6 90 7 9
6 91 7 8
6 92 8 8
6 93 1 5
6 94 7 4
6 95 8 5
6 96 1 8
6 98 8 8
6 99 6 9
6 100 8 4
7 9 10 2
7 10 9 4
7 13 2 4
7 14 2 7
7 15 8 8
7 16 4 9
7 17 4 2
7 18 8 5
7 20 10 4
7 21 2 3
7 22 9 4
7 23 6 8
7 24 10 6
7 26 10 5
7 27 5 5
7 28 8 6
7 30 7 1
7 31 9 8
7 32 6 9
7 35 9 9
7 36 3 9
7 37 6 3
7 41 7 4
7 42 7 10
7 43 9 7
7 45 2 2
7 46 6 9
7 48 5 2
7 50 4 6
7 52 5 2
7 55 2 6
7 56 3 2
7 57 5 6
7 58 1 7
7 59 7 9
7 60 8 1
7 61 7 6
7 62 4 4
7 63 3 10
7 64 3 4
7 66 10 6
7 67 7 6
7 68 10 6
7 69 5 1
7 70 4 7
7 71 8 10
7 73 2 5
7 75 9 2
7 76 5 2
7 77 1 7
7 79 8 1
7 81 4 8
7 82 9 4
7 83 4 9
7 84 2 6
7 87 8 8
7 88 4 9
7 89 5 6
7 91 5 5
7 93 5 4
7 94 3 3
7 96 3 5
7 97 10 8
7 99 9 5
7 100 6 1
8 9 2 5
8 10 6 3
8 11 7 1
8 12 3 4
8 14 2 7
8 15 3 3
8 16 3 3
8 17 9 1
8 18 8 10
8 19 7 1
8 20 1 7
8 24 3 3
8 25 2 3
8 26 1 7
8 27 8 8
8 28 6 3
8 29 2 3
8 30 3 2
8 31 1 10
8 33 3 1
8 34 7 2
8 37 1 8
8 38 4 10
8 39 9 6
8 40 10 5
8 41 10 3
8 42 9 1
8 44 6 7
8 45 4 5
8 47 9 7
8 48 6 6
8 51 4 5
8 52 2 5
8 53 10 10
8 55 1 4
8 56 9 10
8 57 8 1
8 58 8 3
8 59 4 4
8 60 9 2
8 61 10 1
8 62 1 1
8 63 4 6
8 64 8 6
8 65 2 10
8 70 4 4
8 71 4 5
8 72 9 8
8 73 7 4
8 75 7 4
8 76 6 10
8 77 9 4
8 79 6 9
8 80 9 1
8 82 7 3
8 83 10 9
8 84 6 5
8 85 8 8
8 86 5 3
8 90 3 8
8 91 2 9
8 92 8 8
8 93 3 2
8 95 1 4
8 96 3 6
8 98 7 6
8 99 10 6
8 100 7 10
9 10 9 7
9 11 3 7
9 12 3 10
9 13 10 4
9 14 10 9
9 17 4 7
9 18 1 8
9 19 5 1
9 20 10 2
9 21 10 6
9 22 2 6
9 23 8 10
9 24 8 7
9 25 10 1
9 26 5 6
9 27 9 10
9 28 6 4
9 29 4 6
9 30 8 3
9 31 10 5
9 33 7 7
9 34 8 5
9 35 7 3
9 36 10 10
9 37 1 2
9 38 3 4
9 39 8 2
9 40 7 1
9 41 10 1
9 42 4 5
9 43 9 7
9 44 8 8
9 45 1 3
9 48 10 8
9 49 4 9
9 50 6 2
9 51 3 3
9 55 3 10
9 56 8 1
9 57 7 3
9 58 8 5
9 59 5 3
9 60 8 5
9 61 3 2
9 63 6 8
9 64 3 4
9 67 2 10
9 69 5 2
9 70 9 4
9 72 6 3
9 73 9 3
9 75 7 4
9 76 5 8
9 77 1 7
9 78 7 5
9 79 5 3
9 80 9 10
9 81 3 7
9 82 7 10
9 85 5 4
9 86 3 1
9 87 3 1
9 88 8 7
9 89 7 1
9 90 2 6
9 91 9 4
9 92 4 6
9 93 5 9
9 94 2 4
9 95 4 4
9 97 1 1
9 98 3 9
9 99 7 8
9 100 9 8
10 13 7 1
10 14 7 1
10 16 1 3
10 17 9 9
10 18 4 7
10 19 2 7
10 20 5 10
10 21 1 7
10 23 5 7
10 24 3 8
10 25 6 5
10 26 8 6
10 28 8 7
10 29 3 3
10 30 1 5
10 31 3 2
10 32 7 7
10 33 9 1
10 34 6 5
10 35 4 10
10 36 5 2
10 37 2 9
10 39 3 2
10 40 4 6
10 41 10 7
10 42 7 1
10 45 4 2
10 46 10 1
10 47 9 10
10 48 9 5
10 49 7 4
10 50 1 10
10 51 9 3
10 52 10 2
10 53 3 1
10 54 6 6
10 55 2 3
10 57 4 4
10 58 6 8
10 59 4 3
10 60 2 8
10 61 5 4
10 62 7 9
10 64 4 9
10 66 9 10
10 67 5 9
10 68 4 1
10 71 4 2
10 72 8 6
10 73 8 4
10 76 9 10
10 77 7 9
10 78 8 10
10 79 9 3
10 80 10 7
10 84 6 9
10 85 8 1
10 86 8 1
10 87 4 6
10 88 10 5
10 89 8 7
10 90 9 4
10 91 3 1
10 92 5 5
10 93 5 6
10 94 3 5
10 95 1 1
10 97 10 8
10 98 5 10
10 99 7 10
11 12 6 4
11 13 1 7
11 15 1 8
11 16 6 3
11 17 5 6
11 18 3 4
11 19 1 1
11 20 3 10
11 21 3 8
11 24 9 2
11 25 1 3
11 29 8 6
11 30 1 2
11 31 9 8
11 32 5 6
11 33 9 6
11 34 7 9
11 35 8 10
11 36 3 6
11 37 1 4
11 38 4 8
11 40 3 2
11 41 2 1
11 42 9 5
11 43 7 3
11 44 1 8
11 45 8 6
11 46 10 6
11 47 8 2
11 48 5 3
11 49 1 9
11 50 6 2
11 51 8 3
11 52 1 10
11 53 6 7
11 54 6 6
11 57 7 2
11 58 2 8
11 59 8 2
11 61 3 5
11 62 9 1
11 63 7 6
11 64 9 9
11 65 4 3
11 66 3 5
11 67 10 8
11 68 2 2
11 69 7 10
11 70 9 4
11 72 4 9
11 73 9 4
11 74 5 3
11 75 1 4
11 76 3 1
11 77 5 6
11 78 1 2
11 79 1 4
11 80 10 1
11 81 2 5
11 82 4 8
11 83 1 6
11 85 2 10
11 86 1 8
11 87 4 4
11 88 3 7
11 89 3 4
11 90 3 1
11 91 8 5
11 92 1 6
11 94 1 8
11 95 6 6
11 99 8 8
11 100 9 10
12 13 4 1
12 14 7 5
12 15 6 9
12 17 6 1
12 18 3 3
12 19 7 7
12 21 10 8
12 22 7 7
12 24 4 1
12 26 3 9
12 27 5 4
12 29 10 6
12 30 9 9
12 32 10 3
12 33 8 5
12 34 6 6
12 35 1 3
12 36 7 10
12 37 8 2
12 38 3 7
12 39 1 5
12 40 10 1
12 42 9 9
12 43 1 7
12 44 3 8
12 45 8 2
12 46 7 10
12 47 3 6
12 48 10 10
12 49 9 9
12 51 9 5
12 52 9 2
12 53 8 1
12 54 7 9
12 55 8 2
12 57 6 4
12 58 10 3
12 59 10 10
12 61 9 5
12 62 5 5
12 64 1 3
12 65 2 9
12 66 6 4
12 67 2 7
12 69 4 8
12 70 2 6
12 71 2 9
12 72 5 8
12 73 8 3
12 75 5 3
12 77 7 5
12 79 9 3
12 80 4 8
12 83 3 10
12 84 9 5
12 88 5 5
12 89 10 1
12 90 7 5
12 92 9 9
12 93 9 1
12 95 7 4
12 96 6 9
12 97 9 10
12 98 3 9
12 99 5 10
13 14 5 10
13 16 9 6
13 17 3 6
13 18 10 5
13 19 2 1
13 21 8 2
13 23 7 3
13 24 4 8
13 25 1 3
13 26 9 4
13 27 3 5
13 28 3 6
13 29 1 8
13 30 9 4
13 32 10 9
13 33 5 4
13 34 3 8
13 38 3 3
13 39 10 8
13 40 7 10
13 41 7 1
13 42 2 6
13 44 1 8
13 46 6 7
13 47 3 6
13 48 10 1
13 49 3 10
13 51 10 6
13 52 10 8
13 53 1 5
13 54 2 7
13 55 7 10
13 56 5 8
13 57 8 2
13 58 4 7
13 59 1 9
13 60 10 9
13 61 10 5
13 63 3 10
13 64 4 9
13 65 1 6
13 66 8 4
13 67 6 6
13 68 7 5
13 69 9 3
13 70 6 2
13 71 8 4
13 72 2 3
13 73 3 2
13 75 6 7
13 76 8 9
13 79 5 7
13 80 1 1
13 81 8 6
13 85 2 8
13 86 1 2
13 87 2 9
13 89 8 7
13 90 3 3
13 92 5 4
13 93 1 2
13 94 10 8
13 95 1 6
13 96 2 5
13 97 4 5
13 98 10 2
13 99 2 10
13 100 9 8
14 15 7 4
14 16 8 7
14 17 9 5
14 20 8 7
14 21 3 4
14 22 1 3
14 23 7 10
14 24 5 5
14 25 2 4
14 28 8 7
14 29 2 5
14 30 3 1
14 31 2 6
14 32 9 10
14 33 10 5
14 35 1 9
14 36 6 10
14 37 4 5
14 38 8 8
14 39 1 9
14 41 2 6
14 42 3 1
14 43 5 10
14 44 1 4
14 45 2 3
14 47 4 7
14 48 6 1
14 51 5 7
14 52 5 9
14 53 10 9
14 54 5 10
14 56 7 5
14 58 6 7
14 60 2 7
14 61 4 6
14 63 8 6
14 65 2 3
14 66 10 8
14 67 4 8
14 68 6 2
14 69 9 6
14 70 6 10
14 71 1 4
14 72 7 9
14 74 1 7
14 75 9 9
14 76 6 8
14 78 4 4
14 80 1 1
14 81 7 1
14 82 3 4
14 83 8 8
14 84 5 9
14 86 7 4
14 88 4 4
14 89 8 7
14 90 7 5
14 91 10 5
14 92 5 1
14 93 9 9
14 94 5 3
14 95 5 10
14 96 9 1
14 97 2 9
14 99 10 4
14 100 5 9
15 17 7 2
15 18 6 1
15 19 3 8
15 20 10 1
15 21 2 1
15 23 7 7
15 25 5 10
15 27 8 3
15 28 1 6
15 29 5 9
15 30 2 6
15 31 9 8
15 32 1 6
15 34 9 4
15 35 1 5
15 36 3 1
15 37 8 5
15 39 10 8
15 42 4 7
15 43 7 9
15 44 4 5
15 45 3 8
15 46 1 8
15 47 2 10
15 48 6 6
15 50 5 9
15 51 2 4
15 53 4 6
15 54 4 5
15 55 7 4
15 56 2 3
15 57 8 3
15 58 1 8
15 59 3 3
15 60 2 2
15 61 4 7
15 62 2 4
15 63 5 5
15 65 3 5
15 66 2 3
15 68 10 3
15 69 7 9
15 70 8 2
15 71 5 9
15 72 8 10
15 74 10 2
15 75 2 3
15 76 7 3
15 78 8 2
15 79 2 7
15 81 6 10
15 82 3 1
15 83 10 5
15 84 2 4
15 85 2 10
15 86 4 2
15 87 8 10
15 88 8 3
15 89 3 2
15 90 8 3
15 91 1 7
15 92 8 6
15 93 10 7
15 94 9 8
15 95 2 2
15 96 4 4
15 99 5 3
15 100 7 7
16 18 9 5
16 19 2 5
16 20 4 3
16 21 9 9
16 22 7 3
16 23 8 2
16 24 8 9
16 25 9 1
16 26 5 6
16 27 8 1
16 28 1 1
16 29 2 10
16 30 9 4
16 31 3 10
16 32 9 10
16 33 7 10
16 34 2 1
16 38 3 5
16 39 10 3
16 40 6 7
16 41 8 1
16 42 4 6
16 43 1 2
16 44 8 1
16 46 6 2
16 48 8 6
16 49 8 10
16 50 1 8
16 52 7 10
16 53 7 2
16 54 8 4
16 55 1 3
16 56 3 9
16 57 4 2
16 58 9 4
16 59 8 8
16 60 9 6
16 61 3 3
16 62 4 4
16 63 10 10
16 64 10 6
16 65 3 2
16 66 2 10
16 67 7 10
16 68 1 4
16 69 8 1
16 70 4 7
16 71 3 2
16 72 6 1
16 73 4 3
16 75 4 9
16 77 9 6
16 79 1 3
16 80 6 1
16 81 10 10
16 82 4 6
16 83 6 9
16 84 6 9
16 86 3 6
16 87 5 5
16 88 9 1
16 89 9 1
16 90 2 1
16 91 10 5
16 92 9 3
16 93 8 10
16 94 5 7
16 95 2 3
16 96 7 7
16 98 5 6
16 99 2 1
16 100 2 7
17 19 4 10
17 21 5 5
17 22 9 6
17 23 1 8
17 24 3 2
17 25 10 5
17 26 2 10
17 27 10 6
17 28 4 2
17 32 9 10
17 33 10 2
17 34 8 8
17 35 10 5
17 36 8 10
17 38 4 6
17 39 2 8
17 40 3 2
17 41 10 9
17 42 1 9
17 44 1 2
17 46 6 8
17 47 3 6
17 48 9 3
17 50 2 9
17 51 2 4
17 52 2 7
17 53 3 1
17 54 8 7
17 56 8 2
17 57 3 8
17 59 8 1
17 60 3 8
17 61 3 4
17 62 2 4
17 63 7 9
17 64 1 4
17 66 8 9
17 68 2 3
17 69 9 4
17 70 2 6
17 71 10 4
17 72 6 2
17 73 7 1
17 74 4 9
17 75 10 3
17 76 9 2
17 77 4 1
17 78 3 3
17 79 5 9
17 80 10 10
17 83 10 6
17 85 7 2
17 87 6 9
17 89 8 7
17 90 3 4
17 91 2 6
17 92 1 9
17 93 6 2
17 94 10 10
17 95 5 10
17 96 2 4
17 97 7 1
17 98 1 3
17 100 10 5
18 20 5 4
18 21 4 3
18 22 8 3
18 23 5 9
18 24 7 5
18 26 5 4
18 27 8 5
18 28 1 6
18 30 2 6
18 31 3 2
18 32 5 1
18 33 7 9
18 34 1 2
18 35 8 9
18 37 2 8
18 38 6 9
18 39 5 1
18 43 1 6
18 45 9 1
18 46 4 9
18 47 2 5
18 48 8 5
18 50 6 5
18 51 9 9
18 52 2 7
18 54 5 9
18 56 4 9
18 57 2 4
18 58 3 2
18 59 9 1
18 61 4 2
18 62 10 8
18 63 3 3
18 64 6 2
18 65 2 6
18 67 2 9
18 68 7 7
18 69 6 1
18 70 1 5
18 71 2 7
18 72 7 3
18 74 10 8
18 75 5 1
18 76 2 10
18 77 6 6
18 80 3 3
18 81 5 6
18 82 7 3
18 84 3 2
18 85 5 10
18 88 7 5
18 90 3 3
18 91 3 2
18 92 8 10
18 93 8 8
18 95 3 5
18 96 3 5
18 97 7 1
18 98 7 2
18 99 7 3
19 20 10 3
19 22 3 10
19 24 4 2
19 25 8 5
19 27 8 9
19 28 4 7
19 29 1 8
19 30 8 9
19 31 3 1
19 32 7 5
19 33 6 9
19 34 7 3
19 36 1 8
19 37 2 7
19 40 5 8
19 42 2 9
19 43 7 7
19 44 2 2
19 45 3 2
19 46 7 2
19 47 9 4
19 48 2 10
19 49 3 2
19 50 5 7
19 51 2 1
19 52 4 2
19 53 7 1
19 54 5 3
19 55 9 2
19 56 1 2
19 57 10 3
19 59 2 4
19 60 9 4
19 62 5 6
19 63 5 3
19 64 10 10
19 65 10 10
19 66 8 7
19 67 10 10
19 69 9 9
19 70 2 8
19 71 8 2
19 73 8 10
19 74 7 5
19 76 1 7
19 77 6 8
19 78 8 5
19 80 5 4
19 81 2 2
19 82 6 3
19 83 7 3
19 84 9 6
19 86 2 5
19 87 4 2
19 88 1 8
19 89 6 8
19 90 5 2
19 91 3 2
19 92 7 6
19 93 7 7
19 94 9 10
19 96 2 10
19 97 6 1
19 98 7 5
19 99 4 1
19 100 8 8
20 21 4 4
20 22 7 2
20 25 7 9
20 26 8 6
20 27 2 1
20 28 5 8
20 29 8 9
20 30 3 6
20 33 10 7
20 34 5 6
20 35 6 9
20 36 3 1
20 37 4 9
20 38 4 2
20 39 5 1
20 40 5 10
20 41 4 9
20 43 4 3
20 44 2 6
20 45 2 8
20 46 3 4
20 47 7 3
20 48 5 8
20 50 1 5
20 51 10 6
20 52 2 1
20 53 9 4
20 54 3 6
20 55 3 6
20 56 7 4
20 57 10 1
20 58 8 3
20 59 7 6
20 60 3 7
20 61 1 6
20 63 7 8
20 64 7 9
20 65 5 7
20 66 2 8
20 67 4 9
20 68 8 10
20 69 10 2
20 70 9 4
20 71 6 1
20 72 7 4
20 73 5 6
20 75 1 3
20 76 5 3
20 77 7 6
20 78 3 5
20 79 9 4
20 80 8 8
20 81 6 4
20 82 3 8
20 83 3 4
20 86 2 2
20 87 6 7
20 88 4 1
20 89 6 7
20 90 2 2
20 91 5 2
20 93 10 7
20 94 10 4
20 96 9 8
20 97 7 4
20 98 9 9
20 99 4 2
20 100 2 5
21 22 7 2
21 23 4 6
21 24 8 7
21 26 1 9
21 27 7 2
21 28 4 7
21 29 9 2
21 30 5 5
21 31 3 3
21 32 5 6
21 36 1 5
21 37 6 5
21 38 4 1
21 39 4 6
21 40 1 3
21 41 8 1
21 42 10 3
21 43 8 6
21 44 5 6
21 46 7 9
21 48 8 7
21 49 5 4
21 50 9 10
21 51 4 9
21 52 10 3
21 53 8 10
21 55 10 8
21 56 10 3
21 57 1 1
21 58 1 9
21 59 7 7
21 60 6 5
21 62 5 4
21 63 4 3
21 64 8 4
21 66 5 1
21 67 7 4
21 69 8 8
21 70 10 9
21 71 2 10
21 72 4 1
21 73 5 8
21 75 3 2
21 76 9 2
21 77 1 5
21 78 3 9
21 79 10 8
21 81 8 6
21 82 8 5
21 83 9 8
21 84 10 5
21 85 4 4
21 86 7 2
21 87 10 2
21 89 9 8
21 90 2 10
21 94 5 3
21 96 4 7
21 97 7 6
21 99 7 4
21 100 6 9
22 23 9 8
22 24 8 2
22 25 4 9
22 26 10 2
22 27 8 10
22 29 9 9
22 30 7 3
22 31 2 4
22 32 5 7
22 33 5 9
22 34 9 3
22 35 8 8
22 36 3 4
22 38 1 5
22 39 4 4
22 40 5 4
22 41 10 4
22 42 7 1
22 43 9 10
22 44 4 10
22 46 10 1
22 47 9 6
22 48 5 2
22 49 9 6
22 53 9 6
22 54 1 1
22 55 6 8
22 56 5 4
22 57 9 9
22 59 7 9
22 61 3 4
22 63 5 9
22 64 9 3
22 65 8 10
22 66 1 5
22 67 3 2
22 70 9 10
22 71 9 7
22 72 6 9
22 73 3 10
22 74 8 10
22 75 10 9
22 76 1 10
22 77 9 1
22 78 7 4
22 79 6 8
22 80 9 8
22 81 3 7
22 83 9 10
22 84 9 10
22 85 7 6
22 86 7 1
22 88 7 8
22 89 4 5
22 91 8 2
22 92 4 10
22 93 8 10
22 94 8 9
22 95 6 6
22 96 6 10
22 97 10 9
22 98 8 10
22 99 9 7
23 24 9 4
23 25 6 10
23 26 6 3
23 27 2 3
23 28 10 2
23 29 6 4
23 30 9 5
23 31 8 6
23 33 2 8
23 34 5 2
23 36 8 1
23 37 8 10
23 38 4 4
23 39 1 7
23 40 6 9
23 41 10 7
23 42 8 9
23 43 2 7
23 45 2 5
23 46 5 5
23 47 1 4
23 48 9 10
23 49 1 1
23 50 7 4
23 51 10 10
23 53 5 4
23 54 8 10
23 55 2 4
23 57 2 3
23 58 10 2
23 59 8 6
23 61 2 6
23 62 5 9
23 63 1 7
23 64 5 9
23 65 5 8
23 67 9 9
23 68 1 1
23 69 1 7
23 70 6 2
23 71 5 10
23 72 5 2
23 74 6 6
23 75 8 4
23 77 7 1
23 78 2 3
23 79 3 6
23 80 6 4
23 81 6 8
23 82 9 6
23 83 5 10
23 84 6 5
23 86 7 10
23 88 2 1
23 89 4 2
23 91 7 4
23 92 4 2
23 93 4 10
23 94 5 8
23 95 6 10
23 97 8 5
23 99 4 4
23 100 7 2
24 25 2 5
24 27 6 7
24 28 2 4
24 29 10 4
24 30 6 8
24 31 7 9
24 32 1 5
24 34 4 5
24 35 8 4
24 36 9 4
24 37 6 6
24 38 5 10
24 39 8 1
24 40 9 8
24 41 6 7
24 42 3 1
24 43 3 2
24 44 10 4
24 45 2 2
24 46 9 8
24 47 3 1
24 48 8 2
24 50 5 9
24 52 7 8
24 53 3 10
24 54 7 3
24 55 5 7
24 56 6 4
24 57 4 2
24 58 2 10
24 59 9 9
24 60 4 2
24 62 8 9
24 63 9 8
24 64 1 6
24 65 7 9
24 66 6 9
24 67 10 1
24 69 9 8
24 70 9 2
24 71 6 1
24 72 5 8
24 73 5 8
24 74 3 2
24 75 7 5
24 76 4 2
24 77 9 9
24 78 2 10
24 79 10 1
24 80 4 2
24 81 3 1
24 82 5 8
24 83 10 6
24 84 1 10
24 85 6 4
24 86 8 9
24 89 9 6
24 92 8 4
24 94 7 1
24 95 1 1
24 96 5 6
24 99 8 7
25 27 10 4
25 28 4 7
25 29 9 10
25 30 2 1
25 31 8 7
25 32 5 4
25 33 3 10
25 34 4 2
25 35 3 2
25 36 10 6
25 37 8 1
25 38 5 3
25 39 3 3
25 40 1 1
25 41 1 3
25 42 5 5
25 43 3 2
25 44 10 6
25 45 1 4
25 46 8 3
25 47 4 3
25 48 8 1
25 49 4 6
25 50 9 1
25 51 4 3
25 52 7 10
25 54 6 7
25 55 4 10
25 56 3 2
25 57 6 2
25 59 5 8
25 61 5 2
25 62 2 1
25 63 1 4
25 64 2 8
25 65 9 1
25 66 6 8
25 67 5 1
25 69 2 7
25 70 4 5
25 71 4 6
25 72 4 9
25 74 3 5
25 75 7 1
25 77 4 4
25 79 2 9
25 80 8 7
25 81 3 4
25 82 4 6
25 83 10 10
25 86 3 9
25 87 5 10
25 89 8 2
25 90 5 4
25 91 7 6
25 92 1 9
25 94 6 10
25 96 3 3
25 100 7 3
26 27 9 6
26 29 3 7
26 30 3 3
26 31 1 2
26 33 5 5
26 35 4 5
26 36 10 8
26 37 1 6
26 38 5 7
26 40 8 5
26 41 2 6
26 42 5 4
26 43 10 2
26 44 4 6
26 45 3 8
26 46 5 5
26 47 8 6
26 48 9 5
26 49 8 2
26 50 8 2
26 51 5 5
26 52 6 4
26 53 2 4
26 54 9 9
26 55 8 2
26 57 5 2
26 58 2 6
26 59 4 6
26 60 2 5
26 61 1 3
26 62 1 2
26 63 9 1
26 64 7 10
26 65 1 1
26 66 3 8
26 68 1 1
26 69 6 6
26 70 10 10
26 71 6 8
26 72 7 5
26 73 9 10
26 74 1 1
26 76 6 5
26 77 4 3
26 78 4 6
26 80 1 4
26 81 3 7
26 83 10 7
26 84 6 7
26 85 4 6
26 86 3 4
26 87 2 9
26 88 7 3
26 89 6 7
26 90 4 4
26 91 3 8
26 92 5 10
26 93 10 10
26 94 2 8
26 95 7 1
26 96 1 4
26 97 1 9
26 98 6 4
26 99 7 10
27 28 6 5
27 29 4 5
27 30 3 5
27 31 6 10
27 34 7 1
27 35 3 3
27 36 2 10
27 37 7 2
27 38 2 8
27 40 5 1
27 42 6 3
27 43 6 2
27 44 10 6
27 45 1 3
27 47 2 1
27 48 9 1
27 49 5 7
27 50 1 1
27 51 1 9
27 52 3 9
27 53 4 9
27 54 7 4
27 56 5 1
27 58 3 3
27 59 6 8
27 60 6 9
27 61 10 8
27 63 10 8
27 64 5 7
27 65 9 9
27 66 1 8
27 67 3 1
27 68 6 1
27 69 2 7
27 70 4 2
27 72 2 10
27 73 8 1
27 74 7 4
27 76 8 1
27 77 3 3
27 78 5 1
27 80 2 10
27 81 6 8
27 82 1 6
27 83 3 2
27 84 4 5
27 85 1 2
27 87 4 6
27 88 6 5
27 89 8 9
27 90 9 10
27 91 5 4
27 92 2 5
27 93 9 4
27 94 4 6
27 96 3 8
27 97 6 7
27 98 2 9
27 99 2 2
27 100 6 1
28 31 5 5
28 32 10 6
28 33 6 7
28 34 9 6
28 35 1 7
28 36 9 9
28 37 5 3
28 39 6 1
28 40 7 6
28 41 6 3
28 43 1 7
28 44 4 5
28 45 1 1
28 46 10 7
28 47 2 4
28 48 2 8
28 49 9 4
28 50 10 7
28 51 7 10
28 52 10 6
28 55 7 4
28 56 9 9
28 57 4 5
28 60 1 3
28 61 7 2
28 62 4 6
28 63 5 5
28 64 2 4
28 65 4 5
28 67 1 4
28 68 6 2
28 69 2 5
28 71 8 10
28 72 8 2
28 73 7 2
28 74 5 4
28 76 4 7
28 77 8 9
28 79 10 3
28 80 9 9
28 81 4 8
28 82 10 5
28 83 1 9
28 84 1 2
28 85 10 2
28 86 9 1
28 87 9 7
28 88 6 1
28 90 2 2
28 91 4 6
28 92 4 2
28 93 8 7
28 95 1 6
28 96 6 6
28 97 6 2
28 98 9 4
28 99 6 4
28 100 9 7
29 30 7 4
29 31 9 5
29 34 10 6
29 36 8 2
29 37 6 3
29 38 10 3
29 39 1 8
29 40 4 10
29 41 3 7
29 42 7 5
29 43 9 6
29 44 5 1
29 45 5 1
29 46 1 3
29 47 2 7
29 48 8 8
29 49 4 6
29 51 2 3
29 55 3 9
29 56 9 7
29 57 6 1
29 58 1 2
29 59 10 5
29 60 1 8
29 61 1 1
29 62 5 8
29 63 4 5
29 64 10 1
29 65 1 9
29 66 9 3
29 68 5 7
29 69 1 5
29 70 8 6
29 71 3 6
29 72 3 1
29 73 1 4
29 75 6 2
29 76 10 10
29 77 6 7
29 78 8 6
29 79 9 1
29 80 4 4
29 81 7 3
29 83 8 2
29 86 6 8
29 87 10 8
29 89 10 7
29 90 9 4
29 93 4 9
29 95 4 5
29 96 6 6
29 98 9 5
29 100 4 8
30 31 3 1
30 32 5 10
30 33 1 10
30 34 4 9
30 35 3 4
30 37 4 9
30 39 4 10
30 40 6 3
30 41 4 3
30 42 10 8
30 43 1 9
30 44 7 2
30 45 7 7
30 47 4 10
30 48 7 1
30 49 6 4
30 50 1 7
30 51 10 3
30 52 5 4
30 54 6 1
30 55 9 1
30 56 10 2
30 57 8 9
30 59 8 6
30 60 2 1
30 61 10 8
30 62 5 3
30 64 9 3
30 65 3 8
30 66 3 5
30 67 4 10
30 68 3 8
30 69 10 7
30 70 6 6
30 71 5 7
30 72 1 10
30 74 9 9
30 76 6 9
30 78 8 6
30 79 2 9
30 80 4 10
30 81 8 6
30 82 5 7
30 83 2 6
30 84 5 7
30 85 2 6
30 87 3 4
30 88 1 2
30 89 3 4
30 90 3 10
30 91 5 2
30 92 2 2
30 94 2 6
30 95 1 10
30 96 2 8
30 98 1 6
30 99 8 4
30 100 5 4
31 32 5 3
31 33 9 5
31 34 2 7
31 35 3 10
31 37 8 4
31 38 9 5
31 39 9 8
31 40 8 6
31 41 3 6
31 42 7 4
31 43 2 5
31 45 5 10
31 46 6 6
31 47 4 8
31 48 2 4
31 49 5 2
31 50 9 6
31 51 6 7
31 52 8 9
31 53 10 2
31 54 3 10
31 57 10 8
31 58 5 3
31 59 6 1
31 60 5 3
31 62 6 1
31 63 2 9
31 66 5 6
31 67 10 7
31 69 1 9
31 70 4 3
31 72 10 2
31 73 6 3
31 75 1 1
31 76 7 2
31 77 5 2
31 78 6 9
31 79 7 5
31 80 4 8
31 81 8 2
31 83 7 5
31 84 9 6
31 85 4 2
31 87 8 2
31 88 6 7
31 89 10 3
31 90 10 7
31 91 1 7
31 93 1 8
31 94 3 9
31 95 2 8
31 96 7 9
31 97 2 9
31 98 1 8
31 99 6 5
31 100 6 7
32 33 5 8
32 34 5 2
32 35 5 7
32 36 5 7
32 37 2 7
32 38 4 2
32 39 10 2
32 40 10 9
32 41 9 10
32 42 1 1
32 43 6 7
32 44 2 2
32 45 10 1
32 46 10 7
32 47 3 8
32 48 9 8
32 49 8 5
32 50 2 2
32 51 2 7
32 52 6 9
32 53 10 2
32 54 8 7
32 56 10 9
32 57 4 7
32 58 8 4
32 59 3 4
32 60 5 8
32 61 3 8
32 62 9 10
32 63 8 3
32 64 9 6
32 67 3 2
32 68 8 5
32 69 5 8
32 71 4 6
32 72 8 10
32 73 6 4
32 74 10 3
32 75 4 9
32 76 10 5
32 77 3 8
32 78 5 6
32 80 8 4
32 82 1 1
32 83 6 3
32 84 9 7
32 85 1 6
32 86 4 7
32 87 1 3
32 88 6 2
32 89 1 9
32 90 4 7
32 91 2 5
32 92 9 5
32 93 4 4
32 94 1 2
32 95 10 7
32 96 1 5
32 97 3 7
32 98 4 1
32 100 4 8
33 34 6 1
33 35 8 9
33 36 8 4
33 37 7 10
33 38 9 5
33 39 9 8
33 40 8 6
33 41 5 3
33 43 4 7
33 46 10 3
33 47 10 7
33 49 6 4
33 50 4 1
33 51 5 2
33 52 6 1
33 53 7 6
33 54 9 3
33 55 9 9
33 56 2 7
33 58 5 8
33 59 6 1
33 60 8 1
33 61 3 8
33 62 10 8
33 64 1 3
33 65 1 1
33 67 6 3
33 68 2 5
33 69 2 6
33 72 2 9
33 73 10 4
33 74 9 7
33 76 1 6
33 78 10 4
33 79 9 5
33 80 8 8
33 81 10 3
33 82 1 5
33 83 7 10
33 84 4 6
33 85 8 6
33 86 3 6
33 87 2 3
33 88 2 4
33 89 10 5
33 90 10 1
33 91 7 7
33 92 2 6
33 93 6 10
33 94 3 7
33 95 10 4
33 96 10 5
33 97 2 2
33 98 1 1
33 99 2 6
33 100 1 1
34 35 2 2
34 36 4 1
34 37 7 10
34 38 8 10
34 39 8 10
34 41 1 1
34 42 6 5
34 43 9 8
34 44 8 10
34 45 4 6
34 47 5 9
34 49 8 8
34 51 2 10
34 53 5 8
34 54 9 1
34 55 7 3
34 56 9 4
34 58 1 1
34 59 1 1
34 60 5 9
34 62 3 2
34 63 5 5
34 64 6 3
34 65 6 8
34 66 3 2
34 67 2 1
34 68 9 8
34 69 1 2
34 70 3 8
34 71 8 7
34 72 7 7
34 73 1 1
34 75 4 1
34 78 9 7
34 81 7 8
34 82 2 5
34 84 6 3
34 87 1 5
34 89 6 9
34 91 10 9
34 92 3 3
34 95 6 7
34 96 6 6
34 98 7 4
34 99 3 6
35 36 4 5
35 37 6 1
35 38 1 4
35 39 3 1
35 41 1 3
35 42 2 7
35 43 3 6
35 44 3 3
35 45 10 4
35 46 7 7
35 47 9 1
35 49 9 4
35 51 9 6
35 52 10 9
35 53 4 9
35 54 3 5
35 55 1 2
35 56 6 9
35 57 2 5
35 58 3 7
35 59 5 1
35 60 7 5
35 61 2 7
35 63 1 10
35 65 4 2
35 66 9 1
35 68 4 4
35 69 10 9
35 70 7 10
35 71 1 7
35 72 3 5
35 73 2 4
35 74 8 4
35 75 5 9
35 76 4 6
35 77 5 5
35 78 6 9
35 79 8 3
35 81 7 2
35 82 3 9
35 83 3 5
35 84 8 10
35 85 3 5
35 87 5 10
35 89 10 6
35 90 9 10
35 91 2 10
35 93 9 1
35 94 2 10
35 95 2 5
35 96 3 5
35 98 1 6
35 99 6 3
35 100 6 4
36 37 8 5
36 38 9 10
36 39 8 5
36 40 1 3
36 41 10 8
36 42 5 1
36 43 4 1
36 44 3 8
36 46 10 10
36 47 10 1
36 48 7 3
36 50 1 4
36 51 1 2
36 52 2 4
36 53 5 7
36 54 2 6
36 56 7 9
36 57 1 10
36 58 8 9
36 59 4 9
36 60 5 2
36 62 5 2
36 63 7 7
36 64 10 8
36 65 4 3
36 67 5 2
36 68 1 9
36 69 2 5
36 70 2 10
36 71 10 4
36 73 4 4
36 74 4 6
36 75 9 9
36 76 8 6
36 77 2 2
36 79 5 10
36 80 5 2
36 81 5 4
36 82 8 5
36 83 1 1
36 85 8 2
36 87 5 3
36 88 2 3
36 90 10 3
36 91 2 1
36 92 2 3
36 93 6 6
36 94 9 3
36 96 4 3
36 97 3 1
36 98 9 6
36 100 4 6
37 38 10 1
37 39 3 4
37 40 4 6
37 43 3 2
37 44 7 4
37 45 5 5
37 47 2 6
37 48 7 2
37 50 2 3
37 51 10 8
37 52 5 10
37 54 5 7
37 55 6 3
37 56 4 6
37 57 9 5
37 58 10 9
37 59 4 1
37 61 5 2
37 62 4 10
37 63 8 7
37 64 4 1
37 65 7 7
37 66 9 1
37 68 2 7
37 69 7 10
37 72 8 4
37 73 2 9
37 75 10 6
37 76 1 7
37 77 6 2
37 78 8 7
37 79 6 9
37 81 10 8
37 83 2 8
37 84 1 9
37 87 5 5
37 88 10 2
37 89 6 2
37 90 3 5
37 92 3 1
37 94 5 3
37 96 3 7
37 97 2 8
37 98 8 2
37 100 7 1
38 39 2 5
38 40 1 7
38 41 6 9
38 42 8 9
38 43 3 8
38 44 9 1
38 45 7 7
38 46 7 3
38 47 1 2
38 48 3 10
38 50 10 1
38 51 5 1
38 52 10 6
38 53 8 2
38 54 3 2
38 56 4 3
38 58 10 3
38 59 8 6
38 60 10 3
38 61 5 6
38 62 3 3
38 63 5 7
38 64 7 5
38 65 9 9
38 66 5 9
38 67 5 6
38 68 7 4
38 69 9 3
38 70 4 9
38 71 1 5
38 72 1 9
38 73 2 4
38 74 6 5
38 75 6 8
38 76 7 6
38 77 9 8
38 78 2 1
38 80 9 7
38 81 4 7
38 82 3 7
38 84 5 5
38 85 1 5
38 86 9 8
38 88 5 9
38 89 9 3
38 91 9 4
38 92 2 1
38 93 6 4
38 96 5 6
38 97 7 2
38 98 3 8
38 99 4 4
38 100 7 5
39 40 1 5
39 41 9 5
39 42 3 6
39 43 8 5
39 44 7 9
39 45 9 8
39 47 2 1
39 49 1 4
39 50 8 2
39 51 4 7
39 53 8 1
39 54 5 4
39 55 6 6
39 57 3 8
39 58 9 7
39 59 2 1
39 60 9 3
39 61 9 6
39 62 7 2
39 63 9 3
39 64 7 7
39 66 2 10
39 67 8 2
39 68 7 8
39 69 2 5
39 70 1 7
39 71 2 3
39 73 1 5
39 74 1 5
39 75 5 7
39 76 7 8
39 77 7 4
39 78 10 8
39 79 6 1
39 80 4 5
39 83 8 8
39 84 1 8
39 85 7 10
39 86 10 3
39 87 10 9
39 88 6 5
39 89 2 2
39 92 2 5
39 95 8 8
39 96 9 6
39 97 7 5
39 98 4 6
39 99 1 5
40 41 9 9
40 43 7 1
40 44 8 10
40 45 2 10
40 46 8 2
40 47 6 5
40 49 3 5
40 51 10 2
40 52 7 2
40 53 6 1
40 54 8 10
40 55 2 8
40 57 4 10
40 58 1 5
40 59 7 10
40 61 1 10
40 63 1 8
40 64 4 1
40 65 5 1
40 66 1 4
40 68 3 7
40 69 1 9
40 70 7 10
40 73 10 8
40 74 6 9
40 75 5 9
40 77 3 8
40 78 10 6
40 79 8 1
40 80 7 10
40 81 1 8
40 82 8 8
40 83 6 6
40 86 3 10
40 87 4 2
40 88 5 10
40 89 8 7
40 90 4 5
40 91 8 9
40 92 5 9
40 93 8 4
40 94 5 5
40 95 2 10
40 96 10 5
40 98 5 2
40 99 4 7
40 100 1 10
41 42 8 2
41 43 6 10
41 44 4 1
41 47 5 8
41 48 5 4
41 49 1 4
41 50 1 5
41 51 5 2
41 52 1 10
41 53 4 7
41 54 1 6
41 55 9 3
41 56 1 2
41 57 5 4
41 58 10 9
41 60 2 6
41 61 9 9
41 62 10 7
41 63 5 1
41 64 4 9
41 66 4 4
41 67 4 3
41 70 8 2
41 72 8 4
41 73 9 6
41 74 2 6
41 75 5 5
41 77 8 6
41 78 2 6
41 79 5 2
41 80 7 1
41 81 1 5
41 82 2 9
41 83 2 6
41 84 2 2
41 85 1 2
41 86 7 9
41 87 2 3
41 89 10 10
41 91 6 1
41 92 8 3
41 93 7 1
41 94 8 10
41 95 4 1
41 96 7 7
41 97 2 8
41 98 5 6
41 99 10 6
41 100 5 2
42 43 4 1
42 44 5 1
42 45 9 2
42 46 2 1
42 47 2 2
42 48 4 3
42 50 6 2
42 52 6 5
42 53 8 6
42 54 1 9
42 55 8 4
42 56 8 7
42 58 10 7
42 59 10 8
42 60 4 3
42 61 6 8
42 62 4 6
42 63 1 2
42 64 5 6
42 65 2 7
42 66 7 10
42 67 6 4
42 69 1 9
42 72 2 7
42 74 7 8
42 75 1 1
42 77 4 4
42 78 9 1
42 79 6 4
42 80 6 9
42 81 8 5
42 82 2 3
42 83 8 1
42 84 7 5
42 86 2 1
42 87 9 4
42 89 10 10
42 90 3 7
42 92 8 8
42 93 2 3
42 95 3 4
42 96 2 7
42 97 9 8
42 98 7 9
42 100 8 6
43 45 3 5
43 46 9 7
43 47 6 9
43 48 1 9
43 49 4 6
43 50 2 2
43 51 2 7
43 52 5 9
43 57 1 8
43 59 10 1
43 60 6 6
43 61 3 6
43 62 3 6
43 63 5 2
43 65 6 10
43 66 8 4
43 67 2 1
43 68 8 8
43 69 10 1
43 70 10 6
43 71 9 8
43 72 7 10
43 73 1 9
43 76 1 3
43 77 2 8
43 78 7 2
43 79 7 8
43 80 4 1
43 81 9 2
43 82 2 9
43 84 3 6
43 86 6 4
43 87 1 5
43 88 7 9
43 89 5 6
43 90 9 6
43 91 7 1
43 92 8 5
43 94 1 10
43 96 5 3
43 97 9 2
43 98 7 6
43 99 5 8
44 45 1 8
44 46 10 4
44 48 8 7
44 49 10 4
44 51 9 8
44 52 5 7
44 53 5 10
44 54 4 3
44 55 7 7
44 57 9 5
44 58 10 1
44 59 8 3
44 61 2 9
44 63 4 2
44 65 4 7
44 66 3 10
44 67 9 3
44 69 4 2
44 71 5 10
44 72 7 1
44 73 1 6
44 74 1 6
44 75 3 3
44 76 8 4
44 77 5 3
44 78 7 6
44 80 8 1
44 81 9 9
44 83 1 3
44 84 1 1
44 85 1 3
44 86 10 7
44 88 4 2
44 89 7 4
44 90 7 6
44 91 7 9
44 92 2 6
44 93 5 10
44 95 2 2
44 97 8 8
44 98 8 1
44 99 10 6
45 46 10 8
45 47 7 7
45 48 1 6
45 51 2 4
45 52 10 5
45 53 1 9
45 55 10 6
45 56 7 8
45 57 1 4
45 58 1 9
45 60 4 4
45 61 9 4
45 62 8 8
45 63 3 10
45 64 1 3
45 65 5 6
45 66 4 9
45 69 7 6
45 70 1 1
45 74 8 6
45 75 3 9
45 76 4 9
45 77 10 4
45 79 1 7
45 80 5 9
45 81 3 3
45 83 6 1
45 84 7 7
45 85 8 7
45 87 10 4
45 88 6 8
45 90 10 1
45 92 7 3
45 93 7 4
45 94 7 8
45 95 3 8
45 96 6 4
45 99 7 9
46 47 2 2
46 48 2 4
46 49 10 3
46 50 6 6
46 51 4 10
46 52 6 9
46 53 6 1
46 54 9 1
46 56 7 3
46 58 3 10
46 59 10 10
46 60 6 5
46 61 4 10
46 62 3 6
46 64 7 10
46 65 4 10
46 66 2 7
46 67 5 5
46 69 4 2
46 71 6 5
46 73 3 5
46 74 9 7
46 75 7 10
46 76 3 7
46 77 8 7
46 78 6 9
46 79 9 4
46 80 6 8
46 81 8 1
46 82 2 2
46 83 4 1
46 85 4 9
46 86 5 9
46 87 9 10
46 88 10 9
46 89 10 4
46 91 1 6
46 92 4 9
46 93 4 1
46 94 7 4
46 95 8 8
46 96 10 1
46 97 8 8
46 98 10 4
46 99 9 4
46 100 6 9
47 48 6 9
47 49 2 9
47 50 1 3
47 51 9 9
47 52 8 3
47 53 10 3
47 54 9 7
47 55 5 7
47 56 4 7
47 58 1 3
47 59 8 1
47 60 4 7
47 61 3 3
47 62 7 5
47 63 5 5
47 64 7 6
47 65 7 10
47 66 10 2
47 68 2 3
47 69 3 10
47 70 4 4
47 71 9 4
47 72 10 5
47 73 8 9
47 74 9 4
47 75 1 3
47 76 2 9
47 77 6 9
47 78 6 9
47 79 9 5
47 81 9 7
47 83 4 5
47 84 5 7
47 85 1 4
47 86 1 1
47 87 4 9
47 88 3 4
47 89 5 6
47 90 2 5
47 92 3 9
47 93 8 1
47 94 1 5
47 96 8 4
47 97 8 5
47 98 6 1
47 100 5 6
48 50 9 2
48 51 6 8
48 52 8 7
48 53 2 7
48 54 5 5
48 55 1 1
48 56 6 2
48 57 7 7
48 58 6 2
48 59 2 8
48 60 9 4
48 61 4 9
48 62 3 6
48 64 2 8
48 65 6 9
48 66 7 4
48 67 1 10
48 68 10 8
48 69 10 9
48 71 6 7
48 72 2 5
48 73 8 1
48 75 10 7
48 76 5 8
48 77 10 2
48 78 6 9
48 79 6 7
48 80 8 5
48 81 6 2
48 84 4 4
48 87 1 5
48 88 2 5
48 89 8 1
48 90 2 4
48 91 5 2
48 92 2 6
48 93 4 9
48 94 6 8
48 95 1 7
48 96 9 3
48 97 4 4
48 98 2 9
48 99 10 7
49 50 2 3
49 51 5 3
49 52 8 10
49 53 2 5
49 54 1 4
49 55 5 3
49 56 7 4
49 58 7 3
49 59 8 2
49 61 10 5
49 62 4 7
49 63 2 6
49 64 7 6
49 65 5 7
49 66 9 4
49 68 3 9
49 69 2 7
49 70 5 7
49 71 4 8
49 74 1 2
49 75 7 9
49 76 10 7
49 77 3 9
49 78 4 3
49 79 3 8
49 82 7 10
49 83 3 9
49 84 8 1
49 85 5 1
49 86 5 4
49 87 9 3
49 88 2 3
49 89 3 3
49 90 1 2
49 91 8 9
49 93 4 5
49 94 9 8
49 96 3 10
49 97 5 3
49 98 8 8
49 100 5 7
50 51 3 10
50 52 4 1
50 53 5 5
50 54 1 10
50 55 7 9
50 56 3 7
50 57 5 2
50 58 2 7
50 59 10 3
50 60 2 5
50 61 7 9
50 63 3 7
50 64 9 2
50 65 4 1
50 66 10 8
50 67 2 9
50 69 9 7
50 70 9 7
50 72 8 10
50 73 10 10
50 74 9 7
50 75 10 9
50 77 8 7
50 78 6 7
50 80 6 10
50 81 6 1
50 82 1 3
50 84 7 3
50 85 6 3
50 86 4 6
50 87 6 10
50 88 10 4
50 90 4 10
50 91 4 2
50 92 9 7
50 94 6 10
50 95 9 4
50 97 9 5
50 98 4 3
50 99 2 2
51 52 8 2
51 53 10 3
51 54 8 6
51 56 1 6
51 57 6 8
51 58 1 4
51 59 4 10
51 61 9 10
51 62 9 5
51 63 1 7
51 64 9 4
51 65 9 9
51 66 9 3
51 67 6 5
51 68 7 5
51 69 6 3
51 72 10 7
51 73 5 8
51 74 6 8
51 75 7 4
51 77 6 10
51 79 2 2
51 81 2 2
51 83 6 9
51 84 3 4
51 85 1 1
51 86 5 10
51 88 2 9
51 89 10 9
51 91 6 6
51 93 8 3
51 94 7 6
51 97 10 7
51 98 7 5
52 53 10 3
52 54 3 4
52 55 10 5
52 56 9 8
52 57 7 10
52 58 4 6
52 60 4 3
52 61 9 4
52 63 6 4
52 64 8 6
52 65 1 2
52 66 4 3
52 67 2 4
52 69 5 6
52 70 2 9
52 71 5 2
52 72 3 10
52 73 9 4
52 74 3 3
52 75 6 3
52 76 3 5
52 77 4 2
52 78 4 9
52 79 10 6
52 80 8 6
52 81 2 7
52 82 3 6
52 83 8 8
52 84 8 8
52 85 9 9
52 86 10 1
52 87 6 6
52 88 9 5
52 89 3 7
52 91 1 6
52 92 8 1
52 93 9 2
52 94 6 1
52 95 9 9
52 96 9 6
52 98 7 8
52 99 9 1
52 100 3 4
53 54 3 9
53 55 6 4
53 56 10 8
53 57 2 2
53 58 7 1
53 60 4 10
53 61 2 7
53 62 9 6
53 63 6 6
53 64 3 8
53 67 3 2
53 69 9 8
53 70 5 9
53 71 3 3
53 72 1 5
53 73 3 8
53 74 8 9
53 75 4 6
53 76 8 8
53 77 5 9
53 79 9 5
53 80 3 10
53 81 9 3
53 84 6 8
53 85 3 7
53 86 8 7
53 87 6 9
53 88 4 5
53 89 6 6
53 90 8 7
53 91 2 9
53 92 2 1
53 93 7 4
53 94 6 10
53 95 4 9
53 97 8 9
53 98 4 5
53 99 7 6
53 100 8 8
54 55 7 6
54 56 9 6
54 57 8 5
54 58 10 3
54 59 4 6
54 60 4 7
54 61 5 9
54 62 3 10
54 63 7 10
54 64 10 2
54 65 3 4
54 66 10 4
54 68 6 1
54 69 8 3
54 71 3 3
54 72 9 7
54 73 2 9
54 74 8 6
54 75 2 8
54 76 4 2
54 77 6 4
54 80 2 5
54 81 9 3
54 82 1 4
54 84 5 1
54 85 9 10
54 86 4 10
54 87 4 8
54 88 2 2
54 90 1 1
54 91 8 5
54 93 6 8
54 94 5 7
54 95 9 4
54 96 1 7
54 97 7 5
54 98 5 8
54 100 7 8
55 56 7 10
55 57 6 5
55 58 5 5
55 59 10 1
55 60 7 3
55 61 4 4
55 62 6 9
55 63 1 5
55 65 1 4
55 66 5 7
55 68 1 10
55 69 9 6
55 70 7 10
55 71 7 4
55 72 1 5
55 73 7 10
55 74 5 7
55 77 10 6
55 79 4 1
55 80 6 10
55 81 2 1
55 82 5 10
55 83 3 10
55 84 4 1
55 85 4 10
55 86 9 9
55 87 8 1
55 88 4 8
55 90 10 8
55 91 9 9
55 92 6 4
55 93 5 9
55 95 5 1
55 96 5 9
55 97 4 5
55 98 5 7
55 99 5 10
55 100 2 10
56 58 4 2
56 62 6 7
56 64 9 5
56 65 7 6
56 66 6 10
56 67 8 1
56 68 3 9
56 69 1 4
56 70 9 10
56 71 4 1
56 72 2 7
56 73 10 6
56 74 1 1
56 75 3 3
56 78 5 8
56 79 9 8
56 80 10 6
56 81 6 6
56 83 8 7
56 84 3 3
56 85 5 6
56 86 8 7
56 87 2 3
56 88 3 10
56 89 7 5
56 91 9 5
56 92 7 3
56 93 6 1
56 94 8 8
56 95 7 4
56 96 8 9
56 97 7 4
56 99 7 8
56 100 4 1
57 58 9 10
57 60 3 4
57 61 5 4
57 64 3 7
57 65 5 10
57 68 10 10
57 69 6 7
57 70 5 7
57 71 7 2
57 72 2 8
57 73 7 10
57 74 7 10
57 75 6 6
57 76 9 5
57 77 5 3
57 79 1 7
57 80 8 9
57 82 8 6
57 84 4 4
57 85 10 9
57 86 6 5
57 87 2 1
57 89 3 5
57 90 4 1
57 91 9 2
57 93 9 1
57 94 6 6
57 95 10 7
57 96 4 6
57 98 1 5
57 99 4 7
57 100 3 2
58 59 10 3
58 60 3 4
58 61 1 6
58 62 8 4
58 63 6 2
58 64 6 10
58 65 1 3
58 66 3 4
58 68 6 5
58 69 4 2
58 70 2 1
58 71 2 8
58 72 1 9
58 73 3 8
58 74 4 9
58 75 9 6
58 76 4 6
58 77 2 3
58 78 7 1
58 79 7 5
58 81 6 8
58 83 2 5
58 84 4 5
58 86 1 7
58 87 6 4
58 88 8 3
58 89 1 2
58 90 1 3
58 91 8 1
58 94 10 5
58 95 5 6
58 96 3 5
58 97 7 6
58 98 6 2
58 99 6 5
58 100 1 4
59 60 6 10
59 61 2 5
59 62 9 4
59 63 5 9
59 64 6 8
59 66 9 3
59 67 5 9
59 71 3 3
59 72 2 9
59 73 7 9
59 74 7 4
59 75 10 10
59 76 9 4
59 77 1 10
59 78 5 4
59 80 1 4
59 82 3 4
59 84 8 10
59 85 2 9
59 86 8 1
59 87 6 8
59 88 1 9
59 91 2 10
59 92 2 10
59 93 2 9
59 94 9 10
59 95 5 10
59 97 9 10
59 99 4 9
59 100 7 3
60 62 3 6
60 63 8 1
60 64 5 5
60 66 5 2
60 67 8 9
60 68 10 1
60 69 7 4
60 70 6 3
60 71 7 1
60 72 1 1
60 73 6 7
60 74 8 7
60 75 3 4
60 77 7 10
60 78 2 3
60 79 7 8
60 80 7 6
60 81 6 5
60 83 9 5
60 84 4 3
60 85 6 4
60 86 4 5
60 87 9 4
60 88 6 3
60 90 3 7
60 92 5 10
60 93 5 1
60 94 7 4
60 95 8 2
60 96 10 4
60 97 6 9
60 98 7 8
60 99 6 4
61 62 5 6
61 63 5 10
61 64 9 4
61 66 6 2
61 67 7 7
61 69 2 2
61 70 7 10
61 71 7 6
61 72 6 5
61 73 3 8
61 74 7 4
61 75 1 2
61 76 8 9
61 78 2 2
61 79 2 8
61 80 4 1
61 81 10 6
61 83 4 7
61 84 2 9
61 85 7 6
61 87 10 9
61 88 10 8
61 89 2 5
61 91 8 9
61 92 9 2
61 93 8 4
61 94 6 9
61 95 7 2
61 96 5 9
61 97 5 5
61 98 6 1
61 99 5 3
61 100 4 1
62 64 7 3
62 65 2 5
62 66 4 8
62 67 4 3
62 69 6 10
62 70 6 9
62 71 1 1
62 72 9 6
62 73 5 7
62 74 5 9
62 76 2 1
62 81 7 3
62 84 3 8
62 85 10 6
62 86 1 9
62 87 3 2
62 88 2 10
62 91 7 8
62 92 7 5
62 93 5 7
62 96 5 3
62 97 1 8
62 98 1 6
62 100 1 9
63 64 9 1
63 65 10 4
63 66 8 6
63 69 9 6
63 70 7 7
63 71 1 10
63 72 4 6
63 74 5 1
63 76 7 1
63 77 5 6
63 80 8 3
63 83 9 2
63 84 5 6
63 85 3 1
63 86 5 10
63 87 6 5
63 88 8 10
63 89 5 5
63 91 2 3
63 93 7 8
63 94 8 10
63 95 2 3
63 96 4 6
63 97 6 4
63 98 10 4
63 99 3 5
63 100 3 4
64 65 4 8
64 66 7 3
64 67 9 1
64 69 2 2
64 70 7 1
64 71 8 5
64 72 6 6
64 73 1 1
64 74 4 3
64 75 6 2
64 76 9 10
64 77 5 4
64 78 6 7
64 79 8 7
64 80 5 3
64 81 5 4
64 82 1 8
64 83 7 6
64 84 2 9
64 85 3 10
64 86 8 10
64 87 4 9
64 88 6 3
64 90 2 10
64 92 3 6
64 93 5 1
64 94 3 10
64 95 10 7
64 96 2 3
64 97 8 4
64 98 5 5
65 67 1 7
65 68 8 8
65 69 5 10
65 70 5 7
65 71 6 3
65 73 1 2
65 74 10 1
65 75 3 8
65 76 10 8
65 77 9 9
65 78 4 6
65 80 1 2
65 81 10 7
65 82 7 4
65 83 6 1
65 84 2 6
65 85 6 7
65 87 7 8
65 88 9 8
65 89 10 10
65 90 8 8
65 91 1 1
65 92 2 5
65 93 6 10
65 94 8 4
65 96 8 6
65 97 1 8
65 98 2 4
65 99 2 5
66 68 7 4
66 69 6 3
66 70 7 2
66 71 6 1
66 72 8 3
66 73 5 9
66 74 7 3
66 75 8 7
66 76 7 7
66 77 4 1
66 79 1 6
66 81 9 6
66 82 5 4
66 84 9 1
66 85 5 6
66 86 6 2
66 89 1 10
66 90 2 4
66 91 8 8
66 92 4 4
66 93 3 1
66 94 9 2
66 95 8 10
66 97 4 7
66 98 9 8
66 99 6 10
67 68 9 10
67 69 2 4
67 70 1 9
67 71 8 1
67 72 10 1
67 73 5 4
67 74 5 4
67 75 8 9
67 77 2 1
67 78 1 3
67 82 3 9
67 84 4 3
67 85 7 6
67 86 8 3
67 87 8 8
67 88 6 8
67 89 4 1
67 90 5 2
67 91 4 3
67 92 2 2
67 93 1 5
67 94 4 10
67 96 6 4
67 97 9 6
67 98 2 7
67 99 4 1
68 70 5 3
68 71 5 3
68 72 9 7
68 73 2 3
68 74 9 4
68 76 2 2
68 77 9 7
68 79 7 6
68 81 8 3
68 82 9 9
68 83 1 4
68 84 5 1
68 85 2 6
68 87 5 5
68 88 7 9
68 89 5 6
68 90 3 4
68 91 6 9
68 94 9 5
68 95 8 6
68 99 9 7
69 70 5 1
69 72 10 3
69 73 5 6
69 74 8 10
69 75 10 7
69 76 8 8
69 77 5 6
69 79 8 3
69 80 5 10
69 81 7 5
69 82 1 3
69 83 1 7
69 84 7 1
69 85 3 2
69 86 5 7
69 89 3 7
69 90 10 9
69 92 6 5
69 93 2 7
69 94 3 10
69 95 3 4
69 98 5 9
69 99 1 3
69 100 9 9
70 71 1 3
70 72 7 5
70 73 6 10
70 74 8 1
70 75 4 3
70 77 1 10
70 78 3 10
70 79 8 10
70 80 3 8
70 81 8 6
70 82 9 5
70 83 5 10
70 85 10 3
70 86 10 10
70 87 4 9
70 89 8 10
70 92 5 5
70 93 3 7
70 94 9 5
70 95 2 9
70 96 4 9
70 97 4 6
70 98 3 2
70 99 10 1
70 100 3 4
71 72 4 6
71 73 2 5
71 74 2 3
71 76 5 8
71 77 2 9
71 78 10 1
71 79 3 1
71 80 4 4
71 81 6 7
71 82 8 4
71 86 6 5
71 87 1 7
71 88 8 8
71 89 6 7
71 90 1 9
71 91 9 5
71 92 9 7
71 93 8 8
71 94 5 4
71 95 3 5
71 96 9 10
71 97 10 5
71 99 9 3
71 100 2 9
72 73 6 8
72 75 1 9
72 76 8 2
72 77 6 1
72 79 2 4
72 80 3 9
72 81 2 10
72 82 2 5
72 85 5 4
72 86 3 9
72 87 9 3
72 89 4 6
72 91 4 10
72 92 10 6
72 93 5 3
72 95 6 8
72 96 2 8
72 97 9 7
72 99 1 5
72 100 2 7
73 75 6 9
73 76 5 1
73 78 2 9
73 80 1 6
73 82 9 9
73 83 6 6
73 84 2 7
73 85 4 2
73 86 9 1
73 87 9 6
73 88 1 10
73 89 8 10
73 90 6 9
73 91 3 5
73 92 1 4
73 93 8 3
73 94 5 1
73 95 8 5
73 96 10 10
73 97 6 2
73 98 7 8
73 99 10 5
73 100 7 10
74 75 6 4
74 76 10 7
74 80 1 3
74 81 4 3
74 82 10 2
74 83 5 1
74 84 8 5
74 85 8 7
74 86 10 4
74 87 6 7
74 89 7 8
74 91 3 1
74 94 5 4
74 95 8 7
74 96 1 6
74 97 8 8
74 98 8 2
74 99 9 7
74 100 4 10
75 77 1 3
75 78 4 7
75 80 2 1
75 81 5 10
75 82 7 3
75 83 2 6
75 84 8 8
75 86 10 3
75 88 5 1
75 89 4 3
75 90 5 4
75 91 4 8
75 92 6 1
75 93 3 1
75 94 8 9
75 95 6 2
75 96 10 4
75 99 3 9
75 100 1 3
76 79 10 2
76 80 4 9
76 82 5 9
76 83 4 1
76 84 4 4
76 85 3 8
76 86 3 3
76 87 2 9
76 88 7 6
76 89 2 6
76 90 1 9
76 92 1 1
76 93 4 1
76 94 5 8
76 95 4 4
76 97 1 8
76 98 2 10
76 100 1 6
77 78 7 3
77 80 6 8
77 82 7 10
77 84 10 1
77 86 8 10
77 87 4 5
77 88 8 2
77 89 6 5
77 90 7 6
77 92 4 8
77 93 7 2
77 94 7 10
77 95 1 8
77 97 3 4
77 98 1 3
77 99 7 8
78 79 3 7
78 80 3 2
78 83 10 4
78 84 6 5
78 85 5 8
78 86 9 1
78 87 7 6
78 88 2 3
78 89 1 2
78 90 10 5
78 91 8 4
78 92 8 4
78 93 5 3
78 94 10 2
78 95 3 8
78 96 4 8
78 98 3 1
78 100 3 9
79 81 10 8
79 82 10 9
79 83 9 2
79 84 3 5
79 85 10 8
79 88 2 3
79 89 10 5
79 90 4 5
79 91 5 5
79 92 3 1
79 93 10 10
79 94 7 6
79 95 3 4
79 96 6 9
79 97 2 7
79 98 5 2
79 99 2 5
79 100 2 7
80 81 1 5
80 82 10 4
80 83 5 2
80 84 9 9
80 85 4 2
80 86 5 6
80 87 8 2
80 88 8 10
80 89 8 7
80 91 10 1
80 92 4 7
80 93 10 4
80 94 3 5
80 95 7 1
80 98 10 4
80 100 2 4
81 82 1 9
81 83 4 1
81 84 1 10
81 85 9 2
81 86 10 1
81 87 8 10
81 88 5 2
81 89 10 9
81 90 7 7
81 91 7 5
81 93 9 3
81 94 5 6
81 95 4 8
81 96 1 9
81 97 8 9
81 98 9 1
81 100 10 4
82 84 4 4
82 86 9 1
82 88 2 2
82 89 8 10
82 90 6 9
82 91 4 4
82 92 8 1
82 93 9 1
82 94 9 6
82 97 8 8
82 98 8 5
82 100 5 7
83 86 9 10
83 89 10 5
83 90 4 7
83 91 6 5
83 92 4 10
83 93 1 6
83 95 6 7
83 96 1 8
83 97 8 5
83 98 4 4
83 99 8 3
83 100 9 6
84 85 10 8
84 87 10 5
84 88 7 6
84 89 1 8
84 90 10 2
84 91 2 7
84 92 3 6
84 94 2 4
84 95 5 9
84 99 6 3
84 100 9 6
85 86 7 1
85 87 6 8
85 88 5 3
85 89 2 1
85 90 6 7
85 91 1 5
85 92 3 8
85 94 6 4
85 95 7 4
85 96 5 3
85 97 4 8
85 98 1 7
85 99 10 3
86 87 8 7
86 88 5 10
86 89 4 8
86 90 7 6
86 91 1 6
86 92 1 2
86 93 6 6
86 94 5 5
86 95 9 3
86 96 8 4
86 97 4 6
86 98 9 5
86 99 4 4
86 100 9 1
87 88 4 9
87 89 1 10
87 90 6 2
87 91 7 7
87 92 9 9
87 93 5 8
87 94 1 10
87 95 1 6
87 96 6 2
87 97 4 8
87 98 9 2
87 99 9 6
87 100 2 4
88 89 10 2
88 90 4 10
88 91 9 9
88 92 8 8
88 93 4 9
88 94 6 5
88 95 5 9
88 97 5 3
88 98 4 10
88 99 8 3
88 100 5 2
89 91 5 6
89 92 4 2
89 93 3 2
89 95 2 6
89 96 4 5
89 97 6 2
89 98 4 9
89 99 4 4
89 100 2 9
90 92 9 9
90 93 8 4
90 94 3 2
90 95 5 8
90 96 8 8
90 99 1 7
91 92 9 6
91 93 1 3
91 94 6 4
91 95 1 7
91 96 5 1
91 97 10 9
91 98 8 8
91 99 5 10
92 93 5 2
92 94 1 8
92 96 10 7
92 97 6 9
92 98 7 8
92 99 3 10
92 100 4 7
93 94 6 1
93 96 10 1
93 97 1 3
93 98 8 7
93 99 2 6
94 96 9 8
94 97 8 8
94 98 7 5
94 99 2 10
95 96 10 2
95 98 8 2
95 99 7 10
96 98 1 9
96 99 3 9
96 100 2 3
97 98 3 2
97 99 2 3
97 100 10 2
98 99 7 10
98 100 6 9
99 100 7 7
1
1 2 3 4 5 6 7 8 9 10 11 12 13 14 15 16 17 18 19 20 21 22 23 24 25 26 27 28 29 30 31 32 33 34 35 36 37 38 39 40 41 42 43 44 45 46 47 48 49 50
