3972
1 2 1 4
1 4 6 9
1 5 2 6
1 7 8 6
1 10 3 7
1 11 4 7
1 12 4 1
1 13 10 10
1 14 3 6
1 16 8 4
1 17 2 3
1 19 4 5
1 20 5 1
1 21 8 9
1 24 6 5
1 26 7 9
1 27 5 5
1 28 5 2
1 30 7 10
1 31 10 4
1 32 8 10
1 33 1 4
1 34 6 9
1 35 6 7
1 36 1 4
1 38 6 4
1 39 3 10
1 40 6 10
1 41 9 1
1 42 1 10
1 43 9 10
1 44 1 4
1 45 10 3
1 46 2 2
1 47 1 10
1 48 2 9
1 49 5 3
1 50 2 10
1 51 5 9
1 52 6 8
1 53 5 10
1 54 8 6
1 55 6 5
1 56 9 7
1 57 7 9
1 58 5 10
1 59 3 7
1 60 6 6
1 61 9 5
1 65 8 5
1 66 2 8
1 67 10 2
1 69 10 9
1 70 5 3
1 71 5 9
1 72 7 8
1 73 3 8
1 74 1 1
1 75 10 7
1 78 5 4
1 79 7 4
1 80 4 3
1 81 8 1
1 83 2 6
1 85 4 8
1 86 2 3
1 87 2 8
1 88 3 5
1 89 10 9
1 90 9 1
1 91 2 2
1 92 1 8
1 93 2 5
1 94 8 4
1 95 4 6
1 96 2 3
1 97 9 2
1 98 6 1
1 99 5 9
2 3 7 3
2 4 1 8
2 5 10 9
2 6 4 10
2 8 9 5
2 9 7 8
2 10 3 5
2 11 9 9
2 14 9 1
2 15 1 7
2 16 9 3
2 17 1 5
2 18 10 7
2 19 6 8
2 21 5 6
2 23 2 4
2 25 7 8
2 26 3 2
2 28 4 4
2 29 4 8
2 30 4 6
2 31 8 9
2 32 4 8
2 33 8 2
2 34 6 9
2 35 5 7
2 36 5 8
2 37 9 9
2 38 4 8
2 39 5 6
2 40 8 9
2 41 8 6
2 42 3 3
2 43 7 10
2 45 2 1
2 46 9 8
2 48 5 2
2 49 10 3
2 50 5 7
2 51 4 10
2 52 1 3
2 53 7 2
2 54 8 10
2 55 5 7
2 56 1 1
2 57 9 7
2 58 8 4
2 59 4 8
2 60 5 9
2 62 1 9
2 63 6 6
2 64 10 8
2 65 6 8
2 66 7 8
2 67 2 9
2 68 6 1
2 69 4 3
2 70 10 9
2 71 7 9
2 72 4 5
2 73 8 4
2 75 1 9
2 76 7 8
2 77 2 4
2 78 7 9
2 79 5 3
2 82 8 5
2 83 7 6
2 84 10 6
2 85 1 10
2 87 1 3
2 88 3 8
2 89 7 3
2 91 4 6
2 92 6 10
2 93 7 6
2 94 10 4
2 95 6 5
2 97 9 9
2 98 4 1
2 99 3 1
3 4 6 2
3 6 3 9
3 8 7 6
3 9 4 6
3 10 9 8
3 11 9 1
3 14 2 9
3 15 6 4
3 16 7 1
3 17 9 4
3 18 7 10
3 19 5 7
3 21 9 8
3 23 1 9
3 24 3 1
3 26 2 3
3 27 8 9
3 28 1 10
3 29 4 1
3 30 1 3
3 31 3 2
3 33 9 3
3 34 5 1
3 35 5 6
3 38 5 1
3 40 3 6
3 42 8 1
3 43 10 3
3 45 7 4
3 46 10 2
3 49 8 3
3 50 9 10
3 51 10 4
3 52 3 9
3 53 7 10
3 54 4 9
3 56 1 6
3 57 6 3
3 58 4 9
3 59 2 10
3 60 2 7
3 61 7 9
3 62 4 5
3 64 6 10
3 65 7 5
3 66 1 10
3 67 7 7
3 68 1 8
3 70 5 10
3 71 2 7
3 72 1 3
3 73 7 3
3 74 7 3
3 75 8 8
3 76 4 1
3 77 9 3
3 79 10 7
3 80 4 9
3 81 2 9
3 82 4 9
3 83 7 7
3 86 7 7
3 88 2 3
3 90 5 6
3 91 7 3
3 92 10 1
3 94 2 1
3 95 7 3
3 96 10 4
3 97 4 9
3 99 3 8
3 100 5 9
4 6 9 6
4 7 9 4
4 8 4 1
4 10 9 3
4 11 7 5
4 13 6 8
4 14 1 4
4 15 2 5
4 16 1 9
4 17 4 9
4 18 2 7
4 19 5 4
4 20 6 10
4 21 9 7
4 22 9 2
4 23 5 8
4 24 5 7
4 27 7 1
4 28 7 4
4 29 9 7
4 31 1 6
4 33 10 5
4 34 3 4
4 35 9 6
4 36 8 5
4 37 4 10
4 38 1 6
4 40 2 3
4 41 7 4
4 42 7 7
4 44 7 2
4 45 5 4
4 46 10 1
4 47 3 1
4 48 8 6
4 49 10 3
4 51 6 6
4 52 7 4
4 53 6 8
4 54 3 6
4 55 7 3
4 57 1 1
4 58 3 8
4 59 2 1
4 60 2 5
4 61 6 6
4 63 8 9
4 64 8 9
4 65 3 5
4 66 8 9
4 67 6 8
4 68 9 2
4 69 3 2
4 70 3 10
4 71 2 2
4 72 3 3
4 73 5 4
4 74 6 9
4 75 2 3
4 77 5 5
4 78 10 1
4 80 6 6
4 81 7 5
4 82 2 1
4 83 7 8
4 84 10 1
4 85 2 4
4 86 8 8
4 87 6 1
4 89 6 4
4 90 10 8
4 91 1 7
4 92 5 7
4 93 1 10
4 94 7 2
4 95 2 7
4 98 10 10
4 100 8 4
5 6 5 1
5 7 4 4
5 9 2 8
5 11 3 6
5 12 2 4
5 16 3 9
5 17 2 8
5 18 7 5
5 19 9 4
5 21 10 5
5 22 4 2
5 25 6 2
5 26 3 1
5 27 8 1
5 29 10 2
5 30 7 1
5 31 5 10
5 32 4 6
5 33 10 1
5 34 5 4
5 35 9 9
5 36 2 9
5 38 1 6
5 39 5 2
5 40 7 2
5 44 3 4
5 46 8 10
5 48 5 2
5 50 6 9
5 51 9 6
5 52 6 2
5 53 1 7
5 54 6 5
5 55 6 8
5 56 4 8
5 57 7 2
5 58 7 4
5 62 2 4
5 63 10 6
5 64 2 10
5 65 1 5
5 67 9 7
5 68 6 9
5 69 8 7
5 70 10 8
5 71 8 6
5 72 1 7
5 73 9 5
5 74 2 3
5 75 9 4
5 76 8 9
5 78 1 7
5 79 9 4
5 81 6 10
5 83 10 5
5 84 4 9
5 85 3 8
5 86 10 9
5 87 9 9
5 88 4 1
5 89 5 9
5 90 2 1
5 91 1 10
5 92 9 1
5 93 10 8
5 96 5 10
5 97 3 5
5 99 8 6
5 100 5 7
6 7 9 7
6 8 8 1
6 9 9 7
6 10 6 10
6 11 8 6
6 12 2 4
6 13 9 7
6 14 10 4
6 16 4 3
6 17 8 3
6 18 7 7
6 19 1 8
6 21 10 3
6 22 8 6
6 24 5 7
6 25 6 5
6 26 6 4
6 27 8 8
6 28 2 3
6 29 1 7
6 30 4 1
6 31 10 3
6 32 9 8
6 33 1 4
6 34 8 2
6 35 8 5
6 36 5 2
6 37 5 6
6 39 5 6
6 40 3 5
6 41 7 8
6 43 1 8
6 45 8 3
6 46 8 5
6 47 2 4
6 48 7 9
6 49 1 3
6 50 9 6
6 52 6 6
6 53 9 3
6 54 2 4
6 55 2 7
6 56 7 9
6 57 4 3
6 58 3 5
6 59 7 2
6 60 2 5
6 61 8 4
6 64 2 7
6 65 9 1
6 66 4 10
6 67 5 9
6 68 10 5
6 69 6 1
6 70 10 1
6 71 2 1
6 72 9 3
6 73 7 5
6 74 3 4
6 75 5 4
6 77 2 4
6 78 4 8
6 79 6 2
6 80 3 8
6 81 6 9
6 82 4 2
6 83 4 3
6 84 1 7
6 85 9 1
6 86 10 5
6 87 8 10
6 88 4 5
6 89 2 8
6 91 5 9
6 92 8 6
6 94 3 9
6 95 6 3
6 96 1 8
6 97 4 1
6 99 9 6
6 100 6 3
7 8 4 8
7 10 5 4
7 12 5 2
7 13 4 7
7 14 7 1
7 15 1 8
7 16 5 8
7 17 4 9
7 18 9 6
7 19 6 7
7 20 3 6
7 22 6 6
7 23 9 8
7 25 3 6
7 26 8 5
7 28 1 2
7 29 2 2
7 30 7 5
7 31 6 5
7 32 4 9
7 33 8 10
7 34 1 2
7 35 6 9
7 36 6 7
7 38 1 8
7 40 10 9
7 42 3 5
7 46 7 5
7 47 8 1
7 48 1 4
7 49 3 10
7 50 2 9
7 51 1 4
7 52 6 10
7 53 8 1
7 54 4 6
7 55 10 2
7 56 4 8
7 57 8 10
7 58 1 10
7 59 5 3
7 60 5 8
7 61 8 1
7 63 2 2
7 65 9 7
7 66 5 1
7 67 1 7
7 68 1 6
7 69 8 7
7 70 4 4
7 71 6 5
7 72 1 2
7 74 1 3
7 75 9 3
7 76 6 3
7 77 6 3
7 79 8 5
7 81 4 1
7 82 10 2
7 83 9 5
7 84 9 6
7 86 9 2
7 88 1 10
7 90 1 1
7 91 2 5
7 92 7 10
7 93 2 7
7 94 8 10
7 96 4 8
7 97 7 4
7 99 3 5
7 100 6 6
8 10 4 3
8 11 1 6
8 12 4 9
8 14 7 3
8 15 1 10
8 17 4 7
8 18 10 2
8 19 1 9
8 24 4 1
8 25 6 9
8 26 7 7
8 27 1 6
8 28 4 2
8 29 2 9
8 30 3 9
8 31 8 5
8 32 9 1
8 33 3 2
8 34 3 3
8 38 10 9
8 40 7 2
8 41 6 9
8 42 3 1
8 43 3 9
8 44 9 8
8 45 10 8
8 46 9 1
8 47 9 6
8 48 6 3
8 50 1 4
8 51 7 3
8 52 8 8
8 53 3 1
8 54 1 6
8 55 5 9
8 56 3 2
8 58 5 4
8 59 8 5
8 60 8 9
8 62 7 1
8 63 4 8
8 65 10 6
8 67 6 7
8 68 2 1
8 70 7 4
8 71 6 7
8 73 2 2
8 74 9 8
8 75 7 1
8 76 1 10
8 77 1 6
8 79 4 5
8 80 8 3
8 81 4 9
8 82 2 1
8 83 3 3
8 84 7 9
8 85 7 5
8 86 5 2
8 87 9 2
8 88 5 3
8 89 5 5
8 90 5 6
8 91 9 6
8 92 1 8
8 93 5 1
8 95 7 6
8 97 4 8
8 99 1 8
8 100 6 8
9 10 9 6
9 13 8 4
9 14 9 5
9 16 6 7
9 17 9 3
9 18 4 6
9 21 1 10
9 22 5 2
9 23 10 1
9 24 1 2
9 25 10 2
9 26 2 5
9 28 3 7
9 30 10 5
9 31 2 7
9 33 9 7
9 34 3 3
9 35 9 7
9 36 3 2
9 38 8 9
9 39 6 4
9 40 5 2
9 41 7 9
9 42 9 3
9 43 9 2
9 45 2 10
9 47 6 9
9 48 4 1
9 50 5 7
9 51 8 5
9 53 5 3
9 54 4 10
9 55 8 10
9 56 6 3
9 57 10 4
9 58 10 3
9 59 6 7
9 60 10 6
9 61 4 3
9 62 3 5
9 64 4 9
9 65 9 6
9 67 1 5
9 69 8 1
9 70 8 7
9 71 8 10
9 72 9 6
9 73 5 3
9 74 2 3
9 76 9 7
9 78 7 1
9 79 10 4
9 80 4 7
9 81 6 7
9 82 10 6
9 83 8 10
9 84 9 9
9 85 5 4
9 87 4 7
9 88 3 5
9 89 9 7
9 90 5 9
9 92 3 10
9 93 7 10
9 94 9 1
9 95 2 6
9 97 7 1
9 98 1 8
9 99 6 4
9 100 1 2
10 11 5 9
10 12 9 1
10 13 10 3
10 14 7 10
10 15 2 10
10 16 5 6
10 17 10 4
10 19 7 7
10 21 7 5
10 24 5 8
10 25 2 9
10 26 10 6
10 27 8 5
10 28 2 6
10 30 5 4
10 33 4 10
10 35 9 8
10 37 8 1
10 38 3 8
10 39 1 5
10 40 8 9
10 41 2 1
10 42 5 9
10 43 10 10
10 44 6 5
10 46 6 7
10 48 8 10
10 49 8 2
10 50 5 1
10 51 6 5
10 52 3 4
10 53 4 1
10 55 4 10
10 56 4 2
10 57 8 3
10 59 8 10
10 60 8 5
10 61 1 3
10 62 5 2
10 63 2 1
10 64 5 9
10 65 4 10
10 66 1 3
10 67 5 6
10 68 10 7
10 69 10 2
10 71 7 7
10 73 3 7
10 74 1 4
10 76 5 4
10 77 6 10
10 80 9 2
10 81 4 3
10 83 4 1
10 84 10 3
10 85 1 9
10 86 3 9
10 87 5 8
10 89 7 1
10 90 4 5
10 91 3 8
10 92 3 5
10 93 4 5
10 94 8 2
10 95 4 6
10 96 8 7
10 97 6 2
10 98 10 7
10 99 8 4
11 12 1 10
11 13 1 5
11 14 4 1
11 15 8 10
11 16 6 2
11 17 1 10
11 18 10 7
11 19 7 5
11 20 3 1
11 21 4 8
11 22 8 9
11 23 3 4
11 25 10 7
11 26 1 1
11 27 10 6
11 28 3 4
11 30 5 7
11 31 8 1
11 33 2 9
11 34 10 4
11 35 3 4
11 36 3 10
11 37 1 7
11 38 6 6
11 40 7 10
11 41 10 5
11 42 4 6
11 45 8 6
11 46 7 3
11 48 5 6
11 49 10 1
11 50 2 3
11 51 9 1
11 52 1 8
11 55 2 5
11 56 5 5
11 57 5 4
11 58 7 9
11 59 6 1
11 60 9 2
11 61 7 6
11 63 9 6
11 66 6 8
11 67 3 7
11 68 7 1
11 69 7 4
11 70 6 4
11 71 8 5
11 72 9 8
11 73 2 1
11 74 5 1
11 76 2 10
11 77 5 10
11 79 10 2
11 80 7 1
11 81 9 3
11 82 2 10
11 83 7 8
11 84 6 8
11 85 10 1
11 86 4 1
11 87 4 7
11 88 5 6
11 90 7 1
11 91 8 1
11 92 1 9
11 93 4 7
11 94 6 5
11 96 6 9
11 97 6 2
11 98 9 1
11 99 6 2
11 100 10 7
12 13 6 1
12 14 7 9
12 15 2 8
12 18 2 5
12 19 9 1
12 20 9 6
12 21 3 6
12 22 5 8
12 23 2 9
12 24 1 2
12 26 2 9
12 27 4 7
12 28 7 7
12 29 6 2
12 31 10 4
12 33 1 5
12 34 9 6
12 35 10 10
12 36 7 3
12 38 3 10
12 39 8 3
12 40 6 1
12 41 9 8
12 43 10 10
12 44 9 4
12 45 2 6
12 46 3 4
12 47 4 1
12 48 8 3
12 50 9 6
12 51 6 3
12 52 9 7
12 53 9 1
12 54 10 10
12 55 10 8
12 56 1 6
12 57 5 1
12 58 9 5
12 59 2 2
12 60 10 1
12 61 7 4
12 62 5 5
12 63 1 4
12 65 1 1
12 66 9 9
12 67 10 5
12 68 2 6
12 69 3 2
12 71 9 8
12 72 2 7
12 73 4 8
12 74 10 4
12 75 9 3
12 76 2 5
12 77 3 10
12 78 7 4
12 79 9 1
12 81 4 2
12 82 5 6
12 85 3 6
12 86 7 9
12 87 9 9
12 88 10 9
12 89 10 3
12 90 3 5
12 92 9 7
12 93 1 7
12 94 10 5
12 95 7 10
12 96 7 7
12 97 6 6
12 98 9 6
12 99 4 2
12 100 10 9
13 15 2 5
13 16 2 3
13 17 8 4
13 18 1 8
13 19 10 10
13 20 9 9
13 21 3 9
13 22 3 7
13 23 2 10
13 24 5 9
13 25 6 5
13 26 3 4
13 27 3 8
13 30 10 2
13 31 7 6
13 32 3 6
13 33 2 2
13 34 6 3
13 36 4 1
13 37 8 10
13 38 6 10
13 41 3 8
13 42 9 9
13 43 8 4
13 44 3 7
13 45 3 9
13 46 7 10
13 47 2 8
13 48 8 1
13 49 7 10
13 50 7 6
13 51 9 9
13 52 3 1
13 54 4 7
13 58 3 6
13 59 9 8
13 61 10 2
13 62 8 5
13 63 7 7
13 65 1 5
13 66 1 9
13 68 5 10
13 69 5 9
13 70 8 10
13 72 3 2
13 73 6 6
13 74 8 1
13 75 10 10
13 76 2 5
13 77 3 5
13 78 5 7
13 79 10 4
13 80 7 7
13 81 3 2
13 82 5 6
13 83 2 6
13 84 1 4
13 85 1 9
13 86 10 10
13 87 10 6
13 88 3 3
13 89 4 8
13 90 8 8
13 93 2 3
13 94 3 8
13 95 4 2
13 98 4 10
13 99 7 2
13 100 1 6
14 15 6 2
14 17 3 3
14 18 6 8
14 20 10 2
14 21 6 5
14 22 2 10
14 23 6 5
14 24 9 4
14 25 1 9
14 27 1 2
14 28 6 9
14 30 5 7
14 31 4 9
14 32 5 3
14 33 5 8
14 34 10 3
14 36 10 1
14 37 5 10
14 38 7 7
14 42 9 8
14 43 5 5
14 44 3 10
14 45 1 2
14 46 6 2
14 47 1 7
14 48 5 3
14 49 1 5
14 50 1 6
14 52 3 5
14 53 2 3
14 54 8 3
14 55 8 2
14 56 5 6
14 57 6 3
14 58 6 7
14 62 3 2
14 63 5 6
14 64 3 6
14 65 1 2
14 66 3 9
14 67 1 1
14 68 1 10
14 70 6 6
14 71 2 10
14 72 7 10
14 73 10 4
14 74 1 5
14 76 9 7
14 77 9 5
14 78 1 6
14 79 5 9
14 80 6 9
14 81 3 1
14 82 5 2
14 83 4 5
14 84 3 7
14 86 1 7
14 87 7 7
14 88 3 3
14 89 10 7
14 90 6 1
14 91 3 8
14 92 10 5
14 93 4 7
14 95 9 9
14 96 10 8
14 97 3 5
14 98 2 4
14 99 10 9
14 100 3 7
15 16 5 10
15 17 1 3
15 18 5 1
15 19 8 1
15 20 3 8
15 21 1 10
15 22 1 4
15 24 9 3
15 25 1 2
15 26 1 10
15 27 3 9
15 28 3 8
15 30 7 3
15 31 2 6
15 32 7 9
15 33 6 7
15 35 3 10
15 36 1 5
15 37 8 9
15 38 3 4
15 39 6 8
15 40 9 7
15 43 6 10
15 44 10 9
15 45 8 4
15 46 4 2
15 51 9 7
15 52 9 2
15 53 2 9
15 54 1 5
15 55 2 2
15 56 5 7
15 57 7 8
15 58 4 7
15 60 5 8
15 61 10 4
15 62 7 1
15 63 9 6
15 65 10 8
15 66 7 8
15 67 6 7
15 68 7 3
15 69 10 4
15 70 8 9
15 71 1 8
15 73 6 4
15 74 8 3
15 75 7 3
15 76 5 7
15 77 1 2
15 78 1 2
15 79 9 6
15 80 2 9
15 81 2 10
15 82 10 6
15 84 5 10
15 85 2 9
15 86 3 7
15 87 9 10
15 88 7 3
15 89 6 8
15 90 6 10
15 91 6 4
15 93 9 6
15 94 2 5
15 96 2 5
15 97 5 5
15 98 7 7
15 99 3 8
15 100 9 4
16 17 9 7
16 18 7 4
16 19 7 7
16 20 8 10
16 21 7 10
16 23 8 1
16 24 6 2
16 25 8 6
16 27 10 9
16 28 4 4
16 29 9 6
16 34 7 9
16 35 6 10
16 36 10 8
16 37 5 3
16 38 2 8
16 40 9 3
16 42 6 4
16 43 8 10
16 44 4 10
16 45 9 9
16 46 1 10
16 48 5 10
16 49 3 9
16 50 6 10
16 51 1 9
16 53 5 10
16 54 6 4
16 55 6 9
16 57 8 4
16 60 10 10
16 61 3 5
16 62 4 3
16 63 5 2
16 64 3 7
16 65 5 1
16 66 1 10
16 67 8 7
16 68 3 2
16 69 10 4
16 71 7 8
16 72 3 6
16 74 7 2
16 75 6 6
16 76 8 9
16 77 4 6
16 78 10 3
16 79 3 3
16 80 5 7
16 81 6 10
16 82 8 5
16 83 8 7
16 84 4 3
16 85 4 2
16 87 6 5
16 88 9 10
16 89 3 5
16 90 10 1
16 92 9 3
16 93 4 1
16 94 4 10
16 95 4 2
16 96 2 7
16 97 7 4
16 98 1 7
16 99 10 5
16 100 5 9
17 18 8 3
17 19 1 1
17 20 9 5
17 21 5 10
17 23 3 9
17 24 9 8
17 25 4 5
17 26 2 1
17 27 2 1
17 28 7 2
17 29 10 10
17 30 4 10
17 31 6 10
17 32 5 9
17 35 8 1
17 37 3 8
17 38 4 1
17 39 4 6
17 41 2 3
17 42 3 7
17 44 8 2
17 45 4 7
17 46 3 2
17 47 6 4
17 48 10 2
17 50 9 5
17 51 7 2
17 52 2 1
17 53 4 6
17 54 4 7
17 55 4 9
17 56 1 5
17 57 8 2
17 58 7 10
17 59 10 4
17 60 3 6
17 62 7 2
17 63 4 8
17 64 7 2
17 67 8 6
17 69 10 4
17 70 8 1
17 71 4 10
17 72 3 4
17 73 2 3
17 74 4 10
17 75 6 3
17 76 2 2
17 77 7 6
17 79 5 6
17 80 7 5
17 81 6 9
17 82 6 8
17 83 10 8
17 84 5 4
17 85 10 4
17 86 3 6
17 87 3 9
17 89 6 10
17 90 1 6
17 91 2 8
17 93 7 2
17 94 5 9
17 95 1 5
17 96 3 6
17 97 4 4
17 98 2 5
17 99 2 10
17 100 9 10
18 19 8 1
18 20 5 5
18 21 4 6
18 22 1 5
18 23 4 4
18 24 7 9
18 26 3 2
18 27 6 5
18 28 7 4
18 30 1 2
18 32 3 4
18 33 3 7
18 34 2 9
18 35 6 9
18 36 8 6
18 37 9 3
18 38 8 5
18 39 3 2
18 40 1 2
18 41 4 4
18 42 3 3
18 44 1 9
18 45 2 3
18 46 9 1
18 47 10 6
18 48 10 4
18 51 4 2
18 52 8 8
18 53 2 7
18 54 5 3
18 56 9 2
18 57 9 8
18 58 9 9
18 59 7 3
18 60 1 1
18 61 1 2
18 63 10 1
18 64 8 3
18 65 1 10
18 66 6 3
18 68 6 9
18 69 4 8
18 71 5 6
18 72 8 9
18 73 3 4
18 74 6 9
18 76 3 9
18 77 8 10
18 78 9 7
18 79 4 5
18 80 4 3
18 81 7 1
18 82 7 8
18 84 5 2
18 85 3 8
18 86 6 9
18 87 3 8
18 88 2 1
18 89 3 1
18 91 9 10
18 93 5 6
18 94 1 2
18 95 2 7
18 97 2 6
18 99 10 3
18 100 9 6
19 20 6 4
19 21 2 7
19 22 6 3
19 23 5 9
19 25 2 8
19 26 9 2
19 28 9 9
19 29 1 5
19 30 8 2
19 31 4 2
19 32 7 1
19 33 2 8
19 34 4 9
19 35 7 7
19 36 10 6
19 37 10 2
19 38 1 7
19 39 5 4
19 40 9 9
19 41 10 2
19 44 4 7
19 45 8 2
19 46 5 6
19 48 4 1
19 49 4 2
19 50 3 5
19 51 9 6
19 52 8 4
19 53 7 2
19 54 6 2
19 55 1 10
19 56 7 9
19 57 9 1
19 61 7 10
19 63 5 1
19 66 4 2
19 67 1 8
19 68 5 3
19 69 1 7
19 71 4 7
19 72 2 7
19 75 4 5
19 76 1 3
19 79 10 2
19 80 6 8
19 81 10 9
19 82 5 3
19 83 4 6
19 84 1 2
19 85 7 10
19 86 7 2
19 87 2 6
19 88 9 5
19 89 10 1
19 90 8 8
19 91 4 2
19 92 1 1
19 95 8 1
19 97 1 5
19 98 7 8
19 99 6 8
19 100 6 6
20 21 2 9
20 22 2 7
20 24 5 2
20 25 10 4
20 26 8 9
20 27 8 5
20 29 3 7
20 30 10 8
20 31 9 5
20 32 10 2
20 33 8 6
20 34 1 10
20 35 9 2
20 36 3 4
20 37 1 6
20 38 7 1
20 39 2 6
20 40 9 7
20 41 1 3
20 42 4 1
20 43 1 10
20 44 8 5
20 45 5 10
20 46 6 10
20 48 1 4
20 49 5 4
20 50 6 8
20 51 4 8
20 52 5 4
20 53 6 6
20 54 5 10
20 56 4 8
20 61 2 4
20 62 3 9
20 63 6 4
20 64 7 10
20 65 10 8
20 66 5 10
20 67 3 6
20 68 3 6
20 71 8 4
20 72 1 1
20 74 9 3
20 75 4 7
20 76 5 7
20 78 3 5
20 79 10 5
20 80 2 4
20 81 9 1
20 82 8 7
20 84 9 5
20 85 5 4
20 86 3 4
20 87 1 7
20 90 9 3
20 91 10 2
20 92 8 2
20 93 8 8
20 95 3 10
20 96 5 4
20 97 10 6
20 98 2 1
20 99 2 9
20 100 5 2
21 22 6 6
21 23 7 6
21 24 9 5
21 26 6 8
21 27 8 7
21 29 10 4
21 30 4 10
21 31 1 8
21 32 8 10
21 33 2 1
21 34 2 10
21 35 10 6
21 36 8 3
21 38 3 8
21 39 2 5
21 40 8 2
21 42 9 8
21 43 6 7
21 46 1 9
21 47 10 9
21 48 5 3
21 49 9 4
21 50 1 1
21 51 6 5
21 52 10 5
21 53 7 6
21 55 7 10
21 56 2 9
21 58 1 2
21 59 4 10
21 60 2 1
21 61 10 1
21 62 7 5
21 63 8 6
21 66 3 7
21 67 7 2
21 69 5 6
21 70 10 9
21 71 7 4
21 72 6 4
21 73 9 10
21 75 5 4
21 76 10 7
21 77 10 4
21 79 4 5
21 80 10 4
21 82 2 1
21 83 2 4
21 84 1 8
21 85 2 4
21 86 10 9
21 87 1 4
21 88 9 4
21 89 6 2
21 91 2 7
21 93 6 9
21 94 10 4
21 95 5 1
21 96 6 9
21 97 3 2
21 98 4 7
21 100 2 7
22 24 3 1
22 25 4 4
22 26 3 3
22 29 4 5
22 30 1 5
22 31 1 6
22 32 2 2
22 33 8 9
22 34 9 3
22 35 9 6
22 36 3 7
22 37 8 3
22 38 1 7
22 39 3 1
22 40 4 6
22 41 1 6
22 42 8 10
22 43 1 9
22 44 4 1
22 45 1 6
22 46 6 4
22 47 5 2
22 48 6 4
22 49 3 8
22 51 8 6
22 52 6 7
22 53 10 10
22 55 1 4
22 56 6 10
22 57 5 1
22 58 5 9
22 59 4 1
22 60 2 1
22 61 9 8
22 62 5 5
22 63 3 8
22 64 6 3
22 65 7 5
22 66 5 1
22 68 8 9
22 69 1 3
22 71 5 5
22 73 9 4
22 74 7 6
22 75 5 4
22 76 7 6
22 77 6 3
22 78 4 3
22 80 1 8
22 81 4 5
22 83 10 1
22 84 8 9
22 85 8 10
22 86 8 10
22 87 3 7
22 88 6 6
22 89 7 2
22 90 4 2
22 92 1 9
22 93 2 10
22 94 3 10
22 95 1 7
22 96 2 9
22 97 8 2
22 98 10 10
22 99 2 3
22 100 5 6
23 24 7 5
23 26 3 6
23 27 1 9
23 28 10 8
23 29 10 3
23 31 9 10
23 32 8 7
23 33 2 10
23 34 8 5
23 35 9 1
23 38 6 5
23 39 2 6
23 40 8 5
23 41 9 10
23 43 7 9
23 44 5 10
23 45 8 1
23 46 7 10
23 48 9 4
23 49 8 5
23 50 9 9
23 51 3 5
23 52 5 6
23 53 6 7
23 55 6 10
23 56 7 10
23 57 2 7
23 58 9 6
23 62 5 2
23 64 10 1
23 65 3 10
23 66 7 7
23 67 7 10
23 68 6 9
23 71 10 1
23 72 10 8
23 73 5 3
23 74 7 9
23 75 6 7
23 76 4 4
23 77 5 7
23 78 10 10
23 79 7 1
23 80 9 3
23 81 2 5
23 82 8 5
23 83 2 6
23 84 10 4
23 85 1 5
23 86 9 9
23 87 5 2
23 88 6 3
23 89 3 1
23 90 10 10
23 91 3 9
23 93 8 1
23 94 2 3
23 95 5 4
23 96 9 6
23 97 2 5
23 98 7 6
23 99 1 2
23 100 6 2
24 25 1 7
24 26 2 2
24 27 9 9
24 29 10 2
24 30 9 5
24 31 2 8
24 34 8 5
24 35 7 8
24 36 3 6
24 38 7 1
24 39 5 4
24 40 10 7
24 41 10 7
24 42 4 9
24 43 1 6
24 44 6 10
24 46 1 5
24 47 5 7
24 48 4 4
24 49 5 7
24 50 1 2
24 51 5 9
24 53 2 8
24 54 7 3
24 55 10 10
24 56 3 5
24 57 6 4
24 58 2 7
24 59 2 3
24 60 2 4
24 61 2 1
24 62 8 6
24 63 9 3
24 64 8 5
24 65 10 6
24 66 1 8
24 67 3 8
24 68 10 6
24 69 2 6
24 70 8 7
24 71 2 9
24 72 6 3
24 73 4 4
24 74 5 3
24 75 4 7
24 76 9 3
24 77 8 2
24 78 3 3
24 79 1 3
24 80 3 2
24 81 7 5
24 82 6 1
24 83 5 9
24 85 2 3
24 86 5 10
24 88 3 8
24 89 3 6
24 90 10 3
24 91 1 8
24 92 3 1
24 93 4 8
24 95 4 2
24 96 7 9
24 98 8 5
24 99 9 6
24 100 2 8
25 26 6 4
25 28 2 5
25 29 10 1
25 31 9 5
25 32 4 5
25 33 10 10
25 35 6 9
25 36 8 4
25 37 7 9
25 42 3 7
25 43 1 7
25 44 1 3
25 45 3 6
25 46 10 1
25 47 1 4
25 48 2 1
25 49 9 4
25 50 4 5
25 51 9 10
25 52 8 5
25 53 2 2
25 54 7 9
25 55 8 6
25 56 1 2
25 57 9 2
25 59 2 7
25 60 2 6
25 61 2 1
25 62 2 1
25 64 5 6
25 66 6 1
25 67 5 8
25 68 1 5
25 70 1 6
25 71 1 5
25 72 10 8
25 73 9 2
25 77 7 7
25 80 1 4
25 81 10 5
25 82 5 8
25 83 9 9
25 84 9 1
25 85 9 2
25 86 1 5
25 87 5 7
25 88 2 4
25 89 8 3
25 90 2 6
25 91 9 9
25 92 9 6
25 93 10 9
25 94 3 8
25 95 4 5
25 96 2 1
25 97 4 8
25 98 10 5
25 99 6 8
25 100 7 3
26 27 8 6
26 28 8 10
26 29 10 5
26 30 3 8
26 31 3 10
26 32 7 6
26 33 7 2
26 34 9 8
26 36 1 6
26 37 9 2
26 38 8 7
26 39 2 9
26 40 7 9
26 41 2 8
26 42 6 4
26 43 3 10
26 44 6 8
26 45 2 9
26 47 4 2
26 48 3 1
26 49 9 1
26 51 8 7
26 52 8 6
26 53 6 3
26 54 4 6
26 55 4 3
26 56 5 7
26 57 7 1
26 58 8 10
26 59 4 3
26 61 6 4
26 63 5 10
26 64 3 1
26 65 4 5
26 66 3 10
26 69 3 3
26 70 3 10
26 71 3 1
26 73 3 2
26 74 9 1
26 75 7 10
26 76 7 2
26 77 10 9
26 78 10 8
26 79 7 1
26 80 9 7
26 81 5 8
26 82 2 4
26 84 7 10
26 85 5 6
26 86 3 2
26 87 6 7
26 88 5 2
26 89 9 3
26 90 8 10
26 92 9 5
26 94 8 9
26 95 3 10
26 96 1 5
26 97 3 4
26 98 10 3
26 99 3 3
27 29 2 4
27 30 8 2
27 31 2 4
27 32 10 4
27 33 10 4
27 34 5 10
27 35 4 8
27 36 7 5
27 37 10 8
27 38 2 6
27 39 8 6
27 40 7 4
27 41 3 2
27 43 5 2
27 44 6 1
27 45 1 10
27 46 6 3
27 47 9 7
27 48 8 1
27 49 10 10
27 51 9 7
27 52 6 5
27 53 5 3
27 54 3 1
27 55 6 8
27 57 9 3
27 59 5 10
27 64 3 2
27 65 6 3
27 66 5 7
27 67 10 4
27 68 3 7
27 70 8 9
27 73 10 8
27 74 3 7
27 76 1 6
27 78 6 4
27 79 3 4
27 81 1 5
27 82 5 6
27 86 7 10
27 87 10 2
27 88 7 1
27 89 9 7
27 90 1 6
27 91 5 8
27 92 9 9
27 93 7 3
27 94 6 9
27 95 4 6
27 96 1 7
27 97 5 9
27 98 7 1
27 99 7 7
27 100 4 1
28 29 7 5
28 31 4 2
28 32 4 7
28 34 2 4
28 35 1 3
28 36 2 1
28 37 4 9
28 38 10 9
28 39 8 1
28 40 4 8
28 41 10 8
28 42 5 6
28 43 3 2
28 45 5 3
28 46 3 2
28 47 10 1
28 48 2 2
28 50 1 10
28 51 1 2
28 52 10 8
28 53 7 9
28 54 8 9
28 55 3 10
28 56 2 7
28 57 2 6
28 58 3 4
28 60 9 3
28 61 6 3
28 63 2 4
28 65 1 10
28 66 4 2
28 67 3 7
28 69 1 9
28 70 9 10
28 71 1 4
28 72 8 2
28 73 2 5
28 74 10 2
28 75 8 2
28 77 7 5
28 78 5 10
28 79 9 3
28 80 9 3
28 81 5 1
28 82 7 2
28 83 5 4
28 84 5 5
28 87 3 2
28 88 10 3
28 89 6 9
28 90 9 9
28 91 10 10
28 92 7 5
28 93 9 8
28 94 1 9
28 95 5 7
28 96 7 5
28 97 4 10
28 98 7 2
28 99 4 2
28 100 7 8
29 30 7 5
29 32 7 10
29 33 6 8
29 35 7 9
29 36 3 5
29 38 3 1
29 39 2 9
29 40 4 2
29 41 8 7
29 42 4 4
29 43 1 4
29 44 9 10
29 45 6 7
29 46 2 7
29 47 5 1
29 48 4 10
29 49 8 2
29 50 6 1
29 51 2 5
29 52 8 8
29 53 10 1
29 54 1 6
29 55 3 9
29 56 7 7
29 57 5 4
29 58 3 2
29 59 3 10
29 60 4 9
29 61 1 6
29 62 6 4
29 63 9 7
29 65 7 5
29 66 6 8
29 67 9 10
29 68 2 5
29 69 6 7
29 70 10 9
29 73 2 4
29 74 1 1
29 76 1 9
29 78 2 6
29 79 8 9
29 80 1 4
29 81 7 4
29 82 9 8
29 83 3 5
29 84 6 9
29 85 6 5
29 87 7 9
29 88 1 8
29 89 3 8
29 90 2 2
29 91 10 8
29 92 6 5
29 93 10 2
29 95 1 3
29 97 2 5
29 98 9 1
29 99 8 9
30 31 10 1
30 32 4 10
30 33 8 8
30 35 10 6
30 36 2 4
30 37 8 7
30 38 10 5
30 40 7 9
30 41 4 7
30 42 7 10
30 43 6 9
30 45 10 2
30 46 3 5
30 47 1 3
30 49 10 6
30 50 6 8
30 51 6 10
30 53 1 2
30 54 8 6
30 55 3 6
30 56 4 10
30 57 1 1
30 58 9 1
30 59 10 7
30 60 7 2
30 61 1 9
30 62 6 7
30 63 2 7
30 64 7 9
30 65 4 6
30 66 3 10
30 67 5 8
30 68 8 9
30 69 6 8
30 70 2 4
30 72 2 6
30 73 7 8
30 74 8 6
30 75 1 8
30 76 9 9
30 77 6 1
30 78 2 9
30 79 6 9
30 80 1 2
30 81 6 8
30 83 9 2
30 85 1 8
30 86 5 4
30 87 8 1
30 88 7 3
30 89 8 5
30 91 7 5
30 92 8 10
30 93 5 5
30 94 2 10
30 95 9 5
30 97 1 7
30 99 5 7
30 100 5 10
31 33 10 10
31 34 9 6
31 35 3 8
31 36 5 4
31 37 6 6
31 38 8 4
31 39 2 7
31 40 7 3
31 42 5 1
31 43 8 7
31 45 6 3
31 46 5 9
31 47 9 1
31 49 8 2
31 50 4 8
31 51 7 10
31 52 8 10
31 53 7 2
31 54 4 1
31 55 2 7
31 56 4 9
31 58 2 7
31 59 6 2
31 61 2 2
31 62 2 10
31 63 10 8
31 65 10 1
31 66 9 8
31 67 1 1
31 68 10 1
31 69 2 6
31 72 9 8
31 73 4 3
31 74 6 6
31 75 2 1
31 76 10 7
31 77 2 9
31 79 2 6
31 81 9 6
31 82 5 5
31 83 9 6
31 85 5 10
31 86 1 3
31 87 3 3
31 88 1 6
31 90 1 7
31 91 5 3
31 93 3 5
31 94 2 3
31 95 10 10
31 96 8 10
31 97 2 7
31 98 1 9
31 99 1 6
31 100 9 9
32 33 1 7
32 34 9 7
32 35 4 6
32 36 9 8
32 37 7 8
32 38 2 3
32 40 3 3
32 41 2 1
32 42 2 7
32 43 9 2
32 44 3 2
32 45 2 7
32 46 8 6
32 47 9 8
32 48 1 8
32 49 8 6
32 50 3 4
32 51 7 3
32 52 10 6
32 54 9 4
32 55 5 6
32 56 2 10
32 57 6 9
32 59 3 5
32 60 9 9
32 62 3 6
32 63 9 1
32 64 9 7
32 66 10 6
32 67 4 10
32 68 1 7
32 69 9 9
32 70 3 10
32 72 5 6
32 73 2 9
32 75 6 2
32 77 9 6
32 78 3 5
32 79 5 4
32 80 8 8
32 82 6 2
32 83 6 5
32 84 5 3
32 85 4 4
32 86 2 9
32 87 6 10
32 88 1 7
32 89 5 8
32 90 6 7
32 91 1 5
32 92 4 3
32 93 8 1
32 94 9 9
32 95 7 5
32 96 10 10
32 97 8 8
32 99 10 5
32 100 6 1
33 34 3 2
33 35 6 10
33 36 4 5
33 38 9 5
33 40 4 4
33 41 10 6
33 42 6 2
33 43 8 10
33 44 1 5
33 45 10 5
33 46 4 2
33 47 7 5
33 48 1 10
33 49 10 10
33 51 7 1
33 54 3 2
33 55 9 3
33 56 6 7
33 57 9 3
33 58 1 6
33 59 7 10
33 60 8 7
33 62 2 6
33 64 4 9
33 65 9 8
33 66 1 4
33 67 8 9
33 68 6 9
33 69 7 3
33 70 9 8
33 72 10 9
33 73 8 7
33 75 1 8
33 78 4 8
33 79 5 8
33 80 4 10
33 81 5 6
33 82 3 9
33 83 2 6
33 84 6 10
33 85 7 9
33 86 2 9
33 88 9 1
33 89 6 5
33 91 5 7
33 92 6 3
33 93 4 8
33 94 8 2
33 96 5 8
33 98 5 8
33 99 9 5
33 100 9 3
34 35 9 5
34 36 2 10
34 37 6 2
34 38 7 7
34 39 10 3
34 40 7 7
34 41 4 4
34 42 8 10
34 44 1 6
34 47 7 6
34 48 1 8
34 49 3 1
34 53 6 8
34 54 2 2
34 55 5 4
34 56 5 3
34 57 3 10
34 58 8 2
34 60 2 1
34 61 2 5
34 63 9 9
34 64 4 6
34 65 9 2
34 66 10 1
34 69 2 3
34 71 3 8
34 72 5 1
34 73 5 9
34 75 10 8
34 76 1 9
34 77 3 4
34 78 4 7
34 79 8 3
34 80 9 3
34 81 10 9
34 83 6 4
34 84 3 2
34 85 5 1
34 86 6 2
34 87 2 4
34 88 10 9
34 89 5 1
34 90 9 8
34 91 8 10
34 92 1 9
34 93 4 10
34 94 2 8
34 95 7 2
34 96 2 5
34 97 8 9
34 99 3 5
34 100 5 1
35 37 7 6
35 38 10 6
35 40 6 7
35 41 8 7
35 42 1 10
35 43 10 4
35 44 7 6
35 45 4 1
35 46 4 6
35 47 7 7
35 49 10 1
35 51 8 6
35 52 7 4
35 55 10 7
35 56 6 7
35 57 3 4
35 58 1 9
35 59 8 6
35 60 5 6
35 61 4 3
35 64 9 5
35 65 4 2
35 66 2 4
35 68 4 4
35 69 1 10
35 70 8 10
35 72 5 8
35 73 5 8
35 76 2 9
35 77 3 3
35 78 1 5
35 79 8 10
35 80 6 3
35 81 8 9
35 82 6 9
35 83 4 2
35 85 7 8
35 87 9 6
35 89 7 5
35 90 10 4
35 91 10 3
35 93 1 2
35 95 5 8
35 96 5 2
35 98 7 7
35 99 7 2
36 37 4 9
36 38 7 2
36 39 8 1
36 40 4 8
36 41 8 7
36 42 7 5
36 44 9 4
36 46 7 3
36 47 8 2
36 48 4 8
36 49 5 4
36 50 6 4
36 51 4 1
36 52 9 4
36 53 10 4
36 54 2 8
36 55 3 6
36 56 4 3
36 57 5 7
36 58 7 4
36 59 3 4
36 60 4 1
36 61 6 10
36 62 3 1
36 63 8 2
36 64 6 1
36 65 6 6
36 67 5 1
36 68 5 1
36 69 1 3
36 70 6 5
36 71 10 4
36 73 1 8
36 74 4 9
36 77 4 10
36 78 9 4
36 79 1 6
36 80 10 8
36 81 2 8
36 82 3 8
36 83 6 9
36 84 5 5
36 85 10 5
36 86 2 3
36 89 10 2
36 90 2 7
36 91 2 2
36 92 1 3
36 93 10 9
36 94 10 5
36 95 9 2
36 96 4 1
36 97 5 9
36 98 8 2
36 99 2 10
37 38 7 2
37 39 2 7
37 40 4 3
37 41 2 6
37 42 4 8
37 43 6 6
37 44 4 7
37 46 9 3
37 47 1 9
37 48 5 5
37 49 3 8
37 50 9 2
37 53 4 7
37 56 3 1
37 57 3 7
37 58 2 4
37 61 4 3
37 62 6 1
37 63 9 9
37 64 5 4
37 65 10 5
37 67 5 6
37 68 8 4
37 70 9 5
37 72 4 4
37 73 3 8
37 74 7 7
37 75 1 5
37 76 6 1
37 77 3 10
37 79 5 1
37 80 9 1
37 81 8 8
37 82 3 4
37 83 4 7
37 84 4 3
37 85 9 3
37 86 7 5
37 87 9 7
37 88 4 2
37 89 10 9
37 90 7 8
37 91 7 1
37 92 10 9
37 94 2 5
37 95 2 4
37 98 7 1
37 99 3 1
37 100 2 6
38 39 2 9
38 40 8 7
38 42 3 4
38 43 1 1
38 44 9 4
38 45 7 9
38 48 1 2
38 49 3 3
38 50 6 2
38 51 4 1
38 52 3 9
38 53 5 7
38 54 9 6
38 56 9 6
38 58 5 2
38 59 3 9
38 60 7 9
38 62 7 6
38 63 6 5
38 64 1 10
38 66 3 6
38 67 8 10
38 68 5 8
38 70 1 8
38 71 1 9
38 72 6 10
38 73 1 7
38 74 8 8
38 75 4 9
38 77 3 9
38 78 7 7
38 79 9 3
38 80 5 3
38 81 1 4
38 82 2 3
38 83 7 3
38 84 8 6
38 85 10 6
38 86 7 4
38 87 5 8
38 88 1 3
38 89 10 3
38 90 1 6
38 91 2 4
38 92 10 9
38 93 2 4
38 94 4 3
38 95 8 3
38 96 10 7
38 97 4 8
38 98 5 1
38 99 2 2
38 100 6 10
39 41 5 7
39 43 10 4
39 44 9 3
39 45 8 10
39 46 8 3
39 47 10 7
39 48 2 7
39 49 6 8
39 50 6 8
39 51 8 9
39 52 8 4
39 53 9 10
39 55 7 10
39 57 4 1
39 58 7 8
39 59 10 1
39 60 10 6
39 61 2 8
39 62 1 6
39 64 5 1
39 65 5 3
39 66 8 10
39 67 5 2
39 71 5 6
39 72 3 4
39 73 6 2
39 74 6 2
39 75 7 2
39 76 4 9
39 78 6 6
39 80 6 7
39 81 7 7
39 83 1 2
39 86 8 9
39 88 1 8
39 90 3 1
39 91 7 3
39 92 6 9
39 94 2 1
39 95 6 8
39 96 4 8
39 97 10 10
39 98 3 8
39 99 5 3
40 41 7 5
40 42 4 1
40 43 10 9
40 44 1 3
40 45 6 4
40 46 9 9
40 48 3 4
40 49 2 2
40 50 9 7
40 54 3 1
40 55 8 4
40 56 4 5
40 58 10 9
40 59 10 2
40 60 4 1
40 61 4 5
40 62 7 8
40 63 8 6
40 64 10 10
40 65 8 5
40 67 1 6
40 68 3 2
40 69 10 6
40 71 9 3
40 72 7 4
40 73 10 3
40 74 2 9
40 75 9 6
40 76 4 4
40 78 9 5
40 79 2 6
40 80 6 10
40 81 4 2
40 83 3 5
40 87 9 1
40 88 5 8
40 89 4 2
40 90 7 1
40 91 3 7
40 92 5 4
40 93 4 1
40 94 2 3
40 95 9 3
40 96 2 6
40 98 3 7
40 99 10 5
40 100 10 5
41 44 2 10
41 45 10 7
41 46 6 2
41 47 6 6
41 49 5 9
41 50 8 4
41 51 9 8
41 52 2 5
41 53 8 10
41 54 9 6
41 56 10 3
41 60 6 1
41 61 4 4
41 63 10 8
41 64 4 8
41 65 2 1
41 66 3 2
41 68 5 2
41 69 8 4
41 70 10 1
41 72 9 2
41 73 7 8
41 74 10 10
41 75 6 4
41 76 3 9
41 77 8 8
41 78 9 7
41 80 2 6
41 81 7 8
41 82 10 6
41 84 9 6
41 85 8 1
41 86 8 7
41 87 7 3
41 88 5 4
41 89 1 8
41 90 3 2
41 91 7 10
41 92 8 10
41 93 9 3
41 94 4 6
41 95 6 4
41 96 9 1
41 97 4 2
41 98 4 10
41 99 2 6
41 100 4 10
42 43 8 6
42 44 7 1
42 46 10 10
42 48 3 6
42 49 9 6
42 50 5 9
42 51 4 8
42 52 7 10
42 54 7 7
42 55 7 2
42 56 2 10
42 57 8 7
42 58 4 3
42 59 1 1
42 60 8 9
42 61 3 8
42 62 4 7
42 63 7 8
42 64 2 9
42 65 7 9
42 66 2 2
42 68 1 4
42 69 9 10
42 70 1 6
42 72 4 8
42 75 3 6
42 76 3 5
42 77 10 7
42 78 3 10
42 79 1 5
42 80 3 4
42 82 8 1
42 83 1 2
42 84 4 6
42 85 9 1
42 87 6 1
42 88 7 3
42 89 9 3
42 90 10 2
42 91 8 8
42 92 3 3
42 94 6 6
42 95 7 10
42 96 2 1
42 97 5 4
42 99 10 6
42 100 8 5
43 44 1 8
43 45 7 9
43 46 3 2
43 47 7 4
43 48 3 7
43 49 6 1
43 50 4 6
43 51 6 5
43 52 7 6
43 53 1 2
43 55 10 4
43 57 10 1
43 58 2 3
43 59 8 4
43 60 1 7
43 61 8 9
43 62 9 10
43 63 9 3
43 64 4 1
43 65 5 3
43 66 4 8
43 68 8 3
43 69 8 8
43 70 9 1
43 75 2 5
43 76 3 4
43 77 6 8
43 78 5 10
43 80 3 5
43 81 7 6
43 82 1 9
43 83 2 5
43 84 8 5
43 86 5 6
43 87 7 5
43 88 9 8
43 89 3 8
43 90 4 8
43 91 3 10
43 93 3 9
43 94 5 7
43 96 7 5
43 97 4 10
43 99 6 4
43 100 10 2
44 45 1 4
44 47 4 2
44 48 2 4
44 49 9 8
44 50 8 2
44 51 3 8
44 52 4 6
44 53 8 2
44 54 6 1
44 55 1 2
44 56 9 10
44 60 4 4
44 62 8 2
44 63 7 7
44 64 8 10
44 65 10 5
44 66 4 4
44 67 6 4
44 68 9 6
44 69 2 9
44 70 2 1
44 71 4 3
44 72 6 8
44 73 9 10
44 74 3 7
44 76 4 2
44 78 6 1
44 79 4 2
44 81 1 1
44 82 9 10
44 83 5 7
44 84 5 4
44 85 9 6
44 86 8 5
44 88 8 5
44 89 1 1
44 90 9 4
44 92 5 10
44 93 2 6
44 94 8 6
44 95 1 9
44 96 5 8
44 97 2 3
44 98 10 1
44 99 6 3
45 47 6 1
45 48 10 1
45 49 6 2
45 51 10 1
45 53 6 1
45 54 8 2
45 55 1 7
45 56 3 7
45 57 6 10
45 58 4 1
45 59 9 3
45 62 6 4
45 63 2 1
45 65 9 6
45 66 9 1
45 67 8 5
45 68 1 5
45 69 8 9
45 70 1 4
45 72 4 9
45 73 8 2
45 74 3 2
45 75 5 3
45 76 6 10
45 78 2 3
45 79 9 9
45 80 4 1
45 82 2 7
45 83 10 4
45 85 4 7
45 87 9 10
45 89 5 9
45 90 6 3
45 91 10 6
45 92 10 7
45 93 3 6
45 95 6 3
45 96 7 1
45 97 7 9
45 98 10 9
45 99 4 10
45 100 6 7
46 47 10 1
46 49 6 3
46 50 1 10
46 51 4 4
46 53 3 6
46 54 5 5
46 55 8 8
46 56 2 9
46 57 4 6
46 59 6 10
46 60 8 3
46 61 5 1
46 62 9 5
46 64 7 5
46 65 3 6
46 66 10 3
46 68 5 4
46 69 6 6
46 70 4 4
46 71 6 3
46 72 4 8
46 75 8 1
46 77 5 3
46 78 2 8
46 79 10 5
46 80 1 4
46 81 4 2
46 82 9 5
46 83 5 2
46 84 10 5
46 85 9 7
46 87 9 1
46 88 9 10
46 89 8 4
46 90 2 7
46 92 3 3
46 93 1 4
46 94 6 8
46 95 1 2
46 96 7 5
46 97 10 10
46 98 10 5
46 99 2 7
46 100 7 9
47 48 7 7
47 50 3 5
47 51 4 3
47 52 1 7
47 53 9 7
47 54 2 1
47 56 1 9
47 57 5 10
47 58 3 7
47 59 4 9
47 60 3 2
47 61 2 8
47 64 1 4
47 65 7 9
47 66 4 4
47 67 5 5
47 68 1 5
47 69 8 8
47 71 2 2
47 72 1 6
47 73 5 1
47 74 1 2
47 75 8 3
47 77 2 9
47 78 8 9
47 80 4 7
47 81 8 9
47 82 3 1
47 83 7 6
47 84 5 10
47 86 10 1
47 87 5 8
47 89 3 1
47 90 4 3
47 91 6 6
47 92 8 4
47 93 3 6
47 94 9 4
47 95 4 5
47 97 5 4
47 98 10 8
47 99 7 5
47 100 6 2
48 49 9 1
48 50 1 4
48 51 9 7
48 52 8 1
48 53 9 4
48 54 3 1
48 55 4 3
48 56 3 3
48 57 6 3
48 58 5 7
48 59 3 9
48 60 7 5
48 61 6 3
48 62 6 7
48 63 2 1
48 64 7 8
48 65 2 3
48 67 4 3
48 68 1 5
48 69 5 5
48 70 3 3
48 71 3 6
48 72 2 9
48 73 6 6
48 74 3 7
48 75 4 8
48 76 4 8
48 77 9 3
48 78 10 9
48 79 3 3
48 80 4 8
48 81 6 10
48 82 10 7
48 83 7 8
48 84 2 5
48 85 1 10
48 86 5 5
48 87 1 8
48 89 3 3
48 90 1 10
48 92 4 5
48 94 4 3
48 96 7 4
48 99 9 4
48 100 1 6
49 50 8 8
49 51 7 10
49 52 2 3
49 54 2 9
49 55 1 10
49 56 4 2
49 57 5 4
49 58 5 9
49 59 3 6
49 60 5 6
49 61 7 4
49 62 5 1
49 63 8 3
49 64 7 3
49 66 6 10
49 67 8 7
49 68 2 7
49 69 8 10
49 70 3 8
49 73 8 8
49 74 4 10
49 75 9 8
49 76 10 10
49 78 2 8
49 79 2 10
49 81 4 4
49 82 5 5
49 83 4 9
49 84 7 7
49 85 6 5
49 87 9 9
49 88 8 3
49 89 3 2
49 90 5 8
49 92 8 5
49 94 4 3
49 95 4 8
49 96 6 6
49 97 10 2
49 98 8 9
49 99 9 9
49 100 6 2
50 51 6 2
50 52 3 6
50 53 1 10
50 54 6 1
50 55 6 3
50 56 10 8
50 57 3 10
50 58 6 8
50 59 9 4
50 61 1 2
50 62 1 4
50 64 1 8
50 65 8 4
50 66 5 10
50 67 7 8
50 68 4 2
50 69 6 5
50 71 5 7
50 72 1 1
50 73 5 5
50 74 2 8
50 75 1 6
50 77 9 8
50 78 2 10
50 79 3 7
50 80 1 7
50 81 8 4
50 83 1 4
50 84 2 5
50 85 2 1
50 87 4 7
50 88 5 5
50 89 4 7
50 90 10 1
50 91 8 1
50 92 10 3
50 93 6 1
50 94 7 8
50 95 2 3
50 96 7 9
50 97 3 1
50 98 10 1
50 100 9 4
51 52 6 9
51 53 7 9
51 54 6 8
51 55 10 3
51 56 5 5
51 57 5 7
51 58 6 1
51 59 9 5
51 60 1 2
51 61 8 5
51 62 6 8
51 63 3 8
51 64 7 8
51 65 7 6
51 68 8 9
51 69 10 8
51 70 1 2
51 71 8 2
51 72 6 8
51 73 6 7
51 74 8 2
51 75 2 1
51 77 5 8
51 78 8 1
51 79 5 3
51 80 10 5
51 81 8 3
51 82 3 4
51 83 9 5
51 84 5 5
51 86 7 7
51 87 3 3
51 89 4 9
51 90 6 1
51 91 5 6
51 94 5 9
51 95 4 3
51 96 8 10
51 97 3 10
51 98 5 1
51 99 2 5
51 100 7 5
52 53 10 9
52 54 6 9
52 55 5 8
52 56 3 6
52 57 8 10
52 58 7 10
52 60 5 6
52 61 9 1
52 65 2 10
52 66 3 3
52 67 2 6
52 68 7 5
52 69 3 7
52 70 2 7
52 71 4 8
52 72 9 6
52 73 3 5
52 75 6 9
52 76 9 2
52 78 8 1
52 80 3 4
52 81 8 2
52 82 1 10
52 84 8 6
52 86 3 9
52 87 6 2
52 88 5 1
52 90 8 8
52 91 5 4
52 92 9 8
52 93 9 9
52 94 10 2
52 95 5 7
52 96 2 3
52 97 6 8
52 98 5 4
52 100 2 5
53 54 10 4
53 55 2 8
53 56 5 5
53 57 3 4
53 58 10 1
53 59 9 5
53 60 2 9
53 61 7 2
53 62 5 5
53 63 8 6
53 65 4 8
53 66 3 3
53 67 8 2
53 68 5 10
53 71 10 8
53 72 5 5
53 73 6 10
53 74 7 9
53 75 2 2
53 76 1 6
53 77 5 9
53 78 9 4
53 80 3 7
53 81 3 4
53 82 1 1
53 83 3 10
53 85 2 4
53 87 6 3
53 89 3 9
53 90 10 1
53 91 8 9
53 92 2 6
53 93 6 3
53 94 8 10
53 95 8 3
53 96 9 5
53 97 10 8
53 98 3 4
53 100 1 4
54 56 6 5
54 57 9 10
54 58 1 4
54 60 3 4
54 64 5 7
54 65 3 8
54 66 3 1
54 67 10 5
54 68 10 4
54 69 3 6
54 70 9 1
54 71 4 3
54 73 4 8
54 74 7 3
54 75 2 9
54 76 7 8
54 78 5 3
54 79 2 10
54 80 9 10
54 81 9 8
54 82 1 6
54 83 6 4
54 84 1 1
54 85 9 7
54 86 1 8
54 87 8 6
54 88 10 3
54 89 10 1
54 90 9 8
54 91 2 3
54 92 10 5
54 94 2 6
54 95 8 6
54 96 4 8
54 97 4 2
54 98 9 6
54 100 4 4
55 56 1 3
55 57 8 1
55 59 3 2
55 60 1 4
55 63 8 5
55 64 2 3
55 65 1 8
55 66 9 5
55 67 8 6
55 68 1 10
55 70 6 1
55 71 10 1
55 72 6 6
55 73 1 9
55 74 9 5
55 75 2 4
55 77 10 3
55 78 5 8
55 80 4 9
55 82 7 1
55 83 9 8
55 84 8 6
55 86 9 9
55 88 1 7
55 90 3 9
55 92 2 8
55 93 10 4
55 94 4 1
55 95 6 10
55 97 10 6
55 98 3 10
55 99 4 5
55 100 4 10
56 57 5 4
56 58 4 9
56 60 4 3
56 61 2 6
56 62 2 4
56 63 5 7
56 64 7 2
56 66 10 4
56 67 10 6
56 68 9 2
56 69 1 10
56 71 4 1
56 72 2 3
56 74 3 7
56 76 4 5
56 77 5 10
56 78 1 3
56 82 5 4
56 83 1 2
56 84 10 9
56 86 1 5
56 87 3 6
56 89 1 5
56 91 2 6
56 93 9 9
56 94 9 8
56 95 5 8
56 96 1 2
56 97 3 5
56 98 9 9
56 99 3 6
56 100 2 4
57 58 10 5
57 59 8 10
57 60 5 6
57 62 3 1
57 63 2 3
57 65 3 9
57 67 9 3
57 68 5 4
57 69 1 10
57 70 1 3
57 71 8 5
57 72 3 1
57 74 5 7
57 75 10 5
57 76 6 4
57 77 8 1
57 79 10 9
57 81 2 4
57 82 4 2
57 84 7 6
57 85 9 6
57 86 10 1
57 88 3 9
57 89 9 4
57 90 4 5
57 91 6 6
57 92 10 3
57 93 2 9
57 94 9 5
57 95 6 2
57 96 6 8
57 97 10 7
57 98 8 6
57 99 5 4
57 100 3 2
58 59 6 8
58 60 7 9
58 61 4 6
58 63 2 10
58 64 10 5
58 65 9 9
58 66 2 6
58 67 2 6
58 71 1 10
58 73 10 9
58 74 1 6
58 75 6 9
58 76 10 8
58 80 3 6
58 81 9 9
58 82 7 5
58 84 3 1
58 86 4 5
58 87 3 5
58 88 3 3
58 90 6 3
58 91 3 4
58 92 10 5
58 93 6 3
58 94 4 3
58 96 10 5
58 97 2 9
58 98 5 1
58 99 5 1
58 100 2 8
59 60 4 7
59 61 2 3
59 62 8 4
59 63 3 10
59 64 6 8
59 65 10 9
59 66 1 8
59 67 5 4
59 68 9 1
59 69 1 5
59 70 4 5
59 71 1 1
59 72 1 6
59 73 5 8
59 75 9 4
59 76 8 2
59 77 9 1
59 78 5 9
59 79 4 3
59 80 8 6
59 81 5 8
59 82 10 10
59 83 8 4
59 84 9 8
59 85 10 6
59 86 4 9
59 88 5 2
59 89 6 8
59 90 6 6
59 91 5 10
59 93 1 10
59 94 10 4
59 95 8 1
59 96 3 8
59 97 3 1
59 99 8 7
60 61 3 3
60 62 5 8
60 63 4 10
60 64 1 1
60 65 4 6
60 66 6 8
60 67 4 7
60 68 3 2
60 69 7 7
60 70 8 9
60 71 7 7
60 72 7 5
60 73 8 3
60 76 1 2
60 77 6 10
60 78 6 2
60 79 8 2
60 80 6 6
60 81 8 2
60 82 1 4
60 83 4 9
60 85 3 6
60 86 6 1
60 87 10 2
60 88 4 8
60 89 5 4
60 92 5 8
60 94 7 7
60 95 10 8
60 96 9 7
60 97 10 6
60 99 7 3
60 100 5 5
61 62 5 7
61 63 3 6
61 65 8 7
61 66 2 9
61 67 6 10
61 68 8 4
61 69 2 7
61 70 5 2
61 72 3 2
61 73 1 6
61 74 2 9
61 75 8 3
61 76 10 5
61 77 5 8
61 79 7 9
61 82 4 3
61 85 6 3
61 86 4 7
61 87 3 2
61 88 2 7
61 89 8 7
61 90 7 7
61 92 5 4
61 93 5 1
61 94 2 7
61 97 7 4
61 98 9 7
61 99 9 1
61 100 10 2
62 63 8 9
62 64 10 4
62 65 8 9
62 66 3 6
62 68 10 8
62 69 7 8
62 70 4 6
62 71 8 9
62 72 1 6
62 73 9 9
62 74 7 10
62 75 7 1
62 76 9 2
62 78 5 1
62 79 10 1
62 81 4 4
62 82 2 3
62 83 9 6
62 84 6 4
62 85 5 2
62 86 6 10
62 87 4 2
62 88 1 5
62 89 8 7
62 90 6 4
62 91 1 9
62 92 5 8
62 93 8 2
62 94 8 6
62 95 10 6
62 96 6 2
62 97 9 2
62 98 2 10
62 100 4 3
63 64 10 5
63 65 3 1
63 67 9 6
63 68 1 1
63 69 2 8
63 71 8 7
63 72 1 7
63 73 10 8
63 74 2 4
63 75 5 4
63 76 9 10
63 77 3 1
63 78 8 10
63 79 8 3
63 80 9 4
63 81 3 2
63 82 3 8
63 83 4 4
63 84 10 6
63 85 9 5
63 86 2 2
63 87 1 1
63 88 1 2
63 89 9 8
63 90 9 9
63 91 10 9
63 92 9 9
63 93 3 3
63 94 8 6
63 96 7 1
63 100 3 1
64 66 9 5
64 67 4 10
64 68 10 8
64 69 3 8
64 70 6 10
64 71 6 8
64 72 3 4
64 73 10 8
64 75 6 10
64 76 5 8
64 77 8 8
64 78 5 7
64 79 1 8
64 80 1 8
64 81 1 4
64 82 9 3
64 83 5 5
64 84 2 8
64 85 2 5
64 87 5 7
64 88 9 10
64 90 3 4
64 91 7 1
64 93 9 6
64 95 1 5
64 96 4 10
64 97 1 3
64 99 10 1
65 66 3 4
65 67 4 8
65 68 5 8
65 69 5 1
65 70 4 1
65 71 2 5
65 72 4 7
65 73 4 8
65 75 4 9
65 76 8 2
65 77 4 1
65 78 1 2
65 79 8 3
65 80 4 5
65 81 5 10
65 85 8 5
65 86 2 1
65 87 5 5
65 89 6 3
65 91 3 2
65 92 5 9
65 93 5 7
65 94 10 7
65 96 2 10
65 97 2 5
65 99 8 7
65 100 4 6
66 67 2 4
66 68 2 4
66 69 3 8
66 71 8 10
66 73 4 3
66 76 7 10
66 77 5 6
66 78 5 6
66 80 4 6
66 81 9 5
66 82 2 7
66 83 7 8
66 84 4 8
66 86 10 4
66 87 3 9
66 88 6 1
66 89 8 5
66 90 10 7
66 91 7 7
66 92 5 8
66 93 6 1
66 95 9 6
66 97 4 2
66 99 10 3
66 100 1 2
67 69 9 5
67 70 1 7
67 71 4 4
67 72 5 3
67 73 7 3
67 74 5 6
67 75 4 10
67 76 1 1
67 77 9 5
67 78 10 7
67 80 9 10
67 81 2 4
67 82 1 9
67 83 2 8
67 84 6 9
67 85 3 6
67 86 6 10
67 87 1 8
67 88 6 1
67 89 3 7
67 90 6 8
67 91 2 2
67 93 9 6
67 94 6 4
67 95 7 1
67 97 6 2
67 98 10 1
67 99 4 9
67 100 7 4
68 70 9 8
68 71 2 9
68 72 2 9
68 73 8 2
68 74 5 4
68 75 9 8
68 76 4 2
68 77 5 7
68 78 4 8
68 79 10 3
68 80 10 4
68 81 3 9
68 82 6 8
68 83 3 2
68 84 8 1
68 85 4 6
68 87 4 7
68 88 10 6
68 89 5 9
68 90 7 9
68 91 10 8
68 93 5 7
68 94 6 9
68 95 5 10
68 96 10 3
68 97 3 10
68 98 3 5
68 100 6 7
69 70 1 4
69 71 8 8
69 72 3 10
69 73 6 3
69 74 7 1
69 75 9 3
69 76 7 10
69 78 7 7
69 79 2 5
69 80 5 4
69 82 4 8
69 83 5 1
69 84 7 5
69 86 3 3
69 87 7 7
69 88 7 6
69 89 2 10
69 90 4 4
69 94 3 10
69 95 2 8
69 96 3 3
69 97 10 5
69 98 6 4
69 99 7 10
69 100 4 3
70 71 9 10
70 72 5 9
70 73 9 3
70 74 3 7
70 75 4 1
70 78 4 6
70 79 9 2
70 80 9 2
70 81 8 7
70 82 10 2
70 83 1 6
70 84 4 6
70 85 9 8
70 86 7 1
70 87 7 9
70 88 5 8
70 89 6 3
70 90 6 4
70 91 7 10
70 93 4 6
70 94 10 10
70 95 5 9
70 97 3 6
70 98 7 6
70 99 10 7
70 100 7 7
71 72 8 4
71 74 6 10
71 76 1 6
71 77 3 4
71 79 8 4
71 80 6 4
71 82 1 10
71 83 3 3
71 84 7 2
71 85 8 5
71 86 4 5
71 87 1 6
71 88 10 10
71 89 1 3
71 90 7 10
71 92 7 9
71 93 9 4
71 94 7 5
71 95 10 10
71 96 10 5
71 98 3 8
71 99 1 2
71 100 8 1
72 74 7 6
72 76 10 9
72 77 6 4
72 78 8 5
72 79 3 3
72 80 10 4
72 82 4 10
72 83 4 6
72 84 1 10
72 85 7 5
72 86 3 2
72 87 2 2
72 88 3 9
72 89 10 5
72 90 4 9
72 91 2 10
72 92 2 6
72 93 3 7
72 94 7 8
72 95 5 6
72 96 2 6
72 97 4 6
72 99 5 6
72 100 10 3
73 75 4 2
73 76 5 5
73 77 6 4
73 78 3 9
73 79 2 1
73 80 4 2
73 82 10 5
73 83 10 3
73 85 3 8
73 86 3 4
73 87 5 8
73 88 8 8
73 89 7 5
73 93 1 7
73 94 8 2
73 95 6 6
73 96 9 3
73 97 7 5
73 99 4 4
73 100 2 5
74 75 3 6
74 76 1 5
74 77 7 2
74 79 6 10
74 81 1 5
74 82 8 9
74 83 4 4
74 84 10 10
74 86 6 7
74 90 6 10
74 91 5 7
74 92 7 3
74 93 9 6
74 94 5 10
74 95 8 1
74 96 6 7
74 97 10 9
74 98 7 8
74 99 6 9
75 76 4 8
75 77 2 2
75 78 5 10
75 79 5 6
75 80 6 5
75 82 9 2
75 83 1 8
75 84 5 3
75 85 5 5
75 86 2 8
75 87 8 3
75 89 4 3
75 90 8 8
75 91 8 1
75 92 4 7
75 93 9 7
75 94 5 9
75 95 8 8
75 96 4 5
75 98 9 5
75 100 6 1
76 78 9 9
76 83 8 1
76 84 8 6
76 85 5 9
76 86 6 9
76 87 5 2
76 88 6 9
76 89 7 3
76 90 7 1
76 91 1 8
76 92 10 5
76 93 9 1
76 94 2 2
76 95 3 1
76 96 7 2
76 97 2 2
76 98 9 3
76 99 3 4
76 100 3 10
77 78 9 2
77 79 2 3
77 80 4 8
77 82 4 6
77 83 3 4
77 84 2 1
77 85 10 9
77 86 5 5
77 87 8 5
77 89 8 1
77 90 8 8
77 92 7 7
77 93 5 5
77 95 6 1
77 96 10 2
77 97 5 5
77 98 6 10
77 100 1 3
78 79 2 9
78 80 2 4
78 81 7 5
78 82 10 2
78 83 8 4
78 86 4 8
78 87 4 5
78 90 4 10
78 91 7 8
78 93 5 3
78 94 3 7
78 95 3 9
78 96 10 2
78 97 8 6
78 98 6 6
78 99 7 8
78 100 10 10
79 80 2 8
79 82 8 9
79 83 3 8
79 84 1 3
79 85 10 5
79 86 10 9
79 89 7 8
79 90 9 3
79 91 2 10
79 92 8 2
79 93 3 2
79 94 6 1
79 95 4 6
79 96 4 1
79 97 8 3
79 98 9 6
79 99 6 6
79 100 10 10
80 81 5 7
80 83 9 7
80 84 6 1
80 85 2 6
80 86 5 1
80 88 2 8
80 89 2 8
80 90 6 2
80 91 2 9
80 92 9 4
80 93 1 3
80 94 9 4
80 95 6 7
80 96 9 6
80 97 6 4
80 98 1 3
80 99 8 1
80 100 1 10
81 82 8 3
81 84 4 4
81 86 2 1
81 87 8 7
81 88 2 4
81 89 10 7
81 90 5 5
81 91 4 6
81 92 5 8
81 93 3 2
81 94 9 8
81 95 5 4
81 96 6 9
81 97 5 2
81 98 2 5
82 83 8 7
82 84 7 10
82 85 2 4
82 86 6 7
82 87 6 2
82 88 10 4
82 90 9 1
82 91 9 6
82 92 9 4
82 93 3 10
82 96 7 10
82 97 4 6
82 98 1 8
82 99 5 10
82 100 6 7
83 86 9 4
83 88 1 7
83 89 1 5
83 90 4 10
83 91 5 9
83 92 7 3
83 93 2 6
83 94 7 8
83 95 7 3
83 96 10 4
83 97 8 6
83 98 1 1
83 99 8 5
84 85 10 4
84 86 10 1
84 87 1 5
84 88 5 4
84 89 6 10
84 90 7 4
84 91 8 8
84 92 7 7
84 94 1 9
84 96 7 7
84 97 10 9
84 98 4 9
84 100 5 7
85 86 7 9
85 87 7 4
85 88 1 2
85 89 5 6
85 90 7 7
85 91 6 5
85 92 6 7
85 94 5 2
85 95 3 9
85 96 10 4
85 97 9 7
85 98 3 1
85 99 3 1
85 100 5 3
86 88 1 1
86 89 9 4
86 90 6 7
86 92 10 7
86 95 8 8
86 96 10 1
86 97 10 2
86 98 7 5
86 99 2 9
86 100 2 7
87 92 6 3
87 93 6 4
87 95 7 4
87 97 9 4
87 98 10 1
87 99 3 7
88 89 6 2
88 90 10 9
88 92 10 3
88 94 9 4
88 95 5 9
88 96 6 10
88 97 9 7
88 98 10 1
88 99 3 6
88 100 1 3
89 90 3 5
89 91 5 7
89 92 3 4
89 93 6 7
89 95 4 5
89 96 5 6
89 97 8 4
89 98 4 7
89 99 4 8
89 100 7 5
90 91 10 4
90 93 10 2
90 94 4 2
90 96 2 2
90 99 4 5
90 100 7 8
91 92 2 4
91 93 1 9
91 94 6 1
91 95 6 10
91 97 6 9
91 98 1 5
91 100 2 10
92 94 10 8
92 95 6 9
92 96 1 4
92 97 9 8
92 99 4 5
92 100 2 5
93 95 3 7
93 96 9 6
93 97 8 3
93 99 4 2
93 100 3 3
94 97 4 7
94 99 10 7
95 96 9 10
95 97 1 3
95 98 5 10
95 99 4 4
95 100 7 8
96 97 9 1
96 98 10 9
96 99 3 7
96 100 1 5
97 98 7 6
97 99 5 3
97 100 6 9
98 99 9 4
98 100 1 2
99 100 10 4
1
1 2 3 4 5 6 7 8 9 10 11 12 13 14 15 16 17 18 19 20 21 22 23 24 25 26 27 28 29 30 31 32 33 34 35 36 37 38 39 40 41 42 43 44 45 46 47 48 49 50
