3993
1 2 2 9
1 4 6 7
1 5 7 6
1 6 9 9
1 7 10 5
1 8 3 6
1 10 3 9
1 11 2 6
1 12 6 5
1 14 9 7
1 15 3 1
1 16 5 3
1 18 3 9
1 20 7 2
1 24 1 8
1 27 5 10
1 28 3 3
1 29 7 6
1 31 9 7
1 32 9 8
1 33 3 7
1 34 6 4
1 35 1 5
1 36 2 9
1 37 3 10
1 38 5 2
1 39 4 3
1 40 8 5
1 41 3 2
1 43 9 9
1 44 4 10
1 46 3 10
1 47 7 2
1 48 3 10
1 49 8 5
1 50 6 6
1 51 1 4
1 52 8 4
1 53 7 3
1 54 5 6
1 55 5 3
1 56 6 3
1 57 10 9
1 58 3 4
1 59 10 7
1 60 3 8
1 61 6 8
1 63 3 7
1 64 6 4
1 65 2 8
1 66 1 3
1 67 5 6
1 68 9 7
1 69 3 2
1 70 8 9
1 71 7 9
1 72 4 8
1 74 6 10
1 76 8 9
1 78 7 6
1 80 10 10
1 81 5 8
1 82 7 6
1 83 3 5
1 84 9 5
1 85 9 6
1 86 8 10
1 87 4 1
1 90 9 2
1 91 3 10
1 92 7 8
1 93 4 10
1 95 7 5
1 96 5 4
1 97 4 5
1 98 7 6
1 99 9 4
1 100 8 5
2 3 5 3
2 4 8 10
2 5 10 5
2 6 10 5
2 8 8 7
2 9 3 4
2 10 3 4
2 12 2 5
2 13 4 5
2 14 3 10
2 16 5 9
2 17 1 7
2 18 7 8
2 19 1 2
2 20 10 8
2 21 9 9
2 22 2 5
2 23 9 3
2 24 8 3
2 25 6 8
2 26 3 1
2 27 7 2
2 28 9 2
2 29 5 9
2 30 7 1
2 32 3 6
2 33 1 6
2 34 2 5
2 35 7 8
2 37 2 4
2 38 4 7
2 39 8 8
2 40 10 4
2 41 9 1
2 42 9 6
2 43 7 1
2 44 9 4
2 46 2 5
2 47 2 3
2 48 2 4
2 49 8 9
2 50 10 9
2 51 3 5
2 52 1 6
2 53 8 2
2 54 2 7
2 55 8 7
2 56 4 2
2 57 6 9
2 58 4 3
2 59 10 8
2 60 6 4
2 61 10 6
2 63 10 10
2 64 8 1
2 65 5 7
2 66 4 3
2 67 4 6
2 68 10 6
2 70 1 3
2 71 5 5
2 73 7 5
2 74 7 7
2 75 10 2
2 76 4 4
2 77 4 6
2 78 1 9
2 79 2 4
2 81 6 6
2 82 10 2
2 84 6 6
2 85 3 6
2 86 4 4
2 87 8 4
2 88 5 5
2 89 4 7
2 90 10 5
2 92 5 6
2 93 2 9
2 94 10 7
2 96 9 2
2 97 9 9
2 98 2 5
2 99 6 5
2 100 10 2
3 4 1 6
3 5 8 5
3 6 3 5
3 7 10 2
3 8 5 9
3 10 7 10
3 11 3 9
3 12 1 4
3 14 10 5
3 15 4 3
3 16 4 6
3 18 7 3
3 19 9 5
3 21 7 10
3 22 9 8
3 23 10 8
3 24 8 8
3 25 7 7
3 26 8 4
3 27 4 4
3 28 1 10
3 29 2 6
3 31 3 9
3 32 1 8
3 33 3 5
3 34 1 2
3 35 7 8
3 36 7 4
3 37 4 2
3 38 1 6
3 39 4 6
3 40 8 3
3 41 4 1
3 42 2 9
3 43 10 4
3 45 8 5
3 47 1 5
3 50 4 8
3 51 1 7
3 52 9 8
3 53 7 9
3 54 9 10
3 55 5 4
3 56 8 4
3 57 9 5
3 58 3 10
3 59 9 3
3 60 8 9
3 61 6 10
3 62 8 4
3 63 2 9
3 65 4 9
3 66 10 9
3 67 5 5
3 69 10 10
3 70 3 1
3 71 6 2
3 73 8 5
3 74 2 3
3 75 2 7
3 76 2 1
3 77 6 2
3 78 2 9
3 79 6 9
3 80 7 2
3 81 1 4
3 82 6 5
3 83 10 1
3 84 9 4
3 87 5 10
3 88 8 6
3 89 3 4
3 90 7 10
3 91 10 10
3 92 8 9
3 94 10 1
3 96 2 1
3 97 4 1
3 98 2 8
3 100 1 4
4 5 8 2
4 6 8 2
4 8 4 7
4 9 5 6
4 10 4 7
4 11 1 2
4 12 5 7
4 13 8 10
4 14 6 4
4 15 4 1
4 16 4 5
4 17 5 4
4 18 3 5
4 19 10 8
4 20 9 1
4 21 6 6
4 23 4 9
4 24 3 5
4 25 1 8
4 27 6 4
4 28 10 8
4 29 6 2
4 30 2 6
4 31 8 6
4 32 7 10
4 33 7 10
4 34 9 8
4 35 6 4
4 36 3 1
4 37 1 10
4 38 4 9
4 40 5 8
4 41 10 9
4 42 8 4
4 44 1 5
4 45 1 7
4 46 6 10
4 47 10 5
4 48 9 3
4 49 6 8
4 51 3 6
4 52 1 2
4 53 4 2
4 54 8 2
4 55 4 7
4 56 10 7
4 57 8 6
4 58 10 1
4 59 10 1
4 60 4 6
4 61 5 3
4 62 4 4
4 63 10 4
4 64 1 1
4 65 10 5
4 66 8 10
4 67 6 10
4 68 6 8
4 69 5 2
4 70 6 10
4 71 5 7
4 73 7 2
4 74 7 6
4 75 9 2
4 76 10 7
4 77 6 5
4 79 5 6
4 80 7 10
4 81 5 3
4 82 6 10
4 83 9 1
4 84 9 7
4 85 2 7
4 86 4 8
4 87 4 1
4 88 8 10
4 89 5 10
4 90 4 3
4 91 10 7
4 92 7 3
4 94 5 1
4 95 2 3
4 97 10 10
4 98 5 10
4 99 8 3
4 100 2 8
5 6 6 8
5 7 3 2
5 8 8 1
5 9 10 9
5 10 4 8
5 11 10 9
5 12 6 4
5 14 5 1
5 15 5 7
5 16 1 4
5 17 8 4
5 18 3 9
5 19 1 5
5 22 3 4
5 23 9 6
5 24 4 8
5 25 2 3
5 26 5 4
5 27 9 10
5 28 7 4
5 30 6 8
5 31 6 4
5 32 6 7
5 34 7 4
5 35 2 6
5 36 7 5
5 37 3 4
5 39 9 4
5 40 5 8
5 41 8 4
5 42 3 7
5 43 7 2
5 44 3 9
5 45 10 7
5 46 1 9
5 47 7 10
5 48 8 5
5 49 4 3
5 51 7 6
5 52 2 8
5 53 6 8
5 54 6 4
5 55 7 5
5 56 1 8
5 57 10 6
5 59 2 4
5 60 10 7
5 61 4 9
5 62 10 1
5 63 7 6
5 64 10 9
5 65 8 8
5 66 6 5
5 67 9 1
5 68 1 4
5 69 9 8
5 70 2 2
5 71 2 8
5 72 2 2
5 73 2 5
5 74 4 10
5 76 9 4
5 78 6 1
5 79 9 8
5 80 10 10
5 81 2 9
5 82 5 4
5 83 4 1
5 84 8 3
5 85 8 2
5 87 7 8
5 88 1 2
5 89 9 5
5 90 8 5
5 91 8 6
5 92 4 7
5 94 3 2
5 95 10 7
5 96 10 7
5 97 10 4
5 98 1 5
5 99 5 8
5 100 5 1
6 8 5 9
6 9 6 5
6 12 9 8
6 13 5 6
6 14 9 9
6 15 4 4
6 16 1 3
6 17 2 6
6 18 2 2
6 20 2 8
6 21 10 7
6 22 1 6
6 23 6 7
6 24 3 8
6 25 1 2
6 26 5 8
6 27 8 8
6 28 5 10
6 29 7 6
6 30 6 5
6 32 8 6
6 33 3 10
6 34 5 5
6 35 10 3
6 37 5 1
6 38 3 7
6 39 1 10
6 40 7 9
6 41 10 7
6 42 5 2
6 43 4 6
6 44 9 5
6 45 4 10
6 47 9 2
6 48 1 7
6 49 10 9
6 50 7 7
6 51 8 10
6 52 7 5
6 53 10 6
6 54 1 9
6 55 5 1
6 56 3 10
6 58 9 5
6 59 3 3
6 60 4 3
6 61 1 2
6 63 3 6
6 64 2 9
6 66 10 1
6 67 5 5
6 68 1 10
6 69 8 4
6 71 9 4
6 73 7 5
6 76 8 8
6 78 9 3
6 79 9 3
6 80 5 3
6 81 5 4
6 82 1 9
6 83 6 6
6 85 1 1
6 87 3 9
6 88 2 9
6 91 2 4
6 93 7 5
6 94 9 1
6 95 5 7
6 97 8 2
6 99 1 10
6 100 2 6
7 8 4 1
7 11 7 8
7 12 8 4
7 13 6 10
7 14 8 3
7 15 2 9
7 16 4 3
7 17 4 1
7 19 7 4
7 20 6 8
7 21 9 8
7 22 5 3
7 23 4 8
7 24 9 4
7 25 8 5
7 26 1 4
7 27 1 1
7 28 4 4
7 30 1 5
7 31 1 6
7 32 8 5
7 33 9 7
7 34 8 4
7 35 1 7
7 36 9 7
7 38 4 2
7 39 4 1
7 40 3 5
7 42 5 4
7 43 6 2
7 44 3 6
7 46 10 7
7 47 8 5
7 48 6 8
7 49 1 6
7 50 9 9
7 51 2 1
7 53 10 1
7 55 1 3
7 56 1 10
7 58 7 3
7 59 5 5
7 61 8 5
7 62 10 8
7 63 5 9
7 64 7 3
7 65 2 6
7 66 1 8
7 67 2 3
7 68 10 4
7 69 6 9
7 70 4 4
7 72 7 7
7 74 4 7
7 75 3 1
7 77 6 5
7 78 10 10
7 79 9 4
7 80 5 4
7 81 7 5
7 82 8 2
7 86 10 4
7 87 2 5
7 88 9 3
7 89 1 3
7 90 6 9
7 91 7 1
7 92 9 6
7 93 10 7
7 95 1 4
7 96 9 7
7 97 10 10
7 98 9 10
7 100 7 7
8 9 4 6
8 10 9 8
8 11 5 9
8 12 5 2
8 13 2 10
8 16 1 5
8 17 10 10
8 19 4 6
8 21 8 10
8 22 7 6
8 23 5 3
8 24 9 7
8 26 10 2
8 28 5 6
8 29 10 8
8 30 4 7
8 31 7 3
8 32 3 6
8 33 3 6
8 34 6 9
8 35 2 2
8 36 1 2
8 37 2 10
8 38 5 2
8 39 5 4
8 40 2 3
8 41 3 2
8 42 4 10
8 44 2 8
8 45 1 10
8 46 8 6
8 47 6 4
8 50 6 6
8 51 5 4
8 52 4 10
8 54 9 1
8 55 2 1
8 56 9 2
8 57 2 3
8 59 3 9
8 60 10 7
8 61 8 2
8 62 7 9
8 64 3 5
8 65 1 6
8 66 10 6
8 67 9 10
8 69 4 7
8 70 3 1
8 71 5 10
8 72 1 5
8 73 1 4
8 74 2 5
8 75 9 3
8 76 7 8
8 77 5 9
8 78 3 2
8 79 7 2
8 80 10 3
8 81 6 2
8 82 2 10
8 83 3 7
8 85 8 3
8 87 7 10
8 88 4 10
8 89 2 4
8 90 4 8
8 91 2 4
8 92 10 8
8 93 7 2
8 94 2 6
8 95 7 2
8 98 7 4
8 99 6 6
8 100 4 6
9 10 9 2
9 11 4 4
9 13 3 1
9 14 2 4
9 16 2 3
9 17 5 4
9 18 9 10
9 19 6 4
9 20 7 5
9 22 8 8
9 24 2 6
9 26 6 9
9 27 3 5
9 30 5 4
9 31 10 1
9 32 9 5
9 33 9 7
9 34 9 9
9 35 8 4
9 38 2 3
9 40 7 4
9 41 7 2
9 43 1 10
9 44 1 8
9 46 9 9
9 47 8 2
9 48 4 6
9 49 6 3
9 50 4 5
9 51 3 9
9 52 3 8
9 53 9 2
9 54 2 2
9 56 2 8
9 57 5 8
9 58 1 10
9 61 1 5
9 63 1 9
9 64 2 1
9 65 9 4
9 66 10 6
9 67 7 10
9 68 8 4
9 69 7 8
9 71 10 8
9 72 3 5
9 74 6 2
9 76 3 9
9 77 10 5
9 78 8 4
9 79 9 3
9 81 10 8
9 82 9 7
9 83 4 4
9 84 3 1
9 85 9 8
9 86 3 3
9 87 9 8
9 89 2 3
9 90 3 2
9 91 2 5
9 92 6 6
9 93 5 2
9 94 5 7
9 97 9 1
9 98 3 1
9 99 9 8
10 11 2 6
10 12 6 3
10 13 4 1
10 14 2 5
10 15 3 6
10 16 9 10
10 17 1 10
10 18 5 3
10 19 5 1
10 20 9 4
10 21 1 4
10 22 6 2
10 23 1 7
10 26 2 7
10 27 8 4
10 28 5 9
10 30 3 7
10 33 7 1
10 35 10 2
10 37 6 10
10 38 10 4
10 39 5 2
10 40 4 3
10 41 2 4
10 42 4 6
10 43 7 4
10 44 10 7
10 45 6 7
10 46 7 2
10 47 7 9
10 48 7 3
10 49 7 5
10 50 1 3
10 51 4 2
10 53 9 10
10 54 7 5
10 57 4 8
10 58 6 3
10 59 2 5
10 60 9 10
10 63 9 2
10 64 3 1
10 65 7 10
10 66 4 5
10 67 1 10
10 68 10 2
10 69 10 2
10 70 6 10
10 71 1 7
10 72 4 8
10 73 5 1
10 74 10 7
10 75 10 1
10 76 2 9
10 77 5 7
10 78 10 4
10 79 5 3
10 80 3 5
10 81 8 6
10 82 3 3
10 83 5 9
10 84 1 6
10 85 5 5
10 86 7 9
10 88 7 3
10 89 4 7
10 90 4 2
10 91 6 9
10 92 5 6
10 93 5 3
10 94 4 9
10 97 2 2
10 98 10 4
10 99 7 1
10 100 10 10
11 12 10 3
11 13 2 9
11 14 5 10
11 15 6 8
11 17 10 2
11 19 10 6
11 20 7 2
11 21 5 6
11 22 1 4
11 25 6 3
11 27 7 7
11 28 6 5
11 29 1 6
11 31 2 2
11 32 7 8
11 33 10 3
11 34 4 3
11 35 1 7
11 37 8 8
11 39 9 10
11 40 3 2
11 41 5 6
11 42 7 8
11 43 7 10
11 44 9 4
11 45 10 2
11 48 10 6
11 50 8 8
11 53 4 2
11 54 1 1
11 55 5 6
11 57 10 9
11 58 3 10
11 59 6 8
11 60 1 1
11 61 6 7
11 63 6 8
11 64 4 5
11 65 7 4
11 66 4 5
11 68 5 7
11 69 6 8
11 70 9 8
11 71 3 5
11 72 6 3
11 73 3 8
11 75 10 7
11 76 1 5
11 77 10 3
11 78 5 10
11 80 6 3
11 81 5 1
11 82 9 4
11 83 10 4
11 84 2 4
11 85 7 6
11 86 4 5
11 88 5 4
11 89 9 7
11 90 9 3
11 91 4 3
11 92 6 8
11 94 7 6
11 95 8 9
11 96 7 7
11 98 6 2
11 99 3 2
11 100 7 5
12 13 4 2
12 14 10 5
12 16 9 5
12 17 1 5
12 18 10 8
12 19 2 2
12 21 10 8
12 23 3 6
12 24 3 8
12 25 8 9
12 29 3 2
12 30 2 9
12 31 5 4
12 34 10 9
12 35 5 2
12 36 10 6
12 39 9 3
12 40 2 3
12 41 2 1
12 42 7 5
12 43 10 7
12 44 7 10
12 46 9 9
12 47 1 2
12 51 3 3
12 52 8 7
12 53 9 8
12 54 2 3
12 55 1 3
12 57 8 4
12 59 9 9
12 60 7 1
12 62 5 1
12 63 1 2
12 64 8 9
12 65 8 2
12 66 2 3
12 67 6 8
12 68 1 8
12 69 6 9
12 70 3 8
12 71 4 8
12 72 8 7
12 74 1 9
12 75 2 1
12 76 10 2
12 77 9 7
12 80 2 9
12 81 2 6
12 82 4 7
12 83 7 5
12 84 5 6
12 85 6 8
12 86 10 7
12 87 7 9
12 88 2 6
12 89 4 7
12 90 7 6
12 92 6 10
12 93 10 1
12 94 8 5
12 95 9 7
12 96 10 5
12 98 10 1
12 99 3 8
13 15 5 3
13 16 3 4
13 17 8 4
13 19 8 4
13 20 3 2
13 21 8 9
13 22 7 4
13 23 6 6
13 28 5 10
13 29 1 8
13 31 6 6
13 32 4 8
13 33 4 1
13 36 1 10
13 38 3 5
13 39 9 4
13 40 9 9
13 41 3 5
13 42 2 7
13 43 6 9
13 45 5 4
13 47 10 2
13 48 2 3
13 49 7 3
13 50 3 6
13 51 8 4
13 52 4 2
13 53 8 4
13 54 1 3
13 55 1 6
13 56 6 5
13 57 5 1
13 58 9 1
13 59 5 9
13 61 1 9
13 62 7 3
13 63 2 5
13 64 1 3
13 66 2 7
13 67 1 9
13 69 10 1
13 70 3 4
13 71 3 3
13 73 5 8
13 74 6 3
13 75 2 2
13 77 1 4
13 78 8 7
13 82 1 4
13 83 1 1
13 84 6 10
13 85 2 7
13 86 5 2
13 87 9 2
13 88 7 3
13 89 5 1
13 91 5 4
13 92 1 3
13 93 5 2
13 94 9 6
13 96 5 6
13 97 4 1
13 98 6 6
13 99 9 7
13 100 6 6
14 15 3 9
14 16 9 8
14 17 4 10
14 18 10 8
14 19 10 1
14 22 10 3
14 23 10 1
14 24 5 1
14 25 6 5
14 26 8 8
14 27 6 4
14 28 6 7
14 29 7 10
14 30 8 2
14 31 2 8
14 32 6 9
14 33 9 9
14 34 2 10
14 37 6 2
14 38 4 10
14 39 8 3
14 40 4 10
14 41 8 7
14 43 9 9
14 44 4 7
14 45 4 5
14 46 10 10
14 47 7 9
14 48 4 5
14 50 7 7
14 51 9 10
14 52 7 6
14 53 9 8
14 55 1 1
14 57 2 5
14 58 3 2
14 64 9 5
14 65 2 3
14 66 5 6
14 67 10 7
14 68 3 3
14 69 3 3
14 70 7 1
14 71 5 2
14 72 3 8
14 74 6 5
14 75 8 2
14 76 10 4
14 77 7 4
14 80 4 1
14 82 10 3
14 83 7 5
14 84 7 5
14 86 10 1
14 87 3 10
14 88 1 2
14 89 4 7
14 91 3 4
14 92 7 6
14 93 6 5
14 94 4 2
14 95 9 10
14 96 5 5
14 97 4 9
14 98 7 10
14 99 2 10
15 17 6 5
15 18 7 1
15 19 5 7
15 21 10 2
15 22 9 10
15 23 9 10
15 24 3 2
15 25 7 1
15 26 3 8
15 27 10 3
15 28 9 10
15 29 3 10
15 30 3 7
15 31 3 3
15 32 5 9
15 33 9 4
15 34 4 6
15 35 1 10
15 36 9 10
15 37 1 9
15 38 10 6
15 39 3 1
15 41 3 7
15 42 10 4
15 44 2 6
15 45 5 3
15 46 3 10
15 48 4 1
15 50 3 7
15 51 1 6
15 52 4 2
15 54 9 6
15 55 9 2
15 56 5 7
15 57 8 3
15 59 7 4
15 60 4 10
15 61 1 6
15 62 10 5
15 63 8 5
15 64 4 1
15 66 6 6
15 67 10 4
15 68 2 9
15 69 5 10
15 71 7 9
15 72 10 5
15 73 5 4
15 74 1 9
15 75 8 4
15 76 5 8
15 78 7 5
15 79 2 4
15 81 2 7
15 82 10 7
15 83 2 2
15 85 2 10
15 86 1 9
15 87 2 7
15 88 2 4
15 89 2 2
15 90 1 2
15 91 9 9
15 92 7 9
15 93 8 10
15 96 10 3
15 97 5 5
15 98 6 4
15 99 1 2
15 100 8 8
16 17 10 7
16 18 8 10
16 19 10 7
16 20 5 1
16 21 8 3
16 22 2 1
16 23 6 5
16 24 3 1
16 25 3 9
16 26 6 3
16 27 4 2
16 28 5 2
16 30 5 3
16 31 3 3
16 32 2 8
16 33 10 9
16 35 9 5
16 36 6 9
16 37 1 2
16 38 6 10
16 39 1 1
16 40 4 2
16 41 10 7
16 42 8 6
16 44 9 6
16 45 8 9
16 46 1 7
16 47 5 4
16 48 2 7
16 49 1 1
16 50 4 3
16 51 5 9
16 53 4 3
16 54 2 5
16 55 3 7
16 56 9 4
16 57 6 4
16 58 5 4
16 59 7 1
16 60 6 10
16 61 1 2
16 62 10 8
16 64 4 3
16 65 2 1
16 66 7 8
16 67 3 2
16 69 5 6
16 70 6 7
16 71 6 10
16 72 4 6
16 73 3 8
16 74 7 6
16 75 6 6
16 76 9 3
16 77 3 6
16 78 9 6
16 79 7 1
16 80 4 9
16 81 1 6
16 82 3 3
16 83 9 1
16 84 3 5
16 85 10 1
16 86 7 3
16 87 1 6
16 89 4 9
16 90 1 3
16 91 9 3
16 92 4 10
16 93 8 2
16 94 4 7
16 95 1 3
16 96 4 1
16 97 6 5
16 99 8 8
17 18 6 7
17 20 9 8
17 21 2 1
17 22 2 5
17 24 7 6
17 26 2 10
17 27 2 1
17 28 8 1
17 29 7 2
17 31 3 5
17 34 5 8
17 35 8 10
17 36 5 5
17 37 4 10
17 38 9 1
17 39 4 1
17 40 7 2
17 41 6 2
17 42 6 1
17 43 4 4
17 44 9 1
17 45 7 7
17 46 8 2
17 47 8 2
17 48 3 2
17 49 8 2
17 50 10 7
17 51 7 10
17 52 3 3
17 54 7 8
17 55 6 6
17 56 1 4
17 57 5 2
17 58 8 9
17 59 6 2
17 60 4 4
17 62 1 2
17 63 6 4
17 64 6 2
17 65 3 6
17 66 6 8
17 67 6 6
17 68 7 9
17 69 9 7
17 71 5 5
17 72 6 1
17 73 2 10
17 74 6 7
17 75 7 7
17 76 2 1
17 77 1 5
17 78 9 5
17 79 3 9
17 80 10 6
17 81 9 2
17 82 8 9
17 83 7 3
17 86 2 3
17 87 10 1
17 88 6 9
17 89 6 10
17 90 7 5
17 92 9 3
17 93 7 1
17 94 5 2
17 96 9 7
17 97 2 8
17 98 5 3
17 99 4 4
17 100 7 10
18 19 3 7
18 20 2 7
18 21 4 8
18 22 1 2
18 23 5 1
18 24 6 7
18 26 10 7
18 27 2 7
18 28 5 2
18 29 7 9
18 30 8 8
18 32 5 8
18 33 7 9
18 34 5 4
18 35 2 1
18 36 7 6
18 37 7 8
18 38 5 1
18 39 4 10
18 40 7 3
18 41 1 1
18 42 6 6
18 43 4 7
18 44 1 6
18 45 1 8
18 46 9 9
18 47 5 3
18 49 4 10
18 51 7 10
18 52 9 2
18 53 9 4
18 54 7 6
18 55 1 1
18 56 10 7
18 58 1 7
18 59 8 5
18 60 4 6
18 61 3 9
18 64 9 8
18 65 3 6
18 66 4 3
18 67 9 5
18 68 3 7
18 69 3 1
18 70 7 10
18 71 1 3
18 73 9 9
18 74 3 1
18 75 4 8
18 77 2 5
18 79 7 10
18 80 6 2
18 81 2 6
18 82 5 4
18 83 7 3
18 84 8 4
18 85 4 1
18 86 10 4
18 87 4 1
18 88 7 10
18 90 8 3
18 91 2 1
18 92 10 8
18 94 9 7
18 95 2 7
18 97 8 2
18 98 1 10
18 99 4 2
18 100 5 2
19 20 2 6
19 21 10 9
19 22 10 3
19 24 4 3
19 25 10 10
19 26 3 5
19 27 10 1
19 28 1 8
19 30 10 1
19 31 4 8
19 32 2 4
19 33 7 3
19 34 10 5
19 35 7 9
19 36 2 4
19 37 2 5
19 39 8 7
19 40 1 4
19 41 10 1
19 42 3 2
19 43 1 6
19 48 7 8
19 49 9 10
19 50 1 2
19 51 3 8
19 52 4 5
19 54 6 4
19 55 10 2
19 57 10 3
19 58 6 6
19 59 3 5
19 60 3 7
19 62 3 10
19 63 4 3
19 65 2 5
19 66 8 4
19 68 6 1
19 69 8 6
19 70 3 8
19 71 6 9
19 72 5 3
19 73 6 2
19 74 5 3
19 75 5 9
19 76 2 3
19 77 6 4
19 78 3 5
19 80 9 3
19 81 10 4
19 82 10 7
19 83 8 1
19 84 6 8
19 85 6 3
19 86 2 5
19 87 5 9
19 88 7 7
19 90 5 9
19 91 7 9
19 92 10 9
19 93 10 5
19 94 5 1
19 95 3 2
19 96 9 7
19 98 4 9
19 99 10 1
19 100 5 10
20 21 9 1
20 22 5 6
20 25 4 8
20 27 2 6
20 28 5 8
20 29 2 7
20 30 1 1
20 31 2 2
20 33 1 8
20 34 10 3
20 35 10 7
20 38 1 1
20 39 6 9
20 40 6 7
20 41 3 6
20 42 10 3
20 44 6 1
20 46 4 9
20 47 7 1
20 50 9 9
20 52 5 2
20 53 6 3
20 54 10 1
20 55 2 2
20 56 3 7
20 57 1 2
20 60 8 10
20 61 3 4
20 62 1 1
20 63 10 4
20 64 8 10
20 65 7 7
20 66 2 4
20 67 9 6
20 68 7 10
20 71 10 9
20 72 7 8
20 73 7 3
20 76 1 8
20 77 4 9
20 79 3 3
20 80 5 8
20 81 5 6
20 82 1 6
20 83 10 9
20 84 6 6
20 86 8 5
20 88 1 10
20 90 8 5
20 91 1 2
20 93 9 5
20 94 9 8
20 96 10 8
20 98 9 9
20 99 5 5
21 23 3 5
21 24 2 10
21 25 3 9
21 26 7 6
21 27 8 8
21 29 3 2
21 30 5 2
21 31 8 8
21 32 3 6
21 33 10 9
21 34 8 6
21 35 5 10
21 36 2 1
21 37 3 10
21 38 9 7
21 40 7 1
21 41 9 3
21 42 1 7
21 43 7 6
21 44 10 10
21 45 6 8
21 46 2 3
21 47 4 1
21 49 5 6
21 50 10 4
21 51 1 10
21 52 1 5
21 53 9 5
21 54 9 6
21 55 1 9
21 56 6 3
21 57 9 6
21 58 8 4
21 59 10 6
21 61 1 5
21 62 10 8
21 63 9 6
21 64 2 9
21 66 3 7
21 67 4 5
21 68 1 7
21 70 4 4
21 71 1 8
21 72 5 9
21 73 8 1
21 74 6 9
21 75 7 2
21 76 4 6
21 77 1 10
21 78 3 4
21 79 5 1
21 80 7 7
21 81 9 9
21 83 8 7
21 84 10 7
21 85 6 4
21 86 9 3
21 87 3 3
21 88 9 3
21 90 5 5
21 91 2 10
21 92 9 3
21 93 3 6
21 94 6 4
21 95 5 9
21 96 4 4
21 97 10 2
21 98 2 6
21 100 3 6
22 23 9 7
22 24 7 2
22 25 6 7
22 26 9 8
22 27 8 2
22 28 8 2
22 30 2 7
22 31 10 2
22 32 4 2
22 33 3 1
22 34 1 2
22 35 1 10
22 36 1 6
22 37 2 8
22 40 2 5
22 41 8 3
22 42 5 2
22 43 5 10
22 44 10 9
22 45 2 5
22 47 10 8
22 48 9 6
22 49 8 2
22 51 10 4
22 52 3 5
22 53 6 7
22 54 6 10
22 55 2 9
22 56 5 1
22 57 1 10
22 58 1 7
22 59 10 6
22 60 7 6
22 61 8 4
22 62 10 3
22 63 8 4
22 64 8 2
22 65 2 9
22 66 10 6
22 68 2 6
22 70 4 3
22 72 9 5
22 76 1 4
22 77 6 9
22 78 5 2
22 79 1 6
22 80 2 10
22 81 4 7
22 82 5 4
22 83 9 6
22 84 3 2
22 85 8 8
22 86 10 10
22 87 5 9
22 88 3 5
22 89 1 10
22 90 8 5
22 91 10 4
22 92 4 10
22 93 3 5
22 94 9 2
22 95 4 6
22 97 2 7
22 98 7 8
22 99 8 7
22 100 8 4
23 24 6 5
23 25 7 9
23 26 4 6
23 28 4 7
23 30 10 4
23 31 4 10
23 32 8 9
23 35 10 1
23 36 7 8
23 37 10 10
23 38 9 10
23 39 4 10
23 40 10 8
23 41 9 4
23 43 5 8
23 44 10 10
23 45 10 9
23 46 9 8
23 47 2 1
23 48 3 5
23 50 4 4
23 51 1 2
23 54 10 3
23 55 5 5
23 56 4 10
23 57 4 10
23 58 5 1
23 59 10 4
23 60 1 2
23 61 2 8
23 62 4 7
23 63 1 10
23 64 2 9
23 65 9 10
23 68 1 5
23 70 3 5
23 71 3 6
23 72 4 7
23 73 9 3
23 75 6 9
23 76 4 10
23 77 7 3
23 78 10 5
23 79 6 7
23 80 4 2
23 82 4 2
23 84 1 8
23 85 1 4
23 86 2 10
23 87 8 3
23 88 9 6
23 90 2 4
23 91 5 8
23 92 10 10
23 93 3 9
23 95 6 3
23 96 5 2
23 98 7 8
23 99 4 9
23 100 6 3
24 25 9 3
24 26 3 3
24 27 10 9
24 28 8 3
24 29 1 8
24 30 10 1
24 31 8 3
24 32 1 3
24 33 5 4
24 35 7 4
24 37 4 6
24 39 1 3
24 40 10 4
24 41 3 10
24 43 8 2
24 44 1 8
24 46 5 9
24 47 8 3
24 48 6 2
24 50 5 8
24 52 3 2
24 53 1 1
24 55 6 10
24 56 1 10
24 57 4 8
24 58 1 1
24 59 6 9
24 60 2 10
24 61 3 1
24 62 10 1
24 63 3 6
24 64 9 2
24 65 2 2
24 66 1 6
24 67 5 1
24 68 4 4
24 69 1 1
24 70 3 6
24 71 5 8
24 72 1 1
24 73 9 3
24 74 7 10
24 77 2 6
24 78 2 2
24 79 2 4
24 80 4 9
24 81 7 5
24 83 10 6
24 85 3 4
24 86 6 6
24 87 3 4
24 88 6 6
24 92 5 8
24 93 1 1
24 94 4 1
24 96 4 4
24 97 1 2
24 98 6 7
24 99 3 9
24 100 2 1
25 27 4 2
25 28 9 1
25 29 3 2
25 30 10 5
25 31 1 1
25 32 2 10
25 34 9 3
25 35 5 8
25 36 5 9
25 38 4 6
25 40 9 6
25 41 2 6
25 42 10 10
25 44 1 10
25 45 7 4
25 46 5 1
25 47 7 10
25 48 4 5
25 49 10 4
25 50 4 7
25 51 9 3
25 52 9 5
25 53 6 1
25 54 6 7
25 57 4 10
25 58 4 2
25 60 7 7
25 61 2 10
25 62 7 6
25 64 10 1
25 65 4 1
25 67 9 5
25 68 4 3
25 69 4 9
25 70 8 2
25 71 6 8
25 72 9 10
25 73 7 7
25 74 7 6
25 75 4 1
25 76 8 5
25 77 1 6
25 78 6 5
25 79 2 2
25 80 8 3
25 81 4 10
25 83 4 5
25 85 9 4
25 86 8 8
25 89 2 9
25 91 3 9
25 92 1 5
25 93 4 1
25 94 5 5
25 96 1 1
25 97 3 9
25 98 3 7
25 99 9 2
25 100 3 7
26 27 5 7
26 29 8 7
26 30 5 9
26 31 3 3
26 32 1 2
26 34 9 9
26 35 10 3
26 37 8 2
26 38 9 9
26 39 4 4
26 40 3 3
26 41 5 1
26 42 7 5
26 43 2 5
26 44 4 9
26 45 7 4
26 46 4 2
26 47 1 1
26 48 5 8
26 49 2 2
26 50 10 6
26 51 4 8
26 52 4 1
26 53 10 3
26 54 8 5
26 55 4 2
26 56 9 1
26 57 6 6
26 58 8 2
26 59 5 7
26 60 10 9
26 61 7 5
26 62 10 3
26 63 4 4
26 64 10 4
26 65 7 9
26 66 4 9
26 67 6 6
26 69 3 1
26 70 3 6
26 71 9 5
26 73 7 7
26 74 3 8
26 75 6 4
26 76 8 8
26 78 10 5
26 79 8 7
26 80 2 3
26 81 8 5
26 83 7 5
26 84 2 9
26 86 7 9
26 87 3 2
26 88 10 9
26 89 9 6
26 93 3 7
26 94 1 4
26 95 2 4
26 96 10 5
26 97 6 3
26 98 5 4
26 99 8 3
26 100 2 1
27 28 3 4
27 29 6 3
27 30 10 6
27 32 2 5
27 33 7 3
27 34 10 4
27 35 2 3
27 36 2 1
27 37 8 8
27 38 4 9
27 40 9 3
27 41 1 8
27 42 8 5
27 43 4 5
27 44 9 7
27 45 3 2
27 47 3 3
27 49 3 7
27 50 4 8
27 51 8 10
27 53 10 1
27 54 1 8
27 55 1 4
27 56 10 5
27 57 9 10
27 58 4 3
27 59 1 6
27 60 5 6
27 61 9 2
27 62 3 2
27 63 4 1
27 64 9 3
27 65 6 3
27 66 8 10
27 68 5 1
27 69 7 6
27 70 10 5
27 71 6 3
27 72 1 9
27 74 1 6
27 75 8 9
27 76 10 2
27 77 6 8
27 78 2 1
27 79 2 1
27 80 10 2
27 82 4 6
27 83 4 6
27 84 6 2
27 85 1 1
27 86 8 2
27 87 6 8
27 88 7 3
27 89 8 8
27 90 5 2
27 92 8 4
27 93 8 9
27 94 8 7
27 95 2 5
27 96 10 8
27 99 5 2
27 100 4 1
28 29 5 1
28 30 6 3
28 33 2 3
28 34 1 3
28 37 3 9
28 38 9 6
28 39 1 7
28 40 3 10
28 41 2 1
28 42 7 5
28 43 2 2
28 45 4 10
28 47 10 10
28 49 3 8
28 50 8 5
28 51 2 10
28 52 10 1
28 53 7 8
28 54 7 4
28 55 7 2
28 56 5 1
28 57 5 3
28 59 1 2
28 60 1 4
28 61 1 4
28 62 7 4
28 63 2 2
28 64 5 5
28 65 10 3
28 66 8 2
28 67 2 8
28 69 1 6
28 70 3 1
28 73 4 1
28 74 10 7
28 76 2 1
28 77 5 3
28 78 5 7
28 79 2 7
28 81 1 5
28 82 10 6
28 83 7 4
28 84 9 4
28 85 6 3
28 86 5 3
28 87 2 6
28 88 5 6
28 92 10 8
28 93 2 9
28 94 1 2
28 96 4 6
28 97 7 4
28 98 9 8
28 100 3 7
29 30 4 4
29 32 7 9
29 33 2 8
29 37 6 9
29 39 9 5
29 40 2 1
29 41 7 5
29 42 10 7
29 43 1 1
29 44 1 9
29 45 5 2
29 47 1 9
29 48 9 7
29 49 5 4
29 50 8 7
29 51 3 1
29 52 10 4
29 53 3 7
29 54 6 8
29 55 7 10
29 56 8 6
29 57 5 5
29 58 7 1
29 60 9 10
29 61 8 10
29 62 6 5
29 63 2 6
29 64 2 8
29 65 9 1
29 66 6 3
29 67 3 10
29 68 1 9
29 69 1 10
29 70 4 6
29 71 8 9
29 72 6 3
29 74 10 4
29 75 7 5
29 76 6 9
29 78 8 8
29 79 9 8
29 80 4 7
29 82 2 4
29 83 2 4
29 84 9 7
29 85 5 5
29 86 8 5
29 87 2 6
29 89 4 2
29 90 5 3
29 91 5 7
29 92 2 4
29 94 2 3
29 95 1 6
29 96 5 4
29 97 5 1
29 98 9 4
29 99 3 1
29 100 9 5
30 31 9 3
30 32 10 9
30 33 5 3
30 35 5 6
30 36 1 4
30 39 7 8
30 40 9 2
30 41 8 4
30 42 4 8
30 43 3 1
30 44 3 3
30 45 5 5
30 46 4 5
30 47 5 8
30 48 2 8
30 49 7 5
30 50 5 3
30 51 4 1
30 52 2 1
30 53 2 8
30 54 10 7
30 55 7 2
30 56 6 3
30 57 4 10
30 58 3 4
30 59 1 8
30 60 3 4
30 61 1 2
30 63 6 7
30 64 7 6
30 65 8 3
30 66 7 4
30 67 5 1
30 68 7 8
30 69 1 7
30 70 5 3
30 71 9 6
30 73 8 4
30 74 1 9
30 75 5 8
30 77 10 3
30 79 5 9
30 81 10 10
30 82 5 9
30 83 2 1
30 84 8 6
30 85 6 9
30 86 8 4
30 89 5 10
30 91 8 3
30 92 8 5
30 93 10 5
30 94 9 7
30 96 10 6
30 98 3 2
30 99 1 3
30 100 10 2
31 32 4 7
31 33 7 5
31 34 9 9
31 35 2 9
31 36 6 3
31 37 1 2
31 38 4 10
31 39 7 2
31 40 1 3
31 42 1 7
31 43 8 3
31 44 5 4
31 45 9 3
31 46 5 4
31 47 2 6
31 48 7 6
31 49 2 2
31 50 10 1
31 51 4 7
31 52 1 1
31 53 10 4
31 54 10 8
31 55 4 10
31 56 8 4
31 57 5 3
31 59 4 4
31 61 8 4
31 64 4 5
31 65 3 10
31 66 8 9
31 67 7 9
31 68 1 10
31 69 5 3
31 70 2 2
31 73 8 8
31 74 6 9
31 75 1 10
31 76 2 4
31 77 10 1
31 78 8 6
31 79 2 8
31 80 1 4
31 81 3 7
31 82 4 4
31 83 6 8
31 84 3 3
31 85 1 10
31 86 10 9
31 87 4 10
31 88 9 4
31 89 9 8
31 91 1 8
31 92 7 3
31 94 2 8
31 97 7 5
31 99 10 6
31 100 4 4
32 33 10 10
32 34 5 9
32 35 9 4
32 36 5 3
32 37 4 6
32 38 2 7
32 39 1 9
32 40 4 3
32 42 9 10
32 43 5 10
32 44 8 8
32 45 3 2
32 46 10 4
32 47 5 10
32 50 10 9
32 52 6 2
32 53 6 9
32 54 1 9
32 55 2 6
32 56 9 8
32 57 2 9
32 58 5 9
32 59 1 4
32 60 4 3
32 61 4 3
32 62 7 5
32 63 8 6
32 64 3 7
32 65 7 3
32 66 6 10
32 68 4 9
32 69 7 6
32 70 2 10
32 71 7 1
32 72 6 6
32 73 1 5
32 74 10 4
32 75 9 8
32 76 7 5
32 77 6 6
32 78 9 8
32 80 5 3
32 81 5 1
32 82 2 7
32 83 9 7
32 84 2 5
32 86 6 9
32 88 6 4
32 90 10 10
32 91 2 8
32 92 7 1
32 93 9 10
32 95 3 6
32 96 1 10
32 97 8 10
32 98 8 6
32 99 3 2
32 100 3 8
33 34 6 3
33 35 4 8
33 36 9 10
33 38 5 1
33 39 7 2
33 40 7 8
33 41 2 8
33 42 4 3
33 43 8 7
33 44 1 6
33 45 5 8
33 46 1 1
33 47 9 1
33 48 2 1
33 49 10 4
33 50 8 8
33 51 2 5
33 53 6 3
33 55 5 3
33 56 1 4
33 57 10 5
33 58 5 5
33 60 3 9
33 61 8 6
33 62 2 2
33 63 2 5
33 64 2 9
33 65 3 9
33 66 5 7
33 67 1 3
33 68 1 9
33 69 5 8
33 70 4 4
33 71 6 9
33 72 2 1
33 73 4 9
33 78 5 8
33 79 2 7
33 80 7 10
33 81 10 8
33 83 7 3
33 84 3 3
33 87 6 7
33 88 9 8
33 89 2 5
33 90 6 10
33 91 10 1
33 92 2 8
33 93 9 2
33 94 4 6
33 95 8 6
33 97 2 4
33 98 7 7
33 99 1 5
33 100 10 2
34 35 6 6
34 38 2 8
34 39 1 8
34 40 2 7
34 41 5 3
34 43 5 2
34 44 10 8
34 45 9 2
34 46 1 5
34 47 7 9
34 48 4 3
34 49 6 6
34 50 7 4
34 51 1 8
34 52 1 2
34 53 9 10
34 55 9 3
34 56 7 5
34 57 10 1
34 58 6 3
34 59 1 9
34 60 1 7
34 61 5 4
34 62 10 5
34 63 10 5
34 64 4 3
34 65 1 10
34 66 10 7
34 67 2 1
34 68 2 7
34 69 4 8
34 70 2 7
34 71 9 7
34 72 2 7
34 73 6 6
34 74 1 10
34 76 3 8
34 78 5 3
34 80 9 10
34 81 1 9
34 82 7 7
34 83 6 2
34 84 1 8
34 86 7 9
34 87 7 3
34 88 2 10
34 89 6 9
34 90 7 7
34 91 8 3
34 92 1 1
34 93 10 5
34 94 7 5
34 95 10 3
34 97 4 2
34 98 1 9
34 99 1 8
34 100 8 8
35 36 1 2
35 37 10 5
35 38 1 4
35 39 8 9
35 40 1 4
35 41 2 3
35 42 10 1
35 44 9 10
35 46 9 10
35 47 4 6
35 48 7 10
35 49 4 3
35 51 9 2
35 52 9 3
35 54 6 7
35 55 7 6
35 57 6 4
35 59 2 3
35 60 4 6
35 61 2 8
35 62 10 8
35 63 5 1
35 64 9 1
35 65 2 1
35 66 8 4
35 67 3 8
35 68 1 4
35 69 9 7
35 70 8 7
35 71 8 6
35 72 9 3
35 73 2 5
35 74 6 2
35 75 8 8
35 76 10 4
35 77 4 8
35 78 5 6
35 79 8 8
35 80 3 3
35 81 6 6
35 82 2 10
35 83 2 6
35 84 8 4
35 85 5 6
35 86 8 1
35 87 5 10
35 88 4 3
35 89 5 8
35 90 5 4
35 91 8 9
35 92 7 9
35 94 8 2
35 95 9 9
35 96 10 1
35 97 4 4
35 98 1 6
35 99 3 6
35 100 2 7
36 37 9 2
36 38 9 6
36 39 3 10
36 40 8 5
36 41 2 5
36 42 2 6
36 43 9 5
36 44 7 6
36 45 10 6
36 46 4 6
36 47 3 7
36 48 7 3
36 50 7 3
36 52 8 9
36 54 1 8
36 55 9 1
36 57 1 8
36 58 3 9
36 59 3 8
36 61 2 6
36 62 6 7
36 63 7 8
36 64 6 8
36 65 2 2
36 66 9 9
36 67 4 5
36 68 5 5
36 70 2 6
36 71 10 10
36 73 6 2
36 74 10 1
36 75 1 5
36 76 3 4
36 77 3 7
36 78 9 9
36 79 10 5
36 80 10 8
36 82 4 5
36 83 6 10
36 84 5 2
36 85 5 1
36 86 8 6
36 88 1 6
36 89 10 1
36 92 6 2
36 93 6 7
36 94 8 9
36 95 2 9
36 96 1 6
36 97 2 3
36 98 5 6
36 99 4 10
36 100 6 10
37 38 10 10
37 39 5 3
37 40 7 2
37 41 5 9
37 42 8 3
37 45 4 9
37 46 7 6
37 47 10 9
37 48 7 5
37 49 2 5
37 50 6 8
37 51 1 9
37 52 2 2
37 54 3 1
37 55 6 1
37 56 4 4
37 58 5 9
37 59 8 4
37 63 7 5
37 64 3 10
37 65 3 3
37 66 4 8
37 68 7 4
37 69 7 9
37 71 2 9
37 72 10 10
37 73 8 4
37 74 8 8
37 75 2 7
37 76 1 6
37 77 4 8
37 78 10 4
37 79 7 10
37 80 7 6
37 81 3 6
37 82 8 5
37 83 9 4
37 84 8 8
37 85 2 3
37 86 5 10
37 87 3 7
37 88 3 10
37 89 2 5
37 90 2 1
37 91 4 7
37 93 7 6
37 95 9 6
37 96 2 7
37 97 8 3
37 98 3 7
37 99 9 1
38 39 2 6
38 40 7 3
38 41 9 5
38 42 4 6
38 43 10 2
38 44 2 1
38 45 9 8
38 46 8 5
38 47 7 10
38 48 5 5
38 49 1 8
38 50 5 2
38 51 5 4
38 53 5 10
38 54 2 10
38 55 8 9
38 56 3 2
38 57 4 3
38 59 3 6
38 60 9 5
38 62 1 1
38 63 1 10
38 64 3 8
38 66 2 2
38 70 10 8
38 71 3 2
38 72 2 9
38 73 8 2
38 77 8 1
38 78 10 8
38 79 8 5
38 81 4 5
38 85 4 9
38 87 10 1
38 89 1 1
38 90 10 2
38 91 8 1
38 92 5 3
38 94 6 9
38 96 1 6
38 97 9 2
38 98 5 4
38 100 4 10
39 40 6 5
39 41 7 5
39 42 2 7
39 43 10 3
39 44 9 1
39 45 10 1
39 46 7 8
39 47 9 7
39 49 3 1
39 50 4 9
39 51 8 5
39 52 9 7
39 54 2 5
39 55 9 8
39 57 10 8
39 58 8 1
39 59 2 1
39 60 1 2
39 61 7 9
39 62 9 6
39 63 1 6
39 64 10 9
39 65 10 3
39 66 9 2
39 67 1 10
39 68 1 7
39 69 3 5
39 70 9 7
39 72 1 1
39 73 5 7
39 74 2 2
39 76 5 8
39 77 7 4
39 78 5 10
39 80 3 6
39 81 10 5
39 84 10 10
39 85 8 5
39 86 5 3
39 87 9 3
39 88 10 8
39 89 4 3
39 90 4 5
39 93 2 6
39 94 6 8
39 95 8 6
39 96 10 5
39 97 2 10
39 99 1 9
39 100 10 9
40 41 9 10
40 42 8 7
40 44 7 3
40 45 3 7
40 46 8 7
40 47 7 6
40 49 9 6
40 50 7 6
40 51 3 2
40 52 4 8
40 53 8 6
40 55 9 1
40 56 7 8
40 57 7 8
40 58 2 8
40 59 2 10
40 61 1 7
40 64 6 7
40 65 10 4
40 66 1 2
40 68 2 2
40 69 3 6
40 70 9 8
40 71 9 5
40 72 1 4
40 73 8 5
40 75 7 8
40 76 1 4
40 77 4 8
40 79 6 10
40 83 6 6
40 84 10 7
40 85 8 6
40 89 7 2
40 91 4 3
40 92 4 3
40 93 1 1
40 95 9 3
40 97 9 9
40 98 9 5
40 99 4 7
41 42 2 2
41 43 9 4
41 44 4 4
41 46 6 8
41 49 6 10
41 50 7 4
41 51 7 9
41 53 7 5
41 54 7 3
41 55 6 10
41 58 6 5
41 60 6 5
41 61 10 5
41 63 2 3
41 64 3 4
41 65 7 2
41 66 3 7
41 67 4 6
41 68 9 4
41 69 10 2
41 70 9 6
41 71 8 4
41 74 6 6
41 75 7 5
41 76 4 4
41 77 4 4
41 78 3 5
41 79 2 8
41 80 2 3
41 82 4 5
41 84 6 5
41 85 2 8
41 86 3 4
41 87 9 8
41 88 5 6
41 89 2 6
41 90 8 7
41 92 9 7
41 93 10 6
41 96 6 9
41 97 5 7
41 98 6 4
41 99 4 2
42 43 8 10
42 45 2 1
42 46 5 1
42 47 3 1
42 48 1 10
42 49 10 10
42 50 5 8
42 51 8 3
42 52 6 8
42 53 6 3
42 54 10 7
42 55 8 8
42 57 3 4
42 58 7 10
42 60 10 1
42 62 5 7
42 63 8 10
42 64 3 7
42 65 8 7
42 66 1 7
42 67 8 9
42 68 4 9
42 70 8 7
42 71 2 4
42 72 2 1
42 73 9 7
42 74 4 9
42 77 7 4
42 78 4 10
42 79 8 10
42 80 1 6
42 81 8 6
42 82 9 6
42 83 7 7
42 84 2 6
42 86 3 6
42 87 2 1
42 88 2 9
42 89 1 10
42 90 8 10
42 91 4 4
42 94 7 2
42 96 8 5
42 97 9 7
42 99 9 10
42 100 1 8
43 44 4 10
43 45 9 1
43 46 8 1
43 47 2 10
43 48 5 10
43 49 7 10
43 50 10 2
43 51 9 8
43 52 2 9
43 53 7 10
43 54 9 4
43 56 5 10
43 57 3 8
43 59 7 4
43 60 2 7
43 61 2 2
43 62 4 6
43 63 3 6
43 64 8 6
43 65 9 1
43 66 2 10
43 68 8 3
43 69 5 5
43 70 1 7
43 72 9 8
43 73 8 9
43 74 7 10
43 75 9 7
43 76 6 5
43 77 4 8
43 78 3 1
43 80 1 9
43 81 9 10
43 83 2 4
43 84 1 2
43 85 2 1
43 86 10 8
43 87 6 8
43 88 4 6
43 89 1 8
43 90 7 10
43 93 8 5
43 94 5 2
43 95 2 8
43 97 3 10
43 98 10 2
43 99 7 7
44 45 8 5
44 46 7 6
44 47 8 7
44 48 10 6
44 49 9 10
44 50 1 4
44 51 6 1
44 52 5 7
44 53 6 9
44 54 2 1
44 56 8 8
44 57 5 1
44 59 6 4
44 60 3 9
44 61 10 3
44 62 7 10
44 64 6 4
44 65 5 2
44 66 8 5
44 67 9 2
44 68 7 2
44 69 6 7
44 70 1 3
44 74 3 6
44 76 7 9
44 77 8 4
44 78 5 6
44 79 4 10
44 80 8 2
44 82 1 7
44 83 10 7
44 84 8 7
44 85 9 10
44 86 2 9
44 87 8 10
44 88 3 8
44 89 9 4
44 90 10 1
44 91 8 1
44 92 6 1
44 93 7 5
44 94 5 4
44 95 3 8
44 96 8 2
44 97 3 9
44 98 2 3
44 99 9 1
44 100 6 7
45 47 5 9
45 48 1 2
45 49 4 4
45 50 9 9
45 51 8 6
45 52 10 8
45 54 2 9
45 55 7 2
45 58 7 6
45 59 1 4
45 60 7 7
45 61 2 6
45 62 6 8
45 63 8 1
45 64 2 8
45 65 7 3
45 66 10 4
45 67 5 5
45 68 9 7
45 69 10 4
45 70 9 5
45 71 10 9
45 72 8 2
45 74 9 8
45 75 6 5
45 78 4 10
45 79 8 10
45 80 4 5
45 81 3 2
45 83 10 9
45 84 5 8
45 85 8 10
45 86 3 10
45 87 7 5
45 88 2 4
45 90 4 7
45 93 2 6
45 94 8 9
45 95 7 3
45 96 5 2
45 97 6 10
45 98 3 8
45 99 10 7
45 100 2 9
46 48 7 3
46 49 4 3
46 50 3 1
46 51 7 5
46 52 1 1
46 53 2 2
46 54 7 3
46 55 1 10
46 56 7 10
46 57 1 1
46 58 2 6
46 61 4 5
46 62 2 7
46 63 10 10
46 64 5 7
46 67 4 3
46 68 4 5
46 69 4 8
46 70 6 3
46 71 3 7
46 72 1 10
46 73 6 9
46 74 5 5
46 75 10 9
46 76 2 2
46 77 3 7
46 78 8 1
46 80 2 3
46 81 3 3
46 82 2 1
46 83 2 7
46 84 6 5
46 85 3 5
46 86 7 8
46 88 9 6
46 89 5 7
46 90 4 9
46 92 5 1
46 94 7 9
46 98 6 4
46 100 9 9
47 48 6 8
47 50 2 4
47 51 6 10
47 52 3 8
47 53 2 3
47 55 9 3
47 56 1 4
47 57 6 1
47 58 6 5
47 60 4 9
47 62 4 5
47 63 4 5
47 64 6 10
47 66 2 1
47 70 4 10
47 71 1 1
47 72 4 4
47 73 3 7
47 74 6 4
47 75 4 10
47 76 1 8
47 77 2 9
47 78 10 10
47 79 6 4
47 80 3 5
47 81 7 10
47 82 4 8
47 83 10 3
47 84 3 8
47 85 9 3
47 86 10 1
47 87 5 1
47 88 10 1
47 89 3 9
47 91 7 8
47 92 4 5
47 94 4 9
47 95 3 8
47 96 9 9
47 97 8 3
47 98 4 2
47 99 6 1
47 100 2 5
48 50 4 6
48 51 6 6
48 53 9 2
48 54 7 5
48 55 7 4
48 56 1 7
48 58 9 1
48 59 6 7
48 60 8 1
48 62 3 10
48 64 2 8
48 65 1 8
48 66 6 10
48 67 2 7
48 69 1 9
48 70 2 7
48 71 3 10
48 72 1 10
48 73 1 6
48 74 5 5
48 75 6 2
48 76 4 8
48 77 7 10
48 78 9 8
48 79 4 5
48 80 4 6
48 81 9 10
48 82 10 3
48 83 3 9
48 85 8 4
48 86 7 6
48 87 7 5
48 88 8 1
48 89 8 1
48 90 8 3
48 91 4 7
48 92 5 6
48 93 2 10
48 94 8 3
48 95 3 5
48 98 6 4
48 100 4 7
49 50 10 9
49 52 8 7
49 53 8 1
49 54 9 2
49 55 5 1
49 58 7 2
49 59 10 7
49 60 7 8
49 61 7 4
49 62 8 2
49 63 6 4
49 64 5 4
49 65 9 6
49 66 1 7
49 67 2 1
49 68 4 1
49 71 9 7
49 72 2 10
49 73 6 7
49 74 8 7
49 75 9 3
49 76 3 1
49 78 3 4
49 79 5 6
49 80 10 10
49 82 10 9
49 83 1 9
49 84 9 5
49 85 6 4
49 86 4 3
49 87 3 5
49 88 3 5
49 90 7 3
49 92 5 4
49 93 6 4
49 95 3 5
49 96 6 9
49 97 2 4
49 98 6 7
49 99 5 2
49 100 7 4
50 51 1 3
50 54 7 1
50 55 8 6
50 56 9 2
50 57 10 1
50 59 1 3
50 60 2 4
50 62 10 6
50 64 4 9
50 65 9 5
50 66 7 9
50 67 2 5
50 69 9 7
50 70 2 4
50 71 1 2
50 72 9 4
50 73 4 8
50 74 7 7
50 76 9 4
50 77 1 7
50 78 9 8
50 79 4 9
50 81 6 9
50 82 10 7
50 83 2 3
50 84 5 8
50 87 3 5
50 88 9 9
50 89 6 2
50 90 1 5
50 92 2 4
50 93 10 6
50 94 10 5
50 96 5 3
50 97 10 7
50 98 1 5
50 99 6 3
50 100 10 10
51 52 7 5
51 54 2 2
51 55 4 10
51 56 3 2
51 57 6 3
51 58 9 5
51 61 7 2
51 62 6 2
51 64 2 3
51 65 6 4
51 66 2 9
51 67 8 4
51 68 6 8
51 69 1 8
51 70 8 4
51 71 10 6
51 72 8 5
51 74 8 1
51 75 10 4
51 78 3 6
51 79 6 6
51 80 1 5
51 81 9 9
51 82 6 9
51 83 5 7
51 84 7 3
51 85 5 3
51 86 9 5
51 87 6 5
51 88 4 8
51 90 3 9
51 91 3 1
51 92 10 3
51 94 10 4
51 95 1 10
51 97 4 6
51 98 1 1
51 99 5 1
52 53 6 8
52 54 3 6
52 55 8 6
52 56 10 1
52 59 5 9
52 60 9 2
52 61 2 2
52 63 1 9
52 64 1 1
52 65 5 7
52 66 2 1
52 67 9 10
52 68 3 10
52 69 6 7
52 70 10 6
52 72 3 8
52 73 3 7
52 74 1 1
52 75 6 5
52 76 10 9
52 77 2 2
52 79 9 4
52 80 1 9
52 81 6 2
52 82 6 9
52 83 7 5
52 86 9 6
52 87 9 3
52 88 2 4
52 90 5 4
52 93 8 4
52 94 1 5
52 95 3 8
52 96 8 2
52 97 2 9
52 99 10 7
52 100 4 1
53 54 10 7
53 55 7 9
53 58 8 4
53 59 2 10
53 60 10 3
53 61 5 1
53 62 3 5
53 64 9 3
53 65 9 10
53 66 1 8
53 68 3 7
53 69 3 6
53 70 7 8
53 71 5 5
53 72 9 3
53 73 8 1
53 74 10 1
53 75 9 2
53 76 9 10
53 77 1 10
53 78 4 7
53 80 4 3
53 81 4 5
53 84 6 4
53 87 10 5
53 89 1 3
53 90 7 10
53 91 7 8
53 92 1 1
53 94 8 2
53 95 8 8
53 96 10 6
53 97 4 1
53 98 7 8
53 99 5 8
54 55 9 7
54 56 1 7
54 58 1 5
54 59 4 2
54 60 6 4
54 61 7 7
54 62 9 6
54 63 4 2
54 66 5 6
54 67 6 3
54 68 9 1
54 69 4 6
54 71 4 4
54 72 6 8
54 73 4 9
54 75 2 3
54 77 10 1
54 78 4 1
54 79 4 8
54 80 10 2
54 81 5 4
54 82 8 9
54 83 3 5
54 84 8 8
54 85 7 8
54 86 1 4
54 87 7 3
54 88 3 7
54 89 9 10
54 91 7 4
54 92 8 5
54 93 7 1
54 94 5 1
54 95 10 9
54 96 9 4
54 97 7 7
54 98 5 7
54 99 4 8
54 100 8 6
55 56 4 6
55 57 7 9
55 58 5 8
55 59 8 4
55 60 7 8
55 61 10 3
55 62 2 8
55 63 4 10
55 64 4 9
55 65 4 3
55 67 1 1
55 68 1 7
55 69 6 3
55 70 8 5
55 71 9 9
55 73 2 4
55 75 3 1
55 76 5 9
55 77 5 10
55 78 3 1
55 79 2 7
55 80 10 1
55 81 8 7
55 82 6 3
55 83 8 5
55 84 5 1
55 85 5 5
55 86 1 1
55 87 9 8
55 88 7 6
55 89 8 2
55 90 9 7
55 91 4 1
55 92 6 1
55 93 7 3
55 94 6 5
55 95 7 4
55 96 10 9
55 97 2 9
55 98 2 1
55 99 10 6
55 100 7 9
56 57 3 5
56 58 5 7
56 59 4 10
56 60 9 4
56 61 9 7
56 62 2 8
56 63 1 2
56 64 10 6
56 65 1 10
56 66 5 2
56 67 1 9
56 69 9 7
56 70 4 2
56 71 7 8
56 72 7 3
56 73 9 10
56 75 4 7
56 76 7 6
56 77 5 5
56 78 9 4
56 79 4 7
56 80 2 3
56 81 6 3
56 82 6 3
56 83 9 9
56 84 9 8
56 85 3 3
56 86 9 9
56 87 4 1
56 88 8 9
56 89 8 1
56 90 7 6
56 91 4 10
56 92 2 6
56 93 1 6
56 94 9 8
56 97 7 6
56 98 8 7
57 58 7 2
57 60 6 1
57 63 3 7
57 64 2 7
57 65 8 4
57 68 4 7
57 69 7 1
57 70 6 9
57 71 4 9
57 72 2 1
57 73 4 7
57 74 5 1
57 75 6 7
57 76 6 9
57 77 4 10
57 78 10 6
57 79 5 7
57 80 7 4
57 82 8 2
57 83 9 9
57 84 1 4
57 86 6 9
57 87 2 8
57 88 5 6
57 90 7 4
57 91 5 5
57 92 4 8
57 93 7 10
57 94 4 10
57 96 9 3
57 97 4 10
57 98 3 9
57 99 10 10
58 59 9 2
58 60 7 1
58 61 5 4
58 63 3 1
58 65 2 3
58 66 4 5
58 67 5 1
58 68 9 8
58 69 7 4
58 70 9 9
58 71 6 1
58 72 3 6
58 73 3 7
58 75 9 1
58 76 10 3
58 77 8 4
58 78 2 8
58 79 4 7
58 80 8 2
58 81 7 2
58 83 9 5
58 84 5 2
58 85 4 1
58 86 8 8
58 87 4 7
58 88 5 7
58 89 10 5
58 90 9 1
58 91 7 3
58 92 6 1
58 93 4 1
58 94 4 4
58 96 2 4
58 97 8 5
58 98 1 6
58 99 6 2
58 100 4 5
59 60 2 8
59 61 5 7
59 62 6 8
59 64 9 4
59 65 1 7
59 66 9 7
59 67 5 10
59 68 7 6
59 69 7 3
59 70 1 1
59 71 9 9
59 72 4 4
59 73 8 2
59 74 8 9
59 75 6 6
59 78 6 7
59 79 3 4
59 80 7 9
59 81 5 6
59 83 1 6
59 84 5 8
59 85 5 10
59 86 5 8
59 87 10 5
59 88 2 7
59 89 3 2
59 90 2 3
59 91 5 9
59 92 7 1
59 93 6 1
59 95 2 1
59 96 5 5
59 97 1 5
59 98 3 6
59 99 5 7
59 100 3 2
60 62 9 3
60 63 10 7
60 64 3 8
60 66 8 4
60 67 5 8
60 70 5 6
60 71 6 4
60 72 9 2
60 73 10 6
60 74 5 1
60 75 1 3
60 77 9 10
60 78 8 5
60 81 5 6
60 82 5 6
60 83 8 7
60 84 5 9
60 86 5 1
60 87 7 4
60 88 4 7
60 89 10 4
60 90 4 5
60 91 7 8
60 92 4 5
60 93 4 4
60 94 10 8
60 95 6 10
60 97 8 4
60 98 6 7
60 99 4 10
60 100 5 9
61 63 7 2
61 64 9 9
61 66 5 4
61 69 7 4
61 70 1 9
61 71 5 5
61 72 2 3
61 73 4 5
61 74 9 2
61 75 2 10
61 76 3 10
61 77 8 3
61 78 4 6
61 79 6 7
61 80 6 5
61 81 9 1
61 82 5 1
61 84 8 9
61 85 4 7
61 87 6 3
61 88 7 8
61 89 6 8
61 90 1 2
61 91 1 4
61 92 3 8
61 94 9 6
61 96 9 7
61 97 8 1
61 98 2 7
61 99 5 7
62 64 8 2
62 65 4 1
62 66 10 2
62 67 8 1
62 68 5 2
62 69 8 5
62 71 9 9
62 72 8 10
62 73 8 5
62 74 2 8
62 75 7 3
62 76 7 9
62 77 9 9
62 79 7 8
62 81 5 5
62 82 2 5
62 83 6 8
62 84 10 3
62 86 3 1
62 87 4 2
62 88 6 5
62 90 6 2
62 91 3 1
62 94 9 3
62 95 7 7
62 96 8 6
62 97 10 10
62 99 4 7
63 65 4 8
63 66 5 2
63 67 6 10
63 68 10 4
63 70 2 5
63 71 2 7
63 72 8 6
63 73 2 6
63 74 5 7
63 75 7 1
63 76 10 5
63 77 4 6
63 78 5 6
63 80 2 6
63 81 4 4
63 82 2 5
63 83 8 3
63 84 4 5
63 86 9 3
63 87 9 7
63 88 3 4
63 91 6 10
63 92 2 2
63 94 4 7
63 95 5 6
63 96 2 2
63 97 2 3
63 98 5 7
63 100 10 2
64 65 3 8
64 66 1 10
64 67 4 7
64 68 9 3
64 69 5 6
64 71 4 6
64 72 5 6
64 73 1 3
64 74 5 8
64 76 7 2
64 78 4 8
64 79 5 1
64 80 5 6
64 83 8 8
64 84 1 9
64 85 10 6
64 86 10 3
64 87 2 4
64 88 10 8
64 89 3 10
64 90 10 9
64 91 7 2
64 92 3 10
64 94 1 2
64 95 7 3
64 98 6 5
64 99 7 5
64 100 9 1
65 66 8 7
65 67 5 5
65 68 5 8
65 69 1 5
65 70 7 7
65 71 1 9
65 72 7 1
65 73 4 8
65 74 7 6
65 75 3 7
65 76 5 1
65 77 7 2
65 78 3 4
65 79 7 4
65 80 1 6
65 81 3 7
65 83 1 9
65 84 6 3
65 85 4 1
65 86 5 2
65 87 10 1
65 88 10 3
65 90 2 1
65 91 5 2
65 92 2 8
65 93 8 2
65 96 2 4
65 98 4 9
65 99 7 9
66 67 7 4
66 68 6 9
66 69 3 3
66 71 6 9
66 72 9 2
66 73 1 8
66 74 6 6
66 75 7 1
66 77 7 4
66 79 5 1
66 80 9 3
66 81 2 3
66 82 5 5
66 84 4 3
66 85 9 6
66 87 8 6
66 88 9 1
66 89 10 6
66 90 6 4
66 91 7 4
66 92 7 3
66 93 4 10
66 96 10 1
66 97 9 5
66 98 3 4
66 99 6 9
66 100 4 1
67 68 2 5
67 69 2 5
67 71 6 4
67 72 3 7
67 73 7 5
67 74 5 9
67 75 5 9
67 76 4 9
67 77 2 2
67 78 7 1
67 81 8 3
67 83 7 7
67 85 8 8
67 87 6 7
67 88 1 8
67 89 1 8
67 90 9 10
67 91 2 4
67 92 8 3
67 93 1 7
67 94 7 5
67 95 1 3
67 96 4 5
67 97 4 1
67 98 6 3
67 99 5 4
67 100 2 1
68 69 10 4
68 70 5 6
68 71 5 2
68 72 7 4
68 73 10 8
68 74 10 3
68 75 6 3
68 76 3 3
68 77 2 7
68 78 3 9
68 80 8 4
68 81 9 1
68 83 8 2
68 84 6 4
68 85 9 10
68 86 6 7
68 88 8 4
68 90 8 1
68 91 8 7
68 92 9 8
68 93 1 2
68 94 5 6
68 95 10 6
68 96 4 6
68 98 9 5
68 100 9 8
69 71 4 6
69 72 7 6
69 73 5 1
69 74 1 5
69 75 1 5
69 76 1 10
69 77 4 4
69 78 3 5
69 80 6 5
69 81 8 2
69 82 2 1
69 84 1 1
69 86 10 4
69 87 10 6
69 88 4 3
69 89 8 5
69 91 4 7
69 92 1 9
69 95 9 2
69 96 10 1
69 97 1 10
69 98 2 6
69 99 3 8
69 100 1 3
70 71 8 1
70 72 10 7
70 74 10 7
70 76 4 1
70 77 8 7
70 78 2 1
70 79 9 4
70 80 10 8
70 81 6 7
70 82 2 10
70 83 7 7
70 84 9 6
70 85 9 2
70 86 9 10
70 87 10 6
70 88 5 4
70 89 1 1
70 90 4 4
70 92 6 3
70 93 10 10
70 94 3 6
70 95 3 3
70 96 6 1
70 97 8 5
70 98 1 8
70 99 2 8
70 100 7 4
71 72 8 9
71 73 4 1
71 74 1 10
71 76 1 2
71 77 7 6
71 78 8 1
71 79 2 4
71 80 3 6
71 81 5 8
71 83 10 7
71 84 10 5
71 85 8 4
71 87 5 7
71 88 4 6
71 90 8 9
71 91 7 1
71 92 6 1
71 93 9 5
71 94 5 1
71 96 5 5
71 97 5 8
71 100 10 5
72 73 6 6
72 74 9 7
72 76 2 8
72 77 2 6
72 78 9 3
72 79 8 6
72 80 1 4
72 82 6 5
72 83 4 2
72 85 2 2
72 86 10 1
72 87 9 10
72 88 2 9
72 89 4 3
72 90 2 5
72 91 8 5
72 92 7 7
72 93 9 1
72 94 3 6
72 96 6 2
72 97 3 9
72 98 5 6
72 100 2 3
73 74 6 7
73 75 2 2
73 76 6 4
73 77 5 6
73 78 10 9
73 82 6 7
73 83 3 2
73 84 10 10
73 85 9 7
73 86 6 1
73 87 2 7
73 88 1 8
73 89 1 1
73 90 2 4
73 92 6 1
73 93 2 1
73 94 4 7
73 95 6 10
73 96 1 1
73 98 7 4
73 99 10 10
73 100 6 8
74 76 1 9
74 77 9 5
74 78 1 1
74 79 9 5
74 80 8 7
74 81 8 2
74 82 3 9
74 83 1 6
74 84 6 8
74 85 2 6
74 86 10 4
74 87 6 9
74 88 5 9
74 89 3 3
74 91 8 7
74 92 2 5
74 93 1 9
74 94 8 10
74 95 9 2
74 96 9 1
74 97 5 1
74 98 5 10
74 99 1 2
75 76 7 7
75 77 2 9
75 78 7 8
75 79 4 4
75 80 4 10
75 81 2 5
75 82 6 2
75 84 6 2
75 85 1 8
75 86 6 8
75 87 10 5
75 89 1 3
75 90 3 5
75 91 4 10
75 92 3 2
75 94 5 3
75 96 1 8
75 97 1 3
75 98 6 9
75 99 9 1
75 100 8 8
76 78 10 4
76 82 4 8
76 83 2 3
76 84 8 2
76 85 2 5
76 87 10 10
76 88 2 5
76 89 5 5
76 91 7 4
76 93 9 1
76 94 4 3
76 95 8 6
76 96 4 6
76 97 1 6
76 98 10 5
76 99 9 1
76 100 2 2
77 78 2 9
77 79 3 6
77 80 6 3
77 81 10 5
77 82 4 2
77 83 8 7
77 84 4 1
77 85 3 2
77 86 1 4
77 87 9 2
77 88 4 7
77 89 7 7
77 91 10 9
77 92 7 4
77 93 3 10
77 94 5 3
77 95 4 3
77 96 2 10
77 97 3 3
77 98 10 6
77 99 5 5
78 79 3 4
78 80 6 4
78 81 9 1
78 83 7 4
78 85 3 6
78 86 7 9
78 87 3 6
78 88 10 8
78 89 2 3
78 91 2 8
78 92 10 9
78 93 3 2
78 94 1 8
78 95 4 3
78 97 8 1
78 99 10 7
78 100 3 2
79 80 1 8
79 82 9 6
79 83 8 7
79 84 7 2
79 85 3 3
79 86 7 1
79 87 8 3
79 90 6 5
79 92 3 6
79 93 5 6
79 96 5 9
79 97 10 1
79 98 8 9
79 99 1 1
79 100 6 4
80 81 9 7
80 83 10 3
80 84 9 5
80 86 4 7
80 87 1 10
80 88 5 4
80 89 5 10
80 90 6 4
80 91 1 5
80 92 6 4
80 93 5 8
80 94 7 4
80 95 9 10
80 97 10 7
80 98 10 4
80 99 1 5
80 100 5 2
81 82 2 4
81 83 2 9
81 84 5 5
81 85 6 3
81 86 2 3
81 89 10 3
81 90 6 2
81 91 3 10
81 93 6 5
81 95 3 2
81 96 1 6
81 98 9 9
81 99 8 1
81 100 6 9
82 83 4 1
82 84 6 1
82 85 3 4
82 86 7 3
82 87 10 2
82 88 10 3
82 89 3 3
82 91 6 9
82 92 6 8
82 93 5 4
82 94 10 10
82 95 2 2
82 96 5 5
82 97 1 1
82 99 7 10
82 100 5 8
83 84 2 3
83 85 9 1
83 86 4 7
83 87 10 5
83 89 8 5
83 90 9 9
83 91 10 1
83 92 7 7
83 93 10 1
83 95 9 7
83 96 4 4
83 97 1 6
83 99 6 2
83 100 10 9
84 85 6 2
84 86 2 10
84 87 1 2
84 88 4 9
84 89 1 2
84 91 7 6
84 92 6 1
84 93 10 7
84 94 1 9
84 97 7 7
84 98 9 1
84 99 7 4
84 100 7 7
85 86 4 4
85 87 10 9
85 89 3 5
85 90 5 1
85 91 4 3
85 92 6 1
85 93 7 10
85 95 3 1
85 96 10 4
85 98 1 5
85 99 3 2
85 100 7 6
86 87 2 5
86 88 10 5
86 89 5 6
86 90 9 3
86 92 8 4
86 94 8 9
86 95 5 2
86 96 4 10
86 97 3 6
86 100 4 6
87 89 7 10
87 91 1 7
87 92 8 4
87 93 1 4
87 94 9 7
87 95 10 5
87 97 1 1
87 99 9 3
87 100 4 1
88 90 6 3
88 91 7 5
88 92 10 1
88 93 6 8
88 94 4 10
88 95 10 5
88 97 8 10
88 98 2 3
88 99 4 1
88 100 3 3
89 90 9 5
89 91 4 5
89 92 10 5
89 93 6 1
89 96 5 2
89 97 4 2
89 98 9 6
89 99 10 3
90 91 10 10
90 92 7 3
90 93 9 1
90 94 10 1
90 95 2 10
90 96 6 7
90 97 2 6
90 98 7 1
90 99 3 7
90 100 3 1
91 92 8 5
91 93 2 10
91 95 3 3
91 96 2 1
91 97 2 5
91 99 7 3
92 95 5 10
92 97 9 10
92 98 1 3
92 100 6 3
93 94 5 8
93 96 10 1
93 98 9 10
93 99 9 10
94 96 6 2
94 98 5 8
94 99 7 7
94 100 10 6
95 96 3 5
95 97 9 10
95 100 5 7
96 97 4 6
96 98 10 4
96 99 7 4
96 100 5 10
97 99 8 1
97 100 7 6
98 100 2 9
99 100 3 3
1
1 2 3 4 5 6 7 8 9 10 11 12 13 14 15 16 17 18 19 20 21 22 23 24 25 26 27 28 29 30 31 32 33 34 35 36 37 38 39 40 41 42 43 44 45 46 47 48 49 50
