3992
1 2 7 6
1 3 1 8
1 4 8 6
1 5 2 8
1 6 1 7
1 8 1 3
1 9 9 7
1 11 6 9
1 13 10 2
1 14 9 9
1 15 3 7
1 16 5 2
1 17 4 7
1 18 1 4
1 19 2 2
1 21 5 3
1 22 4 9
1 23 6 7
1 24 7 2
1 25 9 7
1 26 5 1
1 27 10 8
1 28 3 9
1 29 7 5
1 31 7 6
1 32 2 8
1 33 9 1
1 34 3 9
1 37 5 2
1 38 6 8
1 39 8 7
1 40 3 8
1 41 2 6
1 42 4 5
1 43 7 10
1 44 1 1
1 45 6 8
1 46 4 1
1 47 5 8
1 48 1 4
1 49 3 2
1 52 6 3
1 53 10 8
1 54 5 7
1 55 8 4
1 56 1 7
1 57 7 7
1 58 7 3
1 59 5 1
1 60 2 1
1 61 4 2
1 62 5 7
1 64 9 7
1 65 1 10
1 66 2 8
1 68 7 3
1 69 6 10
1 70 8 3
1 71 10 3
1 73 1 10
1 74 9 4
1 76 6 7
1 77 2 10
1 79 3 2
1 80 5 4
1 81 3 7
1 82 10 6
1 83 8 5
1 84 7 5
1 85 8 8
1 89 3 2
1 90 9 9
1 91 5 6
1 92 9 6
1 94 10 6
1 95 2 6
1 96 2 4
1 97 10 10
1 98 10 10
1 100 2 9
2 5 8 2
2 6 4 10
2 8 10 10
2 9 7 6
2 11 7 2
2 12 1 5
2 13 3 6
2 14 2 8
2 15 8 2
2 17 9 5
2 18 10 3
2 19 7 1
2 21 6 9
2 22 4 10
2 23 10 4
2 24 3 4
2 25 8 9
2 26 4 8
2 27 3 3
2 28 10 4
2 29 9 5
2 31 7 6
2 32 8 7
2 35 8 6
2 36 1 9
2 38 5 2
2 39 9 4
2 40 6 10
2 41 1 7
2 42 1 4
2 43 10 3
2 44 7 1
2 45 4 7
2 46 4 4
2 47 2 9
2 49 4 7
2 50 5 2
2 51 10 9
2 52 5 5
2 54 4 10
2 55 6 10
2 56 10 9
2 57 1 5
2 58 8 4
2 59 9 6
2 63 8 10
2 64 4 2
2 67 7 7
2 69 6 1
2 70 7 10
2 71 3 5
2 72 3 5
2 73 6 1
2 74 1 4
2 75 1 5
2 76 3 3
2 77 7 9
2 78 10 8
2 79 2 1
2 80 8 2
2 81 6 7
2 82 10 10
2 84 6 1
2 85 10 3
2 86 3 6
2 87 6 9
2 88 7 10
2 89 1 4
2 90 8 9
2 92 6 1
2 93 6 4
2 94 7 6
2 95 9 7
2 96 4 6
2 97 1 9
2 98 7 9
2 99 9 4
2 100 5 9
3 4 10 7
3 5 4 5
3 6 10 6
3 8 8 7
3 9 2 4
3 10 4 2
3 13 2 3
3 14 7 9
3 15 2 5
3 17 2 3
3 18 3 7
3 20 2 9
3 23 3 9
3 25 7 5
3 27 9 1
3 28 10 1
3 30 8 6
3 33 4 10
3 35 4 1
3 36 4 1
3 37 10 8
3 38 8 8
3 39 6 5
3 40 10 2
3 41 8 7
3 42 6 6
3 43 7 3
3 44 6 2
3 45 6 7
3 46 2 1
3 47 6 9
3 50 1 6
3 51 8 1
3 52 4 3
3 53 1 1
3 54 8 2
3 55 2 7
3 56 4 2
3 57 10 5
3 58 6 5
3 59 6 2
3 60 4 5
3 62 6 10
3 63 9 8
3 64 6 1
3 65 6 5
3 66 5 10
3 67 1 2
3 68 5 10
3 71 3 5
3 72 8 6
3 73 7 7
3 74 7 6
3 75 1 2
3 76 7 8
3 78 9 5
3 80 4 4
3 81 3 8
3 82 8 3
3 84 3 3
3 86 1 9
3 87 10 6
3 88 4 2
3 89 7 4
3 90 3 7
3 91 1 9
3 92 7 7
3 93 6 8
3 94 3 6
3 95 10 1
3 97 2 4
3 99 4 8
3 100 5 10
4 5 8 3
4 7 7 9
4 8 10 4
4 9 10 7
4 10 1 5
4 11 6 1
4 12 10 6
4 13 4 2
4 16 4 1
4 17 7 2
4 18 8 1
4 19 1 10
4 20 6 7
4 21 3 10
4 22 8 2
4 23 7 10
4 25 1 9
4 26 2 5
4 27 9 3
4 28 6 6
4 30 7 8
4 31 8 1
4 32 1 9
4 35 8 2
4 36 9 4
4 37 9 9
4 38 4 3
4 40 3 2
4 42 3 10
4 43 4 6
4 44 1 1
4 46 6 3
4 47 9 10
4 48 1 9
4 49 2 9
4 50 7 5
4 51 1 9
4 52 7 9
4 54 10 4
4 55 6 4
4 56 1 8
4 57 1 5
4 59 3 2
4 60 2 8
4 62 10 2
4 64 7 9
4 65 5 9
4 66 4 8
4 67 3 3
4 68 6 3
4 70 10 1
4 71 4 7
4 72 10 9
4 73 9 3
4 74 7 3
4 76 1 3
4 77 9 1
4 78 3 5
4 79 6 6
4 81 3 6
4 82 2 2
4 83 3 10
4 85 9 1
4 87 6 7
4 88 10 2
4 89 6 3
4 92 10 8
4 93 3 4
4 94 5 3
4 95 9 7
4 96 9 9
4 97 9 10
4 98 9 8
4 99 9 10
5 6 10 7
5 7 4 7
5 8 2 2
5 9 10 1
5 10 7 4
5 11 3 7
5 14 4 4
5 16 9 6
5 17 5 2
5 18 5 6
5 19 7 9
5 20 1 7
5 21 6 7
5 23 1 7
5 24 8 9
5 25 7 7
5 26 6 1
5 27 4 8
5 28 6 7
5 29 9 9
5 30 4 7
5 32 9 4
5 33 4 1
5 34 5 7
5 35 3 10
5 36 1 4
5 38 2 7
5 40 2 7
5 42 3 8
5 43 9 6
5 45 6 1
5 46 4 2
5 48 7 7
5 49 6 8
5 50 5 7
5 51 9 6
5 52 6 8
5 54 10 10
5 55 2 4
5 56 9 10
5 57 1 10
5 58 3 7
5 59 8 1
5 60 2 5
5 61 2 5
5 62 8 6
5 63 8 4
5 64 3 4
5 66 2 8
5 67 1 5
5 69 8 7
5 70 3 4
5 71 2 3
5 72 8 2
5 76 9 9
5 77 6 5
5 78 8 3
5 80 2 1
5 81 4 2
5 82 10 10
5 83 10 8
5 84 10 3
5 85 8 5
5 87 10 2
5 88 5 6
5 90 5 2
5 92 4 2
5 93 7 9
5 94 4 5
5 95 2 5
5 96 8 5
5 98 3 3
5 99 2 1
5 100 2 9
6 7 3 7
6 8 3 7
6 9 10 3
6 10 6 6
6 11 10 1
6 12 8 9
6 13 2 8
6 14 6 9
6 15 7 5
6 16 8 1
6 17 9 3
6 18 6 2
6 19 8 3
6 24 5 6
6 26 10 5
6 27 6 7
6 28 7 10
6 29 3 6
6 30 6 7
6 31 7 10
6 33 8 8
6 34 2 1
6 35 6 2
6 36 4 3
6 37 6 9
6 39 3 4
6 40 5 7
6 41 2 2
6 42 7 3
6 43 10 4
6 44 7 1
6 46 6 6
6 48 2 1
6 49 7 10
6 50 3 8
6 51 1 1
6 52 7 10
6 53 4 2
6 54 3 10
6 55 4 6
6 57 5 3
6 58 9 4
6 59 10 1
6 60 9 10
6 61 10 2
6 62 7 1
6 63 3 2
6 64 7 6
6 65 2 4
6 66 3 2
6 67 1 8
6 68 4 4
6 69 3 9
6 70 4 10
6 72 1 9
6 74 3 3
6 75 3 3
6 76 4 6
6 77 10 6
6 78 2 9
6 79 7 9
6 80 5 1
6 81 10 6
6 83 4 1
6 84 6 3
6 85 9 1
6 87 7 6
6 88 8 1
6 89 1 8
6 90 2 9
6 91 2 6
6 94 7 1
6 95 6 8
6 96 6 9
6 97 1 10
6 98 4 4
7 8 3 3
7 9 4 4
7 11 8 4
7 12 3 8
7 13 6 8
7 15 7 8
7 16 7 3
7 18 9 3
7 21 10 2
7 23 8 3
7 24 9 7
7 25 9 5
7 26 1 8
7 28 6 7
7 29 10 9
7 30 5 9
7 31 8 5
7 33 3 7
7 34 9 4
7 35 1 9
7 36 2 4
7 37 3 7
7 38 7 5
7 39 7 5
7 40 3 5
7 41 7 7
7 43 10 3
7 46 1 9
7 47 10 1
7 49 2 3
7 50 10 1
7 51 9 7
7 53 8 10
7 54 10 1
7 55 4 8
7 57 5 2
7 58 10 3
7 59 7 5
7 60 4 4
7 61 8 4
7 62 1 5
7 65 1 8
7 66 8 3
7 67 2 9
7 69 3 6
7 70 1 3
7 71 5 3
7 72 5 1
7 73 1 2
7 74 9 10
7 75 4 10
7 77 8 10
7 78 4 6
7 79 10 1
7 81 8 3
7 83 10 4
7 85 8 1
7 86 9 10
7 87 7 3
7 88 10 8
7 89 4 6
7 90 8 8
7 91 10 7
7 92 6 7
7 93 7 9
7 94 8 8
7 95 5 3
7 96 3 9
7 97 9 3
7 98 7 6
7 99 4 7
7 100 8 8
8 9 3 9
8 10 1 7
8 11 3 4
8 12 5 4
8 15 3 3
8 16 6 10
8 18 7 6
8 19 4 10
8 20 9 5
8 21 10 6
8 22 10 2
8 23 2 10
8 24 2 9
8 25 4 6
8 26 9 5
8 27 4 5
8 28 9 3
8 29 7 7
8 31 7 1
8 32 8 9
8 33 8 4
8 34 8 1
8 35 2 7
8 36 5 5
8 38 7 4
8 39 6 8
8 40 7 9
8 41 5 2
8 42 9 9
8 43 8 9
8 45 10 6
8 46 8 3
8 47 9 8
8 48 9 3
8 49 3 5
8 50 10 8
8 51 5 8
8 52 10 9
8 53 5 5
8 55 2 9
8 56 4 7
8 57 4 3
8 58 6 4
8 59 6 8
8 60 4 5
8 61 10 2
8 62 1 2
8 63 10 7
8 64 7 7
8 65 7 2
8 66 2 8
8 67 6 10
8 70 6 8
8 71 7 3
8 73 5 2
8 74 9 9
8 75 4 6
8 78 7 2
8 79 7 1
8 80 3 8
8 81 2 10
8 82 7 10
8 86 4 5
8 87 1 9
8 88 10 10
8 89 1 4
8 90 6 7
8 91 1 6
8 92 8 6
8 93 5 6
8 94 2 3
8 95 8 4
8 96 3 4
8 98 3 8
8 100 10 2
9 10 5 4
9 11 5 10
9 12 10 6
9 15 7 9
9 16 9 4
9 17 10 3
9 18 6 7
9 19 1 8
9 20 10 2
9 23 6 9
9 24 3 4
9 25 8 8
9 26 8 5
9 28 8 4
9 30 9 4
9 31 4 5
9 32 7 4
9 33 10 9
9 36 5 2
9 37 8 10
9 38 2 10
9 39 4 2
9 40 3 6
9 41 10 8
9 42 2 8
9 43 4 4
9 44 3 8
9 45 6 9
9 46 6 8
9 47 8 1
9 48 3 1
9 50 10 6
9 52 10 8
9 53 10 9
9 54 3 10
9 56 10 7
9 57 5 8
9 58 9 9
9 59 6 4
9 62 10 3
9 63 4 10
9 64 9 2
9 65 3 5
9 68 9 5
9 69 7 5
9 70 2 10
9 71 8 8
9 72 10 7
9 73 9 9
9 76 1 10
9 78 2 4
9 81 7 2
9 83 3 6
9 84 1 7
9 86 9 10
9 87 3 10
9 88 5 10
9 89 3 2
9 90 9 9
9 91 4 6
9 92 3 9
9 93 2 7
9 94 10 6
9 96 1 3
9 97 2 7
9 98 1 7
9 99 9 3
9 100 1 7
10 11 1 5
10 12 6 5
10 13 9 5
10 14 3 10
10 15 5 5
10 16 9 4
10 17 7 4
10 18 4 8
10 19 4 2
10 21 5 2
10 22 10 5
10 24 6 6
10 26 9 10
10 27 9 4
10 29 2 10
10 30 6 7
10 32 10 5
10 33 10 6
10 34 7 1
10 35 3 5
10 36 7 4
10 37 2 9
10 38 2 3
10 39 10 5
10 41 8 5
10 42 9 8
10 43 6 4
10 44 6 8
10 45 3 2
10 46 9 9
10 48 2 1
10 49 3 8
10 50 5 3
10 51 3 7
10 53 9 10
10 55 7 5
10 56 9 3
10 57 6 4
10 59 8 7
10 61 5 10
10 62 8 4
10 64 8 2
10 66 5 9
10 67 7 6
10 69 10 10
10 70 3 9
10 71 5 4
10 72 2 5
10 73 3 10
10 74 1 6
10 76 2 7
10 78 7 8
10 81 9 3
10 86 3 2
10 87 2 3
10 88 3 2
10 89 5 4
10 90 2 3
10 92 7 1
10 94 9 9
10 95 1 6
10 96 3 4
10 97 6 7
10 98 3 5
10 100 4 6
11 12 5 6
11 13 1 9
11 14 6 8
11 15 7 9
11 17 6 2
11 18 8 4
11 21 4 9
11 22 1 3
11 23 6 5
11 24 5 7
11 25 1 5
11 26 10 3
11 27 7 9
11 28 10 6
11 29 4 4
11 30 5 2
11 31 9 1
11 32 9 6
11 33 10 2
11 34 4 10
11 35 6 10
11 36 8 6
11 37 7 4
11 38 7 7
11 39 10 1
11 40 4 6
11 41 8 2
11 42 1 4
11 43 10 3
11 44 1 2
11 45 8 1
11 46 1 7
11 47 6 7
11 49 6 7
11 50 7 2
11 51 5 10
11 53 3 9
11 54 2 2
11 55 8 2
11 56 2 10
11 57 8 4
11 58 5 6
11 59 9 1
11 60 2 1
11 62 9 10
11 63 5 7
11 64 8 2
11 65 7 4
11 66 3 3
11 68 2 5
11 69 2 9
11 70 8 1
11 72 4 6
11 73 8 1
11 75 1 3
11 77 8 2
11 78 9 10
11 79 5 1
11 80 3 5
11 81 3 5
11 82 3 10
11 83 5 3
11 85 2 9
11 86 10 4
11 87 3 3
11 88 7 2
11 89 5 1
11 90 1 4
11 92 2 10
11 94 2 6
11 96 5 4
11 97 4 6
11 98 7 1
11 99 4 6
11 100 5 6
12 13 4 10
12 14 5 6
12 15 6 2
12 16 5 1
12 17 10 6
12 18 5 8
12 21 2 6
12 22 7 10
12 23 3 7
12 26 3 2
12 27 8 6
12 28 1 2
12 30 4 7
12 31 7 8
12 32 6 1
12 33 1 7
12 35 5 3
12 36 8 10
12 37 10 6
12 39 9 3
12 40 3 10
12 41 3 9
12 42 4 8
12 43 9 8
12 44 6 5
12 46 7 3
12 48 3 9
12 49 10 9
12 50 3 3
12 51 10 6
12 54 3 4
12 55 10 10
12 56 3 4
12 58 10 8
12 59 3 3
12 60 5 3
12 61 10 7
12 62 6 6
12 63 9 9
12 64 8 10
12 65 3 6
12 66 10 6
12 67 1 7
12 68 4 6
12 69 4 3
12 71 5 4
12 73 10 1
12 75 6 6
12 76 8 3
12 77 9 8
12 78 4 8
12 79 3 8
12 80 5 9
12 81 6 10
12 82 1 2
12 84 5 5
12 85 8 1
12 86 6 6
12 87 8 5
12 88 2 5
12 89 9 2
12 90 10 9
12 91 5 7
12 92 4 4
12 93 10 7
12 95 3 8
12 96 5 1
12 97 9 3
12 98 6 6
12 99 4 2
12 100 5 4
13 14 7 8
13 15 4 10
13 16 5 4
13 18 2 4
13 20 4 4
13 21 3 1
13 22 2 1
13 23 7 5
13 24 6 10
13 25 5 3
13 27 8 3
13 28 6 7
13 31 2 8
13 32 5 5
13 33 4 5
13 34 4 8
13 36 6 9
13 38 2 6
13 39 5 7
13 40 4 4
13 42 10 2
13 43 6 7
13 44 10 10
13 45 4 7
13 46 7 3
13 48 10 10
13 49 1 8
13 50 3 3
13 51 10 9
13 52 8 8
13 53 7 6
13 54 2 5
13 55 10 7
13 57 4 4
13 58 3 3
13 59 6 9
13 60 8 1
13 61 6 6
13 64 1 10
13 65 4 6
13 66 4 8
13 67 6 4
13 68 4 1
13 70 10 6
13 72 8 7
13 73 9 5
13 74 5 5
13 75 2 4
13 76 10 9
13 77 6 10
13 78 2 9
13 80 9 5
13 81 9 9
13 82 10 3
13 83 3 6
13 84 7 9
13 85 8 6
13 86 7 7
13 88 5 4
13 90 9 1
13 91 10 3
13 92 2 1
13 93 7 4
13 94 5 1
13 95 2 10
13 97 2 3
13 99 3 1
13 100 1 7
14 15 10 1
14 16 9 3
14 17 9 1
14 18 1 8
14 20 6 2
14 21 7 7
14 22 4 10
14 23 5 4
14 25 3 3
14 26 1 10
14 27 3 2
14 28 5 6
14 29 9 1
14 30 2 7
14 31 1 4
14 32 6 10
14 35 6 8
14 37 9 1
14 39 2 6
14 40 8 8
14 42 8 5
14 44 1 9
14 45 9 6
14 46 10 3
14 47 7 4
14 48 7 1
14 50 8 4
14 52 7 10
14 53 8 8
14 54 6 6
14 55 8 4
14 56 4 3
14 58 3 2
14 59 5 5
14 60 7 8
14 61 4 5
14 62 10 8
14 64 10 5
14 65 10 5
14 69 5 3
14 71 1 4
14 72 4 8
14 74 3 1
14 75 2 8
14 76 7 6
14 77 8 6
14 78 4 2
14 79 9 6
14 80 6 9
14 81 6 8
14 82 9 3
14 83 6 10
14 85 5 6
14 86 6 7
14 87 10 8
14 88 9 1
14 89 10 9
14 90 3 4
14 91 1 10
14 92 4 6
14 93 6 6
14 94 8 1
14 95 6 9
14 96 4 10
14 97 4 5
14 98 7 2
14 99 9 10
15 16 1 5
15 17 4 3
15 18 8 5
15 19 2 5
15 21 7 5
15 22 5 8
15 24 9 5
15 25 10 6
15 26 9 8
15 27 2 10
15 28 6 3
15 29 5 1
15 30 3 6
15 31 1 5
15 32 2 9
15 33 3 7
15 34 2 6
15 35 9 2
15 36 5 8
15 38 4 5
15 39 7 7
15 40 2 10
15 41 10 6
15 42 8 5
15 44 2 7
15 45 6 10
15 46 3 3
15 47 9 7
15 48 8 8
15 50 10 9
15 51 6 4
15 53 1 8
15 57 8 7
15 58 7 7
15 59 2 9
15 60 8 5
15 61 9 3
15 62 6 2
15 63 3 8
15 65 7 4
15 66 1 5
15 67 4 2
15 68 9 6
15 69 6 9
15 70 2 5
15 72 2 6
15 73 5 5
15 76 4 6
15 77 10 4
15 78 6 1
15 80 7 10
15 82 7 1
15 83 10 4
15 84 3 1
15 85 4 9
15 86 1 4
15 88 7 10
15 89 10 8
15 90 2 5
15 91 10 6
15 92 4 2
15 93 2 8
15 94 2 6
15 97 6 3
15 98 4 5
15 99 7 1
15 100 3 1
16 17 8 6
16 19 7 9
16 20 6 5
16 21 5 1
16 22 2 7
16 23 3 4
16 25 6 8
16 26 4 3
16 28 6 10
16 31 7 2
16 32 7 10
16 33 10 8
16 35 4 1
16 36 10 9
16 37 3 8
16 38 1 7
16 39 3 4
16 40 3 3
16 41 1 4
16 42 10 7
16 44 9 2
16 45 8 7
16 47 10 8
16 48 10 2
16 49 7 10
16 50 2 10
16 51 7 5
16 52 8 1
16 53 6 5
16 54 6 5
16 55 1 4
16 56 1 3
16 57 10 8
16 58 1 6
16 59 1 7
16 60 7 1
16 62 4 1
16 64 2 4
16 65 10 6
16 66 8 9
16 68 10 5
16 69 4 2
16 71 9 7
16 72 10 7
16 73 5 2
16 74 1 7
16 75 5 5
16 77 10 10
16 78 1 10
16 79 2 1
16 80 8 8
16 81 2 7
16 82 2 10
16 83 4 6
16 84 4 6
16 85 6 10
16 87 9 6
16 88 7 8
16 89 3 9
16 90 5 7
16 91 8 7
16 93 9 2
16 94 8 9
16 95 1 10
16 96 4 4
16 98 7 1
16 99 6 9
17 19 4 5
17 20 6 6
17 21 2 5
17 22 7 8
17 23 6 4
17 24 7 1
17 25 5 9
17 26 1 7
17 27 8 6
17 28 9 2
17 29 4 6
17 31 1 2
17 32 7 5
17 33 4 7
17 34 3 6
17 35 10 2
17 37 5 1
17 38 5 6
17 39 10 4
17 40 2 2
17 41 10 6
17 42 8 7
17 43 1 4
17 44 7 9
17 45 5 6
17 46 3 5
17 47 9 8
17 49 9 7
17 50 4 1
17 51 1 4
17 52 5 5
17 54 5 10
17 55 5 10
17 56 5 5
17 57 8 8
17 58 8 4
17 59 6 1
17 60 6 1
17 61 8 3
17 63 2 8
17 64 5 1
17 65 3 7
17 66 6 1
17 67 2 1
17 68 4 3
17 72 3 1
17 73 3 1
17 75 3 3
17 76 9 3
17 78 8 4
17 79 1 5
17 80 4 1
17 81 9 4
17 82 5 7
17 83 1 4
17 84 7 7
17 85 2 3
17 86 5 9
17 87 6 9
17 88 3 5
17 89 6 6
17 90 6 2
17 91 2 5
17 92 2 1
17 93 3 4
17 94 7 3
17 95 1 3
17 96 8 8
17 97 9 7
17 98 7 6
17 99 1 9
17 100 4 3
18 19 1 7
18 20 10 4
18 21 7 5
18 22 1 6
18 23 1 7
18 25 3 2
18 26 5 4
18 27 8 1
18 28 6 5
18 29 1 1
18 31 2 10
18 32 3 4
18 34 4 9
18 35 5 8
18 36 5 2
18 38 4 4
18 39 3 9
18 40 1 7
18 41 9 1
18 42 1 3
18 43 9 3
18 44 1 5
18 45 10 3
18 46 2 4
18 47 3 7
18 48 2 10
18 50 6 10
18 52 8 5
18 53 6 6
18 54 3 5
18 55 6 9
18 56 5 7
18 57 1 8
18 58 9 7
18 59 3 7
18 60 2 8
18 61 5 5
18 63 4 6
18 64 4 10
18 65 4 7
18 67 8 1
18 68 9 10
18 69 4 7
18 70 6 5
18 71 3 3
18 72 1 10
18 73 4 4
18 74 3 4
18 75 6 7
18 76 9 3
18 78 8 1
18 79 7 1
18 80 5 1
18 81 1 3
18 82 2 2
18 83 8 4
18 84 4 1
18 85 7 5
18 86 8 5
18 87 2 2
18 89 2 7
18 90 6 6
18 92 7 4
18 93 2 7
18 94 5 5
18 95 2 10
18 96 1 7
18 97 10 1
18 98 9 8
18 99 10 9
18 100 5 7
19 20 6 6
19 21 1 7
19 22 3 1
19 23 7 1
19 24 6 8
19 25 5 10
19 26 7 6
19 28 8 3
19 29 2 6
19 30 8 1
19 31 3 9
19 32 4 7
19 33 10 8
19 34 7 7
19 35 7 3
19 36 10 10
19 37 6 2
19 38 5 3
19 39 7 1
19 40 4 8
19 41 8 10
19 42 8 4
19 43 7 1
19 44 10 8
19 45 10 10
19 46 9 5
19 47 3 2
19 48 1 10
19 49 3 10
19 51 3 2
19 52 7 1
19 53 5 9
19 55 6 9
19 57 9 8
19 58 10 2
19 60 3 2
19 61 2 9
19 62 6 2
19 63 3 1
19 65 10 2
19 66 6 4
19 67 8 4
19 71 5 2
19 73 2 2
19 74 1 10
19 75 3 10
19 76 2 7
19 77 3 4
19 78 1 5
19 79 10 8
19 80 8 1
19 81 3 9
19 82 8 8
19 83 8 2
19 84 3 5
19 85 10 7
19 86 5 7
19 87 4 4
19 89 1 7
19 90 5 8
19 91 9 3
19 92 9 10
19 94 9 4
19 95 6 1
19 96 2 6
19 97 9 5
19 98 4 8
19 99 1 10
20 22 8 10
20 24 9 4
20 25 5 2
20 26 9 6
20 27 7 1
20 29 3 10
20 30 6 1
20 33 1 7
20 34 8 10
20 35 5 2
20 36 4 3
20 37 4 4
20 38 9 4
20 39 2 1
20 41 3 2
20 42 2 2
20 43 3 10
20 44 4 10
20 46 2 5
20 47 6 5
20 48 5 5
20 49 10 9
20 50 7 6
20 51 8 5
20 52 8 10
20 55 9 8
20 56 5 8
20 57 1 2
20 58 9 5
20 59 8 7
20 60 5 3
20 61 3 2
20 62 6 6
20 63 10 2
20 64 3 9
20 66 3 5
20 67 2 3
20 68 3 5
20 69 3 1
20 71 9 6
20 72 5 4
20 73 8 3
20 74 5 9
20 75 9 5
20 76 8 9
20 77 9 1
20 78 1 1
20 79 2 6
20 80 4 9
20 81 9 5
20 82 3 5
20 83 4 7
20 84 2 2
20 85 6 1
20 87 8 10
20 88 9 4
20 89 9 10
20 90 5 2
20 91 4 7
20 96 6 6
20 97 2 8
20 99 3 1
20 100 4 9
21 24 9 3
21 26 10 7
21 28 4 8
21 29 8 4
21 30 7 2
21 33 8 9
21 36 8 7
21 38 5 8
21 39 9 5
21 40 8 10
21 41 7 2
21 42 9 4
21 44 5 9
21 45 5 1
21 46 1 4
21 47 4 4
21 48 7 10
21 50 3 6
21 51 3 10
21 53 6 10
21 54 6 2
21 55 7 6
21 56 2 9
21 57 3 10
21 59 1 9
21 60 10 8
21 61 2 3
21 62 5 1
21 63 4 4
21 65 10 8
21 66 5 3
21 67 4 1
21 68 9 2
21 69 6 5
21 70 10 8
21 71 1 9
21 72 8 10
21 73 1 8
21 74 7 8
21 76 10 2
21 77 4 3
21 78 1 6
21 80 1 4
21 81 4 7
21 82 4 1
21 84 7 5
21 85 1 7
21 86 2 3
21 87 9 7
21 88 5 10
21 89 2 8
21 90 4 5
21 91 2 10
21 92 7 10
21 93 3 7
21 94 7 3
21 95 9 3
21 97 6 3
21 99 8 5
21 100 3 9
22 23 9 4
22 24 4 7
22 25 8 7
22 28 4 8
22 29 6 1
22 31 6 2
22 32 6 2
22 33 4 5
22 34 2 10
22 35 8 2
22 36 10 8
22 37 5 7
22 41 7 3
22 42 4 5
22 44 7 6
22 45 8 8
22 46 7 5
22 47 7 8
22 48 6 9
22 50 10 7
22 51 4 9
22 52 9 10
22 53 8 7
22 54 7 9
22 55 8 10
22 56 1 7
22 57 6 2
22 59 4 7
22 60 5 4
22 61 2 10
22 62 3 7
22 63 5 9
22 64 1 4
22 65 6 7
22 68 1 8
22 69 9 6
22 70 2 3
22 71 2 10
22 72 5 5
22 74 7 1
22 75 3 8
22 76 3 1
22 77 2 2
22 78 7 4
22 79 8 8
22 80 5 10
22 81 5 1
22 82 1 9
22 83 4 7
22 84 9 7
22 86 4 6
22 87 10 2
22 89 5 3
22 90 1 8
22 91 5 4
22 92 3 3
22 94 8 2
22 95 10 1
22 96 9 3
22 97 5 9
22 99 4 6
22 100 9 4
23 24 1 4
23 25 10 8
23 26 5 6
23 27 6 7
23 30 10 10
23 31 5 9
23 32 6 1
23 33 7 5
23 34 6 3
23 35 9 4
23 36 9 5
23 37 7 8
23 38 7 5
23 40 8 5
23 41 4 2
23 42 9 9
23 43 2 7
23 44 2 7
23 46 3 1
23 47 10 2
23 48 2 1
23 50 6 9
23 51 10 7
23 53 8 2
23 55 6 7
23 56 5 1
23 59 2 1
23 60 1 7
23 61 7 7
23 62 2 9
23 63 1 9
23 65 6 3
23 66 8 3
23 67 6 6
23 68 4 3
23 69 6 10
23 71 10 1
23 72 2 4
23 75 3 7
23 76 2 5
23 77 3 7
23 78 8 4
23 79 4 3
23 80 6 9
23 81 9 2
23 82 2 10
23 84 6 1
23 85 1 1
23 86 1 3
23 88 4 8
23 89 6 10
23 90 9 7
23 91 7 5
23 93 4 8
23 94 2 1
23 95 7 2
23 96 4 6
23 97 5 6
23 99 6 9
23 100 4 4
24 25 6 2
24 26 9 3
24 27 9 2
24 28 6 4
24 29 8 1
24 31 8 10
24 34 7 6
24 37 5 5
24 38 9 6
24 39 8 5
24 41 10 3
24 42 6 5
24 43 3 10
24 44 4 3
24 45 8 3
24 47 8 4
24 48 5 3
24 49 9 2
24 51 8 8
24 53 10 10
24 54 5 5
24 55 2 6
24 56 2 9
24 57 4 5
24 58 5 8
24 60 6 8
24 61 7 10
24 62 1 2
24 63 2 7
24 64 5 5
24 65 1 2
24 66 6 2
24 67 3 4
24 68 8 8
24 69 6 3
24 70 9 4
24 71 5 4
24 72 5 4
24 73 3 9
24 74 1 10
24 75 7 1
24 76 7 4
24 77 3 2
24 79 6 9
24 80 1 9
24 81 2 4
24 82 7 5
24 83 3 8
24 86 7 1
24 88 3 2
24 89 1 1
24 92 1 6
24 94 5 1
24 95 4 5
24 96 10 1
24 97 9 4
24 98 2 5
24 100 10 9
25 26 1 10
25 27 4 2
25 28 9 5
25 30 4 3
25 31 2 9
25 33 9 7
25 34 7 1
25 35 2 2
25 36 3 4
25 37 9 9
25 39 9 4
25 42 7 10
25 43 10 7
25 44 9 8
25 45 10 2
25 46 4 8
25 47 9 3
25 48 10 4
25 49 3 10
25 50 8 5
25 52 6 1
25 53 5 10
25 54 8 5
25 55 3 1
25 56 6 8
25 57 3 5
25 58 9 1
25 59 7 4
25 60 10 6
25 61 5 1
25 62 3 2
25 63 6 3
25 65 9 2
25 66 10 6
25 67 6 4
25 68 10 9
25 69 3 7
25 70 5 8
25 74 6 9
25 75 10 3
25 76 4 4
25 77 8 2
25 78 2 7
25 79 4 3
25 80 8 10
25 82 10 3
25 84 6 1
25 85 1 8
25 86 6 8
25 87 8 7
25 88 7 4
25 90 9 7
25 91 7 7
25 92 7 2
25 93 8 9
25 94 3 1
25 95 4 1
25 96 10 9
25 97 9 7
25 98 3 8
25 99 8 9
25 100 5 7
26 28 4 9
26 29 3 10
26 30 1 5
26 31 7 7
26 32 9 4
26 33 6 8
26 34 3 7
26 35 8 5
26 36 7 4
26 37 7 1
26 40 1 2
26 41 9 8
26 43 5 2
26 44 4 6
26 45 5 4
26 47 5 7
26 48 3 9
26 49 5 8
26 50 10 3
26 51 4 8
26 53 9 3
26 55 7 4
26 57 7 10
26 58 7 10
26 59 8 3
26 60 8 2
26 62 4 5
26 63 2 4
26 64 10 4
26 65 6 7
26 66 7 9
26 68 6 9
26 69 5 4
26 71 1 5
26 72 1 9
26 73 9 8
26 75 4 3
26 77 9 4
26 81 10 5
26 82 10 3
26 83 1 7
26 84 9 10
26 85 1 5
26 86 6 7
26 87 2 8
26 88 1 1
26 89 1 7
26 91 1 7
26 92 6 8
26 93 6 5
26 94 1 10
26 95 6 7
26 96 2 10
26 97 7 7
26 98 6 7
26 100 6 9
27 28 5 7
27 31 8 9
27 32 7 4
27 33 2 4
27 34 10 2
27 35 3 9
27 37 3 5
27 38 3 8
27 39 6 10
27 40 4 5
27 41 2 4
27 42 1 6
27 43 9 5
27 44 6 4
27 45 8 9
27 47 7 10
27 48 1 9
27 50 10 1
27 51 7 2
27 52 3 2
27 56 4 6
27 57 2 4
27 58 7 7
27 59 4 5
27 60 5 2
27 61 3 7
27 62 5 7
27 63 10 6
27 65 10 5
27 66 8 6
27 68 10 9
27 69 8 1
27 70 5 4
27 72 9 1
27 73 4 2
27 74 1 3
27 75 2 5
27 76 10 9
27 77 7 5
27 78 4 10
27 79 6 3
27 80 3 7
27 81 4 1
27 82 5 2
27 83 2 5
27 84 6 3
27 85 10 9
27 86 10 2
27 88 6 3
27 89 10 10
27 90 3 5
27 91 6 5
27 94 5 4
27 95 7 2
27 96 8 7
27 97 1 7
27 99 3 6
28 29 5 7
28 30 10 3
28 31 3 10
28 32 7 4
28 33 3 4
28 34 2 6
28 35 7 6
28 36 10 6
28 37 4 7
28 38 4 5
28 39 8 5
28 40 6 9
28 41 4 8
28 42 10 10
28 44 7 1
28 45 8 6
28 46 7 5
28 47 2 1
28 48 3 5
28 49 1 9
28 50 9 1
28 52 5 6
28 54 8 6
28 55 3 4
28 56 1 3
28 59 2 1
28 61 1 8
28 62 2 3
28 65 2 5
28 66 6 7
28 67 2 10
28 69 10 1
28 70 9 7
28 71 2 2
28 72 8 8
28 73 3 3
28 74 10 2
28 75 4 9
28 76 6 7
28 77 4 3
28 78 3 1
28 79 6 8
28 80 4 10
28 81 6 7
28 82 7 8
28 84 2 8
28 85 7 3
28 87 1 10
28 88 3 2
28 89 4 6
28 90 9 8
28 91 5 2
28 92 1 9
28 93 2 8
28 94 9 10
28 96 10 3
28 97 10 4
28 98 9 9
28 99 9 5
28 100 3 9
29 30 1 10
29 31 10 6
29 32 3 9
29 33 7 10
29 34 8 6
29 35 1 10
29 36 4 10
29 37 8 2
29 38 1 7
29 39 5 9
29 40 5 4
29 41 8 9
29 42 1 4
29 43 9 8
29 44 8 7
29 45 7 4
29 47 4 3
29 48 3 2
29 49 2 6
29 50 1 4
29 51 5 2
29 52 9 10
29 54 5 2
29 55 9 3
29 56 1 2
29 57 2 5
29 58 8 3
29 59 8 7
29 60 1 4
29 61 2 3
29 62 7 10
29 63 7 2
29 64 8 1
29 65 10 9
29 70 1 5
29 71 6 3
29 72 8 1
29 74 3 7
29 75 7 9
29 76 6 4
29 77 1 3
29 78 9 10
29 79 3 1
29 80 3 5
29 81 2 3
29 82 10 6
29 83 10 6
29 84 3 2
29 85 7 9
29 86 4 8
29 87 6 4
29 88 7 2
29 90 4 9
29 91 3 7
29 92 3 7
29 93 5 1
29 95 7 1
29 98 10 8
29 99 5 5
29 100 8 5
30 31 9 2
30 32 4 1
30 34 6 8
30 35 5 1
30 36 7 9
30 37 10 4
30 38 3 7
30 39 1 10
30 40 1 8
30 41 9 5
30 42 1 4
30 43 3 4
30 44 3 10
30 45 6 9
30 46 4 10
30 47 7 9
30 48 1 7
30 49 3 7
30 50 4 6
30 51 3 5
30 52 5 2
30 53 10 2
30 54 6 6
30 55 9 7
30 56 2 8
30 57 5 6
30 58 8 7
30 59 9 7
30 60 10 2
30 61 2 3
30 62 4 9
30 64 4 6
30 65 1 9
30 66 3 8
30 67 9 7
30 68 1 9
30 69 6 3
30 71 5 1
30 73 2 7
30 74 8 2
30 75 9 4
30 76 10 1
30 77 2 3
30 78 2 7
30 79 8 10
30 80 10 8
30 81 1 6
30 82 9 7
30 83 2 1
30 84 5 7
30 85 4 6
30 86 6 3
30 87 7 2
30 88 10 4
30 89 3 5
30 90 2 3
30 92 2 9
30 94 2 2
30 95 7 4
30 97 9 3
30 98 7 8
30 99 5 1
30 100 2 3
31 32 1 4
31 34 9 1
31 35 9 9
31 36 6 3
31 37 10 3
31 39 9 7
31 40 2 7
31 41 4 3
31 42 4 10
31 43 8 5
31 44 6 2
31 45 4 6
31 46 9 3
31 47 5 9
31 48 10 4
31 50 5 9
31 51 5 3
31 52 7 7
31 53 4 3
31 54 8 10
31 55 5 1
31 56 3 7
31 57 9 5
31 58 7 7
31 61 4 9
31 62 9 5
31 63 7 3
31 64 2 4
31 66 6 3
31 67 4 2
31 68 7 3
31 70 6 3
31 71 10 6
31 72 10 1
31 73 5 4
31 74 9 5
31 75 9 5
31 76 6 4
31 77 8 6
31 78 5 2
31 80 6 9
31 81 2 8
31 83 6 8
31 84 7 4
31 87 2 5
31 89 7 5
31 90 6 5
31 92 10 1
31 93 8 2
31 94 1 5
31 95 3 5
31 96 2 5
31 98 10 8
31 99 10 10
32 34 6 3
32 35 7 5
32 36 8 2
32 37 2 7
32 38 1 9
32 39 9 7
32 41 1 6
32 42 4 5
32 43 6 1
32 45 4 2
32 46 1 10
32 47 2 6
32 48 9 10
32 49 3 2
32 50 5 3
32 52 9 8
32 55 3 6
32 56 1 5
32 57 5 4
32 60 6 7
32 61 8 2
32 63 2 3
32 64 6 1
32 65 10 7
32 66 1 4
32 67 3 1
32 68 6 6
32 69 7 10
32 70 3 5
32 71 3 3
32 72 2 7
32 73 6 3
32 74 1 6
32 75 10 5
32 76 7 3
32 77 8 6
32 78 2 6
32 80 9 5
32 81 3 1
32 82 6 8
32 83 6 3
32 84 7 10
32 85 4 8
32 86 3 6
32 87 9 3
32 88 4 9
32 89 10 4
32 91 1 5
32 93 1 6
32 94 8 3
32 95 4 6
32 97 4 3
32 98 3 7
32 99 2 6
32 100 7 3
33 34 8 3
33 35 5 6
33 37 7 5
33 38 10 3
33 39 9 5
33 40 7 10
33 41 3 6
33 42 7 9
33 43 7 6
33 44 3 5
33 45 1 2
33 46 7 2
33 51 9 8
33 52 2 5
33 53 2 6
33 54 3 3
33 55 4 8
33 56 6 9
33 57 1 6
33 58 1 1
33 59 10 10
33 61 5 8
33 63 8 4
33 64 8 10
33 65 6 6
33 66 5 10
33 67 2 8
33 68 1 3
33 69 10 7
33 70 1 7
33 71 8 1
33 72 6 5
33 73 4 3
33 74 6 9
33 75 6 1
33 76 8 4
33 77 1 6
33 78 4 6
33 79 6 7
33 82 4 5
33 84 5 8
33 85 5 6
33 86 10 2
33 87 1 7
33 88 4 10
33 89 8 6
33 90 7 4
33 91 7 4
33 92 6 1
33 93 1 10
33 94 9 10
33 95 7 2
33 96 3 8
33 97 8 1
33 98 6 1
33 100 8 8
34 35 8 5
34 37 5 10
34 39 10 2
34 40 2 3
34 41 1 5
34 42 4 5
34 43 4 3
34 44 5 4
34 45 9 2
34 47 1 1
34 48 3 1
34 49 2 4
34 50 1 5
34 51 6 8
34 52 2 3
34 53 1 4
34 54 1 7
34 55 9 8
34 56 10 8
34 57 1 6
34 58 6 8
34 59 6 10
34 60 6 6
34 61 9 7
34 62 7 6
34 64 5 3
34 66 8 5
34 67 1 4
34 68 7 6
34 69 5 8
34 70 5 7
34 71 1 5
34 72 5 6
34 74 4 8
34 75 9 6
34 76 2 8
34 77 10 9
34 78 4 9
34 80 10 7
34 82 3 3
34 85 9 1
34 86 3 2
34 87 6 1
34 88 3 2
34 89 2 3
34 90 3 3
34 91 2 1
34 92 7 8
34 93 2 2
34 94 5 5
34 96 5 4
34 97 6 8
34 98 10 6
34 99 10 8
34 100 6 2
35 36 10 2
35 38 8 4
35 40 1 8
35 41 9 5
35 42 9 1
35 44 8 1
35 46 9 3
35 47 4 7
35 48 8 9
35 49 2 4
35 50 7 8
35 51 2 2
35 52 7 9
35 53 1 1
35 54 10 5
35 56 9 5
35 57 4 1
35 58 9 3
35 59 2 4
35 61 1 2
35 63 7 5
35 64 9 1
35 65 8 3
35 66 10 5
35 68 8 10
35 69 3 9
35 70 4 5
35 71 10 5
35 72 2 10
35 73 10 6
35 74 6 5
35 75 2 2
35 76 3 9
35 77 3 4
35 78 1 8
35 79 10 8
35 80 10 7
35 81 3 6
35 82 2 3
35 83 5 5
35 84 4 2
35 85 5 1
35 87 8 3
35 88 1 7
35 89 10 10
35 90 6 4
35 93 4 4
35 94 4 2
35 97 10 9
35 99 6 1
35 100 7 6
36 37 8 6
36 38 7 9
36 40 2 6
36 41 5 3
36 42 3 8
36 43 10 1
36 44 1 1
36 45 7 3
36 47 10 8
36 48 4 1
36 51 10 1
36 52 3 8
36 53 6 9
36 55 5 8
36 56 4 10
36 57 3 5
36 58 2 9
36 59 10 7
36 60 9 6
36 61 8 6
36 63 4 2
36 64 10 4
36 65 3 9
36 67 8 2
36 68 6 3
36 69 10 10
36 74 9 3
36 76 8 2
36 77 8 7
36 78 5 6
36 79 7 4
36 80 4 8
36 81 10 3
36 82 7 10
36 83 9 4
36 86 8 2
36 87 10 9
36 88 1 1
36 91 4 2
36 92 7 4
36 93 2 8
36 95 8 10
36 96 3 9
36 97 7 9
36 99 9 4
36 100 7 3
37 38 3 10
37 39 4 8
37 41 4 6
37 43 2 1
37 44 1 5
37 45 1 3
37 47 7 4
37 48 7 6
37 50 10 3
37 51 2 4
37 52 10 3
37 53 5 5
37 54 7 9
37 55 4 1
37 56 8 4
37 57 1 9
37 59 4 9
37 60 10 2
37 61 9 6
37 63 1 1
37 64 2 7
37 65 2 4
37 66 2 2
37 67 2 10
37 69 1 2
37 70 4 2
37 71 10 7
37 72 6 5
37 73 3 6
37 74 2 7
37 75 1 9
37 78 4 5
37 81 7 6
37 82 1 1
37 83 5 2
37 84 2 2
37 85 1 10
37 87 9 3
37 89 9 1
37 90 1 2
37 91 7 6
37 92 9 7
37 93 8 1
37 95 5 1
37 96 7 2
37 97 5 2
37 98 1 7
37 99 5 5
38 39 6 1
38 40 4 3
38 42 10 4
38 43 3 1
38 44 3 4
38 45 4 4
38 46 10 10
38 47 1 7
38 48 4 5
38 49 5 9
38 50 1 9
38 51 9 9
38 52 8 4
38 53 9 7
38 55 8 1
38 56 6 10
38 59 6 7
38 60 10 10
38 62 4 8
38 63 8 9
38 65 9 9
38 66 7 8
38 67 5 4
38 68 10 9
38 70 6 10
38 72 3 2
38 73 1 7
38 74 1 4
38 75 7 3
38 77 8 2
38 78 10 3
38 79 9 8
38 80 8 8
38 82 9 9
38 83 1 9
38 84 6 8
38 85 2 1
38 86 4 4
38 88 10 3
38 89 2 10
38 90 10 9
38 91 7 10
38 92 3 2
38 93 8 9
38 95 2 1
38 96 10 10
38 97 10 5
38 98 10 3
38 99 3 1
38 100 10 7
39 40 1 1
39 41 9 8
39 42 1 3
39 44 6 7
39 45 8 2
39 46 8 2
39 47 5 2
39 49 7 8
39 50 1 4
39 51 10 7
39 52 3 1
39 53 9 5
39 54 2 8
39 55 1 10
39 56 3 10
39 57 5 10
39 58 8 5
39 59 9 7
39 60 1 2
39 61 7 1
39 62 7 9
39 63 5 7
39 65 6 3
39 66 6 9
39 67 6 4
39 68 5 6
39 70 9 2
39 71 3 3
39 72 7 2
39 73 9 6
39 74 1 7
39 75 5 6
39 76 7 9
39 78 9 3
39 79 9 5
39 81 3 4
39 83 1 3
39 84 6 3
39 85 3 6
39 86 2 7
39 87 6 8
39 88 9 9
39 89 5 7
39 90 9 6
39 91 8 6
39 93 8 8
39 95 2 1
39 96 10 9
39 97 5 3
39 98 5 1
39 99 1 5
39 100 3 7
40 41 6 7
40 42 4 6
40 43 8 7
40 44 6 2
40 45 6 2
40 46 6 3
40 47 4 3
40 48 3 4
40 49 3 4
40 50 1 9
40 51 3 8
40 52 3 6
40 53 5 1
40 54 2 1
40 55 2 2
40 56 5 3
40 57 5 9
40 58 8 9
40 59 3 10
40 60 7 2
40 62 4 7
40 63 6 1
40 64 4 9
40 65 10 9
40 66 6 5
40 67 1 9
40 68 6 4
40 69 5 5
40 70 6 2
40 71 8 6
40 72 2 7
40 73 1 5
40 74 4 8
40 75 4 6
40 77 7 7
40 78 1 5
40 79 6 9
40 80 4 10
40 82 2 4
40 83 8 10
40 84 7 8
40 85 2 5
40 86 2 8
40 87 5 10
40 88 10 3
40 89 7 10
40 90 1 2
40 91 4 3
40 93 6 5
40 94 9 4
40 95 8 10
40 96 9 3
40 97 4 4
40 98 7 5
40 99 3 5
40 100 2 5
41 42 4 1
41 44 6 5
41 45 5 9
41 46 4 9
41 47 10 10
41 48 5 1
41 49 7 7
41 50 9 4
41 51 6 9
41 54 5 1
41 55 5 10
41 56 10 1
41 57 3 5
41 60 2 10
41 61 9 4
41 62 2 6
41 63 10 10
41 64 5 3
41 65 7 3
41 66 3 2
41 67 6 4
41 68 10 9
41 69 2 4
41 70 10 3
41 71 6 3
41 72 3 9
41 73 1 3
41 76 9 2
41 77 2 3
41 78 7 8
41 79 6 3
41 80 3 1
41 81 3 1
41 82 1 4
41 83 10 2
41 84 3 4
41 86 8 2
41 87 8 8
41 88 4 9
41 89 7 6
41 90 2 6
41 91 5 4
41 92 2 1
41 93 4 10
41 94 7 6
41 95 10 5
41 96 9 4
41 98 9 4
41 99 5 10
41 100 6 3
42 43 2 5
42 44 6 4
42 45 10 2
42 46 7 4
42 47 3 2
42 48 1 10
42 49 9 8
42 52 6 6
42 53 8 6
42 55 2 2
42 56 6 2
42 57 9 3
42 58 2 4
42 60 10 9
42 61 3 4
42 63 8 10
42 64 7 5
42 65 10 2
42 66 9 9
42 67 3 8
42 68 6 5
42 69 3 2
42 71 3 9
42 72 3 5
42 73 9 7
42 74 6 5
42 75 1 9
42 76 2 7
42 77 6 1
42 78 6 9
42 79 4 2
42 80 3 8
42 81 8 4
42 82 9 2
42 83 6 10
42 84 3 9
42 85 2 6
42 86 10 10
42 88 9 7
42 89 9 9
42 90 1 9
42 91 10 6
42 93 4 3
42 94 1 4
42 95 8 3
42 96 10 5
42 97 6 6
42 98 9 3
42 100 6 5
43 44 10 7
43 46 10 7
43 47 9 4
43 48 8 1
43 49 4 6
43 50 7 3
43 53 4 2
43 54 10 3
43 55 7 1
43 56 9 6
43 57 9 5
43 58 9 4
43 60 1 4
43 62 7 9
43 64 10 1
43 66 5 2
43 67 7 3
43 68 10 10
43 69 10 4
43 70 7 10
43 71 6 1
43 73 6 5
43 74 4 2
43 75 1 7
43 76 5 5
43 79 2 5
43 80 1 10
43 81 10 2
43 82 5 8
43 83 2 5
43 84 7 2
43 85 6 3
43 86 6 3
43 87 10 8
43 88 9 7
43 90 6 3
43 91 3 1
43 92 1 4
43 93 5 4
43 94 6 8
43 95 5 1
43 96 3 2
43 97 7 5
43 100 1 7
44 46 10 3
44 47 4 9
44 49 8 4
44 51 6 3
44 52 6 2
44 54 6 1
44 55 3 3
44 57 4 6
44 59 8 7
44 61 10 5
44 62 7 4
44 64 5 4
44 66 6 9
44 67 6 8
44 68 9 3
44 69 10 5
44 70 3 9
44 71 2 3
44 72 10 2
44 73 10 7
44 74 3 1
44 75 10 5
44 76 3 2
44 77 2 6
44 79 5 3
44 80 3 1
44 81 5 10
44 82 5 4
44 83 4 5
44 84 8 5
44 85 10 3
44 87 10 1
44 88 4 8
44 89 7 8
44 90 10 2
44 91 10 7
44 92 3 4
44 93 1 3
44 94 1 5
44 95 5 8
44 96 8 4
44 97 3 10
44 98 10 4
44 100 10 2
45 46 1 2
45 47 3 4
45 48 8 3
45 49 5 1
45 50 1 9
45 51 10 8
45 52 7 9
45 58 5 2
45 59 6 3
45 60 7 7
45 61 4 5
45 62 3 6
45 64 3 9
45 66 7 5
45 67 8 5
45 68 4 9
45 69 5 9
45 70 2 7
45 71 1 2
45 72 2 3
45 73 6 5
45 74 6 1
45 75 9 3
45 76 6 5
45 77 7 9
45 78 1 9
45 79 3 1
45 80 1 3
45 81 4 6
45 82 1 7
45 83 6 7
45 84 3 5
45 85 2 3
45 86 2 10
45 87 1 8
45 88 4 5
45 90 5 7
45 91 9 9
45 92 8 4
45 93 9 8
45 94 6 4
45 95 1 9
45 96 7 1
45 97 6 1
45 98 10 6
45 99 5 8
46 49 10 2
46 50 8 6
46 51 4 1
46 53 9 7
46 55 7 3
46 56 10 3
46 57 3 9
46 58 8 4
46 61 9 8
46 62 3 5
46 63 4 7
46 64 7 2
46 66 2 1
46 67 9 8
46 68 5 3
46 70 2 1
46 71 8 10
46 72 4 5
46 73 7 6
46 74 7 9
46 75 7 6
46 77 2 5
46 78 8 8
46 79 10 8
46 80 7 2
46 81 4 5
46 82 5 2
46 83 7 1
46 84 1 5
46 86 7 1
46 88 4 7
46 89 7 2
46 90 4 1
46 91 4 10
46 92 2 4
46 93 9 9
46 94 4 10
46 95 6 1
46 97 5 1
46 98 2 2
46 100 2 2
47 48 3 7
47 49 4 7
47 50 10 4
47 51 1 3
47 52 10 4
47 53 3 7
47 54 6 7
47 55 4 9
47 56 6 7
47 57 5 4
47 58 2 9
47 59 7 8
47 60 3 9
47 62 8 7
47 63 7 7
47 64 1 8
47 66 3 10
47 68 6 2
47 70 6 10
47 71 6 8
47 73 5 1
47 75 1 1
47 76 1 6
47 79 9 9
47 80 9 3
47 81 8 4
47 82 5 2
47 84 10 1
47 85 8 6
47 86 2 10
47 87 3 9
47 88 3 2
47 89 9 5
47 90 1 1
47 91 6 8
47 92 4 1
47 94 3 9
47 95 6 5
47 96 6 4
47 98 8 2
47 99 6 3
48 49 10 1
48 51 2 6
48 52 3 8
48 53 5 3
48 54 7 5
48 56 4 5
48 57 7 7
48 58 2 7
48 59 10 1
48 60 7 2
48 61 9 10
48 62 2 10
48 63 4 8
48 64 7 1
48 65 9 6
48 66 2 2
48 67 5 3
48 68 7 1
48 69 9 6
48 70 3 2
48 72 2 2
48 73 7 9
48 74 4 4
48 75 4 4
48 76 8 9
48 77 8 6
48 79 6 7
48 80 4 6
48 81 10 1
48 84 1 10
48 85 5 9
48 86 6 4
48 87 1 10
48 88 7 3
48 89 6 10
48 90 7 8
48 91 7 7
48 93 7 3
48 94 5 10
48 96 8 3
48 97 10 5
48 99 4 5
48 100 6 10
49 50 5 7
49 51 5 5
49 53 7 1
49 54 3 10
49 55 10 4
49 56 9 2
49 57 10 9
49 58 4 8
49 59 4 9
49 60 1 6
49 61 2 10
49 62 8 3
49 63 1 8
49 64 9 8
49 65 8 2
49 66 3 2
49 69 6 1
49 71 3 3
49 72 2 9
49 73 1 2
49 74 3 8
49 75 5 3
49 76 2 4
49 77 10 4
49 78 7 10
49 80 3 7
49 82 7 10
49 83 10 9
49 84 6 7
49 85 10 5
49 86 5 4
49 87 3 5
49 88 4 6
49 90 5 3
49 93 9 5
49 94 5 9
49 95 2 4
49 96 4 2
49 97 1 2
49 98 9 7
49 99 3 2
49 100 8 6
50 51 6 1
50 52 9 1
50 53 6 8
50 56 1 1
50 57 10 4
50 60 8 6
50 61 2 10
50 62 8 2
50 63 5 9
50 65 4 5
50 66 6 10
50 67 6 8
50 68 1 2
50 69 5 2
50 70 1 2
50 71 8 9
50 72 1 6
50 73 10 2
50 74 2 6
50 77 10 2
50 78 5 1
50 79 3 1
50 80 5 6
50 81 7 3
50 82 5 1
50 83 7 9
50 85 3 5
50 86 10 6
50 87 5 9
50 89 3 7
50 90 2 4
50 92 7 4
50 93 5 8
50 94 9 9
50 95 10 7
50 96 4 7
50 97 10 8
50 98 4 3
50 99 5 4
51 53 8 3
51 54 4 1
51 55 3 6
51 56 9 9
51 57 9 8
51 58 8 4
51 60 2 3
51 62 1 8
51 63 1 8
51 65 6 6
51 66 4 3
51 67 5 10
51 68 1 2
51 69 6 4
51 70 10 10
51 71 9 3
51 72 7 8
51 73 4 5
51 74 7 8
51 75 4 8
51 76 10 4
51 77 2 5
51 78 3 5
51 79 8 3
51 80 6 6
51 81 5 4
51 83 10 9
51 84 6 8
51 85 3 5
51 86 6 8
51 87 1 6
51 88 6 5
51 89 3 2
51 90 6 5
51 91 8 5
51 92 1 8
51 94 6 5
51 95 3 7
51 96 6 9
51 99 3 6
51 100 6 9
52 53 3 7
52 54 4 10
52 58 8 5
52 59 3 6
52 60 1 1
52 61 6 9
52 62 3 10
52 63 10 7
52 64 9 3
52 67 6 1
52 69 7 4
52 70 1 5
52 71 8 3
52 73 6 4
52 75 7 9
52 76 10 2
52 77 10 5
52 79 7 9
52 80 5 7
52 81 6 9
52 82 1 6
52 83 7 4
52 84 8 8
52 85 3 5
52 86 9 1
52 87 7 4
52 88 6 10
52 89 7 3
52 90 9 1
52 91 3 3
52 92 1 9
52 93 7 3
52 94 3 7
52 96 3 2
52 97 7 5
52 98 3 8
52 99 6 5
52 100 6 9
53 54 2 9
53 55 9 3
53 56 3 7
53 57 10 10
53 58 1 1
53 60 8 10
53 61 9 9
53 63 7 5
53 64 1 9
53 65 6 1
53 66 10 4
53 67 4 5
53 68 10 7
53 69 2 10
53 70 4 3
53 71 7 10
53 72 6 6
53 74 2 3
53 75 10 7
53 76 9 6
53 77 10 10
53 79 5 3
53 80 8 2
53 81 3 5
53 82 3 9
53 83 1 7
53 85 9 7
53 86 10 10
53 87 9 7
53 88 8 7
53 89 7 4
53 90 7 5
53 91 4 4
53 93 4 7
53 95 3 6
53 96 7 1
53 97 3 9
53 98 9 7
53 99 3 8
53 100 10 4
54 56 9 3
54 57 3 5
54 58 3 2
54 59 3 8
54 60 1 2
54 61 10 8
54 63 6 4
54 64 5 6
54 65 9 8
54 66 3 2
54 67 1 10
54 68 1 9
54 69 5 6
54 70 5 2
54 71 3 8
54 73 8 6
54 74 6 10
54 75 9 6
54 76 10 5
54 77 10 4
54 78 10 10
54 79 6 10
54 80 7 4
54 81 7 4
54 82 10 1
54 83 1 10
54 84 1 8
54 85 2 6
54 86 7 6
54 87 2 7
54 89 2 6
54 90 1 8
54 91 10 5
54 92 9 10
54 93 2 9
54 94 9 1
54 95 1 1
54 96 8 10
54 97 2 8
54 98 10 2
54 99 5 1
54 100 10 7
55 56 5 3
55 58 2 4
55 59 3 2
55 61 8 9
55 62 8 7
55 63 3 8
55 64 6 9
55 65 8 7
55 66 7 2
55 67 1 3
55 69 5 8
55 71 8 3
55 72 2 4
55 73 8 9
55 74 9 5
55 75 6 9
55 76 9 3
55 77 1 4
55 78 5 1
55 81 7 5
55 82 1 3
55 83 9 10
55 85 10 4
55 86 1 7
55 87 10 2
55 88 6 5
55 89 3 5
55 90 2 3
55 91 10 2
55 92 6 8
55 93 10 1
55 94 5 2
55 95 5 2
55 96 8 1
55 99 3 10
55 100 2 10
56 58 1 2
56 59 4 10
56 62 2 6
56 63 9 2
56 64 4 10
56 65 8 6
56 66 6 9
56 67 1 4
56 68 8 10
56 69 8 10
56 71 1 7
56 72 4 8
56 74 7 7
56 76 5 4
56 79 4 4
56 81 5 2
56 83 9 9
56 84 2 3
56 85 3 8
56 86 3 6
56 87 6 8
56 88 3 3
56 89 5 4
56 91 5 6
56 92 7 1
56 94 6 6
56 95 1 5
56 96 6 6
56 97 9 3
56 98 2 4
56 99 1 8
56 100 9 2
57 58 3 9
57 60 3 8
57 61 4 5
57 63 4 10
57 64 4 5
57 66 7 9
57 67 7 4
57 68 2 5
57 69 9 2
57 70 7 1
57 71 5 1
57 72 10 2
57 73 4 7
57 74 5 10
57 76 2 4
57 79 1 6
57 81 5 9
57 82 7 6
57 83 7 8
57 84 3 10
57 85 10 6
57 86 4 8
57 87 6 5
57 89 9 9
57 90 5 9
57 91 9 4
57 92 2 9
57 93 8 9
57 94 6 6
57 95 10 3
57 96 5 6
57 97 5 7
57 100 6 8
58 59 6 1
58 60 7 8
58 61 9 6
58 62 6 10
58 63 6 7
58 65 3 5
58 66 10 2
58 67 9 10
58 68 3 2
58 69 7 6
58 70 5 6
58 71 4 1
58 72 6 10
58 73 4 9
58 74 6 1
58 75 4 1
58 76 2 7
58 77 8 5
58 78 1 3
58 79 9 5
58 80 2 3
58 81 5 5
58 82 9 10
58 83 7 9
58 84 7 4
58 86 4 8
58 87 6 8
58 88 4 10
58 89 5 3
58 91 5 2
58 93 1 1
58 94 1 4
58 95 3 9
58 96 1 10
58 97 6 4
58 98 4 1
58 99 7 7
58 100 6 1
59 60 2 3
59 62 5 2
59 63 7 7
59 64 4 9
59 65 6 2
59 67 10 6
59 68 8 2
59 69 6 9
59 71 5 8
59 72 2 4
59 73 6 1
59 74 10 2
59 75 10 5
59 76 6 9
59 77 10 7
59 78 5 2
59 81 1 10
59 82 8 8
59 83 10 8
59 84 3 5
59 85 7 10
59 86 8 10
59 87 5 4
59 88 8 4
59 89 3 1
59 90 7 4
59 91 3 10
59 93 10 6
59 94 10 10
59 95 6 6
59 96 10 10
59 97 4 1
59 98 3 8
59 100 3 9
60 61 2 5
60 62 8 3
60 63 3 2
60 64 4 9
60 65 10 3
60 66 10 4
60 67 4 5
60 68 4 7
60 69 4 6
60 70 9 8
60 71 2 3
60 72 10 3
60 73 2 3
60 74 2 2
60 75 7 6
60 76 10 8
60 77 4 7
60 78 2 9
60 79 9 6
60 80 1 6
60 81 8 9
60 82 3 1
60 84 3 10
60 85 4 7
60 86 2 7
60 88 5 8
60 92 3 4
60 93 6 1
60 95 5 9
60 96 9 1
60 97 8 8
60 98 6 5
60 99 6 2
61 62 7 3
61 63 10 1
61 65 6 4
61 66 1 2
61 67 6 7
61 69 6 9
61 70 7 5
61 72 1 8
61 73 6 1
61 74 10 1
61 76 7 3
61 77 5 9
61 78 1 5
61 79 3 9
61 80 9 9
61 82 4 5
61 83 7 6
61 84 1 2
61 85 9 4
61 86 2 6
61 87 3 7
61 88 1 1
61 89 1 4
61 90 10 6
61 91 3 10
61 92 3 9
61 93 6 4
61 94 3 6
61 95 4 3
61 97 2 4
61 98 3 6
61 99 5 5
62 63 1 2
62 64 10 6
62 65 7 7
62 66 5 3
62 67 9 2
62 68 5 4
62 69 5 10
62 70 6 1
62 71 4 4
62 72 2 2
62 73 1 8
62 74 2 4
62 75 8 4
62 77 7 5
62 78 3 8
62 80 10 1
62 83 1 2
62 84 1 2
62 85 7 2
62 86 7 10
62 87 3 6
62 88 2 10
62 89 4 4
62 90 6 9
62 91 3 3
62 92 7 5
62 93 2 5
62 95 3 3
62 96 6 8
62 97 10 8
62 98 1 2
62 99 3 2
62 100 9 7
63 64 8 4
63 65 7 10
63 66 7 9
63 69 1 7
63 70 7 3
63 71 8 1
63 72 2 9
63 73 7 3
63 75 3 6
63 76 4 8
63 77 9 5
63 78 6 8
63 79 7 5
63 80 9 9
63 81 7 10
63 82 9 10
63 83 2 5
63 85 1 3
63 86 8 9
63 89 10 3
63 90 7 6
63 91 7 3
63 92 2 9
63 93 10 3
63 94 6 9
63 95 1 4
63 96 2 3
63 98 3 1
63 99 5 1
63 100 4 1
64 65 4 7
64 66 6 6
64 67 3 10
64 68 5 10
64 69 5 3
64 70 1 9
64 71 5 5
64 72 7 6
64 74 5 7
64 75 4 1
64 77 6 10
64 78 7 9
64 80 9 2
64 81 4 9
64 82 3 9
64 83 6 9
64 85 5 6
64 86 7 9
64 87 6 2
64 88 8 5
64 89 9 8
64 90 10 9
64 91 1 9
64 93 3 6
64 94 5 8
64 95 9 5
64 96 1 2
64 97 7 9
64 98 3 4
64 99 2 6
64 100 6 3
65 66 1 7
65 67 3 1
65 68 10 4
65 70 9 8
65 71 2 4
65 72 9 5
65 73 10 7
65 74 9 3
65 75 1 9
65 76 7 3
65 77 1 7
65 81 3 9
65 82 5 10
65 83 6 3
65 85 8 9
65 87 9 6
65 89 1 9
65 90 2 1
65 91 1 5
65 92 4 3
65 93 1 8
65 94 1 9
65 95 10 2
65 96 1 2
65 97 3 4
65 98 5 9
65 100 3 10
66 68 5 8
66 69 8 2
66 70 2 3
66 71 3 2
66 72 1 5
66 73 10 2
66 74 4 9
66 75 3 2
66 76 5 5
66 77 3 2
66 78 9 3
66 79 7 7
66 80 2 9
66 81 5 3
66 82 6 1
66 84 7 8
66 85 9 1
66 86 7 4
66 87 10 4
66 88 8 9
66 90 5 1
66 91 3 4
66 92 9 10
66 93 2 4
66 94 6 1
66 95 5 7
66 96 4 9
66 97 5 3
66 98 3 10
66 99 4 6
67 68 1 1
67 69 10 9
67 71 2 9
67 72 6 2
67 73 1 1
67 74 9 6
67 75 10 1
67 76 2 2
67 77 3 5
67 78 7 5
67 79 3 1
67 80 3 5
67 81 7 4
67 82 9 5
67 83 4 7
67 85 6 3
67 86 5 9
67 88 1 2
67 89 7 9
67 90 8 2
67 92 8 9
67 93 9 9
67 94 2 9
67 95 10 3
67 96 3 2
67 97 8 7
67 98 6 2
67 99 10 10
67 100 2 6
68 69 2 5
68 70 1 5
68 71 1 2
68 72 7 5
68 73 8 5
68 74 6 5
68 75 6 9
68 76 5 1
68 77 4 10
68 78 6 5
68 79 6 6
68 80 9 2
68 82 8 2
68 83 1 3
68 84 10 7
68 85 1 4
68 86 7 6
68 87 10 6
68 88 6 1
68 89 9 7
68 90 6 6
68 92 2 10
68 94 8 3
68 95 2 4
68 96 10 8
68 97 9 10
68 98 10 2
68 99 2 2
68 100 6 6
69 71 5 10
69 72 1 6
69 73 1 6
69 74 4 9
69 75 3 8
69 76 10 10
69 77 8 8
69 78 8 4
69 79 9 3
69 80 10 6
69 81 4 3
69 82 9 6
69 83 5 10
69 84 7 10
69 85 5 9
69 88 1 10
69 91 6 9
69 92 2 4
69 93 10 2
69 94 1 2
69 95 3 7
69 97 8 7
69 100 5 5
70 71 9 6
70 72 4 10
70 73 1 8
70 74 4 2
70 76 6 6
70 77 8 8
70 78 8 5
70 79 4 10
70 80 6 2
70 81 9 8
70 82 4 10
70 83 9 9
70 85 1 5
70 86 9 4
70 87 7 3
70 88 1 5
70 89 1 10
70 90 8 7
70 91 10 6
70 92 1 5
70 93 2 6
70 94 3 3
70 96 3 5
70 98 2 9
70 99 1 4
71 72 6 5
71 73 3 4
71 74 6 5
71 76 9 7
71 77 4 2
71 78 5 7
71 79 4 6
71 80 5 1
71 81 3 3
71 82 4 3
71 83 9 1
71 86 3 6
71 87 6 10
71 89 9 6
71 90 2 5
71 91 4 3
71 92 3 4
71 93 6 4
71 95 3 3
71 97 6 10
71 99 6 10
72 75 6 4
72 76 5 3
72 77 6 9
72 78 9 3
72 79 9 3
72 81 7 3
72 82 5 10
72 83 1 2
72 84 5 9
72 85 2 1
72 86 4 8
72 87 4 9
72 89 9 9
72 90 7 9
72 91 7 9
72 92 9 9
72 93 2 4
72 94 1 8
72 95 4 10
72 96 6 3
72 99 2 2
73 74 10 2
73 75 9 10
73 76 1 10
73 77 2 2
73 78 3 7
73 79 9 6
73 80 1 5
73 83 9 2
73 84 7 5
73 85 7 4
73 86 1 7
73 87 3 1
73 89 10 3
73 90 7 2
73 91 10 5
73 92 1 10
73 93 6 4
73 94 10 8
73 96 10 6
73 97 2 8
73 98 8 10
73 99 5 7
73 100 6 8
74 75 1 4
74 76 1 10
74 78 2 1
74 79 9 4
74 80 3 7
74 83 8 4
74 84 9 1
74 85 9 3
74 86 9 9
74 87 7 7
74 89 9 5
74 90 3 9
74 91 3 8
74 92 6 10
74 94 6 4
74 96 9 7
74 97 5 6
74 98 7 1
74 99 7 4
74 100 10 3
75 76 10 8
75 77 1 9
75 78 9 5
75 80 1 6
75 82 6 2
75 83 8 5
75 84 10 9
75 85 10 1
75 87 5 5
75 88 10 6
75 89 2 3
75 90 6 5
75 91 1 8
75 92 6 6
75 93 1 1
75 95 6 3
75 96 1 3
75 97 10 2
75 98 1 5
75 99 3 7
75 100 10 10
76 77 6 8
76 78 1 9
76 79 7 4
76 80 9 1
76 81 10 3
76 83 4 7
76 84 2 9
76 85 7 4
76 87 8 6
76 89 6 3
76 92 3 4
76 93 5 8
76 94 7 5
76 95 10 7
76 96 2 8
76 97 9 3
76 98 2 2
76 100 8 6
77 78 1 3
77 79 7 9
77 80 3 4
77 81 2 6
77 82 9 9
77 84 1 7
77 85 7 7
77 86 7 9
77 87 7 7
77 89 5 8
77 90 7 8
77 91 7 5
77 92 8 5
77 94 7 9
77 95 2 6
77 96 1 7
77 97 5 6
77 98 10 7
77 99 3 1
77 100 9 10
78 80 8 5
78 81 9 8
78 82 3 5
78 83 10 4
78 84 9 2
78 85 4 5
78 87 6 8
78 88 8 3
78 89 5 4
78 90 7 10
78 91 3 2
78 92 1 10
78 93 8 9
78 95 3 6
78 96 4 2
78 97 5 5
78 98 2 3
78 99 1 1
78 100 3 2
79 80 10 4
79 81 5 4
79 82 8 10
79 83 10 5
79 84 6 10
79 85 8 3
79 86 7 2
79 87 6 3
79 88 1 4
79 89 6 4
79 91 8 8
79 92 7 8
79 93 1 1
79 94 2 8
79 95 7 8
79 96 10 1
79 98 9 3
79 99 4 4
79 100 9 3
80 81 8 6
80 82 2 5
80 83 2 4
80 84 6 5
80 86 3 7
80 87 2 4
80 88 9 1
80 90 8 5
80 92 10 4
80 93 1 9
80 94 9 5
80 95 4 8
80 96 4 2
80 97 3 4
80 98 3 7
80 99 5 8
80 100 6 9
81 82 7 2
81 84 2 10
81 86 7 6
81 87 6 3
81 88 7 2
81 89 9 4
81 90 5 6
81 91 3 10
81 92 6 7
81 93 6 9
81 95 10 3
81 96 3 4
81 97 4 6
81 98 3 2
81 100 7 5
82 83 9 4
82 84 3 7
82 86 5 10
82 87 9 4
82 88 1 2
82 89 4 1
82 90 5 2
82 91 10 1
82 93 8 6
82 95 7 5
82 96 8 7
82 97 9 2
82 98 10 2
82 100 10 4
83 84 3 8
83 85 8 6
83 86 9 6
83 87 2 8
83 89 1 6
83 90 3 3
83 91 10 1
83 92 6 7
83 95 7 1
83 96 9 8
83 97 9 10
83 98 4 8
83 99 9 9
83 100 8 4
84 86 1 6
84 88 3 2
84 91 2 8
84 92 1 1
84 93 10 9
84 94 2 9
84 95 10 6
84 97 3 5
84 100 6 7
85 86 4 10
85 87 1 10
85 88 9 10
85 89 8 6
85 91 4 2
85 92 1 1
85 93 1 9
85 94 2 8
85 95 4 6
85 96 7 4
85 98 10 6
85 99 3 5
85 100 2 5
86 87 2 7
86 88 8 9
86 90 7 6
86 91 3 4
86 92 9 3
86 93 3 10
86 95 3 10
86 96 5 4
86 97 4 8
86 98 7 6
86 99 8 2
87 89 5 9
87 90 5 4
87 91 8 2
87 92 8 3
87 93 6 6
87 94 10 10
87 95 4 4
87 96 5 6
87 97 2 3
87 98 2 10
87 99 6 8
87 100 1 10
88 89 2 10
88 90 4 2
88 91 9 5
88 92 4 7
88 93 4 9
88 94 1 3
88 95 6 2
88 97 3 7
88 98 10 9
89 90 3 10
89 92 8 1
89 93 5 6
89 95 6 4
89 96 8 10
89 97 3 9
89 98 7 3
89 99 5 5
89 100 9 9
90 91 6 5
90 92 7 4
90 93 7 1
90 94 6 1
90 95 4 9
90 96 8 6
90 97 4 8
90 98 3 2
90 99 7 6
90 100 1 4
91 92 7 10
91 93 7 6
91 94 3 3
91 95 3 2
91 96 4 4
91 99 9 10
91 100 9 10
92 94 8 9
92 95 6 1
92 96 10 8
92 97 2 9
92 98 10 3
92 99 5 5
92 100 10 2
93 94 9 5
93 95 2 3
93 96 4 8
93 97 10 8
93 98 7 8
93 99 5 4
93 100 1 10
94 95 10 5
94 96 1 1
94 97 9 3
94 98 10 5
94 99 2 7
94 100 1 1
95 96 2 9
95 97 8 3
95 98 1 2
96 99 7 1
96 100 8 8
97 98 9 3
97 99 1 9
97 100 3 7
98 99 3 10
98 100 4 10
1
1 2 3 4 5 6 7 8 9 10 11 12 13 14 15 16 17 18 19 20 21 22 23 24 25 26 27 28 29 30 31 32 33 34 35 36 37 38 39 40 41 42 43 44 45 46 47 48 49 50
