3934
1 2 10 2
1 3 8 6
1 4 7 9
1 5 2 2
1 6 6 3
1 7 5 10
1 8 3 10
1 9 2 10
1 10 6 10
1 11 5 4
1 12 3 7
1 13 6 10
1 14 2 7
1 16 5 1
1 17 2 5
1 18 7 1
1 19 5 8
1 20 6 10
1 21 4 9
1 22 8 10
1 23 4 2
1 26 4 8
1 27 8 2
1 30 6 5
1 31 1 1
1 34 3 9
1 35 8 6
1 36 4 5
1 37 3 10
1 38 5 2
1 41 3 5
1 42 4 3
1 43 4 5
1 45 2 1
1 46 10 1
1 48 5 10
1 50 7 9
1 51 3 10
1 53 7 2
1 55 1 4
1 56 9 5
1 60 1 9
1 61 8 1
1 62 9 2
1 63 10 9
1 64 5 1
1 65 7 10
1 68 8 2
1 69 2 5
1 70 10 8
1 71 3 6
1 73 2 7
1 74 5 6
1 75 2 10
1 76 7 5
1 77 2 8
1 79 5 6
1 80 9 1
1 81 9 4
1 82 4 7
1 83 3 6
1 84 2 1
1 85 9 7
1 86 2 2
1 87 8 5
1 88 10 5
1 90 9 6
1 92 5 8
1 93 7 5
1 94 4 1
1 98 2 9
1 99 2 8
1 100 9 7
2 3 1 9
2 4 3 6
2 5 1 9
2 6 3 2
2 8 7 9
2 9 3 4
2 10 1 9
2 12 8 9
2 13 2 8
2 14 10 6
2 15 10 1
2 17 9 3
2 18 8 6
2 19 5 10
2 20 1 10
2 22 8 8
2 23 10 8
2 24 9 8
2 25 10 10
2 26 7 6
2 27 9 8
2 28 10 4
2 29 1 3
2 30 6 5
2 31 5 3
2 32 6 1
2 33 9 7
2 36 8 3
2 37 5 7
2 38 6 2
2 39 8 8
2 40 1 10
2 41 7 10
2 42 1 9
2 44 3 1
2 47 3 1
2 49 3 10
2 50 7 7
2 52 5 5
2 53 1 9
2 54 10 2
2 55 8 6
2 56 1 4
2 58 7 3
2 59 3 1
2 61 3 9
2 62 5 1
2 63 8 8
2 64 6 7
2 65 5 1
2 66 1 4
2 67 8 1
2 68 1 6
2 70 10 3
2 72 5 1
2 73 3 6
2 74 8 9
2 75 3 10
2 76 6 5
2 77 2 5
2 78 3 6
2 79 6 1
2 81 9 7
2 82 10 3
2 83 10 9
2 84 4 9
2 85 5 2
2 87 4 9
2 89 10 9
2 92 4 1
2 93 4 2
2 95 6 8
2 97 2 4
2 98 10 5
2 99 1 8
2 100 9 7
3 7 8 4
3 9 3 1
3 10 2 4
3 13 2 2
3 14 8 9
3 16 4 1
3 17 4 4
3 19 6 3
3 20 10 7
3 21 8 7
3 22 10 4
3 23 1 7
3 24 1 2
3 25 2 8
3 26 8 5
3 28 5 1
3 30 10 1
3 31 9 9
3 32 8 3
3 33 2 10
3 34 8 6
3 35 4 8
3 36 10 4
3 37 1 5
3 38 3 2
3 39 8 7
3 41 8 7
3 44 4 7
3 45 3 4
3 47 9 10
3 48 7 2
3 50 5 1
3 51 2 4
3 52 9 7
3 53 5 7
3 54 2 3
3 55 6 5
3 57 7 3
3 59 4 4
3 61 9 2
3 62 4 2
3 63 1 7
3 64 1 10
3 66 5 5
3 67 7 8
3 71 6 4
3 72 2 1
3 73 9 1
3 74 6 10
3 75 2 4
3 76 10 7
3 77 5 7
3 78 9 7
3 79 8 1
3 81 6 7
3 83 2 1
3 84 2 10
3 85 1 1
3 86 1 5
3 87 6 9
3 88 9 4
3 89 8 1
3 90 1 9
3 91 8 4
3 92 6 6
3 93 7 9
3 94 3 5
3 95 7 7
3 96 2 10
3 98 1 7
3 99 1 4
3 100 3 6
4 5 10 1
4 6 7 10
4 7 10 1
4 8 7 3
4 10 3 2
4 11 9 8
4 13 10 10
4 14 7 1
4 15 6 9
4 16 1 9
4 17 8 6
4 18 1 5
4 19 3 3
4 20 9 10
4 21 3 9
4 22 6 6
4 23 1 1
4 24 9 1
4 27 4 1
4 30 9 1
4 31 8 2
4 34 10 9
4 35 3 9
4 36 10 7
4 37 7 8
4 38 1 5
4 39 8 3
4 40 1 2
4 41 7 9
4 42 10 2
4 44 6 8
4 46 7 9
4 47 2 10
4 48 6 8
4 49 7 3
4 52 3 4
4 53 1 1
4 54 7 2
4 55 5 2
4 56 1 10
4 57 9 7
4 58 9 1
4 60 6 1
4 61 5 1
4 64 4 3
4 65 5 10
4 66 10 6
4 67 6 3
4 68 8 7
4 69 9 8
4 70 9 4
4 73 7 4
4 74 8 7
4 75 4 1
4 77 9 7
4 78 2 4
4 79 10 5
4 80 10 3
4 82 5 7
4 83 6 5
4 84 10 9
4 85 1 7
4 86 8 5
4 87 5 3
4 88 9 2
4 89 3 1
4 90 7 4
4 91 10 4
4 92 9 10
4 93 3 5
4 94 6 3
4 95 2 3
4 96 3 6
4 97 6 3
4 98 7 7
4 100 6 10
5 6 10 7
5 7 10 5
5 8 10 2
5 9 6 6
5 10 10 5
5 11 6 5
5 12 8 8
5 13 2 4
5 14 2 1
5 15 4 9
5 16 3 5
5 17 3 9
5 18 3 3
5 19 10 6
5 20 9 1
5 22 6 4
5 23 5 8
5 24 2 1
5 25 6 10
5 27 9 2
5 28 6 4
5 29 4 4
5 31 7 2
5 32 10 7
5 33 9 7
5 34 10 2
5 36 3 2
5 37 2 4
5 39 1 1
5 40 6 8
5 41 10 4
5 42 2 5
5 44 3 4
5 45 2 9
5 46 7 5
5 48 4 2
5 50 8 4
5 51 7 3
5 52 3 7
5 53 7 7
5 56 8 8
5 57 2 1
5 58 6 9
5 59 3 5
5 60 6 3
5 61 1 5
5 62 2 2
5 63 10 8
5 65 1 10
5 66 3 9
5 67 8 1
5 68 1 7
5 70 1 8
5 71 7 8
5 72 1 7
5 73 10 10
5 74 4 8
5 75 8 2
5 76 6 3
5 77 1 8
5 78 3 2
5 79 6 7
5 80 3 5
5 81 9 4
5 82 5 1
5 83 10 10
5 84 10 2
5 86 9 2
5 87 8 9
5 88 8 5
5 89 4 3
5 90 5 4
5 91 8 8
5 92 2 2
5 93 4 1
5 94 5 8
5 95 4 8
5 98 4 1
5 100 4 5
6 8 2 6
6 10 10 9
6 11 3 10
6 12 9 3
6 13 9 8
6 14 4 7
6 15 6 8
6 16 6 1
6 17 6 8
6 18 4 1
6 19 6 7
6 20 8 10
6 21 6 6
6 22 5 7
6 23 10 8
6 24 2 9
6 27 2 9
6 29 9 4
6 30 5 6
6 32 9 1
6 33 7 2
6 34 6 1
6 35 1 1
6 36 6 9
6 37 2 3
6 38 10 2
6 39 3 1
6 40 9 6
6 41 1 9
6 43 8 1
6 44 6 2
6 46 7 3
6 47 6 1
6 48 7 10
6 49 4 4
6 50 3 8
6 51 8 4
6 52 9 7
6 53 8 10
6 54 6 4
6 56 4 5
6 57 5 9
6 60 1 4
6 62 8 1
6 63 9 6
6 64 9 10
6 66 7 9
6 68 3 8
6 69 10 1
6 70 4 5
6 72 3 6
6 73 1 8
6 75 6 3
6 77 7 1
6 78 10 8
6 79 9 5
6 80 4 2
6 82 4 2
6 83 2 1
6 84 9 5
6 86 3 2
6 87 9 8
6 88 6 1
6 89 2 1
6 91 9 5
6 92 4 4
6 94 10 6
6 95 10 8
6 96 9 8
6 97 1 3
6 98 7 2
6 99 3 1
6 100 10 9
7 8 7 8
7 10 8 9
7 11 3 8
7 12 5 5
7 13 8 6
7 14 6 1
7 15 10 8
7 16 2 8
7 17 1 5
7 18 1 6
7 19 5 6
7 20 10 3
7 21 1 4
7 22 4 4
7 23 10 1
7 24 7 4
7 26 10 6
7 27 10 1
7 28 10 10
7 34 1 7
7 35 3 1
7 36 9 10
7 37 10 2
7 38 2 5
7 41 6 10
7 42 8 1
7 43 2 4
7 44 10 1
7 45 4 6
7 47 6 5
7 49 6 4
7 50 8 10
7 51 10 10
7 52 5 3
7 53 8 9
7 54 8 1
7 56 9 9
7 57 3 9
7 59 3 8
7 60 1 3
7 61 9 10
7 62 8 7
7 64 5 7
7 65 9 7
7 66 4 2
7 68 8 6
7 69 4 4
7 70 10 5
7 71 6 10
7 72 7 8
7 73 7 6
7 74 10 1
7 75 4 4
7 76 6 8
7 78 3 9
7 79 4 8
7 81 10 1
7 82 5 2
7 83 10 4
7 84 6 9
7 85 3 8
7 86 2 10
7 88 6 8
7 89 8 5
7 90 2 1
7 91 1 1
7 93 8 5
7 94 3 6
7 95 10 10
7 96 1 7
7 97 1 1
7 98 10 6
7 99 3 5
7 100 7 10
8 9 7 7
8 10 6 2
8 12 9 4
8 13 9 9
8 15 9 9
8 17 10 10
8 18 8 1
8 19 1 1
8 20 8 7
8 21 10 9
8 22 5 3
8 23 6 1
8 24 6 5
8 25 2 8
8 26 6 7
8 27 5 2
8 28 9 1
8 30 6 9
8 32 4 6
8 33 8 7
8 34 7 8
8 36 2 1
8 37 7 9
8 38 4 1
8 39 7 4
8 40 10 10
8 41 1 1
8 42 7 1
8 43 6 10
8 44 5 5
8 45 10 6
8 46 7 6
8 47 9 8
8 48 3 5
8 49 7 1
8 50 9 8
8 51 8 3
8 52 5 8
8 54 8 4
8 55 4 8
8 56 4 7
8 57 7 8
8 58 2 9
8 59 8 8
8 60 2 10
8 63 8 2
8 64 3 6
8 65 1 10
8 66 6 7
8 67 5 3
8 68 10 1
8 70 9 9
8 71 9 10
8 73 3 1
8 74 4 8
8 77 3 5
8 78 8 3
8 79 3 3
8 80 3 2
8 81 10 1
8 82 2 8
8 85 8 5
8 86 2 3
8 88 5 4
8 89 1 1
8 91 2 10
8 92 1 10
8 93 2 9
8 94 4 3
8 95 2 7
8 96 10 2
8 97 5 3
8 98 1 5
8 100 1 10
9 10 10 4
9 12 8 6
9 13 10 1
9 14 8 6
9 15 4 4
9 16 4 6
9 17 9 8
9 19 7 4
9 20 9 2
9 21 3 2
9 22 5 3
9 23 9 9
9 24 6 6
9 25 1 1
9 26 3 6
9 27 9 6
9 28 7 5
9 29 5 9
9 30 8 2
9 32 3 1
9 33 2 1
9 34 8 3
9 35 4 6
9 36 10 8
9 37 2 3
9 38 4 10
9 39 7 6
9 41 10 9
9 43 3 9
9 44 6 10
9 45 4 1
9 46 4 3
9 47 7 8
9 48 7 2
9 49 3 4
9 50 5 2
9 51 10 6
9 52 7 1
9 53 3 8
9 54 4 5
9 56 9 2
9 57 10 7
9 59 10 4
9 60 9 5
9 61 10 9
9 63 5 5
9 64 5 6
9 66 4 5
9 67 4 7
9 68 7 1
9 69 1 1
9 70 9 2
9 71 1 8
9 72 5 9
9 75 6 10
9 77 2 6
9 78 5 3
9 79 6 9
9 81 10 6
9 82 9 8
9 83 2 1
9 84 3 10
9 85 6 1
9 86 7 1
9 87 3 2
9 88 7 10
9 89 10 10
9 90 6 6
9 94 3 5
9 96 2 8
9 97 3 1
9 98 7 1
9 99 4 5
9 100 6 8
10 11 8 5
10 13 5 7
10 15 8 2
10 16 3 1
10 17 8 8
10 18 1 9
10 20 9 1
10 21 10 4
10 22 9 5
10 24 3 8
10 25 4 5
10 26 5 4
10 28 2 4
10 29 4 5
10 30 4 7
10 31 3 4
10 32 9 6
10 33 7 6
10 34 4 5
10 35 4 1
10 37 7 9
10 38 4 3
10 39 5 7
10 40 7 4
10 41 5 4
10 42 6 5
10 43 7 7
10 44 5 10
10 45 8 10
10 47 9 3
10 48 6 9
10 49 2 6
10 50 9 6
10 51 4 3
10 54 8 9
10 55 8 5
10 58 1 9
10 59 8 10
10 60 7 7
10 62 10 9
10 64 3 5
10 65 9 4
10 66 2 8
10 67 1 3
10 68 1 6
10 69 4 3
10 70 8 3
10 71 4 10
10 72 6 3
10 73 10 3
10 74 4 6
10 77 4 10
10 78 1 2
10 79 10 5
10 80 7 7
10 82 3 7
10 84 4 1
10 88 4 1
10 89 5 6
10 90 10 7
10 91 4 8
10 93 3 2
10 94 2 2
10 95 2 9
10 97 2 2
10 98 3 5
10 100 3 10
11 12 5 5
11 13 10 7
11 15 3 4
11 16 7 10
11 17 6 3
11 20 10 3
11 21 4 8
11 22 5 2
11 23 8 3
11 24 8 8
11 26 4 2
11 27 2 5
11 28 3 10
11 29 8 1
11 30 3 4
11 31 7 4
11 32 2 5
11 35 3 8
11 36 7 6
11 37 10 9
11 40 1 9
11 41 4 3
11 43 2 5
11 45 9 2
11 47 2 3
11 48 2 7
11 49 5 10
11 51 8 10
11 52 9 8
11 54 10 4
11 55 1 10
11 57 5 10
11 58 10 6
11 59 10 10
11 60 5 2
11 61 4 7
11 62 5 10
11 64 9 8
11 65 5 5
11 66 4 1
11 67 2 7
11 68 4 10
11 69 6 7
11 70 2 9
11 71 9 5
11 72 8 2
11 73 1 3
11 74 5 7
11 76 2 10
11 79 4 4
11 81 9 3
11 83 5 7
11 85 1 2
11 86 9 4
11 87 8 9
11 89 2 6
11 90 6 1
11 91 4 9
11 92 4 6
11 94 1 7
11 95 5 9
11 96 3 10
11 97 7 3
11 98 10 9
11 100 2 1
12 14 7 7
12 15 7 6
12 16 7 5
12 17 7 9
12 18 6 8
12 19 2 4
12 20 10 10
12 21 9 6
12 22 4 5
12 23 5 1
12 25 3 10
12 26 6 3
12 27 9 5
12 28 9 4
12 29 9 2
12 31 8 6
12 32 9 9
12 33 4 4
12 34 9 9
12 35 6 2
12 37 9 5
12 39 10 9
12 40 10 8
12 41 2 7
12 42 10 4
12 43 1 7
12 44 9 8
12 45 8 2
12 46 3 2
12 47 8 8
12 50 6 4
12 51 3 9
12 52 5 3
12 53 3 8
12 54 10 4
12 55 2 3
12 56 8 6
12 57 7 9
12 58 10 10
12 59 3 3
12 61 2 2
12 62 6 8
12 63 6 10
12 64 6 8
12 66 6 10
12 67 6 7
12 68 9 1
12 69 6 7
12 70 2 9
12 71 4 4
12 73 2 1
12 74 4 4
12 75 3 1
12 76 5 4
12 78 7 10
12 81 10 6
12 82 5 9
12 83 10 7
12 84 9 6
12 85 4 6
12 86 4 9
12 87 9 2
12 88 4 6
12 89 8 1
12 90 5 3
12 91 3 1
12 92 1 7
12 94 6 4
12 95 1 2
12 96 10 6
12 97 1 1
12 98 7 6
12 99 10 7
13 14 8 9
13 15 9 5
13 18 9 2
13 19 6 7
13 20 10 4
13 21 10 5
13 23 10 7
13 24 7 4
13 25 2 7
13 26 10 9
13 27 4 7
13 28 5 6
13 29 10 5
13 30 2 3
13 31 3 6
13 34 6 4
13 35 6 5
13 36 5 4
13 37 2 3
13 38 8 1
13 39 4 2
13 40 1 5
13 41 5 8
13 42 5 1
13 43 10 7
13 44 1 2
13 45 2 4
13 46 8 7
13 49 4 4
13 50 6 6
13 51 2 5
13 52 8 2
13 53 3 3
13 54 10 7
13 56 8 1
13 58 7 10
13 59 7 7
13 60 3 5
13 61 10 4
13 62 5 1
13 63 7 7
13 65 1 4
13 66 4 5
13 67 8 3
13 69 7 3
13 71 9 7
13 72 4 8
13 73 10 9
13 74 4 9
13 75 4 7
13 77 9 8
13 79 10 10
13 82 5 9
13 83 9 2
13 84 5 4
13 85 9 2
13 86 8 8
13 87 2 6
13 88 8 1
13 89 2 10
13 90 3 2
13 91 7 3
13 92 3 7
13 93 9 9
13 95 1 7
13 96 2 2
13 98 1 2
13 99 4 5
13 100 8 2
14 15 1 2
14 17 3 1
14 18 6 3
14 19 6 6
14 20 2 3
14 21 2 7
14 22 4 8
14 23 10 10
14 24 2 6
14 25 3 3
14 26 1 5
14 27 1 4
14 28 1 1
14 29 10 4
14 30 4 3
14 33 2 9
14 34 7 5
14 35 5 2
14 36 5 9
14 37 10 1
14 39 6 7
14 41 7 6
14 42 9 4
14 43 2 1
14 44 7 8
14 46 1 7
14 47 4 2
14 48 6 8
14 49 4 5
14 50 4 7
14 51 8 1
14 53 9 3
14 54 5 4
14 55 1 3
14 59 6 8
14 60 8 1
14 62 4 1
14 64 4 3
14 65 9 3
14 66 4 2
14 67 5 6
14 68 7 1
14 69 2 8
14 70 7 6
14 71 6 8
14 72 6 5
14 73 3 1
14 74 4 1
14 75 1 4
14 76 3 4
14 77 4 5
14 78 9 5
14 79 3 2
14 80 8 4
14 81 1 9
14 83 6 1
14 84 9 6
14 85 4 1
14 86 10 3
14 87 9 7
14 88 7 7
14 89 3 9
14 90 6 7
14 91 1 8
14 92 5 7
14 93 9 1
14 95 3 9
14 96 10 8
14 97 2 7
14 98 7 7
14 99 7 4
14 100 4 5
15 16 6 8
15 17 4 9
15 18 3 4
15 19 2 10
15 21 3 7
15 22 5 5
15 24 6 9
15 25 6 2
15 26 5 1
15 27 9 1
15 28 9 4
15 29 7 9
15 30 9 3
15 31 7 10
15 32 6 6
15 33 5 1
15 34 1 10
15 35 6 4
15 36 2 9
15 37 4 2
15 38 3 1
15 40 5 4
15 41 9 4
15 42 10 8
15 43 8 2
15 44 8 2
15 48 5 2
15 49 9 9
15 50 7 9
15 51 10 1
15 52 6 5
15 53 7 1
15 54 5 9
15 55 3 3
15 56 10 4
15 57 4 3
15 59 3 9
15 62 6 5
15 63 1 3
15 64 10 4
15 65 4 9
15 67 2 4
15 68 9 3
15 70 9 1
15 71 5 2
15 72 4 5
15 73 7 9
15 75 7 6
15 76 10 4
15 77 9 10
15 79 6 2
15 80 3 2
15 83 10 1
15 84 5 4
15 85 4 7
15 88 9 4
15 89 1 1
15 90 9 3
15 91 1 1
15 92 6 10
15 93 4 5
15 95 8 8
15 96 5 4
15 98 7 7
15 99 9 6
16 17 10 9
16 19 1 8
16 21 10 2
16 22 5 4
16 24 1 7
16 25 2 7
16 26 6 1
16 28 5 8
16 29 7 10
16 30 5 8
16 31 6 1
16 32 2 6
16 33 8 1
16 34 5 7
16 35 5 6
16 36 5 4
16 37 3 10
16 38 1 2
16 39 5 9
16 40 9 10
16 41 4 7
16 43 7 9
16 44 6 9
16 45 4 3
16 46 6 10
16 47 9 7
16 48 8 2
16 50 5 9
16 51 7 3
16 52 2 7
16 53 2 5
16 54 10 3
16 55 2 8
16 56 4 7
16 58 7 4
16 59 8 9
16 61 7 5
16 63 10 1
16 64 9 7
16 65 1 2
16 66 4 10
16 67 6 6
16 68 3 7
16 69 3 10
16 70 4 3
16 71 1 1
16 72 8 1
16 73 9 3
16 74 5 6
16 76 8 5
16 77 1 3
16 78 1 8
16 79 3 8
16 80 7 7
16 81 5 4
16 82 2 8
16 85 1 5
16 87 2 5
16 88 3 2
16 89 1 4
16 90 4 3
16 91 2 8
16 93 7 9
16 94 9 1
16 95 10 8
16 96 2 5
16 97 7 10
16 98 1 4
16 99 5 8
16 100 2 1
17 18 4 5
17 19 1 2
17 20 10 3
17 21 3 8
17 22 7 10
17 23 4 10
17 24 8 2
17 25 1 2
17 26 8 4
17 27 9 9
17 28 3 8
17 29 1 2
17 31 8 5
17 32 10 9
17 33 8 5
17 34 3 2
17 35 10 2
17 36 2 9
17 37 9 5
17 38 8 5
17 39 5 4
17 40 8 3
17 41 3 8
17 42 9 8
17 43 8 1
17 44 10 9
17 45 1 6
17 46 5 10
17 47 2 4
17 48 9 10
17 49 3 8
17 50 7 8
17 51 10 3
17 52 10 4
17 53 7 2
17 54 6 9
17 55 2 10
17 56 9 6
17 57 5 2
17 59 1 8
17 60 3 4
17 61 9 8
17 62 7 4
17 64 6 3
17 65 1 7
17 66 4 6
17 68 10 6
17 69 3 6
17 70 8 7
17 71 8 4
17 72 6 9
17 73 10 10
17 74 2 1
17 76 9 4
17 77 3 3
17 79 3 7
17 80 5 1
17 82 10 7
17 83 1 3
17 84 3 3
17 85 6 9
17 87 8 10
17 89 4 7
17 90 9 2
17 91 7 10
17 92 5 5
17 93 8 1
17 94 1 3
17 97 2 8
17 98 9 5
17 99 5 7
17 100 1 5
18 19 6 3
18 20 10 2
18 22 2 1
18 23 5 1
18 24 10 8
18 26 2 5
18 27 10 8
18 28 5 3
18 29 2 1
18 30 3 7
18 32 7 4
18 33 7 1
18 34 2 6
18 35 9 8
18 36 5 5
18 40 9 10
18 42 6 9
18 44 9 10
18 45 10 5
18 46 10 1
18 47 6 3
18 51 9 6
18 52 2 10
18 53 1 2
18 54 1 1
18 55 3 9
18 56 8 7
18 57 1 10
18 58 1 6
18 60 7 2
18 61 10 7
18 62 7 7
18 63 7 5
18 64 6 7
18 66 2 5
18 68 7 3
18 69 10 7
18 70 1 8
18 71 3 9
18 72 7 9
18 73 10 4
18 74 9 4
18 75 6 1
18 76 1 7
18 77 9 3
18 78 6 6
18 79 8 9
18 80 10 3
18 81 1 5
18 83 3 7
18 84 1 4
18 85 8 5
18 87 8 10
18 89 1 10
18 90 5 9
18 91 9 5
18 92 9 4
18 93 7 2
18 94 8 6
18 95 4 10
18 96 5 9
18 97 1 8
18 98 3 3
18 99 5 8
19 21 2 8
19 22 10 4
19 23 2 2
19 24 9 6
19 25 5 6
19 26 4 4
19 27 1 6
19 28 4 10
19 29 2 3
19 30 1 8
19 32 5 8
19 34 7 10
19 37 9 7
19 38 8 8
19 39 10 1
19 42 5 8
19 43 4 1
19 44 6 5
19 45 10 9
19 46 9 6
19 47 6 10
19 48 3 7
19 49 6 5
19 50 7 7
19 51 5 7
19 52 3 5
19 53 3 4
19 54 9 10
19 55 2 6
19 57 5 4
19 58 6 5
19 59 4 6
19 60 2 5
19 61 5 4
19 62 4 4
19 63 5 8
19 64 8 4
19 66 10 6
19 67 6 1
19 68 9 5
19 69 4 2
19 71 1 7
19 72 8 10
19 73 6 4
19 75 2 6
19 77 3 1
19 78 10 3
19 79 1 8
19 80 3 3
19 81 9 5
19 82 2 2
19 83 9 10
19 84 7 6
19 85 2 5
19 86 8 9
19 87 7 10
19 88 1 10
19 89 10 4
19 90 7 3
19 92 9 4
19 93 8 1
19 94 8 9
19 95 1 3
19 96 8 4
19 97 8 10
19 98 9 1
19 99 6 1
19 100 2 10
20 21 2 3
20 22 5 5
20 23 9 5
20 25 2 7
20 26 3 9
20 27 9 10
20 28 5 3
20 29 6 10
20 30 9 6
20 31 9 9
20 32 1 3
20 33 7 9
20 35 3 10
20 36 9 10
20 38 3 5
20 39 5 5
20 40 7 4
20 41 2 8
20 42 4 3
20 44 5 9
20 45 6 4
20 46 8 7
20 48 5 10
20 50 9 1
20 51 7 10
20 52 6 5
20 54 7 8
20 57 9 8
20 58 5 8
20 60 6 5
20 61 7 1
20 62 8 3
20 64 5 9
20 66 4 4
20 68 2 3
20 70 2 8
20 72 7 10
20 73 2 9
20 74 5 1
20 76 4 8
20 78 9 4
20 80 6 9
20 81 5 7
20 82 7 9
20 84 8 1
20 85 4 7
20 86 2 2
20 87 2 2
20 88 10 3
20 89 3 6
20 91 5 2
20 92 4 6
20 93 8 3
20 94 9 7
20 95 10 9
20 96 9 6
20 97 8 4
20 98 8 4
20 100 6 8
21 22 7 7
21 23 8 8
21 24 2 2
21 25 8 4
21 26 2 1
21 27 3 9
21 28 2 1
21 29 9 3
21 30 8 6
21 31 10 7
21 32 3 10
21 33 2 10
21 34 7 8
21 35 7 5
21 36 8 8
21 37 2 10
21 41 7 6
21 42 2 7
21 43 5 2
21 44 10 5
21 45 6 1
21 47 3 10
21 48 7 1
21 49 10 6
21 50 3 1
21 51 4 9
21 52 5 3
21 54 7 8
21 56 10 9
21 57 6 8
21 58 4 2
21 59 7 9
21 60 6 4
21 61 5 6
21 64 7 7
21 65 8 10
21 66 5 7
21 67 10 5
21 68 6 1
21 69 5 2
21 70 7 3
21 71 6 5
21 72 3 6
21 74 8 7
21 75 6 8
21 76 4 6
21 77 3 2
21 78 4 8
21 79 4 3
21 80 4 10
21 81 10 3
21 82 3 8
21 83 3 1
21 84 3 10
21 85 7 4
21 86 1 1
21 88 7 4
21 91 1 9
21 92 2 8
21 93 7 5
21 94 10 9
21 95 7 4
21 96 1 10
21 97 1 1
21 98 3 2
21 99 4 9
21 100 9 7
22 23 3 1
22 24 3 9
22 26 2 7
22 27 9 7
22 28 5 9
22 29 2 10
22 30 10 8
22 31 7 8
22 32 4 5
22 34 5 10
22 35 6 10
22 36 2 9
22 37 8 9
22 38 10 3
22 39 3 10
22 40 5 8
22 41 9 2
22 42 1 10
22 43 3 3
22 44 8 10
22 45 1 2
22 47 6 3
22 48 5 8
22 50 4 6
22 51 5 4
22 52 2 7
22 53 5 8
22 54 10 4
22 57 1 5
22 58 2 9
22 59 9 2
22 60 5 6
22 61 7 1
22 62 6 7
22 65 5 7
22 66 8 9
22 67 3 1
22 68 9 4
22 69 7 6
22 70 6 4
22 72 3 4
22 73 1 8
22 74 7 4
22 75 4 8
22 76 5 4
22 78 8 1
22 79 6 8
22 80 3 8
22 81 2 5
22 82 3 4
22 83 6 6
22 85 1 1
22 86 3 9
22 87 3 7
22 88 8 7
22 89 3 1
22 90 10 1
22 91 2 5
22 92 5 4
22 93 4 5
22 95 2 2
22 96 10 6
22 97 3 5
22 98 6 6
22 99 5 4
23 24 3 7
23 25 8 6
23 27 6 10
23 29 7 2
23 30 10 3
23 31 10 9
23 32 9 1
23 33 8 1
23 34 8 6
23 35 1 2
23 40 6 6
23 41 9 6
23 42 7 4
23 43 2 3
23 44 4 6
23 45 4 8
23 46 4 7
23 47 10 8
23 49 8 9
23 50 7 7
23 51 5 3
23 52 5 3
23 53 9 3
23 54 5 8
23 56 9 9
23 57 10 6
23 58 4 8
23 59 8 2
23 60 5 4
23 61 10 6
23 63 9 4
23 65 8 9
23 66 7 7
23 67 1 7
23 68 7 6
23 69 1 10
23 70 2 1
23 71 7 5
23 73 5 3
23 74 2 8
23 75 3 8
23 77 9 5
23 80 10 9
23 81 8 8
23 83 7 5
23 85 9 6
23 88 3 6
23 90 8 4
23 91 10 3
23 92 8 2
23 93 1 10
23 94 10 3
23 95 6 4
23 96 6 10
23 97 7 10
23 98 8 7
23 99 3 5
23 100 3 5
24 25 6 10
24 26 9 5
24 28 5 2
24 29 4 9
24 30 8 7
24 32 6 8
24 34 2 10
24 35 8 7
24 36 1 6
24 37 10 2
24 39 10 3
24 40 3 1
24 41 3 5
24 43 5 6
24 44 2 9
24 45 10 9
24 46 4 8
24 47 7 1
24 48 7 3
24 49 4 7
24 52 1 5
24 53 8 5
24 54 5 7
24 56 4 8
24 57 7 4
24 58 6 10
24 59 1 2
24 60 5 1
24 61 8 3
24 62 10 8
24 63 1 10
24 65 1 9
24 66 7 10
24 69 8 6
24 70 5 2
24 71 5 5
24 72 9 6
24 73 6 8
24 74 6 5
24 75 5 3
24 76 6 1
24 77 5 1
24 78 2 7
24 79 2 7
24 80 5 1
24 82 5 9
24 83 10 2
24 84 9 9
24 85 9 2
24 86 5 7
24 88 3 8
24 90 3 4
24 91 1 8
24 94 1 9
24 95 10 2
24 96 7 8
24 97 2 9
24 98 9 6
24 99 3 7
24 100 7 3
25 26 3 3
25 27 2 6
25 30 3 3
25 32 6 1
25 33 2 2
25 35 3 3
25 36 2 7
25 38 8 4
25 41 3 1
25 42 7 3
25 43 10 5
25 46 2 4
25 47 4 10
25 48 7 2
25 49 2 6
25 50 5 8
25 51 4 9
25 53 2 5
25 54 1 7
25 55 1 7
25 58 3 5
25 59 7 8
25 61 9 5
25 62 10 6
25 63 2 2
25 64 9 1
25 65 6 5
25 66 7 9
25 67 8 7
25 68 9 2
25 69 1 8
25 70 5 6
25 71 8 2
25 74 5 10
25 75 10 6
25 77 10 3
25 79 4 1
25 80 9 3
25 81 9 9
25 82 9 7
25 83 10 4
25 84 3 9
25 85 10 9
25 86 9 5
25 87 1 9
25 88 8 6
25 89 3 5
25 90 1 7
25 92 3 1
25 93 6 10
25 94 9 2
25 95 2 6
25 96 3 9
25 97 1 9
25 98 10 3
25 99 9 2
25 100 10 6
26 27 5 4
26 28 4 5
26 29 10 9
26 30 8 6
26 31 6 5
26 32 6 1
26 34 2 6
26 35 7 8
26 36 1 2
26 38 7 2
26 39 9 8
26 40 5 3
26 42 10 6
26 43 7 3
26 44 10 1
26 45 10 8
26 49 1 10
26 51 4 3
26 52 2 6
26 53 7 8
26 54 10 6
26 55 3 1
26 56 7 8
26 57 5 8
26 59 8 2
26 60 9 2
26 61 10 5
26 62 8 10
26 63 10 4
26 64 1 8
26 66 2 10
26 70 10 3
26 71 4 5
26 72 4 5
26 73 4 9
26 74 10 1
26 75 8 8
26 77 4 4
26 78 2 7
26 79 1 4
26 80 1 1
26 81 3 6
26 83 5 7
26 84 1 8
26 85 1 5
26 86 3 5
26 87 3 5
26 89 2 4
26 90 6 4
26 91 4 10
26 93 3 5
26 94 2 6
26 95 10 9
26 96 2 2
26 97 6 5
26 98 5 9
26 100 1 7
27 28 4 3
27 29 4 8
27 30 1 6
27 31 10 9
27 32 3 5
27 33 3 7
27 35 10 3
27 36 4 8
27 37 6 2
27 38 10 7
27 39 4 10
27 40 3 4
27 41 7 10
27 42 7 6
27 43 2 4
27 44 7 9
27 45 3 9
27 46 1 4
27 47 7 8
27 48 5 3
27 49 9 5
27 50 4 2
27 51 4 1
27 52 6 3
27 53 3 10
27 54 1 9
27 55 2 6
27 57 6 1
27 58 2 2
27 59 6 8
27 62 8 10
27 63 10 8
27 64 6 8
27 66 1 8
27 67 10 8
27 68 2 1
27 69 3 1
27 71 9 2
27 72 9 7
27 73 6 7
27 74 8 3
27 75 1 9
27 76 6 10
27 77 6 2
27 78 5 4
27 79 3 6
27 80 7 1
27 81 7 4
27 82 8 5
27 83 8 6
27 84 7 1
27 86 8 7
27 87 5 7
27 89 2 10
27 90 9 4
27 91 2 2
27 93 10 8
27 95 4 9
27 97 7 10
27 98 7 8
27 100 3 1
28 29 4 5
28 30 10 2
28 31 6 3
28 32 5 1
28 34 6 9
28 35 2 4
28 36 8 10
28 38 8 1
28 40 7 3
28 41 1 6
28 42 3 2
28 43 2 6
28 45 4 3
28 46 9 2
28 48 2 9
28 49 4 9
28 52 10 9
28 53 9 3
28 55 10 8
28 57 2 1
28 58 4 1
28 59 1 10
28 60 5 10
28 61 4 8
28 63 2 4
28 64 8 1
28 65 3 4
28 66 2 4
28 68 5 7
28 69 7 3
28 70 6 6
28 71 7 1
28 72 10 6
28 74 10 1
28 76 5 7
28 77 10 5
28 78 2 10
28 80 9 2
28 81 2 1
28 84 6 7
28 85 10 6
28 86 10 9
28 88 9 10
28 90 7 8
28 92 8 3
28 93 10 8
28 94 9 6
28 95 10 9
28 96 1 2
28 98 7 2
28 99 9 2
28 100 8 2
29 30 1 4
29 31 9 9
29 32 8 1
29 33 4 2
29 36 2 10
29 37 10 4
29 38 9 4
29 39 3 2
29 40 9 3
29 41 5 3
29 42 8 4
29 43 4 10
29 44 7 5
29 45 7 5
29 46 2 10
29 47 7 9
29 48 7 1
29 50 2 6
29 51 8 7
29 52 8 4
29 53 3 7
29 54 10 6
29 55 6 5
29 59 1 7
29 60 6 10
29 61 5 1
29 62 10 4
29 63 9 8
29 64 1 3
29 65 2 6
29 66 2 6
29 68 10 1
29 70 6 1
29 72 4 9
29 74 4 3
29 75 4 6
29 77 2 2
29 78 3 8
29 79 3 5
29 81 4 6
29 82 3 6
29 83 7 3
29 87 2 6
29 88 10 9
29 89 3 6
29 92 2 8
29 93 7 2
29 94 6 7
29 96 8 4
29 97 6 2
29 98 2 6
29 100 3 8
30 31 3 1
30 32 5 7
30 33 3 3
30 35 5 4
30 36 6 9
30 37 4 2
30 39 3 8
30 40 5 8
30 42 3 5
30 44 4 2
30 45 2 3
30 46 7 9
30 47 7 9
30 48 9 5
30 49 6 7
30 53 8 7
30 54 7 4
30 55 9 2
30 56 5 9
30 57 6 5
30 58 7 1
30 59 3 9
30 60 3 5
30 61 2 3
30 63 1 5
30 64 10 6
30 65 10 8
30 66 8 4
30 67 8 5
30 68 6 10
30 69 10 6
30 70 1 4
30 71 4 9
30 72 1 1
30 73 5 4
30 74 5 3
30 75 8 6
30 76 4 2
30 77 7 6
30 78 9 4
30 79 5 6
30 80 10 1
30 81 5 2
30 82 1 1
30 83 7 6
30 84 8 9
30 87 9 6
30 88 1 6
30 89 5 5
30 91 8 6
30 92 5 7
30 94 3 5
30 95 5 1
30 96 4 6
30 97 5 9
30 98 3 6
30 99 3 7
30 100 6 4
31 33 6 10
31 34 4 9
31 35 5 1
31 36 2 9
31 37 5 8
31 38 10 10
31 39 6 6
31 40 1 9
31 41 9 2
31 42 6 10
31 43 5 2
31 45 6 1
31 46 6 6
31 47 7 1
31 48 4 2
31 49 4 6
31 50 1 4
31 51 3 7
31 52 6 4
31 53 8 7
31 56 6 3
31 57 9 1
31 58 4 6
31 59 1 3
31 60 10 4
31 61 2 4
31 62 8 6
31 63 7 9
31 64 8 3
31 65 7 4
31 67 7 6
31 68 6 1
31 69 5 2
31 72 9 8
31 74 5 3
31 76 1 2
31 77 6 6
31 79 9 9
31 80 7 2
31 81 2 8
31 82 3 6
31 85 9 9
31 86 4 9
31 87 3 5
31 88 4 10
31 89 6 3
31 90 4 6
31 91 9 9
31 92 4 9
31 93 4 10
31 94 6 6
31 95 9 7
31 96 8 7
31 98 8 7
31 99 1 8
31 100 5 7
32 34 2 3
32 35 3 6
32 36 2 9
32 37 3 4
32 38 4 9
32 40 9 8
32 41 2 10
32 42 7 5
32 43 10 2
32 44 3 5
32 46 7 9
32 48 6 5
32 49 2 4
32 50 6 10
32 51 10 7
32 53 1 2
32 54 1 2
32 56 2 7
32 57 2 8
32 58 1 1
32 59 2 9
32 61 6 6
32 63 5 4
32 64 4 7
32 65 7 1
32 66 10 3
32 67 5 8
32 68 6 1
32 70 10 4
32 71 8 3
32 72 10 7
32 73 10 8
32 74 4 1
32 75 3 2
32 77 4 2
32 78 5 7
32 79 8 3
32 81 3 5
32 83 8 10
32 84 6 1
32 85 4 10
32 86 8 7
32 87 8 4
32 89 8 2
32 90 6 1
32 91 5 8
32 93 7 3
32 94 10 6
32 95 5 9
32 98 7 6
32 99 6 1
32 100 9 10
33 34 10 5
33 35 4 4
33 37 3 9
33 38 1 3
33 39 1 6
33 41 5 9
33 42 10 1
33 43 8 4
33 44 4 3
33 45 4 4
33 47 4 8
33 48 10 5
33 49 4 7
33 50 6 2
33 52 5 8
33 53 7 1
33 54 6 6
33 55 8 10
33 56 7 7
33 57 6 5
33 58 3 5
33 59 5 7
33 60 2 6
33 61 4 5
33 62 2 7
33 63 2 4
33 64 4 8
33 65 8 9
33 66 6 6
33 67 9 5
33 68 3 9
33 69 8 9
33 71 7 7
33 72 2 9
33 73 8 9
33 75 4 6
33 76 6 10
33 77 10 10
33 78 5 9
33 79 10 8
33 80 10 5
33 81 8 9
33 83 1 7
33 84 10 1
33 85 1 9
33 86 1 6
33 88 3 3
33 89 5 5
33 90 10 5
33 91 8 9
33 92 3 2
33 94 3 7
33 95 3 8
33 96 4 1
33 97 4 7
33 98 6 5
33 99 5 2
33 100 9 3
34 35 6 10
34 36 8 8
34 37 7 3
34 41 2 6
34 42 9 4
34 43 5 4
34 44 3 2
34 45 6 10
34 46 4 5
34 47 8 5
34 48 9 10
34 50 2 6
34 53 10 9
34 54 10 9
34 55 3 6
34 57 7 5
34 58 10 7
34 59 9 9
34 61 4 8
34 62 1 8
34 63 5 10
34 64 9 5
34 67 5 9
34 69 8 2
34 70 6 1
34 72 8 9
34 73 7 9
34 74 4 2
34 75 8 10
34 76 8 3
34 77 5 7
34 78 5 4
34 79 7 9
34 81 4 9
34 83 6 2
34 84 1 8
34 87 10 6
34 88 3 3
34 89 4 6
34 90 2 3
34 91 8 2
34 92 8 10
34 93 1 7
34 94 10 8
34 98 10 5
34 99 6 1
34 100 4 1
35 36 7 8
35 37 7 5
35 38 7 10
35 39 6 5
35 43 4 5
35 45 3 7
35 48 8 8
35 49 6 5
35 50 4 7
35 51 1 3
35 52 7 5
35 53 9 7
35 54 5 6
35 55 7 4
35 56 10 6
35 57 7 4
35 58 9 6
35 59 7 5
35 60 1 5
35 61 8 7
35 62 10 9
35 64 7 6
35 65 10 9
35 66 2 4
35 67 8 1
35 68 2 4
35 69 9 5
35 70 3 1
35 71 7 2
35 72 3 3
35 74 1 9
35 75 3 2
35 76 6 8
35 77 2 4
35 79 2 7
35 80 3 7
35 82 2 5
35 83 10 10
35 84 7 7
35 85 3 3
35 86 9 4
35 87 1 10
35 90 1 5
35 91 10 1
35 92 9 9
35 93 3 10
35 96 4 1
35 97 10 7
35 98 7 1
35 99 8 6
35 100 4 9
36 37 9 10
36 38 1 7
36 39 4 8
36 40 1 9
36 41 7 5
36 42 6 2
36 43 9 4
36 44 10 10
36 46 5 10
36 47 5 9
36 48 1 3
36 50 4 5
36 51 2 8
36 53 1 2
36 54 3 6
36 56 5 6
36 57 2 1
36 59 6 4
36 60 10 10
36 61 4 2
36 62 9 5
36 63 9 9
36 64 8 2
36 65 8 1
36 68 10 8
36 69 1 6
36 70 7 5
36 71 9 10
36 72 7 7
36 73 6 2
36 74 6 5
36 75 10 7
36 76 4 1
36 78 9 2
36 80 9 3
36 81 2 7
36 82 3 8
36 83 1 9
36 84 7 5
36 86 8 4
36 87 2 4
36 89 2 4
36 90 3 1
36 91 4 3
36 92 7 10
36 93 2 10
36 95 3 9
36 96 6 2
36 98 1 8
36 99 3 3
36 100 2 10
37 39 10 7
37 41 9 2
37 42 2 10
37 43 7 1
37 44 3 6
37 46 9 8
37 47 4 9
37 48 4 8
37 49 2 2
37 50 5 5
37 52 8 5
37 53 5 2
37 54 2 4
37 55 6 3
37 57 5 2
37 58 2 5
37 59 3 10
37 60 5 3
37 62 7 3
37 63 1 1
37 65 4 9
37 66 9 4
37 67 8 1
37 68 3 1
37 69 8 2
37 71 5 9
37 73 1 6
37 75 3 8
37 76 8 6
37 77 9 4
37 78 10 9
37 79 4 8
37 80 10 6
37 81 1 10
37 83 6 5
37 85 1 1
37 87 5 4
37 88 4 4
37 89 3 1
37 90 5 7
37 92 7 10
37 93 6 10
37 94 2 1
37 95 9 6
37 98 9 1
37 99 5 1
38 40 9 7
38 41 1 4
38 42 9 8
38 44 2 7
38 45 1 5
38 46 6 5
38 47 3 10
38 48 5 8
38 49 3 2
38 50 5 2
38 51 1 10
38 52 9 8
38 53 6 5
38 54 5 3
38 55 7 3
38 56 9 7
38 57 4 8
38 58 1 9
38 59 2 5
38 60 3 3
38 61 1 6
38 62 2 2
38 64 1 9
38 65 2 3
38 67 6 8
38 68 8 9
38 69 8 8
38 70 7 1
38 71 2 10
38 72 10 5
38 73 5 10
38 74 1 9
38 75 10 3
38 76 2 6
38 77 9 8
38 78 9 9
38 81 5 1
38 83 3 8
38 84 6 2
38 87 8 1
38 91 9 6
38 92 5 5
38 93 8 8
38 94 3 6
38 95 10 3
38 96 10 5
38 97 9 10
38 98 4 10
38 99 2 5
38 100 2 2
39 40 8 8
39 42 9 8
39 43 8 10
39 44 7 8
39 45 4 2
39 46 8 2
39 48 9 10
39 49 8 7
39 51 2 4
39 52 10 6
39 53 1 6
39 54 5 4
39 55 5 1
39 56 7 4
39 57 1 6
39 58 6 6
39 60 2 9
39 62 6 4
39 63 4 6
39 64 4 6
39 65 7 8
39 66 1 7
39 67 1 10
39 69 1 7
39 70 1 10
39 71 8 9
39 72 6 9
39 73 8 1
39 74 9 8
39 75 2 8
39 76 10 3
39 77 10 10
39 78 4 9
39 80 10 2
39 81 8 6
39 82 5 3
39 83 3 10
39 84 10 10
39 85 6 5
39 86 2 2
39 87 7 6
39 88 8 8
39 90 5 10
39 91 8 4
39 92 5 4
39 93 6 2
39 94 3 8
39 95 6 4
39 96 6 8
39 97 3 7
39 99 9 6
39 100 2 6
40 41 7 3
40 43 10 8
40 44 2 2
40 45 5 7
40 46 5 3
40 49 4 2
40 50 7 6
40 51 5 2
40 52 4 4
40 54 9 10
40 55 8 6
40 57 7 5
40 58 3 3
40 59 6 4
40 60 5 3
40 62 2 7
40 63 8 5
40 64 10 4
40 65 8 9
40 66 4 3
40 67 4 2
40 68 2 4
40 69 7 4
40 70 2 4
40 71 2 1
40 72 9 2
40 73 7 9
40 74 7 4
40 76 5 4
40 78 9 7
40 79 6 10
40 80 3 7
40 81 8 10
40 82 1 8
40 83 9 7
40 85 2 6
40 86 9 5
40 88 1 10
40 89 2 10
40 90 4 9
40 91 9 4
40 93 4 8
40 94 4 5
40 95 7 3
40 96 8 3
40 97 3 1
40 98 6 5
40 100 3 8
41 42 1 4
41 44 3 10
41 45 2 6
41 47 6 8
41 48 10 1
41 49 8 9
41 50 3 5
41 51 1 9
41 52 9 2
41 53 8 8
41 54 10 7
41 55 2 6
41 56 3 9
41 57 6 1
41 58 9 10
41 59 5 6
41 61 7 3
41 62 9 2
41 63 6 7
41 64 10 9
41 65 7 5
41 66 4 4
41 67 10 10
41 68 8 1
41 69 6 1
41 70 3 2
41 71 5 1
41 72 9 6
41 73 9 9
41 74 2 10
41 75 9 2
41 76 1 3
41 77 10 3
41 78 10 3
41 79 5 1
41 80 7 5
41 81 5 7
41 82 10 7
41 83 2 6
41 84 4 9
41 85 9 2
41 86 9 2
41 87 3 3
41 88 10 6
41 89 8 7
41 90 5 3
41 91 4 7
41 92 5 3
41 93 8 2
41 94 6 4
41 98 9 2
41 99 6 9
41 100 2 10
42 43 10 3
42 44 10 6
42 46 9 3
42 48 7 7
42 52 2 9
42 53 7 3
42 55 4 4
42 56 8 9
42 57 3 8
42 58 3 5
42 59 8 7
42 60 1 9
42 62 1 9
42 65 5 5
42 66 10 9
42 67 10 5
42 68 2 3
42 69 4 8
42 70 6 1
42 71 9 3
42 72 7 6
42 73 3 1
42 74 1 5
42 75 2 4
42 76 8 5
42 77 1 10
42 81 9 7
42 82 1 7
42 83 10 6
42 84 4 9
42 85 7 10
42 87 3 6
42 88 10 8
42 90 2 5
42 91 7 10
42 92 5 3
42 93 6 5
42 94 10 10
42 95 7 2
42 97 6 4
42 98 3 6
42 99 9 6
42 100 1 6
43 44 5 10
43 45 9 8
43 46 1 6
43 48 9 6
43 49 2 7
43 50 3 4
43 51 2 10
43 52 6 7
43 53 9 10
43 54 5 1
43 55 4 2
43 56 1 7
43 57 3 8
43 58 10 2
43 59 6 10
43 60 5 1
43 61 3 8
43 62 5 1
43 63 5 6
43 64 7 7
43 66 5 3
43 67 10 2
43 68 10 4
43 70 2 3
43 72 1 8
43 73 6 8
43 74 9 7
43 76 2 5
43 77 10 3
43 78 3 1
43 79 7 8
43 80 9 4
43 82 9 4
43 83 9 7
43 84 9 6
43 86 5 7
43 87 4 8
43 88 1 9
43 90 5 6
43 91 5 5
43 92 10 4
43 94 4 8
43 95 3 7
43 96 4 5
43 98 3 5
43 99 1 8
43 100 9 3
44 46 7 6
44 47 7 3
44 48 4 4
44 49 1 8
44 50 8 1
44 51 6 5
44 52 7 8
44 53 8 2
44 55 6 5
44 56 2 8
44 57 8 5
44 59 9 8
44 60 5 3
44 61 9 8
44 62 6 7
44 63 1 2
44 65 1 3
44 66 4 6
44 68 6 6
44 69 3 10
44 71 1 1
44 73 2 5
44 74 8 10
44 75 7 10
44 76 9 9
44 77 1 3
44 78 7 2
44 79 10 7
44 80 9 2
44 81 10 1
44 82 1 4
44 83 9 3
44 86 2 1
44 90 7 8
44 91 5 1
44 92 5 6
44 93 3 8
44 94 4 10
44 95 8 8
44 96 8 6
44 97 4 9
44 98 5 2
44 99 6 9
45 46 3 7
45 47 2 5
45 49 7 9
45 50 3 10
45 53 7 5
45 55 6 2
45 58 4 9
45 59 4 2
45 60 8 6
45 62 1 5
45 63 9 7
45 64 1 10
45 65 10 1
45 66 4 5
45 67 4 5
45 68 8 7
45 69 9 5
45 70 3 3
45 71 9 7
45 73 7 4
45 74 1 8
45 75 5 2
45 76 7 4
45 77 3 2
45 78 2 4
45 79 1 8
45 80 9 10
45 82 4 6
45 83 1 5
45 86 6 7
45 87 3 7
45 88 7 1
45 89 8 9
45 90 1 6
45 91 9 1
45 94 5 10
45 95 6 4
45 96 9 9
45 97 8 2
45 98 4 3
45 99 4 4
45 100 10 1
46 47 3 6
46 48 1 9
46 49 6 2
46 50 5 5
46 52 9 9
46 54 5 9
46 55 3 7
46 56 6 3
46 57 9 10
46 59 2 5
46 60 3 4
46 62 5 1
46 63 8 2
46 65 6 6
46 66 10 8
46 67 5 7
46 68 2 6
46 69 9 4
46 70 9 5
46 71 6 2
46 72 5 9
46 73 1 6
46 74 2 8
46 75 3 8
46 76 9 8
46 77 2 5
46 79 4 1
46 80 6 1
46 81 3 2
46 82 7 10
46 83 3 4
46 84 8 3
46 85 7 3
46 86 2 3
46 88 3 5
46 89 10 9
46 90 2 3
46 91 1 5
46 92 3 4
46 94 7 6
46 95 7 2
46 96 2 7
46 97 6 5
46 98 3 9
46 99 9 4
46 100 3 7
47 48 9 3
47 49 5 10
47 50 7 2
47 51 7 2
47 52 7 1
47 53 3 7
47 54 1 10
47 55 1 8
47 56 8 2
47 57 10 1
47 58 8 6
47 59 9 1
47 60 5 7
47 61 4 7
47 62 10 6
47 63 6 6
47 64 4 9
47 67 4 1
47 68 3 8
47 70 9 8
47 71 9 2
47 73 7 1
47 76 1 10
47 77 10 4
47 78 10 5
47 79 5 3
47 80 3 1
47 81 3 4
47 82 7 6
47 84 1 10
47 87 10 1
47 89 8 3
47 90 5 6
47 91 2 3
47 92 9 2
47 93 7 9
47 95 1 10
47 96 6 1
47 97 5 2
47 98 9 8
47 99 7 7
47 100 6 6
48 49 10 10
48 50 2 6
48 51 9 1
48 52 9 4
48 53 10 9
48 55 8 9
48 56 10 6
48 57 5 6
48 58 2 3
48 59 7 1
48 61 8 10
48 62 2 8
48 63 4 9
48 64 6 10
48 65 4 9
48 66 10 4
48 67 2 10
48 69 10 10
48 71 3 8
48 72 7 1
48 73 1 6
48 74 4 7
48 77 10 4
48 78 4 9
48 80 10 10
48 81 5 10
48 82 5 1
48 84 5 1
48 85 7 2
48 86 8 6
48 87 1 7
48 88 10 4
48 89 10 8
48 90 1 8
48 91 10 5
48 92 5 4
48 93 8 7
48 94 5 5
48 95 5 2
48 96 7 8
48 97 5 8
48 100 6 5
49 50 2 7
49 53 9 1
49 54 9 9
49 55 1 3
49 56 2 1
49 57 6 5
49 58 3 3
49 59 8 9
49 61 1 1
49 62 3 6
49 64 3 9
49 65 2 10
49 67 1 1
49 68 8 2
49 69 8 9
49 70 7 2
49 71 5 7
49 72 8 9
49 73 3 4
49 74 1 1
49 75 4 3
49 76 2 5
49 77 2 1
49 79 9 9
49 80 4 5
49 84 3 10
49 86 5 7
49 87 3 5
49 88 7 6
49 89 6 9
49 90 8 7
49 91 10 1
49 92 5 6
49 93 8 4
49 95 5 6
49 96 4 3
49 97 8 5
49 98 4 1
49 99 6 10
49 100 10 2
50 51 9 10
50 52 9 1
50 53 6 8
50 54 1 6
50 55 9 3
50 56 4 3
50 57 7 5
50 58 6 8
50 61 7 1
50 62 3 2
50 66 7 8
50 68 8 4
50 69 4 8
50 70 4 2
50 72 10 1
50 73 4 6
50 74 8 2
50 76 9 6
50 77 4 2
50 78 1 6
50 79 1 1
50 81 5 2
50 82 3 9
50 83 2 9
50 85 9 3
50 87 10 6
50 88 6 3
50 89 3 6
50 90 9 7
50 91 7 1
50 92 2 8
50 93 5 7
50 95 5 7
50 96 7 9
50 97 5 10
50 98 8 10
50 99 4 8
50 100 6 1
51 52 1 2
51 53 5 4
51 54 9 7
51 55 3 9
51 56 10 10
51 57 9 6
51 58 6 5
51 59 1 4
51 60 1 10
51 61 5 6
51 62 4 1
51 64 2 3
51 65 3 3
51 66 3 9
51 68 3 7
51 69 5 8
51 70 5 10
51 71 4 2
51 72 8 7
51 73 8 5
51 74 3 5
51 75 10 4
51 76 4 9
51 77 3 6
51 78 7 4
51 79 3 7
51 81 5 1
51 82 9 7
51 83 10 8
51 84 10 5
51 86 4 7
51 87 8 4
51 88 9 6
51 89 4 7
51 90 3 9
51 91 6 1
51 92 8 1
51 96 7 1
51 97 7 3
51 98 8 1
52 53 8 10
52 56 8 1
52 57 9 8
52 59 9 8
52 60 5 8
52 62 2 4
52 64 7 1
52 65 9 8
52 66 1 6
52 68 1 10
52 70 1 7
52 72 9 9
52 73 1 9
52 74 6 2
52 75 3 2
52 76 3 6
52 77 9 4
52 78 9 3
52 79 1 10
52 80 6 1
52 81 6 6
52 82 5 7
52 83 4 3
52 84 2 5
52 85 3 2
52 86 5 4
52 87 6 6
52 88 4 7
52 89 3 3
52 90 5 3
52 93 2 9
52 94 4 4
52 95 5 4
52 96 7 3
52 97 7 4
53 56 4 6
53 58 6 3
53 59 2 8
53 60 3 5
53 61 6 8
53 62 6 5
53 63 10 8
53 64 3 6
53 65 10 9
53 66 5 5
53 67 8 3
53 68 5 10
53 69 5 2
53 70 3 10
53 71 6 5
53 72 8 5
53 73 2 7
53 75 8 5
53 76 2 9
53 77 5 3
53 78 10 6
53 80 8 9
53 81 8 6
53 82 3 8
53 83 1 3
53 85 10 1
53 86 5 6
53 87 5 5
53 88 5 6
53 89 6 1
53 90 1 4
53 93 9 1
53 94 3 5
53 95 3 2
53 98 1 5
53 99 6 6
53 100 1 8
54 55 3 6
54 56 3 3
54 58 10 8
54 59 8 1
54 60 4 4
54 61 10 8
54 62 9 5
54 63 4 5
54 64 10 3
54 65 9 3
54 66 4 6
54 67 5 8
54 68 1 2
54 69 9 2
54 70 1 5
54 71 5 2
54 72 10 1
54 73 1 7
54 75 6 8
54 76 9 2
54 77 3 8
54 78 2 9
54 79 9 5
54 80 2 4
54 81 2 8
54 82 9 6
54 83 8 7
54 84 8 8
54 86 5 2
54 87 3 6
54 88 8 9
54 89 2 6
54 90 4 2
54 91 1 6
54 93 1 10
54 94 8 1
54 95 5 9
54 96 9 8
54 97 2 6
54 98 10 5
54 99 8 10
54 100 3 3
55 56 9 5
55 57 4 1
55 58 9 10
55 59 6 4
55 60 4 9
55 61 8 8
55 62 7 6
55 64 10 9
55 66 8 2
55 67 10 5
55 68 10 4
55 69 3 1
55 70 4 1
55 71 7 5
55 72 3 9
55 73 10 6
55 75 7 7
55 76 1 7
55 77 1 5
55 78 9 1
55 79 4 3
55 80 5 1
55 82 1 8
55 83 4 5
55 85 7 9
55 86 5 10
55 87 7 1
55 88 5 3
55 89 3 6
55 90 10 8
55 91 2 3
55 92 2 2
55 95 5 2
55 96 1 9
55 97 7 6
55 98 9 3
55 99 5 8
55 100 9 1
56 58 6 6
56 59 2 9
56 60 3 5
56 61 2 3
56 62 10 7
56 63 4 3
56 64 9 9
56 65 10 7
56 66 5 8
56 68 3 7
56 69 5 8
56 70 7 5
56 71 6 3
56 72 10 10
56 73 7 9
56 75 6 4
56 76 1 6
56 77 10 6
56 78 2 2
56 79 7 7
56 80 2 7
56 82 8 1
56 84 5 7
56 85 1 2
56 86 10 9
56 87 1 6
56 88 8 10
56 89 3 4
56 91 5 6
56 92 2 7
56 93 10 10
56 94 7 6
56 95 10 8
56 96 5 5
56 97 1 10
56 98 7 5
56 99 3 7
57 58 7 9
57 60 3 6
57 61 4 8
57 62 3 5
57 63 2 2
57 64 2 5
57 65 9 2
57 66 10 4
57 67 7 7
57 68 10 7
57 69 10 4
57 71 1 4
57 72 3 5
57 73 10 5
57 75 7 1
57 77 2 8
57 78 9 10
57 80 8 1
57 81 10 9
57 82 4 3
57 83 10 1
57 84 1 4
57 85 4 7
57 86 10 1
57 87 8 1
57 89 7 10
57 90 7 10
57 91 7 5
57 92 9 2
57 93 7 6
57 97 7 5
57 98 7 3
57 100 9 6
58 60 7 7
58 62 6 1
58 63 8 8
58 64 5 5
58 65 7 3
58 66 7 1
58 68 5 8
58 69 4 5
58 70 1 2
58 73 9 9
58 74 10 10
58 75 5 3
58 76 2 1
58 77 10 6
58 78 3 1
58 79 2 4
58 80 5 9
58 81 5 9
58 83 10 5
58 84 3 9
58 85 3 9
58 86 6 8
58 87 10 8
58 88 1 6
58 89 7 1
58 90 4 2
58 91 5 9
58 93 5 1
58 94 8 3
58 95 9 3
58 96 7 5
58 98 7 8
58 99 9 1
58 100 2 6
59 60 5 10
59 61 2 5
59 63 10 7
59 64 5 9
59 66 6 4
59 69 6 6
59 72 6 2
59 73 2 6
59 74 9 10
59 75 10 7
59 77 10 3
59 78 3 1
59 80 8 1
59 81 9 10
59 82 2 1
59 83 10 8
59 85 3 10
59 86 10 6
59 88 6 7
59 89 2 2
59 90 2 1
59 91 2 1
59 93 7 8
59 94 2 7
59 95 3 5
59 97 3 4
59 98 7 5
59 99 9 7
59 100 5 9
60 61 9 1
60 62 1 9
60 63 9 8
60 64 7 6
60 65 6 1
60 66 7 2
60 67 4 6
60 68 3 7
60 70 2 3
60 71 6 8
60 72 1 1
60 73 7 2
60 74 2 1
60 75 1 2
60 78 3 5
60 80 4 1
60 81 3 9
60 82 2 6
60 83 10 4
60 84 5 1
60 85 4 6
60 86 4 9
60 87 3 9
60 88 5 8
60 89 4 4
60 90 5 7
60 91 2 8
60 92 1 4
60 93 7 2
60 94 9 3
60 95 3 2
60 97 2 4
60 98 6 6
60 99 6 6
60 100 1 6
61 62 9 9
61 63 6 7
61 64 9 7
61 68 10 1
61 69 4 2
61 70 8 4
61 71 3 2
61 72 6 4
61 73 10 4
61 74 3 5
61 75 8 5
61 76 6 8
61 77 1 6
61 78 6 2
61 79 5 4
61 80 7 1
61 81 5 2
61 82 10 8
61 83 6 6
61 84 2 10
61 85 3 10
61 86 4 10
61 87 4 9
61 88 8 5
61 90 7 1
61 91 6 8
61 92 5 5
61 93 5 8
61 94 6 7
61 95 7 10
61 96 8 8
61 97 8 10
61 98 7 5
61 99 10 2
61 100 2 4
62 63 3 1
62 64 7 9
62 65 8 7
62 66 3 10
62 67 5 8
62 68 8 6
62 69 1 1
62 71 4 3
62 72 6 1
62 73 1 2
62 74 4 10
62 75 9 2
62 76 10 7
62 77 1 7
62 79 5 1
62 80 1 1
62 81 2 7
62 82 1 10
62 83 1 3
62 84 1 8
62 85 2 6
62 86 4 4
62 87 2 9
62 88 1 3
62 90 6 9
62 91 6 5
62 92 6 9
62 93 2 3
62 94 3 5
62 95 8 10
62 96 8 3
62 97 5 10
62 99 9 10
63 64 10 3
63 65 8 3
63 66 1 9
63 67 4 9
63 68 3 9
63 70 10 6
63 71 1 5
63 73 9 10
63 74 6 7
63 75 10 1
63 78 3 4
63 81 10 4
63 82 3 9
63 83 3 5
63 84 10 6
63 85 1 9
63 87 9 9
63 88 1 9
63 90 6 8
63 92 10 10
63 95 9 8
63 96 9 3
63 97 4 1
63 98 1 1
63 99 5 9
63 100 4 8
64 65 5 5
64 66 2 9
64 67 5 2
64 68 2 6
64 69 5 1
64 71 1 10
64 72 5 5
64 73 3 3
64 74 10 7
64 76 4 9
64 77 5 5
64 78 8 6
64 79 7 5
64 80 2 10
64 81 5 7
64 82 3 9
64 83 10 10
64 85 2 5
64 86 3 5
64 87 10 2
64 88 3 4
64 89 3 6
64 90 7 3
64 91 8 9
64 92 5 10
64 93 9 2
64 95 9 5
64 96 8 3
64 97 8 8
64 99 4 6
65 66 8 2
65 67 2 5
65 68 8 7
65 69 4 9
65 70 1 7
65 71 3 3
65 72 6 1
65 73 10 10
65 74 1 4
65 75 6 7
65 76 10 5
65 77 7 10
65 78 7 2
65 81 1 7
65 82 8 6
65 83 2 8
65 84 7 4
65 85 3 3
65 86 2 7
65 87 2 6
65 88 5 4
65 89 7 8
65 90 3 2
65 91 6 6
65 93 6 7
65 94 3 10
65 95 8 3
65 97 1 3
65 98 6 5
65 99 5 4
66 67 4 2
66 68 9 2
66 69 1 5
66 71 8 8
66 72 8 1
66 73 8 6
66 74 4 2
66 75 10 10
66 76 2 6
66 78 6 8
66 79 1 10
66 80 2 7
66 83 3 3
66 84 9 6
66 85 4 5
66 88 6 9
66 90 10 2
66 91 3 2
66 92 5 1
66 93 4 7
66 94 4 7
66 95 8 9
66 96 7 6
66 97 1 1
66 98 1 6
66 99 4 9
66 100 5 5
67 68 7 2
67 69 10 8
67 70 1 9
67 72 6 3
67 73 3 8
67 74 4 8
67 75 5 10
67 76 3 3
67 79 5 2
67 80 3 10
67 81 6 7
67 82 2 6
67 84 3 3
67 85 8 8
67 86 6 10
67 88 8 5
67 90 2 7
67 91 5 7
67 92 5 7
67 93 7 2
67 95 1 3
67 96 8 5
67 99 6 7
67 100 1 1
68 69 10 6
68 71 6 4
68 72 8 9
68 73 9 4
68 74 3 4
68 75 10 7
68 77 3 7
68 78 1 9
68 80 1 7
68 81 6 6
68 83 9 2
68 84 8 2
68 85 5 9
68 86 2 9
68 87 7 10
68 89 3 6
68 91 4 5
68 92 3 4
68 94 2 4
68 95 8 8
68 96 1 5
68 97 5 4
68 98 9 9
68 99 9 8
68 100 7 9
69 70 10 2
69 71 8 10
69 73 10 8
69 74 7 1
69 75 8 1
69 78 2 1
69 79 8 8
69 80 10 10
69 81 5 2
69 83 6 8
69 84 5 1
69 86 9 2
69 87 1 1
69 88 6 2
69 89 1 8
69 90 7 1
69 91 8 4
69 92 4 10
69 93 2 5
69 94 1 7
69 95 1 8
69 96 5 9
69 98 9 2
70 71 2 7
70 72 8 10
70 73 10 8
70 75 4 10
70 78 5 1
70 79 9 7
70 80 4 4
70 81 5 8
70 85 8 8
70 87 8 4
70 89 3 1
70 90 9 4
70 91 5 8
70 92 1 8
70 93 10 1
70 94 5 9
70 95 2 7
70 96 4 1
70 99 5 7
70 100 1 8
71 73 8 4
71 75 7 2
71 76 1 6
71 77 6 5
71 78 4 1
71 79 8 10
71 80 8 1
71 81 4 7
71 82 4 2
71 84 3 4
71 85 2 8
71 86 1 9
71 87 7 7
71 89 10 1
71 90 5 9
71 92 7 4
71 93 7 7
71 94 5 8
71 96 3 4
71 97 3 1
71 98 5 8
72 73 4 4
72 74 1 1
72 75 6 8
72 76 2 6
72 78 6 8
72 79 10 7
72 80 9 4
72 83 9 7
72 84 9 2
72 85 3 4
72 86 5 6
72 87 5 8
72 88 3 1
72 89 9 4
72 91 6 6
72 92 6 2
72 93 4 10
72 94 5 5
72 95 5 5
72 96 3 7
72 97 10 8
72 98 7 7
72 100 4 2
73 74 7 9
73 75 4 10
73 76 3 1
73 77 9 8
73 78 1 3
73 79 9 10
73 80 7 10
73 81 7 2
73 82 5 2
73 83 4 8
73 84 5 2
73 85 2 10
73 86 5 4
73 87 5 9
73 88 2 10
73 89 7 4
73 90 2 1
73 91 2 2
73 92 5 5
73 94 2 3
73 95 3 2
73 96 4 4
73 97 1 10
73 98 10 3
73 99 2 7
74 75 7 9
74 76 4 2
74 77 2 2
74 78 1 1
74 79 4 3
74 80 4 7
74 81 3 5
74 82 4 1
74 83 3 2
74 84 9 3
74 86 2 1
74 88 8 2
74 89 1 6
74 90 4 2
74 91 7 1
74 92 8 7
74 94 10 6
74 96 3 6
74 97 7 10
74 98 1 1
74 100 6 5
75 76 8 8
75 77 9 10
75 78 6 3
75 79 8 8
75 81 4 9
75 82 2 6
75 83 3 2
75 86 9 3
75 89 9 5
75 92 4 3
75 93 2 6
75 95 3 2
75 96 8 4
75 97 4 7
75 98 2 6
75 100 3 3
76 77 9 5
76 78 3 9
76 79 4 1
76 80 8 2
76 83 4 7
76 84 8 2
76 85 4 2
76 86 10 8
76 87 1 3
76 89 9 1
76 90 6 8
76 91 2 9
76 92 9 6
76 93 7 5
76 94 8 3
76 96 7 10
76 97 3 8
76 100 3 4
77 78 8 6
77 79 4 1
77 82 3 6
77 83 5 3
77 84 6 7
77 85 9 3
77 86 2 5
77 88 7 6
77 89 4 10
77 90 1 9
77 91 4 2
77 92 6 3
77 93 9 5
77 94 3 8
77 95 5 4
77 96 4 1
77 97 3 3
77 98 1 7
77 99 7 10
77 100 7 1
78 79 6 8
78 80 4 7
78 81 6 9
78 83 8 8
78 84 10 5
78 85 5 9
78 88 9 4
78 90 3 3
78 91 4 10
78 93 3 2
78 94 1 7
78 96 8 1
78 97 3 8
78 98 1 8
78 99 8 2
78 100 7 7
79 81 10 3
79 82 1 7
79 83 9 2
79 84 10 2
79 85 9 2
79 87 1 9
79 88 6 4
79 89 10 2
79 90 2 10
79 91 3 6
79 92 9 2
79 94 2 4
79 95 1 6
79 97 8 7
79 98 5 2
79 100 9 1
80 82 1 6
80 84 2 9
80 86 5 3
80 87 8 4
80 88 7 1
80 89 1 7
80 90 6 9
80 91 4 8
80 92 8 9
80 93 9 3
80 94 5 3
80 96 8 5
80 97 6 6
80 98 8 6
81 82 10 6
81 83 1 2
81 84 3 9
81 86 6 5
81 87 10 6
81 88 2 6
81 90 1 4
81 91 7 3
81 93 5 2
81 94 8 1
81 95 3 3
81 96 5 10
81 98 3 2
81 99 7 4
81 100 9 4
82 83 3 7
82 84 5 3
82 85 8 2
82 86 9 7
82 87 8 4
82 88 10 5
82 90 9 9
82 91 10 4
82 92 3 1
82 93 7 3
82 94 7 5
82 95 4 3
82 96 3 5
82 97 1 1
82 99 3 6
83 84 5 8
83 85 1 10
83 86 5 1
83 87 1 7
83 88 3 3
83 90 10 7
83 91 4 6
83 92 4 9
83 93 2 8
83 95 2 9
83 96 10 5
83 97 2 3
83 98 9 5
83 99 4 7
83 100 1 8
84 85 2 7
84 86 1 2
84 87 6 4
84 88 5 5
84 89 6 6
84 90 1 5
84 91 1 4
84 92 7 10
84 93 2 9
84 94 9 1
84 95 6 7
84 96 6 9
84 97 6 9
85 86 2 2
85 87 1 7
85 88 4 9
85 89 2 10
85 90 6 8
85 92 9 5
85 93 8 8
85 94 8 2
85 95 3 10
85 97 2 3
85 98 7 1
85 99 3 3
85 100 8 3
86 87 4 5
86 88 7 10
86 89 3 6
86 91 7 10
86 93 1 7
86 94 4 7
86 95 1 5
86 96 1 7
86 98 7 1
86 99 10 9
86 100 1 4
87 89 5 5
87 90 6 5
87 91 7 7
87 92 3 6
87 93 6 10
87 94 10 5
87 95 5 10
87 96 9 4
87 97 3 5
87 98 1 9
87 99 10 10
87 100 5 1
88 89 1 10
88 90 10 5
88 91 5 4
88 92 10 2
88 93 6 2
88 94 3 1
88 95 10 8
88 96 8 1
88 97 2 2
88 100 3 4
89 90 7 1
89 91 5 1
89 92 7 7
89 93 4 7
89 94 1 10
89 95 3 8
89 96 5 10
89 97 3 5
89 98 7 6
89 99 4 5
89 100 7 7
90 91 6 8
90 92 2 8
90 93 2 3
90 94 7 4
90 95 5 10
90 96 4 3
90 97 10 5
90 98 5 4
90 99 2 7
91 92 10 10
91 93 1 5
91 94 9 5
91 95 3 4
91 97 1 8
91 98 6 10
91 99 7 2
92 93 7 9
92 95 9 2
92 96 3 7
92 98 4 8
92 100 3 5
93 94 1 3
93 95 7 9
93 96 2 7
93 97 6 7
93 98 6 2
93 99 10 8
93 100 8 10
94 95 10 2
94 96 4 9
94 97 4 10
94 100 8 1
95 96 5 4
95 97 9 5
95 98 6 2
95 99 7 8
95 100 6 9
96 97 1 7
96 98 4 3
96 99 6 4
96 100 2 3
97 98 7 9
97 99 8 4
97 100 6 9
98 99 9 4
98 100 2 8
99 100 3 9
1
1 2 3 4 5 6 7 8 9 10 11 12 13 14 15 16 17 18 19 20 21 22 23 24 25 26 27 28 29 30 31 32 33 34 35 36 37 38 39 40 41 42 43 44 45 46 47 48 49 50
