3927
1 3 4 4
1 4 1 3
1 5 8 2
1 6 7 8
1 7 1 10
1 8 8 6
1 9 8 4
1 11 6 2
1 12 7 10
1 13 6 5
1 14 4 2
1 15 2 7
1 17 1 2
1 18 9 3
1 19 6 2
1 20 7 5
1 21 2 8
1 22 1 2
1 23 5 10
1 24 8 4
1 28 2 5
1 29 4 1
1 31 4 6
1 32 6 10
1 33 4 9
1 34 2 2
1 35 7 5
1 37 5 3
1 38 6 3
1 39 9 9
1 40 9 2
1 42 2 3
1 43 1 7
1 44 8 6
1 45 8 8
1 46 1 3
1 47 6 2
1 48 6 6
1 49 9 10
1 50 2 10
1 51 3 6
1 52 6 3
1 53 10 8
1 55 2 1
1 56 2 9
1 57 4 8
1 58 8 3
1 61 1 10
1 62 2 5
1 63 2 6
1 64 3 3
1 65 2 4
1 66 6 3
1 70 5 5
1 71 2 4
1 72 3 10
1 73 3 9
1 74 8 8
1 75 6 8
1 76 1 10
1 77 9 6
1 78 8 4
1 79 3 1
1 80 8 8
1 81 1 5
1 82 10 1
1 83 3 1
1 86 3 8
1 89 10 7
1 90 1 2
1 91 1 2
1 92 9 6
1 93 4 10
1 94 9 9
1 95 10 1
1 96 3 3
1 97 5 1
1 98 3 1
1 99 8 10
1 100 7 5
2 3 8 6
2 4 9 10
2 5 3 1
2 6 3 3
2 7 7 6
2 8 1 7
2 9 6 3
2 10 4 9
2 12 1 7
2 13 9 10
2 14 1 7
2 15 8 5
2 17 4 4
2 18 4 10
2 19 10 9
2 20 1 7
2 21 6 4
2 22 4 5
2 24 8 4
2 25 2 6
2 26 10 4
2 27 2 9
2 28 8 1
2 30 1 7
2 31 6 4
2 33 10 8
2 34 6 4
2 35 4 8
2 36 5 9
2 37 8 10
2 38 8 5
2 41 10 2
2 42 7 1
2 44 9 8
2 45 2 7
2 46 7 9
2 47 1 7
2 48 4 8
2 50 4 9
2 51 3 5
2 54 2 3
2 56 7 5
2 57 8 8
2 58 8 10
2 59 7 3
2 61 8 1
2 62 10 3
2 63 2 8
2 64 1 8
2 65 10 4
2 66 10 4
2 67 1 1
2 68 2 10
2 70 9 3
2 71 5 9
2 72 5 7
2 73 1 5
2 74 3 4
2 75 5 9
2 76 6 4
2 77 10 8
2 79 5 2
2 80 10 2
2 81 4 9
2 82 7 6
2 83 3 3
2 84 9 4
2 85 6 7
2 86 9 2
2 87 6 9
2 88 1 7
2 89 10 10
2 90 4 1
2 91 10 5
2 93 9 6
2 94 9 8
2 95 1 9
2 96 1 8
2 98 6 4
2 99 9 9
2 100 10 10
3 4 9 7
3 6 6 1
3 7 7 10
3 8 2 9
3 9 6 5
3 12 7 3
3 13 9 2
3 14 3 3
3 15 3 2
3 16 7 3
3 17 1 6
3 18 8 7
3 19 5 3
3 20 4 6
3 21 5 9
3 22 6 2
3 23 3 2
3 24 6 9
3 25 10 7
3 28 3 1
3 30 6 2
3 31 10 2
3 32 7 5
3 33 2 9
3 34 5 6
3 35 6 2
3 37 6 4
3 38 6 4
3 40 7 5
3 41 4 10
3 42 9 9
3 43 5 9
3 44 7 10
3 45 9 7
3 46 4 5
3 47 7 3
3 48 5 7
3 49 4 8
3 50 4 8
3 51 9 3
3 52 5 1
3 53 1 5
3 55 2 8
3 56 4 8
3 57 7 9
3 58 3 8
3 59 3 1
3 61 5 3
3 62 9 10
3 63 1 9
3 64 7 1
3 65 7 10
3 66 3 9
3 67 4 4
3 68 2 6
3 69 8 8
3 71 2 10
3 72 4 10
3 73 2 9
3 74 2 7
3 75 4 7
3 76 3 3
3 79 10 2
3 80 10 10
3 81 8 10
3 82 6 2
3 86 9 5
3 87 2 8
3 88 2 9
3 89 10 10
3 90 10 1
3 91 8 4
3 93 8 1
3 94 3 3
3 95 4 6
3 96 1 4
3 97 7 7
3 98 9 5
3 100 6 9
4 5 6 9
4 6 2 9
4 7 2 9
4 8 8 7
4 9 1 8
4 10 6 2
4 11 7 4
4 12 1 2
4 13 4 5
4 14 3 2
4 15 6 6
4 16 5 4
4 17 9 1
4 18 10 5
4 19 3 3
4 21 6 7
4 22 7 10
4 23 8 9
4 24 8 10
4 25 1 10
4 26 10 8
4 27 3 9
4 28 9 3
4 29 1 2
4 30 2 3
4 31 9 7
4 32 3 6
4 34 1 8
4 35 9 9
4 36 10 5
4 37 9 1
4 38 7 6
4 39 8 1
4 40 4 2
4 41 10 8
4 45 3 10
4 47 7 10
4 48 6 3
4 49 10 1
4 50 4 2
4 51 2 4
4 52 8 3
4 53 8 9
4 54 2 5
4 55 10 5
4 57 6 2
4 58 8 4
4 59 3 8
4 60 2 10
4 61 10 8
4 62 9 8
4 64 5 2
4 65 2 10
4 66 8 7
4 68 4 1
4 70 1 5
4 71 5 7
4 72 8 7
4 75 3 3
4 76 9 6
4 78 5 4
4 79 5 3
4 80 9 2
4 81 8 10
4 82 8 3
4 83 7 1
4 84 9 6
4 87 9 2
4 88 8 5
4 89 9 8
4 91 9 3
4 92 8 5
4 93 3 7
4 95 6 1
4 97 7 6
4 98 4 5
4 99 2 1
5 6 5 3
5 9 3 5
5 10 7 9
5 11 6 5
5 12 7 2
5 13 7 10
5 14 7 4
5 15 9 7
5 17 2 5
5 18 5 9
5 19 10 1
5 20 4 9
5 21 5 5
5 22 4 9
5 23 7 9
5 24 9 9
5 26 9 3
5 28 5 10
5 29 4 9
5 31 6 4
5 32 9 5
5 33 7 9
5 34 4 7
5 35 5 7
5 37 3 4
5 38 6 2
5 39 8 2
5 40 6 1
5 41 10 8
5 42 2 8
5 43 10 4
5 44 10 3
5 45 9 3
5 46 2 8
5 47 4 9
5 48 7 5
5 49 5 8
5 50 9 10
5 52 7 4
5 53 10 1
5 54 3 3
5 56 4 9
5 57 4 2
5 58 8 6
5 59 9 2
5 60 7 9
5 61 4 1
5 62 3 5
5 63 6 1
5 65 4 8
5 66 8 2
5 67 6 8
5 68 1 10
5 69 5 9
5 70 8 1
5 71 4 6
5 72 2 7
5 73 4 10
5 74 7 4
5 75 7 9
5 76 3 3
5 77 8 7
5 78 8 9
5 79 5 9
5 80 9 6
5 81 9 9
5 82 5 4
5 83 9 2
5 84 7 7
5 85 2 5
5 86 8 9
5 87 4 2
5 88 9 3
5 89 6 6
5 91 1 1
5 92 4 8
5 93 4 9
5 94 4 7
5 95 8 6
5 96 5 8
5 98 9 6
5 99 5 5
5 100 4 8
6 10 9 8
6 11 10 8
6 14 7 9
6 15 8 7
6 16 10 4
6 17 5 9
6 20 1 9
6 21 8 7
6 23 8 9
6 25 2 7
6 26 2 9
6 27 8 5
6 28 5 10
6 29 3 9
6 33 1 4
6 34 2 10
6 35 7 7
6 36 5 3
6 37 1 2
6 38 6 4
6 39 4 2
6 40 7 8
6 42 6 1
6 43 7 3
6 44 7 5
6 46 1 8
6 47 1 9
6 48 9 5
6 52 6 5
6 53 2 6
6 54 1 8
6 56 2 3
6 57 4 8
6 58 4 3
6 59 6 5
6 60 6 9
6 61 4 1
6 62 9 10
6 63 9 10
6 64 3 7
6 65 7 5
6 66 10 7
6 67 9 1
6 69 2 9
6 70 1 10
6 71 8 10
6 72 5 8
6 73 2 10
6 74 2 7
6 76 10 6
6 78 1 2
6 79 4 8
6 80 8 5
6 81 6 3
6 82 9 7
6 83 10 7
6 84 3 6
6 85 4 5
6 86 1 3
6 87 5 3
6 88 4 7
6 89 8 10
6 90 4 3
6 91 10 8
6 92 9 2
6 93 10 10
6 94 4 5
6 95 10 3
6 96 6 7
6 97 8 7
6 98 2 1
6 99 6 2
6 100 10 4
7 8 6 6
7 9 1 4
7 10 7 7
7 11 3 5
7 12 9 1
7 13 10 2
7 14 1 6
7 15 8 3
7 17 1 7
7 18 2 6
7 19 2 1
7 20 5 1
7 21 1 7
7 22 6 3
7 24 8 3
7 26 9 4
7 28 8 8
7 29 3 1
7 30 10 6
7 32 4 7
7 33 2 9
7 34 8 10
7 35 5 6
7 36 2 10
7 37 7 3
7 39 9 6
7 40 3 4
7 41 4 9
7 42 10 3
7 43 5 4
7 46 4 4
7 47 3 6
7 48 7 7
7 49 7 8
7 50 3 5
7 52 9 3
7 53 1 8
7 54 10 10
7 55 1 2
7 56 3 6
7 59 6 4
7 60 3 7
7 61 9 7
7 63 5 5
7 64 6 2
7 65 2 8
7 66 2 5
7 67 9 4
7 68 10 9
7 69 8 10
7 70 4 7
7 71 10 6
7 72 2 9
7 73 9 8
7 74 1 10
7 75 4 7
7 76 9 8
7 77 10 6
7 78 2 1
7 79 6 2
7 80 8 1
7 81 4 1
7 82 2 3
7 83 2 2
7 84 6 8
7 85 1 4
7 86 3 4
7 87 10 1
7 88 3 9
7 89 1 5
7 90 3 2
7 92 1 7
7 94 1 8
7 95 5 6
7 96 2 2
7 100 4 9
8 9 10 5
8 10 1 9
8 11 1 10
8 12 3 10
8 13 1 3
8 14 2 4
8 15 4 2
8 16 7 9
8 17 1 2
8 20 9 8
8 21 2 2
8 22 10 10
8 23 6 4
8 24 9 3
8 25 10 10
8 26 5 7
8 27 10 7
8 29 3 4
8 31 3 7
8 34 10 8
8 35 3 10
8 36 3 2
8 37 4 4
8 38 10 6
8 39 7 10
8 43 8 10
8 44 4 1
8 45 7 7
8 47 1 3
8 48 4 2
8 49 1 7
8 50 1 3
8 51 5 4
8 52 3 1
8 54 8 4
8 55 10 6
8 56 5 9
8 57 7 4
8 58 4 10
8 59 4 2
8 60 7 6
8 61 1 9
8 63 6 3
8 64 3 7
8 65 2 8
8 66 4 9
8 67 6 9
8 69 5 6
8 70 7 7
8 71 10 2
8 74 3 5
8 76 8 2
8 77 5 8
8 78 1 9
8 79 10 10
8 80 9 6
8 81 2 3
8 82 4 9
8 83 5 1
8 84 10 1
8 85 6 9
8 86 1 6
8 87 7 8
8 88 7 3
8 89 2 5
8 90 6 8
8 91 1 2
8 92 10 4
8 93 6 6
8 95 2 7
8 96 1 9
8 97 3 3
8 99 10 3
8 100 10 6
9 11 8 7
9 12 9 5
9 13 8 1
9 14 3 1
9 15 4 2
9 18 8 4
9 19 10 10
9 20 1 10
9 21 9 1
9 22 1 10
9 23 9 7
9 24 2 10
9 27 3 1
9 28 7 1
9 29 1 2
9 30 7 7
9 31 2 10
9 32 9 9
9 33 4 10
9 34 6 3
9 35 5 2
9 36 10 1
9 37 7 10
9 38 4 1
9 39 8 6
9 43 10 10
9 44 2 1
9 45 9 2
9 46 1 5
9 47 3 5
9 48 10 7
9 49 2 7
9 50 2 8
9 52 4 4
9 54 8 2
9 55 9 4
9 56 4 5
9 57 5 1
9 59 8 8
9 60 3 10
9 61 2 5
9 62 1 1
9 63 9 8
9 64 8 4
9 65 5 10
9 66 2 6
9 67 3 6
9 68 9 4
9 70 3 8
9 72 4 4
9 73 4 6
9 76 1 3
9 77 3 5
9 78 10 10
9 79 4 3
9 80 7 5
9 81 7 10
9 82 7 7
9 83 5 5
9 84 1 1
9 85 2 6
9 86 4 2
9 87 9 10
9 88 5 4
9 89 10 7
9 91 8 1
9 92 7 2
9 93 2 8
9 95 10 7
9 96 1 9
9 98 2 4
9 100 7 8
10 11 1 7
10 12 6 2
10 14 3 8
10 15 5 1
10 16 6 9
10 17 8 7
10 18 2 7
10 19 4 1
10 20 10 8
10 21 7 2
10 22 9 5
10 23 4 8
10 24 1 4
10 25 1 6
10 26 9 9
10 27 9 4
10 28 2 4
10 29 2 2
10 30 6 7
10 31 9 10
10 32 6 8
10 34 3 3
10 35 4 2
10 36 1 9
10 37 4 6
10 38 3 9
10 39 6 8
10 40 5 5
10 41 8 10
10 42 8 10
10 43 9 9
10 44 3 1
10 45 1 10
10 46 9 1
10 48 8 9
10 49 1 9
10 50 5 2
10 51 7 4
10 52 5 1
10 53 1 7
10 55 1 10
10 58 10 2
10 60 9 5
10 61 5 2
10 62 1 6
10 63 3 9
10 64 6 4
10 65 10 4
10 66 2 1
10 68 6 2
10 69 8 6
10 70 9 5
10 71 10 2
10 72 3 5
10 74 6 9
10 75 7 4
10 77 5 7
10 79 9 8
10 80 3 2
10 81 8 7
10 82 1 4
10 83 9 2
10 84 3 4
10 87 1 10
10 89 8 1
10 90 10 9
10 91 1 10
10 92 1 4
10 93 5 2
10 94 5 10
10 95 9 7
10 96 3 3
10 97 5 4
10 98 4 1
10 99 2 10
10 100 9 1
11 12 9 5
11 13 5 1
11 14 10 2
11 16 1 2
11 17 5 10
11 18 4 8
11 19 8 2
11 20 1 6
11 21 3 7
11 22 2 6
11 24 8 10
11 25 6 9
11 26 4 6
11 27 2 1
11 29 1 1
11 30 4 7
11 31 9 4
11 32 3 5
11 34 2 1
11 35 4 5
11 36 4 4
11 37 3 8
11 39 10 5
11 42 6 4
11 45 5 2
11 46 8 1
11 47 8 5
11 48 6 4
11 49 7 6
11 50 10 4
11 51 4 8
11 53 8 2
11 55 1 3
11 56 3 7
11 57 6 2
11 58 4 3
11 59 8 1
11 60 7 3
11 61 10 6
11 62 4 5
11 63 2 1
11 66 9 8
11 67 4 5
11 68 6 4
11 69 1 1
11 71 8 6
11 72 3 10
11 77 9 3
11 78 2 4
11 79 9 8
11 81 5 10
11 82 6 8
11 83 3 2
11 84 5 6
11 88 9 6
11 89 10 9
11 90 10 4
11 92 7 5
11 93 9 4
11 94 8 10
11 95 1 5
11 96 5 8
11 97 4 6
11 98 3 2
11 99 7 5
11 100 2 1
12 13 6 8
12 14 1 9
12 15 5 4
12 16 6 6
12 17 8 8
12 18 3 2
12 20 1 5
12 21 10 8
12 22 5 10
12 23 6 9
12 24 2 1
12 25 9 9
12 26 8 4
12 27 1 1
12 28 3 4
12 29 5 1
12 30 2 4
12 31 9 9
12 32 8 3
12 33 9 5
12 34 4 8
12 35 9 8
12 36 4 2
12 37 5 9
12 38 8 8
12 39 2 4
12 41 8 1
12 43 2 2
12 44 5 1
12 45 6 10
12 46 5 8
12 47 10 9
12 48 4 4
12 49 4 1
12 50 8 1
12 51 1 9
12 52 9 1
12 55 2 8
12 56 1 10
12 57 2 3
12 58 1 6
12 59 7 1
12 60 9 7
12 61 8 9
12 62 9 5
12 63 3 3
12 64 8 8
12 66 5 6
12 67 10 10
12 68 3 10
12 69 10 4
12 70 4 5
12 71 10 5
12 72 2 1
12 74 5 9
12 75 3 1
12 76 4 2
12 80 5 10
12 81 1 6
12 83 10 5
12 84 6 2
12 85 10 8
12 86 7 4
12 87 8 3
12 89 7 5
12 90 1 5
12 92 6 4
12 93 3 6
12 94 9 9
12 95 3 5
12 97 10 7
12 99 2 2
13 14 4 9
13 16 8 3
13 18 4 7
13 19 5 4
13 20 5 10
13 22 8 6
13 23 7 5
13 24 3 4
13 25 1 7
13 26 2 1
13 27 10 2
13 30 10 4
13 31 6 2
13 33 6 5
13 34 3 6
13 35 1 5
13 37 4 7
13 38 9 9
13 39 7 3
13 40 9 8
13 41 5 9
13 42 5 8
13 43 5 6
13 45 8 3
13 46 7 2
13 48 6 8
13 49 2 10
13 50 6 4
13 51 2 2
13 55 10 6
13 56 3 7
13 58 5 2
13 60 4 10
13 61 4 1
13 62 6 5
13 63 7 1
13 64 6 7
13 65 1 4
13 68 9 3
13 69 10 2
13 70 8 7
13 71 10 8
13 72 4 3
13 73 7 2
13 74 2 2
13 75 9 9
13 76 1 2
13 77 1 5
13 78 8 6
13 79 7 5
13 80 1 6
13 81 8 4
13 82 7 10
13 83 3 5
13 84 6 8
13 86 3 9
13 87 3 10
13 88 9 6
13 89 6 5
13 90 7 8
13 91 1 9
13 92 2 10
13 93 5 5
13 94 9 3
13 95 2 10
13 96 9 3
13 99 4 2
14 15 5 3
14 16 8 2
14 17 5 6
14 18 2 5
14 21 8 10
14 22 8 8
14 23 6 7
14 24 7 7
14 25 4 10
14 27 2 5
14 28 6 6
14 29 6 1
14 30 4 5
14 31 5 3
14 32 10 8
14 33 2 10
14 34 8 6
14 35 8 6
14 36 2 8
14 37 5 7
14 38 2 6
14 39 8 7
14 40 8 6
14 42 8 3
14 44 5 5
14 45 2 1
14 46 6 5
14 48 3 3
14 49 9 3
14 52 8 3
14 54 7 10
14 55 2 1
14 56 10 9
14 58 2 10
14 59 8 5
14 60 3 2
14 61 3 6
14 62 6 4
14 63 8 2
14 65 8 2
14 66 4 10
14 67 9 9
14 68 8 3
14 69 5 3
14 70 7 1
14 71 9 2
14 72 9 2
14 73 8 3
14 75 8 8
14 76 6 10
14 77 6 5
14 78 8 1
14 79 9 2
14 81 4 5
14 82 9 7
14 83 7 4
14 86 5 9
14 88 2 9
14 89 7 2
14 90 1 1
14 91 4 7
14 92 1 3
14 93 6 7
14 94 7 1
14 97 4 5
14 98 5 9
14 100 10 6
15 16 10 1
15 17 3 8
15 19 2 7
15 20 6 9
15 21 10 4
15 22 9 7
15 23 3 10
15 24 3 1
15 26 2 6
15 27 6 2
15 28 4 3
15 29 2 8
15 31 3 8
15 34 4 9
15 35 2 5
15 36 2 9
15 37 7 5
15 38 9 7
15 39 9 7
15 40 6 10
15 41 8 5
15 43 6 9
15 44 2 7
15 45 3 10
15 47 8 3
15 48 10 3
15 49 6 9
15 50 2 10
15 51 7 6
15 52 7 4
15 53 6 3
15 54 3 6
15 55 3 5
15 56 6 1
15 57 10 6
15 58 1 10
15 61 4 7
15 62 7 4
15 63 8 7
15 64 5 5
15 65 1 8
15 66 2 6
15 67 8 1
15 68 6 7
15 69 9 9
15 70 5 7
15 72 3 6
15 73 7 10
15 74 1 1
15 75 5 6
15 76 9 7
15 77 8 4
15 78 8 6
15 79 8 2
15 80 4 3
15 81 3 10
15 82 10 2
15 83 9 10
15 84 8 5
15 85 2 8
15 86 2 5
15 87 4 1
15 88 2 2
15 89 3 3
15 90 7 3
15 91 5 4
15 92 4 3
15 93 3 4
15 94 8 1
15 95 8 3
15 96 6 5
15 99 10 5
15 100 8 7
16 17 9 5
16 18 10 2
16 20 4 6
16 21 5 5
16 22 9 7
16 23 4 5
16 24 2 1
16 25 3 1
16 27 3 4
16 28 3 7
16 29 9 7
16 31 6 3
16 32 9 2
16 33 2 10
16 34 4 7
16 35 8 9
16 36 3 7
16 37 8 8
16 38 7 8
16 39 1 9
16 41 3 6
16 42 5 10
16 43 10 3
16 45 4 5
16 46 5 5
16 47 3 1
16 48 4 8
16 49 4 10
16 50 3 4
16 52 4 1
16 53 1 9
16 54 6 5
16 56 2 2
16 57 9 4
16 58 3 10
16 59 6 1
16 60 5 3
16 61 8 7
16 63 9 10
16 64 9 8
16 65 5 4
16 66 3 2
16 68 1 10
16 69 2 3
16 71 2 9
16 73 1 5
16 74 6 10
16 75 4 4
16 77 1 10
16 78 9 6
16 79 5 10
16 80 4 5
16 81 8 9
16 83 2 1
16 85 2 4
16 86 4 6
16 87 6 10
16 88 2 9
16 90 5 7
16 91 6 6
16 92 1 5
16 93 2 9
16 94 3 6
16 95 7 7
16 97 9 9
16 98 7 7
16 99 8 3
16 100 3 10
17 18 4 9
17 19 8 2
17 21 3 7
17 23 6 8
17 25 9 2
17 26 7 8
17 27 5 8
17 28 4 8
17 30 6 9
17 31 3 10
17 32 6 5
17 33 2 3
17 35 10 2
17 36 8 2
17 37 6 7
17 39 1 8
17 41 3 7
17 42 10 3
17 43 1 2
17 45 7 3
17 46 6 2
17 47 8 5
17 49 10 9
17 50 5 7
17 51 9 1
17 52 1 9
17 53 3 9
17 55 3 7
17 56 8 3
17 57 9 5
17 59 4 10
17 60 4 8
17 61 5 9
17 62 9 6
17 63 9 10
17 64 5 4
17 65 1 9
17 66 6 3
17 68 3 1
17 69 4 5
17 70 3 7
17 73 5 3
17 74 3 10
17 75 5 9
17 76 6 10
17 77 3 4
17 78 2 7
17 79 2 8
17 80 2 5
17 81 1 4
17 82 2 9
17 83 7 8
17 84 5 1
17 85 10 1
17 89 2 4
17 91 5 1
17 92 1 9
17 93 4 9
17 94 7 1
17 95 10 2
17 96 3 8
17 97 1 1
17 98 3 7
17 99 10 7
17 100 4 10
18 19 9 3
18 21 8 3
18 22 6 3
18 23 10 6
18 25 4 1
18 27 10 8
18 29 4 1
18 30 2 2
18 32 2 2
18 33 4 2
18 34 6 4
18 35 10 9
18 36 5 6
18 37 5 8
18 39 6 3
18 40 3 6
18 41 3 4
18 43 1 10
18 44 7 9
18 45 2 1
18 46 4 3
18 47 1 3
18 48 5 4
18 49 7 8
18 50 7 7
18 51 5 9
18 52 3 7
18 53 3 8
18 54 9 3
18 55 7 8
18 57 3 9
18 58 2 10
18 59 4 3
18 60 5 3
18 61 5 1
18 62 8 5
18 63 10 8
18 64 5 5
18 65 8 8
18 66 5 10
18 68 3 8
18 69 9 7
18 70 5 7
18 71 3 5
18 72 10 10
18 73 9 9
18 74 7 2
18 75 7 1
18 76 4 5
18 79 4 3
18 80 1 9
18 83 9 7
18 85 6 9
18 86 9 4
18 87 8 7
18 88 10 10
18 89 2 1
18 90 7 5
18 91 9 4
18 93 9 10
18 94 5 3
18 95 9 8
18 96 1 2
18 98 8 1
18 99 7 8
18 100 1 2
19 20 2 6
19 23 6 8
19 25 9 3
19 27 9 8
19 28 6 9
19 30 7 4
19 31 1 8
19 32 7 4
19 33 1 1
19 34 10 7
19 36 6 6
19 37 2 4
19 38 4 4
19 39 3 7
19 40 10 7
19 41 3 8
19 42 3 3
19 47 10 4
19 48 4 5
19 49 3 10
19 51 5 6
19 52 5 2
19 53 6 1
19 54 7 5
19 55 1 4
19 57 10 3
19 59 1 4
19 60 6 6
19 62 10 2
19 63 6 7
19 64 7 3
19 65 4 6
19 66 5 7
19 67 10 2
19 68 2 5
19 69 2 9
19 71 9 2
19 72 6 8
19 73 4 5
19 74 5 9
19 75 8 10
19 76 3 6
19 78 6 2
19 79 10 10
19 80 8 4
19 81 3 6
19 82 2 10
19 83 4 9
19 84 2 2
19 86 7 9
19 87 4 3
19 88 5 3
19 89 10 6
19 90 2 9
19 91 6 10
19 93 8 2
19 95 10 7
19 96 10 1
19 98 7 4
19 99 10 4
19 100 8 3
20 22 1 6
20 23 5 1
20 24 4 5
20 25 8 2
20 26 3 1
20 27 6 4
20 28 2 7
20 30 1 10
20 31 9 6
20 33 9 1
20 34 3 10
20 35 8 9
20 36 8 10
20 38 5 7
20 39 1 10
20 40 1 4
20 41 9 2
20 43 7 6
20 44 6 6
20 45 2 8
20 46 9 1
20 47 6 7
20 48 7 9
20 49 1 5
20 50 1 8
20 51 4 1
20 52 9 2
20 53 6 4
20 54 9 10
20 55 6 2
20 56 8 7
20 59 10 2
20 60 7 2
20 61 6 5
20 62 6 5
20 63 1 1
20 64 4 3
20 65 5 10
20 66 5 9
20 67 3 2
20 68 2 1
20 69 8 7
20 70 10 7
20 71 6 8
20 73 4 8
20 75 10 7
20 78 2 8
20 79 3 2
20 80 1 2
20 81 5 1
20 82 9 10
20 83 1 8
20 84 1 1
20 85 6 5
20 86 3 7
20 87 3 8
20 88 3 7
20 91 9 2
20 92 3 5
20 94 4 5
20 95 8 1
20 97 3 8
20 98 6 5
20 99 1 3
20 100 3 10
21 22 5 7
21 23 8 5
21 24 8 8
21 25 7 7
21 26 1 3
21 27 2 10
21 28 6 7
21 33 5 6
21 34 3 2
21 35 6 4
21 36 7 2
21 38 10 5
21 39 5 10
21 40 7 8
21 42 7 3
21 43 5 4
21 44 6 7
21 46 8 7
21 48 6 4
21 49 8 7
21 50 10 10
21 51 9 1
21 52 10 10
21 53 10 8
21 54 4 3
21 55 1 5
21 56 10 7
21 57 1 2
21 58 10 10
21 59 2 10
21 60 7 3
21 61 2 2
21 63 7 10
21 64 4 4
21 65 9 10
21 66 6 6
21 68 2 7
21 70 9 8
21 71 4 10
21 73 6 10
21 74 9 3
21 77 8 3
21 78 6 2
21 79 7 2
21 80 8 5
21 81 10 2
21 82 9 5
21 83 5 6
21 85 3 10
21 86 4 5
21 87 8 2
21 88 5 8
21 90 2 6
21 92 9 9
21 93 9 1
21 94 9 2
21 95 2 2
21 96 5 8
21 97 8 1
21 99 3 2
21 100 9 8
22 23 8 2
22 25 2 3
22 27 2 3
22 28 10 2
22 29 1 1
22 30 6 8
22 31 9 7
22 32 7 8
22 33 4 3
22 34 7 5
22 36 9 10
22 38 8 8
22 39 2 10
22 40 1 4
22 42 6 2
22 43 7 3
22 45 3 3
22 46 10 5
22 47 3 4
22 48 1 4
22 51 6 4
22 53 4 9
22 54 6 1
22 55 3 8
22 56 9 5
22 57 9 9
22 60 1 10
22 61 5 5
22 63 6 6
22 65 7 10
22 66 8 9
22 67 1 5
22 68 8 9
22 69 8 8
22 70 10 9
22 71 9 7
22 72 10 6
22 73 1 2
22 74 2 7
22 75 1 1
22 76 2 3
22 77 6 1
22 78 2 5
22 79 10 7
22 81 6 10
22 82 4 6
22 83 7 1
22 84 10 1
22 85 1 1
22 86 3 3
22 87 7 1
22 88 5 1
22 89 2 6
22 90 1 10
22 91 1 4
22 93 5 6
22 94 5 3
22 95 4 2
22 96 7 6
22 97 5 3
22 98 8 7
22 99 3 1
22 100 4 4
23 24 7 10
23 25 2 1
23 26 2 8
23 29 4 9
23 30 6 8
23 31 9 4
23 32 4 9
23 33 10 1
23 34 9 6
23 36 6 1
23 38 4 9
23 42 7 7
23 43 3 7
23 44 8 10
23 45 9 2
23 46 9 10
23 50 1 9
23 51 1 6
23 53 9 6
23 54 8 8
23 56 5 5
23 57 2 3
23 59 5 10
23 60 6 6
23 61 7 4
23 62 7 6
23 63 8 7
23 64 2 7
23 65 3 10
23 68 6 1
23 69 2 7
23 71 1 10
23 72 3 8
23 73 8 10
23 74 8 7
23 75 1 1
23 76 9 7
23 77 7 2
23 78 5 4
23 79 9 5
23 81 4 10
23 82 9 9
23 86 6 7
23 89 8 3
23 90 6 1
23 91 8 1
23 92 3 9
23 93 3 4
23 94 4 5
23 95 3 4
23 96 10 8
23 97 2 4
23 98 7 7
23 99 7 9
23 100 3 7
24 25 3 4
24 26 7 10
24 27 8 4
24 28 1 10
24 29 7 5
24 30 8 2
24 31 8 6
24 32 1 4
24 33 3 10
24 35 3 6
24 36 3 8
24 37 2 1
24 38 7 6
24 39 4 6
24 41 7 9
24 42 6 2
24 43 1 6
24 45 9 9
24 46 4 9
24 47 3 4
24 48 2 9
24 50 6 2
24 51 8 3
24 52 5 3
24 53 4 3
24 54 4 7
24 57 2 10
24 58 4 9
24 59 10 1
24 61 7 6
24 62 7 7
24 64 9 4
24 65 9 5
24 67 4 5
24 70 3 7
24 71 4 2
24 72 10 9
24 73 9 4
24 74 10 7
24 75 10 4
24 76 7 7
24 77 5 7
24 78 8 2
24 79 7 4
24 80 2 7
24 81 8 1
24 82 6 8
24 83 5 7
24 84 3 4
24 85 5 3
24 86 3 1
24 87 1 8
24 89 2 10
24 90 7 4
24 91 2 7
24 92 2 3
24 94 10 10
24 95 4 8
24 96 6 5
24 98 5 7
24 99 6 10
24 100 7 7
25 26 1 6
25 27 9 3
25 28 4 4
25 29 2 5
25 32 8 1
25 33 10 9
25 34 2 10
25 35 7 7
25 36 9 8
25 37 2 9
25 38 3 4
25 39 10 8
25 40 6 3
25 41 1 7
25 43 8 6
25 44 10 4
25 46 8 9
25 47 3 3
25 48 10 10
25 50 6 7
25 52 10 8
25 53 4 3
25 54 1 6
25 55 10 10
25 58 2 5
25 59 8 9
25 60 5 6
25 62 10 1
25 63 5 10
25 64 1 4
25 65 3 8
25 66 2 1
25 67 10 3
25 68 7 3
25 69 2 9
25 70 4 10
25 72 1 6
25 73 7 2
25 74 9 9
25 76 7 2
25 77 5 1
25 78 3 3
25 79 4 1
25 80 7 2
25 81 1 7
25 82 1 5
25 83 6 10
25 84 1 5
25 85 8 2
25 87 8 3
25 88 9 5
25 89 8 9
25 91 7 8
25 94 8 2
25 97 9 9
25 98 8 6
25 99 5 6
25 100 4 9
26 27 2 5
26 28 2 5
26 30 7 3
26 31 3 10
26 32 5 3
26 34 4 9
26 35 4 2
26 38 3 3
26 39 7 2
26 40 10 10
26 41 6 8
26 42 5 2
26 43 1 7
26 45 5 5
26 46 7 1
26 49 8 2
26 50 2 8
26 52 9 4
26 53 8 4
26 54 5 3
26 55 4 4
26 56 10 3
26 57 7 3
26 59 7 7
26 60 5 6
26 61 5 3
26 62 3 6
26 65 2 2
26 66 8 2
26 67 7 7
26 69 9 3
26 71 3 9
26 74 10 6
26 75 5 6
26 76 3 1
26 77 10 8
26 78 8 6
26 79 5 7
26 81 3 9
26 82 2 3
26 84 2 1
26 85 4 8
26 86 9 2
26 87 5 3
26 88 10 3
26 89 8 2
26 90 9 1
26 91 7 9
26 92 1 10
26 93 5 3
26 94 6 5
26 95 5 4
26 96 4 5
26 98 2 3
26 100 2 9
27 28 10 8
27 29 9 9
27 30 4 1
27 31 7 8
27 32 2 5
27 33 6 6
27 34 6 1
27 36 9 2
27 38 1 1
27 39 10 10
27 40 9 6
27 41 8 5
27 42 7 5
27 43 7 2
27 44 9 5
27 46 1 8
27 47 2 1
27 48 6 10
27 49 5 2
27 50 1 7
27 51 2 9
27 52 3 5
27 53 4 5
27 54 1 7
27 55 8 8
27 56 2 2
27 58 9 8
27 59 10 8
27 60 6 4
27 61 10 3
27 62 8 5
27 63 9 9
27 64 1 7
27 65 10 5
27 66 2 3
27 68 7 10
27 69 5 2
27 71 10 3
27 72 8 9
27 73 6 6
27 74 10 10
27 76 9 9
27 77 10 4
27 78 1 7
27 80 9 10
27 81 3 7
27 82 2 8
27 83 1 4
27 84 1 1
27 85 1 9
27 86 8 2
27 87 4 4
27 90 1 5
27 91 5 6
27 93 1 2
27 94 2 5
27 95 1 9
27 99 10 7
28 29 5 6
28 30 4 4
28 31 1 7
28 32 3 6
28 34 7 5
28 35 2 7
28 39 1 5
28 40 4 8
28 41 5 8
28 42 10 1
28 43 4 8
28 44 4 4
28 46 5 1
28 48 7 7
28 49 5 10
28 51 7 1
28 52 4 8
28 53 9 10
28 54 5 8
28 55 5 3
28 56 4 8
28 57 2 4
28 59 3 9
28 60 1 7
28 61 2 2
28 63 7 3
28 64 8 4
28 65 8 10
28 66 4 10
28 67 6 2
28 68 4 1
28 69 1 4
28 71 10 2
28 72 2 2
28 74 4 5
28 75 6 7
28 77 1 10
28 79 7 9
28 80 3 7
28 81 7 8
28 83 8 9
28 84 4 6
28 85 6 1
28 87 4 6
28 88 3 1
28 92 1 3
28 93 9 5
28 94 1 10
28 95 4 8
28 96 7 6
28 97 9 6
28 100 10 6
29 30 3 1
29 31 2 10
29 32 9 10
29 34 10 7
29 35 10 10
29 36 6 5
29 37 3 1
29 38 4 3
29 39 2 1
29 40 10 10
29 41 4 5
29 42 6 4
29 44 2 8
29 46 4 2
29 47 1 6
29 48 5 7
29 49 9 4
29 50 10 8
29 51 6 7
29 53 7 10
29 54 1 4
29 55 7 6
29 56 4 9
29 57 10 4
29 59 8 7
29 60 2 8
29 61 2 7
29 63 3 6
29 64 8 4
29 66 4 8
29 67 10 1
29 68 3 4
29 70 8 3
29 71 2 2
29 72 5 10
29 73 6 8
29 74 2 2
29 75 1 4
29 77 10 3
29 78 1 5
29 79 10 8
29 81 10 2
29 82 10 1
29 83 4 4
29 84 10 3
29 85 9 1
29 86 8 10
29 87 10 1
29 88 5 1
29 90 10 8
29 92 10 1
29 93 5 2
29 94 7 6
29 96 6 3
29 97 4 3
29 99 2 5
29 100 7 3
30 31 1 8
30 32 5 3
30 34 9 5
30 36 5 7
30 37 4 9
30 38 4 10
30 39 7 5
30 41 7 1
30 42 1 9
30 44 5 8
30 45 5 7
30 46 8 8
30 47 10 7
30 48 10 8
30 49 7 8
30 50 8 10
30 51 1 1
30 52 3 8
30 53 8 4
30 54 1 9
30 55 6 3
30 56 9 6
30 57 7 10
30 58 7 1
30 59 4 6
30 60 6 6
30 61 3 5
30 64 10 4
30 65 4 9
30 66 7 3
30 68 7 5
30 69 4 5
30 70 1 2
30 73 3 10
30 74 10 1
30 75 1 9
30 76 1 7
30 77 4 1
30 78 4 9
30 79 5 10
30 81 8 4
30 82 6 10
30 83 2 8
30 85 7 9
30 86 6 4
30 87 9 6
30 88 8 9
30 89 4 3
30 91 7 8
30 92 8 10
30 93 10 2
30 94 1 2
30 96 8 4
30 97 9 9
30 100 7 5
31 32 8 5
31 36 10 8
31 37 8 5
31 38 8 10
31 39 10 1
31 40 2 8
31 41 2 7
31 42 10 10
31 43 2 9
31 44 2 8
31 45 8 8
31 46 5 6
31 47 9 10
31 48 6 9
31 49 3 4
31 50 2 9
31 54 6 4
31 55 6 9
31 56 6 7
31 57 2 9
31 58 6 1
31 60 10 10
31 61 7 8
31 62 3 1
31 63 3 6
31 64 10 3
31 65 7 4
31 67 8 9
31 68 4 4
31 71 8 1
31 72 4 3
31 73 8 3
31 74 6 7
31 75 1 1
31 77 1 1
31 78 9 7
31 79 3 1
31 80 6 4
31 81 1 1
31 82 10 5
31 83 1 10
31 84 5 4
31 86 2 10
31 87 2 1
31 88 3 6
31 91 9 5
31 92 3 6
31 94 8 2
31 95 1 3
31 96 8 4
31 97 3 2
31 98 7 10
31 99 4 5
31 100 10 4
32 33 5 3
32 34 6 9
32 35 7 5
32 36 1 9
32 38 8 10
32 40 8 6
32 41 8 10
32 42 4 9
32 44 4 5
32 45 2 4
32 46 8 7
32 47 8 8
32 48 6 2
32 50 5 7
32 51 4 6
32 52 4 7
32 53 2 2
32 54 6 8
32 55 1 9
32 56 8 6
32 57 10 1
32 58 6 9
32 59 4 3
32 60 1 4
32 61 5 10
32 62 6 8
32 63 6 3
32 64 9 8
32 65 1 10
32 66 2 5
32 67 9 10
32 68 1 2
32 69 7 7
32 70 9 9
32 74 7 7
32 75 1 10
32 76 4 4
32 77 5 3
32 79 9 9
32 80 4 5
32 81 9 4
32 84 4 2
32 85 1 2
32 86 9 3
32 87 8 1
32 88 9 7
32 89 1 8
32 90 5 10
32 91 8 5
32 92 2 8
32 93 4 7
32 95 1 5
32 96 10 4
32 98 2 10
32 99 1 10
33 35 6 1
33 36 2 4
33 37 10 1
33 38 5 4
33 39 6 1
33 42 8 5
33 43 3 2
33 44 2 6
33 45 8 10
33 46 7 10
33 48 1 4
33 49 3 9
33 50 9 7
33 51 5 5
33 52 10 4
33 54 4 1
33 56 7 9
33 57 8 7
33 58 6 1
33 59 10 6
33 60 1 8
33 61 1 10
33 62 2 8
33 63 10 5
33 64 2 8
33 65 10 8
33 66 3 3
33 69 3 9
33 70 9 4
33 71 9 8
33 72 9 4
33 73 9 9
33 77 9 3
33 78 8 5
33 79 7 7
33 80 1 10
33 82 1 9
33 83 8 1
33 84 10 7
33 86 2 9
33 88 3 10
33 89 5 9
33 91 4 5
33 92 9 10
33 93 6 9
33 94 6 7
33 95 2 8
33 96 7 9
33 97 8 2
33 98 9 1
33 99 8 8
33 100 10 10
34 35 2 3
34 36 9 9
34 37 5 2
34 38 4 7
34 39 2 8
34 43 9 8
34 44 1 4
34 48 1 2
34 49 8 10
34 50 4 6
34 53 2 10
34 54 7 1
34 55 7 7
34 56 10 5
34 57 6 4
34 58 7 2
34 59 4 6
34 60 8 3
34 61 8 6
34 62 5 4
34 63 1 6
34 64 7 6
34 65 5 6
34 66 10 1
34 67 10 1
34 69 1 2
34 71 1 9
34 72 3 7
34 73 10 6
34 74 7 7
34 75 9 9
34 76 10 9
34 78 3 1
34 79 8 5
34 82 10 3
34 83 10 5
34 84 7 6
34 85 8 7
34 86 4 4
34 87 6 3
34 89 9 8
34 90 1 5
34 91 9 4
34 93 3 10
34 94 4 1
34 95 10 6
34 96 4 6
34 98 9 7
35 36 6 5
35 38 2 1
35 39 3 2
35 40 9 9
35 42 3 2
35 43 4 2
35 44 6 1
35 45 2 1
35 49 10 6
35 50 6 10
35 51 5 6
35 52 6 1
35 53 4 6
35 54 4 8
35 55 3 3
35 56 8 4
35 57 6 1
35 58 1 3
35 59 3 7
35 60 2 6
35 61 4 6
35 62 9 5
35 63 1 8
35 65 3 3
35 67 5 1
35 68 4 8
35 69 6 1
35 70 6 7
35 71 5 4
35 72 6 2
35 73 5 3
35 74 1 8
35 75 8 3
35 76 5 9
35 77 1 6
35 79 3 4
35 80 5 10
35 82 2 7
35 83 1 2
35 84 10 1
35 85 9 3
35 86 10 2
35 87 3 9
35 88 2 7
35 92 5 2
35 93 8 7
35 94 6 8
35 95 8 4
35 97 1 1
35 98 9 5
35 100 1 3
36 38 3 2
36 39 2 4
36 40 5 8
36 41 10 8
36 42 10 9
36 43 4 8
36 44 6 9
36 45 6 10
36 46 6 6
36 47 7 8
36 48 5 3
36 49 8 9
36 50 2 1
36 51 7 5
36 53 8 9
36 57 8 8
36 58 5 10
36 60 8 7
36 61 2 5
36 62 8 8
36 63 2 9
36 64 6 7
36 65 7 3
36 66 1 1
36 68 2 10
36 69 5 8
36 70 10 5
36 72 9 5
36 73 1 2
36 74 4 1
36 75 4 5
36 77 3 2
36 78 4 8
36 79 2 8
36 80 9 3
36 81 6 4
36 84 9 1
36 85 1 2
36 86 8 4
36 87 5 4
36 88 7 9
36 89 10 2
36 92 10 6
36 93 1 2
36 94 10 1
36 95 5 5
36 96 7 3
36 99 8 5
36 100 7 8
37 38 7 10
37 40 7 1
37 42 10 1
37 43 7 1
37 44 10 7
37 45 10 5
37 46 3 7
37 47 4 2
37 48 5 8
37 50 2 7
37 51 10 4
37 52 2 9
37 54 10 2
37 55 5 8
37 56 10 3
37 57 9 4
37 58 3 10
37 59 1 2
37 60 5 4
37 61 8 3
37 62 6 3
37 63 3 1
37 65 9 7
37 67 7 3
37 68 2 3
37 69 9 9
37 70 6 5
37 71 4 5
37 72 5 5
37 73 4 9
37 74 5 3
37 76 6 2
37 77 4 3
37 78 9 6
37 79 1 4
37 81 5 1
37 82 9 7
37 83 4 1
37 85 7 5
37 86 3 7
37 87 3 2
37 88 2 2
37 89 9 5
37 91 6 6
37 92 8 6
37 93 7 8
37 94 3 3
37 95 9 9
37 96 8 8
37 97 5 10
37 98 9 5
37 99 1 9
37 100 4 10
38 39 5 10
38 40 9 5
38 41 7 2
38 42 10 6
38 43 9 1
38 45 5 10
38 46 6 3
38 47 8 10
38 48 4 4
38 49 8 5
38 50 2 4
38 52 6 9
38 54 5 1
38 55 5 6
38 56 10 3
38 58 9 4
38 59 1 7
38 63 9 9
38 64 1 1
38 65 5 6
38 66 4 6
38 67 7 10
38 68 2 2
38 69 1 6
38 70 4 7
38 71 6 4
38 72 10 4
38 75 5 5
38 77 2 7
38 78 10 6
38 79 10 5
38 80 2 5
38 81 2 8
38 82 6 2
38 84 7 3
38 86 1 3
38 88 6 5
38 89 6 4
38 90 3 8
38 91 5 5
38 92 9 1
38 94 2 4
38 96 3 4
38 97 1 6
38 98 3 1
38 100 9 4
39 40 2 10
39 41 4 7
39 42 7 3
39 43 3 8
39 44 3 5
39 45 6 10
39 46 7 2
39 47 5 10
39 48 4 9
39 49 3 3
39 50 3 1
39 51 1 7
39 53 3 7
39 55 5 1
39 56 6 6
39 58 3 8
39 59 8 2
39 60 8 3
39 61 6 10
39 62 6 4
39 63 2 2
39 64 10 9
39 65 2 9
39 66 9 1
39 67 8 9
39 69 8 4
39 70 1 1
39 72 7 1
39 76 4 6
39 77 3 1
39 78 9 6
39 79 3 6
39 80 6 2
39 82 1 7
39 83 5 10
39 84 1 5
39 87 2 8
39 89 7 10
39 90 4 1
39 91 4 10
39 92 3 6
39 93 5 4
39 94 10 4
39 95 5 4
39 97 9 8
39 98 5 9
39 99 8 10
39 100 7 8
40 41 5 2
40 44 6 7
40 46 5 8
40 47 6 5
40 48 4 2
40 49 4 2
40 50 4 4
40 51 7 9
40 52 5 2
40 53 7 3
40 55 10 7
40 56 9 9
40 57 7 3
40 61 6 7
40 62 1 5
40 63 2 6
40 64 9 3
40 65 10 1
40 66 4 4
40 67 4 9
40 68 7 10
40 69 10 3
40 70 4 3
40 71 2 2
40 72 3 3
40 73 6 3
40 75 8 6
40 77 2 6
40 78 10 10
40 81 3 10
40 82 9 5
40 84 5 1
40 85 10 6
40 87 9 7
40 88 7 9
40 90 4 5
40 91 3 10
40 92 1 2
40 93 6 9
40 94 4 8
40 95 3 2
40 96 1 7
40 97 8 2
40 98 1 7
40 99 2 2
40 100 8 8
41 42 3 6
41 44 3 8
41 45 2 6
41 46 10 6
41 48 4 6
41 49 4 2
41 50 9 3
41 51 9 1
41 52 4 8
41 53 3 2
41 55 6 4
41 56 9 9
41 58 3 6
41 59 6 10
41 61 5 7
41 63 4 8
41 66 9 4
41 69 5 9
41 71 2 6
41 72 5 2
41 73 3 9
41 74 4 9
41 75 7 10
41 76 1 1
41 77 1 6
41 78 4 8
41 79 4 4
41 80 7 10
41 81 3 8
41 82 9 9
41 84 1 10
41 86 1 10
41 87 8 6
41 88 2 2
41 89 2 7
41 90 10 1
41 92 4 9
41 93 10 10
41 94 1 5
41 95 7 9
41 96 2 2
41 98 1 8
41 99 5 10
41 100 6 3
42 43 5 5
42 46 2 4
42 48 7 7
42 49 8 10
42 50 6 6
42 51 8 9
42 52 5 3
42 53 9 4
42 54 8 9
42 55 5 4
42 56 8 6
42 57 10 7
42 58 4 10
42 59 8 8
42 61 4 1
42 62 8 6
42 63 1 10
42 64 2 10
42 66 5 6
42 67 1 7
42 68 6 2
42 70 7 1
42 71 10 4
42 72 6 4
42 74 8 5
42 75 10 6
42 76 2 9
42 77 7 9
42 78 5 10
42 79 9 3
42 81 7 4
42 82 4 4
42 83 9 6
42 84 10 7
42 85 7 8
42 86 8 9
42 88 7 2
42 89 8 8
42 92 3 6
42 93 4 4
42 94 5 1
42 96 1 5
42 98 10 9
42 99 2 1
42 100 3 9
43 46 1 2
43 47 6 7
43 48 8 8
43 50 7 1
43 51 6 10
43 52 8 3
43 53 6 1
43 54 6 2
43 55 9 9
43 56 5 3
43 57 7 6
43 58 5 7
43 59 3 10
43 60 9 4
43 61 9 7
43 63 2 9
43 65 7 4
43 66 1 3
43 68 10 7
43 69 4 3
43 70 2 3
43 71 10 6
43 72 9 9
43 74 7 5
43 75 7 8
43 77 10 6
43 78 10 4
43 79 5 8
43 80 6 3
43 81 5 10
43 82 8 9
43 84 5 5
43 85 8 10
43 86 5 9
43 87 3 8
43 88 8 8
43 90 10 6
43 92 9 1
43 94 9 4
43 95 4 1
43 96 5 1
43 97 4 1
43 98 5 1
43 99 4 5
43 100 5 9
44 45 1 2
44 47 5 4
44 48 9 4
44 50 5 5
44 52 3 9
44 53 4 6
44 54 5 6
44 56 1 7
44 58 4 6
44 62 1 6
44 63 5 5
44 65 2 6
44 67 6 3
44 69 4 8
44 70 4 10
44 71 10 8
44 72 6 7
44 73 7 8
44 74 3 1
44 75 7 4
44 76 7 1
44 78 5 1
44 79 8 9
44 80 8 7
44 81 1 3
44 83 7 4
44 85 3 9
44 86 7 2
44 87 4 10
44 89 3 10
44 90 9 7
44 91 5 2
44 92 5 9
44 94 7 9
44 95 3 3
44 96 6 2
44 97 1 10
44 98 8 5
44 99 4 8
44 100 5 1
45 46 7 8
45 47 5 3
45 50 1 9
45 51 4 7
45 52 8 1
45 53 5 6
45 54 3 6
45 55 8 2
45 58 3 8
45 59 10 8
45 60 9 5
45 61 2 5
45 62 3 9
45 63 10 10
45 65 2 2
45 66 9 1
45 67 9 4
45 68 8 4
45 71 5 5
45 72 5 6
45 73 7 10
45 74 3 2
45 75 10 1
45 77 7 7
45 79 8 2
45 80 8 4
45 82 6 10
45 83 8 9
45 84 5 4
45 85 2 2
45 86 9 3
45 88 1 1
45 89 2 2
45 91 2 5
45 92 1 9
45 93 5 9
45 94 8 4
45 95 1 6
45 96 2 10
45 97 7 5
45 99 4 9
46 47 6 9
46 48 3 1
46 49 5 7
46 50 2 9
46 51 9 7
46 52 2 10
46 53 5 2
46 54 5 4
46 55 6 2
46 57 6 8
46 58 7 2
46 59 10 6
46 60 1 5
46 62 10 4
46 64 2 7
46 65 3 4
46 66 4 9
46 68 4 6
46 69 8 5
46 71 4 10
46 72 1 4
46 73 4 8
46 74 7 5
46 75 8 3
46 76 6 6
46 78 9 5
46 79 4 10
46 80 10 2
46 81 9 4
46 82 6 6
46 83 10 5
46 85 5 4
46 86 5 9
46 87 1 6
46 88 8 7
46 89 1 5
46 92 9 10
46 93 9 6
46 94 8 7
46 95 10 4
46 96 10 2
46 97 4 7
46 98 3 9
46 100 7 8
47 49 3 4
47 50 2 2
47 51 5 8
47 54 9 8
47 55 5 6
47 56 3 4
47 58 5 7
47 59 5 3
47 60 6 1
47 61 5 8
47 62 3 7
47 63 4 2
47 64 6 6
47 67 4 9
47 68 10 10
47 69 10 9
47 70 6 1
47 71 10 2
47 72 9 7
47 73 5 10
47 74 5 9
47 75 7 4
47 76 3 5
47 77 9 2
47 78 8 3
47 79 9 5
47 81 5 1
47 82 6 7
47 83 10 9
47 84 9 7
47 85 1 5
47 87 5 10
47 88 6 7
47 89 2 3
47 90 2 7
47 91 6 7
47 92 2 4
47 93 7 5
47 94 9 7
47 95 7 10
47 96 9 6
47 97 5 10
47 98 2 8
47 99 9 5
48 49 3 8
48 50 8 5
48 51 10 5
48 52 4 4
48 53 10 1
48 54 6 2
48 55 10 2
48 56 2 3
48 57 7 1
48 62 8 9
48 63 6 7
48 64 4 10
48 65 2 6
48 66 5 6
48 67 3 6
48 68 2 4
48 69 1 9
48 71 3 10
48 72 5 2
48 75 3 9
48 76 6 7
48 77 10 3
48 78 9 6
48 79 6 2
48 82 1 4
48 85 7 2
48 86 10 4
48 89 2 8
48 90 6 2
48 91 10 5
48 92 2 3
48 93 2 7
48 94 9 10
48 95 4 6
48 97 4 2
48 99 10 10
48 100 6 3
49 50 10 7
49 54 3 5
49 55 1 4
49 56 3 10
49 57 5 7
49 58 7 1
49 59 3 2
49 60 8 3
49 62 4 1
49 63 6 1
49 64 1 4
49 65 5 7
49 66 9 10
49 68 3 4
49 69 1 1
49 70 6 8
49 71 9 9
49 72 7 3
49 73 1 1
49 75 9 3
49 76 7 8
49 77 8 8
49 78 3 6
49 79 2 3
49 80 3 1
49 81 8 7
49 82 6 5
49 83 6 9
49 84 3 3
49 87 7 8
49 89 1 1
49 90 9 8
49 92 2 8
49 93 10 4
49 94 4 6
49 95 9 9
49 96 9 8
49 97 7 1
49 99 7 3
49 100 7 6
50 51 1 7
50 53 3 3
50 55 9 8
50 56 9 9
50 57 2 5
50 58 6 10
50 61 1 4
50 62 1 8
50 63 4 7
50 66 4 8
50 67 5 9
50 68 1 6
50 69 8 1
50 70 2 1
50 71 7 9
50 72 10 8
50 73 10 4
50 74 6 5
50 75 7 6
50 76 6 1
50 78 4 6
50 80 1 9
50 81 10 3
50 82 7 7
50 83 1 8
50 84 7 2
50 85 10 8
50 86 4 7
50 87 4 10
50 88 7 9
50 89 10 10
50 91 8 9
50 92 9 6
50 93 1 3
50 94 3 9
50 96 5 3
50 97 10 3
50 98 3 8
50 99 3 6
51 53 1 3
51 54 9 1
51 55 7 8
51 58 9 1
51 59 10 10
51 60 9 8
51 61 7 9
51 62 9 5
51 64 5 1
51 65 9 5
51 66 5 4
51 67 3 2
51 68 6 5
51 69 9 5
51 70 10 8
51 71 10 7
51 72 8 2
51 73 6 6
51 74 8 6
51 75 9 10
51 76 6 3
51 77 3 8
51 80 6 4
51 82 1 6
51 83 1 1
51 84 8 6
51 86 2 5
51 87 1 7
51 88 8 6
51 89 1 9
51 90 8 1
51 91 9 9
51 93 6 8
51 94 3 6
51 95 5 5
51 96 6 7
51 97 1 8
51 99 9 8
52 53 7 5
52 55 9 4
52 56 1 7
52 58 6 2
52 59 10 2
52 61 6 10
52 62 9 10
52 63 5 5
52 65 10 7
52 66 3 10
52 67 9 2
52 68 3 5
52 70 10 1
52 71 1 5
52 72 1 4
52 73 5 9
52 75 2 2
52 76 4 1
52 77 3 5
52 78 3 2
52 79 6 4
52 80 3 6
52 81 2 5
52 82 1 8
52 84 1 7
52 85 8 9
52 86 4 6
52 87 10 3
52 91 3 3
52 92 10 3
52 93 3 3
52 94 9 9
52 95 9 6
52 96 8 1
52 97 5 2
53 55 7 6
53 57 8 10
53 58 5 4
53 61 8 5
53 62 7 6
53 63 6 6
53 64 6 3
53 65 5 7
53 66 2 4
53 68 5 8
53 70 9 10
53 71 6 6
53 73 5 9
53 74 9 5
53 75 2 7
53 76 6 1
53 79 10 6
53 82 9 7
53 83 2 2
53 84 1 8
53 86 7 9
53 87 3 8
53 89 1 8
53 92 1 3
53 93 8 10
53 94 4 6
53 95 6 5
53 97 4 6
53 99 6 3
53 100 6 9
54 55 6 4
54 56 2 4
54 57 1 2
54 58 5 1
54 59 2 9
54 60 8 8
54 62 5 4
54 64 10 9
54 65 4 1
54 67 8 10
54 69 1 3
54 70 9 4
54 71 7 8
54 72 6 10
54 73 4 1
54 74 3 8
54 75 2 5
54 76 4 7
54 77 5 10
54 79 9 6
54 80 5 7
54 82 2 2
54 83 6 2
54 84 9 9
54 85 4 4
54 86 6 3
54 87 6 6
54 88 4 5
54 89 3 9
54 90 6 9
54 92 10 8
54 93 9 3
54 94 10 7
54 95 5 8
54 96 6 8
54 97 2 6
54 98 8 6
54 100 4 9
55 57 3 7
55 58 3 8
55 59 2 3
55 60 2 1
55 61 4 4
55 62 2 5
55 63 2 10
55 65 7 10
55 66 10 7
55 67 2 6
55 68 5 6
55 69 7 6
55 70 5 3
55 71 6 3
55 72 6 7
55 73 6 1
55 76 4 6
55 77 8 9
55 78 9 3
55 79 5 7
55 80 3 10
55 81 5 5
55 84 2 8
55 85 3 5
55 86 1 10
55 88 7 1
55 89 3 5
55 91 1 5
55 92 2 6
55 94 5 2
55 95 5 2
55 97 6 5
55 98 6 7
55 99 4 9
55 100 5 8
56 58 4 10
56 59 2 7
56 60 10 8
56 61 3 2
56 62 9 6
56 63 10 8
56 65 9 1
56 66 4 5
56 67 4 1
56 69 9 1
56 70 5 6
56 72 2 6
56 73 9 10
56 74 1 10
56 75 4 8
56 76 4 8
56 77 6 6
56 78 9 8
56 81 9 4
56 82 8 5
56 83 3 4
56 87 5 4
56 88 9 2
56 89 3 8
56 91 1 3
56 92 5 9
56 93 2 9
56 94 6 10
56 95 7 5
56 96 3 4
56 97 6 3
56 99 5 8
56 100 8 3
57 59 3 9
57 60 9 5
57 61 3 7
57 62 6 9
57 64 1 5
57 65 3 1
57 66 1 3
57 68 2 6
57 69 2 10
57 70 1 6
57 71 6 9
57 72 10 3
57 73 1 10
57 74 1 2
57 75 9 5
57 76 4 4
57 78 7 8
57 79 2 1
57 80 3 4
57 81 9 3
57 84 9 4
57 85 5 4
57 86 1 5
57 87 4 6
57 88 4 6
57 89 6 8
57 90 1 5
57 92 2 10
57 93 4 10
57 94 8 2
57 95 7 9
57 96 1 1
57 97 8 8
57 98 3 10
58 59 2 7
58 60 4 5
58 61 3 3
58 62 3 8
58 63 10 5
58 64 3 7
58 65 10 10
58 66 3 5
58 67 3 7
58 68 5 3
58 70 10 3
58 72 5 3
58 73 6 6
58 75 2 4
58 76 6 1
58 77 1 8
58 78 3 7
58 79 8 5
58 80 10 10
58 81 9 5
58 82 10 8
58 83 8 9
58 84 7 7
58 85 2 6
58 86 3 4
58 87 3 2
58 88 1 9
58 89 10 10
58 90 8 1
58 93 8 10
58 94 1 10
58 95 9 7
58 96 10 10
59 60 8 2
59 61 6 5
59 62 5 10
59 63 7 6
59 64 2 7
59 66 7 7
59 67 4 1
59 69 9 8
59 70 10 8
59 72 4 9
59 73 2 3
59 74 5 9
59 76 8 7
59 77 6 3
59 78 1 3
59 79 8 5
59 80 4 4
59 81 3 6
59 82 1 1
59 83 3 2
59 84 5 3
59 85 8 10
59 86 10 4
59 87 8 7
59 88 6 6
59 89 9 1
59 90 8 5
59 91 5 8
59 92 6 9
59 93 4 5
59 96 9 3
59 97 10 7
59 98 4 7
59 99 8 5
59 100 3 9
60 61 1 8
60 63 6 2
60 64 8 1
60 66 4 8
60 67 2 2
60 68 2 8
60 70 9 1
60 71 5 1
60 72 3 2
60 73 10 5
60 74 10 8
60 77 7 8
60 78 6 9
60 79 9 4
60 80 2 8
60 81 7 10
60 82 5 2
60 83 6 2
60 85 4 3
60 86 4 3
60 87 3 5
60 89 9 7
60 90 4 9
60 91 4 5
60 92 8 8
60 93 3 9
60 94 9 8
60 95 9 4
60 96 9 4
60 99 7 10
61 63 5 8
61 64 8 2
61 65 4 4
61 66 1 6
61 67 3 8
61 68 2 7
61 69 3 1
61 71 3 9
61 72 4 8
61 73 10 9
61 75 1 1
61 76 7 10
61 77 6 9
61 78 7 9
61 79 7 4
61 81 5 1
61 82 5 5
61 84 4 8
61 85 6 6
61 86 7 1
61 87 3 9
61 88 7 6
61 89 4 7
61 90 1 9
61 91 8 10
61 92 9 9
61 93 1 7
61 94 9 4
61 95 10 1
61 96 5 2
61 97 6 4
61 98 5 4
61 99 8 9
61 100 1 4
62 65 3 10
62 66 5 3
62 67 8 2
62 68 7 9
62 69 8 5
62 72 8 2
62 73 2 2
62 75 1 1
62 76 5 6
62 77 3 7
62 78 7 5
62 79 5 5
62 80 10 10
62 81 1 6
62 82 8 8
62 83 9 6
62 84 1 7
62 86 5 1
62 87 10 4
62 88 4 5
62 89 5 4
62 90 4 10
62 91 10 6
62 92 3 2
62 93 1 7
62 94 7 8
62 95 10 4
62 96 8 9
62 97 10 3
62 98 1 8
62 99 8 5
62 100 3 4
63 64 7 5
63 65 1 10
63 66 9 4
63 67 3 7
63 68 1 5
63 69 2 1
63 70 9 4
63 71 9 4
63 72 7 7
63 74 10 3
63 75 5 3
63 76 1 3
63 77 6 9
63 79 7 1
63 80 3 3
63 81 7 9
63 82 2 6
63 83 8 8
63 84 9 9
63 86 9 1
63 87 5 2
63 88 6 1
63 89 4 5
63 90 10 7
63 92 6 7
63 93 9 2
63 94 7 3
63 95 1 6
63 97 7 4
63 98 10 5
63 99 3 10
63 100 1 10
64 66 3 9
64 67 8 2
64 69 8 5
64 70 2 10
64 72 8 3
64 73 6 9
64 74 9 8
64 75 6 7
64 76 1 3
64 78 3 4
64 79 4 1
64 80 10 5
64 81 8 3
64 82 9 8
64 83 1 6
64 85 10 7
64 86 5 8
64 87 4 8
64 88 7 4
64 89 2 9
64 90 9 1
64 91 6 7
64 92 6 4
64 94 4 4
64 95 6 4
64 97 1 5
64 98 5 4
64 100 7 5
65 66 1 4
65 67 7 3
65 68 10 5
65 69 9 2
65 70 3 4
65 71 5 6
65 72 8 4
65 74 7 3
65 75 5 6
65 76 1 5
65 77 4 5
65 80 5 2
65 81 8 5
65 83 5 8
65 84 9 2
65 86 4 3
65 88 4 1
65 89 9 9
65 90 5 10
65 92 3 2
65 94 6 3
65 95 8 6
65 96 8 4
65 98 9 5
65 99 7 5
65 100 3 4
66 67 7 7
66 69 6 7
66 70 2 9
66 71 8 1
66 72 5 8
66 73 8 5
66 74 3 7
66 75 4 6
66 76 1 5
66 77 2 5
66 78 5 3
66 79 7 3
66 80 7 8
66 81 3 4
66 82 2 3
66 83 5 4
66 84 6 3
66 85 4 3
66 86 3 3
66 87 3 6
66 88 8 6
66 89 10 10
66 90 6 9
66 91 6 3
66 92 2 6
66 93 7 6
66 94 10 1
66 95 9 3
66 96 10 2
66 97 8 1
66 98 10 9
66 99 1 10
66 100 8 4
67 68 2 5
67 69 1 1
67 70 8 10
67 72 7 5
67 73 1 5
67 74 6 6
67 75 10 10
67 76 4 2
67 77 5 4
67 78 6 10
67 79 5 9
67 80 9 1
67 81 2 10
67 82 5 2
67 83 8 7
67 84 8 2
67 85 10 6
67 86 2 4
67 87 10 10
67 88 10 1
67 89 7 9
67 90 1 10
67 92 8 10
67 94 6 7
67 97 2 9
67 98 9 8
67 99 7 1
67 100 2 3
68 69 5 2
68 70 10 7
68 71 6 10
68 72 10 8
68 74 8 6
68 75 3 9
68 76 2 1
68 77 6 6
68 78 1 4
68 79 3 4
68 81 3 1
68 82 6 2
68 83 8 7
68 84 6 3
68 85 9 2
68 86 5 4
68 87 8 1
68 88 1 4
68 90 2 7
68 91 7 2
68 92 7 3
68 93 1 6
68 94 6 4
68 95 3 10
68 96 9 10
68 97 10 6
68 99 8 9
69 71 9 7
69 72 7 3
69 73 4 3
69 74 8 6
69 75 1 6
69 76 9 6
69 77 10 5
69 78 8 8
69 79 5 4
69 82 6 2
69 83 9 6
69 85 5 1
69 86 2 3
69 87 1 2
69 90 8 9
69 91 1 10
69 93 3 5
69 94 10 4
69 96 10 1
69 97 10 10
69 98 9 10
69 99 5 2
69 100 6 8
70 71 4 10
70 73 3 4
70 74 1 5
70 76 5 9
70 77 4 2
70 78 1 6
70 79 6 8
70 80 5 10
70 81 8 3
70 82 7 5
70 83 9 8
70 84 3 5
70 85 1 4
70 86 5 9
70 87 4 7
70 88 9 8
70 89 2 6
70 90 3 9
70 91 3 1
70 92 5 5
70 93 8 1
70 94 2 6
70 95 5 9
70 96 9 3
70 97 2 5
70 98 7 4
71 73 9 7
71 74 10 3
71 76 6 2
71 77 3 5
71 79 7 8
71 81 7 4
71 83 6 6
71 84 3 3
71 85 2 2
71 86 8 1
71 87 9 5
71 88 4 10
71 89 6 1
71 90 3 10
71 91 9 3
71 92 4 6
71 93 7 10
71 94 8 2
71 95 2 3
71 97 8 5
71 98 7 6
71 100 1 5
72 73 9 10
72 74 3 5
72 75 10 9
72 76 4 9
72 77 7 9
72 78 3 5
72 79 4 6
72 81 3 5
72 82 7 6
72 83 5 10
72 84 2 5
72 85 4 8
72 87 1 10
72 88 6 8
72 89 6 5
72 90 10 1
72 92 3 1
72 93 1 1
72 94 9 4
72 95 9 10
72 96 4 5
72 97 6 8
72 98 2 6
72 99 9 3
73 74 5 5
73 76 3 6
73 77 4 4
73 78 4 3
73 79 3 10
73 80 3 6
73 81 5 2
73 82 4 4
73 83 1 4
73 84 2 9
73 85 4 3
73 87 6 1
73 88 5 3
73 90 2 1
73 91 8 7
73 92 6 10
73 93 4 7
73 94 6 9
73 95 10 7
73 96 2 9
73 97 10 8
73 98 2 5
73 99 7 3
73 100 5 4
74 76 10 9
74 77 7 5
74 78 4 6
74 80 8 8
74 81 3 2
74 82 4 1
74 83 4 10
74 84 7 10
74 85 4 3
74 86 5 7
74 87 10 10
74 89 2 4
74 90 9 8
74 91 1 8
74 93 9 1
74 95 10 7
74 96 8 9
74 97 5 10
74 98 9 1
74 99 8 2
74 100 2 6
75 76 2 8
75 77 5 9
75 78 5 10
75 79 4 8
75 80 10 7
75 81 3 3
75 82 1 8
75 84 3 6
75 85 7 5
75 86 8 6
75 87 7 1
75 88 3 9
75 89 10 9
75 90 3 5
75 92 3 10
75 93 7 6
75 94 9 5
75 95 6 10
75 96 3 3
75 97 3 7
75 98 9 7
75 99 9 9
76 77 6 1
76 78 8 7
76 79 5 5
76 80 7 1
76 82 2 8
76 83 5 6
76 85 8 6
76 86 6 9
76 87 2 3
76 88 1 9
76 90 7 1
76 91 2 4
76 92 9 9
76 93 5 1
76 94 3 10
76 95 4 9
76 96 7 9
76 97 6 9
76 99 10 3
76 100 2 3
77 78 2 10
77 79 3 7
77 80 2 6
77 81 3 8
77 83 5 6
77 84 5 2
77 85 8 1
77 86 1 8
77 87 2 8
77 88 10 8
77 89 8 1
77 90 3 7
77 91 10 3
77 92 9 4
77 93 4 7
77 94 7 10
77 95 7 4
77 96 6 5
77 97 4 9
77 98 1 4
77 99 8 6
77 100 10 3
78 79 9 9
78 80 9 10
78 81 3 9
78 82 9 8
78 83 4 6
78 84 10 7
78 86 1 3
78 87 2 8
78 88 8 10
78 90 4 8
78 91 10 3
78 92 5 2
78 93 7 2
78 94 3 9
78 95 4 10
78 97 6 8
78 99 10 10
78 100 6 6
79 80 5 7
79 81 6 9
79 82 7 6
79 83 8 3
79 84 5 10
79 86 3 9
79 87 7 2
79 88 7 6
79 89 8 10
79 91 9 6
79 92 8 2
79 93 8 9
79 94 8 8
79 95 5 4
79 96 1 1
79 99 1 9
79 100 10 4
80 81 3 5
80 82 10 10
80 83 5 8
80 84 7 1
80 86 8 2
80 88 3 4
80 89 6 7
80 90 2 1
80 91 1 8
80 93 9 4
80 94 4 9
80 95 9 5
80 96 4 5
80 97 1 6
80 98 1 4
81 82 9 9
81 83 10 9
81 84 6 9
81 85 1 6
81 86 5 8
81 87 4 2
81 88 10 5
81 91 3 10
81 93 3 4
81 94 10 5
81 95 4 5
81 96 7 7
81 97 10 6
81 98 5 7
81 99 9 6
81 100 8 5
82 83 4 1
82 84 6 3
82 88 9 6
82 90 5 6
82 91 9 3
82 92 8 2
82 93 3 10
82 94 2 2
82 95 5 9
82 96 3 7
82 97 9 2
82 98 6 9
82 99 9 4
82 100 5 5
83 84 9 10
83 85 10 7
83 87 1 3
83 88 5 9
83 89 9 4
83 90 8 6
83 91 4 3
83 92 3 4
83 93 5 3
83 94 1 5
83 95 5 1
83 96 8 6
83 97 5 1
83 98 7 6
83 99 9 7
83 100 9 6
84 86 4 6
84 87 10 1
84 88 8 8
84 89 4 2
84 90 1 3
84 91 3 7
84 92 8 9
84 93 4 10
84 94 10 5
84 95 7 5
84 96 8 8
84 97 2 9
84 98 10 2
84 99 2 2
85 88 3 5
85 89 5 8
85 90 2 6
85 93 1 1
85 94 7 2
85 95 3 7
85 97 7 10
85 98 1 4
85 99 1 6
85 100 3 10
86 87 3 9
86 90 1 10
86 91 4 3
86 92 8 1
86 93 1 8
86 94 4 3
86 95 3 3
86 96 6 1
86 97 2 10
86 98 3 3
86 99 7 3
86 100 3 1
87 88 5 9
87 89 1 9
87 90 10 10
87 92 8 3
87 93 9 4
87 94 7 4
87 95 2 1
87 96 7 1
87 97 6 4
87 98 2 8
87 99 4 10
87 100 1 8
88 89 7 8
88 90 8 1
88 91 6 4
88 92 5 4
88 93 2 9
88 94 8 9
88 95 3 10
88 96 8 6
88 97 1 7
88 99 8 4
88 100 4 5
89 92 1 6
89 93 3 6
89 94 7 2
89 96 6 5
89 97 6 4
89 98 7 4
89 99 10 10
89 100 7 5
90 91 9 2
90 92 4 2
90 93 1 10
90 94 7 10
90 95 6 2
90 96 4 8
90 97 2 3
90 98 7 5
90 99 9 9
90 100 9 10
91 92 2 5
91 93 2 10
91 94 3 2
91 95 4 5
91 97 6 2
91 98 10 9
91 99 3 8
91 100 2 5
92 94 4 4
92 96 8 3
92 97 7 8
92 100 10 9
93 95 2 5
93 96 10 6
93 97 6 5
93 98 7 5
93 99 8 2
93 100 7 5
94 97 10 1
95 96 10 4
95 98 7 4
95 99 3 5
95 100 8 7
96 97 4 3
96 98 5 5
96 99 9 9
96 100 5 7
97 98 8 3
97 99 5 6
98 99 2 3
98 100 5 3
1
1 2 3 4 5 6 7 8 9 10 11 12 13 14 15 16 17 18 19 20 21 22 23 24 25 26 27 28 29 30 31 32 33 34 35 36 37 38 39 40 41 42 43 44 45 46 47 48 49 50
