3956
1 3 5 6
1 4 8 6
1 5 8 9
1 6 3 2
1 7 6 9
1 8 4 6
1 9 5 2
1 10 2 7
1 11 2 8
1 12 4 1
1 13 3 5
1 14 1 5
1 15 6 7
1 16 2 7
1 17 10 2
1 18 4 3
1 19 3 8
1 21 1 5
1 22 8 7
1 24 5 10
1 25 1 8
1 26 5 4
1 27 8 2
1 28 10 3
1 30 2 10
1 31 6 10
1 32 4 2
1 36 3 4
1 37 4 10
1 38 6 4
1 40 8 2
1 42 7 6
1 43 2 2
1 45 5 3
1 46 3 8
1 47 10 5
1 48 3 4
1 49 2 7
1 50 9 6
1 51 5 8
1 53 8 1
1 54 5 1
1 55 6 7
1 56 3 5
1 58 5 7
1 59 6 9
1 60 10 6
1 61 2 9
1 62 2 9
1 63 4 4
1 65 4 6
1 66 9 7
1 67 5 3
1 68 9 1
1 69 4 3
1 71 1 2
1 73 6 7
1 74 7 1
1 76 2 4
1 78 6 10
1 79 9 3
1 80 6 3
1 81 10 8
1 82 3 4
1 83 10 3
1 84 9 6
1 85 2 6
1 86 6 5
1 87 10 3
1 88 9 9
1 91 5 2
1 92 5 2
1 93 1 4
1 94 10 3
1 95 6 7
1 96 6 6
1 97 3 9
1 98 2 1
1 99 10 1
1 100 4 5
2 3 4 3
2 5 3 10
2 6 2 1
2 7 6 10
2 8 1 2
2 9 4 1
2 10 10 1
2 11 1 5
2 13 7 8
2 14 1 1
2 16 8 10
2 17 3 1
2 18 1 1
2 19 5 3
2 20 3 7
2 21 3 9
2 22 9 9
2 23 10 5
2 24 3 4
2 25 2 6
2 26 3 1
2 27 9 8
2 28 4 1
2 29 5 2
2 31 7 7
2 33 4 2
2 34 7 6
2 35 7 4
2 37 10 8
2 38 1 2
2 39 10 8
2 40 9 4
2 41 8 10
2 42 6 8
2 44 3 2
2 46 7 6
2 47 9 7
2 48 7 9
2 50 2 10
2 51 9 5
2 52 6 10
2 53 3 6
2 54 3 5
2 55 8 5
2 56 10 5
2 57 5 9
2 58 8 9
2 62 4 8
2 63 6 7
2 65 10 7
2 66 1 3
2 70 6 8
2 71 4 10
2 72 10 7
2 74 9 9
2 76 4 4
2 77 4 8
2 81 1 6
2 82 2 6
2 83 8 4
2 84 10 7
2 85 10 2
2 86 7 5
2 87 5 6
2 89 3 2
2 90 9 10
2 91 2 9
2 92 4 4
2 93 9 2
2 95 5 10
2 96 5 8
2 97 10 8
2 99 5 8
2 100 7 10
3 4 7 10
3 5 7 5
3 6 6 9
3 7 10 10
3 8 4 8
3 9 6 8
3 10 4 10
3 11 3 2
3 12 10 1
3 13 6 4
3 14 1 7
3 17 9 8
3 18 8 10
3 19 10 2
3 20 5 8
3 21 10 2
3 22 8 3
3 23 8 3
3 24 2 7
3 25 1 2
3 26 7 3
3 28 9 8
3 30 9 6
3 31 6 2
3 33 2 9
3 34 5 8
3 35 2 7
3 36 6 5
3 37 5 1
3 39 5 4
3 40 7 2
3 41 6 4
3 42 4 1
3 43 5 3
3 44 5 8
3 45 1 5
3 46 5 2
3 47 3 1
3 48 4 1
3 49 7 2
3 50 8 4
3 51 1 6
3 52 1 8
3 53 6 5
3 54 2 1
3 55 3 7
3 56 4 1
3 57 10 8
3 59 5 7
3 60 7 3
3 61 3 8
3 62 5 9
3 63 10 6
3 64 10 1
3 65 8 8
3 68 5 7
3 69 5 1
3 70 8 1
3 71 9 9
3 72 5 8
3 73 1 6
3 76 1 8
3 77 6 10
3 78 4 10
3 79 2 6
3 80 6 8
3 81 8 4
3 82 2 6
3 84 10 10
3 85 8 4
3 86 10 4
3 87 4 8
3 88 2 7
3 89 5 1
3 91 8 1
3 92 1 2
3 93 7 7
3 94 8 3
3 95 5 3
3 96 10 10
3 97 1 2
3 98 10 7
3 99 8 2
3 100 5 9
4 6 7 5
4 8 3 7
4 9 4 7
4 10 7 6
4 11 4 8
4 12 10 9
4 13 6 1
4 14 6 10
4 15 6 2
4 16 4 2
4 17 8 2
4 18 7 3
4 19 5 6
4 20 9 7
4 21 8 9
4 22 7 6
4 23 7 4
4 25 10 6
4 26 3 4
4 28 4 4
4 29 9 3
4 30 7 6
4 31 5 5
4 32 3 8
4 33 4 10
4 34 9 9
4 36 6 10
4 37 4 3
4 38 6 1
4 39 10 10
4 40 8 6
4 41 9 2
4 42 2 2
4 43 6 5
4 44 10 5
4 45 1 7
4 47 10 5
4 48 8 2
4 49 9 5
4 50 2 1
4 51 5 2
4 53 2 2
4 54 3 8
4 55 9 7
4 57 9 9
4 58 3 2
4 59 2 1
4 60 5 5
4 62 3 2
4 63 8 1
4 65 4 4
4 66 4 10
4 67 8 6
4 68 7 3
4 70 7 7
4 71 1 2
4 72 4 6
4 74 4 1
4 76 3 9
4 77 8 4
4 78 9 3
4 79 8 6
4 80 2 3
4 81 4 5
4 82 9 6
4 83 2 8
4 84 6 6
4 88 8 8
4 89 8 3
4 90 9 8
4 91 8 10
4 92 6 1
4 94 7 8
4 96 9 10
4 97 7 1
4 99 10 4
4 100 7 4
5 6 5 8
5 7 4 10
5 10 10 9
5 11 7 2
5 13 5 3
5 14 10 5
5 15 8 5
5 16 8 6
5 17 1 3
5 18 9 5
5 19 3 9
5 20 6 3
5 21 10 3
5 23 9 10
5 24 5 10
5 25 10 3
5 26 2 1
5 28 1 10
5 30 10 10
5 31 4 10
5 32 6 1
5 33 4 6
5 34 6 6
5 36 4 5
5 37 6 1
5 38 10 8
5 39 4 5
5 40 6 1
5 41 3 7
5 42 7 9
5 43 6 5
5 44 9 7
5 46 4 10
5 51 7 7
5 52 9 7
5 53 5 3
5 54 8 10
5 55 10 8
5 57 7 3
5 58 10 6
5 59 5 1
5 60 9 1
5 61 10 6
5 62 10 1
5 64 10 9
5 65 8 6
5 68 10 5
5 69 8 10
5 71 9 3
5 72 10 6
5 73 7 2
5 74 10 4
5 75 7 4
5 76 2 1
5 77 4 10
5 78 7 6
5 79 1 10
5 80 10 10
5 81 9 4
5 82 8 1
5 83 7 2
5 84 1 9
5 85 6 8
5 86 2 1
5 87 8 7
5 88 7 2
5 89 4 10
5 90 4 4
5 92 4 3
5 94 10 6
5 95 9 8
5 96 6 5
5 97 10 5
5 98 8 2
5 99 9 4
5 100 2 7
6 7 7 3
6 8 8 1
6 10 5 3
6 12 2 3
6 13 4 7
6 14 6 10
6 15 5 3
6 18 7 9
6 20 5 3
6 22 2 7
6 24 7 4
6 25 4 6
6 27 2 8
6 28 7 8
6 30 1 5
6 32 6 5
6 35 7 9
6 37 4 9
6 38 9 8
6 41 6 5
6 42 7 2
6 43 8 5
6 45 3 10
6 46 8 1
6 47 8 4
6 48 4 6
6 49 7 7
6 51 4 4
6 53 7 10
6 54 6 6
6 55 3 4
6 56 8 6
6 57 1 7
6 59 1 2
6 60 8 6
6 61 5 7
6 62 6 3
6 63 6 10
6 64 5 5
6 66 1 3
6 67 2 5
6 68 1 4
6 70 2 9
6 71 9 5
6 72 5 3
6 73 8 4
6 74 3 1
6 75 1 1
6 76 1 6
6 77 10 1
6 78 6 6
6 80 1 7
6 81 1 3
6 82 2 9
6 83 8 7
6 85 2 10
6 86 3 7
6 88 8 4
6 89 7 9
6 90 3 8
6 91 9 2
6 92 5 10
6 93 1 6
6 94 10 1
6 96 5 7
6 97 2 3
6 98 5 3
6 99 9 8
6 100 4 8
7 8 9 1
7 9 8 5
7 10 9 7
7 11 8 8
7 12 7 3
7 13 8 4
7 14 5 6
7 15 6 2
7 16 2 10
7 17 8 9
7 18 1 7
7 20 2 1
7 21 9 5
7 22 4 5
7 24 1 3
7 25 10 1
7 26 4 8
7 27 3 8
7 28 5 4
7 29 3 10
7 30 2 3
7 31 4 8
7 32 8 8
7 33 1 8
7 34 5 1
7 35 8 9
7 37 6 8
7 38 1 10
7 40 8 8
7 41 1 8
7 42 6 8
7 45 6 2
7 46 8 4
7 47 10 3
7 48 10 7
7 49 6 5
7 50 5 2
7 51 7 2
7 52 9 2
7 53 10 4
7 54 8 9
7 55 2 5
7 58 4 9
7 62 7 5
7 63 5 7
7 65 1 5
7 66 2 10
7 67 9 7
7 68 7 4
7 69 4 1
7 71 1 5
7 72 8 1
7 73 2 1
7 74 4 9
7 75 10 3
7 76 7 3
7 77 7 7
7 79 1 9
7 80 8 7
7 82 3 8
7 83 8 5
7 84 7 6
7 85 9 5
7 87 2 8
7 88 9 2
7 89 1 5
7 90 6 4
7 91 5 1
7 92 6 2
7 93 2 1
7 94 7 10
7 95 3 10
7 96 2 1
7 97 6 7
7 98 4 8
7 99 8 1
7 100 10 6
8 9 7 2
8 10 6 9
8 11 4 5
8 12 10 10
8 15 4 2
8 16 3 2
8 17 6 9
8 18 7 6
8 19 1 9
8 20 1 5
8 22 4 8
8 23 10 1
8 24 1 8
8 26 9 9
8 27 9 1
8 28 9 3
8 29 7 8
8 30 1 10
8 32 6 2
8 34 4 1
8 36 3 4
8 37 1 5
8 39 2 1
8 41 9 4
8 42 5 2
8 43 10 2
8 44 3 3
8 45 4 3
8 46 5 10
8 47 5 8
8 48 1 10
8 49 6 8
8 50 3 9
8 51 10 6
8 52 7 9
8 53 10 5
8 54 7 3
8 56 1 10
8 57 5 2
8 58 9 2
8 59 6 2
8 61 2 4
8 62 2 1
8 63 8 2
8 65 6 1
8 67 8 9
8 70 3 2
8 71 8 6
8 72 2 5
8 73 4 1
8 74 5 7
8 75 7 5
8 76 7 10
8 77 4 8
8 78 9 10
8 79 9 1
8 80 4 7
8 81 6 6
8 82 1 9
8 83 9 1
8 85 2 3
8 86 7 6
8 87 7 6
8 88 8 9
8 89 5 1
8 90 1 10
8 92 2 2
8 93 6 4
8 94 1 3
8 95 10 7
8 96 3 3
8 97 2 9
8 98 10 2
8 99 4 9
8 100 5 5
9 10 3 2
9 11 4 4
9 12 8 6
9 13 8 4
9 14 2 9
9 15 2 10
9 17 9 7
9 18 1 6
9 19 10 7
9 20 10 2
9 21 6 4
9 23 10 6
9 24 1 7
9 25 6 7
9 27 1 7
9 28 7 7
9 29 5 3
9 30 3 8
9 31 9 6
9 33 6 5
9 34 10 10
9 35 5 8
9 36 4 1
9 37 1 10
9 38 5 7
9 39 6 3
9 40 6 6
9 42 4 5
9 43 1 3
9 47 7 9
9 48 4 8
9 49 5 3
9 50 9 2
9 51 1 2
9 53 9 9
9 54 8 2
9 55 2 5
9 56 8 7
9 57 5 1
9 58 8 3
9 59 6 2
9 60 7 10
9 61 9 6
9 62 5 6
9 64 7 1
9 65 5 2
9 66 8 1
9 67 10 6
9 68 1 1
9 69 7 6
9 70 3 6
9 71 10 9
9 72 10 10
9 73 3 7
9 74 3 9
9 75 10 7
9 76 7 6
9 77 10 9
9 78 6 9
9 79 3 6
9 80 10 3
9 81 8 1
9 82 6 2
9 88 5 4
9 90 4 7
9 92 6 3
9 93 7 1
9 94 8 2
9 95 2 8
9 96 4 7
9 97 3 6
9 99 4 7
9 100 5 9
10 11 1 3
10 12 5 10
10 13 2 3
10 14 3 4
10 15 6 6
10 16 7 6
10 17 1 9
10 19 4 8
10 20 8 2
10 21 5 9
10 22 4 8
10 23 10 1
10 25 6 1
10 26 6 6
10 27 8 6
10 28 4 1
10 29 4 6
10 30 3 2
10 32 9 3
10 33 2 4
10 35 9 2
10 37 8 8
10 38 10 10
10 39 9 4
10 40 1 1
10 42 4 9
10 44 1 7
10 45 7 9
10 46 1 6
10 47 3 1
10 50 3 1
10 51 1 8
10 54 1 7
10 55 1 2
10 57 2 8
10 59 3 9
10 60 4 4
10 61 5 8
10 62 1 5
10 63 3 7
10 64 8 1
10 65 1 9
10 67 7 7
10 68 2 6
10 71 3 10
10 72 3 4
10 73 3 7
10 74 9 5
10 76 3 8
10 78 2 7
10 79 8 6
10 81 5 4
10 82 5 9
10 83 10 8
10 84 7 5
10 85 8 1
10 86 6 5
10 87 2 8
10 88 4 6
10 89 6 2
10 90 9 10
10 91 6 8
10 92 6 5
10 94 3 10
10 95 10 8
10 96 1 1
10 97 8 4
10 98 8 9
10 99 6 10
10 100 3 3
11 12 5 4
11 13 4 6
11 15 6 3
11 16 2 7
11 17 2 1
11 19 10 2
11 20 4 2
11 22 4 3
11 23 4 1
11 26 4 10
11 27 1 4
11 28 1 10
11 31 9 9
11 32 8 4
11 33 6 9
11 34 3 2
11 37 3 10
11 39 4 6
11 41 4 4
11 42 3 8
11 43 3 6
11 44 2 2
11 45 5 5
11 47 3 3
11 48 2 9
11 49 7 2
11 50 9 9
11 51 4 4
11 52 8 2
11 53 3 6
11 54 10 3
11 55 5 6
11 57 7 5
11 58 6 2
11 59 5 7
11 60 2 4
11 61 10 1
11 62 10 10
11 63 2 4
11 64 6 5
11 65 7 4
11 66 1 1
11 68 6 5
11 69 3 8
11 70 8 9
11 71 2 3
11 72 1 5
11 73 3 8
11 74 10 9
11 75 2 8
11 76 1 1
11 78 3 9
11 79 1 4
11 80 1 8
11 81 8 3
11 82 9 10
11 83 4 8
11 84 9 4
11 85 1 2
11 87 10 10
11 88 6 1
11 89 2 2
11 90 7 8
11 91 9 5
11 92 6 9
11 93 10 3
11 94 2 8
11 95 5 4
11 97 4 1
11 98 1 9
11 99 6 4
11 100 5 5
12 13 1 10
12 14 5 4
12 15 3 2
12 18 7 1
12 19 8 7
12 20 4 5
12 21 6 2
12 22 3 6
12 23 10 9
12 24 4 4
12 26 2 6
12 27 9 9
12 28 10 8
12 29 10 4
12 30 1 4
12 31 7 9
12 32 8 5
12 34 8 6
12 36 6 3
12 37 1 10
12 38 3 3
12 39 3 5
12 40 5 4
12 41 9 2
12 42 6 10
12 43 10 7
12 44 9 5
12 47 9 10
12 48 1 5
12 49 4 3
12 50 8 5
12 51 9 1
12 52 6 10
12 53 9 6
12 54 6 5
12 55 2 1
12 56 2 2
12 57 10 7
12 60 1 1
12 61 4 6
12 62 4 5
12 63 1 10
12 64 9 4
12 65 9 8
12 66 7 10
12 67 10 4
12 68 2 5
12 71 4 8
12 72 3 4
12 73 2 1
12 75 10 5
12 76 4 10
12 77 1 2
12 78 6 5
12 79 5 2
12 82 1 5
12 83 6 10
12 84 7 5
12 85 7 2
12 86 2 3
12 87 4 4
12 88 3 10
12 89 10 1
12 90 6 4
12 91 9 3
12 92 9 5
12 93 4 8
12 94 3 10
12 95 8 4
12 96 1 4
12 97 6 8
12 99 1 9
12 100 7 2
13 14 9 4
13 16 1 4
13 17 1 9
13 18 10 9
13 19 8 8
13 20 5 7
13 21 4 6
13 22 10 2
13 23 6 3
13 24 9 4
13 25 3 7
13 26 4 5
13 27 2 6
13 28 5 2
13 29 5 4
13 30 8 5
13 31 3 7
13 34 6 8
13 36 4 3
13 37 4 1
13 38 4 5
13 39 5 8
13 40 5 6
13 41 10 2
13 42 3 7
13 43 5 6
13 45 7 7
13 46 4 3
13 47 8 6
13 48 2 6
13 50 8 2
13 51 4 8
13 52 4 6
13 53 1 2
13 54 5 7
13 55 9 3
13 56 8 1
13 57 5 10
13 58 10 10
13 59 6 6
13 60 6 1
13 61 8 2
13 62 1 7
13 63 3 4
13 64 9 1
13 65 3 9
13 66 2 4
13 67 6 7
13 68 5 6
13 69 9 9
13 70 10 10
13 71 3 5
13 73 1 4
13 75 2 3
13 76 5 10
13 78 5 2
13 79 9 8
13 82 9 3
13 83 3 6
13 84 4 2
13 85 9 7
13 86 6 9
13 87 7 10
13 88 5 5
13 89 10 4
13 90 1 3
13 91 5 1
13 92 4 1
13 93 2 1
13 94 7 3
13 95 2 8
13 96 4 8
13 97 3 9
13 98 1 2
13 99 3 9
14 15 3 2
14 16 9 8
14 17 5 6
14 19 9 7
14 20 4 2
14 21 10 4
14 22 4 8
14 23 4 9
14 24 10 5
14 25 3 9
14 27 8 1
14 28 6 8
14 29 4 10
14 30 2 8
14 31 10 7
14 33 10 5
14 34 7 9
14 35 4 1
14 36 5 7
14 37 5 5
14 38 6 5
14 39 6 6
14 42 7 9
14 43 6 5
14 44 5 3
14 45 7 7
14 46 9 6
14 47 5 10
14 49 2 7
14 50 8 5
14 51 1 1
14 54 9 6
14 57 5 7
14 58 10 4
14 59 1 6
14 60 8 2
14 61 9 6
14 62 2 2
14 63 10 2
14 64 1 6
14 67 6 8
14 70 2 1
14 72 2 7
14 73 10 2
14 74 9 6
14 76 9 1
14 77 9 5
14 78 6 9
14 81 10 10
14 85 8 7
14 86 1 8
14 87 3 9
14 88 1 3
14 89 8 6
14 92 5 2
14 95 7 1
14 96 4 1
14 100 1 2
15 17 7 3
15 19 4 9
15 20 9 8
15 22 9 2
15 23 1 1
15 24 1 1
15 25 8 9
15 26 5 4
15 27 1 1
15 28 8 10
15 29 3 10
15 31 5 8
15 32 2 6
15 33 1 5
15 34 1 5
15 35 2 6
15 36 1 6
15 37 6 9
15 38 10 7
15 39 9 2
15 40 8 9
15 41 9 8
15 42 4 5
15 43 6 9
15 44 6 2
15 45 8 2
15 46 1 4
15 47 8 4
15 48 10 2
15 50 8 3
15 51 8 8
15 53 6 7
15 54 5 1
15 55 10 7
15 56 2 6
15 57 8 10
15 58 4 9
15 59 2 4
15 60 1 10
15 61 8 9
15 62 5 2
15 63 9 4
15 64 2 6
15 65 6 2
15 66 1 5
15 67 8 9
15 68 3 4
15 69 3 6
15 70 7 5
15 71 5 10
15 72 7 6
15 73 4 1
15 74 5 4
15 76 2 9
15 77 1 6
15 78 10 2
15 80 10 4
15 82 2 3
15 83 7 4
15 84 6 1
15 85 3 4
15 86 5 6
15 87 1 5
15 88 6 9
15 89 2 10
15 90 1 5
15 92 7 3
15 93 1 3
15 94 1 7
15 95 6 4
15 96 1 2
15 99 4 10
15 100 3 6
16 17 5 2
16 18 8 5
16 19 1 3
16 20 1 10
16 21 4 10
16 22 3 4
16 23 1 3
16 24 8 3
16 25 2 1
16 27 7 1
16 28 3 6
16 29 10 10
16 30 8 1
16 31 4 4
16 32 1 2
16 34 1 1
16 35 2 3
16 36 10 1
16 37 1 6
16 38 1 4
16 39 9 5
16 40 5 6
16 41 6 1
16 42 5 8
16 44 3 2
16 45 10 3
16 46 8 6
16 49 1 6
16 50 5 9
16 51 2 4
16 54 8 9
16 55 1 1
16 56 5 5
16 57 1 9
16 58 2 1
16 59 1 10
16 60 9 9
16 61 5 8
16 64 3 8
16 65 1 9
16 66 3 3
16 67 1 6
16 68 5 8
16 69 8 4
16 70 10 7
16 71 1 8
16 72 3 4
16 73 2 9
16 74 7 6
16 76 8 8
16 77 6 8
16 78 3 3
16 80 3 4
16 81 4 3
16 82 8 8
16 83 1 3
16 85 7 3
16 86 8 9
16 88 8 10
16 89 9 9
16 91 4 7
16 92 1 10
16 93 2 10
16 94 9 9
16 95 3 8
16 96 5 2
16 97 1 8
16 98 6 4
16 99 9 8
16 100 10 5
17 18 10 7
17 19 2 10
17 20 3 1
17 21 2 2
17 22 10 1
17 24 5 9
17 25 9 4
17 26 8 1
17 28 3 2
17 29 9 4
17 30 4 3
17 31 8 4
17 32 10 8
17 33 3 1
17 35 7 7
17 36 1 7
17 37 2 1
17 38 5 4
17 39 3 8
17 40 4 1
17 41 6 5
17 42 1 6
17 43 2 5
17 45 9 1
17 46 5 8
17 48 3 3
17 50 4 4
17 51 3 9
17 52 9 9
17 53 1 5
17 54 7 9
17 55 8 8
17 57 6 5
17 58 1 7
17 59 10 3
17 60 2 7
17 64 3 4
17 65 7 6
17 66 8 5
17 67 2 10
17 68 9 7
17 69 10 2
17 70 4 9
17 71 10 7
17 72 9 5
17 73 9 8
17 74 10 9
17 75 9 8
17 76 9 2
17 77 8 4
17 78 9 3
17 79 2 9
17 80 7 2
17 81 10 9
17 82 3 2
17 83 5 7
17 84 4 1
17 85 5 4
17 86 9 8
17 87 10 8
17 88 10 2
17 89 9 1
17 90 6 6
17 91 7 2
17 92 1 3
17 95 5 5
17 96 8 5
17 97 2 6
17 98 2 1
17 99 1 5
17 100 6 6
18 19 6 4
18 20 7 2
18 21 7 9
18 22 2 10
18 23 4 9
18 24 4 9
18 26 2 4
18 27 4 7
18 28 9 5
18 29 9 10
18 30 5 10
18 31 8 3
18 32 2 3
18 33 10 8
18 34 7 2
18 35 9 1
18 37 9 3
18 38 8 9
18 39 10 5
18 42 4 7
18 44 7 5
18 45 10 9
18 46 3 5
18 47 6 10
18 49 6 9
18 50 3 6
18 51 9 4
18 52 9 8
18 53 2 4
18 56 7 6
18 57 8 10
18 58 6 6
18 59 10 9
18 60 8 9
18 61 3 2
18 62 9 6
18 63 2 10
18 64 4 10
18 65 3 3
18 67 9 4
18 68 10 4
18 69 4 4
18 70 4 9
18 71 3 1
18 73 3 9
18 74 8 10
18 75 9 5
18 77 2 5
18 78 4 2
18 79 9 10
18 80 6 4
18 81 5 7
18 82 4 5
18 83 8 6
18 84 8 3
18 86 10 1
18 87 4 2
18 88 2 3
18 89 10 5
18 90 10 10
18 91 6 6
18 92 5 1
18 93 10 9
18 96 3 9
18 97 6 4
18 98 7 7
18 99 1 5
18 100 8 5
19 21 6 5
19 22 10 7
19 23 10 8
19 24 8 2
19 25 9 10
19 26 1 6
19 27 6 3
19 29 4 9
19 30 5 5
19 31 4 7
19 32 2 1
19 33 8 5
19 34 2 2
19 37 2 10
19 38 10 6
19 39 10 4
19 41 9 8
19 42 10 8
19 43 2 1
19 44 1 1
19 46 9 8
19 47 7 9
19 48 10 9
19 49 6 2
19 50 7 6
19 51 6 5
19 52 8 10
19 53 8 6
19 55 5 8
19 57 8 7
19 58 2 2
19 60 2 6
19 61 1 1
19 62 1 2
19 63 10 1
19 64 7 6
19 65 3 7
19 66 4 2
19 67 7 8
19 68 4 10
19 69 7 3
19 70 3 10
19 71 5 9
19 72 1 10
19 73 10 4
19 74 1 7
19 75 9 5
19 76 9 8
19 77 4 7
19 78 4 3
19 79 5 4
19 80 10 6
19 81 5 6
19 82 9 4
19 83 9 6
19 86 4 10
19 88 6 7
19 89 6 2
19 90 3 8
19 91 8 2
19 92 9 7
19 93 4 5
19 96 7 10
19 97 2 1
19 98 9 8
19 99 3 7
19 100 10 3
20 21 8 6
20 22 2 1
20 24 6 3
20 25 5 3
20 26 4 3
20 27 1 2
20 28 2 10
20 30 8 6
20 31 9 10
20 32 4 2
20 33 4 9
20 34 8 10
20 37 8 6
20 38 7 8
20 39 5 9
20 40 1 1
20 41 3 8
20 42 1 5
20 44 10 4
20 45 7 2
20 46 2 2
20 47 3 6
20 48 7 6
20 49 9 9
20 50 10 2
20 51 10 7
20 52 4 4
20 53 1 10
20 54 7 8
20 56 10 2
20 57 2 7
20 58 4 2
20 59 2 3
20 60 4 5
20 61 9 1
20 62 1 1
20 63 6 1
20 64 10 8
20 69 9 1
20 70 2 6
20 72 9 1
20 73 6 2
20 74 7 8
20 75 2 6
20 76 2 2
20 77 2 10
20 78 6 2
20 80 8 8
20 81 1 4
20 82 6 1
20 84 3 6
20 85 4 4
20 88 10 3
20 89 7 7
20 90 8 10
20 91 3 3
20 94 10 5
20 95 5 5
20 97 2 7
20 98 9 10
20 99 2 10
20 100 6 7
21 22 2 1
21 23 2 3
21 24 5 6
21 25 6 2
21 26 3 6
21 28 3 8
21 29 4 8
21 30 3 10
21 31 1 3
21 32 6 6
21 33 8 4
21 34 9 3
21 35 6 6
21 36 8 8
21 38 9 6
21 40 9 2
21 41 9 9
21 42 2 1
21 43 3 10
21 45 9 2
21 46 6 2
21 47 5 6
21 48 9 5
21 49 4 10
21 51 9 1
21 52 6 8
21 53 1 6
21 54 10 7
21 55 2 9
21 56 4 4
21 58 3 7
21 59 6 2
21 60 1 3
21 61 2 2
21 62 4 9
21 64 6 4
21 65 7 6
21 67 5 5
21 68 5 4
21 69 3 2
21 70 10 3
21 71 8 2
21 72 2 1
21 73 1 8
21 74 10 6
21 75 10 3
21 79 3 5
21 81 10 3
21 82 9 5
21 84 4 4
21 88 9 7
21 89 7 3
21 90 8 9
21 91 4 2
21 92 4 4
21 93 4 4
21 94 4 7
21 95 4 8
21 96 9 5
21 97 3 5
21 98 8 2
21 99 1 3
21 100 7 10
22 23 10 2
22 26 5 6
22 27 5 7
22 28 6 10
22 29 5 7
22 30 6 6
22 31 2 9
22 32 4 2
22 34 3 3
22 35 1 5
22 36 3 3
22 37 6 1
22 38 4 2
22 39 9 4
22 40 9 6
22 41 8 4
22 42 8 2
22 43 7 4
22 44 3 9
22 45 2 6
22 46 6 8
22 47 3 7
22 48 7 10
22 49 4 2
22 50 6 1
22 51 6 6
22 52 9 6
22 53 6 1
22 54 6 1
22 56 8 8
22 58 7 1
22 59 4 2
22 60 2 6
22 61 9 3
22 63 7 3
22 64 2 1
22 65 10 6
22 66 1 5
22 68 8 4
22 70 4 10
22 71 3 3
22 73 5 9
22 76 7 1
22 77 9 1
22 78 1 5
22 79 8 10
22 80 3 10
22 81 9 9
22 82 6 3
22 83 3 7
22 84 8 3
22 85 1 10
22 86 8 7
22 87 4 3
22 88 5 1
22 89 6 6
22 90 6 4
22 91 10 2
22 92 4 3
22 93 1 1
22 94 9 7
22 95 7 4
22 97 3 5
22 98 10 9
22 99 2 10
22 100 8 6
23 26 8 1
23 28 6 4
23 29 2 8
23 30 2 6
23 31 4 4
23 33 6 6
23 34 3 5
23 35 8 1
23 36 10 3
23 37 2 3
23 38 4 3
23 39 6 1
23 40 6 10
23 42 2 2
23 43 1 2
23 44 1 4
23 45 6 10
23 47 2 3
23 49 9 6
23 50 3 10
23 51 7 9
23 53 3 2
23 55 5 9
23 56 8 8
23 57 1 7
23 58 6 7
23 59 5 4
23 60 8 1
23 61 9 3
23 62 7 8
23 63 4 5
23 64 8 3
23 66 10 1
23 67 8 5
23 68 3 1
23 69 1 5
23 72 7 10
23 73 1 10
23 74 2 6
23 75 10 6
23 76 7 1
23 77 1 9
23 78 9 9
23 80 1 9
23 81 1 4
23 82 5 6
23 83 6 3
23 84 6 2
23 85 6 7
23 86 2 10
23 87 7 2
23 89 7 6
23 90 10 1
23 91 2 9
23 92 9 10
23 94 6 2
23 96 6 6
23 97 2 10
23 98 8 9
23 99 2 3
23 100 9 6
24 25 5 10
24 26 4 8
24 27 9 3
24 28 1 4
24 29 3 1
24 30 4 3
24 31 8 10
24 32 5 6
24 33 3 6
24 34 9 1
24 35 2 5
24 38 3 9
24 39 3 3
24 40 1 5
24 42 6 7
24 43 2 8
24 44 8 2
24 45 7 10
24 47 8 9
24 48 5 2
24 49 10 10
24 51 8 7
24 52 5 1
24 53 8 1
24 54 1 4
24 55 9 10
24 56 4 5
24 57 10 9
24 59 9 7
24 60 6 1
24 61 5 4
24 62 10 8
24 63 8 2
24 64 8 3
24 65 1 10
24 66 2 1
24 69 6 3
24 70 8 2
24 72 10 9
24 73 8 7
24 74 9 10
24 75 8 3
24 76 7 5
24 78 2 5
24 80 7 1
24 81 7 2
24 82 5 9
24 83 1 2
24 84 6 4
24 85 3 1
24 86 4 8
24 87 4 6
24 88 9 10
24 90 1 5
24 91 9 6
24 92 4 1
24 94 8 7
24 96 8 10
24 98 3 9
24 100 9 1
25 27 4 7
25 28 2 5
25 30 6 6
25 31 6 5
25 33 7 1
25 34 2 2
25 35 6 5
25 36 2 7
25 37 4 7
25 38 7 10
25 40 6 4
25 41 8 2
25 43 10 6
25 45 8 7
25 46 7 1
25 47 5 5
25 48 2 5
25 49 10 1
25 50 2 8
25 51 5 10
25 52 10 6
25 53 7 2
25 55 10 4
25 56 2 6
25 58 4 4
25 60 5 9
25 62 1 10
25 63 3 4
25 64 8 5
25 66 5 1
25 67 2 4
25 68 1 8
25 69 10 8
25 70 7 9
25 71 1 8
25 72 5 9
25 73 3 8
25 74 9 2
25 75 9 6
25 76 5 3
25 77 10 8
25 78 4 10
25 79 9 3
25 81 2 4
25 82 6 2
25 83 3 6
25 84 1 1
25 85 6 4
25 86 4 9
25 87 7 4
25 88 3 6
25 90 3 4
25 91 5 7
25 93 10 6
25 95 10 1
25 96 6 3
25 97 4 3
25 99 9 2
25 100 10 3
26 27 5 8
26 28 2 8
26 29 6 8
26 30 1 7
26 31 5 5
26 32 7 10
26 33 6 1
26 36 8 7
26 37 10 1
26 38 8 5
26 40 2 10
26 41 7 1
26 42 7 9
26 43 6 5
26 45 5 3
26 46 10 5
26 47 4 3
26 49 4 1
26 53 2 9
26 54 1 8
26 55 3 10
26 56 6 7
26 57 1 7
26 58 10 8
26 59 7 8
26 60 6 7
26 61 5 8
26 62 8 9
26 63 10 2
26 64 2 4
26 65 3 3
26 66 6 3
26 67 10 9
26 68 8 9
26 70 9 3
26 71 5 1
26 72 7 9
26 73 7 2
26 74 4 3
26 76 8 4
26 77 5 6
26 78 5 9
26 80 9 8
26 81 2 7
26 82 6 10
26 84 5 2
26 85 6 3
26 87 10 4
26 88 4 7
26 90 6 5
26 92 9 10
26 93 2 4
26 95 7 1
26 96 2 8
26 97 10 2
26 98 5 6
26 99 10 7
26 100 1 10
27 28 7 5
27 29 4 2
27 31 9 7
27 32 6 6
27 33 3 4
27 35 4 4
27 36 7 7
27 37 2 6
27 38 10 9
27 39 8 1
27 40 3 10
27 41 10 9
27 42 9 3
27 43 3 9
27 45 4 6
27 49 5 3
27 51 5 4
27 52 7 5
27 53 1 7
27 54 5 9
27 55 6 8
27 56 3 9
27 57 9 5
27 58 3 3
27 59 7 7
27 60 3 2
27 61 10 3
27 62 6 4
27 63 4 5
27 66 9 2
27 68 4 9
27 69 1 6
27 70 10 3
27 71 9 2
27 73 7 8
27 74 3 7
27 75 10 7
27 76 9 9
27 78 3 7
27 79 4 4
27 80 1 8
27 81 10 1
27 82 8 1
27 83 7 10
27 84 2 3
27 85 8 7
27 86 9 6
27 87 4 4
27 89 1 8
27 90 6 8
27 91 10 6
27 93 10 4
27 94 6 3
27 95 4 6
27 96 7 8
27 97 10 3
27 98 3 1
27 99 1 9
28 29 6 4
28 31 3 5
28 33 3 4
28 35 8 5
28 36 2 1
28 37 6 9
28 38 9 2
28 39 5 3
28 40 1 9
28 41 3 5
28 42 9 7
28 45 6 7
28 46 6 1
28 48 5 6
28 49 3 1
28 50 10 5
28 51 8 1
28 52 10 5
28 54 3 4
28 55 2 7
28 57 5 8
28 59 4 8
28 60 8 7
28 61 5 4
28 62 7 3
28 63 8 2
28 64 4 3
28 65 7 5
28 66 3 5
28 68 6 9
28 70 5 5
28 72 9 2
28 73 6 9
28 74 5 2
28 75 5 10
28 76 2 10
28 78 2 8
28 79 2 9
28 80 6 7
28 82 7 7
28 85 8 4
28 86 10 5
28 87 6 5
28 88 7 10
28 90 4 9
28 91 9 8
28 92 6 10
28 93 4 7
28 94 3 9
28 95 10 7
28 96 6 9
28 97 6 4
28 98 10 6
28 99 3 7
28 100 3 4
29 30 5 4
29 31 5 2
29 32 10 4
29 33 6 2
29 35 8 6
29 36 8 4
29 37 7 6
29 38 5 7
29 39 10 9
29 40 5 8
29 41 1 8
29 42 8 10
29 43 2 7
29 44 8 9
29 45 6 8
29 46 2 5
29 47 9 1
29 48 4 5
29 49 7 3
29 50 8 1
29 51 1 1
29 52 1 5
29 53 4 4
29 54 5 9
29 55 8 10
29 57 1 8
29 58 1 5
29 59 2 3
29 61 4 6
29 63 9 2
29 64 1 6
29 66 7 2
29 68 5 5
29 69 7 6
29 71 6 3
29 72 8 8
29 73 8 9
29 75 9 7
29 76 6 1
29 78 2 7
29 79 10 7
29 81 3 7
29 82 8 7
29 83 1 3
29 84 1 5
29 85 9 2
29 87 7 8
29 88 10 7
29 89 3 7
29 90 9 2
29 91 5 10
29 92 8 10
29 93 2 6
29 94 5 5
29 95 2 8
29 96 9 5
29 98 7 8
29 99 1 4
29 100 9 9
30 31 9 6
30 32 9 4
30 33 10 1
30 34 10 2
30 36 4 2
30 37 3 4
30 38 1 3
30 39 9 5
30 41 9 8
30 44 8 5
30 45 7 9
30 46 9 8
30 47 3 4
30 48 2 10
30 49 6 1
30 51 10 8
30 52 1 9
30 54 9 5
30 55 8 2
30 56 7 3
30 57 1 8
30 58 5 1
30 59 7 5
30 61 5 9
30 62 7 9
30 63 5 4
30 68 8 8
30 72 5 5
30 73 2 10
30 74 2 6
30 75 4 5
30 77 10 1
30 80 4 10
30 82 4 1
30 83 8 2
30 84 8 9
30 85 1 4
30 87 6 6
30 88 3 9
30 90 9 7
30 91 1 6
30 92 7 4
30 93 8 9
30 94 3 2
30 95 5 10
30 99 10 3
31 33 6 10
31 34 3 8
31 35 7 9
31 36 9 7
31 37 2 6
31 38 4 1
31 40 4 7
31 41 1 6
31 42 2 5
31 43 6 2
31 44 1 7
31 45 2 10
31 46 6 10
31 47 6 6
31 48 8 1
31 49 10 5
31 50 5 5
31 51 3 3
31 52 1 4
31 53 8 1
31 54 4 7
31 55 2 3
31 56 6 4
31 57 5 7
31 58 9 1
31 59 5 2
31 61 5 4
31 62 5 8
31 63 4 2
31 67 4 4
31 69 4 5
31 70 6 7
31 72 5 7
31 73 1 2
31 75 8 7
31 76 5 2
31 77 4 5
31 78 2 7
31 79 1 5
31 80 1 6
31 81 6 6
31 82 10 8
31 83 5 9
31 84 9 9
31 85 2 7
31 86 7 3
31 87 9 6
31 88 5 7
31 89 10 1
31 90 7 7
31 91 3 3
31 92 6 4
31 94 2 6
31 95 6 6
31 96 8 7
31 97 7 7
31 100 3 9
32 34 1 1
32 37 7 6
32 38 3 10
32 39 8 6
32 40 10 7
32 41 1 8
32 42 5 5
32 44 7 2
32 45 9 1
32 46 8 5
32 48 7 10
32 49 2 10
32 50 2 3
32 51 9 1
32 53 8 9
32 54 6 1
32 56 2 9
32 57 1 9
32 58 1 6
32 59 9 3
32 61 2 2
32 62 7 8
32 63 7 6
32 64 8 2
32 66 6 4
32 67 3 5
32 69 4 5
32 70 1 8
32 71 8 6
32 73 1 9
32 75 9 10
32 76 5 5
32 77 1 1
32 79 6 6
32 80 9 3
32 81 1 2
32 83 10 2
32 84 1 7
32 85 3 1
32 87 6 10
32 88 6 8
32 89 6 4
32 90 4 3
32 91 1 5
32 92 5 7
32 94 9 5
32 95 9 1
32 96 8 1
32 97 9 9
32 98 9 3
32 99 4 1
33 34 4 10
33 35 5 2
33 36 4 9
33 37 1 5
33 38 7 4
33 40 8 10
33 41 3 9
33 42 8 10
33 43 7 1
33 44 3 6
33 45 3 8
33 46 6 3
33 47 10 7
33 48 6 9
33 49 5 9
33 51 10 3
33 54 4 7
33 55 10 9
33 57 4 3
33 58 6 3
33 60 10 4
33 62 1 7
33 64 3 2
33 65 8 1
33 66 3 7
33 67 1 4
33 68 9 2
33 69 2 5
33 71 3 10
33 72 8 8
33 73 1 9
33 76 9 9
33 78 9 10
33 79 1 8
33 80 8 2
33 81 1 8
33 83 8 7
33 84 5 6
33 86 2 6
33 87 8 6
33 88 9 3
33 89 7 8
33 90 4 1
33 93 7 9
33 94 8 10
33 95 4 5
33 96 10 8
33 97 7 4
33 98 5 4
33 99 7 2
33 100 8 9
34 35 8 1
34 36 9 4
34 39 7 1
34 40 9 8
34 41 6 1
34 42 9 1
34 44 6 2
34 45 9 7
34 47 10 1
34 48 10 8
34 49 10 2
34 50 6 6
34 51 3 5
34 53 10 7
34 54 8 1
34 56 2 7
34 57 10 4
34 58 8 6
34 59 5 7
34 61 1 1
34 62 2 4
34 64 10 1
34 65 9 8
34 66 6 8
34 67 6 1
34 68 2 5
34 69 5 6
34 70 4 5
34 71 7 5
34 72 3 10
34 74 4 6
34 75 5 3
34 76 4 2
34 78 7 10
34 79 9 8
34 80 7 2
34 81 8 3
34 82 6 8
34 83 10 4
34 85 5 2
34 86 7 8
34 87 10 9
34 88 5 5
34 89 5 9
34 90 7 9
34 91 4 3
34 92 5 1
34 93 7 1
34 94 2 7
34 95 8 5
34 96 9 8
34 98 10 9
34 99 3 8
34 100 5 7
35 36 6 4
35 37 9 7
35 38 9 3
35 39 9 9
35 41 8 1
35 42 7 4
35 44 6 1
35 45 8 9
35 46 7 2
35 47 8 4
35 49 3 9
35 50 10 2
35 51 6 4
35 53 10 7
35 54 2 9
35 55 4 6
35 56 5 7
35 57 3 10
35 58 9 9
35 59 2 5
35 60 4 4
35 61 6 6
35 62 6 3
35 63 3 7
35 64 4 5
35 65 6 4
35 66 1 4
35 68 1 5
35 69 8 4
35 71 9 6
35 73 5 9
35 74 2 1
35 76 7 4
35 77 3 3
35 78 1 1
35 80 5 9
35 81 5 7
35 82 7 5
35 83 1 5
35 84 8 8
35 85 6 10
35 86 5 8
35 87 9 4
35 88 4 2
35 89 2 4
35 90 3 5
35 91 5 2
35 93 5 5
35 94 9 9
35 95 10 5
35 96 8 3
35 97 10 10
35 98 6 8
35 99 6 4
35 100 4 9
36 37 9 6
36 38 8 5
36 39 8 4
36 40 4 3
36 41 1 8
36 43 2 5
36 45 3 10
36 46 10 4
36 47 1 10
36 51 3 2
36 52 6 10
36 53 3 4
36 54 9 9
36 55 8 6
36 56 1 5
36 57 3 2
36 58 8 10
36 59 3 4
36 60 1 8
36 62 4 10
36 63 5 1
36 64 4 4
36 65 4 8
36 67 9 9
36 68 10 9
36 69 10 2
36 70 1 4
36 71 8 2
36 72 1 9
36 73 9 2
36 74 8 5
36 77 4 5
36 78 8 7
36 82 7 5
36 84 2 6
36 85 5 7
36 86 1 1
36 87 6 8
36 88 7 4
36 90 3 2
36 91 7 1
36 92 7 8
36 93 10 8
36 96 8 2
36 97 2 3
36 98 8 1
36 99 2 10
36 100 10 3
37 38 9 7
37 39 1 8
37 43 3 6
37 44 10 5
37 46 3 6
37 47 1 7
37 48 5 2
37 49 10 3
37 50 1 8
37 51 2 10
37 52 7 6
37 53 3 1
37 54 8 7
37 55 10 6
37 57 2 5
37 59 5 2
37 60 1 9
37 61 8 9
37 62 8 8
37 63 1 7
37 64 5 3
37 65 7 7
37 66 10 9
37 67 3 10
37 68 9 4
37 69 2 9
37 70 3 10
37 72 10 10
37 73 3 2
37 74 6 3
37 75 6 1
37 76 2 10
37 77 4 10
37 79 2 7
37 81 3 2
37 82 6 9
37 83 10 1
37 84 2 8
37 85 6 10
37 88 8 2
37 89 8 1
37 90 7 10
37 91 6 4
37 92 2 10
37 94 2 9
37 95 2 4
37 96 1 7
37 97 8 8
37 98 3 4
37 100 9 7
38 39 6 2
38 40 8 4
38 41 2 9
38 42 9 5
38 44 8 8
38 45 2 2
38 46 9 2
38 47 8 10
38 48 4 8
38 50 8 10
38 51 7 6
38 52 5 3
38 53 1 3
38 55 2 4
38 58 9 1
38 59 10 7
38 60 1 8
38 61 2 5
38 62 5 1
38 63 3 10
38 64 5 8
38 65 4 8
38 66 10 8
38 67 8 8
38 68 9 3
38 69 6 6
38 70 10 8
38 71 2 10
38 72 5 7
38 73 3 9
38 75 10 5
38 76 8 7
38 77 4 8
38 78 2 2
38 79 5 6
38 80 4 8
38 81 6 1
38 82 7 2
38 83 7 6
38 85 6 4
38 86 10 7
38 87 5 2
38 89 7 2
38 91 8 8
38 93 10 2
38 94 7 7
38 96 6 10
38 97 9 5
38 98 4 6
38 99 1 3
39 40 10 7
39 41 7 7
39 43 2 7
39 44 7 10
39 45 9 6
39 46 8 1
39 47 1 3
39 48 8 6
39 49 6 8
39 50 3 9
39 51 4 2
39 52 7 5
39 53 8 10
39 54 9 6
39 55 5 4
39 57 9 9
39 58 3 8
39 61 5 9
39 64 3 10
39 65 10 5
39 66 10 2
39 67 6 3
39 68 6 7
39 69 10 5
39 70 2 10
39 71 4 5
39 72 5 10
39 73 2 6
39 74 1 9
39 75 2 2
39 76 2 6
39 77 7 2
39 78 7 10
39 79 10 7
39 81 1 3
39 82 2 1
39 83 4 8
39 84 7 8
39 85 9 9
39 86 2 6
39 87 7 1
39 89 3 4
39 90 8 8
39 91 1 10
39 92 4 3
39 93 5 7
39 94 3 6
39 95 6 7
39 96 4 6
39 97 3 1
39 98 10 5
39 99 10 3
39 100 3 4
40 41 7 6
40 42 3 2
40 43 2 2
40 45 2 7
40 46 6 9
40 47 5 10
40 48 1 5
40 49 8 2
40 51 6 4
40 52 7 9
40 53 6 1
40 54 5 7
40 55 3 5
40 56 3 7
40 57 9 3
40 58 2 7
40 59 7 3
40 60 2 9
40 61 7 8
40 62 8 3
40 63 8 6
40 64 3 6
40 65 5 10
40 66 7 7
40 67 7 9
40 68 8 3
40 70 5 8
40 71 6 6
40 72 8 9
40 73 7 8
40 74 4 3
40 75 1 6
40 77 1 7
40 78 6 9
40 80 2 9
40 81 10 5
40 82 9 5
40 83 9 6
40 84 8 10
40 86 3 4
40 88 1 9
40 90 6 4
40 91 8 2
40 92 3 2
40 93 8 10
40 94 2 3
40 95 1 7
40 96 5 6
40 97 9 10
40 98 2 7
40 99 7 9
41 42 1 9
41 43 2 3
41 44 10 8
41 45 2 5
41 46 4 7
41 47 7 6
41 48 3 8
41 49 1 8
41 50 6 10
41 51 4 1
41 52 6 1
41 53 5 7
41 54 9 6
41 55 1 5
41 58 10 9
41 59 3 5
41 60 4 2
41 61 4 9
41 62 2 10
41 64 7 3
41 65 1 7
41 67 6 4
41 68 7 10
41 69 8 10
41 71 4 3
41 72 7 9
41 73 8 4
41 74 4 5
41 75 6 4
41 79 1 10
41 80 9 3
41 81 7 1
41 82 4 1
41 83 9 5
41 85 7 8
41 86 7 3
41 87 8 9
41 88 5 5
41 89 2 5
41 91 6 9
41 93 6 9
41 94 7 8
41 95 9 5
41 96 6 3
41 99 5 4
41 100 9 8
42 43 6 7
42 44 1 3
42 45 5 4
42 46 5 9
42 47 3 2
42 48 4 5
42 49 6 9
42 50 8 1
42 51 1 1
42 52 1 8
42 55 1 1
42 56 4 8
42 57 3 3
42 58 10 10
42 59 3 5
42 60 4 5
42 61 3 3
42 62 9 8
42 63 5 5
42 67 6 5
42 68 7 7
42 69 4 7
42 72 8 3
42 73 1 5
42 75 4 2
42 76 4 10
42 77 3 5
42 79 4 2
42 80 2 5
42 81 3 6
42 82 2 4
42 83 6 6
42 84 10 9
42 85 3 3
42 86 8 4
42 88 7 4
42 89 9 3
42 92 3 2
42 93 8 3
42 94 7 5
42 95 5 4
42 99 8 8
42 100 3 3
43 44 2 2
43 46 1 4
43 48 7 9
43 49 3 6
43 50 6 10
43 52 6 5
43 53 9 10
43 54 1 5
43 55 10 10
43 56 5 6
43 57 9 7
43 58 5 9
43 60 2 7
43 61 5 2
43 62 5 1
43 63 2 5
43 64 8 4
43 66 9 4
43 67 7 6
43 68 2 9
43 69 5 8
43 70 8 2
43 71 8 6
43 72 5 10
43 73 5 7
43 74 8 9
43 75 3 3
43 76 3 3
43 81 8 4
43 82 3 8
43 83 1 2
43 84 7 6
43 85 4 4
43 87 8 1
43 89 9 6
43 90 6 8
43 91 4 1
43 92 10 6
43 93 6 10
43 94 10 6
43 95 4 2
43 96 8 10
43 97 6 8
43 99 8 6
44 46 2 10
44 48 4 2
44 49 3 3
44 50 7 7
44 51 4 4
44 52 5 8
44 53 1 7
44 54 2 5
44 55 4 8
44 56 5 8
44 57 8 9
44 58 6 7
44 61 9 1
44 62 9 5
44 63 6 8
44 64 9 7
44 65 5 8
44 66 6 3
44 67 8 9
44 68 7 8
44 69 7 9
44 70 8 8
44 71 10 6
44 72 10 4
44 74 3 3
44 76 4 3
44 78 6 8
44 80 9 5
44 82 1 7
44 83 9 3
44 84 8 4
44 86 1 3
44 88 4 6
44 89 7 6
44 92 8 6
44 93 1 9
44 94 4 2
44 95 6 7
44 98 9 2
44 99 10 3
44 100 4 3
45 46 8 7
45 48 1 9
45 50 3 1
45 51 6 9
45 52 3 4
45 53 5 1
45 56 6 7
45 57 1 7
45 59 4 7
45 61 3 8
45 62 6 7
45 63 8 7
45 66 9 9
45 67 4 6
45 69 9 5
45 71 8 2
45 72 9 4
45 73 2 10
45 75 9 6
45 76 2 5
45 77 3 9
45 79 1 9
45 80 4 3
45 81 10 4
45 82 1 4
45 85 9 10
45 86 6 10
45 87 1 10
45 88 6 10
45 89 9 6
45 90 1 5
45 91 8 6
45 92 8 8
45 93 1 7
45 95 1 5
45 97 6 1
45 98 1 1
45 100 9 5
46 47 3 2
46 48 8 4
46 49 4 10
46 50 7 4
46 53 5 4
46 54 1 4
46 55 7 6
46 56 5 8
46 57 8 3
46 58 5 5
46 60 1 4
46 62 1 10
46 65 5 10
46 66 2 5
46 67 10 7
46 68 3 10
46 69 1 10
46 71 6 3
46 72 9 5
46 75 4 1
46 76 6 7
46 77 2 7
46 78 10 3
46 79 3 5
46 80 2 2
46 81 4 5
46 83 3 7
46 84 2 9
46 85 4 10
46 86 5 2
46 87 8 9
46 88 9 6
46 92 10 7
46 94 8 3
46 96 1 9
46 97 4 7
46 99 4 6
46 100 7 3
47 49 8 8
47 51 5 10
47 52 4 6
47 53 1 1
47 54 8 9
47 55 10 7
47 56 9 4
47 57 5 2
47 59 10 7
47 60 4 5
47 61 1 4
47 62 1 4
47 63 7 2
47 64 10 6
47 65 8 9
47 66 6 3
47 67 5 5
47 68 8 1
47 69 7 8
47 70 3 4
47 71 4 9
47 72 7 5
47 73 8 5
47 74 9 4
47 75 9 1
47 76 2 6
47 77 9 6
47 78 10 10
47 79 4 5
47 80 5 1
47 81 9 1
47 82 4 8
47 83 1 4
47 84 2 1
47 85 2 1
47 86 4 9
47 87 10 8
47 88 5 3
47 89 2 8
47 90 7 9
47 91 6 2
47 92 5 9
47 93 4 2
47 94 6 5
47 95 7 9
47 96 10 3
47 97 2 1
47 98 3 9
47 99 5 10
47 100 2 10
48 49 6 9
48 50 10 8
48 53 1 3
48 55 10 5
48 56 7 5
48 57 10 3
48 58 6 10
48 60 2 1
48 62 9 9
48 64 10 1
48 66 10 8
48 67 9 2
48 69 6 1
48 70 6 2
48 73 8 10
48 74 10 5
48 75 6 8
48 76 4 3
48 77 8 8
48 79 6 1
48 80 2 9
48 81 10 5
48 82 7 8
48 83 8 5
48 84 4 9
48 85 4 8
48 86 5 1
48 87 10 8
48 88 4 10
48 89 1 6
48 90 2 1
48 91 2 5
48 92 7 9
48 93 8 10
48 94 9 5
48 95 5 7
48 96 8 10
48 97 7 9
48 98 7 5
48 99 8 5
48 100 4 1
49 50 9 4
49 51 8 6
49 52 6 3
49 53 4 2
49 54 7 8
49 55 8 5
49 56 2 10
49 57 4 8
49 58 2 6
49 59 9 10
49 60 5 10
49 61 9 10
49 62 1 4
49 63 7 7
49 64 5 5
49 65 1 10
49 66 7 5
49 67 6 8
49 69 8 2
49 70 4 10
49 71 10 7
49 72 2 2
49 73 10 1
49 74 1 1
49 76 6 9
49 77 1 4
49 78 10 8
49 79 8 7
49 80 6 1
49 82 3 1
49 83 7 3
49 84 4 9
49 85 1 6
49 86 7 9
49 87 3 3
49 88 6 6
49 89 1 1
49 90 6 1
49 91 2 6
49 92 2 9
49 93 4 5
49 94 8 7
49 97 5 6
49 98 1 8
49 99 2 4
49 100 8 10
50 51 5 7
50 52 1 5
50 53 6 7
50 54 9 8
50 56 7 4
50 57 1 5
50 58 3 3
50 59 3 4
50 61 4 10
50 62 6 3
50 63 7 8
50 65 7 9
50 66 9 7
50 67 7 6
50 68 6 2
50 69 5 1
50 70 1 7
50 71 3 6
50 72 4 7
50 73 5 3
50 74 5 4
50 76 3 10
50 79 9 8
50 80 3 5
50 81 3 10
50 82 5 5
50 84 6 3
50 85 8 9
50 87 9 6
50 89 6 3
50 90 3 3
50 91 10 10
50 92 7 7
50 93 4 10
50 94 5 3
50 95 5 1
50 97 10 10
50 98 10 1
51 52 10 8
51 53 5 8
51 54 9 2
51 55 4 3
51 57 10 1
51 58 10 9
51 59 3 9
51 60 3 5
51 61 10 10
51 62 2 9
51 63 1 2
51 64 6 7
51 66 10 8
51 67 1 6
51 69 5 9
51 70 7 10
51 71 4 7
51 72 8 10
51 74 8 4
51 75 4 10
51 77 3 5
51 79 2 7
51 81 2 4
51 82 5 6
51 83 3 4
51 84 4 3
51 85 3 10
51 86 10 7
51 87 4 8
51 88 8 1
51 90 7 5
51 91 6 2
51 92 4 7
51 93 9 9
51 95 2 9
51 96 8 1
51 97 3 8
51 98 7 5
51 99 8 9
51 100 4 5
52 53 4 8
52 54 9 4
52 55 1 9
52 56 7 7
52 57 7 1
52 59 5 6
52 60 8 1
52 61 2 6
52 62 3 8
52 63 8 6
52 65 3 4
52 66 7 2
52 67 5 4
52 69 2 10
52 70 8 5
52 71 10 7
52 72 7 1
52 74 10 10
52 75 6 7
52 76 8 1
52 78 10 1
52 79 6 1
52 80 7 4
52 81 6 1
52 82 5 3
52 84 8 10
52 85 2 8
52 86 10 8
52 87 1 3
52 88 2 9
52 91 9 10
52 92 4 3
52 94 9 9
52 95 4 9
52 96 8 7
52 97 3 4
52 98 2 5
52 99 7 5
52 100 7 8
53 55 1 10
53 56 3 7
53 57 10 5
53 58 8 2
53 59 5 2
53 60 7 8
53 62 5 8
53 64 3 6
53 67 7 2
53 68 3 7
53 69 3 7
53 70 4 5
53 71 1 1
53 72 2 4
53 73 3 4
53 74 1 4
53 75 5 3
53 77 10 6
53 78 5 6
53 80 8 5
53 82 7 6
53 83 7 9
53 84 1 2
53 86 3 6
53 88 3 10
53 90 7 2
53 91 3 9
53 92 1 3
53 93 9 9
53 94 8 1
53 96 1 1
53 97 8 10
53 98 2 6
53 99 6 8
53 100 7 9
54 55 9 9
54 56 8 3
54 57 6 6
54 58 7 8
54 60 6 9
54 61 2 9
54 63 5 7
54 64 7 8
54 65 9 3
54 66 7 2
54 67 9 9
54 68 9 4
54 69 4 6
54 70 4 4
54 71 8 8
54 72 4 1
54 73 6 6
54 74 8 1
54 75 6 3
54 76 5 4
54 77 3 6
54 78 8 6
54 79 4 6
54 80 1 1
54 82 3 6
54 84 1 6
54 85 3 6
54 86 6 4
54 88 2 3
54 89 2 7
54 90 5 2
54 91 2 1
54 92 7 9
54 93 5 10
54 94 8 10
54 95 7 1
54 97 1 9
54 99 8 2
54 100 4 6
55 56 3 6
55 57 5 1
55 58 10 9
55 60 10 4
55 61 7 1
55 62 1 9
55 63 9 1
55 65 9 8
55 67 4 3
55 69 2 9
55 70 1 6
55 71 6 8
55 72 9 10
55 74 3 10
55 75 1 9
55 76 6 2
55 77 1 10
55 78 2 7
55 81 4 10
55 82 10 4
55 83 7 5
55 84 2 2
55 86 1 6
55 87 1 3
55 88 5 3
55 89 9 7
55 90 2 7
55 92 2 3
55 93 6 8
55 94 10 2
55 98 9 2
55 99 1 7
55 100 10 4
56 57 7 10
56 59 3 7
56 60 3 8
56 62 3 3
56 63 9 9
56 64 8 10
56 65 5 8
56 66 10 9
56 67 9 2
56 68 3 2
56 69 8 3
56 70 8 6
56 71 2 1
56 72 3 7
56 73 8 3
56 74 4 5
56 76 3 8
56 79 4 2
56 81 1 5
56 83 3 9
56 84 6 2
56 85 2 9
56 86 3 4
56 87 6 6
56 88 1 6
56 89 9 8
56 90 9 4
56 91 7 4
56 92 8 9
56 93 3 9
56 94 3 7
56 95 3 6
56 96 5 7
56 97 5 4
56 98 1 1
56 99 3 9
57 59 4 8
57 60 10 4
57 61 7 10
57 62 3 1
57 63 2 3
57 64 3 5
57 65 1 2
57 66 9 4
57 67 6 2
57 68 1 3
57 69 9 3
57 70 7 7
57 71 3 4
57 72 10 9
57 74 1 4
57 75 1 1
57 76 9 9
57 77 4 8
57 78 2 3
57 79 10 6
57 80 3 2
57 81 5 7
57 82 8 4
57 83 8 7
57 84 9 10
57 85 2 4
57 86 5 5
57 87 5 7
57 88 1 10
57 90 7 7
57 91 4 6
57 93 1 10
57 94 7 10
57 95 5 7
57 96 9 10
57 97 6 5
57 99 2 3
57 100 7 5
58 59 5 10
58 60 6 2
58 61 5 5
58 62 6 8
58 63 7 4
58 64 3 4
58 65 1 10
58 66 9 4
58 67 1 8
58 68 6 8
58 69 4 6
58 70 5 10
58 71 2 10
58 72 4 7
58 73 3 1
58 76 1 8
58 77 2 6
58 78 10 8
58 79 5 6
58 80 8 1
58 81 1 9
58 82 5 6
58 83 8 8
58 84 2 2
58 87 7 10
58 88 9 2
58 89 5 7
58 91 5 6
58 92 8 5
58 93 6 6
58 95 6 10
58 96 5 1
58 97 2 8
58 98 10 6
59 62 3 9
59 63 4 6
59 64 10 4
59 66 7 4
59 67 5 5
59 68 5 7
59 69 4 3
59 70 9 8
59 71 7 5
59 73 8 2
59 74 3 9
59 75 7 3
59 76 8 7
59 77 6 1
59 78 8 8
59 79 4 4
59 80 4 7
59 81 1 6
59 83 2 4
59 85 2 10
59 86 2 1
59 88 10 10
59 89 6 4
59 91 7 6
59 92 10 9
59 94 5 5
59 95 6 5
59 96 10 8
59 97 1 8
59 98 3 10
60 61 1 10
60 62 4 7
60 63 5 9
60 65 6 8
60 66 1 9
60 67 1 6
60 68 5 3
60 70 1 1
60 71 10 3
60 73 1 6
60 78 7 9
60 79 2 6
60 83 1 2
60 84 9 5
60 85 10 9
60 86 1 10
60 89 10 9
60 90 8 3
60 91 3 7
60 93 5 6
60 94 8 3
60 95 5 5
60 96 3 1
60 97 3 5
60 98 3 8
60 99 3 10
60 100 9 9
61 62 5 4
61 63 9 6
61 65 10 7
61 66 9 4
61 67 2 2
61 68 3 2
61 70 7 8
61 71 2 9
61 72 4 1
61 73 2 9
61 74 2 10
61 75 9 9
61 76 3 10
61 77 3 3
61 78 2 2
61 79 5 9
61 80 6 7
61 81 2 2
61 83 1 9
61 85 4 2
61 86 2 10
61 87 4 9
61 89 1 10
61 90 8 8
61 91 1 6
61 92 5 6
61 93 4 4
61 94 3 1
61 95 2 6
61 96 9 4
61 98 6 7
61 100 7 1
62 63 9 4
62 64 3 3
62 65 4 2
62 66 10 6
62 68 2 6
62 69 6 2
62 70 9 9
62 72 10 8
62 73 8 9
62 74 3 4
62 75 6 3
62 76 2 8
62 77 5 6
62 78 2 9
62 79 4 5
62 80 9 9
62 81 6 7
62 83 4 3
62 84 9 8
62 85 1 2
62 87 4 6
62 88 7 4
62 89 4 9
62 90 1 8
62 91 10 9
62 92 3 9
62 93 3 7
62 95 4 4
62 99 6 8
62 100 4 3
63 64 3 5
63 65 9 9
63 66 4 10
63 67 2 2
63 68 10 6
63 69 7 10
63 70 8 6
63 71 4 3
63 72 8 8
63 74 10 5
63 75 4 4
63 76 9 3
63 77 5 3
63 78 8 3
63 79 7 4
63 80 3 10
63 81 7 9
63 82 7 1
63 83 6 3
63 85 10 9
63 86 1 6
63 88 4 9
63 89 8 6
63 90 9 1
63 93 7 4
63 95 8 10
63 96 9 4
63 97 1 1
63 98 5 2
63 99 8 7
64 65 6 6
64 69 5 6
64 70 8 2
64 72 6 3
64 73 6 9
64 74 9 8
64 75 6 1
64 76 1 1
64 77 1 7
64 78 2 5
64 80 4 8
64 81 4 3
64 82 7 2
64 84 7 1
64 85 8 1
64 86 10 5
64 87 8 3
64 88 6 10
64 89 5 9
64 90 9 8
64 91 9 10
64 93 1 4
64 94 4 2
64 95 5 6
64 96 9 8
64 98 6 4
64 100 3 9
65 66 5 10
65 67 9 6
65 68 5 6
65 69 2 8
65 70 8 7
65 73 7 4
65 74 6 3
65 75 3 4
65 76 10 4
65 77 6 4
65 79 4 4
65 80 2 5
65 81 8 1
65 82 4 3
65 83 8 5
65 84 7 5
65 86 5 8
65 87 10 5
65 88 10 6
65 89 9 7
65 90 1 10
65 91 3 10
65 92 7 6
65 93 5 5
65 94 8 5
65 95 4 6
65 96 4 2
65 97 6 6
65 99 9 9
65 100 8 2
66 67 9 6
66 68 2 5
66 69 10 8
66 70 10 2
66 71 3 1
66 72 4 3
66 73 10 6
66 74 5 4
66 75 8 9
66 76 2 4
66 77 4 2
66 79 2 7
66 82 7 5
66 85 10 1
66 86 10 5
66 87 5 10
66 88 9 7
66 89 5 5
66 91 3 10
66 92 9 4
66 93 8 4
66 94 2 4
66 95 6 4
66 96 6 8
66 98 5 10
66 100 3 9
67 68 7 4
67 70 4 3
67 71 5 10
67 72 5 8
67 73 4 2
67 74 1 4
67 76 9 3
67 77 6 1
67 80 2 6
67 82 8 3
67 83 10 8
67 84 9 3
67 85 5 6
67 86 3 2
67 87 7 1
67 88 7 7
67 89 5 5
67 90 3 8
67 91 4 8
67 92 8 2
67 93 2 5
67 94 3 8
67 96 2 7
67 98 10 1
67 99 7 2
68 70 7 5
68 71 10 10
68 72 7 5
68 74 5 7
68 75 1 3
68 77 6 1
68 78 1 4
68 79 9 2
68 80 6 6
68 81 6 9
68 82 9 1
68 83 1 5
68 84 5 6
68 85 10 7
68 86 6 3
68 87 10 7
68 88 10 2
68 90 10 4
68 91 1 8
68 92 7 7
68 93 9 1
68 94 1 10
68 97 2 8
68 98 9 3
68 99 1 5
68 100 8 7
69 71 7 7
69 72 2 3
69 73 3 9
69 75 4 3
69 76 5 5
69 77 6 6
69 78 7 6
69 79 5 8
69 81 10 10
69 83 4 6
69 84 2 2
69 85 1 1
69 86 1 10
69 88 7 10
69 89 4 2
69 90 8 10
69 91 4 3
69 92 5 8
69 93 7 9
69 94 9 1
69 95 5 7
69 96 1 4
69 98 6 10
69 99 10 9
69 100 10 1
70 71 10 6
70 73 6 3
70 75 9 9
70 76 1 5
70 77 4 7
70 78 10 6
70 80 10 8
70 82 5 3
70 83 2 3
70 84 3 7
70 85 1 1
70 86 6 9
70 87 10 1
70 88 2 4
70 89 6 5
70 90 4 3
70 93 3 2
70 94 6 8
70 96 2 3
70 97 5 5
70 98 2 2
70 99 8 4
70 100 5 9
71 72 10 8
71 74 9 3
71 75 3 1
71 76 5 3
71 78 8 7
71 79 8 2
71 83 7 1
71 84 8 6
71 85 5 8
71 86 6 4
71 87 8 8
71 88 2 5
71 90 10 2
71 91 9 8
71 92 1 9
71 93 7 3
71 95 4 1
71 96 8 5
71 97 4 9
71 100 3 3
72 73 9 4
72 75 8 10
72 76 6 4
72 77 10 5
72 78 3 10
72 79 6 5
72 80 2 5
72 81 6 6
72 82 7 5
72 83 10 6
72 84 5 8
72 85 5 1
72 86 9 8
72 87 8 9
72 88 7 5
72 89 3 4
72 90 6 7
72 91 9 5
72 92 4 6
72 93 8 2
72 94 5 4
72 96 9 3
72 97 8 4
72 99 8 3
72 100 2 10
73 74 8 2
73 75 5 8
73 76 10 5
73 77 8 8
73 78 5 2
73 79 8 10
73 80 2 1
73 81 9 2
73 82 10 1
73 83 5 4
73 84 10 4
73 85 2 3
73 86 3 10
73 88 7 6
73 89 4 9
73 90 3 6
73 91 6 4
73 92 9 4
73 93 10 9
73 94 1 8
73 95 8 4
73 96 2 8
73 98 2 9
73 99 10 3
73 100 3 8
74 75 2 6
74 76 4 7
74 77 9 2
74 79 5 3
74 80 2 1
74 81 2 6
74 82 2 10
74 83 2 6
74 84 3 4
74 85 7 8
74 86 4 9
74 87 6 10
74 88 3 2
74 89 4 9
74 90 7 6
74 93 5 7
74 95 6 1
74 96 2 3
74 97 2 6
74 98 5 6
74 99 5 8
74 100 3 5
75 80 1 2
75 81 3 1
75 82 8 8
75 83 6 7
75 85 3 1
75 86 6 6
75 87 1 6
75 89 7 7
75 90 5 1
75 92 6 7
75 93 1 6
75 94 8 1
75 96 1 2
75 97 7 6
75 99 6 5
75 100 8 8
76 77 1 10
76 79 9 5
76 80 4 1
76 81 9 5
76 82 3 9
76 83 10 6
76 84 2 8
76 85 7 1
76 86 1 5
76 87 8 6
76 88 4 7
76 89 6 2
76 90 8 9
76 91 9 9
76 92 5 3
76 93 3 4
76 94 10 10
76 95 3 7
76 96 1 10
76 100 7 1
77 78 4 5
77 79 7 5
77 81 10 9
77 82 1 3
77 83 4 8
77 85 6 7
77 86 5 10
77 87 1 10
77 88 1 7
77 90 9 1
77 91 8 5
77 92 5 10
77 93 10 6
77 94 1 10
77 95 9 9
77 96 10 1
77 97 3 4
77 98 6 10
77 100 9 9
78 80 4 6
78 81 10 7
78 82 1 1
78 83 2 3
78 84 2 10
78 85 7 3
78 86 1 7
78 87 3 9
78 88 9 5
78 89 4 5
78 90 4 6
78 91 8 7
78 92 4 7
78 93 6 2
78 94 8 4
78 95 2 6
78 96 8 4
78 97 5 3
78 99 4 1
79 80 9 5
79 81 4 9
79 82 2 10
79 83 10 10
79 84 3 1
79 86 8 8
79 87 8 8
79 88 4 7
79 89 2 8
79 90 9 7
79 91 4 7
79 92 9 3
79 93 8 1
79 94 4 6
79 95 8 4
79 96 9 5
79 97 6 8
79 98 5 4
79 99 1 1
79 100 3 3
80 81 3 7
80 82 8 10
80 83 10 8
80 84 6 2
80 85 5 1
80 87 1 6
80 88 10 8
80 89 7 5
80 90 2 8
80 91 9 3
80 93 10 4
80 95 10 1
80 96 8 5
80 97 2 10
80 100 3 8
81 82 8 8
81 84 6 1
81 85 2 2
81 87 6 5
81 90 8 1
81 91 9 4
81 92 9 1
81 93 4 5
81 94 2 6
81 95 8 6
81 97 9 4
81 98 10 5
81 99 5 9
82 83 5 6
82 84 2 1
82 85 2 1
82 86 2 5
82 87 8 5
82 88 5 9
82 89 3 7
82 90 7 3
82 91 2 9
82 92 7 3
82 93 4 3
82 94 5 6
82 95 3 4
82 96 6 9
82 97 3 4
82 98 5 5
83 84 8 4
83 85 2 9
83 86 5 3
83 88 8 1
83 89 10 8
83 90 8 9
83 91 2 8
83 92 4 1
83 94 9 3
83 98 8 6
83 99 10 5
83 100 5 2
84 85 3 6
84 86 10 1
84 88 10 6
84 89 9 7
84 90 4 3
84 91 2 4
84 92 3 3
84 93 7 9
84 94 4 1
84 95 4 4
84 96 8 2
84 100 4 3
85 86 9 8
85 87 6 8
85 88 10 9
85 89 10 6
85 90 6 1
85 91 8 5
85 92 1 3
85 93 4 2
85 94 1 3
85 95 7 6
85 96 3 9
85 97 6 4
85 98 2 6
85 99 1 8
85 100 4 4
86 87 9 10
86 88 5 8
86 90 9 1
86 91 8 3
86 92 8 8
86 94 5 8
86 97 1 2
86 98 2 10
86 99 3 9
86 100 10 10
87 88 9 4
87 89 9 8
87 90 1 4
87 91 10 5
87 92 8 6
87 93 7 2
87 94 8 1
87 96 3 6
87 97 2 2
87 98 2 7
87 99 2 4
87 100 4 2
88 89 3 10
88 90 9 7
88 91 1 9
88 92 3 2
88 94 2 6
88 95 7 2
88 96 4 7
88 98 4 7
88 99 3 10
89 91 5 5
89 93 1 5
89 94 1 6
89 95 7 4
89 97 10 10
89 98 9 9
89 99 5 2
90 91 1 8
90 92 9 2
90 93 3 6
90 94 3 2
90 95 4 6
90 96 8 10
90 97 5 3
90 98 6 1
90 99 7 5
90 100 10 6
91 92 2 2
91 93 4 5
91 94 8 2
91 96 9 4
91 97 4 10
91 98 10 8
91 99 2 2
91 100 8 4
92 93 8 6
92 95 2 9
92 96 4 8
92 97 7 4
92 98 7 4
92 100 8 10
93 94 8 10
93 95 2 10
93 96 3 5
93 97 2 2
93 98 3 9
93 99 7 4
93 100 3 9
94 96 3 2
94 97 2 6
94 99 9 10
94 100 1 6
95 96 8 3
95 97 3 10
95 98 6 7
95 99 2 3
95 100 4 2
96 97 9 1
96 98 3 1
96 99 8 9
96 100 9 1
97 98 1 9
97 99 10 5
97 100 7 1
98 99 6 7
98 100 8 1
99 100 10 2
1
1 2 3 4 5 6 7 8 9 10 11 12 13 14 15 16 17 18 19 20 21 22 23 24 25 26 27 28 29 30 31 32 33 34 35 36 37 38 39 40 41 42 43 44 45 46 47 48 49 50
