3985
1 2 8 5
1 3 10 3
1 4 9 3
1 5 3 7
1 6 10 10
1 8 4 5
1 9 9 8
1 10 7 3
1 11 1 5
1 12 9 6
1 13 9 6
1 14 8 7
1 15 2 9
1 16 5 6
1 19 10 10
1 21 4 9
1 22 5 9
1 23 7 7
1 24 1 1
1 25 8 8
1 26 9 4
1 27 5 1
1 28 9 9
1 29 7 6
1 31 8 7
1 32 1 9
1 33 7 7
1 35 8 3
1 37 2 1
1 39 6 6
1 40 8 1
1 42 8 6
1 43 10 9
1 44 4 10
1 45 7 1
1 46 6 8
1 47 6 9
1 49 3 3
1 50 8 9
1 51 3 7
1 53 6 7
1 55 1 1
1 56 10 3
1 58 8 5
1 59 4 1
1 60 7 4
1 61 4 6
1 62 1 8
1 63 10 2
1 64 4 9
1 66 6 7
1 67 8 1
1 68 4 8
1 69 2 4
1 70 4 5
1 71 2 2
1 72 3 5
1 73 8 3
1 74 7 4
1 75 9 8
1 76 2 2
1 78 5 3
1 79 6 5
1 80 3 4
1 81 5 4
1 83 5 9
1 84 7 6
1 85 4 8
1 86 1 4
1 87 7 2
1 88 5 9
1 89 1 5
1 90 3 5
1 91 10 8
1 92 3 5
1 93 6 5
1 94 4 8
1 95 6 2
1 96 10 10
1 97 9 4
1 98 2 5
1 100 1 6
2 3 6 2
2 4 5 1
2 5 8 3
2 6 5 10
2 7 4 2
2 8 2 1
2 9 10 9
2 10 7 9
2 11 1 3
2 13 10 10
2 14 1 4
2 15 7 6
2 16 6 1
2 17 6 6
2 18 4 1
2 19 3 7
2 20 9 3
2 21 2 7
2 22 4 6
2 23 6 5
2 24 10 6
2 25 6 6
2 27 6 3
2 28 3 9
2 29 7 10
2 30 3 1
2 31 4 7
2 32 9 5
2 33 6 3
2 34 4 10
2 35 4 5
2 36 8 10
2 37 1 9
2 38 1 5
2 39 10 7
2 41 1 10
2 42 7 5
2 45 3 10
2 46 4 5
2 47 7 4
2 48 5 9
2 49 5 8
2 52 5 1
2 54 4 2
2 55 8 7
2 56 7 6
2 59 4 6
2 61 9 3
2 62 3 2
2 63 10 10
2 64 3 6
2 65 4 5
2 66 3 9
2 67 3 1
2 68 7 1
2 69 5 10
2 70 10 10
2 71 6 1
2 72 1 7
2 73 1 6
2 74 9 1
2 75 6 5
2 76 9 1
2 78 5 4
2 79 4 8
2 80 6 4
2 82 5 4
2 84 6 10
2 85 6 10
2 86 2 7
2 87 3 8
2 90 10 9
2 91 1 7
2 92 7 1
2 93 2 4
2 94 9 9
2 95 3 7
2 96 6 8
2 97 6 7
2 98 1 4
2 99 6 6
2 100 5 10
3 4 7 2
3 5 1 9
3 6 2 7
3 7 2 9
3 8 5 2
3 9 5 8
3 10 10 7
3 12 5 1
3 13 5 6
3 14 2 9
3 15 2 3
3 16 6 3
3 17 1 4
3 18 10 1
3 19 4 3
3 20 8 2
3 22 1 8
3 23 1 5
3 24 9 6
3 25 9 1
3 26 5 5
3 27 9 3
3 28 5 7
3 29 3 4
3 30 6 1
3 31 9 7
3 32 6 2
3 33 3 1
3 34 1 9
3 35 7 3
3 36 3 6
3 37 3 9
3 39 3 9
3 40 3 6
3 41 4 6
3 42 7 5
3 43 3 9
3 44 10 3
3 46 5 8
3 47 5 8
3 49 4 5
3 51 9 2
3 52 4 1
3 54 8 8
3 56 7 7
3 57 6 2
3 59 1 6
3 60 6 4
3 61 6 2
3 63 7 8
3 64 5 9
3 65 10 1
3 66 7 7
3 67 1 5
3 68 6 3
3 69 9 3
3 70 7 3
3 71 4 3
3 72 4 6
3 73 2 5
3 74 10 3
3 76 10 4
3 78 2 9
3 79 8 1
3 80 10 7
3 82 4 10
3 83 1 10
3 84 6 3
3 86 5 1
3 87 7 5
3 89 6 9
3 91 7 7
3 93 5 8
3 94 1 5
3 95 5 4
3 97 9 6
3 98 2 8
3 99 5 10
4 5 2 1
4 6 2 2
4 7 3 4
4 8 2 2
4 10 3 3
4 11 9 1
4 12 1 7
4 13 6 2
4 14 5 3
4 15 5 4
4 16 8 5
4 17 9 2
4 18 10 8
4 19 4 5
4 20 6 8
4 21 4 4
4 22 7 2
4 23 6 9
4 25 6 6
4 26 7 5
4 29 7 10
4 30 6 8
4 31 8 10
4 32 8 8
4 33 1 1
4 34 8 1
4 35 9 7
4 36 1 7
4 37 6 7
4 38 8 10
4 39 1 5
4 40 8 5
4 41 6 2
4 42 1 4
4 43 5 7
4 44 9 7
4 45 5 3
4 46 9 3
4 47 4 8
4 49 1 8
4 51 9 1
4 52 1 4
4 53 9 4
4 54 7 1
4 55 1 3
4 56 6 1
4 57 6 6
4 58 7 1
4 59 10 3
4 60 6 3
4 61 8 4
4 63 6 7
4 65 7 4
4 67 7 2
4 68 10 7
4 70 9 1
4 71 3 2
4 72 10 9
4 73 7 4
4 74 5 1
4 75 9 10
4 76 4 1
4 78 9 4
4 79 1 3
4 80 4 8
4 81 4 6
4 82 1 5
4 83 9 3
4 84 5 9
4 85 5 8
4 87 2 2
4 88 4 1
4 89 7 2
4 90 9 1
4 91 2 6
4 93 2 6
4 94 4 5
4 96 10 9
4 97 1 1
4 98 6 3
5 6 10 3
5 7 1 5
5 8 9 6
5 9 4 1
5 10 9 8
5 11 2 3
5 12 10 3
5 13 7 2
5 14 6 10
5 15 2 5
5 16 7 5
5 18 7 3
5 19 6 6
5 20 1 1
5 21 8 9
5 22 4 10
5 23 9 8
5 24 7 6
5 25 8 3
5 26 5 8
5 31 5 3
5 32 5 9
5 33 2 2
5 35 4 8
5 36 5 7
5 37 9 7
5 38 10 8
5 39 3 10
5 40 7 4
5 41 1 8
5 42 2 8
5 43 5 10
5 44 4 10
5 45 4 8
5 46 4 2
5 47 10 6
5 48 3 3
5 49 2 10
5 50 10 6
5 51 2 1
5 54 10 2
5 55 4 2
5 56 5 6
5 57 4 10
5 58 7 4
5 59 6 5
5 61 1 2
5 62 5 5
5 63 1 1
5 65 4 5
5 66 3 2
5 68 4 1
5 69 9 2
5 70 6 1
5 71 3 2
5 72 8 3
5 73 9 6
5 74 5 2
5 75 1 3
5 77 5 8
5 79 8 3
5 80 7 10
5 82 8 5
5 83 5 10
5 85 10 1
5 87 9 2
5 88 2 2
5 90 10 1
5 92 6 1
5 94 5 6
5 95 1 7
5 96 7 8
5 97 8 10
5 98 7 4
5 99 7 1
5 100 9 5
6 7 10 4
6 9 1 9
6 11 9 3
6 13 8 8
6 14 9 7
6 15 5 6
6 17 8 2
6 19 3 9
6 20 10 3
6 21 6 1
6 22 10 7
6 23 10 4
6 26 4 3
6 27 7 1
6 28 10 10
6 29 7 7
6 30 2 9
6 31 2 2
6 32 2 10
6 33 10 1
6 34 5 7
6 35 9 3
6 36 5 1
6 37 9 5
6 38 4 10
6 40 1 9
6 41 6 6
6 42 8 2
6 43 10 9
6 45 7 5
6 46 4 9
6 47 7 2
6 50 5 5
6 51 1 10
6 52 9 10
6 53 4 5
6 54 3 3
6 55 6 9
6 56 1 5
6 58 4 2
6 59 6 7
6 61 9 1
6 62 6 2
6 63 4 7
6 65 4 8
6 68 9 1
6 69 10 10
6 70 7 6
6 71 1 8
6 72 7 7
6 73 4 7
6 74 4 9
6 75 1 5
6 76 1 2
6 77 1 4
6 78 6 10
6 80 1 10
6 81 4 3
6 82 4 5
6 83 3 6
6 84 9 4
6 85 8 10
6 88 2 5
6 91 3 10
6 92 8 6
6 93 7 5
6 94 5 10
6 95 2 8
6 97 1 7
6 98 8 1
6 100 7 1
7 8 4 6
7 9 8 7
7 11 6 6
7 12 7 9
7 13 6 3
7 14 10 3
7 16 9 10
7 19 5 3
7 21 2 8
7 22 9 2
7 23 9 8
7 25 10 6
7 28 7 1
7 30 5 9
7 31 2 5
7 32 4 9
7 33 8 10
7 34 6 10
7 35 2 8
7 36 9 5
7 37 10 10
7 38 1 1
7 41 10 6
7 42 3 1
7 43 6 8
7 44 5 6
7 45 7 3
7 47 1 5
7 49 2 10
7 50 3 7
7 51 2 7
7 52 1 10
7 53 7 8
7 54 6 7
7 55 5 4
7 56 6 8
7 57 2 2
7 58 1 5
7 59 10 6
7 60 2 4
7 61 4 1
7 63 4 4
7 64 9 2
7 65 6 10
7 66 6 3
7 67 6 2
7 68 4 10
7 69 8 7
7 70 4 9
7 71 4 3
7 72 2 4
7 73 7 4
7 74 9 4
7 75 10 2
7 76 7 1
7 77 10 8
7 79 6 10
7 80 7 3
7 81 10 3
7 82 5 1
7 83 3 9
7 84 3 6
7 85 4 2
7 86 8 4
7 87 6 4
7 88 2 4
7 89 7 1
7 90 7 4
7 91 6 8
7 92 6 4
7 93 1 6
7 94 2 6
7 96 10 6
7 97 2 10
7 98 10 8
7 99 3 3
8 10 1 1
8 11 10 4
8 12 5 6
8 13 5 1
8 14 10 5
8 16 8 7
8 17 7 2
8 18 3 2
8 19 1 5
8 21 8 5
8 22 10 10
8 23 7 5
8 24 4 6
8 25 2 10
8 27 9 2
8 28 8 2
8 29 8 2
8 30 4 4
8 32 4 7
8 33 8 8
8 34 6 9
8 35 5 7
8 36 10 10
8 37 10 10
8 38 1 7
8 39 10 9
8 40 2 4
8 41 8 6
8 43 8 6
8 45 2 10
8 46 5 1
8 47 7 10
8 48 9 9
8 49 2 7
8 50 6 6
8 51 3 7
8 52 1 10
8 53 7 10
8 54 7 3
8 57 7 5
8 58 4 9
8 59 4 5
8 60 6 1
8 61 8 7
8 62 2 2
8 63 8 2
8 64 9 6
8 67 1 7
8 68 10 7
8 72 1 3
8 75 5 5
8 77 7 1
8 78 3 9
8 79 6 1
8 80 8 4
8 81 9 2
8 82 8 3
8 83 5 7
8 86 4 8
8 87 9 2
8 88 1 2
8 89 10 4
8 90 10 5
8 91 8 6
8 92 10 4
8 93 9 8
8 94 2 7
8 95 3 10
8 96 3 10
8 97 3 10
8 98 7 2
8 99 6 7
8 100 4 1
9 11 10 1
9 12 1 7
9 13 7 9
9 14 10 8
9 15 2 3
9 16 10 6
9 17 3 8
9 18 2 7
9 19 3 3
9 20 2 6
9 21 7 6
9 22 8 4
9 23 4 5
9 24 2 10
9 26 9 9
9 27 4 8
9 28 8 4
9 29 8 3
9 30 5 10
9 32 9 2
9 33 3 5
9 35 4 8
9 36 6 2
9 37 9 10
9 38 7 2
9 39 10 5
9 40 5 4
9 41 9 9
9 43 2 5
9 44 8 5
9 45 9 7
9 46 3 1
9 47 5 2
9 48 4 2
9 49 6 1
9 50 9 1
9 51 5 3
9 52 9 1
9 53 10 2
9 54 5 10
9 56 9 7
9 57 7 3
9 58 1 10
9 60 4 7
9 61 1 3
9 63 1 6
9 64 5 5
9 65 9 1
9 66 2 10
9 67 8 1
9 68 3 10
9 69 4 3
9 70 6 7
9 71 6 5
9 73 9 10
9 74 4 9
9 75 7 1
9 76 5 1
9 77 3 2
9 78 1 10
9 79 2 1
9 80 1 8
9 81 4 5
9 82 5 8
9 83 5 8
9 84 7 10
9 85 10 7
9 86 3 10
9 91 3 4
9 92 8 6
9 93 2 8
9 94 4 2
9 95 4 7
9 96 2 10
9 97 9 4
9 98 9 2
9 99 6 4
10 11 7 7
10 12 9 5
10 13 3 7
10 14 1 8
10 16 10 5
10 17 10 3
10 18 9 4
10 20 6 2
10 22 9 6
10 23 4 8
10 26 5 5
10 28 3 6
10 30 2 7
10 31 3 9
10 32 3 4
10 33 10 4
10 34 3 6
10 35 1 4
10 36 2 9
10 38 1 5
10 39 6 4
10 40 3 3
10 41 10 7
10 42 7 4
10 43 1 8
10 44 7 6
10 45 1 5
10 47 10 9
10 48 8 9
10 49 3 7
10 51 9 10
10 52 7 10
10 53 1 10
10 55 6 9
10 56 6 8
10 57 7 9
10 58 5 3
10 59 3 4
10 62 10 3
10 63 9 5
10 64 2 3
10 65 4 2
10 66 2 3
10 68 10 5
10 69 8 10
10 70 3 7
10 71 10 10
10 72 10 4
10 74 9 3
10 75 6 2
10 76 9 1
10 78 10 7
10 79 2 4
10 80 3 7
10 81 7 4
10 82 3 1
10 83 6 8
10 84 3 3
10 86 8 9
10 87 5 7
10 88 7 7
10 90 5 4
10 91 3 9
10 92 5 5
10 93 9 10
10 94 5 2
10 95 9 7
10 96 1 3
10 97 2 10
10 98 7 5
10 100 7 3
11 15 1 10
11 16 4 8
11 17 1 4
11 19 3 6
11 20 1 2
11 21 6 1
11 23 1 5
11 24 4 5
11 25 9 6
11 26 10 10
11 27 4 3
11 29 9 5
11 30 10 1
11 31 2 2
11 32 1 5
11 33 6 1
11 35 6 10
11 36 10 10
11 38 8 3
11 39 9 3
11 41 3 7
11 42 7 1
11 44 7 3
11 45 9 2
11 46 4 1
11 47 7 5
11 48 1 5
11 49 2 5
11 52 7 1
11 53 6 7
11 54 3 4
11 55 6 7
11 56 10 7
11 57 4 1
11 59 10 8
11 60 1 1
11 61 8 3
11 62 10 7
11 64 3 4
11 65 10 6
11 66 7 10
11 67 6 10
11 69 1 5
11 70 7 8
11 71 2 8
11 73 5 6
11 74 2 9
11 75 10 5
11 76 9 4
11 78 10 1
11 79 6 6
11 80 3 4
11 81 10 2
11 82 9 7
11 83 1 1
11 84 8 1
11 85 5 5
11 86 3 2
11 89 7 1
11 90 5 1
11 92 7 8
11 93 4 4
11 94 2 3
11 95 6 7
11 96 7 6
11 97 7 1
11 98 4 1
12 14 7 5
12 15 10 2
12 16 5 1
12 17 8 9
12 18 1 5
12 20 6 5
12 21 3 8
12 22 5 5
12 23 7 6
12 24 8 5
12 25 6 10
12 27 4 5
12 28 3 3
12 29 6 8
12 30 5 5
12 31 7 3
12 32 4 7
12 33 7 6
12 36 4 3
12 37 5 9
12 38 9 6
12 39 4 9
12 40 8 7
12 41 4 4
12 42 10 1
12 43 6 2
12 44 8 5
12 45 10 2
12 46 4 5
12 47 7 6
12 48 2 10
12 49 10 5
12 50 8 6
12 51 3 1
12 52 7 8
12 53 1 3
12 54 6 9
12 55 10 8
12 56 3 9
12 57 2 1
12 58 3 1
12 59 7 6
12 60 8 7
12 61 3 9
12 62 6 10
12 63 7 8
12 64 10 1
12 65 8 2
12 66 2 4
12 67 6 5
12 68 3 2
12 70 4 4
12 73 2 1
12 74 10 4
12 76 1 1
12 77 8 7
12 78 5 8
12 79 3 6
12 80 8 5
12 81 7 7
12 82 8 3
12 83 7 4
12 84 7 10
12 85 3 2
12 87 7 3
12 88 5 5
12 89 7 6
12 90 5 6
12 91 10 2
12 92 6 1
12 93 10 7
12 94 3 1
12 95 7 5
12 98 5 7
12 99 3 8
12 100 7 3
13 15 4 5
13 16 5 3
13 17 2 8
13 19 9 8
13 20 2 8
13 22 7 4
13 24 3 3
13 25 6 3
13 26 10 1
13 27 3 9
13 28 5 9
13 29 4 2
13 31 9 6
13 32 6 2
13 33 4 5
13 34 10 8
13 35 10 4
13 36 7 5
13 37 7 8
13 38 3 6
13 39 1 4
13 40 3 1
13 41 7 1
13 42 5 10
13 43 4 3
13 44 2 10
13 45 6 2
13 46 5 5
13 47 2 3
13 48 7 10
13 53 5 2
13 54 3 9
13 55 8 3
13 56 4 10
13 57 1 8
13 58 9 6
13 59 4 2
13 60 1 8
13 64 1 7
13 65 10 3
13 66 8 9
13 67 10 10
13 68 4 4
13 69 5 1
13 70 2 5
13 71 3 3
13 73 10 10
13 74 2 6
13 75 6 1
13 76 4 1
13 77 10 7
13 78 7 5
13 79 6 6
13 81 9 3
13 82 6 1
13 83 9 6
13 84 6 10
13 85 6 9
13 86 1 9
13 87 1 9
13 90 6 3
13 92 5 2
13 95 10 10
13 97 6 1
13 98 6 5
13 99 7 6
13 100 2 10
14 15 2 10
14 16 6 5
14 19 6 5
14 21 6 3
14 22 6 2
14 23 6 6
14 24 3 1
14 25 2 4
14 26 7 5
14 27 4 5
14 28 9 5
14 30 1 7
14 31 1 8
14 32 5 9
14 33 3 5
14 35 6 1
14 36 6 9
14 37 3 3
14 39 9 6
14 40 1 4
14 41 8 1
14 42 7 1
14 43 4 7
14 44 4 2
14 45 2 4
14 47 3 8
14 48 9 8
14 50 4 6
14 51 9 6
14 52 2 9
14 53 7 8
14 55 5 3
14 56 4 10
14 57 10 8
14 58 4 7
14 59 6 9
14 61 1 1
14 62 4 6
14 64 3 7
14 65 7 4
14 66 2 3
14 67 5 10
14 68 4 6
14 69 9 6
14 70 1 4
14 71 3 8
14 72 1 4
14 73 6 4
14 74 5 10
14 75 5 1
14 77 5 1
14 78 3 9
14 79 7 4
14 80 4 6
14 81 4 7
14 82 1 8
14 83 6 2
14 84 1 1
14 85 2 4
14 89 9 10
14 90 10 4
14 91 2 3
14 93 6 9
14 94 7 9
14 95 5 10
14 96 3 5
14 98 1 3
14 100 2 1
15 16 5 1
15 18 6 3
15 19 4 3
15 20 10 8
15 21 3 10
15 22 5 7
15 23 2 3
15 24 9 7
15 25 3 3
15 28 7 3
15 29 3 2
15 30 5 1
15 31 5 9
15 32 9 7
15 33 2 8
15 34 2 9
15 35 7 6
15 36 9 2
15 37 10 10
15 39 5 9
15 42 4 6
15 44 6 9
15 45 10 7
15 46 3 9
15 48 7 8
15 50 4 3
15 51 10 5
15 52 9 3
15 53 10 10
15 54 10 9
15 56 4 5
15 57 5 10
15 58 10 5
15 59 9 1
15 60 2 3
15 61 6 6
15 62 9 2
15 63 2 4
15 64 1 9
15 65 2 6
15 66 6 8
15 67 3 10
15 68 7 4
15 69 4 8
15 70 5 1
15 71 9 4
15 72 8 4
15 73 4 1
15 75 6 9
15 76 6 8
15 77 4 2
15 79 7 3
15 80 1 2
15 81 10 9
15 82 4 10
15 84 7 5
15 86 3 8
15 87 9 10
15 88 10 9
15 89 2 5
15 91 4 8
15 92 6 3
15 93 7 8
15 94 5 4
15 95 3 1
15 96 1 9
15 98 5 2
15 99 9 9
16 17 6 2
16 18 8 6
16 19 5 4
16 20 10 1
16 21 4 6
16 22 3 4
16 23 7 7
16 26 7 7
16 27 8 7
16 28 1 1
16 29 6 8
16 30 5 5
16 31 10 5
16 32 1 6
16 34 10 10
16 35 6 6
16 37 6 7
16 38 7 4
16 39 6 2
16 40 7 6
16 41 3 3
16 42 4 8
16 43 1 2
16 44 4 9
16 45 9 2
16 46 2 10
16 47 3 2
16 48 9 4
16 49 4 4
16 50 1 8
16 51 1 2
16 52 3 8
16 53 6 1
16 54 6 5
16 55 9 7
16 56 9 10
16 58 6 2
16 59 1 8
16 60 2 9
16 61 1 9
16 63 9 7
16 64 2 5
16 65 1 4
16 66 1 7
16 68 6 9
16 70 3 2
16 71 2 5
16 72 1 2
16 73 6 9
16 75 6 4
16 76 5 7
16 77 10 3
16 78 1 2
16 79 6 2
16 80 3 6
16 81 7 4
16 82 2 10
16 83 9 4
16 84 3 5
16 86 9 7
16 87 10 2
16 88 6 6
16 89 9 2
16 90 10 7
16 91 6 1
16 93 3 1
16 94 1 3
16 95 8 8
16 97 1 4
16 98 3 9
17 18 9 9
17 19 8 9
17 21 4 8
17 22 6 9
17 23 8 5
17 24 3 4
17 25 6 5
17 26 3 9
17 27 9 6
17 28 8 9
17 29 1 3
17 30 2 1
17 31 2 7
17 32 9 1
17 34 3 10
17 35 5 9
17 36 7 6
17 37 2 10
17 38 2 3
17 39 6 7
17 40 2 3
17 41 2 2
17 42 3 7
17 43 2 2
17 44 8 9
17 45 3 4
17 46 8 10
17 47 2 9
17 48 6 1
17 50 3 10
17 52 3 9
17 53 6 4
17 54 2 5
17 55 4 1
17 57 1 1
17 58 4 2
17 59 3 2
17 60 3 10
17 61 9 4
17 62 9 1
17 63 4 1
17 64 4 9
17 65 5 5
17 66 7 5
17 68 7 3
17 69 7 9
17 70 3 8
17 71 2 10
17 72 9 8
17 73 8 3
17 74 1 1
17 75 3 6
17 76 8 3
17 77 6 6
17 78 6 10
17 79 8 5
17 81 1 2
17 82 9 6
17 84 1 1
17 85 7 5
17 88 8 5
17 89 5 1
17 90 1 3
17 92 1 4
17 93 10 2
17 94 9 2
17 95 4 9
17 96 9 3
17 99 7 7
17 100 5 5
18 19 10 6
18 20 4 10
18 21 5 1
18 22 3 1
18 23 2 4
18 25 6 2
18 26 10 10
18 27 2 7
18 28 8 4
18 29 5 7
18 30 7 5
18 31 7 1
18 32 3 3
18 33 4 1
18 35 5 10
18 36 3 5
18 37 8 1
18 38 8 9
18 40 1 5
18 41 6 9
18 43 8 3
18 45 5 8
18 46 4 7
18 47 2 8
18 48 6 1
18 49 10 1
18 51 6 1
18 53 10 6
18 54 5 6
18 55 10 7
18 56 10 9
18 57 5 6
18 58 3 10
18 59 8 5
18 60 6 10
18 61 8 7
18 62 2 6
18 63 9 7
18 64 8 5
18 65 8 1
18 68 8 7
18 69 2 10
18 70 8 6
18 71 5 6
18 72 8 10
18 73 3 2
18 74 7 6
18 75 4 3
18 77 10 9
18 78 3 9
18 80 5 7
18 81 10 5
18 82 1 1
18 84 4 3
18 85 4 4
18 86 3 5
18 87 1 4
18 89 6 9
18 90 5 8
18 91 1 3
18 92 6 10
18 94 9 7
18 95 5 1
18 96 7 3
18 97 10 9
18 98 5 5
18 99 8 4
19 22 5 1
19 23 8 10
19 24 10 1
19 25 5 5
19 26 1 9
19 27 1 9
19 30 10 1
19 31 10 3
19 32 1 7
19 34 7 2
19 35 9 3
19 36 6 2
19 38 7 6
19 39 5 10
19 40 3 6
19 41 9 3
19 42 4 3
19 45 10 6
19 46 4 4
19 47 6 2
19 49 1 4
19 51 6 6
19 53 1 5
19 54 3 6
19 56 9 10
19 58 4 10
19 59 6 6
19 60 5 4
19 61 4 8
19 62 9 2
19 63 1 6
19 64 8 10
19 65 8 3
19 66 9 8
19 67 3 4
19 68 9 6
19 69 1 9
19 70 6 5
19 71 6 7
19 72 2 2
19 73 8 8
19 74 6 9
19 75 6 9
19 76 3 1
19 78 6 5
19 79 4 7
19 80 2 9
19 81 6 5
19 82 6 2
19 83 2 5
19 84 5 9
19 85 2 6
19 86 1 2
19 87 4 3
19 90 6 1
19 91 7 4
19 92 6 6
19 93 1 3
19 94 7 6
19 95 1 7
19 96 1 5
19 97 8 8
19 98 10 7
19 99 7 3
19 100 5 5
20 23 1 8
20 24 6 4
20 25 7 4
20 26 7 1
20 27 5 9
20 28 1 5
20 29 2 2
20 30 10 7
20 32 8 5
20 33 9 1
20 34 5 3
20 38 7 10
20 39 4 9
20 40 9 9
20 41 4 4
20 42 2 8
20 43 10 10
20 44 3 7
20 45 2 6
20 46 2 6
20 47 7 9
20 49 1 9
20 50 6 7
20 51 8 8
20 53 4 9
20 54 3 1
20 55 2 8
20 56 5 1
20 57 9 8
20 60 1 6
20 64 9 3
20 66 3 8
20 67 10 10
20 68 4 4
20 69 10 7
20 70 4 1
20 71 8 6
20 72 1 5
20 74 1 7
20 75 8 6
20 76 10 10
20 77 5 1
20 78 8 4
20 79 8 10
20 80 3 10
20 81 7 3
20 83 5 3
20 84 9 5
20 85 9 10
20 86 4 5
20 88 9 3
20 90 1 5
20 91 9 2
20 92 6 10
20 93 5 7
20 94 3 7
20 95 6 6
20 96 1 5
20 97 7 10
20 99 3 3
20 100 9 2
21 22 7 6
21 23 1 2
21 24 3 8
21 25 1 6
21 26 10 8
21 27 9 9
21 28 2 5
21 29 2 10
21 31 5 3
21 32 6 6
21 33 1 6
21 34 2 7
21 36 1 7
21 39 8 8
21 40 6 9
21 42 7 4
21 43 8 2
21 44 6 8
21 45 2 10
21 46 10 1
21 47 3 1
21 48 6 5
21 49 2 3
21 50 4 5
21 51 3 1
21 52 2 1
21 54 7 3
21 55 2 9
21 56 2 3
21 57 1 7
21 60 4 5
21 61 4 9
21 63 2 6
21 64 9 1
21 65 9 2
21 66 7 9
21 67 2 2
21 68 5 6
21 69 10 8
21 71 9 6
21 72 3 8
21 73 10 6
21 74 5 10
21 76 9 6
21 78 4 9
21 79 5 9
21 80 1 3
21 81 10 7
21 82 1 1
21 83 6 6
21 84 7 9
21 86 9 10
21 87 3 10
21 88 2 3
21 89 10 7
21 90 7 3
21 91 1 9
21 92 1 5
21 93 1 4
21 94 6 10
21 95 5 10
21 96 10 3
21 98 9 4
22 23 7 10
22 24 9 8
22 25 5 7
22 26 7 6
22 27 1 1
22 28 4 3
22 29 4 9
22 30 7 6
22 31 5 1
22 32 3 8
22 33 4 7
22 34 10 3
22 35 10 9
22 36 1 9
22 37 4 3
22 38 4 1
22 39 8 6
22 41 2 7
22 43 9 10
22 44 3 8
22 45 8 2
22 46 9 4
22 47 8 10
22 48 3 2
22 49 7 10
22 51 1 7
22 52 3 9
22 53 1 3
22 54 2 2
22 55 10 2
22 57 5 5
22 59 5 3
22 60 9 3
22 62 10 2
22 65 9 6
22 66 1 10
22 68 3 4
22 69 9 9
22 70 5 7
22 72 3 8
22 73 8 10
22 74 9 3
22 77 5 10
22 78 7 5
22 79 8 4
22 80 10 6
22 82 9 4
22 84 2 5
22 85 1 6
22 86 8 9
22 91 9 4
22 92 3 9
22 94 5 2
22 95 10 2
22 96 1 5
22 97 7 3
22 98 9 10
22 99 4 9
22 100 6 6
23 24 6 3
23 25 1 7
23 26 4 9
23 27 5 10
23 28 10 8
23 29 4 6
23 30 3 6
23 31 3 4
23 33 6 10
23 34 3 8
23 35 10 6
23 36 4 2
23 37 7 3
23 38 8 4
23 39 6 10
23 40 3 9
23 42 1 8
23 43 5 3
23 44 8 3
23 45 3 4
23 46 1 2
23 47 8 6
23 49 5 7
23 51 4 7
23 52 4 1
23 55 7 3
23 57 5 3
23 59 8 6
23 60 7 2
23 61 4 8
23 62 9 6
23 63 5 4
23 64 5 10
23 65 1 8
23 66 10 5
23 67 10 5
23 68 5 8
23 69 1 7
23 71 6 9
23 73 6 8
23 74 3 9
23 75 4 7
23 76 1 6
23 77 4 5
23 78 2 5
23 79 8 2
23 80 6 2
23 82 4 9
23 85 2 8
23 86 1 3
23 87 9 3
23 89 2 4
23 90 2 8
23 91 1 9
23 92 1 2
23 93 3 2
23 94 3 8
23 95 8 5
23 96 6 3
23 97 9 8
23 98 6 7
23 99 2 9
24 26 5 10
24 27 8 8
24 28 2 9
24 29 1 8
24 30 9 5
24 31 5 1
24 32 1 4
24 34 9 6
24 35 1 8
24 37 7 1
24 38 9 8
24 39 5 3
24 40 8 2
24 41 1 5
24 42 8 5
24 44 10 4
24 45 6 3
24 46 1 2
24 47 1 10
24 48 4 1
24 50 7 4
24 51 5 6
24 52 6 7
24 53 10 10
24 54 8 4
24 55 2 8
24 57 5 5
24 58 6 2
24 59 9 7
24 60 2 5
24 61 2 4
24 63 7 2
24 65 2 3
24 66 5 6
24 67 7 1
24 68 10 1
24 69 10 3
24 70 4 6
24 71 5 7
24 72 4 10
24 73 5 6
24 74 4 6
24 75 7 3
24 76 6 4
24 77 9 8
24 78 9 10
24 79 1 4
24 80 6 5
24 81 10 3
24 82 6 6
24 84 1 8
24 85 10 7
24 88 6 3
24 89 4 7
24 93 3 7
24 94 6 1
24 95 4 9
24 96 5 1
24 97 1 8
24 98 10 8
24 99 7 1
24 100 4 9
25 26 9 8
25 27 5 7
25 28 3 7
25 29 7 1
25 30 2 7
25 32 1 4
25 33 8 7
25 34 3 2
25 36 6 6
25 39 8 4
25 41 3 9
25 42 1 8
25 43 9 5
25 45 10 10
25 47 2 10
25 48 7 2
25 49 1 1
25 50 9 6
25 51 7 3
25 52 4 4
25 53 8 4
25 54 7 3
25 55 9 2
25 58 8 4
25 59 10 6
25 60 2 6
25 62 5 4
25 63 9 8
25 65 9 6
25 67 6 1
25 68 2 7
25 70 7 8
25 71 7 7
25 72 4 9
25 73 6 2
25 74 1 8
25 75 3 10
25 76 1 5
25 77 7 2
25 78 3 6
25 79 10 6
25 81 1 6
25 82 10 3
25 83 4 1
25 84 2 5
25 85 8 3
25 86 6 7
25 87 2 9
25 89 8 6
25 90 4 4
25 91 10 7
25 92 6 5
25 94 8 6
25 95 9 9
25 96 10 4
25 98 3 9
25 99 9 2
25 100 5 10
26 27 8 9
26 28 1 7
26 29 6 1
26 30 2 5
26 31 9 6
26 32 5 6
26 33 10 3
26 34 2 10
26 35 1 2
26 36 5 8
26 37 2 5
26 38 3 4
26 40 10 7
26 41 4 8
26 42 6 9
26 43 9 6
26 44 5 6
26 46 1 3
26 47 3 3
26 48 2 6
26 49 4 1
26 50 5 3
26 51 8 10
26 53 7 4
26 54 3 9
26 55 8 4
26 57 5 5
26 58 8 1
26 59 2 3
26 60 1 4
26 61 2 6
26 62 1 7
26 63 1 4
26 64 8 7
26 66 9 1
26 67 1 5
26 68 4 2
26 69 3 5
26 70 4 8
26 71 9 2
26 72 3 9
26 74 2 3
26 75 10 8
26 76 1 9
26 77 10 9
26 78 10 9
26 79 10 3
26 81 9 5
26 82 1 1
26 83 4 10
26 84 10 8
26 86 10 3
26 87 4 6
26 88 6 7
26 89 4 4
26 90 7 7
26 91 2 10
26 92 7 7
26 95 10 3
26 97 10 6
26 98 1 6
26 99 3 2
27 28 9 3
27 29 8 2
27 30 8 2
27 31 2 3
27 32 2 1
27 33 10 7
27 35 10 9
27 37 6 8
27 38 7 10
27 40 8 3
27 41 1 7
27 42 2 2
27 43 6 4
27 44 5 10
27 45 4 9
27 46 7 5
27 47 9 3
27 48 6 2
27 49 5 3
27 50 2 6
27 51 2 1
27 52 9 3
27 53 7 2
27 54 8 6
27 55 4 9
27 56 5 8
27 57 10 7
27 58 6 9
27 59 4 3
27 60 9 1
27 62 1 7
27 63 10 8
27 64 7 9
27 66 5 3
27 67 3 1
27 68 5 3
27 69 3 2
27 70 3 10
27 72 5 7
27 73 7 6
27 74 7 5
27 75 7 3
27 76 8 8
27 78 4 8
27 79 9 10
27 80 8 5
27 81 8 2
27 83 2 3
27 84 6 7
27 85 4 7
27 86 1 4
27 87 7 4
27 88 7 4
27 89 5 4
27 90 3 10
27 91 7 4
27 92 9 4
27 93 1 10
27 94 6 3
27 95 1 6
27 96 2 9
27 97 9 9
27 98 9 1
27 99 8 8
27 100 5 3
28 29 5 5
28 30 9 6
28 31 5 1
28 32 6 3
28 33 5 5
28 34 4 7
28 36 4 6
28 37 1 10
28 38 1 5
28 39 1 7
28 40 3 5
28 41 7 9
28 42 6 5
28 43 7 3
28 44 6 9
28 45 1 4
28 46 10 4
28 47 4 2
28 49 9 8
28 50 6 8
28 51 7 7
28 52 10 6
28 53 2 9
28 54 2 2
28 55 5 3
28 56 9 9
28 57 4 3
28 58 6 5
28 59 9 8
28 60 5 2
28 61 9 5
28 62 6 3
28 64 6 4
28 65 1 8
28 66 5 8
28 67 6 4
28 68 7 5
28 69 9 6
28 72 2 5
28 74 1 7
28 76 10 4
28 77 3 7
28 78 9 6
28 79 3 1
28 80 3 7
28 83 9 4
28 84 9 4
28 85 5 5
28 86 2 5
28 87 7 4
28 88 2 1
28 89 2 8
28 90 1 3
28 91 3 8
28 92 6 8
28 93 1 1
28 95 9 10
28 96 6 2
28 97 6 9
28 98 9 6
28 99 6 2
28 100 1 3
29 31 9 3
29 32 4 5
29 33 4 1
29 34 5 5
29 35 2 8
29 37 5 10
29 38 10 7
29 39 6 7
29 40 4 5
29 41 6 2
29 42 7 1
29 43 1 4
29 45 10 6
29 46 10 9
29 48 1 4
29 50 4 1
29 51 5 5
29 52 6 8
29 54 10 3
29 55 9 7
29 57 6 8
29 58 10 4
29 59 8 10
29 60 6 10
29 61 2 1
29 62 8 8
29 64 10 9
29 66 8 5
29 67 1 7
29 68 4 6
29 69 7 1
29 72 7 6
29 73 6 4
29 74 8 10
29 77 8 9
29 78 1 8
29 79 4 2
29 80 4 4
29 81 7 9
29 82 7 10
29 84 3 8
29 85 5 2
29 86 2 7
29 87 9 9
29 88 9 10
29 89 8 7
29 90 5 6
29 91 4 2
29 92 6 7
29 94 2 10
29 95 4 4
29 96 7 6
29 97 7 7
29 98 8 4
29 99 5 9
29 100 4 2
30 31 6 6
30 32 3 4
30 33 2 7
30 34 5 6
30 35 10 7
30 36 9 9
30 37 1 10
30 38 5 6
30 39 2 6
30 40 8 8
30 41 3 3
30 42 4 10
30 44 7 5
30 45 2 4
30 46 1 10
30 47 1 6
30 48 7 5
30 50 2 3
30 51 10 3
30 52 2 1
30 53 9 5
30 54 6 3
30 55 7 9
30 56 1 5
30 57 3 10
30 58 1 1
30 59 8 3
30 60 1 6
30 61 7 1
30 62 3 9
30 63 6 7
30 64 4 5
30 66 7 8
30 67 4 5
30 68 2 9
30 69 10 2
30 71 4 5
30 73 9 5
30 74 1 8
30 75 9 7
30 76 4 5
30 77 6 2
30 79 7 7
30 81 10 3
30 82 7 5
30 83 2 2
30 84 1 2
30 85 7 5
30 86 3 9
30 87 7 3
30 88 3 6
30 89 5 10
30 90 9 6
30 91 8 5
30 92 6 9
30 93 10 10
30 94 10 2
30 96 7 5
30 98 1 4
30 99 2 3
30 100 4 7
31 32 9 8
31 33 1 5
31 34 8 4
31 36 10 3
31 37 2 2
31 38 2 5
31 40 6 4
31 41 3 7
31 44 3 2
31 45 6 7
31 46 4 1
31 47 4 8
31 48 8 8
31 50 8 5
31 51 9 4
31 53 2 5
31 54 2 1
31 55 1 3
31 57 7 7
31 58 8 3
31 59 9 10
31 60 5 5
31 62 6 9
31 63 6 10
31 64 8 3
31 66 1 6
31 67 2 4
31 69 5 9
31 70 4 3
31 71 5 1
31 72 1 10
31 73 4 3
31 74 5 3
31 79 5 7
31 80 5 2
31 81 4 9
31 82 5 9
31 83 6 7
31 84 2 8
31 85 7 9
31 86 10 10
31 87 1 2
31 89 9 1
31 92 10 4
31 93 3 1
31 94 9 3
31 96 6 2
31 97 2 10
31 99 6 10
32 33 7 1
32 34 8 4
32 35 4 5
32 36 1 3
32 37 4 8
32 38 2 5
32 39 6 9
32 40 9 1
32 41 3 9
32 42 2 7
32 43 8 5
32 44 5 5
32 46 6 1
32 47 10 1
32 48 1 2
32 49 4 7
32 50 9 9
32 53 6 1
32 54 3 1
32 55 10 4
32 56 5 2
32 57 1 2
32 58 3 4
32 60 6 1
32 61 1 2
32 62 1 7
32 63 5 2
32 64 8 6
32 65 5 2
32 66 4 1
32 68 4 4
32 69 4 3
32 70 8 9
32 72 4 1
32 75 8 1
32 76 9 6
32 78 2 10
32 79 1 1
32 81 1 9
32 82 7 7
32 83 7 6
32 84 3 8
32 85 8 4
32 87 1 4
32 88 1 2
32 91 1 10
32 92 10 9
32 93 5 1
32 94 9 2
32 95 4 8
32 96 8 10
32 99 1 1
32 100 8 10
33 34 2 9
33 35 3 8
33 36 3 7
33 40 2 10
33 41 10 3
33 44 1 7
33 46 10 1
33 47 1 10
33 49 2 5
33 50 2 4
33 52 6 10
33 53 8 4
33 54 2 7
33 55 9 10
33 56 5 7
33 58 4 6
33 59 8 9
33 60 1 5
33 61 8 5
33 62 9 6
33 65 2 10
33 66 4 1
33 67 10 2
33 68 8 2
33 69 2 4
33 70 9 9
33 71 10 9
33 73 9 6
33 74 6 7
33 75 6 5
33 76 6 7
33 78 7 3
33 79 7 9
33 80 10 2
33 81 5 6
33 83 9 4
33 85 1 7
33 87 2 4
33 88 5 9
33 89 4 10
33 90 10 4
33 91 6 2
33 93 8 5
33 95 7 5
33 96 6 8
33 97 10 6
33 98 1 1
33 100 3 5
34 35 8 6
34 36 10 3
34 38 3 8
34 39 8 4
34 40 1 8
34 41 5 10
34 42 4 10
34 43 1 4
34 44 6 3
34 45 1 4
34 47 7 1
34 48 9 10
34 49 4 5
34 50 1 3
34 51 4 4
34 52 5 7
34 53 6 4
34 54 9 7
34 55 3 7
34 56 5 4
34 57 8 10
34 58 8 6
34 59 2 1
34 60 5 9
34 61 10 6
34 62 4 2
34 63 5 10
34 65 2 5
34 66 8 5
34 67 3 3
34 69 10 3
34 70 8 4
34 71 9 2
34 72 6 2
34 74 7 5
34 75 2 7
34 77 10 6
34 78 3 2
34 79 7 9
34 80 5 6
34 81 2 1
34 82 8 8
34 83 10 2
34 84 8 3
34 85 2 10
34 86 3 5
34 88 10 4
34 91 5 8
34 92 2 10
34 93 10 9
34 94 2 7
34 95 8 4
34 97 9 5
34 98 10 9
34 99 6 9
35 37 8 2
35 40 1 9
35 41 1 1
35 42 9 3
35 43 10 2
35 44 3 1
35 45 6 9
35 46 1 2
35 47 8 5
35 48 8 6
35 49 6 8
35 50 10 4
35 51 9 9
35 52 1 10
35 53 9 1
35 54 9 4
35 56 1 4
35 57 1 10
35 58 10 1
35 59 9 2
35 60 5 6
35 61 6 10
35 62 1 3
35 63 4 8
35 64 2 7
35 65 4 10
35 68 1 4
35 69 8 8
35 70 3 10
35 71 9 9
35 72 10 9
35 74 8 2
35 75 2 7
35 76 5 6
35 78 5 6
35 79 7 3
35 80 8 3
35 82 1 9
35 83 10 5
35 86 4 10
35 87 5 9
35 88 5 3
35 91 2 3
35 93 7 4
35 95 8 5
35 96 6 3
35 97 9 9
35 98 4 1
35 99 3 5
35 100 2 3
36 37 4 1
36 38 4 5
36 40 3 10
36 42 6 2
36 43 10 3
36 44 1 6
36 45 2 5
36 46 7 6
36 47 9 5
36 48 5 1
36 49 5 8
36 50 9 1
36 51 10 6
36 52 1 1
36 54 8 9
36 56 1 8
36 57 1 2
36 59 9 3
36 60 8 5
36 61 7 5
36 63 9 6
36 64 1 10
36 65 3 7
36 67 9 5
36 68 6 9
36 69 9 5
36 70 2 7
36 71 5 3
36 72 7 8
36 73 5 5
36 74 5 6
36 75 8 2
36 76 1 2
36 77 7 6
36 79 3 3
36 81 7 5
36 82 3 5
36 83 10 6
36 85 1 5
36 87 1 3
36 88 8 3
36 89 9 8
36 90 5 8
36 91 8 5
36 92 4 8
36 93 1 4
36 94 2 1
36 95 5 3
36 96 10 8
36 97 8 9
36 98 7 2
36 99 2 8
36 100 3 1
37 38 1 4
37 39 8 2
37 40 9 9
37 41 9 10
37 42 3 7
37 43 6 3
37 44 2 4
37 45 2 3
37 46 7 9
37 47 2 3
37 48 8 1
37 49 9 4
37 50 2 9
37 51 4 10
37 52 10 5
37 53 3 8
37 55 8 6
37 56 2 1
37 58 9 4
37 59 3 3
37 60 2 4
37 61 1 4
37 62 3 6
37 64 2 8
37 65 1 7
37 66 9 2
37 68 6 2
37 69 6 5
37 70 1 1
37 71 3 7
37 72 6 9
37 75 4 9
37 76 7 4
37 77 6 2
37 78 8 9
37 79 2 8
37 81 6 1
37 82 7 5
37 83 1 1
37 84 1 8
37 85 10 8
37 86 7 7
37 87 1 3
37 88 3 7
37 89 6 6
37 90 6 3
37 91 7 2
37 92 1 8
37 93 9 9
37 94 9 4
37 96 4 9
37 97 4 6
37 98 1 9
37 99 6 8
37 100 10 3
38 39 4 10
38 41 8 9
38 42 9 10
38 43 8 10
38 44 2 2
38 45 6 4
38 46 5 5
38 48 3 5
38 49 10 6
38 51 4 3
38 52 10 1
38 53 8 6
38 54 8 7
38 55 8 9
38 56 10 1
38 57 8 8
38 58 7 6
38 59 10 7
38 60 8 10
38 61 9 2
38 62 3 3
38 63 9 9
38 64 5 2
38 65 7 2
38 66 2 3
38 67 6 6
38 68 10 9
38 69 2 10
38 71 1 7
38 72 9 5
38 73 7 8
38 75 6 1
38 77 4 7
38 78 9 1
38 79 6 8
38 80 1 2
38 81 5 2
38 82 2 9
38 83 6 3
38 84 9 5
38 86 4 9
38 87 10 8
38 88 10 6
38 89 1 8
38 90 8 8
38 91 4 6
38 92 5 7
38 94 2 9
38 95 3 9
38 96 2 4
38 98 6 9
38 100 9 3
39 40 5 9
39 41 10 4
39 42 1 6
39 43 7 1
39 44 9 2
39 46 7 5
39 47 10 5
39 48 7 4
39 49 2 4
39 50 3 7
39 52 7 3
39 53 7 5
39 54 5 6
39 55 8 9
39 56 8 2
39 57 8 5
39 58 10 1
39 59 10 9
39 60 5 4
39 61 3 1
39 62 5 7
39 64 5 2
39 65 1 6
39 66 6 9
39 69 9 1
39 70 4 2
39 72 7 4
39 73 10 7
39 74 10 2
39 75 1 1
39 76 1 7
39 77 8 8
39 80 4 2
39 81 6 9
39 82 8 5
39 83 3 1
39 85 9 4
39 86 4 4
39 89 9 5
39 90 3 3
39 91 1 1
39 92 6 10
39 93 1 9
39 94 6 6
39 95 8 4
39 97 9 6
39 98 5 8
39 99 5 9
39 100 1 5
40 43 5 7
40 44 4 1
40 45 6 6
40 46 10 5
40 49 3 6
40 50 3 10
40 55 2 5
40 56 7 7
40 57 7 7
40 58 5 8
40 59 2 10
40 60 3 1
40 62 10 8
40 63 4 7
40 64 5 9
40 66 9 6
40 67 3 1
40 68 4 10
40 70 6 7
40 72 7 8
40 73 4 4
40 74 10 10
40 75 10 3
40 76 9 3
40 77 6 6
40 78 1 4
40 79 5 9
40 80 5 10
40 81 2 9
40 82 9 7
40 84 9 5
40 85 9 6
40 86 9 4
40 87 7 3
40 88 10 2
40 90 8 3
40 91 6 5
40 92 1 5
40 93 9 9
40 94 2 6
40 95 9 5
40 96 1 5
40 97 5 8
40 98 1 1
40 99 3 8
41 42 1 9
41 44 10 6
41 45 9 10
41 46 3 10
41 48 8 5
41 49 1 7
41 50 1 8
41 51 5 5
41 52 5 3
41 53 8 4
41 54 4 7
41 55 7 6
41 57 2 7
41 58 8 5
41 61 7 3
41 62 5 6
41 63 1 5
41 64 5 3
41 65 1 6
41 66 6 10
41 67 1 6
41 70 8 4
41 72 4 8
41 73 9 10
41 74 3 6
41 75 9 4
41 76 2 2
41 77 1 3
41 78 7 3
41 79 4 2
41 80 5 6
41 81 2 10
41 82 9 8
41 83 8 6
41 84 1 1
41 85 5 7
41 86 10 9
41 87 10 6
41 88 10 2
41 89 7 4
41 90 3 10
41 91 9 1
41 92 10 1
41 93 10 9
41 95 7 3
41 96 3 3
41 97 4 8
41 98 4 5
41 99 9 5
42 45 5 8
42 47 2 9
42 48 6 2
42 49 7 9
42 50 8 5
42 51 7 3
42 53 8 10
42 54 5 8
42 55 8 6
42 56 9 3
42 57 4 8
42 58 10 1
42 59 4 6
42 60 8 10
42 61 7 8
42 62 1 5
42 63 10 10
42 65 4 5
42 66 2 7
42 67 9 6
42 68 4 10
42 69 5 10
42 70 5 7
42 72 6 3
42 73 2 3
42 75 8 8
42 76 4 10
42 78 7 3
42 79 9 10
42 81 3 3
42 83 3 6
42 84 1 6
42 85 7 5
42 86 10 10
42 87 4 1
42 88 1 8
42 91 1 1
42 92 1 7
42 93 10 3
42 94 7 6
42 95 9 1
42 96 3 8
42 97 5 2
42 99 6 3
42 100 1 7
43 44 10 10
43 46 6 8
43 47 8 1
43 50 5 8
43 51 1 10
43 52 6 2
43 53 2 10
43 55 3 9
43 56 2 3
43 57 3 6
43 60 8 7
43 61 2 10
43 62 9 8
43 63 8 8
43 64 5 8
43 65 2 7
43 66 8 5
43 67 6 8
43 68 6 8
43 69 2 7
43 71 1 8
43 72 6 9
43 75 4 6
43 76 3 9
43 77 8 5
43 78 6 10
43 79 5 9
43 80 10 4
43 81 7 3
43 82 10 10
43 83 9 4
43 84 1 6
43 85 9 10
43 86 3 7
43 87 4 10
43 88 8 3
43 89 6 3
43 90 4 6
43 91 2 7
43 95 9 6
43 96 9 1
43 97 1 2
43 98 9 5
43 99 8 8
44 45 5 3
44 46 1 2
44 47 3 1
44 48 1 3
44 49 6 2
44 50 9 6
44 51 5 6
44 52 4 6
44 53 9 6
44 54 7 10
44 55 10 5
44 56 1 4
44 58 5 2
44 59 6 8
44 60 10 5
44 61 8 6
44 62 7 7
44 63 8 2
44 64 5 9
44 66 6 2
44 67 1 3
44 69 8 10
44 70 6 6
44 72 1 9
44 73 4 6
44 74 4 4
44 75 10 3
44 76 9 6
44 77 3 5
44 78 10 6
44 79 10 7
44 81 6 2
44 82 4 8
44 85 8 3
44 86 1 8
44 87 4 10
44 88 10 7
44 89 8 8
44 90 7 8
44 91 3 2
44 92 7 5
44 94 2 9
44 95 1 2
44 98 7 7
44 99 3 9
45 46 2 8
45 49 8 6
45 50 4 6
45 51 4 8
45 52 9 5
45 54 10 3
45 55 2 3
45 57 9 4
45 58 4 8
45 59 2 4
45 62 8 1
45 63 3 4
45 64 4 1
45 65 1 4
45 69 3 8
45 70 5 2
45 71 3 2
45 72 3 1
45 74 7 1
45 75 6 1
45 77 8 1
45 78 6 5
45 79 8 10
45 81 2 9
45 83 1 8
45 84 6 7
45 85 8 3
45 86 6 3
45 87 1 2
45 88 2 10
45 89 6 1
45 90 6 3
45 91 5 10
45 92 7 3
45 93 7 9
45 94 4 4
45 95 5 9
45 96 2 9
45 97 1 8
45 98 7 2
45 100 8 2
46 48 10 6
46 50 4 5
46 51 5 1
46 52 2 5
46 53 8 7
46 54 8 8
46 55 2 8
46 57 9 9
46 58 9 5
46 59 3 8
46 60 8 1
46 61 10 6
46 62 1 8
46 63 1 7
46 64 4 10
46 65 7 8
46 66 2 9
46 67 3 9
46 68 4 5
46 69 1 8
46 72 9 6
46 73 4 2
46 74 10 1
46 75 5 4
46 76 7 4
46 77 1 8
46 79 10 2
46 81 8 1
46 82 3 1
46 84 4 4
46 86 7 4
46 87 7 7
46 88 10 2
46 90 7 1
46 92 3 7
46 93 7 1
46 94 10 6
46 95 8 5
46 96 10 1
46 97 10 7
46 98 3 10
46 100 7 3
47 48 9 6
47 49 4 10
47 51 9 4
47 53 8 10
47 55 7 3
47 56 9 1
47 57 7 6
47 58 1 10
47 59 5 3
47 60 6 3
47 62 9 3
47 63 5 5
47 64 9 3
47 65 9 2
47 66 9 1
47 67 1 1
47 68 2 9
47 69 4 2
47 70 6 4
47 71 1 1
47 72 8 7
47 73 4 10
47 74 10 8
47 75 6 2
47 76 7 2
47 78 5 6
47 79 3 1
47 80 10 5
47 81 7 1
47 83 3 8
47 84 7 1
47 85 5 4
47 86 6 7
47 87 6 9
47 88 9 2
47 89 1 7
47 91 10 3
47 92 3 5
47 94 3 6
47 97 2 5
47 98 8 3
47 99 6 8
47 100 4 10
48 49 2 3
48 50 4 6
48 52 8 3
48 53 8 2
48 54 8 7
48 55 5 3
48 56 6 10
48 58 10 7
48 59 1 8
48 61 4 9
48 62 7 3
48 63 1 1
48 65 2 8
48 69 3 1
48 70 9 2
48 72 2 6
48 74 10 6
48 75 1 7
48 76 6 8
48 78 1 10
48 79 6 4
48 80 3 4
48 81 5 9
48 82 10 7
48 84 6 9
48 85 3 5
48 86 1 9
48 88 9 3
48 89 7 10
48 91 9 5
48 92 9 8
48 94 6 1
48 95 3 10
48 97 6 7
48 98 9 4
48 99 1 7
48 100 9 5
49 52 8 3
49 53 10 4
49 54 4 9
49 55 3 5
49 57 5 7
49 58 8 10
49 59 3 2
49 60 5 9
49 61 1 1
49 62 5 8
49 63 5 9
49 64 9 10
49 65 8 7
49 66 2 3
49 67 10 9
49 68 8 10
49 69 6 9
49 70 7 9
49 71 1 1
49 73 7 10
49 74 10 4
49 75 9 5
49 76 8 6
49 77 7 10
49 78 6 5
49 79 10 6
49 80 2 5
49 81 2 7
49 82 1 3
49 84 6 4
49 85 3 8
49 86 8 1
49 88 4 9
49 89 8 1
49 90 4 1
49 91 3 7
49 93 1 2
49 94 7 5
49 95 5 5
49 96 3 4
49 97 9 9
49 98 7 1
49 99 10 7
49 100 1 3
50 51 4 5
50 56 6 3
50 57 7 6
50 58 5 2
50 59 6 3
50 62 7 10
50 63 4 8
50 64 1 10
50 65 9 5
50 66 6 3
50 68 3 5
50 69 10 7
50 70 5 2
50 72 4 7
50 73 1 4
50 74 3 9
50 75 8 5
50 77 9 10
50 79 10 3
50 80 10 4
50 82 7 3
50 84 5 9
50 85 4 1
50 86 6 5
50 87 8 9
50 88 10 9
50 89 4 8
50 90 1 1
50 91 8 8
50 92 9 9
50 93 3 8
50 95 6 7
50 96 5 6
50 97 7 7
50 98 7 1
50 99 3 1
50 100 4 5
51 52 9 5
51 53 7 6
51 54 8 8
51 55 4 5
51 56 7 2
51 59 6 6
51 60 5 5
51 62 6 1
51 63 8 4
51 64 6 4
51 65 7 5
51 66 1 4
51 67 4 9
51 68 4 3
51 69 2 7
51 70 5 9
51 71 9 3
51 72 5 9
51 73 6 5
51 74 4 6
51 75 4 6
51 76 5 9
51 77 9 7
51 78 2 4
51 79 8 7
51 80 2 3
51 81 7 3
51 82 3 4
51 83 9 3
51 84 5 5
51 86 2 3
51 88 3 10
51 90 2 4
51 91 6 2
51 92 2 4
51 93 6 8
51 94 5 5
51 95 6 6
51 96 6 2
51 97 9 5
51 98 9 1
51 99 3 4
51 100 7 6
52 53 7 2
52 54 3 1
52 55 5 8
52 60 7 6
52 61 4 9
52 62 5 7
52 63 7 5
52 65 1 9
52 66 3 9
52 67 8 6
52 68 3 2
52 69 4 8
52 70 1 1
52 71 9 9
52 72 2 3
52 73 1 8
52 74 2 7
52 75 6 5
52 76 2 1
52 77 7 10
52 78 4 10
52 79 2 10
52 82 3 1
52 83 6 3
52 84 3 1
52 85 8 5
52 86 6 2
52 87 3 9
52 88 8 8
52 89 2 7
52 90 1 10
52 91 8 10
52 92 5 4
52 93 2 4
52 95 1 5
52 96 6 4
52 97 6 10
52 98 3 6
52 100 8 4
53 54 4 8
53 58 4 3
53 60 7 3
53 61 6 3
53 63 9 7
53 64 4 4
53 66 3 8
53 67 9 6
53 68 1 9
53 69 1 6
53 70 3 1
53 71 8 10
53 72 2 8
53 74 3 1
53 75 6 7
53 76 9 3
53 77 8 4
53 78 4 10
53 79 3 7
53 81 4 8
53 82 9 4
53 84 4 6
53 85 6 6
53 88 10 9
53 89 6 7
53 90 8 1
53 91 6 4
53 93 6 9
53 94 4 7
53 95 6 9
53 96 6 9
53 97 8 9
53 98 4 10
53 99 6 8
53 100 9 4
54 55 9 8
54 56 9 4
54 57 8 5
54 58 9 10
54 59 4 9
54 60 3 3
54 62 1 2
54 64 4 6
54 65 9 6
54 66 1 8
54 67 6 5
54 68 6 4
54 69 4 3
54 70 7 6
54 71 2 9
54 72 7 1
54 74 6 1
54 75 3 5
54 76 2 1
54 77 9 1
54 78 9 1
54 79 3 6
54 80 4 2
54 81 8 2
54 84 7 10
54 85 10 9
54 86 5 6
54 87 3 10
54 88 7 9
54 90 7 1
54 91 7 7
54 92 10 6
54 94 9 8
54 95 9 5
54 98 6 9
54 99 6 4
54 100 4 3
55 56 6 1
55 57 9 2
55 58 9 7
55 59 5 5
55 61 9 9
55 62 2 3
55 63 3 9
55 64 2 6
55 65 6 3
55 66 8 2
55 67 1 6
55 68 9 7
55 69 4 2
55 71 7 5
55 74 1 10
55 75 4 2
55 76 4 2
55 77 5 7
55 78 4 9
55 79 1 9
55 80 7 1
55 81 10 1
55 82 8 3
55 83 8 4
55 84 8 3
55 85 4 4
55 86 1 4
55 87 9 7
55 88 5 5
55 91 2 6
55 93 6 3
55 94 6 2
55 95 4 10
55 96 1 3
55 97 10 6
55 98 6 10
55 99 8 3
55 100 7 1
56 57 1 1
56 58 4 6
56 59 2 9
56 60 1 4
56 62 4 4
56 63 6 10
56 64 10 8
56 65 9 3
56 67 5 5
56 69 3 2
56 71 3 1
56 73 10 1
56 74 1 9
56 75 6 2
56 76 9 5
56 77 10 1
56 78 7 9
56 79 4 7
56 81 4 6
56 83 10 3
56 84 5 1
56 85 10 8
56 86 4 5
56 87 4 8
56 89 2 10
56 90 2 7
56 91 2 8
56 92 9 10
56 93 3 1
56 94 10 4
56 95 6 4
56 96 2 4
56 97 4 4
56 99 10 2
56 100 4 4
57 58 6 4
57 59 7 2
57 60 2 4
57 61 9 5
57 62 8 7
57 63 2 10
57 64 2 1
57 66 3 6
57 67 1 9
57 68 1 7
57 69 1 6
57 70 1 7
57 71 3 7
57 72 2 9
57 76 1 10
57 77 4 1
57 78 7 2
57 79 3 8
57 80 8 3
57 81 3 4
57 82 9 1
57 83 9 2
57 84 7 5
57 86 5 5
57 87 6 6
57 88 9 3
57 89 9 5
57 90 8 9
57 91 3 5
57 92 10 7
57 93 1 1
57 95 6 10
57 96 3 1
57 97 5 4
57 98 6 8
57 99 3 9
58 59 1 6
58 60 7 4
58 61 3 1
58 62 7 8
58 63 9 5
58 64 6 2
58 65 1 4
58 66 4 8
58 68 5 9
58 69 5 9
58 70 5 5
58 71 5 7
58 74 9 9
58 75 4 5
58 76 1 9
58 77 3 5
58 78 1 1
58 79 3 5
58 80 9 2
58 81 5 5
58 82 1 5
58 83 4 3
58 85 7 4
58 86 7 7
58 87 7 3
58 88 10 5
58 89 2 8
58 90 6 7
58 92 10 1
58 93 1 8
58 94 1 4
58 95 10 4
58 96 7 6
58 97 10 2
58 98 8 3
58 99 8 2
59 60 6 8
59 61 9 7
59 62 8 5
59 63 8 7
59 64 5 10
59 65 2 1
59 66 4 5
59 67 8 10
59 69 1 3
59 70 9 8
59 71 9 5
59 73 5 2
59 74 9 9
59 75 5 4
59 78 1 2
59 79 4 10
59 80 6 2
59 81 8 1
59 82 3 2
59 83 6 8
59 84 2 8
59 86 4 8
59 87 3 1
59 88 8 6
59 89 9 2
59 90 7 10
59 91 2 8
59 92 1 5
59 93 5 4
59 96 3 3
59 97 6 5
59 98 1 9
59 99 2 5
59 100 2 10
60 61 3 7
60 62 8 3
60 64 4 8
60 65 4 1
60 67 3 3
60 68 7 2
60 69 9 3
60 70 9 3
60 71 9 9
60 73 3 10
60 74 5 6
60 76 9 9
60 77 4 8
60 79 2 4
60 80 8 3
60 82 7 5
60 83 3 10
60 84 2 10
60 85 4 3
60 87 3 4
60 88 4 3
60 89 10 7
60 91 9 5
60 92 1 8
60 95 8 3
60 96 8 6
60 97 1 10
60 98 6 10
60 99 7 1
60 100 5 8
61 62 5 2
61 63 4 4
61 64 4 7
61 65 7 7
61 66 8 10
61 67 7 7
61 69 8 6
61 70 10 7
61 71 2 6
61 72 1 7
61 73 10 3
61 74 5 9
61 75 2 10
61 76 3 5
61 78 4 9
61 80 8 8
61 81 5 9
61 82 8 5
61 83 7 7
61 84 7 10
61 85 1 9
61 86 9 7
61 88 9 1
61 90 8 4
61 92 4 9
61 94 10 4
61 95 6 1
61 96 6 8
61 97 5 7
61 98 5 9
61 100 3 2
62 63 6 8
62 65 2 1
62 67 8 7
62 68 5 2
62 69 4 10
62 70 9 9
62 71 4 4
62 72 8 1
62 73 6 1
62 74 7 3
62 75 2 8
62 76 9 7
62 77 3 10
62 78 3 4
62 79 7 10
62 80 9 8
62 81 2 10
62 83 7 2
62 84 2 4
62 85 3 3
62 86 5 9
62 87 9 8
62 88 6 6
62 89 5 4
62 90 10 9
62 91 5 1
62 92 7 1
62 94 6 8
62 95 7 5
62 96 7 9
62 97 5 10
62 98 5 9
62 99 1 3
62 100 5 5
63 65 5 1
63 67 2 2
63 68 5 4
63 69 5 8
63 70 8 4
63 71 5 3
63 73 1 4
63 74 8 5
63 75 6 2
63 76 7 5
63 77 9 4
63 78 3 7
63 79 5 6
63 80 5 2
63 81 9 8
63 82 8 5
63 84 2 4
63 86 10 1
63 88 1 3
63 89 9 4
63 90 5 7
63 92 7 2
63 93 6 9
63 94 10 2
63 96 10 5
63 97 2 8
63 98 5 1
63 100 3 4
64 68 2 6
64 69 8 6
64 70 5 8
64 72 4 6
64 73 5 7
64 74 1 1
64 75 1 5
64 76 10 4
64 77 3 5
64 79 9 2
64 80 2 7
64 81 1 5
64 82 5 6
64 83 10 5
64 84 6 1
64 85 5 10
64 86 9 7
64 87 7 3
64 88 7 2
64 89 8 10
64 91 4 7
64 92 3 2
64 93 2 9
64 95 2 3
64 96 7 1
64 98 2 2
64 100 4 8
65 68 5 5
65 69 6 6
65 70 1 3
65 72 8 2
65 73 6 1
65 75 3 9
65 76 10 8
65 77 8 4
65 78 9 9
65 79 8 9
65 80 1 8
65 81 4 10
65 82 3 3
65 83 6 2
65 84 1 1
65 85 2 8
65 86 1 1
65 87 3 9
65 88 3 6
65 89 2 7
65 90 10 1
65 91 2 9
65 92 8 1
65 93 2 10
65 94 2 2
65 95 1 2
65 96 8 2
65 97 10 3
65 98 1 2
65 100 2 7
66 67 1 3
66 69 8 9
66 71 2 4
66 73 2 10
66 74 4 8
66 77 5 6
66 79 3 6
66 80 2 8
66 82 6 5
66 83 2 5
66 84 2 2
66 85 9 10
66 86 1 5
66 88 3 8
66 89 9 6
66 90 8 4
66 91 1 1
66 92 10 5
66 93 6 7
66 94 5 6
66 95 9 5
66 97 8 6
66 98 6 7
66 99 5 6
66 100 10 1
67 69 7 1
67 70 5 4
67 71 10 4
67 72 6 10
67 73 9 2
67 74 9 6
67 75 9 8
67 76 1 7
67 79 1 5
67 80 5 1
67 81 1 5
67 82 10 10
67 84 2 5
67 85 7 2
67 86 3 1
67 87 5 4
67 88 5 3
67 89 6 1
67 92 5 5
67 93 6 4
67 94 3 5
67 95 6 10
67 96 2 1
67 97 5 3
67 98 2 2
67 99 4 10
68 69 4 10
68 70 7 8
68 71 7 8
68 72 6 4
68 73 2 8
68 74 3 2
68 75 7 1
68 76 2 9
68 78 1 7
68 79 2 6
68 80 6 2
68 81 5 3
68 82 3 5
68 83 5 4
68 84 10 3
68 85 8 2
68 86 4 2
68 87 10 10
68 88 9 3
68 91 5 7
68 92 8 2
68 93 3 9
68 94 3 10
68 96 2 8
68 97 10 3
68 98 4 2
68 99 5 5
68 100 10 8
69 70 1 7
69 72 5 5
69 73 2 1
69 74 7 5
69 75 7 2
69 76 5 8
69 77 10 3
69 78 8 5
69 81 9 2
69 84 2 5
69 86 1 6
69 87 6 1
69 88 10 8
69 89 4 6
69 90 7 9
69 92 3 5
69 93 8 7
69 94 1 10
69 96 8 8
69 97 2 2
69 99 2 10
69 100 7 4
70 71 2 7
70 72 4 3
70 73 2 4
70 74 7 3
70 76 5 1
70 77 5 1
70 78 2 6
70 79 1 4
70 80 9 7
70 84 4 4
70 85 1 8
70 86 7 10
70 87 2 1
70 88 7 2
70 89 9 7
70 90 9 8
70 91 9 5
70 92 2 10
70 93 7 4
70 95 3 5
70 96 8 2
70 97 4 6
70 98 3 4
70 100 4 6
71 74 3 8
71 75 5 3
71 76 3 10
71 77 5 1
71 78 1 2
71 79 10 8
71 81 10 3
71 82 4 6
71 83 7 6
71 84 10 5
71 85 6 7
71 86 5 1
71 88 8 9
71 89 1 8
71 91 5 7
71 92 5 1
71 93 10 8
71 94 6 1
71 95 8 2
71 96 5 5
71 97 5 9
71 98 8 2
71 99 6 8
71 100 6 3
72 73 5 10
72 74 1 4
72 76 1 8
72 78 3 7
72 79 3 5
72 80 2 3
72 82 5 3
72 83 4 6
72 84 5 10
72 87 9 3
72 88 10 2
72 89 1 2
72 90 2 9
72 91 3 1
72 92 6 4
72 93 6 5
72 94 7 4
72 95 4 2
72 96 4 6
72 97 8 6
72 98 2 6
72 99 2 3
72 100 7 8
73 74 7 2
73 75 5 1
73 76 5 4
73 77 2 4
73 78 2 4
73 79 2 8
73 80 10 3
73 82 6 6
73 83 7 2
73 85 9 2
73 86 5 3
73 87 9 9
73 88 9 7
73 89 7 6
73 90 5 9
73 91 9 9
73 92 9 4
73 93 7 4
73 94 6 1
73 95 6 2
73 96 5 9
73 97 8 5
73 98 8 3
73 99 2 1
74 75 7 1
74 76 3 4
74 77 6 4
74 79 9 5
74 80 5 4
74 81 1 6
74 83 10 4
74 84 3 4
74 87 4 1
74 88 10 3
74 90 2 4
74 91 7 5
74 93 2 3
74 94 2 8
74 95 9 2
74 96 10 4
74 97 10 1
74 98 3 6
74 99 9 1
74 100 8 4
75 76 10 8
75 77 9 2
75 78 10 10
75 79 2 4
75 80 2 9
75 81 6 1
75 82 5 5
75 83 5 2
75 84 4 4
75 85 1 5
75 86 7 3
75 87 2 2
75 88 6 3
75 89 8 6
75 91 1 1
75 92 10 6
75 93 9 6
75 94 4 10
75 95 5 9
75 96 10 3
75 97 1 3
75 98 1 7
75 99 4 7
75 100 10 6
76 77 6 7
76 78 8 9
76 79 3 8
76 81 10 4
76 82 9 7
76 83 3 5
76 84 2 1
76 85 8 5
76 86 10 9
76 87 10 9
76 88 6 7
76 89 4 5
76 90 5 10
76 91 3 4
76 92 8 3
76 93 10 1
76 94 10 10
76 97 6 10
76 99 1 1
77 78 7 5
77 79 1 2
77 80 10 2
77 81 4 5
77 82 2 5
77 83 9 6
77 84 7 7
77 85 10 5
77 86 1 5
77 88 9 4
77 89 8 2
77 90 9 6
77 92 6 5
77 93 2 10
77 94 7 7
77 95 8 6
77 96 8 4
77 97 9 1
77 99 5 9
77 100 5 3
78 79 5 1
78 80 8 4
78 82 1 9
78 83 6 2
78 85 6 5
78 86 6 6
78 87 6 7
78 88 4 6
78 89 9 3
78 90 3 5
78 91 1 2
78 92 6 8
78 93 4 9
78 94 4 5
78 95 10 8
78 96 2 1
78 97 2 1
78 98 7 5
78 99 5 4
79 82 1 1
79 83 6 5
79 84 9 5
79 85 5 1
79 86 9 4
79 87 2 6
79 88 4 10
79 89 8 10
79 91 1 3
79 92 7 2
79 93 1 2
79 94 6 10
79 96 10 6
79 98 7 2
80 81 10 1
80 82 4 3
80 83 9 6
80 84 1 1
80 85 1 1
80 86 5 8
80 87 2 3
80 89 4 2
80 90 2 2
80 91 2 7
80 92 9 7
80 94 4 7
80 95 5 8
80 96 5 9
80 97 7 8
80 98 5 9
80 99 6 6
80 100 8 2
81 82 3 10
81 83 9 4
81 84 2 10
81 85 6 2
81 86 4 1
81 87 7 10
81 88 7 3
81 89 8 3
81 90 10 7
81 92 7 1
81 93 3 6
81 94 10 1
81 95 3 9
81 97 9 3
81 98 6 8
81 99 6 10
82 83 7 4
82 86 3 6
82 87 2 8
82 88 5 6
82 89 4 1
82 90 4 9
82 91 3 4
82 92 2 3
82 93 6 6
82 94 1 10
82 96 3 8
82 97 2 1
82 98 8 9
82 99 3 7
82 100 6 10
83 84 6 7
83 85 9 4
83 86 10 5
83 88 9 2
83 89 5 5
83 90 5 6
83 91 4 6
83 92 8 2
83 93 9 5
83 94 9 4
83 95 7 6
83 96 7 7
83 97 4 2
83 98 6 1
83 99 1 10
84 85 3 8
84 86 8 3
84 88 10 8
84 89 8 8
84 90 8 3
84 91 7 9
84 93 1 1
84 94 2 4
84 96 1 6
84 98 5 3
84 99 10 1
84 100 1 5
85 86 5 8
85 87 9 1
85 88 2 10
85 90 8 9
85 91 1 2
85 92 8 6
85 93 4 5
85 96 2 4
85 97 7 1
85 99 1 9
85 100 3 9
86 87 1 1
86 88 10 10
86 90 1 8
86 91 2 5
86 92 3 10
86 93 8 10
86 94 4 7
86 95 6 8
86 98 10 3
86 99 1 2
86 100 9 4
87 88 9 8
87 89 8 10
87 90 4 10
87 91 3 3
87 92 10 5
87 94 4 7
87 95 7 9
87 96 5 6
87 97 5 9
87 99 1 9
87 100 9 8
88 89 1 8
88 90 9 2
88 92 9 2
88 93 2 5
88 94 8 4
88 95 6 10
88 96 6 4
88 97 1 6
88 98 6 2
88 99 6 7
88 100 3 6
89 90 2 2
89 91 8 8
89 93 4 10
89 94 1 1
89 95 6 10
89 96 1 3
89 97 1 5
89 98 5 8
89 99 3 7
89 100 3 2
90 91 10 2
90 92 9 7
90 93 1 8
90 95 9 10
90 97 10 4
90 99 8 9
91 92 1 7
91 93 2 10
91 94 8 4
91 95 9 6
91 97 1 3
91 99 3 4
91 100 9 1
92 93 10 9
92 94 6 8
92 95 4 8
92 96 1 1
92 98 6 7
92 99 7 3
92 100 8 4
93 94 9 8
93 95 3 3
93 97 4 1
93 99 7 5
93 100 2 1
94 96 1 9
94 99 9 1
94 100 1 2
95 96 1 6
95 97 5 8
95 98 3 3
95 99 3 1
96 97 10 3
96 99 9 6
96 100 5 7
97 98 10 3
97 99 1 7
97 100 4 10
98 100 7 4
1
1 2 3 4 5 6 7 8 9 10 11 12 13 14 15 16 17 18 19 20 21 22 23 24 25 26 27 28 29 30 31 32 33 34 35 36 37 38 39 40 41 42 43 44 45 46 47 48 49 50
