3987
1 2 7 8
1 3 1 3
1 4 3 4
1 5 4 5
1 6 1 5
1 7 9 8
1 8 2 3
1 9 2 9
1 10 2 4
1 11 5 7
1 12 10 2
1 14 5 7
1 16 8 4
1 17 4 8
1 18 7 5
1 19 6 5
1 20 3 1
1 21 1 10
1 22 7 3
1 23 1 9
1 24 4 2
1 25 4 6
1 26 10 1
1 27 9 5
1 28 8 10
1 31 9 4
1 32 6 5
1 36 10 4
1 37 9 6
1 39 10 1
1 40 1 1
1 41 1 1
1 43 7 10
1 44 8 7
1 45 1 1
1 46 10 6
1 47 4 1
1 48 6 5
1 49 6 2
1 51 5 4
1 52 3 8
1 53 10 8
1 54 7 1
1 56 9 6
1 57 5 10
1 58 2 5
1 60 8 10
1 61 9 10
1 62 3 5
1 63 10 3
1 65 5 1
1 67 3 9
1 69 10 4
1 71 7 9
1 72 10 2
1 74 1 10
1 75 7 6
1 77 6 1
1 78 10 9
1 79 10 6
1 80 9 7
1 81 7 8
1 83 10 9
1 84 9 9
1 85 5 10
1 86 4 4
1 87 4 1
1 88 1 4
1 89 7 6
1 90 4 5
1 91 2 6
1 92 5 2
1 93 4 9
1 94 4 3
1 95 2 6
1 97 3 7
1 98 3 3
1 100 2 4
2 3 4 5
2 4 6 10
2 6 3 10
2 7 10 4
2 8 7 5
2 10 2 5
2 11 2 10
2 12 8 8
2 13 7 5
2 14 5 7
2 15 5 1
2 16 6 1
2 17 2 5
2 18 7 7
2 19 5 5
2 20 2 7
2 21 7 10
2 22 8 1
2 23 6 2
2 24 6 3
2 25 9 5
2 27 5 9
2 28 1 2
2 29 5 7
2 30 4 1
2 31 6 5
2 32 5 8
2 33 4 1
2 35 4 1
2 37 10 9
2 38 3 8
2 39 6 10
2 40 8 7
2 42 9 6
2 43 3 8
2 45 5 1
2 46 9 6
2 47 5 3
2 48 5 10
2 49 7 9
2 51 2 10
2 52 1 10
2 53 3 7
2 54 8 8
2 55 6 10
2 56 3 6
2 57 7 1
2 58 7 5
2 59 6 2
2 60 4 4
2 61 3 5
2 62 3 8
2 63 9 8
2 64 7 5
2 67 1 2
2 69 10 9
2 71 10 10
2 72 6 4
2 75 9 9
2 76 4 10
2 77 10 6
2 78 9 9
2 80 9 8
2 82 8 5
2 83 2 1
2 84 8 3
2 86 10 4
2 87 6 2
2 88 5 3
2 89 5 3
2 91 10 6
2 92 3 10
2 94 3 6
2 96 9 6
2 99 3 2
2 100 2 1
3 4 3 3
3 5 4 7
3 6 3 5
3 8 6 4
3 10 1 3
3 11 10 2
3 12 1 6
3 15 10 10
3 16 7 1
3 17 5 1
3 18 6 1
3 19 6 10
3 20 2 3
3 21 4 1
3 22 4 6
3 23 10 2
3 24 9 2
3 25 2 8
3 26 2 1
3 27 3 5
3 28 2 10
3 30 9 4
3 31 1 6
3 32 6 3
3 34 3 7
3 35 8 3
3 37 6 6
3 39 10 8
3 40 10 1
3 42 4 4
3 43 6 6
3 44 4 6
3 46 6 5
3 47 7 6
3 48 6 2
3 49 8 9
3 50 9 3
3 51 9 1
3 52 1 9
3 53 8 6
3 55 4 1
3 56 5 6
3 57 3 8
3 58 5 7
3 59 7 3
3 60 2 10
3 61 1 5
3 62 2 6
3 63 4 3
3 64 9 2
3 65 8 5
3 66 7 1
3 67 4 4
3 68 7 4
3 69 5 10
3 70 10 3
3 71 9 1
3 72 6 7
3 73 6 7
3 75 9 2
3 76 6 10
3 77 1 3
3 78 5 7
3 79 1 7
3 80 10 10
3 81 8 9
3 82 7 3
3 83 5 10
3 84 10 10
3 85 3 8
3 86 6 10
3 87 3 5
3 88 5 10
3 89 2 5
3 90 3 6
3 91 10 7
3 92 1 5
3 93 9 5
3 94 8 6
3 95 8 8
3 96 10 10
3 97 1 3
3 98 4 5
3 99 8 4
3 100 6 9
4 5 7 6
4 6 7 4
4 8 3 3
4 10 6 1
4 11 9 7
4 12 10 7
4 15 1 8
4 16 8 6
4 17 1 2
4 18 9 10
4 19 2 4
4 20 7 3
4 21 7 9
4 22 6 3
4 23 5 6
4 24 8 9
4 25 8 2
4 27 7 6
4 28 4 7
4 30 2 3
4 31 4 6
4 32 1 10
4 35 2 5
4 36 9 3
4 37 3 1
4 38 1 4
4 40 1 10
4 41 1 7
4 42 8 2
4 43 10 1
4 44 7 6
4 45 7 9
4 46 6 1
4 47 9 5
4 48 3 10
4 49 5 3
4 50 5 10
4 51 6 2
4 52 9 9
4 53 8 10
4 56 9 3
4 58 3 5
4 60 2 3
4 61 5 9
4 63 4 8
4 64 10 8
4 66 7 5
4 67 6 10
4 68 8 9
4 69 5 10
4 70 2 10
4 72 4 2
4 73 5 2
4 74 7 10
4 75 5 8
4 76 7 3
4 77 6 9
4 78 9 4
4 79 2 7
4 80 3 9
4 81 1 8
4 82 1 9
4 83 3 6
4 86 2 4
4 87 10 9
4 88 3 8
4 89 1 10
4 90 1 2
4 91 6 2
4 92 7 7
4 93 9 10
4 94 4 7
4 95 9 8
4 96 3 4
4 97 5 5
4 98 7 7
4 100 4 6
5 6 2 1
5 7 4 2
5 8 10 9
5 9 7 5
5 11 5 4
5 12 5 2
5 13 7 9
5 15 7 10
5 16 10 7
5 18 8 8
5 19 7 4
5 20 5 4
5 22 3 8
5 24 6 3
5 25 8 3
5 26 1 2
5 27 6 5
5 28 2 3
5 29 8 5
5 30 3 7
5 31 10 3
5 32 7 3
5 33 9 4
5 34 10 5
5 35 5 5
5 36 5 10
5 38 7 7
5 40 3 6
5 41 7 9
5 43 5 4
5 44 3 6
5 45 10 10
5 47 5 8
5 49 9 6
5 50 6 4
5 51 9 1
5 54 3 5
5 55 8 9
5 56 10 6
5 57 2 5
5 59 9 7
5 60 5 5
5 61 4 4
5 62 6 9
5 63 5 8
5 64 8 9
5 66 1 2
5 67 3 9
5 69 7 6
5 70 8 6
5 71 1 8
5 72 5 8
5 74 10 10
5 75 1 2
5 76 9 6
5 77 9 9
5 79 1 4
5 80 2 10
5 81 9 5
5 83 5 1
5 84 3 4
5 87 7 10
5 88 6 6
5 89 7 5
5 90 3 7
5 91 10 4
5 94 2 9
5 95 9 8
5 96 10 5
5 97 1 2
5 98 9 3
5 100 6 7
6 7 3 10
6 8 5 1
6 9 6 4
6 11 2 2
6 12 9 9
6 13 1 9
6 14 7 9
6 16 3 8
6 20 7 8
6 21 7 6
6 22 4 4
6 23 10 2
6 24 4 10
6 25 2 6
6 26 10 9
6 27 9 8
6 28 2 1
6 29 1 6
6 30 3 5
6 31 10 7
6 32 1 6
6 35 3 3
6 36 7 9
6 37 9 4
6 38 4 3
6 39 9 10
6 40 5 10
6 41 10 2
6 43 9 7
6 44 5 9
6 45 3 9
6 46 6 1
6 47 8 7
6 49 2 1
6 50 5 3
6 51 9 3
6 52 2 3
6 53 5 4
6 54 8 3
6 55 6 5
6 56 8 6
6 57 6 3
6 59 1 7
6 60 9 3
6 62 9 6
6 63 8 1
6 64 3 5
6 66 3 10
6 67 1 6
6 68 7 7
6 71 7 3
6 72 1 5
6 74 7 4
6 75 3 9
6 76 3 10
6 77 6 7
6 78 10 8
6 79 7 4
6 80 8 5
6 81 2 3
6 82 6 3
6 84 8 10
6 85 7 5
6 86 9 6
6 87 1 9
6 88 1 8
6 89 5 7
6 92 4 8
6 93 2 4
6 94 3 1
6 95 2 10
6 96 9 6
6 98 5 3
6 100 2 4
7 8 4 9
7 9 2 7
7 10 1 7
7 11 3 1
7 12 4 2
7 13 8 5
7 14 7 8
7 15 4 2
7 16 7 10
7 17 5 2
7 18 1 6
7 19 1 8
7 20 10 8
7 21 3 10
7 22 4 5
7 24 1 6
7 25 6 3
7 26 6 10
7 27 1 5
7 28 9 9
7 29 5 4
7 30 7 5
7 31 5 7
7 32 5 9
7 33 8 6
7 34 3 4
7 35 10 10
7 36 5 4
7 38 9 7
7 39 10 10
7 40 5 9
7 42 2 3
7 43 4 4
7 46 3 10
7 47 9 8
7 51 4 2
7 52 6 9
7 53 8 5
7 54 10 8
7 55 5 4
7 56 5 4
7 57 10 10
7 59 5 8
7 60 8 1
7 63 7 8
7 64 3 3
7 67 4 1
7 68 5 6
7 69 4 3
7 70 5 1
7 71 5 6
7 72 9 8
7 73 2 8
7 74 8 5
7 75 6 7
7 76 1 1
7 77 7 9
7 78 6 6
7 79 5 10
7 80 8 5
7 81 7 6
7 82 8 3
7 85 10 1
7 86 2 6
7 87 9 3
7 88 4 5
7 89 1 9
7 90 7 6
7 93 5 10
7 94 1 6
7 95 7 8
7 97 1 1
7 98 5 6
7 99 1 5
7 100 8 9
8 9 5 9
8 10 2 2
8 11 1 10
8 12 6 8
8 15 5 7
8 16 7 1
8 17 10 7
8 18 1 7
8 20 9 10
8 21 9 8
8 22 1 9
8 23 3 7
8 24 4 1
8 25 2 7
8 26 5 10
8 27 7 2
8 28 3 8
8 29 4 1
8 30 5 2
8 31 2 7
8 32 5 9
8 33 9 8
8 34 6 6
8 35 6 4
8 36 10 2
8 37 5 8
8 39 8 1
8 40 1 10
8 41 5 1
8 43 9 1
8 44 3 2
8 45 2 10
8 46 1 1
8 47 10 3
8 48 9 8
8 49 9 5
8 53 2 5
8 55 3 3
8 56 5 3
8 58 8 7
8 60 9 8
8 63 1 8
8 65 2 7
8 66 3 9
8 68 2 2
8 69 5 2
8 70 5 10
8 71 9 10
8 72 9 4
8 73 1 8
8 74 4 6
8 75 1 7
8 77 2 6
8 78 10 9
8 79 2 6
8 80 5 8
8 81 10 2
8 82 9 5
8 83 4 5
8 84 9 7
8 85 1 5
8 86 3 7
8 87 7 1
8 90 7 4
8 91 1 1
8 92 5 1
8 94 10 7
8 95 8 6
8 97 5 9
8 98 3 10
8 99 2 8
8 100 4 1
9 10 6 7
9 12 7 7
9 13 2 8
9 14 7 2
9 17 1 9
9 19 8 8
9 20 7 6
9 21 6 3
9 22 5 9
9 23 5 3
9 24 3 5
9 25 7 5
9 26 2 2
9 29 5 6
9 30 2 8
9 32 10 7
9 33 3 3
9 34 10 7
9 35 10 2
9 36 8 5
9 37 2 5
9 39 1 5
9 40 5 1
9 41 4 6
9 42 5 10
9 43 6 4
9 44 10 2
9 45 1 9
9 46 1 3
9 47 3 7
9 48 8 7
9 49 10 2
9 51 1 1
9 52 5 9
9 53 7 10
9 54 6 4
9 55 5 10
9 56 2 1
9 58 8 5
9 60 9 5
9 61 7 8
9 62 7 2
9 63 10 9
9 64 2 8
9 65 9 9
9 66 8 2
9 67 1 3
9 68 6 10
9 69 6 9
9 70 10 7
9 71 2 9
9 72 3 5
9 73 5 8
9 74 8 1
9 76 3 1
9 77 5 7
9 79 1 2
9 80 1 4
9 81 1 4
9 83 4 7
9 84 4 3
9 85 1 10
9 86 10 10
9 87 2 7
9 88 8 5
9 89 2 7
9 90 2 6
9 91 3 1
9 92 1 10
9 93 5 10
9 94 2 10
9 95 4 9
9 96 9 6
9 97 10 2
9 98 8 5
9 99 3 6
9 100 2 6
10 11 3 3
10 12 1 7
10 13 1 9
10 14 10 7
10 15 7 8
10 16 2 3
10 17 9 4
10 18 6 7
10 19 4 5
10 20 6 2
10 21 5 6
10 22 6 6
10 24 10 7
10 26 5 3
10 27 6 5
10 28 5 5
10 29 1 7
10 30 8 4
10 31 7 4
10 32 9 5
10 33 6 2
10 34 4 10
10 35 5 2
10 36 1 1
10 38 8 5
10 39 7 2
10 40 6 8
10 41 4 2
10 42 10 3
10 43 5 1
10 44 7 7
10 46 5 3
10 48 3 4
10 49 9 2
10 51 3 10
10 52 2 10
10 53 2 6
10 54 9 4
10 55 10 2
10 56 2 5
10 57 4 3
10 59 5 8
10 60 6 2
10 61 1 8
10 64 10 1
10 65 5 2
10 68 8 10
10 69 6 6
10 70 5 8
10 71 5 6
10 72 3 7
10 73 2 6
10 74 1 8
10 75 5 10
10 77 2 3
10 78 6 7
10 79 1 4
10 80 10 7
10 81 8 3
10 82 8 3
10 83 4 4
10 84 5 9
10 87 8 5
10 89 5 9
10 92 2 7
10 94 3 6
10 95 1 10
10 96 1 6
10 97 3 2
10 100 4 3
11 12 5 7
11 14 8 4
11 15 5 4
11 17 5 8
11 18 5 7
11 19 6 4
11 20 8 8
11 21 2 10
11 22 5 6
11 24 8 4
11 25 6 5
11 27 2 4
11 29 10 10
11 30 1 8
11 32 4 5
11 33 1 9
11 35 4 7
11 36 7 4
11 37 4 10
11 38 10 3
11 39 5 8
11 40 1 10
11 44 10 10
11 45 2 9
11 46 7 10
11 48 8 2
11 49 6 2
11 50 8 8
11 51 9 6
11 53 2 6
11 54 10 5
11 55 3 1
11 57 2 8
11 58 8 6
11 60 3 3
11 61 2 8
11 62 9 6
11 63 7 5
11 64 9 8
11 65 4 1
11 69 3 7
11 70 6 9
11 71 2 9
11 72 4 5
11 73 4 3
11 75 9 8
11 77 6 6
11 78 2 10
11 80 8 4
11 81 6 3
11 83 10 4
11 84 10 2
11 85 7 3
11 86 7 8
11 87 6 2
11 88 5 5
11 89 10 7
11 90 10 7
11 91 5 3
11 92 8 3
11 95 5 7
11 96 8 7
11 97 8 9
11 98 10 8
11 99 4 1
12 13 1 6
12 17 8 8
12 18 2 4
12 19 10 6
12 20 7 2
12 21 5 8
12 22 10 3
12 23 2 6
12 24 4 3
12 25 4 6
12 26 2 8
12 27 7 8
12 29 5 8
12 31 8 4
12 32 5 4
12 36 6 9
12 38 3 6
12 39 8 4
12 40 10 2
12 41 3 8
12 42 7 1
12 43 4 4
12 44 8 1
12 45 8 7
12 46 5 8
12 47 9 1
12 48 5 9
12 49 4 7
12 50 5 6
12 51 2 5
12 52 5 3
12 53 6 10
12 54 10 8
12 56 6 6
12 57 4 5
12 58 7 2
12 59 9 5
12 60 3 5
12 61 9 7
12 62 8 8
12 63 8 8
12 64 9 10
12 65 2 5
12 66 5 3
12 67 5 5
12 68 6 9
12 69 10 4
12 71 1 7
12 72 10 10
12 73 7 8
12 74 10 9
12 75 5 3
12 76 3 7
12 77 3 9
12 78 8 5
12 79 3 3
12 80 6 5
12 81 9 4
12 82 9 2
12 83 8 6
12 85 8 2
12 86 4 9
12 87 7 5
12 88 1 3
12 90 7 7
12 92 4 10
12 93 3 9
12 94 8 3
12 95 9 2
12 96 10 6
12 97 6 4
12 98 6 8
12 99 9 8
13 14 9 2
13 16 7 8
13 17 10 4
13 18 4 10
13 19 10 6
13 20 7 3
13 22 6 3
13 23 2 4
13 27 4 9
13 28 9 8
13 30 3 6
13 31 2 8
13 32 2 9
13 33 4 6
13 34 8 6
13 35 7 4
13 36 1 4
13 37 7 4
13 38 3 7
13 39 6 3
13 40 2 2
13 41 8 7
13 42 5 6
13 43 8 3
13 44 3 6
13 45 6 8
13 46 8 10
13 47 7 7
13 48 7 6
13 49 4 6
13 50 6 4
13 52 7 1
13 53 9 9
13 54 8 9
13 55 3 6
13 56 8 8
13 57 3 8
13 59 8 6
13 60 3 9
13 61 5 5
13 62 6 6
13 63 10 2
13 64 9 2
13 65 4 2
13 67 9 2
13 68 10 10
13 69 2 9
13 70 4 1
13 72 10 4
13 73 3 2
13 74 10 3
13 76 2 2
13 77 2 6
13 78 5 9
13 79 10 9
13 80 4 3
13 81 1 7
13 82 6 3
13 83 1 6
13 84 3 2
13 85 8 10
13 86 9 5
13 87 4 4
13 88 7 8
13 90 6 7
13 91 7 7
13 92 9 2
13 93 3 4
13 94 5 4
13 96 2 1
13 98 8 2
13 99 10 4
13 100 7 8
14 15 2 10
14 16 5 10
14 18 6 7
14 19 6 9
14 20 6 2
14 21 10 1
14 22 7 9
14 24 6 5
14 25 7 3
14 26 3 6
14 27 9 8
14 28 1 8
14 29 3 4
14 31 1 1
14 32 6 3
14 33 1 6
14 34 7 3
14 35 6 3
14 36 8 7
14 37 7 10
14 38 2 6
14 39 4 2
14 42 10 10
14 44 1 10
14 46 6 4
14 47 8 1
14 49 2 5
14 51 1 2
14 52 5 6
14 53 9 4
14 57 6 3
14 58 10 5
14 60 4 1
14 61 6 10
14 62 2 2
14 63 8 5
14 64 10 2
14 65 9 2
14 67 3 5
14 68 1 7
14 69 4 8
14 71 4 5
14 72 6 3
14 73 8 5
14 76 4 6
14 77 7 7
14 78 9 3
14 79 10 1
14 80 8 9
14 81 9 10
14 82 2 9
14 83 1 10
14 85 5 3
14 87 5 2
14 88 6 7
14 89 3 9
14 90 7 1
14 92 8 4
14 94 1 4
14 95 9 3
14 96 1 1
14 97 7 2
14 98 4 3
14 100 3 8
15 16 7 5
15 17 7 10
15 18 4 7
15 19 9 3
15 21 5 3
15 22 6 4
15 23 10 7
15 24 4 9
15 25 2 10
15 26 5 6
15 27 10 6
15 28 1 3
15 29 10 7
15 30 6 6
15 32 7 1
15 33 1 8
15 34 3 1
15 35 6 6
15 37 10 4
15 38 6 6
15 39 5 5
15 41 6 4
15 42 8 3
15 43 9 8
15 44 8 8
15 45 6 5
15 46 8 1
15 47 7 5
15 48 4 3
15 49 6 6
15 51 10 4
15 52 10 2
15 53 6 3
15 54 3 4
15 55 1 10
15 56 4 5
15 57 8 2
15 58 6 4
15 59 1 4
15 60 4 6
15 63 9 8
15 64 9 2
15 65 2 7
15 66 2 7
15 67 8 8
15 68 3 6
15 69 8 2
15 70 10 8
15 71 7 1
15 73 1 5
15 74 7 6
15 75 4 8
15 76 5 6
15 77 4 9
15 78 9 9
15 79 4 10
15 80 4 8
15 82 4 6
15 83 3 6
15 84 8 5
15 85 3 6
15 86 2 3
15 87 8 3
15 89 10 1
15 91 4 7
15 92 9 9
15 93 8 7
15 94 4 10
15 95 4 1
15 96 5 5
15 97 9 7
15 98 10 8
15 99 6 4
15 100 6 4
16 17 4 9
16 18 10 4
16 19 5 4
16 20 6 6
16 21 2 10
16 22 4 10
16 23 5 4
16 24 10 9
16 25 4 1
16 26 4 6
16 27 10 4
16 28 5 6
16 29 7 7
16 30 7 3
16 31 1 8
16 32 2 5
16 33 6 7
16 34 8 10
16 35 8 8
16 36 7 7
16 37 5 7
16 39 3 10
16 40 10 6
16 41 3 9
16 42 2 5
16 43 1 5
16 44 8 2
16 45 4 5
16 46 9 1
16 47 3 1
16 48 7 10
16 49 3 10
16 50 7 8
16 51 10 8
16 52 2 2
16 53 2 5
16 54 6 5
16 55 6 2
16 56 8 8
16 57 4 6
16 58 1 7
16 59 5 6
16 60 2 4
16 63 10 9
16 64 8 8
16 65 4 4
16 67 1 5
16 68 4 7
16 69 1 4
16 71 8 6
16 72 3 5
16 73 3 5
16 74 10 8
16 75 3 9
16 76 1 3
16 77 8 5
16 78 8 4
16 80 10 5
16 81 9 5
16 83 6 10
16 84 2 10
16 86 1 8
16 87 10 7
16 88 10 2
16 89 10 1
16 90 7 1
16 91 6 10
16 93 2 7
16 94 10 10
16 95 1 3
16 98 2 6
16 99 4 6
16 100 8 7
17 18 10 4
17 19 2 5
17 20 5 6
17 21 10 6
17 22 5 6
17 23 3 10
17 24 3 4
17 26 3 7
17 27 3 10
17 29 3 8
17 31 3 6
17 32 2 3
17 33 8 9
17 35 4 4
17 36 10 1
17 37 6 2
17 38 8 7
17 40 4 8
17 41 2 1
17 42 10 6
17 43 10 10
17 45 3 1
17 48 2 7
17 50 7 1
17 52 7 3
17 56 6 2
17 57 4 6
17 59 7 2
17 61 2 8
17 62 10 10
17 65 3 3
17 66 9 2
17 67 1 3
17 68 9 9
17 70 4 5
17 71 3 2
17 72 6 9
17 73 4 6
17 74 6 5
17 75 1 5
17 76 5 1
17 77 2 5
17 78 3 10
17 81 9 2
17 82 10 6
17 83 7 9
17 84 1 4
17 85 5 1
17 86 5 2
17 87 4 9
17 88 5 5
17 89 6 2
17 90 3 5
17 91 8 8
17 92 2 5
17 93 10 6
17 94 7 6
17 97 6 8
17 98 5 6
17 99 7 9
17 100 4 5
18 19 1 4
18 20 1 7
18 21 9 7
18 22 7 3
18 23 9 5
18 24 10 9
18 25 7 5
18 26 2 9
18 27 8 1
18 28 3 1
18 29 9 8
18 30 9 3
18 31 3 7
18 32 3 7
18 34 1 9
18 35 6 7
18 37 5 8
18 40 3 10
18 42 5 9
18 43 1 10
18 44 2 2
18 45 2 6
18 46 9 9
18 47 7 9
18 48 8 2
18 50 4 10
18 51 9 3
18 52 1 1
18 53 6 10
18 54 10 4
18 55 6 2
18 57 9 1
18 58 2 9
18 61 1 3
18 62 9 10
18 63 2 10
18 64 1 3
18 65 5 5
18 66 4 9
18 67 10 1
18 68 6 2
18 69 6 5
18 70 2 6
18 72 5 3
18 73 10 1
18 74 2 3
18 77 7 7
18 78 6 2
18 79 6 5
18 80 5 2
18 82 7 10
18 83 1 7
18 84 9 10
18 85 2 9
18 86 8 2
18 87 4 8
18 88 8 2
18 89 5 4
18 90 8 5
18 91 7 1
18 92 8 6
18 93 2 8
18 94 9 6
18 95 3 7
18 97 9 7
18 98 6 6
18 99 10 10
18 100 6 6
19 20 9 9
19 23 9 10
19 24 7 5
19 26 3 1
19 27 5 3
19 28 5 1
19 30 6 8
19 31 1 9
19 32 10 1
19 33 1 10
19 35 3 4
19 36 4 10
19 37 4 6
19 38 6 2
19 39 2 9
19 40 3 2
19 41 2 2
19 43 4 1
19 44 9 7
19 45 8 7
19 46 4 10
19 47 3 1
19 48 4 6
19 49 2 9
19 50 9 7
19 51 7 4
19 52 5 4
19 53 4 3
19 54 7 3
19 55 10 5
19 56 3 7
19 57 9 4
19 59 10 5
19 61 1 9
19 62 5 3
19 64 3 5
19 65 4 2
19 67 5 8
19 68 10 3
19 69 9 1
19 70 6 5
19 72 6 1
19 73 9 3
19 74 5 9
19 75 10 1
19 79 10 10
19 80 9 8
19 81 6 7
19 82 4 9
19 83 8 1
19 84 1 8
19 85 8 2
19 86 2 7
19 87 1 7
19 88 3 9
19 89 10 2
19 90 5 6
19 91 9 8
19 92 10 4
19 93 2 2
19 94 3 3
19 95 8 9
19 98 3 5
19 99 1 2
19 100 5 2
20 21 3 5
20 23 1 4
20 24 10 3
20 25 3 6
20 26 10 8
20 27 2 3
20 29 2 6
20 30 6 1
20 31 8 1
20 33 1 8
20 34 2 5
20 35 9 9
20 36 6 1
20 37 6 4
20 38 6 9
20 40 10 1
20 41 7 5
20 42 5 3
20 43 7 3
20 44 7 3
20 45 2 6
20 47 8 1
20 48 8 8
20 49 3 3
20 50 8 6
20 51 2 3
20 52 3 2
20 53 3 4
20 54 4 3
20 55 7 9
20 56 6 8
20 57 1 2
20 58 4 3
20 59 4 7
20 60 2 8
20 61 4 2
20 62 9 1
20 65 8 2
20 67 9 9
20 69 3 2
20 71 4 1
20 72 5 3
20 73 10 1
20 74 3 4
20 75 6 9
20 76 6 1
20 77 9 1
20 78 4 10
20 79 1 3
20 80 5 7
20 81 2 10
20 82 1 10
20 83 9 8
20 85 6 2
20 86 4 8
20 88 7 6
20 90 5 9
20 91 4 7
20 92 8 10
20 93 5 7
20 97 2 1
20 98 2 9
20 99 9 7
21 23 5 6
21 25 8 3
21 26 4 7
21 27 3 3
21 28 2 6
21 29 4 5
21 30 1 2
21 31 10 3
21 32 1 8
21 34 3 2
21 35 2 6
21 36 3 4
21 37 4 4
21 38 1 6
21 39 5 1
21 40 10 3
21 41 4 2
21 42 9 6
21 43 8 2
21 44 9 4
21 45 6 5
21 46 3 9
21 47 6 1
21 49 8 2
21 50 10 4
21 52 6 5
21 53 6 9
21 55 7 7
21 56 10 5
21 57 6 3
21 58 3 7
21 59 1 10
21 60 7 5
21 61 5 2
21 62 4 7
21 63 4 5
21 64 1 4
21 65 7 1
21 66 6 5
21 68 8 2
21 69 10 2
21 70 4 1
21 71 1 8
21 72 6 2
21 73 6 1
21 74 1 10
21 75 2 4
21 76 3 5
21 77 2 4
21 78 5 4
21 79 7 5
21 80 6 8
21 81 4 3
21 82 4 7
21 83 6 2
21 85 8 8
21 86 8 10
21 87 8 7
21 90 4 3
21 91 8 6
21 92 8 2
21 93 1 7
21 94 8 8
21 95 7 3
21 96 6 9
21 97 9 10
21 99 9 8
22 24 3 6
22 25 10 2
22 26 1 4
22 28 2 6
22 29 3 7
22 30 4 4
22 31 1 10
22 32 5 7
22 33 10 3
22 34 10 4
22 35 8 7
22 36 2 5
22 37 6 10
22 38 9 3
22 39 1 9
22 40 10 2
22 41 1 10
22 42 10 1
22 43 9 10
22 44 8 1
22 46 8 7
22 47 2 6
22 48 4 2
22 49 9 5
22 50 10 8
22 51 9 6
22 52 3 3
22 53 2 1
22 54 3 10
22 56 2 5
22 58 5 3
22 59 5 9
22 60 7 2
22 61 8 9
22 62 3 8
22 64 8 10
22 65 7 8
22 66 8 9
22 67 2 8
22 68 1 3
22 69 2 8
22 70 3 10
22 71 5 6
22 72 7 3
22 73 1 4
22 75 9 2
22 77 8 10
22 78 8 3
22 79 4 6
22 80 4 4
22 81 7 4
22 82 8 2
22 83 1 5
22 85 6 2
22 86 2 4
22 88 8 5
22 89 1 1
22 90 8 8
22 91 1 10
22 92 1 7
22 94 10 2
22 95 5 10
22 97 2 8
22 98 1 10
22 99 4 6
22 100 2 7
23 24 8 10
23 25 5 5
23 26 3 9
23 27 8 1
23 28 6 1
23 31 8 9
23 32 10 3
23 33 4 8
23 36 4 5
23 38 9 1
23 39 8 9
23 40 1 5
23 42 4 3
23 43 6 2
23 44 7 7
23 45 8 6
23 47 8 9
23 48 3 9
23 49 8 4
23 50 7 3
23 51 5 7
23 52 5 9
23 53 5 8
23 54 10 8
23 55 5 2
23 57 10 3
23 58 6 1
23 60 5 5
23 61 3 3
23 62 10 2
23 63 1 5
23 64 6 6
23 65 7 2
23 66 2 3
23 67 6 5
23 68 1 10
23 71 1 1
23 72 7 10
23 73 4 6
23 74 6 7
23 75 10 10
23 76 3 3
23 78 5 2
23 80 10 6
23 81 4 7
23 83 2 7
23 84 7 1
23 85 7 6
23 86 3 10
23 89 4 1
23 90 9 6
23 91 6 1
23 93 4 10
23 94 3 3
23 95 4 4
23 96 4 7
23 97 7 2
23 98 3 2
23 99 10 9
23 100 1 2
24 25 3 6
24 26 3 4
24 27 6 6
24 28 1 3
24 29 3 9
24 30 4 8
24 31 6 10
24 32 1 6
24 34 7 4
24 35 7 5
24 36 8 10
24 37 2 7
24 38 9 10
24 39 6 5
24 41 1 10
24 42 1 4
24 45 1 9
24 46 5 10
24 48 3 10
24 49 5 10
24 50 4 8
24 51 2 7
24 52 6 9
24 53 3 10
24 54 9 6
24 55 8 9
24 56 6 8
24 57 8 2
24 59 5 7
24 61 3 7
24 66 1 1
24 68 9 4
24 69 2 7
24 71 1 9
24 72 2 3
24 73 8 1
24 74 8 8
24 75 9 8
24 76 3 4
24 77 8 10
24 78 8 2
24 79 7 9
24 81 4 2
24 82 1 1
24 83 8 10
24 84 6 8
24 85 7 7
24 86 8 4
24 87 7 7
24 88 3 6
24 90 10 9
24 92 6 5
24 93 7 3
24 94 4 2
24 95 10 4
24 97 1 1
24 98 5 6
24 99 8 4
24 100 3 5
25 27 4 2
25 28 7 7
25 29 5 9
25 32 8 9
25 33 3 8
25 35 2 10
25 36 10 7
25 37 10 7
25 38 9 4
25 39 3 10
25 40 10 8
25 41 3 7
25 42 7 4
25 43 3 2
25 44 1 2
25 45 6 3
25 47 2 8
25 48 10 5
25 49 1 2
25 50 3 2
25 51 10 4
25 52 5 8
25 53 4 1
25 54 8 10
25 56 9 2
25 58 6 10
25 59 2 1
25 61 8 1
25 62 3 7
25 63 10 6
25 64 1 7
25 66 7 10
25 68 5 2
25 69 3 3
25 70 2 6
25 71 2 8
25 72 6 1
25 75 2 10
25 76 9 3
25 77 7 8
25 78 3 1
25 79 3 3
25 80 8 5
25 81 1 10
25 82 9 4
25 83 5 10
25 85 10 5
25 86 8 5
25 87 4 3
25 88 2 8
25 89 8 10
25 91 5 2
25 92 2 3
25 93 1 2
25 94 2 7
25 95 3 8
25 96 4 2
25 97 1 1
25 98 1 9
25 99 1 4
25 100 2 10
26 27 9 10
26 28 7 10
26 29 5 6
26 30 1 8
26 31 1 3
26 32 4 7
26 33 9 4
26 34 3 2
26 35 7 9
26 36 6 2
26 37 7 3
26 38 3 9
26 39 4 7
26 40 1 7
26 41 1 10
26 42 10 1
26 43 4 6
26 44 1 3
26 45 6 8
26 46 3 7
26 48 3 1
26 50 8 1
26 51 3 8
26 53 10 7
26 55 6 7
26 56 1 10
26 57 5 9
26 59 9 3
26 60 2 8
26 61 1 1
26 62 5 3
26 64 10 9
26 66 10 1
26 67 7 2
26 68 9 2
26 69 6 7
26 70 10 2
26 72 2 6
26 73 2 7
26 74 6 2
26 75 1 8
26 76 6 1
26 77 4 1
26 79 1 3
26 80 7 7
26 81 6 2
26 82 2 8
26 83 9 8
26 84 2 5
26 85 1 2
26 86 10 1
26 87 2 7
26 88 6 1
26 89 3 8
26 90 2 5
26 91 9 8
26 94 4 1
26 95 8 2
26 98 7 1
27 28 6 1
27 29 9 7
27 30 10 1
27 31 8 6
27 32 7 6
27 33 6 8
27 34 3 9
27 35 2 2
27 36 4 4
27 37 3 7
27 38 3 1
27 39 1 1
27 40 7 6
27 42 4 9
27 43 9 6
27 45 8 8
27 48 8 4
27 49 1 5
27 50 8 3
27 51 3 1
27 52 8 5
27 53 1 3
27 54 1 8
27 55 9 2
27 57 3 8
27 59 8 8
27 60 7 10
27 61 2 8
27 62 5 4
27 64 4 2
27 65 9 10
27 66 9 6
27 67 6 7
27 68 8 6
27 69 8 9
27 70 10 4
27 71 3 3
27 72 4 9
27 73 7 4
27 76 6 5
27 77 3 4
27 78 4 6
27 79 9 3
27 80 7 7
27 81 9 10
27 83 10 4
27 84 3 4
27 85 7 8
27 86 4 8
27 87 9 2
27 88 2 2
27 89 7 2
27 90 3 3
27 93 1 10
27 94 9 6
27 95 1 9
27 96 6 9
27 97 6 8
27 99 9 4
27 100 2 5
28 29 1 3
28 30 5 9
28 31 6 7
28 32 5 4
28 33 10 6
28 34 4 2
28 36 7 9
28 37 2 8
28 38 1 9
28 39 6 3
28 40 7 2
28 42 5 9
28 45 6 7
28 46 3 7
28 47 5 4
28 48 6 1
28 49 7 10
28 50 6 7
28 51 5 2
28 52 5 7
28 53 4 7
28 54 5 2
28 55 3 1
28 56 7 5
28 57 7 7
28 58 6 5
28 59 10 8
28 61 9 8
28 62 1 5
28 63 9 1
28 64 9 4
28 65 6 4
28 67 2 1
28 68 2 5
28 69 2 5
28 70 2 2
28 71 4 3
28 72 7 9
28 73 1 10
28 74 8 3
28 75 4 2
28 76 1 4
28 78 5 4
28 81 6 3
28 82 8 1
28 83 3 9
28 84 10 3
28 85 3 7
28 86 3 2
28 87 6 3
28 88 9 1
28 89 6 9
28 91 4 5
28 92 7 4
28 93 1 10
28 94 4 9
28 96 4 5
28 98 9 10
28 99 9 1
29 30 7 5
29 31 7 3
29 32 4 6
29 33 10 2
29 34 8 3
29 35 5 8
29 36 2 1
29 37 9 6
29 39 9 6
29 40 1 1
29 41 5 1
29 42 9 2
29 43 10 8
29 44 1 3
29 45 2 3
29 48 10 3
29 49 9 1
29 50 5 5
29 51 1 3
29 53 7 9
29 55 8 3
29 56 8 9
29 57 5 5
29 58 4 9
29 60 5 7
29 61 6 1
29 62 1 4
29 63 3 1
29 64 7 5
29 65 7 4
29 67 7 9
29 68 6 10
29 69 9 4
29 71 9 2
29 72 6 4
29 73 10 5
29 74 4 2
29 75 6 5
29 76 1 4
29 77 3 8
29 78 4 10
29 79 3 7
29 80 9 5
29 81 9 2
29 84 6 7
29 85 7 1
29 86 8 4
29 88 8 5
29 89 6 6
29 90 4 1
29 91 5 8
29 92 8 2
29 93 5 3
29 94 5 10
29 95 8 1
29 96 2 4
29 97 9 3
29 98 8 6
29 99 4 9
30 31 5 1
30 32 6 3
30 33 7 7
30 34 4 6
30 35 10 2
30 37 4 1
30 39 7 9
30 40 1 7
30 41 1 9
30 42 7 7
30 43 4 2
30 46 9 4
30 47 10 8
30 49 5 10
30 50 4 7
30 51 5 10
30 52 4 10
30 53 3 3
30 54 1 6
30 55 2 5
30 56 1 2
30 57 8 7
30 58 3 3
30 59 1 10
30 60 8 8
30 61 4 10
30 62 8 9
30 63 6 9
30 64 2 9
30 65 3 6
30 66 6 1
30 67 4 4
30 68 5 7
30 70 2 7
30 71 5 4
30 72 6 3
30 73 6 8
30 74 7 3
30 75 6 3
30 76 8 8
30 77 9 3
30 78 8 10
30 79 5 1
30 80 9 2
30 81 1 9
30 82 1 2
30 83 8 9
30 84 6 7
30 86 5 8
30 87 4 3
30 89 10 6
30 90 9 3
30 91 6 5
30 92 9 8
30 93 8 3
30 95 2 9
30 96 8 3
30 97 8 3
30 98 4 7
30 99 3 6
30 100 10 1
31 33 4 1
31 34 9 5
31 36 10 6
31 37 6 6
31 39 4 1
31 40 1 2
31 41 1 8
31 42 8 3
31 43 6 6
31 44 8 1
31 45 1 10
31 49 1 8
31 50 6 5
31 53 8 2
31 54 2 4
31 55 1 3
31 57 6 7
31 58 6 9
31 60 3 2
31 62 4 7
31 63 8 2
31 64 9 4
31 65 9 8
31 66 2 4
31 67 9 10
31 71 8 10
31 72 3 7
31 73 4 3
31 75 4 5
31 76 3 1
31 77 1 7
31 78 7 4
31 79 9 9
31 80 10 6
31 81 3 5
31 82 6 9
31 83 7 10
31 84 7 3
31 85 8 9
31 86 7 2
31 87 6 7
31 88 7 8
31 89 6 9
31 91 8 2
31 92 6 1
31 93 2 2
31 94 5 2
31 95 10 4
31 96 5 9
31 97 1 10
31 98 9 3
31 99 7 9
32 33 7 6
32 35 1 1
32 36 7 4
32 37 10 3
32 38 6 2
32 40 5 5
32 41 8 1
32 42 6 5
32 43 2 1
32 44 5 9
32 45 4 6
32 46 7 7
32 47 1 2
32 49 3 1
32 50 7 8
32 51 8 10
32 52 6 5
32 53 3 8
32 54 2 2
32 55 9 2
32 56 2 9
32 57 6 6
32 58 7 3
32 59 5 10
32 60 9 7
32 61 7 5
32 62 9 9
32 63 2 3
32 64 6 8
32 65 2 6
32 67 7 5
32 68 9 9
32 69 5 9
32 70 10 4
32 71 3 4
32 72 2 6
32 73 10 4
32 74 7 1
32 75 10 10
32 77 3 4
32 78 6 9
32 79 3 3
32 80 9 8
32 81 4 4
32 82 3 1
32 83 2 6
32 84 10 1
32 85 2 9
32 86 6 8
32 87 9 6
32 88 3 10
32 89 7 8
32 91 7 2
32 93 4 10
32 94 8 3
32 96 5 5
32 97 10 5
32 98 4 9
32 99 10 7
32 100 10 6
33 34 3 10
33 35 4 6
33 36 2 4
33 37 1 4
33 38 8 2
33 39 6 6
33 40 3 1
33 41 3 6
33 42 9 6
33 43 3 3
33 44 9 3
33 45 1 9
33 46 7 6
33 47 1 9
33 48 4 5
33 49 4 6
33 50 10 1
33 52 2 7
33 53 9 10
33 54 6 3
33 55 3 3
33 56 7 7
33 58 2 3
33 61 9 7
33 63 6 7
33 64 8 7
33 65 8 6
33 66 10 8
33 67 2 3
33 71 7 7
33 73 1 3
33 74 4 5
33 75 3 6
33 76 6 8
33 77 8 3
33 78 7 8
33 79 8 5
33 80 9 2
33 81 4 7
33 82 6 5
33 85 5 3
33 87 2 10
33 89 3 7
33 90 1 1
33 91 1 3
33 93 10 10
33 94 6 5
33 95 10 7
33 96 10 1
33 97 1 7
33 98 7 8
33 99 8 6
33 100 4 1
34 35 10 7
34 36 6 3
34 38 1 10
34 39 5 1
34 40 4 8
34 42 10 1
34 44 4 8
34 46 10 10
34 48 7 3
34 49 1 9
34 50 3 3
34 52 10 8
34 53 3 2
34 54 10 8
34 60 5 9
34 61 10 3
34 63 5 2
34 64 6 10
34 65 8 5
34 66 5 5
34 67 7 8
34 68 2 2
34 69 2 7
34 70 10 9
34 71 7 2
34 72 3 10
34 73 7 9
34 74 2 5
34 75 3 3
34 76 4 4
34 77 3 8
34 79 9 1
34 80 6 10
34 81 3 2
34 82 3 10
34 83 5 6
34 84 1 7
34 85 7 9
34 88 5 7
34 89 8 6
34 92 1 2
34 93 5 1
34 95 6 3
34 96 5 4
34 97 5 9
34 98 10 6
34 99 1 9
35 36 5 6
35 39 4 7
35 40 5 1
35 41 5 2
35 42 6 6
35 43 6 1
35 44 8 8
35 45 10 10
35 47 4 2
35 48 3 1
35 49 8 5
35 50 2 6
35 51 5 7
35 52 7 4
35 53 2 4
35 54 10 8
35 55 8 8
35 56 7 8
35 57 1 2
35 58 3 1
35 59 3 9
35 61 9 2
35 62 6 8
35 63 4 2
35 64 8 6
35 65 9 6
35 66 4 8
35 67 10 4
35 69 8 5
35 70 5 4
35 71 5 5
35 72 6 10
35 73 2 8
35 74 2 6
35 75 7 2
35 76 3 7
35 77 8 4
35 79 3 6
35 80 1 8
35 81 9 1
35 82 5 7
35 83 9 7
35 84 6 7
35 85 1 3
35 86 3 9
35 87 7 6
35 88 7 7
35 89 9 2
35 90 5 8
35 91 1 4
35 96 4 4
35 97 2 10
35 98 5 7
35 99 8 6
35 100 5 10
36 38 6 7
36 39 6 4
36 40 3 10
36 41 6 5
36 42 1 1
36 43 4 1
36 44 5 3
36 45 6 2
36 46 7 6
36 47 4 1
36 48 7 5
36 49 3 6
36 50 10 5
36 51 5 6
36 52 6 9
36 53 7 6
36 55 3 3
36 56 6 8
36 58 9 9
36 60 8 3
36 61 8 3
36 62 10 5
36 63 2 7
36 64 5 1
36 65 8 2
36 67 7 8
36 68 7 6
36 69 6 7
36 70 10 3
36 71 6 9
36 72 1 8
36 73 2 6
36 74 10 3
36 75 9 9
36 76 5 8
36 77 8 3
36 78 7 9
36 80 7 5
36 81 1 1
36 82 7 2
36 83 10 3
36 84 4 4
36 85 6 6
36 86 3 6
36 87 6 2
36 88 6 10
36 89 7 3
36 91 7 5
36 92 5 9
36 94 2 3
36 95 10 5
36 96 10 3
36 97 4 9
36 98 7 7
36 99 9 10
37 38 8 2
37 39 1 6
37 40 9 4
37 41 3 9
37 42 8 1
37 43 2 9
37 44 2 10
37 45 1 8
37 46 1 1
37 47 4 8
37 48 6 2
37 49 6 9
37 50 9 7
37 52 1 7
37 53 7 3
37 55 10 5
37 56 3 9
37 57 3 5
37 58 6 3
37 59 9 7
37 60 7 6
37 61 6 8
37 62 6 8
37 64 7 4
37 65 9 7
37 66 6 8
37 67 6 7
37 68 8 7
37 70 1 1
37 71 3 8
37 72 6 6
37 73 7 6
37 74 3 1
37 75 8 9
37 76 10 7
37 77 6 10
37 78 9 6
37 80 7 6
37 83 1 5
37 84 6 4
37 85 5 3
37 86 4 2
37 88 4 1
37 89 1 4
37 90 7 9
37 91 1 5
37 92 3 2
37 93 5 3
37 95 7 3
37 96 7 3
37 97 7 4
37 98 3 9
37 99 5 4
37 100 5 8
38 39 4 2
38 40 8 10
38 41 3 9
38 42 9 1
38 43 1 4
38 44 7 4
38 45 6 7
38 47 10 9
38 48 7 10
38 49 8 4
38 50 10 5
38 51 2 4
38 54 1 3
38 55 3 7
38 56 6 7
38 57 5 1
38 58 9 2
38 60 10 8
38 62 10 4
38 63 4 4
38 65 10 7
38 66 10 3
38 67 3 3
38 68 6 10
38 69 9 10
38 70 5 2
38 71 5 8
38 72 1 4
38 73 4 4
38 75 4 8
38 76 8 2
38 77 8 8
38 78 10 10
38 79 1 7
38 80 9 8
38 82 8 10
38 83 8 1
38 84 6 2
38 85 3 9
38 86 8 6
38 87 1 2
38 89 2 7
38 90 6 4
38 91 5 10
38 93 2 6
38 94 2 2
38 95 3 10
38 96 10 3
38 97 8 1
38 98 10 6
38 99 3 8
38 100 10 7
39 41 6 6
39 43 5 1
39 44 9 5
39 45 9 10
39 46 4 3
39 47 3 8
39 49 6 7
39 51 3 9
39 52 9 9
39 53 5 8
39 54 6 2
39 55 3 7
39 57 6 9
39 58 6 1
39 59 5 8
39 60 10 9
39 61 3 8
39 62 10 1
39 63 7 8
39 64 8 10
39 65 5 1
39 67 8 5
39 68 3 8
39 71 6 6
39 72 10 9
39 73 2 9
39 74 1 9
39 75 6 3
39 76 3 3
39 79 4 2
39 80 8 1
39 83 7 3
39 84 8 10
39 85 1 4
39 86 4 6
39 87 6 2
39 89 10 3
39 90 6 6
39 91 1 2
39 92 4 3
39 93 6 10
39 95 10 6
39 96 7 2
39 97 7 8
39 98 1 8
39 99 4 2
39 100 8 8
40 41 9 6
40 43 3 1
40 44 4 10
40 45 9 6
40 46 9 1
40 48 3 6
40 49 9 3
40 50 3 7
40 52 7 1
40 53 8 6
40 54 9 7
40 55 6 7
40 56 9 8
40 58 9 3
40 59 3 6
40 60 2 1
40 61 8 8
40 62 10 7
40 64 3 1
40 65 7 4
40 66 6 10
40 67 9 4
40 70 5 5
40 71 4 7
40 73 10 3
40 74 2 10
40 77 3 1
40 78 5 4
40 80 5 7
40 81 8 8
40 82 4 8
40 83 9 6
40 84 7 6
40 88 5 4
40 89 7 10
40 90 6 3
40 91 10 3
40 92 7 3
40 93 2 9
40 96 6 3
40 97 3 7
40 98 10 2
40 99 8 1
40 100 2 2
41 46 4 5
41 47 8 4
41 49 1 10
41 51 7 8
41 54 2 3
41 56 5 3
41 57 3 3
41 58 4 4
41 59 4 6
41 60 5 2
41 61 5 6
41 62 7 5
41 64 9 2
41 65 10 6
41 66 3 3
41 67 6 1
41 68 9 10
41 69 10 8
41 70 7 6
41 71 3 9
41 72 9 8
41 73 10 9
41 75 9 4
41 76 8 3
41 77 9 1
41 78 3 5
41 80 5 4
41 81 7 9
41 82 10 1
41 83 10 2
41 84 4 8
41 86 9 9
41 87 6 7
41 88 10 2
41 90 10 10
41 91 4 3
41 92 8 3
41 93 10 9
41 94 9 5
41 96 5 8
41 98 2 3
42 44 6 7
42 47 6 9
42 48 6 8
42 49 5 4
42 50 1 5
42 52 5 1
42 53 3 6
42 54 7 9
42 57 8 10
42 58 3 4
42 60 8 10
42 62 6 8
42 63 1 8
42 64 10 4
42 65 5 4
42 67 1 1
42 68 2 2
42 69 10 10
42 70 8 6
42 71 6 6
42 74 4 2
42 77 2 6
42 78 4 6
42 79 7 4
42 80 4 9
42 81 7 2
42 82 10 5
42 83 1 7
42 85 2 2
42 87 5 3
42 88 4 9
42 89 8 2
42 90 1 3
42 91 8 2
42 92 2 9
42 93 3 6
42 94 8 8
42 95 7 8
42 96 2 10
42 97 6 10
42 98 7 2
42 99 6 6
42 100 7 5
43 44 5 8
43 45 9 6
43 47 7 9
43 48 6 10
43 49 9 8
43 50 7 3
43 52 7 3
43 53 7 4
43 54 5 10
43 55 5 8
43 58 2 10
43 59 6 8
43 60 4 10
43 61 3 7
43 62 1 7
43 64 9 3
43 65 10 5
43 67 3 4
43 69 1 10
43 70 10 8
43 71 2 7
43 72 2 1
43 73 2 2
43 74 3 1
43 75 3 4
43 76 2 5
43 77 6 9
43 78 5 4
43 79 1 8
43 80 9 4
43 81 4 8
43 82 1 8
43 83 5 7
43 84 10 2
43 85 5 10
43 87 8 6
43 90 7 8
43 91 6 9
43 92 4 6
43 93 8 2
43 94 4 6
43 97 8 7
43 99 6 10
44 46 8 7
44 47 2 10
44 48 2 1
44 50 4 4
44 52 2 8
44 53 6 10
44 54 8 1
44 55 9 9
44 60 10 1
44 61 6 7
44 62 1 2
44 63 6 1
44 64 6 3
44 66 6 7
44 67 8 8
44 68 3 10
44 69 4 7
44 73 1 5
44 74 5 8
44 75 7 6
44 76 2 6
44 77 2 9
44 78 8 5
44 79 7 10
44 80 4 1
44 81 5 10
44 83 9 1
44 84 3 1
44 85 2 1
44 86 10 6
44 87 7 1
44 88 1 8
44 89 10 7
44 90 10 9
44 91 1 4
44 92 10 2
44 93 5 5
44 96 7 7
44 99 2 3
44 100 9 2
45 46 10 2
45 47 5 3
45 49 9 5
45 50 7 5
45 51 3 10
45 52 6 2
45 53 2 8
45 55 5 10
45 56 1 1
45 57 9 5
45 58 6 9
45 59 4 2
45 60 3 1
45 61 2 7
45 62 8 3
45 63 5 8
45 66 9 6
45 68 10 1
45 69 1 3
45 72 1 10
45 73 1 10
45 74 7 9
45 75 10 4
45 76 2 5
45 77 5 10
45 79 8 3
45 80 6 8
45 81 10 7
45 83 8 1
45 84 7 7
45 85 5 4
45 87 6 1
45 88 4 8
45 89 9 7
45 90 2 2
45 91 9 2
45 94 10 3
45 96 5 8
45 97 9 8
45 98 2 10
45 99 8 7
45 100 5 2
46 47 1 3
46 48 1 8
46 49 5 2
46 50 2 1
46 51 8 8
46 52 7 3
46 53 7 10
46 54 9 8
46 55 7 5
46 56 4 9
46 57 1 4
46 58 5 10
46 59 2 8
46 60 6 2
46 61 1 7
46 62 10 9
46 63 9 10
46 64 4 10
46 65 2 9
46 66 9 3
46 67 7 5
46 68 10 4
46 70 5 8
46 71 10 7
46 72 2 3
46 73 9 5
46 74 6 4
46 76 5 2
46 77 6 10
46 78 3 6
46 79 9 7
46 80 3 4
46 81 3 7
46 82 9 9
46 83 2 1
46 84 8 6
46 85 8 7
46 86 1 1
46 88 6 3
46 89 6 9
46 91 10 2
46 92 4 1
46 93 7 9
46 95 1 5
46 96 8 3
46 97 8 6
46 100 3 1
47 48 4 8
47 49 3 1
47 50 9 2
47 51 9 9
47 52 6 7
47 53 9 8
47 56 4 4
47 57 5 4
47 58 6 5
47 59 5 6
47 60 6 8
47 61 4 9
47 63 8 5
47 64 10 6
47 65 5 5
47 66 5 2
47 67 4 6
47 68 8 10
47 69 8 6
47 70 5 4
47 71 10 4
47 72 10 4
47 73 4 5
47 74 9 2
47 75 1 8
47 76 8 9
47 77 10 2
47 78 4 1
47 79 1 5
47 80 6 1
47 81 9 1
47 82 4 5
47 83 1 8
47 84 9 3
47 85 2 10
47 87 6 4
47 89 6 3
47 90 7 2
47 92 7 4
47 93 3 4
47 94 2 1
47 95 6 7
47 96 10 9
47 97 10 8
47 98 4 7
47 99 5 7
47 100 3 9
48 49 2 7
48 50 10 9
48 53 1 2
48 54 10 2
48 56 10 3
48 58 1 2
48 59 9 2
48 61 1 3
48 62 7 10
48 63 9 3
48 64 3 8
48 65 3 7
48 67 7 9
48 68 4 9
48 70 10 8
48 71 4 2
48 73 4 6
48 75 6 6
48 76 2 5
48 77 2 7
48 80 3 10
48 81 6 4
48 82 6 1
48 83 9 4
48 84 7 7
48 85 8 4
48 87 6 1
48 88 10 2
48 89 2 9
48 90 5 2
48 91 3 7
48 92 2 10
48 93 8 7
48 94 3 8
48 95 7 8
48 96 2 9
48 97 4 8
48 98 5 7
48 99 3 7
48 100 2 2
49 50 9 2
49 51 4 1
49 52 7 9
49 53 10 6
49 54 6 10
49 55 7 8
49 56 10 10
49 57 6 6
49 58 10 3
49 59 5 9
49 60 2 1
49 61 5 10
49 62 7 9
49 63 7 5
49 64 6 3
49 65 4 1
49 66 2 10
49 67 5 9
49 69 10 5
49 70 8 8
49 72 6 3
49 75 5 7
49 76 3 9
49 77 4 5
49 78 6 9
49 79 6 8
49 80 6 1
49 81 8 5
49 82 4 4
49 84 2 4
49 85 3 7
49 87 5 7
49 88 9 7
49 89 4 7
49 90 3 2
49 91 6 4
49 92 4 10
49 94 6 6
49 95 9 6
49 96 8 4
49 98 1 8
49 99 6 10
49 100 4 2
50 51 6 2
50 52 4 4
50 54 2 8
50 55 10 7
50 56 6 6
50 57 1 4
50 58 9 2
50 59 10 4
50 60 1 9
50 61 6 3
50 62 8 8
50 63 6 1
50 64 2 10
50 65 6 5
50 66 6 6
50 67 6 1
50 68 9 1
50 70 7 10
50 71 9 1
50 72 10 8
50 73 7 6
50 75 9 1
50 76 2 5
50 78 7 1
50 80 5 9
50 81 8 4
50 82 3 7
50 83 4 10
50 84 2 2
50 85 3 7
50 86 8 6
50 87 6 5
50 89 10 4
50 91 6 3
50 92 4 6
50 93 3 4
50 94 6 10
50 95 6 7
50 96 3 6
50 97 8 5
50 99 9 1
50 100 8 2
51 52 4 4
51 53 10 6
51 54 4 9
51 55 6 1
51 56 10 7
51 57 4 3
51 60 6 1
51 61 5 3
51 62 10 6
51 64 3 7
51 66 7 2
51 67 9 4
51 68 9 1
51 69 5 1
51 70 4 10
51 71 2 5
51 72 8 4
51 75 3 9
51 76 5 8
51 78 6 3
51 79 2 1
51 80 6 8
51 81 1 5
51 82 8 8
51 83 3 2
51 85 8 1
51 86 2 8
51 88 9 8
51 90 8 1
51 94 9 9
51 95 6 2
51 96 3 1
51 98 3 6
51 99 2 7
51 100 5 8
52 54 5 5
52 55 10 10
52 56 6 4
52 60 2 9
52 61 5 1
52 62 7 10
52 63 1 8
52 64 4 6
52 65 7 5
52 66 4 4
52 67 3 8
52 69 3 1
52 70 3 2
52 71 7 1
52 72 8 8
52 73 3 9
52 75 4 1
52 76 8 5
52 77 4 10
52 78 10 10
52 79 9 1
52 81 5 4
52 82 1 2
52 83 9 10
52 84 5 10
52 85 1 5
52 86 10 5
52 87 2 7
52 88 7 6
52 89 10 3
52 90 7 5
52 91 8 1
52 92 7 9
52 93 4 1
52 94 3 10
52 96 6 10
52 97 5 1
52 98 3 7
52 99 2 3
52 100 8 4
53 54 5 6
53 56 5 5
53 57 4 4
53 58 3 1
53 59 6 9
53 61 7 6
53 62 8 2
53 63 10 7
53 64 3 8
53 65 1 9
53 66 1 4
53 67 4 6
53 68 2 1
53 69 8 4
53 70 10 10
53 71 9 7
53 72 7 2
53 73 8 8
53 74 6 9
53 75 10 2
53 77 1 3
53 78 5 1
53 79 8 3
53 80 4 7
53 81 10 4
53 82 5 9
53 83 1 2
53 84 3 1
53 86 1 5
53 87 3 3
53 88 4 10
53 90 1 3
53 91 1 6
53 92 4 7
53 93 1 8
53 94 2 5
53 95 10 6
53 96 9 4
53 97 2 10
53 99 1 6
53 100 10 5
54 57 1 2
54 58 8 5
54 59 5 6
54 60 1 6
54 61 8 8
54 62 8 2
54 63 10 10
54 64 10 7
54 66 10 8
54 67 4 2
54 68 4 9
54 69 4 5
54 71 3 2
54 72 9 9
54 73 10 8
54 74 10 8
54 75 10 9
54 76 2 4
54 77 3 7
54 78 3 5
54 79 3 9
54 80 2 9
54 81 2 1
54 82 7 10
54 83 3 5
54 84 6 5
54 86 6 6
54 87 4 5
54 88 8 1
54 89 5 3
54 90 8 10
54 91 8 7
54 92 9 8
54 93 1 1
54 94 8 8
54 95 8 10
54 96 3 3
54 97 8 1
54 98 4 4
54 100 10 7
55 56 7 3
55 58 8 5
55 60 7 8
55 61 4 10
55 62 1 4
55 63 5 4
55 64 10 10
55 65 6 8
55 66 2 6
55 67 7 3
55 68 5 1
55 69 10 7
55 72 4 3
55 73 3 3
55 74 9 8
55 75 10 7
55 76 8 2
55 77 7 5
55 78 2 9
55 79 5 3
55 80 3 10
55 81 3 3
55 82 1 1
55 84 2 10
55 85 3 1
55 86 5 4
55 89 6 1
55 91 1 4
55 92 6 5
55 93 1 9
55 94 4 7
55 95 4 4
55 96 6 5
55 97 10 6
55 98 4 6
55 99 7 8
55 100 9 8
56 57 5 7
56 58 4 8
56 59 4 2
56 60 5 5
56 61 9 2
56 62 6 7
56 63 10 1
56 65 8 7
56 69 2 3
56 70 4 9
56 71 10 3
56 72 7 8
56 73 8 3
56 74 2 2
56 75 3 1
56 76 10 8
56 77 7 3
56 78 4 9
56 79 2 1
56 80 10 10
56 81 8 1
56 83 2 9
56 84 4 7
56 85 5 1
56 86 9 4
56 87 10 7
56 88 3 1
56 89 8 2
56 90 3 6
56 91 6 1
56 92 2 8
56 93 8 3
56 94 2 3
56 95 9 3
56 96 6 1
56 98 2 9
56 100 10 3
57 58 2 9
57 59 8 6
57 60 9 9
57 61 9 7
57 64 9 8
57 65 1 2
57 66 1 2
57 67 7 1
57 68 8 7
57 69 1 7
57 70 5 7
57 72 10 2
57 73 6 6
57 74 9 6
57 75 6 2
57 76 4 10
57 77 1 5
57 78 8 7
57 79 9 5
57 80 10 7
57 81 10 10
57 82 7 4
57 83 2 2
57 84 9 7
57 85 10 4
57 88 6 5
57 89 3 4
57 90 4 1
57 91 5 6
57 92 1 2
57 93 4 6
57 95 6 4
57 97 7 9
57 99 6 9
58 59 4 2
58 60 7 9
58 61 3 8
58 62 4 1
58 63 1 4
58 64 9 6
58 65 7 3
58 66 2 1
58 68 5 6
58 69 5 2
58 70 3 4
58 73 9 10
58 74 1 1
58 75 6 1
58 76 8 1
58 77 7 10
58 79 4 5
58 81 2 5
58 82 9 10
58 83 3 8
58 84 1 9
58 85 3 8
58 86 9 6
58 87 10 5
58 89 8 4
58 90 6 5
58 91 7 10
58 92 2 10
58 93 4 3
58 94 9 1
58 96 9 4
58 97 7 5
58 99 1 4
58 100 4 10
59 60 7 6
59 61 7 9
59 63 8 9
59 65 3 5
59 67 2 8
59 69 2 3
59 70 10 6
59 72 2 4
59 74 3 4
59 75 10 1
59 76 4 8
59 77 7 4
59 80 8 9
59 81 9 1
59 84 8 8
59 85 4 8
59 86 5 4
59 87 9 9
59 89 6 10
59 90 8 2
59 91 9 3
59 92 5 8
59 94 10 10
59 95 2 8
59 96 7 2
59 97 5 8
59 98 8 5
59 99 8 6
59 100 9 9
60 62 9 4
60 64 5 7
60 65 5 8
60 66 1 4
60 67 9 8
60 68 10 6
60 69 1 8
60 70 1 10
60 71 2 2
60 72 3 3
60 73 5 1
60 74 6 4
60 75 5 8
60 76 6 9
60 77 9 4
60 78 6 1
60 79 9 9
60 80 7 8
60 81 4 7
60 82 1 2
60 83 3 6
60 84 3 6
60 86 5 1
60 87 3 7
60 89 8 8
60 90 10 7
60 92 6 3
60 93 1 2
60 94 9 5
60 95 4 5
60 96 2 3
60 98 2 9
61 62 3 7
61 63 8 10
61 65 9 2
61 66 2 7
61 67 8 3
61 68 10 7
61 69 7 3
61 70 7 1
61 71 4 6
61 72 10 6
61 74 7 8
61 75 6 10
61 76 1 1
61 77 2 9
61 78 3 3
61 80 9 7
61 81 8 1
61 82 7 9
61 83 6 6
61 84 2 5
61 85 10 2
61 86 7 1
61 87 10 2
61 88 4 2
61 89 9 9
61 90 8 8
61 91 6 6
61 93 10 9
61 94 4 3
61 95 5 2
61 97 9 6
61 98 3 5
61 99 10 3
61 100 5 7
62 63 7 4
62 64 3 5
62 65 7 6
62 66 3 2
62 67 3 1
62 68 3 8
62 69 3 5
62 70 7 3
62 73 9 5
62 76 4 4
62 77 4 7
62 78 6 3
62 79 3 6
62 80 1 2
62 81 2 2
62 82 6 6
62 83 1 7
62 85 4 1
62 86 7 5
62 87 1 6
62 88 6 10
62 89 6 3
62 90 3 8
62 91 4 10
62 93 5 6
62 95 8 3
62 96 2 1
62 97 6 4
62 99 10 9
62 100 1 4
63 65 2 1
63 66 5 7
63 67 6 6
63 68 4 5
63 69 1 4
63 70 5 4
63 71 10 9
63 73 5 6
63 74 3 1
63 75 9 8
63 77 6 8
63 78 6 10
63 79 4 2
63 80 6 3
63 81 7 4
63 82 1 7
63 84 4 1
63 85 9 9
63 86 7 7
63 87 9 5
63 89 5 2
63 90 9 9
63 91 6 5
63 92 3 9
63 95 1 9
63 96 9 5
63 97 4 4
63 98 1 4
63 100 6 5
64 65 4 2
64 67 1 7
64 68 9 10
64 69 8 10
64 70 4 10
64 71 10 6
64 72 7 9
64 73 10 9
64 74 6 10
64 75 7 5
64 76 1 1
64 77 6 8
64 78 5 6
64 79 7 10
64 80 7 4
64 81 9 2
64 82 9 3
64 83 5 4
64 84 5 4
64 85 5 2
64 86 7 8
64 88 2 5
64 89 2 5
64 90 9 8
64 91 8 10
64 92 4 4
64 93 2 7
64 95 2 1
64 96 9 3
64 97 10 6
64 100 1 5
65 67 7 3
65 68 10 9
65 69 2 3
65 70 6 8
65 71 3 4
65 72 5 8
65 73 2 7
65 74 2 4
65 75 2 8
65 76 7 4
65 77 8 10
65 78 8 3
65 79 5 9
65 80 9 3
65 81 1 8
65 84 7 3
65 85 4 6
65 86 8 1
65 87 9 4
65 88 3 1
65 89 1 8
65 90 10 4
65 91 5 6
65 92 9 4
65 93 10 10
65 94 4 4
65 95 9 5
65 96 9 1
65 97 5 10
65 99 3 5
65 100 9 2
66 67 4 2
66 68 6 9
66 70 6 8
66 71 1 5
66 72 2 6
66 73 1 7
66 74 7 7
66 75 8 10
66 76 7 9
66 77 7 5
66 79 3 4
66 82 4 1
66 83 8 8
66 84 1 3
66 86 5 4
66 88 1 2
66 89 6 8
66 90 2 1
66 91 3 5
66 92 6 5
66 93 3 2
66 94 3 3
66 96 9 5
66 98 2 9
66 99 7 3
66 100 2 1
67 68 8 9
67 69 3 3
67 71 10 4
67 72 4 3
67 74 3 7
67 75 5 6
67 76 3 5
67 78 8 6
67 79 8 5
67 80 10 6
67 81 1 3
67 82 4 5
67 84 8 2
67 85 6 4
67 86 5 5
67 87 4 5
67 88 6 4
67 91 6 5
67 92 9 1
67 93 2 3
67 96 1 4
67 97 8 7
67 98 8 8
67 99 1 8
67 100 8 5
68 69 10 9
68 71 7 10
68 72 3 2
68 73 4 5
68 74 6 3
68 75 10 3
68 76 1 1
68 77 4 5
68 78 6 6
68 79 2 7
68 80 2 6
68 81 1 1
68 82 8 9
68 83 5 8
68 85 6 9
68 86 1 8
68 87 4 9
68 89 5 9
68 90 1 9
68 91 6 5
68 92 5 7
68 93 7 3
68 94 1 9
68 96 2 3
68 97 3 7
68 98 2 7
69 70 2 5
69 71 10 5
69 72 3 5
69 73 7 10
69 75 1 6
69 77 6 7
69 78 3 5
69 80 9 5
69 81 6 2
69 82 4 3
69 83 7 4
69 86 10 6
69 87 7 3
69 88 2 9
69 89 10 6
69 90 9 9
69 91 10 8
69 92 2 5
69 93 5 8
69 94 1 10
69 95 5 9
69 96 3 1
69 97 5 4
69 99 5 8
69 100 6 3
70 71 1 5
70 73 6 2
70 75 9 3
70 76 2 3
70 78 10 2
70 79 10 9
70 81 1 9
70 82 8 9
70 83 10 2
70 84 6 6
70 85 2 8
70 87 7 10
70 88 6 5
70 89 1 2
70 90 4 5
70 91 10 3
70 92 6 10
70 94 1 1
70 95 10 7
70 97 3 8
70 98 5 1
70 99 4 10
70 100 4 10
71 72 6 4
71 73 4 2
71 74 1 6
71 75 1 5
71 76 2 10
71 77 2 7
71 80 2 1
71 81 2 2
71 82 4 3
71 83 2 8
71 84 1 9
71 85 10 10
71 86 6 2
71 87 5 4
71 88 10 1
71 89 9 1
71 90 6 9
71 91 6 5
71 93 4 9
71 94 8 5
71 95 8 2
71 97 4 3
71 98 1 10
71 100 3 6
72 73 4 8
72 75 7 4
72 76 4 8
72 77 5 7
72 79 3 2
72 80 4 9
72 81 7 6
72 83 8 7
72 84 4 4
72 85 10 1
72 87 7 8
72 88 2 6
72 89 8 3
72 90 6 7
72 91 2 2
72 92 10 5
72 93 2 5
72 94 3 2
72 95 7 10
72 96 2 7
72 97 3 8
72 98 8 5
72 99 10 5
72 100 1 4
73 74 3 9
73 75 8 1
73 76 1 9
73 77 7 6
73 78 8 8
73 80 6 1
73 81 5 7
73 82 9 4
73 83 8 3
73 84 5 9
73 86 1 7
73 87 5 2
73 91 8 10
73 92 6 8
73 93 4 4
73 94 7 8
73 95 10 8
73 96 9 4
73 97 9 9
73 99 7 10
73 100 5 5
74 75 5 4
74 76 10 4
74 77 6 1
74 79 4 6
74 80 10 9
74 81 8 2
74 82 10 5
74 83 2 9
74 84 8 2
74 85 8 7
74 86 2 9
74 87 3 7
74 88 2 8
74 89 5 4
74 92 2 9
74 93 10 9
74 94 4 7
74 95 2 8
74 96 4 7
74 97 3 1
74 98 8 8
74 99 3 3
74 100 9 5
75 76 6 6
75 77 9 3
75 78 1 10
75 79 3 6
75 80 10 7
75 81 8 6
75 82 5 8
75 83 1 7
75 84 10 10
75 85 2 8
75 86 3 7
75 87 8 7
75 88 8 9
75 90 8 8
75 91 5 10
75 92 2 8
75 96 2 5
75 97 9 9
75 98 5 8
76 77 6 9
76 78 1 5
76 79 2 5
76 80 10 7
76 82 4 6
76 85 8 10
76 86 7 5
76 87 4 2
76 88 5 8
76 89 1 9
76 90 7 1
76 91 5 1
76 92 3 9
76 93 5 10
76 94 1 3
76 95 7 9
76 96 9 2
76 97 7 7
76 98 6 4
76 99 4 1
77 78 8 1
77 80 4 4
77 81 3 1
77 82 7 4
77 83 5 8
77 85 2 6
77 86 8 6
77 87 1 5
77 88 2 5
77 89 10 7
77 90 10 10
77 91 7 1
77 92 5 6
77 93 3 9
77 94 8 2
77 95 10 5
77 96 2 6
77 97 5 3
77 98 2 6
77 99 3 9
77 100 8 4
78 79 3 8
78 80 2 5
78 81 2 1
78 82 8 8
78 83 1 3
78 85 6 10
78 86 6 7
78 87 3 5
78 88 5 6
78 90 1 5
78 91 1 8
78 92 10 10
78 93 1 7
78 94 9 1
78 95 1 7
78 96 4 8
78 97 3 4
78 98 4 7
78 99 10 5
78 100 5 9
79 81 4 1
79 84 1 4
79 85 3 1
79 86 4 4
79 89 7 7
79 91 1 10
79 92 5 1
79 93 4 4
79 94 5 6
79 95 1 7
79 96 1 7
79 97 2 8
79 99 6 7
79 100 3 9
80 82 7 7
80 83 9 3
80 84 7 3
80 85 2 4
80 86 10 10
80 87 4 7
80 88 3 8
80 89 1 4
80 90 1 3
80 91 3 10
80 92 5 7
80 93 3 1
80 95 3 9
80 96 3 1
80 97 10 7
80 98 1 9
80 99 7 5
80 100 9 9
81 82 8 9
81 83 7 3
81 85 10 10
81 86 6 8
81 87 2 7
81 88 9 9
81 89 4 7
81 90 7 1
81 91 10 9
81 92 7 7
81 93 8 8
81 94 3 9
81 95 10 6
81 96 9 2
81 97 3 8
81 98 7 5
81 99 10 4
81 100 1 7
82 83 5 1
82 84 10 8
82 86 2 2
82 87 2 5
82 88 2 5
82 89 3 6
82 90 1 3
82 91 5 5
82 92 6 1
82 93 8 6
82 94 10 9
82 95 10 9
82 96 9 2
82 97 5 6
82 100 2 7
83 84 4 7
83 85 8 2
83 87 9 7
83 89 3 5
83 90 4 9
83 91 9 5
83 92 3 6
83 93 6 6
83 94 3 3
83 96 4 8
83 97 2 2
83 99 2 2
83 100 10 7
84 86 9 3
84 88 2 10
84 89 10 8
84 90 1 4
84 91 8 3
84 93 1 8
84 95 7 6
84 96 5 3
84 97 1 1
84 98 2 8
84 99 9 2
84 100 9 6
85 86 3 5
85 88 4 10
85 89 1 10
85 91 3 6
85 92 9 8
85 93 4 2
85 94 6 5
85 95 2 7
85 96 9 4
85 97 4 5
85 98 9 7
85 99 6 10
85 100 4 9
86 87 7 6
86 88 4 4
86 90 4 10
86 91 7 8
86 92 4 5
86 93 1 6
86 97 10 3
86 98 9 1
86 100 9 3
87 88 9 8
87 89 4 2
87 90 1 7
87 93 9 5
87 94 3 7
87 96 1 10
87 97 7 4
87 99 4 5
87 100 8 7
88 89 8 8
88 90 9 8
88 92 3 10
88 93 6 6
88 94 1 6
88 95 10 9
88 96 1 7
88 99 2 3
88 100 1 7
89 90 8 2
89 91 6 6
89 92 4 3
89 93 1 8
89 95 9 6
89 98 4 10
89 99 2 8
89 100 4 6
90 91 9 2
90 92 1 2
90 93 9 5
90 94 2 8
90 95 3 8
90 97 7 4
90 98 8 3
90 100 2 1
91 92 7 8
91 93 10 8
91 95 8 6
91 96 3 7
91 97 4 3
91 98 9 1
91 99 2 4
91 100 3 2
92 93 7 7
92 95 8 8
92 96 2 9
92 98 8 3
92 99 4 7
92 100 7 8
93 94 6 5
93 97 2 4
93 98 10 1
93 99 10 2
93 100 3 4
94 96 7 2
94 97 9 10
94 98 7 7
94 99 3 9
94 100 1 8
95 96 7 2
95 97 9 3
95 98 6 10
95 99 2 7
95 100 5 8
96 98 8 10
96 99 8 9
96 100 2 10
97 98 3 7
97 99 10 8
97 100 4 9
98 99 3 3
98 100 6 2
1
1 2 3 4 5 6 7 8 9 10 11 12 13 14 15 16 17 18 19 20 21 22 23 24 25 26 27 28 29 30 31 32 33 34 35 36 37 38 39 40 41 42 43 44 45 46 47 48 49 50
