4008
1 2 4 8
1 3 6 4
1 4 2 10
1 5 10 1
1 6 6 8
1 9 4 7
1 10 3 5
1 11 2 3
1 12 4 8
1 13 2 1
1 14 9 1
1 15 3 6
1 16 3 10
1 19 7 7
1 20 8 3
1 22 1 6
1 23 4 9
1 24 2 7
1 25 2 7
1 26 2 3
1 27 9 5
1 28 10 6
1 29 10 9
1 31 9 8
1 32 6 6
1 34 6 10
1 35 7 9
1 36 3 3
1 37 5 4
1 38 9 7
1 40 10 2
1 41 6 9
1 42 4 2
1 43 1 3
1 46 7 1
1 47 1 10
1 49 1 10
1 50 6 5
1 51 4 1
1 52 6 8
1 53 3 7
1 54 9 1
1 55 9 1
1 56 8 3
1 57 4 5
1 58 10 4
1 59 4 4
1 60 3 2
1 61 2 8
1 62 7 4
1 63 10 8
1 64 4 8
1 65 5 10
1 66 8 5
1 67 1 4
1 68 4 2
1 69 9 8
1 70 8 9
1 71 8 10
1 72 3 10
1 73 5 9
1 74 3 6
1 75 5 1
1 76 4 4
1 77 9 7
1 78 4 7
1 79 5 2
1 80 9 2
1 81 10 8
1 82 8 2
1 83 4 6
1 84 6 9
1 85 2 6
1 86 3 10
1 87 2 1
1 88 10 6
1 89 3 3
1 91 8 1
1 92 2 7
1 95 10 2
1 96 1 2
1 97 1 3
1 98 9 10
1 99 4 10
1 100 6 8
2 3 5 1
2 4 4 10
2 5 5 10
2 6 7 4
2 7 4 8
2 9 10 10
2 11 8 10
2 12 7 9
2 13 3 7
2 14 5 9
2 15 8 10
2 16 8 6
2 17 2 3
2 18 8 4
2 19 1 3
2 20 1 9
2 21 3 6
2 24 3 9
2 25 5 10
2 26 2 2
2 27 1 10
2 28 10 8
2 29 10 1
2 30 4 7
2 31 10 4
2 32 3 2
2 33 1 7
2 34 3 3
2 35 5 10
2 36 1 7
2 37 9 4
2 40 6 6
2 41 7 4
2 42 6 9
2 43 2 1
2 44 6 5
2 45 2 5
2 46 5 10
2 47 7 10
2 48 3 10
2 49 5 10
2 50 6 3
2 51 6 7
2 52 5 1
2 53 2 1
2 54 9 6
2 55 3 5
2 56 9 5
2 57 6 1
2 59 3 7
2 60 8 2
2 61 9 3
2 63 3 5
2 64 7 7
2 65 1 4
2 66 8 9
2 68 8 9
2 70 1 1
2 71 3 3
2 72 4 2
2 73 3 4
2 74 4 6
2 76 8 7
2 77 8 7
2 79 9 4
2 82 8 3
2 83 4 9
2 84 6 1
2 85 9 4
2 86 1 7
2 88 2 2
2 89 5 10
2 90 6 7
2 91 3 6
2 92 5 1
2 93 10 8
2 94 8 6
2 97 6 2
2 98 4 4
2 99 9 2
2 100 2 3
3 4 6 5
3 5 7 1
3 7 8 5
3 8 9 4
3 10 9 5
3 11 1 3
3 13 9 7
3 15 1 2
3 16 3 10
3 18 9 6
3 20 7 1
3 21 8 4
3 22 1 4
3 23 5 7
3 24 8 1
3 25 4 7
3 27 4 9
3 28 5 7
3 29 7 10
3 30 5 7
3 31 10 9
3 32 7 10
3 34 6 9
3 35 6 2
3 36 10 5
3 37 2 4
3 38 5 5
3 39 2 4
3 40 4 7
3 41 3 9
3 42 2 1
3 43 6 4
3 44 3 4
3 46 10 5
3 47 4 5
3 48 1 7
3 50 2 6
3 53 3 4
3 54 8 8
3 55 4 9
3 56 6 1
3 57 3 3
3 59 1 2
3 60 1 3
3 61 2 8
3 62 3 7
3 63 3 10
3 65 6 1
3 66 4 5
3 67 8 9
3 68 1 2
3 70 10 2
3 71 1 9
3 73 9 2
3 74 10 8
3 76 1 4
3 78 9 6
3 79 2 8
3 80 8 8
3 81 9 9
3 82 10 9
3 83 6 6
3 84 8 2
3 85 1 8
3 86 1 4
3 87 5 2
3 88 7 6
3 89 6 3
3 90 3 7
3 91 5 7
3 92 3 6
3 94 4 8
3 95 3 7
3 96 1 10
3 97 6 5
3 99 6 10
3 100 4 9
4 5 1 6
4 6 3 4
4 7 6 10
4 8 6 4
4 9 6 5
4 10 7 7
4 11 10 2
4 12 9 5
4 13 10 1
4 15 3 10
4 17 9 1
4 18 2 1
4 19 8 8
4 20 9 5
4 21 6 4
4 22 7 9
4 24 1 7
4 25 9 9
4 26 5 1
4 27 6 7
4 28 2 3
4 29 1 10
4 31 1 9
4 33 1 1
4 34 8 5
4 36 2 5
4 38 2 2
4 40 4 3
4 41 3 10
4 42 8 8
4 43 9 3
4 44 4 9
4 45 6 6
4 46 3 2
4 47 5 4
4 48 1 9
4 49 10 5
4 50 10 10
4 52 4 2
4 54 9 6
4 55 7 1
4 56 9 8
4 57 6 10
4 58 1 8
4 60 3 10
4 61 1 10
4 63 1 1
4 65 2 8
4 66 5 7
4 67 4 1
4 68 2 8
4 69 10 6
4 72 3 9
4 73 9 8
4 74 3 5
4 75 3 4
4 76 7 2
4 77 9 4
4 78 1 10
4 80 1 1
4 81 5 8
4 82 1 10
4 83 9 6
4 84 10 1
4 85 10 2
4 86 5 5
4 87 9 2
4 88 10 9
4 90 6 6
4 91 9 1
4 93 9 2
4 94 2 8
4 95 9 7
4 96 2 4
4 97 4 1
4 98 5 3
4 99 9 2
4 100 5 2
5 6 4 3
5 7 5 3
5 9 6 6
5 10 9 4
5 12 7 6
5 13 5 8
5 14 6 10
5 15 2 5
5 16 9 7
5 18 1 2
5 19 1 9
5 20 9 4
5 21 6 9
5 23 9 6
5 24 2 9
5 26 8 8
5 28 10 7
5 29 1 5
5 30 6 3
5 31 6 1
5 32 10 9
5 33 3 9
5 35 6 8
5 36 5 1
5 37 8 2
5 38 10 8
5 39 4 7
5 41 6 4
5 43 8 4
5 44 3 8
5 45 8 10
5 46 1 9
5 47 7 6
5 48 4 5
5 49 7 7
5 50 5 3
5 51 8 3
5 52 9 10
5 53 5 2
5 55 2 2
5 56 2 2
5 57 8 1
5 58 1 7
5 59 3 7
5 60 4 8
5 62 1 6
5 63 2 1
5 64 2 1
5 66 8 7
5 68 9 10
5 70 1 4
5 71 5 4
5 72 4 8
5 73 8 8
5 74 2 6
5 75 2 1
5 76 1 8
5 78 10 5
5 79 7 8
5 80 3 10
5 81 8 5
5 82 3 1
5 83 7 7
5 84 1 7
5 85 9 9
5 87 9 6
5 88 2 1
5 90 2 9
5 91 8 9
5 93 9 8
5 94 2 9
5 95 4 7
5 96 8 1
5 98 10 9
5 99 7 1
6 7 1 4
6 8 7 7
6 9 2 8
6 10 9 10
6 11 5 2
6 12 10 1
6 14 3 10
6 15 3 4
6 16 8 5
6 19 10 4
6 20 5 9
6 21 5 4
6 22 1 6
6 23 6 4
6 24 5 8
6 25 9 7
6 26 6 9
6 27 7 9
6 28 1 5
6 29 1 10
6 30 4 5
6 32 5 7
6 34 10 9
6 35 3 2
6 36 7 8
6 37 9 6
6 39 9 10
6 40 6 1
6 41 6 2
6 42 9 2
6 43 7 5
6 44 6 9
6 45 4 1
6 46 1 5
6 47 7 6
6 48 1 5
6 49 2 4
6 50 2 7
6 51 3 1
6 52 2 3
6 54 1 8
6 55 5 4
6 56 1 1
6 57 2 2
6 58 8 4
6 59 10 10
6 60 4 6
6 61 6 3
6 63 9 1
6 64 6 7
6 65 10 4
6 66 9 4
6 70 4 6
6 71 4 3
6 74 8 2
6 75 10 1
6 76 3 5
6 77 9 5
6 78 7 8
6 79 1 2
6 80 6 5
6 81 9 10
6 82 4 9
6 83 6 4
6 84 3 3
6 85 5 3
6 86 6 3
6 87 9 9
6 88 5 3
6 89 2 7
6 90 4 7
6 92 2 4
6 94 1 2
6 95 7 7
6 97 7 1
6 98 6 3
6 99 6 7
6 100 7 10
7 8 2 6
7 10 4 1
7 11 6 10
7 12 10 4
7 13 5 1
7 14 1 9
7 15 10 2
7 16 3 5
7 17 2 5
7 18 4 2
7 19 2 7
7 20 4 4
7 21 7 2
7 23 1 10
7 24 8 10
7 25 8 4
7 26 4 10
7 27 10 1
7 28 8 7
7 29 3 2
7 30 7 3
7 31 6 5
7 32 9 8
7 35 4 7
7 37 6 1
7 39 7 2
7 40 1 8
7 43 1 7
7 45 7 8
7 46 5 4
7 47 8 2
7 48 10 10
7 49 3 6
7 50 9 2
7 51 9 5
7 54 1 3
7 55 4 2
7 56 7 3
7 57 10 10
7 60 6 4
7 61 2 9
7 62 6 9
7 63 4 10
7 64 8 1
7 65 10 9
7 66 1 5
7 67 7 8
7 68 10 5
7 70 9 8
7 71 6 3
7 72 2 3
7 74 7 10
7 75 7 10
7 76 6 10
7 77 5 10
7 78 5 5
7 79 8 3
7 81 8 7
7 83 9 9
7 84 1 9
7 85 9 3
7 87 3 10
7 88 6 2
7 89 7 4
7 91 9 8
7 92 1 4
7 93 4 3
7 94 8 7
7 95 10 4
7 96 3 3
7 97 10 3
7 98 5 3
7 99 4 4
7 100 10 10
8 9 7 9
8 10 6 10
8 11 4 5
8 12 10 9
8 14 1 4
8 15 4 2
8 16 6 10
8 17 10 6
8 19 6 7
8 20 10 1
8 22 5 7
8 23 1 2
8 25 2 3
8 26 2 8
8 27 1 2
8 28 2 9
8 29 7 9
8 30 1 8
8 31 2 1
8 32 1 2
8 33 3 5
8 34 5 10
8 35 2 5
8 36 2 8
8 37 2 8
8 38 1 7
8 39 8 2
8 40 10 10
8 41 10 9
8 42 2 3
8 44 2 5
8 45 10 4
8 46 1 4
8 47 2 10
8 48 6 8
8 49 6 9
8 50 10 1
8 51 10 9
8 52 8 10
8 53 1 4
8 54 8 9
8 55 7 3
8 56 7 1
8 57 9 5
8 58 7 6
8 59 7 7
8 60 1 7
8 63 7 3
8 64 1 2
8 66 7 5
8 67 6 6
8 68 9 9
8 70 3 5
8 71 1 3
8 72 5 2
8 73 3 3
8 75 9 9
8 76 7 9
8 77 1 2
8 78 6 10
8 79 3 3
8 80 6 7
8 82 3 6
8 83 5 7
8 85 9 8
8 86 3 10
8 87 1 4
8 89 3 2
8 90 1 3
8 91 7 1
8 92 6 3
8 93 3 2
8 95 7 2
8 96 8 10
8 97 9 4
8 98 7 7
8 99 8 8
8 100 8 10
9 11 1 1
9 12 7 2
9 13 9 3
9 14 7 8
9 16 7 3
9 17 10 6
9 18 7 7
9 19 5 4
9 20 10 8
9 21 6 4
9 22 7 7
9 23 4 8
9 26 9 4
9 27 9 8
9 28 9 10
9 29 5 7
9 30 5 8
9 31 6 8
9 32 4 8
9 33 8 3
9 34 6 9
9 35 7 10
9 36 3 7
9 37 2 4
9 39 6 2
9 40 3 4
9 41 7 1
9 42 6 8
9 44 4 6
9 45 3 2
9 46 1 5
9 47 8 10
9 48 8 10
9 49 10 3
9 50 3 8
9 51 7 1
9 53 7 9
9 54 3 8
9 57 5 4
9 58 3 10
9 59 3 7
9 61 8 9
9 62 5 5
9 63 6 5
9 65 5 1
9 66 4 10
9 67 3 6
9 68 3 5
9 69 2 2
9 70 5 1
9 72 4 1
9 73 3 9
9 74 1 2
9 75 8 3
9 76 5 8
9 79 6 6
9 80 1 1
9 81 5 8
9 82 6 9
9 83 4 6
9 84 5 2
9 85 1 1
9 89 7 4
9 91 8 9
9 92 5 4
9 93 3 1
9 94 1 9
9 95 5 6
9 96 7 4
9 97 7 7
9 98 3 1
9 99 8 5
9 100 6 8
10 12 7 6
10 14 8 2
10 15 8 6
10 17 8 1
10 18 1 10
10 19 9 10
10 20 2 6
10 21 3 3
10 23 9 1
10 24 4 7
10 25 4 6
10 26 4 7
10 28 9 1
10 29 1 9
10 34 2 4
10 35 8 5
10 36 1 10
10 37 3 7
10 38 3 9
10 39 1 1
10 40 2 5
10 42 3 9
10 45 4 7
10 46 8 2
10 47 2 4
10 50 8 8
10 51 2 3
10 52 2 10
10 53 3 6
10 54 1 6
10 55 3 9
10 56 5 4
10 57 1 9
10 58 2 5
10 59 6 10
10 61 6 7
10 62 7 9
10 63 9 5
10 64 5 1
10 67 4 1
10 68 8 3
10 69 3 3
10 71 2 4
10 72 10 4
10 73 2 9
10 74 3 8
10 75 8 5
10 77 10 7
10 78 4 3
10 79 5 2
10 80 3 9
10 81 1 9
10 82 9 10
10 83 9 6
10 84 4 9
10 85 5 1
10 86 7 1
10 87 5 2
10 88 5 4
10 90 7 1
10 92 10 2
10 94 2 9
10 95 7 10
10 96 2 9
10 97 2 10
10 98 10 2
10 100 2 1
11 13 10 8
11 14 6 5
11 15 8 6
11 16 4 8
11 18 6 4
11 19 3 1
11 20 10 1
11 23 10 3
11 25 10 6
11 26 6 3
11 27 4 9
11 28 6 5
11 29 3 8
11 32 10 8
11 33 9 10
11 34 5 10
11 35 6 1
11 37 9 9
11 38 5 6
11 39 3 6
11 40 4 7
11 41 3 9
11 42 8 6
11 43 2 9
11 45 6 8
11 46 5 10
11 47 3 2
11 48 3 3
11 50 8 10
11 51 5 1
11 52 2 10
11 53 10 6
11 54 4 4
11 55 5 4
11 56 6 6
11 57 2 6
11 58 4 9
11 59 5 9
11 60 3 9
11 61 7 2
11 63 4 9
11 64 5 5
11 65 7 1
11 66 7 2
11 67 9 8
11 68 3 4
11 72 9 1
11 73 2 9
11 74 1 6
11 75 7 4
11 76 8 1
11 77 8 2
11 78 3 4
11 79 1 10
11 80 10 6
11 81 5 5
11 82 4 10
11 84 1 9
11 85 4 8
11 86 3 7
11 87 9 6
11 88 8 8
11 89 10 8
11 90 6 2
11 91 10 5
11 92 9 10
11 93 1 7
11 94 9 8
11 95 2 7
11 96 4 7
11 97 5 9
11 98 9 6
11 100 9 10
12 13 2 8
12 14 5 7
12 15 8 6
12 16 2 6
12 17 1 2
12 20 6 1
12 22 4 6
12 23 9 1
12 24 8 2
12 25 8 7
12 26 10 5
12 27 7 10
12 28 7 7
12 29 3 7
12 30 4 8
12 31 6 8
12 32 8 8
12 34 9 10
12 35 7 4
12 36 5 1
12 37 10 4
12 38 1 10
12 40 8 1
12 42 3 7
12 43 9 1
12 44 8 10
12 46 9 2
12 47 9 10
12 48 8 8
12 49 6 6
12 50 8 2
12 51 6 1
12 52 4 3
12 53 3 10
12 54 10 3
12 55 9 3
12 56 2 3
12 57 4 7
12 58 7 3
12 59 8 7
12 60 9 4
12 61 1 6
12 62 6 3
12 63 10 4
12 64 2 1
12 65 2 9
12 66 4 2
12 67 9 3
12 68 3 4
12 69 4 6
12 70 4 7
12 71 4 1
12 72 10 3
12 73 4 2
12 75 1 7
12 76 9 4
12 77 1 5
12 78 8 4
12 79 2 4
12 82 1 10
12 83 3 1
12 85 1 4
12 86 2 3
12 87 6 3
12 88 3 10
12 90 9 9
12 92 2 2
12 93 4 10
12 94 1 8
12 95 5 8
12 97 5 10
12 98 4 4
13 14 7 7
13 15 5 10
13 16 9 8
13 17 1 6
13 18 10 10
13 19 4 3
13 20 7 6
13 21 6 4
13 22 5 7
13 24 3 5
13 25 8 5
13 26 3 3
13 27 10 6
13 28 4 10
13 29 10 5
13 30 2 4
13 31 8 8
13 33 8 7
13 34 4 8
13 35 6 2
13 36 10 10
13 37 10 6
13 38 8 4
13 40 5 7
13 41 1 4
13 42 7 7
13 43 5 9
13 44 4 2
13 45 9 1
13 46 2 1
13 48 2 10
13 49 4 7
13 51 6 4
13 52 2 3
13 53 1 3
13 54 2 5
13 55 6 8
13 57 8 4
13 58 7 7
13 59 4 7
13 62 8 7
13 64 5 7
13 65 8 9
13 66 7 5
13 67 6 7
13 69 1 9
13 70 6 9
13 71 4 4
13 72 5 8
13 73 1 1
13 74 9 10
13 75 10 9
13 76 7 5
13 78 9 10
13 79 10 2
13 80 9 3
13 81 7 4
13 82 10 7
13 83 6 1
13 84 10 6
13 86 1 2
13 87 1 2
13 88 8 9
13 89 8 1
13 90 8 6
13 91 9 8
13 92 5 6
13 93 2 6
13 94 2 5
13 95 6 5
13 96 4 10
13 97 8 4
13 98 5 3
13 99 8 1
14 15 5 5
14 17 1 10
14 18 6 9
14 19 5 3
14 20 1 10
14 21 6 4
14 22 6 5
14 25 10 3
14 26 2 9
14 27 7 2
14 28 8 10
14 30 5 2
14 31 1 2
14 33 6 8
14 34 10 10
14 35 3 8
14 36 5 10
14 37 9 8
14 38 1 7
14 39 6 6
14 40 2 4
14 42 7 10
14 44 5 3
14 45 6 1
14 46 1 10
14 49 4 2
14 50 8 6
14 51 9 9
14 52 8 5
14 53 4 9
14 54 5 4
14 56 6 6
14 57 1 5
14 58 7 10
14 59 2 10
14 60 2 10
14 61 2 5
14 62 6 7
14 63 3 4
14 64 2 7
14 65 3 3
14 67 4 3
14 68 10 7
14 70 8 6
14 73 4 10
14 74 3 2
14 75 2 3
14 76 5 4
14 77 9 4
14 78 7 3
14 79 10 2
14 80 9 10
14 81 3 6
14 84 5 5
14 85 1 5
14 86 6 3
14 87 8 1
14 89 10 6
14 90 5 4
14 91 6 3
14 92 4 1
14 93 9 1
14 96 10 1
14 97 7 1
14 99 2 4
14 100 10 8
15 19 5 2
15 21 10 2
15 22 3 8
15 23 3 1
15 24 7 3
15 25 6 6
15 26 6 8
15 27 5 9
15 29 5 9
15 30 4 1
15 31 6 1
15 32 2 4
15 33 2 7
15 34 4 9
15 35 6 9
15 36 2 10
15 37 9 6
15 38 7 9
15 39 10 4
15 40 6 4
15 42 6 9
15 43 8 10
15 45 7 4
15 47 5 5
15 48 6 6
15 49 9 5
15 50 1 9
15 51 9 5
15 52 1 8
15 53 9 1
15 56 6 8
15 57 5 6
15 58 4 1
15 59 8 5
15 60 2 8
15 61 5 6
15 63 2 5
15 65 4 1
15 66 1 7
15 67 3 4
15 68 2 8
15 69 4 5
15 71 3 5
15 72 3 10
15 73 6 3
15 74 6 8
15 75 2 7
15 76 5 8
15 77 2 6
15 78 3 4
15 79 6 3
15 80 3 5
15 81 10 2
15 82 2 3
15 83 5 8
15 84 10 6
15 85 2 6
15 86 9 8
15 87 8 2
15 88 5 3
15 89 10 3
15 90 3 5
15 91 4 1
15 92 2 9
15 93 10 6
15 96 9 4
15 97 7 1
15 98 8 6
15 99 9 2
16 18 10 7
16 19 6 8
16 20 3 9
16 21 2 4
16 22 4 3
16 23 4 8
16 24 6 10
16 25 5 6
16 26 10 6
16 29 10 7
16 31 1 1
16 32 6 1
16 33 2 7
16 34 6 10
16 35 4 1
16 36 8 1
16 37 7 4
16 38 2 7
16 39 4 4
16 40 5 3
16 41 3 8
16 42 3 9
16 43 10 3
16 44 10 6
16 45 3 6
16 47 4 8
16 48 9 4
16 49 2 7
16 50 4 2
16 51 2 9
16 52 7 6
16 53 4 4
16 54 9 8
16 55 2 6
16 56 6 2
16 57 9 1
16 58 10 4
16 59 7 6
16 60 1 1
16 61 7 10
16 62 4 9
16 63 8 1
16 64 1 9
16 65 9 1
16 66 8 7
16 67 7 5
16 68 10 7
16 69 3 3
16 70 7 9
16 71 2 6
16 72 6 5
16 73 8 5
16 74 3 5
16 75 7 10
16 76 7 2
16 77 3 3
16 78 5 5
16 80 4 2
16 81 2 5
16 83 3 4
16 85 5 5
16 87 1 4
16 88 10 9
16 90 3 5
16 93 5 6
16 94 2 2
16 95 2 3
16 96 3 7
16 97 9 6
16 98 10 7
16 99 3 6
16 100 1 4
17 18 6 8
17 19 8 3
17 20 3 8
17 21 9 8
17 22 10 10
17 23 8 6
17 24 4 1
17 25 2 7
17 26 4 9
17 27 5 7
17 28 7 9
17 29 4 2
17 30 3 1
17 31 10 9
17 32 2 4
17 33 10 2
17 34 2 1
17 35 5 6
17 36 6 2
17 37 8 2
17 38 8 6
17 39 7 10
17 40 4 4
17 41 6 5
17 42 10 8
17 43 7 7
17 45 6 1
17 46 8 5
17 47 10 1
17 48 6 4
17 49 4 5
17 50 7 3
17 53 6 9
17 54 10 10
17 55 10 7
17 57 2 9
17 58 4 2
17 59 3 8
17 60 2 2
17 61 5 2
17 62 2 3
17 63 7 7
17 64 2 6
17 66 3 6
17 67 5 9
17 68 2 1
17 69 6 1
17 70 8 1
17 71 9 7
17 75 4 9
17 76 8 10
17 77 4 4
17 78 1 10
17 80 2 4
17 81 4 7
17 82 7 6
17 84 4 9
17 85 8 7
17 86 2 8
17 87 4 1
17 88 4 1
17 89 10 3
17 90 9 8
17 91 4 6
17 92 3 8
17 94 4 2
17 95 10 8
17 99 3 9
17 100 3 9
18 19 9 7
18 20 1 3
18 21 4 9
18 22 6 4
18 23 6 7
18 24 1 5
18 25 9 2
18 26 8 4
18 28 7 1
18 29 2 3
18 30 5 8
18 31 8 6
18 34 5 10
18 35 6 5
18 36 9 8
18 38 1 9
18 39 8 5
18 40 5 10
18 41 1 3
18 42 3 1
18 43 8 10
18 44 4 2
18 45 8 7
18 46 2 8
18 47 1 4
18 48 8 1
18 49 7 10
18 50 9 9
18 51 6 6
18 52 7 10
18 54 4 2
18 55 5 3
18 56 4 9
18 57 2 2
18 58 1 3
18 59 8 9
18 60 2 9
18 61 6 2
18 62 9 9
18 64 6 1
18 65 2 10
18 66 9 4
18 67 7 7
18 68 1 8
18 69 3 2
18 70 3 7
18 71 10 2
18 72 3 7
18 73 10 6
18 74 2 5
18 75 6 2
18 76 4 6
18 78 7 7
18 79 6 4
18 80 6 3
18 81 9 8
18 83 2 6
18 85 4 5
18 86 9 10
18 87 4 9
18 88 9 3
18 89 7 3
18 90 7 3
18 91 2 6
18 92 4 7
18 93 9 1
18 94 3 1
18 96 4 6
18 97 3 6
18 98 7 3
19 20 1 9
19 21 2 7
19 22 4 1
19 23 1 3
19 25 8 4
19 26 10 2
19 27 6 4
19 28 2 10
19 29 7 7
19 30 6 8
19 31 5 3
19 32 2 3
19 33 6 4
19 36 3 4
19 37 6 4
19 38 3 7
19 39 9 7
19 40 7 6
19 41 6 1
19 42 1 8
19 43 4 2
19 44 8 2
19 47 8 6
19 49 1 3
19 51 10 4
19 52 8 10
19 53 10 1
19 54 1 5
19 55 4 10
19 56 8 4
19 57 6 5
19 59 8 3
19 60 2 5
19 61 10 7
19 62 10 9
19 63 5 9
19 64 2 6
19 65 9 3
19 67 2 3
19 68 3 3
19 69 1 1
19 70 4 8
19 71 9 4
19 72 2 7
19 73 3 4
19 74 10 10
19 75 9 1
19 76 9 5
19 78 5 6
19 79 8 2
19 80 7 1
19 81 3 1
19 82 8 10
19 83 7 7
19 85 6 6
19 86 10 4
19 87 2 4
19 88 3 9
19 89 2 9
19 91 8 10
19 92 6 6
19 93 10 1
19 94 5 4
19 95 3 5
19 96 6 1
19 98 5 5
19 99 5 3
19 100 1 8
20 21 6 9
20 22 9 5
20 24 10 1
20 25 7 7
20 26 5 6
20 27 2 2
20 28 8 10
20 29 6 7
20 30 8 5
20 31 9 3
20 32 6 10
20 33 10 4
20 34 10 2
20 35 9 9
20 36 4 3
20 37 8 9
20 38 6 3
20 39 8 10
20 40 10 3
20 41 3 3
20 42 6 10
20 43 2 5
20 44 9 2
20 45 5 2
20 47 6 3
20 48 1 7
20 49 10 4
20 50 6 3
20 51 6 3
20 52 10 5
20 53 5 9
20 55 2 5
20 56 5 2
20 57 2 4
20 58 4 10
20 59 7 6
20 60 5 8
20 61 5 5
20 62 3 1
20 63 1 8
20 65 5 3
20 66 10 5
20 67 10 2
20 68 4 4
20 69 1 8
20 70 1 9
20 71 9 2
20 72 6 6
20 73 7 4
20 76 9 6
20 77 3 9
20 78 1 5
20 82 6 2
20 84 7 1
20 85 2 6
20 86 6 6
20 87 2 7
20 88 10 1
20 89 9 8
20 90 2 3
20 91 9 6
20 92 3 9
20 94 4 5
20 95 1 1
20 96 4 5
20 97 7 8
20 98 6 6
20 99 6 10
20 100 5 1
21 22 10 2
21 23 4 7
21 24 6 3
21 25 6 5
21 26 5 9
21 27 9 8
21 30 5 10
21 31 8 4
21 32 3 1
21 33 6 5
21 35 4 3
21 36 3 2
21 38 10 9
21 39 10 4
21 41 10 5
21 42 4 8
21 43 7 9
21 44 9 5
21 47 8 3
21 48 4 3
21 49 6 3
21 51 3 10
21 53 4 10
21 55 10 7
21 56 5 3
21 58 2 8
21 59 9 10
21 60 1 5
21 61 6 9
21 63 9 7
21 64 6 7
21 65 5 10
21 66 1 3
21 68 2 6
21 69 7 1
21 70 2 6
21 71 8 8
21 74 1 1
21 75 2 10
21 76 6 7
21 77 1 4
21 79 10 1
21 81 6 4
21 82 9 9
21 83 6 3
21 84 3 1
21 85 7 1
21 86 1 8
21 87 3 2
21 88 2 8
21 89 4 4
21 90 6 2
21 92 2 6
21 93 2 3
21 94 2 10
21 95 1 9
21 96 3 10
21 97 1 5
21 98 2 1
21 100 8 7
22 23 6 7
22 25 4 9
22 26 8 3
22 27 8 5
22 30 5 10
22 32 3 8
22 33 1 3
22 34 1 3
22 35 9 9
22 36 6 10
22 39 10 2
22 40 8 9
22 41 7 1
22 42 2 4
22 43 1 5
22 44 8 5
22 45 5 10
22 46 2 10
22 47 2 7
22 48 8 4
22 49 1 5
22 50 7 8
22 51 6 7
22 52 2 7
22 53 4 3
22 54 8 6
22 55 3 3
22 56 10 4
22 57 4 6
22 58 3 7
22 60 3 7
22 61 3 2
22 62 3 6
22 63 10 3
22 64 2 9
22 65 2 2
22 66 1 3
22 67 9 2
22 69 1 1
22 70 6 7
22 71 7 2
22 73 2 7
22 74 6 6
22 75 5 8
22 76 2 9
22 78 9 7
22 79 3 2
22 80 1 5
22 82 5 9
22 83 9 1
22 84 7 7
22 85 5 2
22 86 5 3
22 88 1 2
22 89 1 5
22 90 5 8
22 92 7 8
22 93 4 4
22 94 1 7
22 97 4 3
22 99 10 7
22 100 7 9
23 24 2 3
23 25 7 2
23 26 6 2
23 29 4 3
23 30 6 7
23 31 3 10
23 32 3 5
23 33 5 8
23 34 1 7
23 35 1 7
23 37 5 9
23 38 2 4
23 39 5 6
23 40 3 8
23 42 1 6
23 43 4 6
23 45 9 7
23 46 8 10
23 48 6 6
23 49 4 3
23 50 4 10
23 51 5 3
23 52 8 7
23 53 4 2
23 54 8 1
23 55 3 1
23 56 10 5
23 58 10 2
23 59 2 9
23 61 4 6
23 64 9 9
23 65 1 5
23 66 9 5
23 67 4 7
23 68 10 6
23 69 1 9
23 70 8 4
23 71 10 10
23 72 1 5
23 74 6 9
23 76 4 8
23 77 3 8
23 78 8 5
23 79 9 7
23 81 8 6
23 82 5 8
23 83 5 5
23 84 2 3
23 85 2 8
23 86 9 7
23 87 7 8
23 89 4 7
23 90 9 2
23 93 5 8
23 96 7 10
23 97 4 9
23 98 3 4
23 99 3 4
23 100 8 7
24 25 10 10
24 26 8 8
24 28 9 2
24 29 2 3
24 31 4 9
24 32 2 2
24 33 8 8
24 34 6 2
24 35 8 6
24 36 6 3
24 37 10 10
24 38 5 3
24 39 10 7
24 40 5 1
24 41 3 4
24 42 3 9
24 43 8 5
24 46 4 3
24 48 9 8
24 49 2 1
24 50 9 7
24 51 8 3
24 52 6 6
24 53 1 9
24 54 1 6
24 55 4 10
24 56 3 2
24 57 2 1
24 58 3 4
24 59 10 4
24 60 9 1
24 62 3 7
24 63 6 4
24 64 4 2
24 65 6 9
24 66 4 5
24 67 6 6
24 68 10 3
24 70 2 8
24 71 4 5
24 72 8 2
24 73 8 10
24 75 5 7
24 76 3 5
24 77 9 8
24 78 4 1
24 79 7 5
24 80 3 6
24 81 3 8
24 82 10 2
24 83 6 8
24 84 2 2
24 85 10 6
24 86 3 3
24 89 9 6
24 90 3 10
24 92 9 7
24 93 7 1
24 94 8 7
24 95 7 10
24 97 5 7
24 98 9 5
24 99 4 2
24 100 2 1
25 27 7 9
25 28 9 9
25 29 4 3
25 31 1 1
25 32 8 9
25 34 8 4
25 35 7 8
25 36 7 3
25 37 1 6
25 38 4 8
25 39 5 3
25 40 1 7
25 41 4 5
25 43 9 3
25 44 2 1
25 45 2 9
25 47 10 4
25 48 7 9
25 49 5 9
25 50 6 1
25 51 4 5
25 52 4 9
25 54 5 7
25 56 7 2
25 57 3 1
25 58 4 8
25 59 9 1
25 60 4 10
25 61 2 10
25 62 3 4
25 63 3 4
25 64 2 5
25 66 9 6
25 68 10 10
25 69 1 2
25 70 1 6
25 73 10 2
25 74 5 6
25 75 1 3
25 76 9 7
25 77 4 9
25 79 10 6
25 80 1 8
25 81 9 9
25 83 6 1
25 84 9 1
25 85 6 8
25 86 2 2
25 87 4 10
25 88 2 4
25 89 4 9
25 90 6 1
25 91 3 5
25 92 2 5
25 93 2 8
25 94 2 10
25 95 9 9
25 96 2 2
25 97 4 9
25 99 10 6
25 100 9 2
26 27 6 9
26 28 8 2
26 29 10 9
26 30 2 8
26 31 7 7
26 32 9 1
26 34 9 1
26 35 9 4
26 36 7 10
26 37 6 5
26 38 4 8
26 39 6 5
26 40 3 1
26 41 4 9
26 43 9 9
26 44 2 2
26 45 10 7
26 46 2 7
26 47 3 5
26 48 9 9
26 49 5 2
26 51 3 9
26 52 9 8
26 54 2 1
26 55 5 2
26 56 6 9
26 57 9 5
26 58 3 5
26 59 2 1
26 60 9 5
26 61 9 4
26 62 3 2
26 63 10 9
26 64 7 2
26 65 10 9
26 66 1 4
26 67 10 3
26 69 7 2
26 71 3 10
26 72 1 9
26 73 7 8
26 74 3 10
26 75 1 2
26 76 1 6
26 77 1 2
26 79 10 1
26 80 4 4
26 82 3 9
26 83 1 2
26 84 6 2
26 86 4 6
26 87 8 7
26 89 2 2
26 90 4 1
26 91 3 7
26 92 6 1
26 93 7 4
26 94 10 7
26 97 2 2
26 98 7 6
26 99 10 6
26 100 2 10
27 28 1 2
27 29 5 2
27 30 7 9
27 31 4 8
27 32 7 7
27 33 10 1
27 34 1 1
27 35 4 7
27 38 2 1
27 39 5 10
27 40 6 3
27 41 6 1
27 42 8 10
27 44 2 2
27 46 7 8
27 47 4 6
27 50 2 10
27 51 1 3
27 52 9 3
27 53 7 5
27 54 7 3
27 55 4 2
27 56 1 7
27 57 1 8
27 58 7 9
27 59 1 7
27 60 2 6
27 61 2 10
27 62 5 4
27 63 2 2
27 65 6 3
27 66 7 5
27 68 7 1
27 69 4 1
27 70 5 5
27 71 3 9
27 72 4 3
27 73 1 7
27 74 3 9
27 75 10 5
27 76 5 1
27 77 2 10
27 78 2 8
27 79 9 7
27 81 3 2
27 83 3 4
27 84 2 9
27 86 8 8
27 87 2 4
27 88 6 8
27 89 2 7
27 91 6 4
27 93 10 9
27 94 1 5
27 95 4 10
27 96 6 1
27 97 6 6
27 98 5 2
27 99 7 2
28 29 8 8
28 30 3 5
28 31 9 10
28 32 4 5
28 33 9 8
28 34 9 7
28 35 3 4
28 36 5 7
28 38 1 2
28 39 5 7
28 40 3 7
28 41 4 8
28 42 6 8
28 43 9 6
28 44 8 4
28 45 2 4
28 46 1 4
28 47 6 3
28 48 9 1
28 49 5 4
28 51 5 6
28 52 8 5
28 53 3 3
28 55 5 1
28 56 6 3
28 57 8 9
28 58 1 3
28 59 2 6
28 60 4 9
28 61 5 3
28 62 4 2
28 63 5 4
28 64 7 9
28 65 2 3
28 66 3 3
28 67 10 3
28 68 6 2
28 69 9 4
28 70 3 5
28 72 9 4
28 73 1 5
28 74 3 5
28 75 5 3
28 76 5 9
28 77 1 5
28 80 4 2
28 81 4 8
28 82 8 4
28 84 7 8
28 86 2 1
28 87 2 7
28 88 5 4
28 90 1 3
28 91 6 3
28 92 4 5
28 93 1 2
28 94 1 3
28 95 7 10
28 98 4 5
28 99 7 7
28 100 2 9
29 30 6 8
29 31 7 10
29 32 10 2
29 33 6 6
29 35 5 2
29 36 3 7
29 37 2 1
29 38 5 6
29 39 9 4
29 41 7 3
29 42 4 1
29 43 6 7
29 44 3 6
29 46 2 8
29 47 6 10
29 48 8 7
29 49 4 10
29 50 1 6
29 52 8 7
29 53 1 5
29 55 2 5
29 59 3 2
29 60 7 4
29 61 7 9
29 62 3 1
29 63 8 7
29 64 4 10
29 65 6 8
29 66 4 2
29 67 5 7
29 68 5 4
29 69 8 1
29 70 2 8
29 71 2 1
29 72 2 8
29 74 5 3
29 75 5 7
29 76 9 1
29 77 7 2
29 78 5 4
29 79 6 5
29 80 3 5
29 81 9 9
29 82 5 6
29 83 5 5
29 84 10 3
29 85 4 8
29 86 4 6
29 87 10 10
29 88 2 5
29 89 6 7
29 90 1 1
29 91 5 6
29 92 3 3
29 93 2 8
29 94 9 4
29 95 2 7
29 96 7 7
29 97 10 5
29 98 6 3
29 99 6 4
30 31 8 2
30 32 1 6
30 33 8 10
30 34 6 2
30 35 4 3
30 36 9 10
30 37 4 9
30 38 9 5
30 39 9 6
30 40 3 3
30 41 10 7
30 43 3 4
30 44 9 7
30 45 7 3
30 46 10 9
30 49 2 4
30 50 3 1
30 51 5 9
30 53 9 2
30 54 9 2
30 55 10 2
30 56 7 6
30 57 2 1
30 58 5 9
30 59 4 7
30 61 4 5
30 62 7 7
30 63 1 9
30 64 4 2
30 65 1 5
30 66 2 5
30 67 7 9
30 68 1 4
30 69 3 3
30 70 10 3
30 71 10 8
30 72 6 6
30 74 1 2
30 75 2 5
30 78 2 6
30 79 6 10
30 80 6 8
30 81 3 8
30 82 9 3
30 83 1 5
30 84 2 2
30 85 2 6
30 86 8 8
30 88 6 5
30 90 5 2
30 91 3 2
30 92 3 10
30 93 3 10
30 94 4 2
30 95 10 2
30 96 6 2
30 98 9 3
30 99 7 10
31 32 9 4
31 33 5 2
31 35 5 7
31 36 5 8
31 37 8 1
31 38 1 9
31 39 4 5
31 40 1 4
31 41 1 2
31 42 9 2
31 44 4 6
31 45 9 2
31 47 9 2
31 48 3 1
31 49 5 3
31 52 7 7
31 53 8 4
31 55 8 6
31 56 9 8
31 57 2 5
31 58 9 10
31 59 8 2
31 60 2 10
31 61 2 4
31 62 4 2
31 63 10 9
31 64 9 10
31 65 1 10
31 66 5 2
31 69 6 4
31 70 8 4
31 71 6 4
31 72 4 5
31 74 4 8
31 75 6 5
31 76 3 9
31 77 10 4
31 78 2 2
31 79 8 3
31 80 3 8
31 81 2 4
31 84 7 4
31 86 10 5
31 87 5 6
31 89 7 5
31 90 1 1
31 91 9 3
31 92 5 4
31 93 4 9
31 94 3 6
31 95 7 3
31 96 3 9
31 97 1 8
31 98 3 6
31 99 4 2
31 100 4 5
32 33 5 4
32 34 5 5
32 35 2 8
32 36 4 4
32 37 10 8
32 39 3 7
32 40 9 7
32 41 1 5
32 42 9 3
32 44 9 1
32 45 10 1
32 46 8 5
32 48 7 10
32 49 4 3
32 50 8 9
32 52 4 3
32 53 6 3
32 54 5 2
32 55 5 4
32 56 7 5
32 58 4 6
32 60 9 4
32 63 2 2
32 64 6 8
32 65 7 1
32 66 10 6
32 67 6 7
32 68 5 5
32 69 10 8
32 70 5 5
32 71 4 1
32 72 4 6
32 73 9 10
32 74 6 6
32 75 4 9
32 76 6 8
32 77 2 7
32 78 6 7
32 79 8 4
32 80 3 6
32 81 2 6
32 83 7 9
32 84 5 1
32 86 6 5
32 87 6 7
32 88 4 5
32 89 2 8
32 90 1 7
32 91 10 2
32 93 5 9
32 99 7 9
32 100 8 10
33 34 4 4
33 35 2 3
33 36 10 3
33 37 6 8
33 38 5 9
33 39 5 5
33 40 3 4
33 41 1 2
33 42 3 5
33 43 6 4
33 44 3 3
33 45 3 2
33 46 3 5
33 47 4 8
33 48 3 1
33 49 10 7
33 50 8 3
33 51 8 5
33 52 8 1
33 53 5 6
33 54 3 5
33 55 9 2
33 56 4 7
33 57 6 3
33 61 7 5
33 62 2 2
33 63 5 9
33 65 2 6
33 68 10 9
33 70 8 3
33 71 8 9
33 72 2 2
33 73 5 1
33 74 7 6
33 75 2 5
33 76 9 9
33 78 6 8
33 82 8 3
33 84 8 7
33 86 3 1
33 87 2 10
33 88 2 6
33 89 7 5
33 90 8 9
33 91 5 7
33 93 7 7
33 96 7 10
33 97 2 3
33 98 3 7
33 99 5 8
33 100 6 8
34 35 3 10
34 36 3 7
34 38 3 7
34 39 5 2
34 40 4 6
34 41 1 7
34 42 5 1
34 44 6 7
34 45 9 8
34 46 6 9
34 48 7 4
34 49 9 2
34 50 10 1
34 51 9 3
34 52 10 2
34 54 1 10
34 55 9 8
34 56 3 7
34 57 10 2
34 58 3 4
34 59 10 2
34 60 4 4
34 61 5 10
34 62 1 10
34 64 5 1
34 65 4 10
34 66 3 5
34 68 4 4
34 69 2 10
34 71 4 3
34 72 5 7
34 73 5 4
34 74 6 5
34 75 8 2
34 76 10 7
34 77 5 5
34 78 9 1
34 79 2 9
34 80 1 1
34 81 7 2
34 82 1 8
34 83 2 3
34 84 10 10
34 85 1 6
34 87 10 4
34 88 2 7
34 89 3 4
34 91 8 3
34 92 7 6
34 93 6 9
34 94 2 3
34 96 4 6
34 97 4 1
34 99 2 4
34 100 5 1
35 37 6 4
35 38 9 5
35 39 7 10
35 42 1 4
35 43 6 7
35 44 6 8
35 46 1 5
35 47 8 7
35 49 2 8
35 50 4 7
35 51 8 9
35 53 4 3
35 54 6 6
35 55 7 1
35 56 6 7
35 57 3 5
35 58 10 3
35 59 5 10
35 60 10 2
35 61 8 7
35 62 10 9
35 63 9 8
35 64 1 9
35 65 3 4
35 67 3 4
35 68 3 6
35 69 10 9
35 70 10 10
35 71 3 3
35 72 8 10
35 73 7 8
35 74 8 4
35 76 6 9
35 77 10 4
35 78 10 3
35 79 7 10
35 80 8 7
35 81 1 2
35 82 9 2
35 83 1 7
35 84 3 2
35 85 2 9
35 86 3 7
35 88 10 1
35 93 7 6
35 94 2 4
35 95 5 3
35 96 5 7
35 97 3 9
35 98 6 5
35 99 9 8
35 100 8 8
36 38 1 9
36 39 8 4
36 40 6 5
36 41 4 7
36 42 7 9
36 43 9 10
36 44 2 3
36 45 4 8
36 46 6 6
36 48 1 9
36 49 6 10
36 50 8 2
36 51 6 5
36 52 3 1
36 53 8 6
36 54 10 4
36 55 5 8
36 56 4 9
36 57 8 2
36 58 8 5
36 60 1 7
36 61 9 8
36 62 3 7
36 63 6 9
36 64 9 6
36 65 9 7
36 66 8 3
36 68 3 8
36 71 2 5
36 73 7 4
36 75 6 9
36 76 6 8
36 77 9 10
36 78 7 7
36 79 9 9
36 80 10 9
36 82 8 6
36 83 6 6
36 84 5 4
36 85 4 10
36 87 5 3
36 88 9 6
36 89 10 1
36 90 8 3
36 92 7 6
36 93 10 2
36 96 9 3
36 97 6 6
36 98 5 2
36 99 2 7
37 39 4 3
37 40 3 2
37 41 9 7
37 42 1 5
37 43 10 9
37 44 9 2
37 45 10 2
37 46 6 2
37 47 8 10
37 48 7 1
37 49 4 6
37 50 5 7
37 53 5 7
37 54 3 8
37 55 2 8
37 56 1 6
37 57 8 10
37 58 1 5
37 59 4 3
37 62 4 4
37 63 5 10
37 65 5 10
37 66 5 1
37 68 2 6
37 70 9 8
37 71 9 4
37 72 5 5
37 73 8 4
37 74 3 2
37 75 6 6
37 77 10 4
37 78 7 5
37 79 3 6
37 80 6 1
37 81 4 3
37 86 8 4
37 87 7 6
37 88 10 2
37 89 7 6
37 90 1 9
37 91 6 5
37 92 6 4
37 93 2 10
37 94 9 6
37 96 7 9
37 98 2 1
37 99 3 3
37 100 4 8
38 39 9 4
38 40 4 10
38 41 3 8
38 42 6 5
38 43 6 6
38 44 8 4
38 45 9 9
38 47 4 3
38 48 5 6
38 49 4 4
38 50 2 8
38 51 9 5
38 52 8 8
38 53 3 3
38 54 8 3
38 55 3 6
38 56 5 1
38 57 10 9
38 58 8 6
38 60 2 1
38 61 10 7
38 62 7 6
38 65 1 2
38 66 2 3
38 67 3 9
38 68 10 5
38 70 2 3
38 71 1 1
38 72 10 10
38 73 6 9
38 74 10 8
38 75 10 6
38 76 4 8
38 77 6 7
38 78 2 4
38 79 8 4
38 80 6 6
38 81 10 1
38 82 4 3
38 83 10 4
38 85 10 7
38 86 5 7
38 87 6 1
38 88 2 4
38 89 6 8
38 90 9 3
38 91 8 7
38 92 7 4
38 94 8 6
38 96 6 8
38 97 4 6
38 98 2 6
39 40 2 2
39 42 5 6
39 43 5 5
39 44 5 5
39 45 3 5
39 46 2 2
39 47 7 1
39 48 8 2
39 49 7 2
39 50 4 2
39 51 10 9
39 52 10 3
39 54 3 9
39 56 7 4
39 57 10 9
39 59 10 5
39 60 6 5
39 61 1 3
39 62 9 5
39 63 4 8
39 65 9 2
39 67 10 1
39 68 10 10
39 70 8 10
39 71 3 9
39 77 10 6
39 78 2 7
39 80 9 4
39 81 1 5
39 82 1 2
39 83 10 5
39 86 10 6
39 87 4 6
39 89 10 3
39 90 6 1
39 91 4 5
39 92 2 1
39 93 1 9
39 94 8 10
39 96 9 8
39 97 8 2
39 98 8 8
39 99 9 10
39 100 2 1
40 41 5 2
40 44 10 8
40 45 3 2
40 46 3 1
40 47 9 7
40 48 1 1
40 49 3 1
40 50 6 6
40 52 8 8
40 53 9 9
40 54 5 4
40 55 2 10
40 56 6 1
40 57 10 4
40 59 2 3
40 60 1 6
40 61 6 5
40 62 5 1
40 63 3 5
40 64 9 1
40 65 10 6
40 67 10 3
40 68 5 5
40 70 1 2
40 71 10 3
40 72 10 3
40 74 1 9
40 75 10 2
40 76 6 1
40 77 7 6
40 78 2 5
40 79 1 8
40 81 6 3
40 82 5 8
40 83 6 1
40 84 2 9
40 85 1 1
40 86 3 6
40 87 10 4
40 88 2 4
40 90 9 10
40 91 3 6
40 92 8 7
40 93 3 3
40 94 6 6
40 95 4 2
40 96 4 5
40 98 9 2
40 99 3 1
40 100 10 9
41 42 4 7
41 43 9 9
41 44 1 5
41 45 4 5
41 46 9 1
41 47 7 9
41 49 5 6
41 50 6 9
41 51 5 8
41 52 8 6
41 53 4 9
41 54 3 7
41 55 5 8
41 57 2 4
41 58 6 8
41 59 5 3
41 60 9 8
41 61 4 4
41 62 6 3
41 63 2 2
41 64 7 5
41 65 4 5
41 66 4 5
41 68 4 9
41 69 9 1
41 70 7 3
41 71 2 6
41 72 10 1
41 73 10 7
41 74 10 5
41 75 7 1
41 76 2 6
41 77 10 10
41 78 8 9
41 79 9 6
41 80 9 7
41 81 4 6
41 82 8 5
41 83 4 8
41 84 10 10
41 85 4 8
41 86 7 8
41 88 2 4
41 89 4 2
41 90 1 9
41 91 8 2
41 92 9 7
41 93 8 10
41 94 2 8
41 95 10 8
41 96 5 10
42 43 10 2
42 44 2 10
42 45 6 8
42 48 6 5
42 49 10 10
42 50 2 5
42 51 4 5
42 53 4 4
42 54 5 4
42 55 9 3
42 56 7 10
42 57 1 5
42 61 2 2
42 63 5 2
42 65 6 2
42 67 9 1
42 68 8 7
42 69 5 5
42 70 8 9
42 72 10 5
42 73 3 2
42 74 5 6
42 75 7 10
42 76 9 6
42 77 1 9
42 78 5 1
42 80 8 1
42 81 2 3
42 82 4 2
42 83 8 8
42 84 7 7
42 85 5 3
42 86 7 9
42 87 7 6
42 88 6 2
42 89 2 7
42 90 6 10
42 92 4 4
42 94 2 6
42 95 1 2
42 96 8 2
42 97 2 8
42 98 2 6
42 100 9 4
43 44 5 8
43 46 8 6
43 47 7 7
43 48 5 4
43 49 4 5
43 50 9 8
43 54 5 4
43 55 7 5
43 56 2 8
43 57 7 10
43 59 3 7
43 60 5 6
43 62 7 5
43 63 7 9
43 64 3 3
43 65 6 2
43 66 5 1
43 68 3 6
43 69 8 9
43 70 5 8
43 71 8 10
43 72 8 5
43 73 9 7
43 75 4 7
43 76 10 7
43 77 4 5
43 78 3 6
43 79 5 3
43 80 2 8
43 81 2 3
43 82 10 2
43 83 4 2
43 84 10 2
43 85 2 9
43 86 7 7
43 87 2 2
43 89 1 9
43 92 2 10
43 93 3 4
43 94 9 6
43 95 1 8
43 96 1 9
43 99 7 7
43 100 3 4
44 45 6 2
44 46 5 9
44 47 4 6
44 48 3 2
44 49 1 2
44 50 6 7
44 51 7 8
44 52 7 1
44 53 4 10
44 54 10 4
44 56 3 6
44 57 5 3
44 58 3 1
44 59 5 2
44 61 10 2
44 62 10 2
44 63 9 3
44 64 7 4
44 65 10 3
44 66 1 6
44 67 10 4
44 68 7 3
44 69 8 9
44 72 10 5
44 73 7 8
44 75 10 10
44 77 5 1
44 78 10 1
44 79 2 1
44 80 1 1
44 81 10 8
44 82 4 6
44 84 4 9
44 85 9 3
44 86 8 10
44 88 9 5
44 90 3 3
44 91 7 10
44 92 10 5
44 93 3 3
44 95 2 4
44 96 4 2
44 97 5 2
44 98 4 8
44 99 1 9
44 100 1 8
45 46 4 3
45 47 10 9
45 49 7 10
45 52 1 9
45 53 7 5
45 56 10 4
45 57 4 3
45 58 5 1
45 59 1 2
45 60 3 9
45 61 1 10
45 64 9 4
45 66 5 10
45 67 3 1
45 68 3 8
45 69 1 1
45 70 7 7
45 71 2 3
45 72 10 2
45 73 4 5
45 74 9 8
45 75 7 5
45 76 9 9
45 77 4 4
45 78 8 5
45 79 4 2
45 80 4 4
45 82 8 3
45 83 8 5
45 84 2 10
45 85 6 2
45 86 4 4
45 87 5 6
45 89 8 9
45 90 8 7
45 91 8 10
45 93 2 4
45 94 6 8
45 95 1 5
45 96 7 6
45 97 6 5
45 98 1 8
45 99 7 8
45 100 8 5
46 48 4 1
46 49 9 10
46 51 2 7
46 52 1 1
46 54 8 10
46 55 6 6
46 56 4 10
46 57 7 8
46 58 8 3
46 59 1 6
46 60 6 9
46 61 5 5
46 62 4 4
46 63 1 8
46 64 4 4
46 65 5 2
46 66 9 5
46 68 2 9
46 69 8 8
46 70 8 10
46 71 4 6
46 73 7 5
46 74 8 9
46 75 5 5
46 76 6 2
46 77 3 5
46 78 2 2
46 79 5 3
46 80 2 10
46 81 5 7
46 82 1 2
46 84 9 4
46 85 10 10
46 87 9 1
46 88 3 3
46 89 7 6
46 90 8 3
46 91 4 4
46 92 9 8
46 94 10 1
46 95 10 3
46 97 1 5
46 98 7 3
46 99 5 7
46 100 3 6
47 48 1 7
47 49 7 9
47 50 4 3
47 51 1 9
47 52 10 3
47 53 1 5
47 55 4 10
47 56 7 1
47 57 6 6
47 58 2 10
47 59 2 10
47 60 5 10
47 61 5 8
47 62 3 6
47 64 2 5
47 65 6 4
47 66 1 7
47 68 3 3
47 70 9 5
47 71 2 10
47 72 8 4
47 73 8 7
47 74 5 2
47 75 1 8
47 76 3 8
47 77 3 4
47 78 1 5
47 80 5 5
47 81 5 4
47 82 1 7
47 83 9 6
47 85 2 8
47 87 7 5
47 88 8 7
47 89 9 9
47 90 3 9
47 91 7 10
47 92 8 6
47 93 1 5
47 94 1 3
47 95 8 5
47 96 1 9
47 97 8 4
47 98 2 1
47 99 7 4
48 49 6 1
48 50 1 8
48 51 6 8
48 52 6 8
48 53 5 8
48 54 8 5
48 55 1 1
48 56 2 3
48 57 10 5
48 58 5 5
48 59 1 4
48 62 2 3
48 63 2 1
48 64 7 3
48 65 6 6
48 66 6 3
48 67 6 3
48 68 10 3
48 69 10 7
48 70 7 3
48 71 7 3
48 73 2 4
48 74 2 10
48 75 10 5
48 77 6 8
48 78 3 1
48 79 1 1
48 80 4 6
48 81 4 9
48 82 9 6
48 83 4 3
48 84 10 8
48 86 5 10
48 88 3 9
48 89 5 3
48 90 3 4
48 91 3 4
48 92 8 4
48 93 7 6
48 94 8 9
48 95 6 7
48 96 2 5
48 98 10 3
48 99 5 2
48 100 6 10
49 51 1 8
49 52 2 2
49 53 2 9
49 55 8 4
49 56 8 10
49 57 8 8
49 58 1 2
49 59 5 4
49 60 8 6
49 61 2 5
49 63 4 8
49 64 10 2
49 66 6 8
49 70 2 2
49 71 4 7
49 73 7 9
49 74 10 6
49 75 3 6
49 76 7 7
49 77 10 2
49 78 7 3
49 79 1 8
49 80 2 5
49 82 7 1
49 83 4 2
49 84 4 4
49 86 3 2
49 88 1 9
49 89 10 9
49 91 8 9
49 92 7 2
49 93 4 9
49 94 6 10
49 95 4 1
49 96 8 9
49 97 6 7
49 98 5 5
49 100 9 6
50 51 8 2
50 52 1 8
50 53 3 4
50 54 4 8
50 55 4 9
50 57 7 6
50 58 3 3
50 59 5 7
50 60 3 4
50 61 4 2
50 62 7 9
50 66 8 8
50 69 3 8
50 70 8 10
50 72 5 7
50 74 10 3
50 76 3 1
50 77 1 10
50 78 3 1
50 80 3 7
50 81 2 7
50 82 9 3
50 83 3 2
50 84 4 9
50 85 1 4
50 87 5 10
50 88 9 3
50 89 1 8
50 90 6 9
50 91 3 10
50 93 10 3
50 94 8 2
50 95 4 9
50 96 4 3
50 97 8 2
50 98 4 8
50 100 8 7
51 52 3 3
51 53 8 3
51 54 10 1
51 55 3 2
51 56 1 6
51 57 5 9
51 59 5 4
51 60 1 4
51 62 4 6
51 64 1 2
51 65 9 7
51 67 5 1
51 68 3 5
51 69 4 7
51 70 4 6
51 71 10 9
51 72 9 3
51 73 7 8
51 74 8 7
51 75 5 10
51 76 8 1
51 78 10 9
51 79 8 3
51 80 1 1
51 81 1 9
51 82 10 4
51 83 10 4
51 84 2 5
51 85 2 1
51 86 1 5
51 87 2 2
51 88 6 1
51 91 8 1
51 92 7 7
51 94 7 7
51 95 5 9
51 96 7 10
51 97 1 1
51 99 10 2
51 100 7 9
52 54 7 2
52 55 1 2
52 56 3 7
52 58 7 2
52 59 9 8
52 60 6 4
52 61 4 8
52 62 6 4
52 64 9 1
52 65 1 10
52 67 1 5
52 68 5 3
52 69 6 5
52 70 4 1
52 71 7 8
52 73 5 10
52 74 5 10
52 75 10 3
52 76 3 10
52 77 1 3
52 78 4 10
52 80 5 9
52 81 4 4
52 82 9 7
52 83 9 9
52 85 5 8
52 87 5 10
52 88 2 4
52 89 5 10
52 90 9 3
52 91 1 7
52 92 6 8
52 93 8 5
52 94 7 2
52 95 10 1
52 96 5 2
52 97 9 9
52 98 9 3
52 99 2 8
52 100 2 6
53 54 2 4
53 56 9 3
53 57 3 3
53 58 6 7
53 59 1 7
53 60 5 7
53 62 2 5
53 63 5 10
53 64 8 5
53 65 9 6
53 66 4 8
53 67 9 7
53 70 1 3
53 71 7 7
53 72 8 10
53 73 2 9
53 74 10 8
53 75 4 8
53 76 8 8
53 79 8 4
53 80 10 1
53 81 1 2
53 82 6 3
53 84 3 3
53 85 1 2
53 86 10 10
53 87 7 8
53 89 2 9
53 91 6 4
53 92 7 7
53 94 7 2
53 95 6 4
53 96 3 10
53 97 6 5
53 98 9 3
53 99 1 8
53 100 8 10
54 55 3 5
54 57 5 8
54 58 4 1
54 59 7 3
54 60 2 7
54 61 3 4
54 62 6 8
54 63 6 10
54 64 8 7
54 65 7 4
54 66 6 8
54 67 6 9
54 68 4 1
54 69 4 3
54 70 8 6
54 71 6 6
54 72 9 7
54 73 4 3
54 75 9 1
54 76 6 6
54 78 1 9
54 79 4 6
54 80 3 4
54 81 10 9
54 83 2 6
54 84 8 8
54 85 7 9
54 86 10 6
54 87 10 7
54 89 10 1
54 91 3 8
54 92 10 10
54 93 6 5
54 94 8 10
54 95 6 4
54 96 2 8
54 97 7 7
54 98 8 7
54 99 3 1
54 100 8 8
55 56 2 6
55 58 6 4
55 60 2 2
55 61 9 4
55 62 8 3
55 64 9 7
55 65 4 7
55 66 7 5
55 68 4 5
55 69 9 5
55 70 3 8
55 71 9 4
55 72 3 1
55 73 5 6
55 74 1 8
55 76 6 5
55 77 9 2
55 78 9 2
55 81 10 4
55 82 1 7
55 83 10 5
55 84 3 1
55 85 1 10
55 86 4 3
55 87 6 2
55 88 9 8
55 90 2 1
55 91 5 3
55 92 6 8
55 93 3 6
55 95 2 3
55 96 4 6
55 97 1 7
55 98 9 2
55 99 8 10
55 100 4 3
56 57 7 8
56 58 4 6
56 60 1 4
56 61 7 5
56 62 5 4
56 63 2 3
56 64 8 8
56 65 9 8
56 66 3 7
56 67 6 2
56 68 4 9
56 70 10 9
56 72 2 2
56 74 10 7
56 75 5 2
56 76 4 5
56 77 7 6
56 79 7 4
56 81 5 6
56 82 9 3
56 83 1 5
56 84 5 7
56 85 4 4
56 86 8 3
56 87 8 8
56 88 10 10
56 89 2 8
56 90 3 7
56 92 9 3
56 94 10 7
56 95 6 8
56 96 2 3
56 97 10 4
56 98 5 3
56 99 9 1
56 100 7 4
57 59 2 1
57 60 7 8
57 63 1 2
57 64 7 2
57 65 1 5
57 67 8 4
57 69 7 6
57 70 6 4
57 71 2 4
57 72 7 4
57 73 4 4
57 74 4 6
57 76 9 9
57 77 4 7
57 78 9 1
57 79 10 5
57 80 10 2
57 81 2 2
57 82 6 4
57 83 5 2
57 84 10 3
57 85 2 1
57 86 6 9
57 87 7 5
57 88 7 2
57 89 7 6
57 90 8 9
57 91 3 9
57 92 3 6
57 93 7 5
57 94 9 4
57 95 5 4
57 96 1 6
57 98 4 2
57 99 2 6
58 59 8 7
58 61 2 5
58 63 9 2
58 66 3 9
58 68 8 10
58 69 8 9
58 70 6 8
58 72 1 7
58 75 3 9
58 76 2 5
58 77 8 3
58 78 8 2
58 79 2 7
58 81 8 9
58 82 9 6
58 83 4 2
58 85 8 7
58 86 4 4
58 87 3 7
58 89 2 10
58 90 6 7
58 92 6 3
58 94 1 1
58 95 2 1
58 96 5 1
58 97 6 5
58 98 9 8
58 99 9 10
59 60 2 8
59 61 3 9
59 63 4 7
59 64 8 8
59 67 2 7
59 70 4 1
59 71 9 6
59 72 7 4
59 73 6 9
59 74 6 1
59 75 8 4
59 76 5 8
59 77 7 9
59 79 10 10
59 80 8 7
59 81 5 5
59 82 10 5
59 84 1 4
59 85 4 1
59 87 4 3
59 89 9 10
59 90 2 7
59 92 9 9
59 93 10 9
59 95 9 7
59 96 10 10
59 97 8 8
59 98 1 4
59 100 1 3
60 63 7 1
60 64 3 6
60 65 9 10
60 66 10 1
60 67 4 2
60 69 8 9
60 71 5 10
60 72 9 1
60 73 7 4
60 74 2 1
60 75 7 7
60 76 6 4
60 77 5 2
60 78 2 5
60 79 10 2
60 80 8 4
60 83 9 4
60 84 4 3
60 85 1 7
60 86 5 3
60 87 3 9
60 88 8 5
60 91 4 9
60 93 5 3
60 94 8 5
60 95 3 7
60 96 5 1
60 97 10 6
60 98 8 9
60 100 9 1
61 63 6 9
61 64 7 8
61 65 4 6
61 66 8 10
61 67 1 9
61 68 3 8
61 71 9 6
61 72 10 9
61 73 1 2
61 74 4 1
61 75 5 2
61 76 5 9
61 77 4 2
61 79 2 4
61 80 1 10
61 81 5 1
61 82 9 6
61 83 6 4
61 84 3 10
61 85 6 5
61 86 6 8
61 87 9 1
61 88 7 9
61 89 5 7
61 90 7 2
61 91 7 3
61 92 5 5
61 93 1 7
61 94 10 2
61 95 8 9
61 96 3 8
61 97 8 9
61 98 2 9
61 99 3 6
61 100 3 2
62 63 5 2
62 64 10 9
62 65 7 7
62 66 6 4
62 67 5 2
62 68 1 1
62 69 10 6
62 71 10 3
62 72 3 3
62 73 9 3
62 74 5 1
62 75 9 1
62 76 1 4
62 77 1 2
62 78 3 1
62 80 2 6
62 81 9 9
62 82 5 5
62 83 9 5
62 84 3 7
62 85 1 10
62 86 3 4
62 87 5 3
62 88 2 3
62 89 6 2
62 91 4 6
62 92 3 2
62 93 6 6
62 94 9 3
62 95 8 7
62 96 3 7
62 97 4 10
62 98 3 5
62 99 10 7
62 100 3 6
63 64 6 2
63 65 8 4
63 66 3 2
63 67 3 10
63 68 5 9
63 69 8 8
63 71 7 9
63 72 4 7
63 75 1 8
63 76 4 10
63 78 6 7
63 79 6 4
63 80 1 2
63 81 10 6
63 82 4 8
63 83 5 2
63 84 7 9
63 86 3 8
63 87 2 7
63 88 3 8
63 89 2 6
63 90 1 4
63 91 1 10
63 94 2 5
63 95 9 7
63 96 4 3
63 98 3 8
63 99 10 1
63 100 8 7
64 65 2 3
64 66 5 5
64 67 3 9
64 68 6 10
64 69 5 3
64 70 1 5
64 71 4 3
64 72 4 7
64 73 4 7
64 74 9 5
64 75 2 5
64 76 3 3
64 77 5 8
64 78 10 5
64 79 6 10
64 80 9 10
64 81 6 8
64 83 2 2
64 84 6 10
64 85 3 7
64 86 7 10
64 88 7 7
64 91 10 3
64 92 9 1
64 93 3 7
64 94 6 8
64 96 8 9
64 97 6 5
64 98 4 3
64 99 10 1
64 100 3 6
65 66 1 8
65 67 4 7
65 68 10 6
65 70 10 10
65 71 2 1
65 72 9 2
65 74 8 2
65 75 9 7
65 77 5 10
65 78 6 10
65 79 10 9
65 81 3 7
65 82 8 4
65 83 10 7
65 84 7 1
65 85 6 4
65 86 7 6
65 87 2 7
65 88 2 2
65 89 6 1
65 91 1 9
65 92 4 9
65 93 9 3
65 94 6 6
65 99 3 8
65 100 9 3
66 67 8 10
66 68 10 1
66 69 6 2
66 70 2 3
66 71 2 1
66 72 7 5
66 73 9 4
66 74 9 1
66 75 8 7
66 77 3 10
66 78 10 5
66 80 5 7
66 81 4 3
66 82 9 2
66 83 4 8
66 84 4 4
66 85 6 3
66 86 4 10
66 87 8 4
66 88 9 4
66 89 4 4
66 90 6 5
66 91 9 8
66 92 3 4
66 93 10 10
66 94 6 7
66 96 1 3
66 97 9 8
66 98 1 2
66 99 6 1
67 68 7 1
67 69 4 4
67 70 8 2
67 71 9 10
67 72 4 3
67 73 7 10
67 74 4 3
67 75 5 2
67 76 3 10
67 77 6 5
67 78 10 9
67 79 8 8
67 80 5 7
67 81 4 4
67 82 9 5
67 83 1 7
67 84 3 1
67 86 2 9
67 88 5 4
67 89 1 7
67 90 8 2
67 91 4 5
67 92 3 10
67 93 9 8
67 95 1 5
67 96 10 6
67 97 9 9
67 98 3 6
67 100 9 2
68 69 5 9
68 70 3 9
68 72 5 7
68 73 8 5
68 74 3 5
68 75 9 7
68 76 2 7
68 77 1 8
68 78 9 1
68 80 5 8
68 82 9 10
68 83 8 1
68 85 10 9
68 86 6 3
68 88 6 7
68 89 2 8
68 90 8 2
68 93 9 7
68 94 6 4
68 95 6 1
68 96 3 3
68 97 9 7
68 98 7 6
68 99 3 8
69 70 3 4
69 71 10 3
69 72 6 6
69 74 10 7
69 75 9 9
69 76 10 3
69 77 5 6
69 79 2 2
69 80 1 1
69 81 10 6
69 82 6 10
69 83 3 8
69 85 8 5
69 86 10 2
69 87 6 4
69 88 1 10
69 89 4 9
69 91 2 5
69 94 2 8
69 95 5 4
69 96 5 2
69 97 7 6
69 98 5 3
69 99 3 10
70 71 1 1
70 72 5 5
70 74 8 9
70 77 10 6
70 79 8 5
70 81 6 3
70 82 6 2
70 83 9 3
70 84 8 5
70 87 8 10
70 92 1 8
70 93 8 4
70 94 7 1
70 95 2 4
70 96 7 8
70 97 9 9
70 98 1 9
70 100 6 9
71 73 1 1
71 74 8 4
71 75 9 1
71 76 4 4
71 77 9 10
71 78 4 7
71 79 2 1
71 80 5 1
71 81 5 8
71 82 9 10
71 83 1 3
71 84 7 9
71 85 9 5
71 86 1 8
71 87 8 3
71 88 6 1
71 89 5 4
71 91 9 2
71 92 7 5
71 94 1 10
71 95 1 7
71 96 3 5
71 98 3 7
71 99 9 6
71 100 10 1
72 73 1 10
72 74 5 8
72 75 5 4
72 76 2 1
72 78 10 5
72 80 9 2
72 81 4 2
72 82 8 4
72 83 3 5
72 84 8 10
72 85 2 7
72 86 5 5
72 87 1 1
72 88 8 5
72 89 4 10
72 90 8 10
72 91 4 7
72 93 2 7
72 94 7 10
72 97 9 1
72 98 7 1
72 100 10 2
73 74 8 3
73 76 6 1
73 77 4 10
73 79 8 9
73 81 1 5
73 82 7 3
73 83 10 3
73 84 2 5
73 86 7 4
73 87 4 8
73 88 5 6
73 89 3 8
73 90 3 9
73 91 4 7
73 93 2 9
73 94 8 9
73 95 5 5
73 96 1 2
73 97 3 7
73 98 4 7
73 100 2 10
74 75 4 7
74 76 5 7
74 77 2 3
74 78 2 7
74 79 8 8
74 80 9 4
74 81 1 8
74 82 5 10
74 84 8 8
74 85 3 8
74 86 1 4
74 87 4 7
74 88 7 3
74 89 2 4
74 90 6 3
74 92 8 3
74 93 4 4
74 94 7 5
74 95 6 9
74 97 5 5
74 98 1 9
74 99 9 3
74 100 1 5
75 76 5 8
75 77 5 7
75 78 7 3
75 79 6 4
75 80 4 2
75 81 10 1
75 82 5 1
75 83 1 7
75 84 6 4
75 85 7 3
75 86 7 9
75 87 3 4
75 88 4 9
75 89 2 10
75 90 9 1
75 91 2 8
75 93 2 8
75 94 6 8
75 95 2 9
75 96 2 7
75 97 8 7
75 98 2 7
75 99 9 6
75 100 5 9
76 77 9 2
76 78 9 7
76 79 6 2
76 81 1 9
76 82 7 3
76 83 5 7
76 85 2 10
76 87 1 10
76 89 3 7
76 90 2 1
76 92 10 10
76 93 3 7
76 94 5 8
76 95 1 3
76 97 5 1
76 98 1 5
76 99 8 1
76 100 7 9
77 79 7 9
77 80 9 7
77 81 4 8
77 82 2 1
77 83 8 7
77 85 10 1
77 88 5 8
77 89 8 8
77 90 5 4
77 92 10 3
77 93 2 9
77 94 4 4
77 95 7 6
77 96 10 10
77 97 2 6
77 99 8 2
77 100 10 2
78 79 5 2
78 80 10 8
78 81 10 5
78 82 6 10
78 83 3 9
78 84 5 5
78 85 3 3
78 86 9 3
78 87 2 2
78 88 9 6
78 89 3 8
78 90 2 9
78 92 7 5
78 93 3 9
78 94 6 8
78 95 1 7
78 96 6 7
78 98 6 2
78 99 1 7
78 100 5 2
79 80 5 1
79 81 5 10
79 83 10 4
79 84 8 8
79 85 3 3
79 86 7 7
79 87 7 2
79 88 8 8
79 89 4 7
79 90 4 9
79 92 4 3
79 93 4 9
79 94 7 6
79 97 10 8
79 98 2 4
79 99 10 7
80 81 4 2
80 82 6 4
80 83 6 9
80 84 10 3
80 85 5 5
80 87 8 3
80 88 9 4
80 90 10 5
80 91 1 3
80 92 6 1
80 93 10 3
80 94 6 7
80 96 10 5
80 97 3 10
80 99 2 10
80 100 2 10
81 82 10 3
81 83 9 6
81 85 6 10
81 86 2 10
81 87 5 10
81 89 2 6
81 90 3 3
81 91 5 6
81 92 2 2
81 93 7 5
81 94 7 9
81 97 4 10
81 100 10 3
82 84 6 8
82 85 1 5
82 86 2 9
82 87 6 1
82 88 1 10
82 89 7 9
82 90 6 1
82 91 9 1
82 92 10 10
82 93 3 5
82 94 7 4
82 96 4 8
82 97 7 1
82 98 5 6
82 99 2 2
82 100 5 6
83 84 1 2
83 87 5 8
83 88 2 6
83 90 6 8
83 92 5 4
83 93 1 5
83 94 9 10
83 95 6 6
83 96 1 3
83 97 1 6
83 98 9 6
83 99 7 6
84 85 9 9
84 86 7 6
84 88 10 10
84 89 5 4
84 90 8 1
84 91 1 7
84 92 1 5
84 95 10 1
84 97 2 8
84 98 6 5
84 100 1 9
85 86 9 9
85 87 3 8
85 88 6 3
85 89 7 4
85 90 4 4
85 91 4 6
85 92 8 1
85 93 9 3
85 94 6 6
85 95 6 3
85 96 8 6
85 98 1 9
85 99 1 5
85 100 4 3
86 87 2 9
86 90 10 9
86 91 6 6
86 92 7 5
86 93 4 6
86 94 8 7
86 95 8 3
86 96 6 5
86 97 3 2
86 98 1 4
86 99 6 3
86 100 1 6
87 88 5 9
87 89 2 5
87 90 10 7
87 91 7 8
87 93 8 4
87 94 2 8
87 95 4 2
87 96 2 4
87 98 4 9
87 100 4 2
88 89 10 5
88 90 9 9
88 91 5 7
88 92 9 2
88 93 9 1
88 94 5 4
88 96 5 3
88 97 3 6
88 98 9 10
88 99 5 3
88 100 2 1
89 90 10 10
89 91 2 1
89 92 8 8
89 93 9 10
89 94 3 3
89 97 8 4
90 91 7 7
90 93 2 6
90 94 7 2
90 95 9 7
90 96 4 6
90 97 4 6
90 99 7 3
90 100 7 2
91 92 8 5
91 93 7 1
91 94 2 4
91 95 4 8
91 97 3 6
91 98 3 6
91 99 6 9
92 93 3 5
92 94 5 9
92 95 7 4
92 96 10 10
92 98 10 10
92 99 4 10
92 100 8 6
93 94 5 4
93 96 4 4
93 98 10 7
93 99 4 10
94 95 5 2
94 96 4 6
94 98 5 10
94 99 3 1
94 100 4 7
95 96 7 8
95 97 3 7
95 98 3 2
95 99 4 10
95 100 1 2
96 98 6 1
96 99 10 7
96 100 6 8
97 98 6 5
97 99 7 1
97 100 3 2
98 99 5 7
98 100 1 4
99 100 6 9
1
1 2 3 4 5 6 7 8 9 10 11 12 13 14 15 16 17 18 19 20 21 22 23 24 25 26 27 28 29 30 31 32 33 34 35 36 37 38 39 40 41 42 43 44 45 46 47 48 49 50
