3981
1 2 6 2
1 3 9 9
1 4 2 5
1 5 2 9
1 6 2 9
1 8 4 3
1 10 7 1
1 11 6 6
1 12 3 1
1 13 8 1
1 14 9 6
1 15 10 8
1 16 3 1
1 18 9 4
1 19 4 5
1 21 10 1
1 22 6 2
1 23 6 7
1 24 10 7
1 25 7 1
1 26 7 6
1 27 10 4
1 28 5 8
1 30 5 4
1 31 4 5
1 32 5 9
1 33 9 10
1 34 2 2
1 35 6 8
1 36 2 2
1 37 2 1
1 38 9 4
1 39 10 9
1 40 8 4
1 41 7 5
1 42 3 4
1 43 8 2
1 44 10 5
1 45 7 8
1 46 4 6
1 47 10 1
1 48 10 1
1 50 10 5
1 51 3 1
1 52 4 3
1 56 9 9
1 58 2 8
1 59 4 3
1 60 9 5
1 61 8 1
1 62 2 4
1 63 8 1
1 64 6 3
1 65 9 1
1 66 9 3
1 69 10 9
1 70 5 7
1 71 6 2
1 72 7 1
1 73 5 6
1 75 4 8
1 76 8 1
1 77 4 2
1 78 6 9
1 79 10 2
1 80 7 4
1 81 5 4
1 82 9 3
1 83 7 1
1 85 6 10
1 86 3 10
1 87 3 3
1 89 9 4
1 90 9 8
1 91 5 5
1 92 4 5
1 93 5 7
1 94 6 4
1 97 2 5
1 98 5 10
1 99 6 7
1 100 3 4
2 3 6 5
2 4 7 4
2 5 1 3
2 6 7 10
2 8 8 5
2 9 8 1
2 12 9 3
2 13 6 8
2 14 9 6
2 15 9 8
2 17 5 5
2 18 7 2
2 20 5 6
2 21 6 6
2 22 6 1
2 23 3 2
2 24 3 6
2 25 5 10
2 26 10 2
2 27 3 9
2 28 3 10
2 30 4 2
2 31 3 1
2 33 7 4
2 35 9 2
2 36 4 8
2 37 10 5
2 38 1 1
2 39 5 3
2 40 1 9
2 41 9 4
2 42 7 10
2 43 3 6
2 44 8 2
2 45 3 2
2 46 5 6
2 47 5 10
2 48 10 2
2 49 4 10
2 50 1 1
2 51 6 4
2 52 10 1
2 53 4 7
2 54 1 5
2 55 1 1
2 56 3 4
2 57 3 6
2 59 9 3
2 61 1 2
2 62 1 4
2 64 1 8
2 65 2 8
2 66 1 3
2 67 5 1
2 68 7 2
2 69 7 6
2 70 8 1
2 71 6 4
2 73 3 3
2 74 10 4
2 75 10 3
2 77 1 2
2 78 1 10
2 79 2 6
2 81 7 1
2 82 2 5
2 83 7 7
2 84 9 2
2 85 8 4
2 87 3 8
2 89 3 4
2 90 5 9
2 92 1 10
2 93 2 1
2 95 4 2
2 96 7 6
2 97 10 10
2 98 6 3
2 99 10 8
2 100 4 2
3 4 1 7
3 5 5 1
3 6 2 3
3 7 6 7
3 8 10 9
3 9 6 4
3 11 9 3
3 12 5 7
3 14 5 1
3 15 4 2
3 16 5 6
3 17 2 8
3 18 10 4
3 19 9 8
3 21 9 8
3 22 2 1
3 23 9 7
3 24 7 6
3 25 5 4
3 26 10 10
3 27 6 6
3 28 2 4
3 29 1 4
3 30 9 10
3 31 8 4
3 32 1 8
3 33 10 3
3 34 8 3
3 36 5 10
3 39 2 7
3 40 2 8
3 43 7 8
3 44 3 1
3 45 4 10
3 46 1 3
3 47 8 7
3 48 2 1
3 49 10 10
3 50 5 9
3 51 3 4
3 54 10 7
3 56 1 10
3 57 3 6
3 58 2 6
3 59 7 9
3 61 9 7
3 62 4 6
3 63 4 7
3 64 1 1
3 65 7 8
3 66 9 8
3 67 8 2
3 68 5 6
3 69 3 8
3 70 7 10
3 73 8 1
3 74 10 10
3 75 1 10
3 76 3 3
3 77 8 7
3 79 9 2
3 80 1 1
3 81 9 9
3 82 8 2
3 83 5 2
3 84 6 10
3 86 4 5
3 87 7 3
3 88 3 4
3 89 3 7
3 90 8 8
3 91 8 2
3 92 1 6
3 93 3 6
3 97 6 8
3 98 7 1
3 99 9 9
3 100 4 5
4 5 8 2
4 6 7 7
4 8 9 3
4 9 8 9
4 10 3 2
4 11 1 3
4 12 6 1
4 13 1 3
4 14 8 10
4 15 1 8
4 16 4 7
4 17 4 3
4 19 3 2
4 20 8 8
4 21 2 1
4 22 1 6
4 23 4 8
4 24 9 8
4 27 2 4
4 29 3 2
4 30 1 5
4 31 1 1
4 33 3 5
4 34 7 10
4 35 10 2
4 38 10 3
4 39 5 8
4 40 5 7
4 41 2 8
4 42 9 10
4 43 8 7
4 44 9 9
4 45 7 8
4 46 1 7
4 47 4 4
4 48 4 5
4 49 7 1
4 51 9 8
4 52 8 5
4 53 2 2
4 54 4 8
4 55 9 7
4 56 10 5
4 57 10 8
4 58 3 2
4 59 6 4
4 60 6 4
4 61 6 4
4 62 5 3
4 64 1 3
4 65 8 6
4 66 1 8
4 68 2 1
4 70 9 5
4 71 2 6
4 72 9 8
4 73 2 2
4 74 9 4
4 75 10 9
4 76 5 5
4 78 1 1
4 79 3 1
4 81 8 4
4 82 3 3
4 83 4 4
4 85 5 1
4 86 1 6
4 87 1 1
4 88 6 5
4 89 1 4
4 90 8 10
4 91 4 9
4 92 2 4
4 93 2 1
4 94 10 6
4 95 6 5
4 96 4 9
4 97 4 9
4 98 8 4
4 99 2 10
4 100 6 9
5 6 9 3
5 7 8 5
5 10 8 6
5 11 7 6
5 12 3 10
5 13 4 2
5 14 9 10
5 16 5 2
5 17 2 8
5 18 5 7
5 19 4 10
5 20 6 5
5 21 5 6
5 22 2 6
5 23 2 2
5 24 10 4
5 25 3 3
5 26 4 2
5 27 5 8
5 28 8 2
5 29 9 10
5 30 8 5
5 31 7 3
5 32 1 8
5 33 9 2
5 34 6 8
5 35 5 7
5 36 2 6
5 38 2 3
5 39 10 1
5 40 8 10
5 41 8 4
5 42 7 1
5 43 4 6
5 45 10 4
5 46 10 1
5 47 7 2
5 48 4 4
5 49 1 4
5 50 8 6
5 51 6 2
5 52 1 5
5 53 1 2
5 54 2 9
5 55 4 5
5 56 3 7
5 59 8 10
5 60 9 8
5 61 2 8
5 62 6 10
5 63 10 8
5 64 6 3
5 65 7 8
5 66 5 1
5 67 7 2
5 68 7 8
5 70 7 7
5 71 4 4
5 72 6 9
5 73 4 10
5 74 10 8
5 75 6 1
5 76 1 7
5 77 3 7
5 78 2 5
5 79 2 1
5 80 5 7
5 81 3 1
5 82 5 1
5 83 1 10
5 85 7 2
5 88 2 4
5 89 8 8
5 90 3 5
5 91 6 3
5 92 10 6
5 93 1 10
5 94 4 10
5 95 9 7
5 96 6 4
5 97 5 9
5 99 4 4
6 7 8 8
6 8 2 9
6 9 6 4
6 11 3 3
6 13 6 10
6 15 5 5
6 17 6 2
6 18 8 6
6 20 3 4
6 21 9 2
6 22 1 1
6 23 9 9
6 24 7 3
6 25 2 5
6 26 9 2
6 27 10 1
6 28 8 2
6 29 10 5
6 30 7 2
6 31 6 8
6 34 4 7
6 35 10 7
6 37 2 5
6 38 1 1
6 39 2 5
6 40 9 5
6 41 10 4
6 42 7 6
6 43 4 8
6 44 1 4
6 46 2 3
6 51 5 10
6 52 8 5
6 53 1 1
6 55 2 2
6 56 10 6
6 57 4 2
6 58 10 7
6 59 2 6
6 60 2 5
6 61 2 5
6 62 5 8
6 63 6 9
6 64 9 1
6 66 1 7
6 67 3 6
6 68 2 9
6 69 10 7
6 70 5 4
6 71 1 1
6 72 5 4
6 73 4 1
6 74 7 6
6 75 9 10
6 77 1 3
6 78 2 7
6 80 7 1
6 83 10 10
6 84 5 7
6 85 10 9
6 86 2 4
6 87 2 1
6 89 6 10
6 90 2 7
6 92 4 6
6 94 1 9
6 95 7 2
6 97 1 5
6 98 3 2
6 99 3 10
6 100 1 5
7 8 2 7
7 9 8 9
7 10 2 3
7 11 1 4
7 12 4 4
7 13 3 1
7 14 3 7
7 15 5 10
7 16 1 10
7 17 5 7
7 19 6 7
7 20 6 5
7 21 10 4
7 22 1 6
7 23 6 6
7 24 1 7
7 25 4 5
7 26 2 9
7 27 8 2
7 28 1 2
7 29 2 1
7 30 5 6
7 31 7 1
7 32 7 6
7 33 3 5
7 35 7 4
7 36 2 2
7 38 9 4
7 39 3 4
7 40 8 5
7 41 8 1
7 42 7 10
7 43 10 5
7 45 5 10
7 47 4 8
7 48 10 10
7 49 2 6
7 50 2 8
7 51 2 3
7 52 3 3
7 55 8 4
7 57 9 3
7 58 5 7
7 59 4 4
7 60 4 10
7 61 2 7
7 63 2 5
7 65 6 7
7 66 8 7
7 67 4 7
7 68 9 7
7 69 6 8
7 70 4 6
7 71 3 7
7 73 6 9
7 74 3 7
7 76 6 5
7 77 10 7
7 79 3 3
7 81 2 9
7 83 4 5
7 85 2 7
7 86 5 4
7 87 8 1
7 88 3 5
7 90 5 3
7 91 3 6
7 92 1 9
7 93 9 6
7 95 5 3
7 96 8 3
7 97 9 4
7 98 3 10
7 99 10 8
7 100 4 5
8 9 2 1
8 10 4 9
8 11 6 8
8 13 9 1
8 15 7 10
8 16 1 2
8 17 8 5
8 18 8 5
8 20 1 4
8 21 6 1
8 22 3 5
8 23 7 2
8 24 9 3
8 25 7 2
8 26 3 2
8 27 3 2
8 28 7 9
8 29 10 5
8 30 2 5
8 32 8 8
8 33 10 10
8 34 6 9
8 36 10 7
8 37 1 7
8 38 5 9
8 39 7 6
8 40 7 3
8 41 8 8
8 43 2 2
8 44 3 10
8 47 6 2
8 53 9 8
8 54 6 8
8 55 5 1
8 59 9 4
8 60 9 4
8 62 3 9
8 63 8 9
8 64 6 1
8 65 1 8
8 66 7 8
8 68 8 2
8 69 5 10
8 70 7 9
8 71 5 7
8 73 3 8
8 74 1 5
8 75 7 4
8 76 1 4
8 77 6 2
8 78 2 1
8 79 6 9
8 80 5 10
8 82 1 10
8 83 8 5
8 84 9 10
8 85 10 2
8 86 5 10
8 88 5 6
8 91 7 5
8 92 10 9
8 93 5 1
8 94 6 6
8 96 7 10
8 97 7 6
8 98 7 2
8 99 7 7
9 10 2 2
9 12 4 1
9 13 8 9
9 14 10 4
9 16 5 2
9 18 1 5
9 20 9 7
9 21 2 8
9 22 10 1
9 23 1 4
9 24 8 8
9 25 9 5
9 26 1 6
9 27 5 4
9 28 10 5
9 29 5 9
9 30 1 5
9 32 9 6
9 33 4 8
9 34 9 2
9 35 1 10
9 36 9 2
9 37 6 8
9 38 2 9
9 39 10 7
9 40 5 8
9 41 3 10
9 42 8 9
9 43 2 7
9 44 5 1
9 45 4 1
9 46 10 9
9 48 3 2
9 49 9 7
9 50 1 6
9 51 4 9
9 53 10 7
9 57 5 6
9 58 1 7
9 61 3 7
9 62 5 10
9 63 7 1
9 64 1 7
9 65 3 2
9 67 10 7
9 68 2 10
9 69 1 7
9 70 2 6
9 71 2 6
9 72 4 1
9 73 7 7
9 74 9 2
9 76 7 5
9 77 10 5
9 78 9 7
9 79 5 8
9 80 5 4
9 81 9 3
9 82 6 6
9 83 5 1
9 84 9 2
9 85 3 10
9 86 8 6
9 87 8 6
9 88 8 10
9 89 3 4
9 90 5 10
9 91 6 8
9 92 10 2
9 93 4 3
9 94 1 3
9 95 9 2
9 98 4 2
9 99 6 2
9 100 1 6
10 11 8 7
10 12 6 8
10 13 9 6
10 14 3 7
10 16 8 3
10 17 8 3
10 18 4 10
10 21 10 2
10 22 2 7
10 23 7 6
10 25 10 3
10 27 7 9
10 28 3 4
10 29 2 6
10 30 9 8
10 33 8 5
10 35 2 4
10 36 7 1
10 37 5 4
10 38 5 10
10 40 1 10
10 41 1 1
10 42 3 7
10 43 1 1
10 44 2 10
10 45 5 1
10 46 8 2
10 47 3 5
10 48 6 2
10 49 10 3
10 50 6 9
10 51 8 6
10 52 1 7
10 53 4 3
10 54 1 6
10 55 5 6
10 56 10 4
10 58 9 7
10 59 1 5
10 60 9 7
10 61 2 1
10 62 6 10
10 63 9 10
10 65 3 1
10 66 1 5
10 67 1 7
10 68 4 8
10 70 5 1
10 71 8 3
10 73 3 5
10 74 1 4
10 75 3 8
10 76 10 3
10 77 7 6
10 78 1 7
10 79 10 6
10 80 4 4
10 81 1 2
10 82 6 3
10 84 2 7
10 85 7 7
10 86 6 9
10 87 2 3
10 88 10 7
10 89 4 6
10 90 4 7
10 91 4 6
10 93 4 9
10 94 6 1
10 95 7 2
10 96 7 2
10 97 8 1
10 98 7 5
10 99 8 4
11 13 3 9
11 15 10 7
11 16 10 4
11 17 9 8
11 18 1 10
11 19 9 8
11 20 8 8
11 21 2 9
11 23 5 6
11 24 6 3
11 25 6 8
11 26 8 5
11 28 5 5
11 29 7 4
11 30 7 9
11 31 3 10
11 32 7 6
11 33 5 3
11 35 3 8
11 36 8 3
11 37 9 4
11 38 2 1
11 39 6 3
11 40 8 5
11 41 10 4
11 43 4 8
11 46 5 5
11 47 4 9
11 48 4 6
11 49 2 9
11 50 2 4
11 51 9 3
11 56 7 7
11 57 6 10
11 58 5 6
11 59 10 10
11 60 5 10
11 62 6 7
11 64 1 3
11 65 2 9
11 67 6 6
11 69 6 10
11 70 8 6
11 71 4 1
11 72 3 9
11 73 2 6
11 74 5 3
11 75 9 3
11 76 4 9
11 77 2 6
11 78 1 7
11 79 4 6
11 80 8 10
11 82 4 3
11 83 1 2
11 84 5 7
11 85 6 3
11 86 8 5
11 88 8 6
11 89 10 1
11 92 2 9
11 93 5 6
11 94 4 9
11 97 3 5
11 98 7 6
11 99 1 7
11 100 10 9
12 13 6 8
12 14 8 4
12 15 1 1
12 17 7 4
12 18 1 5
12 19 10 6
12 20 3 6
12 21 10 7
12 22 4 9
12 24 4 2
12 25 4 2
12 26 3 7
12 27 9 2
12 30 5 5
12 31 8 8
12 33 7 9
12 35 6 10
12 36 4 7
12 37 7 1
12 38 5 6
12 39 6 5
12 40 7 5
12 41 6 3
12 42 5 3
12 43 5 3
12 44 3 1
12 45 9 9
12 46 2 6
12 47 8 8
12 49 2 4
12 50 9 10
12 51 8 6
12 52 6 3
12 53 6 4
12 54 3 9
12 56 7 4
12 57 5 3
12 58 6 4
12 59 10 4
12 60 1 4
12 61 5 4
12 63 5 1
12 65 6 2
12 68 2 3
12 69 2 1
12 70 8 5
12 71 6 4
12 72 7 2
12 74 2 3
12 76 9 2
12 77 8 6
12 78 10 3
12 81 5 1
12 82 9 1
12 83 6 6
12 86 10 4
12 87 7 9
12 88 2 9
12 89 7 10
12 90 7 2
12 91 1 4
12 93 5 9
12 94 4 5
12 95 8 5
12 96 2 9
12 97 8 3
12 98 10 10
12 99 7 10
12 100 2 6
13 15 2 4
13 17 1 2
13 18 8 7
13 19 6 1
13 20 4 8
13 21 1 7
13 22 7 9
13 23 6 1
13 25 1 1
13 26 2 5
13 28 2 10
13 29 5 1
13 30 2 9
13 31 2 1
13 32 7 7
13 34 6 7
13 35 10 9
13 36 7 3
13 37 3 6
13 38 2 4
13 40 1 5
13 42 5 4
13 43 9 8
13 44 1 2
13 46 5 2
13 47 8 6
13 48 1 10
13 49 7 7
13 50 3 4
13 51 3 5
13 52 1 9
13 53 4 5
13 54 2 1
13 55 8 5
13 56 3 4
13 57 7 3
13 58 5 4
13 60 10 4
13 61 9 4
13 63 3 8
13 64 6 7
13 65 7 8
13 66 7 6
13 67 7 7
13 68 5 9
13 72 3 8
13 73 8 9
13 76 2 5
13 77 3 8
13 78 9 3
13 79 7 2
13 80 10 10
13 81 8 1
13 82 9 9
13 83 5 6
13 85 1 6
13 87 10 5
13 89 4 5
13 90 7 10
13 91 6 7
13 92 8 4
13 93 7 9
13 94 7 1
13 95 6 6
13 96 6 4
13 97 10 10
13 98 2 2
13 99 9 5
13 100 8 2
14 15 8 6
14 16 1 10
14 17 2 5
14 18 1 1
14 19 5 7
14 20 4 2
14 21 9 8
14 22 6 2
14 23 6 9
14 24 2 9
14 25 7 10
14 27 7 7
14 30 7 6
14 31 4 6
14 32 3 2
14 34 4 4
14 36 10 3
14 37 8 7
14 38 5 6
14 39 4 9
14 40 6 10
14 41 6 5
14 42 3 8
14 43 6 3
14 44 9 7
14 46 7 8
14 48 4 4
14 49 4 4
14 50 3 4
14 51 4 8
14 52 5 9
14 53 6 6
14 54 10 4
14 55 9 5
14 56 3 7
14 57 7 10
14 58 3 1
14 59 5 4
14 60 7 4
14 61 3 6
14 63 10 5
14 64 5 6
14 66 5 1
14 67 8 7
14 69 10 7
14 70 10 4
14 71 10 8
14 72 2 7
14 73 9 9
14 75 5 8
14 76 9 4
14 77 6 7
14 79 6 6
14 80 2 8
14 81 2 8
14 82 1 10
14 83 1 10
14 85 1 9
14 87 6 10
14 88 9 3
14 89 6 2
14 90 2 1
14 92 7 2
14 93 9 7
14 94 5 5
14 95 7 3
14 96 5 3
14 97 5 10
14 100 4 10
15 17 4 4
15 18 6 5
15 19 7 10
15 20 9 5
15 21 9 8
15 22 3 8
15 23 1 2
15 24 2 8
15 25 2 1
15 28 8 1
15 31 2 9
15 32 4 2
15 33 5 2
15 34 9 6
15 35 5 2
15 36 5 7
15 38 3 10
15 43 1 8
15 45 10 6
15 47 10 1
15 48 6 7
15 49 10 10
15 51 6 6
15 52 3 1
15 54 8 7
15 56 8 6
15 57 1 6
15 58 7 8
15 59 6 3
15 60 10 9
15 62 8 9
15 63 2 3
15 65 1 8
15 66 5 3
15 68 9 10
15 69 5 1
15 70 9 7
15 72 10 6
15 74 8 6
15 75 1 7
15 76 10 7
15 77 1 4
15 78 9 1
15 79 8 5
15 80 2 1
15 81 9 5
15 82 6 6
15 83 3 6
15 84 5 5
15 85 2 6
15 86 4 1
15 89 8 6
15 90 9 6
15 91 5 5
15 92 9 4
15 93 7 2
15 96 10 2
15 98 2 7
15 99 6 9
15 100 1 6
16 17 1 9
16 18 9 7
16 19 10 10
16 20 2 8
16 22 8 6
16 23 3 9
16 24 1 4
16 25 4 4
16 26 7 3
16 29 5 10
16 30 7 4
16 32 8 4
16 33 6 7
16 34 1 9
16 35 6 3
16 36 8 1
16 37 5 2
16 38 10 5
16 39 2 1
16 40 3 7
16 42 3 5
16 43 9 4
16 44 1 4
16 45 3 9
16 46 5 6
16 47 4 6
16 48 9 6
16 49 2 6
16 50 1 7
16 52 6 8
16 55 9 9
16 56 4 3
16 57 7 9
16 58 4 5
16 59 7 5
16 60 1 3
16 62 1 3
16 63 10 6
16 65 10 10
16 66 8 2
16 67 8 8
16 69 3 5
16 70 1 8
16 71 3 4
16 72 1 3
16 73 4 9
16 74 6 3
16 75 1 1
16 76 1 3
16 77 6 4
16 79 2 10
16 80 8 10
16 81 1 2
16 82 1 9
16 83 6 2
16 85 4 4
16 87 6 8
16 88 7 7
16 90 3 1
16 91 6 10
16 92 6 3
16 93 9 1
16 94 6 2
16 95 9 9
16 96 7 9
16 97 8 5
16 99 5 10
17 18 3 3
17 19 4 10
17 20 1 1
17 22 3 10
17 23 2 1
17 25 8 8
17 27 9 1
17 28 6 4
17 29 8 7
17 30 1 9
17 31 2 4
17 32 7 5
17 33 9 10
17 34 1 10
17 35 7 9
17 36 10 10
17 37 10 5
17 38 1 6
17 39 1 2
17 40 7 10
17 41 8 5
17 42 10 8
17 43 1 9
17 44 7 8
17 45 8 5
17 46 9 8
17 47 5 4
17 48 8 6
17 50 4 10
17 51 2 4
17 52 4 3
17 53 8 2
17 54 6 1
17 55 7 6
17 56 1 10
17 57 2 8
17 58 9 1
17 59 8 9
17 60 9 10
17 62 8 5
17 64 3 2
17 65 2 8
17 66 9 6
17 67 4 4
17 68 1 7
17 69 10 2
17 72 2 8
17 73 4 4
17 74 3 9
17 75 7 9
17 76 9 5
17 77 1 6
17 79 4 9
17 80 2 4
17 81 4 9
17 83 9 6
17 84 1 9
17 86 9 2
17 87 3 4
17 88 2 2
17 89 4 3
17 91 9 9
17 92 9 7
17 93 8 2
17 94 9 1
17 96 3 5
17 97 1 2
17 98 6 7
17 99 3 10
17 100 4 8
18 19 1 3
18 20 6 7
18 22 4 6
18 23 6 5
18 24 8 5
18 25 1 10
18 26 5 5
18 27 6 10
18 29 5 2
18 30 6 10
18 31 4 10
18 33 4 7
18 34 6 4
18 35 4 9
18 36 1 4
18 37 4 4
18 38 1 1
18 40 4 9
18 41 2 4
18 42 4 4
18 43 4 9
18 44 2 3
18 45 4 3
18 46 5 7
18 47 3 10
18 48 6 6
18 49 7 9
18 50 10 3
18 51 9 7
18 52 9 4
18 53 6 3
18 54 4 9
18 56 9 3
18 57 8 2
18 58 3 2
18 59 1 8
18 60 9 1
18 61 5 3
18 62 1 5
18 63 1 8
18 64 1 10
18 66 5 6
18 68 10 2
18 69 3 5
18 72 5 3
18 73 4 7
18 74 3 1
18 77 10 9
18 79 3 1
18 80 8 8
18 81 7 6
18 82 7 2
18 84 7 10
18 85 1 8
18 86 2 8
18 87 8 2
18 88 10 6
18 90 6 10
18 91 7 6
18 92 2 9
18 93 9 10
18 94 3 7
18 95 6 7
18 96 9 7
18 97 6 5
18 98 4 8
18 99 3 7
18 100 2 10
19 20 4 1
19 21 7 3
19 22 3 3
19 23 8 2
19 25 5 2
19 26 7 1
19 27 10 4
19 28 1 5
19 29 9 10
19 30 6 8
19 31 4 8
19 32 6 9
19 33 3 6
19 34 8 8
19 36 10 7
19 37 9 9
19 38 6 10
19 39 4 1
19 41 9 6
19 42 1 2
19 43 8 2
19 44 3 3
19 45 2 2
19 46 1 4
19 47 8 5
19 48 9 8
19 49 1 7
19 50 2 2
19 51 1 10
19 52 10 2
19 53 9 9
19 55 7 2
19 56 4 6
19 57 1 10
19 58 3 3
19 60 2 2
19 62 10 6
19 63 9 6
19 64 10 2
19 65 7 10
19 66 1 5
19 67 6 5
19 68 6 10
19 69 5 2
19 70 9 9
19 72 8 9
19 73 8 4
19 74 10 6
19 75 5 3
19 76 2 4
19 77 5 1
19 78 5 7
19 79 8 4
19 80 6 7
19 82 10 10
19 83 9 3
19 84 4 7
19 85 6 8
19 86 7 1
19 89 5 8
19 90 9 3
19 93 6 6
19 95 5 6
19 96 3 1
19 97 1 7
19 98 4 5
19 99 7 5
19 100 7 7
20 21 1 4
20 22 3 7
20 25 7 4
20 26 7 6
20 27 2 7
20 28 9 8
20 29 8 10
20 33 2 10
20 34 3 5
20 35 9 8
20 36 9 8
20 37 1 10
20 40 7 6
20 41 6 6
20 42 6 7
20 43 2 3
20 44 4 10
20 46 6 7
20 47 3 10
20 48 10 2
20 49 3 6
20 50 4 9
20 51 2 8
20 53 8 8
20 54 4 10
20 55 7 5
20 56 10 9
20 58 1 10
20 59 6 7
20 60 2 4
20 61 8 3
20 64 10 7
20 65 6 2
20 66 6 2
20 67 4 10
20 68 1 1
20 69 6 7
20 70 1 9
20 72 9 4
20 73 4 7
20 74 4 8
20 76 10 8
20 77 5 3
20 78 3 6
20 79 3 1
20 80 5 2
20 81 4 6
20 83 10 6
20 84 3 7
20 85 3 9
20 86 10 9
20 87 10 8
20 88 10 5
20 89 2 7
20 90 9 6
20 91 5 3
20 92 2 9
20 93 3 4
20 94 4 9
20 96 6 1
20 97 1 9
20 98 10 1
20 99 4 3
20 100 6 7
21 22 6 9
21 23 1 4
21 24 10 8
21 25 7 8
21 26 3 4
21 29 10 1
21 30 4 8
21 31 5 5
21 34 1 2
21 35 7 6
21 36 1 9
21 37 2 6
21 38 2 9
21 39 5 10
21 40 10 6
21 42 3 3
21 44 1 1
21 45 8 1
21 46 8 7
21 47 4 9
21 48 2 2
21 49 3 4
21 50 5 10
21 52 5 8
21 54 8 3
21 55 1 7
21 58 5 3
21 59 8 6
21 60 5 1
21 61 7 1
21 63 10 7
21 64 3 3
21 65 5 2
21 66 8 1
21 68 6 7
21 69 3 7
21 70 2 8
21 71 1 8
21 73 8 4
21 74 9 10
21 75 1 9
21 76 3 7
21 77 5 6
21 78 3 8
21 79 8 9
21 81 2 6
21 82 8 10
21 84 9 4
21 85 1 6
21 86 8 5
21 87 5 6
21 88 4 7
21 90 5 4
21 91 1 8
21 92 5 10
21 93 1 6
21 94 9 2
21 95 5 3
21 96 7 3
21 97 10 4
21 98 2 4
21 99 8 8
22 24 8 3
22 25 10 4
22 26 3 7
22 28 10 3
22 29 6 2
22 30 2 10
22 31 5 10
22 32 5 6
22 33 2 7
22 34 2 9
22 35 8 6
22 36 3 10
22 37 5 8
22 39 6 7
22 40 9 8
22 41 7 7
22 42 9 3
22 43 10 8
22 44 8 5
22 45 4 1
22 46 2 2
22 47 6 4
22 48 4 8
22 49 5 6
22 50 10 7
22 52 2 4
22 53 3 7
22 54 6 7
22 55 9 6
22 56 8 7
22 57 9 10
22 58 4 5
22 59 2 3
22 60 7 2
22 61 5 10
22 62 9 8
22 63 1 6
22 65 4 5
22 66 1 2
22 67 7 7
22 68 5 1
22 69 5 10
22 70 7 3
22 71 6 8
22 72 5 3
22 73 7 7
22 74 8 2
22 75 6 9
22 76 10 7
22 77 1 6
22 78 6 9
22 79 10 10
22 80 8 4
22 81 9 4
22 82 5 3
22 83 3 2
22 84 8 10
22 85 2 2
22 86 2 3
22 87 7 9
22 88 9 8
22 89 7 4
22 90 10 2
22 92 9 4
22 93 8 7
22 95 9 8
22 96 7 10
22 98 8 4
22 99 7 3
23 24 7 2
23 25 8 5
23 26 6 2
23 27 9 3
23 28 1 9
23 29 5 6
23 30 10 9
23 31 2 6
23 33 4 6
23 35 10 6
23 37 1 2
23 38 10 5
23 43 5 9
23 44 5 8
23 45 7 5
23 47 2 3
23 48 7 10
23 51 4 10
23 52 4 1
23 53 10 5
23 54 9 9
23 56 6 10
23 57 10 3
23 58 6 2
23 59 6 7
23 60 6 1
23 63 10 5
23 64 5 9
23 65 4 7
23 66 5 5
23 67 1 2
23 68 10 5
23 69 10 2
23 70 8 3
23 71 10 4
23 72 5 1
23 73 6 7
23 74 6 2
23 75 5 4
23 77 2 2
23 78 1 9
23 80 7 2
23 81 8 2
23 82 8 5
23 84 3 4
23 85 5 7
23 86 2 9
23 87 5 6
23 88 7 10
23 89 1 8
23 90 8 5
23 92 3 1
23 95 2 2
23 96 9 7
23 97 3 8
23 98 3 6
23 99 7 5
23 100 6 7
24 25 3 1
24 26 6 5
24 29 7 3
24 30 6 10
24 32 8 10
24 33 6 10
24 34 8 9
24 35 5 2
24 36 2 2
24 37 5 2
24 38 6 10
24 39 5 2
24 40 5 10
24 42 7 5
24 43 2 8
24 46 9 9
24 47 5 10
24 48 1 6
24 49 7 2
24 50 2 6
24 51 8 7
24 52 8 9
24 54 1 8
24 55 1 7
24 56 6 3
24 57 10 6
24 58 1 2
24 59 9 1
24 61 9 5
24 62 4 8
24 63 7 5
24 65 2 8
24 66 10 7
24 67 7 6
24 68 6 7
24 69 7 7
24 70 3 7
24 71 6 5
24 72 8 3
24 73 2 4
24 74 4 3
24 75 2 7
24 76 7 3
24 77 3 8
24 78 6 6
24 79 3 5
24 80 6 8
24 81 10 6
24 82 7 6
24 83 4 9
24 84 4 3
24 85 6 5
24 86 5 5
24 87 5 7
24 88 7 2
24 89 9 10
24 90 10 7
24 91 10 10
24 92 3 9
24 94 7 6
24 95 8 8
24 96 3 9
24 100 4 5
25 26 3 2
25 27 9 4
25 28 9 3
25 29 9 1
25 30 8 5
25 32 3 9
25 34 4 7
25 35 5 5
25 36 8 9
25 37 8 2
25 38 7 3
25 39 10 6
25 41 4 1
25 42 3 9
25 44 9 10
25 45 4 8
25 46 9 3
25 47 1 1
25 48 2 8
25 49 10 9
25 51 4 4
25 52 5 3
25 54 10 7
25 56 6 4
25 58 9 5
25 60 4 6
25 62 4 3
25 63 1 1
25 64 1 3
25 65 8 9
25 66 8 8
25 68 5 6
25 69 4 2
25 70 9 5
25 71 7 7
25 72 4 1
25 73 10 7
25 74 2 1
25 75 7 4
25 76 1 7
25 78 2 6
25 79 2 10
25 80 2 10
25 81 4 1
25 82 1 10
25 83 10 9
25 84 6 10
25 85 2 1
25 87 3 4
25 89 7 8
25 90 6 3
25 91 10 7
25 93 7 1
25 94 7 6
25 96 7 6
25 97 2 1
25 98 7 8
25 99 3 5
25 100 6 3
26 27 3 8
26 29 6 6
26 30 2 8
26 32 9 7
26 33 8 1
26 34 8 5
26 35 5 5
26 36 8 4
26 37 8 2
26 38 2 6
26 39 2 5
26 40 2 8
26 41 3 8
26 42 7 1
26 44 3 3
26 47 10 2
26 49 9 4
26 50 3 7
26 51 3 9
26 54 9 6
26 56 5 3
26 57 8 1
26 58 4 1
26 59 2 4
26 60 7 1
26 61 6 4
26 62 10 1
26 64 3 3
26 65 9 7
26 66 8 5
26 67 6 5
26 68 1 8
26 70 4 8
26 73 6 4
26 74 7 6
26 75 3 1
26 76 4 5
26 77 7 4
26 78 7 10
26 79 4 3
26 81 9 3
26 82 3 6
26 83 10 5
26 84 7 6
26 85 4 4
26 86 4 9
26 88 10 9
26 89 10 2
26 90 8 10
26 91 1 6
26 92 3 2
26 93 8 5
26 94 2 3
26 95 2 7
26 96 9 3
26 97 1 10
26 99 7 9
26 100 2 4
27 28 4 4
27 30 4 9
27 31 10 8
27 32 5 5
27 33 7 5
27 34 9 7
27 39 4 8
27 41 6 4
27 42 9 8
27 43 6 2
27 44 8 4
27 45 2 10
27 47 6 3
27 48 10 6
27 49 1 7
27 50 4 7
27 51 10 1
27 53 9 1
27 54 6 3
27 55 6 10
27 56 5 9
27 57 8 5
27 58 4 1
27 59 1 9
27 60 10 3
27 61 4 7
27 62 3 8
27 63 2 3
27 64 2 4
27 65 3 8
27 66 3 5
27 67 9 5
27 68 5 3
27 69 9 7
27 71 8 5
27 72 1 6
27 73 1 2
27 74 5 2
27 76 8 7
27 77 3 9
27 78 7 7
27 79 8 1
27 80 8 9
27 82 3 6
27 83 6 7
27 84 1 10
27 85 1 4
27 86 9 8
27 87 3 2
27 88 2 4
27 89 6 6
27 91 6 4
27 93 7 10
27 94 9 2
27 95 8 6
27 96 3 7
27 98 8 2
27 99 4 6
28 29 1 1
28 30 5 6
28 32 3 3
28 33 4 6
28 34 3 7
28 35 1 10
28 38 9 10
28 39 5 5
28 40 1 1
28 41 7 3
28 42 1 9
28 43 1 7
28 44 1 2
28 45 8 6
28 46 8 7
28 47 5 5
28 48 2 5
28 50 3 10
28 51 7 1
28 52 9 10
28 53 8 7
28 54 6 5
28 57 2 10
28 59 3 4
28 60 10 6
28 61 7 7
28 63 6 2
28 65 8 10
28 66 1 8
28 68 7 3
28 69 8 1
28 70 7 1
28 71 3 6
28 72 5 6
28 73 1 10
28 74 3 7
28 75 9 6
28 76 9 5
28 77 8 6
28 78 7 10
28 80 3 6
28 81 10 6
28 83 6 4
28 85 7 2
28 87 7 6
28 88 4 2
28 89 7 6
28 90 4 10
28 91 4 7
28 93 1 10
28 94 1 4
28 95 1 1
28 96 5 6
28 97 3 7
28 98 4 10
28 100 10 10
29 31 5 4
29 32 10 8
29 33 4 7
29 35 2 3
29 36 6 6
29 37 4 3
29 38 7 3
29 39 5 2
29 40 1 2
29 41 9 3
29 42 6 3
29 43 5 1
29 45 10 4
29 46 4 3
29 47 1 10
29 49 3 9
29 50 7 1
29 51 2 2
29 53 5 6
29 54 9 9
29 55 3 5
29 56 1 4
29 57 1 10
29 58 7 2
29 59 2 4
29 60 8 7
29 61 3 1
29 62 1 3
29 63 10 8
29 64 6 7
29 66 2 7
29 67 1 1
29 69 5 3
29 70 4 7
29 71 8 9
29 72 2 7
29 74 10 6
29 75 5 4
29 76 8 4
29 77 1 7
29 79 1 6
29 80 10 7
29 81 5 2
29 83 10 7
29 84 4 9
29 85 10 8
29 87 2 7
29 88 1 9
29 89 3 1
29 90 2 5
29 92 6 6
29 93 3 7
29 94 10 5
29 95 4 7
29 99 1 4
29 100 8 5
30 31 7 3
30 32 5 8
30 33 4 2
30 34 3 4
30 35 10 9
30 36 6 4
30 37 10 4
30 38 6 8
30 39 2 1
30 40 3 6
30 41 3 8
30 42 7 8
30 43 6 6
30 44 9 6
30 46 2 4
30 47 2 4
30 48 4 1
30 49 4 10
30 50 2 4
30 51 4 10
30 52 7 5
30 53 5 1
30 54 9 8
30 56 7 4
30 57 1 8
30 58 4 4
30 59 10 3
30 61 1 9
30 62 9 5
30 65 3 5
30 66 8 4
30 68 9 6
30 69 10 3
30 70 8 1
30 71 5 7
30 72 4 8
30 73 4 9
30 74 8 5
30 76 9 2
30 77 7 4
30 78 6 10
30 79 2 6
30 81 6 8
30 85 9 10
30 86 1 9
30 87 7 9
30 88 9 2
30 89 10 6
30 90 4 3
30 92 2 10
30 93 2 4
30 94 4 6
30 95 2 1
30 97 5 5
30 98 8 5
30 100 2 3
31 32 4 1
31 33 4 4
31 34 9 6
31 35 6 5
31 37 1 5
31 38 7 4
31 39 3 5
31 40 6 6
31 41 8 4
31 42 3 8
31 43 3 10
31 44 1 2
31 45 7 6
31 46 7 3
31 47 3 9
31 48 6 6
31 49 5 10
31 50 3 1
31 52 6 7
31 53 3 6
31 54 10 2
31 56 8 9
31 57 10 10
31 58 1 8
31 59 5 3
31 60 6 3
31 62 5 5
31 64 5 4
31 65 3 5
31 67 4 6
31 68 1 1
31 69 2 9
31 70 6 9
31 71 9 6
31 72 8 4
31 73 3 3
31 74 2 8
31 76 6 3
31 78 8 4
31 80 10 5
31 81 6 10
31 82 3 1
31 84 5 8
31 85 7 10
31 86 7 8
31 87 6 1
31 88 2 8
31 93 3 2
31 94 6 4
31 95 6 8
31 96 6 5
31 98 3 1
31 100 8 2
32 33 10 6
32 34 6 4
32 35 2 6
32 36 3 1
32 37 4 7
32 38 2 8
32 39 4 6
32 40 4 4
32 41 4 6
32 42 4 8
32 43 3 2
32 44 4 10
32 45 9 2
32 46 6 8
32 47 7 2
32 49 5 6
32 50 6 3
32 51 3 6
32 52 1 10
32 53 10 10
32 54 4 2
32 55 10 7
32 56 7 2
32 57 3 6
32 58 3 5
32 59 4 4
32 60 5 1
32 61 3 6
32 62 7 1
32 63 10 10
32 64 2 2
32 66 1 1
32 68 1 8
32 69 9 10
32 71 7 6
32 72 6 3
32 73 9 10
32 75 3 7
32 77 7 6
32 79 3 9
32 80 1 4
32 81 7 1
32 82 4 3
32 83 9 7
32 84 6 3
32 85 10 3
32 86 4 8
32 88 10 9
32 89 9 5
32 90 4 3
32 91 10 3
32 94 7 1
32 96 7 3
32 97 6 6
32 98 8 2
32 99 3 4
32 100 2 6
33 34 8 5
33 35 4 7
33 36 5 7
33 39 10 4
33 40 3 2
33 41 10 4
33 42 2 10
33 43 3 10
33 44 5 9
33 45 7 1
33 46 9 2
33 47 8 9
33 48 6 8
33 49 2 8
33 50 5 8
33 51 2 2
33 52 4 5
33 54 1 1
33 55 3 8
33 57 7 8
33 58 9 6
33 59 8 7
33 60 8 1
33 61 6 10
33 62 7 6
33 63 4 7
33 64 1 7
33 65 5 10
33 67 3 6
33 68 10 3
33 69 2 10
33 71 7 5
33 72 1 6
33 73 2 4
33 74 4 5
33 75 3 9
33 76 4 6
33 77 9 3
33 78 1 3
33 80 1 8
33 81 10 3
33 82 7 10
33 83 9 1
33 85 7 3
33 86 8 8
33 87 2 1
33 89 2 8
33 90 7 8
33 91 6 2
33 92 4 9
33 93 2 3
33 94 6 9
33 95 3 4
33 96 7 1
33 97 8 1
33 98 7 6
33 99 6 9
33 100 6 9
34 35 6 10
34 36 7 5
34 37 10 1
34 39 3 2
34 40 4 7
34 41 2 4
34 43 9 9
34 44 1 3
34 45 7 6
34 46 4 9
34 47 7 3
34 48 4 6
34 49 6 10
34 51 2 6
34 52 1 8
34 54 10 1
34 55 5 7
34 56 5 2
34 58 3 10
34 60 4 8
34 61 2 9
34 62 6 2
34 63 2 9
34 64 1 10
34 65 3 2
34 66 10 7
34 68 2 8
34 69 5 5
34 71 1 9
34 72 8 2
34 73 8 3
34 74 10 10
34 75 8 3
34 77 5 4
34 78 8 7
34 80 7 7
34 81 8 4
34 82 1 9
34 83 10 10
34 85 6 9
34 86 9 5
34 87 9 7
34 88 1 8
34 89 7 5
34 90 9 6
34 91 8 7
34 93 5 1
34 94 9 2
34 96 8 2
34 98 8 1
34 99 9 4
35 36 2 10
35 37 2 7
35 38 4 8
35 39 4 5
35 40 10 2
35 41 8 3
35 42 8 6
35 43 4 5
35 44 4 9
35 47 1 2
35 48 6 3
35 50 3 9
35 52 10 9
35 53 9 1
35 54 4 6
35 55 6 5
35 56 3 6
35 57 10 7
35 58 4 1
35 59 10 10
35 60 3 10
35 61 2 1
35 62 5 5
35 64 5 8
35 66 8 8
35 67 2 1
35 68 7 5
35 69 2 10
35 70 8 10
35 72 1 2
35 73 5 1
35 74 3 6
35 75 6 3
35 76 6 9
35 77 7 3
35 78 8 3
35 79 4 10
35 80 6 6
35 81 6 3
35 82 10 7
35 83 4 1
35 84 7 6
35 85 6 7
35 86 5 3
35 87 5 6
35 88 8 10
35 89 3 4
35 90 8 7
35 91 8 9
35 92 9 4
35 94 4 8
35 95 5 6
35 96 5 2
35 98 2 9
35 99 4 6
35 100 4 3
36 37 8 7
36 38 5 6
36 39 4 10
36 40 3 3
36 42 9 7
36 44 5 2
36 45 10 10
36 47 6 4
36 49 2 4
36 50 7 5
36 51 9 7
36 52 7 3
36 53 10 4
36 54 3 7
36 55 6 5
36 56 6 2
36 58 9 7
36 59 10 4
36 61 2 4
36 62 6 5
36 64 9 1
36 65 6 4
36 66 1 6
36 67 6 8
36 68 9 9
36 70 6 6
36 72 10 8
36 73 3 2
36 74 5 5
36 75 8 1
36 76 10 10
36 77 1 5
36 78 10 5
36 80 3 2
36 81 1 3
36 83 10 1
36 84 3 2
36 85 2 7
36 86 4 3
36 87 10 4
36 88 9 4
36 89 4 8
36 90 2 6
36 91 3 2
36 92 5 10
36 93 1 7
36 94 10 1
36 96 1 1
36 97 5 5
36 98 9 6
36 99 4 2
36 100 10 1
37 38 3 1
37 39 1 2
37 40 10 10
37 41 10 7
37 43 5 3
37 44 5 2
37 45 2 5
37 46 4 9
37 47 7 1
37 48 2 7
37 49 3 2
37 51 3 5
37 52 1 4
37 55 10 2
37 56 1 5
37 57 7 5
37 59 2 2
37 64 2 3
37 65 4 6
37 66 8 7
37 67 7 8
37 68 7 6
37 69 10 4
37 70 8 10
37 73 7 10
37 75 8 1
37 76 4 4
37 77 10 6
37 78 5 6
37 79 6 5
37 80 8 1
37 81 10 9
37 83 8 3
37 84 6 5
37 85 8 1
37 88 3 9
37 89 7 9
37 90 8 1
37 91 5 8
37 94 10 6
37 95 4 1
37 96 7 6
37 97 5 5
37 98 3 9
37 99 1 3
37 100 10 2
38 39 4 1
38 40 5 3
38 41 3 5
38 42 2 9
38 43 9 1
38 44 10 6
38 46 9 10
38 47 2 3
38 48 7 3
38 49 6 3
38 50 1 10
38 52 2 4
38 54 1 4
38 55 7 1
38 56 7 4
38 57 8 4
38 58 5 5
38 59 5 10
38 60 5 1
38 61 5 8
38 64 10 7
38 65 6 6
38 66 2 3
38 67 1 8
38 69 10 3
38 70 6 7
38 71 7 7
38 72 4 1
38 73 4 3
38 75 10 5
38 76 1 1
38 77 5 3
38 78 6 5
38 80 9 5
38 82 4 10
38 83 10 2
38 84 9 4
38 85 10 8
38 86 9 7
38 87 5 5
38 88 2 9
38 89 10 10
38 90 10 8
38 91 6 6
38 92 6 10
38 93 4 10
38 94 6 8
38 98 6 3
38 99 10 2
38 100 1 6
39 40 1 6
39 42 1 1
39 43 6 10
39 44 6 6
39 45 6 5
39 46 2 1
39 47 4 8
39 48 7 3
39 49 1 8
39 50 8 3
39 51 8 2
39 52 9 1
39 53 3 9
39 55 7 10
39 56 1 4
39 58 3 9
39 59 1 6
39 60 1 3
39 62 3 4
39 63 3 9
39 64 8 6
39 65 7 7
39 66 7 2
39 67 5 6
39 68 4 5
39 69 2 6
39 70 2 9
39 71 1 5
39 72 4 9
39 73 6 1
39 74 9 10
39 75 6 1
39 76 6 10
39 77 4 2
39 78 8 9
39 79 7 3
39 80 7 10
39 81 2 1
39 82 10 7
39 83 7 7
39 84 4 5
39 86 6 3
39 87 1 2
39 88 1 2
39 89 1 7
39 91 6 5
39 92 4 8
39 93 2 2
39 94 8 9
39 96 4 3
39 97 9 6
39 98 9 6
39 99 10 10
39 100 7 7
40 41 7 1
40 43 5 4
40 44 7 10
40 45 3 10
40 46 1 4
40 48 7 8
40 50 10 7
40 51 2 8
40 54 6 4
40 55 3 7
40 56 1 8
40 57 2 2
40 59 3 1
40 61 6 9
40 62 4 5
40 63 5 9
40 64 2 6
40 65 1 5
40 66 5 1
40 67 5 6
40 68 6 9
40 69 5 5
40 70 3 6
40 71 2 6
40 72 5 4
40 75 2 8
40 76 9 3
40 77 1 5
40 78 2 4
40 79 6 7
40 80 4 4
40 81 8 1
40 82 4 4
40 83 2 8
40 86 1 9
40 87 9 9
40 88 4 1
40 89 8 4
40 90 4 5
40 91 5 7
40 92 10 3
40 93 1 9
40 94 5 9
40 96 1 5
40 97 2 9
40 99 3 5
40 100 8 9
41 44 9 2
41 46 1 4
41 47 1 1
41 48 6 8
41 50 10 2
41 51 3 7
41 52 7 2
41 53 10 10
41 55 7 10
41 56 2 1
41 57 3 8
41 58 7 9
41 59 1 8
41 60 5 5
41 61 5 3
41 62 2 5
41 63 1 8
41 64 4 4
41 65 3 6
41 67 4 7
41 68 10 2
41 69 4 4
41 70 2 6
41 71 1 6
41 72 7 4
41 73 8 6
41 74 10 3
41 75 6 5
41 76 2 8
41 77 2 5
41 78 3 9
41 79 7 1
41 80 4 4
41 81 1 4
41 82 6 1
41 83 8 5
41 84 9 2
41 85 3 8
41 86 9 4
41 87 5 7
41 88 8 5
41 89 10 9
41 90 10 7
41 91 7 3
41 92 1 4
41 93 6 5
41 95 9 4
41 96 9 10
41 97 2 6
41 99 3 10
41 100 4 10
42 43 4 9
42 44 9 4
42 45 2 6
42 47 2 2
42 48 8 3
42 49 8 3
42 51 10 10
42 53 2 3
42 54 6 3
42 55 10 5
42 57 8 7
42 58 9 8
42 59 3 9
42 60 9 2
42 61 3 4
42 62 2 4
42 63 8 5
42 64 3 4
42 65 2 5
42 66 2 3
42 67 5 10
42 68 1 7
42 69 3 1
42 70 2 8
42 71 5 8
42 72 8 5
42 73 9 8
42 74 7 1
42 75 2 4
42 76 6 2
42 77 6 1
42 80 9 9
42 81 9 5
42 82 1 3
42 84 5 5
42 85 3 3
42 86 2 7
42 88 2 3
42 89 2 5
42 90 9 10
42 92 3 10
42 93 4 2
42 94 7 8
42 95 3 5
42 96 5 1
42 98 10 4
42 99 9 5
42 100 2 7
43 44 8 1
43 45 2 8
43 47 10 5
43 48 4 4
43 49 2 8
43 50 7 3
43 53 2 6
43 54 9 5
43 55 4 1
43 56 10 5
43 58 1 2
43 59 10 9
43 60 2 9
43 62 7 5
43 63 4 4
43 64 7 10
43 66 3 5
43 68 2 10
43 70 5 10
43 71 7 10
43 72 5 1
43 73 7 8
43 74 6 2
43 75 8 5
43 76 3 5
43 77 2 8
43 78 7 6
43 79 3 5
43 80 4 7
43 81 1 8
43 82 7 10
43 83 9 5
43 85 1 7
43 86 7 6
43 87 1 8
43 88 10 2
43 89 6 2
43 90 4 6
43 91 5 9
43 92 5 5
43 93 5 5
43 94 3 3
43 95 4 5
43 96 8 6
43 97 4 1
43 98 8 2
43 100 1 9
44 45 6 4
44 46 7 8
44 47 8 5
44 49 2 7
44 50 9 6
44 51 10 1
44 53 7 6
44 55 10 8
44 56 5 6
44 57 2 6
44 58 4 7
44 59 5 5
44 60 5 1
44 62 5 2
44 63 2 10
44 64 1 6
44 65 2 8
44 66 4 9
44 67 1 2
44 68 10 6
44 69 7 2
44 71 1 3
44 73 10 2
44 75 3 10
44 76 6 5
44 77 8 6
44 79 9 6
44 80 7 6
44 81 8 5
44 82 4 7
44 84 1 4
44 85 3 4
44 86 6 4
44 87 5 7
44 88 1 4
44 90 9 1
44 91 3 1
44 92 6 8
44 93 5 3
44 94 9 4
44 95 2 9
44 96 5 9
44 97 6 9
44 98 9 9
44 99 10 2
44 100 6 7
45 47 2 6
45 48 4 6
45 49 9 2
45 51 6 3
45 52 9 1
45 53 5 9
45 54 9 3
45 55 8 2
45 57 5 1
45 58 4 2
45 59 7 8
45 60 9 4
45 61 9 8
45 62 4 4
45 63 7 10
45 64 5 5
45 65 4 1
45 67 4 5
45 68 9 6
45 69 9 10
45 70 9 2
45 72 1 10
45 73 1 9
45 75 4 6
45 78 5 2
45 79 2 10
45 81 4 9
45 82 5 7
45 84 9 5
45 85 1 5
45 86 7 6
45 87 10 5
45 89 1 6
45 90 10 6
45 91 8 4
45 92 3 7
45 93 8 3
45 94 6 9
45 95 9 5
45 96 6 2
45 97 2 1
45 98 10 6
45 99 2 4
45 100 6 10
46 48 4 8
46 49 8 2
46 50 5 4
46 52 4 10
46 53 4 4
46 54 7 6
46 55 4 7
46 56 1 8
46 57 2 1
46 58 2 3
46 59 1 10
46 61 6 7
46 62 6 7
46 63 2 5
46 64 8 10
46 65 9 9
46 66 2 5
46 67 1 2
46 68 5 5
46 69 3 4
46 70 6 7
46 72 8 4
46 73 10 1
46 74 6 3
46 75 1 6
46 76 8 5
46 77 8 7
46 78 1 6
46 79 10 8
46 80 7 7
46 81 6 3
46 82 3 6
46 85 2 9
46 86 4 2
46 87 10 9
46 88 6 2
46 91 5 8
46 92 1 4
46 93 5 7
46 95 1 9
46 96 4 6
46 98 8 5
46 99 9 7
47 48 1 3
47 49 8 1
47 50 6 10
47 51 5 4
47 52 6 2
47 53 5 10
47 54 7 8
47 55 10 9
47 56 9 9
47 57 3 7
47 58 6 4
47 59 4 10
47 60 5 4
47 61 9 5
47 62 4 1
47 63 7 7
47 64 8 8
47 65 5 3
47 66 6 1
47 67 1 8
47 68 2 3
47 69 9 10
47 70 9 8
47 71 3 8
47 72 5 2
47 73 2 3
47 74 5 4
47 75 1 2
47 76 7 9
47 77 4 3
47 78 5 7
47 79 1 9
47 80 3 10
47 82 8 5
47 85 5 1
47 86 2 3
47 87 9 5
47 90 4 6
47 91 4 6
47 92 8 9
47 93 9 3
47 94 1 2
47 95 2 6
47 96 1 4
47 98 5 6
47 99 10 8
47 100 4 6
48 50 9 4
48 52 9 2
48 53 3 6
48 56 5 1
48 57 10 9
48 58 1 8
48 59 2 6
48 63 9 2
48 64 1 4
48 65 3 10
48 69 4 7
48 70 7 10
48 71 2 6
48 72 5 3
48 74 2 8
48 75 7 7
48 76 1 4
48 77 6 2
48 80 5 5
48 81 10 6
48 82 3 2
48 84 3 1
48 86 10 7
48 87 4 10
48 88 1 9
48 89 6 2
48 90 8 4
48 91 2 5
48 95 4 1
48 96 3 10
48 98 2 10
48 99 5 1
49 50 5 1
49 51 10 6
49 52 8 2
49 53 5 10
49 54 5 5
49 55 8 1
49 58 2 2
49 59 2 9
49 60 3 2
49 62 7 6
49 63 4 8
49 64 1 3
49 65 1 9
49 67 5 8
49 68 1 1
49 70 3 1
49 71 10 6
49 72 2 9
49 73 1 8
49 74 1 9
49 75 10 2
49 76 8 2
49 77 6 9
49 80 8 1
49 81 1 1
49 82 9 7
49 84 6 10
49 85 9 10
49 86 10 5
49 87 7 8
49 88 7 4
49 91 10 9
49 92 1 1
49 93 7 6
49 94 8 4
49 95 10 10
49 96 9 3
49 97 10 6
49 98 2 4
49 99 2 7
49 100 4 10
50 51 9 8
50 52 10 6
50 53 4 6
50 54 8 8
50 55 8 3
50 56 6 2
50 58 5 8
50 60 4 10
50 61 8 10
50 62 3 2
50 63 1 6
50 64 9 6
50 66 2 10
50 67 3 4
50 68 2 3
50 69 6 9
50 70 10 9
50 71 4 7
50 72 8 5
50 73 3 4
50 74 9 9
50 75 8 7
50 76 10 4
50 77 4 5
50 78 10 5
50 79 4 3
50 80 9 4
50 81 3 4
50 82 1 5
50 83 10 9
50 84 9 7
50 85 8 6
50 86 10 3
50 87 7 6
50 88 3 5
50 89 6 1
50 90 3 8
50 91 1 7
50 92 4 2
50 95 4 9
50 98 2 1
50 99 4 2
50 100 2 4
51 52 3 9
51 53 3 9
51 54 1 4
51 55 8 2
51 56 7 4
51 57 1 2
51 59 1 2
51 60 8 6
51 61 3 9
51 62 10 8
51 63 1 6
51 65 8 5
51 66 8 6
51 67 4 7
51 68 1 2
51 69 3 10
51 70 3 4
51 71 10 4
51 72 9 10
51 73 3 7
51 74 6 7
51 75 8 10
51 76 5 8
51 77 9 3
51 78 9 8
51 80 2 2
51 81 8 10
51 82 9 6
51 83 5 6
51 84 2 2
51 85 3 5
51 86 6 10
51 87 5 5
51 88 5 2
51 89 5 9
51 91 9 1
51 92 5 2
51 93 3 3
51 94 6 9
51 95 4 3
51 96 8 3
51 98 10 2
51 99 9 6
51 100 7 3
52 53 8 7
52 55 2 4
52 56 2 3
52 58 2 7
52 59 9 3
52 60 7 5
52 62 2 4
52 63 5 4
52 65 4 2
52 66 10 7
52 67 2 6
52 68 2 3
52 71 3 4
52 73 7 3
52 75 1 2
52 76 5 10
52 77 4 5
52 80 2 1
52 81 9 9
52 83 2 9
52 85 2 2
52 88 7 9
52 89 1 1
52 90 3 1
52 92 6 1
52 93 7 7
52 94 4 7
52 96 6 1
52 97 10 9
52 98 8 7
52 99 3 2
52 100 6 2
53 54 10 10
53 55 1 10
53 58 2 5
53 59 6 8
53 60 2 7
53 61 8 9
53 62 5 4
53 64 7 5
53 65 7 3
53 66 2 8
53 67 5 6
53 68 5 1
53 70 4 5
53 71 7 1
53 72 2 3
53 73 4 8
53 74 3 6
53 75 3 7
53 76 5 2
53 77 1 1
53 78 9 8
53 79 2 5
53 80 6 7
53 81 2 10
53 82 7 10
53 83 3 8
53 84 2 2
53 85 9 6
53 89 8 1
53 91 10 4
53 92 7 5
53 93 7 7
53 94 6 1
53 95 10 2
53 96 7 8
53 98 10 7
53 99 4 1
54 55 5 10
54 56 7 10
54 57 8 4
54 58 9 1
54 61 4 9
54 62 10 7
54 63 5 8
54 65 3 1
54 66 8 10
54 67 6 5
54 68 9 2
54 69 8 3
54 70 6 5
54 71 10 5
54 72 8 10
54 73 7 6
54 74 5 6
54 75 2 4
54 76 5 8
54 77 2 6
54 78 7 3
54 80 10 8
54 82 1 3
54 83 9 2
54 85 4 6
54 86 9 5
54 88 1 6
54 89 2 5
54 90 3 6
54 91 6 4
54 92 8 8
54 93 8 1
54 94 5 8
54 95 4 6
54 98 8 3
55 56 5 2
55 57 10 4
55 58 3 1
55 59 9 2
55 60 6 10
55 61 7 6
55 62 4 6
55 63 10 9
55 64 9 1
55 66 10 9
55 68 10 6
55 69 2 7
55 70 5 7
55 71 9 5
55 74 6 1
55 75 2 4
55 76 2 7
55 77 10 8
55 79 6 3
55 81 2 1
55 83 6 9
55 84 9 3
55 85 9 1
55 86 5 1
55 87 9 4
55 88 4 5
55 89 3 7
55 90 1 8
55 91 7 10
55 92 1 5
55 93 1 4
55 94 10 5
55 95 8 9
55 96 9 3
55 97 3 8
55 98 6 3
55 99 10 3
56 57 6 9
56 58 1 1
56 59 1 7
56 60 6 10
56 62 8 2
56 63 6 5
56 65 9 2
56 66 5 8
56 67 3 4
56 68 3 1
56 69 6 9
56 70 8 9
56 71 10 7
56 72 4 10
56 73 8 7
56 74 4 5
56 75 7 4
56 76 4 10
56 77 1 3
56 78 6 4
56 79 4 4
56 80 7 2
56 81 7 6
56 82 6 9
56 83 1 3
56 84 8 6
56 85 8 1
56 86 6 5
56 87 10 1
56 88 4 8
56 91 10 5
56 92 1 5
56 93 2 3
56 94 7 1
56 95 10 7
56 97 10 6
56 98 10 5
56 99 6 2
57 58 2 5
57 59 4 3
57 60 5 7
57 61 5 10
57 62 9 7
57 63 9 7
57 64 5 3
57 65 1 5
57 67 1 8
57 68 5 10
57 69 5 8
57 70 9 4
57 73 10 4
57 74 5 10
57 75 4 10
57 76 7 10
57 77 2 5
57 78 1 8
57 79 6 7
57 80 1 1
57 81 1 2
57 82 8 8
57 85 7 8
57 87 8 10
57 88 8 7
57 91 1 7
57 92 2 10
57 93 6 4
57 94 7 1
57 95 10 5
57 97 2 3
57 98 9 5
57 100 4 5
58 59 5 9
58 60 4 2
58 61 3 3
58 62 8 10
58 63 8 5
58 64 4 8
58 65 1 7
58 66 9 3
58 67 8 5
58 68 9 8
58 69 9 6
58 71 2 3
58 73 1 1
58 74 6 2
58 75 10 7
58 76 4 1
58 77 10 7
58 78 1 1
58 79 5 7
58 80 2 3
58 81 5 8
58 82 3 2
58 83 2 9
58 85 4 7
58 86 1 7
58 87 4 8
58 92 6 1
58 93 10 9
58 94 7 4
58 95 2 10
58 96 9 5
58 97 1 3
58 99 9 3
58 100 2 1
59 60 3 2
59 61 6 6
59 62 4 9
59 63 1 9
59 64 1 9
59 65 7 9
59 66 1 10
59 67 2 8
59 68 5 7
59 69 1 1
59 71 4 10
59 72 2 8
59 73 6 4
59 74 9 1
59 75 4 3
59 76 4 4
59 77 2 10
59 78 3 5
59 79 7 2
59 80 4 5
59 81 3 3
59 82 1 2
59 85 1 10
59 86 2 2
59 87 10 9
59 88 6 9
59 89 2 1
59 90 1 1
59 91 10 3
59 92 5 5
59 93 3 1
59 96 4 9
59 97 10 4
59 99 3 4
60 61 3 4
60 62 10 8
60 63 1 1
60 64 6 3
60 66 10 10
60 67 5 9
60 68 4 1
60 70 2 6
60 71 8 5
60 72 2 4
60 74 5 7
60 76 2 9
60 77 10 7
60 78 8 10
60 79 10 2
60 80 10 5
60 81 7 5
60 82 4 6
60 83 5 5
60 84 3 10
60 85 5 4
60 86 5 4
60 87 1 5
60 88 3 1
60 89 4 1
60 90 2 8
60 92 1 9
60 93 5 2
60 94 4 6
60 95 6 8
60 96 1 7
60 98 7 6
60 99 6 9
60 100 10 3
61 62 3 5
61 63 6 5
61 64 1 3
61 66 2 3
61 67 7 9
61 68 10 9
61 69 4 6
61 70 1 7
61 71 6 3
61 72 8 3
61 73 5 8
61 74 5 3
61 75 3 8
61 76 3 5
61 77 8 2
61 79 2 10
61 80 2 2
61 81 8 9
61 83 6 9
61 85 9 8
61 87 9 6
61 88 10 10
61 89 5 8
61 90 3 3
61 92 3 10
61 93 10 5
61 94 3 1
61 95 3 1
61 96 2 3
61 97 9 8
61 98 5 8
62 63 8 2
62 64 8 3
62 65 10 7
62 66 9 2
62 67 4 7
62 68 10 3
62 69 8 6
62 70 10 9
62 72 3 4
62 73 1 7
62 76 8 3
62 78 10 5
62 79 9 2
62 80 9 7
62 82 9 1
62 84 6 3
62 85 6 2
62 86 2 10
62 88 3 2
62 89 2 10
62 90 1 7
62 92 8 1
62 93 5 3
62 94 2 4
62 95 7 6
62 96 8 8
62 97 8 5
62 99 4 2
62 100 3 10
63 64 9 1
63 65 6 1
63 66 7 8
63 67 6 4
63 68 8 7
63 69 5 5
63 70 4 8
63 72 1 8
63 73 7 8
63 74 5 8
63 75 4 6
63 76 10 6
63 77 8 9
63 78 6 8
63 79 8 6
63 80 5 3
63 83 2 4
63 84 1 10
63 87 7 2
63 89 10 2
63 90 8 1
63 92 2 5
63 94 6 1
63 95 3 6
63 96 1 9
63 97 5 3
63 98 4 6
63 99 5 2
63 100 9 7
64 65 7 10
64 66 1 6
64 67 8 4
64 68 6 6
64 69 8 2
64 70 6 5
64 71 5 1
64 72 9 9
64 73 2 9
64 74 2 10
64 75 3 1
64 76 8 6
64 77 9 3
64 78 10 3
64 79 10 2
64 80 1 4
64 81 8 7
64 82 9 10
64 83 1 5
64 84 3 2
64 85 4 10
64 86 8 6
64 87 7 2
64 88 2 1
64 89 7 8
64 90 5 2
64 91 1 6
64 92 6 10
64 93 9 3
64 94 1 3
64 95 10 1
64 96 1 7
64 97 3 3
64 98 2 3
64 99 7 6
64 100 4 7
65 67 7 7
65 69 7 5
65 71 4 3
65 72 6 7
65 73 8 7
65 75 1 1
65 79 4 6
65 80 3 5
65 82 10 7
65 83 6 7
65 84 2 6
65 85 3 1
65 86 5 7
65 87 2 5
65 89 3 6
65 91 4 5
65 92 4 10
65 93 7 2
65 94 10 5
65 95 9 4
65 96 8 4
65 97 7 4
65 98 10 1
65 99 6 3
65 100 6 6
66 69 7 7
66 71 2 10
66 72 10 9
66 73 9 4
66 74 1 2
66 75 5 5
66 76 7 3
66 77 2 4
66 78 10 7
66 79 2 6
66 81 2 6
66 82 6 3
66 83 2 4
66 84 5 9
66 85 9 4
66 86 4 4
66 87 6 5
66 89 6 8
66 90 10 9
66 91 6 6
66 92 10 4
66 93 7 2
66 95 8 1
66 98 8 8
66 99 10 4
66 100 5 1
67 68 1 1
67 69 3 9
67 70 10 7
67 71 7 6
67 72 5 6
67 73 9 7
67 74 7 1
67 75 10 10
67 76 5 2
67 77 1 3
67 78 8 2
67 79 8 3
67 80 6 2
67 81 8 7
67 82 2 1
67 83 1 6
67 84 7 5
67 86 8 2
67 87 6 1
67 88 10 10
67 89 6 1
67 90 4 1
67 91 9 3
67 94 3 9
67 95 9 9
67 97 5 1
67 98 2 1
67 99 5 7
67 100 2 9
68 69 2 6
68 70 1 1
68 71 2 6
68 72 6 6
68 75 1 3
68 76 1 3
68 77 9 9
68 78 1 6
68 79 4 1
68 80 8 2
68 81 7 5
68 82 7 3
68 83 8 7
68 84 3 5
68 85 4 8
68 86 5 3
68 87 10 1
68 89 10 5
68 90 9 8
68 91 7 4
68 92 3 1
68 93 10 8
68 94 9 10
68 95 9 7
68 96 3 6
68 97 2 8
68 99 5 7
68 100 4 7
69 70 3 5
69 72 1 9
69 73 6 5
69 74 5 4
69 75 4 6
69 76 1 1
69 78 9 6
69 79 5 1
69 80 6 2
69 81 6 9
69 82 4 6
69 84 9 3
69 86 6 9
69 87 10 9
69 88 9 9
69 89 10 2
69 91 6 7
69 92 4 7
69 93 7 2
69 94 7 7
69 95 9 10
69 96 10 7
69 98 10 1
69 99 10 4
69 100 10 9
70 71 6 6
70 73 9 4
70 74 5 10
70 75 9 7
70 76 2 7
70 77 3 5
70 78 8 4
70 79 7 1
70 82 6 7
70 83 8 2
70 84 4 8
70 85 9 6
70 86 6 3
70 88 10 9
70 89 6 10
70 90 3 8
70 93 1 8
70 94 4 4
70 97 7 2
70 98 7 5
70 99 2 1
70 100 1 10
71 72 1 4
71 73 6 10
71 74 9 1
71 75 5 6
71 76 1 6
71 77 3 3
71 78 10 1
71 80 8 1
71 81 10 1
71 82 2 9
71 83 1 1
71 84 10 2
71 85 6 2
71 86 8 7
71 87 8 9
71 88 9 1
71 89 3 3
71 90 10 5
71 91 5 1
71 92 7 3
71 93 2 10
71 94 7 6
71 98 8 8
71 99 10 5
71 100 6 7
72 73 8 2
72 74 3 4
72 76 7 10
72 78 5 3
72 79 9 8
72 80 4 5
72 81 2 6
72 82 2 6
72 84 8 10
72 86 9 4
72 87 7 2
72 88 7 10
72 89 5 4
72 90 5 10
72 93 9 10
72 94 2 8
72 95 2 10
72 96 7 5
72 98 6 7
72 99 1 5
72 100 7 4
73 75 5 6
73 76 3 1
73 77 10 2
73 78 10 2
73 81 1 3
73 82 4 5
73 83 5 1
73 84 2 4
73 85 2 3
73 86 7 3
73 87 9 7
73 88 6 6
73 89 3 10
73 90 4 8
73 91 4 9
73 92 4 8
73 94 1 3
73 95 2 4
73 96 5 5
73 97 3 9
73 98 1 4
73 99 10 2
73 100 10 7
74 75 5 4
74 76 9 10
74 77 8 5
74 78 9 1
74 79 5 2
74 82 4 10
74 83 4 4
74 84 3 1
74 86 1 8
74 87 3 1
74 88 7 9
74 89 6 1
74 90 8 6
74 93 9 2
74 94 8 4
74 95 5 1
74 96 8 7
74 97 6 9
74 98 8 10
74 100 10 5
75 76 8 5
75 77 5 2
75 78 2 4
75 79 1 6
75 80 7 9
75 82 9 4
75 83 3 3
75 85 2 5
75 86 7 5
75 87 9 4
75 88 10 9
75 89 1 1
75 90 9 7
75 93 1 8
75 94 8 10
75 95 4 6
75 96 2 10
75 97 6 3
75 98 10 1
75 99 7 8
75 100 2 2
76 78 9 5
76 79 5 6
76 80 9 3
76 81 9 10
76 82 7 1
76 83 3 7
76 85 1 9
76 86 2 2
76 87 2 7
76 88 5 5
76 89 1 5
76 90 6 10
76 91 10 1
76 92 1 8
76 93 8 7
76 94 9 5
76 95 7 7
76 96 4 5
76 97 3 1
76 99 6 6
77 79 7 6
77 80 6 1
77 81 5 8
77 82 1 1
77 83 7 7
77 84 1 3
77 85 5 7
77 86 7 2
77 87 6 5
77 88 2 4
77 89 3 8
77 90 4 3
77 91 2 8
77 94 5 10
77 95 1 9
77 96 8 3
77 97 2 3
77 99 2 2
77 100 10 6
78 79 9 9
78 80 4 8
78 81 6 1
78 83 10 9
78 84 3 10
78 86 9 1
78 87 6 9
78 90 9 6
78 91 3 5
78 92 5 1
78 93 4 7
78 94 5 4
78 95 9 5
78 96 6 10
78 97 5 3
78 98 8 2
78 99 5 6
78 100 9 10
79 80 5 9
79 81 7 4
79 82 10 6
79 83 5 8
79 84 8 4
79 85 4 10
79 86 3 5
79 88 8 9
79 89 2 7
79 90 8 5
79 91 9 7
79 92 1 8
79 94 5 6
79 95 5 1
79 96 6 9
79 98 10 8
79 99 5 5
79 100 2 5
80 81 7 10
80 82 7 5
80 83 5 4
80 84 2 10
80 85 9 6
80 86 7 4
80 87 6 6
80 88 10 2
80 89 1 2
80 91 4 3
80 93 2 6
80 94 10 2
80 95 9 10
80 97 5 10
80 98 7 4
81 82 2 5
81 83 6 2
81 84 3 5
81 86 2 7
81 87 1 5
81 88 5 6
81 89 6 3
81 90 6 9
81 92 5 4
81 93 4 2
81 94 4 4
81 95 5 8
81 97 3 9
81 98 4 5
81 99 8 6
81 100 2 2
82 83 7 5
82 84 4 7
82 85 5 3
82 87 6 8
82 89 2 6
82 90 5 7
82 91 10 8
82 92 4 5
82 93 1 1
82 95 6 2
82 96 5 4
82 97 1 5
82 98 5 10
82 99 4 3
83 86 2 4
83 87 3 1
83 88 1 3
83 90 7 9
83 91 3 1
83 92 1 5
83 93 5 2
83 95 7 5
83 97 8 2
83 98 10 3
83 99 6 8
83 100 1 3
84 85 2 2
84 86 7 10
84 87 4 5
84 89 10 6
84 90 8 10
84 91 1 8
84 94 3 6
84 96 10 2
84 97 3 7
84 98 8 3
84 99 5 6
84 100 10 3
85 86 2 6
85 87 1 8
85 89 6 8
85 90 4 7
85 93 6 7
85 94 10 3
85 97 4 8
85 98 6 2
86 87 5 10
86 88 5 3
86 89 6 6
86 90 3 7
86 91 7 2
86 93 6 1
86 94 6 3
86 95 9 2
86 96 10 5
86 97 5 3
86 98 10 4
86 99 1 3
87 88 10 6
87 91 9 3
87 92 3 3
87 93 9 5
87 94 5 6
87 96 6 9
87 97 7 1
87 99 7 6
87 100 10 3
88 89 10 1
88 90 10 8
88 91 1 10
88 92 8 4
88 93 4 7
88 94 7 2
88 95 9 10
88 96 2 9
88 97 1 1
88 98 5 7
88 99 5 10
88 100 5 1
89 90 8 6
89 91 3 6
89 92 1 5
89 93 3 2
89 94 5 6
89 96 7 1
89 97 9 9
89 98 9 8
89 99 7 5
89 100 7 2
90 91 5 5
90 92 3 6
90 93 1 8
90 94 6 2
90 96 3 7
90 97 8 7
90 98 2 1
90 99 3 2
90 100 3 7
91 93 4 9
91 94 4 10
91 95 8 6
91 96 2 9
91 100 2 6
92 93 6 1
92 94 1 3
92 96 7 1
92 97 5 8
92 98 5 1
92 100 1 5
93 94 6 5
93 96 6 8
93 97 4 3
93 98 8 5
93 99 8 10
93 100 7 3
94 95 7 7
94 97 4 5
94 98 7 10
94 99 7 2
94 100 9 6
95 97 9 4
95 98 10 7
95 100 7 3
96 98 7 6
96 99 2 2
96 100 7 1
97 98 9 5
97 99 3 8
98 99 2 8
98 100 6 5
1
1 2 3 4 5 6 7 8 9 10 11 12 13 14 15 16 17 18 19 20 21 22 23 24 25 26 27 28 29 30 31 32 33 34 35 36 37 38 39 40 41 42 43 44 45 46 47 48 49 50
