3978
1 2 2 4
1 3 8 7
1 4 6 7
1 5 6 4
1 6 7 7
1 7 1 3
1 8 10 9
1 9 1 1
1 10 7 6
1 11 9 1
1 12 3 7
1 13 5 6
1 14 8 2
1 15 7 7
1 16 3 10
1 17 10 3
1 18 8 7
1 20 6 3
1 21 1 4
1 23 5 3
1 24 3 2
1 25 7 9
1 26 2 5
1 27 5 5
1 29 7 2
1 30 3 5
1 31 8 1
1 32 6 8
1 33 7 9
1 34 2 8
1 35 9 1
1 36 2 5
1 38 2 1
1 39 10 2
1 40 1 5
1 41 1 1
1 42 5 8
1 43 3 7
1 44 2 9
1 45 2 8
1 47 10 10
1 48 6 8
1 49 3 9
1 50 6 2
1 51 2 3
1 52 8 9
1 53 7 7
1 54 1 8
1 55 6 2
1 56 7 8
1 58 8 2
1 60 1 2
1 61 9 7
1 63 5 5
1 64 5 6
1 65 4 3
1 66 2 4
1 67 8 6
1 68 3 9
1 69 3 10
1 70 3 9
1 72 4 10
1 73 4 6
1 76 8 1
1 78 4 2
1 79 1 5
1 80 8 8
1 81 4 10
1 82 10 2
1 83 7 7
1 86 4 5
1 88 5 4
1 90 8 3
1 91 7 7
1 92 1 3
1 93 8 7
1 94 2 10
1 95 10 2
1 97 1 8
1 99 8 8
1 100 5 2
2 3 5 2
2 4 8 8
2 8 1 8
2 9 7 2
2 10 10 8
2 11 2 7
2 12 8 7
2 13 9 6
2 14 3 6
2 15 3 4
2 17 6 2
2 18 10 3
2 19 9 1
2 21 8 5
2 22 6 7
2 23 7 8
2 24 3 2
2 26 3 9
2 27 7 10
2 29 7 2
2 30 10 5
2 32 9 8
2 33 3 5
2 35 4 10
2 36 1 2
2 37 4 9
2 38 1 2
2 40 7 10
2 41 6 1
2 42 3 5
2 43 2 5
2 44 1 2
2 45 10 7
2 46 7 7
2 47 1 4
2 48 4 4
2 50 10 8
2 51 3 5
2 52 10 6
2 55 9 8
2 57 9 2
2 58 7 7
2 59 1 10
2 60 10 2
2 61 1 1
2 62 9 8
2 63 4 10
2 64 7 6
2 65 2 6
2 66 5 9
2 68 3 9
2 69 10 7
2 70 7 8
2 71 5 5
2 72 9 4
2 73 5 1
2 74 5 6
2 75 8 6
2 76 3 4
2 77 4 1
2 78 1 4
2 79 5 8
2 80 7 2
2 81 7 4
2 83 5 1
2 84 7 10
2 86 2 4
2 87 4 2
2 89 2 10
2 90 9 6
2 91 7 2
2 92 3 7
2 93 5 5
2 94 7 10
2 95 5 5
2 98 4 2
2 99 1 1
2 100 6 1
3 4 5 1
3 6 4 5
3 7 8 2
3 8 5 3
3 9 4 8
3 11 7 10
3 12 10 9
3 13 2 10
3 14 2 2
3 15 1 1
3 16 3 4
3 17 4 4
3 18 7 1
3 19 1 3
3 20 8 5
3 21 2 3
3 22 7 5
3 23 7 5
3 24 3 6
3 26 4 2
3 30 8 5
3 31 9 10
3 32 9 5
3 33 1 6
3 35 6 7
3 36 3 2
3 37 8 7
3 38 9 2
3 39 9 8
3 40 4 6
3 42 10 6
3 43 1 7
3 44 6 6
3 45 5 1
3 46 7 9
3 48 4 4
3 49 8 1
3 50 6 5
3 51 7 1
3 52 2 9
3 54 4 3
3 55 6 2
3 56 5 3
3 57 5 8
3 58 2 2
3 59 3 5
3 60 8 9
3 62 10 6
3 64 2 6
3 65 5 10
3 66 8 1
3 67 6 7
3 68 3 3
3 69 9 3
3 70 1 2
3 71 5 10
3 74 9 8
3 75 10 7
3 76 10 3
3 77 9 1
3 78 2 8
3 79 9 5
3 80 6 10
3 81 5 2
3 82 8 6
3 83 1 3
3 85 5 10
3 86 2 4
3 87 7 2
3 88 4 9
3 89 2 6
3 91 6 7
3 92 1 7
3 93 5 8
3 95 1 8
3 96 10 9
3 98 9 10
3 99 6 10
3 100 7 7
4 5 1 8
4 6 7 1
4 7 3 9
4 8 4 3
4 9 8 5
4 10 8 7
4 12 7 6
4 13 2 6
4 14 10 3
4 15 8 7
4 16 9 8
4 17 7 8
4 18 10 10
4 19 3 6
4 20 2 10
4 21 3 8
4 22 4 5
4 23 4 8
4 24 9 8
4 25 9 1
4 26 2 6
4 27 5 1
4 28 8 5
4 29 9 10
4 30 4 10
4 31 10 3
4 32 1 2
4 33 5 4
4 34 2 3
4 35 3 6
4 36 2 7
4 37 4 7
4 38 6 3
4 39 7 5
4 40 1 10
4 41 7 5
4 42 4 8
4 43 7 7
4 44 1 7
4 45 1 7
4 46 1 8
4 47 3 8
4 48 10 9
4 50 10 10
4 51 2 8
4 52 7 6
4 53 3 7
4 55 8 8
4 56 10 7
4 58 4 9
4 59 5 1
4 60 5 9
4 61 3 10
4 62 3 5
4 65 6 2
4 66 1 5
4 67 7 4
4 68 2 5
4 71 2 1
4 72 5 5
4 73 1 10
4 74 7 1
4 76 2 9
4 77 9 4
4 78 4 2
4 79 10 2
4 80 2 8
4 81 3 2
4 83 8 2
4 85 2 3
4 86 2 5
4 87 2 2
4 88 7 7
4 90 6 3
4 92 7 7
4 94 6 3
4 95 3 2
4 96 7 6
4 97 6 10
4 98 6 2
4 99 1 7
4 100 1 6
5 6 1 1
5 7 4 2
5 8 10 7
5 10 9 8
5 11 1 10
5 12 8 7
5 13 10 6
5 14 10 9
5 15 1 5
5 16 4 6
5 18 5 5
5 19 1 3
5 20 2 6
5 21 4 2
5 23 8 2
5 24 8 3
5 25 6 7
5 27 10 6
5 28 5 6
5 29 6 3
5 30 4 7
5 31 7 9
5 32 4 7
5 33 10 5
5 34 9 4
5 35 6 7
5 36 2 4
5 37 1 3
5 38 4 2
5 39 8 1
5 40 10 6
5 41 4 9
5 42 10 2
5 43 5 6
5 45 4 9
5 46 10 5
5 47 9 6
5 48 7 8
5 50 1 4
5 51 3 5
5 52 4 8
5 53 6 10
5 54 8 10
5 55 5 5
5 57 3 2
5 58 10 4
5 59 9 1
5 60 8 5
5 61 7 7
5 62 7 1
5 63 6 7
5 64 3 3
5 65 9 7
5 66 1 5
5 67 7 1
5 68 9 7
5 69 10 10
5 70 9 10
5 71 3 5
5 72 6 7
5 73 1 6
5 74 9 2
5 76 1 7
5 77 8 8
5 78 3 2
5 80 2 1
5 81 6 10
5 83 8 1
5 84 10 9
5 85 7 3
5 86 3 9
5 87 1 7
5 88 1 10
5 90 4 5
5 91 2 7
5 92 3 7
5 93 7 7
5 94 3 8
5 95 5 1
5 96 7 2
5 97 3 5
5 98 6 8
5 99 8 4
5 100 5 6
6 7 1 4
6 8 6 3
6 12 4 2
6 13 1 9
6 14 4 3
6 15 5 8
6 17 5 1
6 19 9 10
6 20 5 4
6 21 2 2
6 22 7 7
6 23 2 6
6 24 7 6
6 27 7 10
6 28 10 7
6 29 9 2
6 30 1 8
6 31 10 9
6 32 8 7
6 33 4 2
6 34 8 9
6 35 2 3
6 36 6 2
6 37 4 2
6 38 2 4
6 39 10 7
6 40 5 4
6 41 4 4
6 42 5 9
6 43 1 9
6 45 5 2
6 46 4 5
6 47 1 9
6 48 9 8
6 49 10 9
6 51 7 1
6 52 9 9
6 53 2 9
6 54 6 5
6 55 9 6
6 56 3 10
6 58 1 2
6 59 9 4
6 60 9 2
6 61 9 4
6 62 4 5
6 63 9 5
6 64 5 10
6 65 5 7
6 66 7 8
6 67 8 10
6 68 1 5
6 69 1 6
6 70 4 10
6 72 10 9
6 73 9 10
6 74 2 4
6 76 5 3
6 77 4 9
6 78 2 8
6 79 5 5
6 81 3 7
6 83 3 7
6 84 3 3
6 85 2 1
6 86 2 5
6 87 6 6
6 88 1 7
6 90 10 2
6 92 10 7
6 93 6 6
6 94 7 4
6 95 8 7
6 97 4 8
6 98 9 5
6 100 3 4
7 8 3 2
7 9 6 4
7 10 10 5
7 11 6 1
7 12 1 10
7 13 2 4
7 14 10 4
7 15 1 7
7 16 10 6
7 17 3 4
7 18 7 6
7 21 6 10
7 22 2 6
7 23 1 6
7 24 3 7
7 25 6 3
7 27 7 2
7 28 10 4
7 29 2 9
7 30 1 7
7 31 1 3
7 32 5 1
7 33 9 4
7 34 7 9
7 35 8 1
7 36 3 7
7 37 7 9
7 38 10 8
7 39 4 5
7 40 4 8
7 41 8 9
7 43 8 2
7 45 4 8
7 46 7 4
7 48 3 8
7 49 7 2
7 50 2 4
7 51 5 4
7 53 2 1
7 54 4 7
7 55 1 1
7 56 5 8
7 57 5 8
7 58 7 1
7 60 4 9
7 61 6 10
7 62 3 2
7 63 9 4
7 64 4 4
7 65 10 1
7 66 8 6
7 67 3 8
7 68 1 2
7 70 9 10
7 71 7 7
7 72 4 5
7 73 10 6
7 74 4 5
7 76 8 2
7 77 8 5
7 78 8 9
7 80 10 8
7 82 4 2
7 83 7 2
7 84 10 6
7 85 4 10
7 86 4 4
7 87 9 2
7 88 9 1
7 90 10 9
7 92 8 2
7 93 4 7
7 95 6 6
7 97 8 9
7 98 9 10
7 100 1 5
8 9 7 6
8 10 3 3
8 11 2 9
8 12 3 6
8 13 3 3
8 14 7 6
8 15 1 1
8 16 7 6
8 17 9 2
8 18 6 3
8 19 8 10
8 20 9 10
8 21 9 3
8 22 2 9
8 24 4 2
8 25 7 2
8 26 7 3
8 27 5 8
8 28 4 10
8 29 9 8
8 30 3 7
8 31 8 2
8 32 9 1
8 33 5 5
8 34 5 7
8 35 6 7
8 37 5 6
8 38 4 2
8 40 5 2
8 42 2 10
8 44 9 10
8 45 6 10
8 47 10 5
8 49 8 4
8 50 2 9
8 51 2 6
8 52 4 6
8 53 6 2
8 56 5 4
8 57 7 4
8 58 8 6
8 59 8 2
8 60 5 6
8 61 1 5
8 62 2 1
8 63 10 9
8 66 8 3
8 67 2 4
8 70 10 4
8 71 10 10
8 73 9 3
8 74 4 5
8 75 9 8
8 76 3 7
8 77 1 8
8 78 6 1
8 80 3 1
8 81 1 8
8 83 7 7
8 84 6 3
8 85 9 9
8 87 9 7
8 88 8 2
8 89 1 10
8 90 2 6
8 91 4 2
8 92 7 9
8 94 8 5
8 95 6 9
8 98 6 6
8 99 4 10
8 100 3 2
9 10 10 4
9 11 8 8
9 12 3 10
9 13 5 2
9 14 10 5
9 15 9 10
9 16 8 4
9 20 3 7
9 21 5 6
9 22 2 2
9 24 8 9
9 25 9 1
9 26 1 6
9 27 7 5
9 28 9 6
9 29 9 9
9 30 6 9
9 31 5 2
9 33 4 8
9 34 4 7
9 35 5 8
9 36 3 1
9 37 9 3
9 39 4 10
9 40 3 5
9 42 10 4
9 43 1 8
9 44 8 8
9 45 4 7
9 46 8 2
9 47 5 3
9 51 6 8
9 52 2 3
9 53 4 5
9 54 2 8
9 55 9 2
9 56 7 10
9 57 6 8
9 58 5 9
9 60 10 8
9 61 7 3
9 62 10 9
9 63 10 6
9 64 6 9
9 65 7 1
9 66 8 10
9 68 2 9
9 69 6 2
9 70 2 10
9 71 8 3
9 72 8 2
9 73 3 9
9 74 8 3
9 76 3 1
9 77 8 3
9 78 9 8
9 79 10 5
9 80 7 7
9 81 4 8
9 82 10 10
9 83 8 5
9 84 6 9
9 85 2 10
9 86 5 4
9 87 3 5
9 88 4 5
9 89 5 2
9 92 9 1
9 93 10 4
9 94 8 7
9 95 6 4
9 96 9 10
9 97 5 6
9 99 5 8
9 100 7 4
10 11 3 4
10 13 1 10
10 14 7 2
10 15 9 6
10 16 10 8
10 17 1 5
10 18 7 6
10 20 8 3
10 22 6 4
10 23 10 8
10 24 8 4
10 25 6 8
10 26 10 2
10 27 1 1
10 29 3 6
10 30 1 9
10 31 3 2
10 32 10 2
10 33 5 1
10 34 1 3
10 35 5 1
10 36 2 7
10 38 2 8
10 39 5 10
10 40 2 4
10 41 2 1
10 42 2 8
10 43 2 10
10 44 5 9
10 45 6 8
10 46 3 4
10 47 10 3
10 48 2 9
10 49 9 4
10 50 6 10
10 51 5 1
10 52 5 10
10 54 1 3
10 55 1 1
10 56 7 7
10 57 9 4
10 58 8 1
10 59 5 9
10 60 5 1
10 62 10 5
10 63 6 6
10 64 4 1
10 65 7 7
10 66 3 2
10 68 5 6
10 69 10 6
10 70 5 6
10 71 1 6
10 74 8 5
10 76 6 9
10 77 8 9
10 78 3 8
10 80 5 7
10 81 3 10
10 82 6 5
10 83 1 2
10 84 4 9
10 85 7 1
10 87 8 9
10 88 3 7
10 89 8 8
10 90 10 6
10 91 1 3
10 93 6 7
10 94 6 9
10 95 7 1
10 96 2 1
10 97 9 9
10 98 7 9
10 99 2 3
10 100 9 9
11 12 5 2
11 13 3 7
11 14 4 6
11 17 6 7
11 18 9 10
11 19 1 4
11 20 7 10
11 21 9 2
11 22 5 9
11 23 4 7
11 25 6 6
11 26 1 1
11 27 5 10
11 28 6 6
11 29 5 1
11 31 2 9
11 32 1 2
11 33 10 3
11 34 1 2
11 35 7 2
11 36 8 2
11 38 6 10
11 39 9 8
11 40 9 3
11 41 10 9
11 42 2 10
11 43 7 3
11 44 9 7
11 45 6 5
11 46 5 6
11 47 8 8
11 48 3 10
11 49 6 5
11 50 7 8
11 51 6 2
11 52 2 6
11 53 5 6
11 56 5 3
11 57 6 9
11 58 7 3
11 59 3 3
11 60 1 9
11 61 10 3
11 63 6 2
11 64 9 5
11 65 3 4
11 66 3 5
11 67 1 10
11 68 7 7
11 69 3 5
11 70 7 5
11 71 6 4
11 72 7 10
11 73 4 7
11 74 6 10
11 75 10 8
11 76 6 5
11 78 10 2
11 79 3 5
11 80 10 7
11 82 8 2
11 83 10 3
11 84 5 6
11 87 5 8
11 88 2 8
11 90 5 1
11 91 3 2
11 92 10 1
11 93 5 7
11 94 9 4
11 95 3 6
11 96 9 9
11 97 3 10
11 98 7 6
11 100 5 3
12 13 5 2
12 14 7 1
12 15 3 9
12 16 7 6
12 17 10 8
12 19 1 6
12 20 4 7
12 22 8 7
12 25 10 8
12 26 10 5
12 27 9 10
12 28 7 1
12 29 5 2
12 30 10 5
12 31 3 7
12 32 6 8
12 33 8 9
12 34 2 6
12 35 8 6
12 36 2 1
12 37 6 5
12 39 6 1
12 40 8 10
12 41 2 2
12 42 5 10
12 44 7 8
12 45 4 10
12 48 1 1
12 49 6 3
12 50 8 2
12 51 6 2
12 52 7 7
12 53 8 5
12 54 9 5
12 55 1 9
12 56 7 7
12 57 10 1
12 60 9 9
12 61 5 1
12 64 4 6
12 65 2 10
12 66 2 6
12 67 7 8
12 68 10 6
12 69 1 9
12 70 1 4
12 72 10 10
12 73 3 3
12 74 3 4
12 75 1 2
12 77 3 2
12 78 10 4
12 79 3 8
12 80 9 4
12 81 10 8
12 82 3 9
12 83 9 3
12 84 2 9
12 86 2 2
12 87 8 8
12 88 4 7
12 89 4 2
12 90 4 8
12 91 2 4
12 93 9 8
12 94 8 10
12 95 9 6
12 96 4 9
12 97 4 1
12 98 6 5
12 99 8 1
12 100 10 9
13 14 4 5
13 15 9 6
13 16 7 9
13 18 5 9
13 19 5 10
13 20 9 7
13 21 5 1
13 23 4 1
13 24 3 7
13 25 6 1
13 26 3 10
13 29 4 8
13 30 7 7
13 32 5 3
13 35 8 1
13 37 9 10
13 38 7 9
13 39 10 10
13 40 5 8
13 41 9 2
13 42 10 3
13 43 7 9
13 44 10 2
13 48 8 10
13 49 2 6
13 50 2 7
13 51 7 9
13 53 10 8
13 54 3 9
13 55 7 10
13 57 3 1
13 59 7 10
13 61 8 8
13 63 3 6
13 64 4 2
13 65 7 7
13 66 1 4
13 69 4 1
13 70 8 7
13 71 8 10
13 73 10 10
13 75 2 7
13 77 8 3
13 78 3 8
13 79 6 2
13 83 4 9
13 84 3 4
13 85 10 5
13 86 2 8
13 87 10 4
13 88 4 6
13 89 3 6
13 90 3 6
13 91 10 6
13 93 4 4
13 95 5 3
13 96 1 1
13 97 2 1
13 98 3 1
13 99 8 5
13 100 8 10
14 15 7 3
14 16 9 10
14 17 2 8
14 18 3 2
14 19 5 1
14 20 8 5
14 21 6 1
14 23 5 1
14 24 3 6
14 25 5 9
14 26 2 5
14 30 4 2
14 31 8 3
14 32 5 1
14 33 1 8
14 34 1 4
14 35 9 7
14 36 4 4
14 37 8 4
14 38 2 4
14 39 8 5
14 40 3 1
14 41 7 8
14 44 5 5
14 45 10 7
14 46 4 3
14 48 7 2
14 51 9 9
14 52 6 1
14 54 10 10
14 55 5 7
14 57 2 6
14 58 4 1
14 59 2 1
14 61 2 1
14 62 4 3
14 63 10 2
14 64 10 2
14 65 4 3
14 66 8 4
14 67 8 4
14 68 7 4
14 70 8 8
14 71 7 2
14 72 1 10
14 74 8 1
14 75 10 2
14 76 2 1
14 77 3 5
14 78 10 1
14 79 1 9
14 80 1 2
14 81 3 8
14 82 10 6
14 83 10 9
14 84 8 9
14 86 1 5
14 88 8 9
14 90 6 3
14 91 4 6
14 92 6 4
14 94 2 9
14 95 7 6
14 96 1 5
14 97 3 5
14 98 5 6
14 100 5 3
15 16 1 2
15 17 3 6
15 20 3 2
15 21 10 3
15 22 2 2
15 23 6 6
15 24 1 1
15 25 8 9
15 26 10 5
15 27 1 10
15 29 8 10
15 30 2 7
15 34 7 8
15 35 10 10
15 36 1 4
15 37 9 7
15 38 7 7
15 39 2 7
15 40 2 9
15 41 8 1
15 42 2 8
15 43 10 9
15 44 4 7
15 45 1 7
15 46 4 4
15 47 10 2
15 48 1 1
15 49 3 4
15 51 9 4
15 53 9 4
15 54 1 10
15 55 7 3
15 56 1 7
15 57 3 5
15 58 4 1
15 60 5 9
15 61 7 3
15 62 7 1
15 63 9 7
15 64 10 4
15 65 8 1
15 66 10 5
15 67 7 9
15 69 9 10
15 70 5 8
15 71 2 8
15 72 9 9
15 76 3 10
15 77 3 5
15 78 8 9
15 79 5 4
15 80 9 1
15 81 6 9
15 82 6 4
15 84 4 1
15 85 6 5
15 86 3 7
15 87 9 4
15 88 10 9
15 89 7 6
15 90 6 2
15 93 10 8
15 94 8 9
15 96 5 7
15 98 3 7
15 99 4 8
16 17 2 1
16 18 1 5
16 19 3 4
16 21 9 3
16 22 6 10
16 24 7 10
16 25 1 8
16 26 9 7
16 27 1 9
16 28 4 7
16 29 9 8
16 30 7 2
16 31 7 5
16 34 10 2
16 35 9 6
16 37 6 8
16 38 8 8
16 40 5 3
16 42 1 6
16 45 1 6
16 48 5 8
16 49 9 1
16 50 1 2
16 51 9 2
16 52 5 8
16 54 9 9
16 55 10 10
16 56 1 7
16 57 9 8
16 58 3 3
16 59 6 8
16 60 5 10
16 61 5 5
16 62 2 4
16 63 7 10
16 64 3 5
16 65 6 5
16 67 4 8
16 69 3 1
16 70 3 6
16 71 8 4
16 72 1 2
16 73 7 10
16 74 2 6
16 75 5 7
16 77 7 2
16 78 8 6
16 79 6 2
16 80 4 4
16 82 8 6
16 83 7 1
16 86 1 4
16 87 3 8
16 88 10 3
16 89 2 6
16 90 5 3
16 91 1 3
16 93 2 8
16 95 7 1
16 96 3 9
16 97 10 5
16 98 9 5
17 18 8 1
17 19 5 6
17 20 9 10
17 21 9 5
17 23 8 3
17 24 2 3
17 25 1 6
17 26 4 9
17 28 4 7
17 29 10 10
17 30 8 7
17 31 10 9
17 32 3 4
17 33 9 10
17 34 4 8
17 35 5 10
17 37 8 4
17 39 3 3
17 41 3 8
17 42 7 4
17 43 6 4
17 44 2 1
17 45 3 7
17 46 2 7
17 47 3 7
17 49 7 8
17 50 7 6
17 51 8 10
17 53 2 3
17 54 6 8
17 55 4 10
17 56 3 4
17 57 5 1
17 59 10 4
17 60 10 9
17 63 10 4
17 64 2 2
17 65 5 2
17 66 1 9
17 67 3 10
17 68 9 4
17 69 9 1
17 70 3 5
17 71 9 7
17 72 5 4
17 73 5 5
17 74 9 3
17 75 3 8
17 76 8 9
17 77 1 10
17 78 4 7
17 79 10 7
17 80 9 1
17 81 9 10
17 82 8 1
17 83 4 4
17 84 8 4
17 85 8 10
17 86 4 7
17 87 5 10
17 88 10 7
17 90 1 6
17 91 6 8
17 92 8 7
17 93 3 9
17 95 3 1
17 96 2 5
17 97 9 5
17 98 7 8
17 99 2 8
17 100 6 4
18 20 5 2
18 21 2 7
18 22 4 3
18 23 9 2
18 24 1 2
18 25 9 7
18 26 2 7
18 27 3 10
18 28 2 2
18 29 7 8
18 31 8 7
18 33 8 3
18 36 5 6
18 38 7 4
18 39 7 7
18 40 8 2
18 41 3 4
18 42 9 2
18 43 3 8
18 44 10 6
18 45 4 2
18 46 1 10
18 48 6 5
18 49 9 3
18 50 7 5
18 52 4 6
18 53 10 8
18 54 5 3
18 55 9 1
18 56 8 8
18 57 7 6
18 58 8 3
18 59 5 6
18 60 3 3
18 61 10 2
18 62 2 6
18 63 5 10
18 64 10 2
18 65 7 1
18 66 8 10
18 67 7 5
18 68 5 3
18 69 5 4
18 70 10 1
18 71 10 7
18 72 6 2
18 74 7 5
18 75 7 10
18 76 4 6
18 77 9 6
18 79 2 7
18 80 6 2
18 81 7 3
18 82 1 6
18 84 7 4
18 85 8 10
18 86 2 4
18 87 8 6
18 88 1 4
18 89 6 2
18 90 3 4
18 91 3 2
18 93 7 8
18 94 4 4
18 95 9 3
18 96 4 8
18 97 10 10
18 98 4 5
18 99 10 7
18 100 3 4
19 20 6 9
19 21 9 10
19 22 6 1
19 23 5 10
19 24 9 10
19 25 3 4
19 26 9 8
19 27 5 9
19 28 4 8
19 30 1 10
19 31 9 8
19 32 3 2
19 33 4 10
19 34 4 8
19 35 7 2
19 36 8 8
19 38 2 1
19 41 7 8
19 42 2 2
19 43 7 7
19 44 1 9
19 45 3 8
19 47 3 1
19 48 6 7
19 50 3 8
19 51 5 4
19 52 8 5
19 53 8 3
19 55 6 10
19 56 10 10
19 57 8 2
19 58 6 10
19 59 4 7
19 60 8 3
19 61 8 2
19 63 2 2
19 64 8 1
19 65 9 9
19 66 10 7
19 67 9 3
19 68 8 4
19 69 6 10
19 70 5 6
19 72 5 7
19 73 1 1
19 74 2 1
19 75 9 1
19 76 8 1
19 77 3 9
19 78 6 3
19 79 3 8
19 80 9 3
19 81 2 8
19 82 1 2
19 83 10 5
19 84 2 7
19 85 1 6
19 86 7 10
19 87 9 2
19 88 7 7
19 89 6 9
19 90 4 2
19 91 2 9
19 92 6 3
19 93 5 10
19 94 8 4
19 95 3 1
19 96 7 2
19 97 1 5
19 98 2 4
19 99 3 8
19 100 3 5
20 22 6 10
20 23 9 6
20 24 8 10
20 25 2 7
20 26 10 10
20 27 6 7
20 28 9 2
20 29 10 2
20 30 6 6
20 31 7 3
20 32 7 8
20 34 6 2
20 35 7 2
20 36 1 7
20 37 1 2
20 38 10 6
20 39 4 5
20 40 10 6
20 41 1 10
20 42 6 10
20 43 1 8
20 45 3 10
20 46 3 4
20 47 2 4
20 48 7 9
20 49 9 2
20 50 2 1
20 51 7 3
20 52 8 7
20 53 3 4
20 55 5 7
20 56 2 2
20 57 3 5
20 58 7 3
20 59 5 10
20 60 4 9
20 64 9 6
20 65 6 3
20 66 2 8
20 67 2 4
20 68 7 2
20 69 4 2
20 70 9 10
20 71 3 1
20 73 3 2
20 74 5 7
20 75 5 7
20 76 2 9
20 82 4 10
20 84 9 8
20 85 6 2
20 87 5 9
20 88 3 2
20 89 3 1
20 91 2 9
20 92 5 6
20 93 6 4
20 94 9 10
20 95 3 2
20 96 5 4
20 97 1 7
20 98 6 9
20 99 3 10
20 100 7 6
21 22 1 2
21 23 9 6
21 25 1 6
21 26 1 5
21 27 4 3
21 31 8 7
21 32 9 6
21 33 5 1
21 34 8 5
21 35 5 6
21 36 9 2
21 38 2 6
21 39 2 1
21 40 4 9
21 41 3 4
21 42 9 5
21 43 8 2
21 44 6 10
21 45 9 2
21 46 4 10
21 47 1 10
21 48 2 10
21 49 4 8
21 50 1 5
21 51 7 3
21 52 7 8
21 53 8 4
21 54 9 10
21 55 3 7
21 56 5 8
21 58 8 2
21 60 5 8
21 61 6 8
21 63 9 8
21 64 2 3
21 66 7 8
21 67 1 3
21 68 9 5
21 69 1 4
21 72 10 9
21 73 4 4
21 74 10 8
21 75 10 2
21 77 10 3
21 78 5 3
21 81 7 3
21 82 9 4
21 83 3 2
21 84 5 9
21 85 4 3
21 86 7 5
21 87 7 4
21 89 8 6
21 90 8 1
21 92 4 1
21 93 6 2
21 94 7 5
21 95 7 4
21 96 10 6
21 97 7 4
22 23 5 3
22 24 10 5
22 25 9 10
22 27 2 5
22 28 3 9
22 29 7 6
22 31 4 4
22 32 3 6
22 33 7 6
22 34 8 5
22 35 4 4
22 36 3 4
22 37 10 9
22 38 2 6
22 40 9 4
22 42 9 3
22 43 5 6
22 44 3 2
22 45 8 9
22 46 5 2
22 47 9 10
22 48 7 1
22 49 5 2
22 50 7 4
22 51 4 3
22 53 3 8
22 54 5 5
22 55 8 10
22 56 2 8
22 57 9 10
22 58 9 4
22 60 9 2
22 61 7 7
22 62 8 3
22 63 3 7
22 64 9 7
22 66 9 4
22 67 6 2
22 68 3 5
22 69 2 3
22 73 4 2
22 75 8 3
22 76 5 3
22 78 1 9
22 79 2 7
22 80 1 5
22 81 5 7
22 82 3 2
22 83 7 6
22 85 8 7
22 86 5 5
22 87 9 10
22 88 4 5
22 89 5 2
22 90 2 3
22 91 10 5
22 92 9 7
22 93 8 4
22 94 8 7
22 95 8 7
22 96 6 8
22 97 6 5
22 98 8 5
22 99 9 4
23 24 7 8
23 25 1 5
23 26 3 5
23 28 3 8
23 29 1 10
23 30 4 1
23 31 1 2
23 33 2 8
23 34 6 1
23 35 7 6
23 36 6 9
23 37 3 1
23 38 8 10
23 40 3 7
23 41 10 5
23 42 6 8
23 44 6 1
23 45 3 2
23 46 8 10
23 48 6 5
23 49 2 1
23 50 5 4
23 51 2 1
23 52 5 8
23 53 10 8
23 54 3 2
23 57 7 3
23 58 6 9
23 59 2 4
23 60 6 3
23 61 6 3
23 62 8 9
23 63 7 9
23 64 6 1
23 66 6 4
23 68 7 2
23 69 1 3
23 70 8 1
23 71 1 7
23 72 5 10
23 73 9 4
23 74 10 9
23 76 8 9
23 77 9 3
23 78 7 10
23 79 8 3
23 81 3 5
23 83 7 3
23 84 9 7
23 85 5 3
23 86 2 9
23 90 7 10
23 91 5 1
23 92 8 2
23 94 2 8
23 95 5 6
23 96 6 4
23 97 2 5
23 98 9 4
23 99 10 6
23 100 1 4
24 26 5 6
24 27 3 4
24 28 3 2
24 29 4 2
24 30 2 7
24 31 2 5
24 33 5 1
24 34 2 10
24 35 5 8
24 36 8 2
24 38 6 9
24 39 7 3
24 40 4 7
24 43 4 8
24 44 6 8
24 45 6 2
24 46 1 6
24 47 10 3
24 49 4 6
24 50 2 5
24 51 6 4
24 52 6 8
24 53 9 6
24 54 6 10
24 55 8 10
24 56 7 1
24 57 5 1
24 58 1 8
24 60 4 2
24 61 9 2
24 62 10 3
24 63 3 9
24 64 9 3
24 65 2 9
24 66 5 1
24 67 10 7
24 69 4 5
24 72 6 2
24 73 8 5
24 74 2 1
24 75 6 7
24 76 4 5
24 77 2 8
24 78 7 5
24 79 9 2
24 80 3 6
24 81 7 5
24 82 3 9
24 83 4 2
24 84 2 3
24 85 4 5
24 86 10 1
24 88 6 4
24 89 4 7
24 90 4 10
24 91 8 6
24 92 6 5
24 93 2 1
24 94 3 7
24 95 8 2
24 96 3 2
24 97 10 7
24 98 2 8
24 99 7 9
24 100 9 1
25 26 2 9
25 28 10 5
25 29 8 5
25 30 9 5
25 31 4 10
25 32 4 9
25 34 3 5
25 35 7 10
25 36 10 8
25 37 4 3
25 38 5 8
25 39 8 1
25 40 1 7
25 42 6 8
25 43 10 5
25 44 2 6
25 45 9 3
25 48 5 10
25 50 10 2
25 51 8 9
25 52 4 7
25 53 1 5
25 54 6 6
25 56 8 2
25 59 9 7
25 60 8 10
25 61 8 4
25 62 3 6
25 63 9 7
25 64 3 7
25 65 2 3
25 66 2 7
25 67 5 8
25 68 1 3
25 71 9 5
25 72 6 1
25 73 6 6
25 74 7 1
25 76 7 1
25 78 10 2
25 80 2 10
25 81 9 1
25 82 4 1
25 83 2 8
25 84 3 4
25 85 1 9
25 87 5 5
25 88 2 6
25 89 10 7
25 90 6 2
25 91 10 7
25 92 5 2
25 93 9 7
25 94 7 9
25 96 5 5
25 97 1 10
25 98 2 1
25 100 9 6
26 27 7 10
26 28 9 2
26 31 1 1
26 32 2 2
26 34 5 3
26 35 1 7
26 36 3 7
26 40 3 3
26 41 2 9
26 42 6 4
26 43 5 1
26 44 1 8
26 45 2 7
26 46 1 6
26 47 9 5
26 48 10 10
26 51 7 10
26 52 5 10
26 54 7 1
26 55 1 7
26 56 8 6
26 57 3 2
26 59 7 4
26 61 9 9
26 64 9 8
26 66 1 6
26 69 9 10
26 70 3 3
26 71 10 6
26 72 1 4
26 73 2 7
26 74 2 3
26 75 8 10
26 76 9 8
26 77 7 3
26 79 9 9
26 81 10 6
26 82 6 8
26 83 1 2
26 85 5 2
26 86 1 6
26 87 10 1
26 88 1 7
26 89 7 7
26 90 1 3
26 91 4 1
26 92 10 2
26 93 2 7
26 94 10 1
26 96 8 1
26 98 3 3
26 100 6 6
27 28 9 10
27 29 5 9
27 30 10 5
27 32 5 1
27 33 8 9
27 34 2 8
27 36 8 1
27 37 9 9
27 38 10 6
27 39 6 3
27 40 9 4
27 41 4 2
27 42 8 8
27 43 2 10
27 46 5 1
27 48 2 10
27 49 5 5
27 50 6 9
27 52 2 6
27 53 2 4
27 54 7 7
27 55 7 10
27 56 8 3
27 57 10 8
27 58 8 7
27 59 10 9
27 60 2 6
27 61 7 5
27 62 6 4
27 63 1 8
27 65 2 10
27 67 8 8
27 68 2 9
27 69 10 6
27 71 7 2
27 72 10 10
27 73 8 9
27 74 5 7
27 76 4 9
27 77 10 9
27 78 8 3
27 79 10 5
27 80 7 4
27 81 8 3
27 82 9 10
27 83 3 10
27 84 10 9
27 85 2 1
27 86 4 6
27 87 7 3
27 89 2 3
27 91 7 9
27 92 2 8
27 93 9 9
27 95 1 9
27 96 8 3
27 97 4 10
27 98 5 7
27 99 7 3
27 100 10 10
28 29 9 6
28 30 9 4
28 31 9 5
28 32 10 2
28 33 10 5
28 34 4 3
28 35 6 4
28 36 8 4
28 37 4 8
28 38 10 5
28 39 6 3
28 42 1 8
28 43 1 9
28 45 10 4
28 46 1 2
28 47 5 7
28 48 1 8
28 50 3 4
28 51 8 4
28 52 7 4
28 53 1 1
28 54 6 6
28 55 6 2
28 56 4 4
28 57 1 1
28 58 9 5
28 59 9 6
28 60 3 9
28 61 4 1
28 62 6 1
28 63 4 9
28 65 9 2
28 68 9 5
28 69 9 5
28 71 2 6
28 72 4 9
28 73 9 8
28 77 6 7
28 78 9 4
28 79 8 10
28 80 5 4
28 81 9 8
28 82 1 6
28 83 3 2
28 84 9 7
28 85 8 8
28 86 3 2
28 87 4 6
28 89 8 4
28 90 7 9
28 91 6 9
28 92 7 2
28 93 2 3
28 94 8 1
28 95 3 9
28 96 1 3
28 97 6 5
28 98 1 5
28 99 2 2
28 100 7 4
29 30 8 3
29 31 8 8
29 32 7 7
29 33 10 3
29 34 1 6
29 35 1 8
29 36 9 5
29 37 3 6
29 38 10 4
29 40 5 6
29 41 10 4
29 42 7 2
29 43 5 3
29 44 8 6
29 45 4 5
29 46 7 2
29 49 4 1
29 52 4 7
29 53 4 3
29 54 4 1
29 55 6 2
29 56 7 8
29 57 8 10
29 59 5 6
29 61 4 4
29 63 1 10
29 64 5 1
29 65 7 3
29 66 4 8
29 67 5 1
29 68 4 1
29 69 1 8
29 70 2 8
29 73 2 1
29 74 1 9
29 75 6 5
29 76 5 1
29 77 1 6
29 78 3 8
29 79 10 1
29 80 9 8
29 82 6 5
29 83 4 8
29 84 5 4
29 85 8 3
29 87 2 2
29 88 3 6
29 89 3 10
29 90 6 9
29 91 6 6
29 92 8 10
29 93 5 10
29 94 1 1
29 95 5 4
29 96 3 9
29 97 4 10
29 98 9 2
29 100 7 7
30 32 1 9
30 33 1 9
30 34 1 6
30 35 8 7
30 36 7 8
30 37 5 4
30 38 5 1
30 40 3 1
30 41 10 7
30 42 10 1
30 44 1 6
30 49 7 8
30 50 10 3
30 53 7 5
30 54 2 1
30 55 4 1
30 56 8 3
30 57 2 7
30 60 3 7
30 61 5 5
30 62 9 8
30 65 5 7
30 66 6 6
30 67 3 1
30 68 8 4
30 71 7 9
30 72 9 3
30 73 6 7
30 74 6 3
30 76 1 3
30 77 8 4
30 79 5 3
30 80 9 7
30 81 8 6
30 82 8 9
30 83 4 7
30 84 9 7
30 88 8 8
30 91 1 8
30 92 7 5
30 94 8 1
30 98 2 6
30 99 6 10
30 100 8 7
31 32 4 3
31 33 1 3
31 34 3 1
31 35 6 7
31 36 6 9
31 37 6 8
31 38 7 2
31 39 4 8
31 40 1 5
31 41 6 7
31 42 6 6
31 43 4 8
31 44 1 1
31 45 8 5
31 47 2 8
31 49 8 8
31 51 6 5
31 52 7 1
31 53 9 1
31 54 3 10
31 55 10 6
31 56 9 10
31 57 6 5
31 58 10 9
31 59 9 4
31 60 5 10
31 62 5 1
31 64 3 1
31 65 3 2
31 66 1 6
31 67 2 10
31 68 9 2
31 69 10 8
31 70 1 10
31 71 5 6
31 72 10 1
31 73 2 4
31 76 10 4
31 77 8 7
31 78 2 3
31 79 2 4
31 80 4 1
31 82 1 10
31 84 2 4
31 85 9 9
31 86 9 9
31 87 5 2
31 88 3 1
31 90 2 10
31 91 10 4
31 92 3 10
31 94 4 1
31 96 5 10
31 97 7 4
31 98 7 10
31 99 9 4
32 33 7 5
32 34 9 7
32 36 6 2
32 37 9 5
32 39 5 2
32 40 10 8
32 41 1 4
32 43 9 4
32 44 3 2
32 45 6 3
32 46 6 4
32 47 6 4
32 48 3 4
32 50 9 8
32 51 8 6
32 52 6 3
32 53 6 8
32 54 3 8
32 55 1 10
32 56 4 1
32 57 2 2
32 58 2 7
32 60 10 1
32 61 4 10
32 63 10 7
32 64 9 3
32 65 5 4
32 67 8 1
32 68 9 5
32 69 9 6
32 70 2 8
32 71 5 5
32 72 6 8
32 73 3 7
32 74 8 10
32 75 1 2
32 76 4 6
32 77 2 4
32 78 1 5
32 79 7 7
32 80 10 5
32 82 3 6
32 83 8 1
32 84 2 9
32 85 2 4
32 86 1 1
32 87 3 9
32 88 5 2
32 89 2 4
32 90 1 8
32 91 10 6
32 92 1 8
32 93 4 9
32 94 10 10
32 95 1 2
32 96 10 8
32 97 5 6
32 98 5 5
32 99 7 2
32 100 10 9
33 34 3 2
33 35 8 7
33 36 7 3
33 38 10 8
33 39 7 9
33 43 4 2
33 44 10 10
33 46 2 3
33 47 7 8
33 48 4 4
33 49 8 2
33 50 4 1
33 51 9 8
33 53 1 4
33 54 2 8
33 56 9 7
33 57 5 1
33 59 6 1
33 60 2 10
33 61 6 6
33 63 9 5
33 64 3 7
33 65 4 3
33 66 3 6
33 67 1 7
33 68 4 2
33 69 5 4
33 70 10 5
33 72 1 4
33 73 3 9
33 74 3 7
33 75 5 3
33 79 4 2
33 80 8 3
33 82 9 2
33 83 5 10
33 85 8 3
33 86 6 3
33 87 3 3
33 90 9 10
33 92 8 3
33 93 3 1
33 94 3 1
33 95 5 6
33 96 9 9
33 97 4 9
33 98 4 10
33 100 10 6
34 35 3 4
34 36 8 9
34 37 1 8
34 39 9 2
34 40 3 5
34 42 3 1
34 43 2 2
34 44 7 4
34 45 9 5
34 47 6 10
34 48 3 5
34 49 7 10
34 50 3 8
34 52 5 2
34 53 7 9
34 54 2 2
34 55 5 3
34 56 8 6
34 57 9 4
34 58 4 3
34 59 7 9
34 60 7 10
34 61 9 10
34 62 6 5
34 63 9 7
34 65 2 8
34 66 8 4
34 67 3 4
34 68 8 9
34 70 10 2
34 71 4 3
34 72 8 2
34 73 7 6
34 75 1 7
34 76 7 9
34 77 10 2
34 78 3 5
34 79 8 4
34 80 8 6
34 82 5 7
34 83 1 1
34 84 6 8
34 85 3 7
34 86 4 9
34 87 2 5
34 88 9 7
34 89 4 5
34 91 3 8
34 92 3 9
34 94 1 10
34 95 5 5
34 97 2 8
34 98 4 5
34 100 7 2
35 36 10 10
35 37 3 5
35 38 5 10
35 39 7 2
35 40 6 3
35 41 8 6
35 42 6 10
35 43 8 7
35 44 2 9
35 45 3 3
35 46 5 10
35 47 1 10
35 48 6 10
35 51 6 7
35 52 2 6
35 54 5 10
35 55 6 10
35 56 5 10
35 57 2 5
35 58 3 4
35 59 3 8
35 60 8 7
35 61 9 10
35 62 9 9
35 63 8 2
35 64 2 6
35 65 2 5
35 66 10 9
35 67 3 5
35 68 10 1
35 70 8 5
35 71 3 10
35 72 1 6
35 75 9 8
35 76 2 3
35 77 9 1
35 78 9 2
35 79 4 1
35 80 9 3
35 81 8 8
35 82 4 8
35 83 2 1
35 84 2 5
35 85 3 2
35 86 1 2
35 87 8 6
35 89 6 1
35 90 2 6
35 91 10 4
35 92 7 7
35 93 6 2
35 94 2 2
35 96 4 6
35 97 4 10
35 98 4 4
35 99 9 8
35 100 2 1
36 37 10 4
36 38 6 6
36 39 9 8
36 40 7 5
36 41 7 4
36 44 9 1
36 45 7 4
36 47 6 4
36 48 8 2
36 49 6 1
36 50 1 7
36 51 1 10
36 52 4 4
36 53 4 3
36 56 2 7
36 57 5 9
36 59 9 5
36 62 6 5
36 64 9 6
36 65 6 2
36 66 7 7
36 67 7 10
36 68 4 6
36 69 2 8
36 70 1 3
36 71 10 1
36 72 10 1
36 73 6 5
36 75 4 3
36 77 6 3
36 78 1 7
36 79 7 8
36 80 2 4
36 82 7 7
36 85 5 9
36 86 9 1
36 87 1 8
36 89 10 4
36 90 2 7
36 91 7 8
36 92 2 5
36 93 2 4
36 94 10 5
36 95 9 10
36 97 10 8
36 98 5 10
36 99 2 7
36 100 4 3
37 38 6 4
37 39 8 4
37 40 2 10
37 42 7 8
37 44 6 1
37 45 1 9
37 46 1 8
37 47 8 4
37 48 5 3
37 49 5 7
37 50 8 9
37 51 7 1
37 52 4 8
37 53 6 10
37 54 9 4
37 55 10 6
37 56 10 5
37 57 1 8
37 58 10 9
37 59 2 4
37 60 3 6
37 62 5 3
37 63 8 6
37 64 2 5
37 66 10 5
37 67 10 5
37 68 10 5
37 69 5 2
37 70 3 2
37 71 7 4
37 72 10 7
37 73 9 9
37 74 9 8
37 75 8 9
37 78 7 6
37 79 2 2
37 80 1 2
37 83 4 1
37 84 10 8
37 85 3 5
37 86 3 1
37 87 10 10
37 88 7 3
37 89 6 6
37 90 3 3
37 92 7 8
37 93 5 2
37 97 5 7
37 98 10 4
37 100 2 8
38 39 4 7
38 40 6 6
38 43 5 6
38 44 1 7
38 45 1 4
38 46 5 2
38 47 7 5
38 48 9 3
38 49 9 6
38 50 4 5
38 52 6 3
38 53 3 1
38 57 3 6
38 58 8 6
38 59 10 5
38 61 6 9
38 62 2 5
38 63 2 7
38 64 8 4
38 66 8 4
38 67 10 1
38 68 9 8
38 69 2 1
38 70 6 9
38 71 7 1
38 72 8 10
38 73 2 2
38 74 2 1
38 75 6 3
38 76 9 3
38 77 2 10
38 78 1 7
38 79 6 10
38 80 2 5
38 81 1 3
38 83 5 1
38 84 10 5
38 85 2 1
38 86 10 3
38 88 10 1
38 89 3 4
38 91 7 3
38 93 7 3
38 94 6 3
38 95 8 9
38 96 1 9
38 97 7 7
38 98 6 5
38 99 9 3
38 100 6 5
39 40 1 4
39 41 7 9
39 43 5 8
39 44 1 9
39 45 2 10
39 46 10 9
39 47 9 3
39 49 1 10
39 50 1 4
39 51 5 4
39 52 9 7
39 53 8 3
39 54 2 8
39 55 9 3
39 56 8 1
39 57 1 5
39 58 7 8
39 59 4 4
39 60 3 2
39 62 4 10
39 63 6 2
39 64 4 3
39 65 3 1
39 66 2 6
39 67 9 10
39 68 6 8
39 70 8 5
39 71 1 6
39 72 2 8
39 73 8 6
39 74 2 7
39 75 4 1
39 76 6 3
39 77 1 2
39 78 5 10
39 79 2 3
39 80 8 8
39 81 3 3
39 83 7 8
39 84 4 6
39 85 4 4
39 86 7 9
39 87 7 1
39 88 3 6
39 89 8 9
39 90 6 7
39 91 6 4
39 93 5 6
39 94 9 3
39 97 1 10
39 99 3 5
39 100 7 8
40 41 8 5
40 42 1 10
40 44 1 5
40 45 6 1
40 46 10 8
40 47 10 9
40 49 6 10
40 50 6 8
40 51 2 7
40 52 6 3
40 53 4 7
40 54 6 9
40 55 4 9
40 56 5 3
40 57 8 6
40 58 2 5
40 59 7 7
40 61 4 8
40 63 1 3
40 65 7 4
40 67 9 4
40 68 5 10
40 70 7 1
40 71 2 9
40 72 9 3
40 73 4 7
40 74 5 1
40 75 5 8
40 76 7 2
40 77 8 7
40 78 1 5
40 80 7 9
40 81 8 2
40 82 5 9
40 84 10 4
40 85 1 2
40 86 8 9
40 87 9 10
40 88 5 7
40 90 1 5
40 91 10 4
40 92 2 4
40 93 1 8
40 94 5 10
40 95 4 5
40 96 6 1
40 97 5 9
40 98 3 7
40 99 5 3
40 100 5 3
41 42 2 2
41 43 9 6
41 44 8 8
41 45 7 10
41 46 9 7
41 47 10 1
41 48 7 1
41 49 8 1
41 53 4 4
41 54 10 10
41 56 9 4
41 57 1 5
41 59 1 8
41 60 1 4
41 61 8 8
41 63 3 7
41 64 3 2
41 66 9 7
41 67 8 9
41 68 9 9
41 69 3 6
41 70 5 6
41 72 7 8
41 73 1 7
41 74 1 9
41 75 3 3
41 77 10 3
41 78 1 1
41 79 9 5
41 81 5 3
41 83 3 5
41 84 9 1
41 87 7 7
41 89 6 2
41 91 1 1
41 92 2 2
41 93 2 5
41 94 9 2
41 98 6 10
41 99 1 8
42 43 5 1
42 44 7 10
42 46 5 1
42 47 3 3
42 48 2 7
42 49 3 1
42 51 1 8
42 53 7 6
42 54 8 7
42 55 8 1
42 56 5 1
42 57 4 5
42 58 6 6
42 59 6 3
42 60 9 1
42 61 3 8
42 62 3 9
42 63 6 10
42 64 7 3
42 65 6 1
42 67 4 2
42 68 1 5
42 69 6 8
42 70 10 6
42 71 1 10
42 73 6 8
42 74 6 2
42 75 1 8
42 76 10 10
42 78 7 10
42 79 1 9
42 80 3 10
42 81 2 7
42 82 6 5
42 83 10 6
42 84 8 8
42 85 3 9
42 86 2 5
42 87 2 8
42 88 6 8
42 89 9 8
42 91 5 3
42 92 7 5
42 96 5 9
42 98 3 4
42 99 2 1
42 100 1 6
43 45 4 7
43 47 4 10
43 48 6 5
43 49 5 3
43 50 2 10
43 51 8 4
43 52 2 6
43 53 1 4
43 55 6 2
43 56 5 10
43 57 5 3
43 59 6 4
43 60 8 10
43 62 10 7
43 63 5 9
43 64 7 2
43 65 3 6
43 66 7 7
43 69 5 4
43 70 1 5
43 71 3 7
43 72 10 5
43 73 6 10
43 74 5 1
43 76 2 6
43 77 7 2
43 78 5 10
43 79 6 5
43 80 10 5
43 81 7 2
43 82 6 2
43 83 10 4
43 84 3 7
43 85 6 7
43 86 7 2
43 87 3 7
43 88 10 9
43 89 8 9
43 90 7 5
43 91 7 9
43 92 3 3
43 94 3 6
43 96 10 4
43 97 8 4
43 98 2 3
44 45 6 4
44 47 2 10
44 48 7 1
44 49 5 6
44 50 4 8
44 52 9 3
44 53 7 5
44 54 3 6
44 56 5 6
44 57 9 7
44 58 9 6
44 59 8 10
44 60 6 5
44 62 6 3
44 63 7 2
44 65 10 7
44 67 3 6
44 68 4 5
44 69 5 4
44 73 9 1
44 74 9 2
44 75 10 3
44 76 2 10
44 80 2 4
44 81 3 2
44 82 7 8
44 83 3 4
44 84 2 3
44 86 9 6
44 87 10 2
44 88 1 1
44 89 1 2
44 91 6 2
44 92 9 8
44 93 7 6
44 94 1 4
44 95 7 2
44 96 4 10
44 97 8 10
44 98 6 7
44 99 1 3
44 100 2 6
45 47 4 10
45 48 2 10
45 49 3 6
45 50 5 2
45 51 6 8
45 52 6 7
45 53 3 5
45 54 9 7
45 55 10 1
45 56 9 4
45 57 10 5
45 58 8 2
45 59 5 10
45 61 7 9
45 62 7 8
45 63 1 6
45 64 1 8
45 65 8 8
45 66 5 8
45 67 10 7
45 68 10 2
45 70 2 9
45 72 4 4
45 73 10 7
45 75 8 1
45 76 10 7
45 77 5 4
45 78 5 3
45 79 6 4
45 80 7 2
45 81 2 7
45 83 5 5
45 84 1 8
45 85 9 8
45 86 9 6
45 87 7 3
45 90 10 1
45 94 4 4
45 95 1 6
45 96 7 3
45 97 3 3
45 100 4 7
46 48 10 2
46 49 8 9
46 50 3 6
46 51 1 6
46 52 6 10
46 53 1 2
46 55 6 6
46 56 2 4
46 57 7 1
46 58 5 6
46 59 7 1
46 60 8 5
46 61 2 4
46 62 5 5
46 63 9 10
46 64 2 5
46 65 3 4
46 66 3 5
46 67 9 3
46 68 2 5
46 69 5 9
46 70 10 5
46 71 9 9
46 72 1 9
46 73 2 7
46 74 8 2
46 75 10 8
46 76 7 6
46 77 1 2
46 78 2 9
46 79 6 8
46 80 10 5
46 81 4 8
46 82 2 4
46 84 2 3
46 85 8 10
46 87 3 3
46 88 7 3
46 90 4 9
46 91 10 2
46 93 3 8
46 95 3 10
46 96 9 1
46 98 6 6
46 99 7 1
47 48 3 8
47 49 8 10
47 50 10 3
47 51 6 3
47 52 9 8
47 53 3 10
47 55 4 1
47 56 4 10
47 57 8 1
47 58 9 4
47 59 3 10
47 60 1 8
47 63 3 10
47 64 7 4
47 65 10 7
47 66 5 10
47 69 5 5
47 71 10 8
47 72 5 10
47 73 4 1
47 75 9 9
47 76 3 4
47 77 8 8
47 78 1 1
47 79 5 5
47 80 2 2
47 83 1 5
47 84 2 7
47 85 2 4
47 86 9 10
47 87 4 10
47 88 4 7
47 89 1 2
47 90 10 7
47 92 5 2
47 93 10 10
47 95 6 6
47 96 2 10
47 98 1 4
47 99 6 6
47 100 7 10
48 49 9 5
48 51 2 4
48 52 5 5
48 53 9 10
48 54 6 5
48 55 3 8
48 62 3 1
48 63 9 5
48 64 1 10
48 65 8 2
48 66 5 4
48 68 5 3
48 69 5 6
48 73 2 7
48 74 5 9
48 75 1 10
48 76 2 2
48 77 9 8
48 78 7 10
48 79 8 4
48 80 1 10
48 81 1 6
48 82 3 2
48 83 5 3
48 84 3 7
48 85 10 2
48 86 4 10
48 87 10 1
48 90 8 6
48 92 8 3
48 94 3 5
48 95 8 9
48 96 6 4
48 97 8 1
48 98 3 8
48 99 3 9
48 100 2 3
49 50 9 9
49 51 10 4
49 52 3 4
49 55 3 7
49 57 4 9
49 58 2 6
49 59 10 4
49 60 7 4
49 61 7 4
49 62 7 1
49 63 1 2
49 64 1 5
49 66 8 4
49 67 4 6
49 69 9 7
49 71 7 3
49 72 10 5
49 73 1 1
49 74 7 7
49 75 8 7
49 77 7 10
49 78 9 4
49 79 7 6
49 80 8 2
49 82 4 10
49 83 6 9
49 85 8 2
49 86 1 3
49 89 8 3
49 90 6 1
49 91 7 10
49 92 10 6
49 94 9 6
49 95 6 6
49 96 6 6
49 97 2 2
49 98 7 1
49 100 2 10
50 51 6 2
50 52 5 6
50 53 9 1
50 54 1 4
50 56 8 3
50 59 2 3
50 60 4 4
50 62 9 10
50 63 10 3
50 64 4 5
50 65 8 5
50 66 10 10
50 67 6 1
50 68 9 4
50 69 6 8
50 70 1 1
50 71 8 5
50 72 4 10
50 73 2 4
50 74 2 3
50 75 7 7
50 76 1 3
50 80 10 9
50 81 9 2
50 82 10 10
50 83 3 7
50 85 3 3
50 87 6 3
50 88 7 9
50 89 5 2
50 91 6 6
50 92 10 4
50 93 6 1
50 94 5 7
50 95 6 2
50 96 10 3
50 97 3 10
50 98 3 9
50 99 1 3
51 52 9 10
51 53 10 4
51 55 1 10
51 56 7 9
51 57 1 1
51 58 1 6
51 59 7 2
51 62 2 7
51 63 1 1
51 64 4 9
51 65 1 2
51 66 4 4
51 67 5 5
51 68 7 3
51 69 10 2
51 70 8 7
51 71 2 5
51 72 3 7
51 74 3 8
51 78 4 6
51 79 3 1
51 80 3 6
51 81 5 10
51 82 5 5
51 83 4 9
51 84 3 9
51 85 4 8
51 86 8 2
51 88 8 3
51 89 1 2
51 90 4 6
51 93 9 2
51 94 7 10
51 96 2 8
51 97 5 2
51 98 5 9
51 99 1 6
51 100 6 1
52 53 9 1
52 54 2 7
52 55 5 1
52 56 9 5
52 57 10 4
52 58 7 1
52 59 4 3
52 60 5 4
52 61 3 10
52 62 6 8
52 63 9 8
52 65 5 9
52 66 3 1
52 67 2 10
52 68 3 8
52 69 4 8
52 70 3 3
52 71 3 5
52 73 1 7
52 74 5 5
52 75 8 7
52 76 5 1
52 77 3 1
52 78 6 5
52 80 4 5
52 82 6 6
52 83 9 8
52 84 1 3
52 86 8 2
52 88 1 5
52 89 2 3
52 90 7 2
52 91 6 7
52 94 5 8
52 95 4 10
52 96 6 8
52 97 2 2
52 98 7 10
52 100 4 2
53 55 2 8
53 57 9 9
53 58 6 3
53 60 3 9
53 61 10 4
53 62 6 7
53 63 9 9
53 64 2 8
53 65 2 9
53 67 5 4
53 68 6 5
53 69 3 3
53 70 7 7
53 71 4 10
53 73 6 8
53 76 5 6
53 77 2 2
53 79 2 7
53 80 9 7
53 81 3 6
53 83 6 6
53 84 1 10
53 85 1 3
53 86 4 9
53 87 5 7
53 88 5 10
53 90 8 2
53 91 9 7
53 92 2 8
53 93 3 3
53 94 5 9
53 95 4 2
53 96 5 9
53 97 7 6
53 99 5 8
53 100 4 10
54 55 9 6
54 57 3 7
54 59 3 4
54 63 5 8
54 64 1 3
54 66 4 7
54 67 3 2
54 68 8 3
54 69 1 3
54 70 4 7
54 71 3 8
54 72 5 5
54 73 7 9
54 75 10 5
54 76 2 6
54 77 9 6
54 78 3 2
54 79 5 6
54 80 8 7
54 82 1 9
54 83 1 8
54 84 8 8
54 85 7 7
54 86 2 4
54 87 8 5
54 88 1 5
54 89 4 8
54 90 7 2
54 92 10 1
54 93 1 6
54 94 4 6
54 95 5 10
54 96 8 8
54 97 10 10
54 98 7 2
54 100 3 6
55 58 7 2
55 59 1 10
55 60 8 10
55 61 6 5
55 62 2 4
55 63 6 10
55 64 5 7
55 66 6 1
55 67 1 10
55 68 6 10
55 69 2 9
55 70 3 1
55 71 5 3
55 72 9 4
55 73 3 9
55 74 4 9
55 76 6 1
55 77 4 2
55 78 10 1
55 80 4 5
55 81 7 1
55 85 1 7
55 86 4 7
55 87 1 4
55 88 3 6
55 90 10 7
55 92 4 5
55 93 1 6
55 94 3 9
55 95 1 6
55 96 3 9
55 97 1 4
55 98 9 6
55 99 5 2
55 100 7 3
56 57 6 5
56 58 5 2
56 59 4 6
56 60 7 10
56 61 1 7
56 62 7 2
56 63 8 5
56 64 1 1
56 65 6 6
56 66 2 4
56 68 10 9
56 70 1 3
56 71 8 1
56 72 5 5
56 73 6 6
56 74 3 1
56 75 5 3
56 76 3 1
56 77 2 10
56 78 10 3
56 79 5 4
56 80 5 2
56 81 4 5
56 82 1 5
56 83 9 6
56 86 6 9
56 87 10 9
56 88 4 10
56 89 2 1
56 90 3 6
56 91 6 3
56 92 9 4
56 93 7 5
56 94 2 2
56 95 3 5
56 96 10 4
56 97 2 6
56 99 3 2
56 100 6 9
57 58 4 10
57 59 9 7
57 60 9 4
57 61 3 7
57 62 2 4
57 63 7 6
57 64 9 6
57 65 6 7
57 66 3 7
57 68 9 6
57 69 3 9
57 70 8 9
57 71 1 8
57 72 8 7
57 74 6 10
57 76 6 7
57 78 8 4
57 79 9 6
57 80 9 2
57 81 6 3
57 83 1 2
57 85 7 10
57 86 2 2
57 87 9 3
57 88 3 5
57 89 7 2
57 90 3 3
57 91 7 8
57 92 10 3
57 93 9 9
57 95 1 4
57 97 10 9
57 98 2 10
57 99 1 2
57 100 2 7
58 59 5 6
58 61 6 7
58 62 7 4
58 64 2 4
58 65 4 9
58 66 8 7
58 67 9 9
58 68 4 6
58 71 6 4
58 73 7 10
58 74 5 9
58 76 5 1
58 77 9 2
58 78 6 8
58 79 9 10
58 80 3 10
58 81 9 3
58 83 5 7
58 85 1 6
58 86 1 1
58 87 10 4
58 88 10 8
58 89 1 8
58 90 4 1
58 91 6 4
58 92 8 8
58 93 9 3
58 95 5 5
58 96 9 10
58 97 6 5
58 98 10 10
58 99 10 2
58 100 2 9
59 61 4 1
59 62 4 8
59 63 5 4
59 65 1 6
59 66 5 1
59 67 3 1
59 68 7 8
59 69 8 1
59 70 7 9
59 71 2 8
59 73 6 1
59 74 4 7
59 75 9 9
59 76 5 3
59 77 10 9
59 78 9 3
59 80 10 4
59 81 6 3
59 82 1 5
59 83 4 9
59 84 2 10
59 85 2 4
59 86 1 3
59 87 5 1
59 88 3 10
59 89 9 1
59 90 2 2
59 91 4 5
59 92 4 3
59 93 7 1
59 94 3 6
59 96 9 5
59 97 1 10
59 98 7 7
59 99 7 2
60 61 9 8
60 62 7 8
60 63 10 8
60 64 9 4
60 65 9 3
60 66 5 5
60 67 8 8
60 68 6 9
60 70 5 2
60 71 7 7
60 73 9 8
60 74 1 6
60 75 1 1
60 76 4 3
60 77 9 10
60 78 9 10
60 79 5 8
60 80 1 3
60 81 8 1
60 82 9 4
60 83 9 1
60 84 7 3
60 85 8 8
60 86 8 8
60 87 3 6
60 88 9 10
60 90 3 5
60 91 2 3
60 92 10 7
60 93 5 9
60 94 6 5
60 96 6 9
60 98 2 6
60 99 2 2
61 62 9 1
61 63 6 2
61 64 8 3
61 65 8 6
61 66 10 8
61 67 9 7
61 68 9 3
61 69 9 3
61 70 3 8
61 71 5 5
61 72 3 2
61 73 10 9
61 74 10 2
61 77 4 1
61 78 4 4
61 79 2 2
61 80 2 9
61 83 1 1
61 84 10 3
61 85 4 3
61 86 7 4
61 87 5 5
61 88 8 5
61 89 6 8
61 90 7 4
61 91 4 2
61 92 1 3
61 93 3 7
61 95 5 3
61 96 6 5
61 97 9 10
61 98 5 5
61 99 2 1
62 63 2 10
62 64 4 10
62 65 10 10
62 66 1 10
62 67 4 7
62 69 7 3
62 70 10 6
62 71 7 10
62 73 1 5
62 74 3 3
62 75 9 5
62 77 2 3
62 78 6 8
62 81 7 1
62 82 8 9
62 83 4 4
62 84 8 3
62 85 10 1
62 86 3 9
62 87 2 9
62 88 4 1
62 90 5 1
62 91 5 7
62 92 6 8
62 93 2 7
62 94 8 6
62 95 10 4
62 97 9 8
63 64 5 3
63 65 7 3
63 67 6 6
63 68 4 4
63 69 9 2
63 71 4 3
63 72 1 5
63 74 1 3
63 75 10 1
63 76 3 6
63 77 10 9
63 78 5 10
63 80 2 5
63 81 3 3
63 82 1 5
63 83 5 10
63 84 6 9
63 85 2 9
63 86 5 1
63 87 5 6
63 88 5 6
63 90 7 1
63 92 8 4
63 93 6 8
63 94 8 2
63 95 4 3
63 97 7 6
63 98 9 6
63 99 2 1
63 100 5 6
64 65 3 9
64 66 1 7
64 67 1 7
64 68 2 9
64 69 7 1
64 70 2 1
64 72 3 9
64 73 4 10
64 74 6 2
64 75 2 1
64 79 4 2
64 80 6 1
64 81 10 8
64 83 4 2
64 84 10 3
64 85 9 1
64 86 10 9
64 87 5 5
64 88 3 10
64 89 9 3
64 91 6 10
64 92 3 1
64 93 3 10
64 94 2 7
64 95 4 6
64 96 3 4
64 97 3 5
64 98 6 2
64 100 9 4
65 67 10 9
65 68 7 4
65 69 1 9
65 70 3 8
65 73 1 8
65 74 1 3
65 75 5 9
65 76 3 9
65 77 2 3
65 78 9 6
65 80 6 4
65 81 6 4
65 82 7 7
65 83 4 6
65 84 7 8
65 85 9 10
65 88 8 2
65 89 5 1
65 90 9 1
65 91 4 9
65 92 2 2
65 93 1 3
65 95 6 2
65 96 8 10
65 97 6 7
65 98 7 10
65 99 6 6
66 70 9 2
66 71 8 8
66 72 2 8
66 73 1 9
66 74 4 7
66 75 5 9
66 76 1 5
66 77 7 2
66 78 6 6
66 79 5 10
66 80 6 10
66 81 6 9
66 84 4 7
66 86 10 5
66 88 5 8
66 90 3 5
66 94 4 10
66 95 9 2
66 97 4 2
66 98 9 7
66 99 6 4
66 100 2 4
67 68 7 5
67 69 1 7
67 70 8 1
67 72 7 5
67 73 7 1
67 74 1 8
67 75 4 9
67 76 9 3
67 77 6 2
67 78 4 4
67 79 9 5
67 80 5 2
67 81 5 5
67 82 9 5
67 83 1 1
67 84 8 3
67 85 3 8
67 87 2 7
67 88 4 5
67 89 2 9
67 90 9 2
67 91 6 3
67 92 5 10
67 93 4 8
67 94 6 3
67 95 5 4
67 96 8 1
67 97 8 1
67 98 3 4
67 99 2 6
67 100 10 9
68 70 2 9
68 71 7 9
68 72 3 9
68 73 2 5
68 74 9 6
68 75 6 2
68 76 3 10
68 77 10 2
68 79 10 5
68 80 6 10
68 81 9 4
68 82 1 4
68 83 3 10
68 84 2 5
68 85 2 3
68 86 5 5
68 87 10 2
68 88 3 2
68 89 2 10
68 91 8 6
68 92 9 7
68 93 8 3
68 97 5 8
68 98 7 6
68 99 2 9
68 100 3 3
69 70 8 8
69 71 9 1
69 72 8 2
69 73 10 4
69 74 2 1
69 75 3 6
69 76 6 6
69 77 4 2
69 79 8 10
69 81 5 8
69 82 5 2
69 83 8 1
69 84 5 2
69 86 2 5
69 87 2 9
69 88 5 7
69 89 8 3
69 91 10 1
69 92 4 3
69 93 9 5
69 94 5 6
69 95 9 5
69 96 10 8
69 98 9 7
69 99 9 6
69 100 3 9
70 71 10 6
70 73 2 4
70 74 7 8
70 75 3 9
70 76 2 6
70 78 1 3
70 79 7 9
70 80 5 1
70 81 1 6
70 82 1 9
70 83 2 8
70 84 4 4
70 86 7 7
70 87 9 5
70 90 6 8
70 92 9 5
70 93 7 6
70 95 3 3
70 96 5 2
70 97 8 3
70 98 9 6
70 99 5 7
70 100 10 9
71 72 9 3
71 73 1 3
71 74 1 8
71 75 3 7
71 76 10 1
71 77 2 6
71 78 8 3
71 79 8 10
71 80 5 7
71 81 1 1
71 82 1 5
71 83 7 4
71 85 2 1
71 86 4 8
71 87 8 4
71 88 10 6
71 89 3 10
71 90 7 10
71 91 8 9
71 92 9 7
71 93 10 5
71 94 1 2
71 95 9 7
71 96 7 7
71 97 8 8
71 98 5 7
71 99 9 6
71 100 3 10
72 74 9 9
72 75 1 5
72 76 5 10
72 77 9 2
72 78 3 9
72 79 6 8
72 80 9 10
72 81 1 2
72 82 3 2
72 83 5 10
72 85 5 2
72 86 2 2
72 87 2 7
72 88 8 1
72 89 1 8
72 90 2 4
72 91 6 9
72 92 9 10
72 93 8 1
72 94 6 2
72 95 8 1
72 97 5 6
72 100 6 1
73 74 5 6
73 76 6 3
73 77 8 10
73 80 1 3
73 81 1 3
73 82 8 4
73 83 3 10
73 84 8 7
73 85 3 10
73 86 9 1
73 87 1 10
73 88 4 9
73 89 10 5
73 90 7 8
73 91 3 10
73 92 5 10
73 93 6 6
73 94 8 5
73 95 9 3
73 96 7 9
73 97 4 9
73 98 9 5
73 99 1 4
73 100 5 7
74 75 7 2
74 76 6 7
74 77 6 6
74 78 6 7
74 79 9 7
74 80 8 6
74 81 3 4
74 82 10 4
74 83 1 3
74 84 1 10
74 85 1 7
74 87 3 6
74 88 10 4
74 89 8 2
74 90 5 8
74 92 9 6
74 93 6 8
74 94 9 8
74 95 5 4
74 96 9 8
74 99 1 1
74 100 9 3
75 76 8 9
75 77 3 5
75 78 9 8
75 80 6 10
75 81 4 9
75 82 10 7
75 83 7 10
75 84 7 3
75 85 8 5
75 87 6 10
75 88 2 4
75 89 6 6
75 90 6 9
75 91 6 3
75 92 9 3
75 93 5 8
75 94 5 5
75 95 4 7
75 97 10 7
75 98 7 1
75 99 9 8
75 100 3 1
76 77 6 3
76 78 1 7
76 79 10 5
76 81 6 10
76 82 9 5
76 83 6 7
76 84 4 1
76 88 7 8
76 89 10 1
76 90 6 5
76 91 1 10
76 92 3 10
76 93 7 2
76 94 8 7
76 95 1 5
76 96 3 3
76 97 6 9
76 98 2 7
76 99 9 3
77 78 8 9
77 79 5 8
77 82 5 6
77 83 7 6
77 85 7 3
77 87 5 3
77 88 5 8
77 89 6 8
77 90 7 2
77 91 9 2
77 92 2 3
77 95 3 4
77 96 2 9
77 99 2 1
77 100 8 7
78 79 5 4
78 80 9 6
78 81 3 8
78 82 6 5
78 83 9 5
78 85 9 6
78 86 10 1
78 87 6 1
78 88 10 10
78 89 3 10
78 90 10 10
78 91 3 5
78 92 4 3
78 93 3 1
78 94 3 8
78 95 10 7
78 96 6 2
78 97 8 10
78 98 2 8
78 100 8 2
79 80 1 9
79 81 6 3
79 82 8 1
79 83 6 2
79 84 6 7
79 85 3 10
79 87 5 3
79 90 5 3
79 91 7 5
79 93 6 7
79 95 5 6
79 96 1 8
79 97 6 1
79 98 5 9
79 99 1 4
79 100 10 8
80 83 9 7
80 84 3 1
80 86 8 2
80 87 5 2
80 88 2 1
80 90 6 10
80 92 4 4
80 94 7 7
80 95 10 5
80 96 9 9
80 97 10 9
80 98 10 9
80 99 8 3
80 100 3 1
81 82 10 2
81 83 1 10
81 84 1 9
81 86 8 10
81 87 2 4
81 88 6 1
81 89 4 3
81 90 3 6
81 91 6 8
81 92 1 7
81 93 2 8
81 94 4 4
81 95 10 5
81 97 2 2
81 98 4 7
81 99 10 4
81 100 1 5
82 83 6 8
82 84 1 10
82 85 4 10
82 86 10 2
82 87 9 6
82 88 6 8
82 89 3 8
82 91 3 1
82 93 2 1
82 94 5 9
82 95 8 10
82 96 8 3
82 97 5 8
82 98 2 9
82 100 10 10
83 84 5 2
83 85 4 2
83 86 5 4
83 87 7 4
83 90 3 8
83 93 10 7
83 94 3 6
83 95 2 10
83 96 4 1
83 97 2 2
83 98 1 5
83 100 7 6
84 85 10 6
84 86 8 7
84 87 8 10
84 88 9 9
84 90 4 4
84 92 6 9
84 93 8 1
84 94 2 6
84 95 1 3
84 96 10 10
84 98 7 4
84 99 2 6
84 100 5 5
85 86 4 7
85 87 10 10
85 88 10 3
85 89 4 10
85 90 3 5
85 91 8 2
85 93 10 1
85 94 1 7
85 95 1 10
85 96 2 4
85 97 6 5
85 98 5 4
86 87 9 7
86 88 7 2
86 90 8 1
86 91 10 4
86 92 3 5
86 93 7 8
86 94 1 8
86 95 6 4
86 96 5 3
86 97 4 10
86 98 3 1
87 89 5 3
87 90 3 1
87 91 1 4
87 92 8 4
87 93 5 7
87 94 10 10
87 95 4 2
87 96 2 3
87 97 4 2
87 99 10 7
87 100 5 10
88 89 10 6
88 91 9 1
88 92 10 1
88 93 2 6
88 94 8 3
88 95 6 9
88 96 3 2
88 97 3 5
88 98 1 7
88 99 4 3
89 90 3 3
89 91 8 5
89 92 6 4
89 93 5 4
89 94 3 1
89 95 7 7
89 97 9 7
89 98 5 5
89 99 9 6
89 100 4 3
90 91 9 5
90 92 8 3
90 93 9 5
90 94 2 3
90 95 5 2
90 97 1 9
90 98 4 3
90 99 4 2
90 100 3 9
91 92 4 4
91 93 1 7
91 94 6 9
91 95 2 3
91 96 10 9
91 97 7 10
91 98 4 8
91 99 4 4
92 93 5 5
92 95 6 2
92 96 10 9
92 97 10 2
92 98 5 10
92 100 4 1
93 94 9 9
93 96 2 4
93 97 8 3
93 98 4 10
93 99 5 8
93 100 1 9
94 95 5 2
94 96 9 5
94 98 3 7
94 100 5 5
95 96 4 2
95 97 6 8
95 98 4 1
95 99 5 2
95 100 2 1
96 97 7 1
96 99 2 9
96 100 10 6
97 98 10 2
97 99 4 9
97 100 1 4
98 99 2 2
98 100 9 3
99 100 5 7
1
1 2 3 4 5 6 7 8 9 10 11 12 13 14 15 16 17 18 19 20 21 22 23 24 25 26 27 28 29 30 31 32 33 34 35 36 37 38 39 40 41 42 43 44 45 46 47 48 49 50
