3952
1 2 5 4
1 3 2 5
1 4 6 4
1 5 6 2
1 6 3 4
1 7 2 2
1 8 4 6
1 9 8 2
1 10 1 3
1 11 7 9
1 12 8 4
1 13 2 8
1 14 7 9
1 16 6 2
1 17 6 5
1 18 2 2
1 19 8 5
1 20 8 10
1 21 7 8
1 22 5 5
1 25 9 6
1 26 7 8
1 27 10 5
1 31 10 6
1 33 1 2
1 34 10 6
1 35 10 5
1 36 9 3
1 37 6 6
1 38 4 6
1 39 6 8
1 40 6 3
1 41 9 7
1 43 6 3
1 45 6 1
1 46 7 6
1 47 2 1
1 48 1 9
1 49 10 5
1 53 10 8
1 54 6 5
1 55 9 3
1 56 10 9
1 57 9 3
1 58 4 4
1 59 1 5
1 60 5 6
1 61 5 7
1 62 6 3
1 63 7 10
1 66 10 1
1 67 7 6
1 68 10 9
1 69 1 2
1 70 1 8
1 71 2 2
1 72 7 4
1 73 8 8
1 74 2 2
1 75 3 7
1 76 7 7
1 77 9 10
1 78 8 4
1 79 2 8
1 80 4 5
1 81 7 4
1 83 10 5
1 84 7 9
1 85 5 3
1 86 9 9
1 87 5 5
1 89 8 2
1 90 3 5
1 91 5 2
1 92 10 7
1 93 2 6
1 94 2 6
1 96 3 4
1 97 8 7
1 98 7 4
1 100 7 7
2 4 6 6
2 7 8 6
2 8 8 6
2 9 1 9
2 10 6 10
2 11 2 3
2 12 9 1
2 13 9 1
2 14 3 9
2 15 9 5
2 16 4 6
2 17 2 10
2 19 7 3
2 20 7 9
2 21 1 8
2 23 2 9
2 24 1 9
2 25 4 2
2 26 3 9
2 27 7 3
2 28 5 1
2 29 10 8
2 31 4 6
2 32 10 1
2 33 6 8
2 34 3 4
2 36 2 4
2 37 1 2
2 38 5 6
2 39 9 10
2 40 1 6
2 41 5 7
2 42 10 4
2 43 3 7
2 44 9 1
2 46 4 5
2 47 2 1
2 48 2 1
2 49 6 1
2 50 5 6
2 51 9 2
2 52 7 10
2 53 6 9
2 54 7 2
2 55 3 9
2 57 4 9
2 58 6 8
2 59 3 5
2 60 5 9
2 61 7 7
2 62 1 7
2 63 7 4
2 64 2 3
2 65 3 2
2 66 5 4
2 67 9 7
2 70 5 6
2 71 4 10
2 72 6 3
2 73 9 6
2 74 7 6
2 75 2 1
2 76 10 10
2 79 9 7
2 80 1 10
2 81 6 4
2 82 9 8
2 83 8 7
2 84 6 9
2 85 9 5
2 86 6 10
2 87 4 10
2 89 4 4
2 90 5 3
2 91 10 4
2 92 4 9
2 93 2 4
2 94 3 5
2 95 1 10
2 96 10 7
2 97 10 5
2 98 10 9
2 100 1 2
3 4 2 6
3 5 1 8
3 6 4 5
3 7 3 1
3 8 5 10
3 9 1 1
3 10 4 8
3 11 4 7
3 12 9 3
3 13 8 2
3 14 4 7
3 17 4 2
3 18 7 1
3 19 2 7
3 20 8 5
3 21 4 2
3 22 6 9
3 23 1 8
3 24 1 4
3 25 8 8
3 26 5 10
3 28 2 3
3 29 9 8
3 30 2 7
3 31 10 4
3 33 8 7
3 34 1 10
3 35 6 2
3 36 9 9
3 38 1 8
3 39 7 4
3 40 2 4
3 42 3 5
3 43 2 9
3 44 6 6
3 46 9 1
3 48 5 7
3 49 4 1
3 50 8 8
3 51 3 2
3 53 2 7
3 54 7 1
3 55 2 10
3 56 7 2
3 57 9 5
3 58 1 6
3 59 7 3
3 61 3 4
3 62 2 5
3 68 2 5
3 70 5 2
3 71 10 4
3 72 8 9
3 73 3 3
3 75 4 4
3 76 3 2
3 77 1 8
3 78 4 3
3 79 1 4
3 80 10 7
3 81 10 8
3 82 1 8
3 83 7 2
3 85 4 6
3 86 9 3
3 87 8 3
3 88 1 8
3 89 5 2
3 90 1 8
3 91 5 3
3 93 6 3
3 94 9 7
3 95 1 2
3 98 2 3
3 99 1 3
3 100 2 5
4 6 7 5
4 7 2 10
4 8 6 2
4 9 7 1
4 10 5 6
4 11 1 8
4 12 6 9
4 13 4 4
4 14 8 2
4 16 5 6
4 17 10 2
4 20 10 1
4 21 4 9
4 22 8 6
4 23 3 5
4 24 10 9
4 25 4 2
4 27 1 5
4 28 4 3
4 29 9 6
4 30 9 2
4 31 3 1
4 32 1 1
4 34 6 1
4 35 7 2
4 37 8 10
4 38 6 9
4 39 7 2
4 40 6 10
4 41 4 5
4 42 2 8
4 44 9 8
4 45 4 7
4 47 3 5
4 48 6 3
4 51 4 5
4 52 2 8
4 53 9 4
4 54 6 10
4 55 7 2
4 56 2 9
4 57 3 8
4 58 8 7
4 59 6 10
4 60 2 10
4 61 8 3
4 62 2 5
4 63 8 8
4 64 3 5
4 66 7 5
4 67 2 2
4 69 3 9
4 71 8 2
4 72 6 5
4 73 10 8
4 75 9 10
4 77 5 4
4 78 2 10
4 79 7 9
4 81 9 9
4 82 3 1
4 84 8 10
4 85 5 6
4 86 4 6
4 88 5 3
4 89 6 2
4 90 6 7
4 91 6 2
4 92 1 4
4 93 6 7
4 94 6 3
4 95 1 7
4 96 6 8
4 97 8 9
4 99 6 6
4 100 8 8
5 7 2 5
5 8 2 4
5 9 1 3
5 10 10 9
5 11 10 10
5 13 3 2
5 15 7 3
5 16 7 9
5 19 8 10
5 20 4 6
5 24 9 2
5 26 8 6
5 27 3 10
5 28 7 3
5 29 3 8
5 30 9 1
5 31 9 7
5 32 3 8
5 33 5 10
5 34 1 1
5 36 8 2
5 37 2 10
5 38 8 3
5 39 6 3
5 41 9 6
5 42 3 10
5 43 7 6
5 45 8 6
5 46 3 6
5 51 4 7
5 52 5 4
5 53 5 7
5 54 8 6
5 55 3 9
5 57 8 5
5 58 10 6
5 59 6 5
5 60 8 5
5 61 5 4
5 62 8 1
5 63 9 5
5 64 1 8
5 65 4 4
5 66 9 10
5 67 7 4
5 68 8 7
5 69 5 3
5 70 6 8
5 71 7 9
5 72 2 6
5 73 1 8
5 74 7 9
5 75 7 2
5 76 1 3
5 77 9 3
5 78 8 1
5 79 5 5
5 80 8 5
5 82 8 10
5 83 2 1
5 85 1 1
5 86 4 8
5 90 10 6
5 91 8 3
5 93 3 7
5 94 5 7
5 95 6 8
5 96 6 8
5 97 7 7
5 98 3 8
5 100 6 10
6 7 5 6
6 8 2 6
6 9 8 4
6 10 10 3
6 11 10 2
6 13 1 2
6 14 7 9
6 15 4 9
6 16 2 4
6 18 6 9
6 19 3 10
6 20 9 7
6 22 4 1
6 23 5 5
6 25 8 9
6 26 2 2
6 28 10 5
6 29 5 6
6 30 9 9
6 31 5 7
6 32 6 5
6 34 7 6
6 36 3 9
6 38 6 8
6 40 9 6
6 41 5 4
6 42 7 5
6 43 3 10
6 44 6 4
6 45 10 4
6 46 1 7
6 48 7 5
6 49 7 1
6 51 8 5
6 52 3 9
6 53 6 3
6 54 3 1
6 55 2 6
6 56 9 4
6 57 8 6
6 58 3 10
6 59 1 9
6 60 10 10
6 61 9 5
6 62 6 9
6 63 6 9
6 64 1 3
6 65 8 5
6 66 9 3
6 67 6 5
6 68 6 5
6 71 10 4
6 72 8 7
6 73 5 10
6 74 2 5
6 75 8 9
6 76 6 2
6 77 4 6
6 78 3 6
6 79 1 6
6 80 10 1
6 81 5 5
6 83 3 1
6 84 1 6
6 85 10 6
6 86 3 6
6 87 6 2
6 88 8 10
6 89 5 3
6 90 9 8
6 91 1 2
6 92 5 9
6 94 5 6
6 96 10 10
6 97 5 7
6 98 3 3
6 99 6 8
6 100 7 9
7 8 3 3
7 9 5 2
7 11 9 4
7 12 10 7
7 13 7 1
7 14 4 5
7 15 1 8
7 16 7 9
7 17 10 3
7 18 3 7
7 20 1 2
7 21 1 2
7 22 10 5
7 23 7 9
7 24 7 2
7 25 7 6
7 26 2 8
7 27 7 2
7 28 4 9
7 30 6 5
7 31 6 4
7 33 10 9
7 34 9 9
7 35 6 7
7 36 1 6
7 39 6 9
7 40 5 6
7 41 3 9
7 42 7 1
7 43 7 6
7 44 1 8
7 45 10 5
7 46 2 4
7 48 2 9
7 49 8 4
7 50 5 8
7 51 1 4
7 52 5 6
7 53 5 8
7 54 8 9
7 55 2 6
7 57 10 10
7 58 4 5
7 59 1 5
7 60 4 10
7 61 5 2
7 62 9 8
7 64 9 3
7 66 10 3
7 67 3 1
7 68 7 1
7 69 6 10
7 71 5 5
7 72 7 8
7 73 5 2
7 74 6 4
7 75 7 7
7 77 10 10
7 79 6 2
7 81 8 6
7 82 2 6
7 83 1 1
7 84 9 3
7 85 6 3
7 86 3 7
7 87 10 4
7 88 7 4
7 89 8 2
7 90 3 2
7 92 10 6
7 93 4 1
7 94 2 5
7 95 5 7
7 96 8 1
7 97 1 10
7 98 4 6
7 100 3 7
8 9 4 8
8 10 8 10
8 13 5 7
8 14 4 2
8 15 1 9
8 16 10 10
8 17 5 5
8 19 5 7
8 20 4 5
8 21 5 6
8 22 8 6
8 23 1 5
8 25 8 9
8 26 1 10
8 27 9 7
8 28 4 9
8 29 7 1
8 30 3 1
8 31 7 1
8 32 2 7
8 34 1 8
8 35 4 8
8 36 4 5
8 37 1 9
8 38 4 9
8 39 10 5
8 40 1 8
8 41 7 8
8 43 9 2
8 44 4 8
8 46 6 4
8 47 7 9
8 48 8 4
8 50 2 8
8 51 6 5
8 52 6 8
8 53 4 10
8 55 4 10
8 57 5 9
8 58 2 5
8 59 10 8
8 60 6 9
8 61 5 1
8 62 1 4
8 63 10 10
8 64 2 10
8 65 9 2
8 66 3 2
8 67 4 3
8 69 10 8
8 70 8 2
8 71 6 8
8 72 6 9
8 73 4 7
8 74 9 4
8 75 1 6
8 77 4 4
8 78 7 5
8 79 2 10
8 80 8 8
8 81 8 2
8 82 6 7
8 83 9 7
8 84 5 6
8 85 4 5
8 87 10 6
8 88 10 3
8 90 1 4
8 91 2 6
8 92 4 3
8 93 4 4
8 95 2 4
8 98 3 2
8 99 7 1
9 10 5 7
9 12 6 2
9 13 6 4
9 15 9 5
9 16 2 5
9 17 4 10
9 22 8 9
9 23 10 9
9 24 8 7
9 25 8 8
9 26 8 5
9 27 6 6
9 31 8 5
9 32 9 10
9 34 1 4
9 35 1 5
9 36 7 2
9 39 8 4
9 40 7 10
9 41 6 5
9 43 7 10
9 44 10 7
9 45 7 7
9 48 1 7
9 49 6 8
9 50 1 5
9 51 7 6
9 52 10 1
9 54 5 2
9 55 8 3
9 56 6 9
9 57 1 9
9 58 6 3
9 59 7 5
9 60 9 10
9 61 5 4
9 62 10 9
9 63 6 7
9 64 3 6
9 65 1 5
9 66 10 6
9 67 5 7
9 69 6 4
9 70 8 1
9 71 4 5
9 72 6 4
9 73 9 2
9 74 1 1
9 75 2 3
9 76 8 6
9 77 1 6
9 78 1 9
9 79 1 8
9 80 6 1
9 81 9 1
9 82 6 7
9 84 1 10
9 85 6 2
9 86 10 3
9 88 10 8
9 89 1 7
9 90 3 1
9 91 9 4
9 93 7 9
9 94 10 3
9 95 7 2
9 96 10 6
9 97 9 10
9 98 8 9
9 99 9 1
9 100 2 5
10 11 9 8
10 12 7 10
10 13 8 6
10 14 3 6
10 15 6 5
10 16 4 4
10 17 2 5
10 18 9 2
10 20 9 10
10 21 9 2
10 22 2 10
10 23 2 10
10 24 3 3
10 25 9 2
10 27 10 9
10 28 2 10
10 29 7 8
10 30 1 7
10 31 1 2
10 33 5 8
10 34 2 7
10 35 8 6
10 36 3 7
10 37 2 9
10 38 8 7
10 39 4 10
10 40 8 7
10 42 1 10
10 44 1 1
10 46 3 10
10 47 7 6
10 48 6 6
10 50 4 9
10 51 7 8
10 52 10 9
10 54 4 7
10 55 6 9
10 56 2 4
10 57 4 5
10 58 1 3
10 59 5 10
10 60 8 10
10 61 4 10
10 62 5 6
10 63 6 4
10 65 1 10
10 66 4 9
10 67 7 8
10 68 4 10
10 69 6 1
10 70 1 1
10 72 2 5
10 73 7 6
10 74 6 3
10 76 10 3
10 77 6 4
10 78 3 1
10 81 4 8
10 82 7 1
10 83 5 4
10 84 2 7
10 85 7 5
10 86 7 8
10 88 4 6
10 89 9 3
10 90 6 8
10 92 6 7
10 93 1 9
10 94 5 9
10 95 1 5
10 96 4 5
10 97 4 9
10 98 2 9
10 99 10 4
10 100 8 5
11 12 2 4
11 15 4 2
11 16 6 1
11 17 8 6
11 18 6 6
11 19 5 9
11 20 1 6
11 21 6 5
11 22 10 1
11 23 3 7
11 24 3 3
11 26 9 6
11 28 1 10
11 31 1 8
11 32 2 10
11 33 4 9
11 34 7 2
11 35 2 4
11 37 9 2
11 38 5 3
11 39 8 4
11 40 4 3
11 41 7 8
11 44 3 2
11 45 9 5
11 46 3 10
11 47 4 4
11 48 9 10
11 50 9 5
11 51 10 2
11 52 5 9
11 53 7 10
11 54 6 7
11 55 5 7
11 56 6 4
11 57 4 8
11 58 5 2
11 60 4 6
11 61 1 1
11 62 6 10
11 63 10 9
11 64 2 1
11 66 5 9
11 67 4 5
11 68 3 3
11 69 5 7
11 70 9 10
11 71 5 4
11 72 8 3
11 73 3 7
11 74 7 3
11 75 3 4
11 76 6 10
11 77 7 5
11 78 2 10
11 79 7 7
11 80 9 9
11 81 10 5
11 82 7 6
11 83 8 9
11 84 4 8
11 85 8 7
11 86 3 8
11 87 10 10
11 88 2 10
11 89 4 5
11 90 7 2
11 91 6 4
11 92 3 8
11 94 6 4
11 95 8 7
11 96 1 10
11 98 5 5
11 99 8 8
11 100 1 9
12 13 8 7
12 14 4 4
12 15 2 7
12 16 8 4
12 17 9 9
12 18 6 2
12 19 4 3
12 20 3 8
12 22 1 1
12 23 9 7
12 24 4 4
12 25 2 8
12 26 8 9
12 27 6 4
12 29 3 7
12 30 4 6
12 31 6 5
12 32 3 10
12 33 3 6
12 34 3 2
12 35 1 10
12 36 7 6
12 38 3 2
12 39 6 1
12 40 2 4
12 41 3 9
12 42 1 10
12 44 6 9
12 45 5 8
12 47 3 5
12 48 6 1
12 49 9 3
12 50 8 7
12 51 3 3
12 52 1 1
12 53 5 10
12 54 3 9
12 55 8 9
12 56 3 5
12 58 5 7
12 59 2 7
12 60 2 6
12 61 9 8
12 64 4 6
12 66 8 7
12 67 4 5
12 68 3 6
12 69 6 6
12 70 3 2
12 71 3 5
12 73 2 3
12 74 8 8
12 75 10 6
12 76 1 10
12 77 9 6
12 78 6 10
12 79 2 8
12 80 6 10
12 81 10 3
12 82 2 1
12 85 5 5
12 86 8 2
12 87 8 7
12 88 4 3
12 89 1 1
12 90 9 1
12 91 10 3
12 92 9 6
12 93 10 6
12 94 1 7
12 95 10 8
12 96 7 10
12 97 5 5
12 99 3 1
13 14 5 4
13 15 6 8
13 16 10 2
13 18 1 9
13 20 10 8
13 22 3 4
13 23 4 10
13 24 1 1
13 25 7 2
13 27 7 8
13 28 1 4
13 29 7 3
13 30 3 3
13 31 2 5
13 32 7 10
13 33 2 5
13 34 6 10
13 35 3 6
13 37 9 2
13 38 6 4
13 41 10 3
13 42 9 2
13 43 1 9
13 44 1 2
13 45 6 8
13 46 6 3
13 47 3 6
13 48 10 2
13 49 4 9
13 50 1 3
13 51 8 6
13 52 9 2
13 53 9 3
13 54 1 6
13 55 1 8
13 56 1 5
13 57 4 10
13 59 10 8
13 60 3 6
13 61 10 7
13 63 6 5
13 64 2 9
13 65 2 4
13 66 5 6
13 67 4 4
13 68 8 9
13 69 5 2
13 70 2 1
13 73 4 10
13 74 5 4
13 75 8 9
13 76 5 8
13 77 9 8
13 78 3 4
13 79 7 5
13 80 2 7
13 81 5 5
13 82 6 4
13 83 9 3
13 84 1 2
13 86 6 2
13 87 6 2
13 90 6 10
13 91 1 8
13 92 7 3
13 93 10 4
13 95 3 1
13 96 5 10
13 98 9 7
13 99 10 8
13 100 3 5
14 15 6 10
14 16 2 4
14 17 3 6
14 19 6 6
14 20 1 5
14 23 1 9
14 24 5 8
14 25 7 1
14 26 9 5
14 27 2 10
14 28 10 5
14 29 4 1
14 31 1 7
14 32 4 5
14 33 4 2
14 34 9 5
14 35 1 9
14 37 3 8
14 38 9 7
14 42 5 10
14 43 7 9
14 44 1 5
14 48 9 10
14 49 5 10
14 50 4 7
14 51 1 9
14 52 10 7
14 54 2 7
14 55 5 7
14 56 3 5
14 57 1 5
14 58 9 7
14 61 1 1
14 62 10 8
14 63 8 3
14 64 5 9
14 65 7 7
14 66 2 5
14 67 4 8
14 68 8 2
14 69 2 2
14 70 5 1
14 72 9 1
14 73 10 3
14 74 4 9
14 75 3 1
14 77 7 7
14 80 7 7
14 82 7 3
14 83 6 9
14 84 8 9
14 85 6 6
14 86 4 5
14 87 8 4
14 88 9 6
14 89 2 4
14 90 8 3
14 91 6 9
14 92 9 5
14 93 7 1
14 94 4 10
14 95 2 7
14 96 6 7
14 97 6 7
14 98 3 1
14 99 2 2
15 16 5 4
15 17 8 4
15 18 8 10
15 19 1 9
15 20 8 9
15 21 5 5
15 22 8 8
15 23 2 4
15 24 10 1
15 26 6 9
15 27 3 10
15 28 8 10
15 29 8 7
15 30 9 3
15 34 1 7
15 35 7 4
15 37 6 5
15 38 8 2
15 39 10 7
15 40 1 4
15 41 2 3
15 42 9 5
15 43 9 10
15 45 4 2
15 46 3 7
15 47 7 9
15 48 5 10
15 49 5 1
15 51 6 6
15 52 9 1
15 53 6 6
15 55 4 3
15 56 5 4
15 57 8 3
15 58 5 9
15 59 7 1
15 60 4 9
15 61 2 5
15 62 8 2
15 63 9 9
15 64 10 3
15 65 1 5
15 66 7 1
15 68 1 10
15 69 1 9
15 70 6 6
15 72 7 6
15 73 1 10
15 74 10 6
15 75 10 2
15 77 2 5
15 78 6 9
15 80 2 3
15 81 4 3
15 82 7 8
15 84 7 5
15 85 1 4
15 87 5 1
15 88 9 9
15 89 10 3
15 90 4 3
15 91 1 7
15 92 5 6
15 94 5 4
15 96 10 1
15 97 10 10
15 98 3 6
15 99 10 8
15 100 5 1
16 17 1 7
16 18 6 8
16 19 4 9
16 21 9 9
16 22 8 5
16 23 10 2
16 24 3 1
16 25 10 5
16 26 4 6
16 28 2 5
16 30 6 7
16 32 4 5
16 34 7 9
16 35 4 9
16 36 1 6
16 37 4 5
16 38 8 4
16 40 4 10
16 41 7 8
16 43 3 10
16 44 3 7
16 45 7 10
16 46 4 9
16 47 4 10
16 48 10 4
16 50 3 1
16 51 2 10
16 52 2 5
16 53 2 4
16 55 1 6
16 56 8 4
16 57 8 10
16 58 5 1
16 59 8 4
16 60 7 7
16 61 8 9
16 62 7 3
16 63 10 10
16 64 1 8
16 66 1 5
16 67 8 8
16 68 10 7
16 69 4 3
16 70 5 3
16 71 3 5
16 73 7 9
16 75 10 1
16 76 1 1
16 77 2 6
16 78 9 8
16 79 3 2
16 80 2 7
16 81 5 2
16 82 4 5
16 83 6 3
16 84 6 6
16 85 2 9
16 86 10 2
16 87 9 10
16 88 8 4
16 89 10 7
16 91 5 3
16 92 2 8
16 93 2 3
16 94 6 7
16 96 4 4
16 97 8 9
16 98 5 3
16 99 9 4
16 100 3 3
17 18 8 7
17 19 8 8
17 21 4 6
17 22 7 10
17 23 4 10
17 24 9 9
17 25 9 4
17 26 6 2
17 27 2 10
17 28 10 5
17 30 1 5
17 31 6 8
17 32 6 2
17 33 1 8
17 34 5 10
17 36 2 6
17 37 10 2
17 38 5 9
17 39 4 2
17 40 3 6
17 41 4 5
17 42 9 4
17 44 2 6
17 45 7 4
17 46 2 6
17 47 6 1
17 48 9 6
17 49 1 10
17 50 8 6
17 51 9 3
17 52 6 4
17 53 9 6
17 54 10 10
17 55 2 1
17 56 2 3
17 57 3 2
17 58 4 4
17 59 10 1
17 63 2 5
17 64 3 5
17 65 7 4
17 66 1 9
17 68 4 4
17 69 5 3
17 71 8 2
17 72 10 5
17 75 6 9
17 76 6 7
17 78 6 2
17 79 4 1
17 80 6 4
17 81 9 6
17 82 1 7
17 84 1 2
17 85 1 2
17 86 4 8
17 87 9 5
17 88 3 6
17 89 4 8
17 91 7 5
17 93 9 8
17 94 4 10
17 95 3 2
17 96 6 7
17 97 4 3
17 100 4 8
18 19 4 8
18 20 9 7
18 21 3 9
18 23 7 9
18 24 4 2
18 25 4 9
18 26 9 1
18 27 3 7
18 28 8 1
18 29 6 1
18 30 10 9
18 31 3 6
18 32 9 2
18 33 10 5
18 34 1 10
18 35 4 2
18 36 9 6
18 37 3 8
18 38 3 6
18 39 1 1
18 40 7 7
18 42 2 7
18 44 1 5
18 46 9 4
18 49 3 7
18 50 2 9
18 51 3 3
18 52 3 9
18 53 9 5
18 54 8 3
18 55 2 10
18 56 4 5
18 57 1 4
18 58 7 5
18 60 4 8
18 61 3 3
18 63 10 10
18 65 1 9
18 66 7 3
18 67 10 8
18 69 6 9
18 70 5 9
18 71 3 5
18 72 9 1
18 73 8 9
18 74 4 1
18 76 4 4
18 77 8 7
18 81 2 1
18 83 4 6
18 84 8 1
18 86 8 6
18 87 3 5
18 89 10 2
18 90 3 7
18 92 9 8
18 93 7 10
18 94 6 5
18 96 5 2
18 98 1 7
18 99 10 9
18 100 4 2
19 20 6 2
19 21 3 8
19 22 3 4
19 24 8 2
19 25 7 7
19 26 7 5
19 27 7 7
19 28 6 3
19 29 2 3
19 30 6 7
19 31 4 1
19 32 5 8
19 33 3 9
19 34 6 7
19 35 1 6
19 36 6 1
19 37 5 7
19 38 7 6
19 39 4 5
19 40 6 5
19 42 2 7
19 43 6 1
19 44 5 10
19 45 3 6
19 46 10 6
19 47 8 6
19 48 9 1
19 49 2 2
19 50 6 6
19 51 9 8
19 52 2 4
19 53 2 9
19 55 6 1
19 56 3 9
19 57 4 7
19 58 2 6
19 59 7 1
19 60 1 8
19 61 2 7
19 62 1 8
19 63 6 9
19 64 9 3
19 65 6 9
19 67 6 9
19 68 1 10
19 69 5 9
19 70 8 5
19 72 6 10
19 73 4 6
19 74 6 8
19 75 1 3
19 76 6 9
19 77 2 5
19 78 5 9
19 79 7 10
19 81 6 10
19 82 6 4
19 83 4 3
19 84 2 1
19 86 7 10
19 87 10 8
19 88 10 1
19 89 5 8
19 90 9 3
19 92 1 10
19 93 8 1
19 94 1 1
19 95 3 6
19 96 9 5
19 97 4 10
19 98 3 2
19 99 1 10
19 100 2 2
20 21 10 8
20 22 6 8
20 24 6 5
20 25 3 9
20 26 7 3
20 27 1 2
20 28 2 9
20 29 6 4
20 31 7 2
20 32 4 8
20 34 4 5
20 35 1 9
20 38 2 6
20 39 8 1
20 41 1 2
20 42 4 7
20 43 4 2
20 44 2 10
20 45 7 5
20 47 10 1
20 48 6 6
20 49 2 2
20 50 10 9
20 51 9 1
20 53 8 5
20 54 6 6
20 56 1 3
20 57 8 5
20 58 5 8
20 59 2 3
20 60 5 8
20 61 8 9
20 63 9 1
20 64 8 1
20 65 1 2
20 66 5 6
20 67 2 1
20 68 7 2
20 73 5 10
20 74 10 6
20 76 2 10
20 77 7 8
20 78 9 7
20 80 6 8
20 82 9 7
20 83 6 10
20 85 8 6
20 86 3 7
20 87 8 9
20 88 9 3
20 89 4 5
20 90 2 7
20 91 2 5
20 92 10 5
20 93 2 1
20 94 10 9
20 95 6 8
20 98 9 5
20 99 10 10
20 100 5 7
21 22 8 3
21 23 6 9
21 24 3 3
21 25 8 8
21 26 3 2
21 27 3 5
21 29 1 10
21 30 1 8
21 31 7 6
21 33 8 2
21 34 9 5
21 35 7 5
21 36 7 7
21 37 10 7
21 38 1 10
21 39 2 6
21 40 2 7
21 42 1 9
21 43 5 5
21 44 4 10
21 45 8 2
21 46 8 10
21 47 3 10
21 48 3 10
21 49 7 2
21 50 7 10
21 52 4 4
21 53 7 3
21 54 8 9
21 58 5 5
21 59 3 3
21 60 5 10
21 61 9 2
21 62 8 2
21 63 7 1
21 64 1 8
21 65 2 8
21 66 5 1
21 67 7 4
21 68 9 2
21 69 8 2
21 70 10 2
21 71 10 10
21 72 4 6
21 74 10 8
21 75 9 5
21 76 1 1
21 77 9 3
21 78 5 1
21 80 7 9
21 81 3 10
21 82 5 7
21 83 7 7
21 84 5 2
21 85 6 3
21 86 8 9
21 88 9 4
21 89 4 8
21 90 10 1
21 91 6 2
21 92 1 2
21 94 7 1
21 95 2 7
21 97 10 4
21 99 4 5
21 100 4 9
22 24 10 10
22 25 6 4
22 26 7 7
22 27 9 7
22 28 6 8
22 29 8 4
22 30 1 4
22 31 4 10
22 32 1 7
22 33 6 7
22 34 2 2
22 35 6 4
22 36 7 7
22 37 3 4
22 38 6 3
22 39 10 8
22 40 7 1
22 42 9 6
22 43 3 7
22 44 3 7
22 45 1 8
22 46 4 4
22 47 2 8
22 49 7 10
22 51 5 7
22 52 4 3
22 53 9 3
22 54 8 6
22 55 2 4
22 56 5 3
22 58 7 1
22 60 3 6
22 61 4 6
22 62 4 10
22 63 4 6
22 64 6 4
22 65 1 3
22 66 4 7
22 67 5 5
22 68 1 8
22 69 5 6
22 71 7 4
22 72 7 3
22 73 4 3
22 75 9 9
22 76 6 10
22 77 6 5
22 81 6 9
22 82 9 5
22 83 4 3
22 84 6 10
22 85 8 9
22 86 4 10
22 87 10 2
22 90 10 2
22 91 7 8
22 92 8 1
22 93 5 5
22 94 2 9
22 95 6 3
22 96 1 3
22 98 10 3
22 99 2 9
22 100 1 4
23 24 3 7
23 25 10 7
23 26 8 6
23 27 7 8
23 28 2 3
23 29 2 2
23 30 7 4
23 31 4 1
23 32 1 6
23 33 10 8
23 35 9 1
23 37 1 1
23 38 1 10
23 39 4 3
23 40 10 10
23 41 3 6
23 45 8 7
23 46 9 7
23 47 9 8
23 48 2 4
23 49 2 4
23 51 1 8
23 52 7 5
23 53 1 10
23 55 5 8
23 56 8 3
23 57 8 2
23 58 6 4
23 59 1 4
23 61 1 3
23 62 2 4
23 63 1 5
23 65 7 7
23 66 2 6
23 67 1 4
23 68 10 8
23 69 1 3
23 70 1 3
23 71 6 10
23 72 3 7
23 73 4 1
23 74 1 3
23 75 9 3
23 76 8 1
23 77 2 5
23 78 2 9
23 79 3 10
23 80 8 10
23 81 5 2
23 82 5 9
23 83 6 1
23 84 9 4
23 86 10 9
23 87 3 1
23 88 7 2
23 89 8 2
23 90 3 8
23 91 7 5
23 92 10 8
23 93 5 3
23 94 9 10
23 95 2 10
23 96 8 4
23 97 10 3
23 98 8 10
23 99 3 4
24 25 5 9
24 26 9 9
24 27 10 8
24 29 7 6
24 30 9 9
24 31 1 9
24 33 6 2
24 34 10 8
24 35 2 10
24 37 10 5
24 38 2 9
24 39 1 10
24 40 3 10
24 41 6 6
24 42 4 8
24 43 1 8
24 44 3 8
24 45 9 4
24 46 1 2
24 47 10 6
24 48 10 10
24 49 9 6
24 50 8 5
24 51 6 6
24 52 4 7
24 53 7 3
24 54 5 8
24 55 7 4
24 56 10 8
24 57 1 3
24 58 4 6
24 59 9 5
24 60 5 8
24 61 10 6
24 62 5 5
24 64 7 8
24 66 6 10
24 67 5 1
24 69 1 3
24 70 8 5
24 71 4 4
24 72 6 8
24 73 8 7
24 75 10 4
24 76 5 5
24 77 6 8
24 78 2 3
24 79 5 5
24 80 1 8
24 81 10 2
24 82 10 1
24 83 7 7
24 84 1 6
24 85 4 1
24 86 7 1
24 87 7 1
24 89 5 9
24 90 4 3
24 91 4 1
24 92 2 10
24 93 1 6
24 94 2 3
24 95 4 8
24 97 6 1
24 99 6 8
24 100 5 9
25 26 4 4
25 28 9 10
25 30 2 1
25 32 5 8
25 33 9 6
25 34 1 7
25 35 5 5
25 37 7 6
25 39 10 2
25 40 2 1
25 41 6 9
25 42 8 7
25 43 9 9
25 44 10 1
25 45 3 4
25 46 8 9
25 47 7 1
25 48 2 8
25 49 9 8
25 50 8 2
25 51 10 9
25 52 4 2
25 53 9 7
25 54 8 1
25 55 9 1
25 56 4 7
25 58 6 5
25 59 2 3
25 60 6 8
25 61 5 8
25 62 9 7
25 63 5 2
25 64 4 9
25 65 4 9
25 66 9 7
25 68 8 5
25 69 9 1
25 72 6 3
25 75 8 2
25 76 2 2
25 77 9 9
25 78 5 7
25 79 9 4
25 81 8 4
25 82 1 2
25 84 2 2
25 85 6 4
25 87 10 5
25 88 7 6
25 89 10 3
25 90 4 6
25 91 10 8
25 92 3 5
25 93 3 5
25 95 6 2
25 97 9 3
25 98 9 2
25 99 2 3
26 29 5 9
26 30 7 3
26 31 1 5
26 32 1 8
26 33 3 2
26 34 4 4
26 35 2 6
26 36 8 4
26 38 4 7
26 39 4 10
26 40 4 9
26 41 9 8
26 42 5 7
26 43 1 9
26 44 1 9
26 45 1 4
26 46 6 5
26 47 1 9
26 48 10 2
26 49 4 7
26 50 9 9
26 51 4 8
26 52 4 3
26 53 4 10
26 55 8 7
26 56 9 6
26 57 1 10
26 60 3 1
26 62 7 4
26 63 7 4
26 65 5 9
26 66 9 6
26 67 6 9
26 69 5 9
26 70 3 8
26 72 1 9
26 73 3 7
26 74 4 9
26 75 3 10
26 76 5 4
26 77 5 6
26 78 7 4
26 80 10 6
26 81 4 3
26 82 8 7
26 83 1 6
26 84 4 4
26 85 3 8
26 87 3 10
26 91 5 7
26 92 6 10
26 93 9 9
26 94 10 7
26 95 8 9
26 96 3 3
26 98 5 9
26 100 6 5
27 28 3 8
27 30 2 1
27 31 10 9
27 32 3 1
27 33 7 9
27 35 1 5
27 37 2 10
27 39 1 1
27 40 2 4
27 41 4 6
27 43 9 10
27 44 10 4
27 45 8 6
27 47 2 5
27 49 10 4
27 51 8 3
27 52 10 6
27 53 5 2
27 54 4 7
27 55 9 5
27 56 2 5
27 57 5 5
27 58 9 1
27 59 4 10
27 60 3 8
27 61 4 4
27 62 6 4
27 63 9 6
27 64 9 2
27 65 9 5
27 66 7 1
27 67 10 9
27 68 9 6
27 70 3 5
27 71 5 5
27 72 1 2
27 73 3 4
27 74 1 6
27 75 8 8
27 76 4 10
27 77 7 3
27 78 6 4
27 79 6 9
27 80 7 2
27 81 10 1
27 82 2 5
27 83 9 3
27 84 2 2
27 86 6 3
27 87 6 8
27 88 7 4
27 90 3 5
27 91 2 1
27 92 2 1
27 93 5 1
27 94 10 3
27 95 4 4
27 96 10 4
27 98 6 7
27 99 4 3
27 100 5 6
28 30 9 1
28 31 8 7
28 32 10 4
28 33 8 10
28 36 7 4
28 37 3 1
28 38 3 8
28 39 6 7
28 40 6 2
28 41 2 10
28 42 1 10
28 43 1 6
28 44 3 10
28 45 4 6
28 46 8 4
28 48 7 10
28 50 3 10
28 52 3 3
28 53 7 8
28 54 5 9
28 55 1 7
28 56 1 2
28 57 7 8
28 58 5 10
28 60 9 6
28 62 1 7
28 63 9 2
28 66 3 6
28 67 10 7
28 68 4 10
28 70 8 3
28 73 6 5
28 74 2 1
28 76 7 9
28 77 5 9
28 78 5 4
28 79 8 3
28 82 2 1
28 83 10 9
28 84 6 6
28 85 5 8
28 86 7 6
28 87 4 6
28 88 2 6
28 89 7 6
28 92 8 3
28 93 4 4
28 95 8 6
28 96 2 9
28 98 9 1
28 99 8 2
28 100 1 1
29 31 5 3
29 33 7 2
29 34 4 10
29 35 1 7
29 36 2 10
29 37 2 5
29 38 8 3
29 39 7 10
29 40 2 5
29 41 2 9
29 42 2 7
29 44 4 6
29 46 1 2
29 47 4 8
29 49 7 9
29 50 7 2
29 51 4 10
29 52 4 3
29 53 10 1
29 55 4 10
29 56 5 7
29 57 9 7
29 58 9 9
29 61 5 1
29 62 7 6
29 63 3 9
29 65 2 9
29 66 4 6
29 67 9 9
29 68 1 1
29 69 8 2
29 72 2 8
29 73 3 4
29 74 5 8
29 75 8 9
29 76 2 9
29 80 9 8
29 81 7 1
29 82 6 4
29 83 5 1
29 84 6 9
29 85 9 6
29 86 6 4
29 87 8 6
29 88 2 8
29 89 5 10
29 90 8 8
29 91 4 5
29 92 2 3
29 93 10 4
29 94 6 8
29 95 7 5
29 96 5 9
29 97 8 4
29 99 3 7
29 100 5 7
30 31 5 9
30 32 10 9
30 33 8 9
30 34 4 3
30 36 1 8
30 39 3 5
30 40 9 5
30 42 2 7
30 43 1 4
30 44 7 6
30 48 6 9
30 49 4 8
30 50 6 1
30 52 3 3
30 53 5 2
30 54 2 6
30 55 6 8
30 57 2 6
30 59 10 7
30 60 3 8
30 61 6 7
30 62 8 1
30 63 9 6
30 64 5 7
30 66 3 5
30 67 2 9
30 68 2 6
30 69 4 9
30 71 2 5
30 72 9 6
30 73 4 9
30 75 10 1
30 76 8 5
30 77 1 9
30 78 5 5
30 80 4 5
30 82 3 9
30 83 4 2
30 84 6 10
30 85 8 8
30 86 8 1
30 87 2 1
30 88 10 7
30 89 8 4
30 91 2 3
30 92 7 7
30 93 5 10
30 94 7 1
30 95 6 10
30 96 2 9
30 97 9 8
30 98 5 5
30 100 3 6
31 32 5 8
31 34 8 2
31 35 2 6
31 36 9 7
31 37 5 8
31 39 2 7
31 40 7 8
31 41 3 5
31 42 9 3
31 43 1 8
31 44 7 5
31 45 5 8
31 46 8 7
31 47 4 7
31 49 8 6
31 50 7 7
31 51 9 10
31 52 1 9
31 53 5 2
31 54 9 8
31 55 2 1
31 56 10 5
31 57 5 9
31 58 8 10
31 59 3 3
31 60 7 4
31 61 6 7
31 62 8 5
31 63 7 1
31 65 9 7
31 67 5 3
31 69 2 9
31 70 8 9
31 74 6 3
31 75 9 7
31 77 1 10
31 78 5 8
31 79 1 2
31 81 8 7
31 82 1 9
31 83 8 5
31 84 8 5
31 85 3 5
31 86 5 6
31 88 9 3
31 89 6 4
31 90 5 4
31 91 7 6
31 92 8 6
31 93 8 9
31 95 3 8
31 96 4 9
31 97 9 3
31 98 3 6
31 99 3 6
31 100 1 4
32 33 2 4
32 34 4 3
32 35 8 2
32 36 6 3
32 37 9 1
32 38 7 9
32 39 6 10
32 40 2 1
32 42 6 6
32 44 4 6
32 45 1 3
32 46 2 9
32 48 2 8
32 49 5 9
32 50 4 8
32 51 7 10
32 52 7 6
32 53 7 1
32 54 5 1
32 57 1 7
32 58 3 7
32 59 4 4
32 60 1 9
32 61 10 3
32 62 9 5
32 63 1 5
32 64 2 2
32 65 6 3
32 66 10 3
32 67 4 7
32 69 4 1
32 70 4 9
32 72 2 6
32 73 5 3
32 74 9 2
32 75 3 9
32 76 4 6
32 77 3 6
32 78 7 1
32 79 8 1
32 80 2 8
32 81 10 6
32 82 4 1
32 83 5 5
32 85 10 4
32 86 7 7
32 87 1 9
32 88 9 5
32 89 8 5
32 90 4 1
32 92 5 3
32 94 3 2
32 95 7 5
32 96 6 6
32 99 1 8
33 34 6 1
33 35 3 4
33 36 5 6
33 38 8 8
33 39 1 3
33 40 6 10
33 42 8 7
33 43 7 9
33 44 10 9
33 46 8 8
33 50 1 2
33 51 6 2
33 52 8 6
33 53 8 6
33 55 5 3
33 56 10 8
33 57 9 9
33 60 8 7
33 63 6 6
33 64 2 10
33 66 3 1
33 67 8 10
33 68 3 3
33 69 8 6
33 70 1 4
33 71 5 7
33 72 3 6
33 73 7 10
33 77 4 8
33 78 2 1
33 79 6 1
33 80 2 1
33 81 9 8
33 82 4 1
33 85 8 8
33 86 8 6
33 87 6 3
33 88 6 9
33 89 7 1
33 90 1 7
33 91 3 10
33 92 9 7
33 93 7 4
33 95 1 2
33 96 9 9
33 97 2 4
33 98 1 5
33 99 7 9
33 100 5 5
34 35 10 7
34 36 4 6
34 37 7 8
34 38 8 6
34 39 7 5
34 40 4 9
34 43 4 6
34 44 9 3
34 45 5 5
34 46 8 3
34 48 4 1
34 51 5 1
34 52 2 2
34 53 4 8
34 54 1 9
34 57 10 2
34 59 8 6
34 60 4 1
34 61 9 4
34 62 9 9
34 63 4 5
34 66 10 4
34 67 7 1
34 68 9 6
34 69 4 6
34 70 6 8
34 71 3 6
34 72 1 5
34 73 5 8
34 74 5 7
34 76 4 6
34 77 10 5
34 78 5 5
34 80 2 1
34 81 10 9
34 82 9 3
34 83 3 10
34 84 6 4
34 85 2 5
34 86 4 2
34 87 2 7
34 88 4 7
34 89 3 3
34 90 7 3
34 91 3 3
34 92 4 9
34 93 8 7
34 94 3 4
34 96 10 6
34 97 7 8
34 98 10 10
34 99 10 6
34 100 5 5
35 36 8 8
35 37 10 5
35 38 5 10
35 39 1 5
35 41 7 10
35 43 5 8
35 46 4 8
35 47 6 5
35 48 4 8
35 49 10 6
35 51 10 8
35 52 7 3
35 55 4 2
35 56 7 5
35 58 5 7
35 59 5 7
35 60 2 5
35 62 5 1
35 63 10 5
35 64 4 6
35 65 4 3
35 68 5 8
35 70 6 6
35 72 2 8
35 74 8 5
35 75 6 8
35 76 5 1
35 79 3 6
35 80 2 5
35 81 9 4
35 82 5 8
35 83 6 2
35 84 3 9
35 85 3 4
35 86 9 1
35 87 9 2
35 88 3 3
35 90 9 1
35 91 9 1
35 92 1 8
35 93 9 9
35 95 1 9
35 96 8 8
35 97 2 1
35 98 10 1
35 100 1 5
36 37 6 7
36 39 3 6
36 41 9 10
36 44 5 1
36 45 3 2
36 46 10 4
36 49 6 7
36 50 7 10
36 51 10 6
36 52 3 3
36 53 6 10
36 56 3 10
36 60 6 1
36 61 7 7
36 62 2 10
36 63 5 7
36 64 5 8
36 65 1 8
36 68 9 9
36 69 5 2
36 70 4 3
36 71 1 2
36 74 8 7
36 76 3 8
36 77 9 7
36 78 3 9
36 80 8 6
36 81 9 6
36 82 4 4
36 83 1 4
36 84 3 4
36 85 10 8
36 86 10 5
36 89 4 5
36 90 2 10
36 91 5 2
36 92 3 10
36 93 1 2
36 94 1 1
36 95 3 5
36 96 5 1
36 98 9 6
36 99 8 5
37 38 8 10
37 39 5 8
37 40 2 10
37 41 9 2
37 42 10 10
37 43 3 3
37 44 1 6
37 45 3 9
37 46 5 3
37 47 8 7
37 48 3 3
37 49 9 8
37 50 5 7
37 53 2 5
37 57 10 1
37 59 3 10
37 60 5 3
37 62 7 8
37 63 2 4
37 65 5 2
37 66 9 6
37 67 9 5
37 68 4 2
37 69 1 9
37 70 8 3
37 71 6 10
37 72 9 9
37 73 4 6
37 74 2 7
37 75 10 5
37 77 9 9
37 78 9 5
37 80 4 9
37 81 9 6
37 82 9 9
37 83 8 6
37 84 10 10
37 85 9 8
37 86 1 3
37 88 4 4
37 89 2 1
37 90 3 4
37 91 1 6
37 92 10 2
37 93 2 6
37 95 8 4
37 97 3 10
37 98 4 6
37 99 10 5
37 100 2 4
38 40 8 2
38 43 7 8
38 45 8 2
38 46 7 7
38 48 1 3
38 50 7 7
38 51 4 6
38 52 8 1
38 53 2 9
38 54 10 3
38 55 8 6
38 56 10 3
38 57 2 10
38 58 2 9
38 59 7 9
38 60 2 5
38 61 4 3
38 62 10 6
38 63 3 9
38 64 6 4
38 65 10 6
38 66 9 3
38 67 6 6
38 68 6 2
38 69 8 4
38 70 7 8
38 71 8 3
38 72 4 10
38 73 3 1
38 75 3 5
38 76 5 6
38 77 5 1
38 78 1 2
38 79 8 7
38 80 1 9
38 81 4 3
38 82 6 9
38 83 2 5
38 84 8 6
38 85 7 4
38 86 9 10
38 87 4 6
38 88 8 3
38 89 10 2
38 90 1 9
38 91 9 1
38 92 4 4
38 93 4 10
38 94 5 4
38 95 9 9
38 96 3 6
38 97 1 10
38 98 1 10
38 99 9 9
39 41 7 1
39 42 7 3
39 43 6 3
39 44 7 7
39 45 5 10
39 46 10 2
39 47 7 5
39 48 9 4
39 49 4 9
39 50 10 3
39 51 1 7
39 52 5 6
39 53 7 1
39 54 1 1
39 55 10 6
39 56 8 10
39 58 10 7
39 59 8 2
39 60 8 1
39 61 1 7
39 65 1 1
39 66 8 2
39 69 9 5
39 70 3 3
39 71 10 6
39 74 6 5
39 75 6 2
39 76 9 4
39 78 9 9
39 79 6 7
39 80 6 1
39 81 5 4
39 82 10 6
39 83 7 4
39 84 2 9
39 85 8 9
39 87 10 9
39 88 5 9
39 89 8 5
39 90 3 3
39 92 4 6
39 93 9 1
39 94 7 4
39 95 3 9
39 96 3 3
39 97 6 8
39 98 1 3
39 99 5 5
39 100 5 3
40 41 5 6
40 42 8 9
40 43 7 2
40 44 10 1
40 45 10 2
40 46 7 7
40 48 7 7
40 51 7 6
40 52 7 5
40 54 2 2
40 55 7 7
40 56 1 10
40 59 5 8
40 60 4 5
40 61 8 7
40 62 8 7
40 63 3 7
40 64 3 7
40 66 1 4
40 67 4 6
40 68 4 6
40 69 6 5
40 70 6 4
40 71 1 2
40 72 5 2
40 73 4 8
40 74 3 9
40 75 5 10
40 76 6 10
40 77 6 5
40 78 1 5
40 79 2 8
40 80 3 7
40 82 5 8
40 83 8 10
40 85 3 8
40 86 10 1
40 88 7 6
40 89 1 9
40 90 1 6
40 91 3 5
40 92 7 1
40 93 9 6
40 96 5 9
40 97 9 10
40 98 6 4
40 99 6 4
40 100 1 1
41 42 5 7
41 43 3 1
41 45 7 4
41 46 1 10
41 47 1 1
41 48 8 7
41 49 1 6
41 50 7 6
41 51 4 7
41 52 4 1
41 53 3 4
41 56 10 5
41 59 8 10
41 60 7 4
41 62 4 10
41 63 3 8
41 64 10 3
41 66 4 5
41 67 3 3
41 68 7 9
41 69 10 3
41 70 7 4
41 71 3 2
41 73 10 3
41 75 3 3
41 76 2 6
41 77 10 8
41 78 9 2
41 79 1 3
41 80 2 3
41 81 4 1
41 82 8 9
41 83 6 3
41 85 7 7
41 86 5 8
41 87 6 6
41 88 9 9
41 89 2 8
41 90 5 6
41 91 7 8
41 92 6 2
41 95 2 5
41 96 7 3
41 99 3 9
41 100 6 1
42 44 7 1
42 45 9 1
42 46 4 7
42 47 10 2
42 48 4 5
42 49 2 5
42 50 9 7
42 52 9 4
42 54 10 7
42 55 5 7
42 56 6 3
42 57 2 1
42 58 6 9
42 59 1 6
42 60 1 7
42 61 2 4
42 62 1 6
42 63 3 2
42 64 2 8
42 65 8 5
42 66 2 2
42 67 7 2
42 68 10 3
42 70 2 3
42 71 1 4
42 72 5 3
42 73 9 1
42 74 10 8
42 75 7 7
42 76 2 7
42 77 5 5
42 78 2 5
42 80 6 9
42 82 2 1
42 83 5 1
42 86 7 9
42 87 7 6
42 88 3 1
42 89 8 4
42 90 8 2
42 91 5 7
42 92 1 8
42 93 5 9
42 94 4 8
42 95 4 8
42 96 5 5
42 97 4 10
42 98 10 1
42 99 2 4
43 45 8 10
43 46 9 1
43 47 3 5
43 48 8 9
43 49 8 8
43 51 9 10
43 52 6 1
43 53 9 4
43 55 10 7
43 56 2 1
43 58 4 7
43 60 10 3
43 61 7 2
43 63 7 6
43 64 3 7
43 65 10 3
43 66 7 5
43 67 3 9
43 68 7 7
43 69 10 4
43 70 2 10
43 71 4 1
43 72 8 10
43 73 3 5
43 75 3 2
43 76 7 7
43 77 1 7
43 80 2 7
43 81 2 6
43 82 1 2
43 83 9 7
43 84 4 2
43 85 10 9
43 86 4 2
43 87 8 3
43 88 3 6
43 89 6 2
43 90 2 1
43 92 2 9
43 93 5 6
43 94 2 8
43 95 6 4
43 96 6 6
43 97 8 4
43 98 5 3
43 99 1 7
43 100 6 8
44 45 9 6
44 46 3 6
44 47 7 6
44 49 1 1
44 50 1 5
44 51 6 4
44 52 10 2
44 55 1 2
44 56 2 2
44 57 6 10
44 58 2 2
44 59 7 3
44 60 3 8
44 62 2 3
44 63 2 3
44 64 7 9
44 65 4 4
44 66 6 7
44 67 7 8
44 69 10 9
44 70 5 3
44 71 8 6
44 72 6 1
44 73 9 2
44 74 9 10
44 75 4 8
44 76 1 2
44 77 2 1
44 78 8 8
44 79 1 1
44 82 5 2
44 83 1 4
44 84 2 5
44 85 3 7
44 86 9 4
44 88 8 4
44 90 7 8
44 91 3 7
44 94 10 3
44 95 10 5
44 96 4 9
44 97 4 7
44 98 4 3
44 99 10 10
45 46 7 9
45 47 5 1
45 48 8 4
45 49 9 8
45 50 10 6
45 51 6 5
45 52 3 4
45 53 8 2
45 54 10 7
45 55 7 3
45 56 1 10
45 57 6 6
45 58 2 4
45 59 6 7
45 60 7 7
45 61 5 7
45 62 7 5
45 63 8 3
45 65 7 4
45 66 2 7
45 67 3 4
45 68 8 2
45 69 7 6
45 70 9 10
45 71 8 2
45 72 4 3
45 73 5 5
45 74 2 6
45 75 3 10
45 76 7 8
45 77 10 2
45 79 5 7
45 81 4 1
45 82 5 4
45 83 8 1
45 84 1 5
45 85 7 9
45 86 6 6
45 88 1 1
45 89 3 2
45 90 9 2
45 91 10 6
45 93 2 5
45 94 7 6
45 95 8 3
45 97 9 7
45 98 10 10
45 99 7 8
45 100 9 8
46 47 6 9
46 48 10 4
46 49 9 10
46 50 6 3
46 51 8 4
46 52 4 3
46 53 1 2
46 54 2 3
46 55 6 3
46 57 4 8
46 58 4 6
46 59 10 9
46 60 10 3
46 61 2 6
46 62 5 2
46 63 3 5
46 67 8 8
46 68 9 8
46 69 5 2
46 70 10 1
46 71 8 1
46 72 6 6
46 73 9 6
46 74 8 2
46 75 1 3
46 76 10 9
46 77 1 10
46 78 10 3
46 79 10 4
46 80 5 10
46 81 1 9
46 82 3 2
46 83 7 7
46 84 9 4
46 86 1 1
46 87 7 3
46 88 10 2
46 90 4 7
46 91 9 1
46 92 3 6
46 93 9 10
46 94 4 8
46 96 9 5
46 97 3 2
46 99 3 5
46 100 9 8
47 48 8 2
47 50 4 6
47 51 10 3
47 52 7 8
47 53 8 4
47 54 5 5
47 55 6 1
47 56 9 8
47 57 10 8
47 58 8 10
47 59 2 9
47 60 9 8
47 61 2 3
47 62 8 5
47 63 5 9
47 64 9 4
47 66 1 7
47 67 6 4
47 68 2 6
47 69 6 8
47 71 3 3
47 72 2 1
47 73 1 3
47 74 7 5
47 75 6 6
47 76 4 10
47 77 7 8
47 78 10 8
47 79 1 9
47 80 4 8
47 81 4 7
47 82 5 1
47 83 6 1
47 84 1 7
47 85 9 10
47 86 6 4
47 87 9 3
47 88 6 5
47 89 6 2
47 91 10 4
47 92 10 6
47 93 4 4
47 94 4 1
47 95 10 8
47 96 5 4
47 97 8 7
47 98 7 4
47 99 10 9
47 100 10 6
48 50 8 2
48 51 10 7
48 52 10 10
48 53 1 9
48 56 6 1
48 57 4 1
48 59 10 3
48 61 4 4
48 62 6 2
48 64 1 6
48 65 1 8
48 66 9 3
48 67 4 4
48 68 5 9
48 69 1 9
48 70 9 5
48 71 1 9
48 75 9 2
48 76 1 5
48 77 8 5
48 78 9 2
48 79 1 2
48 81 4 5
48 82 8 5
48 83 1 9
48 84 6 9
48 86 7 5
48 87 3 8
48 88 10 5
48 89 7 3
48 90 4 2
48 92 4 8
48 93 4 6
48 95 4 7
48 96 4 3
48 97 3 1
48 98 10 6
48 99 1 7
48 100 4 4
49 50 5 4
49 51 10 5
49 52 7 9
49 53 2 10
49 54 6 5
49 56 9 10
49 57 5 4
49 58 1 8
49 59 10 6
49 60 6 4
49 61 8 7
49 62 3 3
49 63 6 2
49 64 9 2
49 65 4 4
49 66 8 4
49 67 8 10
49 68 9 6
49 69 10 1
49 70 3 7
49 72 9 4
49 73 4 5
49 74 9 10
49 76 1 4
49 77 3 3
49 78 9 7
49 81 7 7
49 83 3 5
49 84 2 8
49 85 5 3
49 88 7 8
49 89 2 5
49 90 4 2
49 91 5 6
49 92 9 3
49 94 4 10
49 96 2 8
49 98 7 7
49 99 1 8
50 51 3 8
50 52 1 7
50 53 1 6
50 54 6 1
50 55 5 4
50 56 10 10
50 57 10 7
50 58 6 2
50 59 2 10
50 61 5 5
50 63 10 9
50 64 1 4
50 67 9 9
50 68 6 4
50 69 4 8
50 70 3 10
50 71 8 1
50 72 9 4
50 73 1 6
50 75 4 1
50 77 7 10
50 78 2 9
50 79 8 1
50 80 10 6
50 81 9 2
50 82 7 9
50 83 10 3
50 84 3 4
50 85 3 3
50 86 8 7
50 87 6 10
50 88 8 9
50 90 9 8
50 91 5 1
50 93 1 7
50 94 8 9
50 95 3 6
50 96 7 6
51 53 9 4
51 54 9 4
51 55 4 2
51 56 3 2
51 57 1 3
51 58 2 7
51 59 1 2
51 60 2 3
51 61 2 9
51 62 6 9
51 63 4 9
51 64 5 3
51 66 2 7
51 67 3 3
51 68 2 10
51 70 9 5
51 71 8 3
51 72 4 6
51 73 4 3
51 74 6 10
51 75 9 4
51 76 6 9
51 77 8 9
51 78 2 4
51 79 2 5
51 80 5 5
51 81 10 2
51 83 5 1
51 84 4 10
51 85 8 5
51 86 7 8
51 87 7 2
51 88 3 7
51 89 3 10
51 91 4 6
51 92 4 8
51 94 9 4
51 95 10 5
51 96 1 8
51 97 4 6
51 98 1 2
51 99 3 3
52 53 10 5
52 54 4 2
52 55 1 1
52 56 8 10
52 57 4 3
52 58 4 2
52 59 3 6
52 60 1 2
52 61 10 7
52 63 1 1
52 64 1 3
52 65 10 5
52 68 2 6
52 69 8 7
52 71 5 9
52 72 1 4
52 73 6 2
52 74 4 4
52 76 1 10
52 77 4 8
52 78 7 9
52 79 3 4
52 81 9 5
52 82 10 8
52 83 5 8
52 84 1 4
52 85 4 9
52 86 2 7
52 87 8 1
52 89 6 7
52 90 10 2
52 91 4 6
52 93 2 2
52 95 7 7
52 96 3 8
52 98 7 10
52 100 5 9
53 54 3 6
53 55 8 2
53 56 9 7
53 57 1 6
53 58 6 10
53 59 8 6
53 60 6 4
53 62 1 8
53 64 8 5
53 65 10 3
53 67 6 2
53 68 8 3
53 69 7 4
53 70 2 5
53 72 6 7
53 73 4 9
53 74 5 5
53 75 9 10
53 76 3 2
53 77 10 4
53 78 3 3
53 79 3 1
53 81 8 2
53 82 3 6
53 83 4 4
53 84 2 2
53 85 10 3
53 86 8 6
53 87 8 4
53 88 5 8
53 89 4 5
53 90 2 5
53 91 10 4
53 93 4 5
53 94 10 8
53 95 2 3
53 96 1 8
53 98 3 6
53 99 10 2
53 100 4 6
54 55 5 7
54 56 7 4
54 57 5 9
54 58 7 10
54 59 1 2
54 60 10 1
54 64 8 5
54 65 5 8
54 66 8 1
54 67 4 1
54 68 6 8
54 69 9 2
54 70 6 1
54 71 1 4
54 74 3 6
54 75 1 5
54 77 3 8
54 78 4 6
54 79 7 6
54 80 4 10
54 84 5 4
54 86 2 2
54 87 2 3
54 88 10 10
54 89 3 8
54 90 2 9
54 91 5 7
54 92 8 2
54 93 9 6
54 94 7 6
54 95 9 6
54 96 10 8
54 97 10 3
54 98 5 2
54 100 7 10
55 56 9 9
55 57 2 8
55 58 6 2
55 59 6 6
55 60 1 2
55 61 7 5
55 62 10 8
55 63 4 1
55 64 2 3
55 65 4 6
55 66 2 8
55 67 10 6
55 68 8 2
55 69 3 7
55 70 10 6
55 71 7 2
55 73 4 4
55 75 6 2
55 76 1 10
55 79 1 7
55 81 6 9
55 82 5 2
55 83 8 7
55 84 2 6
55 85 2 6
55 86 8 6
55 88 7 4
55 89 1 5
55 90 1 6
55 91 5 4
55 96 2 10
55 97 8 10
55 98 1 2
55 99 8 3
55 100 9 7
56 57 8 4
56 58 7 5
56 60 5 5
56 61 1 3
56 62 7 8
56 63 6 8
56 64 2 10
56 65 6 1
56 67 2 7
56 68 7 2
56 69 3 5
56 70 8 8
56 73 9 8
56 74 2 3
56 77 6 4
56 79 4 8
56 80 1 10
56 82 10 8
56 83 4 8
56 84 7 7
56 85 5 5
56 86 1 8
56 87 1 6
56 88 1 5
56 89 6 3
56 90 2 6
56 92 5 3
56 94 8 5
56 95 10 10
56 96 6 1
56 97 3 10
56 98 8 1
56 99 3 7
56 100 9 6
57 59 5 5
57 61 7 10
57 62 1 1
57 63 7 2
57 64 4 5
57 65 10 8
57 66 6 1
57 68 6 7
57 69 10 2
57 70 8 10
57 71 8 10
57 72 9 10
57 73 10 2
57 75 4 4
57 77 3 7
57 78 6 6
57 79 9 3
57 82 9 8
57 83 9 4
57 84 7 7
57 85 5 9
57 87 7 4
57 90 5 2
57 93 4 7
57 94 6 3
57 95 4 8
57 97 8 2
57 98 1 8
57 99 8 10
58 60 3 10
58 61 4 7
58 62 1 8
58 63 8 7
58 64 2 10
58 65 7 10
58 66 1 8
58 67 10 10
58 69 3 8
58 70 10 3
58 71 4 6
58 72 10 10
58 74 6 4
58 76 2 10
58 77 8 2
58 79 4 10
58 80 3 6
58 81 7 9
58 82 6 5
58 84 1 6
58 86 3 1
58 87 4 3
58 88 5 3
58 89 7 1
58 90 2 8
58 91 9 6
58 92 3 1
58 93 6 4
58 94 5 6
58 95 1 2
58 96 6 8
58 97 7 4
58 100 10 1
59 60 6 4
59 62 6 2
59 63 5 10
59 64 8 8
59 65 7 4
59 67 4 3
59 68 1 5
59 69 7 10
59 70 4 9
59 71 10 1
59 74 2 9
59 75 6 3
59 76 4 10
59 77 8 7
59 78 7 2
59 79 2 3
59 80 8 9
59 81 5 2
59 83 6 7
59 84 6 8
59 85 6 5
59 87 1 5
59 89 4 4
59 90 1 2
59 91 2 9
59 92 5 7
59 93 1 6
59 94 10 1
59 95 5 9
59 96 4 3
59 97 7 6
59 98 6 9
59 99 5 5
59 100 1 8
60 62 9 6
60 64 9 5
60 65 10 3
60 66 6 5
60 67 8 4
60 68 3 7
60 70 6 5
60 71 10 10
60 72 4 10
60 73 5 9
60 76 9 9
60 77 5 5
60 78 10 9
60 79 7 7
60 80 7 6
60 81 8 5
60 82 4 1
60 83 7 3
60 84 6 4
60 86 5 9
60 87 6 9
60 88 5 9
60 89 6 1
60 90 8 1
60 91 1 2
60 92 7 7
60 93 9 1
60 94 3 5
60 95 5 9
60 96 9 2
60 97 10 9
60 98 3 9
60 99 10 2
60 100 2 3
61 64 3 1
61 66 5 7
61 67 8 5
61 68 2 3
61 69 1 8
61 70 3 6
61 72 10 5
61 73 3 6
61 74 6 2
61 76 1 3
61 77 2 9
61 78 9 3
61 79 5 10
61 80 8 3
61 81 2 4
61 82 9 5
61 83 10 1
61 84 9 2
61 85 10 8
61 86 1 9
61 88 7 1
61 89 2 8
61 90 1 6
61 91 1 8
61 92 5 7
61 93 10 3
61 94 7 5
61 95 10 9
61 96 10 4
61 97 7 1
61 98 8 9
61 99 10 9
61 100 6 2
62 63 4 7
62 64 6 1
62 66 7 7
62 67 7 7
62 69 7 5
62 70 3 7
62 71 8 4
62 74 5 4
62 75 5 6
62 76 3 1
62 78 6 1
62 79 5 10
62 81 3 5
62 82 9 6
62 84 2 10
62 85 7 7
62 86 3 4
62 87 6 7
62 89 2 2
62 91 9 6
62 92 1 10
62 93 10 8
62 94 9 5
62 95 2 9
62 99 3 4
63 64 9 4
63 65 2 3
63 67 4 1
63 69 9 8
63 70 2 9
63 71 1 2
63 72 7 9
63 73 3 10
63 74 1 2
63 75 5 10
63 76 2 9
63 77 6 6
63 78 10 9
63 79 9 10
63 81 10 6
63 82 2 10
63 84 6 8
63 85 4 2
63 86 2 10
63 87 2 4
63 88 7 10
63 91 1 8
63 92 2 3
63 93 6 8
63 94 6 3
63 95 7 8
63 97 6 7
63 98 5 3
63 99 1 1
63 100 3 10
64 65 9 9
64 67 10 6
64 68 5 9
64 70 8 8
64 71 6 10
64 72 1 4
64 73 8 3
64 74 3 4
64 76 6 2
64 77 8 2
64 78 4 5
64 79 3 9
64 80 1 6
64 81 3 1
64 82 1 7
64 83 9 6
64 84 9 5
64 85 4 5
64 86 5 3
64 87 10 7
64 88 7 7
64 89 1 3
64 90 9 9
64 91 1 7
64 92 3 9
64 93 9 8
64 95 9 10
64 96 3 1
64 97 7 2
64 98 7 9
64 99 10 4
64 100 6 4
65 66 4 3
65 67 7 4
65 68 8 5
65 69 9 5
65 70 1 4
65 71 3 9
65 72 4 1
65 73 9 5
65 74 7 7
65 75 10 2
65 76 1 10
65 77 8 4
65 78 8 10
65 79 10 1
65 80 9 4
65 81 4 3
65 82 10 6
65 83 6 1
65 84 2 3
65 85 2 4
65 86 7 3
65 88 4 8
65 89 4 1
65 90 1 7
65 91 7 9
65 93 2 3
65 94 4 4
65 96 6 5
65 97 5 1
65 98 2 1
66 68 5 3
66 71 10 2
66 72 9 4
66 73 9 4
66 74 6 7
66 75 10 9
66 76 4 3
66 78 3 3
66 80 2 10
66 81 8 3
66 83 8 7
66 84 3 6
66 85 7 9
66 86 6 5
66 87 1 10
66 89 6 6
66 90 7 3
66 91 9 5
66 92 8 8
66 93 4 2
66 95 5 5
66 96 6 3
66 97 9 2
66 99 1 5
66 100 4 2
67 68 3 2
67 69 1 1
67 73 10 3
67 74 10 8
67 76 8 9
67 78 9 2
67 79 6 4
67 80 9 4
67 82 10 5
67 83 9 8
67 84 8 1
67 86 5 2
67 87 4 6
67 88 7 3
67 89 6 4
67 90 8 10
67 91 5 6
67 92 8 4
67 93 7 7
67 94 9 7
67 95 4 9
67 96 8 7
67 98 9 8
67 100 6 3
68 69 3 8
68 70 1 2
68 71 8 10
68 72 3 9
68 73 1 8
68 74 10 2
68 75 10 4
68 76 10 7
68 77 7 5
68 78 5 3
68 79 3 1
68 80 8 1
68 81 2 6
68 82 2 3
68 83 5 2
68 84 9 10
68 85 7 5
68 88 6 7
68 89 4 4
68 91 8 8
68 92 5 4
68 93 7 10
68 94 6 4
68 96 10 9
68 97 4 8
68 98 2 9
68 99 10 10
68 100 4 1
69 71 9 1
69 73 2 7
69 74 2 4
69 75 1 5
69 76 4 6
69 78 1 4
69 79 1 5
69 80 9 8
69 81 9 1
69 84 3 4
69 85 4 3
69 87 1 10
69 89 8 10
69 90 7 2
69 91 3 7
69 94 6 5
69 95 1 8
69 96 7 1
69 97 4 7
69 98 7 4
69 99 3 8
69 100 9 3
70 71 6 9
70 72 7 9
70 73 3 5
70 74 2 6
70 75 9 3
70 76 3 5
70 77 8 10
70 78 5 8
70 79 7 7
70 80 1 8
70 81 5 5
70 82 1 10
70 84 7 6
70 85 6 2
70 86 7 5
70 87 4 10
70 88 7 9
70 89 1 10
70 91 2 4
70 92 9 9
70 94 4 5
70 95 4 4
70 96 9 3
70 97 2 5
70 99 1 4
70 100 3 7
71 73 7 6
71 74 2 6
71 75 8 7
71 76 5 1
71 77 2 7
71 81 7 9
71 82 2 5
71 83 5 2
71 84 2 7
71 85 10 1
71 88 7 2
71 89 9 9
71 90 3 3
71 91 1 8
71 93 8 7
71 94 7 9
71 96 3 7
71 97 8 2
71 98 9 7
71 99 6 1
71 100 6 2
72 73 3 2
72 74 5 1
72 75 2 2
72 76 4 9
72 77 9 7
72 78 7 10
72 79 7 4
72 80 7 5
72 81 3 10
72 83 5 10
72 84 5 8
72 85 1 6
72 86 9 2
72 87 6 5
72 88 9 5
72 90 3 9
72 91 7 4
72 92 10 7
72 95 3 7
72 97 9 9
72 98 4 8
72 99 5 1
72 100 8 9
73 75 5 6
73 76 7 6
73 77 5 6
73 78 4 2
73 79 10 8
73 81 3 9
73 82 7 6
73 85 7 10
73 86 7 6
73 87 8 3
73 88 7 3
73 89 4 1
73 90 9 9
73 91 3 2
73 92 4 9
73 95 7 5
73 97 4 10
73 99 6 3
74 75 4 7
74 76 7 9
74 78 10 3
74 79 4 6
74 80 9 1
74 81 2 5
74 83 4 8
74 85 1 2
74 87 6 3
74 89 1 9
74 91 5 9
74 96 5 8
74 97 7 3
74 98 10 10
75 76 3 7
75 77 2 4
75 80 1 5
75 81 1 7
75 82 7 10
75 83 4 6
75 85 1 8
75 87 9 1
75 90 1 5
75 91 7 10
75 92 1 7
75 93 7 4
75 95 10 7
75 96 10 2
75 98 8 5
75 99 1 10
75 100 9 4
76 77 9 5
76 78 9 2
76 79 8 4
76 80 5 1
76 81 3 6
76 82 1 2
76 84 8 5
76 86 4 7
76 87 10 8
76 88 9 3
76 90 7 2
76 92 4 9
76 93 1 3
76 94 10 9
76 95 6 4
76 96 8 2
76 97 7 4
76 98 8 3
76 99 4 4
77 78 4 2
77 80 6 10
77 81 9 6
77 82 7 5
77 83 10 5
77 86 2 8
77 87 10 9
77 88 2 6
77 89 2 1
77 90 6 10
77 91 10 9
77 93 3 8
77 94 4 3
77 95 5 5
77 96 9 4
77 97 1 10
77 98 8 7
78 80 4 8
78 81 5 4
78 82 9 2
78 83 9 9
78 85 4 9
78 86 5 2
78 87 4 8
78 88 4 4
78 89 10 1
78 90 7 8
78 93 5 7
78 94 10 10
78 95 8 5
78 96 9 8
78 97 9 5
78 99 7 5
78 100 6 3
79 81 7 3
79 82 7 8
79 83 7 2
79 84 9 2
79 86 5 4
79 88 8 5
79 89 5 7
79 90 7 3
79 92 6 4
79 94 5 6
79 95 6 5
79 96 5 9
79 97 2 9
79 98 9 2
79 100 3 2
80 81 10 2
80 83 4 2
80 84 5 6
80 85 6 7
80 86 4 2
80 87 9 8
80 88 4 1
80 89 3 4
80 90 5 7
80 91 7 2
80 92 6 5
80 93 7 1
80 94 8 3
80 95 2 4
80 96 8 2
80 97 9 1
80 98 7 4
80 99 5 10
81 82 8 1
81 83 10 9
81 84 1 6
81 85 10 6
81 87 10 9
81 88 2 2
81 89 5 8
81 90 1 8
81 91 7 10
81 92 10 2
81 93 7 5
81 94 8 8
81 95 8 9
81 96 10 8
81 97 6 6
81 99 8 3
82 83 9 4
82 84 1 7
82 88 6 10
82 89 10 8
82 90 2 3
82 91 5 8
82 92 1 8
82 93 3 10
82 94 1 7
82 96 1 7
82 98 8 9
82 100 6 3
83 84 8 7
83 86 7 6
83 87 4 9
83 88 9 4
83 89 3 6
83 90 2 3
83 91 10 6
83 92 8 1
83 93 2 3
83 94 9 9
83 95 5 8
83 96 3 6
83 97 7 10
83 98 9 8
83 99 6 7
84 85 5 10
84 86 6 3
84 87 4 5
84 88 2 9
84 89 10 8
84 90 4 8
84 91 7 9
84 92 4 3
84 93 5 9
84 94 1 5
84 95 10 3
84 96 1 10
84 98 7 6
84 99 10 8
84 100 5 9
85 86 5 4
85 87 2 6
85 88 3 2
85 89 6 10
85 92 8 8
85 93 5 5
85 94 10 7
85 96 2 3
85 98 5 5
85 100 9 6
86 87 5 3
86 89 2 2
86 92 9 6
86 95 1 3
86 97 8 5
86 99 6 2
86 100 2 10
87 88 1 1
87 89 9 7
87 90 6 5
87 91 10 3
87 92 1 1
87 93 2 4
87 94 4 4
87 95 8 2
87 96 2 1
87 97 5 7
87 98 3 10
87 99 7 10
87 100 9 6
88 91 1 3
88 92 9 9
88 93 3 8
88 95 7 1
88 96 7 6
88 97 1 9
88 99 4 4
88 100 9 1
89 90 10 10
89 91 7 1
89 92 3 9
89 94 7 4
89 95 10 9
89 96 2 7
89 97 1 5
89 98 1 7
89 99 4 3
89 100 1 1
90 91 1 6
90 92 4 8
90 93 7 10
90 94 9 9
90 95 1 3
90 97 4 1
90 99 7 10
90 100 8 4
91 92 10 4
91 93 7 6
91 94 9 4
91 95 7 6
91 97 9 2
91 98 6 4
91 99 6 1
91 100 3 3
92 93 4 3
92 95 4 3
92 96 3 1
92 97 5 8
92 98 6 10
92 99 6 3
92 100 5 5
93 94 1 2
93 96 2 6
93 97 1 6
93 98 9 8
93 100 5 8
94 95 6 6
94 97 4 10
94 100 6 7
95 96 5 6
95 98 1 3
95 99 5 4
95 100 2 6
96 97 6 10
96 98 10 6
96 99 7 8
96 100 8 10
97 98 1 4
97 100 9 7
98 99 10 1
98 100 5 2
99 100 8 1
1
1 2 3 4 5 6 7 8 9 10 11 12 13 14 15 16 17 18 19 20 21 22 23 24 25 26 27 28 29 30 31 32 33 34 35 36 37 38 39 40 41 42 43 44 45 46 47 48 49 50
