3970
1 2 2 6
1 3 6 3
1 5 4 2
1 6 10 9
1 7 3 3
1 8 5 5
1 9 1 8
1 10 4 8
1 11 3 9
1 12 3 6
1 13 5 2
1 14 8 3
1 15 3 3
1 16 2 2
1 17 3 8
1 18 6 6
1 19 7 3
1 20 10 5
1 21 6 4
1 22 7 7
1 23 1 6
1 24 5 3
1 25 6 3
1 26 5 2
1 27 5 3
1 28 8 4
1 29 9 3
1 30 5 8
1 31 9 9
1 32 2 8
1 33 2 9
1 34 3 6
1 35 10 1
1 36 5 5
1 37 2 4
1 38 2 1
1 39 2 7
1 41 10 10
1 42 1 2
1 45 4 8
1 46 1 4
1 47 9 6
1 48 1 9
1 49 2 9
1 50 4 7
1 51 3 1
1 52 5 9
1 53 2 4
1 55 6 3
1 56 4 6
1 58 4 5
1 59 10 10
1 60 7 8
1 61 1 4
1 66 9 10
1 67 1 1
1 68 1 4
1 70 7 5
1 71 10 5
1 72 9 3
1 73 5 8
1 74 2 8
1 75 8 6
1 76 4 3
1 77 2 2
1 78 2 5
1 79 10 2
1 81 7 8
1 82 1 10
1 86 4 9
1 87 4 2
1 90 3 8
1 91 8 10
1 92 10 9
1 93 3 6
1 94 1 1
1 95 10 6
1 96 2 2
1 97 6 9
1 98 5 3
1 99 5 5
1 100 2 10
2 3 2 8
2 4 5 3
2 5 5 4
2 6 6 7
2 7 2 5
2 8 1 7
2 11 1 10
2 12 3 4
2 13 3 7
2 14 6 3
2 15 7 1
2 16 6 3
2 17 1 1
2 18 7 7
2 19 6 9
2 20 7 8
2 21 4 1
2 22 10 1
2 23 4 2
2 24 3 5
2 25 8 8
2 27 8 9
2 28 10 1
2 29 6 9
2 30 6 9
2 32 1 10
2 33 3 1
2 34 9 7
2 35 8 4
2 36 2 1
2 38 8 1
2 39 10 7
2 40 1 4
2 41 3 6
2 42 2 10
2 44 1 8
2 45 9 7
2 47 7 4
2 48 5 2
2 50 10 7
2 51 3 2
2 55 7 3
2 57 1 9
2 58 8 5
2 59 4 6
2 60 5 5
2 61 7 10
2 62 8 6
2 63 9 10
2 65 9 8
2 66 5 9
2 67 5 7
2 68 5 2
2 69 5 3
2 70 8 10
2 71 5 7
2 72 8 3
2 73 2 3
2 74 1 2
2 76 3 3
2 77 3 4
2 78 2 5
2 79 1 6
2 80 9 8
2 81 4 3
2 82 6 4
2 83 7 2
2 84 5 5
2 86 4 2
2 87 2 6
2 88 7 5
2 90 1 6
2 91 8 5
2 92 6 2
2 93 5 1
2 94 6 1
2 95 9 2
2 96 4 4
2 97 1 8
2 98 1 2
2 99 9 8
2 100 2 3
3 4 5 1
3 5 1 6
3 6 8 7
3 7 6 1
3 8 2 9
3 9 6 6
3 10 5 6
3 11 3 8
3 13 3 7
3 15 5 10
3 16 7 10
3 18 6 10
3 19 1 10
3 20 7 1
3 21 10 6
3 22 3 8
3 23 4 10
3 24 7 1
3 25 5 8
3 26 5 8
3 27 1 5
3 28 4 4
3 29 4 9
3 31 2 2
3 32 5 8
3 33 3 3
3 34 8 8
3 35 5 4
3 39 3 2
3 40 9 6
3 41 4 2
3 43 6 4
3 44 7 5
3 45 6 5
3 47 3 5
3 48 1 3
3 50 2 6
3 53 5 3
3 54 7 8
3 55 8 3
3 56 6 8
3 57 4 8
3 59 5 4
3 60 10 6
3 63 8 9
3 64 8 10
3 65 10 2
3 66 10 8
3 67 8 3
3 68 9 2
3 69 5 4
3 70 7 4
3 71 10 7
3 72 4 3
3 73 7 4
3 75 7 5
3 76 6 4
3 77 1 5
3 78 7 2
3 79 5 7
3 80 7 1
3 81 4 3
3 82 7 7
3 83 6 2
3 84 3 6
3 85 1 4
3 86 4 10
3 87 3 6
3 88 2 3
3 89 5 10
3 90 7 4
3 91 5 8
3 92 5 1
3 93 9 9
3 94 7 4
3 96 2 3
3 98 6 7
3 99 10 2
3 100 3 7
4 5 1 3
4 6 6 7
4 7 5 4
4 8 6 2
4 10 5 5
4 12 7 2
4 14 7 6
4 15 4 6
4 16 9 8
4 17 10 4
4 18 2 10
4 19 6 10
4 20 5 10
4 22 3 5
4 23 8 1
4 26 5 7
4 28 5 3
4 29 8 4
4 30 9 10
4 31 9 7
4 32 5 7
4 33 4 6
4 34 10 5
4 35 6 7
4 36 2 1
4 37 4 9
4 38 4 4
4 39 4 1
4 40 4 9
4 41 9 1
4 43 3 3
4 44 3 9
4 45 9 6
4 47 5 9
4 48 10 4
4 49 8 4
4 50 4 4
4 51 6 5
4 53 9 6
4 55 8 10
4 56 8 3
4 57 5 8
4 59 8 1
4 60 4 1
4 61 9 6
4 62 5 3
4 63 7 3
4 64 2 1
4 65 3 5
4 66 10 1
4 67 3 8
4 68 3 1
4 69 1 3
4 71 7 7
4 72 8 7
4 73 1 2
4 74 5 7
4 75 8 5
4 76 3 3
4 77 8 1
4 78 1 10
4 79 3 6
4 80 1 7
4 81 2 10
4 82 4 8
4 83 2 10
4 84 9 6
4 86 7 10
4 87 2 1
4 88 9 6
4 89 7 10
4 90 5 9
4 91 5 5
4 92 4 3
4 95 7 9
4 96 8 5
4 97 3 1
4 98 10 6
4 99 5 9
4 100 4 1
5 6 8 7
5 7 1 1
5 9 9 8
5 11 4 3
5 12 5 10
5 14 5 10
5 15 5 7
5 16 1 8
5 17 1 7
5 18 5 6
5 19 7 8
5 20 3 10
5 21 3 1
5 23 6 3
5 24 3 3
5 25 5 2
5 26 9 8
5 27 9 4
5 28 7 2
5 29 6 8
5 30 7 5
5 31 6 5
5 32 1 5
5 33 3 7
5 34 9 3
5 35 1 10
5 36 9 5
5 37 6 4
5 38 3 2
5 39 10 6
5 40 2 7
5 41 2 4
5 42 2 10
5 43 2 9
5 44 7 10
5 45 1 6
5 46 1 6
5 47 7 4
5 48 4 3
5 49 9 2
5 50 9 5
5 51 10 3
5 52 5 8
5 53 6 6
5 54 6 1
5 55 7 9
5 56 7 3
5 57 7 9
5 58 8 5
5 59 7 7
5 60 4 3
5 62 9 5
5 64 3 4
5 65 1 9
5 66 7 6
5 67 3 1
5 68 1 8
5 69 5 8
5 71 9 8
5 72 1 2
5 73 10 4
5 74 6 4
5 75 2 7
5 78 1 1
5 80 6 6
5 82 4 4
5 83 1 5
5 84 1 3
5 85 9 9
5 86 7 4
5 87 9 2
5 89 1 4
5 92 1 9
5 94 9 1
5 95 10 8
5 96 2 8
5 97 6 5
5 98 6 9
5 99 9 7
5 100 5 5
6 7 6 9
6 8 9 2
6 9 4 10
6 11 8 8
6 12 1 8
6 13 10 9
6 14 6 4
6 15 5 4
6 17 2 2
6 18 6 8
6 19 2 5
6 20 7 7
6 22 7 5
6 24 3 5
6 25 7 6
6 26 2 3
6 28 4 4
6 29 4 10
6 30 5 1
6 31 3 1
6 32 10 1
6 33 6 4
6 34 6 6
6 36 6 7
6 37 8 3
6 38 6 3
6 39 10 4
6 40 6 5
6 41 4 9
6 43 9 9
6 44 5 1
6 45 8 5
6 46 7 5
6 48 2 1
6 49 10 9
6 50 3 6
6 51 4 7
6 55 5 6
6 56 6 7
6 57 1 9
6 58 9 2
6 59 2 2
6 60 8 7
6 61 9 1
6 62 6 6
6 63 6 10
6 64 1 5
6 65 6 10
6 66 4 2
6 67 9 8
6 68 2 9
6 70 9 6
6 71 6 6
6 72 9 7
6 74 7 9
6 75 10 2
6 76 4 2
6 77 4 3
6 78 10 3
6 79 1 9
6 80 2 2
6 81 3 2
6 86 3 5
6 87 10 6
6 88 6 2
6 91 8 10
6 92 6 6
6 93 9 10
6 95 1 10
6 96 5 4
6 97 3 6
6 98 5 10
6 99 4 4
7 8 3 8
7 9 6 9
7 11 4 9
7 12 3 8
7 13 1 6
7 15 9 10
7 16 6 8
7 17 2 1
7 18 4 6
7 19 6 9
7 20 4 4
7 24 3 10
7 26 9 9
7 27 5 6
7 28 3 9
7 29 9 9
7 30 9 6
7 31 1 4
7 32 7 6
7 33 1 5
7 34 1 2
7 35 10 1
7 36 4 2
7 37 6 1
7 38 10 1
7 40 5 4
7 41 6 8
7 42 8 9
7 43 7 6
7 45 7 5
7 47 2 1
7 48 2 4
7 49 10 3
7 50 9 6
7 51 5 9
7 52 4 2
7 53 3 4
7 54 3 10
7 55 10 9
7 56 3 10
7 58 7 4
7 59 1 1
7 60 5 5
7 61 4 5
7 62 10 2
7 63 7 10
7 64 6 1
7 65 10 7
7 66 6 4
7 67 5 3
7 69 4 5
7 70 1 4
7 71 4 6
7 73 7 10
7 74 7 9
7 75 3 5
7 76 6 10
7 77 1 2
7 78 9 5
7 79 5 6
7 80 6 9
7 81 5 6
7 82 10 4
7 84 3 4
7 86 5 5
7 87 9 7
7 88 5 7
7 89 6 7
7 90 3 5
7 91 10 3
7 92 10 1
7 93 10 7
7 94 10 9
7 95 7 1
7 97 5 9
7 98 9 4
8 9 5 4
8 10 5 3
8 12 1 3
8 13 4 9
8 14 10 6
8 15 7 9
8 17 1 10
8 18 2 7
8 19 4 8
8 20 1 1
8 21 4 1
8 22 9 6
8 23 10 2
8 24 4 5
8 26 4 9
8 27 8 9
8 28 4 6
8 29 7 1
8 30 5 2
8 31 6 9
8 32 6 5
8 33 8 9
8 34 9 8
8 36 10 7
8 37 2 1
8 38 4 7
8 39 7 9
8 41 5 5
8 44 5 2
8 45 8 10
8 46 2 6
8 47 1 3
8 51 6 5
8 52 7 2
8 53 6 3
8 54 6 2
8 55 6 4
8 57 6 9
8 58 10 4
8 59 10 8
8 60 10 6
8 61 3 1
8 62 10 6
8 63 8 9
8 64 3 8
8 65 6 7
8 66 4 4
8 67 2 7
8 68 10 9
8 69 5 7
8 71 5 3
8 72 7 9
8 74 4 2
8 76 4 2
8 77 9 1
8 78 10 4
8 79 8 6
8 80 8 7
8 81 6 9
8 82 2 6
8 83 6 10
8 84 9 8
8 85 3 8
8 86 10 2
8 88 10 7
8 89 8 8
8 90 2 4
8 94 2 8
8 96 6 7
8 97 10 9
8 98 9 10
8 99 4 2
8 100 6 9
9 10 9 6
9 11 3 10
9 12 4 1
9 13 8 2
9 14 7 7
9 15 3 10
9 16 4 1
9 17 3 10
9 19 1 1
9 20 7 1
9 21 6 3
9 22 7 1
9 23 2 8
9 24 6 4
9 25 6 2
9 26 5 5
9 27 2 9
9 28 8 10
9 29 8 10
9 30 7 5
9 31 9 5
9 32 1 4
9 34 5 7
9 36 2 7
9 37 2 4
9 38 9 5
9 40 10 10
9 41 6 8
9 42 4 4
9 43 6 4
9 44 9 10
9 45 5 9
9 46 8 7
9 48 4 5
9 49 2 6
9 50 2 2
9 51 9 8
9 53 6 5
9 54 9 10
9 55 10 2
9 57 7 4
9 59 7 1
9 60 5 2
9 61 7 6
9 62 2 6
9 63 5 8
9 65 6 7
9 66 4 5
9 67 6 7
9 68 1 6
9 69 8 10
9 70 8 4
9 71 1 7
9 73 3 4
9 77 10 10
9 78 6 10
9 79 1 8
9 81 10 7
9 82 6 8
9 83 5 1
9 84 1 3
9 85 2 1
9 86 1 2
9 87 3 10
9 88 8 1
9 90 10 1
9 91 8 1
9 92 10 9
9 93 8 3
9 94 9 6
9 96 3 6
9 97 6 7
9 98 5 9
9 99 5 10
9 100 5 5
10 11 8 7
10 12 8 6
10 13 2 8
10 14 5 7
10 17 4 8
10 18 7 9
10 19 1 8
10 20 7 6
10 21 2 6
10 22 8 9
10 26 6 2
10 27 7 2
10 28 4 10
10 30 5 8
10 32 4 5
10 33 7 8
10 34 7 1
10 35 10 6
10 36 2 7
10 37 3 7
10 38 5 1
10 39 10 4
10 40 5 5
10 41 8 2
10 42 1 3
10 43 1 5
10 44 8 10
10 47 10 1
10 49 7 3
10 50 8 5
10 51 7 6
10 54 8 2
10 55 10 3
10 56 8 1
10 57 5 10
10 58 4 1
10 59 3 7
10 60 7 5
10 61 9 6
10 62 8 8
10 63 1 5
10 64 10 7
10 65 3 3
10 66 9 5
10 68 5 1
10 69 5 5
10 70 4 3
10 71 3 9
10 72 8 10
10 73 4 2
10 74 7 10
10 75 5 4
10 76 1 6
10 77 10 2
10 80 2 9
10 82 7 6
10 84 7 6
10 85 10 2
10 86 6 8
10 87 10 7
10 88 5 7
10 89 10 10
10 90 7 9
10 91 6 8
10 94 3 1
10 96 10 10
10 97 4 9
10 99 4 2
11 12 2 9
11 13 1 8
11 14 6 3
11 15 2 6
11 17 5 3
11 19 6 8
11 20 9 6
11 21 10 9
11 22 5 2
11 23 10 3
11 26 6 4
11 27 10 2
11 28 7 7
11 29 2 3
11 30 5 4
11 31 1 3
11 32 1 1
11 33 7 2
11 35 9 3
11 36 9 4
11 37 2 4
11 38 3 5
11 39 6 7
11 40 5 2
11 41 9 2
11 42 10 3
11 43 3 2
11 44 4 6
11 45 10 3
11 46 7 8
11 48 4 4
11 50 6 8
11 51 6 5
11 53 6 9
11 54 10 8
11 55 5 10
11 56 10 5
11 57 10 10
11 58 9 5
11 59 10 8
11 60 9 7
11 61 9 9
11 62 4 8
11 63 5 6
11 64 1 1
11 65 9 8
11 71 7 8
11 72 8 2
11 73 6 10
11 74 5 10
11 75 10 3
11 78 7 8
11 79 1 1
11 80 2 10
11 81 9 4
11 82 5 6
11 83 3 4
11 84 3 10
11 86 3 2
11 87 10 2
11 88 1 7
11 89 4 6
11 90 2 1
11 91 1 7
11 92 1 9
11 95 7 7
11 96 7 10
11 97 2 3
11 98 3 9
11 99 4 3
11 100 7 4
12 15 5 5
12 17 3 9
12 18 6 3
12 19 9 6
12 21 4 8
12 22 2 8
12 23 8 3
12 24 9 4
12 25 3 5
12 27 8 10
12 28 10 5
12 29 7 1
12 30 4 10
12 31 6 5
12 32 4 9
12 33 9 6
12 34 4 5
12 36 3 10
12 37 7 5
12 38 8 10
12 39 3 9
12 40 9 5
12 42 2 3
12 44 4 9
12 46 8 1
12 48 1 2
12 49 1 4
12 50 1 6
12 51 5 5
12 53 2 3
12 56 2 7
12 57 9 7
12 58 2 9
12 59 8 7
12 60 10 9
12 61 5 6
12 63 7 8
12 66 9 2
12 67 8 9
12 68 5 10
12 69 9 7
12 70 7 6
12 71 3 8
12 72 7 4
12 73 6 8
12 75 5 2
12 76 7 6
12 77 7 8
12 80 5 2
12 81 7 5
12 82 6 1
12 83 9 7
12 84 10 10
12 86 6 4
12 88 1 6
12 89 4 8
12 90 2 7
12 92 9 7
12 93 2 4
12 95 10 9
12 96 2 2
12 97 1 2
12 98 5 7
12 99 7 5
12 100 4 4
13 14 2 10
13 15 5 9
13 16 4 10
13 18 6 7
13 19 6 10
13 20 9 4
13 21 2 10
13 22 4 8
13 24 3 8
13 25 8 5
13 28 7 3
13 29 3 8
13 30 6 3
13 31 3 1
13 33 10 6
13 34 6 9
13 35 4 6
13 36 7 4
13 37 2 7
13 38 9 6
13 39 10 8
13 40 6 5
13 41 2 2
13 42 2 7
13 43 4 7
13 45 10 9
13 46 2 7
13 47 6 1
13 48 1 2
13 49 10 7
13 51 4 7
13 52 2 1
13 53 5 9
13 54 9 5
13 55 10 7
13 56 8 9
13 58 10 3
13 60 8 2
13 62 6 3
13 63 1 5
13 64 9 6
13 65 2 10
13 66 2 2
13 67 8 4
13 68 1 3
13 69 2 6
13 70 7 10
13 71 4 4
13 72 6 8
13 73 8 4
13 75 9 2
13 76 8 4
13 77 3 9
13 79 2 3
13 80 1 7
13 82 3 7
13 83 6 8
13 84 4 1
13 85 5 3
13 88 8 6
13 89 1 4
13 90 9 5
13 91 3 6
13 92 6 8
13 93 6 10
13 94 5 10
13 95 7 5
13 96 2 3
13 97 9 2
13 98 2 1
13 99 6 10
13 100 3 8
14 15 3 6
14 18 2 1
14 19 9 6
14 20 1 1
14 21 5 2
14 23 4 5
14 24 1 3
14 25 3 1
14 26 1 2
14 27 8 5
14 29 3 10
14 31 1 10
14 32 3 1
14 35 8 2
14 36 5 1
14 37 9 10
14 38 9 5
14 39 9 4
14 40 1 4
14 41 6 10
14 43 4 7
14 44 7 3
14 46 10 2
14 47 5 10
14 50 5 10
14 51 9 10
14 53 2 2
14 54 8 8
14 57 10 7
14 58 2 6
14 61 4 3
14 62 4 7
14 65 8 3
14 66 9 3
14 67 7 7
14 68 9 5
14 69 4 6
14 70 1 8
14 71 5 1
14 73 5 7
14 74 5 8
14 75 2 2
14 76 6 4
14 77 2 3
14 78 3 4
14 79 10 4
14 80 2 4
14 82 10 6
14 83 7 4
14 84 9 2
14 85 5 9
14 87 3 6
14 88 7 9
14 89 4 9
14 90 4 3
14 91 8 2
14 92 1 7
14 93 6 3
14 94 3 3
14 95 8 10
14 96 2 9
14 98 2 7
14 100 9 9
15 16 6 1
15 17 9 8
15 18 6 10
15 20 1 9
15 22 5 6
15 23 9 3
15 24 5 8
15 25 7 2
15 26 2 3
15 27 6 10
15 28 1 9
15 30 9 8
15 31 6 2
15 33 6 6
15 34 7 7
15 35 8 9
15 36 10 2
15 37 9 2
15 38 4 10
15 39 9 7
15 41 10 2
15 42 6 6
15 43 4 1
15 45 6 9
15 46 4 9
15 47 8 9
15 48 4 8
15 50 9 9
15 51 8 9
15 52 9 9
15 53 8 3
15 54 6 2
15 55 1 7
15 56 10 8
15 57 5 8
15 58 1 10
15 59 1 6
15 60 8 5
15 62 9 7
15 63 9 10
15 64 9 3
15 65 1 1
15 66 10 8
15 67 6 1
15 68 2 10
15 69 1 4
15 70 2 9
15 71 8 3
15 72 2 8
15 73 2 9
15 74 5 10
15 75 3 8
15 76 4 4
15 77 10 8
15 78 10 3
15 79 9 10
15 80 7 8
15 81 7 2
15 84 7 1
15 85 5 8
15 86 5 4
15 87 3 7
15 90 6 10
15 91 1 8
15 94 8 8
15 95 2 4
15 96 5 4
15 97 1 3
15 98 9 1
15 99 6 6
15 100 5 7
16 18 9 2
16 19 9 4
16 22 9 6
16 26 5 4
16 27 9 2
16 28 6 10
16 29 3 1
16 30 6 5
16 31 10 5
16 32 7 7
16 34 6 2
16 36 2 4
16 37 1 10
16 38 2 10
16 39 3 7
16 40 3 10
16 42 5 3
16 44 6 2
16 46 9 6
16 47 1 9
16 48 10 5
16 49 4 10
16 50 5 9
16 51 6 8
16 52 6 10
16 53 9 3
16 54 2 9
16 55 4 4
16 56 8 3
16 58 4 3
16 59 6 7
16 60 5 1
16 62 10 8
16 63 2 9
16 66 4 5
16 67 2 3
16 68 2 4
16 69 10 6
16 70 3 3
16 71 3 7
16 72 5 3
16 75 1 8
16 76 9 6
16 78 4 7
16 79 4 1
16 81 7 5
16 82 6 10
16 83 10 9
16 85 2 2
16 86 10 2
16 87 5 5
16 88 3 5
16 89 9 8
16 90 1 3
16 91 5 10
16 94 6 10
16 96 1 8
16 97 1 1
16 100 2 10
17 19 5 2
17 21 4 3
17 23 9 2
17 24 1 10
17 25 6 2
17 26 6 1
17 28 4 7
17 29 2 1
17 30 6 2
17 31 3 1
17 32 3 1
17 33 1 10
17 34 5 8
17 35 1 10
17 37 2 4
17 38 5 2
17 39 3 3
17 40 7 4
17 42 6 8
17 44 1 2
17 45 5 4
17 46 6 7
17 47 9 7
17 49 2 7
17 50 8 4
17 51 3 4
17 52 4 8
17 53 1 5
17 54 5 1
17 56 1 6
17 57 5 10
17 58 7 8
17 59 9 5
17 60 3 6
17 61 3 9
17 63 9 9
17 64 8 7
17 65 5 9
17 66 9 9
17 68 6 2
17 70 5 2
17 71 7 4
17 72 1 6
17 73 3 9
17 74 9 5
17 76 4 1
17 77 3 9
17 78 2 5
17 79 3 1
17 80 5 8
17 81 1 8
17 82 6 7
17 83 8 3
17 84 7 7
17 85 4 10
17 86 2 3
17 88 6 10
17 89 5 8
17 91 1 7
17 92 4 5
17 93 7 7
17 94 2 2
17 95 4 9
17 97 10 4
17 98 1 6
17 99 2 4
17 100 7 2
18 19 5 5
18 20 3 6
18 21 2 8
18 22 1 2
18 23 7 10
18 25 9 5
18 26 4 10
18 27 8 7
18 29 7 1
18 31 7 10
18 32 4 2
18 33 2 2
18 35 3 7
18 36 4 9
18 37 9 8
18 38 1 3
18 39 4 1
18 40 5 9
18 41 7 6
18 42 9 4
18 43 6 7
18 44 7 3
18 45 2 7
18 46 7 6
18 47 9 3
18 48 10 8
18 49 10 6
18 51 1 1
18 52 5 6
18 53 10 6
18 54 3 8
18 56 9 7
18 57 4 6
18 58 5 10
18 59 5 4
18 60 10 1
18 61 5 8
18 63 6 3
18 64 5 9
18 65 3 10
18 66 6 8
18 67 5 10
18 69 9 8
18 70 5 4
18 71 3 8
18 72 8 7
18 73 10 3
18 74 2 4
18 75 9 2
18 76 2 1
18 77 6 4
18 78 8 2
18 79 6 7
18 80 4 5
18 81 6 7
18 82 7 4
18 83 5 9
18 84 4 6
18 85 5 8
18 86 6 4
18 87 5 6
18 88 7 10
18 89 6 4
18 90 10 3
18 91 1 7
18 92 6 2
18 94 4 6
18 95 8 5
18 96 3 7
18 97 9 9
18 98 9 5
18 99 1 4
18 100 1 4
19 20 5 8
19 21 6 2
19 22 1 2
19 23 10 6
19 24 3 2
19 25 2 1
19 26 10 4
19 28 6 4
19 30 2 9
19 31 9 3
19 32 10 2
19 33 7 10
19 34 5 3
19 35 7 8
19 36 6 7
19 38 8 9
19 39 9 9
19 40 1 5
19 41 1 2
19 42 7 1
19 43 3 2
19 44 5 2
19 45 10 2
19 46 9 4
19 47 1 6
19 48 10 7
19 50 7 2
19 52 7 8
19 53 4 7
19 54 3 10
19 55 7 4
19 56 10 9
19 57 5 7
19 58 1 9
19 59 6 4
19 61 3 10
19 62 7 3
19 64 4 6
19 65 8 7
19 66 7 1
19 68 9 9
19 69 1 5
19 70 1 6
19 72 6 9
19 73 6 3
19 74 8 2
19 75 7 3
19 76 6 1
19 78 6 9
19 79 5 6
19 81 2 7
19 83 9 2
19 84 8 10
19 85 7 2
19 86 9 3
19 87 7 3
19 88 10 4
19 89 3 1
19 90 7 4
19 91 6 8
19 92 10 5
19 93 4 5
19 94 4 6
19 95 7 1
19 96 8 2
19 97 2 1
19 98 1 6
19 99 9 8
20 21 1 9
20 22 5 3
20 23 5 9
20 24 2 1
20 25 2 6
20 26 1 9
20 27 6 6
20 30 7 2
20 32 4 1
20 33 7 9
20 34 1 10
20 35 4 8
20 36 9 1
20 37 3 7
20 38 7 4
20 39 7 2
20 40 2 3
20 42 6 10
20 43 7 7
20 44 6 9
20 47 7 9
20 48 9 7
20 49 4 4
20 50 6 6
20 51 5 3
20 52 1 3
20 53 3 6
20 55 8 6
20 56 8 3
20 60 9 3
20 61 4 1
20 62 3 8
20 63 3 8
20 64 9 7
20 65 6 6
20 66 4 7
20 67 3 1
20 70 6 7
20 71 3 6
20 72 5 4
20 73 6 6
20 75 1 2
20 76 2 3
20 77 4 9
20 78 1 3
20 80 5 7
20 81 2 9
20 83 5 4
20 84 5 6
20 86 2 8
20 87 9 6
20 88 1 3
20 89 1 9
20 90 9 3
20 92 5 5
20 93 9 9
20 94 1 6
20 95 9 1
20 96 7 8
20 97 6 1
20 99 5 1
20 100 4 10
21 22 4 1
21 24 8 4
21 25 8 6
21 26 3 9
21 27 2 7
21 29 2 5
21 30 4 4
21 31 10 5
21 32 7 1
21 34 10 4
21 36 4 9
21 37 2 6
21 38 7 5
21 39 5 9
21 40 6 1
21 41 5 5
21 44 7 10
21 45 10 4
21 46 2 7
21 47 1 3
21 48 10 9
21 49 9 9
21 50 6 10
21 53 4 10
21 56 8 3
21 57 4 8
21 58 6 2
21 59 2 8
21 61 9 4
21 62 5 6
21 64 7 2
21 65 5 9
21 66 3 1
21 67 4 2
21 68 10 6
21 69 4 9
21 70 3 6
21 72 1 6
21 73 2 7
21 74 3 4
21 76 4 8
21 77 2 3
21 79 1 10
21 80 6 8
21 82 8 9
21 83 1 7
21 84 3 2
21 85 3 8
21 87 3 7
21 88 9 6
21 90 6 7
21 91 5 5
21 92 6 2
21 93 1 1
21 95 9 7
21 96 8 7
21 97 7 3
21 98 3 4
21 99 2 7
22 23 2 4
22 24 4 10
22 26 7 7
22 27 9 6
22 28 4 6
22 29 6 4
22 30 9 4
22 32 1 5
22 33 2 1
22 35 5 10
22 36 10 5
22 37 2 2
22 38 4 6
22 39 5 3
22 45 10 7
22 47 3 7
22 48 10 8
22 49 10 8
22 50 7 4
22 51 9 5
22 54 5 3
22 55 1 3
22 56 1 6
22 58 9 2
22 59 1 1
22 60 3 10
22 61 1 6
22 62 7 4
22 63 10 2
22 64 3 10
22 68 8 10
22 69 2 3
22 70 9 4
22 71 5 6
22 73 9 6
22 74 10 8
22 75 4 2
22 76 1 10
22 78 2 3
22 80 10 8
22 82 9 2
22 83 9 9
22 84 1 4
22 85 3 4
22 86 2 7
22 87 5 2
22 88 1 6
22 89 1 6
22 90 7 3
22 91 4 9
22 92 3 3
22 93 1 10
22 94 7 7
22 95 1 8
22 96 4 2
22 97 5 5
22 98 2 3
22 99 2 4
23 24 6 8
23 25 5 7
23 26 10 5
23 27 10 4
23 28 5 7
23 29 8 1
23 32 6 2
23 33 10 4
23 34 1 7
23 35 1 9
23 38 7 7
23 39 8 9
23 40 2 9
23 41 5 5
23 42 9 3
23 43 6 1
23 44 8 9
23 45 10 6
23 46 6 9
23 47 9 5
23 48 7 3
23 49 10 9
23 50 3 4
23 52 7 8
23 53 1 7
23 55 1 1
23 56 10 5
23 58 8 4
23 59 6 9
23 60 1 2
23 61 8 4
23 62 9 10
23 64 5 2
23 66 5 8
23 67 5 8
23 68 1 3
23 69 2 8
23 70 8 10
23 71 4 2
23 72 7 6
23 73 8 6
23 74 10 6
23 75 6 8
23 77 5 3
23 78 6 1
23 79 2 1
23 80 9 1
23 82 10 6
23 83 8 5
23 84 8 6
23 86 1 10
23 87 7 6
23 88 4 10
23 90 10 8
23 91 1 6
23 92 9 4
23 93 8 6
23 94 5 2
23 95 5 3
23 97 1 6
23 98 3 3
23 99 5 5
23 100 6 4
24 25 6 8
24 26 3 3
24 27 8 1
24 28 1 7
24 30 2 9
24 31 8 8
24 32 10 10
24 34 5 1
24 35 7 3
24 36 10 9
24 37 4 3
24 38 5 7
24 39 3 8
24 41 3 2
24 43 7 10
24 44 6 7
24 45 7 4
24 47 9 7
24 48 5 10
24 49 2 2
24 50 3 3
24 51 3 7
24 52 9 7
24 54 3 9
24 56 4 3
24 57 2 3
24 58 6 3
24 59 9 1
24 61 5 8
24 62 9 8
24 65 7 7
24 67 4 7
24 68 3 9
24 69 8 5
24 70 9 6
24 72 10 9
24 73 8 4
24 74 8 6
24 75 3 8
24 76 2 10
24 77 2 2
24 78 8 6
24 79 7 3
24 80 10 5
24 81 2 5
24 82 1 10
24 83 7 6
24 84 4 1
24 85 9 9
24 86 3 4
24 87 3 9
24 88 1 10
24 90 2 6
24 91 4 2
24 92 2 2
24 93 4 10
24 94 4 1
24 95 7 3
24 96 3 1
24 97 8 1
24 98 9 3
24 99 1 2
25 26 10 4
25 27 6 5
25 29 10 2
25 30 1 1
25 31 10 3
25 32 2 5
25 34 2 2
25 35 5 1
25 36 7 8
25 37 8 1
25 38 7 5
25 39 3 8
25 40 6 8
25 41 4 6
25 42 7 10
25 44 10 10
25 45 2 9
25 46 8 2
25 47 7 1
25 48 9 7
25 49 4 2
25 50 9 8
25 51 3 9
25 52 1 7
25 56 8 3
25 58 3 7
25 60 8 2
25 62 3 1
25 63 2 4
25 64 5 4
25 66 6 8
25 67 3 10
25 68 10 6
25 70 5 2
25 72 3 10
25 73 4 1
25 74 7 7
25 76 1 4
25 77 8 3
25 78 8 8
25 79 9 10
25 80 3 10
25 81 9 8
25 82 8 6
25 83 3 8
25 84 4 9
25 85 3 1
25 86 1 4
25 87 3 6
25 88 4 9
25 89 2 1
25 91 9 3
25 92 6 1
25 93 3 5
25 95 5 3
25 96 5 6
25 98 8 6
25 99 9 7
26 27 3 5
26 28 4 7
26 29 5 8
26 30 2 4
26 31 9 4
26 36 10 9
26 37 9 9
26 38 10 2
26 39 4 5
26 40 2 9
26 41 8 3
26 42 9 7
26 44 3 9
26 46 8 5
26 49 1 2
26 50 3 3
26 52 4 8
26 54 2 8
26 55 5 3
26 56 2 5
26 57 9 9
26 58 7 10
26 59 10 7
26 60 2 5
26 61 1 1
26 62 4 4
26 64 5 4
26 65 3 7
26 66 10 5
26 67 10 1
26 68 9 8
26 69 3 6
26 70 7 1
26 71 7 9
26 72 3 7
26 73 5 3
26 74 10 4
26 75 10 1
26 76 2 2
26 78 1 7
26 79 2 1
26 80 4 4
26 81 5 4
26 82 1 7
26 83 1 5
26 84 7 2
26 85 6 10
26 86 10 6
26 87 2 9
26 88 6 1
26 89 3 8
26 90 3 3
26 91 10 4
26 93 7 6
26 94 7 8
26 95 2 7
26 97 4 3
26 99 1 8
26 100 6 6
27 28 4 5
27 29 6 1
27 31 7 1
27 33 9 6
27 34 7 10
27 35 7 5
27 37 1 10
27 39 3 8
27 40 3 1
27 41 7 8
27 43 9 8
27 44 5 7
27 45 10 4
27 46 5 8
27 47 7 7
27 49 10 4
27 50 7 5
27 53 4 2
27 54 9 9
27 55 5 9
27 58 8 8
27 59 3 4
27 60 6 1
27 61 6 4
27 63 2 1
27 64 2 9
27 66 7 5
27 67 7 7
27 68 8 3
27 69 5 5
27 70 6 4
27 71 10 2
27 72 6 1
27 73 1 10
27 74 7 5
27 75 10 3
27 76 9 1
27 77 2 10
27 78 6 4
27 79 1 8
27 80 2 9
27 81 7 8
27 82 9 2
27 83 6 6
27 84 1 2
27 85 4 9
27 86 10 2
27 87 5 3
27 88 6 9
27 89 9 1
27 90 8 1
27 91 8 7
27 92 10 10
27 93 3 4
27 94 4 5
27 95 7 2
27 96 3 1
27 97 1 4
27 98 8 3
27 99 10 1
27 100 3 3
28 30 3 4
28 31 7 8
28 32 10 3
28 33 2 4
28 34 3 5
28 35 9 2
28 36 4 9
28 38 5 5
28 39 9 5
28 40 6 6
28 41 1 5
28 42 5 1
28 43 8 5
28 44 8 8
28 45 7 6
28 46 10 3
28 47 7 9
28 48 1 9
28 49 9 2
28 50 6 4
28 51 7 8
28 52 3 8
28 53 10 4
28 54 2 5
28 55 4 2
28 56 5 5
28 58 10 5
28 59 5 9
28 60 2 3
28 61 5 5
28 62 7 9
28 63 2 9
28 64 6 2
28 66 9 9
28 67 4 6
28 68 9 9
28 69 10 1
28 71 7 7
28 73 7 5
28 74 8 1
28 77 1 8
28 78 3 3
28 79 1 1
28 80 1 7
28 81 9 8
28 82 8 8
28 83 7 7
28 84 2 4
28 85 2 2
28 86 4 3
28 87 5 3
28 88 8 9
28 89 9 6
28 91 2 8
28 92 10 9
28 93 10 10
28 94 9 6
28 95 9 3
28 96 5 9
28 97 10 2
28 99 1 6
28 100 1 8
29 31 9 4
29 32 10 7
29 33 10 2
29 34 4 1
29 36 4 9
29 37 2 6
29 38 3 7
29 39 8 9
29 42 3 4
29 43 9 6
29 44 10 9
29 45 9 8
29 46 10 4
29 47 3 3
29 48 3 3
29 49 1 2
29 50 9 8
29 51 1 6
29 52 9 1
29 54 8 9
29 55 8 6
29 56 6 2
29 57 7 3
29 58 1 2
29 59 6 4
29 60 1 10
29 61 5 5
29 62 10 8
29 63 7 8
29 64 4 2
29 65 1 9
29 67 9 3
29 69 1 10
29 70 5 2
29 71 1 6
29 72 8 3
29 73 9 5
29 74 7 1
29 75 10 3
29 76 3 9
29 77 3 5
29 78 6 8
29 79 7 1
29 80 6 8
29 81 7 10
29 82 6 2
29 83 9 3
29 84 5 3
29 85 10 5
29 86 7 10
29 87 3 7
29 88 1 2
29 89 8 7
29 90 10 9
29 92 10 6
29 93 5 10
29 95 5 8
29 97 7 3
30 31 5 7
30 32 10 9
30 33 5 1
30 34 1 2
30 35 3 8
30 36 1 1
30 37 3 6
30 38 8 2
30 40 2 3
30 41 5 5
30 42 5 5
30 43 7 3
30 44 10 1
30 45 5 9
30 46 9 4
30 47 2 5
30 48 6 3
30 49 4 8
30 50 8 3
30 51 10 8
30 52 9 8
30 53 1 8
30 54 6 9
30 56 1 8
30 57 6 8
30 58 6 1
30 61 3 8
30 62 10 3
30 63 1 3
30 66 10 10
30 67 6 9
30 68 3 6
30 69 10 7
30 70 6 4
30 72 8 8
30 73 10 5
30 74 5 3
30 75 3 4
30 76 7 9
30 77 5 1
30 78 3 10
30 80 3 3
30 83 4 4
30 85 6 9
30 87 3 1
30 89 10 10
30 90 10 9
30 91 2 3
30 92 4 1
30 94 4 3
30 95 6 6
30 96 2 4
30 97 7 2
30 99 2 8
30 100 4 7
31 32 10 6
31 33 6 9
31 34 9 3
31 36 3 2
31 37 1 7
31 39 4 1
31 41 4 10
31 42 4 9
31 43 1 5
31 44 6 7
31 45 5 5
31 46 4 6
31 48 10 6
31 49 9 7
31 50 1 9
31 51 9 6
31 52 3 10
31 53 10 1
31 54 3 6
31 55 1 9
31 56 7 8
31 57 7 6
31 58 7 1
31 59 4 10
31 60 1 6
31 61 7 8
31 62 5 3
31 63 4 5
31 64 5 6
31 65 1 1
31 68 7 10
31 69 6 1
31 72 5 5
31 73 2 5
31 75 2 9
31 77 3 7
31 78 7 2
31 79 2 1
31 80 1 1
31 81 3 3
31 82 4 8
31 83 3 5
31 84 4 6
31 86 6 7
31 87 2 6
31 88 7 9
31 89 7 7
31 90 5 8
31 93 10 9
31 94 6 9
31 95 5 2
31 97 4 10
31 99 8 8
31 100 7 10
32 33 1 10
32 34 3 7
32 35 5 2
32 37 7 7
32 39 7 8
32 40 4 1
32 41 2 8
32 42 3 6
32 44 3 10
32 45 6 9
32 46 1 6
32 47 1 3
32 48 9 4
32 50 1 9
32 51 9 5
32 52 9 6
32 53 8 9
32 54 4 1
32 55 2 10
32 56 9 4
32 57 7 9
32 58 1 6
32 59 10 4
32 61 1 7
32 62 5 1
32 63 3 3
32 64 9 6
32 65 6 3
32 67 4 8
32 70 1 8
32 71 5 6
32 72 9 6
32 73 4 1
32 75 5 5
32 76 8 4
32 77 2 10
32 78 5 7
32 79 10 2
32 80 9 9
32 83 4 5
32 84 2 8
32 85 8 7
32 86 8 8
32 88 2 7
32 89 9 1
32 90 7 6
32 91 9 10
32 92 7 5
32 93 7 9
32 94 5 5
32 95 8 4
32 96 10 5
32 100 3 8
33 34 1 1
33 35 5 10
33 36 1 4
33 37 5 8
33 38 5 1
33 39 2 10
33 40 6 9
33 41 5 9
33 42 10 1
33 44 7 10
33 45 8 4
33 46 4 7
33 47 8 6
33 48 7 8
33 49 6 5
33 50 10 9
33 51 6 3
33 52 1 7
33 53 10 4
33 57 1 10
33 59 10 5
33 60 1 1
33 62 4 8
33 63 8 9
33 65 8 1
33 66 2 7
33 67 6 3
33 68 7 3
33 69 1 5
33 70 10 7
33 72 1 1
33 73 1 2
33 74 2 5
33 75 7 10
33 77 1 10
33 79 10 5
33 80 3 9
33 82 6 2
33 85 6 1
33 86 9 1
33 88 9 2
33 89 9 9
33 90 7 7
33 91 10 2
33 93 3 10
33 94 2 7
33 95 5 3
33 97 8 5
33 98 7 3
33 99 10 3
33 100 3 5
34 35 7 4
34 36 5 7
34 37 7 4
34 38 4 8
34 39 4 6
34 40 7 2
34 41 6 1
34 42 3 10
34 43 7 6
34 44 8 7
34 45 4 2
34 46 2 3
34 47 6 1
34 50 5 8
34 51 7 2
34 54 8 9
34 55 6 7
34 57 4 10
34 58 4 3
34 59 5 10
34 61 1 10
34 62 5 4
34 63 9 3
34 64 3 10
34 65 9 3
34 66 3 6
34 67 9 5
34 69 5 6
34 70 1 4
34 71 3 10
34 72 8 4
34 73 7 3
34 74 1 5
34 75 1 1
34 76 4 2
34 77 9 6
34 78 8 3
34 80 9 8
34 81 4 2
34 83 7 9
34 84 3 7
34 86 6 4
34 87 10 8
34 88 5 6
34 90 1 2
34 92 3 4
34 93 3 6
34 95 4 9
34 96 10 5
34 98 2 6
34 99 9 8
35 36 8 1
35 37 8 5
35 38 10 5
35 39 2 2
35 40 3 5
35 41 1 8
35 42 6 4
35 43 4 2
35 44 6 6
35 45 10 9
35 46 5 4
35 47 6 7
35 48 10 1
35 49 3 4
35 50 5 5
35 51 8 10
35 52 10 10
35 53 2 6
35 54 5 10
35 55 4 2
35 56 5 8
35 57 3 4
35 58 2 10
35 59 5 10
35 60 8 7
35 61 2 3
35 62 6 9
35 63 5 10
35 64 6 6
35 66 1 7
35 67 8 6
35 69 2 2
35 70 8 10
35 74 3 1
35 75 5 2
35 76 1 8
35 77 2 8
35 80 6 6
35 81 5 2
35 83 3 5
35 84 10 3
35 85 8 4
35 86 10 1
35 87 8 5
35 88 4 10
35 89 7 3
35 91 9 3
35 92 4 9
35 94 3 7
35 95 2 10
35 96 9 2
35 98 10 9
35 99 6 7
36 37 8 7
36 38 5 4
36 40 9 3
36 41 4 3
36 43 9 8
36 44 3 7
36 45 8 9
36 46 2 4
36 48 8 5
36 49 5 4
36 50 2 5
36 51 4 10
36 52 4 2
36 53 9 6
36 54 4 2
36 55 7 3
36 56 2 1
36 57 4 2
36 58 2 9
36 59 1 3
36 60 4 1
36 61 10 5
36 62 8 5
36 63 7 9
36 64 3 1
36 65 6 6
36 66 2 10
36 67 7 8
36 69 10 3
36 70 6 10
36 72 1 4
36 73 6 2
36 74 5 4
36 76 6 1
36 77 1 4
36 78 4 8
36 79 10 1
36 80 2 1
36 81 6 3
36 82 10 8
36 83 2 1
36 84 6 1
36 85 2 7
36 86 2 2
36 87 4 9
36 89 10 1
36 91 1 2
36 92 2 8
36 93 8 2
36 100 4 1
37 38 5 5
37 39 4 7
37 40 3 2
37 41 9 3
37 42 7 3
37 43 1 6
37 44 3 7
37 45 2 1
37 46 5 6
37 48 2 9
37 49 9 5
37 50 10 6
37 52 4 5
37 55 7 10
37 56 2 6
37 57 2 4
37 59 1 8
37 60 6 10
37 61 9 2
37 62 5 4
37 63 10 6
37 64 5 8
37 65 4 3
37 66 9 3
37 67 8 1
37 68 9 1
37 69 3 4
37 70 4 1
37 71 7 7
37 72 1 8
37 73 4 10
37 74 8 1
37 75 8 7
37 77 1 9
37 78 7 9
37 79 9 2
37 80 7 7
37 82 3 2
37 83 6 2
37 84 1 7
37 86 4 4
37 87 10 6
37 88 10 3
37 89 8 8
37 91 7 3
37 92 3 10
37 93 3 2
37 94 4 3
37 95 3 5
37 96 10 5
37 97 6 10
37 98 4 2
37 99 10 1
38 39 7 3
38 40 9 7
38 41 10 6
38 42 8 4
38 44 8 8
38 45 7 1
38 46 2 5
38 47 8 8
38 48 10 3
38 49 3 9
38 50 6 3
38 51 9 10
38 52 9 10
38 53 4 9
38 54 6 3
38 55 5 1
38 58 9 9
38 59 10 10
38 61 9 1
38 62 9 8
38 63 1 3
38 64 9 10
38 65 5 6
38 67 7 3
38 68 7 7
38 69 1 3
38 70 2 10
38 71 9 5
38 72 1 2
38 73 5 6
38 74 4 8
38 76 8 4
38 77 3 5
38 78 7 8
38 79 10 1
38 80 10 10
38 81 2 2
38 82 5 9
38 84 9 10
38 85 8 1
38 86 4 1
38 87 5 2
38 88 3 9
38 89 8 3
38 90 5 8
38 91 5 2
38 92 6 1
38 93 3 10
38 94 5 9
38 95 4 10
38 96 6 2
38 97 5 2
38 98 5 10
38 99 5 8
38 100 9 6
39 40 3 3
39 41 3 4
39 42 10 3
39 43 1 7
39 44 7 8
39 45 9 3
39 46 8 4
39 47 2 5
39 48 8 8
39 49 2 7
39 50 1 8
39 51 8 4
39 52 10 8
39 53 3 9
39 54 7 9
39 55 7 7
39 56 2 3
39 58 2 6
39 59 2 4
39 60 2 8
39 61 5 2
39 62 1 4
39 64 6 4
39 65 5 10
39 66 2 4
39 68 10 1
39 70 5 2
39 71 6 6
39 72 6 9
39 73 1 1
39 74 10 4
39 77 3 10
39 78 3 2
39 79 6 2
39 81 10 8
39 82 6 9
39 83 2 5
39 84 5 3
39 85 2 4
39 87 2 4
39 88 8 6
39 89 3 9
39 90 3 9
39 91 9 1
39 92 3 8
39 93 8 10
39 94 1 1
39 95 9 10
39 96 6 8
39 97 6 1
39 98 9 4
39 99 7 9
39 100 3 9
40 41 3 5
40 42 8 9
40 43 5 3
40 44 6 4
40 45 4 10
40 46 3 9
40 47 4 10
40 48 9 3
40 49 5 4
40 50 2 9
40 52 1 7
40 53 8 10
40 56 4 1
40 57 9 3
40 58 10 3
40 59 5 1
40 60 8 10
40 61 5 5
40 63 4 1
40 65 2 10
40 67 6 10
40 68 8 9
40 69 7 5
40 70 6 2
40 72 8 1
40 73 10 6
40 74 5 5
40 75 1 3
40 76 3 8
40 77 9 6
40 78 10 3
40 80 3 1
40 81 4 10
40 82 2 10
40 83 2 7
40 85 4 3
40 86 4 6
40 87 2 4
40 88 10 10
40 89 2 3
40 90 1 2
40 91 10 3
40 92 9 9
40 95 9 4
40 96 4 5
40 97 8 3
40 98 6 8
40 99 7 3
40 100 6 1
41 43 2 8
41 44 3 2
41 45 7 10
41 47 6 10
41 48 2 6
41 49 3 8
41 50 9 9
41 51 3 7
41 52 4 1
41 53 6 2
41 54 4 5
41 55 8 6
41 56 7 4
41 59 5 4
41 60 3 6
41 61 4 9
41 62 3 10
41 64 7 7
41 65 2 3
41 67 6 1
41 68 1 1
41 69 1 2
41 70 8 8
41 72 9 6
41 73 5 4
41 74 7 2
41 75 9 4
41 76 8 6
41 78 5 9
41 79 9 6
41 80 9 8
41 81 4 7
41 83 8 10
41 84 2 1
41 85 9 6
41 86 6 2
41 87 7 1
41 88 5 4
41 89 9 1
41 90 1 1
41 91 4 7
41 92 9 8
41 93 6 10
41 94 10 3
41 96 8 5
41 97 10 8
41 98 9 9
41 99 6 9
41 100 9 10
42 43 1 6
42 44 4 4
42 45 4 9
42 46 7 4
42 47 10 6
42 48 7 7
42 49 7 9
42 50 3 8
42 51 5 9
42 52 7 9
42 53 4 8
42 54 2 9
42 56 10 4
42 57 8 2
42 58 3 10
42 60 6 6
42 61 1 6
42 63 3 8
42 64 5 4
42 66 10 1
42 67 7 2
42 68 9 10
42 69 10 7
42 73 1 5
42 74 2 10
42 75 1 5
42 76 5 3
42 78 2 8
42 80 9 1
42 81 4 6
42 82 10 4
42 83 3 2
42 84 5 1
42 85 9 3
42 86 3 8
42 87 10 3
42 91 2 1
42 92 7 5
42 94 7 4
42 95 2 7
42 97 4 7
42 98 2 1
42 100 9 5
43 44 6 10
43 46 10 6
43 47 1 1
43 48 7 2
43 49 9 1
43 50 9 7
43 51 10 1
43 54 3 8
43 55 10 3
43 56 8 6
43 57 8 3
43 58 4 10
43 59 2 2
43 60 1 4
43 61 6 8
43 62 3 5
43 63 8 3
43 64 7 5
43 65 10 1
43 66 8 4
43 68 3 4
43 70 9 9
43 72 3 10
43 73 10 7
43 74 9 8
43 75 5 10
43 76 5 4
43 77 5 5
43 78 2 3
43 80 8 6
43 82 2 7
43 85 4 5
43 86 8 10
43 87 10 1
43 88 2 5
43 89 1 3
43 90 5 1
43 93 9 4
43 94 5 2
43 95 8 8
43 96 5 1
43 97 3 8
43 99 4 7
43 100 9 9
44 45 9 4
44 46 9 4
44 47 6 3
44 48 5 6
44 50 6 8
44 51 2 3
44 52 6 8
44 54 5 8
44 56 1 7
44 58 10 9
44 61 10 9
44 62 7 10
44 65 2 4
44 66 6 5
44 67 7 10
44 68 4 10
44 69 3 7
44 70 9 5
44 72 3 4
44 75 2 4
44 77 9 9
44 78 4 6
44 79 2 5
44 80 4 9
44 81 6 10
44 82 7 1
44 83 2 5
44 84 2 6
44 85 4 1
44 87 1 1
44 88 1 8
44 89 4 8
44 90 4 10
44 91 1 2
44 92 3 9
44 93 4 9
44 94 4 9
44 95 3 9
44 96 1 10
44 97 8 10
44 98 5 3
44 99 10 4
44 100 7 6
45 46 8 5
45 47 1 3
45 48 7 2
45 49 6 8
45 50 4 1
45 53 2 10
45 54 4 1
45 55 3 4
45 56 7 8
45 57 9 5
45 58 2 9
45 59 6 3
45 61 4 3
45 62 2 9
45 63 2 5
45 64 4 1
45 65 7 6
45 68 1 2
45 69 5 4
45 70 2 2
45 72 3 1
45 74 4 8
45 76 3 9
45 78 2 3
45 79 4 1
45 80 9 2
45 81 9 5
45 83 3 3
45 84 7 2
45 85 6 4
45 87 4 2
45 88 9 4
45 89 5 7
45 90 8 2
45 91 7 10
45 92 7 2
45 93 10 3
45 94 4 7
45 95 8 1
45 96 9 3
45 97 3 4
45 98 10 9
45 100 1 5
46 47 4 5
46 48 5 10
46 49 6 1
46 50 3 5
46 52 4 7
46 54 7 1
46 55 5 7
46 56 2 6
46 57 5 1
46 58 10 1
46 59 10 8
46 61 2 10
46 62 9 10
46 63 7 3
46 64 8 10
46 65 2 8
46 66 7 9
46 69 10 4
46 70 1 2
46 73 2 8
46 74 8 8
46 75 4 9
46 76 10 10
46 77 8 1
46 78 6 8
46 79 6 6
46 80 8 7
46 81 1 10
46 82 10 10
46 83 7 7
46 84 6 5
46 85 8 3
46 86 4 1
46 87 5 1
46 88 1 3
46 89 4 9
46 90 2 4
46 91 10 5
46 92 10 1
46 93 4 9
46 94 7 5
46 95 6 9
46 96 7 4
46 97 4 4
46 98 7 2
46 99 4 10
46 100 7 1
47 48 6 10
47 49 9 3
47 50 7 5
47 51 6 4
47 52 10 6
47 54 4 9
47 56 1 6
47 57 7 10
47 58 2 9
47 59 7 9
47 61 2 7
47 63 3 10
47 65 5 8
47 67 2 9
47 68 5 5
47 69 3 5
47 71 4 6
47 72 1 7
47 73 2 2
47 74 9 7
47 75 3 3
47 76 10 10
47 78 1 2
47 79 6 7
47 80 10 3
47 82 8 9
47 83 8 8
47 85 7 6
47 86 8 1
47 87 2 9
47 88 5 6
47 89 3 5
47 90 1 10
47 91 1 4
47 93 4 1
47 94 5 8
47 95 4 2
47 96 3 6
47 97 10 4
47 98 3 2
47 99 2 4
47 100 3 3
48 49 2 2
48 51 6 7
48 52 8 5
48 53 9 10
48 54 6 5
48 55 3 1
48 56 2 4
48 57 6 7
48 58 2 6
48 59 8 10
48 60 6 8
48 61 7 6
48 62 3 2
48 63 7 8
48 64 9 3
48 65 6 1
48 66 9 4
48 67 4 3
48 68 6 7
48 69 6 5
48 70 7 4
48 71 9 7
48 72 8 10
48 75 7 9
48 78 6 8
48 79 5 8
48 80 3 7
48 81 8 6
48 82 6 4
48 83 7 2
48 84 1 10
48 85 10 2
48 86 6 6
48 87 10 7
48 88 9 9
48 89 6 3
48 90 3 1
48 91 5 8
48 92 9 5
48 93 7 3
48 94 8 6
48 95 7 3
48 96 1 6
48 97 4 7
48 99 3 5
48 100 7 1
49 51 8 1
49 53 5 3
49 54 2 8
49 57 3 4
49 58 10 4
49 59 9 8
49 61 6 1
49 62 2 10
49 63 8 6
49 65 10 5
49 66 3 10
49 69 7 4
49 70 4 4
49 71 1 3
49 72 9 3
49 73 3 3
49 74 3 7
49 76 7 7
49 77 6 10
49 78 10 6
49 79 5 3
49 81 8 4
49 82 9 3
49 83 8 9
49 84 4 4
49 85 10 2
49 86 5 9
49 87 8 6
49 89 3 10
49 90 7 8
49 91 5 2
49 93 5 10
49 94 9 1
49 95 3 5
49 96 3 6
49 97 5 1
49 98 2 5
49 99 2 9
49 100 3 10
50 52 10 2
50 54 2 10
50 55 4 7
50 56 10 3
50 57 2 8
50 58 8 3
50 59 7 9
50 60 8 4
50 61 5 4
50 62 9 7
50 63 7 10
50 64 9 2
50 65 10 4
50 66 5 10
50 67 6 2
50 68 9 5
50 69 2 1
50 70 9 1
50 72 1 1
50 74 9 10
50 75 5 10
50 76 8 4
50 77 6 7
50 78 10 2
50 80 3 5
50 81 6 10
50 82 8 8
50 84 1 9
50 85 7 2
50 86 5 6
50 87 8 7
50 88 3 5
50 90 7 7
50 91 8 8
50 92 9 5
50 94 10 4
50 95 10 1
50 96 7 8
50 97 1 9
50 99 1 5
50 100 3 7
51 52 1 4
51 53 4 7
51 54 2 8
51 55 5 2
51 57 9 4
51 58 1 7
51 59 5 1
51 60 8 2
51 61 7 10
51 62 4 7
51 63 7 4
51 64 8 1
51 65 9 6
51 66 2 7
51 67 9 5
51 68 2 2
51 70 6 8
51 71 6 3
51 72 4 5
51 73 2 8
51 77 3 10
51 78 5 9
51 79 1 2
51 80 8 10
51 81 3 7
51 83 8 2
51 84 4 8
51 85 4 1
51 87 8 9
51 88 5 7
51 91 3 2
51 93 10 10
51 95 5 4
51 96 10 4
51 98 10 10
51 99 9 8
52 53 1 8
52 54 2 6
52 56 7 6
52 58 3 8
52 59 8 4
52 60 10 6
52 62 5 3
52 63 10 1
52 65 10 10
52 66 7 6
52 67 3 4
52 68 2 9
52 69 4 4
52 73 6 1
52 74 8 9
52 75 2 8
52 76 9 5
52 77 10 8
52 78 3 6
52 79 2 5
52 83 10 5
52 84 7 3
52 85 2 9
52 86 7 8
52 87 2 8
52 88 10 1
52 90 1 1
52 91 9 7
52 92 5 7
52 93 7 3
52 94 8 1
52 95 10 2
52 96 3 2
52 97 5 3
52 98 8 6
52 99 6 1
53 54 10 5
53 55 5 3
53 56 3 9
53 57 8 10
53 58 6 2
53 60 1 4
53 61 2 4
53 62 8 10
53 63 9 10
53 64 7 8
53 65 2 6
53 66 9 3
53 69 9 7
53 70 1 8
53 71 4 5
53 72 5 9
53 74 3 4
53 76 8 3
53 77 7 8
53 78 7 3
53 79 8 3
53 80 1 3
53 81 10 10
53 82 3 4
53 84 6 7
53 85 2 3
53 86 7 9
53 87 5 3
53 88 2 1
53 89 5 4
53 91 1 10
53 92 9 9
53 93 7 1
53 94 7 9
53 95 2 9
53 96 9 2
53 97 8 8
53 98 4 1
53 99 2 2
53 100 9 4
54 55 8 3
54 56 2 3
54 57 5 10
54 58 10 8
54 59 3 3
54 60 5 7
54 61 5 2
54 62 2 8
54 63 2 9
54 64 4 5
54 65 9 10
54 66 7 1
54 67 9 6
54 68 4 8
54 70 8 10
54 71 3 2
54 72 1 5
54 74 8 9
54 75 1 8
54 77 10 10
54 78 8 9
54 79 1 6
54 81 7 6
54 82 1 2
54 83 3 5
54 84 4 3
54 85 3 2
54 86 4 10
54 87 10 6
54 88 10 3
54 89 4 3
54 90 1 1
54 91 1 7
54 92 8 7
54 93 10 6
54 95 3 1
54 97 8 4
54 98 4 6
54 99 9 9
54 100 8 4
55 56 2 8
55 57 6 6
55 58 8 8
55 59 10 4
55 60 6 9
55 61 6 8
55 63 9 2
55 64 8 6
55 65 1 8
55 66 1 7
55 67 6 9
55 69 5 9
55 70 10 3
55 71 1 6
55 72 3 1
55 73 4 9
55 74 4 4
55 75 9 7
55 76 10 10
55 77 7 6
55 78 7 7
55 79 3 5
55 81 6 6
55 82 2 5
55 83 8 1
55 85 1 1
55 86 8 10
55 87 9 1
55 88 3 1
55 90 4 5
55 91 2 10
55 92 9 10
55 93 10 3
55 94 4 5
55 95 2 2
55 96 9 1
55 97 7 6
55 98 5 10
55 99 4 6
55 100 5 2
56 57 8 2
56 60 4 7
56 61 4 7
56 62 10 2
56 63 5 4
56 64 1 3
56 65 4 2
56 66 1 10
56 67 5 10
56 68 4 9
56 69 6 6
56 73 5 8
56 74 4 7
56 75 3 2
56 76 2 9
56 77 2 9
56 78 5 6
56 79 10 7
56 80 4 5
56 81 10 5
56 83 3 4
56 84 6 6
56 85 9 6
56 86 3 2
56 87 4 8
56 88 6 3
56 90 10 5
56 92 7 3
56 94 4 9
56 95 6 9
56 97 6 10
56 99 9 10
56 100 9 7
57 58 2 3
57 59 4 8
57 60 9 9
57 62 10 10
57 63 6 6
57 64 10 4
57 65 9 5
57 67 5 2
57 69 4 5
57 70 3 7
57 71 7 9
57 74 7 7
57 75 10 9
57 76 4 1
57 77 1 7
57 80 2 5
57 82 2 1
57 83 1 3
57 84 1 7
57 85 4 6
57 87 3 1
57 88 7 10
57 89 10 4
57 90 8 2
57 91 8 7
57 92 7 3
57 93 1 3
57 94 1 1
57 95 10 1
57 96 1 9
57 97 5 5
57 99 10 4
57 100 8 10
58 59 5 2
58 60 4 5
58 61 5 1
58 62 1 9
58 63 10 1
58 64 10 7
58 65 3 1
58 66 9 3
58 67 5 3
58 68 9 6
58 69 2 9
58 70 1 10
58 71 8 10
58 72 9 6
58 73 2 3
58 75 6 5
58 77 10 2
58 78 10 9
58 79 7 7
58 80 6 4
58 81 1 4
58 83 10 6
58 84 5 7
58 85 7 6
58 86 7 1
58 87 5 6
58 88 7 8
58 89 5 1
58 90 6 7
58 91 2 10
58 93 7 5
58 94 4 4
58 95 10 4
58 96 6 1
58 97 1 1
58 98 9 6
58 99 10 4
59 60 1 5
59 61 8 7
59 62 3 5
59 64 3 2
59 65 8 10
59 66 2 5
59 67 5 6
59 68 2 7
59 69 6 10
59 70 1 4
59 71 1 2
59 73 9 7
59 76 4 9
59 78 6 5
59 79 9 4
59 80 10 1
59 81 9 8
59 83 3 6
59 84 1 3
59 85 4 5
59 86 9 8
59 87 10 2
59 89 4 3
59 90 6 7
59 92 3 1
59 93 4 8
59 94 5 3
59 95 10 4
59 96 2 7
59 97 9 5
59 98 3 9
59 99 2 5
59 100 8 1
60 61 7 6
60 62 3 10
60 63 10 1
60 66 2 8
60 67 7 9
60 68 1 8
60 69 3 4
60 70 7 6
60 71 7 7
60 72 2 1
60 74 8 3
60 77 4 9
60 78 10 7
60 80 9 10
60 81 9 6
60 82 9 7
60 83 8 3
60 84 7 10
60 85 4 1
60 86 1 7
60 87 10 1
60 89 6 8
60 90 9 4
60 91 9 8
60 92 8 10
60 94 8 10
60 95 5 10
60 96 8 4
60 97 9 5
60 99 3 1
61 62 9 3
61 63 5 9
61 64 9 6
61 65 6 9
61 66 8 1
61 67 5 10
61 69 9 9
61 70 9 9
61 71 7 1
61 72 9 5
61 73 6 7
61 74 10 3
61 75 2 9
61 76 6 4
61 77 5 7
61 79 10 1
61 81 2 8
61 82 5 1
61 83 3 2
61 85 3 9
61 86 4 1
61 87 6 6
61 88 3 4
61 89 2 3
61 90 5 4
61 91 1 6
61 93 6 1
61 95 6 5
61 96 10 9
61 97 10 10
61 99 4 9
61 100 1 9
62 63 3 4
62 64 6 3
62 65 8 3
62 66 4 2
62 67 8 6
62 68 7 5
62 70 9 2
62 71 5 10
62 72 2 5
62 73 7 4
62 74 8 9
62 75 8 2
62 76 4 10
62 77 4 4
62 79 8 5
62 80 4 8
62 82 1 6
62 83 1 1
62 84 4 3
62 85 4 2
62 86 6 9
62 87 9 10
62 88 6 7
62 89 7 10
62 90 1 9
62 91 6 2
62 93 7 1
62 95 7 6
62 96 6 6
62 98 3 1
62 99 10 9
62 100 9 10
63 64 5 2
63 65 2 7
63 66 8 1
63 67 3 7
63 69 2 5
63 70 10 8
63 71 10 4
63 72 3 9
63 73 2 4
63 74 7 10
63 75 5 4
63 76 2 10
63 77 3 10
63 78 5 3
63 79 1 10
63 81 2 2
63 82 1 7
63 83 4 3
63 85 5 5
63 86 4 6
63 88 8 1
63 90 5 4
63 91 7 9
63 92 6 2
63 93 5 8
63 94 6 1
63 95 10 2
63 96 8 10
63 97 7 6
63 98 3 2
63 100 10 9
64 65 7 1
64 67 6 4
64 68 7 7
64 69 3 7
64 70 1 3
64 71 10 1
64 72 7 4
64 74 1 1
64 76 6 6
64 77 9 3
64 79 6 5
64 80 5 4
64 81 3 1
64 82 7 2
64 83 1 4
64 84 6 3
64 85 7 5
64 86 4 9
64 87 1 2
64 88 3 2
64 89 1 3
64 90 9 4
64 91 8 6
64 92 9 4
64 93 4 10
64 94 8 1
64 95 1 2
64 96 5 9
64 98 8 1
64 99 7 9
64 100 6 2
65 66 3 1
65 67 9 10
65 68 4 1
65 69 5 3
65 70 8 3
65 74 9 10
65 75 6 10
65 76 9 8
65 77 3 6
65 81 3 9
65 82 1 5
65 83 1 10
65 84 9 9
65 85 3 10
65 86 9 8
65 87 6 9
65 89 9 7
65 90 6 6
65 91 10 2
65 92 1 2
65 93 5 2
65 94 3 9
65 95 5 2
65 96 4 5
65 97 10 9
65 100 5 5
66 67 9 2
66 68 6 3
66 71 5 7
66 72 7 9
66 73 2 5
66 74 7 5
66 76 8 3
66 78 4 4
66 80 8 5
66 82 7 3
66 83 3 10
66 84 7 1
66 85 6 1
66 86 5 6
66 88 1 7
66 89 8 8
66 91 9 8
66 92 7 10
66 93 10 3
66 94 8 7
66 98 10 1
66 99 5 3
66 100 10 3
67 68 6 1
67 69 7 6
67 70 3 8
67 72 5 2
67 73 3 5
67 74 8 3
67 75 7 5
67 76 3 10
67 77 1 7
67 78 2 10
67 79 10 9
67 80 5 3
67 81 1 8
67 82 1 4
67 83 10 5
67 85 10 5
67 86 7 9
67 87 2 2
67 88 2 4
67 89 1 3
67 90 1 3
67 91 6 3
67 92 7 9
67 93 3 9
67 95 8 8
67 96 9 2
67 97 1 7
67 98 9 2
67 100 3 2
68 70 4 5
68 71 3 8
68 72 3 5
68 74 8 1
68 75 9 7
68 77 5 1
68 78 3 7
68 79 5 7
68 80 3 4
68 81 10 10
68 82 3 7
68 83 1 4
68 84 2 3
68 85 3 8
68 86 10 8
68 88 7 2
68 89 4 8
68 90 7 1
68 91 6 2
68 92 3 5
68 93 9 8
68 94 4 5
68 96 1 5
68 97 10 4
68 98 7 3
68 99 2 5
69 70 8 4
69 71 6 2
69 72 6 7
69 73 4 3
69 76 8 9
69 77 2 4
69 78 9 6
69 79 8 4
69 80 10 6
69 82 1 9
69 83 3 6
69 84 4 2
69 86 2 4
69 87 2 6
69 88 3 2
69 89 9 6
69 90 7 7
69 91 6 1
69 92 5 9
69 94 1 7
69 95 6 5
69 96 4 2
69 97 6 9
69 98 4 7
69 99 6 10
69 100 2 7
70 71 4 8
70 72 7 3
70 73 4 10
70 74 4 1
70 75 9 3
70 76 2 2
70 77 9 6
70 78 10 7
70 79 5 9
70 81 10 3
70 82 6 2
70 83 10 7
70 84 1 5
70 85 1 9
70 86 10 4
70 87 6 10
70 88 9 5
70 92 2 4
70 94 6 2
70 95 2 1
70 96 10 6
70 97 5 7
70 98 10 6
70 100 10 1
71 72 3 10
71 73 5 9
71 76 9 1
71 77 6 8
71 79 8 5
71 80 1 5
71 81 2 1
71 83 10 10
71 84 9 7
71 85 6 10
71 86 7 1
71 87 9 3
71 88 1 4
71 89 2 1
71 90 7 3
71 91 6 10
71 94 8 10
71 95 2 7
71 97 2 8
71 98 4 4
71 99 2 3
71 100 3 10
72 73 6 4
72 74 3 5
72 75 2 6
72 79 2 9
72 80 2 8
72 81 3 6
72 82 7 10
72 83 5 1
72 84 8 7
72 85 7 6
72 86 10 10
72 87 5 5
72 88 3 2
72 89 5 8
72 90 3 4
72 91 5 3
72 92 4 10
72 93 3 3
72 96 2 8
72 97 2 5
72 98 3 2
72 99 1 7
73 74 5 7
73 76 2 10
73 77 7 6
73 78 7 5
73 79 8 1
73 80 1 6
73 81 2 2
73 82 7 9
73 83 5 7
73 85 1 8
73 87 3 3
73 89 2 9
73 90 8 2
73 91 5 10
73 92 6 7
73 93 10 5
73 95 5 9
73 96 8 8
73 97 1 5
73 100 4 1
74 77 1 8
74 78 10 7
74 79 3 7
74 80 2 3
74 82 3 1
74 83 10 1
74 84 3 8
74 85 2 3
74 86 1 6
74 87 4 2
74 89 9 2
74 91 5 3
74 92 10 2
74 93 9 10
74 95 10 2
74 96 5 7
74 97 1 10
74 98 7 10
74 99 5 5
74 100 5 4
75 76 2 3
75 77 5 3
75 78 1 1
75 79 9 4
75 80 1 2
75 84 6 1
75 85 9 1
75 86 8 1
75 87 10 4
75 88 8 9
75 89 10 2
75 90 4 2
75 91 1 7
75 92 4 7
75 93 2 1
75 94 9 10
75 95 10 4
75 96 8 4
75 97 7 3
75 99 4 1
75 100 10 2
76 77 1 7
76 79 7 8
76 80 9 5
76 81 9 7
76 82 8 2
76 83 10 4
76 84 9 7
76 85 8 2
76 87 4 4
76 88 10 3
76 89 6 7
76 91 4 9
76 94 9 4
76 95 9 6
76 96 4 8
76 97 5 10
76 99 10 7
76 100 5 5
77 78 7 2
77 79 10 6
77 80 7 1
77 83 10 8
77 84 4 1
77 85 4 1
77 86 4 6
77 87 10 1
77 88 6 8
77 89 10 5
77 90 7 8
77 91 10 10
77 93 8 2
77 94 9 8
77 95 9 10
77 96 2 9
77 97 1 5
77 99 8 2
77 100 9 6
78 81 6 7
78 84 6 2
78 85 8 8
78 86 7 1
78 87 5 4
78 90 10 7
78 91 7 9
78 92 9 5
78 94 6 7
78 95 1 1
78 96 9 4
78 97 6 3
78 98 3 1
78 99 3 1
78 100 9 3
79 81 7 4
79 82 1 8
79 85 2 1
79 86 1 1
79 87 3 5
79 88 9 7
79 89 5 2
79 90 5 2
79 91 2 4
79 92 5 1
79 93 6 5
79 95 5 8
79 98 7 5
79 99 10 1
79 100 7 10
80 82 7 8
80 84 4 7
80 85 8 4
80 86 5 8
80 87 1 4
80 92 8 2
80 94 2 4
80 95 9 9
80 97 3 7
80 98 5 3
80 99 9 7
80 100 4 9
81 83 5 2
81 84 8 10
81 85 10 6
81 86 6 7
81 87 2 7
81 88 6 8
81 89 7 8
81 90 5 8
81 91 7 2
81 92 7 1
81 94 8 6
81 95 5 6
81 96 3 4
81 97 3 6
81 98 8 3
81 99 8 8
81 100 1 9
82 83 9 9
82 84 2 7
82 85 1 10
82 86 9 9
82 87 10 4
82 90 3 4
82 91 4 10
82 93 2 9
82 94 9 9
82 95 6 8
82 96 7 2
82 97 2 1
82 98 8 2
82 99 9 7
83 84 10 5
83 85 7 8
83 87 2 3
83 88 9 8
83 90 7 10
83 91 7 4
83 92 5 1
83 93 4 7
83 94 9 5
83 95 10 9
83 96 8 10
83 97 2 1
83 98 4 6
83 99 5 5
83 100 6 6
84 85 2 5
84 87 2 4
84 88 6 2
84 89 4 2
84 90 8 8
84 93 3 2
84 94 3 4
84 95 2 6
84 96 6 10
84 97 2 7
84 99 1 5
84 100 6 1
85 86 3 8
85 90 8 4
85 91 5 10
85 92 10 7
85 93 3 9
85 94 8 7
85 95 6 7
85 97 2 6
85 98 10 4
85 99 10 5
86 87 8 6
86 88 3 7
86 89 3 7
86 90 10 7
86 91 4 5
86 92 3 3
86 94 8 6
86 95 8 7
86 96 1 6
86 97 7 9
86 99 5 9
86 100 7 9
87 88 5 9
87 89 2 1
87 90 6 7
87 91 1 9
87 92 7 10
87 93 1 10
87 94 2 8
87 95 8 10
87 97 2 6
87 98 7 2
87 99 10 1
87 100 1 9
88 89 10 3
88 92 6 1
88 93 7 2
88 94 5 6
88 95 3 10
88 97 2 1
88 98 9 4
88 99 8 8
89 90 9 1
89 92 8 9
89 93 2 8
89 94 2 7
89 95 7 10
89 96 7 3
89 97 9 7
89 98 1 8
90 91 1 4
90 92 10 3
90 93 10 6
90 94 6 1
90 96 2 10
90 97 8 1
90 98 6 2
90 99 7 10
90 100 6 10
91 92 2 7
91 94 10 2
91 95 9 10
91 96 2 4
91 97 6 7
91 98 7 10
91 99 10 2
91 100 9 5
92 93 2 4
92 94 6 2
92 95 2 3
92 96 6 9
92 97 10 8
92 99 1 4
93 94 9 10
93 95 10 9
93 96 2 2
93 97 3 1
93 99 6 1
93 100 10 9
94 95 9 2
94 96 4 3
94 97 6 4
94 98 6 8
94 99 4 4
94 100 10 3
95 97 3 3
95 98 8 4
95 99 10 5
95 100 1 1
96 97 7 3
96 98 1 2
96 99 5 9
96 100 1 1
97 98 6 1
97 100 10 1
98 99 2 4
98 100 8 10
1
1 2 3 4 5 6 7 8 9 10 11 12 13 14 15 16 17 18 19 20 21 22 23 24 25 26 27 28 29 30 31 32 33 34 35 36 37 38 39 40 41 42 43 44 45 46 47 48 49 50
