3933
1 2 3 3
1 3 3 4
1 4 8 8
1 5 3 5
1 6 8 7
1 8 7 10
1 9 9 2
1 10 6 5
1 11 5 7
1 12 7 10
1 13 8 10
1 14 9 3
1 15 2 7
1 17 8 4
1 18 3 8
1 19 4 3
1 20 5 5
1 21 7 6
1 22 5 6
1 23 7 2
1 24 10 1
1 25 10 3
1 27 3 9
1 28 5 9
1 29 8 2
1 31 7 3
1 32 9 3
1 33 1 10
1 34 4 2
1 35 6 5
1 36 2 10
1 37 9 4
1 38 6 9
1 39 4 7
1 40 1 6
1 41 3 5
1 43 7 7
1 44 9 1
1 45 5 10
1 46 5 10
1 47 10 9
1 48 6 8
1 50 1 10
1 52 8 10
1 53 1 7
1 55 7 6
1 56 5 5
1 57 1 4
1 58 2 9
1 59 10 3
1 60 4 4
1 61 6 2
1 65 10 10
1 66 9 3
1 67 9 6
1 68 9 1
1 69 4 10
1 70 7 8
1 71 6 6
1 72 6 5
1 73 7 6
1 75 7 7
1 76 2 1
1 78 5 2
1 79 8 1
1 80 6 4
1 81 8 2
1 82 4 4
1 83 9 6
1 84 10 7
1 86 2 1
1 87 6 1
1 88 10 6
1 89 6 7
1 91 9 9
1 92 2 4
1 93 5 4
1 94 4 10
1 95 6 9
1 96 1 2
1 97 10 8
1 98 9 5
1 99 2 8
1 100 8 5
2 3 3 8
2 5 9 1
2 6 5 10
2 7 10 10
2 8 2 3
2 9 1 10
2 12 3 5
2 13 4 8
2 14 7 3
2 19 9 10
2 22 2 7
2 23 5 3
2 24 4 2
2 25 8 4
2 26 4 2
2 27 3 10
2 28 1 9
2 29 1 6
2 30 7 4
2 31 10 7
2 33 8 3
2 34 10 8
2 35 10 2
2 36 8 2
2 37 2 1
2 38 2 8
2 42 8 1
2 43 4 2
2 44 7 7
2 45 6 8
2 46 5 1
2 47 9 5
2 48 5 1
2 49 2 1
2 50 8 5
2 51 2 9
2 52 5 6
2 53 10 6
2 55 6 4
2 56 4 9
2 58 1 6
2 59 2 6
2 61 9 5
2 65 10 1
2 66 8 1
2 67 3 5
2 68 5 5
2 71 3 7
2 72 1 2
2 73 2 10
2 74 7 4
2 75 9 8
2 76 1 8
2 77 2 2
2 78 2 10
2 79 10 7
2 81 4 4
2 82 7 9
2 83 2 2
2 84 3 2
2 86 7 8
2 88 10 4
2 89 3 4
2 90 1 6
2 91 7 5
2 92 5 10
2 93 8 9
2 94 10 9
2 96 2 9
2 97 4 8
2 98 3 2
2 100 9 8
3 4 5 2
3 5 5 1
3 6 2 4
3 7 9 4
3 8 9 2
3 9 2 1
3 10 10 2
3 11 10 3
3 12 3 4
3 13 3 2
3 14 4 2
3 16 4 6
3 17 6 10
3 18 4 10
3 19 2 3
3 21 6 6
3 22 4 6
3 23 5 4
3 24 6 1
3 26 2 8
3 27 2 5
3 28 4 1
3 30 5 2
3 32 7 9
3 33 5 10
3 34 7 8
3 35 4 4
3 36 8 5
3 37 2 10
3 38 9 7
3 40 9 4
3 41 9 9
3 42 1 7
3 43 8 5
3 44 1 3
3 45 6 5
3 46 2 6
3 47 8 4
3 49 8 2
3 50 1 2
3 51 5 2
3 53 10 4
3 54 9 6
3 55 9 2
3 56 8 2
3 58 8 6
3 59 6 1
3 60 4 7
3 62 8 2
3 63 7 6
3 64 5 9
3 65 9 10
3 66 5 1
3 67 6 9
3 70 2 4
3 71 9 1
3 73 1 4
3 74 9 10
3 76 10 1
3 77 7 8
3 78 8 5
3 79 10 10
3 80 3 5
3 81 10 2
3 82 8 6
3 83 4 4
3 84 3 6
3 85 4 10
3 86 6 1
3 87 4 7
3 93 8 3
3 94 2 6
3 95 4 4
3 96 8 8
3 99 8 9
3 100 7 5
4 6 9 3
4 8 8 10
4 9 3 10
4 10 2 7
4 11 8 6
4 12 9 8
4 14 2 2
4 15 10 2
4 16 10 7
4 17 7 1
4 19 5 1
4 20 5 8
4 21 7 10
4 22 3 1
4 23 9 10
4 24 5 7
4 25 5 7
4 27 10 1
4 28 1 6
4 29 8 2
4 31 5 3
4 32 10 5
4 33 1 5
4 34 1 9
4 35 8 6
4 36 4 6
4 37 2 2
4 38 2 2
4 39 3 6
4 41 9 10
4 43 7 2
4 44 2 4
4 45 8 10
4 46 10 10
4 47 5 2
4 49 3 9
4 52 5 7
4 53 9 4
4 54 6 6
4 55 6 2
4 56 4 2
4 58 4 4
4 60 10 3
4 61 9 2
4 62 5 2
4 63 6 6
4 64 6 5
4 66 4 9
4 68 1 3
4 69 1 2
4 70 2 9
4 71 2 8
4 72 9 1
4 73 1 9
4 74 4 6
4 75 3 2
4 77 1 4
4 79 4 1
4 81 7 8
4 82 6 3
4 83 2 6
4 85 7 6
4 87 4 9
4 88 3 7
4 89 10 3
4 90 8 3
4 91 9 3
4 93 5 7
4 95 5 2
4 96 7 3
4 97 7 8
4 98 3 6
4 99 6 6
4 100 3 7
5 7 8 3
5 8 4 4
5 9 1 1
5 11 9 8
5 12 4 8
5 13 3 10
5 14 1 10
5 15 2 10
5 16 10 3
5 17 10 10
5 18 10 9
5 19 4 8
5 20 2 1
5 21 3 4
5 22 2 2
5 23 9 1
5 25 5 2
5 27 10 8
5 28 6 4
5 29 8 5
5 30 4 10
5 31 1 7
5 32 2 3
5 33 5 9
5 34 5 2
5 35 8 1
5 36 4 6
5 37 3 1
5 38 5 7
5 39 6 5
5 40 2 9
5 41 4 4
5 42 8 1
5 44 9 7
5 45 7 1
5 49 9 7
5 50 1 2
5 51 3 2
5 52 10 8
5 54 6 10
5 55 7 4
5 56 2 6
5 58 6 1
5 59 3 8
5 60 6 6
5 61 2 1
5 63 1 8
5 64 9 8
5 65 9 9
5 66 10 10
5 67 8 9
5 69 1 1
5 70 4 1
5 71 5 4
5 73 1 3
5 74 5 9
5 75 5 4
5 76 8 10
5 77 5 2
5 78 5 1
5 79 1 4
5 80 9 9
5 82 4 10
5 83 6 6
5 84 10 3
5 85 4 9
5 86 3 10
5 88 1 2
5 89 6 10
5 90 2 3
5 91 1 10
5 93 1 9
5 94 1 2
5 95 7 6
5 96 10 7
5 97 7 9
5 98 3 9
5 99 5 9
5 100 6 8
6 7 7 10
6 10 7 7
6 11 5 1
6 12 8 5
6 13 7 7
6 15 4 9
6 16 1 6
6 17 2 9
6 18 5 10
6 19 9 3
6 20 1 3
6 21 3 7
6 22 3 2
6 23 7 10
6 24 3 3
6 25 7 9
6 26 1 1
6 28 1 7
6 29 8 9
6 30 1 6
6 31 3 1
6 32 5 6
6 36 10 2
6 37 6 3
6 38 10 8
6 39 1 6
6 41 4 1
6 42 4 4
6 43 1 5
6 44 4 2
6 46 1 8
6 47 3 7
6 48 5 8
6 50 8 10
6 51 9 4
6 52 2 3
6 53 3 7
6 54 3 1
6 55 2 9
6 56 4 10
6 57 9 8
6 58 10 6
6 59 5 3
6 60 8 10
6 61 7 7
6 62 6 2
6 63 9 2
6 64 7 10
6 65 6 10
6 67 5 1
6 68 10 5
6 69 4 2
6 70 5 4
6 71 6 10
6 73 4 3
6 74 6 6
6 75 3 4
6 76 1 1
6 77 3 4
6 78 3 10
6 79 6 3
6 80 9 10
6 81 2 6
6 83 5 1
6 84 1 9
6 85 5 6
6 87 4 8
6 89 7 10
6 90 3 7
6 91 8 1
6 92 2 5
6 93 8 2
6 94 9 1
6 96 2 4
6 97 10 3
6 98 9 3
6 99 5 9
7 9 2 6
7 10 2 4
7 11 4 1
7 12 3 6
7 13 10 6
7 15 2 1
7 16 5 2
7 17 9 8
7 19 3 6
7 20 4 6
7 21 6 10
7 24 8 7
7 25 2 4
7 26 3 5
7 28 1 2
7 29 1 10
7 30 6 1
7 31 9 2
7 33 8 4
7 34 6 7
7 37 2 8
7 38 10 6
7 39 7 9
7 40 4 8
7 41 8 2
7 42 1 10
7 43 3 10
7 44 8 7
7 45 2 6
7 46 1 6
7 47 9 7
7 50 1 3
7 51 1 9
7 52 5 5
7 53 2 4
7 54 7 3
7 55 5 4
7 56 4 2
7 57 5 2
7 58 7 6
7 59 5 3
7 61 2 3
7 62 10 4
7 63 8 3
7 64 1 5
7 65 1 6
7 66 8 8
7 67 3 2
7 70 6 4
7 71 4 5
7 73 8 2
7 74 6 4
7 75 5 7
7 76 2 5
7 77 1 10
7 78 9 10
7 79 2 4
7 81 8 2
7 82 8 7
7 83 3 6
7 84 5 6
7 85 6 3
7 86 6 9
7 87 5 3
7 88 7 1
7 90 10 4
7 92 7 10
7 93 2 1
7 94 3 8
7 95 5 1
7 96 10 7
7 97 6 4
7 98 7 3
7 99 5 4
7 100 2 3
8 9 1 10
8 10 4 5
8 11 9 8
8 12 4 1
8 14 10 10
8 15 2 2
8 16 3 3
8 17 6 10
8 18 4 5
8 20 6 4
8 21 7 3
8 24 6 2
8 27 3 5
8 28 7 1
8 31 4 10
8 32 9 5
8 34 8 2
8 35 1 10
8 36 6 4
8 37 6 3
8 38 5 3
8 39 2 8
8 40 4 1
8 41 1 10
8 42 8 2
8 44 3 5
8 45 3 8
8 46 3 3
8 47 5 5
8 48 5 1
8 49 4 5
8 50 6 9
8 51 2 3
8 52 7 2
8 53 4 4
8 54 7 6
8 55 8 7
8 56 2 10
8 57 1 1
8 58 4 1
8 59 3 4
8 60 6 2
8 61 7 10
8 63 7 3
8 65 1 10
8 66 7 9
8 67 3 8
8 68 2 10
8 69 6 8
8 70 8 4
8 71 7 1
8 72 8 3
8 73 8 7
8 74 3 4
8 75 7 3
8 76 7 1
8 78 6 7
8 79 5 6
8 80 10 1
8 81 1 2
8 83 6 7
8 84 10 5
8 85 2 7
8 87 7 1
8 88 2 5
8 90 2 4
8 91 4 6
8 93 3 4
8 95 5 6
8 96 1 2
8 97 6 3
8 99 1 9
9 10 8 8
9 11 2 7
9 12 1 7
9 14 4 9
9 17 5 6
9 18 6 10
9 19 2 4
9 20 7 6
9 21 9 9
9 22 7 10
9 24 10 8
9 25 7 8
9 26 5 1
9 27 5 5
9 28 2 10
9 30 5 2
9 32 4 9
9 33 3 8
9 34 3 1
9 35 3 3
9 37 4 7
9 38 5 7
9 39 6 6
9 41 6 5
9 45 5 8
9 47 10 5
9 48 5 5
9 51 1 6
9 52 9 7
9 53 8 4
9 54 8 4
9 55 1 9
9 56 4 2
9 57 1 9
9 58 1 1
9 59 1 2
9 60 10 2
9 61 3 10
9 62 9 8
9 63 8 6
9 65 10 10
9 66 1 7
9 67 8 8
9 68 7 8
9 69 1 3
9 70 3 4
9 71 4 8
9 72 7 1
9 73 3 8
9 74 5 8
9 75 2 7
9 76 6 4
9 77 1 5
9 78 4 10
9 79 10 7
9 80 2 2
9 82 1 6
9 83 3 5
9 85 9 4
9 86 1 10
9 87 3 7
9 89 9 8
9 90 5 2
9 91 3 1
9 92 2 5
9 93 4 9
9 94 1 5
9 95 4 2
9 96 10 1
9 98 6 8
9 99 1 3
10 11 8 10
10 12 9 1
10 13 10 5
10 14 9 9
10 15 6 9
10 16 7 5
10 18 9 1
10 20 4 10
10 21 4 9
10 22 8 8
10 24 4 5
10 26 1 3
10 27 10 4
10 28 7 9
10 29 10 5
10 30 8 2
10 31 6 9
10 32 3 9
10 33 4 6
10 34 6 6
10 35 1 9
10 37 4 4
10 39 3 1
10 40 4 10
10 43 8 10
10 45 9 2
10 47 8 2
10 48 5 3
10 50 2 4
10 51 8 10
10 52 10 4
10 54 2 5
10 55 4 6
10 56 7 5
10 57 1 4
10 58 4 3
10 59 5 1
10 60 2 6
10 61 4 3
10 63 4 10
10 64 5 5
10 65 4 3
10 66 8 8
10 67 3 2
10 69 9 7
10 70 3 6
10 71 2 4
10 73 2 9
10 75 2 5
10 76 6 10
10 78 3 2
10 79 6 3
10 80 2 6
10 81 2 6
10 82 5 10
10 84 6 5
10 85 5 1
10 87 1 3
10 88 7 3
10 89 7 7
10 91 9 2
10 92 2 1
10 93 8 7
10 94 7 9
10 95 9 8
10 96 2 9
10 98 5 2
10 99 3 2
10 100 2 7
11 14 5 10
11 15 6 10
11 17 8 10
11 18 3 5
11 19 4 2
11 20 2 2
11 22 5 2
11 23 3 9
11 24 10 5
11 25 9 4
11 26 1 3
11 27 9 1
11 28 2 2
11 29 4 6
11 30 5 4
11 31 8 7
11 32 5 4
11 33 1 6
11 34 10 3
11 36 9 7
11 37 5 3
11 38 6 8
11 39 4 3
11 40 5 5
11 42 9 3
11 43 8 10
11 44 7 10
11 45 1 5
11 47 7 5
11 48 1 1
11 49 6 2
11 51 2 3
11 52 7 2
11 54 2 10
11 55 8 3
11 56 4 9
11 57 1 10
11 58 7 3
11 59 7 5
11 60 5 8
11 63 8 2
11 64 5 2
11 65 6 7
11 66 1 6
11 68 9 5
11 69 3 5
11 70 7 5
11 72 1 1
11 73 7 6
11 74 10 2
11 75 9 10
11 76 4 6
11 77 1 1
11 78 10 2
11 79 9 2
11 81 7 10
11 82 7 5
11 83 9 2
11 84 1 1
11 85 9 10
11 87 8 5
11 88 1 8
11 89 4 7
11 90 3 9
11 91 8 4
11 93 3 2
11 94 10 8
11 95 8 6
11 96 5 10
11 97 9 1
11 98 1 9
11 99 8 2
11 100 10 5
12 13 10 6
12 14 5 5
12 15 4 4
12 16 6 3
12 17 3 6
12 18 2 8
12 19 10 6
12 20 1 3
12 21 10 3
12 22 7 5
12 23 1 9
12 25 5 8
12 26 5 2
12 29 2 6
12 32 8 4
12 33 2 2
12 34 3 1
12 35 1 7
12 36 2 6
12 38 5 4
12 39 2 1
12 40 3 3
12 41 6 3
12 42 4 7
12 43 10 8
12 44 6 3
12 45 9 6
12 46 8 6
12 47 1 5
12 48 9 2
12 49 4 4
12 51 4 9
12 52 2 6
12 53 8 9
12 55 3 4
12 57 5 5
12 58 5 10
12 59 1 1
12 60 7 7
12 64 1 8
12 65 7 3
12 66 1 3
12 69 7 9
12 70 9 1
12 74 4 4
12 75 2 10
12 76 6 4
12 78 6 8
12 80 9 9
12 82 3 5
12 83 8 9
12 84 3 2
12 85 2 6
12 86 3 7
12 87 7 4
12 88 7 2
12 90 2 4
12 91 3 1
12 94 7 10
12 95 9 4
12 96 7 3
12 97 8 4
12 99 4 5
13 18 4 8
13 19 3 1
13 20 2 7
13 21 7 4
13 22 1 6
13 25 2 7
13 26 2 2
13 28 4 9
13 29 7 9
13 30 5 10
13 31 4 1
13 32 5 8
13 34 4 1
13 35 5 8
13 36 7 3
13 37 9 2
13 38 1 1
13 39 9 1
13 40 5 8
13 41 9 3
13 42 1 6
13 44 9 9
13 45 4 8
13 46 5 10
13 47 6 4
13 48 8 4
13 50 10 3
13 51 6 9
13 53 4 7
13 54 10 8
13 56 2 5
13 57 9 3
13 58 1 4
13 59 3 5
13 60 6 6
13 61 3 9
13 63 5 9
13 64 1 1
13 65 7 6
13 67 7 2
13 69 1 2
13 70 6 9
13 72 9 5
13 73 7 5
13 74 1 5
13 76 2 2
13 77 9 5
13 78 7 5
13 79 9 4
13 81 9 2
13 82 10 5
13 83 10 9
13 84 8 7
13 85 2 8
13 87 3 3
13 88 2 10
13 89 8 10
13 90 2 2
13 92 4 5
13 93 6 6
13 94 4 7
13 95 4 6
13 96 7 7
13 97 7 9
13 98 2 10
14 16 2 7
14 17 6 2
14 18 8 2
14 20 3 6
14 21 9 8
14 22 10 9
14 23 2 5
14 24 9 3
14 25 10 3
14 26 9 10
14 27 1 4
14 28 9 10
14 29 8 2
14 30 7 3
14 31 1 2
14 32 10 7
14 33 6 4
14 34 5 8
14 35 9 7
14 36 5 2
14 37 2 8
14 38 1 8
14 39 4 5
14 40 4 7
14 41 4 10
14 42 10 1
14 43 3 1
14 44 1 4
14 45 3 6
14 46 1 3
14 47 3 2
14 49 6 5
14 50 8 7
14 51 5 10
14 52 1 6
14 53 8 1
14 54 2 2
14 57 2 3
14 58 6 7
14 59 1 7
14 60 4 4
14 62 10 2
14 63 10 8
14 64 2 7
14 65 10 9
14 66 1 9
14 67 4 10
14 68 10 3
14 69 10 3
14 70 3 7
14 71 8 10
14 73 10 7
14 74 8 4
14 75 8 2
14 77 9 9
14 78 6 6
14 80 1 9
14 81 6 6
14 82 1 3
14 83 10 1
14 85 10 6
14 86 1 10
14 87 2 7
14 89 4 9
14 91 7 5
14 92 1 5
14 94 1 7
14 95 4 5
14 96 10 2
14 97 2 3
14 98 2 9
14 99 8 8
14 100 9 2
15 16 1 5
15 17 1 1
15 18 9 2
15 20 2 2
15 21 5 5
15 22 1 6
15 23 5 9
15 24 10 2
15 25 10 2
15 27 7 8
15 28 4 4
15 29 6 9
15 30 9 4
15 31 9 4
15 32 1 8
15 33 5 5
15 34 8 4
15 35 3 3
15 36 1 4
15 37 5 10
15 38 8 9
15 39 10 10
15 40 9 1
15 41 7 1
15 43 5 6
15 44 10 7
15 45 5 8
15 47 9 9
15 48 7 6
15 49 4 7
15 50 6 10
15 51 2 8
15 52 2 5
15 53 4 2
15 54 3 1
15 55 1 4
15 56 4 10
15 57 6 5
15 58 6 10
15 59 7 7
15 60 4 2
15 61 4 2
15 62 4 9
15 63 4 10
15 65 9 8
15 67 8 1
15 68 10 10
15 69 6 7
15 70 9 10
15 72 1 1
15 73 6 7
15 74 6 10
15 75 9 6
15 76 5 2
15 77 4 7
15 78 6 7
15 79 7 6
15 80 6 2
15 81 6 3
15 83 2 4
15 85 2 3
15 86 6 1
15 87 8 6
15 91 4 2
15 92 8 2
15 96 5 4
15 97 6 8
15 98 8 1
15 99 2 2
15 100 5 10
16 17 9 4
16 18 1 3
16 20 2 5
16 21 8 9
16 22 1 9
16 23 1 8
16 24 5 1
16 26 5 5
16 27 5 2
16 28 10 5
16 29 1 5
16 30 4 3
16 31 3 4
16 32 8 10
16 33 8 9
16 34 9 3
16 36 9 2
16 37 10 5
16 38 8 7
16 39 1 10
16 40 8 9
16 41 4 7
16 44 7 6
16 45 10 5
16 46 10 10
16 47 2 9
16 48 2 9
16 49 5 4
16 50 6 6
16 52 10 8
16 55 7 9
16 56 2 8
16 58 7 6
16 59 6 10
16 60 5 4
16 61 6 10
16 62 8 10
16 63 4 7
16 64 2 9
16 65 2 8
16 67 10 3
16 68 7 9
16 71 6 6
16 72 8 1
16 74 5 9
16 75 1 2
16 76 3 8
16 77 7 10
16 80 10 4
16 81 2 3
16 82 1 2
16 83 10 2
16 85 10 8
16 86 7 10
16 87 10 6
16 88 10 1
16 89 10 4
16 92 10 1
16 93 4 5
16 95 2 8
16 97 6 2
16 98 7 1
16 100 7 1
17 18 3 8
17 19 5 10
17 21 9 10
17 22 7 8
17 23 10 6
17 24 1 8
17 25 7 1
17 26 7 10
17 27 4 7
17 28 1 9
17 30 1 6
17 31 1 1
17 32 1 4
17 33 3 1
17 35 9 3
17 36 4 1
17 37 4 9
17 38 6 9
17 39 5 5
17 40 8 6
17 41 2 8
17 42 8 5
17 43 7 10
17 45 3 10
17 48 9 7
17 49 5 2
17 51 7 1
17 52 7 9
17 53 5 3
17 55 7 1
17 56 6 7
17 57 7 6
17 58 3 3
17 59 7 6
17 60 10 9
17 61 1 7
17 62 4 1
17 64 1 5
17 65 4 5
17 66 4 2
17 67 4 4
17 68 7 4
17 69 8 2
17 70 2 9
17 71 9 7
17 73 10 3
17 74 5 1
17 75 3 8
17 76 4 1
17 78 1 5
17 79 9 5
17 80 10 7
17 81 6 3
17 82 7 10
17 84 8 7
17 85 3 9
17 87 10 7
17 88 7 5
17 89 9 6
17 92 4 4
17 93 8 10
17 94 3 5
17 95 2 3
17 96 3 1
17 98 4 6
17 99 5 2
18 19 5 1
18 20 2 4
18 21 3 8
18 22 8 7
18 23 8 3
18 24 4 10
18 25 3 3
18 26 6 1
18 28 7 1
18 31 9 6
18 32 10 4
18 33 8 5
18 34 9 10
18 35 3 6
18 36 1 7
18 37 6 4
18 38 4 7
18 39 4 3
18 40 8 4
18 41 6 1
18 42 6 2
18 43 10 6
18 44 2 5
18 45 4 7
18 46 2 10
18 47 8 7
18 48 6 10
18 49 7 10
18 50 9 9
18 51 3 3
18 52 9 4
18 53 6 8
18 55 4 8
18 57 10 7
18 58 1 1
18 59 6 1
18 60 8 2
18 61 6 2
18 62 7 6
18 63 1 4
18 64 3 1
18 66 9 3
18 67 10 9
18 68 9 9
18 69 4 9
18 71 4 1
18 73 3 6
18 74 2 10
18 75 8 7
18 77 7 5
18 78 4 1
18 79 9 1
18 80 4 6
18 81 1 4
18 83 7 1
18 84 3 1
18 85 10 3
18 86 4 2
18 87 10 7
18 89 7 5
18 91 10 3
18 92 6 4
18 93 3 2
18 94 7 9
18 96 4 9
18 97 3 6
18 98 8 2
18 99 8 7
18 100 7 4
19 20 3 4
19 22 10 5
19 23 7 4
19 25 10 1
19 27 4 4
19 28 10 7
19 29 5 3
19 30 9 2
19 31 7 5
19 32 5 5
19 33 6 6
19 34 1 6
19 36 8 4
19 37 2 9
19 38 4 4
19 39 2 7
19 40 2 4
19 41 8 8
19 43 9 4
19 44 8 8
19 45 6 5
19 46 4 9
19 47 5 10
19 48 4 2
19 51 6 8
19 53 4 10
19 54 1 3
19 55 2 4
19 56 2 10
19 59 5 7
19 60 9 1
19 61 7 8
19 62 9 1
19 63 4 5
19 64 4 1
19 65 3 10
19 66 3 5
19 68 8 2
19 69 6 10
19 71 4 2
19 72 2 1
19 73 5 9
19 74 3 9
19 75 1 3
19 77 4 1
19 79 6 7
19 80 5 6
19 81 10 5
19 83 10 9
19 85 3 1
19 86 5 4
19 87 5 5
19 88 5 1
19 89 10 4
19 90 8 6
19 91 5 6
19 92 6 5
19 93 4 5
19 94 10 9
19 95 1 5
19 96 8 6
19 97 7 8
19 98 5 10
19 99 10 6
19 100 7 8
20 21 9 10
20 22 5 3
20 23 6 10
20 24 3 1
20 25 5 10
20 26 8 8
20 27 2 10
20 28 9 3
20 29 5 5
20 30 3 6
20 31 10 2
20 32 9 4
20 33 8 6
20 34 2 3
20 35 1 2
20 36 1 6
20 38 8 4
20 40 10 10
20 41 5 8
20 42 2 5
20 44 7 1
20 45 1 7
20 49 3 4
20 50 1 8
20 51 9 1
20 54 6 2
20 55 7 5
20 56 5 9
20 57 4 8
20 58 10 2
20 60 3 1
20 63 7 8
20 64 6 5
20 66 10 5
20 69 2 6
20 70 2 7
20 71 5 4
20 73 9 3
20 75 9 9
20 76 1 6
20 77 7 5
20 78 6 5
20 79 3 10
20 80 10 5
20 81 3 1
20 82 6 5
20 83 6 7
20 84 3 2
20 85 1 1
20 87 10 8
20 88 1 5
20 89 5 9
20 90 6 5
20 91 1 3
20 92 10 5
20 93 5 8
20 95 4 4
20 96 8 1
20 97 4 9
20 98 10 9
20 99 9 3
20 100 1 6
21 22 2 4
21 23 7 2
21 24 3 1
21 25 2 9
21 26 8 2
21 27 10 7
21 28 5 9
21 29 3 3
21 31 1 1
21 33 2 3
21 34 3 8
21 35 2 4
21 36 7 3
21 37 9 2
21 38 5 1
21 39 2 4
21 40 2 3
21 41 7 5
21 43 10 10
21 44 10 4
21 45 1 10
21 46 9 9
21 47 7 7
21 48 4 3
21 49 9 6
21 50 1 7
21 51 3 9
21 52 1 3
21 53 10 2
21 55 1 3
21 56 3 7
21 57 6 8
21 58 7 1
21 59 10 1
21 60 10 3
21 61 5 8
21 62 6 10
21 63 10 2
21 65 2 9
21 66 1 9
21 67 3 10
21 68 8 1
21 69 8 9
21 70 7 2
21 71 8 10
21 72 10 2
21 73 5 3
21 74 7 6
21 75 10 8
21 76 7 6
21 77 7 10
21 80 2 10
21 81 2 6
21 82 8 7
21 83 5 10
21 85 1 10
21 86 7 7
21 87 3 3
21 89 9 6
21 90 6 5
21 91 4 8
21 93 6 8
21 94 7 1
21 95 4 4
21 96 7 8
21 97 7 9
21 98 7 4
21 99 9 8
21 100 2 10
22 23 2 2
22 24 5 10
22 25 5 4
22 28 2 9
22 29 9 10
22 30 4 2
22 31 9 7
22 32 1 8
22 33 3 1
22 34 5 3
22 35 8 7
22 36 4 8
22 37 2 3
22 38 6 1
22 40 4 5
22 41 8 7
22 43 1 5
22 44 3 4
22 45 5 10
22 46 7 1
22 47 9 8
22 48 5 2
22 51 2 2
22 53 8 5
22 54 4 4
22 55 10 2
22 56 10 4
22 57 2 2
22 58 10 2
22 59 1 3
22 60 6 2
22 61 5 6
22 63 1 7
22 65 5 2
22 67 9 5
22 68 1 3
22 69 6 2
22 70 6 10
22 71 2 10
22 73 7 10
22 74 7 9
22 75 2 7
22 76 2 3
22 77 2 5
22 83 5 2
22 84 10 3
22 85 9 8
22 86 4 1
22 87 8 9
22 88 8 3
22 89 4 3
22 92 10 6
22 93 8 3
22 95 7 5
22 97 10 9
22 98 3 10
22 100 6 9
23 24 3 4
23 25 7 6
23 26 10 9
23 27 5 2
23 28 2 8
23 29 1 3
23 30 10 5
23 32 3 9
23 33 8 2
23 34 4 10
23 35 5 4
23 37 4 1
23 40 10 2
23 42 3 2
23 43 8 7
23 44 3 8
23 45 6 5
23 46 10 10
23 47 2 8
23 48 5 8
23 49 9 3
23 51 9 2
23 52 1 2
23 54 2 9
23 55 5 1
23 56 5 10
23 57 2 7
23 58 9 6
23 59 6 4
23 60 2 9
23 61 9 9
23 62 4 6
23 63 2 3
23 64 1 2
23 67 10 1
23 68 7 2
23 69 4 1
23 71 5 1
23 72 10 5
23 73 4 6
23 74 7 6
23 75 10 7
23 76 9 2
23 77 10 2
23 78 10 4
23 79 4 6
23 81 9 4
23 82 9 4
23 83 2 6
23 84 9 4
23 86 10 2
23 87 10 7
23 88 6 9
23 89 5 4
23 90 6 7
23 91 8 6
23 94 2 6
23 95 7 4
23 96 1 1
23 97 3 9
24 25 4 1
24 26 1 1
24 28 8 4
24 29 7 2
24 30 1 10
24 31 1 1
24 32 4 8
24 33 9 1
24 34 9 4
24 35 10 3
24 36 8 3
24 37 7 10
24 38 10 1
24 39 9 8
24 40 2 8
24 41 3 4
24 43 10 3
24 44 4 7
24 45 6 6
24 46 7 2
24 48 6 9
24 49 2 5
24 50 5 9
24 51 3 6
24 52 4 2
24 53 3 4
24 54 7 8
24 55 1 9
24 57 9 3
24 58 10 6
24 59 3 7
24 60 4 2
24 61 8 1
24 62 5 1
24 63 10 3
24 65 4 5
24 66 8 1
24 68 5 4
24 69 10 3
24 71 1 4
24 72 2 8
24 74 10 1
24 75 4 6
24 78 1 3
24 80 7 7
24 82 8 6
24 83 8 2
24 84 9 3
24 86 9 2
24 88 8 4
24 89 8 6
24 90 2 7
24 91 3 6
24 92 8 5
24 94 1 8
24 95 10 4
24 96 10 10
24 98 4 10
24 99 6 3
24 100 4 4
25 26 7 5
25 28 4 1
25 29 10 9
25 32 1 4
25 33 10 1
25 34 10 8
25 35 7 6
25 36 10 10
25 37 9 8
25 39 5 9
25 40 10 3
25 43 5 1
25 44 3 5
25 45 9 10
25 46 7 5
25 47 2 10
25 48 9 10
25 49 5 10
25 51 7 1
25 52 9 4
25 53 8 1
25 54 1 1
25 55 1 4
25 57 5 10
25 59 3 9
25 60 3 2
25 61 4 1
25 62 8 2
25 63 6 1
25 65 1 5
25 66 1 7
25 68 1 1
25 69 8 9
25 70 4 7
25 72 2 5
25 74 8 8
25 75 3 8
25 76 2 2
25 78 3 5
25 79 3 2
25 80 1 4
25 81 10 1
25 82 10 9
25 84 3 4
25 85 4 4
25 86 7 9
25 88 9 2
25 89 10 6
25 91 3 7
25 92 9 3
25 93 7 9
25 94 3 6
25 95 10 1
25 97 4 6
25 99 3 4
25 100 4 2
26 27 6 2
26 31 3 5
26 34 4 10
26 35 5 9
26 36 8 7
26 37 9 3
26 38 8 4
26 39 3 7
26 41 4 7
26 43 7 7
26 44 9 10
26 45 5 4
26 48 8 8
26 49 4 3
26 52 4 10
26 53 6 3
26 54 1 4
26 55 10 5
26 56 7 6
26 58 10 4
26 59 3 8
26 60 6 6
26 61 3 10
26 62 4 7
26 63 10 2
26 64 9 2
26 65 8 4
26 66 10 10
26 67 6 4
26 68 7 9
26 69 2 9
26 70 9 8
26 71 1 10
26 72 8 3
26 73 8 1
26 74 10 8
26 75 7 4
26 76 9 5
26 78 9 7
26 79 1 3
26 80 8 5
26 83 5 10
26 86 10 4
26 87 2 10
26 88 9 5
26 89 1 3
26 90 7 7
26 91 2 5
26 92 5 8
26 93 7 2
26 94 5 6
26 95 8 6
26 96 6 5
26 97 6 5
26 98 8 10
26 100 5 2
27 28 10 3
27 29 10 5
27 30 7 2
27 32 5 5
27 33 8 4
27 34 8 9
27 35 6 6
27 36 1 5
27 39 8 4
27 41 3 10
27 42 3 4
27 43 3 2
27 45 5 9
27 46 10 5
27 47 2 10
27 48 9 10
27 49 4 8
27 50 8 8
27 51 4 9
27 52 2 7
27 53 7 1
27 55 7 5
27 57 5 10
27 59 8 9
27 60 3 7
27 61 10 7
27 62 8 5
27 63 3 8
27 64 4 2
27 65 6 9
27 66 4 8
27 67 6 7
27 68 1 10
27 69 3 4
27 70 10 7
27 72 2 6
27 73 3 2
27 74 1 4
27 75 10 9
27 76 2 6
27 77 9 8
27 78 7 5
27 79 9 5
27 80 6 6
27 81 7 2
27 82 2 7
27 83 1 9
27 84 8 3
27 85 9 1
27 88 10 6
27 89 1 9
27 90 6 2
27 91 10 9
27 92 4 10
27 93 5 7
27 94 9 6
27 95 8 4
27 96 6 8
27 97 5 1
27 98 7 8
27 99 2 6
27 100 8 6
28 29 1 8
28 31 10 5
28 33 6 3
28 34 4 3
28 35 1 8
28 38 7 2
28 40 2 10
28 41 2 5
28 42 8 5
28 43 3 10
28 44 6 4
28 45 8 4
28 46 5 2
28 47 2 2
28 49 7 10
28 50 4 2
28 51 2 7
28 52 8 1
28 53 5 10
28 55 4 1
28 56 1 5
28 57 10 5
28 58 5 8
28 59 6 3
28 60 3 7
28 61 3 2
28 62 4 2
28 63 4 6
28 64 5 3
28 65 2 4
28 66 5 9
28 69 9 10
28 70 9 1
28 71 8 8
28 72 3 5
28 74 10 8
28 75 2 7
28 76 3 5
28 77 7 1
28 78 6 2
28 79 1 2
28 80 3 2
28 81 5 8
28 82 1 6
28 83 4 4
28 85 8 8
28 86 3 10
28 87 3 6
28 88 9 8
28 89 10 9
28 90 7 5
28 91 3 4
28 92 1 8
28 93 6 3
28 94 3 5
28 95 6 3
28 96 2 2
28 97 9 7
28 98 8 10
28 99 4 2
28 100 9 1
29 31 6 2
29 32 10 5
29 33 3 7
29 35 4 4
29 36 8 7
29 37 10 4
29 39 4 6
29 41 7 6
29 42 7 7
29 45 3 9
29 46 7 6
29 47 9 7
29 48 7 10
29 51 2 5
29 52 6 1
29 54 2 8
29 55 3 1
29 56 1 6
29 57 6 8
29 58 2 5
29 59 9 9
29 60 6 3
29 61 1 4
29 62 10 5
29 63 5 2
29 64 9 2
29 65 10 6
29 66 10 1
29 69 4 3
29 71 6 5
29 72 8 2
29 74 2 10
29 75 3 2
29 76 6 10
29 77 10 4
29 81 4 5
29 82 2 9
29 84 3 10
29 85 4 3
29 87 8 10
29 88 5 1
29 89 9 7
29 90 4 3
29 91 5 4
29 93 10 4
29 94 6 8
29 95 1 1
29 96 1 3
29 97 1 8
29 98 4 7
29 99 9 6
29 100 6 2
30 31 3 4
30 32 8 8
30 33 5 10
30 34 5 3
30 36 5 6
30 37 4 6
30 38 6 2
30 39 6 10
30 40 4 10
30 42 9 4
30 43 2 6
30 44 4 8
30 45 3 5
30 46 4 8
30 47 7 9
30 49 10 6
30 50 3 2
30 51 5 2
30 52 10 2
30 53 2 2
30 54 9 8
30 56 1 7
30 57 8 10
30 58 9 1
30 62 5 8
30 63 8 2
30 65 8 4
30 66 5 3
30 68 3 3
30 70 5 9
30 71 1 7
30 72 7 4
30 73 8 3
30 74 4 1
30 75 3 6
30 77 3 9
30 79 1 8
30 81 2 2
30 82 3 6
30 84 2 7
30 88 5 6
30 89 4 8
30 90 2 6
30 91 2 6
30 92 10 9
30 93 5 2
30 94 7 8
30 95 2 8
30 96 10 6
30 97 9 9
30 98 9 4
30 99 10 7
30 100 1 7
31 32 10 7
31 33 2 6
31 34 1 6
31 35 3 6
31 36 7 2
31 37 10 3
31 38 7 6
31 39 10 3
31 40 3 2
31 41 5 3
31 42 7 4
31 43 3 10
31 44 5 4
31 46 6 9
31 47 8 4
31 48 6 1
31 49 7 2
31 51 3 4
31 52 9 1
31 53 5 2
31 55 8 8
31 56 10 2
31 58 8 7
31 59 10 2
31 60 5 6
31 61 9 10
31 63 7 4
31 64 6 8
31 65 9 10
31 67 6 4
31 68 7 9
31 69 7 5
31 71 1 4
31 72 8 6
31 73 10 6
31 74 3 5
31 75 5 3
31 76 5 8
31 77 3 3
31 79 2 7
31 80 10 10
31 81 4 6
31 82 2 5
31 83 8 1
31 84 6 2
31 86 2 8
31 87 7 6
31 88 9 8
31 89 4 5
31 90 5 10
31 91 5 3
31 93 6 6
31 94 8 8
31 95 9 2
31 96 5 7
31 97 8 3
31 99 3 6
31 100 7 6
32 33 5 6
32 36 10 9
32 39 9 8
32 40 8 6
32 41 4 9
32 42 3 6
32 43 8 8
32 44 4 5
32 45 7 5
32 46 2 1
32 47 1 1
32 48 2 1
32 49 4 8
32 50 3 5
32 52 2 2
32 53 1 8
32 54 3 3
32 56 8 3
32 57 3 3
32 58 8 10
32 60 3 4
32 61 4 7
32 62 7 7
32 63 8 2
32 64 6 10
32 65 5 1
32 66 3 7
32 67 7 6
32 68 7 8
32 69 4 10
32 71 4 5
32 73 4 7
32 74 1 2
32 75 9 7
32 76 4 8
32 77 2 7
32 78 1 3
32 79 5 2
32 80 9 6
32 82 6 2
32 83 7 3
32 84 3 4
32 85 10 10
32 90 4 4
32 91 9 3
32 93 7 1
32 94 9 8
32 95 3 4
32 96 6 3
32 97 1 1
32 98 7 4
32 100 4 10
33 34 2 7
33 35 8 4
33 36 7 8
33 37 5 8
33 38 1 9
33 39 10 9
33 40 4 5
33 41 3 8
33 42 6 10
33 43 2 1
33 44 9 3
33 45 1 4
33 46 8 9
33 47 1 7
33 48 6 2
33 49 8 10
33 50 8 1
33 51 6 9
33 52 8 5
33 53 6 6
33 54 5 2
33 55 1 5
33 56 5 3
33 59 7 9
33 60 4 4
33 61 2 6
33 62 3 4
33 65 4 3
33 66 9 6
33 67 2 5
33 68 4 6
33 69 2 6
33 70 2 1
33 72 2 7
33 73 10 6
33 74 4 10
33 75 4 6
33 76 2 6
33 77 6 5
33 79 4 10
33 80 5 9
33 82 9 6
33 83 2 6
33 84 9 1
33 85 6 7
33 86 7 4
33 88 8 9
33 89 10 5
33 90 5 2
33 91 4 1
33 92 7 1
33 93 3 3
33 94 9 7
33 95 6 5
33 97 5 3
33 98 4 7
34 35 6 3
34 37 6 9
34 38 10 5
34 39 1 3
34 40 10 1
34 42 9 1
34 43 3 10
34 44 3 5
34 45 2 8
34 48 6 4
34 49 6 4
34 50 4 4
34 51 10 2
34 52 3 10
34 53 2 2
34 54 9 4
34 55 10 7
34 56 3 9
34 57 1 3
34 58 5 3
34 59 10 5
34 60 10 3
34 61 9 8
34 62 7 5
34 64 3 1
34 66 9 3
34 70 6 8
34 72 10 7
34 73 8 1
34 74 9 5
34 76 2 9
34 77 7 8
34 78 4 5
34 79 5 1
34 80 6 7
34 81 2 7
34 82 7 2
34 84 1 2
34 86 8 9
34 87 5 9
34 88 4 5
34 89 3 9
34 90 9 7
34 91 5 4
34 92 5 2
34 93 5 6
34 94 4 2
34 96 7 10
34 97 7 8
34 98 8 7
34 99 3 3
34 100 2 5
35 36 8 7
35 37 3 9
35 40 8 9
35 41 8 6
35 43 3 8
35 45 5 7
35 46 1 4
35 47 10 5
35 48 6 8
35 49 8 4
35 50 2 10
35 51 9 8
35 52 3 2
35 53 7 1
35 54 4 2
35 55 3 4
35 57 3 5
35 58 9 3
35 61 6 7
35 62 3 5
35 63 8 10
35 64 4 10
35 65 5 10
35 67 7 1
35 68 4 3
35 70 4 5
35 71 3 10
35 72 10 8
35 74 9 1
35 76 7 9
35 77 8 7
35 78 2 3
35 80 3 10
35 81 1 9
35 83 3 10
35 85 9 2
35 87 10 8
35 88 3 4
35 91 6 7
35 92 6 2
35 93 8 4
35 94 4 6
35 95 8 7
35 96 9 4
35 98 2 3
35 99 4 7
36 37 10 3
36 38 6 5
36 39 2 2
36 40 7 1
36 42 4 2
36 44 8 10
36 45 8 6
36 48 9 4
36 49 10 2
36 51 5 3
36 52 9 1
36 53 6 9
36 55 2 1
36 56 2 9
36 57 9 3
36 58 2 2
36 60 6 6
36 61 7 8
36 62 4 3
36 63 3 3
36 64 7 5
36 66 1 10
36 67 3 3
36 68 4 4
36 69 9 2
36 70 1 4
36 71 10 3
36 73 8 10
36 74 3 10
36 75 8 8
36 76 3 4
36 77 6 9
36 78 7 7
36 79 2 9
36 80 5 4
36 81 2 6
36 82 8 10
36 85 8 3
36 87 9 7
36 88 2 6
36 89 9 7
36 90 5 9
36 91 9 4
36 93 8 5
36 95 4 6
36 96 7 9
36 98 7 4
36 99 8 8
37 38 1 3
37 39 3 1
37 40 7 1
37 41 3 1
37 42 9 1
37 43 8 10
37 44 9 8
37 46 6 3
37 47 3 4
37 48 8 7
37 49 8 1
37 50 9 1
37 52 2 8
37 53 8 5
37 54 10 1
37 55 8 6
37 56 8 6
37 57 8 4
37 58 10 8
37 59 1 2
37 60 9 10
37 62 8 9
37 63 5 5
37 64 7 5
37 65 3 9
37 66 6 9
37 67 8 2
37 71 8 7
37 72 4 7
37 74 7 7
37 76 4 2
37 77 8 7
37 78 4 8
37 80 2 4
37 81 1 4
37 83 8 8
37 84 7 4
37 85 9 2
37 86 4 1
37 87 1 8
37 88 1 8
37 89 3 10
37 90 7 1
37 91 2 5
37 92 1 3
37 93 4 5
37 94 1 6
37 95 2 3
37 96 7 2
37 97 5 1
37 98 3 2
37 99 10 9
37 100 6 3
38 39 1 9
38 40 8 9
38 41 6 4
38 42 10 4
38 43 1 2
38 44 3 2
38 45 10 2
38 46 2 6
38 47 4 9
38 48 7 9
38 49 4 9
38 50 9 2
38 51 8 9
38 52 2 2
38 56 4 3
38 57 3 10
38 58 9 9
38 59 1 3
38 60 2 2
38 61 6 9
38 62 4 1
38 63 6 2
38 64 1 1
38 66 3 3
38 67 2 10
38 68 3 3
38 71 3 5
38 72 7 2
38 75 3 4
38 76 3 5
38 77 2 4
38 78 4 8
38 79 6 1
38 81 4 5
38 83 3 3
38 84 2 6
38 85 3 8
38 86 4 5
38 87 2 2
38 88 5 3
38 89 8 4
38 90 5 2
38 92 4 1
38 93 5 4
38 94 8 3
38 96 1 3
38 97 7 4
38 98 7 9
39 40 7 4
39 42 3 9
39 43 8 10
39 44 1 1
39 45 10 2
39 47 5 8
39 48 7 10
39 49 3 3
39 50 6 10
39 51 7 2
39 52 8 10
39 53 8 7
39 54 5 3
39 56 9 9
39 60 10 8
39 62 9 7
39 65 10 1
39 66 6 1
39 67 8 7
39 68 6 2
39 69 9 2
39 70 10 4
39 71 2 10
39 72 4 8
39 73 9 9
39 76 9 3
39 77 2 7
39 78 3 7
39 79 1 9
39 82 3 2
39 83 2 2
39 84 9 8
39 85 3 4
39 86 4 7
39 87 7 4
39 88 2 7
39 90 10 2
39 91 3 4
39 92 5 4
39 93 5 7
39 95 9 10
39 97 1 2
39 98 7 7
39 99 4 8
39 100 5 3
40 41 7 4
40 42 3 10
40 43 8 9
40 44 3 9
40 45 8 3
40 46 3 5
40 47 4 10
40 48 6 9
40 49 4 6
40 50 9 1
40 52 8 4
40 53 4 6
40 54 8 4
40 55 3 10
40 56 3 10
40 57 10 5
40 58 4 7
40 59 8 2
40 63 3 7
40 64 6 7
40 65 4 9
40 66 5 4
40 67 10 6
40 69 6 10
40 70 8 4
40 71 6 6
40 72 2 6
40 73 3 2
40 74 8 1
40 75 3 3
40 76 5 3
40 77 5 3
40 79 8 8
40 80 7 8
40 81 9 9
40 82 4 5
40 83 2 7
40 84 7 9
40 85 9 4
40 86 1 10
40 87 8 4
40 88 4 3
40 89 1 4
40 90 4 4
40 92 4 5
40 93 5 8
40 94 9 5
40 95 2 8
40 96 10 6
40 97 9 7
40 99 10 10
40 100 9 1
41 42 1 2
41 43 6 2
41 44 8 2
41 45 1 6
41 46 1 8
41 48 7 5
41 49 2 5
41 50 2 7
41 51 5 5
41 52 10 4
41 53 3 4
41 54 3 10
41 55 4 1
41 57 2 9
41 58 2 7
41 59 10 5
41 60 2 2
41 63 9 6
41 64 5 1
41 65 4 3
41 66 3 3
41 67 6 1
41 68 4 7
41 69 4 4
41 70 8 9
41 71 7 9
41 73 10 6
41 74 2 2
41 76 4 9
41 77 1 7
41 78 7 1
41 79 8 6
41 80 4 8
41 82 5 6
41 84 5 9
41 85 5 9
41 86 7 8
41 87 8 7
41 88 10 2
41 89 5 9
41 90 2 3
41 91 1 9
41 92 6 9
41 93 8 7
41 94 7 3
41 95 7 9
41 96 2 1
41 97 3 6
41 98 1 8
41 99 7 9
41 100 1 4
42 44 2 7
42 45 3 1
42 46 3 2
42 47 2 4
42 49 1 1
42 51 10 5
42 52 5 8
42 53 3 5
42 55 2 10
42 56 3 5
42 57 9 2
42 58 8 6
42 59 3 5
42 60 5 5
42 61 6 3
42 62 5 5
42 65 3 3
42 66 5 5
42 67 7 7
42 68 9 5
42 69 7 7
42 70 4 1
42 72 7 10
42 73 8 6
42 74 2 2
42 76 9 7
42 80 3 6
42 81 6 6
42 82 3 1
42 83 5 6
42 85 5 5
42 86 5 10
42 88 8 2
42 90 8 4
42 91 1 1
42 93 6 8
42 94 10 4
42 97 6 8
42 100 5 7
43 44 6 9
43 45 2 2
43 46 1 2
43 47 2 9
43 48 2 9
43 49 1 8
43 50 4 2
43 51 2 2
43 52 10 9
43 53 3 5
43 55 9 6
43 58 4 10
43 59 4 8
43 60 5 2
43 61 6 10
43 62 4 3
43 63 3 10
43 64 10 1
43 66 10 9
43 67 7 2
43 68 3 2
43 69 7 4
43 70 5 7
43 71 9 7
43 72 7 1
43 74 10 6
43 75 8 3
43 76 10 7
43 77 6 7
43 78 1 3
43 79 8 7
43 80 4 1
43 81 3 6
43 82 1 6
43 83 2 8
43 84 3 2
43 85 7 4
43 86 9 1
43 87 8 8
43 88 6 2
43 90 7 6
43 91 7 5
43 92 6 8
43 93 3 2
43 94 7 5
43 96 6 4
43 97 3 10
43 98 7 3
44 45 6 5
44 47 2 9
44 48 4 6
44 49 10 1
44 50 6 8
44 52 9 8
44 53 5 3
44 54 6 5
44 55 1 2
44 57 1 1
44 58 6 5
44 59 7 9
44 60 7 5
44 63 2 4
44 64 5 8
44 65 6 10
44 66 2 4
44 68 1 10
44 69 3 9
44 70 7 9
44 71 4 8
44 72 7 5
44 73 5 7
44 74 6 1
44 75 5 9
44 76 4 7
44 77 5 1
44 78 10 10
44 79 6 3
44 80 5 9
44 82 5 3
44 83 7 9
44 84 7 10
44 85 6 5
44 86 5 4
44 87 4 10
44 88 2 9
44 90 1 1
44 91 1 3
44 93 7 10
44 94 3 9
44 95 10 4
44 96 4 4
44 97 9 8
44 98 9 3
44 99 6 1
44 100 9 1
45 47 3 5
45 48 4 5
45 50 3 5
45 51 7 5
45 52 9 4
45 53 9 7
45 55 4 9
45 56 10 5
45 57 4 3
45 58 8 3
45 59 9 4
45 60 10 4
45 62 1 2
45 63 8 2
45 64 9 6
45 65 5 2
45 66 9 4
45 67 1 8
45 68 8 10
45 70 10 8
45 71 6 8
45 72 8 8
45 73 2 1
45 74 6 4
45 75 6 10
45 76 9 9
45 77 3 8
45 79 2 8
45 80 4 10
45 81 9 6
45 82 3 6
45 83 6 3
45 84 4 7
45 85 7 2
45 86 7 9
45 87 7 5
45 88 1 5
45 89 4 6
45 90 3 1
45 91 9 7
45 92 6 3
45 94 5 4
45 96 2 8
45 98 6 3
45 99 6 8
45 100 9 4
46 47 9 6
46 49 5 8
46 50 6 6
46 52 6 2
46 53 5 2
46 54 7 10
46 55 1 3
46 56 2 3
46 57 3 6
46 58 1 9
46 59 2 6
46 61 7 6
46 62 10 4
46 63 4 8
46 65 10 8
46 67 5 3
46 68 10 9
46 69 9 2
46 71 2 10
46 72 9 4
46 73 3 6
46 74 2 5
46 75 4 2
46 76 7 8
46 77 6 7
46 78 1 3
46 79 2 2
46 80 9 4
46 81 6 6
46 82 4 2
46 83 5 6
46 85 6 1
46 86 10 1
46 87 10 2
46 88 9 3
46 91 4 6
46 93 2 9
46 96 7 10
46 97 2 7
46 98 1 9
46 100 9 1
47 48 7 8
47 52 10 4
47 53 4 3
47 54 10 1
47 55 9 1
47 56 3 5
47 58 8 4
47 59 4 2
47 60 5 7
47 62 6 2
47 64 8 5
47 66 4 2
47 67 2 10
47 68 6 6
47 70 4 8
47 71 4 4
47 72 3 2
47 74 7 1
47 75 10 3
47 76 5 3
47 78 6 5
47 79 7 3
47 80 6 8
47 81 6 2
47 82 2 8
47 83 4 9
47 84 8 1
47 85 8 5
47 87 5 4
47 88 1 4
47 89 6 10
47 90 10 6
47 91 5 9
47 92 6 2
47 93 8 1
47 94 2 8
47 95 9 5
47 96 8 2
47 97 8 9
47 98 7 5
47 99 10 8
47 100 7 9
48 49 9 2
48 50 2 1
48 52 10 1
48 53 6 2
48 54 9 2
48 55 2 7
48 56 10 8
48 57 7 6
48 59 10 9
48 60 6 3
48 61 4 6
48 63 3 6
48 64 8 9
48 65 2 2
48 67 1 3
48 68 10 6
48 70 1 9
48 72 1 8
48 73 1 6
48 75 8 10
48 76 6 3
48 77 9 1
48 79 7 2
48 80 6 2
48 82 1 8
48 83 7 4
48 84 7 3
48 85 3 2
48 86 4 5
48 88 3 2
48 89 8 10
48 90 8 4
48 91 4 5
48 92 9 1
48 94 6 2
48 95 8 8
48 96 7 4
48 97 1 2
48 98 1 8
48 100 1 6
49 51 7 10
49 52 5 5
49 53 3 10
49 54 4 2
49 56 4 2
49 57 9 9
49 58 10 4
49 59 7 5
49 60 10 8
49 61 8 5
49 62 10 6
49 63 4 8
49 64 9 1
49 66 2 8
49 67 5 7
49 68 6 8
49 69 3 9
49 71 4 1
49 72 5 8
49 73 7 5
49 74 7 6
49 77 1 3
49 78 3 4
49 80 1 9
49 81 7 8
49 82 5 9
49 83 10 4
49 84 4 5
49 85 1 8
49 86 9 5
49 87 2 8
49 88 5 6
49 90 6 5
49 91 6 8
49 93 7 9
49 95 2 9
49 96 9 9
49 98 4 1
49 99 2 6
49 100 9 3
50 51 2 3
50 52 6 8
50 53 1 9
50 54 9 2
50 55 6 9
50 56 8 3
50 57 6 8
50 58 9 2
50 59 2 5
50 60 4 4
50 61 3 8
50 62 10 3
50 63 3 4
50 64 3 5
50 65 9 4
50 67 2 1
50 68 8 2
50 69 5 10
50 71 7 10
50 72 1 5
50 73 3 1
50 74 7 3
50 75 4 2
50 77 7 7
50 78 8 1
50 79 4 6
50 80 9 7
50 81 9 10
50 82 9 9
50 83 7 3
50 84 3 5
50 86 2 7
50 87 2 10
50 89 7 8
50 90 1 7
50 91 9 9
50 92 5 5
50 93 8 1
50 94 8 2
50 95 7 3
50 96 9 7
50 97 1 7
50 100 9 1
51 52 1 3
51 53 10 4
51 54 8 2
51 55 9 8
51 56 3 5
51 57 3 7
51 60 3 7
51 61 2 6
51 62 6 7
51 64 4 1
51 65 7 2
51 66 10 7
51 67 9 5
51 68 4 4
51 70 8 4
51 71 1 2
51 72 6 7
51 73 7 8
51 74 2 4
51 75 1 6
51 76 4 10
51 77 10 4
51 78 7 9
51 79 10 8
51 82 2 5
51 83 3 3
51 84 7 4
51 85 6 7
51 86 2 3
51 87 10 4
51 88 4 6
51 89 4 10
51 90 10 6
51 91 4 4
51 92 2 10
51 93 8 1
51 94 7 4
51 95 9 6
51 96 2 6
51 97 3 3
51 98 8 10
51 99 5 2
51 100 7 7
52 53 2 9
52 54 2 10
52 55 7 1
52 57 5 5
52 58 10 5
52 61 4 2
52 62 2 4
52 63 5 7
52 64 8 7
52 65 5 8
52 66 9 10
52 67 2 5
52 68 4 9
52 69 6 2
52 70 10 9
52 71 1 9
52 72 2 6
52 73 9 7
52 74 5 2
52 75 5 9
52 76 5 6
52 77 6 3
52 78 9 3
52 79 5 5
52 80 8 8
52 82 4 3
52 83 2 7
52 84 8 6
52 85 7 4
52 88 4 4
52 89 6 5
52 90 8 3
52 91 9 7
52 92 3 1
52 94 9 8
52 95 2 4
52 96 2 4
52 97 5 6
52 98 8 5
52 100 10 4
53 54 8 1
53 55 1 10
53 56 5 2
53 57 8 1
53 59 3 5
53 60 9 9
53 61 5 2
53 62 2 8
53 63 8 2
53 64 7 6
53 65 3 3
53 66 3 6
53 67 2 7
53 68 1 4
53 69 10 2
53 71 4 8
53 72 7 10
53 73 3 3
53 75 7 9
53 76 6 9
53 78 2 8
53 79 1 2
53 80 3 10
53 82 7 2
53 83 2 1
53 84 2 3
53 85 5 6
53 86 7 5
53 87 7 4
53 88 2 7
53 89 9 2
53 90 1 7
53 91 4 6
53 92 8 7
53 93 9 5
53 94 3 5
53 96 4 2
53 97 5 5
53 98 8 3
53 100 3 3
54 55 6 7
54 56 9 10
54 57 7 4
54 59 6 6
54 60 6 8
54 61 5 3
54 62 4 5
54 63 2 3
54 64 1 5
54 65 2 8
54 66 3 9
54 67 9 5
54 68 1 2
54 69 5 9
54 70 6 1
54 71 9 3
54 72 7 7
54 73 5 8
54 74 1 2
54 77 6 7
54 80 7 4
54 81 8 10
54 83 6 4
54 84 2 7
54 85 4 6
54 86 6 5
54 87 8 9
54 90 5 6
54 91 5 2
54 92 1 6
54 94 6 2
54 95 8 4
54 97 9 7
54 98 3 6
54 99 1 10
54 100 10 7
55 56 5 10
55 58 4 1
55 59 9 1
55 60 10 10
55 61 3 7
55 62 4 6
55 64 1 10
55 65 1 4
55 66 10 8
55 67 8 3
55 68 8 2
55 69 1 10
55 71 5 9
55 72 1 8
55 75 1 5
55 76 1 10
55 78 10 10
55 79 8 4
55 80 6 9
55 81 4 4
55 82 7 9
55 84 10 9
55 85 7 6
55 86 6 1
55 88 2 7
55 89 8 7
55 91 6 9
55 92 2 2
55 93 3 10
55 95 6 4
55 96 10 10
55 97 6 5
55 98 9 3
55 100 1 5
56 57 9 5
56 58 1 1
56 59 4 2
56 60 4 9
56 61 1 3
56 62 2 4
56 64 4 9
56 65 8 10
56 67 5 10
56 70 1 7
56 71 4 10
56 72 6 10
56 73 5 5
56 74 7 3
56 75 6 5
56 76 8 9
56 77 9 2
56 78 10 2
56 79 3 6
56 80 3 1
56 81 5 8
56 82 5 1
56 83 8 2
56 85 6 5
56 87 5 8
56 88 8 5
56 90 1 10
56 91 9 9
56 92 5 5
56 93 3 6
56 94 3 3
56 96 3 10
56 97 7 8
56 99 1 2
56 100 4 6
57 60 7 5
57 61 3 4
57 62 9 5
57 63 10 6
57 64 4 9
57 68 9 1
57 69 4 3
57 70 5 9
57 72 4 10
57 73 2 1
57 74 1 5
57 75 1 5
57 76 7 1
57 79 6 1
57 81 4 2
57 82 8 9
57 84 5 7
57 86 5 4
57 87 10 7
57 88 9 6
57 89 1 1
57 90 6 3
57 91 7 3
57 93 4 1
57 94 7 3
57 96 10 4
57 97 8 3
57 98 2 1
57 99 2 5
57 100 6 6
58 59 7 5
58 61 9 1
58 62 7 6
58 63 7 9
58 64 3 1
58 65 1 8
58 66 10 3
58 68 1 5
58 70 5 4
58 71 10 10
58 72 3 7
58 73 9 9
58 74 2 7
58 75 6 5
58 80 2 8
58 81 10 3
58 82 7 2
58 83 2 2
58 84 9 3
58 85 10 1
58 88 1 5
58 89 2 6
58 90 3 6
58 91 9 1
58 92 4 6
58 93 10 2
58 94 5 5
58 95 4 8
58 96 4 7
58 97 9 1
58 100 3 2
59 61 7 5
59 62 1 2
59 63 1 2
59 64 9 2
59 65 4 9
59 67 1 9
59 68 3 4
59 69 4 8
59 72 2 3
59 73 5 1
59 75 5 7
59 76 2 8
59 78 4 6
59 80 2 2
59 82 2 7
59 83 2 6
59 84 4 1
59 85 8 5
59 87 10 9
59 88 2 5
59 89 1 9
59 90 9 2
59 91 1 5
59 92 1 7
59 93 4 4
59 94 6 4
59 95 4 1
59 96 1 7
59 98 9 4
59 99 2 7
59 100 1 7
60 61 1 8
60 62 6 7
60 63 6 1
60 64 8 6
60 66 7 9
60 67 3 8
60 68 6 4
60 69 10 9
60 70 7 10
60 71 2 9
60 72 4 7
60 73 10 1
60 74 8 6
60 75 3 8
60 76 8 8
60 77 7 9
60 78 3 1
60 79 8 4
60 81 10 4
60 84 4 2
60 85 10 8
60 86 7 9
60 89 3 5
60 90 5 4
60 91 5 10
60 92 10 4
60 93 4 3
60 97 2 4
60 98 8 6
60 99 1 3
60 100 6 8
61 62 9 9
61 63 2 10
61 64 6 4
61 65 1 1
61 66 4 1
61 67 4 3
61 69 8 1
61 70 7 10
61 71 4 10
61 72 6 9
61 73 1 7
61 74 4 6
61 75 2 8
61 77 9 9
61 80 2 2
61 81 8 4
61 82 7 8
61 83 1 3
61 85 2 5
61 86 6 9
61 87 8 4
61 88 2 9
61 89 4 6
61 90 7 6
61 91 1 1
61 92 9 2
61 93 6 1
61 94 2 7
61 95 9 4
61 96 8 4
61 97 10 4
61 98 6 1
61 99 10 3
61 100 6 10
62 64 8 8
62 65 5 4
62 66 3 5
62 67 5 7
62 69 1 7
62 71 3 8
62 72 4 2
62 73 9 9
62 74 8 10
62 75 9 8
62 76 8 1
62 77 10 6
62 78 8 7
62 79 2 3
62 80 10 2
62 81 6 2
62 82 5 10
62 83 9 6
62 84 1 3
62 85 3 9
62 86 2 9
62 87 10 3
62 89 1 2
62 90 5 4
62 91 6 5
62 92 7 1
62 94 1 2
62 95 4 9
62 96 7 1
62 97 7 1
62 99 9 5
62 100 7 4
63 65 1 10
63 66 7 10
63 67 7 9
63 68 1 2
63 69 5 4
63 70 5 9
63 71 4 6
63 73 7 7
63 74 3 6
63 77 8 10
63 78 9 5
63 79 4 7
63 80 10 10
63 81 7 5
63 82 7 7
63 84 2 6
63 85 4 4
63 87 9 7
63 88 5 3
63 89 2 10
63 90 10 5
63 92 3 5
63 93 3 5
63 94 4 1
63 96 2 9
63 97 3 3
63 98 1 3
63 99 5 9
63 100 8 7
64 65 4 1
64 66 4 6
64 67 9 8
64 68 6 8
64 69 2 1
64 70 9 8
64 71 9 4
64 72 4 2
64 73 6 7
64 74 9 8
64 75 9 4
64 76 5 2
64 77 3 4
64 78 9 5
64 79 6 6
64 80 8 1
64 81 10 7
64 82 3 8
64 83 5 3
64 85 2 2
64 86 9 5
64 87 7 10
64 88 7 3
64 90 8 7
64 91 5 2
64 92 6 4
64 93 4 5
64 94 6 7
64 95 10 9
64 96 5 8
64 97 9 10
64 98 6 4
64 99 9 6
64 100 6 3
65 67 4 10
65 69 9 2
65 70 2 6
65 72 8 7
65 73 5 2
65 75 8 8
65 77 4 2
65 80 6 3
65 81 3 2
65 82 10 4
65 83 9 4
65 85 7 9
65 86 6 7
65 88 7 10
65 89 9 1
65 90 7 6
65 92 5 5
65 93 5 4
65 94 9 2
65 95 1 1
65 96 10 2
65 98 9 4
65 100 1 8
66 69 2 10
66 71 5 10
66 72 1 4
66 73 2 5
66 75 2 8
66 76 5 5
66 77 2 7
66 78 5 1
66 79 9 3
66 80 2 1
66 81 10 9
66 85 6 1
66 87 6 2
66 88 2 8
66 89 7 8
66 90 3 9
66 91 10 9
66 92 10 4
66 93 5 1
66 94 8 3
66 95 9 1
66 97 9 4
66 98 5 8
66 99 8 6
66 100 2 8
67 68 2 10
67 69 4 1
67 70 2 3
67 71 3 2
67 73 2 7
67 74 8 4
67 75 5 6
67 77 3 2
67 78 7 4
67 79 7 6
67 80 3 4
67 81 5 4
67 82 7 7
67 83 7 10
67 84 5 8
67 88 1 3
67 89 10 7
67 90 10 2
67 92 4 3
67 93 4 3
67 94 8 3
67 96 9 2
67 97 4 5
67 98 2 9
67 99 10 4
67 100 1 3
68 70 1 3
68 71 10 8
68 72 8 5
68 73 10 3
68 74 1 5
68 75 2 1
68 78 1 4
68 80 2 8
68 81 7 8
68 82 3 10
68 83 10 3
68 84 1 10
68 85 9 3
68 87 8 7
68 89 3 7
68 90 10 4
68 91 6 6
68 92 5 8
68 93 2 6
68 94 1 2
68 95 6 1
68 96 10 4
68 97 7 7
68 100 9 1
69 70 6 8
69 72 9 10
69 73 5 2
69 74 2 8
69 75 1 5
69 76 10 5
69 77 7 5
69 78 6 1
69 79 6 5
69 81 9 1
69 82 9 1
69 83 2 2
69 84 5 1
69 85 10 1
69 87 7 5
69 88 4 9
69 89 1 3
69 90 4 3
69 91 2 1
69 92 5 3
69 93 4 5
69 94 3 9
69 96 9 8
69 97 6 3
69 98 2 8
69 99 7 10
70 71 3 4
70 74 2 9
70 75 5 9
70 76 3 6
70 77 8 4
70 78 6 1
70 79 6 1
70 80 3 6
70 81 9 5
70 83 4 6
70 84 7 8
70 85 3 5
70 86 2 2
70 88 6 8
70 90 2 5
70 91 8 5
70 92 3 3
70 93 7 7
70 95 8 9
70 96 2 3
70 97 8 1
70 98 2 6
70 100 1 10
71 73 5 2
71 75 6 5
71 76 9 8
71 77 6 5
71 78 3 5
71 79 8 10
71 80 7 5
71 81 10 4
71 82 7 8
71 83 6 9
71 84 9 4
71 85 6 6
71 86 6 2
71 87 6 6
71 88 2 7
71 89 10 9
71 90 10 6
71 91 3 8
71 92 2 4
71 93 7 1
71 95 3 1
71 96 9 5
71 97 1 5
71 99 5 1
71 100 4 7
72 74 4 6
72 75 10 9
72 77 6 4
72 78 1 1
72 80 10 4
72 81 3 1
72 82 8 5
72 83 4 4
72 84 9 9
72 85 2 3
72 86 8 3
72 88 3 6
72 89 7 10
72 94 2 8
72 95 1 10
72 97 2 1
72 98 1 1
72 99 3 5
72 100 3 8
73 74 7 1
73 78 1 5
73 79 6 8
73 80 1 9
73 81 6 7
73 82 9 6
73 83 1 8
73 84 8 2
73 85 10 8
73 86 7 9
73 87 2 7
73 88 6 7
73 89 2 3
73 90 8 3
73 94 9 9
73 95 6 6
73 96 5 7
73 97 2 4
73 98 5 6
73 100 8 9
74 76 8 2
74 78 9 7
74 79 4 10
74 81 6 9
74 82 4 4
74 83 2 9
74 85 4 7
74 87 9 8
74 88 1 6
74 89 1 4
74 90 7 9
74 91 8 5
74 92 1 6
74 93 9 8
74 96 1 9
74 97 7 2
74 98 10 7
74 99 10 1
74 100 2 9
75 76 8 6
75 77 9 10
75 78 1 4
75 79 10 1
75 80 1 5
75 81 5 7
75 82 5 7
75 83 10 3
75 85 4 6
75 86 5 1
75 87 6 4
75 88 9 5
75 89 10 2
75 90 8 10
75 91 2 9
75 92 9 7
75 93 3 1
75 94 4 6
75 95 10 9
75 96 8 10
75 97 2 5
75 98 3 4
75 99 10 9
75 100 4 9
76 77 2 3
76 78 3 9
76 79 3 7
76 80 6 2
76 81 6 5
76 83 3 2
76 84 1 9
76 85 10 4
76 86 1 1
76 88 7 10
76 89 10 3
76 90 4 9
76 91 10 7
76 93 1 9
76 95 9 1
76 97 9 4
76 98 6 3
76 99 5 9
77 78 7 9
77 79 7 8
77 80 3 9
77 82 8 8
77 83 1 7
77 84 2 1
77 85 9 8
77 86 8 3
77 87 7 10
77 88 1 5
77 89 5 4
77 90 2 7
77 91 2 2
77 92 1 2
77 93 7 9
77 94 6 9
77 95 7 4
77 96 8 4
77 97 2 6
77 98 8 4
77 100 9 9
78 79 4 4
78 80 4 5
78 81 4 10
78 82 9 7
78 85 10 2
78 87 5 8
78 88 1 1
78 89 7 9
78 90 3 2
78 92 8 2
78 93 6 7
78 94 6 8
78 95 1 5
78 96 10 9
78 97 5 8
78 100 9 2
79 80 9 3
79 81 9 1
79 82 10 9
79 83 9 5
79 84 5 6
79 85 6 5
79 86 6 4
79 87 9 1
79 88 5 9
79 90 2 2
79 92 8 1
79 93 1 6
79 94 1 9
79 95 7 4
79 96 2 9
79 97 4 6
79 98 6 10
79 100 6 5
80 81 10 3
80 83 5 4
80 85 1 4
80 86 2 3
80 87 9 5
80 88 6 9
80 89 5 1
80 90 7 9
80 91 3 7
80 92 1 3
80 94 10 4
80 95 4 3
80 97 6 10
80 98 7 3
80 99 2 5
80 100 4 9
81 82 4 5
81 83 4 7
81 84 10 4
81 85 4 6
81 87 6 3
81 89 7 9
81 90 5 9
81 91 7 9
81 92 7 4
81 93 1 10
81 94 2 4
81 95 2 4
81 96 8 8
81 97 9 6
81 98 9 6
81 99 9 10
81 100 1 6
82 83 5 8
82 84 10 1
82 85 7 1
82 86 10 7
82 87 5 1
82 88 6 5
82 89 4 2
82 90 3 8
82 91 7 8
82 94 6 10
82 95 2 6
82 96 2 8
82 98 10 6
82 99 9 4
82 100 5 2
83 84 3 9
83 85 4 4
83 86 7 1
83 87 5 3
83 88 8 10
83 89 9 2
83 91 4 7
83 92 9 4
83 93 8 4
83 94 5 2
83 95 7 6
83 96 5 10
83 97 10 8
83 98 7 2
83 100 6 1
84 85 6 9
84 86 8 5
84 87 3 2
84 88 6 6
84 89 1 7
84 91 9 1
84 92 3 7
84 93 9 8
84 94 2 2
84 96 6 9
84 100 8 8
85 86 6 5
85 87 2 10
85 88 4 1
85 89 7 6
85 90 10 5
85 91 2 5
85 92 1 2
85 93 8 3
85 94 3 8
85 95 1 3
85 96 5 4
85 97 7 9
85 99 6 6
85 100 1 9
86 87 5 2
86 89 2 9
86 90 6 7
86 91 4 7
86 92 9 1
86 93 1 5
86 95 3 1
86 96 4 2
86 97 10 7
86 98 5 1
86 99 6 3
86 100 9 4
87 88 3 10
87 89 6 3
87 90 8 6
87 91 3 7
87 92 7 1
87 93 2 2
87 94 5 10
87 95 5 5
87 98 8 6
87 99 3 2
87 100 7 2
88 89 7 7
88 90 4 9
88 92 10 8
88 93 10 10
88 94 8 3
88 95 4 9
88 96 2 2
88 97 6 8
88 98 2 3
88 99 8 5
88 100 6 8
89 90 10 9
89 91 4 4
89 93 10 4
89 94 6 6
89 95 9 9
89 96 9 2
89 97 10 3
89 98 8 7
89 99 3 2
89 100 1 10
90 91 6 8
90 92 2 3
90 93 8 4
90 94 8 6
90 95 10 6
90 96 7 9
90 97 2 1
90 98 3 9
90 99 4 10
90 100 3 10
91 92 8 9
91 93 3 7
91 94 8 5
91 95 2 9
91 96 2 3
91 97 3 9
91 98 2 1
91 99 9 1
91 100 6 10
92 94 10 4
92 95 2 4
92 96 9 10
92 97 1 3
92 98 10 5
92 99 8 4
93 94 1 6
93 95 7 8
93 97 5 8
93 98 10 7
94 95 6 9
94 96 8 8
94 99 5 9
95 96 9 8
95 97 5 10
95 98 5 2
95 99 5 8
95 100 9 10
96 99 4 4
96 100 1 5
97 98 5 3
97 99 3 4
98 99 1 4
98 100 5 5
1
1 2 3 4 5 6 7 8 9 10 11 12 13 14 15 16 17 18 19 20 21 22 23 24 25 26 27 28 29 30 31 32 33 34 35 36 37 38 39 40 41 42 43 44 45 46 47 48 49 50
