3957
1 2 8 8
1 3 9 3
1 5 9 6
1 7 2 5
1 8 5 1
1 9 10 7
1 10 10 10
1 12 6 9
1 14 10 2
1 16 7 5
1 17 10 8
1 18 3 6
1 19 5 6
1 20 8 3
1 21 1 6
1 23 6 4
1 24 6 8
1 25 10 8
1 26 2 3
1 27 2 10
1 28 1 5
1 30 4 3
1 31 7 1
1 33 5 4
1 35 8 9
1 36 10 1
1 37 2 6
1 38 9 3
1 39 3 5
1 40 9 9
1 41 6 7
1 42 6 4
1 43 5 10
1 45 2 10
1 46 7 5
1 47 8 10
1 48 9 9
1 50 5 1
1 52 3 7
1 53 2 7
1 54 10 10
1 59 9 7
1 60 5 2
1 61 8 9
1 62 10 7
1 63 8 6
1 64 5 1
1 65 7 5
1 66 3 1
1 67 2 10
1 68 2 1
1 70 4 2
1 71 10 10
1 72 4 6
1 73 7 9
1 75 6 6
1 76 2 1
1 79 8 4
1 80 7 4
1 82 2 5
1 83 2 7
1 84 9 6
1 85 9 7
1 86 1 10
1 87 10 4
1 88 7 1
1 89 2 6
1 90 3 8
1 92 4 7
1 94 5 5
1 95 2 1
1 96 5 5
1 97 8 6
1 99 7 8
1 100 10 8
2 3 2 6
2 4 6 4
2 5 3 8
2 6 8 10
2 7 6 3
2 8 10 9
2 9 6 1
2 10 3 10
2 11 3 4
2 12 6 4
2 15 7 8
2 16 1 6
2 17 9 1
2 19 7 8
2 21 8 3
2 22 7 10
2 24 2 1
2 25 1 2
2 26 3 10
2 27 6 10
2 30 9 9
2 31 3 3
2 32 6 3
2 33 9 3
2 35 1 3
2 36 10 5
2 38 8 3
2 39 8 10
2 41 4 9
2 42 8 2
2 43 8 1
2 44 6 5
2 45 6 7
2 46 7 3
2 47 5 4
2 49 8 1
2 51 5 5
2 53 6 4
2 55 9 6
2 56 2 7
2 57 4 4
2 58 2 9
2 59 9 6
2 60 6 2
2 61 1 8
2 63 8 2
2 64 2 2
2 65 1 10
2 66 2 6
2 67 10 2
2 68 5 4
2 69 1 1
2 70 5 9
2 71 10 2
2 72 3 3
2 73 9 4
2 74 7 8
2 75 10 4
2 76 9 6
2 77 4 3
2 78 4 1
2 79 1 2
2 80 7 2
2 81 3 2
2 82 3 9
2 83 9 8
2 84 10 7
2 85 8 6
2 86 3 10
2 87 7 6
2 89 4 5
2 90 10 8
2 91 7 1
2 92 1 7
2 93 7 1
2 96 6 6
2 97 9 10
2 98 7 3
2 99 6 1
2 100 5 6
3 4 7 2
3 5 10 4
3 6 1 5
3 7 10 8
3 10 10 8
3 11 3 6
3 12 4 5
3 13 6 5
3 14 3 7
3 15 7 5
3 17 3 1
3 19 1 2
3 20 2 4
3 21 6 8
3 24 10 10
3 25 5 8
3 26 6 5
3 29 6 10
3 30 7 10
3 33 1 6
3 34 10 6
3 36 4 7
3 37 8 5
3 38 6 5
3 39 3 3
3 41 6 3
3 43 9 1
3 44 6 1
3 45 9 1
3 46 2 10
3 47 7 2
3 49 1 4
3 50 4 3
3 52 2 7
3 53 8 8
3 54 2 4
3 55 8 6
3 56 2 8
3 57 10 4
3 58 1 8
3 59 9 5
3 60 1 10
3 61 1 5
3 62 9 6
3 63 7 9
3 64 10 2
3 65 1 8
3 66 10 7
3 67 6 6
3 68 9 1
3 69 9 3
3 70 6 6
3 71 4 7
3 72 3 9
3 74 10 1
3 75 9 6
3 77 3 9
3 78 1 1
3 79 5 10
3 80 9 1
3 81 4 7
3 83 6 4
3 84 3 8
3 85 7 8
3 86 8 1
3 87 2 3
3 90 8 4
3 92 9 9
3 93 1 2
3 94 6 6
3 95 10 1
3 96 2 2
3 97 7 6
3 99 9 6
3 100 9 1
4 5 1 3
4 6 4 7
4 7 7 7
4 8 2 6
4 9 9 8
4 10 9 10
4 11 1 1
4 12 9 2
4 13 8 10
4 14 9 2
4 15 9 6
4 16 7 2
4 17 5 10
4 19 8 2
4 20 10 10
4 21 6 4
4 22 3 9
4 23 1 2
4 24 4 1
4 25 2 7
4 26 8 5
4 28 7 3
4 29 7 4
4 30 1 10
4 31 10 9
4 32 7 4
4 33 6 4
4 34 6 6
4 35 10 7
4 36 8 10
4 37 2 8
4 38 7 9
4 39 10 4
4 40 5 3
4 41 1 9
4 42 1 7
4 43 6 7
4 44 10 4
4 45 8 7
4 46 2 10
4 48 6 7
4 49 5 1
4 51 5 5
4 53 8 10
4 54 9 10
4 55 4 2
4 56 4 2
4 59 1 9
4 60 10 5
4 61 7 6
4 62 3 10
4 63 2 2
4 64 10 4
4 65 1 10
4 66 9 5
4 68 8 1
4 70 8 5
4 71 10 10
4 73 2 8
4 74 10 3
4 76 9 5
4 77 6 8
4 78 6 7
4 79 8 5
4 81 8 9
4 82 2 10
4 83 5 3
4 84 10 5
4 85 10 2
4 86 4 9
4 87 8 8
4 88 5 10
4 89 5 5
4 90 7 9
4 91 6 4
4 92 9 8
4 93 4 8
4 94 4 5
4 95 3 5
4 96 2 1
4 97 9 3
4 98 9 1
4 99 10 7
4 100 10 10
5 6 9 8
5 7 8 8
5 8 3 5
5 9 1 10
5 10 9 2
5 11 3 7
5 12 9 7
5 13 3 3
5 14 8 10
5 15 4 4
5 16 6 6
5 18 8 9
5 19 8 1
5 21 4 10
5 22 4 1
5 23 10 3
5 24 9 6
5 25 4 8
5 26 2 2
5 27 7 1
5 28 5 4
5 29 6 1
5 30 7 8
5 31 2 9
5 32 2 9
5 35 3 10
5 36 8 2
5 37 10 8
5 38 8 2
5 39 2 10
5 40 7 8
5 41 9 5
5 43 6 2
5 44 1 5
5 45 4 7
5 47 10 10
5 48 3 5
5 49 6 7
5 51 4 10
5 52 9 4
5 53 6 1
5 55 2 8
5 56 1 10
5 57 6 3
5 59 3 9
5 60 7 9
5 61 8 6
5 62 9 5
5 63 1 8
5 64 7 5
5 65 2 1
5 66 10 3
5 67 7 5
5 68 10 7
5 70 7 9
5 71 6 6
5 72 1 5
5 73 5 8
5 75 3 9
5 77 5 9
5 79 6 5
5 80 9 5
5 81 2 7
5 82 6 8
5 83 8 7
5 86 2 3
5 87 6 6
5 88 2 6
5 89 9 5
5 90 6 4
5 91 1 8
5 93 2 2
5 94 5 9
5 95 10 4
5 96 1 9
5 97 7 10
5 98 9 4
5 99 2 5
6 8 9 2
6 9 2 4
6 10 10 10
6 11 3 6
6 12 10 5
6 13 4 2
6 14 8 6
6 15 7 9
6 16 5 6
6 18 6 4
6 19 7 4
6 20 3 10
6 21 7 2
6 22 2 7
6 23 9 7
6 24 1 9
6 25 4 1
6 26 4 10
6 27 10 1
6 29 3 1
6 31 10 1
6 32 3 1
6 33 10 10
6 34 2 9
6 36 1 1
6 37 9 8
6 38 9 10
6 42 1 7
6 43 6 7
6 44 5 5
6 45 8 10
6 47 9 1
6 48 7 1
6 49 2 4
6 50 3 5
6 52 4 10
6 53 2 3
6 55 6 8
6 58 9 10
6 59 2 9
6 60 6 5
6 61 9 3
6 64 9 3
6 65 5 6
6 66 10 2
6 67 4 8
6 68 1 1
6 70 10 10
6 71 3 1
6 72 2 2
6 75 10 4
6 76 3 1
6 77 9 5
6 78 7 9
6 79 9 1
6 80 7 7
6 81 10 7
6 82 7 5
6 83 6 7
6 84 6 3
6 85 9 4
6 87 7 4
6 88 8 3
6 89 10 6
6 90 9 9
6 91 8 1
6 92 4 2
6 93 1 4
6 94 9 7
6 95 1 1
6 96 4 6
6 97 7 8
6 98 8 6
6 100 1 4
7 8 10 5
7 11 7 5
7 12 9 3
7 13 5 9
7 14 5 10
7 16 7 4
7 17 1 7
7 18 8 8
7 19 4 7
7 20 6 1
7 21 8 8
7 23 7 4
7 25 8 6
7 26 7 2
7 27 7 1
7 29 6 10
7 30 2 7
7 32 2 4
7 33 9 7
7 35 7 5
7 37 10 4
7 38 7 2
7 39 8 8
7 40 3 1
7 42 6 2
7 43 8 1
7 45 4 9
7 47 1 3
7 49 9 3
7 50 7 4
7 51 6 7
7 52 1 2
7 53 6 9
7 55 2 6
7 57 4 3
7 58 10 10
7 59 4 4
7 60 5 9
7 63 4 10
7 64 1 3
7 65 5 1
7 66 3 9
7 68 8 8
7 69 9 10
7 71 5 1
7 72 4 5
7 73 4 8
7 74 5 3
7 75 5 2
7 76 3 2
7 77 10 1
7 78 1 6
7 79 4 9
7 80 9 4
7 81 2 1
7 82 8 10
7 83 9 4
7 84 5 6
7 86 4 8
7 87 10 5
7 88 6 8
7 89 10 6
7 90 9 7
7 91 3 6
7 92 2 5
7 93 9 6
7 94 4 9
7 95 2 9
7 96 9 6
7 97 1 3
7 98 8 9
7 99 4 8
8 9 6 4
8 12 2 4
8 15 5 7
8 17 8 8
8 19 3 6
8 20 4 3
8 21 3 9
8 22 2 2
8 23 1 9
8 24 1 4
8 25 3 3
8 26 2 3
8 27 3 2
8 29 3 4
8 30 4 1
8 31 8 3
8 32 8 1
8 33 3 5
8 34 10 3
8 35 8 9
8 36 1 6
8 37 4 7
8 38 3 9
8 39 7 5
8 40 3 3
8 41 3 3
8 43 8 4
8 44 6 9
8 45 10 8
8 46 1 10
8 49 6 4
8 50 2 4
8 53 5 7
8 54 8 1
8 55 1 4
8 57 7 8
8 59 4 2
8 62 3 1
8 63 4 1
8 64 1 3
8 65 8 7
8 66 4 5
8 68 9 2
8 69 6 7
8 71 4 1
8 72 5 7
8 74 8 9
8 75 4 3
8 77 2 8
8 79 7 3
8 80 10 7
8 83 2 10
8 84 4 2
8 85 10 3
8 88 3 9
8 89 5 4
8 90 6 5
8 92 8 2
8 93 2 5
8 96 7 3
8 97 4 5
8 98 4 9
8 99 9 6
8 100 2 6
9 10 2 2
9 12 10 4
9 13 9 4
9 14 8 8
9 15 6 9
9 18 10 1
9 20 1 3
9 22 2 3
9 25 1 4
9 26 6 2
9 27 1 4
9 28 9 6
9 29 9 5
9 30 10 7
9 31 10 8
9 32 7 2
9 33 2 6
9 34 6 1
9 35 3 6
9 36 4 4
9 37 9 1
9 38 1 6
9 39 7 5
9 40 4 10
9 42 4 8
9 44 5 4
9 45 4 5
9 46 2 4
9 48 10 7
9 49 5 1
9 50 8 8
9 52 7 1
9 54 3 4
9 55 2 4
9 57 8 2
9 59 2 6
9 60 7 10
9 61 4 2
9 62 6 7
9 63 6 6
9 64 9 3
9 65 6 4
9 67 8 2
9 69 7 3
9 70 4 8
9 71 1 10
9 72 9 1
9 73 1 1
9 74 10 3
9 75 7 1
9 76 5 3
9 77 4 1
9 78 10 3
9 79 3 8
9 80 2 2
9 81 1 5
9 83 8 6
9 85 2 2
9 90 4 8
9 91 6 5
9 92 5 9
9 93 8 9
9 94 6 9
9 95 6 2
9 97 9 7
9 99 8 8
9 100 4 7
10 12 2 9
10 13 8 8
10 14 9 2
10 15 5 2
10 16 5 2
10 17 8 9
10 19 1 7
10 20 5 10
10 21 7 6
10 23 1 4
10 24 3 9
10 25 1 2
10 26 10 9
10 27 7 5
10 29 2 7
10 32 2 6
10 34 6 7
10 35 1 8
10 36 1 4
10 37 7 1
10 38 6 8
10 39 4 1
10 40 2 7
10 41 4 6
10 42 9 7
10 44 7 7
10 45 3 2
10 46 9 5
10 47 6 7
10 48 7 9
10 51 3 2
10 52 3 5
10 53 9 4
10 54 5 7
10 56 2 9
10 57 9 7
10 59 6 2
10 60 4 2
10 61 1 2
10 62 3 2
10 63 7 6
10 64 9 10
10 65 2 10
10 66 2 10
10 67 1 2
10 68 3 1
10 69 9 6
10 70 3 8
10 71 7 9
10 72 6 5
10 73 3 10
10 75 6 5
10 77 6 4
10 79 5 9
10 80 6 7
10 81 9 6
10 82 5 7
10 83 7 9
10 84 4 3
10 87 7 10
10 88 5 1
10 92 8 6
10 94 6 5
10 95 4 2
10 96 9 2
10 97 5 7
10 98 3 9
11 12 7 8
11 13 9 6
11 14 4 8
11 16 3 9
11 17 4 3
11 18 9 5
11 19 6 7
11 20 6 6
11 22 8 10
11 23 3 9
11 24 1 8
11 25 9 1
11 28 4 7
11 31 4 3
11 32 4 2
11 34 9 4
11 35 9 8
11 36 2 10
11 37 8 7
11 38 3 6
11 39 8 2
11 40 10 8
11 41 3 8
11 42 6 7
11 43 4 3
11 44 1 8
11 45 1 8
11 46 5 1
11 47 7 7
11 48 7 4
11 49 6 10
11 50 7 4
11 51 2 5
11 52 6 2
11 53 2 8
11 54 7 2
11 56 7 2
11 57 1 8
11 58 8 1
11 59 4 5
11 60 10 2
11 61 3 2
11 63 4 1
11 64 2 1
11 65 10 7
11 66 3 2
11 67 10 1
11 68 3 1
11 70 3 10
11 72 6 8
11 73 2 4
11 74 10 10
11 75 3 5
11 76 8 7
11 78 1 8
11 79 6 4
11 81 1 10
11 82 1 8
11 84 5 7
11 85 5 7
11 86 1 9
11 87 5 7
11 88 3 9
11 90 1 7
11 93 9 5
11 95 5 8
11 96 8 5
11 97 5 2
11 98 8 2
11 99 3 5
11 100 9 4
12 13 6 6
12 14 9 3
12 15 8 10
12 16 9 2
12 19 9 9
12 20 7 5
12 21 4 5
12 22 8 6
12 24 5 1
12 27 9 9
12 28 2 8
12 29 8 9
12 30 2 2
12 32 9 10
12 33 8 1
12 34 7 10
12 35 10 6
12 36 7 8
12 37 2 10
12 38 9 4
12 39 1 9
12 40 8 8
12 41 1 4
12 42 2 1
12 43 10 3
12 44 2 3
12 45 6 2
12 46 7 9
12 48 7 7
12 49 2 9
12 52 5 6
12 53 7 5
12 54 8 8
12 57 6 6
12 58 1 2
12 59 8 2
12 60 7 1
12 61 4 6
12 62 1 9
12 63 7 4
12 64 8 3
12 65 1 7
12 67 2 4
12 68 10 9
12 70 7 5
12 71 7 6
12 74 1 3
12 77 3 9
12 78 3 8
12 79 5 7
12 80 5 9
12 81 6 10
12 82 10 7
12 83 1 2
12 84 1 9
12 85 5 5
12 86 7 6
12 87 5 5
12 88 6 8
12 90 9 10
12 91 5 3
12 92 3 8
12 93 2 3
12 94 4 5
12 95 8 6
12 97 3 2
12 98 4 8
12 99 4 3
12 100 10 6
13 14 7 7
13 15 9 8
13 16 7 4
13 18 5 6
13 21 2 10
13 23 8 5
13 24 1 8
13 25 5 5
13 26 7 7
13 27 2 10
13 29 7 4
13 31 1 1
13 33 9 4
13 34 2 5
13 35 9 7
13 36 6 9
13 37 6 3
13 38 5 4
13 39 5 4
13 40 5 10
13 41 3 4
13 42 9 6
13 43 9 1
13 44 2 1
13 46 9 6
13 47 7 10
13 49 4 1
13 50 2 6
13 53 4 7
13 55 8 10
13 56 4 3
13 58 1 3
13 59 1 4
13 60 1 9
13 61 1 3
13 62 2 3
13 63 3 7
13 64 5 3
13 68 9 2
13 69 9 10
13 70 4 1
13 71 5 2
13 72 1 1
13 75 10 4
13 76 3 1
13 77 4 1
13 79 8 10
13 80 8 9
13 81 5 9
13 82 7 3
13 83 7 5
13 85 10 4
13 86 6 9
13 87 9 8
13 88 3 3
13 89 9 2
13 90 3 3
13 93 3 1
13 95 2 9
13 96 4 5
13 97 2 2
13 98 2 1
13 99 9 8
14 15 6 2
14 16 8 8
14 17 1 10
14 19 4 8
14 20 6 8
14 21 2 7
14 22 8 10
14 23 9 5
14 24 6 8
14 25 9 8
14 27 9 9
14 28 3 1
14 29 9 10
14 30 8 6
14 31 5 10
14 32 10 2
14 33 4 8
14 34 3 8
14 35 6 7
14 36 8 7
14 37 6 6
14 38 9 7
14 39 6 3
14 40 3 5
14 41 6 8
14 42 1 2
14 43 9 8
14 44 3 10
14 45 10 1
14 46 6 3
14 47 7 5
14 48 7 4
14 49 2 3
14 50 3 2
14 51 5 5
14 54 9 9
14 55 9 4
14 56 6 9
14 57 5 9
14 59 1 1
14 61 4 10
14 62 3 9
14 63 7 3
14 64 10 3
14 66 10 2
14 67 4 8
14 68 5 8
14 69 5 2
14 71 6 9
14 72 1 8
14 73 3 5
14 76 9 9
14 77 6 6
14 78 3 7
14 79 5 1
14 81 6 5
14 82 7 6
14 83 3 2
14 84 5 1
14 85 3 4
14 87 7 5
14 88 2 3
14 89 9 9
14 90 4 10
14 91 6 4
14 92 4 10
14 93 1 10
14 94 2 4
14 95 6 9
14 97 10 1
14 98 9 3
14 99 8 5
14 100 6 8
15 16 8 6
15 17 2 9
15 18 5 10
15 20 7 7
15 21 2 9
15 22 10 7
15 23 5 4
15 24 9 5
15 25 10 10
15 26 1 1
15 27 6 8
15 28 7 6
15 29 9 8
15 30 9 7
15 32 1 5
15 33 5 7
15 34 7 10
15 36 6 5
15 37 2 3
15 38 5 10
15 40 8 4
15 41 4 10
15 42 7 6
15 44 4 5
15 45 3 2
15 47 6 4
15 49 5 7
15 50 2 5
15 51 4 5
15 53 8 6
15 54 3 4
15 55 8 9
15 56 4 1
15 58 1 9
15 59 6 10
15 60 4 7
15 61 2 7
15 62 5 1
15 64 1 9
15 65 1 6
15 66 2 1
15 68 10 1
15 69 3 5
15 71 7 1
15 72 1 5
15 74 1 6
15 76 1 6
15 77 9 3
15 78 2 4
15 79 7 7
15 80 8 2
15 81 10 7
15 82 10 9
15 83 7 4
15 84 3 1
15 85 1 10
15 86 9 7
15 87 6 4
15 88 7 4
15 89 6 8
15 90 4 4
15 93 4 4
15 94 6 2
15 95 4 9
15 96 3 7
15 98 8 10
15 99 9 5
15 100 10 7
16 17 1 8
16 18 1 9
16 19 5 6
16 20 1 10
16 21 2 7
16 22 9 4
16 23 1 2
16 24 5 4
16 25 7 6
16 26 6 10
16 28 6 10
16 29 7 7
16 30 6 6
16 31 5 10
16 32 7 1
16 33 9 5
16 34 7 1
16 36 2 6
16 38 2 1
16 39 3 8
16 40 5 4
16 41 3 10
16 43 8 8
16 44 1 4
16 45 6 8
16 46 8 6
16 47 4 2
16 48 8 8
16 49 4 1
16 51 6 3
16 52 4 4
16 53 9 8
16 56 4 3
16 57 9 4
16 58 10 1
16 59 5 3
16 60 2 5
16 63 6 7
16 64 2 4
16 66 7 6
16 68 3 10
16 69 1 7
16 70 10 2
16 71 4 4
16 72 3 9
16 73 9 7
16 74 9 2
16 75 9 9
16 76 3 8
16 77 1 10
16 78 6 1
16 80 9 3
16 81 2 5
16 82 1 7
16 83 2 10
16 84 5 2
16 87 4 3
16 89 7 5
16 90 5 3
16 91 3 7
16 94 1 3
16 95 9 8
16 96 10 3
16 97 3 8
16 98 10 3
16 99 5 2
16 100 2 2
17 19 8 2
17 20 10 9
17 21 7 2
17 22 1 2
17 24 1 7
17 28 3 9
17 29 1 6
17 31 2 8
17 33 4 8
17 35 6 8
17 36 7 6
17 37 2 7
17 38 10 5
17 39 1 4
17 40 1 7
17 41 7 2
17 43 3 2
17 44 3 2
17 45 8 2
17 46 6 3
17 48 6 9
17 49 5 9
17 50 9 2
17 51 5 6
17 52 6 8
17 53 7 4
17 54 2 10
17 55 10 3
17 56 8 9
17 57 6 5
17 60 8 10
17 61 2 10
17 63 5 1
17 64 1 4
17 65 6 9
17 67 10 1
17 68 4 7
17 69 1 5
17 71 10 10
17 72 1 9
17 73 8 9
17 75 7 1
17 76 4 5
17 77 4 8
17 78 3 10
17 80 2 4
17 82 6 2
17 83 1 2
17 84 4 6
17 85 10 10
17 86 2 7
17 87 6 4
17 88 5 8
17 89 7 4
17 90 1 3
17 91 10 7
17 92 9 7
17 94 5 5
17 96 5 8
17 97 1 5
17 99 3 4
17 100 6 7
18 19 3 6
18 20 2 5
18 21 4 10
18 22 8 5
18 23 2 4
18 26 3 9
18 27 8 2
18 28 3 4
18 30 8 2
18 31 8 10
18 32 6 2
18 33 2 8
18 34 9 4
18 36 4 1
18 37 1 7
18 38 8 8
18 39 6 3
18 40 6 7
18 41 2 7
18 42 8 6
18 43 6 9
18 44 10 4
18 46 8 7
18 48 6 2
18 49 8 10
18 50 1 4
18 52 1 3
18 53 6 2
18 54 4 2
18 55 1 5
18 56 9 1
18 57 10 8
18 58 9 6
18 59 5 5
18 60 7 6
18 63 2 4
18 64 1 10
18 65 10 6
18 67 1 1
18 70 1 7
18 72 10 2
18 76 9 7
18 77 10 2
18 78 10 1
18 79 8 3
18 80 9 8
18 81 6 3
18 82 3 10
18 83 7 10
18 84 10 9
18 85 5 2
18 86 7 3
18 87 1 4
18 89 5 9
18 90 5 8
18 92 1 2
18 93 7 7
18 94 2 7
18 95 4 2
18 97 3 3
18 98 9 10
18 99 10 3
18 100 5 2
19 20 6 5
19 22 5 8
19 25 7 1
19 26 8 6
19 27 5 6
19 28 3 6
19 29 9 5
19 30 2 10
19 31 3 7
19 32 2 6
19 33 8 4
19 34 9 4
19 35 7 6
19 36 4 10
19 37 2 8
19 38 2 7
19 39 10 5
19 40 7 1
19 41 5 6
19 42 7 8
19 43 5 1
19 45 4 6
19 46 7 10
19 47 1 6
19 48 3 7
19 49 3 8
19 50 5 9
19 51 2 10
19 52 7 7
19 54 5 5
19 55 6 7
19 57 7 2
19 58 4 10
19 60 9 8
19 61 7 7
19 62 7 9
19 64 6 7
19 66 4 6
19 68 3 6
19 71 10 6
19 72 5 5
19 73 9 9
19 74 8 2
19 75 7 3
19 76 5 4
19 77 4 4
19 80 1 7
19 81 10 5
19 82 10 5
19 83 7 4
19 84 10 9
19 85 5 4
19 86 6 9
19 87 1 4
19 88 3 9
19 90 1 2
19 92 8 4
19 93 8 8
19 94 1 6
19 95 2 5
19 96 5 10
19 97 7 3
19 98 2 6
19 100 10 7
20 21 4 5
20 22 7 4
20 23 9 8
20 24 2 5
20 25 6 6
20 26 8 9
20 28 1 4
20 29 1 7
20 30 4 9
20 31 4 8
20 32 9 2
20 33 2 3
20 34 1 3
20 35 6 9
20 36 2 9
20 37 6 8
20 38 7 10
20 39 9 4
20 40 7 10
20 41 9 7
20 42 10 8
20 43 6 1
20 44 5 9
20 45 4 4
20 46 5 9
20 47 4 8
20 48 10 9
20 49 8 10
20 50 8 8
20 51 2 10
20 52 8 1
20 53 6 7
20 54 9 7
20 56 3 7
20 59 7 7
20 61 5 8
20 62 8 7
20 65 6 2
20 66 9 1
20 67 8 9
20 68 2 5
20 69 6 3
20 70 2 7
20 71 6 6
20 74 5 5
20 75 9 9
20 76 6 3
20 77 10 6
20 78 8 3
20 79 3 9
20 81 2 2
20 82 2 9
20 84 10 1
20 85 3 1
20 86 2 9
20 87 1 9
20 89 4 4
20 91 4 1
20 92 5 5
20 93 7 10
20 94 3 8
20 95 6 8
20 96 1 1
21 22 6 5
21 23 4 7
21 24 9 1
21 25 1 5
21 26 7 8
21 28 2 8
21 29 9 10
21 31 2 3
21 32 3 8
21 34 8 2
21 35 6 8
21 36 9 4
21 38 2 9
21 40 1 4
21 42 2 10
21 43 7 10
21 46 5 5
21 47 7 7
21 48 2 8
21 51 10 7
21 52 7 6
21 53 1 2
21 57 8 6
21 59 1 3
21 60 7 6
21 61 8 4
21 62 5 4
21 63 10 8
21 64 4 6
21 65 10 5
21 66 9 8
21 68 2 6
21 69 8 1
21 70 2 7
21 71 5 6
21 73 2 8
21 74 7 3
21 75 6 8
21 76 3 6
21 77 3 4
21 78 6 2
21 79 1 7
21 80 2 10
21 81 7 6
21 82 5 9
21 83 7 2
21 84 8 4
21 85 1 7
21 86 2 1
21 87 5 9
21 88 10 4
21 89 2 6
21 90 6 5
21 91 7 9
21 92 6 7
21 93 10 1
21 94 7 4
21 96 1 4
21 97 9 8
21 98 8 2
21 99 10 10
21 100 3 4
22 23 7 8
22 24 4 1
22 25 6 4
22 26 1 4
22 27 6 6
22 28 4 10
22 29 2 3
22 30 7 10
22 31 1 2
22 34 3 10
22 35 5 6
22 36 6 8
22 38 6 3
22 39 5 3
22 40 6 2
22 41 3 1
22 42 8 10
22 43 10 6
22 45 8 10
22 47 5 8
22 50 2 3
22 52 4 2
22 53 8 10
22 54 9 3
22 55 1 7
22 56 10 8
22 57 6 10
22 58 8 4
22 59 4 5
22 60 3 1
22 61 1 8
22 62 3 2
22 64 7 4
22 65 4 6
22 66 10 2
22 67 2 2
22 68 1 3
22 69 7 2
22 70 2 8
22 72 7 5
22 73 7 5
22 74 6 9
22 75 9 6
22 76 5 2
22 77 6 2
22 79 9 1
22 80 3 3
22 81 8 3
22 82 2 3
22 83 2 8
22 84 7 3
22 85 8 8
22 87 9 7
22 88 3 8
22 89 3 7
22 90 10 8
22 91 6 10
22 92 9 8
22 93 8 10
22 94 7 1
22 97 7 3
22 98 5 5
22 99 8 5
22 100 1 4
23 25 2 7
23 27 6 3
23 28 4 7
23 29 4 3
23 30 9 3
23 31 7 3
23 32 5 10
23 33 2 4
23 35 2 4
23 36 3 2
23 37 6 6
23 39 9 10
23 40 7 6
23 42 3 1
23 43 4 2
23 44 3 8
23 45 5 2
23 46 7 1
23 47 7 3
23 48 9 4
23 49 8 2
23 50 4 3
23 51 7 8
23 52 6 1
23 53 2 1
23 54 10 1
23 55 7 7
23 57 6 1
23 58 4 4
23 59 3 10
23 60 9 5
23 61 6 9
23 62 1 10
23 64 2 6
23 65 3 6
23 66 5 4
23 67 1 5
23 68 10 6
23 69 5 8
23 70 1 7
23 71 6 4
23 72 2 2
23 74 8 10
23 75 8 6
23 76 6 7
23 78 10 2
23 79 1 8
23 80 7 7
23 81 3 1
23 82 3 3
23 83 7 9
23 84 8 5
23 85 4 4
23 86 2 8
23 88 6 2
23 91 1 10
23 94 5 4
23 97 4 1
23 98 4 10
23 100 9 1
24 26 9 9
24 27 9 3
24 28 10 4
24 29 10 3
24 30 8 7
24 31 1 6
24 32 5 9
24 33 3 2
24 34 4 10
24 35 1 4
24 36 4 7
24 37 2 10
24 38 5 4
24 39 8 6
24 40 1 2
24 41 3 7
24 42 3 4
24 43 4 6
24 44 2 1
24 46 8 9
24 48 5 6
24 49 4 6
24 50 2 3
24 51 4 5
24 52 5 7
24 54 8 1
24 55 4 3
24 57 6 3
24 58 9 2
24 59 5 2
24 61 6 10
24 62 1 6
24 63 6 5
24 64 9 9
24 65 8 4
24 66 7 1
24 67 2 7
24 68 1 1
24 69 1 9
24 72 9 4
24 74 8 2
24 75 6 4
24 76 9 5
24 77 6 2
24 78 6 7
24 79 4 8
24 80 7 9
24 82 7 10
24 83 2 2
24 84 6 5
24 85 5 4
24 86 7 8
24 87 8 6
24 88 7 3
24 89 4 9
24 90 8 6
24 91 1 8
24 92 5 5
24 93 1 9
24 95 1 7
24 96 5 7
24 97 9 8
24 98 4 2
25 26 5 7
25 27 3 10
25 29 5 7
25 30 8 2
25 32 7 1
25 33 2 2
25 34 9 6
25 35 5 7
25 36 6 5
25 37 2 3
25 38 10 1
25 39 1 3
25 41 1 4
25 42 9 10
25 43 9 7
25 44 8 8
25 45 5 3
25 46 2 7
25 48 3 5
25 49 5 4
25 50 10 5
25 51 7 2
25 52 10 1
25 53 6 9
25 55 1 6
25 57 10 8
25 58 4 9
25 59 7 6
25 60 2 1
25 61 6 7
25 62 3 4
25 66 9 4
25 67 6 2
25 68 10 7
25 69 10 2
25 70 4 9
25 72 10 3
25 73 1 5
25 74 3 3
25 75 3 2
25 76 10 5
25 77 3 7
25 80 5 4
25 81 7 2
25 82 10 1
25 83 6 1
25 84 6 1
25 85 9 9
25 88 10 5
25 89 2 3
25 90 10 5
25 91 2 1
25 92 8 2
25 94 6 1
25 95 3 4
25 96 3 8
25 97 9 6
25 98 5 1
25 99 9 8
26 27 4 9
26 28 4 4
26 30 10 4
26 31 5 7
26 32 3 6
26 33 5 2
26 34 6 3
26 35 8 10
26 36 8 10
26 37 5 8
26 39 8 10
26 40 10 10
26 41 6 4
26 42 1 8
26 43 8 4
26 44 2 9
26 45 1 10
26 46 9 4
26 47 9 4
26 48 4 2
26 49 4 9
26 50 8 9
26 51 8 7
26 52 2 8
26 53 10 4
26 54 4 5
26 55 10 7
26 56 9 2
26 57 2 5
26 58 10 9
26 59 2 2
26 60 3 4
26 61 5 1
26 62 2 2
26 63 5 7
26 65 2 3
26 67 4 10
26 68 8 2
26 69 1 4
26 70 9 6
26 71 10 8
26 72 10 6
26 74 7 10
26 75 8 2
26 76 10 4
26 77 10 1
26 78 6 3
26 79 7 4
26 80 5 10
26 81 4 9
26 82 10 4
26 84 6 9
26 85 8 3
26 86 6 7
26 87 3 5
26 88 1 7
26 89 2 10
26 90 1 10
26 91 7 7
26 92 5 5
26 93 7 6
26 94 7 2
26 95 6 1
26 96 8 4
26 97 9 2
26 98 9 4
26 99 8 3
27 29 4 8
27 30 7 3
27 31 7 2
27 32 7 7
27 33 2 3
27 34 9 7
27 35 2 9
27 36 7 6
27 37 7 3
27 38 10 4
27 39 2 6
27 42 2 9
27 43 10 7
27 44 7 5
27 46 7 2
27 47 8 5
27 48 7 5
27 49 7 6
27 51 2 9
27 53 1 2
27 54 3 10
27 55 2 5
27 56 2 7
27 57 8 3
27 58 9 7
27 59 2 2
27 60 8 5
27 61 10 1
27 63 7 4
27 64 4 9
27 65 4 2
27 66 7 3
27 67 8 4
27 68 7 8
27 69 3 3
27 70 5 3
27 71 9 6
27 72 1 2
27 73 8 1
27 74 4 7
27 75 4 7
27 76 5 6
27 77 5 4
27 78 10 7
27 79 9 4
27 80 6 1
27 81 9 10
27 82 9 5
27 83 10 5
27 87 1 3
27 90 10 4
27 92 4 2
27 93 1 4
27 94 1 1
27 95 7 7
27 96 8 10
27 97 6 8
27 98 10 6
27 99 8 4
27 100 8 9
28 29 2 7
28 30 1 7
28 34 7 7
28 35 8 5
28 36 8 1
28 37 5 9
28 38 4 9
28 39 2 8
28 40 9 5
28 41 7 7
28 43 2 3
28 44 9 2
28 45 9 3
28 46 8 3
28 50 2 10
28 52 5 4
28 53 3 3
28 54 4 3
28 55 10 1
28 56 8 3
28 57 4 9
28 58 9 9
28 59 4 6
28 60 2 1
28 62 6 1
28 63 8 2
28 64 3 9
28 66 2 6
28 67 10 8
28 68 10 7
28 71 7 4
28 72 6 3
28 75 5 1
28 76 4 6
28 77 7 4
28 79 4 2
28 80 4 10
28 81 3 3
28 83 6 10
28 84 3 8
28 85 1 5
28 86 7 6
28 87 8 1
28 88 3 6
28 90 3 5
28 91 1 3
28 92 9 8
28 93 1 6
28 94 5 5
28 95 8 6
28 97 1 10
28 98 2 5
28 99 1 4
28 100 8 9
29 30 9 5
29 32 10 9
29 33 8 2
29 34 6 3
29 35 10 3
29 36 5 3
29 37 2 9
29 38 8 5
29 39 3 8
29 40 9 3
29 41 5 8
29 42 6 1
29 43 5 8
29 44 1 10
29 45 2 10
29 46 10 1
29 48 2 9
29 49 7 8
29 50 8 4
29 51 1 2
29 52 6 2
29 53 5 10
29 54 9 7
29 55 5 6
29 56 1 7
29 57 4 3
29 58 9 5
29 59 4 1
29 60 2 7
29 61 5 4
29 62 8 2
29 63 1 7
29 64 5 6
29 66 3 9
29 67 9 1
29 69 1 6
29 70 5 1
29 71 9 1
29 72 8 6
29 73 4 1
29 74 8 9
29 75 5 9
29 76 6 6
29 78 7 3
29 81 10 4
29 83 5 9
29 85 10 8
29 86 6 6
29 87 7 7
29 89 8 6
29 91 5 4
29 92 7 6
29 93 4 10
29 94 9 10
29 95 4 10
29 97 2 7
29 98 9 5
29 99 4 5
29 100 1 10
30 31 7 2
30 32 5 4
30 33 9 10
30 34 5 4
30 35 10 9
30 36 4 1
30 37 8 8
30 38 6 9
30 39 9 6
30 40 4 8
30 41 10 3
30 42 3 6
30 43 3 8
30 44 2 6
30 45 3 8
30 46 2 8
30 47 1 3
30 48 8 10
30 52 5 8
30 53 7 3
30 54 6 8
30 55 9 2
30 56 9 10
30 57 7 2
30 58 8 3
30 59 3 8
30 60 10 7
30 61 10 3
30 62 8 10
30 63 7 10
30 65 10 1
30 66 10 5
30 67 5 7
30 68 10 9
30 71 3 7
30 72 6 3
30 73 9 10
30 74 3 3
30 75 7 9
30 76 7 2
30 77 6 9
30 78 3 4
30 79 3 8
30 80 6 7
30 81 8 2
30 85 6 4
30 87 9 1
30 88 6 8
30 89 6 6
30 90 8 3
30 91 7 10
30 92 2 2
30 93 4 8
30 94 1 4
30 96 1 1
30 97 7 9
30 98 2 1
30 99 2 1
30 100 2 7
31 32 6 10
31 33 5 5
31 34 5 7
31 36 6 6
31 37 8 9
31 38 3 5
31 40 1 5
31 41 9 9
31 42 5 7
31 43 6 6
31 44 9 9
31 45 10 2
31 46 1 5
31 47 10 3
31 49 10 2
31 51 3 4
31 52 1 5
31 53 8 7
31 54 4 9
31 55 7 7
31 56 1 7
31 57 9 7
31 59 4 3
31 60 9 2
31 62 4 9
31 63 5 7
31 64 1 5
31 65 5 7
31 66 6 8
31 67 7 4
31 68 9 8
31 69 3 4
31 70 5 7
31 71 10 9
31 72 8 10
31 74 5 3
31 75 9 8
31 76 7 3
31 77 2 5
31 78 4 9
31 80 3 7
31 84 9 5
31 85 4 10
31 86 10 1
31 88 3 7
31 89 2 6
31 92 2 10
31 93 6 5
31 94 1 6
31 95 7 2
31 97 9 1
31 98 4 3
31 99 10 9
31 100 3 10
32 34 2 3
32 35 3 5
32 36 5 5
32 37 6 8
32 38 3 9
32 39 5 10
32 43 10 5
32 45 6 2
32 46 6 3
32 47 6 9
32 48 2 1
32 50 10 4
32 51 1 1
32 52 9 9
32 53 5 6
32 54 10 5
32 55 4 7
32 57 6 9
32 58 4 7
32 59 4 2
32 60 9 8
32 61 5 1
32 62 8 5
32 63 7 3
32 64 8 10
32 65 7 6
32 67 8 8
32 68 6 5
32 70 5 3
32 72 5 2
32 73 10 9
32 74 9 7
32 75 6 8
32 77 7 9
32 78 8 1
32 79 1 4
32 80 2 7
32 81 8 1
32 82 3 10
32 83 1 1
32 84 3 5
32 85 8 5
32 86 3 10
32 87 4 5
32 88 8 10
32 91 2 7
32 92 2 6
32 95 6 10
32 97 8 3
32 98 7 5
32 99 4 10
32 100 7 2
33 35 3 1
33 36 3 6
33 37 3 10
33 38 3 10
33 39 5 5
33 40 2 2
33 41 2 3
33 42 5 3
33 43 10 5
33 44 2 4
33 45 4 3
33 46 4 4
33 47 1 1
33 48 4 9
33 49 9 3
33 50 1 3
33 51 2 6
33 52 5 9
33 53 9 7
33 54 8 3
33 55 10 6
33 58 3 3
33 59 8 3
33 60 4 7
33 62 10 6
33 63 2 9
33 64 4 2
33 65 10 10
33 66 1 5
33 67 9 1
33 68 9 5
33 69 1 2
33 70 1 2
33 71 10 8
33 72 5 1
33 73 6 8
33 74 9 3
33 75 4 3
33 76 5 10
33 79 2 3
33 82 6 8
33 83 10 2
33 84 9 8
33 85 10 3
33 86 4 5
33 87 5 6
33 88 1 7
33 89 4 10
33 90 8 4
33 91 1 7
33 93 9 4
33 94 10 8
33 96 3 4
33 97 4 10
33 98 3 7
33 99 7 9
33 100 1 4
34 35 1 10
34 36 7 2
34 37 1 7
34 38 7 6
34 40 5 9
34 41 7 10
34 44 4 6
34 45 6 3
34 46 4 3
34 47 2 5
34 49 7 5
34 50 5 2
34 51 4 2
34 52 4 10
34 53 2 10
34 54 2 8
34 55 4 8
34 56 8 3
34 57 4 6
34 58 4 2
34 59 7 1
34 60 10 9
34 61 8 7
34 62 6 9
34 64 9 1
34 66 1 8
34 67 2 6
34 68 6 6
34 69 8 2
34 70 6 2
34 72 8 8
34 74 5 4
34 76 9 8
34 77 1 5
34 78 8 3
34 79 7 5
34 80 10 8
34 81 7 6
34 82 8 5
34 83 7 5
34 84 7 9
34 85 9 3
34 86 6 8
34 87 8 8
34 88 1 6
34 90 5 7
34 93 7 6
34 94 2 7
34 95 5 4
34 97 6 6
34 98 10 6
34 99 9 7
34 100 10 10
35 36 9 6
35 37 7 5
35 38 6 5
35 39 4 8
35 40 7 6
35 42 3 5
35 43 8 7
35 44 5 2
35 45 10 6
35 46 4 2
35 47 3 4
35 48 1 4
35 49 7 6
35 50 6 5
35 51 3 5
35 52 2 3
35 54 2 10
35 55 2 4
35 56 3 8
35 59 9 10
35 60 5 7
35 61 10 5
35 62 7 9
35 63 9 6
35 65 1 10
35 66 9 7
35 67 7 1
35 68 3 2
35 69 9 9
35 70 2 1
35 71 10 10
35 72 9 1
35 73 6 3
35 74 1 10
35 75 5 5
35 76 6 2
35 77 4 2
35 78 5 10
35 79 10 9
35 80 8 10
35 81 6 3
35 83 2 3
35 84 9 10
35 85 8 10
35 86 5 2
35 87 9 7
35 88 2 4
35 89 2 3
35 90 7 2
35 91 2 8
35 92 3 8
35 93 4 7
35 94 3 7
35 95 2 8
35 96 8 2
35 97 10 7
35 98 4 5
35 99 7 9
35 100 10 8
36 39 9 6
36 40 1 4
36 41 5 2
36 43 6 8
36 44 8 2
36 46 5 9
36 47 4 10
36 48 6 10
36 49 8 3
36 50 3 1
36 51 3 2
36 52 1 3
36 53 5 8
36 54 6 4
36 55 9 7
36 56 4 1
36 57 2 7
36 58 5 9
36 59 3 5
36 60 10 5
36 61 8 9
36 63 3 10
36 64 5 10
36 65 1 8
36 66 4 3
36 69 10 5
36 70 5 10
36 71 5 4
36 73 5 4
36 76 9 10
36 77 2 2
36 78 1 9
36 80 6 10
36 81 10 9
36 82 3 5
36 83 9 4
36 84 10 4
36 85 8 6
36 86 7 2
36 87 3 2
36 88 6 10
36 89 6 9
36 91 2 7
36 92 1 10
36 94 1 8
36 95 2 4
36 96 1 9
36 97 3 10
37 40 2 8
37 42 10 7
37 44 1 5
37 46 8 8
37 48 6 5
37 49 8 1
37 50 3 6
37 51 3 2
37 52 4 3
37 54 3 7
37 55 9 8
37 56 10 6
37 58 10 9
37 59 1 4
37 60 4 5
37 62 8 1
37 63 8 7
37 64 6 1
37 65 1 2
37 66 3 4
37 67 5 7
37 68 5 2
37 69 10 4
37 70 10 1
37 71 10 6
37 72 5 8
37 74 7 2
37 75 6 2
37 76 4 8
37 77 3 3
37 78 1 3
37 80 10 3
37 81 9 6
37 82 10 1
37 83 2 8
37 84 1 2
37 85 6 4
37 86 3 2
37 87 1 9
37 88 1 1
37 89 1 7
37 90 5 3
37 91 5 3
37 92 5 4
37 94 4 8
37 95 10 3
37 96 6 5
37 97 8 10
37 98 3 3
37 99 10 6
37 100 6 9
38 39 6 10
38 40 3 5
38 41 6 3
38 42 6 2
38 44 10 6
38 45 8 9
38 46 7 8
38 47 7 7
38 48 7 2
38 49 6 1
38 51 6 9
38 52 5 7
38 53 7 8
38 54 8 1
38 55 4 9
38 56 10 3
38 57 1 3
38 58 4 7
38 59 5 9
38 61 8 6
38 62 4 4
38 63 9 8
38 64 6 2
38 65 2 4
38 66 3 7
38 68 8 2
38 72 10 9
38 73 3 3
38 74 5 9
38 75 1 9
38 76 1 5
38 77 7 4
38 78 4 7
38 80 4 3
38 81 7 3
38 82 6 4
38 83 7 3
38 84 5 7
38 86 8 2
38 87 7 10
38 88 5 10
38 89 9 10
38 90 8 8
38 92 6 8
38 93 3 10
38 94 6 1
38 95 6 6
38 96 10 2
38 97 1 7
38 98 4 9
38 100 9 2
39 41 6 1
39 42 6 3
39 44 1 6
39 45 2 2
39 46 6 8
39 47 1 9
39 48 5 6
39 49 8 7
39 52 5 3
39 53 2 6
39 55 2 2
39 56 10 2
39 57 7 7
39 58 2 2
39 60 2 4
39 61 4 10
39 65 9 10
39 66 6 9
39 69 8 1
39 71 5 8
39 72 5 4
39 74 5 4
39 75 5 3
39 76 6 8
39 77 4 10
39 78 5 6
39 80 7 7
39 82 6 4
39 83 8 2
39 84 8 9
39 85 2 2
39 86 9 5
39 88 6 2
39 90 10 2
39 91 1 1
39 92 3 6
39 94 6 2
39 96 7 2
39 97 10 6
39 98 10 5
39 99 4 5
39 100 1 7
40 42 10 5
40 43 5 8
40 44 5 2
40 45 2 5
40 47 3 6
40 49 6 4
40 51 4 2
40 52 8 1
40 54 1 2
40 55 8 3
40 57 2 7
40 59 6 7
40 60 7 10
40 61 6 10
40 62 5 9
40 63 4 7
40 64 7 4
40 66 9 3
40 67 3 10
40 69 2 6
40 70 3 4
40 71 5 3
40 72 10 7
40 73 2 10
40 74 7 7
40 75 8 1
40 76 7 5
40 78 9 7
40 79 2 7
40 80 7 5
40 81 5 8
40 82 4 1
40 84 3 3
40 87 5 10
40 88 9 10
40 89 9 8
40 90 9 3
40 91 9 1
40 92 10 9
40 94 7 9
40 95 6 1
40 96 2 7
40 98 7 4
40 99 3 7
41 42 7 6
41 43 3 9
41 44 8 3
41 45 2 1
41 46 3 3
41 47 2 1
41 48 10 8
41 49 6 5
41 52 2 5
41 53 1 4
41 54 8 8
41 56 2 6
41 57 5 3
41 59 5 9
41 61 9 5
41 62 6 9
41 63 4 9
41 64 10 8
41 65 10 4
41 66 2 9
41 67 9 10
41 68 10 9
41 69 3 9
41 70 6 6
41 71 8 10
41 72 3 8
41 73 4 6
41 74 5 9
41 75 1 8
41 76 3 1
41 77 5 9
41 78 1 4
41 79 8 1
41 80 7 10
41 81 5 2
41 82 3 8
41 84 1 1
41 85 3 3
41 86 1 3
41 87 6 4
41 88 2 1
41 89 2 9
41 90 2 2
41 91 8 3
41 92 5 8
41 93 7 6
41 94 7 6
41 96 3 9
41 97 8 2
41 100 2 6
42 43 3 10
42 44 8 3
42 45 5 7
42 47 2 8
42 48 1 2
42 49 1 10
42 50 8 3
42 51 4 7
42 52 4 8
42 53 2 6
42 54 7 6
42 55 2 2
42 56 7 3
42 57 1 7
42 59 5 4
42 60 6 8
42 61 10 1
42 62 6 4
42 63 7 10
42 64 3 3
42 65 7 2
42 66 8 3
42 68 5 10
42 69 9 6
42 70 10 3
42 71 10 10
42 72 10 7
42 73 4 5
42 74 10 9
42 75 9 5
42 76 1 7
42 77 9 7
42 78 6 8
42 79 6 10
42 81 10 1
42 82 1 2
42 83 10 4
42 84 5 8
42 85 10 3
42 86 7 4
42 88 10 2
42 89 4 9
42 90 9 8
42 91 1 5
42 92 4 9
42 94 10 9
42 95 9 3
42 96 7 6
42 97 9 2
42 98 10 5
42 100 8 6
43 45 3 5
43 46 9 2
43 47 5 1
43 48 1 1
43 49 5 9
43 51 9 4
43 52 1 2
43 53 7 1
43 54 10 4
43 56 9 4
43 57 7 9
43 58 1 1
43 59 3 3
43 60 10 4
43 61 2 2
43 62 8 1
43 63 1 6
43 64 3 7
43 65 6 2
43 66 9 9
43 67 10 4
43 69 10 10
43 71 9 9
43 72 3 1
43 73 4 10
43 74 5 8
43 75 9 10
43 76 5 9
43 77 1 7
43 78 10 8
43 79 2 4
43 80 2 10
43 81 7 5
43 82 9 6
43 83 7 10
43 84 6 7
43 85 10 9
43 86 5 2
43 87 1 4
43 91 3 10
43 92 5 7
43 93 5 3
43 95 1 8
43 96 1 8
43 97 4 4
43 98 5 7
44 45 6 9
44 46 5 3
44 47 10 10
44 48 6 9
44 49 3 10
44 50 2 5
44 51 9 8
44 52 2 6
44 54 4 8
44 57 5 8
44 58 8 2
44 59 9 3
44 60 1 7
44 62 7 8
44 63 6 6
44 66 2 9
44 67 4 5
44 69 3 2
44 70 1 7
44 71 7 9
44 72 5 3
44 73 1 1
44 74 6 9
44 75 8 4
44 76 5 5
44 77 9 6
44 78 7 6
44 79 5 10
44 80 3 3
44 81 1 5
44 85 1 9
44 86 4 5
44 87 1 2
44 89 3 3
44 90 8 3
44 91 3 1
44 92 2 9
44 94 1 2
44 96 4 3
44 97 1 3
44 98 6 7
44 99 4 2
44 100 3 6
45 46 1 7
45 48 9 1
45 50 5 1
45 51 1 8
45 52 10 5
45 53 2 7
45 54 7 9
45 55 4 1
45 57 9 2
45 58 10 10
45 60 3 4
45 61 5 8
45 62 9 6
45 65 10 8
45 67 4 3
45 68 3 5
45 69 2 4
45 70 7 1
45 71 2 6
45 72 2 2
45 73 1 5
45 74 1 5
45 76 6 5
45 77 9 8
45 78 7 4
45 80 8 1
45 81 8 10
45 82 7 4
45 83 9 9
45 84 3 2
45 85 3 10
45 86 2 9
45 87 10 8
45 88 7 10
45 90 7 1
45 91 4 5
45 94 5 10
45 95 2 9
45 96 3 8
45 97 10 8
45 98 8 2
45 99 7 1
45 100 10 2
46 47 7 9
46 48 5 9
46 49 10 8
46 50 2 10
46 52 8 6
46 53 3 7
46 54 2 2
46 55 10 5
46 58 4 6
46 59 2 10
46 60 5 3
46 61 9 1
46 62 7 4
46 63 2 1
46 64 4 2
46 65 4 5
46 67 4 10
46 68 3 7
46 69 9 6
46 70 8 5
46 71 2 5
46 72 2 7
46 73 9 10
46 75 4 1
46 76 5 7
46 77 1 10
46 78 1 7
46 79 10 10
46 80 7 7
46 82 4 6
46 84 4 2
46 85 6 4
46 86 4 3
46 87 1 2
46 88 10 2
46 89 10 6
46 92 2 2
46 94 3 9
46 95 3 7
46 96 10 6
46 97 4 7
46 100 1 6
47 48 3 3
47 49 4 2
47 50 2 6
47 51 9 8
47 52 4 2
47 53 7 3
47 54 1 10
47 55 4 9
47 57 7 3
47 58 4 8
47 59 8 4
47 60 4 9
47 61 3 3
47 62 8 2
47 63 1 7
47 64 9 9
47 65 3 10
47 67 9 1
47 68 4 6
47 69 4 3
47 70 6 1
47 72 9 1
47 73 2 4
47 74 6 2
47 75 9 6
47 76 5 1
47 77 7 9
47 78 9 5
47 79 4 9
47 80 9 4
47 83 2 10
47 84 1 4
47 85 8 6
47 86 7 8
47 87 5 4
47 89 6 3
47 91 6 1
47 92 8 9
47 93 9 7
47 94 3 10
47 95 6 9
47 96 7 5
47 97 8 3
47 98 10 10
47 99 5 6
47 100 2 4
48 50 7 1
48 51 8 4
48 52 10 10
48 53 10 3
48 54 1 1
48 55 2 6
48 56 3 8
48 57 4 7
48 58 8 7
48 59 3 4
48 60 2 1
48 61 10 8
48 62 9 3
48 63 4 3
48 64 10 10
48 65 6 1
48 66 9 9
48 67 5 9
48 68 6 1
48 69 8 10
48 70 8 10
48 71 6 8
48 72 6 6
48 73 4 4
48 74 8 7
48 76 7 3
48 77 1 8
48 78 10 2
48 79 8 10
48 80 6 8
48 82 2 4
48 83 6 8
48 84 9 3
48 85 8 5
48 86 9 1
48 87 6 3
48 89 1 6
48 90 5 4
48 92 6 7
48 93 2 5
48 94 1 1
48 96 5 3
48 97 4 8
48 98 1 10
48 99 5 10
48 100 7 4
49 50 9 1
49 51 5 3
49 52 5 4
49 54 5 9
49 55 7 2
49 56 4 1
49 57 4 8
49 58 2 1
49 60 4 10
49 62 5 6
49 63 3 9
49 65 7 6
49 66 6 9
49 67 1 10
49 68 6 8
49 69 3 8
49 70 2 7
49 71 2 7
49 72 8 9
49 73 9 10
49 75 3 5
49 76 3 7
49 77 10 2
49 79 4 9
49 80 4 8
49 81 9 4
49 82 2 2
49 83 2 1
49 84 4 5
49 85 10 4
49 86 4 6
49 87 6 1
49 88 6 1
49 90 9 5
49 91 10 1
49 92 10 3
49 93 7 9
49 94 10 4
49 95 4 9
49 96 8 9
49 97 2 3
49 98 9 6
49 99 5 3
49 100 4 9
50 52 6 6
50 53 3 7
50 54 4 7
50 55 6 9
50 56 1 3
50 57 5 2
50 58 8 5
50 59 3 4
50 61 1 10
50 63 4 4
50 64 5 1
50 65 2 3
50 66 4 2
50 68 9 1
50 69 6 6
50 70 4 5
50 71 10 5
50 72 9 5
50 73 6 10
50 74 10 5
50 75 4 9
50 76 2 8
50 77 7 6
50 78 4 4
50 80 4 2
50 81 4 5
50 82 4 3
50 83 9 2
50 84 4 1
50 85 6 6
50 86 4 9
50 87 2 7
50 88 5 10
50 89 5 4
50 90 9 7
50 91 2 9
50 92 10 2
50 93 8 2
50 97 4 10
50 98 3 2
50 99 5 2
50 100 4 1
51 52 8 4
51 53 8 5
51 54 10 7
51 56 10 1
51 57 3 4
51 58 1 2
51 59 3 2
51 60 4 8
51 61 1 3
51 62 6 3
51 64 9 10
51 65 3 5
51 66 8 8
51 67 8 6
51 68 3 1
51 69 7 3
51 71 9 10
51 72 6 4
51 73 7 10
51 74 4 10
51 75 6 10
51 77 9 9
51 78 10 1
51 79 5 5
51 80 5 5
51 81 3 10
51 82 4 6
51 83 3 6
51 84 9 5
51 87 6 7
51 88 6 10
51 90 3 4
51 91 5 6
51 92 10 8
51 93 7 2
51 94 10 4
51 95 10 5
51 96 3 10
51 97 5 7
51 98 1 6
51 99 1 2
51 100 9 3
52 53 4 5
52 54 7 9
52 55 7 10
52 57 7 8
52 59 8 5
52 60 7 5
52 61 7 8
52 62 1 5
52 63 4 8
52 64 5 4
52 65 10 8
52 67 1 6
52 69 5 3
52 70 1 3
52 71 8 9
52 72 8 6
52 73 10 4
52 75 3 3
52 76 2 2
52 77 7 7
52 78 4 3
52 79 5 4
52 82 3 7
52 83 1 2
52 84 6 7
52 85 8 5
52 87 5 7
52 88 4 3
52 89 2 9
52 90 5 5
52 91 8 7
52 92 9 3
52 93 7 5
52 95 8 8
52 97 3 1
52 98 8 8
52 99 8 1
52 100 7 1
53 54 1 6
53 55 4 9
53 56 8 4
53 57 6 4
53 58 5 1
53 60 7 2
53 61 10 7
53 62 7 4
53 64 5 9
53 66 5 5
53 67 6 8
53 68 6 10
53 69 9 10
53 73 6 9
53 74 4 9
53 75 7 8
53 76 5 8
53 77 2 4
53 78 6 1
53 79 9 8
53 80 8 4
53 82 9 10
53 84 8 2
53 85 4 1
53 86 1 9
53 87 7 5
53 89 4 3
53 91 8 6
53 92 9 8
53 93 1 10
53 94 6 7
53 95 10 8
53 96 1 5
53 97 8 1
53 98 3 6
53 99 9 5
53 100 9 10
54 55 4 1
54 56 7 9
54 57 4 6
54 58 2 4
54 59 1 10
54 61 7 1
54 62 10 1
54 63 6 2
54 64 1 4
54 66 7 7
54 67 8 10
54 68 3 5
54 69 4 5
54 70 6 2
54 71 7 6
54 72 8 1
54 73 10 9
54 74 1 9
54 75 5 5
54 76 5 4
54 77 9 7
54 78 1 5
54 79 8 10
54 81 10 6
54 82 10 2
54 83 7 5
54 84 3 9
54 85 4 9
54 86 2 1
54 87 4 5
54 89 5 10
54 90 5 2
54 91 9 10
54 92 9 4
54 93 5 2
54 94 6 5
54 95 6 5
54 96 1 4
54 97 2 4
54 98 8 10
54 99 5 3
54 100 7 5
55 56 3 8
55 58 8 6
55 59 9 2
55 61 8 8
55 62 8 5
55 63 1 10
55 65 2 2
55 66 7 5
55 67 7 7
55 68 4 7
55 69 4 1
55 70 6 4
55 71 6 6
55 72 7 1
55 73 5 6
55 74 4 8
55 75 4 2
55 76 3 8
55 77 1 8
55 78 2 4
55 79 4 1
55 80 4 5
55 82 2 10
55 83 2 5
55 84 9 1
55 87 4 5
55 89 2 1
55 91 9 10
55 92 9 9
55 94 7 7
55 95 8 3
55 96 7 5
55 97 8 10
55 99 7 4
55 100 2 3
56 57 3 9
56 58 4 5
56 59 8 2
56 60 3 9
56 61 5 5
56 62 2 6
56 63 4 1
56 64 2 3
56 65 8 9
56 68 3 2
56 69 1 8
56 70 4 3
56 73 1 2
56 76 2 6
56 79 5 4
56 80 5 2
56 81 1 5
56 82 1 10
56 83 10 2
56 84 1 5
56 87 10 9
56 88 2 6
56 89 4 5
56 90 7 8
56 91 10 10
56 92 4 6
56 93 2 8
56 97 6 10
56 98 1 5
56 100 5 1
57 58 3 3
57 60 1 6
57 61 8 1
57 62 4 9
57 63 2 4
57 64 6 7
57 65 1 6
57 68 10 3
57 69 10 7
57 71 4 6
57 72 7 9
57 74 9 4
57 75 2 4
57 76 4 6
57 78 2 10
57 79 10 5
57 81 8 3
57 83 3 2
57 84 3 6
57 85 3 6
57 86 7 8
57 87 7 1
57 88 7 7
57 89 5 2
57 90 8 1
57 92 7 6
57 93 5 8
57 94 9 4
57 95 8 7
57 97 2 10
57 98 4 1
57 99 2 5
57 100 9 3
58 59 2 4
58 60 6 5
58 61 5 7
58 62 4 5
58 63 3 4
58 64 8 1
58 65 1 7
58 66 5 4
58 67 3 7
58 68 3 1
58 69 3 5
58 71 8 5
58 72 6 6
58 73 7 7
58 74 9 1
58 75 1 1
58 76 8 1
58 78 5 9
58 79 4 5
58 80 4 6
58 81 8 5
58 82 2 6
58 83 5 6
58 84 5 3
58 85 5 3
58 87 6 5
58 88 6 7
58 89 2 4
58 90 6 8
58 91 6 6
58 92 5 2
58 93 10 2
58 95 5 7
58 96 6 4
58 97 6 6
58 98 10 6
58 99 5 3
58 100 10 3
59 60 5 7
59 61 6 8
59 62 9 3
59 63 3 8
59 64 1 8
59 65 7 9
59 66 2 10
59 67 1 3
59 68 8 7
59 69 2 3
59 71 3 3
59 72 7 7
59 74 1 2
59 76 5 8
59 77 3 10
59 78 9 7
59 79 9 3
59 82 6 2
59 83 10 7
59 84 7 5
59 85 3 8
59 86 2 5
59 88 4 10
59 92 8 7
59 93 5 4
59 94 8 2
59 95 10 10
59 96 10 2
59 98 4 4
59 99 7 6
60 61 10 1
60 62 4 5
60 63 3 5
60 65 8 9
60 67 8 4
60 68 2 1
60 69 2 6
60 70 9 8
60 71 1 9
60 72 2 9
60 73 6 2
60 74 7 10
60 76 8 10
60 77 9 7
60 78 4 10
60 79 10 10
60 80 2 1
60 81 6 10
60 82 9 10
60 83 2 7
60 85 6 9
60 86 1 1
60 89 10 5
60 90 8 9
60 93 7 10
60 94 4 2
60 95 10 5
60 96 10 6
60 97 10 1
60 98 4 8
60 100 6 8
61 63 9 6
61 64 8 5
61 65 8 2
61 66 5 2
61 67 5 6
61 68 1 2
61 69 10 8
61 70 6 8
61 71 3 8
61 72 7 2
61 73 10 4
61 74 2 1
61 75 4 6
61 76 8 3
61 77 7 4
61 78 1 2
61 81 2 6
61 83 4 1
61 85 2 2
61 86 9 10
61 87 7 1
61 88 5 3
61 89 1 6
61 91 4 7
61 94 7 8
61 96 4 8
61 98 8 5
61 99 10 7
61 100 2 4
62 63 4 2
62 64 2 1
62 66 3 9
62 67 10 6
62 69 5 5
62 70 3 2
62 71 5 3
62 72 6 1
62 73 3 7
62 74 6 7
62 75 10 1
62 76 3 1
62 77 10 7
62 78 9 7
62 79 8 1
62 80 7 1
62 81 10 5
62 82 10 10
62 84 7 8
62 85 5 4
62 87 3 9
62 89 4 5
62 90 6 3
62 91 4 8
62 92 8 5
62 93 6 4
62 94 4 4
62 95 6 1
62 96 1 2
62 97 5 4
62 98 2 3
62 99 1 7
62 100 1 3
63 65 2 2
63 66 7 10
63 67 6 6
63 69 1 10
63 70 3 1
63 71 7 6
63 73 2 8
63 75 4 10
63 76 2 6
63 77 6 1
63 78 5 1
63 79 2 7
63 80 4 10
63 81 9 4
63 82 2 9
63 84 5 6
63 85 6 7
63 86 2 5
63 88 9 7
63 90 3 7
63 92 5 9
63 94 2 2
63 95 9 9
63 97 4 1
63 98 4 1
63 99 10 4
63 100 4 1
64 65 7 9
64 66 8 5
64 67 6 8
64 68 6 2
64 69 8 10
64 71 4 8
64 72 6 6
64 73 5 10
64 74 8 3
64 75 2 5
64 76 5 1
64 77 5 7
64 79 5 5
64 80 9 5
64 81 2 3
64 82 10 9
64 84 8 6
64 85 3 3
64 86 9 8
64 88 5 1
64 89 10 10
64 90 8 5
64 92 5 8
64 94 7 6
64 95 4 3
64 97 8 7
64 98 9 4
64 99 10 8
65 66 4 4
65 67 7 7
65 68 1 6
65 69 1 9
65 70 6 7
65 71 10 1
65 72 4 9
65 73 5 2
65 74 10 9
65 75 7 4
65 77 5 7
65 78 8 6
65 79 6 3
65 80 5 5
65 81 7 2
65 82 9 10
65 83 7 9
65 84 8 6
65 85 3 3
65 87 1 5
65 88 3 7
65 89 4 4
65 90 7 5
65 91 3 10
65 92 5 7
65 93 6 2
65 94 9 9
65 97 4 1
65 99 6 3
65 100 5 2
66 67 2 3
66 68 9 9
66 70 10 1
66 72 7 2
66 73 2 5
66 74 2 6
66 75 5 2
66 76 7 6
66 77 9 10
66 78 6 6
66 79 2 7
66 80 7 4
66 81 6 7
66 82 6 4
66 84 10 1
66 85 6 10
66 86 9 3
66 87 1 1
66 88 1 10
66 89 10 8
66 90 3 7
66 92 4 9
66 93 7 1
66 94 2 9
66 95 10 3
66 96 6 8
66 97 4 7
66 99 1 4
66 100 8 9
67 68 3 4
67 69 9 4
67 70 4 7
67 71 1 4
67 72 8 10
67 73 1 9
67 74 10 5
67 75 6 5
67 76 6 4
67 78 2 2
67 79 9 8
67 80 5 8
67 81 6 10
67 82 9 8
67 83 9 4
67 85 9 10
67 86 8 5
67 88 8 3
67 89 6 4
67 90 6 6
67 91 4 2
67 92 3 1
67 93 9 8
67 94 3 3
67 95 7 2
67 96 4 6
67 97 3 10
67 98 5 8
67 99 4 6
68 70 2 8
68 72 3 1
68 73 6 9
68 74 7 8
68 75 3 8
68 76 3 9
68 77 1 10
68 78 5 5
68 79 10 7
68 80 7 2
68 81 2 6
68 82 1 3
68 83 10 10
68 84 5 4
68 85 1 1
68 86 1 3
68 88 4 5
68 89 10 7
68 90 2 5
68 91 9 7
68 92 10 4
68 93 2 8
68 94 9 7
68 95 3 10
68 96 2 3
68 97 5 5
68 99 4 5
68 100 3 7
69 71 10 5
69 74 7 5
69 75 8 4
69 76 10 2
69 78 3 6
69 79 6 4
69 80 7 2
69 81 9 3
69 82 6 6
69 84 10 10
69 85 10 5
69 86 1 2
69 87 9 5
69 88 7 10
69 89 3 4
69 90 2 3
69 91 9 8
69 92 4 3
69 93 7 9
69 94 2 9
69 95 2 4
69 96 3 1
69 97 6 4
69 98 2 4
69 100 5 5
70 71 10 3
70 72 4 8
70 73 4 7
70 75 8 9
70 76 6 6
70 77 1 3
70 78 4 7
70 79 5 10
70 80 3 10
70 81 3 7
70 82 6 9
70 84 5 1
70 85 1 6
70 86 6 4
70 87 8 9
70 89 3 2
70 90 8 4
70 93 3 9
70 94 2 2
70 95 4 8
70 98 2 3
70 99 2 7
70 100 10 2
71 72 6 8
71 73 6 5
71 74 2 3
71 75 9 7
71 76 5 3
71 78 4 7
71 79 3 8
71 80 8 9
71 81 10 5
71 82 9 10
71 83 6 2
71 87 5 8
71 88 9 10
71 89 2 6
71 90 2 8
71 92 10 6
71 93 4 5
71 94 9 3
71 95 8 8
71 96 7 7
71 97 10 4
71 99 9 4
71 100 7 1
72 73 8 5
72 74 2 3
72 76 1 9
72 77 6 9
72 79 7 9
72 80 6 4
72 81 1 4
72 83 9 3
72 86 6 3
72 87 7 2
72 89 2 6
72 90 1 1
72 92 10 10
72 94 5 6
72 95 2 4
72 96 9 5
72 97 4 7
72 98 3 5
73 74 2 9
73 75 2 5
73 76 5 10
73 77 6 8
73 78 2 3
73 79 7 4
73 80 10 4
73 81 2 2
73 83 1 9
73 84 1 8
73 85 2 8
73 86 8 1
73 87 2 10
73 88 4 10
73 89 1 1
73 91 1 9
73 92 10 1
73 93 5 4
73 94 1 2
73 95 10 10
73 96 7 2
73 97 2 2
73 98 9 9
73 99 6 2
73 100 10 3
74 75 2 3
74 76 8 7
74 77 3 7
74 78 10 5
74 79 3 1
74 80 10 2
74 81 7 8
74 82 2 7
74 83 9 1
74 84 3 8
74 85 8 9
74 86 9 8
74 87 10 1
74 88 1 5
74 90 9 7
74 91 5 3
74 92 4 8
74 93 1 1
74 94 3 9
74 95 1 10
74 96 3 2
74 97 9 1
74 98 8 8
74 100 1 7
75 76 8 4
75 77 6 2
75 79 10 5
75 80 3 9
75 81 10 5
75 82 4 9
75 84 6 5
75 85 5 4
75 87 7 10
75 88 5 6
75 89 5 10
75 90 10 8
75 91 5 10
75 92 7 2
75 93 8 9
75 94 5 2
75 95 1 9
75 96 1 3
75 97 10 6
75 98 8 6
75 99 6 4
75 100 4 9
76 77 1 5
76 78 5 2
76 79 1 8
76 80 9 8
76 81 6 4
76 82 9 8
76 83 1 3
76 84 10 6
76 87 3 9
76 88 9 10
76 90 4 7
76 91 4 10
76 92 2 3
76 93 5 2
76 94 3 4
76 95 8 3
76 96 2 2
76 97 9 2
76 98 10 8
76 99 7 7
76 100 7 10
77 78 2 2
77 80 9 7
77 82 2 10
77 84 5 5
77 85 5 1
77 87 6 3
77 88 7 4
77 89 5 10
77 90 3 7
77 91 8 6
77 93 9 3
77 95 8 10
77 97 3 9
77 99 6 2
77 100 5 9
78 79 7 5
78 80 4 4
78 81 9 5
78 82 5 4
78 83 5 10
78 84 8 10
78 85 1 3
78 86 1 6
78 87 5 1
78 88 2 7
78 89 6 7
78 90 5 9
78 91 5 7
78 92 9 10
78 93 4 3
78 94 1 3
78 95 1 9
78 96 6 7
78 97 7 5
78 98 4 1
78 99 5 2
78 100 1 8
79 80 9 2
79 81 2 4
79 82 5 6
79 83 10 3
79 84 1 10
79 85 9 2
79 86 2 4
79 87 8 3
79 88 2 10
79 90 4 8
79 91 3 7
79 92 8 7
79 93 7 3
79 94 10 7
79 95 6 2
79 96 1 5
79 98 4 2
79 99 7 3
79 100 4 1
80 81 10 10
80 82 10 6
80 83 7 7
80 84 2 4
80 87 5 9
80 88 4 3
80 89 7 4
80 91 4 1
80 93 8 7
80 94 6 2
80 95 8 8
80 96 10 8
80 97 5 5
80 99 9 3
80 100 10 5
81 82 7 5
81 83 9 7
81 84 7 4
81 85 4 5
81 86 3 9
81 87 3 6
81 89 10 10
81 91 6 10
81 92 2 8
81 93 7 10
81 94 4 9
81 95 8 6
81 96 5 9
81 98 6 9
81 99 6 2
82 83 9 5
82 84 3 8
82 85 7 2
82 86 10 5
82 87 6 4
82 88 3 6
82 90 1 3
82 92 6 9
82 94 5 7
82 97 9 6
82 98 2 5
82 99 9 8
82 100 6 5
83 85 4 2
83 86 9 2
83 87 5 1
83 88 7 4
83 90 1 6
83 91 7 9
83 92 10 5
83 93 8 9
83 94 9 2
83 95 2 6
83 97 1 5
83 98 6 6
83 99 4 3
83 100 9 9
84 85 4 10
84 87 1 5
84 88 6 4
84 89 3 2
84 90 2 1
84 92 1 6
84 93 10 10
84 94 9 4
84 96 4 8
84 97 7 6
84 98 3 3
84 99 6 6
84 100 9 1
85 86 2 5
85 87 3 6
85 88 8 10
85 89 6 10
85 90 7 1
85 91 1 6
85 93 8 1
85 94 3 5
85 95 6 9
85 96 6 10
85 99 3 9
85 100 7 8
86 87 10 7
86 88 2 7
86 90 2 6
86 91 3 3
86 93 4 3
86 94 7 8
86 95 3 1
86 96 5 2
86 97 2 7
86 99 1 1
86 100 9 10
87 88 4 5
87 89 5 7
87 90 4 3
87 91 2 7
87 92 7 10
87 93 4 1
87 94 5 5
87 95 3 9
87 96 8 10
87 97 4 3
87 98 10 10
87 99 5 4
87 100 2 3
88 89 5 8
88 90 2 1
88 91 5 1
88 92 8 8
88 93 4 2
88 94 9 6
88 96 1 6
88 97 1 2
88 98 6 9
88 99 6 9
89 90 2 1
89 92 9 1
89 93 4 4
89 94 3 4
89 96 10 3
89 98 1 2
89 99 1 9
89 100 5 6
90 91 1 10
90 93 1 9
90 94 5 9
90 96 10 1
90 97 3 10
90 98 5 6
90 99 2 4
90 100 3 5
91 92 7 9
91 93 1 6
91 99 8 5
91 100 10 2
92 94 3 2
92 95 3 3
92 97 4 4
92 98 10 7
92 99 8 1
93 95 8 3
93 98 10 3
93 99 8 7
93 100 1 8
94 95 10 2
94 96 10 8
94 97 9 8
94 98 4 9
94 100 9 6
95 96 9 3
95 99 4 7
95 100 5 5
96 98 10 1
96 99 8 3
96 100 8 3
97 98 7 1
97 99 2 3
97 100 7 2
98 99 2 1
99 100 1 9
1
1 2 3 4 5 6 7 8 9 10 11 12 13 14 15 16 17 18 19 20 21 22 23 24 25 26 27 28 29 30 31 32 33 34 35 36 37 38 39 40 41 42 43 44 45 46 47 48 49 50
