3968
1 2 7 4
1 4 8 9
1 5 4 9
1 6 9 8
1 7 1 8
1 8 7 1
1 9 1 6
1 12 10 3
1 13 8 1
1 14 2 8
1 15 10 4
1 16 6 5
1 17 10 8
1 18 1 9
1 19 7 10
1 21 7 1
1 22 2 5
1 23 5 5
1 24 6 2
1 25 6 6
1 26 7 9
1 30 2 6
1 31 2 4
1 32 10 5
1 33 6 5
1 35 5 3
1 36 6 6
1 38 7 7
1 39 4 3
1 40 1 6
1 41 9 2
1 43 7 5
1 44 6 1
1 45 5 10
1 47 6 1
1 48 10 10
1 49 2 8
1 50 5 10
1 51 8 3
1 52 5 2
1 53 1 10
1 54 4 3
1 55 10 10
1 56 9 5
1 58 5 2
1 59 10 7
1 60 1 6
1 61 4 7
1 63 8 9
1 64 6 7
1 65 3 10
1 66 2 7
1 67 9 10
1 68 6 7
1 69 5 4
1 70 5 9
1 71 9 1
1 72 5 9
1 73 6 4
1 74 9 8
1 75 8 10
1 77 1 10
1 79 6 1
1 80 7 10
1 81 3 6
1 82 2 2
1 83 9 10
1 84 9 6
1 85 10 8
1 86 8 3
1 87 1 4
1 88 1 7
1 89 2 1
1 91 1 7
1 92 5 10
1 93 8 5
1 94 10 4
1 95 2 9
1 96 3 6
1 97 2 4
1 99 9 7
1 100 1 10
2 4 4 2
2 5 4 10
2 6 9 5
2 7 6 10
2 8 6 5
2 9 2 4
2 10 3 1
2 11 6 4
2 15 7 8
2 16 1 6
2 17 8 7
2 18 1 4
2 19 9 1
2 20 8 6
2 22 2 8
2 25 7 1
2 26 3 5
2 27 3 3
2 28 4 7
2 29 2 9
2 30 10 4
2 31 4 6
2 32 6 3
2 33 6 10
2 35 5 9
2 36 6 3
2 38 7 6
2 39 7 4
2 40 1 8
2 41 4 5
2 42 8 5
2 43 8 9
2 44 4 7
2 46 4 4
2 47 10 9
2 48 6 2
2 49 6 6
2 50 9 3
2 51 2 7
2 52 1 6
2 54 3 6
2 56 6 6
2 57 6 1
2 58 8 7
2 59 1 8
2 60 5 10
2 61 1 7
2 62 5 7
2 63 8 2
2 65 8 3
2 66 2 4
2 68 10 10
2 69 6 2
2 70 9 3
2 72 7 3
2 73 2 10
2 74 5 10
2 75 7 3
2 76 10 7
2 77 10 10
2 78 8 4
2 79 10 7
2 80 2 2
2 81 7 5
2 82 4 3
2 83 7 7
2 84 2 1
2 85 1 1
2 86 3 3
2 87 6 9
2 88 7 9
2 89 4 2
2 90 5 10
2 91 9 5
2 92 4 7
2 93 3 8
2 96 5 7
2 97 5 5
2 98 2 7
2 99 6 4
2 100 4 1
3 5 1 2
3 6 2 9
3 7 5 6
3 8 6 6
3 10 10 1
3 11 5 7
3 12 10 5
3 13 6 4
3 14 2 9
3 15 8 7
3 17 6 6
3 18 7 9
3 19 8 7
3 21 2 2
3 22 3 8
3 24 3 1
3 25 2 8
3 26 5 10
3 27 1 5
3 28 4 2
3 29 5 1
3 30 3 1
3 31 10 9
3 32 5 4
3 33 2 4
3 34 4 7
3 36 3 2
3 37 8 4
3 38 9 6
3 39 5 1
3 42 2 8
3 44 1 6
3 45 4 5
3 46 4 2
3 47 4 7
3 48 10 3
3 49 5 4
3 50 10 9
3 51 3 3
3 52 8 10
3 53 7 1
3 54 2 9
3 55 3 3
3 56 6 10
3 57 1 7
3 60 4 3
3 61 8 8
3 63 10 4
3 65 9 8
3 66 2 1
3 67 7 10
3 68 2 9
3 69 10 10
3 70 3 4
3 71 3 9
3 72 6 4
3 73 7 8
3 74 5 4
3 76 8 7
3 77 10 7
3 78 6 7
3 79 7 6
3 80 9 5
3 81 9 3
3 82 10 8
3 83 3 6
3 84 10 6
3 85 10 4
3 88 4 7
3 89 4 9
3 90 6 5
3 91 3 7
3 93 5 8
3 94 6 4
3 95 5 1
3 96 5 6
3 97 10 2
3 98 10 5
3 99 10 7
3 100 5 6
4 6 8 10
4 7 9 6
4 8 1 4
4 10 2 1
4 11 8 8
4 13 9 3
4 14 10 7
4 15 1 2
4 16 6 8
4 17 9 10
4 18 9 4
4 19 5 2
4 20 7 6
4 21 10 5
4 23 3 9
4 24 8 7
4 25 3 4
4 26 3 3
4 27 9 8
4 29 5 9
4 30 10 2
4 31 6 7
4 33 10 7
4 34 8 8
4 38 5 5
4 40 2 5
4 41 2 9
4 42 3 6
4 44 1 5
4 45 10 4
4 46 7 9
4 47 8 5
4 49 4 1
4 50 3 5
4 51 7 5
4 53 8 9
4 55 9 7
4 56 5 1
4 58 3 7
4 59 8 6
4 61 10 4
4 62 3 6
4 63 8 5
4 64 9 5
4 66 3 2
4 67 7 10
4 68 4 8
4 69 5 10
4 70 3 9
4 71 8 8
4 72 6 10
4 73 2 6
4 74 1 10
4 76 2 4
4 77 1 7
4 78 8 5
4 79 4 4
4 80 9 8
4 81 3 1
4 82 7 4
4 83 10 9
4 84 8 1
4 87 4 5
4 88 9 4
4 89 1 8
4 90 9 10
4 91 5 7
4 92 3 8
4 93 5 5
4 94 5 4
4 95 4 5
4 96 2 8
4 97 4 5
4 98 5 8
4 99 5 1
4 100 7 9
5 8 10 4
5 9 1 2
5 10 1 7
5 12 10 1
5 13 7 1
5 14 2 6
5 15 5 3
5 16 4 4
5 17 3 10
5 18 4 10
5 20 7 10
5 21 9 9
5 22 3 10
5 23 7 5
5 25 1 7
5 26 10 6
5 27 6 2
5 28 3 4
5 30 2 3
5 31 9 10
5 32 5 3
5 34 1 1
5 35 2 9
5 37 9 8
5 38 8 3
5 39 8 7
5 40 2 7
5 42 5 9
5 43 8 8
5 44 8 7
5 45 10 4
5 46 9 3
5 47 5 3
5 48 3 3
5 49 8 3
5 50 2 10
5 51 2 1
5 52 3 2
5 53 7 1
5 54 9 4
5 55 1 5
5 56 5 10
5 57 1 3
5 58 6 3
5 61 8 7
5 62 10 1
5 63 10 7
5 64 7 4
5 65 8 1
5 66 8 2
5 67 3 2
5 68 4 5
5 71 10 5
5 72 5 6
5 73 5 6
5 74 6 6
5 75 5 4
5 76 4 1
5 77 1 3
5 78 8 7
5 79 10 5
5 80 2 5
5 81 9 3
5 82 5 10
5 83 7 10
5 84 6 5
5 85 9 10
5 86 7 1
5 87 3 10
5 89 5 7
5 90 6 4
5 91 2 1
5 92 3 5
5 93 4 4
5 94 7 4
5 95 5 3
5 96 1 9
5 97 5 1
5 98 5 8
5 99 9 3
5 100 9 10
6 7 10 10
6 9 3 4
6 10 5 5
6 11 1 5
6 13 7 10
6 14 9 10
6 15 2 7
6 16 4 10
6 17 8 1
6 18 6 7
6 19 3 10
6 21 6 9
6 22 1 3
6 23 8 10
6 24 9 3
6 25 9 3
6 26 2 9
6 27 7 10
6 28 9 6
6 29 3 10
6 30 2 8
6 31 3 9
6 33 10 2
6 34 6 3
6 35 3 3
6 36 6 7
6 37 8 10
6 38 8 2
6 39 2 3
6 40 3 9
6 42 4 10
6 43 4 9
6 44 1 4
6 45 10 7
6 46 8 6
6 47 1 3
6 48 4 4
6 49 7 3
6 50 4 6
6 51 6 5
6 52 9 10
6 54 3 8
6 55 9 4
6 56 5 7
6 57 1 9
6 58 4 5
6 59 4 1
6 63 1 9
6 64 9 8
6 65 4 10
6 66 10 4
6 67 4 9
6 68 5 4
6 69 4 9
6 72 8 8
6 73 1 10
6 74 9 9
6 76 3 2
6 77 2 5
6 78 8 1
6 79 4 5
6 80 5 6
6 81 2 10
6 82 9 1
6 83 8 6
6 85 3 1
6 86 8 10
6 88 4 5
6 89 7 9
6 90 8 10
6 92 7 3
6 93 7 9
6 95 4 3
6 96 4 10
6 97 7 7
6 100 8 10
7 11 4 7
7 12 2 10
7 13 7 2
7 14 2 3
7 15 8 10
7 16 10 4
7 17 1 5
7 18 10 10
7 19 4 8
7 20 9 6
7 21 3 5
7 22 2 7
7 23 4 4
7 25 5 9
7 26 4 6
7 27 9 9
7 28 1 6
7 29 2 8
7 31 3 3
7 32 3 10
7 33 9 7
7 34 10 3
7 35 2 7
7 36 4 2
7 38 3 4
7 39 8 9
7 40 9 1
7 41 8 9
7 42 6 2
7 44 4 1
7 45 2 8
7 46 4 3
7 47 8 8
7 49 10 2
7 50 10 6
7 51 10 2
7 52 9 7
7 53 5 7
7 54 2 3
7 55 7 1
7 56 9 6
7 57 2 3
7 59 7 9
7 61 5 8
7 62 5 7
7 64 1 5
7 65 3 5
7 66 9 1
7 67 9 6
7 68 4 6
7 69 9 6
7 70 10 7
7 71 5 2
7 72 3 2
7 73 2 7
7 74 1 5
7 75 2 3
7 76 1 10
7 77 10 9
7 78 2 5
7 79 5 4
7 80 5 2
7 82 10 5
7 83 9 1
7 84 10 7
7 85 5 7
7 87 8 1
7 88 8 9
7 89 9 10
7 90 2 5
7 91 10 2
7 93 1 6
7 94 9 5
7 95 6 7
7 96 10 1
7 97 5 10
7 98 10 4
7 99 8 10
7 100 3 1
8 11 10 10
8 12 5 6
8 13 10 1
8 14 9 1
8 15 7 1
8 16 4 9
8 18 10 8
8 19 3 7
8 20 7 6
8 23 3 9
8 25 8 9
8 26 3 7
8 27 9 8
8 28 7 10
8 29 6 1
8 30 4 6
8 31 2 4
8 32 3 10
8 33 6 5
8 34 7 7
8 35 9 9
8 36 8 6
8 37 9 7
8 38 10 5
8 39 2 7
8 40 8 5
8 41 7 7
8 42 8 3
8 43 8 9
8 44 10 5
8 45 9 6
8 46 4 1
8 48 1 5
8 49 8 7
8 50 5 9
8 51 5 1
8 52 9 5
8 53 8 8
8 54 4 7
8 55 4 2
8 57 3 3
8 58 4 10
8 59 9 9
8 60 6 9
8 61 8 2
8 62 9 2
8 63 10 3
8 64 4 9
8 65 2 5
8 69 5 2
8 71 1 10
8 72 5 2
8 73 10 6
8 74 4 1
8 75 8 5
8 76 1 2
8 79 9 10
8 80 7 8
8 82 3 10
8 84 2 3
8 85 4 4
8 87 10 3
8 88 3 9
8 89 2 7
8 91 2 3
8 92 7 5
8 93 9 10
8 94 8 10
8 95 9 5
8 96 6 2
8 97 7 2
8 99 7 5
9 10 5 6
9 12 5 7
9 13 1 1
9 15 3 2
9 16 6 9
9 17 6 8
9 18 4 10
9 19 4 1
9 20 4 4
9 21 9 8
9 22 9 8
9 23 10 2
9 24 1 6
9 25 1 4
9 26 4 1
9 27 8 4
9 28 7 8
9 29 8 5
9 30 8 1
9 31 2 2
9 32 8 3
9 33 2 5
9 35 2 3
9 36 7 7
9 37 3 4
9 38 4 5
9 39 6 3
9 40 8 2
9 41 2 2
9 42 8 2
9 43 8 1
9 44 3 4
9 45 6 2
9 46 8 10
9 47 10 1
9 48 7 5
9 49 2 9
9 52 2 1
9 53 3 6
9 54 10 3
9 55 6 2
9 58 2 3
9 59 7 1
9 60 10 6
9 62 10 8
9 63 4 1
9 65 3 3
9 66 4 6
9 67 9 10
9 69 10 7
9 71 10 8
9 72 4 3
9 74 7 3
9 76 7 3
9 77 1 10
9 78 4 8
9 79 4 6
9 80 10 7
9 81 3 5
9 82 4 2
9 83 7 10
9 84 1 1
9 85 3 5
9 86 4 10
9 88 2 2
9 90 6 8
9 91 6 6
9 98 8 7
9 99 6 7
9 100 5 4
10 11 6 9
10 12 1 10
10 13 6 4
10 15 4 9
10 16 8 1
10 17 9 1
10 18 2 9
10 19 1 5
10 20 5 7
10 21 1 4
10 22 1 4
10 23 6 4
10 24 1 9
10 25 10 1
10 26 6 2
10 27 6 4
10 28 6 1
10 29 9 10
10 30 6 2
10 32 4 8
10 33 1 8
10 35 10 5
10 36 8 7
10 37 8 5
10 38 8 4
10 39 3 6
10 41 6 7
10 43 4 1
10 44 2 1
10 45 3 7
10 47 9 10
10 48 10 9
10 49 8 9
10 50 1 7
10 51 4 9
10 52 1 2
10 53 4 4
10 54 3 6
10 56 2 6
10 58 4 7
10 59 9 5
10 60 4 3
10 61 3 3
10 62 4 8
10 63 1 4
10 64 9 9
10 65 2 10
10 66 8 10
10 67 3 9
10 68 7 3
10 70 6 5
10 71 4 1
10 72 4 2
10 73 5 6
10 75 2 6
10 77 9 9
10 78 6 8
10 79 10 2
10 80 3 3
10 82 2 2
10 83 4 9
10 84 4 6
10 86 8 3
10 87 10 9
10 88 1 8
10 91 9 9
10 92 1 4
10 93 4 3
10 94 5 9
10 96 3 2
10 98 5 5
10 99 4 9
10 100 10 1
11 12 5 8
11 13 3 7
11 14 4 1
11 15 7 6
11 16 4 4
11 17 8 4
11 18 10 7
11 19 10 2
11 20 3 4
11 21 4 4
11 22 3 9
11 23 6 2
11 24 7 1
11 25 2 4
11 26 10 4
11 28 9 9
11 29 2 10
11 31 10 6
11 34 5 7
11 35 10 9
11 37 7 8
11 39 8 10
11 42 10 4
11 44 4 4
11 45 7 1
11 46 1 7
11 47 3 9
11 48 7 1
11 51 2 5
11 52 5 8
11 54 4 4
11 55 6 10
11 56 8 3
11 58 10 10
11 59 3 2
11 60 4 10
11 61 3 6
11 63 1 3
11 64 7 3
11 65 2 3
11 66 1 8
11 67 7 6
11 69 4 9
11 70 6 3
11 71 9 9
11 73 1 3
11 74 10 9
11 75 4 7
11 76 6 10
11 78 10 7
11 79 6 9
11 80 9 10
11 81 5 6
11 82 6 6
11 83 3 4
11 84 5 8
11 85 2 4
11 86 1 10
11 87 10 8
11 88 8 7
11 90 3 9
11 91 3 7
11 93 8 9
11 95 9 8
11 97 7 3
11 98 4 3
11 99 9 5
11 100 9 6
12 13 8 5
12 17 1 2
12 18 3 5
12 19 6 4
12 20 5 9
12 21 8 9
12 22 5 6
12 23 9 2
12 24 10 1
12 25 9 5
12 27 6 8
12 28 9 4
12 29 4 10
12 30 3 8
12 31 4 10
12 32 9 3
12 33 8 2
12 34 1 9
12 36 4 8
12 37 2 1
12 39 6 10
12 40 10 10
12 41 9 3
12 43 8 6
12 44 4 6
12 46 3 3
12 48 10 8
12 49 5 3
12 50 3 7
12 51 4 2
12 52 6 9
12 53 3 4
12 54 5 10
12 55 9 6
12 59 6 10
12 61 4 3
12 62 5 3
12 64 6 6
12 67 1 2
12 68 10 10
12 69 2 7
12 70 4 7
12 71 9 7
12 73 7 10
12 74 7 3
12 75 1 6
12 76 2 4
12 77 6 10
12 78 8 6
12 79 8 1
12 81 4 2
12 82 7 9
12 83 10 7
12 84 5 3
12 85 2 4
12 86 8 6
12 87 10 10
12 88 2 1
12 89 10 4
12 90 5 3
12 92 7 6
12 93 4 3
12 94 7 3
12 95 10 9
12 96 6 9
12 97 8 10
12 98 7 8
12 99 3 2
12 100 10 2
13 15 3 8
13 16 1 4
13 17 3 8
13 18 6 8
13 19 9 8
13 20 4 7
13 22 3 5
13 23 7 3
13 24 9 9
13 25 3 1
13 26 2 9
13 27 1 2
13 28 1 7
13 30 9 9
13 31 5 2
13 32 6 2
13 34 7 7
13 35 4 5
13 36 5 6
13 37 8 1
13 38 2 6
13 39 9 5
13 40 6 4
13 41 9 7
13 42 10 7
13 43 6 6
13 44 5 10
13 45 6 4
13 46 7 6
13 47 4 5
13 49 4 7
13 51 2 3
13 52 9 7
13 53 8 8
13 54 5 9
13 55 6 1
13 56 9 6
13 57 9 3
13 58 4 3
13 59 6 2
13 60 1 9
13 61 8 7
13 62 9 9
13 63 2 10
13 65 9 2
13 68 5 5
13 69 1 3
13 70 8 5
13 71 6 8
13 72 8 6
13 75 10 6
13 77 3 10
13 78 2 9
13 80 10 5
13 81 10 1
13 82 9 8
13 83 3 3
13 84 6 1
13 85 10 8
13 87 2 3
13 88 9 8
13 89 2 3
13 90 3 2
13 91 5 6
13 92 4 10
13 93 7 8
13 94 5 3
13 95 4 1
13 97 2 2
13 98 8 3
13 99 6 5
13 100 5 1
14 15 10 5
14 16 10 4
14 17 1 6
14 18 10 8
14 19 7 9
14 20 9 1
14 21 9 6
14 22 10 9
14 23 10 3
14 24 6 9
14 25 7 8
14 26 10 5
14 27 6 2
14 28 10 9
14 30 6 3
14 31 5 1
14 32 6 2
14 33 3 4
14 35 1 4
14 36 2 10
14 37 5 9
14 39 2 9
14 40 8 1
14 41 8 9
14 42 8 1
14 43 6 1
14 44 10 6
14 45 10 2
14 47 7 4
14 48 6 6
14 49 6 3
14 50 1 8
14 51 4 1
14 53 1 8
14 54 2 5
14 55 5 1
14 56 6 6
14 57 9 10
14 58 2 10
14 59 9 5
14 60 9 10
14 61 5 7
14 62 5 10
14 63 1 7
14 64 2 3
14 65 9 7
14 66 4 6
14 67 2 5
14 68 4 3
14 69 10 1
14 71 8 5
14 72 4 4
14 73 8 2
14 75 8 6
14 76 1 3
14 77 2 6
14 78 3 5
14 79 3 8
14 80 6 4
14 81 2 9
14 82 3 2
14 83 10 5
14 84 10 1
14 85 7 7
14 86 5 10
14 87 7 1
14 88 7 3
14 90 10 7
14 91 8 4
14 92 9 1
14 93 7 6
14 94 1 8
14 97 4 8
14 98 7 6
14 99 3 4
14 100 8 8
15 16 7 3
15 17 7 5
15 18 9 3
15 19 9 3
15 20 7 8
15 22 7 1
15 23 4 10
15 24 1 7
15 26 10 7
15 27 5 10
15 29 2 1
15 30 4 8
15 31 3 1
15 33 2 9
15 34 6 4
15 35 1 3
15 37 10 7
15 38 1 6
15 40 5 1
15 41 1 2
15 42 2 8
15 43 5 9
15 44 9 4
15 45 7 1
15 46 2 5
15 47 3 3
15 48 5 8
15 49 4 4
15 50 8 4
15 51 10 1
15 52 1 7
15 53 7 6
15 58 3 1
15 59 7 4
15 60 10 3
15 61 9 8
15 62 9 5
15 63 6 7
15 64 3 5
15 65 6 1
15 66 3 5
15 67 1 9
15 70 9 5
15 71 5 8
15 72 8 8
15 74 9 9
15 75 9 6
15 77 6 9
15 78 10 1
15 79 5 4
15 80 1 10
15 81 10 10
15 83 1 2
15 84 9 6
15 85 4 2
15 86 5 6
15 87 6 3
15 88 10 1
15 90 5 2
15 91 9 3
15 94 4 8
15 95 3 5
15 96 7 9
15 97 6 6
15 99 2 6
15 100 3 1
16 17 6 3
16 19 1 8
16 20 9 8
16 21 3 3
16 23 10 7
16 24 5 6
16 28 7 3
16 29 1 6
16 30 7 5
16 31 9 5
16 32 1 4
16 33 7 3
16 35 1 2
16 36 10 8
16 37 2 6
16 41 1 2
16 42 7 6
16 43 3 6
16 44 7 10
16 45 2 6
16 46 1 5
16 47 10 3
16 49 7 8
16 51 8 2
16 52 2 2
16 53 4 3
16 54 2 4
16 56 10 7
16 57 9 6
16 58 2 10
16 59 6 8
16 60 9 4
16 63 1 2
16 64 6 7
16 67 2 1
16 68 3 1
16 69 7 3
16 70 9 6
16 71 10 10
16 72 6 6
16 73 2 3
16 74 4 6
16 75 4 2
16 76 3 3
16 77 6 4
16 78 9 5
16 80 8 3
16 81 7 5
16 82 8 6
16 83 5 2
16 84 3 2
16 85 4 10
16 86 1 10
16 87 3 8
16 88 6 8
16 89 9 10
16 90 5 6
16 91 8 3
16 92 7 6
16 93 5 7
16 94 2 1
16 95 7 8
16 96 6 6
16 97 8 7
16 98 8 3
16 99 9 7
16 100 6 9
17 18 9 9
17 20 3 1
17 21 2 9
17 23 10 1
17 24 10 4
17 25 7 1
17 26 4 8
17 27 1 9
17 29 9 9
17 30 8 7
17 31 4 8
17 32 8 10
17 33 9 7
17 34 6 7
17 36 3 4
17 37 3 10
17 38 3 4
17 39 5 5
17 40 5 10
17 43 10 7
17 44 5 6
17 45 9 5
17 46 8 2
17 47 6 6
17 48 5 8
17 49 10 4
17 50 3 9
17 51 9 7
17 52 6 4
17 54 10 9
17 55 9 5
17 57 6 9
17 58 3 3
17 59 2 3
17 60 9 3
17 61 8 6
17 62 8 4
17 64 9 8
17 65 7 9
17 66 7 7
17 68 7 4
17 69 3 2
17 71 8 3
17 72 4 2
17 73 3 9
17 75 3 7
17 76 2 1
17 77 2 1
17 78 5 1
17 79 2 2
17 81 10 8
17 82 2 5
17 83 1 9
17 84 6 10
17 85 4 5
17 86 8 9
17 87 5 1
17 88 1 6
17 89 9 5
17 90 7 2
17 92 10 8
17 93 4 10
17 95 10 7
17 96 5 4
17 98 6 2
17 99 4 2
17 100 6 7
18 19 10 8
18 21 9 5
18 22 8 10
18 23 1 6
18 24 1 7
18 25 6 6
18 26 4 8
18 28 5 10
18 30 5 5
18 31 10 7
18 32 9 5
18 34 8 3
18 37 10 8
18 39 1 1
18 40 9 8
18 43 8 8
18 44 8 4
18 45 7 8
18 47 9 8
18 48 5 8
18 49 5 10
18 50 9 1
18 53 6 6
18 56 3 9
18 58 2 4
18 59 10 1
18 61 7 3
18 62 3 10
18 63 8 10
18 64 3 4
18 66 8 7
18 67 1 4
18 68 10 8
18 70 5 3
18 72 4 8
18 73 1 6
18 74 5 3
18 75 6 10
18 76 10 2
18 77 8 2
18 78 7 4
18 79 3 3
18 81 4 1
18 82 3 1
18 83 1 2
18 84 5 5
18 85 5 9
18 86 7 6
18 87 9 10
18 88 10 4
18 89 8 1
18 90 7 10
18 91 9 8
18 92 4 4
18 95 2 5
18 96 4 8
18 97 2 10
18 98 6 7
18 99 8 4
18 100 5 8
19 20 2 10
19 22 8 3
19 23 9 1
19 24 7 10
19 25 1 7
19 26 2 9
19 29 3 7
19 31 10 6
19 32 1 4
19 34 3 9
19 35 10 2
19 36 10 5
19 37 1 9
19 38 10 9
19 39 10 3
19 40 5 3
19 41 4 4
19 42 8 9
19 43 9 1
19 44 1 5
19 45 1 1
19 46 1 4
19 47 2 1
19 48 3 6
19 49 1 7
19 50 8 5
19 51 10 6
19 52 4 4
19 56 6 10
19 57 3 3
19 58 8 4
19 60 10 1
19 61 7 4
19 62 6 4
19 63 2 2
19 64 1 10
19 66 9 4
19 67 5 10
19 68 10 10
19 69 6 9
19 71 7 1
19 72 9 9
19 73 2 3
19 74 5 7
19 75 3 6
19 76 2 10
19 77 3 2
19 78 6 1
19 79 9 9
19 80 9 8
19 81 1 8
19 82 3 6
19 83 2 6
19 84 10 7
19 85 8 3
19 86 9 5
19 88 3 4
19 89 3 8
19 92 2 2
19 93 8 3
19 94 1 4
19 96 8 8
19 97 6 1
19 99 8 7
19 100 5 3
20 21 10 3
20 22 7 5
20 23 6 8
20 25 6 9
20 26 8 5
20 27 9 3
20 28 7 1
20 30 6 5
20 31 4 1
20 33 1 5
20 34 3 1
20 35 5 6
20 36 5 1
20 38 4 7
20 39 4 8
20 40 10 8
20 41 5 7
20 42 8 3
20 43 6 4
20 44 10 7
20 46 7 7
20 47 1 5
20 48 8 1
20 50 10 2
20 51 7 3
20 52 9 5
20 54 2 2
20 55 10 10
20 57 8 10
20 59 2 1
20 61 1 10
20 62 5 3
20 63 10 9
20 66 5 1
20 67 1 8
20 68 8 8
20 71 9 4
20 72 7 5
20 74 5 2
20 75 9 8
20 78 9 4
20 80 2 3
20 82 9 5
20 84 5 6
20 86 6 3
20 87 2 9
20 88 5 8
20 89 9 10
20 92 10 9
20 93 7 5
20 94 7 2
20 95 2 9
20 96 6 1
20 97 2 2
20 98 2 7
20 99 4 2
20 100 7 8
21 22 3 10
21 24 4 4
21 25 9 3
21 29 4 8
21 31 3 4
21 32 3 8
21 33 9 4
21 34 2 3
21 35 2 2
21 36 10 1
21 37 4 10
21 38 5 10
21 39 10 6
21 42 6 10
21 43 7 1
21 44 1 6
21 46 1 8
21 47 1 2
21 49 4 4
21 50 7 4
21 51 6 1
21 52 7 10
21 53 2 6
21 54 2 8
21 55 3 6
21 56 1 5
21 57 7 2
21 58 5 8
21 59 7 1
21 60 8 4
21 61 4 6
21 62 10 3
21 63 5 1
21 64 5 6
21 65 6 4
21 66 5 8
21 67 7 7
21 68 2 7
21 69 10 9
21 70 6 6
21 71 7 10
21 72 5 2
21 73 7 4
21 77 2 4
21 78 2 6
21 79 8 5
21 80 9 4
21 82 7 10
21 83 10 4
21 84 6 6
21 85 1 1
21 86 8 7
21 87 7 7
21 88 1 10
21 90 1 2
21 91 2 2
21 92 8 4
21 93 2 3
21 94 6 10
21 95 3 9
21 96 8 4
21 97 10 3
21 99 3 10
21 100 6 6
22 24 8 7
22 28 1 9
22 29 4 10
22 30 3 2
22 31 7 10
22 32 2 6
22 34 10 4
22 35 7 4
22 36 7 5
22 37 9 8
22 38 7 7
22 39 7 4
22 40 3 10
22 41 3 8
22 42 1 3
22 43 4 1
22 44 1 4
22 48 8 9
22 50 9 3
22 51 1 1
22 52 10 3
22 53 10 7
22 54 1 5
22 55 5 1
22 56 8 7
22 58 9 7
22 59 6 5
22 60 6 3
22 61 4 2
22 62 7 6
22 63 8 8
22 64 7 3
22 65 3 1
22 68 9 7
22 69 7 7
22 70 6 1
22 71 6 10
22 72 4 5
22 73 9 5
22 74 6 3
22 75 6 3
22 78 3 1
22 79 9 7
22 80 8 8
22 81 6 5
22 83 8 1
22 85 2 5
22 86 4 10
22 87 8 6
22 88 7 2
22 90 3 6
22 91 3 4
22 92 1 1
22 93 1 6
22 94 5 4
22 96 8 5
22 97 3 5
22 99 8 9
22 100 10 1
23 24 3 4
23 25 3 8
23 26 1 6
23 27 8 6
23 28 1 6
23 29 8 5
23 30 7 1
23 31 9 10
23 33 4 9
23 34 10 1
23 35 9 8
23 36 7 1
23 37 4 5
23 38 2 9
23 39 2 3
23 40 6 9
23 41 3 7
23 42 1 3
23 43 10 6
23 44 1 2
23 45 10 5
23 46 1 8
23 47 2 7
23 48 4 1
23 49 9 1
23 50 1 6
23 51 9 9
23 52 7 5
23 53 5 8
23 54 6 9
23 55 2 2
23 56 5 9
23 57 2 9
23 58 4 5
23 59 8 7
23 61 8 10
23 62 7 9
23 63 9 9
23 64 8 8
23 66 3 3
23 68 7 3
23 71 2 2
23 72 10 3
23 73 5 5
23 74 10 8
23 76 7 7
23 78 7 1
23 79 6 8
23 80 7 5
23 81 8 2
23 83 8 1
23 85 9 10
23 86 9 8
23 88 5 5
23 89 8 8
23 90 1 3
23 91 6 1
23 92 4 1
23 93 10 3
23 94 6 7
23 95 6 3
23 96 2 1
23 97 1 4
23 98 5 6
23 100 9 6
24 25 1 1
24 26 5 1
24 27 5 1
24 28 9 7
24 29 2 1
24 30 10 1
24 31 6 7
24 32 6 2
24 33 2 8
24 35 2 2
24 37 1 10
24 38 8 2
24 39 3 2
24 40 10 7
24 41 7 8
24 42 6 4
24 43 10 2
24 44 7 6
24 45 4 1
24 46 2 10
24 50 4 4
24 51 8 6
24 52 5 3
24 53 7 3
24 54 3 8
24 56 6 5
24 57 2 7
24 58 1 5
24 59 1 7
24 60 7 2
24 62 5 6
24 63 5 3
24 64 4 1
24 65 9 4
24 66 8 9
24 68 6 3
24 69 5 2
24 70 4 7
24 73 7 5
24 74 4 7
24 75 8 3
24 76 10 1
24 77 4 3
24 78 5 4
24 79 2 2
24 80 5 9
24 81 7 2
24 82 4 8
24 83 10 7
24 85 7 3
24 86 8 4
24 87 2 2
24 88 5 5
24 89 7 6
24 90 8 1
24 91 7 5
24 92 3 8
24 93 3 3
24 94 9 1
24 95 2 3
24 97 4 7
24 98 3 2
24 99 8 10
24 100 1 9
25 26 5 5
25 27 2 3
25 28 3 9
25 29 8 4
25 30 1 9
25 31 6 8
25 32 1 3
25 33 4 5
25 34 5 2
25 35 4 8
25 36 8 8
25 38 3 8
25 39 4 5
25 40 10 2
25 41 7 5
25 42 6 7
25 43 10 10
25 44 4 5
25 45 9 2
25 47 7 6
25 48 1 7
25 49 7 9
25 50 8 10
25 51 9 2
25 52 6 3
25 53 6 10
25 54 5 3
25 56 3 9
25 58 10 2
25 59 7 5
25 60 8 1
25 62 6 2
25 63 1 2
25 64 10 1
25 65 8 4
25 66 2 3
25 67 1 1
25 68 8 9
25 69 4 8
25 70 4 7
25 71 6 4
25 72 2 5
25 73 6 5
25 76 5 5
25 77 4 9
25 78 8 4
25 79 2 5
25 81 7 5
25 82 4 2
25 84 1 10
25 85 3 8
25 87 9 3
25 88 10 5
25 89 2 10
25 92 4 6
25 93 7 9
25 94 1 6
25 96 9 9
25 97 8 9
25 98 6 7
25 99 10 10
25 100 3 4
26 28 6 2
26 29 6 7
26 31 5 7
26 32 2 10
26 33 7 1
26 34 4 4
26 35 9 3
26 36 4 6
26 37 1 1
26 38 8 6
26 39 10 6
26 40 5 7
26 44 10 2
26 46 3 7
26 48 9 7
26 50 5 8
26 51 8 2
26 52 9 10
26 53 7 6
26 54 3 2
26 55 8 8
26 57 5 1
26 58 4 10
26 60 6 8
26 61 7 8
26 64 4 10
26 65 3 6
26 66 1 7
26 69 9 3
26 70 2 9
26 71 6 9
26 72 10 2
26 74 9 5
26 75 10 2
26 76 4 9
26 78 9 4
26 81 7 8
26 82 8 2
26 83 7 1
26 85 2 8
26 86 7 7
26 87 6 2
26 88 3 4
26 90 4 9
26 91 8 9
26 92 6 2
26 93 1 9
26 95 6 4
26 96 4 3
26 97 5 8
26 98 7 8
26 99 1 6
26 100 8 9
27 29 9 1
27 30 6 9
27 32 7 9
27 33 6 1
27 34 6 5
27 35 5 9
27 36 8 5
27 37 10 1
27 39 8 1
27 40 6 5
27 41 5 5
27 42 6 5
27 43 4 1
27 45 8 9
27 46 4 9
27 47 3 4
27 48 3 3
27 49 3 1
27 50 1 1
27 51 4 5
27 52 8 5
27 53 7 7
27 55 7 2
27 56 8 8
27 57 1 3
27 58 2 4
27 60 9 5
27 61 9 4
27 62 10 10
27 63 1 2
27 64 3 4
27 65 5 7
27 66 3 4
27 67 5 2
27 68 10 10
27 70 10 9
27 72 1 4
27 73 5 8
27 74 4 6
27 75 3 8
27 76 7 4
27 77 4 8
27 78 2 10
27 82 4 10
27 83 1 3
27 84 9 7
27 85 9 5
27 86 5 2
27 87 1 1
27 90 3 7
27 93 10 9
27 95 4 2
27 96 4 2
27 97 9 8
27 98 5 3
27 99 8 2
27 100 8 8
28 29 1 5
28 30 1 5
28 31 1 7
28 32 1 3
28 34 1 7
28 35 5 6
28 36 10 3
28 37 8 6
28 38 2 6
28 39 2 7
28 40 5 4
28 42 1 9
28 43 5 6
28 44 8 1
28 45 8 9
28 46 2 9
28 47 5 1
28 48 10 1
28 49 7 10
28 50 5 7
28 52 7 9
28 53 6 2
28 54 9 2
28 56 9 3
28 59 8 5
28 60 5 3
28 61 1 6
28 62 6 4
28 63 2 4
28 64 9 7
28 65 6 1
28 67 4 10
28 68 10 4
28 71 9 7
28 73 6 4
28 74 3 8
28 76 1 8
28 78 2 1
28 81 5 10
28 82 9 6
28 83 1 3
28 84 7 5
28 85 9 3
28 86 4 7
28 87 2 1
28 88 6 10
28 89 2 10
28 90 6 7
28 91 2 2
28 92 8 1
28 96 10 5
28 98 10 5
28 99 4 1
28 100 8 2
29 30 6 8
29 31 4 1
29 33 1 9
29 34 6 6
29 35 4 5
29 36 6 6
29 37 6 9
29 38 8 3
29 40 6 8
29 42 5 6
29 43 10 9
29 44 4 5
29 45 4 1
29 46 10 2
29 47 8 4
29 49 7 8
29 50 2 10
29 51 6 10
29 53 9 3
29 54 8 6
29 56 6 7
29 57 5 5
29 58 8 5
29 59 3 6
29 60 6 3
29 61 7 4
29 62 3 3
29 63 8 6
29 64 10 3
29 65 5 2
29 66 8 5
29 67 2 10
29 68 2 9
29 69 7 3
29 70 9 2
29 71 5 6
29 72 6 3
29 75 3 2
29 77 7 10
29 78 2 3
29 79 7 9
29 81 6 9
29 83 4 10
29 84 10 8
29 85 8 4
29 87 8 3
29 88 3 9
29 89 8 10
29 90 4 10
29 91 9 1
29 92 7 1
29 93 3 9
29 94 7 3
29 95 6 4
29 97 1 1
29 98 1 1
29 99 8 6
29 100 10 4
30 31 7 1
30 32 10 1
30 33 7 10
30 35 4 3
30 36 10 8
30 37 5 8
30 38 2 7
30 39 5 6
30 40 4 4
30 41 2 1
30 42 7 8
30 43 5 8
30 44 7 5
30 46 10 6
30 47 7 6
30 48 7 8
30 50 1 7
30 51 10 1
30 53 8 8
30 55 4 8
30 56 7 10
30 57 3 5
30 59 8 2
30 60 10 4
30 61 10 10
30 63 6 9
30 64 3 5
30 65 5 4
30 66 7 9
30 67 6 6
30 68 1 8
30 69 2 9
30 70 1 3
30 71 10 8
30 72 2 9
30 73 3 9
30 74 10 5
30 75 7 7
30 76 1 6
30 77 4 1
30 78 6 9
30 79 10 4
30 80 4 3
30 81 4 4
30 82 4 10
30 84 10 10
30 85 10 6
30 86 7 6
30 87 8 2
30 88 1 10
30 89 5 8
30 90 6 3
30 91 9 5
30 92 5 2
30 93 5 3
30 94 1 7
30 95 9 3
30 96 5 9
30 97 1 7
30 98 6 10
30 100 10 10
31 32 7 2
31 33 3 1
31 34 2 5
31 36 9 5
31 37 10 4
31 38 9 7
31 39 4 8
31 41 7 4
31 42 4 10
31 43 1 10
31 44 7 6
31 46 4 3
31 47 5 6
31 49 5 10
31 50 2 4
31 52 10 6
31 53 10 1
31 54 8 8
31 55 10 10
31 56 9 8
31 57 1 4
31 58 2 7
31 60 1 10
31 61 6 7
31 63 10 5
31 64 5 8
31 65 4 5
31 66 7 6
31 67 3 5
31 68 2 3
31 69 9 9
31 71 5 1
31 72 1 8
31 74 4 6
31 75 8 1
31 76 1 4
31 77 10 6
31 79 6 5
31 80 4 4
31 84 4 6
31 86 10 5
31 87 9 1
31 89 1 8
31 90 2 7
31 92 1 7
31 93 4 7
31 94 8 9
31 95 8 5
31 96 3 4
31 98 10 9
31 99 1 6
32 33 1 7
32 34 3 8
32 38 5 4
32 39 5 7
32 41 9 3
32 42 7 10
32 43 6 9
32 44 9 7
32 45 9 6
32 46 1 5
32 48 6 7
32 49 6 7
32 50 4 2
32 51 5 5
32 52 3 2
32 53 1 7
32 54 1 4
32 55 5 2
32 56 9 8
32 57 7 7
32 58 1 8
32 59 3 2
32 61 10 5
32 62 7 6
32 63 6 1
32 65 5 9
32 66 3 7
32 67 1 3
32 68 1 6
32 69 9 3
32 70 9 6
32 71 6 6
32 72 2 4
32 73 4 10
32 75 9 2
32 76 5 6
32 78 3 10
32 80 8 10
32 81 8 5
32 83 7 4
32 84 10 7
32 87 1 3
32 88 8 3
32 90 6 1
32 91 5 4
32 92 10 7
32 93 3 8
32 94 6 3
32 95 6 1
32 96 3 4
32 98 2 2
32 99 2 9
32 100 8 6
33 34 4 4
33 35 5 9
33 36 1 1
33 37 1 2
33 38 2 1
33 39 5 9
33 41 6 8
33 42 9 9
33 43 9 3
33 44 7 9
33 45 4 9
33 46 7 6
33 47 10 6
33 48 6 6
33 50 8 9
33 51 3 9
33 52 2 4
33 53 4 5
33 55 5 3
33 56 9 8
33 58 5 9
33 62 10 4
33 63 1 4
33 65 4 3
33 66 3 5
33 67 3 4
33 68 9 6
33 70 7 3
33 71 4 5
33 72 4 7
33 73 8 4
33 74 6 3
33 75 6 3
33 76 8 9
33 78 3 3
33 79 6 3
33 80 9 6
33 82 7 8
33 83 9 7
33 84 10 6
33 85 8 1
33 86 4 2
33 87 5 6
33 88 5 9
33 89 4 3
33 90 3 1
33 91 7 1
33 92 7 8
33 93 1 5
33 94 10 2
33 96 6 4
33 97 9 8
33 98 8 10
33 100 7 2
34 35 7 6
34 37 10 3
34 38 4 5
34 40 8 1
34 41 10 1
34 44 7 6
34 46 9 3
34 47 8 9
34 48 6 2
34 49 2 7
34 50 8 6
34 51 8 9
34 52 8 2
34 53 10 2
34 54 6 6
34 57 9 5
34 60 1 8
34 61 7 2
34 62 1 9
34 64 10 6
34 65 2 1
34 67 7 3
34 68 10 10
34 69 8 4
34 70 2 6
34 71 8 3
34 72 3 5
34 73 4 8
34 74 6 3
34 75 2 7
34 76 8 7
34 78 7 7
34 79 1 8
34 80 3 6
34 81 4 6
34 82 4 5
34 84 3 2
34 87 9 5
34 88 10 6
34 91 6 8
34 92 1 5
34 93 3 4
34 95 2 4
34 96 6 3
34 97 5 4
34 98 2 10
34 99 2 2
34 100 2 6
35 36 4 10
35 38 2 10
35 39 5 10
35 40 4 4
35 41 1 10
35 42 8 7
35 43 2 5
35 44 1 5
35 46 6 10
35 48 3 7
35 49 2 2
35 50 5 5
35 51 2 9
35 52 10 2
35 53 1 10
35 54 10 4
35 55 8 2
35 56 4 6
35 58 3 7
35 59 5 4
35 60 8 7
35 61 2 1
35 62 5 6
35 63 3 8
35 64 7 5
35 65 4 5
35 66 9 9
35 67 2 5
35 68 7 3
35 69 5 7
35 70 3 2
35 72 3 8
35 73 7 10
35 74 5 3
35 75 10 10
35 77 5 9
35 78 7 5
35 80 1 6
35 81 7 9
35 82 5 5
35 83 7 5
35 84 8 1
35 85 4 6
35 86 8 2
35 87 6 9
35 89 9 9
35 90 9 1
35 91 7 5
35 92 3 9
35 93 8 4
35 94 9 8
35 95 5 2
35 96 10 8
35 97 8 4
35 98 9 8
35 99 7 2
35 100 5 8
36 37 9 7
36 38 6 5
36 40 1 8
36 41 1 9
36 42 5 3
36 43 5 3
36 44 1 4
36 45 6 5
36 46 10 6
36 47 5 4
36 48 6 5
36 49 5 4
36 50 7 3
36 51 8 10
36 52 4 6
36 55 9 2
36 56 1 5
36 57 8 2
36 59 9 2
36 61 7 2
36 62 5 4
36 63 6 1
36 64 9 9
36 66 8 6
36 67 9 4
36 68 5 7
36 69 3 7
36 70 4 7
36 71 5 1
36 73 2 7
36 74 9 5
36 75 2 8
36 78 3 4
36 79 9 4
36 80 7 8
36 81 3 9
36 82 2 8
36 84 7 9
36 85 7 8
36 86 1 8
36 87 10 5
36 88 1 10
36 89 4 2
36 91 1 3
36 92 8 5
36 93 5 7
36 94 5 10
36 95 3 8
36 96 3 6
36 97 7 8
36 98 4 5
36 99 8 2
36 100 9 5
37 38 10 2
37 40 10 3
37 41 3 5
37 42 4 4
37 43 10 8
37 44 5 6
37 45 1 8
37 46 9 1
37 47 2 2
37 48 3 4
37 50 2 3
37 51 10 1
37 52 2 3
37 53 8 2
37 54 5 5
37 55 5 9
37 56 9 6
37 57 5 7
37 58 2 9
37 60 9 6
37 61 7 4
37 62 7 10
37 63 8 2
37 64 4 5
37 65 9 9
37 66 5 6
37 68 2 1
37 69 10 6
37 70 5 8
37 71 9 6
37 72 4 4
37 73 9 4
37 74 2 7
37 76 8 5
37 78 2 7
37 79 4 3
37 80 2 3
37 81 7 6
37 82 10 4
37 84 10 6
37 86 10 3
37 88 9 3
37 89 1 9
37 90 1 7
37 91 6 8
37 92 2 4
37 95 3 10
37 96 10 2
37 97 8 8
37 98 5 4
37 99 5 10
37 100 8 6
38 40 2 7
38 41 6 2
38 42 3 2
38 43 6 10
38 44 6 3
38 45 7 10
38 46 5 1
38 47 5 6
38 49 6 9
38 50 1 9
38 51 7 7
38 52 7 6
38 53 9 2
38 54 2 7
38 55 2 2
38 56 6 1
38 58 1 7
38 59 6 3
38 60 10 10
38 61 8 7
38 62 4 1
38 63 9 7
38 64 8 2
38 67 10 5
38 69 5 5
38 70 9 7
38 71 7 2
38 73 8 3
38 74 3 8
38 75 3 10
38 76 10 9
38 77 5 2
38 78 3 10
38 79 10 9
38 80 5 9
38 81 3 7
38 83 9 5
38 85 10 3
38 86 9 9
38 87 9 4
38 88 6 5
38 89 1 1
38 90 8 9
38 91 9 2
38 92 9 8
38 93 8 8
38 94 1 7
38 95 2 5
38 97 8 6
38 98 6 2
38 99 3 2
38 100 8 7
39 41 8 10
39 42 10 3
39 44 6 8
39 45 10 8
39 48 8 3
39 49 3 1
39 50 2 5
39 52 4 8
39 53 6 7
39 54 3 6
39 55 8 3
39 56 2 5
39 59 9 6
39 60 9 3
39 61 7 2
39 62 4 2
39 63 7 7
39 64 1 2
39 65 8 1
39 66 8 8
39 67 2 1
39 68 6 1
39 69 9 6
39 70 3 2
39 71 2 2
39 72 4 6
39 73 3 3
39 74 9 6
39 75 7 3
39 78 9 1
39 79 10 9
39 80 7 4
39 81 6 9
39 82 10 2
39 85 1 6
39 86 1 10
39 87 2 10
39 88 9 9
39 89 8 5
39 90 4 5
39 91 2 9
39 93 7 4
39 94 7 4
39 96 7 7
39 97 5 6
39 98 9 8
39 99 7 9
39 100 6 9
40 41 3 9
40 43 9 2
40 45 3 4
40 46 2 5
40 47 3 8
40 48 5 8
40 49 3 6
40 50 4 7
40 51 6 4
40 52 6 9
40 53 8 10
40 54 10 7
40 56 10 6
40 57 10 7
40 58 4 9
40 60 10 10
40 61 8 4
40 62 7 7
40 63 7 2
40 68 4 7
40 70 2 8
40 71 7 3
40 72 6 3
40 73 5 5
40 74 4 4
40 75 6 2
40 76 10 8
40 77 9 3
40 79 9 4
40 80 5 6
40 81 9 9
40 82 7 6
40 83 1 5
40 84 3 3
40 86 9 4
40 87 5 5
40 88 3 7
40 89 1 8
40 90 2 6
40 91 4 2
40 92 5 5
40 93 9 3
40 94 3 6
40 95 7 5
40 96 7 6
40 98 7 2
40 100 7 5
41 42 6 8
41 46 4 6
41 48 7 9
41 49 7 1
41 50 6 5
41 51 10 9
41 52 4 3
41 53 5 2
41 54 10 2
41 55 9 10
41 56 6 6
41 59 5 2
41 61 1 7
41 62 3 10
41 63 8 3
41 64 4 10
41 66 2 1
41 67 1 7
41 69 3 7
41 70 5 2
41 71 4 3
41 72 3 7
41 73 8 9
41 74 5 4
41 75 8 2
41 76 9 10
41 77 4 1
41 78 8 5
41 80 4 4
41 81 8 5
41 82 10 4
41 83 7 4
41 84 10 9
41 85 6 6
41 86 3 2
41 87 6 8
41 88 1 7
41 89 7 4
41 90 6 9
41 91 1 9
41 92 1 10
41 94 1 5
41 95 10 5
41 96 3 2
41 97 6 9
41 98 4 7
41 99 2 1
41 100 6 7
42 43 4 2
42 44 10 5
42 45 2 7
42 46 7 7
42 47 2 3
42 49 4 5
42 51 8 8
42 52 9 10
42 53 5 4
42 54 10 10
42 55 7 1
42 56 7 9
42 57 2 7
42 58 7 2
42 59 2 10
42 60 8 9
42 61 2 5
42 62 10 6
42 63 8 5
42 64 8 4
42 66 10 3
42 67 7 3
42 68 4 6
42 69 1 3
42 70 7 6
42 71 1 8
42 72 7 2
42 73 10 2
42 74 3 1
42 75 4 3
42 76 2 5
42 77 4 5
42 78 2 1
42 79 10 5
42 80 3 7
42 81 2 10
42 82 3 4
42 83 9 9
42 84 10 9
42 85 3 4
42 87 4 4
42 89 2 4
42 90 10 8
42 91 2 2
42 92 10 2
42 93 4 10
42 94 10 9
42 95 1 3
42 97 6 7
42 98 4 3
42 99 2 2
42 100 2 5
43 44 5 5
43 45 7 8
43 46 2 6
43 47 6 7
43 48 7 10
43 50 9 1
43 51 7 6
43 53 1 3
43 55 8 9
43 56 8 5
43 58 10 7
43 59 9 2
43 60 6 1
43 63 5 10
43 64 9 7
43 65 3 2
43 66 5 7
43 67 10 6
43 68 9 4
43 69 7 4
43 70 2 2
43 71 4 2
43 72 10 6
43 73 9 4
43 74 7 6
43 75 6 6
43 77 3 6
43 78 9 2
43 79 2 8
43 80 7 9
43 81 9 6
43 82 8 9
43 84 8 6
43 85 3 8
43 86 7 4
43 87 9 8
43 88 1 4
43 90 6 3
43 93 8 8
43 94 8 5
43 95 9 6
43 96 2 4
43 97 5 8
43 98 6 1
43 99 7 2
43 100 6 10
44 45 10 8
44 46 9 3
44 47 1 3
44 48 4 10
44 49 10 1
44 50 6 6
44 51 9 2
44 52 3 7
44 54 6 4
44 55 5 9
44 56 7 1
44 57 5 2
44 58 4 2
44 59 8 6
44 60 2 4
44 61 9 2
44 62 10 2
44 63 7 8
44 64 5 7
44 65 4 6
44 66 8 10
44 67 1 9
44 68 8 6
44 69 1 2
44 71 2 4
44 72 6 6
44 73 3 5
44 74 1 1
44 75 2 10
44 76 2 8
44 77 10 5
44 79 9 10
44 80 1 7
44 82 2 7
44 83 6 6
44 84 1 8
44 85 6 8
44 87 9 3
44 88 6 7
44 89 6 10
44 91 8 3
44 93 8 2
44 94 10 9
44 95 7 1
44 96 6 10
44 97 8 2
44 98 7 10
44 100 8 1
45 46 1 6
45 48 9 7
45 50 8 6
45 51 7 4
45 54 3 4
45 55 3 4
45 58 3 1
45 59 6 3
45 60 3 2
45 61 8 6
45 62 10 6
45 63 10 4
45 64 6 3
45 65 6 7
45 66 10 4
45 67 10 5
45 68 10 6
45 70 4 5
45 71 7 5
45 72 10 1
45 73 7 9
45 74 10 8
45 75 6 4
45 76 4 3
45 77 8 6
45 78 10 5
45 79 8 2
45 81 7 5
45 82 7 9
45 83 9 9
45 85 2 1
45 86 7 6
45 87 8 10
45 88 7 7
45 90 3 9
45 91 9 9
45 93 9 2
45 94 10 10
45 95 7 7
45 96 5 5
45 97 8 10
45 99 9 3
45 100 7 1
46 47 3 10
46 48 1 4
46 50 7 3
46 51 4 2
46 52 9 8
46 53 7 8
46 56 3 3
46 57 5 5
46 58 2 9
46 59 7 4
46 60 8 1
46 62 2 3
46 63 4 7
46 65 5 10
46 66 2 2
46 69 5 6
46 70 5 3
46 72 2 5
46 74 3 6
46 75 6 10
46 76 3 8
46 77 5 1
46 79 3 4
46 80 1 5
46 81 8 4
46 83 4 9
46 84 2 9
46 86 6 7
46 87 1 6
46 88 2 2
46 89 8 10
46 90 9 4
46 93 2 1
46 94 7 4
46 95 3 3
46 96 2 8
46 97 7 6
46 98 9 1
46 100 4 5
47 48 9 1
47 49 4 10
47 50 6 7
47 51 4 8
47 52 2 10
47 53 10 2
47 54 7 8
47 55 7 4
47 56 9 1
47 58 8 4
47 59 8 1
47 60 1 4
47 61 1 6
47 62 2 4
47 63 9 8
47 64 10 2
47 65 5 5
47 67 8 1
47 68 4 7
47 70 9 8
47 72 8 6
47 73 1 10
47 74 3 4
47 75 2 5
47 76 8 2
47 77 2 3
47 78 9 2
47 79 1 9
47 80 10 1
47 82 4 1
47 84 5 1
47 86 3 10
47 88 10 5
47 89 4 2
47 91 1 2
47 92 9 2
47 93 1 9
47 95 8 5
47 97 4 10
47 98 3 1
47 99 6 4
48 49 3 6
48 50 1 9
48 53 10 4
48 54 2 10
48 55 5 3
48 58 7 6
48 61 1 1
48 62 7 8
48 63 2 9
48 64 1 3
48 65 4 7
48 66 8 4
48 68 5 3
48 69 9 8
48 71 7 5
48 74 3 1
48 76 9 2
48 79 9 3
48 80 4 2
48 82 4 2
48 83 5 3
48 84 6 10
48 86 4 5
48 87 1 5
48 88 5 8
48 89 8 8
48 90 5 4
48 91 9 9
48 92 10 3
48 95 7 4
48 96 2 2
48 97 2 1
48 98 1 6
48 99 6 2
48 100 1 6
49 50 6 8
49 51 5 3
49 52 2 7
49 53 4 7
49 54 4 4
49 55 7 1
49 56 9 10
49 58 6 2
49 61 1 10
49 63 10 6
49 64 5 8
49 66 10 8
49 67 7 7
49 68 9 7
49 69 4 10
49 70 5 8
49 72 6 6
49 73 4 10
49 74 4 1
49 75 9 3
49 76 5 5
49 77 8 10
49 78 2 1
49 79 2 3
49 80 6 2
49 81 5 2
49 82 4 2
49 83 2 9
49 84 5 1
49 88 4 1
49 89 5 7
49 90 8 10
49 91 1 6
49 92 6 6
49 93 2 4
49 94 3 2
49 95 7 5
49 99 10 9
49 100 1 4
50 51 9 6
50 53 3 6
50 54 9 1
50 56 3 9
50 58 2 2
50 59 4 9
50 60 10 1
50 61 6 5
50 62 10 6
50 63 9 9
50 64 7 1
50 65 10 6
50 66 7 4
50 67 7 3
50 68 1 3
50 69 7 5
50 70 1 3
50 71 9 6
50 72 3 6
50 73 8 10
50 75 4 8
50 76 10 3
50 78 7 9
50 79 1 3
50 80 4 2
50 82 2 1
50 85 8 8
50 86 9 10
50 87 3 4
50 88 10 10
50 89 7 4
50 90 9 7
50 91 10 8
50 92 2 4
50 93 1 9
50 94 6 10
50 96 6 5
50 97 4 2
50 100 1 5
51 52 2 10
51 53 8 3
51 54 2 8
51 55 1 7
51 56 5 1
51 57 10 3
51 58 5 4
51 59 6 2
51 60 9 6
51 61 1 3
51 63 2 8
51 64 9 7
51 65 3 2
51 66 6 6
51 67 6 4
51 69 3 4
51 70 8 7
51 72 2 3
51 73 4 5
51 75 8 5
51 76 1 1
51 77 10 7
51 78 8 2
51 80 4 10
51 82 7 9
51 83 1 5
51 84 8 7
51 85 1 7
51 86 4 9
51 87 6 10
51 88 2 4
51 90 6 7
51 92 4 5
51 93 2 3
51 94 10 1
51 95 5 8
51 96 8 5
51 97 1 9
51 98 6 7
51 99 4 7
51 100 6 6
52 54 2 2
52 55 5 5
52 56 5 9
52 57 8 1
52 58 7 8
52 59 1 6
52 60 9 9
52 61 2 9
52 62 10 4
52 63 10 2
52 64 6 7
52 66 10 3
52 68 6 1
52 70 2 1
52 71 2 8
52 72 5 8
52 73 6 7
52 74 6 4
52 76 1 9
52 77 4 10
52 78 7 8
52 79 8 8
52 80 10 9
52 81 5 8
52 82 2 7
52 83 10 10
52 84 5 9
52 85 10 8
52 86 4 10
52 87 2 4
52 88 1 5
52 89 4 9
52 90 7 6
52 92 4 3
52 94 9 8
52 96 8 10
52 97 2 2
52 100 2 10
53 54 7 3
53 55 6 6
53 56 9 5
53 57 3 10
53 58 1 8
53 59 2 10
53 60 4 10
53 61 7 10
53 62 1 10
53 63 10 8
53 64 4 6
53 65 3 7
53 66 8 4
53 67 6 2
53 68 3 3
53 69 3 2
53 72 1 9
53 74 10 8
53 77 9 1
53 80 6 4
53 81 10 8
53 82 4 2
53 83 10 6
53 84 6 8
53 86 8 10
53 87 5 10
53 88 10 3
53 89 1 5
53 90 6 10
53 91 2 7
53 92 2 2
53 93 5 3
53 94 10 3
53 95 10 10
53 96 3 6
53 97 9 10
53 98 3 3
54 55 10 8
54 56 10 2
54 57 3 8
54 58 3 10
54 60 6 6
54 61 8 5
54 62 6 6
54 63 3 7
54 64 3 6
54 65 3 10
54 66 5 2
54 67 8 4
54 68 10 2
54 70 2 8
54 71 7 3
54 72 4 6
54 73 2 7
54 74 2 8
54 75 5 8
54 76 1 9
54 77 6 2
54 78 4 4
54 79 1 3
54 80 3 3
54 81 1 4
54 82 1 2
54 83 9 8
54 84 7 7
54 85 1 2
54 88 9 10
54 89 8 3
54 91 9 6
54 92 5 5
54 93 3 2
54 95 9 6
54 96 1 5
54 97 10 7
54 98 10 2
54 99 10 2
54 100 3 6
55 56 6 7
55 57 1 8
55 58 5 1
55 59 7 9
55 60 7 5
55 61 8 9
55 62 4 1
55 63 1 9
55 64 3 10
55 65 4 10
55 66 9 5
55 67 9 1
55 68 3 10
55 69 4 8
55 71 6 4
55 72 2 3
55 73 10 9
55 74 4 10
55 75 3 1
55 76 3 2
55 77 1 5
55 78 7 2
55 79 9 2
55 80 4 3
55 81 9 5
55 82 2 3
55 83 1 3
55 86 2 10
55 87 1 9
55 88 10 4
55 89 9 10
55 91 9 8
55 92 7 3
55 93 1 4
55 94 5 9
55 95 10 8
55 96 5 6
55 97 5 10
55 98 3 5
55 100 1 5
56 59 3 10
56 60 2 6
56 61 1 4
56 62 7 5
56 63 9 7
56 64 9 9
56 65 10 1
56 66 8 5
56 67 9 9
56 69 10 6
56 70 9 1
56 71 3 4
56 72 4 6
56 73 10 8
56 74 1 10
56 75 2 2
56 76 10 2
56 77 7 7
56 78 2 1
56 81 9 5
56 82 7 9
56 83 4 2
56 84 8 7
56 85 7 2
56 86 8 8
56 87 10 4
56 88 3 7
56 89 2 8
56 90 10 5
56 91 6 9
56 92 10 6
56 93 7 2
56 94 10 5
56 95 2 10
56 96 7 4
56 97 9 6
56 98 6 3
56 99 2 6
56 100 8 8
57 58 8 6
57 59 3 10
57 60 10 3
57 61 6 1
57 62 2 8
57 63 9 6
57 64 3 4
57 65 10 3
57 66 3 1
57 67 10 1
57 68 5 5
57 69 5 8
57 70 1 4
57 71 10 2
57 72 5 5
57 73 10 4
57 75 10 6
57 78 8 7
57 79 4 2
57 80 10 3
57 81 9 5
57 82 10 10
57 83 9 4
57 84 6 5
57 85 4 7
57 86 6 3
57 87 1 9
57 88 4 1
57 90 5 5
57 91 1 9
57 93 7 6
57 95 10 8
57 96 3 8
57 97 5 7
57 98 4 5
57 100 4 9
58 59 10 5
58 60 9 10
58 61 4 8
58 62 5 2
58 63 10 9
58 65 10 6
58 66 6 4
58 67 4 10
58 68 1 4
58 70 5 3
58 71 4 3
58 73 7 6
58 74 1 3
58 75 9 4
58 76 7 7
58 77 4 5
58 79 3 5
58 80 4 8
58 82 1 8
58 84 10 5
58 85 5 1
58 86 5 7
58 88 7 9
58 89 2 4
58 90 1 2
58 91 3 7
58 92 3 6
58 94 8 5
58 96 1 7
58 97 9 6
58 98 2 9
58 99 6 1
58 100 2 10
59 61 6 10
59 62 9 7
59 64 8 7
59 65 1 3
59 66 10 5
59 69 3 3
59 70 4 5
59 71 9 9
59 72 2 3
59 73 4 3
59 74 6 9
59 75 9 10
59 76 7 2
59 77 10 5
59 78 10 9
59 81 1 5
59 82 9 4
59 83 1 5
59 84 4 10
59 85 7 2
59 87 9 9
59 88 2 7
59 90 9 7
59 91 9 4
59 92 1 2
59 93 6 7
59 94 3 1
59 95 7 9
59 96 5 5
59 97 5 4
59 98 9 7
59 100 1 4
60 61 10 4
60 65 6 6
60 66 8 7
60 67 7 5
60 68 6 10
60 69 6 8
60 70 2 2
60 71 7 3
60 72 1 8
60 73 7 3
60 75 6 9
60 76 2 8
60 77 9 6
60 78 10 2
60 79 7 10
60 80 2 10
60 81 3 4
60 82 10 9
60 83 5 5
60 86 7 4
60 87 7 8
60 88 6 2
60 89 1 6
60 90 5 5
60 91 4 5
60 92 7 8
60 93 8 10
60 94 9 1
60 95 5 6
60 97 7 1
60 98 7 5
60 99 10 9
60 100 3 9
61 62 1 9
61 65 8 10
61 66 2 6
61 67 8 2
61 68 2 6
61 70 2 2
61 71 7 2
61 72 6 3
61 74 9 10
61 75 4 6
61 76 7 5
61 77 7 8
61 79 9 9
61 84 1 8
61 85 10 6
61 86 9 8
61 88 8 2
61 89 7 4
61 91 6 8
61 94 6 8
61 95 2 2
61 96 9 10
61 97 1 9
61 98 2 10
61 99 2 4
61 100 3 5
62 63 8 5
62 65 5 5
62 66 6 7
62 67 8 3
62 68 10 2
62 69 7 2
62 70 4 6
62 71 1 4
62 72 1 4
62 73 5 5
62 74 2 3
62 76 1 9
62 78 3 6
62 79 3 1
62 80 2 7
62 81 4 7
62 82 1 6
62 83 7 8
62 84 4 9
62 86 9 3
62 89 7 9
62 90 6 6
62 91 4 10
62 92 3 3
62 93 8 3
62 94 1 1
62 95 3 10
62 96 3 10
62 97 3 8
62 98 9 4
62 99 3 9
62 100 2 9
63 65 2 3
63 67 4 7
63 68 9 4
63 69 1 3
63 70 8 4
63 71 6 10
63 73 1 1
63 75 7 1
63 76 6 9
63 77 7 9
63 78 9 8
63 79 3 7
63 82 2 3
63 83 3 10
63 84 4 3
63 85 2 4
63 86 8 1
63 87 6 1
63 88 2 3
63 89 4 1
63 90 8 9
63 91 8 7
63 92 2 1
63 93 8 9
63 94 8 1
63 95 9 2
63 96 9 5
63 97 9 8
63 98 1 2
63 99 7 7
64 65 5 2
64 66 8 6
64 68 10 3
64 69 7 9
64 70 4 7
64 71 4 4
64 72 9 10
64 73 8 10
64 74 2 3
64 75 10 8
64 76 8 4
64 77 4 4
64 79 3 8
64 81 1 7
64 82 5 3
64 83 5 8
64 84 9 9
64 85 3 8
64 86 3 2
64 89 3 8
64 90 7 5
64 92 1 4
64 93 3 2
64 94 9 5
64 95 3 8
64 96 1 6
64 97 5 7
64 98 2 5
64 99 1 9
65 66 4 7
65 68 5 4
65 69 5 2
65 72 6 7
65 73 8 2
65 74 2 4
65 75 6 2
65 76 3 3
65 77 10 3
65 79 3 7
65 80 10 3
65 81 3 6
65 82 5 5
65 83 2 5
65 84 2 1
65 86 5 4
65 87 6 5
65 89 3 2
65 90 9 6
65 91 3 10
65 94 1 10
65 95 6 9
65 96 4 8
65 97 1 1
65 98 7 4
65 99 4 2
65 100 3 9
66 67 4 2
66 68 6 1
66 70 1 2
66 72 8 8
66 73 6 5
66 74 1 8
66 75 4 1
66 77 4 9
66 78 8 2
66 79 7 1
66 80 4 4
66 81 8 5
66 82 5 3
66 83 2 6
66 84 8 3
66 85 7 5
66 86 1 8
66 87 2 2
66 88 6 2
66 90 3 2
66 91 5 8
66 93 10 3
66 95 1 9
66 96 10 10
66 98 10 6
66 99 2 6
66 100 7 8
67 68 7 3
67 70 7 9
67 71 3 10
67 72 2 3
67 73 8 2
67 74 3 7
67 75 3 2
67 76 3 10
67 77 2 5
67 78 3 1
67 79 6 4
67 81 1 8
67 82 3 10
67 84 1 3
67 85 10 2
67 86 2 9
67 87 6 7
67 88 9 3
67 89 10 7
67 90 5 10
67 91 10 1
67 92 4 7
67 93 2 1
67 94 3 8
67 95 3 10
67 96 8 4
67 98 9 6
67 99 3 5
67 100 9 9
68 69 4 4
68 70 2 2
68 71 1 2
68 72 8 2
68 73 6 1
68 74 10 4
68 75 5 7
68 76 6 1
68 77 5 4
68 78 6 6
68 79 10 9
68 80 10 9
68 81 2 6
68 82 2 1
68 85 7 5
68 86 1 8
68 87 6 6
68 89 6 8
68 90 10 9
68 91 7 3
68 93 5 5
68 95 10 6
68 97 2 8
68 98 1 4
68 99 4 8
68 100 6 8
69 70 5 4
69 71 3 2
69 72 5 5
69 73 3 5
69 74 8 7
69 75 3 3
69 77 4 3
69 78 1 2
69 79 6 8
69 80 6 7
69 81 7 3
69 82 1 7
69 83 10 1
69 85 8 2
69 86 1 2
69 87 10 2
69 88 8 4
69 89 1 8
69 90 3 6
69 92 5 1
69 94 10 1
69 95 2 5
69 97 1 2
69 98 9 3
70 72 4 2
70 73 4 7
70 75 6 8
70 76 8 6
70 77 4 10
70 78 7 1
70 79 7 1
70 80 4 9
70 81 5 1
70 82 4 1
70 83 2 3
70 84 6 9
70 85 7 7
70 87 1 3
70 89 1 4
70 91 2 4
70 92 9 6
70 94 5 1
70 95 6 6
70 96 4 8
70 97 8 2
70 98 9 10
70 99 5 8
70 100 10 3
71 72 4 6
71 74 3 8
71 75 10 10
71 76 6 4
71 78 5 6
71 79 6 4
71 81 8 3
71 83 8 6
71 84 7 4
71 86 2 6
71 87 5 1
71 88 6 2
71 89 2 2
71 90 4 10
71 92 6 6
71 93 8 2
71 94 10 1
71 95 5 10
71 97 6 10
71 98 6 4
71 99 4 8
71 100 4 8
72 73 1 7
72 74 3 4
72 75 10 10
72 76 3 3
72 78 4 4
72 79 6 9
72 80 1 6
72 81 3 2
72 82 3 6
72 83 3 6
72 84 6 10
72 85 7 2
72 86 3 9
72 88 5 3
72 89 1 7
72 90 9 4
72 91 2 4
72 92 10 7
72 93 2 5
72 94 1 7
72 95 5 8
72 96 8 10
72 97 3 3
72 98 7 4
72 99 4 7
73 74 5 4
73 75 7 1
73 76 5 10
73 78 7 7
73 79 10 8
73 81 3 10
73 82 5 7
73 83 10 7
73 84 8 7
73 85 7 1
73 86 1 2
73 87 8 2
73 88 10 2
73 90 10 2
73 91 10 4
73 92 8 5
73 93 2 5
73 94 1 10
73 96 3 3
73 97 6 7
73 98 3 7
73 99 3 3
74 75 5 2
74 76 4 1
74 77 6 8
74 78 4 9
74 80 4 5
74 82 2 4
74 83 9 7
74 84 1 2
74 85 5 2
74 86 1 5
74 88 7 4
74 89 6 5
74 90 4 9
74 91 8 4
74 92 9 6
74 93 9 9
74 95 5 10
74 97 5 1
74 98 10 1
74 99 8 3
75 76 1 4
75 77 4 2
75 79 6 6
75 81 8 6
75 83 4 9
75 84 5 7
75 87 5 7
75 88 4 1
75 89 1 7
75 91 9 9
75 92 5 8
75 93 10 8
75 96 10 1
75 97 4 4
75 99 5 6
76 77 10 3
76 78 10 2
76 80 9 1
76 81 10 1
76 82 7 3
76 84 10 9
76 85 9 7
76 88 10 1
76 89 2 9
76 90 7 3
76 93 9 9
76 94 6 7
76 95 7 1
76 96 5 2
76 97 7 5
76 98 5 8
76 99 10 3
77 78 9 3
77 81 3 3
77 82 10 3
77 84 3 5
77 85 3 7
77 86 10 10
77 87 5 4
77 90 7 5
77 91 5 7
77 92 5 7
77 93 3 5
77 95 6 9
77 96 7 9
77 97 4 5
77 98 7 1
77 99 7 1
77 100 8 1
78 79 9 5
78 80 8 4
78 81 3 6
78 82 9 1
78 83 8 3
78 84 8 4
78 85 4 1
78 86 9 1
78 87 4 4
78 88 6 7
78 89 8 2
78 91 5 5
78 92 4 3
78 93 3 9
78 94 7 2
78 95 10 3
78 97 2 7
78 98 4 2
78 99 10 5
79 82 3 2
79 83 5 3
79 84 6 3
79 85 2 2
79 86 9 9
79 87 5 5
79 88 9 3
79 89 1 9
79 91 7 9
79 92 1 3
79 93 8 3
79 95 5 3
79 96 2 4
79 97 4 1
79 100 1 3
80 81 9 5
80 82 5 2
80 83 4 3
80 84 8 2
80 86 5 1
80 87 1 8
80 88 8 7
80 89 9 4
80 90 5 7
80 91 2 8
80 92 8 1
80 94 5 5
80 95 3 8
80 96 8 2
80 97 9 7
80 98 2 1
80 99 6 6
80 100 2 10
81 82 1 7
81 83 3 6
81 84 9 9
81 85 7 5
81 86 9 6
81 87 2 2
81 88 10 1
81 89 6 9
81 90 3 7
81 91 4 7
81 92 9 3
81 93 8 5
81 94 10 9
81 95 4 9
81 96 10 3
81 97 10 9
81 98 10 6
81 99 6 8
82 83 1 5
82 84 3 9
82 85 8 10
82 86 6 10
82 87 4 4
82 88 9 5
82 89 4 3
82 90 2 5
82 92 10 9
82 93 2 1
82 95 10 10
82 96 8 9
82 97 1 6
82 98 2 4
82 99 8 2
82 100 4 10
83 84 4 6
83 85 9 6
83 86 3 8
83 87 8 7
83 89 9 10
83 90 1 5
83 91 6 10
83 92 10 4
83 93 6 6
83 94 1 8
83 95 9 6
83 96 2 8
83 97 5 3
83 98 2 1
83 99 10 6
83 100 10 9
84 85 7 4
84 86 9 4
84 87 3 5
84 88 7 3
84 89 10 5
84 90 4 6
84 92 5 2
84 93 10 9
84 94 2 1
84 95 10 3
84 97 3 1
84 98 3 4
84 99 1 3
84 100 8 2
85 86 8 6
85 87 4 4
85 88 6 9
85 89 4 10
85 90 7 1
85 91 8 8
85 92 3 8
85 95 1 7
85 97 9 1
85 98 5 6
85 100 2 6
86 87 9 9
86 88 10 2
86 89 9 3
86 90 1 7
86 91 6 5
86 92 3 9
86 93 3 9
86 94 1 7
86 95 3 2
86 96 8 5
86 97 2 6
86 98 10 6
86 99 4 6
86 100 6 7
87 88 8 9
87 89 9 9
87 91 6 9
87 92 4 10
87 93 7 10
87 96 2 6
87 99 7 10
87 100 9 10
88 89 1 10
88 90 8 1
88 91 7 6
88 92 6 6
88 93 6 7
88 94 8 10
88 95 9 8
88 96 6 4
88 98 9 1
88 99 3 4
88 100 9 3
89 91 7 4
89 92 6 2
89 93 6 1
89 94 7 8
89 95 10 2
89 96 9 10
89 97 1 7
89 98 5 6
90 93 6 10
90 94 3 10
90 95 6 9
90 96 1 7
90 98 2 2
91 92 2 8
91 93 1 7
91 94 1 6
91 96 1 2
91 98 5 10
91 99 5 2
91 100 7 8
92 93 10 2
92 94 7 7
92 95 2 6
92 98 1 6
92 99 2 10
92 100 1 8
93 94 4 5
93 95 6 9
93 96 6 3
93 97 5 4
93 98 6 4
93 99 7 7
93 100 7 4
94 96 4 2
94 97 6 1
94 98 2 8
94 99 8 10
94 100 2 6
95 96 3 10
95 98 6 3
95 99 6 4
95 100 10 5
96 97 7 2
97 98 10 8
97 99 8 8
97 100 10 4
98 100 10 9
99 100 8 7
1
1 2 3 4 5 6 7 8 9 10 11 12 13 14 15 16 17 18 19 20 21 22 23 24 25 26 27 28 29 30 31 32 33 34 35 36 37 38 39 40 41 42 43 44 45 46 47 48 49 50
