3992
1 2 7 2
1 3 3 7
1 4 9 4
1 5 4 5
1 6 10 5
1 7 5 10
1 8 5 8
1 9 6 2
1 10 3 3
1 11 9 3
1 12 5 8
1 14 5 7
1 16 4 2
1 18 3 10
1 21 6 9
1 22 1 4
1 23 6 4
1 26 8 4
1 28 5 2
1 29 8 2
1 30 2 2
1 31 7 1
1 32 1 8
1 33 9 3
1 34 5 6
1 35 9 10
1 36 1 1
1 37 7 2
1 39 1 1
1 40 9 4
1 41 1 8
1 42 3 10
1 43 7 2
1 44 9 8
1 45 7 2
1 47 6 4
1 48 7 2
1 49 7 1
1 50 6 9
1 51 9 7
1 52 8 7
1 55 4 1
1 56 6 5
1 57 8 7
1 58 4 2
1 59 10 1
1 62 9 9
1 63 5 3
1 64 8 2
1 65 4 8
1 69 4 8
1 71 1 3
1 72 10 2
1 73 5 7
1 74 8 7
1 75 8 10
1 76 3 2
1 77 8 9
1 78 8 6
1 79 1 1
1 80 3 8
1 81 7 4
1 82 1 6
1 83 10 8
1 85 8 1
1 86 8 4
1 87 1 10
1 88 8 3
1 89 4 7
1 90 7 5
1 93 9 9
1 94 10 5
1 95 3 7
1 96 7 5
1 97 4 4
1 98 7 1
1 99 4 8
1 100 6 10
2 3 6 4
2 4 6 4
2 5 2 7
2 7 1 1
2 8 6 10
2 9 9 8
2 10 10 3
2 11 4 3
2 14 1 8
2 15 4 7
2 16 10 8
2 17 1 9
2 18 1 2
2 19 6 7
2 21 3 3
2 22 6 2
2 23 3 2
2 24 2 8
2 25 3 1
2 27 6 6
2 29 8 8
2 30 3 8
2 32 5 6
2 34 1 2
2 35 2 9
2 36 7 10
2 37 7 9
2 39 8 7
2 40 5 9
2 41 5 2
2 42 8 2
2 43 1 9
2 44 6 4
2 45 10 10
2 46 8 5
2 47 4 3
2 49 3 7
2 50 2 5
2 51 3 7
2 52 3 8
2 53 1 6
2 54 5 1
2 55 2 7
2 56 10 10
2 57 4 1
2 58 3 8
2 59 1 6
2 60 10 8
2 61 9 7
2 63 1 5
2 64 3 5
2 65 4 6
2 67 8 1
2 68 4 8
2 69 8 1
2 70 6 8
2 71 5 5
2 72 3 2
2 73 7 10
2 75 8 1
2 76 10 2
2 77 3 3
2 78 7 6
2 79 7 2
2 81 8 4
2 83 8 7
2 84 6 7
2 85 4 5
2 86 9 3
2 87 2 10
2 88 6 5
2 90 1 7
2 91 5 10
2 92 2 8
2 93 5 4
2 94 5 10
2 95 7 5
2 97 5 6
2 98 8 8
2 99 6 2
2 100 2 9
3 4 4 3
3 5 6 4
3 6 4 7
3 7 9 4
3 8 2 1
3 9 2 1
3 10 2 7
3 13 10 5
3 14 1 3
3 15 5 1
3 16 1 5
3 17 9 2
3 18 8 10
3 19 8 5
3 20 7 7
3 21 9 9
3 22 4 1
3 24 3 8
3 25 10 2
3 26 9 3
3 27 9 7
3 28 3 8
3 30 10 5
3 31 2 4
3 32 5 9
3 33 1 8
3 34 1 2
3 35 8 2
3 37 7 5
3 38 3 9
3 40 5 5
3 41 7 8
3 42 2 5
3 43 1 4
3 44 1 7
3 45 9 8
3 46 10 5
3 47 1 1
3 49 4 4
3 50 1 4
3 51 5 9
3 52 4 1
3 53 1 7
3 55 2 7
3 56 8 1
3 57 2 1
3 58 8 2
3 59 3 8
3 60 2 2
3 61 6 10
3 62 3 9
3 63 3 8
3 64 10 1
3 65 1 3
3 68 8 3
3 70 8 9
3 71 5 1
3 72 9 2
3 73 1 7
3 74 5 3
3 75 7 1
3 76 10 2
3 79 2 5
3 80 7 4
3 81 10 9
3 83 6 7
3 85 8 2
3 86 6 10
3 87 7 2
3 88 3 9
3 89 3 7
3 90 5 2
3 92 6 9
3 93 5 8
3 94 5 7
3 95 10 5
3 96 8 8
3 97 10 3
3 98 8 5
3 99 2 9
4 5 4 10
4 7 5 8
4 8 9 9
4 9 7 2
4 10 8 1
4 12 1 3
4 13 6 1
4 16 5 8
4 17 2 4
4 18 4 5
4 19 5 7
4 20 10 8
4 21 9 9
4 22 3 5
4 23 5 7
4 24 5 10
4 25 6 7
4 26 10 4
4 27 8 3
4 28 1 8
4 29 9 7
4 30 2 4
4 31 1 4
4 32 3 6
4 34 5 7
4 35 2 4
4 37 2 1
4 40 3 10
4 41 6 1
4 42 9 6
4 43 9 4
4 44 4 9
4 45 10 2
4 46 10 8
4 47 9 1
4 48 6 5
4 51 5 4
4 52 8 3
4 53 1 5
4 54 5 4
4 55 1 10
4 56 7 2
4 57 5 2
4 58 1 9
4 59 3 3
4 60 9 6
4 62 2 8
4 63 3 4
4 64 2 1
4 65 8 8
4 66 8 5
4 67 3 9
4 68 10 7
4 69 10 4
4 70 7 6
4 71 1 6
4 72 1 5
4 74 4 8
4 75 9 5
4 76 9 9
4 77 10 1
4 79 4 3
4 80 6 9
4 81 2 2
4 84 5 3
4 85 6 5
4 86 9 2
4 87 5 8
4 88 5 8
4 89 6 5
4 90 1 8
4 91 3 1
4 92 10 4
4 95 4 3
4 96 5 3
4 97 10 9
4 98 6 10
4 99 10 3
4 100 3 6
5 8 4 6
5 9 8 2
5 10 3 3
5 11 1 5
5 12 6 2
5 13 5 6
5 14 10 8
5 15 8 9
5 16 5 7
5 17 8 4
5 18 5 2
5 19 5 6
5 21 7 3
5 22 10 7
5 23 2 5
5 24 1 6
5 27 3 6
5 28 10 2
5 29 7 5
5 30 1 10
5 34 4 6
5 35 7 6
5 36 10 6
5 37 2 2
5 38 3 10
5 40 7 10
5 41 1 3
5 42 3 4
5 43 7 5
5 44 2 6
5 45 7 1
5 46 1 8
5 49 5 10
5 50 3 2
5 52 9 7
5 53 2 4
5 54 6 5
5 55 1 6
5 56 2 10
5 57 5 10
5 59 6 3
5 60 3 10
5 61 1 10
5 62 1 10
5 63 7 6
5 64 5 4
5 66 9 4
5 67 10 10
5 69 9 4
5 70 1 4
5 72 7 8
5 73 8 8
5 74 8 10
5 75 2 4
5 76 10 6
5 78 9 9
5 79 1 4
5 80 6 4
5 85 7 4
5 86 6 5
5 87 10 4
5 88 6 5
5 90 8 8
5 91 9 4
5 92 1 2
5 93 7 8
5 94 3 3
5 95 6 4
5 96 8 2
5 97 9 6
5 99 10 3
5 100 9 7
6 7 8 4
6 8 8 7
6 9 9 10
6 10 8 7
6 11 6 2
6 12 2 9
6 13 1 2
6 14 5 2
6 15 10 1
6 16 8 9
6 18 7 10
6 19 5 8
6 21 5 5
6 22 4 10
6 23 3 7
6 24 6 7
6 25 3 9
6 26 10 6
6 28 4 6
6 29 1 5
6 32 9 10
6 33 3 3
6 34 9 6
6 35 10 2
6 36 4 7
6 37 4 4
6 38 6 9
6 39 4 5
6 40 4 3
6 42 9 8
6 43 6 2
6 45 10 5
6 47 3 10
6 48 5 4
6 49 4 8
6 50 4 9
6 51 1 4
6 52 5 1
6 56 3 6
6 57 1 10
6 58 2 9
6 59 5 7
6 60 2 6
6 61 7 2
6 63 5 2
6 64 8 7
6 65 7 10
6 66 3 5
6 67 7 9
6 68 6 8
6 70 9 2
6 71 2 7
6 72 6 2
6 73 7 4
6 74 6 4
6 75 5 7
6 76 10 4
6 77 6 7
6 79 4 6
6 80 8 3
6 81 3 9
6 82 8 8
6 83 1 9
6 84 4 7
6 87 4 3
6 88 9 4
6 89 4 2
6 90 8 1
6 91 6 1
6 92 10 4
6 94 2 8
6 95 1 7
6 96 2 6
6 98 6 5
6 99 2 5
7 8 8 5
7 9 1 2
7 11 5 7
7 12 2 1
7 13 4 1
7 14 3 2
7 15 4 3
7 16 5 2
7 18 6 4
7 19 6 9
7 21 6 4
7 22 1 4
7 23 3 10
7 24 2 2
7 25 9 3
7 26 3 5
7 27 4 9
7 28 6 4
7 29 5 5
7 30 7 10
7 31 10 5
7 32 8 3
7 34 10 3
7 35 2 4
7 36 7 4
7 37 7 8
7 38 10 10
7 39 4 2
7 40 3 3
7 41 5 5
7 42 7 4
7 43 2 6
7 44 4 7
7 45 4 3
7 46 7 4
7 47 6 10
7 49 7 9
7 50 4 9
7 51 7 9
7 52 9 4
7 53 6 2
7 54 9 5
7 55 6 4
7 57 2 6
7 58 6 2
7 59 1 3
7 60 4 2
7 61 2 7
7 62 1 5
7 63 7 9
7 64 6 7
7 65 5 10
7 66 4 9
7 67 10 4
7 68 4 4
7 69 5 6
7 71 6 8
7 74 5 5
7 75 3 9
7 76 2 7
7 77 8 1
7 78 5 4
7 79 5 5
7 80 2 4
7 81 2 6
7 82 9 4
7 83 8 6
7 84 1 6
7 85 4 6
7 86 10 7
7 87 1 3
7 89 6 3
7 90 6 9
7 91 8 4
7 92 6 1
7 93 4 3
7 95 7 9
7 96 2 5
7 98 9 1
7 99 6 6
7 100 10 8
8 10 1 3
8 11 5 8
8 12 1 6
8 13 1 10
8 14 5 7
8 15 7 9
8 17 3 1
8 18 2 2
8 19 3 10
8 20 3 10
8 21 7 9
8 22 7 9
8 23 8 3
8 24 8 9
8 25 7 9
8 26 7 4
8 27 7 1
8 28 3 10
8 29 8 8
8 32 2 1
8 33 5 5
8 34 6 4
8 37 5 2
8 38 9 3
8 40 1 5
8 41 5 2
8 42 8 2
8 43 4 6
8 44 8 8
8 45 2 8
8 46 4 7
8 47 10 9
8 48 5 4
8 49 4 4
8 51 3 8
8 52 5 2
8 53 6 2
8 57 7 2
8 58 9 10
8 59 4 5
8 60 6 8
8 61 3 10
8 62 7 4
8 64 2 1
8 65 8 8
8 66 6 4
8 67 2 6
8 68 6 6
8 70 6 4
8 71 1 8
8 72 6 4
8 74 7 3
8 75 5 4
8 76 4 6
8 77 5 6
8 78 4 3
8 79 2 3
8 80 4 5
8 81 2 9
8 83 7 8
8 84 6 8
8 85 3 2
8 86 1 7
8 87 4 5
8 88 2 4
8 89 9 1
8 90 3 5
8 91 5 8
8 93 3 6
8 95 1 4
8 96 3 4
8 97 6 8
8 98 4 7
8 99 8 7
9 10 8 9
9 12 3 9
9 13 2 7
9 15 9 5
9 16 9 10
9 17 9 5
9 18 4 4
9 20 5 3
9 21 4 9
9 22 7 9
9 23 2 10
9 24 10 5
9 25 4 4
9 26 8 3
9 27 10 5
9 29 7 3
9 31 10 2
9 32 2 2
9 33 4 1
9 35 5 4
9 37 7 10
9 38 5 1
9 39 10 4
9 40 10 9
9 42 2 10
9 43 10 6
9 44 4 9
9 45 9 6
9 46 6 5
9 47 5 6
9 48 3 6
9 49 2 4
9 50 8 2
9 51 3 9
9 52 1 4
9 53 9 10
9 55 7 3
9 56 8 10
9 57 1 8
9 58 7 8
9 59 5 1
9 62 7 6
9 63 3 10
9 65 7 5
9 67 4 5
9 68 4 4
9 69 1 7
9 70 1 6
9 71 6 10
9 72 7 1
9 73 2 6
9 75 9 1
9 76 8 6
9 77 3 7
9 79 8 8
9 80 1 7
9 82 8 1
9 83 2 8
9 84 7 9
9 85 3 9
9 86 7 7
9 88 4 2
9 89 10 2
9 90 3 4
9 91 6 3
9 92 2 2
9 93 7 10
9 94 4 10
9 95 1 4
9 97 2 8
9 98 1 6
9 99 8 7
10 11 1 6
10 12 5 9
10 13 9 8
10 14 3 7
10 15 6 7
10 17 8 5
10 18 5 7
10 19 3 1
10 20 7 8
10 21 5 2
10 22 7 1
10 25 4 10
10 26 10 8
10 27 10 10
10 28 3 4
10 30 10 4
10 31 9 3
10 34 10 2
10 35 8 8
10 36 7 5
10 37 3 7
10 38 3 9
10 39 5 8
10 40 6 10
10 41 5 2
10 42 5 7
10 44 4 4
10 45 8 6
10 46 2 4
10 48 1 7
10 49 4 1
10 50 5 9
10 51 4 4
10 52 5 1
10 54 2 2
10 55 1 9
10 57 5 9
10 58 10 10
10 59 5 5
10 60 9 7
10 61 7 8
10 62 1 10
10 63 7 3
10 64 2 2
10 65 9 6
10 66 8 10
10 67 9 6
10 68 7 9
10 69 5 8
10 70 5 9
10 72 5 7
10 73 2 8
10 74 7 9
10 75 5 8
10 76 5 2
10 77 7 9
10 78 1 6
10 79 8 7
10 80 6 9
10 81 5 10
10 82 9 9
10 83 7 1
10 84 8 6
10 85 5 5
10 86 5 8
10 87 6 6
10 89 10 6
10 90 2 6
10 91 3 2
10 92 7 1
10 93 3 2
10 94 10 9
10 95 2 9
10 96 4 1
10 97 5 1
10 98 9 5
10 99 6 6
10 100 6 1
11 12 8 6
11 13 4 10
11 14 10 1
11 16 7 4
11 17 2 2
11 18 10 1
11 19 6 10
11 20 4 6
11 21 3 9
11 22 6 5
11 23 8 4
11 24 10 2
11 25 4 5
11 26 8 10
11 28 3 10
11 30 6 6
11 31 8 7
11 32 4 7
11 33 9 10
11 34 7 8
11 35 7 10
11 36 9 8
11 37 1 5
11 39 4 4
11 40 9 8
11 41 4 1
11 43 5 4
11 44 5 7
11 47 9 9
11 48 4 4
11 50 2 2
11 51 5 5
11 52 9 3
11 53 5 4
11 54 8 8
11 55 10 7
11 56 7 8
11 57 3 2
11 58 1 9
11 59 8 9
11 60 5 7
11 61 3 9
11 62 4 10
11 64 7 10
11 65 9 6
11 66 3 2
11 68 3 10
11 69 1 2
11 70 6 10
11 71 2 2
11 73 6 8
11 74 6 5
11 75 4 7
11 76 6 4
11 77 6 2
11 78 1 1
11 79 6 4
11 80 3 4
11 82 9 8
11 84 8 4
11 85 3 5
11 86 3 6
11 88 2 1
11 89 6 6
11 90 6 4
11 91 10 6
11 92 9 7
11 95 6 6
11 96 6 3
11 97 4 8
11 98 8 10
11 100 7 9
12 13 3 6
12 14 4 1
12 15 3 10
12 16 4 4
12 17 8 1
12 19 8 1
12 20 9 3
12 21 10 10
12 22 3 4
12 24 10 1
12 26 9 5
12 27 4 3
12 28 4 5
12 29 9 4
12 31 3 3
12 32 8 5
12 33 7 6
12 34 10 8
12 35 6 8
12 37 5 7
12 38 5 2
12 39 1 8
12 40 1 3
12 42 9 6
12 43 2 1
12 44 8 2
12 45 3 5
12 46 2 9
12 47 1 1
12 48 5 7
12 50 6 4
12 52 3 4
12 53 7 5
12 55 5 9
12 56 10 5
12 57 9 7
12 58 5 7
12 59 7 8
12 60 4 2
12 61 6 10
12 63 2 4
12 65 1 1
12 66 8 7
12 67 2 5
12 68 7 10
12 70 4 2
12 73 2 6
12 74 5 9
12 75 8 3
12 76 7 9
12 77 8 4
12 78 3 7
12 79 9 10
12 82 10 10
12 85 7 6
12 86 8 8
12 87 7 5
12 88 4 5
12 89 2 6
12 90 10 7
12 91 5 7
12 92 4 8
12 93 4 1
12 94 3 7
12 95 7 1
12 96 5 4
12 97 1 1
12 98 2 6
12 99 8 1
12 100 8 4
13 14 2 8
13 15 6 2
13 16 4 10
13 17 6 6
13 19 9 6
13 21 10 7
13 22 2 2
13 23 10 2
13 24 8 5
13 25 6 10
13 26 8 9
13 27 6 7
13 28 3 9
13 29 7 9
13 31 5 4
13 32 4 4
13 34 10 5
13 35 8 1
13 37 6 1
13 38 6 8
13 39 2 8
13 40 1 6
13 41 3 5
13 42 4 6
13 43 6 9
13 44 3 9
13 45 8 5
13 46 9 1
13 47 1 4
13 48 4 4
13 49 2 7
13 51 8 3
13 53 8 6
13 54 2 8
13 56 1 7
13 57 6 2
13 58 8 3
13 60 9 5
13 61 7 1
13 63 1 8
13 64 5 1
13 65 2 6
13 67 2 7
13 68 2 3
13 69 7 1
13 70 1 5
13 71 1 10
13 73 9 2
13 74 1 8
13 75 4 5
13 77 7 6
13 78 9 5
13 79 7 9
13 80 3 7
13 81 9 9
13 82 6 1
13 83 5 5
13 84 9 10
13 85 5 3
13 86 10 8
13 87 9 7
13 88 6 8
13 89 3 2
13 90 7 8
13 92 8 1
13 94 8 6
13 95 10 8
13 97 7 2
13 98 9 9
13 99 5 6
13 100 6 7
14 15 1 8
14 17 1 6
14 18 10 4
14 19 1 8
14 20 4 10
14 21 6 3
14 22 5 3
14 23 10 9
14 24 3 4
14 25 4 6
14 26 2 5
14 27 2 2
14 28 3 6
14 30 4 7
14 31 7 8
14 32 2 7
14 33 6 1
14 34 6 1
14 35 9 1
14 36 1 10
14 37 5 1
14 38 1 6
14 39 1 2
14 40 3 7
14 41 5 2
14 42 10 10
14 43 9 10
14 44 6 5
14 46 3 8
14 47 7 10
14 48 6 1
14 49 2 1
14 50 6 2
14 52 8 10
14 53 4 8
14 56 5 5
14 57 5 5
14 58 6 10
14 59 6 9
14 60 9 4
14 61 3 3
14 62 10 4
14 63 9 4
14 64 3 6
14 65 2 10
14 66 5 10
14 67 8 8
14 68 10 6
14 72 9 8
14 73 8 8
14 74 9 2
14 76 3 5
14 77 1 8
14 78 9 7
14 79 3 10
14 80 9 8
14 81 2 3
14 82 10 5
14 83 9 1
14 84 3 4
14 85 9 10
14 86 9 10
14 87 6 2
14 88 7 4
14 89 9 2
14 91 6 7
14 93 3 9
14 94 5 6
14 95 6 10
14 96 7 1
14 97 8 6
14 98 5 3
14 99 7 6
14 100 4 7
15 17 6 8
15 19 3 4
15 20 7 7
15 21 6 4
15 22 4 3
15 23 10 9
15 25 4 5
15 26 5 1
15 27 3 1
15 28 4 4
15 29 3 6
15 30 10 8
15 31 3 4
15 32 6 1
15 33 2 7
15 34 9 5
15 35 8 9
15 36 1 10
15 37 6 9
15 38 6 2
15 39 2 6
15 40 5 3
15 41 3 6
15 42 9 2
15 43 2 5
15 45 5 1
15 46 10 7
15 48 7 7
15 49 9 1
15 50 1 2
15 51 8 1
15 52 9 6
15 53 5 2
15 54 10 3
15 56 10 5
15 57 3 5
15 58 2 10
15 59 8 5
15 61 7 9
15 63 9 2
15 64 5 2
15 67 8 2
15 69 6 5
15 70 9 7
15 71 9 3
15 73 3 4
15 74 4 6
15 75 2 10
15 76 7 9
15 77 4 2
15 78 1 1
15 79 9 1
15 80 9 3
15 81 8 1
15 82 2 9
15 83 2 1
15 84 6 10
15 85 9 7
15 86 6 1
15 87 3 3
15 88 5 7
15 89 8 4
15 90 10 1
15 92 6 9
15 94 7 8
15 95 9 6
15 97 10 3
15 99 7 3
15 100 2 2
16 18 3 9
16 19 5 8
16 20 8 10
16 21 5 9
16 22 4 2
16 23 7 6
16 24 5 4
16 26 9 7
16 28 6 5
16 29 4 6
16 30 7 8
16 31 1 2
16 32 1 2
16 33 9 8
16 34 2 10
16 35 5 3
16 36 3 9
16 37 3 10
16 39 1 3
16 40 1 3
16 41 9 4
16 42 9 8
16 43 10 4
16 45 10 9
16 46 7 8
16 47 6 2
16 48 4 9
16 49 6 7
16 51 10 10
16 52 4 8
16 53 1 10
16 54 5 5
16 55 5 6
16 56 1 8
16 57 3 9
16 58 5 3
16 60 5 1
16 61 1 2
16 62 7 6
16 63 6 1
16 64 3 8
16 65 7 6
16 66 5 9
16 67 3 2
16 68 5 3
16 70 3 2
16 71 5 6
16 72 7 4
16 73 7 10
16 74 8 10
16 76 8 4
16 77 1 3
16 79 1 8
16 80 5 4
16 82 4 6
16 84 1 7
16 85 3 7
16 86 8 8
16 88 10 5
16 91 8 2
16 92 8 7
16 93 7 1
16 94 5 3
16 95 3 1
16 96 3 8
16 97 7 8
16 98 2 7
16 99 10 3
16 100 8 8
17 19 2 3
17 20 7 2
17 21 9 8
17 22 8 7
17 23 3 2
17 24 2 7
17 26 3 4
17 27 5 9
17 28 5 2
17 29 8 1
17 30 2 5
17 31 1 6
17 32 2 3
17 33 3 6
17 34 4 5
17 35 1 4
17 36 3 5
17 37 8 9
17 38 10 8
17 39 6 10
17 40 1 7
17 42 6 3
17 44 3 1
17 45 5 1
17 46 8 6
17 47 5 7
17 48 6 5
17 49 6 3
17 50 6 2
17 51 2 2
17 52 10 10
17 53 3 5
17 54 3 1
17 55 9 10
17 56 3 10
17 58 2 2
17 59 7 8
17 60 8 1
17 61 6 4
17 62 8 5
17 64 2 5
17 65 1 10
17 66 6 7
17 67 6 10
17 68 2 1
17 69 4 2
17 70 8 5
17 72 9 9
17 73 7 10
17 74 9 3
17 75 10 2
17 76 2 10
17 78 6 8
17 79 7 4
17 80 5 2
17 81 6 10
17 85 3 1
17 88 4 6
17 89 1 8
17 90 4 6
17 92 7 8
17 93 1 9
17 94 8 10
17 95 7 5
17 97 5 10
17 98 10 9
17 99 1 10
17 100 7 1
18 19 1 4
18 20 1 9
18 21 8 3
18 23 1 8
18 24 8 2
18 25 10 6
18 27 3 6
18 28 1 10
18 29 8 8
18 30 6 6
18 31 2 1
18 32 10 6
18 33 5 9
18 34 7 7
18 35 1 8
18 36 2 7
18 37 10 5
18 38 5 5
18 39 4 9
18 40 9 5
18 41 8 4
18 42 8 10
18 43 3 1
18 44 4 5
18 45 2 3
18 46 3 2
18 48 4 10
18 49 10 4
18 50 8 6
18 52 5 9
18 54 6 4
18 55 1 9
18 56 10 2
18 58 9 7
18 60 4 1
18 61 8 3
18 62 10 10
18 63 3 4
18 64 7 8
18 65 7 8
18 67 4 5
18 68 5 7
18 69 1 4
18 70 3 5
18 74 9 1
18 75 3 3
18 76 7 4
18 77 9 8
18 78 7 3
18 79 8 7
18 81 8 1
18 82 2 5
18 83 6 5
18 86 7 1
18 88 10 1
18 89 7 5
18 90 2 7
18 91 7 9
18 92 3 10
18 94 6 1
18 95 1 9
18 96 10 1
18 97 9 6
18 99 8 10
19 20 8 10
19 21 3 2
19 22 4 1
19 23 6 6
19 24 2 4
19 25 7 7
19 26 5 1
19 27 9 1
19 29 8 6
19 30 9 2
19 31 6 6
19 33 4 10
19 35 1 9
19 36 10 3
19 37 1 8
19 38 6 7
19 40 2 10
19 41 4 6
19 42 5 6
19 43 5 4
19 45 9 7
19 46 7 1
19 47 2 7
19 48 5 3
19 49 6 9
19 52 1 2
19 53 3 2
19 54 8 8
19 56 2 8
19 57 7 6
19 58 8 9
19 59 8 9
19 60 1 8
19 61 3 1
19 63 2 5
19 64 5 10
19 65 2 8
19 66 5 6
19 68 3 10
19 70 9 10
19 71 9 10
19 72 7 1
19 74 4 2
19 75 3 3
19 76 9 10
19 77 3 10
19 78 5 5
19 79 1 3
19 80 3 8
19 81 5 10
19 82 4 2
19 83 6 5
19 84 8 5
19 85 6 7
19 86 4 6
19 87 4 6
19 88 8 9
19 89 2 3
19 90 9 8
19 91 9 2
19 96 10 9
19 98 10 4
20 21 1 5
20 23 9 6
20 24 6 9
20 25 8 5
20 26 6 1
20 27 4 4
20 28 8 9
20 29 3 6
20 31 9 7
20 32 4 5
20 33 4 1
20 34 8 4
20 35 7 7
20 36 7 5
20 37 3 8
20 38 4 1
20 39 7 9
20 40 1 1
20 41 10 6
20 42 7 8
20 43 9 3
20 44 5 10
20 46 1 8
20 47 2 2
20 50 3 10
20 51 10 7
20 53 10 6
20 54 3 4
20 55 5 10
20 56 6 9
20 58 2 4
20 59 3 9
20 60 9 1
20 61 2 6
20 62 4 8
20 63 4 2
20 64 1 4
20 67 10 4
20 69 3 7
20 70 9 9
20 71 1 4
20 73 3 2
20 74 2 1
20 76 1 5
20 77 7 7
20 78 2 5
20 79 8 3
20 81 1 4
20 82 9 2
20 83 7 3
20 84 1 5
20 87 8 9
20 89 7 6
20 90 3 5
20 91 3 8
20 92 10 2
20 95 9 7
20 97 3 4
20 98 5 6
20 99 4 6
20 100 2 3
21 23 6 8
21 26 7 1
21 27 8 7
21 28 8 1
21 29 8 9
21 30 7 10
21 31 6 8
21 32 6 10
21 33 7 1
21 34 7 10
21 35 10 1
21 36 7 4
21 37 9 2
21 38 1 8
21 39 6 8
21 40 7 3
21 42 6 1
21 43 1 3
21 45 3 9
21 46 3 9
21 47 1 10
21 50 8 6
21 51 8 8
21 52 5 2
21 53 5 6
21 54 8 9
21 55 9 7
21 56 4 10
21 59 7 6
21 61 4 4
21 63 10 7
21 64 5 4
21 65 5 3
21 66 6 10
21 67 3 9
21 68 8 8
21 69 10 10
21 70 6 1
21 71 4 8
21 72 3 2
21 73 8 4
21 74 1 10
21 75 5 1
21 77 6 8
21 78 8 3
21 79 3 10
21 82 8 10
21 83 5 5
21 84 2 2
21 85 6 3
21 86 1 4
21 87 5 3
21 88 8 5
21 90 5 7
21 93 1 3
21 94 9 2
21 95 7 7
21 97 1 7
21 98 10 3
21 99 6 7
21 100 10 3
22 24 2 3
22 25 6 8
22 26 3 9
22 27 2 9
22 28 8 4
22 32 2 10
22 33 9 10
22 34 7 9
22 35 4 6
22 36 5 6
22 37 2 7
22 38 9 10
22 39 9 5
22 40 10 4
22 41 9 1
22 42 9 5
22 43 7 1
22 45 7 8
22 47 8 10
22 48 9 7
22 49 8 1
22 50 9 2
22 51 8 7
22 53 9 8
22 54 4 1
22 55 1 8
22 56 10 3
22 57 1 9
22 58 8 6
22 60 7 1
22 61 8 4
22 66 3 3
22 68 9 6
22 70 6 1
22 71 1 6
22 72 10 1
22 73 7 6
22 74 2 8
22 76 2 4
22 77 5 3
22 78 5 8
22 79 6 2
22 80 7 3
22 81 3 7
22 82 10 4
22 83 10 1
22 85 3 1
22 86 5 6
22 87 9 9
22 90 3 9
22 91 8 4
22 92 4 5
22 93 2 3
22 94 8 3
22 95 2 2
22 97 7 7
22 99 9 2
22 100 9 3
23 24 2 3
23 25 7 10
23 26 10 1
23 27 5 6
23 28 5 6
23 29 6 4
23 30 2 1
23 31 7 1
23 33 6 1
23 36 5 4
23 38 8 8
23 39 1 2
23 40 3 4
23 41 10 5
23 42 6 10
23 43 4 5
23 46 6 4
23 47 7 6
23 48 1 8
23 49 9 8
23 50 6 10
23 52 7 10
23 53 10 2
23 54 3 6
23 55 8 9
23 56 5 10
23 57 10 7
23 58 4 10
23 60 7 5
23 61 4 10
23 62 1 7
23 63 10 8
23 64 7 5
23 65 9 10
23 66 2 1
23 67 3 2
23 68 3 8
23 69 1 2
23 70 6 7
23 71 4 5
23 72 9 3
23 73 2 9
23 74 6 4
23 75 5 4
23 76 6 9
23 77 8 6
23 79 4 8
23 80 5 6
23 82 10 9
23 83 1 6
23 84 10 2
23 87 10 10
23 88 3 6
23 90 1 10
23 91 1 2
23 92 6 3
23 93 10 10
23 94 7 1
23 95 6 8
23 96 1 5
23 97 10 2
23 98 2 9
23 99 6 8
23 100 1 7
24 25 3 4
24 26 7 3
24 28 4 4
24 29 2 2
24 31 4 10
24 32 7 2
24 33 9 1
24 34 5 5
24 35 9 9
24 36 5 10
24 37 5 3
24 38 3 6
24 39 6 8
24 40 3 10
24 41 2 7
24 42 2 1
24 43 2 3
24 44 4 5
24 45 2 2
24 46 6 9
24 47 3 2
24 48 5 4
24 49 3 7
24 50 1 2
24 52 5 7
24 53 8 10
24 54 2 7
24 55 2 8
24 56 3 8
24 57 1 6
24 58 8 4
24 59 5 1
24 61 1 2
24 62 4 2
24 63 6 2
24 64 5 1
24 65 3 6
24 66 4 4
24 67 9 10
24 68 7 7
24 69 6 6
24 70 1 2
24 71 2 6
24 73 4 8
24 74 5 7
24 76 8 7
24 77 4 4
24 78 5 6
24 79 7 8
24 80 9 10
24 81 2 6
24 82 6 3
24 83 3 1
24 84 10 6
24 85 4 9
24 86 4 7
24 87 5 1
24 88 1 4
24 91 7 3
24 92 2 8
24 94 3 2
24 95 7 3
24 96 1 8
24 97 5 5
24 98 10 2
24 99 5 10
24 100 4 10
25 26 1 6
25 27 10 2
25 28 6 5
25 29 10 1
25 31 4 8
25 32 10 7
25 34 1 4
25 36 8 5
25 37 10 9
25 38 9 1
25 39 4 5
25 40 2 8
25 41 3 5
25 42 10 1
25 43 7 9
25 44 6 4
25 45 7 3
25 47 10 7
25 49 2 9
25 50 9 5
25 51 5 4
25 52 9 2
25 53 8 1
25 54 4 8
25 55 8 10
25 56 2 3
25 58 10 7
25 59 9 4
25 60 5 10
25 61 9 6
25 62 7 2
25 63 2 9
25 65 6 7
25 66 5 1
25 67 7 3
25 69 6 1
25 70 5 2
25 72 1 7
25 73 3 9
25 74 9 7
25 75 1 7
25 76 2 4
25 77 4 3
25 78 10 9
25 79 7 8
25 80 7 8
25 81 10 5
25 82 6 5
25 83 6 10
25 84 7 10
25 85 7 5
25 86 3 3
25 88 6 4
25 90 9 7
25 91 2 1
25 92 10 8
25 94 4 9
25 95 10 2
25 96 8 8
25 98 3 9
25 100 3 3
26 27 2 5
26 29 8 1
26 31 8 8
26 32 3 2
26 35 10 8
26 36 6 2
26 37 1 1
26 39 5 7
26 41 4 8
26 42 8 2
26 43 9 10
26 44 8 5
26 45 2 2
26 46 9 3
26 47 9 2
26 49 2 4
26 50 7 4
26 52 5 8
26 55 3 1
26 56 5 3
26 57 5 1
26 58 4 6
26 59 4 7
26 60 9 6
26 61 8 7
26 63 7 2
26 65 6 5
26 66 9 10
26 67 9 1
26 68 5 1
26 69 5 7
26 70 1 10
26 71 8 3
26 74 6 4
26 75 3 6
26 76 10 7
26 77 10 1
26 78 2 7
26 80 7 5
26 81 1 8
26 82 10 3
26 83 1 1
26 84 1 2
26 86 9 6
26 87 1 10
26 88 7 5
26 90 2 4
26 91 9 4
26 92 5 7
26 93 9 4
26 94 7 2
26 95 3 9
26 98 7 2
26 99 5 4
26 100 8 4
27 28 9 6
27 29 10 6
27 30 10 6
27 31 8 3
27 32 1 6
27 33 6 8
27 34 6 6
27 35 6 9
27 36 7 9
27 37 3 9
27 38 3 2
27 39 7 9
27 40 7 3
27 41 6 9
27 42 3 1
27 43 2 3
27 45 7 4
27 46 8 1
27 47 2 7
27 48 7 4
27 50 6 7
27 51 2 6
27 52 8 4
27 53 4 10
27 54 8 6
27 55 8 3
27 56 4 7
27 57 9 2
27 58 8 4
27 59 4 7
27 60 9 7
27 61 7 8
27 62 9 1
27 63 7 7
27 64 4 2
27 65 1 3
27 66 3 4
27 67 8 8
27 68 3 1
27 69 4 10
27 70 7 10
27 71 5 1
27 72 7 5
27 73 10 9
27 74 8 4
27 75 8 10
27 76 4 6
27 77 9 2
27 78 7 4
27 79 9 7
27 80 1 8
27 82 8 5
27 83 2 6
27 84 4 9
27 85 6 5
27 86 8 5
27 87 1 8
27 88 9 10
27 89 6 4
27 91 5 6
27 93 2 8
27 94 8 2
27 95 7 4
27 96 8 1
27 97 8 8
27 98 4 3
27 100 4 8
28 29 8 8
28 30 2 1
28 31 4 8
28 32 2 8
28 33 9 1
28 34 2 3
28 35 10 8
28 37 9 10
28 38 2 4
28 39 2 9
28 40 2 10
28 41 3 2
28 42 6 10
28 44 5 3
28 45 10 3
28 47 9 9
28 48 9 2
28 49 3 5
28 50 5 4
28 51 7 1
28 52 1 5
28 54 9 4
28 55 2 6
28 56 6 4
28 57 5 10
28 58 2 8
28 59 5 1
28 60 8 7
28 61 4 2
28 62 10 3
28 64 10 4
28 66 9 3
28 67 1 4
28 69 5 7
28 70 1 2
28 71 9 2
28 72 3 6
28 73 4 3
28 74 1 10
28 75 4 9
28 76 3 6
28 78 10 5
28 79 1 6
28 80 2 2
28 81 5 8
28 82 5 4
28 84 2 3
28 85 7 8
28 86 5 2
28 87 1 5
28 89 9 4
28 90 2 9
28 91 2 9
28 94 2 2
28 95 3 10
28 96 5 2
28 97 7 9
28 98 3 10
28 99 2 3
28 100 9 3
29 30 3 3
29 31 9 7
29 32 7 1
29 34 6 2
29 36 3 8
29 38 6 3
29 40 8 8
29 41 8 3
29 42 1 1
29 43 6 3
29 44 5 3
29 47 8 1
29 48 6 9
29 49 9 6
29 50 6 2
29 51 1 8
29 52 3 3
29 54 5 6
29 55 6 7
29 56 3 8
29 57 4 6
29 58 6 2
29 59 1 4
29 61 4 9
29 62 6 1
29 63 5 4
29 65 6 3
29 67 10 3
29 68 4 8
29 69 1 7
29 70 9 2
29 71 5 7
29 72 9 9
29 73 6 9
29 76 7 4
29 77 5 1
29 81 2 1
29 82 7 9
29 83 1 2
29 85 8 8
29 86 3 9
29 89 5 7
29 90 4 3
29 91 6 3
29 92 6 3
29 93 4 9
29 94 9 7
29 95 4 7
29 96 6 9
29 99 8 9
29 100 4 10
30 31 3 4
30 32 2 6
30 33 5 1
30 34 1 2
30 35 3 10
30 36 6 3
30 37 3 3
30 38 6 2
30 39 2 10
30 40 8 6
30 41 10 5
30 42 5 1
30 44 1 7
30 45 3 4
30 48 1 9
30 50 7 2
30 51 5 8
30 52 1 8
30 55 1 8
30 56 6 7
30 57 5 5
30 59 4 3
30 60 7 8
30 62 5 3
30 63 6 9
30 64 4 6
30 65 3 1
30 66 3 10
30 67 5 4
30 68 2 5
30 69 2 2
30 70 8 4
30 73 10 9
30 74 2 1
30 75 9 4
30 76 5 5
30 78 9 5
30 79 8 2
30 80 7 2
30 82 10 7
30 83 7 2
30 87 10 10
30 88 9 10
30 89 2 2
30 90 10 1
30 91 6 5
30 92 8 2
30 95 9 9
30 96 10 5
30 97 5 4
30 100 2 6
31 33 6 4
31 35 3 4
31 36 4 3
31 38 6 3
31 39 1 5
31 40 7 3
31 41 5 2
31 42 4 7
31 43 3 4
31 44 8 9
31 45 2 4
31 47 2 4
31 48 5 10
31 51 1 8
31 52 6 3
31 53 4 3
31 54 9 9
31 55 4 9
31 56 4 6
31 57 8 9
31 58 7 10
31 60 9 8
31 61 3 10
31 62 9 7
31 63 7 5
31 64 10 6
31 66 9 9
31 67 10 1
31 68 1 7
31 69 2 6
31 70 9 4
31 71 7 3
31 72 6 6
31 73 4 8
31 74 6 10
31 76 9 6
31 77 7 3
31 79 10 10
31 80 3 10
31 81 8 6
31 82 8 6
31 83 4 10
31 84 3 10
31 86 3 1
31 88 2 1
31 89 3 1
31 92 9 8
31 93 6 5
31 94 10 4
31 95 9 9
31 96 9 2
31 97 3 2
31 98 2 3
31 99 8 5
32 33 4 7
32 34 2 1
32 35 7 6
32 39 8 10
32 40 1 6
32 43 10 10
32 44 3 9
32 45 5 8
32 46 3 3
32 48 8 7
32 49 1 8
32 51 3 10
32 52 3 8
32 53 10 9
32 54 3 6
32 55 5 9
32 56 5 10
32 57 9 7
32 58 8 6
32 59 5 4
32 60 8 3
32 63 6 5
32 64 6 9
32 65 9 1
32 66 8 6
32 67 4 1
32 68 4 10
32 69 8 4
32 70 2 3
32 71 3 7
32 73 6 1
32 74 8 2
32 75 6 4
32 76 9 2
32 77 2 4
32 78 4 10
32 79 4 4
32 82 9 1
32 83 8 3
32 86 7 10
32 87 5 9
32 90 4 2
32 92 1 3
32 93 4 4
32 94 9 8
32 95 5 1
32 96 8 4
32 97 10 5
32 100 3 7
33 34 10 4
33 35 4 5
33 36 7 6
33 37 1 1
33 39 5 10
33 40 9 4
33 41 2 4
33 42 4 7
33 43 5 5
33 44 9 4
33 45 7 6
33 46 2 4
33 47 9 5
33 50 3 4
33 51 3 1
33 52 7 9
33 54 8 10
33 55 7 1
33 56 5 9
33 57 5 6
33 58 7 10
33 59 9 4
33 61 3 9
33 62 8 9
33 64 5 2
33 65 8 10
33 67 5 6
33 68 5 2
33 69 9 7
33 70 5 5
33 71 2 1
33 72 3 2
33 73 10 6
33 75 1 6
33 76 10 6
33 77 4 10
33 78 1 1
33 79 5 10
33 80 3 4
33 81 7 6
33 82 2 8
33 83 6 3
33 84 10 2
33 85 7 4
33 86 3 7
33 87 3 2
33 88 8 4
33 89 9 10
33 90 10 4
33 91 3 3
33 92 7 3
33 93 7 6
33 95 2 1
33 97 4 6
33 99 10 5
33 100 8 6
34 35 2 5
34 36 9 3
34 37 2 4
34 39 5 5
34 40 2 6
34 42 10 6
34 43 4 7
34 44 2 8
34 45 7 5
34 46 3 7
34 48 9 3
34 49 8 4
34 50 3 7
34 53 5 6
34 54 8 2
34 55 5 9
34 56 4 9
34 57 6 5
34 58 7 1
34 59 10 7
34 60 5 5
34 61 4 10
34 62 2 1
34 63 5 7
34 65 5 2
34 66 8 1
34 67 4 6
34 68 7 10
34 69 4 7
34 70 5 6
34 71 10 1
34 72 8 5
34 73 9 5
34 75 8 7
34 76 9 4
34 77 7 1
34 78 5 2
34 79 5 9
34 80 7 10
34 81 5 4
34 83 1 2
34 84 7 9
34 85 4 5
34 86 2 5
34 88 8 4
34 89 7 1
34 90 3 3
34 91 5 8
34 92 7 3
34 93 4 5
34 94 7 4
34 95 10 10
34 96 9 10
34 97 7 6
34 98 3 10
34 99 2 9
34 100 3 9
35 36 9 3
35 37 6 3
35 38 2 2
35 39 5 5
35 40 8 3
35 41 2 3
35 42 2 3
35 43 1 3
35 44 4 10
35 45 4 6
35 46 10 1
35 49 7 8
35 50 7 7
35 51 8 3
35 52 6 2
35 53 1 8
35 54 9 6
35 55 5 4
35 57 5 3
35 58 3 1
35 59 2 8
35 60 6 2
35 61 6 7
35 62 1 7
35 65 8 4
35 66 5 5
35 68 6 2
35 69 9 9
35 70 7 9
35 71 2 10
35 72 3 3
35 73 2 4
35 74 3 7
35 75 8 1
35 77 5 8
35 78 10 5
35 80 6 6
35 81 7 8
35 83 4 8
35 84 6 1
35 87 8 3
35 88 3 8
35 90 5 5
35 91 6 7
35 92 2 5
35 93 7 10
35 94 8 2
35 95 5 10
35 96 8 2
35 97 1 10
35 98 1 3
35 99 1 5
35 100 6 5
36 37 1 10
36 41 1 5
36 42 7 7
36 44 2 10
36 45 1 7
36 47 8 8
36 50 9 4
36 51 8 8
36 53 7 5
36 54 7 4
36 55 5 2
36 57 2 7
36 59 5 1
36 60 3 3
36 61 6 10
36 62 8 6
36 63 2 9
36 64 3 7
36 65 2 4
36 66 3 2
36 67 6 1
36 70 1 9
36 71 8 6
36 73 10 3
36 74 2 8
36 75 5 3
36 76 7 8
36 78 10 8
36 80 1 5
36 81 4 9
36 82 5 3
36 83 10 2
36 84 4 3
36 85 4 9
36 86 2 4
36 87 7 4
36 88 4 5
36 89 5 7
36 90 10 10
36 91 2 2
36 92 8 9
36 93 1 6
36 94 1 1
36 95 2 9
36 96 3 7
36 97 3 1
36 98 10 2
36 99 6 3
36 100 7 10
37 38 4 4
37 39 3 3
37 40 7 10
37 41 8 7
37 43 3 2
37 44 2 3
37 45 9 10
37 47 10 5
37 48 8 10
37 49 4 2
37 50 8 5
37 51 5 8
37 53 2 1
37 54 7 6
37 55 10 9
37 56 2 1
37 57 2 7
37 58 3 9
37 59 5 7
37 60 1 1
37 61 5 1
37 63 1 5
37 64 10 8
37 66 1 2
37 67 5 9
37 68 9 1
37 69 1 4
37 70 10 5
37 71 6 9
37 72 10 8
37 73 4 5
37 74 4 10
37 75 7 8
37 76 1 9
37 77 10 9
37 78 6 7
37 79 6 1
37 81 2 6
37 82 7 2
37 84 4 6
37 85 5 5
37 86 5 8
37 87 6 4
37 88 7 5
37 90 10 8
37 91 3 10
37 92 2 2
37 93 5 6
37 94 5 5
37 95 7 2
37 99 6 4
37 100 9 8
38 39 4 6
38 42 3 5
38 44 9 6
38 45 2 1
38 46 6 10
38 47 5 2
38 48 6 1
38 49 9 10
38 50 1 10
38 51 6 4
38 52 1 6
38 53 4 7
38 54 9 6
38 55 10 7
38 56 3 4
38 57 9 5
38 59 9 5
38 60 8 4
38 62 1 6
38 63 2 9
38 64 4 7
38 65 8 2
38 66 3 3
38 68 2 8
38 70 8 8
38 71 4 9
38 72 8 4
38 73 6 8
38 74 10 3
38 75 10 1
38 76 1 7
38 77 9 8
38 78 7 9
38 79 2 7
38 80 9 4
38 83 2 4
38 84 9 2
38 86 3 2
38 87 10 4
38 89 8 4
38 90 4 6
38 91 7 1
38 94 10 6
38 95 7 5
38 97 10 4
38 99 1 3
38 100 4 6
39 41 5 3
39 42 10 10
39 44 5 10
39 45 3 6
39 46 10 2
39 48 5 3
39 49 10 8
39 50 9 10
39 51 2 6
39 52 2 9
39 53 4 3
39 54 7 1
39 55 10 10
39 56 10 6
39 57 4 10
39 58 3 6
39 59 8 9
39 60 10 8
39 61 4 2
39 62 8 5
39 64 4 6
39 65 3 1
39 66 1 1
39 67 8 7
39 69 10 8
39 70 1 7
39 71 3 10
39 72 3 2
39 73 5 7
39 74 1 6
39 75 8 1
39 77 6 6
39 79 8 5
39 80 1 5
39 81 6 10
39 83 9 2
39 84 2 5
39 85 3 10
39 86 3 6
39 87 1 6
39 88 9 6
39 90 7 9
39 91 3 2
39 92 6 7
39 93 1 6
39 95 6 6
39 96 1 6
39 97 6 4
39 98 5 1
39 99 5 4
39 100 8 1
40 41 10 6
40 43 5 9
40 44 5 1
40 46 5 8
40 48 6 9
40 51 2 5
40 52 5 3
40 53 8 10
40 56 2 6
40 57 1 9
40 58 2 4
40 59 7 6
40 60 9 2
40 61 9 5
40 62 9 5
40 64 2 1
40 65 7 10
40 66 6 9
40 67 7 1
40 68 4 3
40 69 2 5
40 71 4 7
40 72 1 6
40 74 8 1
40 76 3 2
40 77 10 3
40 78 4 2
40 79 7 5
40 80 7 8
40 81 10 5
40 82 2 1
40 84 8 4
40 85 9 10
40 86 8 10
40 88 1 8
40 89 10 8
40 90 2 1
40 92 6 2
40 93 7 6
40 94 1 4
40 95 5 5
40 97 4 5
40 98 5 4
40 99 4 7
40 100 9 2
41 42 6 7
41 43 4 4
41 44 2 5
41 45 8 7
41 47 10 3
41 48 3 2
41 49 2 3
41 50 2 6
41 51 2 7
41 52 4 3
41 53 1 10
41 56 1 2
41 57 4 5
41 58 1 7
41 59 3 7
41 60 1 3
41 61 9 1
41 62 7 9
41 64 4 3
41 65 1 3
41 66 3 1
41 67 1 10
41 68 9 7
41 69 2 2
41 70 6 3
41 71 8 3
41 72 7 3
41 73 4 7
41 74 10 1
41 75 10 1
41 76 10 7
41 77 9 7
41 78 7 2
41 79 2 3
41 80 2 9
41 81 1 6
41 82 4 8
41 83 9 8
41 84 4 4
41 85 3 9
41 86 2 9
41 87 3 2
41 88 9 10
41 89 2 6
41 91 9 6
41 92 6 8
41 93 2 1
41 94 5 7
41 95 6 1
41 96 8 1
41 97 4 2
41 98 7 6
41 99 10 8
41 100 2 8
42 43 6 6
42 44 10 5
42 45 9 7
42 46 2 6
42 47 5 6
42 48 3 7
42 51 8 2
42 53 6 7
42 54 7 6
42 55 2 10
42 56 2 2
42 57 9 1
42 58 2 5
42 60 9 7
42 61 3 1
42 64 9 5
42 65 2 9
42 66 8 8
42 67 1 3
42 68 2 7
42 69 7 1
42 71 5 10
42 72 5 6
42 74 5 1
42 75 1 2
42 76 1 10
42 78 9 4
42 79 5 4
42 80 9 2
42 81 5 4
42 82 10 10
42 84 9 5
42 85 7 10
42 86 6 3
42 87 4 2
42 89 7 10
42 90 2 1
42 91 1 2
42 92 8 8
42 93 7 10
42 94 3 7
42 96 1 3
42 97 8 6
42 99 5 4
42 100 2 9
43 44 1 3
43 47 7 9
43 48 10 9
43 49 8 10
43 50 6 6
43 51 2 6
43 52 3 2
43 53 3 3
43 54 10 10
43 55 6 3
43 56 5 9
43 58 5 3
43 60 9 10
43 61 4 1
43 62 10 3
43 64 9 6
43 65 1 10
43 66 4 10
43 67 1 8
43 68 9 10
43 69 4 8
43 70 6 2
43 73 6 8
43 74 9 6
43 75 9 10
43 77 10 2
43 78 9 8
43 79 10 4
43 80 3 3
43 81 3 5
43 82 10 6
43 83 2 6
43 84 8 5
43 86 2 6
43 87 6 3
43 90 6 8
43 91 9 3
43 92 9 1
43 93 1 10
43 95 8 10
43 97 5 7
43 98 1 4
43 99 7 9
44 45 2 5
44 46 5 4
44 47 1 8
44 48 10 5
44 50 3 3
44 51 4 7
44 53 10 9
44 54 4 8
44 55 10 9
44 56 8 5
44 58 2 9
44 59 6 1
44 60 1 8
44 62 10 6
44 64 9 3
44 65 7 6
44 66 4 1
44 67 6 2
44 69 8 8
44 70 2 1
44 71 10 9
44 72 9 9
44 73 7 1
44 74 6 1
44 75 5 5
44 76 4 5
44 77 7 10
44 79 3 8
44 80 6 2
44 81 1 1
44 82 8 2
44 83 2 2
44 84 1 1
44 87 10 5
44 88 10 2
44 89 9 9
44 90 5 10
44 91 1 3
44 92 8 9
44 93 9 1
44 94 7 4
44 95 4 1
44 97 6 7
44 98 10 7
45 46 3 7
45 47 1 5
45 48 6 1
45 49 2 1
45 51 1 1
45 52 7 7
45 53 1 3
45 54 8 3
45 55 4 10
45 57 10 8
45 58 6 8
45 59 7 10
45 61 3 5
45 62 10 3
45 63 3 10
45 64 10 7
45 65 3 10
45 66 6 1
45 67 1 8
45 68 9 2
45 69 7 1
45 70 3 4
45 71 2 4
45 72 4 10
45 73 4 9
45 74 4 10
45 75 8 7
45 76 3 5
45 77 4 9
45 79 7 3
45 80 1 2
45 81 10 2
45 82 10 4
45 83 4 4
45 84 3 4
45 85 1 8
45 87 10 4
45 88 9 9
45 89 9 1
45 90 6 6
45 92 6 5
45 93 6 9
45 94 5 1
45 95 9 6
45 96 7 1
45 97 9 7
45 98 4 1
45 99 6 5
45 100 3 7
46 47 3 2
46 48 1 5
46 49 6 1
46 50 7 7
46 51 6 4
46 52 1 7
46 54 3 1
46 55 2 3
46 56 3 6
46 57 2 4
46 59 8 7
46 60 10 2
46 61 1 3
46 63 3 6
46 64 9 1
46 65 8 5
46 66 4 4
46 67 7 2
46 68 5 1
46 71 6 8
46 72 1 7
46 73 1 5
46 74 7 8
46 75 6 6
46 76 7 9
46 77 5 10
46 79 4 9
46 80 5 4
46 81 6 6
46 82 10 2
46 84 8 6
46 85 9 10
46 86 1 2
46 88 4 2
46 90 7 9
46 91 9 4
46 95 1 1
46 96 7 5
46 97 5 9
46 99 2 2
46 100 4 4
47 49 4 2
47 50 10 5
47 51 1 2
47 52 8 3
47 53 9 3
47 54 2 1
47 55 2 3
47 56 2 3
47 57 10 7
47 58 6 7
47 59 5 8
47 60 4 10
47 61 2 5
47 63 7 6
47 65 1 2
47 67 2 8
47 68 3 9
47 69 6 3
47 70 8 4
47 71 9 6
47 72 8 6
47 73 6 1
47 74 6 7
47 75 9 1
47 76 4 2
47 78 9 1
47 79 7 3
47 80 8 8
47 81 5 6
47 82 9 4
47 83 8 7
47 85 4 3
47 86 3 1
47 87 4 5
47 88 6 7
47 89 6 1
47 91 10 10
47 92 3 5
47 94 2 9
47 95 4 6
47 98 3 9
47 100 3 7
48 49 2 9
48 50 6 2
48 51 2 10
48 53 7 2
48 54 9 10
48 56 6 6
48 57 4 1
48 59 6 4
48 60 9 2
48 61 8 10
48 62 3 7
48 63 4 1
48 64 3 3
48 65 8 8
48 66 4 4
48 67 1 9
48 68 4 7
48 69 7 8
48 70 6 9
48 71 2 3
48 72 5 7
48 74 6 3
48 76 8 3
48 79 9 1
48 80 2 4
48 82 8 9
48 84 9 1
48 85 9 9
48 86 7 2
48 87 1 9
48 88 8 10
48 89 3 3
48 90 1 2
48 91 4 5
48 92 9 5
48 93 4 4
48 95 7 6
48 96 8 8
48 97 4 1
48 98 5 3
48 99 6 8
49 50 4 1
49 51 5 7
49 52 4 8
49 54 5 5
49 55 7 1
49 56 8 8
49 58 9 9
49 60 9 1
49 61 9 4
49 62 1 9
49 63 10 3
49 64 6 9
49 66 10 4
49 67 10 5
49 68 6 7
49 69 7 8
49 70 1 5
49 71 6 5
49 73 5 3
49 74 4 10
49 75 3 6
49 76 8 3
49 78 9 4
49 79 5 1
49 80 6 2
49 81 7 3
49 83 10 3
49 84 3 1
49 85 9 4
49 86 3 9
49 87 9 10
49 88 8 9
49 89 5 1
49 90 3 10
49 92 5 5
49 93 6 1
49 94 6 10
49 95 8 5
49 96 6 5
49 97 3 8
49 98 1 7
49 99 7 6
49 100 5 4
50 51 3 6
50 52 3 6
50 53 9 10
50 55 2 7
50 56 2 1
50 57 10 6
50 58 9 6
50 59 8 5
50 60 4 8
50 62 2 10
50 64 4 2
50 65 9 10
50 66 7 5
50 67 8 5
50 68 7 6
50 69 10 5
50 71 6 3
50 72 6 5
50 74 3 9
50 76 10 9
50 77 6 5
50 78 10 3
50 79 10 8
50 80 7 1
50 81 1 6
50 82 4 6
50 83 5 10
50 84 3 9
50 85 3 9
50 86 8 5
50 90 8 2
50 91 2 5
50 92 9 4
50 93 9 9
50 94 3 6
50 95 7 8
50 98 3 2
50 99 7 1
50 100 4 8
51 52 9 4
51 54 2 5
51 55 3 1
51 57 5 3
51 58 6 1
51 60 9 9
51 61 2 1
51 62 7 4
51 64 3 1
51 65 4 5
51 66 8 10
51 67 6 8
51 68 1 8
51 69 1 2
51 70 2 1
51 71 8 3
51 73 2 10
51 74 7 2
51 75 9 2
51 76 3 5
51 77 9 7
51 79 1 3
51 80 8 6
51 81 4 5
51 82 4 10
51 83 7 6
51 84 10 6
51 85 2 5
51 86 8 10
51 89 4 1
51 90 6 7
51 91 8 6
51 93 7 9
51 94 3 7
51 95 9 4
51 96 10 5
51 97 10 5
51 98 9 1
51 99 4 7
51 100 3 1
52 54 2 7
52 55 10 10
52 56 7 6
52 57 3 1
52 58 5 8
52 59 5 4
52 60 4 4
52 61 7 6
52 62 1 1
52 63 2 1
52 64 10 8
52 65 10 6
52 66 3 7
52 67 3 10
52 68 10 6
52 69 7 9
52 70 5 4
52 72 3 10
52 73 8 9
52 74 7 2
52 75 7 1
52 76 8 10
52 77 9 5
52 78 5 3
52 79 8 1
52 80 1 9
52 81 9 5
52 82 9 9
52 83 9 9
52 84 3 9
52 85 6 4
52 86 8 5
52 89 9 8
52 90 7 2
52 91 7 1
52 92 5 4
52 95 2 1
52 96 10 7
52 97 8 2
52 98 3 3
52 100 3 8
53 54 6 5
53 55 1 3
53 57 4 2
53 58 8 2
53 59 8 6
53 60 1 4
53 61 4 1
53 63 1 6
53 64 10 8
53 65 2 4
53 66 2 8
53 67 5 10
53 68 6 1
53 69 8 10
53 70 2 4
53 72 4 5
53 73 9 1
53 74 7 4
53 75 6 9
53 76 6 2
53 77 8 5
53 78 7 6
53 79 9 8
53 80 8 10
53 81 8 2
53 82 3 3
53 83 8 1
53 84 6 8
53 86 7 4
53 87 1 5
53 88 9 5
53 89 7 10
53 90 5 10
53 91 3 2
53 92 5 6
53 93 9 10
53 94 10 3
53 95 1 1
53 96 6 7
53 97 3 10
53 98 7 7
53 99 10 3
53 100 8 6
54 56 2 6
54 57 6 10
54 58 10 7
54 59 7 10
54 60 9 5
54 61 4 8
54 62 1 2
54 63 1 4
54 64 6 2
54 65 7 5
54 66 6 10
54 67 1 8
54 68 10 7
54 69 1 6
54 70 10 9
54 71 4 2
54 72 5 10
54 73 9 6
54 74 4 1
54 75 8 1
54 76 10 8
54 77 10 8
54 78 10 7
54 80 3 4
54 81 9 8
54 82 4 1
54 83 5 8
54 84 10 7
54 85 7 5
54 86 7 9
54 88 1 6
54 89 8 5
54 90 8 3
54 92 3 1
54 93 2 7
54 95 8 9
54 96 2 5
54 97 5 1
54 99 8 5
54 100 6 3
55 56 3 6
55 57 3 6
55 58 6 2
55 59 9 4
55 60 9 2
55 62 2 10
55 63 8 2
55 65 4 6
55 66 9 2
55 67 1 4
55 69 2 7
55 70 5 5
55 71 2 4
55 72 3 5
55 73 2 8
55 74 4 10
55 75 8 4
55 76 10 8
55 77 3 5
55 78 8 5
55 79 9 4
55 80 6 9
55 81 3 5
55 82 6 8
55 83 2 1
55 84 5 8
55 85 3 2
55 87 2 7
55 88 3 5
55 89 5 6
55 90 1 4
55 91 3 7
55 92 7 5
55 95 10 6
55 96 7 1
55 97 4 3
55 98 7 9
55 99 10 5
55 100 7 8
56 58 5 5
56 59 2 6
56 60 6 3
56 61 10 8
56 62 2 3
56 63 1 3
56 64 6 1
56 65 2 5
56 66 3 4
56 67 4 10
56 68 4 4
56 71 4 9
56 72 8 8
56 73 4 5
56 74 9 10
56 76 4 4
56 77 6 4
56 78 3 2
56 79 6 9
56 80 10 6
56 81 6 8
56 82 8 2
56 85 5 7
56 86 9 8
56 87 8 9
56 88 7 5
56 90 7 3
56 92 4 3
56 94 10 5
56 95 4 3
56 96 4 2
56 97 9 5
56 98 8 2
56 99 3 6
56 100 3 6
57 58 9 7
57 60 3 10
57 61 2 5
57 62 10 9
57 63 10 2
57 64 3 5
57 65 9 2
57 66 5 4
57 67 10 10
57 68 6 10
57 71 6 6
57 72 9 1
57 73 4 2
57 76 8 8
57 78 7 3
57 80 7 8
57 81 4 4
57 82 9 4
57 83 8 6
57 86 1 8
57 87 1 2
57 88 8 5
57 89 4 1
57 91 2 8
57 92 9 6
57 93 4 2
57 95 3 8
57 96 3 5
57 98 9 7
57 100 9 10
58 59 5 3
58 61 3 10
58 62 8 10
58 63 2 8
58 64 3 6
58 66 8 2
58 68 1 8
58 69 10 2
58 71 10 10
58 72 9 5
58 77 10 10
58 78 5 4
58 79 4 10
58 83 3 1
58 84 3 7
58 85 1 9
58 86 4 10
58 88 2 7
58 90 7 4
58 91 7 5
58 92 9 6
58 93 5 4
58 95 8 2
58 96 1 2
58 97 2 5
58 99 2 3
58 100 5 7
59 61 3 8
59 63 4 6
59 65 1 1
59 66 7 7
59 67 9 2
59 68 6 10
59 69 6 5
59 70 9 5
59 74 9 9
59 75 10 7
59 76 1 1
59 77 7 2
59 78 8 4
59 79 4 4
59 80 7 9
59 81 4 4
59 82 4 9
59 87 2 10
59 89 6 9
59 91 1 4
59 92 2 6
59 94 2 9
59 96 1 9
59 97 2 5
59 98 10 2
59 99 3 3
59 100 6 1
60 61 4 7
60 62 8 2
60 63 2 8
60 64 4 10
60 65 7 2
60 66 3 8
60 67 9 4
60 69 8 4
60 70 8 9
60 72 8 8
60 73 1 6
60 74 7 7
60 75 2 2
60 76 9 9
60 77 2 10
60 78 10 2
60 79 7 8
60 80 10 5
60 81 7 4
60 82 10 9
60 85 5 7
60 86 6 2
60 87 4 10
60 88 8 2
60 89 5 4
60 90 9 7
60 91 8 2
60 93 3 9
60 94 7 1
60 95 4 6
60 96 4 7
60 97 6 8
60 98 2 8
60 99 2 2
60 100 7 1
61 62 3 2
61 63 9 5
61 64 1 1
61 66 6 10
61 67 3 4
61 68 10 2
61 69 8 9
61 71 4 5
61 72 2 4
61 74 5 5
61 75 4 3
61 76 6 10
61 77 5 5
61 78 10 9
61 79 2 3
61 80 4 1
61 81 2 8
61 83 7 10
61 84 10 3
61 85 2 3
61 86 7 7
61 87 2 8
61 88 6 3
61 89 4 5
61 90 5 6
61 92 10 4
61 93 10 9
61 94 7 10
61 95 5 6
61 96 7 8
61 97 7 10
61 98 5 9
61 100 9 9
62 64 3 7
62 65 9 5
62 66 4 8
62 67 6 8
62 68 3 3
62 69 2 6
62 70 9 1
62 71 5 6
62 73 4 2
62 75 4 10
62 76 4 7
62 77 4 10
62 79 5 3
62 80 4 6
62 81 8 6
62 82 7 2
62 85 7 7
62 86 5 1
62 87 4 6
62 89 6 7
62 90 4 10
62 91 1 1
62 92 10 2
62 93 9 9
62 94 9 10
62 96 7 5
62 97 6 5
62 98 8 9
62 99 8 1
62 100 3 6
63 65 8 1
63 66 1 10
63 67 10 7
63 68 7 8
63 69 8 7
63 70 9 4
63 71 6 8
63 72 4 2
63 73 1 4
63 74 1 1
63 75 3 8
63 77 6 10
63 78 7 2
63 79 9 6
63 80 4 8
63 81 8 7
63 82 2 3
63 83 1 4
63 84 5 7
63 85 2 9
63 87 4 2
63 88 2 7
63 89 9 1
63 90 5 4
63 91 7 1
63 92 7 8
63 93 2 1
63 94 8 4
63 95 2 5
63 96 7 9
63 97 6 7
63 98 8 4
63 99 4 9
63 100 6 5
64 65 1 9
64 67 5 3
64 68 10 1
64 69 8 3
64 70 8 4
64 73 6 1
64 74 5 1
64 75 7 9
64 76 10 1
64 78 5 8
64 79 1 6
64 80 8 7
64 81 7 10
64 82 2 5
64 85 3 8
64 86 4 1
64 87 1 2
64 88 9 6
64 89 9 8
64 91 2 3
64 92 8 9
64 93 2 4
64 95 10 4
64 97 4 10
64 98 2 10
64 99 9 10
64 100 6 5
65 67 1 5
65 69 5 2
65 71 10 7
65 72 10 2
65 74 1 4
65 75 4 4
65 76 3 7
65 77 4 1
65 78 5 2
65 79 3 2
65 80 7 1
65 81 5 2
65 82 9 9
65 83 8 9
65 84 4 1
65 85 2 6
65 86 4 7
65 87 1 1
65 88 2 8
65 89 8 9
65 90 1 10
65 91 4 8
65 92 5 4
65 93 7 8
65 94 7 1
65 95 2 9
65 96 9 4
65 97 10 9
65 98 1 5
65 99 8 5
65 100 10 7
66 68 7 10
66 69 5 10
66 70 3 9
66 71 1 1
66 72 3 7
66 73 1 5
66 75 1 2
66 76 10 5
66 77 6 1
66 79 9 5
66 81 1 5
66 82 7 8
66 84 7 7
66 85 4 3
66 86 6 10
66 88 7 9
66 89 9 1
66 90 2 8
66 92 8 9
66 93 10 2
66 95 2 6
66 96 8 3
66 97 8 5
66 98 9 1
66 99 6 10
66 100 10 8
67 68 9 2
67 69 8 5
67 70 7 6
67 71 6 4
67 73 6 6
67 74 5 1
67 75 4 6
67 77 9 10
67 79 9 3
67 82 4 8
67 84 8 10
67 85 8 1
67 86 1 7
67 87 6 6
67 88 2 4
67 89 8 8
67 91 9 7
67 92 7 3
67 93 7 7
67 94 6 10
67 95 8 1
67 96 8 4
67 97 9 4
67 98 3 7
67 99 9 6
67 100 1 2
68 69 3 1
68 71 10 6
68 72 8 1
68 73 3 5
68 74 5 6
68 75 2 4
68 76 9 1
68 77 3 1
68 79 5 3
68 80 10 4
68 81 1 2
68 82 4 9
68 83 8 8
68 84 1 1
68 85 3 5
68 86 4 4
68 87 8 5
68 88 3 10
68 89 2 7
68 90 5 7
68 91 5 4
68 93 1 4
68 94 4 8
68 95 2 8
68 96 8 5
68 97 9 7
68 98 8 2
68 99 6 5
68 100 6 1
69 70 9 8
69 71 8 3
69 72 6 8
69 73 6 8
69 74 9 4
69 75 4 2
69 77 3 6
69 78 2 9
69 79 10 5
69 80 4 10
69 81 2 1
69 82 6 2
69 83 10 8
69 85 6 6
69 86 10 5
69 87 5 8
69 88 4 8
69 89 2 2
69 90 7 9
69 92 9 3
69 93 1 8
69 94 10 3
69 95 2 4
69 97 7 6
69 98 10 4
69 99 2 3
69 100 8 7
70 71 10 6
70 73 6 6
70 74 5 3
70 75 1 6
70 76 4 7
70 77 9 6
70 78 3 7
70 80 4 3
70 81 1 9
70 83 5 3
70 84 5 7
70 85 4 7
70 86 7 8
70 87 2 3
70 90 7 6
70 91 3 1
70 92 3 10
70 93 6 2
70 94 9 9
70 95 6 5
70 96 5 7
70 97 4 7
70 98 6 6
70 99 7 7
70 100 10 3
71 72 2 3
71 73 5 7
71 74 3 1
71 75 3 4
71 76 5 8
71 77 2 9
71 78 4 5
71 79 7 6
71 80 10 8
71 81 5 2
71 82 1 1
71 84 2 2
71 85 4 2
71 88 9 7
71 89 8 6
71 90 2 9
71 91 7 3
71 92 3 3
71 93 3 10
71 94 3 2
71 95 6 3
71 96 2 8
71 99 4 1
72 73 5 5
72 74 10 3
72 75 8 10
72 76 2 7
72 79 10 2
72 80 5 5
72 82 3 3
72 86 5 10
72 87 8 2
72 88 8 10
72 89 10 9
72 92 9 3
72 93 3 7
72 94 6 1
72 96 3 6
72 97 8 4
72 99 6 10
72 100 6 1
73 74 3 10
73 75 6 10
73 76 1 4
73 78 4 4
73 79 6 8
73 80 10 10
73 81 1 8
73 83 7 4
73 84 5 4
73 85 1 5
73 87 7 10
73 88 10 3
73 89 6 8
73 90 2 7
73 92 2 10
73 93 9 3
73 94 10 7
73 95 5 7
73 96 3 8
73 98 9 1
73 99 2 4
73 100 9 5
74 75 6 1
74 76 8 8
74 77 1 9
74 78 5 8
74 80 10 2
74 81 9 7
74 82 2 8
74 83 1 10
74 86 5 5
74 87 4 8
74 88 9 10
74 89 1 9
74 90 2 3
74 91 2 3
74 92 3 9
74 93 1 6
74 94 8 5
74 96 1 10
74 98 3 10
74 100 6 6
75 76 3 6
75 77 6 2
75 79 2 1
75 80 3 3
75 81 4 2
75 82 4 8
75 83 2 3
75 85 7 6
75 86 7 6
75 87 4 7
75 88 2 7
75 90 2 6
75 92 6 10
75 93 8 4
75 94 5 8
75 95 3 3
75 97 3 5
75 98 9 4
75 99 4 1
75 100 5 3
76 78 10 4
76 80 10 8
76 81 3 10
76 82 6 8
76 83 6 9
76 84 9 3
76 85 10 4
76 86 4 5
76 87 7 9
76 89 6 1
76 92 3 2
76 93 5 8
76 94 5 4
76 95 6 9
76 96 2 10
76 98 9 5
76 99 9 4
77 78 2 9
77 79 7 7
77 80 9 8
77 81 4 6
77 82 1 9
77 84 3 6
77 86 1 6
77 87 5 7
77 88 2 2
77 89 4 7
77 91 7 10
77 93 3 2
77 94 5 10
77 96 5 7
77 97 2 9
77 98 3 5
77 99 7 9
77 100 5 6
78 79 2 4
78 80 10 8
78 81 1 2
78 82 5 2
78 83 10 4
78 84 7 1
78 86 4 1
78 87 1 4
78 88 2 9
78 89 3 5
78 90 3 6
78 93 2 1
78 94 1 10
78 96 7 2
78 97 6 6
78 98 7 2
78 99 4 4
78 100 7 3
79 80 10 6
79 81 4 7
79 82 1 7
79 84 2 10
79 86 8 7
79 87 5 2
79 89 8 6
79 90 8 3
79 92 10 3
79 94 7 10
79 95 2 7
79 96 1 7
79 97 3 8
79 98 9 3
79 99 8 2
79 100 2 8
80 81 2 6
80 82 6 6
80 83 4 10
80 85 8 2
80 86 1 7
80 87 8 8
80 88 8 2
80 89 9 1
80 90 8 1
80 91 4 1
80 92 3 1
80 94 4 6
80 95 1 4
80 96 1 2
80 97 4 1
80 98 10 1
80 99 1 10
80 100 6 6
81 82 4 9
81 83 1 2
81 84 9 9
81 86 7 3
81 87 9 2
81 88 3 9
81 89 9 9
81 91 6 8
81 93 10 9
81 94 1 3
81 95 7 4
81 96 1 3
81 97 10 1
81 98 8 8
81 99 6 3
81 100 5 7
82 84 6 10
82 85 1 4
82 86 8 7
82 88 4 3
82 89 4 5
82 90 3 1
82 92 7 10
82 93 5 4
82 94 10 5
82 95 7 8
82 96 5 8
82 97 6 4
82 98 8 10
82 100 4 6
83 84 9 8
83 85 9 1
83 86 1 2
83 87 6 1
83 90 7 5
83 91 5 10
83 92 9 10
83 93 1 5
83 94 2 8
83 95 1 2
83 96 10 10
83 97 4 5
83 98 7 5
83 99 8 1
83 100 2 4
84 85 1 7
84 86 1 8
84 87 9 1
84 88 6 7
84 89 5 4
84 90 9 2
84 91 7 2
84 92 8 5
84 93 1 3
84 94 4 2
84 95 2 3
84 96 10 9
84 97 9 3
84 98 8 2
84 99 7 8
84 100 6 4
85 87 5 7
85 88 7 4
85 89 10 8
85 90 2 7
85 91 9 1
85 93 2 7
85 94 10 7
85 95 3 5
85 96 3 7
85 97 9 8
85 98 1 3
85 99 1 6
85 100 4 4
86 87 6 8
86 88 6 9
86 89 8 6
86 91 10 3
86 92 2 3
86 93 5 2
86 94 1 4
86 95 10 8
86 97 5 8
86 98 2 10
86 99 5 1
86 100 3 3
87 88 1 10
87 89 2 4
87 90 5 9
87 94 6 8
87 95 2 10
87 96 4 8
87 97 1 3
87 98 5 2
87 99 7 7
87 100 7 10
88 89 7 8
88 90 3 8
88 92 4 1
88 93 1 8
88 94 2 8
88 95 6 1
88 96 7 7
88 97 9 9
88 98 9 7
88 99 3 5
88 100 9 10
89 90 4 7
89 91 7 5
89 92 1 8
89 93 2 4
89 94 6 7
89 95 2 5
89 97 7 4
89 98 9 8
89 99 9 4
89 100 3 4
90 91 3 2
90 92 1 4
90 93 8 8
90 95 8 8
90 96 2 10
90 97 2 6
90 98 8 5
90 99 6 7
90 100 4 3
91 92 2 7
91 93 9 9
91 95 7 8
91 97 6 5
91 98 1 5
91 99 3 3
92 93 6 9
92 94 5 6
92 95 8 4
92 98 6 3
92 99 9 9
92 100 4 4
93 94 6 9
93 95 9 10
93 96 4 9
93 97 2 8
93 98 1 2
93 100 9 6
94 95 9 3
94 96 8 4
94 98 2 2
94 99 6 10
94 100 3 7
95 97 4 2
95 100 5 8
96 98 8 6
96 99 8 10
96 100 1 10
97 98 10 9
97 99 4 10
98 99 8 10
99 100 10 9
1
1 2 3 4 5 6 7 8 9 10 11 12 13 14 15 16 17 18 19 20 21 22 23 24 25 26 27 28 29 30 31 32 33 34 35 36 37 38 39 40 41 42 43 44 45 46 47 48 49 50
