3914
1 3 4 7
1 4 8 9
1 5 10 2
1 7 4 7
1 8 1 5
1 10 5 9
1 11 2 1
1 12 8 8
1 14 8 10
1 15 6 9
1 16 3 10
1 19 4 4
1 20 9 5
1 21 9 10
1 22 8 4
1 23 10 1
1 24 2 2
1 26 6 9
1 27 1 3
1 28 7 3
1 29 4 1
1 30 6 3
1 31 9 2
1 32 1 9
1 33 8 5
1 34 1 4
1 35 8 9
1 36 10 10
1 37 8 2
1 38 1 5
1 39 9 8
1 40 1 7
1 41 9 8
1 42 9 9
1 43 6 4
1 44 5 2
1 45 7 8
1 47 6 2
1 49 8 1
1 51 2 5
1 52 1 10
1 54 1 8
1 55 7 7
1 56 4 4
1 58 7 6
1 59 8 5
1 60 9 4
1 61 6 6
1 62 6 4
1 64 2 8
1 65 5 4
1 68 8 7
1 69 4 10
1 71 10 7
1 72 6 8
1 73 8 7
1 74 1 9
1 75 4 5
1 76 8 4
1 77 2 8
1 79 10 5
1 80 4 3
1 82 7 9
1 83 1 5
1 84 10 10
1 85 6 7
1 86 3 3
1 87 10 1
1 88 7 9
1 89 6 6
1 92 1 4
1 94 2 4
1 95 8 1
1 97 10 10
1 99 4 4
1 100 8 4
2 3 6 1
2 4 2 4
2 5 9 4
2 7 1 6
2 8 2 5
2 9 5 4
2 10 2 2
2 11 3 3
2 12 1 9
2 15 1 6
2 16 8 6
2 17 6 4
2 18 10 2
2 19 7 10
2 20 7 7
2 21 7 1
2 22 2 1
2 23 4 4
2 24 5 8
2 25 3 6
2 26 6 6
2 27 2 7
2 28 2 7
2 30 8 10
2 31 2 3
2 32 4 9
2 33 10 7
2 34 3 10
2 35 7 5
2 36 7 2
2 37 10 6
2 38 8 9
2 39 5 7
2 40 3 9
2 41 6 8
2 42 9 10
2 44 4 5
2 46 5 5
2 47 2 6
2 48 9 4
2 50 6 1
2 51 5 7
2 52 2 9
2 54 6 9
2 55 7 5
2 56 4 10
2 57 2 9
2 59 1 6
2 61 1 6
2 62 7 1
2 63 1 9
2 64 9 4
2 65 2 4
2 66 9 6
2 67 3 4
2 68 4 9
2 69 8 4
2 70 2 10
2 71 8 5
2 72 8 2
2 74 4 7
2 75 1 10
2 76 3 5
2 77 6 8
2 78 2 4
2 79 7 4
2 80 8 7
2 81 4 6
2 82 8 8
2 83 4 2
2 84 7 4
2 85 10 4
2 86 3 7
2 87 8 7
2 88 2 9
2 89 7 1
2 91 2 4
2 92 7 10
2 93 3 1
2 94 2 9
2 95 9 9
2 96 2 8
2 97 1 4
2 100 1 4
3 4 3 9
3 5 5 7
3 8 10 1
3 10 4 6
3 12 5 3
3 13 3 1
3 14 7 1
3 15 10 2
3 16 2 2
3 17 6 6
3 18 8 9
3 20 7 2
3 21 2 7
3 22 1 9
3 23 3 9
3 24 4 3
3 25 9 10
3 26 3 10
3 27 4 9
3 28 10 4
3 29 7 1
3 30 10 2
3 31 3 9
3 32 1 7
3 33 6 1
3 34 10 2
3 35 5 9
3 36 1 5
3 37 9 7
3 38 6 5
3 39 5 6
3 40 2 9
3 41 10 2
3 43 4 7
3 44 3 6
3 45 9 6
3 46 8 3
3 48 10 9
3 49 7 3
3 50 2 8
3 51 7 3
3 52 6 9
3 53 4 7
3 55 4 5
3 56 3 2
3 57 2 3
3 60 6 10
3 61 8 4
3 62 8 5
3 63 8 1
3 64 4 4
3 65 10 9
3 66 2 3
3 68 6 3
3 69 9 7
3 70 3 1
3 71 3 7
3 72 6 3
3 74 8 9
3 75 8 2
3 76 5 8
3 77 4 8
3 78 8 5
3 79 6 9
3 81 1 3
3 82 3 3
3 84 8 6
3 85 1 8
3 86 5 2
3 87 8 10
3 88 2 3
3 89 5 2
3 90 8 6
3 91 9 7
3 93 6 7
3 94 10 3
3 95 4 6
3 96 8 6
3 97 6 1
3 98 9 3
3 100 8 4
4 7 2 7
4 9 4 6
4 10 3 1
4 11 5 4
4 12 3 5
4 13 7 2
4 16 2 8
4 17 8 9
4 20 10 4
4 23 3 6
4 24 3 9
4 26 5 1
4 27 1 2
4 28 6 8
4 29 6 7
4 30 5 1
4 31 3 8
4 35 3 6
4 36 8 7
4 37 7 3
4 38 6 7
4 39 10 10
4 41 4 9
4 42 3 10
4 43 1 5
4 44 9 1
4 45 4 9
4 46 7 4
4 47 9 4
4 48 2 5
4 49 9 3
4 50 7 9
4 51 4 7
4 52 8 3
4 54 4 6
4 55 9 4
4 56 9 8
4 59 2 8
4 60 8 8
4 61 9 2
4 63 8 4
4 64 8 10
4 65 4 10
4 66 4 4
4 67 8 6
4 68 1 6
4 69 9 9
4 71 6 6
4 73 9 3
4 77 7 1
4 78 6 9
4 80 7 10
4 81 2 3
4 82 3 1
4 85 1 9
4 86 4 5
4 87 1 9
4 88 1 5
4 89 1 3
4 92 7 10
4 93 4 1
4 95 7 7
4 96 5 5
4 97 3 5
4 98 1 2
4 99 3 10
4 100 3 9
5 6 7 3
5 8 6 7
5 10 4 9
5 11 9 3
5 12 4 4
5 13 3 1
5 15 4 3
5 16 2 8
5 17 7 6
5 19 6 8
5 20 10 1
5 22 10 9
5 23 2 2
5 24 3 8
5 27 2 10
5 29 10 8
5 30 1 10
5 31 4 5
5 33 2 3
5 34 2 7
5 35 3 7
5 36 1 1
5 37 3 9
5 38 10 8
5 39 7 3
5 40 1 9
5 41 1 8
5 42 4 1
5 44 1 5
5 45 5 6
5 46 2 7
5 47 3 6
5 48 7 8
5 49 3 2
5 50 9 4
5 51 6 6
5 52 7 9
5 54 8 9
5 55 2 4
5 57 3 1
5 58 2 10
5 60 9 3
5 61 4 1
5 62 8 2
5 63 10 3
5 65 1 5
5 66 6 1
5 67 2 10
5 69 10 10
5 71 6 9
5 72 4 8
5 73 5 10
5 74 3 9
5 75 10 10
5 76 4 6
5 77 8 3
5 78 3 4
5 79 10 4
5 80 1 10
5 82 9 3
5 83 3 4
5 84 3 7
5 85 10 8
5 86 3 7
5 87 2 3
5 88 3 4
5 90 8 4
5 91 1 9
5 93 10 1
5 94 7 1
5 95 1 8
5 96 8 8
5 97 8 3
5 98 5 6
5 99 7 1
5 100 7 7
6 7 5 10
6 8 7 6
6 9 4 10
6 10 1 1
6 11 4 1
6 12 4 5
6 13 5 6
6 14 10 7
6 15 7 6
6 16 9 7
6 17 3 7
6 18 6 9
6 19 6 2
6 20 7 1
6 21 7 10
6 23 4 10
6 24 4 10
6 25 3 7
6 26 5 9
6 27 5 1
6 28 5 8
6 29 9 6
6 30 7 2
6 31 5 4
6 33 2 8
6 34 10 7
6 36 1 5
6 37 9 7
6 38 3 5
6 39 2 4
6 40 2 6
6 41 6 4
6 42 5 9
6 43 1 10
6 44 3 4
6 46 3 6
6 48 7 10
6 49 7 3
6 50 2 7
6 51 9 2
6 52 10 7
6 53 5 1
6 54 8 9
6 56 3 6
6 57 2 4
6 58 8 9
6 60 1 7
6 61 4 7
6 62 9 3
6 63 10 10
6 64 8 8
6 65 6 1
6 66 3 3
6 67 7 2
6 68 3 7
6 69 5 6
6 72 6 2
6 73 3 6
6 74 4 5
6 75 4 8
6 77 7 5
6 80 3 3
6 81 3 10
6 83 2 7
6 84 6 9
6 85 3 4
6 86 10 9
6 87 10 8
6 88 5 5
6 89 7 7
6 90 2 3
6 91 3 7
6 92 8 1
6 93 1 8
6 94 7 9
6 95 8 1
6 96 9 9
6 97 8 6
6 98 9 8
6 100 8 6
7 8 7 8
7 9 2 10
7 10 8 8
7 11 7 6
7 13 9 2
7 15 10 5
7 16 3 4
7 17 8 10
7 19 8 10
7 20 2 6
7 21 6 6
7 22 8 9
7 24 6 1
7 27 9 9
7 28 10 10
7 29 4 6
7 30 9 7
7 31 2 6
7 32 3 6
7 34 5 3
7 36 8 8
7 37 1 8
7 38 4 1
7 41 9 8
7 42 2 3
7 43 5 5
7 44 1 3
7 45 1 10
7 46 7 8
7 47 5 7
7 48 4 6
7 49 6 4
7 50 6 10
7 51 1 5
7 52 5 9
7 53 7 6
7 54 5 5
7 55 7 6
7 56 4 8
7 57 5 6
7 58 6 2
7 59 2 10
7 60 7 4
7 61 5 8
7 62 9 2
7 63 1 6
7 64 1 5
7 65 3 1
7 66 10 2
7 67 4 2
7 68 6 10
7 69 8 10
7 70 7 2
7 71 8 5
7 73 2 1
7 75 2 9
7 76 5 4
7 77 7 1
7 78 8 5
7 79 8 5
7 81 7 9
7 82 2 8
7 84 4 7
7 85 9 3
7 86 4 3
7 87 1 5
7 88 4 1
7 90 5 9
7 91 8 9
7 93 9 2
7 94 2 2
7 95 7 4
7 96 10 2
7 97 3 6
7 98 4 10
7 99 4 5
7 100 3 4
8 12 6 2
8 13 10 1
8 15 9 7
8 17 6 10
8 18 6 1
8 19 3 3
8 21 8 1
8 22 4 9
8 23 7 2
8 24 2 10
8 25 10 9
8 27 4 1
8 28 4 9
8 29 8 8
8 30 10 10
8 31 9 3
8 34 1 10
8 35 7 2
8 36 7 10
8 37 9 8
8 38 8 6
8 39 7 1
8 41 9 5
8 42 2 10
8 43 4 10
8 44 4 6
8 45 7 9
8 46 4 9
8 47 8 7
8 48 5 9
8 49 1 4
8 51 4 6
8 53 5 2
8 54 7 1
8 55 4 6
8 56 5 6
8 57 7 1
8 58 6 7
8 59 8 1
8 61 9 2
8 62 7 2
8 63 9 5
8 64 2 1
8 65 1 7
8 67 9 4
8 70 9 1
8 71 9 1
8 72 6 10
8 73 3 4
8 74 9 9
8 76 5 7
8 77 6 5
8 78 8 6
8 80 10 5
8 82 1 6
8 83 6 7
8 84 3 6
8 85 1 8
8 86 1 7
8 88 5 9
8 90 3 9
8 91 7 10
8 94 6 10
8 95 4 2
8 96 9 3
8 98 3 3
8 99 3 3
8 100 8 5
9 10 9 10
9 11 8 3
9 12 3 9
9 13 5 9
9 14 2 5
9 16 3 1
9 17 10 4
9 18 6 1
9 20 3 6
9 21 1 1
9 22 6 7
9 24 9 3
9 25 6 3
9 26 4 6
9 27 3 1
9 28 2 7
9 29 2 1
9 32 5 6
9 33 1 4
9 34 1 5
9 35 1 7
9 36 2 2
9 37 10 3
9 38 10 9
9 39 3 6
9 40 3 5
9 43 1 8
9 44 10 10
9 45 5 2
9 46 2 4
9 47 8 2
9 48 8 1
9 49 7 1
9 50 8 6
9 52 7 2
9 53 1 9
9 54 10 3
9 55 4 6
9 56 3 5
9 58 8 8
9 60 9 5
9 61 5 4
9 62 5 6
9 63 3 1
9 64 7 6
9 65 6 8
9 68 7 5
9 71 1 4
9 73 10 1
9 74 3 1
9 75 2 6
9 76 2 6
9 77 2 1
9 78 6 1
9 80 5 6
9 81 3 7
9 83 6 8
9 84 1 9
9 85 9 6
9 87 5 2
9 88 2 5
9 89 9 5
9 90 3 6
9 91 5 1
9 92 4 4
9 93 4 9
9 94 1 5
9 96 10 5
9 97 10 10
9 99 10 6
10 11 2 6
10 12 8 2
10 13 1 2
10 14 9 2
10 15 3 2
10 16 3 1
10 17 2 7
10 19 10 4
10 20 3 4
10 21 1 9
10 22 2 1
10 23 9 7
10 24 4 8
10 25 2 4
10 26 3 1
10 27 7 2
10 29 4 2
10 33 7 5
10 34 4 4
10 36 2 3
10 37 2 4
10 39 7 5
10 42 8 1
10 44 9 9
10 47 10 10
10 48 7 7
10 49 10 10
10 50 1 3
10 53 3 4
10 54 10 1
10 55 2 6
10 56 1 5
10 57 8 6
10 58 8 8
10 59 9 5
10 60 7 2
10 61 6 3
10 62 8 10
10 63 8 6
10 64 1 1
10 66 1 7
10 68 5 6
10 69 2 1
10 71 2 1
10 72 3 7
10 73 9 6
10 74 2 2
10 75 1 1
10 76 9 3
10 77 2 10
10 79 9 3
10 80 7 9
10 81 9 1
10 83 3 2
10 84 3 3
10 85 4 10
10 87 2 5
10 88 7 8
10 89 4 3
10 90 2 2
10 91 7 7
10 92 5 8
10 93 1 8
10 94 7 7
10 96 4 6
10 97 7 6
10 99 8 5
10 100 9 4
11 13 2 7
11 15 2 7
11 16 2 8
11 20 4 7
11 21 5 5
11 22 7 6
11 24 2 4
11 25 6 6
11 26 10 4
11 27 5 10
11 28 4 3
11 30 8 9
11 31 1 10
11 32 7 2
11 33 1 10
11 34 8 10
11 36 10 7
11 37 10 5
11 39 7 3
11 40 9 2
11 42 9 4
11 43 6 10
11 44 5 1
11 47 8 7
11 48 7 7
11 49 4 5
11 50 8 9
11 51 5 6
11 52 9 7
11 53 6 1
11 54 7 1
11 55 5 9
11 56 7 1
11 58 1 6
11 59 1 5
11 60 4 8
11 61 3 9
11 62 1 9
11 63 10 3
11 64 4 3
11 65 1 8
11 66 1 1
11 68 2 1
11 69 7 3
11 71 8 3
11 72 1 4
11 73 5 1
11 74 5 4
11 75 1 2
11 76 1 9
11 77 2 3
11 78 7 2
11 80 4 2
11 81 9 10
11 82 3 2
11 83 9 6
11 85 1 6
11 87 9 6
11 88 6 2
11 89 3 2
11 90 4 4
11 91 5 1
11 92 1 7
11 93 8 3
11 94 10 6
11 95 8 1
11 96 6 3
11 97 10 3
11 98 3 2
11 99 3 6
11 100 5 3
12 14 3 9
12 16 4 3
12 17 4 7
12 18 5 7
12 20 8 5
12 21 10 7
12 22 2 10
12 23 9 2
12 24 4 1
12 25 5 4
12 26 3 6
12 27 9 2
12 29 8 9
12 30 6 2
12 31 1 7
12 33 2 10
12 35 10 8
12 36 3 8
12 37 6 1
12 39 9 8
12 40 6 9
12 41 10 1
12 43 10 2
12 46 2 9
12 50 2 2
12 51 6 7
12 53 2 7
12 54 7 2
12 55 9 4
12 56 4 8
12 57 4 1
12 58 1 4
12 59 4 6
12 60 10 5
12 61 6 10
12 62 7 10
12 63 10 8
12 64 5 9
12 65 1 9
12 66 10 6
12 68 5 3
12 69 1 2
12 70 10 5
12 71 9 1
12 72 10 10
12 73 10 10
12 74 9 3
12 75 10 7
12 76 7 5
12 77 4 10
12 78 10 10
12 79 5 10
12 81 2 8
12 82 2 7
12 84 2 5
12 85 6 10
12 86 8 6
12 87 8 8
12 88 1 2
12 89 2 8
12 90 1 2
12 91 5 6
12 92 6 3
12 93 8 3
12 95 5 10
12 96 6 1
12 97 8 9
13 15 2 4
13 16 3 6
13 17 6 6
13 19 1 9
13 20 10 8
13 21 10 10
13 22 2 2
13 23 2 9
13 24 7 5
13 25 8 3
13 26 10 6
13 27 4 1
13 28 4 6
13 29 9 7
13 31 10 10
13 32 7 4
13 34 6 7
13 35 1 2
13 37 5 6
13 38 2 4
13 39 9 6
13 42 2 5
13 43 9 6
13 45 9 3
13 46 3 10
13 47 2 2
13 48 6 10
13 49 9 2
13 50 5 6
13 52 1 8
13 53 3 9
13 56 8 2
13 57 6 4
13 58 9 1
13 59 7 1
13 60 7 1
13 61 1 6
13 62 10 5
13 63 2 5
13 64 10 4
13 66 1 10
13 67 7 4
13 68 6 9
13 70 6 6
13 71 9 4
13 72 6 5
13 74 6 3
13 75 2 4
13 78 7 6
13 79 7 2
13 80 5 1
13 81 3 1
13 82 10 6
13 84 10 10
13 86 4 1
13 87 5 1
13 88 7 9
13 89 3 10
13 90 7 9
13 91 4 1
13 92 9 1
13 93 3 9
13 94 9 8
13 95 5 9
13 96 9 1
13 97 10 6
13 98 4 1
13 100 7 8
14 16 5 8
14 17 5 7
14 18 9 3
14 19 2 1
14 20 2 4
14 21 3 6
14 22 2 4
14 23 10 4
14 24 9 3
14 26 6 6
14 29 4 5
14 30 8 2
14 31 6 6
14 32 1 3
14 34 8 8
14 35 1 9
14 36 10 4
14 37 9 10
14 38 5 10
14 39 2 3
14 40 5 6
14 42 9 2
14 43 6 1
14 45 2 5
14 46 10 6
14 47 1 4
14 48 7 4
14 49 9 2
14 50 4 2
14 51 2 6
14 52 1 1
14 53 3 3
14 54 3 9
14 55 1 10
14 57 2 4
14 58 7 5
14 59 4 10
14 60 6 6
14 62 3 7
14 63 3 3
14 64 8 5
14 65 8 6
14 67 2 6
14 69 6 6
14 70 2 2
14 71 1 10
14 73 5 7
14 76 4 4
14 77 3 2
14 82 8 4
14 83 8 4
14 84 9 10
14 87 2 7
14 88 3 2
14 89 10 5
14 90 5 5
14 91 6 8
14 92 3 1
14 93 5 3
14 94 2 8
14 95 1 7
14 96 7 1
14 98 7 1
14 100 8 4
15 16 1 3
15 17 9 9
15 18 5 8
15 19 6 7
15 20 8 3
15 21 10 1
15 22 9 4
15 23 4 2
15 24 5 3
15 25 10 2
15 26 4 8
15 28 7 10
15 29 5 3
15 30 9 5
15 33 2 9
15 34 5 9
15 35 2 2
15 36 2 10
15 39 8 5
15 40 2 8
15 41 2 4
15 42 10 3
15 43 6 8
15 45 6 4
15 46 6 3
15 47 10 7
15 48 10 1
15 49 10 8
15 50 8 5
15 52 6 10
15 53 3 4
15 54 8 4
15 57 4 7
15 58 1 9
15 59 10 7
15 60 5 7
15 61 1 5
15 62 10 5
15 63 7 2
15 66 3 7
15 67 4 4
15 68 4 7
15 69 2 7
15 70 4 5
15 71 1 10
15 72 6 3
15 73 7 3
15 74 2 6
15 75 2 5
15 76 10 8
15 77 6 5
15 78 9 1
15 79 10 8
15 80 4 1
15 81 6 2
15 82 10 5
15 86 10 10
15 87 7 10
15 88 10 7
15 89 7 4
15 90 2 8
15 92 1 10
15 93 7 5
15 94 3 10
15 97 4 7
15 98 9 5
15 99 7 5
15 100 1 2
16 17 2 8
16 18 10 5
16 19 1 4
16 20 7 6
16 21 5 6
16 23 1 1
16 24 2 4
16 25 8 7
16 26 2 8
16 28 1 10
16 29 3 1
16 31 9 4
16 32 8 9
16 33 5 5
16 34 3 6
16 35 2 1
16 37 6 2
16 40 8 2
16 41 7 10
16 42 8 9
16 44 6 2
16 47 2 5
16 48 5 9
16 49 7 2
16 50 2 6
16 51 4 1
16 52 5 4
16 53 5 1
16 54 1 9
16 56 8 2
16 57 4 9
16 58 9 2
16 61 9 10
16 62 2 2
16 63 3 7
16 64 8 6
16 68 4 4
16 69 10 5
16 70 6 3
16 71 5 5
16 72 7 3
16 74 9 2
16 75 2 7
16 77 1 5
16 78 2 10
16 79 9 9
16 80 6 9
16 81 10 9
16 82 8 9
16 83 3 1
16 84 9 1
16 85 1 10
16 86 1 8
16 87 6 2
16 89 1 8
16 90 4 6
16 92 8 3
16 96 3 4
16 97 3 4
16 99 9 5
16 100 1 8
17 19 3 7
17 21 1 1
17 22 4 3
17 23 6 3
17 24 2 7
17 25 4 6
17 26 5 7
17 29 3 4
17 32 8 9
17 33 7 1
17 34 7 4
17 36 5 5
17 37 4 5
17 39 6 5
17 40 5 1
17 42 8 7
17 43 5 6
17 44 3 5
17 45 8 2
17 46 8 10
17 47 10 2
17 48 9 8
17 49 6 9
17 50 7 8
17 51 5 3
17 53 8 10
17 55 2 2
17 56 2 10
17 59 2 5
17 60 6 9
17 61 2 2
17 62 4 1
17 63 7 5
17 64 1 1
17 65 1 3
17 67 6 8
17 68 5 1
17 69 1 6
17 70 2 1
17 72 9 2
17 73 5 9
17 74 3 4
17 75 10 5
17 78 6 5
17 79 5 1
17 80 7 5
17 81 7 6
17 82 7 3
17 84 7 4
17 86 1 2
17 88 7 5
17 89 8 8
17 90 9 5
17 91 2 6
17 92 5 7
17 93 10 1
17 94 4 1
17 96 5 10
17 97 9 4
17 98 2 10
17 99 1 8
17 100 3 9
18 19 7 10
18 21 10 10
18 22 4 3
18 23 2 9
18 25 6 8
18 26 9 8
18 27 6 8
18 29 9 10
18 30 10 4
18 31 1 6
18 32 9 1
18 33 9 4
18 34 5 6
18 35 2 5
18 36 8 9
18 37 6 2
18 39 1 6
18 42 10 9
18 43 7 4
18 45 9 2
18 46 4 10
18 47 1 1
18 49 6 2
18 50 7 1
18 52 7 5
18 53 9 8
18 56 7 8
18 58 4 4
18 59 7 9
18 60 3 3
18 61 1 8
18 62 10 3
18 63 2 5
18 64 1 5
18 65 5 5
18 66 10 4
18 68 9 9
18 70 2 3
18 75 6 6
18 76 7 8
18 79 5 10
18 80 5 10
18 81 4 2
18 82 5 10
18 83 1 1
18 84 2 4
18 86 4 7
18 87 10 8
18 89 10 3
18 90 7 3
18 91 6 6
18 92 10 6
18 94 6 2
18 95 1 3
18 96 7 8
18 97 8 10
18 98 4 1
18 99 4 2
18 100 2 4
19 20 3 1
19 21 8 4
19 22 4 9
19 23 7 3
19 25 10 7
19 26 5 10
19 29 7 9
19 30 7 7
19 32 10 2
19 33 6 3
19 34 6 3
19 35 6 1
19 36 9 1
19 37 2 2
19 38 4 7
19 39 9 9
19 40 10 4
19 42 6 8
19 43 10 4
19 44 3 7
19 45 1 8
19 46 6 2
19 47 1 2
19 48 9 1
19 50 3 7
19 51 4 8
19 52 3 6
19 53 8 3
19 54 6 10
19 55 7 7
19 56 8 10
19 57 7 1
19 58 9 4
19 59 2 4
19 60 3 2
19 61 4 8
19 62 2 4
19 63 3 8
19 65 10 4
19 66 3 10
19 67 4 4
19 68 3 8
19 69 3 1
19 70 5 1
19 71 4 10
19 72 7 9
19 73 1 7
19 74 3 4
19 76 1 10
19 78 9 6
19 79 3 1
19 80 5 5
19 81 1 2
19 82 7 7
19 84 2 9
19 85 4 5
19 86 3 9
19 88 2 2
19 89 2 6
19 90 1 3
19 91 3 2
19 92 8 7
19 94 9 6
19 95 4 7
19 96 9 4
19 97 8 2
19 98 7 2
19 99 2 4
20 21 2 3
20 22 1 3
20 24 7 2
20 25 6 3
20 27 1 4
20 29 4 10
20 30 9 8
20 32 1 1
20 35 1 9
20 37 8 2
20 39 6 8
20 40 4 4
20 42 3 6
20 43 4 7
20 45 5 7
20 46 2 8
20 47 1 8
20 49 1 6
20 50 5 9
20 51 4 5
20 52 8 1
20 53 6 4
20 55 10 1
20 56 1 9
20 57 7 2
20 58 6 3
20 59 2 1
20 60 1 3
20 61 1 9
20 62 6 2
20 63 6 2
20 64 1 9
20 65 10 4
20 66 6 9
20 67 3 8
20 69 2 1
20 70 4 2
20 71 1 3
20 72 3 7
20 74 5 9
20 75 8 3
20 76 3 4
20 77 10 5
20 78 10 3
20 79 10 3
20 80 8 3
20 82 9 4
20 83 10 8
20 84 6 6
20 85 4 9
20 87 7 3
20 88 4 1
20 89 8 5
20 90 1 5
20 91 8 5
20 92 2 6
20 93 3 3
20 94 7 9
20 95 7 3
20 96 8 9
20 97 8 10
20 98 1 1
20 99 5 8
20 100 9 5
21 22 3 6
21 24 10 4
21 25 7 6
21 26 2 4
21 27 6 2
21 28 2 8
21 29 10 10
21 30 5 4
21 33 8 8
21 35 3 7
21 36 7 3
21 37 6 6
21 38 1 1
21 39 1 7
21 41 6 2
21 42 10 1
21 43 10 6
21 44 2 8
21 45 1 6
21 46 6 2
21 47 6 3
21 48 6 6
21 49 7 6
21 50 10 7
21 51 2 2
21 52 3 1
21 53 10 9
21 54 1 6
21 56 4 9
21 57 6 5
21 58 4 6
21 59 10 1
21 60 8 2
21 62 9 7
21 63 6 2
21 64 6 10
21 65 2 10
21 66 4 9
21 68 2 5
21 69 10 9
21 70 5 6
21 71 4 9
21 73 9 4
21 74 4 1
21 75 3 6
21 76 4 7
21 77 8 6
21 79 8 5
21 80 5 4
21 81 8 7
21 82 5 2
21 84 9 4
21 85 2 4
21 86 5 4
21 87 4 4
21 88 3 7
21 89 3 8
21 90 1 7
21 91 1 7
21 93 2 3
21 95 9 7
21 96 5 10
21 97 8 6
21 98 6 2
21 99 7 9
21 100 2 1
22 25 3 6
22 27 8 7
22 29 1 1
22 30 1 5
22 31 1 5
22 32 8 9
22 34 4 9
22 37 10 3
22 38 9 5
22 40 2 1
22 41 5 7
22 42 1 7
22 44 5 10
22 45 5 8
22 46 9 8
22 47 10 5
22 48 1 9
22 50 9 9
22 51 7 4
22 52 5 9
22 54 5 8
22 55 5 8
22 56 3 6
22 58 4 8
22 59 3 5
22 60 10 8
22 61 1 10
22 62 5 2
22 63 7 7
22 64 10 5
22 65 5 8
22 67 8 8
22 70 8 5
22 71 10 9
22 72 8 8
22 73 3 8
22 74 1 6
22 76 8 4
22 77 6 8
22 79 3 10
22 80 9 4
22 82 1 10
22 83 6 7
22 84 6 1
22 85 5 4
22 86 2 7
22 87 4 3
22 88 8 10
22 89 3 5
22 93 7 1
22 94 5 5
22 96 6 4
22 97 8 9
22 98 5 4
23 24 4 10
23 25 10 1
23 26 4 10
23 27 3 1
23 28 9 7
23 29 8 8
23 31 8 1
23 32 9 6
23 33 6 3
23 35 7 1
23 36 8 5
23 38 5 5
23 39 2 3
23 40 3 3
23 41 5 7
23 42 7 10
23 43 7 2
23 44 6 4
23 45 6 5
23 46 3 2
23 47 1 4
23 48 10 10
23 50 8 8
23 51 7 6
23 52 6 5
23 53 2 10
23 54 9 5
23 55 3 7
23 56 7 8
23 57 7 7
23 58 5 6
23 59 3 4
23 60 2 5
23 61 9 10
23 62 6 5
23 63 5 6
23 64 3 8
23 65 9 8
23 66 1 8
23 68 2 6
23 69 6 7
23 70 2 4
23 71 5 4
23 72 4 2
23 74 6 7
23 75 8 7
23 76 6 8
23 78 9 2
23 80 9 9
23 81 5 9
23 82 1 4
23 85 8 10
23 87 8 10
23 88 3 6
23 89 1 8
23 90 2 7
23 91 9 10
23 92 9 1
23 93 2 6
23 94 3 2
23 96 4 6
23 98 2 8
23 99 6 9
24 26 4 10
24 27 5 1
24 28 5 10
24 29 8 1
24 30 5 10
24 31 5 10
24 32 1 1
24 33 6 5
24 34 4 4
24 35 1 7
24 36 1 4
24 37 8 1
24 38 9 8
24 39 9 8
24 40 1 3
24 41 3 3
24 42 6 4
24 43 4 10
24 45 7 3
24 46 7 8
24 47 10 10
24 48 8 4
24 52 8 2
24 53 1 10
24 54 9 4
24 56 10 10
24 58 2 2
24 59 10 6
24 60 6 6
24 61 4 2
24 62 2 7
24 64 2 6
24 66 8 4
24 67 10 7
24 68 8 4
24 69 3 7
24 70 5 9
24 71 4 4
24 75 1 5
24 76 6 10
24 77 7 3
24 78 4 9
24 80 2 7
24 81 8 3
24 82 9 9
24 83 4 5
24 84 6 10
24 86 6 2
24 87 8 3
24 88 9 10
24 89 5 7
24 90 7 1
24 91 6 6
24 92 4 6
24 94 8 1
24 95 6 5
24 97 4 6
24 98 7 7
24 99 2 7
24 100 7 10
25 26 5 5
25 27 9 2
25 28 5 4
25 29 5 2
25 30 5 6
25 31 10 9
25 32 2 2
25 33 5 2
25 34 2 6
25 35 4 10
25 36 1 8
25 37 6 6
25 38 6 6
25 39 2 2
25 40 8 3
25 41 10 4
25 42 5 5
25 43 10 8
25 44 3 5
25 45 2 10
25 47 6 4
25 49 10 8
25 50 9 9
25 51 1 4
25 52 5 9
25 53 3 9
25 57 7 9
25 58 4 10
25 59 8 9
25 62 6 7
25 63 6 10
25 64 4 3
25 65 2 7
25 66 9 4
25 67 1 8
25 68 5 2
25 69 2 7
25 70 9 1
25 71 5 3
25 72 4 4
25 73 3 8
25 74 4 3
25 75 2 5
25 76 10 6
25 77 9 5
25 78 7 8
25 80 6 2
25 81 8 10
25 82 8 6
25 83 4 3
25 84 8 10
25 86 10 10
25 87 7 1
25 88 2 9
25 89 2 5
25 90 4 6
25 91 7 2
25 92 3 7
25 94 3 1
25 95 7 2
25 97 9 4
25 99 2 9
25 100 8 3
26 27 10 7
26 28 4 8
26 29 1 1
26 30 8 9
26 31 10 10
26 32 8 4
26 33 10 6
26 34 7 1
26 35 8 7
26 36 8 5
26 38 4 5
26 39 9 2
26 41 5 8
26 43 1 10
26 44 3 4
26 45 7 8
26 46 9 10
26 48 9 4
26 49 3 5
26 50 10 6
26 51 1 9
26 52 9 6
26 53 4 9
26 54 2 5
26 55 2 7
26 56 9 8
26 57 3 7
26 58 4 8
26 59 8 3
26 60 6 6
26 62 4 1
26 63 10 5
26 64 4 10
26 67 9 6
26 68 5 1
26 69 8 5
26 71 10 2
26 72 7 2
26 73 8 9
26 77 2 7
26 78 7 1
26 79 8 8
26 80 10 7
26 81 1 8
26 82 9 8
26 83 1 9
26 84 1 1
26 86 8 10
26 87 1 8
26 88 3 5
26 89 1 9
26 90 7 3
26 91 4 10
26 92 3 3
26 93 3 9
26 94 2 8
26 95 10 2
26 97 3 2
26 98 9 4
26 100 3 2
27 28 10 6
27 30 8 1
27 32 4 4
27 33 6 3
27 35 3 7
27 36 2 8
27 38 3 10
27 39 5 5
27 40 2 6
27 41 4 3
27 42 6 4
27 44 2 3
27 45 2 7
27 46 10 6
27 48 1 1
27 50 2 3
27 51 7 7
27 52 1 1
27 53 8 3
27 54 6 1
27 55 5 8
27 56 1 2
27 57 9 5
27 59 6 10
27 60 3 5
27 62 6 6
27 63 3 1
27 66 7 4
27 67 10 1
27 68 6 4
27 69 9 8
27 70 1 2
27 71 5 7
27 72 2 8
27 73 5 9
27 74 10 9
27 75 1 5
27 76 9 6
27 77 8 7
27 80 4 8
27 81 7 8
27 82 5 7
27 83 6 4
27 84 10 10
27 86 3 9
27 87 6 6
27 88 1 7
27 89 3 1
27 91 1 6
27 92 5 8
27 93 5 9
27 95 10 8
27 96 4 9
27 97 2 9
27 98 7 3
27 99 3 9
27 100 5 9
28 29 3 1
28 30 7 9
28 31 5 2
28 32 10 10
28 33 7 6
28 34 5 2
28 37 3 8
28 39 2 7
28 41 3 5
28 42 7 6
28 43 6 7
28 44 2 7
28 46 2 2
28 47 5 5
28 48 7 5
28 49 10 7
28 50 6 10
28 52 5 4
28 53 10 6
28 54 10 9
28 55 6 8
28 56 8 3
28 58 9 8
28 59 9 7
28 60 9 10
28 61 10 4
28 62 2 1
28 63 3 8
28 64 5 7
28 67 9 10
28 68 7 5
28 70 1 7
28 71 2 1
28 72 9 10
28 73 7 8
28 74 5 1
28 76 2 6
28 78 7 1
28 80 3 8
28 81 9 10
28 82 9 2
28 83 10 1
28 86 9 6
28 87 5 8
28 88 8 4
28 89 3 6
28 90 8 5
28 92 5 1
28 93 2 4
28 96 8 9
28 97 8 6
28 98 1 10
28 99 1 5
28 100 5 1
29 31 2 7
29 32 4 8
29 33 2 5
29 36 10 7
29 37 4 7
29 38 6 9
29 39 4 3
29 40 9 7
29 41 5 3
29 42 7 2
29 43 3 10
29 44 8 9
29 45 1 3
29 46 1 5
29 47 10 5
29 48 9 10
29 49 1 7
29 50 7 9
29 51 10 10
29 52 10 9
29 53 7 7
29 55 4 8
29 56 9 3
29 57 6 10
29 60 2 10
29 61 3 4
29 62 3 9
29 63 4 3
29 65 7 9
29 66 1 1
29 67 7 5
29 68 8 1
29 69 8 9
29 70 3 4
29 72 9 7
29 73 6 8
29 74 6 1
29 75 3 5
29 76 3 9
29 77 3 9
29 78 10 4
29 79 5 4
29 80 6 8
29 81 3 5
29 82 3 5
29 83 1 10
29 85 2 10
29 86 10 8
29 87 9 4
29 88 5 6
29 89 7 10
29 90 8 10
29 91 8 6
29 94 9 2
29 95 9 9
29 96 9 1
29 97 3 1
29 98 5 7
29 99 6 4
29 100 1 7
30 31 7 3
30 33 6 6
30 34 2 10
30 35 8 10
30 36 7 5
30 37 2 4
30 38 4 3
30 39 6 6
30 41 10 8
30 42 1 6
30 43 1 5
30 44 4 5
30 45 10 10
30 46 1 5
30 47 6 6
30 48 8 3
30 49 10 2
30 50 2 8
30 51 6 3
30 52 7 4
30 53 5 9
30 56 6 4
30 57 1 2
30 58 1 6
30 59 9 3
30 60 1 10
30 61 9 4
30 62 6 8
30 64 8 6
30 65 1 2
30 66 5 6
30 67 4 3
30 68 3 2
30 71 7 10
30 72 4 7
30 74 5 3
30 76 1 1
30 79 7 1
30 80 7 7
30 81 7 1
30 82 7 10
30 83 8 5
30 84 7 6
30 86 6 8
30 87 2 5
30 88 6 10
30 89 6 5
30 90 3 9
30 94 6 7
30 95 5 9
30 97 3 9
30 99 2 1
30 100 6 2
31 32 7 1
31 34 1 10
31 35 7 10
31 36 10 1
31 37 8 9
31 38 3 2
31 40 8 1
31 43 5 7
31 44 4 3
31 45 4 4
31 46 9 1
31 48 9 4
31 49 1 3
31 50 2 6
31 51 10 5
31 53 4 10
31 54 5 6
31 55 4 4
31 58 7 1
31 59 6 5
31 60 7 2
31 61 3 2
31 62 2 2
31 64 4 3
31 66 4 9
31 68 1 7
31 69 6 7
31 71 6 1
31 72 2 7
31 73 7 7
31 74 8 9
31 75 4 8
31 77 2 10
31 78 7 6
31 79 7 8
31 80 1 1
31 81 9 10
31 82 10 6
31 84 10 3
31 86 5 6
31 87 10 9
31 88 8 10
31 89 9 10
31 90 3 6
31 91 2 7
31 92 8 4
31 93 10 4
31 94 6 7
31 95 9 7
31 96 9 8
31 97 8 10
31 98 1 7
31 99 7 6
31 100 10 5
32 33 8 5
32 34 6 7
32 35 1 9
32 36 7 7
32 37 3 8
32 38 3 6
32 39 10 9
32 40 10 4
32 41 2 3
32 42 1 1
32 43 6 9
32 44 6 2
32 46 2 3
32 47 2 5
32 48 3 7
32 49 6 6
32 50 3 3
32 52 5 4
32 53 5 10
32 54 10 10
32 55 1 5
32 56 10 5
32 57 1 2
32 58 4 3
32 60 2 8
32 61 3 5
32 63 9 10
32 65 5 6
32 66 5 2
32 67 5 1
32 69 5 5
32 70 5 6
32 72 3 5
32 73 10 3
32 74 2 1
32 75 4 8
32 76 2 10
32 77 2 7
32 78 4 2
32 79 10 5
32 80 1 6
32 81 7 4
32 82 10 1
32 83 10 6
32 84 6 6
32 85 8 9
32 86 1 4
32 87 9 6
32 90 9 7
32 91 6 5
32 93 3 1
32 95 10 9
32 97 4 2
32 98 10 8
32 100 7 9
33 35 1 2
33 36 3 7
33 37 9 7
33 38 1 1
33 39 4 3
33 40 2 6
33 41 1 7
33 42 9 10
33 43 5 4
33 44 1 2
33 46 9 4
33 47 2 5
33 48 6 2
33 49 1 4
33 51 9 9
33 52 7 2
33 53 9 1
33 55 2 4
33 56 9 7
33 57 6 3
33 59 3 4
33 60 10 1
33 61 1 10
33 62 9 9
33 63 2 8
33 64 6 3
33 65 7 7
33 67 7 3
33 69 10 1
33 71 9 6
33 72 2 2
33 74 6 1
33 75 7 9
33 76 9 4
33 77 3 6
33 78 1 1
33 79 7 3
33 81 9 1
33 82 9 3
33 83 6 7
33 86 10 7
33 87 8 8
33 88 1 10
33 91 3 2
33 92 4 5
33 93 5 5
33 94 5 5
33 95 6 9
33 96 10 2
33 97 9 10
33 98 1 4
33 100 3 5
34 37 9 1
34 38 8 10
34 40 5 6
34 41 7 2
34 42 7 5
34 44 9 9
34 45 4 10
34 46 9 7
34 48 7 5
34 49 9 5
34 50 10 5
34 51 7 3
34 53 2 8
34 54 8 1
34 55 9 2
34 56 9 6
34 57 3 7
34 59 6 7
34 63 1 10
34 64 5 7
34 66 10 4
34 67 9 5
34 68 8 7
34 69 3 7
34 70 6 3
34 71 6 4
34 73 5 10
34 74 7 9
34 75 1 1
34 76 9 7
34 78 2 5
34 79 10 5
34 80 5 1
34 81 9 1
34 82 2 7
34 83 2 8
34 84 7 10
34 86 4 6
34 87 7 1
34 88 3 6
34 90 8 3
34 91 6 8
34 92 10 9
34 93 3 2
34 94 2 7
34 95 3 7
34 97 7 6
34 98 1 4
34 99 7 5
34 100 2 8
35 37 10 8
35 39 9 8
35 40 6 2
35 42 8 1
35 43 1 5
35 44 6 9
35 45 4 10
35 46 8 9
35 47 2 7
35 50 3 7
35 51 10 7
35 52 7 9
35 53 8 5
35 54 9 8
35 56 2 4
35 57 1 8
35 58 8 6
35 59 6 5
35 60 9 4
35 61 2 8
35 62 8 5
35 63 3 5
35 65 5 8
35 66 1 1
35 67 6 8
35 68 4 3
35 69 6 8
35 70 7 8
35 71 7 10
35 72 10 6
35 74 2 8
35 75 4 8
35 76 3 2
35 77 3 5
35 79 10 3
35 81 3 4
35 82 6 7
35 83 7 3
35 86 3 4
35 87 2 5
35 88 4 3
35 90 6 6
35 91 4 6
35 92 7 10
35 93 5 1
35 94 10 3
35 95 10 4
35 96 3 1
35 98 8 1
35 99 6 3
35 100 4 2
36 37 8 2
36 39 9 3
36 40 9 6
36 41 8 2
36 42 3 10
36 43 8 6
36 44 8 1
36 46 4 9
36 47 8 8
36 48 7 7
36 49 8 4
36 50 8 7
36 51 2 4
36 52 6 6
36 53 6 9
36 54 6 1
36 55 7 7
36 56 4 9
36 58 1 4
36 59 5 7
36 60 8 4
36 62 10 9
36 63 5 8
36 64 8 8
36 65 3 1
36 66 10 5
36 67 7 8
36 68 8 8
36 69 10 10
36 71 6 4
36 72 4 6
36 73 3 4
36 74 1 2
36 75 8 7
36 76 8 1
36 77 5 5
36 78 7 6
36 79 10 1
36 81 9 8
36 82 3 5
36 83 2 9
36 84 3 7
36 85 4 9
36 88 4 3
36 89 3 9
36 90 2 1
36 91 3 9
36 92 8 10
36 93 2 6
36 95 9 8
36 96 9 3
36 97 9 10
36 99 9 10
37 38 1 4
37 39 6 10
37 40 6 1
37 41 1 10
37 42 9 2
37 43 4 6
37 44 8 6
37 45 8 9
37 46 2 10
37 47 2 10
37 49 9 1
37 50 7 3
37 52 8 7
37 54 8 4
37 56 5 8
37 57 2 10
37 58 2 2
37 59 5 2
37 60 8 2
37 61 4 8
37 63 1 6
37 64 4 8
37 66 6 10
37 67 2 1
37 68 9 1
37 69 8 8
37 70 4 10
37 72 1 10
37 73 7 2
37 74 4 9
37 76 8 3
37 77 5 10
37 78 1 3
37 79 10 3
37 80 7 5
37 82 8 2
37 83 3 4
37 84 3 8
37 85 1 3
37 86 5 6
37 87 9 8
37 88 2 4
37 89 9 2
37 90 9 4
37 91 10 9
37 92 9 10
37 93 10 5
37 94 1 5
37 95 4 9
37 96 7 10
37 97 5 7
37 98 7 2
37 99 6 1
37 100 7 10
38 39 6 4
38 41 2 8
38 42 3 6
38 46 8 2
38 47 2 9
38 48 9 2
38 49 9 6
38 50 1 1
38 51 4 8
38 52 10 7
38 53 8 1
38 54 5 9
38 55 4 10
38 57 1 3
38 58 10 6
38 59 10 5
38 60 6 10
38 61 3 9
38 62 10 5
38 64 2 10
38 65 7 9
38 66 5 2
38 67 6 4
38 68 1 2
38 69 6 4
38 70 10 3
38 71 8 1
38 73 2 9
38 74 8 8
38 75 1 2
38 76 8 9
38 77 5 3
38 78 8 6
38 80 1 9
38 81 5 6
38 82 4 2
38 83 2 8
38 84 4 2
38 85 7 7
38 86 6 4
38 87 6 8
38 88 2 5
38 91 7 3
38 92 7 4
38 93 9 8
38 94 6 6
38 95 4 7
38 96 3 6
38 97 1 2
38 99 6 9
38 100 10 7
39 41 6 10
39 42 3 2
39 45 3 7
39 46 2 4
39 47 7 8
39 51 7 1
39 53 2 6
39 55 8 9
39 56 8 8
39 57 7 4
39 58 7 2
39 59 2 1
39 61 6 2
39 63 9 1
39 64 2 3
39 65 8 7
39 66 7 7
39 67 6 8
39 68 5 4
39 69 9 3
39 70 3 10
39 71 3 10
39 73 4 9
39 75 10 5
39 76 1 7
39 77 8 1
39 79 2 8
39 80 3 9
39 82 10 10
39 83 1 7
39 84 2 2
39 85 1 4
39 86 4 1
39 88 10 4
39 89 10 1
39 90 4 10
39 91 2 4
39 93 9 6
39 94 5 9
39 95 4 1
39 97 5 9
39 98 7 8
39 99 8 7
39 100 1 4
40 41 2 6
40 42 3 3
40 43 6 6
40 44 3 4
40 45 9 9
40 49 7 10
40 50 8 10
40 51 8 5
40 52 10 8
40 53 1 2
40 54 8 5
40 55 7 4
40 56 8 6
40 57 7 4
40 58 3 3
40 59 3 1
40 61 7 10
40 63 9 8
40 64 10 6
40 65 3 8
40 66 5 7
40 67 3 10
40 68 8 2
40 69 8 3
40 70 9 3
40 71 7 10
40 72 1 8
40 73 1 2
40 74 1 8
40 75 7 8
40 76 7 2
40 77 6 9
40 78 3 6
40 80 9 3
40 82 5 9
40 83 6 4
40 84 2 5
40 86 4 3
40 87 3 4
40 88 8 6
40 89 4 6
40 90 5 9
40 91 3 1
40 92 8 2
40 93 5 6
40 94 1 2
40 95 4 7
40 96 10 8
40 97 8 10
40 98 2 9
40 99 6 7
40 100 6 7
41 42 9 8
41 43 4 8
41 45 8 8
41 46 9 6
41 49 2 2
41 50 9 1
41 51 5 3
41 52 8 9
41 53 1 3
41 54 9 7
41 56 6 10
41 57 3 3
41 58 3 10
41 60 5 5
41 61 1 9
41 62 5 8
41 63 3 1
41 64 9 4
41 66 9 6
41 67 10 8
41 68 4 10
41 70 1 4
41 71 8 8
41 72 9 7
41 73 8 10
41 74 4 9
41 75 3 6
41 77 1 4
41 78 7 8
41 79 4 1
41 81 2 7
41 82 6 10
41 83 2 8
41 85 1 10
41 88 5 5
41 89 1 5
41 90 6 5
41 91 10 4
41 93 1 6
41 95 2 7
41 96 10 4
41 97 9 9
41 98 10 2
41 99 9 4
41 100 7 2
42 43 1 9
42 44 2 6
42 45 9 9
42 47 8 6
42 48 5 7
42 49 10 8
42 50 5 9
42 52 5 2
42 54 6 7
42 56 10 9
42 57 10 4
42 58 10 4
42 59 1 7
42 60 1 1
42 61 9 10
42 62 10 3
42 64 5 3
42 65 8 7
42 66 9 4
42 67 8 5
42 68 4 7
42 69 3 10
42 70 8 3
42 71 3 1
42 72 7 4
42 73 2 7
42 74 5 9
42 76 7 3
42 77 8 7
42 78 9 8
42 79 3 7
42 81 6 7
42 82 5 7
42 83 7 9
42 84 4 5
42 85 6 8
42 86 1 2
42 87 4 2
42 89 6 3
42 90 6 8
42 91 9 5
42 92 3 1
42 95 6 10
42 96 2 6
42 97 3 1
42 98 10 6
42 99 4 7
42 100 9 9
43 44 8 1
43 45 2 9
43 46 2 1
43 48 9 9
43 49 10 3
43 50 8 1
43 51 4 8
43 52 2 9
43 55 9 10
43 56 1 1
43 57 9 1
43 59 3 2
43 60 10 5
43 61 9 9
43 62 10 9
43 63 6 4
43 64 7 1
43 65 8 5
43 66 1 5
43 67 3 8
43 69 8 10
43 71 4 6
43 72 3 4
43 73 5 2
43 74 5 5
43 75 5 6
43 76 3 1
43 77 4 8
43 78 6 4
43 79 1 4
43 81 2 8
43 84 2 4
43 85 10 8
43 86 3 8
43 89 10 10
43 90 1 5
43 91 2 5
43 92 10 7
43 93 1 9
43 94 8 1
43 96 2 4
43 98 4 5
43 99 5 1
43 100 2 7
44 45 1 4
44 47 5 4
44 50 8 10
44 52 7 7
44 54 10 10
44 55 8 1
44 56 6 4
44 58 7 2
44 59 4 5
44 60 4 4
44 61 1 3
44 62 3 7
44 64 6 7
44 65 2 6
44 67 7 4
44 68 4 5
44 69 6 4
44 70 9 8
44 71 8 5
44 72 6 6
44 73 4 9
44 75 6 6
44 76 6 9
44 77 3 6
44 78 9 3
44 79 3 3
44 81 4 5
44 82 3 1
44 83 2 9
44 85 10 9
44 86 8 6
44 87 6 3
44 88 3 9
44 90 1 3
44 91 4 8
44 92 7 7
44 95 1 4
44 96 3 9
44 97 7 2
44 98 1 3
44 99 2 4
45 46 6 7
45 47 5 8
45 48 2 6
45 49 3 3
45 50 3 7
45 51 8 6
45 52 1 7
45 55 8 9
45 57 5 6
45 58 9 2
45 61 3 9
45 62 6 9
45 63 10 3
45 64 10 6
45 65 10 7
45 66 1 9
45 67 1 6
45 68 9 9
45 69 8 7
45 70 3 3
45 71 1 2
45 73 4 7
45 75 9 4
45 77 7 10
45 78 9 4
45 80 4 2
45 81 8 4
45 82 8 9
45 83 9 1
45 84 1 3
45 85 7 5
45 86 5 4
45 87 2 2
45 88 5 2
45 89 7 5
45 90 5 5
45 92 1 9
45 93 2 8
45 95 6 3
45 96 9 10
45 97 3 8
45 98 2 2
45 99 8 3
46 47 4 3
46 48 4 4
46 49 9 4
46 50 1 10
46 51 6 9
46 52 8 6
46 55 10 8
46 57 6 6
46 58 3 10
46 59 1 3
46 61 5 9
46 63 6 3
46 64 10 7
46 65 5 10
46 70 2 9
46 72 5 3
46 73 8 5
46 75 3 9
46 76 2 1
46 78 2 1
46 79 10 5
46 80 3 3
46 81 8 2
46 83 1 10
46 84 7 8
46 86 4 10
46 87 6 7
46 88 5 2
46 89 5 3
46 90 10 7
46 91 4 5
46 92 9 7
46 93 7 6
46 94 9 4
46 97 6 2
46 99 10 1
46 100 6 7
47 48 9 6
47 50 1 4
47 51 7 10
47 52 10 10
47 53 2 8
47 54 2 7
47 55 4 10
47 56 6 9
47 57 10 2
47 58 3 5
47 60 9 8
47 61 2 1
47 62 9 3
47 63 3 3
47 64 8 7
47 65 1 6
47 68 6 3
47 69 3 8
47 70 9 5
47 71 10 6
47 72 6 4
47 73 4 4
47 74 10 7
47 75 1 1
47 76 5 5
47 77 2 4
47 78 6 5
47 79 6 2
47 80 6 2
47 82 5 3
47 83 2 7
47 84 10 3
47 85 5 2
47 86 1 7
47 87 8 6
47 88 3 9
47 89 2 8
47 90 5 4
47 91 9 4
47 93 5 4
47 94 1 9
47 95 5 2
47 96 4 6
47 97 2 7
47 98 7 7
48 49 4 7
48 51 7 8
48 53 8 3
48 56 9 2
48 57 7 8
48 58 6 3
48 59 7 5
48 60 6 1
48 61 8 6
48 62 8 1
48 63 8 1
48 64 8 2
48 65 9 5
48 66 5 7
48 67 9 5
48 69 5 2
48 70 2 6
48 71 1 10
48 72 7 7
48 73 6 5
48 74 6 4
48 75 6 7
48 76 5 3
48 77 6 6
48 79 7 10
48 80 7 7
48 81 9 10
48 83 8 9
48 84 3 4
48 85 6 2
48 86 6 6
48 88 7 1
48 90 6 5
48 91 7 3
48 92 5 2
48 93 5 2
48 96 7 4
48 98 2 2
48 99 1 4
48 100 10 2
49 50 4 10
49 51 6 3
49 53 2 2
49 54 3 3
49 55 3 4
49 56 6 3
49 59 10 10
49 60 4 1
49 61 7 7
49 62 8 3
49 63 10 7
49 64 7 6
49 65 8 4
49 66 2 4
49 67 9 9
49 68 3 7
49 69 3 7
49 70 10 4
49 72 8 2
49 73 4 1
49 74 5 8
49 75 10 5
49 76 8 3
49 77 6 7
49 79 1 9
49 85 2 1
49 86 7 3
49 88 2 8
49 89 3 2
49 90 4 1
49 91 5 2
49 92 7 6
49 93 10 1
49 94 5 10
49 95 9 3
49 96 4 8
49 97 8 1
49 98 6 5
49 99 8 10
50 51 6 5
50 52 9 7
50 53 4 4
50 54 1 1
50 55 6 8
50 56 9 5
50 57 1 9
50 58 10 8
50 59 4 3
50 60 2 3
50 61 8 3
50 62 7 7
50 63 5 7
50 65 3 2
50 66 10 10
50 67 6 6
50 68 5 3
50 69 7 2
50 71 3 2
50 72 1 4
50 73 8 6
50 74 6 2
50 75 1 7
50 76 2 1
50 77 9 1
50 78 3 3
50 79 10 10
50 80 5 8
50 81 4 6
50 82 8 2
50 83 10 5
50 84 3 3
50 85 8 2
50 86 3 2
50 87 8 6
50 90 1 3
50 91 2 6
50 92 3 2
50 94 2 6
50 95 1 3
50 96 7 4
50 97 9 1
50 98 5 6
50 99 2 4
50 100 10 8
51 52 4 7
51 53 9 7
51 54 2 1
51 55 1 1
51 57 2 2
51 58 8 7
51 60 9 3
51 62 3 3
51 64 6 4
51 65 6 5
51 66 5 6
51 68 10 7
51 69 10 2
51 70 1 10
51 71 3 8
51 72 3 4
51 73 3 5
51 74 6 4
51 75 7 1
51 76 8 9
51 77 3 2
51 79 10 9
51 80 8 9
51 82 9 7
51 83 2 7
51 84 7 5
51 85 7 4
51 86 7 6
51 87 3 9
51 88 8 8
51 89 5 10
51 91 5 10
51 92 3 9
51 93 3 9
51 94 6 7
51 95 7 10
51 96 7 5
51 97 10 8
51 98 8 8
51 99 9 7
52 53 8 5
52 54 7 8
52 55 6 9
52 57 5 1
52 58 5 2
52 59 7 10
52 60 9 1
52 61 8 8
52 62 1 6
52 63 7 4
52 64 5 6
52 65 2 9
52 66 9 1
52 67 7 6
52 68 9 6
52 69 3 1
52 70 5 9
52 71 1 4
52 72 6 8
52 73 10 10
52 76 6 4
52 77 7 2
52 79 4 7
52 81 6 3
52 83 8 5
52 84 4 8
52 85 9 2
52 86 9 6
52 87 7 4
52 91 2 9
52 92 4 8
52 93 4 3
52 94 7 1
52 95 1 7
52 96 5 1
52 97 1 10
52 98 3 5
52 100 7 4
53 55 7 6
53 56 5 3
53 57 9 5
53 58 2 2
53 59 9 4
53 60 4 9
53 61 5 9
53 63 4 2
53 64 3 8
53 65 3 7
53 66 6 4
53 67 9 2
53 68 3 7
53 69 3 2
53 70 8 1
53 71 6 2
53 72 9 2
53 73 5 10
53 74 7 3
53 76 9 3
53 77 10 1
53 78 4 2
53 79 10 1
53 81 9 9
53 83 2 7
53 84 1 2
53 89 9 10
53 91 2 2
53 92 5 10
53 93 1 2
53 94 3 9
53 95 3 6
53 96 8 6
53 97 6 6
53 98 2 9
53 99 6 1
53 100 3 4
54 55 9 7
54 57 8 4
54 59 5 8
54 60 10 1
54 62 6 9
54 63 1 6
54 66 6 10
54 67 2 5
54 69 8 6
54 70 10 8
54 71 5 8
54 72 5 4
54 73 10 8
54 74 2 7
54 75 10 7
54 76 5 3
54 78 4 1
54 81 5 8
54 82 9 7
54 83 7 4
54 84 7 5
54 86 1 7
54 87 5 6
54 90 8 8
54 91 10 1
54 93 2 6
54 94 9 6
54 95 5 3
54 96 4 6
54 97 6 10
54 98 7 2
54 99 1 7
54 100 3 3
55 57 3 1
55 58 1 6
55 60 4 2
55 61 10 8
55 62 7 5
55 63 10 6
55 64 5 2
55 65 10 5
55 66 8 6
55 67 5 4
55 68 2 7
55 70 8 5
55 71 9 1
55 72 9 5
55 73 4 10
55 74 6 9
55 75 7 8
55 77 5 10
55 78 10 8
55 79 9 4
55 81 10 9
55 82 2 2
55 83 5 10
55 85 5 6
55 86 4 3
55 87 9 7
55 88 3 3
55 89 10 10
55 90 8 3
55 93 3 9
55 94 3 3
55 95 10 1
55 97 4 6
55 98 4 3
55 99 5 10
55 100 2 3
56 57 5 3
56 59 4 5
56 60 4 9
56 62 8 6
56 63 3 5
56 64 8 5
56 66 10 9
56 67 9 5
56 68 4 8
56 69 9 8
56 70 1 8
56 72 2 1
56 73 10 8
56 74 8 8
56 75 7 8
56 76 1 5
56 77 7 7
56 80 9 8
56 81 6 5
56 82 10 5
56 83 6 5
56 84 4 10
56 86 4 8
56 87 5 9
56 88 3 5
56 89 8 1
56 91 6 9
56 92 6 8
56 93 4 6
56 94 6 10
56 95 3 1
56 96 5 8
56 97 7 2
56 98 5 9
56 99 5 1
56 100 3 9
57 58 7 10
57 59 9 7
57 60 3 2
57 61 2 4
57 62 5 10
57 63 4 4
57 64 4 5
57 65 6 9
57 67 6 10
57 68 1 7
57 69 7 10
57 72 1 2
57 74 3 8
57 75 3 9
57 76 6 8
57 78 10 1
57 81 3 6
57 82 4 10
57 83 4 4
57 84 8 2
57 85 4 8
57 86 3 4
57 88 10 3
57 89 1 3
57 90 2 9
57 91 7 6
57 92 10 7
57 93 4 9
57 94 5 8
57 95 10 10
57 96 1 6
57 97 7 8
57 98 3 5
57 100 9 2
58 59 10 10
58 60 1 2
58 61 9 9
58 62 10 6
58 63 5 7
58 64 8 3
58 65 7 3
58 66 7 7
58 68 10 3
58 69 10 4
58 70 9 2
58 71 3 10
58 72 1 4
58 73 9 8
58 74 6 1
58 75 8 1
58 76 6 7
58 78 6 6
58 79 8 9
58 81 2 9
58 82 3 5
58 83 10 2
58 85 4 7
58 86 3 6
58 87 1 2
58 88 5 5
58 89 6 6
58 90 1 5
58 91 6 8
58 92 6 4
58 93 5 7
58 94 5 7
58 97 7 4
58 98 7 7
58 100 4 7
59 60 8 1
59 61 2 8
59 62 7 8
59 63 10 2
59 64 4 3
59 66 3 2
59 67 4 10
59 68 6 3
59 69 4 5
59 70 4 1
59 72 1 4
59 73 10 8
59 74 6 6
59 75 10 4
59 77 2 3
59 78 7 10
59 79 4 2
59 80 3 1
59 81 9 3
59 82 2 10
59 83 8 6
59 84 10 9
59 85 1 5
59 88 5 6
59 89 8 8
59 91 4 4
59 92 8 7
59 94 7 6
59 95 6 7
59 96 3 2
59 97 7 8
59 98 4 4
59 100 1 10
60 62 6 6
60 63 7 3
60 64 9 8
60 65 10 5
60 66 9 1
60 67 1 6
60 68 5 6
60 69 4 9
60 70 5 10
60 71 5 5
60 72 10 1
60 73 3 6
60 75 5 8
60 76 6 1
60 77 2 8
60 78 2 10
60 80 7 2
60 81 5 6
60 84 3 4
60 86 3 7
60 87 10 1
60 88 2 9
60 89 1 3
60 90 8 6
60 91 6 1
60 92 5 7
60 93 7 2
60 94 2 7
60 95 7 2
60 96 5 1
60 97 7 5
60 98 10 7
60 99 7 9
60 100 4 1
61 63 1 9
61 64 1 2
61 65 2 2
61 66 5 5
61 67 7 8
61 68 8 10
61 69 5 5
61 71 10 5
61 72 4 10
61 73 2 3
61 75 9 6
61 76 10 10
61 77 7 1
61 78 6 6
61 79 5 7
61 81 6 1
61 82 6 1
61 84 3 8
61 85 9 1
61 86 4 10
61 87 5 3
61 88 1 10
61 89 1 10
61 90 5 10
61 91 4 7
61 93 6 6
61 94 3 8
61 95 10 1
61 96 2 3
61 97 9 3
61 98 7 8
61 99 2 2
61 100 9 8
62 63 9 1
62 64 4 9
62 65 4 3
62 66 6 2
62 67 6 7
62 68 7 7
62 70 2 6
62 72 6 10
62 74 10 1
62 75 1 3
62 76 1 9
62 77 9 3
62 78 2 5
62 79 1 8
62 81 10 9
62 84 8 7
62 85 5 10
62 87 4 2
62 88 7 2
62 89 1 3
62 90 10 10
62 91 5 5
62 92 8 6
62 93 10 3
62 94 10 6
62 95 8 10
62 96 6 2
62 97 8 4
62 98 7 1
62 99 5 9
62 100 9 9
63 64 9 9
63 65 2 2
63 66 2 2
63 67 3 7
63 68 4 3
63 69 2 4
63 70 7 1
63 72 8 2
63 73 9 6
63 74 6 3
63 76 9 5
63 77 1 8
63 79 4 4
63 80 10 5
63 81 8 7
63 82 9 2
63 83 4 7
63 84 3 9
63 85 6 1
63 87 4 1
63 88 3 10
63 89 3 2
63 90 10 5
63 91 6 1
63 92 9 3
63 93 1 1
63 94 8 3
63 97 10 4
63 98 6 7
63 99 1 2
63 100 5 8
64 66 2 8
64 68 9 10
64 69 4 7
64 70 3 4
64 71 4 8
64 72 7 6
64 73 6 7
64 74 2 1
64 75 3 3
64 76 8 3
64 77 3 5
64 79 4 1
64 80 6 3
64 81 6 7
64 82 5 2
64 83 4 8
64 84 9 9
64 86 9 6
64 87 4 1
64 88 5 3
64 89 8 1
64 91 2 7
64 92 8 1
64 93 1 9
64 94 4 2
64 96 8 5
64 100 7 5
65 66 9 5
65 69 4 3
65 70 7 7
65 71 6 4
65 72 5 4
65 73 1 2
65 74 2 4
65 75 1 3
65 77 6 9
65 79 6 6
65 80 5 8
65 81 4 2
65 82 9 10
65 83 9 8
65 84 4 5
65 85 9 10
65 86 5 2
65 87 5 9
65 88 2 9
65 89 1 5
65 90 9 2
65 91 8 3
65 92 9 9
65 93 4 3
65 94 5 9
65 95 5 8
65 96 10 7
65 98 6 9
65 99 10 4
65 100 9 4
66 67 2 10
66 68 5 2
66 69 1 5
66 70 9 8
66 71 3 9
66 75 3 4
66 77 5 1
66 78 2 10
66 79 5 7
66 80 5 5
66 81 9 5
66 82 3 4
66 84 2 3
66 85 7 6
66 86 3 2
66 88 2 3
66 89 7 3
66 90 9 5
66 91 3 2
66 92 6 7
66 93 8 4
66 95 6 8
66 96 9 4
66 99 10 1
66 100 3 2
67 68 3 6
67 70 9 9
67 71 6 8
67 73 3 7
67 75 7 1
67 76 4 3
67 77 5 2
67 78 8 1
67 79 8 4
67 80 2 2
67 81 5 6
67 82 5 9
67 83 10 8
67 84 1 6
67 85 3 7
67 86 2 9
67 87 9 4
67 89 5 2
67 90 1 3
67 91 5 2
67 92 8 9
67 94 7 9
67 95 4 7
67 98 1 5
68 69 9 1
68 70 4 6
68 71 10 7
68 72 1 4
68 73 2 1
68 74 8 5
68 75 6 5
68 76 4 4
68 78 1 8
68 79 5 7
68 80 7 3
68 82 4 1
68 83 7 3
68 84 4 4
68 85 3 1
68 86 2 8
68 87 9 7
68 88 7 4
68 89 2 4
68 90 2 2
68 91 7 8
68 92 6 2
68 93 1 6
68 94 7 1
68 95 3 10
68 96 9 6
68 97 9 1
68 98 1 1
68 99 2 2
69 70 10 10
69 73 9 4
69 74 4 6
69 75 1 7
69 76 9 6
69 77 4 3
69 78 5 6
69 79 5 9
69 80 6 6
69 81 8 2
69 82 4 9
69 84 3 2
69 85 7 9
69 86 2 8
69 87 1 10
69 90 5 7
69 91 2 1
69 92 5 9
69 93 10 5
69 94 8 6
69 98 3 3
69 99 3 10
69 100 6 2
70 72 8 9
70 73 5 7
70 74 2 10
70 75 9 9
70 76 3 6
70 77 4 5
70 78 9 1
70 80 6 1
70 81 3 5
70 82 4 8
70 83 2 10
70 84 2 1
70 85 2 1
70 86 7 1
70 87 8 1
70 88 7 1
70 89 2 5
70 90 1 3
70 92 5 10
70 93 10 9
70 94 9 3
70 95 9 6
70 96 10 4
70 98 9 3
70 100 2 8
71 73 6 8
71 74 9 4
71 78 8 3
71 80 10 5
71 81 4 8
71 82 5 1
71 83 8 1
71 84 2 1
71 85 6 6
71 86 3 5
71 87 5 6
71 89 9 7
71 90 6 1
71 91 10 7
71 92 10 4
71 93 3 6
71 94 4 2
71 95 6 1
71 97 2 1
71 98 2 2
71 100 5 3
72 73 3 5
72 74 6 10
72 75 8 1
72 76 7 9
72 78 6 10
72 80 3 8
72 81 5 9
72 82 8 8
72 83 4 3
72 86 8 1
72 87 1 5
72 88 10 2
72 89 10 8
72 90 1 1
72 92 4 5
72 93 7 2
72 94 3 5
72 95 5 10
72 97 5 9
72 98 8 8
72 99 9 10
72 100 4 10
73 77 5 10
73 78 8 10
73 79 8 4
73 81 4 4
73 82 7 10
73 83 5 10
73 84 4 6
73 85 3 4
73 86 4 2
73 87 1 6
73 88 1 3
73 89 5 8
73 90 8 10
73 91 8 2
73 92 10 7
73 93 1 7
73 95 7 10
73 96 5 7
73 97 9 6
73 98 2 8
73 99 9 3
74 75 6 7
74 77 8 4
74 78 3 8
74 79 1 1
74 80 3 7
74 81 3 1
74 83 9 3
74 84 3 1
74 85 9 9
74 86 4 10
74 87 2 1
74 88 4 1
74 90 3 7
74 92 10 3
74 93 1 3
74 94 5 8
74 95 7 9
74 97 4 1
74 98 3 4
74 99 2 6
75 77 1 5
75 78 3 10
75 80 5 8
75 83 6 8
75 84 6 7
75 85 1 3
75 86 9 7
75 88 9 1
75 89 8 6
75 90 4 8
75 92 1 6
75 93 8 1
75 94 5 1
75 95 4 6
75 96 7 9
75 97 8 8
75 99 9 4
75 100 10 9
76 77 4 8
76 78 3 6
76 80 2 4
76 81 9 4
76 83 1 1
76 85 3 10
76 86 10 2
76 87 1 6
76 88 3 6
76 89 1 10
76 90 9 2
76 91 6 10
76 93 9 10
76 94 6 10
76 95 5 3
76 96 7 10
76 97 5 3
76 98 9 5
76 99 10 8
76 100 1 4
77 78 7 4
77 79 2 10
77 80 10 1
77 81 7 8
77 82 5 7
77 83 1 8
77 84 3 3
77 85 10 8
77 87 3 5
77 89 7 7
77 90 2 6
77 93 5 2
77 94 3 8
77 95 3 5
77 96 6 9
77 98 10 5
77 99 9 8
77 100 8 4
78 79 6 4
78 81 9 8
78 84 4 7
78 85 6 10
78 86 10 5
78 87 2 7
78 88 1 10
78 89 3 1
78 90 10 10
78 91 1 4
78 92 3 3
78 93 4 1
78 94 1 2
78 96 2 5
78 97 9 5
78 98 10 8
78 99 4 5
78 100 9 4
79 80 8 9
79 81 9 1
79 82 9 1
79 83 3 10
79 84 10 4
79 85 2 6
79 87 3 6
79 88 8 3
79 90 7 2
79 92 3 1
79 95 2 2
79 96 7 2
79 97 1 6
79 98 7 5
79 100 4 10
80 81 9 1
80 83 4 5
80 84 9 3
80 85 7 10
80 86 1 9
80 87 5 7
80 88 10 6
80 89 7 2
80 90 5 3
80 92 1 8
80 93 6 2
80 94 5 6
80 95 3 7
80 96 5 1
80 97 2 3
80 98 9 2
80 99 6 10
80 100 6 3
81 82 1 9
81 83 10 1
81 85 7 7
81 86 10 4
81 87 6 7
81 88 10 2
81 89 10 8
81 90 9 5
81 92 10 8
81 93 5 2
81 94 6 7
81 96 9 8
81 98 1 8
81 99 7 3
81 100 9 2
82 83 8 10
82 84 1 4
82 86 5 10
82 87 2 7
82 88 5 1
82 89 9 6
82 90 5 1
82 91 6 10
82 92 2 2
82 93 2 8
82 94 7 10
82 95 8 2
82 96 1 8
82 97 7 2
82 98 1 6
82 99 7 8
82 100 7 9
83 84 4 10
83 85 3 9
83 86 5 8
83 87 8 4
83 89 4 7
83 91 6 4
83 92 8 8
83 93 9 7
83 94 5 7
83 95 1 5
83 96 10 6
83 97 8 7
83 99 2 3
83 100 1 3
84 86 3 4
84 87 6 9
84 88 3 1
84 90 10 8
84 91 5 10
84 92 10 10
84 93 7 1
84 94 8 9
84 95 6 6
84 96 6 1
84 97 8 8
84 98 2 1
84 99 3 3
84 100 3 2
85 86 10 1
85 88 8 6
85 89 4 9
85 91 4 1
85 92 3 5
85 93 10 8
85 94 2 1
85 95 3 8
85 96 1 6
85 97 3 8
85 99 6 3
85 100 1 10
86 88 7 10
86 89 8 8
86 91 7 1
86 92 5 8
86 93 10 2
86 94 2 5
86 95 1 1
86 96 8 6
86 98 5 3
86 99 5 8
86 100 7 5
87 88 5 1
87 90 7 6
87 91 8 1
87 92 10 8
87 94 1 10
87 95 1 8
87 96 6 9
87 97 5 8
87 98 4 8
87 99 3 10
87 100 3 7
88 89 2 4
88 91 6 6
88 92 4 1
88 93 8 4
88 94 4 10
88 95 10 6
88 96 1 6
88 99 4 1
88 100 5 3
89 90 6 1
89 91 9 5
89 92 1 5
89 93 8 6
89 96 6 1
89 97 9 6
89 98 1 4
89 99 5 7
89 100 7 5
90 91 6 9
90 92 5 6
90 93 3 6
90 94 6 10
90 95 8 1
90 96 4 8
90 97 8 4
90 98 7 5
90 99 6 10
91 92 6 2
91 93 1 7
91 94 9 1
91 96 6 9
91 97 10 1
91 98 8 7
91 100 3 1
92 93 6 5
92 94 6 5
92 95 8 8
92 96 7 10
92 97 9 2
92 98 4 1
92 99 6 8
92 100 10 9
93 94 1 4
93 95 3 7
93 96 10 6
93 97 10 6
93 98 3 3
93 99 8 6
94 95 4 5
94 96 10 8
94 97 10 9
94 99 10 7
94 100 10 6
95 96 5 3
95 97 6 10
95 98 2 3
95 100 5 8
96 100 4 2
97 99 7 3
97 100 8 2
98 99 2 4
98 100 6 5
99 100 3 3
1
1 2 3 4 5 6 7 8 9 10 11 12 13 14 15 16 17 18 19 20 21 22 23 24 25 26 27 28 29 30 31 32 33 34 35 36 37 38 39 40 41 42 43 44 45 46 47 48 49 50
