3945
1 4 6 4
1 5 4 2
1 8 7 8
1 9 8 4
1 10 7 10
1 11 3 9
1 12 3 5
1 14 3 7
1 15 3 2
1 16 6 9
1 17 6 6
1 18 4 6
1 19 6 6
1 20 6 10
1 21 3 9
1 22 4 4
1 23 1 5
1 24 5 9
1 25 7 8
1 26 8 10
1 27 5 2
1 29 6 9
1 30 9 4
1 32 9 4
1 35 5 7
1 36 4 1
1 37 3 4
1 38 1 10
1 39 4 9
1 40 4 4
1 41 7 1
1 43 7 5
1 44 1 9
1 46 2 6
1 47 7 7
1 48 8 10
1 49 3 8
1 50 6 2
1 52 8 1
1 53 1 10
1 54 3 10
1 55 7 9
1 56 8 9
1 57 4 6
1 58 1 9
1 59 7 7
1 60 10 8
1 61 10 9
1 62 8 6
1 63 7 6
1 64 5 4
1 65 1 7
1 66 5 1
1 67 2 6
1 68 10 3
1 69 3 2
1 71 3 6
1 72 7 6
1 73 7 7
1 75 4 7
1 77 10 9
1 78 3 10
1 79 1 10
1 80 3 8
1 81 5 8
1 82 2 2
1 83 8 4
1 85 7 7
1 87 4 3
1 88 1 6
1 90 4 2
1 93 1 8
1 94 10 5
1 95 6 4
1 96 10 4
1 97 9 4
1 98 3 3
1 99 7 5
1 100 5 9
2 3 9 8
2 4 7 5
2 5 8 2
2 6 10 4
2 8 5 3
2 9 8 1
2 10 8 4
2 11 8 7
2 12 8 8
2 13 10 9
2 14 6 10
2 15 6 2
2 16 4 1
2 17 3 4
2 18 1 3
2 19 9 6
2 20 5 4
2 22 4 8
2 23 6 8
2 24 5 9
2 26 5 5
2 27 3 7
2 28 9 5
2 29 4 10
2 30 6 3
2 31 7 10
2 32 8 7
2 33 9 5
2 34 4 2
2 35 4 4
2 38 6 4
2 39 10 8
2 40 4 6
2 41 4 8
2 42 6 8
2 43 1 2
2 44 7 2
2 46 1 6
2 47 3 9
2 48 10 10
2 49 9 1
2 51 2 1
2 52 5 10
2 54 10 7
2 56 7 9
2 57 10 7
2 58 2 8
2 59 5 3
2 60 2 7
2 61 6 2
2 62 2 8
2 63 1 4
2 64 9 7
2 66 8 4
2 67 8 3
2 69 9 8
2 70 6 10
2 72 7 9
2 73 4 6
2 74 4 4
2 75 2 3
2 76 6 6
2 77 8 5
2 78 9 4
2 79 7 6
2 80 4 9
2 81 4 5
2 83 5 5
2 85 9 10
2 86 6 10
2 87 10 2
2 88 6 1
2 89 7 3
2 90 1 8
2 91 8 2
2 92 4 10
2 93 3 3
2 94 9 5
2 95 8 6
2 96 9 7
2 97 4 2
2 98 3 10
2 100 5 1
3 4 6 9
3 5 6 1
3 6 4 2
3 7 10 9
3 8 7 4
3 9 5 3
3 10 1 5
3 11 6 5
3 12 7 10
3 13 5 3
3 14 8 9
3 15 9 3
3 16 2 6
3 17 10 6
3 18 8 1
3 19 7 4
3 20 4 1
3 22 5 7
3 24 3 1
3 25 10 1
3 26 5 1
3 27 5 4
3 28 4 9
3 29 6 10
3 30 3 6
3 31 6 2
3 32 5 8
3 33 1 8
3 34 8 10
3 35 6 4
3 37 7 2
3 39 8 7
3 40 1 10
3 41 6 1
3 42 1 10
3 43 5 6
3 44 7 8
3 45 9 6
3 46 3 3
3 47 8 1
3 50 3 5
3 52 4 1
3 53 2 1
3 54 6 1
3 55 7 9
3 56 8 9
3 58 3 6
3 62 7 5
3 63 3 3
3 64 4 3
3 66 1 2
3 67 10 4
3 68 7 3
3 69 9 6
3 70 6 6
3 71 4 2
3 72 9 7
3 73 2 9
3 74 6 1
3 75 10 10
3 76 4 5
3 78 7 6
3 79 5 5
3 80 8 5
3 81 2 9
3 82 8 1
3 83 7 5
3 85 6 2
3 86 7 10
3 87 10 5
3 88 4 5
3 89 9 8
3 91 5 3
3 92 9 4
3 93 8 4
3 94 9 8
3 96 1 4
3 98 5 9
3 99 10 6
3 100 6 9
4 5 9 5
4 6 8 9
4 7 7 6
4 8 9 6
4 9 4 9
4 11 9 2
4 12 10 3
4 13 7 6
4 14 7 7
4 15 2 7
4 16 1 6
4 17 6 6
4 18 5 6
4 19 5 5
4 23 5 5
4 24 10 3
4 25 7 10
4 26 7 7
4 27 4 5
4 28 10 9
4 29 10 7
4 30 2 1
4 31 10 3
4 32 9 6
4 33 10 3
4 34 4 1
4 35 2 3
4 36 2 6
4 37 2 8
4 38 9 4
4 39 4 6
4 40 2 3
4 41 10 10
4 42 8 3
4 43 10 6
4 44 7 3
4 45 4 7
4 46 7 8
4 47 5 8
4 48 1 6
4 49 4 9
4 50 7 1
4 51 1 9
4 54 7 6
4 55 4 10
4 56 8 7
4 57 8 4
4 58 3 2
4 59 6 5
4 60 9 1
4 61 7 9
4 63 1 2
4 64 4 9
4 65 7 10
4 66 2 5
4 68 3 1
4 70 1 7
4 71 1 3
4 73 6 2
4 74 5 2
4 75 5 6
4 77 3 2
4 78 2 4
4 79 10 1
4 80 4 8
4 81 1 9
4 83 3 8
4 84 3 8
4 85 7 7
4 86 5 10
4 87 1 5
4 88 4 9
4 89 9 3
4 90 10 5
4 91 7 9
4 92 4 2
4 94 7 9
4 97 8 4
4 98 8 3
4 99 3 4
4 100 1 5
5 7 6 4
5 9 3 6
5 10 7 7
5 12 4 10
5 13 9 2
5 14 10 9
5 15 6 1
5 16 8 7
5 17 8 9
5 18 8 2
5 21 3 1
5 22 3 7
5 23 7 2
5 25 6 1
5 26 3 1
5 27 2 5
5 28 7 3
5 29 2 1
5 30 7 3
5 31 8 5
5 32 2 2
5 33 8 7
5 34 9 10
5 35 3 5
5 38 9 4
5 39 5 10
5 40 9 1
5 41 2 8
5 42 8 7
5 43 4 1
5 44 10 7
5 45 8 2
5 46 3 10
5 47 8 3
5 48 5 10
5 50 9 4
5 51 7 5
5 52 9 1
5 53 8 3
5 54 8 10
5 55 8 5
5 56 4 2
5 57 10 8
5 58 3 4
5 59 2 7
5 60 4 7
5 61 7 10
5 62 6 5
5 63 10 4
5 64 8 9
5 65 3 3
5 66 10 1
5 67 3 5
5 68 3 6
5 69 1 6
5 70 10 3
5 71 9 7
5 73 7 5
5 77 10 2
5 79 9 5
5 80 4 10
5 81 9 6
5 82 7 1
5 83 7 8
5 84 4 8
5 85 5 2
5 86 5 4
5 87 10 5
5 89 8 5
5 90 7 1
5 91 8 4
5 92 9 1
5 93 7 3
5 94 5 9
5 95 6 5
5 96 8 1
5 97 1 3
5 98 3 10
5 99 4 8
5 100 3 1
6 7 2 8
6 8 4 1
6 9 1 1
6 10 6 7
6 11 1 5
6 12 4 4
6 14 7 7
6 15 3 8
6 17 3 8
6 18 8 4
6 19 3 3
6 20 6 9
6 21 2 9
6 22 5 7
6 23 8 3
6 24 8 10
6 25 4 3
6 26 4 10
6 29 9 5
6 30 7 8
6 31 2 8
6 33 7 3
6 34 10 9
6 35 5 8
6 36 10 3
6 37 1 9
6 38 6 7
6 39 9 9
6 40 9 5
6 41 8 8
6 42 2 5
6 44 7 5
6 46 3 2
6 47 1 10
6 48 9 2
6 49 5 8
6 50 10 3
6 52 3 10
6 53 1 4
6 54 1 1
6 55 9 6
6 56 3 5
6 57 3 6
6 58 4 4
6 59 10 4
6 61 5 5
6 62 10 2
6 63 1 7
6 64 1 3
6 66 2 8
6 67 8 10
6 68 5 6
6 69 6 7
6 70 4 2
6 72 1 5
6 73 4 1
6 74 4 8
6 75 3 9
6 76 3 2
6 77 7 10
6 78 9 2
6 80 4 6
6 81 5 8
6 84 9 9
6 86 6 9
6 87 4 5
6 88 10 7
6 90 3 4
6 91 1 4
6 92 7 8
6 93 5 2
6 94 3 6
6 96 8 5
6 97 6 5
6 98 7 3
6 99 8 6
6 100 1 8
7 8 3 4
7 9 9 9
7 10 4 1
7 11 6 6
7 12 7 8
7 14 9 1
7 15 1 10
7 16 8 9
7 17 9 7
7 18 3 9
7 19 3 4
7 20 2 10
7 22 1 4
7 23 5 3
7 25 2 8
7 26 6 7
7 27 5 1
7 28 10 9
7 29 8 10
7 30 2 10
7 31 7 6
7 32 6 6
7 33 9 3
7 34 8 6
7 35 8 9
7 36 6 7
7 37 1 6
7 38 3 4
7 39 7 2
7 40 9 5
7 43 7 7
7 44 1 6
7 45 6 7
7 47 1 6
7 48 5 4
7 49 3 9
7 50 6 2
7 51 5 7
7 52 10 2
7 53 2 9
7 54 5 10
7 56 9 5
7 58 6 7
7 59 10 10
7 60 3 3
7 61 8 6
7 62 1 4
7 64 1 3
7 66 7 6
7 67 4 4
7 68 4 1
7 69 6 6
7 70 10 7
7 71 10 3
7 72 2 7
7 73 1 8
7 74 4 8
7 75 1 5
7 76 6 5
7 77 8 5
7 79 4 6
7 82 5 5
7 83 3 8
7 84 2 1
7 85 2 6
7 86 5 5
7 91 3 6
7 93 8 5
7 95 6 6
7 96 1 9
7 97 2 1
7 99 3 9
7 100 4 4
8 9 4 5
8 10 9 4
8 11 5 3
8 12 5 9
8 13 2 1
8 14 3 1
8 15 3 9
8 16 5 5
8 17 8 3
8 18 2 9
8 19 5 8
8 20 9 8
8 21 10 6
8 22 3 3
8 23 6 1
8 24 2 10
8 25 6 8
8 27 5 3
8 28 3 9
8 29 5 8
8 30 9 1
8 31 8 3
8 33 4 5
8 34 5 4
8 35 3 7
8 36 9 10
8 37 2 1
8 39 8 10
8 40 10 5
8 41 1 8
8 42 3 6
8 43 9 10
8 44 1 9
8 45 5 3
8 46 10 9
8 47 9 4
8 48 2 2
8 49 3 1
8 50 4 10
8 51 8 1
8 53 9 6
8 54 6 7
8 55 5 5
8 56 1 4
8 58 8 2
8 59 5 6
8 60 5 6
8 61 10 2
8 62 3 8
8 64 1 10
8 65 10 7
8 66 7 5
8 67 8 3
8 68 6 8
8 69 7 10
8 71 3 7
8 72 2 10
8 73 10 8
8 74 10 6
8 75 9 4
8 76 7 2
8 77 5 8
8 78 6 2
8 80 2 4
8 81 10 6
8 82 7 4
8 83 2 1
8 84 1 6
8 85 5 9
8 86 1 7
8 88 6 1
8 89 9 3
8 90 4 8
8 93 3 7
8 94 10 7
8 95 8 6
8 96 5 7
8 97 7 9
8 98 10 8
8 99 5 10
8 100 9 1
9 10 3 4
9 11 2 3
9 13 5 10
9 15 3 5
9 16 7 3
9 17 9 4
9 18 3 3
9 19 8 10
9 21 2 3
9 22 8 7
9 23 10 6
9 24 9 3
9 25 8 4
9 26 7 1
9 27 4 4
9 28 6 10
9 29 7 3
9 30 8 7
9 31 4 10
9 32 2 2
9 33 4 4
9 34 1 6
9 36 4 4
9 38 5 7
9 40 8 5
9 42 7 7
9 44 4 2
9 45 4 10
9 46 1 4
9 48 6 3
9 50 4 4
9 51 4 4
9 52 2 1
9 53 8 3
9 55 6 8
9 59 9 10
9 61 4 7
9 62 7 6
9 63 2 3
9 64 9 3
9 65 3 8
9 66 1 2
9 67 3 5
9 68 3 3
9 69 2 8
9 70 10 8
9 71 7 2
9 72 3 6
9 73 1 10
9 74 7 2
9 75 2 6
9 76 8 5
9 77 8 9
9 78 3 6
9 80 8 7
9 82 9 4
9 83 2 2
9 84 5 4
9 85 3 5
9 86 4 5
9 88 2 3
9 89 9 3
9 90 2 6
9 91 9 7
9 92 5 4
9 93 9 6
9 97 10 2
9 98 6 10
9 99 4 1
10 12 9 2
10 13 1 10
10 14 1 6
10 15 2 10
10 16 7 8
10 17 2 6
10 18 5 2
10 19 3 6
10 21 2 1
10 25 6 6
10 27 9 9
10 29 5 5
10 30 6 8
10 31 6 1
10 33 7 3
10 36 5 1
10 38 8 2
10 39 3 6
10 40 8 2
10 42 2 6
10 43 8 5
10 44 5 7
10 46 7 5
10 47 2 10
10 48 2 3
10 50 1 8
10 51 3 8
10 52 2 3
10 53 2 3
10 54 5 2
10 56 8 3
10 57 2 4
10 58 5 7
10 59 1 2
10 61 5 9
10 62 9 10
10 63 3 7
10 64 3 1
10 66 2 2
10 67 5 7
10 69 6 3
10 70 10 8
10 71 10 3
10 72 4 6
10 73 1 1
10 74 2 3
10 75 5 4
10 77 10 10
10 78 1 4
10 80 5 4
10 81 7 4
10 82 7 6
10 83 6 10
10 84 4 10
10 86 10 7
10 87 7 5
10 88 5 2
10 89 10 3
10 90 5 2
10 91 10 8
10 92 5 6
10 93 7 10
10 95 10 9
10 96 2 9
10 97 5 8
10 99 6 6
11 12 6 10
11 14 1 8
11 16 9 1
11 18 4 4
11 19 2 10
11 20 8 7
11 21 9 3
11 22 5 7
11 23 2 5
11 24 5 8
11 25 6 1
11 26 4 6
11 28 4 9
11 29 10 4
11 30 10 7
11 31 7 1
11 32 5 7
11 33 3 3
11 35 7 8
11 36 8 5
11 37 10 7
11 38 1 7
11 39 2 3
11 41 4 5
11 42 4 1
11 44 4 10
11 45 9 7
11 47 4 1
11 48 4 6
11 49 5 9
11 50 5 9
11 53 9 3
11 54 1 5
11 55 6 3
11 56 6 7
11 57 7 4
11 58 8 9
11 59 4 3
11 61 1 9
11 62 6 5
11 63 1 8
11 64 3 8
11 65 6 4
11 66 4 7
11 67 6 3
11 68 4 9
11 69 8 7
11 70 9 5
11 71 1 2
11 72 2 10
11 73 5 6
11 74 3 9
11 75 6 9
11 77 10 5
11 80 3 10
11 81 2 7
11 82 10 10
11 83 7 2
11 84 2 2
11 85 3 3
11 86 1 8
11 87 3 5
11 88 9 2
11 90 10 3
11 92 3 7
11 94 4 5
11 97 1 4
11 98 4 6
11 99 1 2
11 100 7 9
12 14 3 1
12 16 10 5
12 17 4 10
12 18 5 4
12 19 4 10
12 20 2 8
12 21 8 1
12 23 9 1
12 24 6 8
12 25 1 3
12 26 1 8
12 27 6 4
12 31 8 9
12 32 8 1
12 33 5 6
12 35 5 2
12 36 2 4
12 37 2 4
12 38 2 5
12 39 7 8
12 40 8 6
12 41 1 1
12 42 6 2
12 43 7 7
12 44 10 5
12 45 2 8
12 46 5 8
12 48 4 6
12 49 10 6
12 50 1 8
12 51 8 7
12 52 5 7
12 53 1 8
12 54 10 2
12 55 9 1
12 56 4 2
12 57 7 1
12 58 8 2
12 59 8 6
12 60 1 8
12 61 5 9
12 62 6 9
12 63 4 1
12 64 4 3
12 65 2 5
12 66 1 9
12 67 3 1
12 68 3 8
12 69 5 10
12 70 2 7
12 71 3 3
12 72 5 1
12 74 2 9
12 75 4 8
12 76 2 1
12 77 2 9
12 78 2 10
12 81 8 9
12 83 8 2
12 84 3 5
12 86 7 9
12 88 6 8
12 89 6 7
12 90 5 10
12 91 4 4
12 92 9 4
12 93 1 3
12 95 4 3
12 97 10 9
12 98 6 9
12 100 6 3
13 14 3 10
13 16 3 7
13 17 10 1
13 18 3 7
13 19 9 10
13 21 9 6
13 22 7 10
13 23 1 3
13 25 1 5
13 26 4 6
13 28 1 2
13 29 6 2
13 30 6 5
13 31 1 7
13 32 3 8
13 34 3 1
13 35 5 6
13 36 8 10
13 37 2 8
13 38 10 8
13 39 8 9
13 40 3 7
13 41 10 1
13 43 7 1
13 44 10 4
13 46 10 3
13 47 9 10
13 48 1 3
13 49 2 2
13 51 8 3
13 52 8 10
13 53 9 9
13 54 7 9
13 56 1 4
13 57 7 6
13 59 1 7
13 60 9 2
13 62 4 3
13 63 4 3
13 67 1 8
13 68 4 1
13 69 10 4
13 71 10 8
13 72 7 8
13 73 3 7
13 74 3 1
13 75 10 8
13 76 6 6
13 78 7 3
13 80 3 2
13 81 5 4
13 84 1 7
13 85 7 4
13 86 10 2
13 87 3 2
13 88 2 7
13 90 2 2
13 91 2 10
13 92 1 1
13 93 10 7
13 94 2 6
13 95 6 2
13 96 10 10
13 97 9 2
13 98 2 5
13 99 9 1
14 15 4 3
14 17 2 3
14 18 4 6
14 19 3 8
14 21 4 2
14 22 8 3
14 23 6 2
14 25 4 10
14 26 7 8
14 27 6 7
14 28 10 6
14 29 2 3
14 30 9 2
14 32 3 10
14 33 3 6
14 34 4 2
14 36 9 10
14 37 10 4
14 38 2 9
14 40 2 9
14 41 3 7
14 42 10 6
14 43 9 10
14 45 5 6
14 47 4 4
14 48 7 8
14 50 8 1
14 52 6 3
14 53 6 9
14 54 4 10
14 55 5 4
14 57 6 3
14 58 5 4
14 59 10 4
14 60 10 3
14 61 8 8
14 62 1 1
14 63 4 9
14 65 8 6
14 66 7 10
14 67 1 3
14 69 3 5
14 71 2 10
14 72 1 3
14 73 6 4
14 74 1 10
14 75 1 8
14 76 4 3
14 77 8 2
14 78 8 10
14 80 9 7
14 81 7 9
14 82 5 9
14 83 6 7
14 84 8 7
14 86 1 9
14 87 8 10
14 89 7 8
14 91 5 4
14 92 2 6
14 94 9 8
14 95 5 2
14 96 3 1
14 99 3 4
14 100 8 7
15 16 4 4
15 17 3 8
15 18 8 9
15 19 6 5
15 20 4 7
15 21 2 2
15 22 1 5
15 23 5 6
15 25 2 9
15 26 8 2
15 27 1 4
15 28 1 3
15 29 4 1
15 30 2 3
15 31 3 8
15 32 4 1
15 34 5 3
15 35 4 2
15 36 2 5
15 37 10 7
15 38 8 6
15 39 7 6
15 41 4 5
15 42 9 6
15 45 6 5
15 46 5 2
15 48 7 1
15 49 1 6
15 50 8 6
15 52 10 1
15 53 5 7
15 54 6 6
15 55 7 8
15 56 4 3
15 57 1 1
15 58 4 10
15 59 6 1
15 61 4 2
15 63 4 6
15 64 1 5
15 65 1 2
15 66 4 10
15 67 7 5
15 68 1 4
15 69 7 1
15 71 9 1
15 72 1 9
15 74 10 9
15 76 8 10
15 77 5 7
15 78 1 1
15 79 5 3
15 81 1 8
15 82 8 8
15 83 8 7
15 84 7 7
15 86 4 10
15 87 5 2
15 88 7 2
15 89 4 4
15 91 2 7
15 92 6 4
15 93 4 5
15 94 7 9
15 95 10 6
15 96 9 2
15 97 1 3
15 98 7 1
15 99 5 9
15 100 2 1
16 17 10 5
16 18 10 3
16 19 1 6
16 21 8 2
16 22 2 10
16 23 8 9
16 25 3 6
16 26 5 4
16 27 8 4
16 28 1 3
16 29 6 10
16 30 4 8
16 31 8 9
16 32 2 8
16 33 5 3
16 35 4 6
16 36 8 10
16 37 8 9
16 38 8 9
16 39 10 1
16 40 10 2
16 41 4 8
16 42 2 5
16 43 2 8
16 44 6 5
16 45 5 4
16 46 6 1
16 47 9 1
16 48 4 6
16 50 1 3
16 51 9 6
16 52 1 7
16 53 7 4
16 55 6 10
16 56 7 9
16 57 9 8
16 58 9 8
16 61 2 6
16 63 2 4
16 64 1 5
16 65 6 6
16 66 9 7
16 67 6 3
16 68 9 2
16 69 5 8
16 70 7 8
16 71 3 5
16 72 2 10
16 73 1 8
16 74 1 6
16 75 7 8
16 76 6 7
16 77 2 3
16 78 7 3
16 79 1 10
16 80 2 2
16 82 2 8
16 83 8 2
16 84 8 4
16 87 3 9
16 88 4 1
16 89 2 8
16 90 9 4
16 93 4 6
16 94 7 1
16 95 3 9
16 96 2 6
16 99 4 4
17 18 1 1
17 21 4 9
17 22 4 9
17 23 7 3
17 24 3 5
17 26 7 7
17 28 5 5
17 29 10 5
17 30 10 7
17 31 4 9
17 32 4 4
17 33 3 9
17 34 3 9
17 36 3 4
17 37 7 7
17 38 10 9
17 40 3 7
17 41 6 6
17 42 2 4
17 44 7 9
17 45 6 1
17 46 1 7
17 48 4 7
17 50 6 2
17 51 6 2
17 52 8 2
17 53 8 4
17 54 1 10
17 55 4 8
17 56 6 8
17 57 10 4
17 58 9 3
17 59 3 4
17 60 1 10
17 61 10 5
17 62 6 7
17 63 10 2
17 64 4 2
17 65 7 7
17 67 8 6
17 68 6 5
17 69 9 6
17 70 7 9
17 71 3 1
17 72 10 4
17 73 8 1
17 75 1 8
17 78 5 1
17 79 9 6
17 80 4 8
17 81 3 4
17 82 8 1
17 83 2 9
17 85 7 1
17 86 10 6
17 88 9 5
17 89 5 4
17 90 8 3
17 91 4 5
17 92 3 5
17 93 6 7
17 94 8 10
17 95 10 6
17 96 4 3
17 97 5 8
17 98 3 4
17 99 7 3
17 100 4 2
18 19 9 2
18 20 4 7
18 21 1 2
18 22 5 7
18 23 6 1
18 25 1 10
18 26 9 4
18 27 3 4
18 28 5 4
18 29 2 2
18 30 7 6
18 31 3 2
18 32 8 2
18 34 4 8
18 36 10 6
18 37 5 10
18 38 1 10
18 42 5 6
18 43 3 5
18 44 10 3
18 46 7 8
18 48 5 7
18 49 2 1
18 50 6 3
18 52 3 6
18 53 2 2
18 56 6 6
18 58 6 4
18 59 6 2
18 60 7 7
18 61 9 5
18 64 6 10
18 65 5 1
18 67 10 1
18 68 2 10
18 69 2 8
18 70 7 3
18 71 4 1
18 72 5 3
18 73 1 7
18 76 10 5
18 77 6 10
18 78 2 4
18 79 7 3
18 80 5 10
18 81 6 7
18 83 1 8
18 84 3 1
18 85 6 9
18 86 6 8
18 87 8 8
18 88 3 9
18 89 3 10
18 90 5 3
18 91 9 6
18 92 1 6
18 94 8 3
18 96 5 7
18 97 6 9
18 99 9 2
18 100 10 4
19 20 9 3
19 23 4 10
19 24 9 2
19 25 2 8
19 26 7 3
19 27 4 8
19 28 3 3
19 29 5 9
19 31 6 1
19 32 4 9
19 33 10 8
19 34 10 4
19 35 10 5
19 36 4 4
19 37 1 5
19 38 10 6
19 40 4 7
19 41 2 6
19 42 1 4
19 43 9 2
19 45 8 1
19 46 7 10
19 47 6 5
19 48 10 10
19 50 6 8
19 51 9 9
19 52 2 1
19 53 2 7
19 54 1 4
19 55 7 2
19 56 10 7
19 57 6 1
19 59 6 5
19 60 3 7
19 61 10 5
19 63 2 2
19 64 3 4
19 65 2 6
19 66 3 2
19 67 6 1
19 68 10 4
19 69 6 3
19 70 5 7
19 71 9 5
19 74 10 9
19 75 4 9
19 77 9 6
19 78 2 8
19 79 1 10
19 80 5 9
19 82 4 4
19 83 7 7
19 85 10 1
19 86 10 8
19 87 9 3
19 88 6 3
19 89 3 4
19 91 7 9
19 92 5 7
19 95 8 3
19 96 3 7
19 98 1 2
19 99 7 6
19 100 9 4
20 21 7 5
20 22 4 9
20 23 1 9
20 24 2 10
20 25 4 3
20 26 9 6
20 27 2 7
20 29 9 1
20 30 7 9
20 31 2 5
20 32 9 6
20 33 3 3
20 34 7 1
20 35 9 10
20 36 5 10
20 37 1 4
20 38 9 4
20 39 2 9
20 40 5 10
20 41 9 6
20 42 6 9
20 43 9 4
20 44 4 2
20 45 8 1
20 46 8 2
20 47 4 6
20 48 8 3
20 49 2 5
20 51 2 3
20 52 1 4
20 53 3 6
20 54 6 3
20 55 9 6
20 56 4 10
20 57 8 2
20 58 9 6
20 60 8 7
20 61 8 6
20 62 2 1
20 63 10 8
20 64 9 10
20 65 5 5
20 67 3 10
20 69 9 3
20 70 8 9
20 72 7 9
20 73 1 2
20 74 1 4
20 75 10 8
20 76 1 9
20 77 9 9
20 80 2 2
20 82 3 3
20 83 3 6
20 84 1 2
20 85 8 5
20 86 6 1
20 87 4 5
20 88 10 8
20 89 7 1
20 91 8 8
20 92 10 8
20 93 5 5
20 94 4 8
20 95 2 1
20 99 8 6
20 100 7 4
21 22 2 2
21 23 8 9
21 25 10 3
21 26 1 1
21 27 4 4
21 28 6 1
21 29 9 8
21 30 7 10
21 31 9 10
21 32 2 6
21 33 8 4
21 34 8 10
21 35 8 8
21 36 6 5
21 37 4 4
21 38 3 4
21 39 9 3
21 41 4 9
21 42 8 1
21 44 4 2
21 45 7 10
21 46 9 6
21 47 4 9
21 49 8 4
21 50 6 1
21 53 2 2
21 54 5 7
21 55 10 6
21 56 1 3
21 57 10 7
21 58 9 1
21 59 9 1
21 60 6 8
21 63 7 1
21 64 6 9
21 65 10 10
21 66 5 6
21 68 4 9
21 69 4 4
21 71 4 4
21 72 5 2
21 73 5 4
21 74 1 9
21 75 4 4
21 76 5 9
21 77 3 8
21 78 2 4
21 79 4 9
21 80 10 10
21 81 8 9
21 82 6 5
21 83 8 7
21 84 5 1
21 85 5 5
21 86 4 9
21 87 8 5
21 88 3 7
21 89 8 9
21 90 9 10
21 91 6 7
21 94 4 7
21 95 6 3
21 96 4 8
21 97 10 10
21 98 3 10
21 99 2 1
21 100 5 10
22 24 4 5
22 25 4 4
22 26 8 3
22 28 9 6
22 29 6 9
22 30 10 4
22 31 7 7
22 32 8 5
22 33 3 1
22 34 1 1
22 35 10 5
22 36 8 4
22 37 3 4
22 39 4 8
22 40 1 10
22 41 9 1
22 43 4 6
22 44 2 5
22 46 8 3
22 47 4 2
22 48 7 8
22 50 4 4
22 51 2 4
22 52 3 7
22 53 10 1
22 55 3 6
22 56 10 3
22 57 5 8
22 58 5 10
22 59 8 8
22 60 6 1
22 62 6 2
22 63 4 8
22 64 1 9
22 65 9 5
22 66 1 7
22 67 2 5
22 68 3 5
22 69 8 2
22 72 7 9
22 73 9 8
22 74 10 7
22 75 9 10
22 76 1 5
22 77 1 2
22 78 4 1
22 79 6 5
22 82 6 7
22 84 8 6
22 85 2 2
22 86 10 6
22 87 7 7
22 88 1 10
22 89 7 3
22 90 8 1
22 91 7 3
22 92 1 9
22 94 6 4
22 95 7 8
22 96 2 2
22 98 7 5
22 99 5 7
22 100 2 7
23 26 9 2
23 27 2 5
23 29 6 8
23 30 5 6
23 31 4 4
23 33 6 1
23 35 10 2
23 36 9 9
23 37 5 6
23 38 1 2
23 39 8 2
23 40 9 7
23 41 5 8
23 42 6 5
23 44 5 1
23 45 6 9
23 46 6 9
23 47 8 10
23 48 6 5
23 49 3 1
23 50 6 10
23 52 3 10
23 53 1 6
23 54 6 9
23 57 5 5
23 58 10 9
23 59 9 2
23 61 6 7
23 62 3 7
23 63 3 4
23 64 8 9
23 65 10 7
23 66 10 2
23 67 8 8
23 68 7 6
23 69 6 4
23 70 7 4
23 71 1 9
23 73 6 10
23 75 7 7
23 76 1 4
23 77 5 4
23 78 3 5
23 79 10 7
23 80 2 8
23 83 8 10
23 84 9 1
23 86 5 7
23 87 4 8
23 88 6 9
23 89 10 10
23 91 4 7
23 93 10 8
23 94 9 9
23 95 7 2
23 97 8 8
23 99 5 8
23 100 1 8
24 25 6 9
24 26 9 6
24 27 10 8
24 28 6 2
24 29 6 9
24 30 6 2
24 31 10 5
24 32 7 5
24 33 1 5
24 34 7 3
24 38 6 9
24 39 8 2
24 41 3 1
24 42 1 3
24 43 10 3
24 44 2 4
24 45 6 10
24 47 2 8
24 48 5 3
24 49 2 7
24 50 10 10
24 51 8 6
24 52 6 2
24 53 8 5
24 54 1 9
24 55 1 1
24 56 1 4
24 58 9 10
24 61 5 2
24 62 6 7
24 63 8 2
24 64 10 9
24 65 1 3
24 66 8 2
24 67 2 3
24 68 7 9
24 69 3 5
24 71 8 9
24 72 7 1
24 73 1 8
24 74 3 5
24 75 5 6
24 76 4 1
24 77 3 8
24 78 4 3
24 79 1 5
24 80 2 5
24 81 7 10
24 88 5 3
24 89 1 4
24 90 8 6
24 91 9 7
24 93 9 7
24 94 5 9
24 95 1 3
24 96 2 4
24 97 1 10
24 98 6 7
24 100 7 6
25 26 4 5
25 27 6 1
25 29 9 6
25 31 10 10
25 32 10 9
25 33 7 6
25 35 9 2
25 36 9 10
25 37 3 7
25 38 3 2
25 39 3 3
25 42 4 5
25 43 9 3
25 44 2 3
25 45 10 9
25 46 9 3
25 47 10 9
25 48 7 9
25 50 9 8
25 51 1 7
25 52 6 6
25 53 4 5
25 54 7 10
25 55 9 8
25 57 9 8
25 58 7 4
25 59 4 3
25 60 10 10
25 61 6 3
25 62 6 9
25 63 10 7
25 64 1 3
25 65 9 7
25 66 10 2
25 67 1 6
25 68 5 5
25 69 6 8
25 70 7 8
25 71 6 1
25 73 10 4
25 74 10 8
25 75 4 3
25 76 5 1
25 77 2 2
25 79 9 9
25 81 1 2
25 83 5 3
25 84 10 3
25 85 9 9
25 87 7 9
25 88 6 9
25 89 8 7
25 90 2 2
25 92 4 7
25 93 7 8
25 94 7 1
25 95 1 10
25 96 2 1
25 97 9 6
25 98 10 4
25 99 1 6
25 100 9 3
26 27 6 3
26 28 4 5
26 29 2 1
26 30 2 3
26 32 1 4
26 34 4 10
26 35 5 4
26 37 2 6
26 40 4 8
26 41 7 8
26 42 6 10
26 43 2 5
26 45 2 3
26 47 7 7
26 48 2 9
26 50 8 2
26 52 7 8
26 53 1 2
26 54 10 9
26 55 1 2
26 56 2 2
26 57 10 8
26 62 10 6
26 63 7 5
26 65 7 3
26 66 10 9
26 68 9 9
26 69 1 2
26 70 9 3
26 72 4 7
26 73 4 1
26 75 9 4
26 76 3 10
26 77 4 6
26 78 3 9
26 79 8 7
26 81 3 3
26 82 8 9
26 83 2 6
26 84 2 4
26 85 2 8
26 86 9 2
26 89 6 5
26 91 2 3
26 92 9 1
26 93 7 5
26 94 6 6
26 95 4 1
26 97 5 1
26 98 6 3
26 99 1 2
27 28 2 4
27 29 8 10
27 30 4 4
27 31 7 9
27 32 8 1
27 33 9 5
27 35 2 3
27 36 5 9
27 37 1 1
27 39 1 8
27 40 7 10
27 41 7 5
27 42 2 7
27 43 7 7
27 45 7 9
27 46 9 10
27 47 2 1
27 48 8 2
27 49 6 5
27 51 3 5
27 52 2 1
27 53 8 10
27 55 6 5
27 56 10 6
27 57 7 2
27 58 4 3
27 59 6 3
27 60 10 4
27 61 6 4
27 62 1 7
27 63 6 9
27 64 8 1
27 65 7 6
27 66 5 9
27 67 9 10
27 68 8 5
27 69 2 1
27 70 10 10
27 71 7 1
27 75 8 10
27 76 8 7
27 77 8 3
27 78 1 10
27 79 1 1
27 80 6 3
27 81 4 3
27 83 8 1
27 84 3 7
27 86 6 4
27 87 4 10
27 88 2 7
27 89 5 5
27 90 6 2
27 91 7 1
27 93 4 3
27 94 1 2
27 95 4 3
27 96 3 9
27 97 3 10
27 98 9 3
27 99 3 4
27 100 5 4
28 29 4 4
28 30 3 2
28 31 4 2
28 32 3 2
28 33 2 1
28 34 2 10
28 35 6 2
28 36 3 9
28 39 2 7
28 40 2 7
28 41 6 7
28 42 7 7
28 43 7 10
28 44 8 8
28 45 6 9
28 46 6 1
28 47 8 9
28 48 9 9
28 49 6 2
28 50 8 2
28 53 4 8
28 54 5 4
28 55 3 6
28 56 10 7
28 57 5 4
28 58 5 1
28 59 8 6
28 60 3 6
28 62 9 7
28 63 2 8
28 65 5 10
28 66 10 5
28 67 5 5
28 68 2 10
28 70 9 3
28 71 5 8
28 72 10 10
28 73 8 6
28 75 5 5
28 76 1 2
28 77 6 2
28 78 8 4
28 80 9 9
28 81 2 10
28 82 1 8
28 84 3 9
28 85 5 8
28 86 4 8
28 88 9 1
28 89 6 1
28 90 10 2
28 91 4 1
28 92 4 10
28 94 3 9
28 95 2 7
28 96 3 6
28 97 10 4
28 98 7 2
28 99 9 1
28 100 6 9
29 30 6 9
29 31 7 8
29 32 4 5
29 33 10 3
29 34 5 7
29 35 2 1
29 36 7 9
29 37 5 9
29 38 4 4
29 40 10 5
29 41 3 8
29 42 4 5
29 43 10 1
29 44 3 6
29 46 1 1
29 47 7 3
29 48 4 5
29 49 6 5
29 50 4 2
29 51 4 6
29 53 6 4
29 55 7 2
29 57 8 9
29 58 1 1
29 59 8 9
29 60 10 8
29 61 7 3
29 63 5 2
29 64 10 6
29 65 3 10
29 66 2 7
29 67 2 10
29 69 3 10
29 70 2 8
29 71 4 3
29 73 1 7
29 74 3 1
29 75 1 1
29 76 6 3
29 79 10 4
29 81 6 10
29 83 7 8
29 84 9 3
29 86 9 4
29 89 2 8
29 90 5 1
29 91 3 1
29 92 4 2
29 93 2 10
29 94 5 8
29 95 10 10
29 96 3 5
29 98 7 5
29 99 6 8
29 100 6 9
30 31 5 5
30 32 5 3
30 34 10 8
30 35 10 4
30 37 3 4
30 38 6 1
30 39 10 9
30 40 8 2
30 41 1 8
30 42 10 9
30 43 10 9
30 44 4 9
30 46 9 2
30 47 7 8
30 48 2 9
30 49 4 2
30 50 4 8
30 51 7 4
30 52 10 5
30 53 1 4
30 54 9 3
30 55 6 3
30 56 2 8
30 58 3 1
30 59 1 8
30 60 4 5
30 61 8 1
30 64 1 1
30 65 3 10
30 66 5 4
30 67 4 5
30 68 9 5
30 70 8 1
30 71 7 6
30 72 3 6
30 73 3 3
30 74 7 9
30 75 5 3
30 76 4 4
30 78 3 8
30 79 3 3
30 80 1 8
30 81 8 8
30 83 8 9
30 84 8 6
30 86 1 8
30 88 7 9
30 90 2 7
30 91 3 7
30 92 8 1
30 93 3 2
30 94 6 7
30 95 5 4
30 96 6 3
30 97 5 3
30 98 4 6
30 99 6 2
30 100 2 6
31 32 3 5
31 35 4 8
31 37 5 8
31 38 2 1
31 39 10 9
31 40 4 3
31 42 5 10
31 43 9 9
31 44 10 9
31 45 7 4
31 47 2 2
31 48 3 9
31 49 5 6
31 51 8 9
31 52 1 1
31 54 7 9
31 55 4 4
31 56 2 5
31 57 2 4
31 58 9 1
31 59 1 7
31 60 8 8
31 61 3 7
31 62 10 1
31 63 7 3
31 64 6 1
31 65 1 1
31 66 4 9
31 67 2 2
31 68 2 9
31 69 1 2
31 70 6 10
31 72 6 10
31 73 7 10
31 74 5 4
31 76 8 1
31 77 5 2
31 79 6 6
31 80 1 10
31 81 8 7
31 82 2 9
31 83 4 5
31 84 2 4
31 86 8 6
31 87 8 1
31 88 3 6
31 89 1 9
31 90 10 5
31 91 9 10
31 92 8 7
31 93 8 3
31 94 6 2
31 95 7 7
31 96 1 8
31 97 5 2
31 98 7 3
31 99 6 5
31 100 6 1
32 34 8 5
32 36 9 5
32 37 8 7
32 38 9 5
32 40 3 8
32 42 6 2
32 43 7 10
32 44 3 3
32 46 6 1
32 47 2 1
32 49 5 4
32 50 3 9
32 51 5 8
32 53 8 5
32 54 9 8
32 55 10 5
32 56 3 9
32 59 5 3
32 60 1 8
32 61 7 9
32 62 5 1
32 63 8 1
32 64 3 10
32 65 4 1
32 66 10 1
32 67 6 4
32 68 10 10
32 69 6 1
32 70 3 10
32 71 8 4
32 72 8 9
32 73 2 6
32 74 3 5
32 77 3 7
32 78 9 6
32 79 2 3
32 80 10 4
32 81 7 7
32 82 10 10
32 83 9 3
32 84 7 2
32 85 1 3
32 86 3 6
32 87 3 4
32 88 1 5
32 89 4 8
32 90 9 7
32 91 4 2
32 92 7 1
32 93 4 10
32 95 6 6
32 96 2 3
32 97 3 5
32 98 1 4
32 99 3 6
32 100 6 9
33 34 2 1
33 35 6 9
33 36 3 10
33 37 2 2
33 38 3 10
33 39 8 2
33 40 7 9
33 42 2 3
33 44 4 6
33 45 9 4
33 46 9 2
33 47 3 10
33 49 10 8
33 50 2 10
33 51 10 8
33 53 2 1
33 54 3 9
33 55 10 5
33 56 10 4
33 57 8 2
33 58 10 5
33 60 9 10
33 61 2 10
33 62 6 10
33 63 10 6
33 64 3 7
33 65 7 7
33 66 1 4
33 67 10 1
33 68 9 10
33 69 7 10
33 71 2 3
33 72 7 5
33 73 9 6
33 74 1 4
33 75 6 7
33 77 6 8
33 79 10 5
33 82 8 1
33 83 2 8
33 85 10 8
33 86 6 10
33 88 1 5
33 90 1 4
33 91 2 3
33 92 4 7
33 94 8 9
33 95 7 8
33 96 7 7
33 97 2 2
33 98 10 9
33 99 5 9
34 35 7 3
34 36 5 4
34 37 9 7
34 38 3 1
34 39 5 7
34 40 10 6
34 41 3 3
34 43 8 1
34 45 10 4
34 46 6 6
34 47 10 8
34 48 1 4
34 49 10 2
34 51 7 2
34 52 8 10
34 53 4 1
34 55 1 3
34 56 8 6
34 57 1 2
34 58 1 4
34 59 6 4
34 60 4 2
34 61 3 2
34 62 1 8
34 63 7 1
34 64 5 6
34 65 6 1
34 66 4 8
34 67 3 7
34 68 2 1
34 69 1 9
34 70 1 7
34 71 5 7
34 72 1 1
34 74 7 3
34 75 4 1
34 76 7 9
34 77 2 9
34 78 3 5
34 79 2 10
34 80 6 6
34 81 8 2
34 82 4 8
34 84 5 2
34 85 2 5
34 86 10 8
34 88 1 7
34 89 8 6
34 90 7 5
34 92 9 2
34 93 10 3
34 94 9 2
34 96 2 1
34 97 7 9
34 98 1 6
34 99 8 3
34 100 1 6
35 36 1 6
35 37 4 7
35 38 3 1
35 39 3 9
35 42 7 5
35 43 9 6
35 44 7 2
35 46 1 9
35 47 10 1
35 48 2 8
35 50 9 9
35 51 7 4
35 52 2 1
35 53 8 4
35 54 1 5
35 55 2 7
35 56 7 8
35 57 3 4
35 58 5 9
35 60 6 7
35 61 8 6
35 62 2 2
35 63 4 4
35 64 10 3
35 65 8 6
35 66 3 1
35 67 4 7
35 68 7 4
35 69 7 5
35 70 2 7
35 72 2 6
35 73 10 4
35 74 6 10
35 75 4 10
35 76 6 2
35 79 7 7
35 80 1 6
35 81 9 7
35 82 6 1
35 83 4 1
35 84 5 8
35 85 3 2
35 86 6 3
35 87 2 5
35 88 6 7
35 90 6 3
35 93 7 3
35 96 5 4
35 97 3 10
35 98 7 8
35 99 6 2
36 37 4 4
36 38 9 6
36 39 9 8
36 40 1 7
36 41 3 7
36 43 2 6
36 44 6 8
36 45 1 4
36 47 10 3
36 48 6 9
36 49 4 2
36 51 4 8
36 53 3 8
36 54 6 3
36 55 1 2
36 56 2 4
36 57 6 7
36 61 5 9
36 63 7 10
36 65 5 7
36 67 10 3
36 68 3 7
36 70 1 4
36 72 10 10
36 73 1 1
36 75 10 9
36 76 8 9
36 78 9 1
36 80 3 9
36 81 9 9
36 83 7 4
36 84 5 4
36 85 9 2
36 86 10 10
36 87 9 7
36 88 2 5
36 89 4 8
36 90 4 7
36 91 2 1
36 92 7 10
36 93 3 1
36 94 8 2
36 95 9 1
36 96 2 5
36 97 6 1
36 99 2 2
36 100 6 1
37 38 6 8
37 39 2 2
37 40 1 5
37 41 4 7
37 42 1 5
37 43 4 3
37 44 2 5
37 46 6 7
37 47 4 4
37 48 2 7
37 49 7 5
37 50 6 6
37 51 4 9
37 53 9 5
37 55 7 5
37 56 4 3
37 57 5 10
37 58 1 7
37 60 5 1
37 61 1 4
37 62 1 3
37 63 3 1
37 64 1 1
37 65 5 9
37 66 4 10
37 67 4 2
37 68 5 8
37 69 3 4
37 71 7 9
37 72 1 5
37 74 10 4
37 75 9 10
37 76 1 4
37 77 7 8
37 79 8 10
37 80 8 6
37 82 8 10
37 83 3 8
37 84 9 1
37 85 8 8
37 86 6 8
37 90 2 2
37 91 7 7
37 95 2 2
37 96 5 4
37 97 10 4
37 99 7 3
38 39 9 10
38 41 8 6
38 42 5 4
38 43 7 4
38 44 4 9
38 46 2 1
38 47 1 9
38 48 9 9
38 49 1 10
38 51 8 7
38 52 10 7
38 54 4 10
38 55 8 1
38 56 6 2
38 57 5 7
38 58 9 5
38 59 2 5
38 61 7 3
38 62 10 2
38 63 1 4
38 64 7 6
38 65 4 10
38 66 9 2
38 67 8 2
38 68 10 7
38 69 3 9
38 70 4 2
38 73 9 2
38 74 8 10
38 75 3 6
38 76 3 4
38 77 9 2
38 78 9 8
38 79 1 10
38 80 9 10
38 81 1 6
38 83 8 10
38 84 8 7
38 85 3 3
38 86 9 10
38 87 2 10
38 88 8 9
38 89 4 1
38 90 9 3
38 91 3 1
38 92 4 6
38 93 5 4
38 94 8 7
38 95 4 1
38 96 5 10
38 97 1 9
38 98 8 6
38 99 10 7
38 100 1 8
39 40 4 10
39 41 8 4
39 42 1 8
39 44 8 9
39 46 6 2
39 49 6 6
39 51 3 9
39 52 2 8
39 53 9 4
39 54 8 6
39 55 1 6
39 56 4 1
39 57 6 5
39 60 10 1
39 61 2 4
39 62 5 4
39 63 6 7
39 64 5 9
39 65 10 4
39 66 7 10
39 67 5 3
39 69 6 5
39 71 2 10
39 72 3 10
39 74 9 8
39 75 1 1
39 77 7 7
39 78 6 9
39 81 7 2
39 84 9 6
39 85 2 2
39 86 4 2
39 87 1 10
39 88 8 8
39 89 1 8
39 90 2 1
39 92 3 9
39 93 5 7
39 94 9 1
39 95 2 2
39 98 1 6
39 99 7 8
39 100 3 10
40 41 2 7
40 42 2 1
40 43 9 7
40 44 1 9
40 45 9 6
40 46 10 1
40 47 3 2
40 48 2 4
40 49 6 7
40 50 7 2
40 51 8 3
40 54 10 4
40 55 9 10
40 56 2 9
40 57 1 2
40 59 1 10
40 60 1 9
40 61 3 1
40 62 5 9
40 64 9 2
40 66 6 9
40 67 8 4
40 68 8 8
40 70 3 7
40 71 1 2
40 72 5 8
40 73 7 5
40 74 9 10
40 75 4 5
40 76 1 1
40 78 10 5
40 79 9 5
40 80 9 8
40 81 7 10
40 82 5 1
40 83 6 10
40 85 4 10
40 86 7 1
40 87 5 1
40 90 10 2
40 93 3 7
40 94 10 1
40 95 9 7
40 96 7 2
40 97 6 6
40 98 3 3
40 99 1 9
40 100 4 5
41 43 10 10
41 46 9 9
41 47 5 2
41 48 8 9
41 51 5 7
41 52 10 2
41 53 4 10
41 54 10 8
41 55 10 6
41 56 5 7
41 57 10 10
41 58 3 5
41 60 10 9
41 63 9 1
41 64 3 7
41 65 10 9
41 66 4 9
41 68 4 9
41 71 4 8
41 72 5 4
41 73 5 8
41 74 6 3
41 75 6 3
41 76 10 4
41 77 8 2
41 78 6 9
41 79 1 8
41 82 4 10
41 83 2 3
41 84 4 9
41 85 1 2
41 86 4 7
41 88 1 2
41 89 3 1
41 91 4 1
41 93 8 8
41 94 9 9
41 95 5 4
41 96 4 2
41 98 7 10
41 99 9 7
41 100 2 3
42 43 3 7
42 44 6 6
42 45 6 4
42 46 2 8
42 47 7 5
42 48 5 1
42 49 9 5
42 50 4 10
42 51 5 9
42 53 6 6
42 54 7 7
42 55 4 10
42 56 7 3
42 57 8 6
42 58 7 2
42 59 3 3
42 60 7 4
42 61 4 3
42 62 6 4
42 63 5 10
42 65 8 9
42 68 2 8
42 69 10 1
42 70 6 4
42 72 2 6
42 74 6 3
42 79 6 1
42 80 8 1
42 81 7 1
42 82 1 5
42 83 7 7
42 85 2 2
42 86 5 10
42 87 4 3
42 88 10 8
42 89 8 9
42 92 5 2
42 94 6 8
42 95 6 5
42 97 1 8
42 99 3 5
42 100 2 2
43 44 1 8
43 45 4 3
43 46 10 6
43 48 8 8
43 49 8 9
43 51 4 6
43 52 2 1
43 55 6 5
43 57 8 9
43 58 6 1
43 59 5 7
43 60 8 8
43 62 10 2
43 63 1 8
43 64 2 10
43 66 8 1
43 68 6 5
43 70 3 7
43 71 3 1
43 72 8 3
43 73 9 5
43 74 5 4
43 75 9 3
43 76 6 9
43 78 4 9
43 79 3 4
43 80 5 5
43 82 7 6
43 83 10 5
43 86 10 6
43 87 4 4
43 89 4 2
43 91 1 10
43 92 7 4
43 93 10 7
43 95 7 3
43 96 8 3
43 97 10 4
43 98 7 10
43 99 3 6
44 45 8 4
44 47 5 6
44 48 10 3
44 49 3 7
44 50 2 9
44 51 6 7
44 52 4 3
44 53 7 9
44 55 4 7
44 58 4 2
44 59 8 8
44 60 10 8
44 61 2 7
44 62 6 7
44 63 9 2
44 65 2 5
44 66 7 1
44 67 3 2
44 68 5 5
44 69 10 5
44 71 3 7
44 72 5 8
44 74 9 10
44 75 2 6
44 76 10 1
44 77 6 2
44 78 1 10
44 79 10 5
44 80 3 8
44 81 9 9
44 83 4 7
44 84 1 9
44 85 2 3
44 86 4 2
44 87 4 7
44 88 6 9
44 89 1 9
44 90 9 9
44 91 7 5
44 92 9 6
44 94 2 2
44 95 1 8
44 96 7 1
44 98 8 9
44 99 6 4
44 100 3 2
45 46 6 10
45 48 1 9
45 49 2 7
45 50 5 2
45 51 4 7
45 52 7 3
45 53 1 1
45 54 3 6
45 55 10 4
45 56 7 1
45 57 5 9
45 58 8 7
45 59 3 4
45 61 2 4
45 62 2 1
45 63 8 8
45 64 6 10
45 65 6 3
45 66 2 3
45 67 9 8
45 68 3 5
45 69 2 1
45 71 5 5
45 73 7 1
45 74 5 7
45 75 6 2
45 76 3 3
45 78 4 10
45 80 10 4
45 82 4 6
45 83 9 4
45 85 4 4
45 88 4 3
45 89 8 8
45 90 5 8
45 91 9 10
45 92 10 2
45 93 5 5
45 94 3 2
45 95 2 5
45 96 4 1
45 97 2 2
45 98 3 1
45 99 6 10
45 100 4 8
46 47 3 4
46 48 4 4
46 49 2 8
46 50 6 9
46 51 9 7
46 52 5 8
46 53 3 7
46 54 6 1
46 55 7 5
46 56 3 10
46 58 5 8
46 59 6 8
46 61 3 9
46 63 4 9
46 65 4 7
46 66 2 10
46 67 10 5
46 68 6 5
46 69 10 4
46 70 8 5
46 72 7 3
46 73 1 4
46 74 10 3
46 75 6 7
46 76 4 2
46 78 4 3
46 79 1 4
46 81 1 5
46 82 1 4
46 83 6 2
46 84 8 10
46 85 10 2
46 87 5 8
46 89 9 5
46 90 1 6
46 91 4 5
46 92 6 1
46 93 3 4
46 94 3 9
46 95 9 7
46 96 2 2
46 97 7 10
46 98 7 7
46 99 3 5
47 48 1 8
47 49 7 4
47 50 7 10
47 51 1 3
47 52 7 1
47 53 10 1
47 54 4 4
47 55 8 1
47 56 5 2
47 57 7 4
47 58 10 6
47 60 6 8
47 62 3 9
47 63 7 6
47 64 5 3
47 65 1 8
47 66 4 6
47 67 4 3
47 69 8 9
47 70 5 4
47 72 1 4
47 73 1 8
47 74 6 9
47 76 7 4
47 77 1 5
47 78 6 3
47 79 3 1
47 80 1 9
47 81 8 5
47 82 7 5
47 83 9 3
47 84 8 3
47 85 7 6
47 86 4 5
47 87 7 1
47 88 7 9
47 89 6 3
47 90 2 5
47 91 5 3
47 93 10 4
47 94 7 10
47 95 8 6
47 96 1 2
47 100 7 5
48 50 10 10
48 51 4 5
48 52 4 5
48 53 2 10
48 54 3 6
48 56 2 6
48 57 5 10
48 59 9 4
48 60 9 5
48 61 1 1
48 62 10 8
48 64 6 7
48 65 3 4
48 66 1 8
48 68 6 5
48 69 7 7
48 70 2 2
48 72 9 2
48 73 8 9
48 74 5 1
48 75 1 9
48 76 10 6
48 77 3 3
48 78 9 7
48 79 1 2
48 80 3 1
48 82 6 10
48 83 9 8
48 84 8 2
48 85 9 4
48 86 1 4
48 87 6 8
48 88 6 3
48 89 7 6
48 90 4 4
48 91 1 5
48 92 2 9
48 93 4 6
48 98 2 2
48 99 9 5
48 100 7 6
49 52 9 6
49 54 4 8
49 55 1 1
49 56 6 8
49 57 2 1
49 58 1 2
49 59 6 4
49 61 2 10
49 63 3 1
49 64 2 6
49 65 8 8
49 66 3 4
49 67 1 10
49 70 1 6
49 71 10 7
49 72 6 9
49 74 9 10
49 75 7 2
49 77 6 3
49 78 5 9
49 79 9 1
49 80 8 10
49 81 4 5
49 82 9 3
49 83 6 6
49 85 2 6
49 87 4 10
49 88 10 10
49 89 6 6
49 90 8 9
49 91 1 3
49 93 4 5
49 94 1 4
49 95 1 2
49 96 3 3
49 97 5 5
49 98 9 9
49 99 8 7
50 53 4 6
50 54 6 6
50 55 8 4
50 57 4 7
50 58 1 4
50 59 2 10
50 60 9 2
50 61 3 10
50 62 9 4
50 63 9 2
50 64 6 5
50 66 5 6
50 67 7 5
50 68 7 7
50 69 8 6
50 70 9 9
50 71 7 1
50 73 2 6
50 74 4 8
50 75 7 7
50 76 5 1
50 77 1 1
50 78 3 3
50 79 2 9
50 80 10 1
50 81 7 8
50 82 2 8
50 83 5 10
50 84 6 3
50 85 3 8
50 86 5 7
50 91 6 6
50 93 4 1
50 94 9 1
50 95 10 2
50 96 8 4
50 97 5 2
50 98 5 10
50 99 4 9
50 100 7 5
51 52 10 5
51 53 9 3
51 54 6 6
51 57 7 4
51 58 9 1
51 59 9 2
51 60 4 9
51 61 1 8
51 62 8 10
51 63 7 7
51 64 5 2
51 66 9 8
51 68 9 1
51 69 4 7
51 70 1 9
51 71 9 1
51 72 10 5
51 76 5 6
51 77 6 6
51 78 6 9
51 79 4 5
51 80 7 9
51 81 8 4
51 83 9 10
51 84 5 6
51 85 3 10
51 86 10 6
51 88 5 3
51 89 8 1
51 90 7 8
51 91 9 4
51 93 9 9
51 94 5 6
51 96 8 7
51 97 2 3
51 98 6 8
51 99 8 8
51 100 7 6
52 53 1 2
52 54 3 1
52 55 9 3
52 56 3 5
52 57 2 6
52 58 1 5
52 60 4 4
52 61 8 10
52 64 4 9
52 65 8 9
52 66 4 9
52 68 5 6
52 69 9 9
52 71 1 10
52 72 6 8
52 74 2 1
52 75 10 10
52 76 5 1
52 77 8 9
52 78 2 4
52 79 8 6
52 80 3 7
52 81 7 4
52 82 10 1
52 83 3 5
52 84 2 2
52 85 6 1
52 87 10 9
52 88 5 5
52 89 6 4
52 91 5 1
52 93 3 10
52 94 1 4
52 96 1 2
52 97 5 6
52 98 1 4
52 99 6 9
53 54 7 8
53 57 9 10
53 58 2 5
53 59 7 8
53 60 3 1
53 61 8 2
53 63 8 10
53 64 6 2
53 68 7 6
53 69 3 1
53 70 5 6
53 71 3 6
53 72 6 2
53 73 2 6
53 74 9 2
53 75 8 7
53 76 2 7
53 77 7 3
53 78 9 5
53 79 10 9
53 80 9 9
53 81 1 1
53 82 10 3
53 83 7 4
53 84 3 7
53 85 7 6
53 86 1 5
53 87 4 7
53 89 4 2
53 90 4 7
53 91 7 6
53 92 7 9
53 94 10 10
53 95 2 5
53 96 4 3
53 97 7 6
53 98 10 4
54 56 3 1
54 57 9 1
54 58 10 1
54 59 9 2
54 60 3 8
54 61 1 3
54 62 8 7
54 63 7 6
54 64 2 3
54 67 2 10
54 68 7 7
54 69 1 5
54 70 3 6
54 71 8 5
54 72 5 1
54 73 8 6
54 74 1 5
54 75 10 10
54 76 9 1
54 77 6 7
54 79 2 3
54 80 3 7
54 81 5 5
54 82 1 10
54 83 9 1
54 84 1 9
54 87 6 10
54 88 5 10
54 90 4 5
54 91 9 5
54 92 4 1
54 93 1 10
54 94 5 2
54 96 10 7
54 97 10 3
54 98 4 3
54 99 2 9
54 100 6 1
55 56 8 1
55 57 2 5
55 58 2 7
55 59 7 1
55 60 6 2
55 61 7 3
55 62 10 8
55 66 1 1
55 67 5 1
55 69 10 10
55 70 7 5
55 71 6 2
55 72 4 2
55 74 5 7
55 75 5 10
55 76 2 10
55 77 4 3
55 78 9 2
55 80 9 9
55 81 10 3
55 83 1 10
55 85 7 9
55 86 1 7
55 87 10 3
55 88 5 1
55 89 5 4
55 92 4 4
55 93 6 7
55 94 8 4
55 95 3 10
55 98 9 2
55 99 1 7
55 100 8 2
56 57 1 8
56 58 3 5
56 59 6 7
56 61 9 9
56 63 1 9
56 64 7 10
56 65 10 4
56 66 1 8
56 68 7 8
56 69 4 8
56 70 5 2
56 71 1 10
56 73 4 9
56 74 3 10
56 75 8 7
56 76 7 1
56 77 1 2
56 78 5 10
56 79 8 5
56 80 3 3
56 81 8 7
56 82 3 7
56 83 4 4
56 84 7 10
56 85 6 2
56 86 1 10
56 87 6 10
56 88 7 4
56 89 9 6
56 90 1 10
56 93 7 8
56 95 9 2
56 96 7 2
56 97 5 3
56 98 2 7
56 99 2 1
56 100 5 10
57 58 1 9
57 59 7 4
57 61 10 5
57 62 3 9
57 63 10 8
57 64 7 8
57 65 5 3
57 67 5 9
57 68 1 8
57 69 9 4
57 70 7 5
57 71 9 2
57 72 4 9
57 73 5 3
57 74 9 1
57 75 6 4
57 76 6 4
57 77 1 1
57 78 10 4
57 79 6 4
57 80 9 2
57 81 10 1
57 82 5 6
57 83 6 7
57 84 2 10
57 85 3 4
57 87 7 10
57 88 6 7
57 89 5 8
57 90 3 3
57 92 9 6
57 93 9 6
57 94 9 3
57 95 10 7
57 96 4 5
57 97 10 4
57 99 5 8
57 100 1 4
58 60 4 6
58 61 9 8
58 62 6 5
58 64 3 6
58 66 7 5
58 67 6 1
58 68 10 8
58 69 3 10
58 70 7 3
58 71 7 5
58 73 5 1
58 74 6 3
58 75 6 3
58 76 9 9
58 78 2 6
58 80 7 1
58 81 10 4
58 82 5 6
58 83 6 7
58 84 7 8
58 85 10 8
58 86 8 3
58 88 7 10
58 89 9 10
58 90 9 3
58 92 6 10
58 93 6 6
58 95 1 5
58 97 9 1
58 98 4 5
58 99 3 7
58 100 4 2
59 60 5 8
59 61 5 10
59 62 8 4
59 65 10 8
59 66 5 1
59 67 5 5
59 69 7 10
59 70 10 1
59 71 4 5
59 72 6 8
59 73 3 7
59 74 10 8
59 76 5 5
59 77 6 4
59 78 8 4
59 79 5 6
59 80 10 10
59 82 3 2
59 83 9 8
59 84 10 10
59 85 1 2
59 86 3 10
59 87 2 8
59 88 1 6
59 89 7 8
59 90 1 2
59 91 5 6
59 92 2 1
59 94 6 3
59 96 4 3
59 97 10 2
59 98 3 3
59 99 5 2
59 100 10 9
60 61 4 10
60 62 3 10
60 63 9 8
60 64 8 9
60 67 1 6
60 68 4 4
60 69 8 5
60 70 3 5
60 71 3 7
60 72 1 3
60 73 7 9
60 74 10 8
60 77 1 3
60 78 3 7
60 79 5 2
60 81 1 6
60 82 4 9
60 83 3 3
60 84 1 6
60 85 10 5
60 86 1 10
60 87 7 4
60 88 4 6
60 89 1 5
60 90 7 4
60 91 8 6
60 93 6 9
60 94 9 10
60 96 7 7
60 97 4 10
60 98 6 2
60 99 7 1
60 100 3 4
61 62 5 8
61 64 9 3
61 65 10 8
61 66 4 6
61 67 3 1
61 68 7 2
61 69 1 2
61 70 4 1
61 73 7 4
61 74 5 9
61 75 1 3
61 76 6 10
61 77 2 10
61 78 10 10
61 80 4 4
61 81 6 7
61 82 2 10
61 85 1 7
61 86 8 5
61 87 6 5
61 88 1 5
61 89 5 5
61 90 5 6
61 91 1 5
61 92 1 5
61 93 9 8
61 94 2 7
61 95 8 8
61 96 9 2
61 97 10 5
61 98 9 10
61 100 5 3
62 63 10 1
62 64 9 4
62 65 4 4
62 66 1 5
62 67 3 4
62 68 3 2
62 69 6 3
62 70 8 8
62 71 4 8
62 72 1 2
62 73 2 2
62 74 1 10
62 75 8 1
62 76 7 3
62 79 4 4
62 81 8 2
62 82 6 9
62 85 7 1
62 86 7 4
62 87 9 2
62 88 2 7
62 89 1 5
62 91 8 4
62 92 8 2
62 93 7 2
62 94 10 6
62 95 6 10
62 96 3 9
62 97 3 10
62 98 5 7
62 99 7 1
63 64 10 7
63 65 8 9
63 66 8 1
63 67 6 10
63 68 5 2
63 69 7 7
63 70 9 9
63 71 8 2
63 72 1 3
63 73 9 5
63 74 1 7
63 75 6 8
63 76 1 1
63 78 8 3
63 79 2 2
63 80 10 4
63 81 9 1
63 82 10 5
63 84 6 5
63 85 5 6
63 86 1 5
63 87 2 8
63 88 6 10
63 89 4 10
63 90 3 1
63 91 8 2
63 92 8 6
63 95 9 5
63 96 1 3
63 97 4 7
63 98 2 9
63 100 2 5
64 65 8 5
64 68 3 9
64 69 3 9
64 70 10 9
64 71 2 4
64 72 7 1
64 73 2 1
64 74 8 10
64 76 2 4
64 77 4 3
64 78 5 1
64 79 5 6
64 80 10 9
64 81 9 6
64 82 9 2
64 83 7 3
64 85 10 10
64 88 6 9
64 89 7 5
64 91 9 7
64 92 10 8
64 93 10 4
64 95 2 6
64 96 9 2
64 98 3 4
64 99 3 6
65 66 4 9
65 67 9 10
65 68 9 6
65 69 10 8
65 70 10 4
65 71 5 8
65 72 10 2
65 74 7 8
65 75 2 5
65 76 10 8
65 77 6 9
65 79 9 1
65 80 4 6
65 82 2 2
65 83 3 9
65 84 1 5
65 85 5 6
65 87 8 5
65 88 9 1
65 90 2 9
65 91 3 4
65 92 5 4
65 93 6 3
65 96 4 7
65 97 8 2
65 98 2 2
65 99 2 3
66 67 1 2
66 68 9 4
66 69 3 9
66 70 7 2
66 73 5 3
66 74 1 6
66 76 7 4
66 77 3 7
66 78 7 9
66 79 2 7
66 80 9 1
66 83 3 4
66 84 1 10
66 86 3 6
66 87 2 4
66 88 7 8
66 89 7 3
66 90 8 8
66 91 7 2
66 92 8 10
66 93 3 2
66 94 5 7
66 95 8 1
66 96 5 3
66 97 3 9
66 100 10 6
67 69 2 6
67 70 3 10
67 71 1 4
67 74 6 10
67 75 5 3
67 77 4 8
67 78 5 7
67 79 2 10
67 80 1 2
67 81 4 6
67 82 7 1
67 83 9 7
67 84 8 9
67 85 4 2
67 87 4 5
67 88 9 8
67 89 4 5
67 91 5 3
67 92 10 9
67 93 9 3
67 94 10 9
67 95 8 3
67 96 5 4
67 98 5 5
67 99 4 1
67 100 3 6
68 69 9 1
68 71 9 1
68 72 5 4
68 73 7 1
68 74 6 9
68 76 1 5
68 77 1 3
68 78 5 4
68 79 6 9
68 80 2 6
68 82 5 2
68 83 10 6
68 84 2 9
68 85 9 7
68 86 4 5
68 87 3 7
68 89 8 5
68 91 5 9
68 92 3 10
68 93 4 2
68 94 2 3
68 95 2 2
68 97 3 9
68 99 2 2
68 100 1 6
69 71 1 5
69 74 8 9
69 76 9 6
69 77 10 9
69 78 2 5
69 82 9 3
69 84 5 8
69 85 8 9
69 86 10 10
69 88 6 6
69 90 7 3
69 91 7 1
69 93 7 1
69 94 5 9
69 96 4 7
69 98 7 1
69 99 9 10
69 100 10 2
70 73 7 2
70 74 6 5
70 75 3 8
70 76 1 8
70 77 5 6
70 78 5 2
70 79 1 9
70 80 2 7
70 81 2 2
70 82 6 10
70 83 6 8
70 84 5 4
70 85 2 7
70 91 5 1
70 92 6 2
70 93 6 7
70 94 1 10
70 95 4 2
70 96 4 6
70 97 3 5
70 100 8 3
71 72 7 1
71 74 1 5
71 75 5 8
71 76 9 4
71 77 1 3
71 78 6 8
71 80 4 9
71 81 8 1
71 82 8 7
71 84 10 7
71 86 5 6
71 87 3 2
71 89 7 5
71 90 10 3
71 91 6 2
71 92 5 1
71 93 9 3
71 94 6 9
71 95 5 7
71 97 3 1
71 98 2 1
71 99 3 2
71 100 1 9
72 74 5 5
72 75 7 2
72 76 4 7
72 77 5 3
72 79 6 1
72 80 8 2
72 83 9 4
72 84 9 3
72 85 2 1
72 86 6 2
72 87 5 6
72 88 10 6
72 89 9 6
72 91 5 7
72 93 2 8
72 94 7 4
72 96 1 8
72 97 4 2
72 98 9 6
72 99 3 3
72 100 9 6
73 74 3 9
73 75 4 2
73 77 8 10
73 78 7 7
73 79 3 6
73 80 2 3
73 81 8 6
73 82 1 8
73 83 2 10
73 85 8 9
73 86 2 8
73 87 1 6
73 89 5 2
73 90 9 1
73 91 7 10
73 92 10 9
73 93 10 5
73 95 7 4
73 97 3 9
73 99 1 8
74 75 6 2
74 76 9 5
74 77 1 1
74 79 5 8
74 80 4 4
74 83 6 2
74 84 4 8
74 85 8 8
74 86 3 2
74 87 10 10
74 88 7 4
74 89 5 4
74 90 8 1
74 91 4 6
74 92 3 5
74 93 8 4
74 96 2 3
74 97 5 8
74 99 7 1
75 76 1 4
75 77 5 8
75 78 3 7
75 79 2 7
75 83 10 2
75 84 4 3
75 85 5 5
75 86 3 10
75 87 8 9
75 88 4 8
75 89 8 4
75 90 3 1
75 91 8 5
75 92 3 2
75 93 4 6
75 94 8 6
75 95 4 10
75 97 10 7
75 99 8 2
75 100 4 1
76 78 7 2
76 79 6 3
76 80 10 5
76 81 1 3
76 82 6 3
76 83 4 4
76 86 2 3
76 87 1 8
76 89 5 9
76 90 4 7
76 91 5 2
76 92 10 6
76 93 2 6
76 95 2 1
76 96 7 5
76 97 5 10
76 98 4 1
76 100 7 6
77 78 2 4
77 79 8 8
77 80 2 3
77 82 6 8
77 84 2 9
77 85 5 8
77 86 5 6
77 89 6 7
77 91 5 3
77 92 7 6
77 95 9 7
77 96 2 6
77 97 9 9
77 98 2 3
77 99 2 5
77 100 3 10
78 79 5 9
78 80 10 3
78 81 3 10
78 83 7 7
78 84 8 2
78 85 5 1
78 86 7 7
78 87 1 5
78 88 8 4
78 89 9 3
78 90 4 2
78 91 4 7
78 92 8 7
78 93 3 2
78 94 2 9
78 95 9 10
78 96 5 1
78 97 2 8
78 98 9 1
78 99 1 2
78 100 3 6
79 80 8 9
79 81 4 8
79 82 9 8
79 84 7 5
79 85 4 3
79 86 6 6
79 88 3 6
79 90 10 8
79 91 5 3
79 92 3 9
79 93 9 2
79 94 7 10
79 95 4 6
79 96 8 5
79 99 2 4
80 81 7 8
80 82 4 6
80 83 1 7
80 84 10 7
80 86 3 4
80 87 9 1
80 88 2 9
80 90 6 8
80 91 6 8
80 92 7 3
80 93 10 1
80 94 3 9
80 95 9 8
80 96 2 1
80 97 8 8
80 98 10 5
80 99 8 4
80 100 2 1
81 82 5 5
81 83 5 2
81 84 9 1
81 85 5 9
81 86 5 7
81 89 7 3
81 90 1 5
81 91 6 7
81 92 9 7
81 94 10 4
81 95 2 5
81 96 9 1
81 97 8 7
81 99 8 8
81 100 3 8
82 83 3 7
82 84 9 10
82 85 8 1
82 86 1 5
82 87 5 9
82 88 6 9
82 89 4 2
82 91 2 5
82 92 7 3
82 93 2 2
82 95 4 6
82 96 1 3
82 98 3 4
82 100 3 3
83 84 4 3
83 85 3 5
83 86 6 1
83 87 5 10
83 88 4 8
83 90 10 6
83 91 6 9
83 92 8 8
83 93 2 9
83 95 5 5
83 97 8 5
83 98 5 8
83 99 3 6
83 100 6 7
84 85 4 9
84 86 4 2
84 87 1 7
84 88 1 4
84 89 5 2
84 90 7 4
84 91 3 3
84 92 5 5
84 93 5 1
84 94 10 3
84 95 5 9
84 96 4 10
84 97 8 9
84 98 5 3
84 99 6 9
84 100 2 4
85 86 4 10
85 87 10 4
85 88 4 1
85 89 1 6
85 90 6 4
85 91 2 7
85 92 2 3
85 93 2 2
85 94 6 7
85 96 8 8
85 97 4 9
85 98 10 3
85 99 1 8
85 100 1 1
86 87 2 10
86 88 4 3
86 89 3 8
86 90 7 7
86 91 9 6
86 92 2 2
86 93 3 3
86 94 9 5
86 95 2 1
86 97 9 6
86 98 6 7
86 99 8 3
86 100 3 9
87 89 7 6
87 90 8 4
87 92 7 9
87 93 3 9
87 95 4 2
87 96 6 2
87 97 1 5
87 98 4 6
87 99 10 5
87 100 1 3
88 89 2 2
88 90 9 6
88 91 2 5
88 92 4 3
88 93 8 1
88 95 9 3
88 96 5 7
88 97 9 1
88 98 6 9
88 99 7 7
88 100 8 10
89 91 4 6
89 92 10 4
89 93 4 7
89 94 1 4
89 95 3 4
89 96 6 10
89 97 7 7
89 98 4 3
89 99 8 7
89 100 10 6
90 92 6 4
90 93 3 4
90 94 1 7
90 95 3 1
90 96 7 10
90 97 6 7
90 99 7 1
90 100 7 4
91 92 6 7
91 94 4 4
91 95 2 8
91 96 3 10
91 97 10 10
91 98 5 1
91 99 5 9
91 100 10 7
92 93 8 10
92 95 2 2
92 97 10 1
92 98 6 5
92 99 8 3
92 100 9 4
93 94 6 8
93 95 1 7
93 96 5 1
93 97 8 4
93 98 8 8
93 99 6 6
93 100 6 10
94 95 1 3
94 97 9 3
94 100 1 5
95 96 10 7
95 97 8 2
95 98 1 9
95 99 5 6
95 100 7 2
96 97 2 6
96 98 8 2
96 99 10 9
96 100 9 3
97 98 7 9
97 99 3 9
97 100 4 2
98 99 7 5
98 100 9 6
99 100 9 8
1
1 2 3 4 5 6 7 8 9 10 11 12 13 14 15 16 17 18 19 20 21 22 23 24 25 26 27 28 29 30 31 32 33 34 35 36 37 38 39 40 41 42 43 44 45 46 47 48 49 50
