3946
1 3 8 5
1 4 6 1
1 6 10 10
1 7 6 4
1 8 4 2
1 9 4 9
1 10 5 3
1 11 10 5
1 12 4 6
1 13 8 4
1 14 5 4
1 15 5 5
1 16 5 7
1 17 2 1
1 18 7 9
1 20 9 9
1 21 9 1
1 23 8 3
1 24 5 1
1 25 4 1
1 27 5 5
1 28 3 4
1 29 5 1
1 30 9 6
1 31 6 2
1 32 4 2
1 34 10 4
1 35 8 2
1 36 1 5
1 37 7 10
1 38 3 5
1 40 8 5
1 41 5 6
1 42 10 1
1 44 6 6
1 45 7 6
1 47 8 10
1 48 6 5
1 49 5 9
1 51 4 7
1 53 10 9
1 54 10 5
1 55 10 4
1 57 2 7
1 58 5 10
1 59 4 1
1 60 10 7
1 61 3 8
1 62 2 5
1 64 7 2
1 66 6 9
1 67 6 8
1 68 4 4
1 69 4 6
1 70 8 3
1 71 8 2
1 72 6 10
1 73 4 4
1 74 5 9
1 75 3 9
1 76 1 9
1 77 2 5
1 78 3 4
1 81 8 7
1 83 4 10
1 86 1 2
1 87 7 7
1 88 2 6
1 91 2 9
1 92 10 10
1 96 8 6
1 98 3 3
1 99 3 5
1 100 10 9
2 3 7 7
2 5 4 6
2 7 9 8
2 8 2 10
2 9 4 5
2 10 5 2
2 11 4 2
2 12 6 9
2 13 3 9
2 14 5 4
2 17 3 9
2 18 6 7
2 19 4 6
2 21 1 3
2 22 4 8
2 23 5 10
2 24 2 8
2 25 9 4
2 26 7 3
2 28 8 6
2 29 6 2
2 30 9 4
2 31 1 8
2 32 5 2
2 33 10 4
2 34 6 5
2 35 2 4
2 36 7 7
2 37 7 5
2 38 10 7
2 39 2 4
2 40 2 7
2 41 4 4
2 42 8 4
2 43 3 8
2 44 10 10
2 46 6 2
2 47 6 7
2 49 8 2
2 50 6 4
2 51 6 9
2 52 7 5
2 53 10 6
2 54 3 6
2 57 1 7
2 58 1 6
2 59 9 4
2 60 1 10
2 62 7 4
2 63 9 7
2 64 3 5
2 65 2 10
2 66 3 8
2 67 3 9
2 70 7 1
2 71 6 8
2 72 5 4
2 73 8 8
2 74 1 10
2 75 5 7
2 76 5 5
2 77 7 5
2 78 3 3
2 79 9 6
2 80 10 6
2 81 8 1
2 82 2 8
2 83 6 5
2 84 8 4
2 85 2 2
2 86 3 6
2 87 2 3
2 88 8 8
2 89 6 10
2 90 8 10
2 91 2 7
2 93 2 5
2 95 2 1
2 98 1 10
2 99 8 6
2 100 1 7
3 4 7 7
3 5 6 6
3 6 8 8
3 8 2 9
3 9 2 1
3 10 9 2
3 11 8 3
3 13 5 6
3 14 2 5
3 15 10 7
3 16 3 2
3 17 4 7
3 22 7 2
3 23 2 1
3 24 6 6
3 25 10 8
3 26 1 6
3 28 3 8
3 29 5 10
3 30 10 6
3 31 6 3
3 34 7 7
3 35 9 6
3 36 6 3
3 37 9 4
3 38 10 8
3 39 6 5
3 40 5 1
3 41 5 5
3 43 4 5
3 44 1 8
3 46 8 6
3 47 1 3
3 48 3 3
3 49 10 7
3 50 1 4
3 52 1 7
3 53 10 10
3 54 9 8
3 55 10 7
3 56 7 10
3 57 10 6
3 58 8 5
3 59 4 3
3 60 7 10
3 62 6 2
3 64 6 8
3 66 2 1
3 68 7 10
3 69 4 2
3 70 1 10
3 71 5 3
3 72 1 8
3 73 8 6
3 74 4 5
3 75 10 5
3 76 9 4
3 81 7 1
3 82 5 7
3 84 8 3
3 85 2 5
3 86 2 3
3 87 10 3
3 88 4 10
3 89 6 10
3 90 4 7
3 92 9 8
3 93 9 3
3 94 9 6
3 95 10 10
3 96 8 3
3 97 9 4
3 99 7 4
3 100 10 3
4 6 7 9
4 8 5 6
4 9 3 2
4 11 7 9
4 12 4 4
4 13 1 5
4 14 6 2
4 15 9 7
4 17 8 9
4 18 7 8
4 20 3 9
4 21 8 8
4 23 10 8
4 24 6 7
4 26 4 7
4 27 8 1
4 28 2 6
4 29 5 7
4 30 5 9
4 31 4 6
4 32 10 5
4 33 10 7
4 34 8 9
4 35 8 4
4 36 2 6
4 37 10 4
4 38 10 8
4 40 7 3
4 41 4 4
4 42 7 7
4 43 10 7
4 44 5 6
4 45 9 7
4 46 10 10
4 48 5 9
4 50 2 6
4 52 6 1
4 53 1 4
4 54 5 1
4 55 5 9
4 57 2 5
4 58 6 2
4 59 9 2
4 60 3 3
4 62 4 5
4 63 9 1
4 64 10 4
4 65 1 2
4 66 9 5
4 67 9 9
4 69 3 6
4 70 3 5
4 72 6 4
4 73 7 6
4 74 7 5
4 75 3 4
4 76 6 3
4 77 7 10
4 78 9 9
4 79 3 5
4 80 1 3
4 81 1 10
4 82 10 4
4 83 7 10
4 84 10 7
4 86 3 3
4 87 1 10
4 89 8 5
4 90 5 9
4 93 2 7
4 94 9 6
4 95 8 10
4 96 9 10
4 97 2 3
4 98 4 3
4 99 7 6
4 100 3 9
5 6 7 6
5 8 10 7
5 10 3 5
5 11 5 9
5 13 3 1
5 14 4 1
5 15 2 10
5 16 8 2
5 17 9 6
5 18 8 8
5 19 9 2
5 20 9 9
5 21 10 7
5 22 5 8
5 23 4 3
5 24 5 2
5 26 6 6
5 27 5 9
5 28 9 7
5 29 6 7
5 30 4 7
5 32 10 6
5 33 1 2
5 34 1 4
5 35 3 7
5 36 7 10
5 37 2 1
5 39 9 1
5 40 3 5
5 41 4 10
5 42 8 6
5 43 8 2
5 45 8 8
5 46 2 2
5 47 4 2
5 48 9 7
5 49 6 8
5 50 9 6
5 51 4 9
5 53 9 4
5 54 6 6
5 55 9 4
5 57 6 8
5 58 2 8
5 59 6 7
5 60 4 8
5 62 5 6
5 64 2 1
5 65 10 3
5 66 4 6
5 68 9 4
5 69 3 1
5 71 1 7
5 72 1 6
5 73 3 9
5 74 9 4
5 75 3 10
5 77 9 7
5 78 8 3
5 79 8 1
5 80 8 6
5 81 5 1
5 82 8 4
5 83 9 3
5 84 6 6
5 85 8 5
5 88 7 1
5 89 3 5
5 90 1 8
5 91 1 9
5 92 8 8
5 93 4 6
5 94 7 10
5 95 3 7
5 96 3 10
5 97 6 10
5 98 8 7
5 99 10 4
5 100 2 2
6 7 3 4
6 8 3 8
6 9 10 1
6 10 3 4
6 11 9 1
6 13 4 1
6 14 2 3
6 15 9 2
6 16 4 5
6 17 3 3
6 18 8 1
6 19 10 4
6 20 5 2
6 21 10 3
6 22 2 7
6 23 9 7
6 24 10 7
6 25 4 5
6 26 2 5
6 27 3 6
6 28 1 7
6 29 5 9
6 30 6 2
6 31 1 1
6 32 8 7
6 33 2 2
6 34 6 2
6 35 2 1
6 36 3 9
6 37 3 8
6 38 5 2
6 39 2 1
6 40 5 1
6 41 3 3
6 43 6 10
6 44 10 1
6 47 5 2
6 48 5 2
6 50 9 8
6 51 7 10
6 53 6 3
6 54 2 10
6 56 4 7
6 57 5 7
6 58 6 7
6 59 6 7
6 60 7 1
6 61 2 6
6 63 9 7
6 64 1 2
6 65 8 3
6 66 6 10
6 67 3 5
6 68 5 7
6 69 9 5
6 73 5 5
6 75 2 1
6 76 5 2
6 77 9 8
6 79 4 3
6 80 9 3
6 82 6 4
6 83 2 7
6 84 7 7
6 85 5 7
6 86 9 8
6 87 6 5
6 89 7 2
6 90 5 1
6 91 6 7
6 92 8 10
6 93 10 10
6 94 5 1
6 96 3 5
6 97 10 8
6 98 4 7
6 100 10 9
7 8 6 8
7 10 3 3
7 11 10 5
7 12 7 9
7 13 10 8
7 14 4 6
7 15 4 8
7 16 1 6
7 17 5 4
7 18 9 5
7 20 8 10
7 22 10 5
7 24 7 5
7 25 5 8
7 27 10 4
7 28 8 6
7 29 6 3
7 30 6 1
7 31 9 8
7 32 5 4
7 33 3 3
7 34 10 10
7 35 3 9
7 37 5 6
7 38 10 9
7 39 2 9
7 43 4 10
7 44 1 10
7 45 9 10
7 46 8 5
7 53 6 8
7 54 9 7
7 55 10 3
7 56 4 8
7 57 2 6
7 58 2 1
7 61 7 1
7 62 8 5
7 63 8 5
7 65 9 4
7 66 2 3
7 68 1 9
7 69 10 4
7 71 9 2
7 72 1 10
7 73 10 5
7 74 1 9
7 75 3 7
7 76 10 8
7 77 2 7
7 78 6 10
7 79 3 3
7 80 6 3
7 81 5 10
7 82 10 10
7 83 6 6
7 84 1 4
7 85 2 2
7 86 1 1
7 89 1 4
7 90 10 6
7 91 3 4
7 92 7 9
7 93 10 2
7 94 6 3
7 96 5 6
7 97 1 2
7 98 5 1
7 99 4 2
8 10 5 1
8 11 7 4
8 12 4 9
8 13 9 1
8 14 7 9
8 15 1 7
8 16 3 2
8 17 10 9
8 18 4 4
8 19 7 4
8 20 1 7
8 21 8 6
8 24 8 6
8 26 1 1
8 28 5 1
8 30 8 8
8 31 2 7
8 32 10 7
8 34 6 10
8 35 6 7
8 36 8 1
8 37 6 7
8 39 3 3
8 40 1 1
8 42 6 2
8 44 1 7
8 45 6 7
8 46 10 8
8 47 3 4
8 48 4 9
8 49 1 5
8 50 9 8
8 51 4 6
8 52 8 10
8 54 6 8
8 55 7 8
8 56 4 10
8 57 9 6
8 58 7 4
8 59 4 6
8 60 2 2
8 61 6 1
8 62 2 9
8 63 4 10
8 64 2 9
8 65 7 5
8 67 10 8
8 69 10 7
8 70 4 5
8 72 7 10
8 74 7 3
8 75 8 4
8 76 6 1
8 77 1 8
8 78 7 6
8 79 1 2
8 80 7 5
8 81 7 8
8 82 3 3
8 85 1 7
8 86 5 1
8 87 9 3
8 88 4 3
8 89 7 6
8 90 3 3
8 92 10 9
8 93 3 7
8 94 10 8
8 96 8 1
8 97 1 6
8 98 2 10
8 99 3 9
9 10 9 1
9 11 1 7
9 12 8 7
9 13 4 5
9 14 5 8
9 15 4 3
9 16 1 4
9 18 3 5
9 19 1 8
9 21 5 6
9 22 2 4
9 23 1 2
9 24 4 5
9 25 2 5
9 26 6 1
9 28 6 8
9 29 9 3
9 30 6 6
9 31 3 5
9 32 4 6
9 33 2 5
9 34 1 9
9 36 7 1
9 39 2 2
9 40 2 10
9 41 8 1
9 42 5 10
9 44 1 2
9 45 3 9
9 47 3 2
9 48 9 7
9 49 1 1
9 50 1 1
9 51 2 7
9 52 3 4
9 53 5 8
9 54 2 9
9 55 4 8
9 57 9 7
9 58 9 8
9 59 10 8
9 63 9 10
9 64 2 4
9 65 1 4
9 66 7 6
9 68 5 5
9 69 6 1
9 70 5 3
9 74 9 5
9 75 3 7
9 76 1 6
9 77 2 2
9 78 4 9
9 79 6 10
9 80 8 8
9 81 6 1
9 83 1 10
9 84 3 10
9 85 3 2
9 87 6 3
9 88 7 8
9 89 3 4
9 91 2 10
9 92 6 5
9 93 3 5
9 94 1 9
9 95 9 10
9 96 4 10
9 97 6 9
9 98 7 5
10 11 8 9
10 12 3 8
10 13 3 7
10 14 5 7
10 15 1 2
10 16 3 2
10 17 1 4
10 18 6 8
10 19 5 3
10 20 3 7
10 21 3 1
10 22 10 3
10 23 6 7
10 24 7 5
10 25 10 1
10 26 4 7
10 27 6 6
10 29 5 9
10 30 4 7
10 32 1 10
10 33 3 6
10 34 7 1
10 36 4 10
10 37 5 8
10 39 9 5
10 40 7 10
10 41 4 7
10 42 4 4
10 44 10 4
10 47 4 9
10 49 4 4
10 50 10 7
10 52 6 10
10 53 7 2
10 56 7 9
10 59 5 4
10 60 3 8
10 61 10 6
10 62 6 5
10 63 7 3
10 64 2 3
10 66 6 4
10 67 6 8
10 68 6 3
10 69 2 6
10 70 1 3
10 71 4 1
10 74 10 2
10 75 2 7
10 76 1 1
10 77 4 8
10 78 4 5
10 79 8 9
10 80 4 4
10 82 8 8
10 83 4 6
10 84 8 9
10 85 2 9
10 86 4 5
10 87 4 8
10 88 2 2
10 91 7 6
10 92 10 6
10 93 6 10
10 94 6 6
10 95 9 9
10 96 1 3
10 97 3 6
10 98 2 3
10 99 4 1
10 100 10 8
11 12 7 6
11 13 4 6
11 14 6 2
11 15 9 10
11 16 4 4
11 17 1 1
11 19 4 9
11 21 9 8
11 22 10 7
11 24 7 4
11 25 6 6
11 26 2 9
11 27 4 8
11 28 9 4
11 29 7 7
11 30 7 5
11 31 10 1
11 32 8 9
11 33 4 4
11 35 10 9
11 37 5 1
11 38 5 10
11 40 5 2
11 41 1 1
11 43 4 8
11 44 7 3
11 45 4 1
11 47 2 10
11 50 8 1
11 51 9 10
11 52 8 7
11 53 1 1
11 54 10 3
11 56 9 6
11 57 4 6
11 59 1 7
11 62 3 9
11 64 4 8
11 65 2 5
11 66 10 6
11 68 10 3
11 70 6 10
11 72 8 4
11 73 7 5
11 75 7 2
11 76 2 1
11 78 9 2
11 79 6 4
11 80 8 8
11 82 5 10
11 83 6 9
11 84 5 3
11 86 2 5
11 87 6 6
11 88 4 9
11 89 2 9
11 90 1 10
11 91 3 10
11 92 10 2
11 93 7 6
11 94 4 9
11 95 2 7
11 96 5 3
11 97 1 5
11 98 1 4
11 99 8 7
11 100 8 7
12 14 7 4
12 15 1 4
12 16 4 1
12 17 5 4
12 18 1 7
12 19 10 9
12 20 4 3
12 21 9 10
12 22 3 7
12 24 8 9
12 25 10 7
12 26 2 4
12 27 4 7
12 28 6 5
12 30 2 3
12 31 2 3
12 32 7 10
12 33 2 5
12 34 4 7
12 35 10 5
12 36 2 5
12 37 2 10
12 38 6 5
12 40 6 3
12 41 4 10
12 42 3 5
12 43 5 6
12 44 1 8
12 45 4 8
12 46 5 2
12 47 10 4
12 48 3 2
12 49 4 5
12 50 2 8
12 51 5 3
12 52 3 5
12 53 2 6
12 54 3 1
12 55 10 4
12 57 5 10
12 58 7 7
12 61 6 2
12 62 4 9
12 64 4 5
12 65 4 3
12 67 1 3
12 70 10 4
12 71 8 4
12 72 8 3
12 73 1 10
12 74 4 10
12 75 10 7
12 76 10 5
12 78 1 8
12 79 5 5
12 80 9 10
12 81 8 7
12 83 7 2
12 84 6 4
12 86 5 5
12 91 7 7
12 92 6 9
12 93 5 4
12 94 5 10
12 95 8 6
12 96 5 4
12 97 4 8
12 98 5 6
12 99 9 5
12 100 2 7
13 14 7 6
13 15 4 6
13 16 1 2
13 17 2 8
13 18 1 6
13 19 3 1
13 22 2 3
13 23 3 1
13 25 3 9
13 27 6 6
13 28 6 7
13 32 7 4
13 33 7 7
13 34 8 2
13 35 6 2
13 36 2 8
13 38 4 10
13 39 9 3
13 41 8 2
13 42 4 9
13 43 4 1
13 44 5 6
13 45 5 3
13 46 6 8
13 47 2 5
13 49 6 9
13 51 4 5
13 52 9 10
13 54 4 5
13 55 4 5
13 56 8 5
13 57 9 6
13 58 5 2
13 59 5 2
13 60 3 6
13 61 5 5
13 62 8 3
13 63 4 2
13 64 9 4
13 65 3 5
13 66 4 1
13 67 10 1
13 68 5 4
13 70 2 3
13 71 2 10
13 74 2 3
13 75 9 3
13 77 4 9
13 78 5 4
13 79 5 8
13 83 9 9
13 84 8 9
13 87 7 6
13 88 9 9
13 90 2 4
13 91 6 5
13 92 7 9
13 94 9 9
13 95 9 10
13 97 3 4
13 98 5 3
13 99 3 5
13 100 7 6
14 15 9 1
14 16 8 3
14 17 4 4
14 18 5 2
14 19 9 3
14 21 6 5
14 23 8 9
14 24 10 7
14 25 8 10
14 27 4 1
14 28 4 2
14 31 1 7
14 32 10 3
14 33 1 9
14 36 8 3
14 37 4 6
14 39 2 8
14 40 1 3
14 41 1 10
14 42 5 4
14 43 7 4
14 44 6 8
14 45 4 2
14 46 8 6
14 49 8 1
14 52 8 4
14 53 3 10
14 55 8 9
14 56 9 2
14 57 10 9
14 58 1 5
14 59 8 6
14 61 3 1
14 62 7 6
14 63 8 2
14 64 1 7
14 65 6 7
14 66 7 1
14 67 4 5
14 69 9 4
14 70 6 9
14 71 1 1
14 73 1 2
14 74 7 8
14 75 7 9
14 76 7 6
14 81 8 3
14 83 5 6
14 84 4 7
14 85 8 8
14 86 10 9
14 87 2 2
14 88 2 3
14 90 10 2
14 91 3 1
14 92 1 6
14 93 8 10
14 94 7 10
14 95 1 7
14 96 6 3
14 98 3 5
14 99 8 7
15 16 10 2
15 17 4 9
15 19 4 1
15 20 1 9
15 21 1 5
15 23 6 10
15 25 3 4
15 26 1 8
15 27 2 3
15 28 3 9
15 30 1 10
15 31 8 6
15 32 3 6
15 33 1 2
15 34 4 4
15 35 8 6
15 37 7 2
15 38 6 9
15 40 10 2
15 41 6 4
15 42 1 8
15 43 2 3
15 44 10 8
15 46 2 5
15 47 3 4
15 50 6 8
15 51 2 7
15 52 6 8
15 53 5 6
15 54 8 6
15 55 7 10
15 56 8 8
15 57 9 7
15 58 3 9
15 59 3 3
15 60 8 6
15 61 8 7
15 62 1 1
15 63 8 9
15 64 10 9
15 67 9 9
15 68 7 10
15 69 5 1
15 70 2 8
15 71 2 10
15 72 2 1
15 73 10 7
15 74 5 1
15 75 4 6
15 76 8 9
15 77 6 6
15 78 9 3
15 79 10 10
15 80 7 4
15 82 5 7
15 83 9 1
15 84 10 4
15 86 7 8
15 87 5 8
15 88 7 1
15 89 1 4
15 90 4 5
15 91 5 5
15 92 6 5
15 93 9 5
15 94 6 7
15 95 5 1
15 96 9 5
15 98 4 10
15 99 4 6
15 100 6 3
16 17 2 7
16 18 8 7
16 20 2 1
16 21 4 9
16 22 2 9
16 24 7 2
16 25 3 3
16 27 5 4
16 28 7 3
16 29 9 10
16 30 1 6
16 31 2 6
16 32 9 3
16 33 9 9
16 34 2 4
16 35 6 3
16 36 10 7
16 37 9 3
16 39 4 1
16 40 3 9
16 41 7 3
16 42 4 8
16 45 5 3
16 46 1 6
16 47 8 3
16 48 8 5
16 49 6 9
16 50 2 4
16 51 10 3
16 53 2 10
16 54 9 6
16 56 2 10
16 58 6 5
16 60 9 9
16 61 1 3
16 62 2 6
16 63 2 10
16 66 2 3
16 67 5 9
16 68 4 7
16 69 4 4
16 71 6 7
16 72 1 7
16 73 9 6
16 75 6 6
16 76 8 9
16 77 7 3
16 78 1 9
16 79 4 10
16 80 4 10
16 81 4 1
16 82 4 6
16 83 10 6
16 84 9 5
16 85 10 6
16 86 1 9
16 87 2 2
16 88 1 10
16 89 7 9
16 90 1 4
16 91 10 10
16 92 2 1
16 93 9 3
16 95 10 6
16 97 5 3
16 98 2 2
16 99 9 8
16 100 5 3
17 18 1 10
17 19 8 3
17 20 6 1
17 21 5 2
17 23 8 6
17 26 6 9
17 27 7 4
17 28 2 7
17 29 2 9
17 30 9 2
17 31 4 3
17 32 2 4
17 34 7 1
17 35 1 3
17 37 4 8
17 38 5 7
17 40 5 7
17 42 2 1
17 43 1 10
17 44 7 2
17 45 2 3
17 46 8 6
17 47 10 2
17 49 4 3
17 50 9 10
17 51 6 8
17 52 8 10
17 53 1 5
17 54 7 4
17 55 7 5
17 57 2 1
17 59 4 4
17 60 10 6
17 61 6 1
17 63 6 5
17 64 2 4
17 65 8 1
17 66 6 10
17 67 1 1
17 69 7 7
17 70 8 8
17 71 9 3
17 72 5 2
17 73 8 9
17 74 7 9
17 75 7 3
17 77 1 3
17 78 1 3
17 80 10 1
17 83 6 1
17 84 8 2
17 85 10 3
17 86 7 1
17 87 4 5
17 88 8 7
17 89 7 1
17 91 5 3
17 92 2 9
17 94 3 10
17 96 4 10
17 98 5 3
17 99 8 4
17 100 10 1
18 19 5 10
18 20 2 1
18 22 7 9
18 23 1 4
18 24 5 8
18 25 4 6
18 26 5 5
18 27 9 3
18 28 8 8
18 29 8 10
18 31 9 9
18 32 10 1
18 33 5 2
18 34 10 4
18 35 2 7
18 36 3 2
18 37 7 4
18 38 9 3
18 39 4 7
18 41 9 9
18 42 5 8
18 43 7 8
18 45 3 4
18 46 1 4
18 47 4 10
18 48 5 4
18 49 1 4
18 50 4 5
18 51 7 4
18 52 10 6
18 53 2 10
18 54 10 9
18 55 9 1
18 56 8 10
18 57 6 5
18 58 10 4
18 59 10 2
18 60 3 3
18 61 4 4
18 62 1 10
18 63 10 4
18 65 7 8
18 67 4 10
18 68 6 9
18 69 1 9
18 70 9 7
18 72 8 5
18 73 9 5
18 75 10 5
18 76 6 1
18 78 5 8
18 79 2 8
18 80 1 2
18 81 8 3
18 83 6 2
18 85 2 10
18 87 5 3
18 88 10 4
18 89 6 4
18 90 9 3
18 91 6 7
18 92 9 8
18 93 10 4
18 95 7 5
18 96 7 7
18 97 6 5
18 98 7 5
18 99 5 8
18 100 6 5
19 20 3 4
19 21 4 4
19 22 9 3
19 25 3 4
19 26 9 5
19 28 7 5
19 29 10 2
19 30 6 7
19 31 9 6
19 32 7 5
19 33 4 10
19 34 8 2
19 36 5 1
19 37 9 2
19 38 9 3
19 39 7 8
19 41 8 7
19 42 5 6
19 43 1 7
19 44 4 9
19 45 8 5
19 46 8 1
19 47 7 4
19 49 1 2
19 50 2 1
19 52 7 3
19 53 5 9
19 54 8 7
19 55 2 4
19 56 3 4
19 57 1 6
19 58 6 3
19 59 2 3
19 60 3 6
19 61 8 9
19 62 1 1
19 64 7 3
19 66 3 10
19 67 3 6
19 68 10 5
19 71 1 5
19 72 6 4
19 73 9 10
19 74 10 8
19 75 3 2
19 76 9 7
19 77 3 4
19 78 4 2
19 80 3 9
19 81 3 8
19 82 10 7
19 83 3 5
19 85 6 1
19 86 4 8
19 87 3 6
19 88 6 5
19 89 5 3
19 90 6 1
19 91 8 7
19 92 5 1
19 93 4 8
19 94 3 6
19 96 1 2
19 97 8 7
19 98 1 2
19 99 1 9
19 100 5 10
20 21 1 10
20 22 5 9
20 23 5 3
20 24 10 3
20 25 8 3
20 27 9 2
20 28 2 8
20 29 1 1
20 30 6 6
20 31 8 3
20 32 9 4
20 33 8 1
20 34 8 9
20 35 6 9
20 37 10 9
20 38 3 4
20 39 7 3
20 42 8 7
20 43 6 5
20 44 6 1
20 45 6 5
20 46 1 4
20 47 5 6
20 48 1 7
20 49 10 2
20 50 10 3
20 51 1 1
20 53 7 8
20 54 4 4
20 55 4 10
20 58 4 10
20 59 8 3
20 61 2 4
20 62 3 6
20 64 7 4
20 66 2 6
20 67 7 2
20 68 1 10
20 69 7 2
20 70 3 9
20 72 6 3
20 73 9 8
20 74 6 6
20 75 10 9
20 76 4 10
20 77 2 5
20 78 10 10
20 79 6 1
20 82 4 9
20 83 5 1
20 84 6 3
20 85 8 6
20 86 10 9
20 87 1 7
20 88 8 1
20 89 9 9
20 90 6 4
20 91 5 9
20 92 2 9
20 93 5 4
20 95 10 1
20 96 5 1
20 97 10 1
20 98 5 8
20 99 9 3
20 100 10 10
21 22 10 6
21 23 3 2
21 24 1 6
21 25 8 9
21 26 7 10
21 27 6 1
21 28 1 10
21 30 5 8
21 31 3 10
21 32 8 7
21 33 7 2
21 34 4 9
21 35 3 8
21 37 6 5
21 39 2 10
21 40 5 5
21 41 8 7
21 42 8 9
21 46 5 5
21 47 6 10
21 48 4 10
21 49 7 8
21 50 8 10
21 52 6 4
21 54 7 7
21 55 7 3
21 56 3 2
21 57 3 4
21 58 5 10
21 59 8 2
21 60 2 8
21 61 1 10
21 62 4 5
21 63 4 5
21 64 6 1
21 66 8 2
21 67 8 3
21 68 4 6
21 69 4 8
21 70 6 5
21 71 5 5
21 72 3 2
21 73 1 4
21 74 4 1
21 75 9 5
21 77 9 10
21 78 2 3
21 79 3 10
21 80 5 3
21 81 6 6
21 82 8 3
21 83 4 3
21 84 4 1
21 85 5 2
21 87 5 2
21 88 7 3
21 89 4 5
21 90 10 1
21 91 7 8
21 92 2 9
21 93 3 2
21 94 1 4
21 96 5 9
21 97 6 3
21 98 10 10
21 99 6 7
22 23 1 2
22 24 9 2
22 25 9 9
22 26 4 6
22 27 3 8
22 28 1 9
22 29 8 1
22 30 1 4
22 31 8 10
22 33 7 10
22 34 9 7
22 35 10 6
22 36 9 7
22 38 6 8
22 39 1 10
22 40 1 8
22 41 6 1
22 42 3 3
22 43 2 3
22 45 2 5
22 46 6 5
22 47 2 8
22 48 9 8
22 49 7 3
22 50 3 3
22 51 6 5
22 53 5 9
22 55 5 1
22 56 8 9
22 57 5 7
22 59 8 8
22 60 2 9
22 62 6 1
22 64 1 5
22 65 2 4
22 66 6 4
22 67 9 6
22 68 1 3
22 69 5 2
22 71 3 5
22 72 2 5
22 74 7 7
22 75 4 2
22 76 7 8
22 78 2 10
22 79 10 8
22 80 6 9
22 81 10 10
22 82 9 2
22 84 10 1
22 86 10 8
22 87 8 5
22 88 3 3
22 89 7 5
22 91 7 5
22 92 7 4
22 93 3 2
22 94 7 2
22 95 4 10
22 96 6 9
22 97 1 3
22 99 10 2
22 100 10 9
23 24 6 9
23 26 7 2
23 27 7 7
23 28 7 3
23 29 9 8
23 30 5 9
23 31 10 4
23 32 8 9
23 33 6 3
23 35 8 7
23 36 2 8
23 37 9 4
23 38 1 6
23 39 10 4
23 40 10 7
23 41 2 2
23 42 4 8
23 43 1 10
23 44 6 5
23 45 4 5
23 46 3 9
23 47 4 9
23 48 5 8
23 49 3 9
23 51 3 5
23 53 5 4
23 54 6 6
23 55 3 10
23 56 1 9
23 57 2 8
23 58 5 4
23 59 10 3
23 60 2 10
23 61 7 1
23 62 9 7
23 64 2 10
23 65 1 6
23 66 3 6
23 67 3 5
23 68 3 10
23 69 3 9
23 70 4 6
23 71 8 8
23 72 3 7
23 73 6 6
23 76 3 6
23 77 3 2
23 79 5 3
23 80 6 8
23 82 9 5
23 83 9 7
23 85 5 1
23 86 9 5
23 87 6 10
23 89 4 9
23 90 2 2
23 91 4 3
23 92 5 9
23 93 2 9
23 94 1 4
23 95 2 9
23 96 6 6
23 98 2 10
24 25 9 10
24 26 6 3
24 27 4 9
24 28 10 4
24 29 2 7
24 30 6 7
24 31 2 1
24 32 7 5
24 33 10 3
24 34 4 5
24 35 7 7
24 37 8 9
24 38 3 6
24 40 9 10
24 42 5 10
24 43 2 8
24 44 2 4
24 46 6 2
24 47 7 7
24 48 9 9
24 49 2 1
24 50 4 7
24 51 6 6
24 52 9 7
24 53 2 1
24 55 7 3
24 56 2 4
24 57 3 3
24 59 1 10
24 60 2 9
24 61 10 6
24 62 10 7
24 64 5 1
24 65 3 4
24 66 7 1
24 67 6 1
24 68 10 5
24 69 1 2
24 70 9 6
24 71 6 9
24 72 9 3
24 73 10 5
24 74 2 9
24 75 3 8
24 76 2 7
24 77 1 2
24 78 7 4
24 79 7 5
24 80 10 5
24 81 7 6
24 82 8 5
24 83 5 6
24 84 1 7
24 85 3 6
24 86 5 8
24 87 2 5
24 88 4 4
24 89 4 2
24 90 8 4
24 91 10 1
24 92 4 4
24 93 5 6
24 95 5 8
24 96 1 5
24 97 4 9
24 98 3 3
24 99 5 4
24 100 4 2
25 26 2 10
25 28 2 3
25 29 3 7
25 30 10 6
25 31 9 9
25 33 9 2
25 36 7 2
25 39 8 4
25 40 6 5
25 41 8 7
25 42 9 6
25 43 3 8
25 44 2 3
25 45 3 5
25 46 1 8
25 47 4 4
25 48 10 9
25 49 3 7
25 51 9 3
25 52 6 9
25 53 5 1
25 54 7 3
25 55 9 5
25 56 10 2
25 58 4 4
25 59 7 8
25 60 6 9
25 61 10 4
25 62 5 5
25 63 9 3
25 65 1 6
25 67 5 10
25 68 2 3
25 69 1 6
25 70 2 7
25 71 9 4
25 72 7 8
25 73 10 10
25 74 9 10
25 75 3 2
25 76 5 7
25 77 7 2
25 78 5 8
25 80 10 2
25 84 8 7
25 86 5 10
25 87 4 4
25 88 9 2
25 90 2 7
25 92 10 4
25 93 1 1
25 94 3 8
25 96 1 3
25 97 4 3
25 98 7 4
25 99 2 9
26 27 5 6
26 29 10 4
26 31 9 10
26 32 3 6
26 33 10 6
26 36 6 1
26 37 1 5
26 38 5 1
26 39 10 5
26 40 9 6
26 42 5 2
26 43 1 8
26 45 6 5
26 47 3 9
26 48 6 2
26 49 6 6
26 50 1 6
26 51 9 7
26 52 3 5
26 53 10 8
26 54 7 4
26 56 5 10
26 57 9 6
26 58 5 8
26 60 8 6
26 61 2 6
26 62 4 2
26 63 4 8
26 64 10 2
26 65 8 1
26 67 3 6
26 68 9 10
26 69 6 2
26 70 10 3
26 71 8 10
26 72 5 9
26 74 5 2
26 75 3 9
26 76 2 8
26 77 1 7
26 78 5 10
26 79 3 1
26 80 7 5
26 81 6 8
26 83 3 2
26 84 5 6
26 85 2 1
26 87 8 7
26 88 3 10
26 90 10 10
26 91 6 1
26 92 10 7
26 93 4 8
26 94 4 10
26 95 7 5
26 96 9 6
26 97 8 1
26 98 3 3
26 99 2 5
26 100 1 3
27 28 1 9
27 29 7 9
27 30 7 4
27 31 10 4
27 32 4 9
27 33 5 1
27 34 8 6
27 37 3 7
27 38 8 2
27 40 6 3
27 41 4 1
27 42 7 3
27 44 4 8
27 45 6 7
27 46 6 5
27 47 6 7
27 49 1 3
27 51 4 6
27 52 6 6
27 53 6 9
27 54 5 9
27 55 3 6
27 57 4 10
27 58 4 3
27 59 1 8
27 60 7 10
27 61 10 10
27 62 6 8
27 63 5 7
27 64 9 3
27 65 4 7
27 66 7 4
27 68 7 6
27 69 10 8
27 70 5 1
27 71 6 2
27 72 5 5
27 73 7 9
27 74 10 2
27 75 5 9
27 76 7 7
27 79 8 9
27 82 2 9
27 83 4 8
27 84 1 8
27 85 4 5
27 86 1 8
27 87 5 8
27 88 9 6
27 89 6 4
27 90 4 10
27 91 5 2
27 92 5 4
27 93 2 4
27 96 5 2
27 97 2 9
27 99 4 6
27 100 1 3
28 29 10 6
28 30 7 10
28 31 7 5
28 34 6 6
28 35 4 5
28 36 1 5
28 38 1 8
28 39 5 9
28 40 5 2
28 41 6 7
28 42 3 9
28 43 10 6
28 44 7 2
28 45 10 9
28 46 1 2
28 47 10 4
28 48 8 3
28 49 6 9
28 51 2 10
28 52 10 4
28 53 2 10
28 54 1 10
28 55 9 8
28 56 4 10
28 58 10 6
28 59 8 7
28 60 9 4
28 62 2 9
28 63 3 5
28 65 5 2
28 66 2 10
28 67 4 6
28 69 5 9
28 70 2 2
28 71 1 1
28 72 1 3
28 73 6 1
28 75 3 7
28 77 8 9
28 78 1 9
28 79 2 10
28 80 5 6
28 81 2 7
28 82 7 1
28 83 6 2
28 84 6 9
28 85 8 2
28 86 4 10
28 87 1 4
28 88 6 6
28 89 4 9
28 91 10 5
28 92 3 9
28 93 4 2
28 94 6 4
28 96 10 3
28 97 3 3
28 98 9 1
28 99 4 1
28 100 9 6
29 31 10 2
29 32 9 1
29 33 4 4
29 34 3 6
29 35 7 7
29 36 1 10
29 37 6 1
29 38 4 4
29 39 10 3
29 41 2 1
29 42 3 2
29 43 4 3
29 44 3 8
29 45 9 10
29 46 1 10
29 48 4 8
29 50 9 2
29 51 7 9
29 52 8 3
29 54 6 8
29 55 1 10
29 56 9 2
29 57 4 3
29 58 7 7
29 59 4 3
29 60 6 5
29 61 3 9
29 63 6 5
29 64 2 4
29 66 3 4
29 68 8 5
29 69 6 4
29 70 8 5
29 71 6 8
29 72 10 6
29 74 10 7
29 75 5 6
29 77 1 7
29 78 2 10
29 80 3 4
29 82 7 10
29 84 2 4
29 85 9 10
29 87 2 6
29 88 8 4
29 89 2 9
29 90 7 10
29 91 9 4
29 92 3 6
29 93 9 2
29 94 5 7
29 95 9 6
29 96 7 8
29 97 5 4
29 98 9 4
29 99 5 10
30 31 2 3
30 32 9 3
30 33 6 8
30 34 7 2
30 35 1 9
30 36 7 3
30 38 7 5
30 39 7 1
30 40 1 5
30 44 2 4
30 45 4 6
30 47 8 1
30 48 1 3
30 50 6 1
30 51 4 10
30 52 8 5
30 53 2 7
30 55 2 8
30 56 4 1
30 57 1 4
30 58 7 7
30 59 10 4
30 61 9 4
30 62 2 2
30 63 9 5
30 64 7 1
30 65 6 8
30 66 3 7
30 67 5 10
30 68 4 9
30 69 5 8
30 70 1 1
30 71 2 10
30 72 4 10
30 73 10 8
30 74 1 6
30 75 10 2
30 76 8 7
30 77 4 2
30 78 9 2
30 79 3 10
30 81 9 2
30 82 2 4
30 84 9 2
30 85 7 1
30 86 1 2
30 87 5 4
30 88 8 1
30 89 4 6
30 90 5 9
30 91 1 8
30 92 7 4
30 93 6 9
30 94 10 2
30 96 7 9
30 97 8 6
30 100 4 8
31 32 8 5
31 33 8 2
31 34 8 5
31 36 5 1
31 37 6 5
31 38 9 8
31 39 10 6
31 42 5 5
31 43 10 10
31 44 9 4
31 45 2 4
31 46 8 9
31 47 6 10
31 48 1 10
31 49 6 1
31 50 10 10
31 51 6 3
31 52 6 7
31 53 7 5
31 55 7 7
31 56 10 1
31 57 4 8
31 58 4 7
31 59 9 10
31 60 7 9
31 61 5 9
31 62 7 1
31 63 8 9
31 64 6 5
31 65 2 6
31 68 7 4
31 69 3 10
31 70 7 10
31 71 4 8
31 72 6 5
31 73 5 10
31 75 4 6
31 77 1 7
31 79 4 2
31 80 7 2
31 81 4 7
31 82 7 6
31 83 6 5
31 84 5 10
31 86 8 7
31 87 8 3
31 88 6 3
31 89 9 6
31 90 3 5
31 91 5 8
31 93 3 3
31 94 5 7
31 95 8 3
31 96 3 9
31 98 5 1
31 99 1 8
31 100 10 8
32 33 7 2
32 35 4 10
32 36 9 4
32 38 6 6
32 41 3 6
32 43 8 6
32 44 8 4
32 46 7 2
32 47 10 3
32 48 3 2
32 49 2 6
32 50 10 7
32 52 3 9
32 54 6 2
32 56 3 6
32 57 2 8
32 59 4 3
32 60 4 5
32 61 6 8
32 62 4 3
32 63 5 4
32 64 7 7
32 67 3 3
32 68 10 4
32 69 1 1
32 72 5 2
32 75 5 5
32 77 2 3
32 78 10 8
32 79 1 8
32 80 4 2
32 81 3 10
32 82 5 2
32 83 9 10
32 84 6 3
32 85 4 2
32 86 4 5
32 87 2 3
32 88 10 5
32 90 2 6
32 91 8 10
32 92 9 5
32 93 5 8
32 94 1 1
32 95 9 2
32 96 6 6
32 99 8 4
33 34 1 1
33 35 5 10
33 36 2 3
33 37 4 7
33 38 2 1
33 39 1 2
33 40 9 6
33 41 1 10
33 42 7 7
33 43 5 7
33 46 1 3
33 48 5 9
33 49 8 9
33 52 1 7
33 53 6 2
33 54 3 5
33 56 3 10
33 58 2 5
33 60 9 6
33 61 3 6
33 62 8 3
33 63 6 7
33 64 8 10
33 65 6 2
33 66 4 9
33 67 1 10
33 70 9 3
33 71 3 3
33 72 9 2
33 73 9 5
33 74 1 8
33 75 1 2
33 76 8 5
33 77 10 7
33 78 1 6
33 79 3 4
33 80 6 5
33 81 10 1
33 82 8 9
33 83 10 2
33 87 9 9
33 91 5 2
33 92 8 5
33 95 2 7
33 96 2 4
33 97 10 5
33 99 8 9
33 100 7 2
34 35 2 10
34 36 9 1
34 37 6 9
34 38 6 7
34 39 1 8
34 41 4 8
34 43 2 9
34 44 5 6
34 45 1 3
34 46 6 1
34 47 5 6
34 48 2 9
34 49 7 4
34 50 2 3
34 51 6 10
34 53 9 7
34 54 3 1
34 56 8 7
34 57 1 8
34 58 6 4
34 59 10 1
34 61 3 5
34 62 3 6
34 63 10 5
34 64 7 3
34 65 1 2
34 67 8 6
34 70 4 1
34 71 9 1
34 72 4 4
34 74 2 5
34 75 2 8
34 76 10 10
34 77 4 9
34 79 3 6
34 80 3 5
34 81 8 3
34 82 3 4
34 83 8 1
34 84 9 7
34 85 1 9
34 87 7 8
34 88 6 1
34 89 4 5
34 90 7 9
34 91 4 8
34 92 10 3
34 93 3 1
34 94 9 5
34 95 6 6
34 96 2 3
34 97 4 9
34 98 3 8
34 100 4 8
35 36 10 8
35 37 7 10
35 38 7 5
35 39 10 4
35 40 10 2
35 41 8 1
35 42 1 6
35 44 7 8
35 45 7 9
35 46 6 9
35 47 4 8
35 48 4 1
35 49 6 1
35 50 2 3
35 51 1 1
35 53 1 6
35 54 5 7
35 55 3 2
35 56 2 2
35 57 6 3
35 59 6 4
35 60 8 5
35 61 6 3
35 62 6 7
35 63 5 9
35 64 10 10
35 65 4 10
35 66 2 9
35 67 1 1
35 69 10 10
35 71 7 9
35 72 10 8
35 73 5 9
35 74 7 7
35 76 9 2
35 78 5 4
35 79 8 3
35 80 2 7
35 81 7 5
35 83 1 2
35 84 9 6
35 85 10 10
35 86 6 1
35 87 3 5
35 88 9 3
35 89 8 4
35 90 9 2
35 91 8 1
35 92 2 4
35 93 7 9
35 94 3 8
35 95 6 1
35 96 7 4
35 97 3 1
35 98 3 9
35 99 1 2
36 38 7 2
36 39 10 6
36 40 2 7
36 41 8 6
36 42 10 8
36 43 8 1
36 44 10 6
36 45 1 10
36 46 9 2
36 47 1 6
36 49 2 9
36 50 8 10
36 51 2 6
36 52 8 10
36 53 5 1
36 54 4 9
36 55 1 8
36 56 7 2
36 57 5 3
36 58 2 1
36 60 7 3
36 61 4 5
36 65 2 9
36 66 4 1
36 67 8 4
36 68 3 4
36 71 8 5
36 72 3 1
36 73 6 4
36 75 7 6
36 76 8 2
36 77 7 1
36 78 10 1
36 79 1 10
36 81 8 3
36 82 4 4
36 83 6 10
36 84 9 6
36 85 9 8
36 86 3 5
36 87 1 9
36 88 5 3
36 89 4 2
36 90 5 2
36 91 7 5
36 92 7 7
36 93 1 1
36 94 4 2
36 96 7 2
36 97 4 8
36 98 2 8
36 99 9 6
36 100 9 3
37 38 5 10
37 40 9 7
37 43 10 6
37 44 5 4
37 48 3 2
37 49 5 6
37 50 10 5
37 51 3 7
37 52 8 6
37 53 9 7
37 54 4 10
37 55 1 3
37 56 10 6
37 57 7 10
37 58 3 4
37 60 6 7
37 62 3 5
37 63 8 8
37 64 3 7
37 67 6 7
37 69 10 4
37 70 1 6
37 71 8 2
37 73 3 6
37 75 1 3
37 76 10 2
37 77 4 4
37 78 6 2
37 79 9 5
37 80 10 8
37 82 6 4
37 86 2 2
37 88 1 2
37 89 10 8
37 90 2 6
37 91 4 2
37 92 3 1
37 93 10 2
37 94 8 9
37 95 6 3
37 96 9 6
37 97 4 10
37 98 10 4
37 99 10 2
37 100 2 7
38 39 5 6
38 40 1 9
38 41 1 2
38 42 4 3
38 43 3 7
38 46 6 6
38 47 5 4
38 48 10 4
38 49 5 6
38 51 3 3
38 52 10 10
38 53 3 2
38 56 8 1
38 57 10 5
38 58 8 3
38 59 10 7
38 60 2 2
38 61 3 4
38 62 4 6
38 63 8 5
38 64 3 3
38 65 7 7
38 66 6 8
38 67 2 4
38 68 10 7
38 69 3 3
38 70 3 1
38 71 3 5
38 72 1 4
38 74 9 5
38 75 10 7
38 76 6 7
38 77 7 6
38 78 8 1
38 79 1 6
38 80 3 3
38 81 7 10
38 82 6 7
38 83 1 5
38 84 9 10
38 85 10 8
38 86 3 7
38 87 5 7
38 88 4 10
38 90 9 9
38 91 9 10
38 94 1 3
38 95 2 4
38 96 3 5
38 97 5 5
38 98 8 1
38 100 3 4
39 40 4 9
39 41 8 7
39 43 1 7
39 46 5 3
39 47 1 1
39 48 10 3
39 49 10 5
39 50 10 6
39 52 7 7
39 53 2 9
39 54 2 4
39 55 9 3
39 56 10 7
39 57 4 6
39 58 10 1
39 59 1 7
39 61 3 6
39 63 2 4
39 65 1 5
39 66 5 2
39 67 6 9
39 68 9 6
39 70 3 3
39 71 2 10
39 72 7 4
39 74 8 1
39 75 9 8
39 76 4 9
39 77 7 9
39 78 5 2
39 79 7 3
39 82 4 5
39 86 7 4
39 87 10 1
39 88 3 7
39 89 10 1
39 90 5 7
39 92 1 1
39 93 5 7
39 94 1 4
39 96 2 10
39 98 3 3
39 100 9 3
40 42 2 9
40 43 1 10
40 45 5 10
40 46 2 7
40 47 10 6
40 48 5 9
40 50 6 4
40 51 9 7
40 54 2 4
40 55 8 1
40 56 6 5
40 57 8 6
40 58 3 6
40 59 1 2
40 62 9 1
40 63 8 10
40 65 2 9
40 67 6 8
40 68 3 8
40 69 8 2
40 70 5 8
40 71 8 9
40 72 2 3
40 73 2 3
40 75 7 5
40 77 10 10
40 78 9 1
40 79 4 7
40 80 4 8
40 81 6 4
40 83 7 9
40 84 2 7
40 85 3 3
40 86 10 2
40 87 6 6
40 88 9 8
40 89 8 5
40 90 5 7
40 92 5 2
40 94 7 2
40 96 7 10
40 97 1 1
40 98 10 7
40 99 9 7
41 43 2 5
41 44 2 4
41 45 5 6
41 46 3 1
41 47 4 2
41 48 6 10
41 50 9 5
41 51 6 5
41 52 10 1
41 53 4 3
41 54 9 2
41 55 4 4
41 56 3 8
41 58 4 8
41 59 3 3
41 60 5 3
41 61 10 8
41 63 1 1
41 64 4 9
41 66 6 10
41 67 2 1
41 68 8 6
41 69 4 7
41 71 6 1
41 72 4 4
41 74 10 2
41 75 1 3
41 76 8 2
41 77 2 4
41 78 4 7
41 79 5 1
41 80 10 6
41 81 4 7
41 82 1 3
41 83 4 5
41 84 2 7
41 85 7 9
41 86 4 5
41 87 7 4
41 88 4 5
41 89 6 8
41 91 1 3
41 93 4 8
41 94 8 6
41 95 10 3
41 96 4 6
41 97 9 10
41 99 8 7
41 100 4 10
42 43 1 1
42 44 8 9
42 45 8 9
42 47 9 6
42 48 3 6
42 49 7 1
42 50 10 9
42 51 2 7
42 52 1 6
42 54 4 1
42 55 1 10
42 56 7 4
42 57 2 8
42 58 9 10
42 59 6 2
42 60 5 3
42 61 4 6
42 62 10 7
42 63 3 3
42 64 1 5
42 66 6 10
42 67 8 4
42 68 2 5
42 71 2 2
42 73 6 8
42 74 8 5
42 75 2 5
42 76 1 4
42 78 3 1
42 80 8 7
42 82 10 4
42 83 10 7
42 85 4 9
42 87 9 5
42 88 1 5
42 90 10 2
42 92 9 8
42 96 5 5
42 97 10 8
42 98 2 1
42 99 1 5
42 100 3 4
43 44 9 7
43 45 8 4
43 46 7 3
43 47 4 8
43 48 7 5
43 50 3 1
43 51 8 10
43 53 1 1
43 56 6 5
43 57 10 8
43 58 3 1
43 59 1 3
43 60 6 4
43 61 10 7
43 62 6 8
43 63 4 9
43 64 3 9
43 66 5 1
43 67 1 1
43 68 5 1
43 72 1 5
43 73 1 1
43 74 10 8
43 75 2 9
43 76 9 10
43 77 7 7
43 78 10 9
43 80 3 6
43 81 9 4
43 82 2 6
43 83 6 10
43 84 1 2
43 85 10 8
43 86 4 6
43 87 8 9
43 88 2 10
43 90 3 10
43 91 2 3
43 92 2 7
43 93 7 4
43 94 3 3
43 96 4 7
43 97 3 8
43 98 6 10
43 99 10 10
44 45 6 7
44 46 8 9
44 47 1 5
44 49 4 6
44 50 1 5
44 51 1 4
44 52 7 10
44 53 3 6
44 55 9 7
44 56 4 7
44 57 5 2
44 58 10 5
44 59 2 8
44 60 2 6
44 61 1 3
44 62 6 3
44 63 2 5
44 65 8 9
44 66 1 9
44 67 1 4
44 68 2 9
44 69 3 2
44 70 2 6
44 72 6 9
44 73 1 7
44 74 6 9
44 75 1 6
44 76 10 8
44 77 8 9
44 78 2 2
44 79 4 6
44 81 4 3
44 82 7 3
44 85 7 8
44 86 1 2
44 87 4 10
44 88 4 5
44 89 10 5
44 90 9 2
44 91 2 2
44 92 6 6
44 93 9 2
44 94 4 2
44 95 1 5
44 96 1 10
44 97 5 3
44 99 5 2
44 100 10 9
45 47 2 1
45 48 6 4
45 49 3 3
45 51 1 6
45 52 10 7
45 53 10 9
45 55 2 3
45 56 8 10
45 57 2 2
45 58 6 10
45 59 4 10
45 61 2 6
45 63 3 5
45 64 4 10
45 66 3 8
45 67 4 7
45 68 2 4
45 69 4 4
45 71 8 8
45 72 10 7
45 73 8 5
45 74 6 5
45 75 2 2
45 76 5 10
45 77 6 2
45 78 9 9
45 79 6 10
45 81 8 8
45 82 3 2
45 83 2 7
45 84 1 10
45 85 8 6
45 86 5 7
45 87 8 9
45 88 2 6
45 89 7 4
45 90 6 8
45 91 6 9
45 92 9 10
45 93 3 8
45 95 6 6
45 96 10 10
45 97 9 8
45 98 6 4
45 100 3 10
46 48 7 9
46 49 4 10
46 50 7 3
46 51 8 6
46 52 5 10
46 53 5 9
46 54 2 3
46 55 1 9
46 56 8 8
46 59 2 9
46 60 10 10
46 61 8 5
46 62 10 5
46 64 7 2
46 65 9 2
46 66 8 2
46 67 1 1
46 68 5 1
46 69 4 4
46 70 5 2
46 71 10 2
46 73 6 7
46 74 5 7
46 75 7 6
46 76 6 10
46 77 10 4
46 78 8 8
46 79 3 4
46 80 9 5
46 81 4 8
46 82 4 10
46 83 5 8
46 85 8 5
46 86 2 9
46 87 8 7
46 88 2 7
46 89 3 10
46 91 8 4
46 95 1 4
46 97 9 5
46 98 7 3
46 100 3 1
47 49 4 1
47 50 9 9
47 51 8 4
47 53 7 9
47 54 8 3
47 55 9 8
47 56 2 5
47 57 2 7
47 59 10 5
47 60 6 8
47 61 8 7
47 62 8 5
47 63 9 5
47 64 8 2
47 65 9 4
47 67 1 3
47 68 6 6
47 69 2 6
47 70 9 8
47 71 2 4
47 72 10 2
47 73 2 9
47 74 7 3
47 75 5 4
47 76 7 6
47 78 3 7
47 80 1 9
47 81 1 2
47 82 5 2
47 83 6 5
47 84 5 10
47 85 2 8
47 87 1 2
47 88 4 9
47 90 6 2
47 92 2 6
47 93 5 6
47 94 10 9
47 95 8 9
47 96 3 7
47 97 10 8
47 98 6 10
47 99 8 6
47 100 2 7
48 49 3 10
48 50 8 3
48 52 9 3
48 53 9 9
48 54 10 6
48 55 1 1
48 56 5 5
48 57 4 8
48 58 1 9
48 59 3 6
48 60 5 7
48 61 8 3
48 62 9 1
48 63 5 3
48 64 2 5
48 65 8 5
48 66 4 5
48 67 2 4
48 68 10 8
48 70 6 1
48 71 9 1
48 72 7 10
48 73 7 10
48 74 1 4
48 75 5 6
48 76 6 5
48 77 1 2
48 78 5 9
48 79 10 4
48 80 6 4
48 82 6 8
48 84 6 9
48 86 10 6
48 88 4 3
48 89 3 9
48 90 4 3
48 91 9 1
48 92 3 9
48 94 8 1
48 95 1 3
48 96 9 10
48 98 9 5
48 99 2 7
48 100 9 5
49 50 2 1
49 51 8 1
49 52 7 3
49 53 10 10
49 54 2 8
49 55 1 1
49 56 1 8
49 57 7 2
49 59 1 6
49 60 7 5
49 61 10 10
49 62 10 2
49 63 4 8
49 64 1 7
49 65 2 4
49 66 10 5
49 67 2 10
49 68 3 2
49 69 8 10
49 70 8 3
49 72 9 7
49 73 6 2
49 74 10 2
49 75 2 1
49 76 1 6
49 77 5 7
49 78 8 9
49 79 2 1
49 81 6 8
49 82 6 6
49 83 9 8
49 84 10 10
49 85 9 5
49 86 10 10
49 87 7 1
49 89 1 3
49 90 1 5
49 93 6 4
49 95 5 5
49 96 3 8
49 97 5 6
49 98 8 1
49 99 8 7
49 100 1 3
50 51 6 7
50 52 2 6
50 53 2 7
50 54 7 7
50 55 10 5
50 57 2 3
50 58 6 1
50 59 9 10
50 60 1 5
50 61 8 3
50 62 2 4
50 63 9 7
50 64 5 5
50 66 2 9
50 67 7 7
50 68 5 10
50 69 4 1
50 70 1 9
50 71 4 6
50 72 6 1
50 73 4 6
50 76 5 6
50 77 9 3
50 78 6 8
50 79 3 2
50 80 5 3
50 81 4 6
50 82 1 7
50 83 10 3
50 84 1 2
50 85 3 3
50 86 10 4
50 87 2 7
50 89 8 1
50 90 1 5
50 91 8 9
50 92 1 2
50 93 3 5
50 94 9 6
50 95 7 4
50 96 10 10
50 98 3 7
50 99 9 7
50 100 7 6
51 52 6 2
51 53 7 1
51 54 8 5
51 55 4 9
51 57 10 10
51 58 1 3
51 59 10 7
51 60 6 6
51 61 10 5
51 62 10 8
51 64 8 5
51 65 4 4
51 66 3 5
51 67 10 2
51 69 8 5
51 70 6 10
51 71 6 8
51 74 5 10
51 75 4 5
51 76 6 2
51 77 6 1
51 78 10 5
51 80 1 9
51 81 9 4
51 82 6 10
51 83 2 6
51 84 10 8
51 85 6 1
51 86 7 7
51 87 6 4
51 88 8 4
51 89 3 6
51 90 6 4
51 91 6 6
51 92 5 3
51 93 8 8
51 94 4 4
51 95 10 6
51 96 6 5
51 97 10 4
51 99 2 3
51 100 1 9
52 54 10 1
52 55 3 2
52 56 5 5
52 57 9 2
52 58 7 2
52 61 7 8
52 62 8 2
52 63 2 2
52 64 3 4
52 66 5 5
52 67 5 10
52 70 2 5
52 71 7 10
52 72 9 3
52 73 2 4
52 75 7 4
52 77 4 8
52 80 8 6
52 81 9 9
52 82 5 5
52 83 5 9
52 84 5 10
52 85 10 1
52 86 5 8
52 87 8 10
52 88 5 3
52 89 4 7
52 90 9 3
52 91 5 2
52 92 3 2
52 94 5 10
52 96 2 6
52 97 2 3
52 98 6 5
52 99 8 8
52 100 4 3
53 54 1 7
53 55 10 8
53 56 9 7
53 57 5 10
53 58 4 1
53 59 7 10
53 60 3 8
53 61 8 9
53 62 4 6
53 63 4 10
53 64 5 1
53 65 10 8
53 66 8 9
53 67 6 10
53 68 3 8
53 69 3 1
53 70 8 4
53 72 10 10
53 73 7 10
53 74 10 8
53 75 2 6
53 76 1 9
53 77 2 8
53 78 1 6
53 79 4 2
53 81 4 2
53 82 3 9
53 83 5 6
53 84 3 6
53 85 5 3
53 86 10 6
53 87 3 3
53 88 5 3
53 91 8 7
53 92 1 7
53 93 5 2
53 94 8 5
53 95 8 5
53 96 7 2
53 97 8 2
53 98 1 2
53 100 9 4
54 55 6 10
54 56 9 4
54 57 9 9
54 58 1 3
54 60 9 2
54 61 8 7
54 62 9 9
54 64 10 9
54 65 10 2
54 66 9 7
54 67 9 10
54 68 1 8
54 70 3 10
54 71 7 2
54 73 10 6
54 74 8 2
54 75 5 4
54 77 8 10
54 79 4 10
54 80 10 4
54 81 2 9
54 83 1 5
54 84 1 6
54 85 7 7
54 87 9 9
54 88 5 7
54 90 6 7
54 92 6 2
54 94 7 5
54 99 3 4
54 100 2 1
55 56 5 4
55 57 9 1
55 58 4 1
55 59 10 5
55 60 10 8
55 61 9 7
55 64 2 9
55 65 6 10
55 66 7 9
55 67 10 10
55 68 8 7
55 69 2 9
55 70 8 1
55 71 3 7
55 72 6 3
55 73 6 10
55 74 3 7
55 75 8 8
55 76 7 9
55 77 2 2
55 78 5 4
55 79 4 8
55 80 8 1
55 81 6 5
55 82 2 8
55 83 3 9
55 86 10 4
55 87 4 7
55 89 8 3
55 90 7 4
55 91 4 9
55 92 6 6
55 93 8 9
55 94 2 6
55 95 7 1
55 97 8 8
55 98 10 6
55 99 7 6
55 100 6 8
56 57 9 8
56 58 10 7
56 60 9 1
56 61 2 10
56 62 8 10
56 64 10 7
56 65 7 1
56 66 6 10
56 67 7 7
56 68 9 3
56 69 10 7
56 70 3 3
56 72 6 6
56 73 8 2
56 74 5 1
56 75 8 10
56 76 3 8
56 77 8 7
56 78 1 4
56 79 6 7
56 80 6 1
56 81 7 5
56 82 1 1
56 83 2 4
56 86 2 10
56 87 8 9
56 89 10 1
56 90 10 4
56 91 8 1
56 92 1 8
56 93 3 5
56 94 8 5
56 96 8 2
56 97 2 7
56 98 4 4
56 99 6 3
56 100 9 9
57 59 6 1
57 61 10 5
57 62 6 4
57 63 10 8
57 64 10 4
57 65 9 2
57 66 2 9
57 67 9 7
57 70 6 3
57 71 3 1
57 72 2 9
57 74 4 8
57 76 6 1
57 79 4 5
57 81 3 6
57 84 4 8
57 85 4 5
57 86 9 2
57 87 10 8
57 89 10 4
57 90 10 1
57 91 4 6
57 92 6 8
57 93 6 3
57 95 1 7
57 96 5 2
57 99 10 4
57 100 4 3
58 59 9 5
58 60 4 4
58 61 7 4
58 62 5 3
58 64 6 6
58 65 1 5
58 66 6 10
58 67 8 1
58 68 10 1
58 69 9 1
58 70 7 8
58 72 2 7
58 73 8 9
58 75 2 5
58 76 6 2
58 77 4 2
58 78 3 10
58 79 3 2
58 80 6 4
58 81 9 9
58 82 9 10
58 83 2 5
58 84 7 2
58 85 6 5
58 86 3 9
58 88 10 10
58 89 5 3
58 93 1 9
58 94 1 3
58 96 5 3
58 97 6 5
58 98 5 3
58 99 6 2
58 100 8 5
59 60 2 6
59 61 7 2
59 62 8 2
59 63 1 7
59 64 4 6
59 65 6 6
59 66 10 4
59 68 6 4
59 71 10 6
59 72 3 6
59 73 8 1
59 75 8 6
59 76 1 3
59 77 6 1
59 78 2 1
59 80 10 7
59 81 2 2
59 82 8 8
59 84 7 5
59 85 8 7
59 86 3 1
59 87 5 9
59 88 6 3
59 89 1 6
59 90 7 5
59 91 6 4
59 92 2 9
59 94 9 8
59 95 1 6
59 96 2 9
59 98 10 5
59 99 5 3
59 100 8 1
60 62 1 7
60 63 9 4
60 64 5 3
60 65 4 10
60 66 1 9
60 67 8 7
60 68 4 2
60 69 10 8
60 70 3 4
60 71 1 4
60 72 10 1
60 73 7 7
60 75 6 10
60 76 10 3
60 77 3 8
60 78 2 1
60 80 6 10
60 81 4 2
60 83 6 1
60 84 7 2
60 85 4 6
60 86 9 10
60 88 5 4
60 89 3 6
60 90 8 9
60 91 1 4
60 92 5 7
60 94 2 8
60 95 9 1
60 96 3 5
60 97 3 5
60 98 10 6
60 100 10 6
61 62 7 10
61 63 10 2
61 65 3 6
61 66 1 7
61 67 8 9
61 68 4 6
61 70 5 4
61 71 2 5
61 72 9 8
61 73 10 3
61 77 6 3
61 78 3 6
61 79 8 2
61 80 3 3
61 81 9 8
61 82 6 6
61 83 3 7
61 84 10 3
61 85 4 3
61 86 6 7
61 87 1 1
61 88 9 1
61 89 1 5
61 90 5 4
61 92 8 8
61 93 6 6
61 94 4 4
61 95 5 2
61 96 5 2
61 97 6 7
61 99 2 6
61 100 6 2
62 63 3 2
62 64 7 4
62 65 1 5
62 66 4 3
62 67 9 8
62 68 10 2
62 69 6 7
62 70 6 10
62 71 9 1
62 72 8 2
62 73 7 6
62 74 8 9
62 75 9 8
62 76 4 3
62 77 4 6
62 78 6 8
62 79 2 8
62 80 1 10
62 81 8 10
62 82 2 8
62 84 4 2
62 85 1 10
62 87 8 1
62 88 2 6
62 90 6 9
62 91 9 6
62 92 1 2
62 93 10 10
62 94 5 4
62 95 8 8
62 96 5 3
62 98 1 7
62 99 1 1
63 64 8 9
63 65 1 2
63 66 7 1
63 67 6 7
63 69 2 2
63 70 3 3
63 71 4 6
63 72 3 2
63 73 6 1
63 74 2 1
63 75 3 5
63 76 6 5
63 77 7 9
63 78 2 8
63 80 8 8
63 81 1 2
63 82 7 7
63 84 8 3
63 85 7 4
63 86 1 2
63 88 6 3
63 89 3 10
63 90 7 8
63 91 8 9
63 93 3 10
63 94 6 1
63 95 10 3
63 98 6 4
63 100 3 3
64 65 10 3
64 67 9 5
64 69 8 3
64 70 3 3
64 71 2 2
64 72 9 4
64 74 1 8
64 75 7 5
64 76 10 9
64 77 2 7
64 78 3 9
64 79 4 3
64 80 8 7
64 81 5 10
64 83 8 9
64 84 7 4
64 85 9 8
64 86 5 8
64 87 10 10
64 88 4 8
64 89 8 1
64 90 5 2
64 91 10 3
64 92 8 5
64 93 7 8
64 94 4 6
64 96 6 8
64 97 9 3
64 99 4 10
64 100 6 9
65 66 3 2
65 67 9 10
65 68 4 3
65 69 10 8
65 70 1 6
65 71 10 7
65 72 8 6
65 73 6 3
65 75 1 8
65 76 5 3
65 77 1 5
65 78 8 2
65 80 6 5
65 81 5 1
65 82 5 7
65 83 5 10
65 85 1 7
65 87 8 2
65 88 5 2
65 89 8 9
65 90 4 8
65 91 7 5
65 92 7 7
65 93 4 4
65 94 1 5
65 96 2 3
65 97 4 8
65 98 2 4
65 99 7 9
66 67 3 3
66 68 10 3
66 69 10 5
66 70 3 3
66 71 9 8
66 74 10 3
66 76 7 1
66 77 6 1
66 78 8 8
66 79 8 1
66 80 5 1
66 81 1 2
66 84 2 6
66 86 4 4
66 87 6 7
66 88 2 3
66 89 4 3
66 91 5 7
66 92 10 2
66 93 7 7
66 94 3 1
66 95 9 2
66 96 10 10
66 97 5 6
66 98 9 7
66 99 2 10
66 100 6 10
67 68 4 6
67 69 5 4
67 70 8 9
67 71 1 5
67 74 4 9
67 76 10 1
67 77 8 7
67 78 10 1
67 79 8 9
67 80 6 10
67 81 6 1
67 82 10 2
67 83 4 8
67 84 2 3
67 85 7 8
67 86 2 1
67 87 9 5
67 88 8 8
67 89 8 7
67 90 10 9
67 91 9 3
67 92 5 10
67 93 8 7
67 95 10 3
67 96 10 3
67 97 4 9
67 98 4 2
67 99 8 2
67 100 8 9
68 70 6 3
68 72 10 2
68 73 3 5
68 74 3 8
68 77 6 2
68 78 3 6
68 79 2 10
68 81 3 10
68 83 7 4
68 84 4 6
68 85 7 2
68 87 10 3
68 88 9 2
68 89 10 7
68 90 6 8
68 91 8 4
68 92 6 4
68 93 1 6
68 94 3 5
68 95 2 9
68 96 5 4
68 97 10 10
68 98 2 9
68 99 1 2
68 100 2 9
69 71 5 10
69 72 9 10
69 73 10 6
69 74 3 9
69 75 1 6
69 76 1 6
69 77 4 5
69 78 7 9
69 79 1 6
69 80 8 5
69 81 9 6
69 82 10 4
69 84 10 6
69 85 6 3
69 86 1 6
69 87 1 4
69 88 7 7
69 91 7 7
69 92 2 8
69 95 8 7
69 96 4 4
69 98 10 4
69 99 1 6
69 100 4 8
70 72 9 8
70 73 1 6
70 74 9 1
70 75 6 2
70 76 3 2
70 77 7 4
70 78 3 9
70 79 1 4
70 80 2 4
70 81 3 2
70 82 9 7
70 83 7 8
70 84 4 3
70 85 8 7
70 86 10 4
70 87 6 3
70 88 3 3
70 89 7 10
70 90 5 5
70 92 6 1
70 93 5 3
70 95 8 1
70 97 7 8
70 98 10 8
70 99 7 2
70 100 10 2
71 73 1 9
71 74 2 3
71 77 9 10
71 78 4 2
71 79 9 1
71 80 8 9
71 81 2 4
71 82 9 10
71 83 3 1
71 84 2 10
71 85 1 5
71 86 6 9
71 87 4 9
71 88 2 2
71 89 10 4
71 90 2 5
71 91 5 1
71 92 5 4
71 93 8 4
71 94 2 3
71 95 3 3
71 96 7 9
71 97 8 6
71 99 1 5
71 100 5 2
72 73 7 2
72 74 6 4
72 75 5 9
72 76 8 4
72 78 2 5
72 79 9 9
72 80 10 8
72 81 6 10
72 82 1 3
72 84 3 5
72 85 8 8
72 86 3 10
72 88 3 5
72 89 7 7
72 90 4 9
72 91 9 1
72 92 2 1
72 93 6 5
72 94 5 2
72 95 5 6
72 96 10 7
72 97 1 9
72 98 10 2
72 99 2 1
72 100 9 9
73 74 5 9
73 75 7 3
73 76 8 9
73 77 3 8
73 79 1 8
73 80 1 5
73 81 10 3
73 82 7 8
73 83 4 3
73 84 8 2
73 85 9 10
73 86 10 9
73 87 3 5
73 88 5 4
73 89 2 5
73 90 8 4
73 91 9 2
73 92 6 4
73 93 5 2
73 94 1 2
73 95 8 10
73 97 3 10
73 100 1 7
74 75 1 8
74 76 8 7
74 79 3 9
74 80 1 5
74 81 9 9
74 83 3 9
74 85 5 2
74 89 4 8
74 90 7 6
74 91 5 9
74 92 3 8
74 94 3 6
74 95 9 6
74 96 5 9
74 97 8 1
74 98 10 9
74 99 1 3
74 100 4 3
75 77 5 2
75 79 1 8
75 80 1 8
75 81 6 2
75 84 2 8
75 85 3 7
75 87 2 8
75 88 5 4
75 89 3 7
75 90 1 10
75 91 5 7
75 92 3 4
75 93 10 1
75 94 5 9
75 95 9 9
75 96 8 9
75 97 8 10
75 98 6 8
75 100 4 1
76 77 8 5
76 78 5 4
76 79 7 4
76 81 9 4
76 82 4 4
76 83 7 4
76 84 9 8
76 85 1 6
76 86 2 7
76 87 10 6
76 88 10 5
76 89 4 4
76 90 3 9
76 91 6 6
76 92 5 5
76 93 2 8
76 94 3 10
76 95 3 6
76 96 9 3
76 98 3 4
76 99 10 10
77 78 6 4
77 79 9 4
77 81 1 3
77 82 6 1
77 83 6 9
77 84 1 3
77 85 3 10
77 86 6 1
77 87 2 8
77 89 5 2
77 90 8 2
77 91 9 1
77 93 8 2
77 94 9 2
77 96 3 10
77 97 9 7
77 98 7 8
77 99 10 8
77 100 2 6
78 79 9 4
78 80 9 2
78 82 6 5
78 83 4 2
78 85 4 1
78 86 10 3
78 87 1 10
78 88 6 3
78 89 9 2
78 92 10 8
78 93 6 2
78 96 6 1
78 98 8 8
78 100 10 7
79 80 6 5
79 82 7 6
79 83 7 10
79 84 6 5
79 86 3 7
79 87 1 6
79 89 7 5
79 90 4 6
79 91 3 10
79 92 9 2
79 94 8 6
79 96 8 9
79 98 3 8
79 99 8 4
79 100 1 10
80 81 3 3
80 83 5 5
80 86 1 6
80 88 9 2
80 89 10 5
80 90 4 2
80 91 4 5
80 93 4 9
80 94 5 7
80 95 8 10
80 99 7 7
80 100 2 4
81 82 8 6
81 83 5 9
81 84 3 2
81 85 7 2
81 86 10 5
81 87 10 10
81 88 5 1
81 89 3 4
81 91 9 5
81 93 2 9
81 95 4 9
81 96 4 8
81 97 5 6
81 98 1 3
81 99 7 6
81 100 5 4
82 85 7 9
82 86 2 5
82 87 7 1
82 89 7 6
82 91 5 8
82 93 1 10
82 94 6 8
82 95 10 2
82 96 2 4
82 97 6 1
82 99 9 8
82 100 5 5
83 84 8 1
83 86 3 2
83 87 4 7
83 88 6 5
83 89 6 5
83 90 4 7
83 91 4 4
83 93 8 3
83 94 2 9
83 95 6 3
83 96 2 7
83 97 7 3
83 98 6 6
83 99 5 3
83 100 4 4
84 85 9 3
84 86 10 6
84 87 7 7
84 88 1 10
84 89 8 7
84 91 4 1
84 93 2 3
84 94 2 7
84 95 10 1
84 96 5 9
84 97 4 6
84 98 1 6
84 99 2 9
85 86 1 10
85 87 8 7
85 88 4 9
85 89 6 9
85 90 1 2
85 91 7 5
85 92 10 3
85 93 6 8
85 94 4 2
85 95 9 4
85 97 2 6
85 99 2 1
85 100 6 4
86 87 1 1
86 88 8 4
86 92 2 4
86 93 4 8
86 95 6 8
86 97 2 7
86 98 1 3
86 99 6 4
86 100 7 10
87 88 8 7
87 89 8 1
87 90 10 5
87 91 2 8
87 92 5 2
87 93 8 10
87 94 5 3
87 95 4 1
87 96 1 5
87 97 2 5
87 98 7 9
87 99 1 3
87 100 6 3
88 91 10 2
88 92 9 7
88 93 4 7
88 95 9 1
88 96 4 9
88 97 9 9
88 98 10 1
88 99 8 2
89 90 7 6
89 91 8 2
89 92 9 9
89 93 6 6
89 94 5 5
89 96 2 1
89 97 2 5
89 98 1 2
89 99 5 1
89 100 6 7
90 92 2 10
90 94 10 1
90 95 2 5
90 97 10 5
90 98 1 5
90 99 3 8
91 93 1 6
91 94 1 1
91 95 9 8
91 96 1 1
91 97 4 8
91 98 6 1
91 99 9 9
91 100 2 7
92 93 4 10
92 94 9 5
92 95 10 6
92 96 1 6
92 98 2 9
92 99 1 8
92 100 10 9
93 94 5 6
93 95 8 6
93 96 5 6
93 97 5 8
93 98 7 4
93 99 8 1
93 100 3 6
94 95 3 4
94 97 10 3
94 99 1 8
95 96 6 6
95 97 6 9
95 98 6 7
95 99 9 4
96 97 10 1
96 98 7 7
96 99 7 2
96 100 2 1
97 98 6 2
97 99 5 9
97 100 9 8
98 100 4 8
99 100 2 9
1
1 2 3 4 5 6 7 8 9 10 11 12 13 14 15 16 17 18 19 20 21 22 23 24 25 26 27 28 29 30 31 32 33 34 35 36 37 38 39 40 41 42 43 44 45 46 47 48 49 50
