3913
1 2 6 3
1 3 8 10
1 4 1 4
1 5 5 9
1 6 7 6
1 7 1 8
1 8 4 1
1 9 6 9
1 10 10 7
1 11 2 1
1 14 10 10
1 15 1 6
1 16 2 5
1 17 7 2
1 18 1 1
1 20 10 1
1 22 5 4
1 23 2 6
1 25 8 6
1 26 6 10
1 27 5 6
1 28 7 3
1 30 8 10
1 32 3 1
1 33 8 4
1 34 7 1
1 35 6 7
1 36 1 2
1 37 10 1
1 38 5 7
1 40 9 8
1 41 5 7
1 43 5 7
1 44 7 2
1 45 9 4
1 46 1 10
1 49 1 10
1 50 3 7
1 51 9 2
1 52 9 1
1 53 4 2
1 54 1 4
1 56 8 8
1 58 2 2
1 59 6 4
1 60 3 6
1 61 2 4
1 62 2 3
1 63 2 10
1 65 1 1
1 66 2 5
1 67 7 4
1 69 2 10
1 70 4 1
1 71 4 3
1 72 1 2
1 73 10 10
1 74 10 7
1 75 10 9
1 77 2 9
1 78 2 1
1 79 10 7
1 80 3 5
1 81 1 3
1 82 8 3
1 83 8 2
1 84 1 2
1 85 3 8
1 86 7 4
1 87 7 2
1 88 3 4
1 89 6 4
1 90 9 4
1 91 2 7
1 92 2 3
1 93 10 3
1 94 4 10
1 95 2 5
1 96 7 8
1 97 7 5
1 98 7 5
1 99 4 6
2 3 1 4
2 4 8 7
2 5 3 9
2 6 3 4
2 9 2 6
2 11 2 9
2 12 9 8
2 15 1 4
2 17 6 9
2 18 9 6
2 19 6 2
2 20 10 1
2 22 2 2
2 23 9 7
2 24 3 1
2 26 2 8
2 28 7 1
2 29 7 5
2 30 1 4
2 31 1 1
2 32 9 6
2 33 3 8
2 34 10 10
2 37 6 4
2 39 2 5
2 40 8 10
2 41 1 4
2 43 1 5
2 44 3 6
2 46 5 2
2 49 8 6
2 50 9 1
2 51 4 2
2 52 2 8
2 53 6 3
2 54 5 10
2 55 1 8
2 56 10 6
2 57 9 2
2 58 6 9
2 59 10 2
2 62 7 3
2 64 8 2
2 65 1 5
2 66 8 3
2 67 3 9
2 68 5 5
2 70 3 7
2 71 2 1
2 72 1 4
2 73 8 6
2 74 6 7
2 75 5 3
2 76 4 1
2 77 7 2
2 79 1 5
2 80 7 8
2 81 8 8
2 82 10 4
2 84 6 9
2 85 3 1
2 87 5 5
2 89 2 1
2 90 5 2
2 92 1 6
2 93 9 6
2 96 8 8
2 97 6 9
2 98 5 10
2 99 4 10
2 100 7 2
3 4 2 9
3 8 1 2
3 9 10 10
3 10 10 5
3 11 6 2
3 12 1 2
3 13 8 2
3 14 9 9
3 15 8 6
3 16 2 1
3 17 1 8
3 18 8 5
3 20 8 6
3 22 10 7
3 23 1 4
3 29 10 4
3 31 6 2
3 32 2 10
3 34 6 6
3 35 4 4
3 37 6 10
3 40 9 9
3 41 1 5
3 43 9 3
3 44 9 2
3 45 9 5
3 47 10 10
3 48 5 7
3 49 5 1
3 50 3 3
3 51 6 2
3 53 4 10
3 54 2 9
3 55 10 8
3 57 2 3
3 58 2 3
3 59 2 6
3 60 10 10
3 61 4 1
3 62 7 5
3 63 3 7
3 64 1 7
3 65 10 5
3 66 8 4
3 67 1 1
3 68 3 2
3 70 8 2
3 71 8 1
3 72 5 10
3 74 2 7
3 77 4 8
3 78 5 6
3 79 6 8
3 82 1 7
3 83 2 8
3 84 4 7
3 87 10 1
3 89 5 9
3 90 7 2
3 91 3 4
3 92 7 4
3 93 2 4
3 94 8 8
3 95 6 5
3 97 9 1
3 98 10 6
3 99 2 1
3 100 8 3
4 5 3 5
4 6 9 3
4 7 8 7
4 8 3 2
4 9 7 2
4 11 3 7
4 12 8 10
4 13 1 5
4 14 5 9
4 15 8 2
4 17 2 6
4 20 4 3
4 21 4 10
4 22 4 3
4 23 3 9
4 25 7 2
4 27 3 8
4 29 5 8
4 30 1 3
4 31 4 4
4 32 10 10
4 33 2 8
4 35 10 8
4 36 1 10
4 37 7 4
4 39 7 3
4 40 2 7
4 41 3 10
4 43 10 1
4 44 6 3
4 45 4 5
4 46 2 5
4 47 1 10
4 48 2 6
4 49 5 1
4 50 9 6
4 51 6 1
4 52 1 6
4 53 5 3
4 54 5 4
4 55 8 9
4 57 4 9
4 58 10 1
4 59 10 4
4 60 3 6
4 61 10 8
4 62 2 4
4 63 3 3
4 65 2 9
4 66 6 5
4 67 4 7
4 68 3 4
4 69 10 2
4 71 10 4
4 72 8 1
4 73 4 6
4 75 5 4
4 76 10 4
4 77 8 7
4 79 7 4
4 80 9 8
4 81 6 10
4 83 10 8
4 84 5 4
4 85 8 6
4 87 8 3
4 89 3 1
4 90 8 5
4 91 2 10
4 92 6 6
4 93 3 2
4 94 1 6
4 95 4 3
4 96 9 10
4 97 8 8
4 98 4 6
4 100 10 3
5 6 10 7
5 9 3 8
5 10 4 2
5 11 6 2
5 12 3 1
5 13 6 3
5 14 4 7
5 15 2 5
5 16 4 9
5 17 3 8
5 18 7 9
5 19 1 4
5 20 6 9
5 21 3 10
5 22 6 8
5 23 6 8
5 24 9 7
5 25 1 6
5 26 3 10
5 27 7 8
5 28 7 8
5 29 8 10
5 30 10 6
5 32 3 10
5 33 9 7
5 34 9 7
5 35 6 1
5 36 6 6
5 38 5 9
5 39 9 6
5 40 7 6
5 41 10 2
5 42 9 1
5 43 3 7
5 45 4 4
5 46 6 1
5 47 4 6
5 49 4 9
5 50 9 10
5 51 1 6
5 52 5 9
5 53 7 6
5 54 7 3
5 56 8 2
5 58 6 5
5 60 5 9
5 61 3 8
5 62 2 1
5 64 3 7
5 65 6 5
5 66 6 6
5 67 5 5
5 69 7 7
5 70 9 3
5 71 2 3
5 72 3 5
5 73 5 3
5 74 4 9
5 75 1 2
5 78 10 5
5 80 9 10
5 83 9 1
5 84 1 9
5 86 4 6
5 88 9 10
5 89 7 5
5 90 3 3
5 91 6 10
5 93 4 6
5 96 5 3
5 97 7 7
5 98 4 2
5 99 2 2
6 7 9 7
6 8 6 6
6 9 1 8
6 10 7 5
6 11 10 8
6 13 7 5
6 14 8 1
6 16 9 2
6 18 9 2
6 22 10 4
6 24 6 9
6 25 3 2
6 31 8 2
6 32 8 10
6 33 6 9
6 34 5 5
6 36 4 9
6 37 5 5
6 40 1 7
6 41 1 6
6 42 5 7
6 43 2 7
6 44 8 7
6 45 3 7
6 47 10 3
6 48 4 3
6 50 5 1
6 51 7 2
6 53 7 1
6 54 2 6
6 55 10 5
6 56 4 6
6 57 6 7
6 58 9 9
6 59 9 4
6 60 4 5
6 61 4 8
6 62 8 8
6 63 2 9
6 64 2 6
6 65 8 2
6 66 7 6
6 68 3 1
6 69 5 7
6 70 2 5
6 71 9 7
6 72 10 10
6 73 9 3
6 74 8 8
6 75 10 9
6 76 4 8
6 77 3 2
6 78 1 1
6 80 5 6
6 81 5 7
6 82 6 3
6 83 9 8
6 84 4 9
6 85 6 5
6 86 4 7
6 87 3 7
6 88 1 9
6 89 4 10
6 90 8 6
6 92 1 4
6 93 2 5
6 94 8 4
6 96 10 5
6 97 10 5
6 100 10 8
7 8 10 7
7 9 1 2
7 10 4 7
7 11 3 4
7 12 8 8
7 13 8 2
7 14 6 10
7 16 1 10
7 17 10 5
7 18 5 5
7 20 3 1
7 21 10 6
7 23 10 7
7 24 6 7
7 25 6 8
7 26 1 8
7 27 6 7
7 28 8 8
7 29 3 7
7 31 9 1
7 32 1 9
7 36 9 10
7 37 2 5
7 38 2 6
7 39 2 1
7 40 2 9
7 42 10 2
7 45 3 5
7 46 9 6
7 48 9 9
7 49 6 3
7 50 3 7
7 51 4 4
7 52 4 5
7 53 1 2
7 54 4 8
7 55 9 3
7 56 6 4
7 60 10 7
7 61 2 2
7 63 6 9
7 64 5 10
7 65 7 8
7 67 10 5
7 69 5 9
7 70 4 1
7 71 8 3
7 72 4 2
7 73 10 3
7 74 6 3
7 75 4 4
7 78 4 9
7 79 4 9
7 80 2 3
7 81 1 3
7 82 4 10
7 83 6 10
7 84 3 1
7 85 8 9
7 86 10 1
7 87 9 4
7 88 4 2
7 89 4 4
7 90 5 1
7 91 3 5
7 92 1 5
7 93 6 7
7 94 6 3
7 95 2 7
7 96 5 6
7 98 5 1
7 100 8 3
8 9 3 4
8 11 5 1
8 12 5 1
8 14 3 10
8 15 3 7
8 16 1 6
8 17 2 2
8 18 6 9
8 19 4 3
8 20 3 9
8 22 6 5
8 23 6 4
8 24 5 7
8 25 9 7
8 26 5 1
8 28 3 9
8 29 1 7
8 32 9 2
8 33 7 1
8 34 9 8
8 35 6 2
8 36 3 7
8 37 8 9
8 38 10 10
8 39 8 6
8 40 10 2
8 41 6 4
8 42 3 5
8 44 4 8
8 46 1 4
8 47 5 8
8 48 4 10
8 49 8 9
8 50 1 4
8 51 6 5
8 52 3 3
8 53 7 6
8 54 4 1
8 56 3 5
8 57 1 5
8 58 4 6
8 59 9 4
8 60 6 8
8 61 3 10
8 62 5 5
8 63 10 8
8 64 1 8
8 65 8 5
8 66 7 9
8 67 8 7
8 68 10 10
8 69 2 5
8 70 5 3
8 71 10 6
8 73 6 9
8 76 2 1
8 77 9 1
8 78 10 3
8 79 9 7
8 80 2 4
8 81 1 7
8 82 9 10
8 84 6 3
8 85 7 5
8 86 4 1
8 87 10 5
8 88 8 10
8 89 2 7
8 90 1 3
8 91 5 2
8 92 4 8
8 93 5 8
8 94 8 1
8 96 5 10
8 97 6 2
8 98 7 9
8 99 10 1
8 100 3 8
9 10 5 7
9 12 6 2
9 13 5 1
9 15 1 9
9 16 8 6
9 17 4 5
9 18 8 2
9 19 5 9
9 20 9 3
9 22 1 1
9 23 4 10
9 24 3 4
9 25 7 6
9 26 8 7
9 27 8 9
9 29 6 6
9 30 1 10
9 31 10 5
9 32 5 9
9 33 8 3
9 34 10 7
9 35 4 5
9 36 9 6
9 37 9 2
9 38 8 6
9 39 8 1
9 40 7 4
9 42 5 8
9 43 10 9
9 46 2 5
9 47 7 8
9 48 9 2
9 50 10 7
9 52 3 2
9 53 1 8
9 56 1 1
9 58 3 5
9 59 4 3
9 60 10 4
9 61 1 5
9 62 10 10
9 63 4 8
9 64 7 8
9 65 4 1
9 67 10 4
9 68 7 7
9 69 4 1
9 70 10 5
9 72 3 6
9 73 6 9
9 74 1 4
9 75 9 10
9 76 2 4
9 77 6 9
9 78 10 1
9 80 8 9
9 81 3 5
9 82 7 5
9 83 1 6
9 84 7 7
9 87 5 8
9 88 9 9
9 89 6 4
9 90 3 4
9 91 2 8
9 92 3 7
9 93 3 10
9 94 9 2
9 96 9 10
9 97 3 7
9 98 6 5
9 99 1 3
9 100 8 6
10 11 8 9
10 12 6 4
10 13 1 7
10 14 2 8
10 15 10 8
10 16 7 3
10 17 9 7
10 18 9 3
10 19 8 3
10 21 10 10
10 22 6 5
10 23 2 3
10 26 2 9
10 27 9 3
10 28 4 2
10 29 9 2
10 30 8 1
10 31 6 2
10 32 4 6
10 33 5 9
10 34 10 1
10 35 8 1
10 36 9 2
10 38 10 7
10 39 1 3
10 40 8 5
10 42 1 7
10 43 5 2
10 44 9 9
10 45 10 7
10 46 10 10
10 47 3 3
10 48 2 7
10 50 9 6
10 51 5 10
10 52 2 4
10 54 8 9
10 55 3 2
10 56 6 5
10 57 9 7
10 59 9 3
10 60 9 9
10 61 3 7
10 63 4 3
10 64 9 2
10 65 5 6
10 67 10 8
10 68 8 4
10 69 10 5
10 70 2 10
10 72 8 7
10 75 9 6
10 76 1 6
10 77 3 3
10 78 5 5
10 79 8 5
10 80 6 2
10 81 5 1
10 82 3 5
10 83 6 9
10 85 5 10
10 86 7 5
10 88 9 9
10 89 3 7
10 90 5 9
10 91 3 10
10 92 1 1
10 95 9 2
10 97 10 10
10 99 5 1
10 100 7 7
11 13 5 2
11 14 4 8
11 15 7 4
11 17 6 5
11 18 7 9
11 19 3 3
11 20 6 5
11 21 2 5
11 22 7 8
11 23 9 9
11 24 9 6
11 25 6 4
11 26 10 3
11 27 4 7
11 28 8 2
11 29 3 10
11 30 5 4
11 31 2 2
11 32 6 7
11 33 1 5
11 34 5 7
11 35 6 7
11 36 5 6
11 37 1 3
11 38 2 6
11 39 8 9
11 40 1 1
11 41 7 7
11 42 10 7
11 43 10 6
11 44 4 2
11 45 2 8
11 46 6 5
11 47 1 8
11 48 5 9
11 51 4 8
11 52 10 6
11 53 2 8
11 54 5 4
11 57 5 8
11 58 10 9
11 59 2 2
11 60 1 10
11 61 9 3
11 62 10 5
11 64 4 3
11 66 1 6
11 67 3 1
11 69 3 10
11 70 2 9
11 71 2 10
11 72 6 3
11 74 9 4
11 75 5 5
11 76 8 7
11 77 2 10
11 78 5 1
11 79 1 2
11 80 7 6
11 82 3 1
11 83 4 4
11 84 8 7
11 85 4 3
11 86 9 8
11 87 4 8
11 90 1 10
11 92 10 7
11 93 9 8
11 94 5 6
11 95 9 2
11 96 2 1
11 97 1 8
11 98 9 1
11 99 4 5
12 13 2 10
12 14 5 7
12 15 4 7
12 16 10 10
12 17 9 4
12 18 9 3
12 19 8 1
12 20 6 8
12 21 10 5
12 22 9 8
12 23 5 7
12 24 5 4
12 25 1 7
12 27 2 8
12 29 6 2
12 30 6 1
12 32 2 8
12 33 8 2
12 35 1 5
12 36 9 8
12 37 8 5
12 38 2 9
12 40 10 5
12 42 10 10
12 43 4 3
12 44 6 6
12 45 8 10
12 46 9 9
12 47 9 8
12 49 9 2
12 50 7 5
12 51 7 8
12 52 5 9
12 53 9 1
12 54 1 2
12 56 4 9
12 57 3 8
12 58 9 4
12 59 4 8
12 60 3 7
12 61 3 7
12 62 9 10
12 63 10 10
12 64 9 1
12 65 1 3
12 66 7 10
12 67 5 1
12 68 10 5
12 69 5 1
12 70 4 2
12 71 8 10
12 72 3 10
12 73 3 5
12 74 1 9
12 76 6 4
12 77 5 10
12 78 1 5
12 79 7 2
12 81 10 8
12 82 1 4
12 83 1 1
12 84 3 1
12 85 10 10
12 86 5 10
12 87 3 2
12 88 5 5
12 89 7 1
12 91 3 8
12 92 4 3
12 93 10 7
12 95 10 4
12 96 10 3
12 97 2 5
12 98 7 4
12 99 4 4
12 100 4 1
13 14 7 6
13 15 3 6
13 16 10 3
13 17 5 2
13 18 9 1
13 19 5 7
13 20 9 8
13 21 3 2
13 22 5 2
13 24 6 5
13 27 3 7
13 28 3 3
13 30 9 2
13 31 1 6
13 33 2 10
13 34 1 8
13 35 6 1
13 36 7 1
13 37 5 10
13 38 5 1
13 39 9 4
13 41 7 7
13 42 7 9
13 43 10 3
13 44 2 2
13 45 3 2
13 46 10 6
13 47 4 8
13 48 9 10
13 49 6 8
13 50 4 7
13 51 5 5
13 52 5 10
13 53 4 10
13 54 7 3
13 55 4 9
13 56 10 3
13 57 9 5
13 58 10 10
13 59 1 3
13 60 5 2
13 61 1 6
13 63 7 8
13 64 1 6
13 67 9 8
13 68 5 4
13 70 8 2
13 71 4 10
13 72 5 9
13 73 2 8
13 74 10 5
13 75 10 8
13 77 3 9
13 79 1 10
13 80 3 6
13 81 6 1
13 82 7 3
13 83 4 8
13 85 2 9
13 86 1 6
13 88 10 8
13 89 10 2
13 90 9 3
13 94 5 8
13 95 4 6
13 96 1 9
13 97 8 5
13 98 1 5
13 99 7 1
14 15 8 6
14 17 6 5
14 18 6 5
14 19 8 8
14 20 1 8
14 21 7 3
14 23 2 5
14 24 7 4
14 28 3 8
14 29 5 7
14 30 8 1
14 31 2 4
14 32 4 6
14 34 7 9
14 36 2 7
14 37 1 1
14 38 2 2
14 39 7 1
14 40 2 9
14 41 5 10
14 42 9 3
14 43 4 10
14 44 2 9
14 46 4 8
14 47 9 7
14 48 7 2
14 51 8 8
14 52 3 4
14 54 9 3
14 55 7 9
14 57 4 7
14 58 4 9
14 60 9 5
14 61 3 10
14 63 6 6
14 64 10 8
14 65 4 6
14 66 6 4
14 67 1 7
14 68 8 8
14 70 3 5
14 71 2 10
14 72 9 1
14 73 6 3
14 74 3 1
14 76 8 10
14 77 5 4
14 78 7 2
14 79 7 1
14 80 1 7
14 82 9 7
14 83 5 4
14 84 5 9
14 85 5 3
14 86 8 3
14 87 9 10
14 88 9 7
14 89 8 3
14 90 8 10
14 91 1 1
14 93 5 7
14 94 10 4
14 96 2 8
14 97 7 5
14 100 6 2
15 16 8 5
15 17 6 3
15 18 3 6
15 19 1 1
15 20 8 4
15 22 10 5
15 23 10 6
15 24 8 4
15 25 6 3
15 26 6 9
15 27 9 10
15 28 10 4
15 32 5 7
15 33 7 4
15 34 9 6
15 35 10 10
15 36 9 2
15 37 8 6
15 39 5 4
15 40 2 9
15 41 4 10
15 42 3 4
15 45 4 9
15 46 7 5
15 47 4 2
15 48 6 6
15 49 10 7
15 50 6 6
15 51 10 3
15 52 2 7
15 53 5 7
15 54 4 5
15 55 1 9
15 56 9 10
15 57 7 7
15 58 9 4
15 59 9 2
15 60 10 8
15 61 5 3
15 62 7 2
15 63 7 6
15 64 6 1
15 67 7 10
15 68 6 9
15 69 8 2
15 70 3 8
15 71 5 10
15 72 1 4
15 76 3 1
15 77 10 5
15 78 3 4
15 80 3 1
15 81 2 10
15 82 10 1
15 83 5 10
15 85 1 3
15 86 10 4
15 87 2 4
15 88 1 2
15 89 4 2
15 91 10 3
15 92 3 2
15 93 2 8
15 94 7 10
15 95 7 9
15 96 3 8
15 97 2 5
15 99 2 1
15 100 9 8
16 17 3 3
16 20 7 4
16 21 1 8
16 22 4 2
16 23 6 7
16 24 8 10
16 25 8 6
16 26 5 6
16 27 3 2
16 28 9 7
16 29 4 4
16 30 9 8
16 31 6 9
16 32 9 8
16 33 4 6
16 34 9 7
16 36 5 9
16 38 4 2
16 39 8 10
16 40 9 2
16 41 3 5
16 43 7 3
16 44 6 10
16 46 8 6
16 47 4 2
16 48 9 3
16 49 10 8
16 51 5 2
16 52 1 8
16 53 10 3
16 54 5 8
16 56 2 7
16 57 6 2
16 58 6 10
16 59 3 1
16 61 1 3
16 62 9 4
16 64 7 9
16 66 5 8
16 67 1 10
16 68 10 2
16 69 4 2
16 70 8 10
16 71 7 3
16 72 8 5
16 73 7 1
16 74 1 7
16 75 10 8
16 76 2 10
16 77 7 1
16 78 8 4
16 79 4 9
16 80 2 10
16 81 1 8
16 82 4 5
16 83 3 4
16 84 1 5
16 85 2 2
16 86 8 8
16 88 9 4
16 89 4 9
16 91 8 4
16 92 9 8
16 95 5 2
16 99 10 8
16 100 4 2
17 18 6 7
17 19 1 4
17 20 8 4
17 21 5 7
17 22 8 2
17 24 5 8
17 25 6 9
17 26 1 8
17 27 6 3
17 29 10 3
17 30 4 7
17 31 8 8
17 33 10 3
17 34 9 2
17 35 9 1
17 36 9 1
17 37 2 6
17 38 2 7
17 39 8 3
17 40 9 5
17 41 1 9
17 42 5 3
17 43 6 7
17 44 8 8
17 45 5 8
17 46 3 9
17 47 9 4
17 48 1 1
17 49 10 9
17 51 3 7
17 53 7 10
17 56 1 4
17 57 5 10
17 59 9 3
17 60 5 9
17 62 8 7
17 63 6 10
17 64 4 1
17 66 4 2
17 67 9 4
17 68 10 8
17 69 10 2
17 70 2 10
17 72 5 6
17 73 2 4
17 74 8 1
17 75 10 9
17 76 6 10
17 79 5 4
17 80 6 2
17 81 9 1
17 82 10 6
17 83 6 3
17 85 5 10
17 86 5 2
17 87 5 7
17 88 2 5
17 90 3 2
17 91 2 5
17 92 10 5
17 93 8 2
17 94 8 8
17 95 2 2
17 96 8 5
17 97 5 10
17 99 4 4
17 100 10 1
18 19 8 3
18 21 2 4
18 23 7 7
18 24 4 9
18 26 5 6
18 27 5 1
18 28 9 6
18 29 7 6
18 30 5 3
18 32 1 8
18 33 3 9
18 36 2 3
18 37 10 1
18 38 8 10
18 39 3 10
18 40 6 10
18 41 6 6
18 43 3 3
18 46 4 10
18 47 10 7
18 48 9 4
18 49 2 3
18 51 1 4
18 52 8 7
18 53 8 8
18 54 4 7
18 55 3 10
18 57 6 2
18 58 5 3
18 59 6 8
18 60 2 1
18 61 2 5
18 62 4 7
18 63 2 6
18 64 2 2
18 65 8 5
18 66 5 8
18 67 10 6
18 68 10 5
18 70 7 8
18 71 1 9
18 72 6 7
18 73 1 10
18 74 3 6
18 75 3 1
18 76 2 2
18 77 9 1
18 78 8 10
18 79 7 2
18 80 2 3
18 82 7 7
18 83 3 8
18 84 1 7
18 85 8 1
18 86 5 6
18 87 3 5
18 88 9 4
18 89 10 5
18 90 7 6
18 91 5 9
18 94 7 7
18 95 1 1
18 96 3 5
18 98 9 7
18 99 4 10
18 100 2 5
19 20 2 1
19 22 3 9
19 24 1 8
19 26 3 2
19 27 10 8
19 28 6 1
19 29 6 3
19 31 6 1
19 32 3 6
19 33 2 5
19 34 3 7
19 37 2 2
19 39 8 7
19 40 7 2
19 41 3 8
19 43 3 8
19 44 10 8
19 45 3 8
19 46 10 4
19 47 8 2
19 48 2 6
19 49 6 10
19 50 7 9
19 51 2 4
19 52 9 4
19 53 5 10
19 54 3 4
19 55 2 9
19 56 7 7
19 57 3 1
19 59 5 8
19 61 9 8
19 62 3 2
19 63 6 9
19 65 1 6
19 67 5 9
19 68 3 10
19 70 7 4
19 72 2 7
19 73 9 1
19 75 10 5
19 76 2 4
19 79 10 1
19 81 2 6
19 82 6 4
19 83 1 9
19 84 2 9
19 85 3 6
19 86 9 10
19 87 6 8
19 89 7 1
19 90 3 1
19 91 4 10
19 92 10 5
19 93 4 5
19 94 9 10
19 95 8 1
19 97 10 6
19 98 6 6
19 99 4 7
19 100 2 10
20 21 9 9
20 22 9 9
20 24 3 4
20 25 3 1
20 27 3 6
20 28 1 8
20 29 6 10
20 30 8 2
20 31 6 10
20 32 6 10
20 33 10 1
20 36 9 6
20 38 10 3
20 39 3 3
20 40 5 5
20 41 4 9
20 42 10 1
20 43 4 9
20 44 1 2
20 45 5 2
20 46 6 3
20 48 9 3
20 51 1 10
20 52 4 1
20 53 6 9
20 54 2 3
20 55 4 2
20 56 9 1
20 57 8 5
20 58 2 6
20 59 8 8
20 61 7 2
20 63 8 4
20 64 5 9
20 65 9 6
20 66 4 4
20 67 2 4
20 68 4 3
20 69 8 3
20 70 1 4
20 71 5 4
20 72 5 5
20 73 4 2
20 74 8 2
20 75 8 4
20 77 6 3
20 79 3 10
20 80 1 1
20 82 10 6
20 83 9 7
20 85 3 2
20 87 6 5
20 90 10 8
20 93 8 7
20 94 5 9
20 95 1 3
20 96 7 4
20 97 4 10
20 98 6 10
20 99 2 4
21 22 7 5
21 24 1 4
21 25 4 2
21 27 5 4
21 28 5 4
21 29 4 4
21 30 1 10
21 31 6 1
21 32 1 10
21 33 1 1
21 35 1 4
21 36 7 7
21 37 7 8
21 41 9 6
21 43 4 7
21 44 7 1
21 45 7 7
21 46 5 1
21 49 9 8
21 50 7 5
21 51 8 9
21 52 8 1
21 53 6 6
21 54 7 9
21 56 8 6
21 57 1 7
21 58 7 9
21 59 1 3
21 61 3 4
21 62 4 6
21 63 10 6
21 64 10 2
21 65 1 3
21 66 6 4
21 67 2 9
21 68 2 2
21 69 5 2
21 70 6 1
21 71 2 3
21 72 8 9
21 73 7 10
21 74 2 2
21 75 1 6
21 76 1 6
21 77 9 6
21 78 10 4
21 79 8 10
21 80 9 1
21 81 9 8
21 82 9 3
21 83 7 9
21 84 7 6
21 86 9 1
21 88 3 8
21 89 2 3
21 91 5 4
21 92 10 2
21 94 7 5
21 95 3 9
21 96 10 8
21 98 4 2
21 100 3 7
22 23 5 8
22 24 1 1
22 25 6 1
22 26 4 2
22 27 2 9
22 28 8 6
22 29 10 8
22 30 5 2
22 31 10 9
22 32 10 3
22 33 6 3
22 34 3 5
22 35 5 7
22 36 8 5
22 37 8 6
22 38 9 4
22 39 8 3
22 40 3 1
22 41 7 6
22 42 2 1
22 43 4 9
22 45 2 10
22 46 4 6
22 47 3 4
22 48 8 1
22 49 6 1
22 50 6 6
22 51 8 6
22 52 1 2
22 53 10 6
22 54 2 1
22 56 7 5
22 57 9 5
22 58 1 8
22 59 7 3
22 61 6 10
22 62 9 3
22 63 6 10
22 64 2 1
22 66 9 4
22 67 2 9
22 68 4 9
22 69 1 9
22 70 8 3
22 71 2 6
22 72 3 6
22 73 4 3
22 74 5 6
22 75 6 4
22 76 3 3
22 77 7 2
22 79 9 5
22 81 9 2
22 84 3 2
22 85 9 9
22 87 5 1
22 88 6 7
22 89 2 10
22 90 5 7
22 92 7 3
22 93 5 2
22 95 10 3
22 96 2 3
22 97 3 3
22 98 7 4
22 99 7 9
23 24 1 1
23 25 5 9
23 26 5 4
23 27 7 7
23 28 6 3
23 29 10 2
23 30 5 8
23 31 9 4
23 32 1 8
23 33 3 8
23 34 7 10
23 35 6 3
23 36 4 8
23 37 7 8
23 38 5 3
23 40 10 7
23 41 9 4
23 43 9 5
23 44 9 6
23 46 5 1
23 48 2 8
23 49 7 3
23 50 3 7
23 51 4 10
23 52 8 5
23 53 1 2
23 54 4 9
23 55 9 5
23 56 5 7
23 57 10 5
23 58 3 2
23 59 2 3
23 60 10 8
23 61 5 8
23 62 9 8
23 63 8 8
23 64 8 5
23 65 2 5
23 66 4 10
23 67 4 3
23 68 10 5
23 69 7 9
23 70 8 5
23 71 7 6
23 72 1 7
23 73 1 5
23 74 1 9
23 75 8 6
23 76 5 7
23 77 4 4
23 78 10 4
23 80 2 4
23 81 3 9
23 82 8 3
23 83 7 6
23 85 8 4
23 86 7 3
23 87 10 6
23 88 7 1
23 89 4 3
23 90 7 6
23 91 8 9
23 92 6 5
23 93 6 4
23 94 10 7
23 95 6 8
23 96 7 9
23 97 9 2
23 98 5 7
23 99 2 1
24 25 5 4
24 27 3 4
24 28 3 9
24 29 3 8
24 30 7 3
24 31 2 1
24 32 10 10
24 33 3 10
24 35 4 9
24 37 2 2
24 39 6 2
24 40 10 7
24 41 6 6
24 42 3 5
24 43 10 4
24 44 8 10
24 45 10 3
24 46 8 8
24 47 4 9
24 48 10 6
24 49 10 9
24 50 9 8
24 51 1 2
24 52 3 2
24 53 8 1
24 54 8 7
24 55 3 10
24 57 8 10
24 58 3 2
24 59 6 10
24 60 8 5
24 61 7 8
24 63 3 1
24 64 9 3
24 65 9 6
24 66 2 2
24 67 1 3
24 68 6 10
24 69 10 8
24 70 5 1
24 71 2 7
24 72 1 7
24 73 4 2
24 74 4 6
24 75 6 3
24 76 7 5
24 77 1 6
24 78 2 1
24 80 5 6
24 81 2 2
24 82 2 9
24 84 4 7
24 85 4 5
24 87 9 4
24 88 3 10
24 89 10 10
24 90 5 4
24 92 10 1
24 93 8 8
24 95 2 9
24 96 1 1
24 98 1 7
24 100 5 7
25 26 6 5
25 27 3 8
25 29 10 7
25 30 3 2
25 31 6 3
25 32 2 5
25 33 8 2
25 34 10 9
25 36 4 10
25 37 5 6
25 39 9 7
25 40 9 7
25 41 4 2
25 42 6 5
25 43 9 3
25 44 1 6
25 45 2 9
25 46 1 2
25 49 8 6
25 54 2 8
25 55 2 1
25 56 1 9
25 57 1 2
25 58 4 8
25 59 7 3
25 60 9 7
25 61 10 10
25 62 2 9
25 63 9 7
25 64 2 1
25 65 9 1
25 66 10 8
25 67 7 7
25 68 2 8
25 69 2 1
25 71 9 8
25 73 2 6
25 75 8 3
25 76 6 4
25 78 9 2
25 80 10 9
25 81 8 5
25 82 4 7
25 84 3 4
25 87 6 1
25 88 7 2
25 89 7 1
25 90 5 4
25 91 5 9
25 92 8 6
25 94 5 5
25 95 3 2
25 96 1 5
25 97 3 2
25 98 5 10
25 99 9 2
26 27 6 4
26 28 1 10
26 29 2 1
26 31 3 2
26 32 6 3
26 35 2 10
26 36 4 6
26 39 5 7
26 40 3 10
26 41 5 2
26 43 7 8
26 44 9 8
26 45 4 7
26 46 6 10
26 48 10 2
26 49 5 3
26 50 7 2
26 51 3 1
26 52 8 4
26 53 5 1
26 55 6 5
26 57 4 9
26 58 3 3
26 59 7 2
26 60 8 6
26 61 3 5
26 62 3 5
26 65 6 9
26 66 7 5
26 67 3 5
26 68 6 5
26 70 2 10
26 71 10 8
26 72 6 8
26 74 5 9
26 75 6 3
26 76 5 7
26 78 2 4
26 79 6 1
26 80 9 1
26 81 10 8
26 82 9 10
26 83 6 6
26 84 1 3
26 85 1 3
26 88 4 3
26 89 10 7
26 91 6 3
26 92 10 8
26 93 10 1
26 94 1 8
26 95 1 6
26 99 6 3
26 100 4 3
27 28 1 1
27 29 3 3
27 30 9 10
27 31 4 8
27 32 4 1
27 33 5 10
27 34 8 3
27 35 2 8
27 36 3 6
27 37 7 5
27 38 8 5
27 39 7 5
27 40 2 10
27 41 9 8
27 42 3 9
27 43 5 6
27 44 10 5
27 45 8 7
27 46 3 1
27 47 4 6
27 49 6 3
27 50 2 3
27 52 9 7
27 54 7 1
27 55 10 2
27 56 9 2
27 58 7 9
27 59 6 3
27 60 10 8
27 61 7 10
27 62 4 2
27 63 1 7
27 64 7 3
27 66 6 2
27 67 5 4
27 68 6 2
27 69 9 6
27 70 9 9
27 71 6 2
27 72 3 10
27 73 9 9
27 76 5 7
27 77 5 2
27 79 8 5
27 80 3 8
27 81 2 1
27 82 9 6
27 84 3 1
27 85 9 7
27 86 3 1
27 87 2 6
27 88 6 4
27 90 3 1
27 91 9 3
27 92 10 3
27 93 5 4
27 94 5 1
27 96 9 1
27 98 3 2
27 99 6 1
27 100 8 4
28 29 2 4
28 30 8 3
28 31 7 10
28 32 4 8
28 34 10 3
28 35 6 7
28 36 10 3
28 38 2 1
28 39 7 6
28 40 1 1
28 42 6 9
28 43 2 2
28 45 8 5
28 46 7 2
28 47 4 4
28 48 10 3
28 49 10 6
28 50 2 3
28 51 8 2
28 52 1 2
28 53 2 4
28 54 2 2
28 55 5 9
28 56 7 7
28 57 5 6
28 58 7 10
28 60 9 3
28 61 2 8
28 62 4 2
28 63 5 8
28 64 9 2
28 65 6 7
28 66 10 10
28 67 6 6
28 68 3 10
28 69 7 4
28 70 3 4
28 71 7 6
28 72 4 10
28 74 3 3
28 75 5 4
28 76 1 10
28 77 9 5
28 78 10 5
28 79 8 4
28 80 8 3
28 81 1 3
28 82 3 7
28 83 5 1
28 84 6 8
28 85 9 2
28 88 9 6
28 89 2 4
28 90 3 4
28 91 2 4
28 92 2 6
28 93 9 6
28 94 2 2
28 96 8 5
28 97 10 5
28 98 7 10
28 99 9 1
28 100 1 2
29 31 8 6
29 32 3 10
29 33 4 10
29 34 10 3
29 37 2 1
29 38 3 3
29 39 9 6
29 42 2 6
29 43 2 1
29 44 6 1
29 45 8 7
29 46 9 5
29 47 10 3
29 48 1 10
29 51 3 8
29 52 2 3
29 53 1 2
29 54 9 10
29 56 8 1
29 58 3 6
29 59 7 5
29 62 8 8
29 63 9 8
29 65 3 5
29 66 2 7
29 67 9 1
29 68 9 2
29 71 4 10
29 72 8 3
29 73 5 3
29 75 6 8
29 76 7 1
29 77 2 4
29 78 7 3
29 79 8 8
29 82 4 7
29 83 9 3
29 84 1 2
29 85 10 4
29 86 5 5
29 87 4 2
29 88 5 6
29 89 6 2
29 90 10 6
29 91 1 3
29 92 10 8
29 93 8 9
29 94 2 8
29 95 2 8
29 96 6 8
29 97 7 5
29 99 6 1
29 100 5 6
30 33 9 10
30 34 10 1
30 35 8 5
30 36 5 10
30 37 4 9
30 38 7 5
30 39 4 6
30 40 5 2
30 41 8 4
30 42 6 10
30 43 6 4
30 44 8 5
30 45 5 7
30 46 4 6
30 47 6 7
30 49 2 9
30 51 4 2
30 53 3 2
30 54 8 6
30 55 7 2
30 56 3 8
30 57 10 3
30 58 1 9
30 59 7 4
30 60 9 5
30 61 5 1
30 62 6 5
30 63 4 2
30 64 3 2
30 65 8 5
30 66 3 10
30 67 10 9
30 68 6 2
30 69 7 5
30 70 4 3
30 71 9 8
30 72 4 9
30 73 10 3
30 74 5 3
30 76 6 8
30 77 10 9
30 78 8 1
30 79 8 9
30 80 3 4
30 81 3 8
30 82 7 2
30 83 9 4
30 85 6 5
30 86 10 1
30 87 8 8
30 88 6 8
30 89 5 1
30 91 4 7
30 93 3 2
30 94 10 6
30 95 7 1
30 96 4 2
30 98 6 7
30 100 1 7
31 33 8 10
31 34 8 5
31 35 2 1
31 36 8 10
31 38 8 6
31 39 10 5
31 40 8 8
31 41 9 1
31 42 10 2
31 44 5 9
31 45 10 9
31 46 2 5
31 47 4 4
31 49 8 7
31 50 3 6
31 51 2 6
31 52 10 10
31 53 9 3
31 54 8 8
31 55 8 9
31 56 6 7
31 57 6 7
31 60 3 3
31 62 5 4
31 64 4 6
31 65 4 4
31 66 5 3
31 67 6 10
31 68 4 5
31 69 8 9
31 70 8 2
31 71 10 8
31 73 8 4
31 75 1 6
31 76 6 8
31 77 9 6
31 78 2 7
31 79 3 9
31 80 9 10
31 82 4 1
31 83 7 4
31 84 1 2
31 86 2 7
31 89 2 6
31 90 4 4
31 91 3 5
31 92 5 2
31 93 9 1
31 94 5 9
31 97 4 9
31 98 1 10
31 99 8 10
32 33 8 1
32 35 1 9
32 36 1 4
32 37 5 5
32 38 6 5
32 39 7 10
32 40 4 8
32 41 9 4
32 42 10 7
32 43 5 3
32 44 5 3
32 45 5 7
32 46 10 10
32 47 9 3
32 49 9 8
32 51 7 6
32 52 6 1
32 53 3 2
32 55 2 8
32 57 2 6
32 58 1 9
32 59 10 4
32 60 9 9
32 61 5 6
32 62 3 9
32 64 9 5
32 66 8 3
32 67 7 7
32 68 1 6
32 69 4 9
32 71 10 8
32 72 5 4
32 73 1 6
32 74 2 1
32 75 3 10
32 76 2 6
32 77 7 2
32 78 9 2
32 79 5 8
32 81 9 5
32 83 7 9
32 85 8 2
32 86 7 8
32 87 7 6
32 88 8 6
32 89 6 3
32 91 7 1
32 92 8 6
32 93 7 5
32 94 10 3
32 96 3 5
32 97 9 10
32 98 2 3
32 99 6 2
32 100 8 8
33 34 6 4
33 36 1 8
33 37 9 6
33 38 7 9
33 41 5 1
33 42 8 3
33 43 9 3
33 44 9 9
33 45 5 7
33 47 1 6
33 48 3 1
33 50 2 9
33 51 4 2
33 52 6 8
33 53 10 9
33 54 5 6
33 55 3 3
33 56 5 1
33 59 1 8
33 60 2 6
33 61 10 3
33 62 3 10
33 63 6 10
33 64 2 9
33 65 4 3
33 66 2 8
33 67 10 8
33 70 10 10
33 71 5 5
33 74 6 6
33 75 10 2
33 76 5 2
33 77 1 2
33 79 3 8
33 80 10 7
33 87 1 9
33 88 1 5
33 89 6 1
33 91 6 7
33 92 2 9
33 93 1 7
33 94 1 6
33 96 10 4
33 97 1 10
33 98 8 1
33 99 9 9
34 35 3 6
34 36 7 4
34 38 1 10
34 39 6 6
34 40 1 3
34 41 5 10
34 42 2 8
34 43 5 7
34 45 10 10
34 46 9 10
34 47 1 1
34 48 6 1
34 49 3 1
34 50 5 8
34 51 4 10
34 52 4 5
34 53 1 3
34 54 4 2
34 55 9 8
34 56 9 4
34 57 10 3
34 58 3 6
34 59 5 7
34 60 10 9
34 61 4 8
34 62 1 10
34 63 5 8
34 64 7 1
34 65 8 8
34 66 2 5
34 67 9 6
34 68 2 2
34 69 9 6
34 70 3 1
34 71 3 3
34 72 9 5
34 73 2 5
34 75 9 1
34 77 10 3
34 78 3 4
34 79 8 6
34 80 5 3
34 82 4 10
34 83 5 5
34 84 4 3
34 85 1 3
34 86 5 1
34 91 9 5
34 93 7 9
34 95 6 7
34 97 9 3
34 98 6 2
34 100 7 2
35 36 1 5
35 38 8 5
35 40 9 1
35 42 4 6
35 43 5 1
35 44 9 8
35 46 7 6
35 49 10 5
35 50 3 7
35 52 9 4
35 54 5 9
35 55 1 9
35 56 4 3
35 57 2 8
35 58 8 2
35 59 6 9
35 60 4 6
35 61 6 8
35 63 9 6
35 64 10 9
35 65 1 7
35 66 1 6
35 68 9 2
35 69 9 3
35 70 4 2
35 71 2 6
35 72 1 7
35 73 5 4
35 74 5 1
35 76 9 1
35 77 6 6
35 81 8 8
35 82 9 8
35 85 8 10
35 86 2 10
35 87 9 10
35 88 10 1
35 89 1 2
35 90 8 2
35 91 1 4
35 92 4 5
35 93 7 8
35 94 5 10
35 95 6 4
35 97 8 1
35 99 5 3
35 100 10 5
36 37 2 1
36 38 4 9
36 39 1 4
36 40 7 3
36 41 6 7
36 42 8 6
36 43 1 4
36 45 9 2
36 47 8 5
36 48 6 9
36 50 5 9
36 51 5 10
36 52 10 4
36 53 6 4
36 54 8 6
36 55 8 7
36 56 7 2
36 57 1 3
36 59 10 1
36 61 5 4
36 63 1 6
36 65 3 2
36 66 5 4
36 67 4 4
36 70 3 3
36 71 8 1
36 72 1 2
36 73 8 1
36 75 7 2
36 76 6 2
36 78 1 5
36 79 8 3
36 80 3 8
36 85 2 7
36 86 4 9
36 88 8 3
36 89 2 2
36 90 8 1
36 91 7 7
36 92 3 3
36 94 8 8
36 95 3 8
36 97 8 6
36 98 8 2
36 99 7 1
36 100 1 3
37 39 7 6
37 40 3 5
37 42 8 8
37 43 6 9
37 44 10 1
37 46 3 1
37 47 3 9
37 48 6 10
37 49 10 4
37 50 3 7
37 51 4 5
37 52 5 8
37 53 9 5
37 54 5 9
37 56 8 5
37 57 3 3
37 58 3 10
37 59 1 8
37 60 1 6
37 61 1 1
37 63 8 3
37 64 2 6
37 65 9 1
37 67 7 8
37 68 9 2
37 69 10 7
37 70 4 4
37 71 3 6
37 72 5 6
37 73 10 1
37 74 9 5
37 75 5 9
37 76 2 2
37 78 10 10
37 79 10 9
37 80 9 3
37 82 3 5
37 83 7 7
37 84 5 3
37 85 6 4
37 86 7 10
37 87 2 6
37 88 5 3
37 90 2 5
37 91 6 1
37 92 9 10
37 94 4 3
37 95 1 1
37 96 6 5
37 100 6 10
38 39 1 4
38 40 1 1
38 41 4 2
38 42 5 8
38 43 4 6
38 44 1 1
38 45 1 3
38 46 4 2
38 48 7 2
38 50 9 4
38 51 7 8
38 52 6 1
38 53 3 7
38 54 9 5
38 55 9 8
38 56 6 6
38 57 8 5
38 58 8 2
38 59 5 4
38 60 3 2
38 61 3 3
38 62 1 3
38 65 4 4
38 66 6 1
38 67 4 4
38 68 8 4
38 69 9 10
38 71 6 10
38 72 1 1
38 73 8 4
38 74 1 4
38 75 10 4
38 76 4 6
38 77 9 9
38 80 8 10
38 84 1 3
38 85 2 9
38 86 8 5
38 87 6 7
38 88 8 6
38 90 2 6
38 91 10 3
38 92 4 3
38 93 9 6
38 94 5 9
38 95 9 6
38 96 7 8
38 97 2 7
38 99 1 10
38 100 9 2
39 40 8 5
39 41 7 3
39 42 3 2
39 43 1 5
39 44 6 1
39 45 5 6
39 46 7 8
39 47 1 3
39 48 1 3
39 51 6 8
39 52 2 8
39 54 5 9
39 55 3 1
39 56 4 10
39 57 2 2
39 59 6 3
39 61 3 2
39 62 6 1
39 63 6 2
39 64 4 8
39 65 7 2
39 66 10 9
39 67 1 5
39 68 9 2
39 69 6 7
39 70 9 7
39 71 1 3
39 72 3 8
39 73 6 3
39 74 3 3
39 75 2 8
39 76 8 10
39 77 2 2
39 78 5 5
39 79 1 2
39 80 1 3
39 81 1 2
39 82 1 2
39 84 1 2
39 86 9 8
39 87 3 4
39 88 6 3
39 89 7 4
39 90 9 6
39 91 9 4
39 92 5 10
39 93 10 1
39 94 5 5
39 96 5 9
39 97 6 2
39 98 1 4
39 99 3 3
39 100 5 8
40 41 9 7
40 42 7 3
40 43 2 10
40 44 2 3
40 45 5 6
40 46 1 3
40 47 4 9
40 48 8 2
40 49 4 9
40 50 3 8
40 51 10 7
40 52 5 8
40 53 9 7
40 55 5 3
40 56 9 7
40 57 10 10
40 58 10 6
40 59 10 2
40 60 7 4
40 61 5 2
40 62 2 5
40 63 9 6
40 66 3 7
40 67 6 1
40 68 2 5
40 70 7 9
40 71 6 5
40 72 10 10
40 74 3 9
40 75 8 7
40 76 3 8
40 77 5 5
40 79 9 10
40 80 1 8
40 81 1 8
40 82 2 9
40 83 1 2
40 84 4 4
40 85 10 6
40 86 8 4
40 87 6 2
40 88 7 6
40 89 8 6
40 90 4 1
40 91 10 2
40 92 4 2
40 93 7 1
40 94 9 3
40 96 8 5
40 97 1 8
40 99 3 5
40 100 5 5
41 42 9 7
41 43 6 9
41 44 8 3
41 45 6 6
41 46 10 2
41 48 6 6
41 49 8 8
41 50 4 5
41 51 8 9
41 53 9 2
41 54 2 2
41 55 7 9
41 57 10 6
41 58 2 10
41 59 3 7
41 60 9 2
41 61 8 2
41 64 3 10
41 65 6 8
41 66 8 9
41 68 9 5
41 69 10 10
41 70 4 6
41 71 7 6
41 73 1 5
41 74 10 5
41 75 3 9
41 78 4 7
41 80 9 1
41 81 6 8
41 83 5 3
41 84 4 1
41 86 7 5
41 87 10 9
41 88 7 5
41 89 4 9
41 90 6 4
41 91 9 7
41 92 3 10
41 93 7 4
41 95 1 5
41 97 8 2
41 98 9 3
41 99 9 9
41 100 2 3
42 44 10 7
42 45 5 1
42 46 4 2
42 47 10 2
42 48 10 3
42 49 1 5
42 50 7 5
42 52 6 3
42 54 5 7
42 55 2 7
42 57 3 9
42 58 10 8
42 59 9 10
42 60 2 3
42 62 10 10
42 64 9 4
42 65 10 4
42 66 4 2
42 67 6 1
42 68 8 4
42 69 5 2
42 70 9 6
42 72 5 9
42 73 10 1
42 74 8 9
42 75 1 2
42 77 1 9
42 78 4 5
42 80 8 5
42 81 4 6
42 82 1 9
42 83 7 7
42 84 4 6
42 85 9 6
42 86 5 6
42 87 2 3
42 88 1 4
42 90 5 6
42 91 9 6
42 92 1 6
42 94 5 6
42 95 9 4
42 97 10 10
42 98 1 6
42 99 5 6
42 100 4 3
43 45 9 4
43 46 5 1
43 47 5 7
43 48 10 7
43 49 6 10
43 50 10 3
43 51 7 1
43 52 3 7
43 53 5 1
43 54 2 7
43 55 2 5
43 56 10 3
43 58 1 8
43 60 5 5
43 61 9 3
43 62 4 2
43 63 5 3
43 65 7 5
43 66 5 10
43 68 1 4
43 69 5 9
43 70 1 10
43 71 9 3
43 72 2 9
43 73 2 6
43 74 6 7
43 76 1 9
43 77 4 1
43 78 2 7
43 79 4 5
43 81 3 6
43 83 3 3
43 85 5 2
43 86 3 1
43 87 2 8
43 88 3 10
43 90 4 7
43 91 2 8
43 93 3 7
43 94 7 7
43 95 10 10
43 96 4 8
43 97 6 8
43 98 5 9
43 99 5 2
44 45 4 5
44 47 1 4
44 48 10 2
44 49 8 10
44 50 1 7
44 52 6 3
44 53 10 4
44 55 5 10
44 57 9 9
44 58 4 7
44 59 3 4
44 60 6 8
44 61 9 9
44 62 3 5
44 64 3 9
44 65 10 2
44 66 9 8
44 67 4 9
44 68 7 10
44 69 3 5
44 70 1 7
44 71 9 9
44 72 6 3
44 73 7 8
44 74 5 5
44 75 1 6
44 76 4 10
44 77 10 2
44 78 6 4
44 79 9 1
44 80 10 9
44 81 10 8
44 82 8 5
44 84 2 6
44 85 10 8
44 86 4 7
44 87 9 4
44 89 9 10
44 91 10 10
44 92 4 1
44 96 9 5
44 97 10 9
44 98 9 5
44 99 7 10
44 100 6 5
45 46 2 3
45 48 5 6
45 49 1 1
45 50 1 8
45 51 7 6
45 54 8 10
45 56 9 4
45 58 10 8
45 60 8 8
45 61 4 9
45 62 8 3
45 63 10 5
45 64 7 5
45 65 4 7
45 68 10 3
45 69 1 6
45 71 9 1
45 72 7 8
45 73 4 2
45 74 7 10
45 75 3 4
45 76 1 7
45 78 6 5
45 80 9 2
45 81 9 9
45 82 1 3
45 83 3 1
45 84 2 9
45 85 9 1
45 86 10 6
45 87 1 10
45 88 5 8
45 90 2 4
45 91 9 7
45 92 10 10
45 93 2 6
45 95 10 3
45 96 10 10
45 97 8 3
45 98 8 10
45 99 5 6
46 48 4 8
46 49 6 1
46 50 7 9
46 51 2 8
46 53 4 9
46 54 7 3
46 55 1 7
46 56 2 1
46 57 3 2
46 59 4 7
46 61 5 5
46 62 9 6
46 63 2 2
46 65 4 4
46 68 8 7
46 69 9 1
46 70 9 1
46 72 3 9
46 73 2 3
46 75 7 5
46 76 10 1
46 78 2 8
46 79 6 2
46 80 5 9
46 81 1 1
46 82 7 10
46 85 6 6
46 86 4 6
46 87 2 9
46 89 2 10
46 90 3 2
46 91 8 8
46 92 4 6
46 93 4 3
46 94 7 10
46 96 3 6
46 97 6 4
46 98 9 6
46 99 8 3
46 100 6 5
47 49 2 4
47 50 8 4
47 51 1 10
47 52 2 2
47 55 4 1
47 56 4 10
47 58 10 5
47 59 8 6
47 60 1 2
47 61 10 2
47 62 7 5
47 63 7 9
47 64 3 7
47 65 3 9
47 66 7 8
47 67 6 3
47 68 6 5
47 69 10 4
47 70 1 3
47 71 6 8
47 72 2 2
47 73 5 7
47 75 4 9
47 76 6 2
47 78 3 4
47 79 7 9
47 83 3 2
47 84 9 4
47 85 9 9
47 87 4 2
47 88 5 2
47 89 3 4
47 91 5 7
47 92 2 3
47 93 7 2
47 94 5 6
47 96 4 10
47 97 8 9
47 99 2 2
47 100 3 5
48 49 9 9
48 51 2 2
48 52 7 9
48 53 8 8
48 54 10 6
48 55 2 1
48 56 5 7
48 58 2 10
48 59 4 10
48 60 10 10
48 61 5 9
48 62 1 5
48 63 2 3
48 64 10 9
48 65 10 5
48 66 1 9
48 68 1 7
48 69 10 2
48 70 3 3
48 71 7 4
48 72 1 9
48 73 5 1
48 74 6 10
48 75 8 8
48 76 4 10
48 77 10 3
48 78 8 3
48 79 5 1
48 80 2 6
48 81 6 2
48 82 5 4
48 83 4 3
48 86 2 3
48 87 10 4
48 88 5 6
48 89 4 1
48 90 4 9
48 91 1 5
48 92 6 10
48 93 3 2
48 94 7 2
48 96 9 3
48 97 6 6
48 99 1 6
48 100 5 7
49 50 8 10
49 53 8 2
49 54 10 8
49 55 1 7
49 56 6 10
49 57 8 7
49 60 4 7
49 61 2 8
49 62 4 7
49 63 3 2
49 64 1 10
49 65 3 5
49 66 7 4
49 67 7 9
49 68 4 5
49 69 7 4
49 70 1 1
49 71 4 8
49 72 10 6
49 74 10 6
49 76 2 6
49 77 2 3
49 80 3 2
49 83 4 5
49 84 9 1
49 85 1 6
49 86 7 9
49 87 1 8
49 88 5 6
49 89 4 2
49 90 2 5
49 91 9 4
49 92 1 5
49 93 3 2
49 94 1 8
49 95 9 4
49 96 4 2
49 98 9 4
49 99 5 6
49 100 7 3
50 52 10 7
50 53 8 4
50 54 6 9
50 55 10 3
50 56 7 6
50 57 1 2
50 58 8 7
50 61 3 4
50 63 8 3
50 65 8 1
50 66 7 5
50 67 5 1
50 69 6 2
50 70 3 5
50 71 2 10
50 72 7 5
50 74 4 1
50 75 3 3
50 76 10 4
50 77 3 5
50 79 1 7
50 80 4 7
50 81 5 1
50 82 1 1
50 83 5 10
50 84 3 6
50 85 1 6
50 87 3 7
50 88 6 5
50 90 6 2
50 91 2 4
50 93 7 6
50 94 7 10
50 95 8 6
50 96 4 2
50 97 9 4
50 98 3 10
50 99 10 5
50 100 2 5
51 52 8 10
51 53 5 7
51 54 2 9
51 55 5 7
51 56 6 6
51 58 9 6
51 61 3 5
51 62 3 1
51 63 9 10
51 65 2 3
51 67 9 10
51 68 9 7
51 69 9 2
51 70 7 8
51 72 8 4
51 74 1 8
51 77 5 8
51 78 7 10
51 79 9 7
51 80 9 8
51 81 7 6
51 84 4 5
51 86 7 4
51 87 7 4
51 88 6 6
51 89 5 5
51 90 4 5
51 91 1 7
51 94 2 1
51 95 5 4
51 96 2 4
51 97 8 3
51 98 4 5
51 99 4 4
51 100 7 2
52 53 2 5
52 54 9 3
52 55 3 4
52 56 10 6
52 57 7 3
52 58 8 9
52 59 6 5
52 60 5 5
52 62 3 7
52 63 5 7
52 65 2 5
52 66 10 3
52 67 1 1
52 68 9 5
52 71 1 10
52 72 5 1
52 73 3 3
52 74 2 1
52 75 9 8
52 76 2 8
52 78 10 1
52 79 7 4
52 80 3 2
52 81 6 2
52 82 1 3
52 83 7 1
52 84 4 8
52 85 2 9
52 86 3 6
52 87 2 9
52 88 3 4
52 92 9 4
52 94 6 8
52 95 4 7
52 96 2 9
52 97 6 7
52 98 7 6
52 100 3 10
53 55 7 9
53 56 6 10
53 57 5 2
53 59 3 2
53 60 2 1
53 61 2 3
53 62 1 1
53 63 8 9
53 64 9 9
53 67 5 4
53 69 6 10
53 70 2 5
53 71 7 9
53 72 3 5
53 74 4 8
53 75 7 2
53 76 9 4
53 77 2 4
53 78 5 7
53 79 3 3
53 80 1 2
53 81 6 6
53 82 6 3
53 83 3 7
53 85 3 7
53 88 1 1
53 89 9 9
53 90 2 6
53 91 10 2
53 96 3 7
53 97 8 9
53 99 5 1
53 100 7 7
54 55 2 3
54 56 3 8
54 57 7 10
54 58 7 2
54 60 2 1
54 61 4 10
54 62 5 1
54 63 8 4
54 64 5 2
54 65 9 1
54 66 5 1
54 67 10 1
54 68 2 4
54 69 2 5
54 70 8 7
54 71 3 2
54 72 3 9
54 73 4 7
54 75 6 10
54 76 10 6
54 77 5 9
54 78 5 2
54 79 6 1
54 80 5 5
54 82 5 1
54 84 7 5
54 86 1 7
54 87 9 7
54 88 10 6
54 90 6 3
54 91 7 3
54 92 1 1
54 94 6 9
54 95 10 2
54 96 2 3
54 97 1 5
54 98 4 10
54 99 3 3
54 100 9 5
55 56 7 5
55 59 4 3
55 61 4 3
55 63 8 4
55 64 7 10
55 65 2 8
55 66 3 9
55 67 8 7
55 69 5 5
55 70 9 7
55 71 10 7
55 73 9 4
55 74 8 4
55 75 1 10
55 76 6 7
55 78 8 10
55 80 5 6
55 81 6 4
55 82 9 1
55 83 5 1
55 85 10 5
55 86 6 8
55 87 4 9
55 88 8 6
55 89 1 8
55 90 2 9
55 91 6 1
55 92 5 4
55 93 10 4
55 94 1 1
55 95 10 10
55 96 9 5
55 97 8 5
55 98 4 6
55 99 3 2
55 100 3 5
56 58 7 3
56 59 10 9
56 60 6 6
56 61 5 6
56 63 10 8
56 64 8 2
56 66 10 4
56 67 1 5
56 68 9 2
56 69 4 3
56 70 7 7
56 71 9 4
56 73 6 4
56 74 5 10
56 75 2 7
56 76 6 3
56 77 6 10
56 78 7 4
56 79 8 6
56 80 8 9
56 81 9 1
56 82 1 9
56 83 8 4
56 84 6 9
56 85 7 6
56 86 7 4
56 87 6 6
56 88 6 8
56 89 3 3
56 90 3 4
56 91 9 9
56 92 3 2
56 94 1 10
56 95 9 2
56 97 10 7
56 98 8 7
56 99 8 3
56 100 8 7
57 58 10 2
57 59 3 1
57 60 3 10
57 61 6 9
57 64 6 6
57 65 3 7
57 66 7 2
57 67 2 3
57 68 8 6
57 69 4 4
57 71 3 7
57 72 9 3
57 73 6 2
57 74 5 5
57 76 4 9
57 77 7 7
57 79 5 7
57 81 8 8
57 82 4 9
57 83 9 2
57 85 2 7
57 86 1 3
57 87 5 7
57 88 6 6
57 89 4 10
57 90 10 1
57 92 10 6
57 93 2 6
57 94 7 2
57 95 3 4
57 97 1 7
57 98 9 1
57 99 2 7
57 100 9 6
58 59 7 1
58 60 10 6
58 61 10 5
58 62 10 5
58 63 6 8
58 65 4 6
58 66 4 7
58 67 1 2
58 68 4 1
58 70 5 10
58 71 9 1
58 72 3 6
58 74 10 9
58 75 5 5
58 76 10 2
58 77 3 9
58 78 7 1
58 79 4 6
58 81 8 4
58 82 3 5
58 83 10 8
58 85 8 1
58 86 6 4
58 87 5 1
58 88 5 10
58 89 2 8
58 90 2 7
58 91 9 5
58 93 7 2
58 94 2 4
58 95 6 10
58 96 3 5
58 97 6 4
58 98 6 7
58 99 6 8
58 100 9 1
59 60 9 10
59 61 3 7
59 62 7 9
59 63 8 6
59 65 6 6
59 66 5 5
59 67 5 1
59 68 9 6
59 69 8 4
59 70 4 6
59 71 7 9
59 72 8 8
59 74 7 7
59 75 7 5
59 76 7 3
59 77 8 8
59 78 4 10
59 79 5 2
59 80 9 4
59 81 9 2
59 82 2 8
59 83 10 3
59 84 9 3
59 85 6 6
59 86 5 4
59 87 8 2
59 88 9 6
59 89 3 1
59 91 3 7
59 92 4 9
59 94 1 10
59 95 2 3
59 96 3 9
59 97 10 2
59 99 8 10
59 100 6 5
60 62 5 4
60 63 6 1
60 64 5 3
60 65 1 5
60 66 10 10
60 67 10 2
60 68 9 9
60 69 5 7
60 70 9 8
60 71 3 6
60 72 8 10
60 73 9 5
60 74 9 9
60 75 10 8
60 76 3 5
60 77 6 4
60 79 9 4
60 80 4 4
60 81 10 5
60 82 2 3
60 84 8 2
60 85 1 1
60 88 2 8
60 89 7 6
60 90 5 3
60 92 7 2
60 93 10 2
60 94 4 9
60 95 7 2
60 96 8 10
60 97 5 8
60 98 2 9
60 99 7 2
60 100 6 9
61 62 5 6
61 63 10 9
61 64 10 6
61 65 10 2
61 66 5 7
61 67 5 3
61 68 7 4
61 70 5 3
61 71 9 5
61 72 6 8
61 73 8 7
61 75 8 3
61 76 3 3
61 78 3 10
61 79 5 1
61 81 3 5
61 82 3 4
61 83 2 7
61 85 3 7
61 86 1 9
61 87 4 1
61 88 6 2
61 89 9 2
61 90 8 8
61 91 5 2
61 93 7 1
61 94 10 9
61 95 8 10
61 96 9 3
61 97 3 8
61 98 1 10
61 99 3 2
61 100 6 4
62 63 10 9
62 64 3 8
62 65 5 2
62 67 2 8
62 68 2 1
62 69 3 8
62 70 2 5
62 71 4 1
62 72 10 7
62 73 3 8
62 74 6 4
62 75 2 3
62 77 2 1
62 78 10 4
62 81 7 8
62 82 5 7
62 84 8 3
62 85 7 10
62 86 8 10
62 87 5 10
62 88 6 10
62 89 5 4
62 90 5 4
62 91 10 9
62 93 8 8
62 94 5 7
62 95 4 10
62 96 5 1
62 98 3 9
62 99 3 1
62 100 9 5
63 64 1 8
63 65 7 2
63 66 9 2
63 67 7 5
63 68 8 3
63 69 10 4
63 71 5 10
63 72 3 1
63 73 2 2
63 74 9 8
63 75 7 7
63 77 4 1
63 80 5 6
63 81 1 6
63 82 3 6
63 83 5 3
63 84 4 1
63 85 8 4
63 86 5 2
63 88 6 1
63 90 8 8
63 92 4 4
63 93 6 2
63 94 6 9
63 95 4 9
63 96 7 3
63 97 5 4
63 98 5 9
63 100 3 10
64 65 5 4
64 67 2 9
64 68 5 3
64 70 8 10
64 71 2 2
64 72 5 2
64 74 2 3
64 75 4 4
64 77 6 6
64 78 10 3
64 79 7 10
64 80 9 8
64 81 4 10
64 82 4 1
64 83 2 3
64 84 3 1
64 85 5 2
64 86 6 9
64 88 3 8
64 90 1 5
64 91 6 2
64 92 6 9
64 93 9 10
64 95 8 9
64 96 9 8
64 97 5 4
64 98 6 6
64 99 7 3
64 100 8 6
65 67 2 6
65 69 10 8
65 70 10 4
65 71 6 6
65 72 1 5
65 73 4 3
65 74 1 4
65 75 6 5
65 76 2 7
65 78 1 5
65 79 9 8
65 80 1 5
65 85 5 1
65 86 8 5
65 87 1 4
65 88 10 2
65 89 10 4
65 90 6 9
65 91 3 10
65 92 6 6
65 93 6 10
65 94 1 5
65 96 3 9
65 97 8 4
65 98 9 10
65 99 6 2
65 100 8 2
66 67 1 6
66 68 8 7
66 69 3 2
66 70 8 2
66 72 5 6
66 73 9 5
66 75 5 5
66 76 8 3
66 77 8 1
66 78 4 2
66 79 2 6
66 80 5 5
66 81 4 10
66 82 1 10
66 83 3 2
66 84 9 1
66 87 10 2
66 88 2 7
66 90 5 5
66 91 4 3
66 92 2 6
66 93 1 6
66 94 10 2
66 96 4 4
66 99 2 1
66 100 4 4
67 69 5 1
67 70 9 1
67 71 3 2
67 72 9 10
67 75 3 10
67 76 1 10
67 77 8 7
67 78 6 1
67 79 5 5
67 83 9 8
67 84 3 5
67 85 1 5
67 87 4 7
67 88 4 10
67 89 1 4
67 93 6 9
67 94 6 4
67 97 10 10
67 98 7 10
67 100 3 7
68 69 6 10
68 70 7 5
68 72 4 9
68 73 6 4
68 74 2 6
68 75 7 5
68 76 7 8
68 78 5 7
68 79 2 3
68 82 5 10
68 83 4 2
68 84 2 1
68 85 10 7
68 86 3 9
68 87 8 2
68 88 7 5
68 89 6 1
68 90 8 7
68 92 9 5
68 93 8 7
68 94 1 9
68 96 7 5
68 97 7 7
68 98 10 1
68 99 9 3
68 100 2 8
69 70 4 10
69 71 2 5
69 72 9 5
69 73 2 10
69 74 9 9
69 76 4 4
69 77 7 5
69 78 10 8
69 79 9 6
69 80 1 7
69 83 10 2
69 84 4 1
69 85 3 10
69 86 9 10
69 87 10 9
69 90 4 7
69 91 2 9
69 93 1 5
69 94 4 10
69 95 3 5
69 96 2 5
69 97 1 3
69 98 10 8
69 99 6 4
69 100 4 3
70 72 9 8
70 74 4 5
70 75 1 1
70 76 8 6
70 78 2 2
70 79 5 10
70 80 5 3
70 81 2 7
70 82 8 6
70 83 8 2
70 85 2 5
70 86 8 2
70 87 5 7
70 88 8 10
70 89 8 2
70 90 8 6
70 92 10 2
70 93 8 1
70 94 4 6
70 95 3 6
70 96 8 9
70 97 6 5
70 98 7 3
70 99 9 4
71 72 5 1
71 73 6 7
71 74 1 9
71 76 2 4
71 77 1 10
71 78 9 3
71 79 7 8
71 82 9 5
71 83 9 1
71 84 3 1
71 85 10 9
71 86 5 8
71 88 4 9
71 90 9 8
71 91 6 5
71 92 2 2
71 93 5 9
71 94 2 8
71 95 10 10
71 96 8 5
71 97 8 6
71 98 7 10
71 99 2 3
71 100 5 10
72 73 7 9
72 75 10 3
72 78 5 10
72 79 5 2
72 80 4 7
72 81 8 9
72 83 10 1
72 84 9 2
72 85 1 5
72 86 2 9
72 87 4 5
72 88 2 2
72 91 8 9
72 92 6 3
72 93 1 2
72 94 8 1
72 95 4 4
72 96 6 8
72 97 6 9
72 99 9 1
73 74 6 4
73 75 5 4
73 76 3 8
73 77 6 1
73 78 3 10
73 79 2 6
73 80 2 4
73 81 4 6
73 82 5 9
73 83 1 8
73 86 2 3
73 87 6 6
73 88 4 6
73 89 8 7
73 90 6 5
73 92 4 7
73 94 8 1
73 95 6 2
73 96 10 7
73 97 2 10
73 98 6 1
74 75 4 4
74 76 7 6
74 77 4 1
74 78 9 7
74 80 2 3
74 81 5 4
74 82 3 3
74 83 7 9
74 84 3 4
74 85 2 5
74 86 5 6
74 87 4 9
74 89 10 3
74 90 9 3
74 91 4 6
74 94 8 9
74 95 10 5
74 96 4 3
74 97 2 2
74 98 5 9
74 99 10 1
74 100 4 7
75 76 2 2
75 77 8 5
75 78 7 6
75 79 2 1
75 80 4 10
75 82 9 5
75 83 5 7
75 84 8 8
75 85 4 4
75 87 7 10
75 88 10 5
75 90 9 2
75 91 7 3
75 94 1 10
75 95 7 5
75 96 1 4
75 97 10 2
75 99 3 5
75 100 1 1
76 77 10 4
76 78 5 4
76 79 7 5
76 80 2 6
76 81 2 1
76 83 5 9
76 84 7 5
76 85 4 6
76 88 6 1
76 89 8 3
76 90 5 3
76 91 7 4
76 92 8 8
76 93 1 8
76 95 4 8
76 96 2 4
76 97 1 9
76 98 5 2
76 100 9 6
77 80 8 3
77 81 2 9
77 82 9 4
77 83 4 4
77 84 6 2
77 85 7 6
77 87 1 3
77 88 3 10
77 89 9 7
77 90 7 3
77 91 3 10
77 92 4 4
77 93 2 10
77 94 6 1
77 96 7 1
77 97 4 2
77 99 1 1
78 79 9 9
78 80 1 7
78 81 10 2
78 82 3 8
78 84 2 6
78 85 9 8
78 87 5 7
78 88 6 6
78 89 3 10
78 90 5 9
78 91 3 4
78 92 3 5
78 93 9 6
78 96 6 5
78 98 6 3
78 99 4 3
78 100 10 7
79 80 2 10
79 82 5 8
79 83 10 5
79 85 6 2
79 86 4 8
79 87 6 6
79 88 10 10
79 89 3 8
79 90 4 5
79 92 10 5
79 93 5 9
79 94 4 4
79 95 10 2
79 96 9 3
79 98 8 7
79 99 7 4
79 100 4 9
80 81 5 7
80 82 8 3
80 83 9 9
80 84 4 7
80 85 4 5
80 86 5 10
80 89 9 9
80 91 5 8
80 92 10 4
80 93 9 3
80 94 6 8
80 95 6 4
80 96 6 9
80 98 8 10
80 99 5 7
80 100 5 8
81 82 5 3
81 83 6 9
81 85 9 4
81 86 7 9
81 87 6 6
81 88 6 7
81 90 3 5
81 91 10 9
81 92 6 4
81 93 2 10
81 94 2 9
81 95 2 1
81 96 3 2
81 97 10 2
81 98 9 8
81 99 6 3
81 100 2 5
82 83 6 7
82 84 6 3
82 85 10 4
82 86 3 9
82 87 5 6
82 88 1 5
82 90 4 5
82 92 5 3
82 94 3 1
82 96 1 3
82 98 3 10
82 99 1 9
83 85 2 2
83 87 2 9
83 89 1 6
83 90 5 3
83 91 1 5
83 92 6 7
83 93 9 8
83 94 8 4
83 96 6 4
83 98 7 6
83 100 10 3
84 85 5 6
84 86 10 9
84 88 10 6
84 89 9 5
84 90 2 7
84 91 1 9
84 92 3 4
84 94 4 9
84 95 7 7
84 96 5 1
84 98 7 3
84 99 9 3
85 87 7 5
85 88 9 5
85 89 6 3
85 91 6 2
85 92 10 8
85 93 4 6
85 94 8 1
85 95 2 9
85 97 10 10
85 98 4 7
85 100 6 10
86 88 1 7
86 89 2 4
86 90 6 5
86 91 8 7
86 92 5 7
86 93 2 2
86 94 6 8
86 95 2 3
86 96 8 9
86 97 8 2
86 99 1 6
86 100 3 8
87 88 6 10
87 89 4 2
87 90 8 3
87 91 1 1
87 92 10 3
87 93 3 5
87 94 4 4
87 95 10 10
87 96 9 7
87 97 3 10
87 99 6 5
87 100 4 4
88 89 7 3
88 90 1 8
88 92 5 3
88 93 7 1
88 94 5 1
88 98 8 3
88 99 5 4
88 100 10 8
89 90 5 10
89 91 5 2
89 92 7 3
89 93 1 1
89 94 6 5
89 100 6 7
90 93 4 1
90 94 10 4
90 95 7 10
90 96 8 5
90 97 2 4
90 98 10 7
90 99 6 10
90 100 3 6
91 92 9 5
91 95 9 6
91 96 2 7
91 97 8 6
91 98 10 3
91 99 5 4
91 100 2 6
92 93 3 8
92 94 8 5
92 95 9 1
92 96 5 3
92 97 4 8
92 98 5 8
92 99 7 10
93 94 8 10
93 95 7 8
93 96 2 10
93 97 9 5
93 98 10 3
93 99 9 10
94 95 2 8
94 96 5 1
94 97 6 9
94 98 7 5
94 99 3 2
94 100 7 5
95 96 5 10
95 97 1 5
95 98 3 9
95 99 1 4
95 100 8 10
96 97 9 3
96 98 9 6
96 99 5 6
97 100 8 1
98 99 6 7
98 100 4 2
99 100 6 8
1
1 2 3 4 5 6 7 8 9 10 11 12 13 14 15 16 17 18 19 20 21 22 23 24 25 26 27 28 29 30 31 32 33 34 35 36 37 38 39 40 41 42 43 44 45 46 47 48 49 50
