3917
1 2 9 3
1 3 6 5
1 4 2 3
1 7 6 8
1 8 10 6
1 9 7 2
1 10 8 9
1 11 10 9
1 12 7 7
1 13 2 5
1 15 7 3
1 16 2 2
1 17 5 5
1 18 4 2
1 19 9 2
1 20 4 1
1 21 9 6
1 24 5 8
1 25 6 6
1 26 10 9
1 27 5 4
1 28 7 2
1 30 3 6
1 31 7 2
1 32 10 1
1 33 4 9
1 34 3 5
1 35 10 1
1 37 10 4
1 39 10 7
1 40 8 5
1 41 9 3
1 42 1 7
1 44 1 9
1 45 9 10
1 46 1 2
1 47 1 1
1 51 3 10
1 52 5 4
1 53 10 7
1 55 3 3
1 56 7 3
1 57 10 7
1 58 5 6
1 62 2 9
1 63 2 7
1 64 7 4
1 65 5 8
1 67 7 8
1 68 6 7
1 69 9 7
1 70 9 4
1 71 5 10
1 72 1 7
1 73 4 8
1 74 6 6
1 75 9 2
1 76 10 1
1 79 10 6
1 80 7 2
1 81 3 2
1 82 7 1
1 83 9 7
1 84 6 3
1 85 8 6
1 86 5 2
1 87 1 5
1 88 2 3
1 89 1 7
1 91 5 7
1 92 8 2
1 93 3 4
1 95 2 6
1 96 9 8
1 97 5 9
1 98 10 8
1 99 1 3
1 100 5 2
2 3 7 6
2 4 3 1
2 5 2 10
2 7 8 9
2 8 9 2
2 9 8 9
2 10 6 9
2 11 4 3
2 12 4 5
2 13 2 5
2 14 2 8
2 15 4 7
2 16 2 6
2 17 8 9
2 18 9 1
2 19 2 10
2 21 9 2
2 24 6 9
2 26 6 3
2 27 4 4
2 28 3 7
2 29 6 8
2 30 10 2
2 32 4 10
2 33 5 10
2 34 9 2
2 35 6 4
2 36 3 4
2 37 1 3
2 38 6 8
2 39 3 8
2 40 9 3
2 41 2 5
2 42 8 4
2 43 8 10
2 44 6 2
2 45 2 1
2 46 9 9
2 47 6 10
2 49 6 6
2 50 10 5
2 53 10 2
2 54 7 5
2 56 4 6
2 57 7 6
2 58 6 5
2 59 8 9
2 60 4 9
2 61 9 3
2 62 5 7
2 63 4 10
2 65 3 6
2 66 1 8
2 68 7 9
2 70 2 7
2 71 8 1
2 72 3 10
2 73 9 4
2 76 8 5
2 77 2 2
2 79 6 6
2 80 2 9
2 82 6 4
2 83 1 8
2 84 1 9
2 85 3 9
2 86 10 9
2 88 1 10
2 89 2 5
2 91 8 3
2 92 5 10
2 94 7 3
2 95 1 8
2 96 9 5
2 97 4 4
2 98 9 9
2 99 1 4
2 100 4 3
3 4 9 4
3 5 1 3
3 6 1 3
3 7 10 9
3 8 4 7
3 9 9 1
3 10 6 4
3 11 6 7
3 13 8 3
3 14 1 3
3 15 4 2
3 19 9 10
3 20 9 5
3 21 6 7
3 23 9 5
3 24 6 2
3 25 5 4
3 26 9 2
3 27 8 6
3 28 2 6
3 29 6 5
3 31 3 10
3 33 6 6
3 34 8 4
3 35 9 5
3 36 1 5
3 38 5 9
3 39 4 6
3 40 2 8
3 42 8 3
3 43 10 6
3 44 9 8
3 45 2 10
3 46 3 6
3 47 10 3
3 48 3 9
3 49 2 3
3 50 5 2
3 51 6 2
3 52 9 4
3 53 8 4
3 54 5 5
3 55 2 4
3 56 9 10
3 57 6 6
3 59 4 1
3 60 10 7
3 62 1 7
3 64 5 5
3 65 4 4
3 67 8 8
3 68 1 7
3 69 7 6
3 71 10 1
3 72 3 7
3 73 10 2
3 74 5 2
3 75 9 1
3 76 4 8
3 79 7 1
3 80 8 3
3 82 5 5
3 84 9 7
3 85 7 8
3 86 9 2
3 88 9 4
3 89 6 7
3 91 8 6
3 92 7 10
3 94 4 10
3 95 2 8
3 96 3 4
3 97 7 4
3 98 8 3
3 99 7 5
3 100 6 1
4 5 1 1
4 7 1 1
4 8 1 8
4 10 5 3
4 11 8 8
4 12 7 7
4 13 6 5
4 14 9 4
4 15 6 6
4 16 7 3
4 17 6 7
4 18 1 5
4 19 3 10
4 20 4 4
4 21 2 2
4 22 3 9
4 23 10 5
4 24 9 9
4 26 7 3
4 27 9 7
4 28 9 1
4 29 10 5
4 30 9 8
4 31 4 4
4 32 5 5
4 33 10 1
4 34 1 2
4 35 4 2
4 37 8 6
4 39 9 2
4 40 6 3
4 42 6 9
4 45 4 3
4 46 3 6
4 50 5 8
4 51 9 1
4 52 9 2
4 53 9 5
4 54 9 7
4 55 9 5
4 56 10 4
4 59 1 7
4 60 3 4
4 61 1 6
4 62 4 6
4 63 10 10
4 64 7 6
4 65 1 6
4 66 10 6
4 68 4 3
4 69 4 1
4 70 6 3
4 71 2 2
4 72 1 3
4 73 10 2
4 74 4 9
4 75 1 6
4 76 3 3
4 77 7 5
4 78 1 5
4 79 6 4
4 80 6 4
4 81 3 10
4 82 7 8
4 83 7 5
4 84 10 1
4 85 8 1
4 88 8 3
4 89 4 2
4 90 10 1
4 92 2 8
4 93 8 2
4 95 6 3
4 96 8 6
4 97 4 8
4 98 7 8
5 7 6 6
5 9 5 7
5 10 1 10
5 14 3 8
5 16 9 3
5 17 1 5
5 18 1 3
5 20 5 3
5 21 8 6
5 22 1 3
5 23 6 4
5 24 2 7
5 25 8 3
5 26 6 4
5 27 2 9
5 28 4 7
5 30 4 10
5 31 7 6
5 32 6 10
5 34 3 1
5 35 2 10
5 36 5 6
5 37 10 7
5 38 4 3
5 40 4 4
5 41 8 7
5 42 5 5
5 43 5 5
5 44 4 9
5 45 8 10
5 46 5 3
5 47 3 1
5 48 5 10
5 49 2 9
5 50 2 5
5 51 8 7
5 52 9 8
5 53 4 5
5 54 6 3
5 55 7 4
5 56 3 5
5 58 8 9
5 59 6 1
5 60 9 1
5 62 3 1
5 63 2 9
5 64 1 7
5 65 3 6
5 66 6 6
5 67 2 5
5 68 9 2
5 69 8 6
5 70 2 8
5 72 1 7
5 73 5 9
5 74 2 10
5 75 4 8
5 76 1 1
5 77 3 2
5 78 10 9
5 81 1 10
5 82 2 9
5 83 10 2
5 84 8 10
5 86 4 6
5 87 10 1
5 89 7 3
5 90 1 2
5 91 8 2
5 92 5 5
5 93 8 6
5 94 3 5
5 95 1 2
5 97 1 5
5 98 5 5
5 99 5 9
5 100 9 6
6 7 7 10
6 8 7 8
6 9 10 6
6 10 8 1
6 11 3 7
6 12 8 5
6 13 3 8
6 14 5 5
6 15 6 5
6 16 9 7
6 17 8 3
6 18 6 7
6 20 4 10
6 22 1 10
6 23 5 4
6 24 3 3
6 25 3 3
6 26 9 9
6 27 4 8
6 28 4 4
6 29 1 5
6 30 2 9
6 31 6 9
6 32 8 4
6 34 7 2
6 36 10 6
6 40 4 7
6 41 5 3
6 43 9 7
6 44 6 5
6 46 4 6
6 47 1 2
6 49 5 7
6 50 10 5
6 51 3 8
6 52 5 2
6 53 6 6
6 55 7 6
6 56 7 8
6 57 5 7
6 58 10 7
6 59 6 10
6 61 4 1
6 62 9 9
6 65 9 4
6 66 8 3
6 67 6 5
6 68 10 6
6 69 1 2
6 70 10 6
6 71 8 2
6 72 3 10
6 73 6 7
6 74 2 10
6 75 1 4
6 76 2 4
6 77 1 10
6 78 2 9
6 79 2 7
6 82 5 10
6 83 9 6
6 84 3 8
6 85 10 4
6 86 8 3
6 87 6 3
6 88 3 4
6 89 9 10
6 90 4 1
6 92 2 7
6 93 2 6
6 94 8 8
6 95 6 2
6 96 10 5
6 97 5 6
6 98 9 8
6 99 10 10
6 100 8 4
7 8 3 9
7 9 3 6
7 10 5 4
7 12 4 7
7 14 1 2
7 15 4 1
7 16 2 10
7 17 7 4
7 18 2 9
7 19 4 5
7 20 3 4
7 21 6 8
7 22 2 5
7 24 3 8
7 25 7 1
7 26 9 10
7 28 6 9
7 29 2 4
7 30 1 10
7 31 4 9
7 32 9 10
7 33 2 8
7 34 7 3
7 35 4 1
7 36 3 3
7 37 8 6
7 38 6 5
7 39 3 6
7 40 4 9
7 42 2 4
7 43 7 7
7 44 10 2
7 45 5 1
7 46 7 7
7 47 5 10
7 49 3 8
7 50 8 4
7 51 5 6
7 52 2 7
7 53 4 9
7 54 9 10
7 55 4 8
7 56 7 10
7 57 8 7
7 58 2 8
7 59 3 9
7 62 7 8
7 63 2 1
7 64 6 6
7 66 6 6
7 67 5 3
7 68 6 2
7 69 3 2
7 70 4 9
7 72 5 7
7 73 6 10
7 75 3 5
7 76 10 8
7 77 4 5
7 78 10 5
7 79 5 10
7 81 7 10
7 82 4 5
7 84 3 8
7 85 7 10
7 86 9 4
7 87 9 1
7 88 6 10
7 89 4 1
7 90 6 4
7 91 5 5
7 92 8 7
7 93 6 5
7 94 2 5
7 95 2 1
7 96 4 10
7 97 5 9
7 99 10 4
7 100 1 3
8 9 6 5
8 10 9 10
8 12 9 1
8 13 5 10
8 15 8 3
8 17 5 9
8 20 4 8
8 22 5 2
8 23 3 10
8 24 2 3
8 25 7 10
8 27 4 3
8 29 8 10
8 32 8 3
8 33 2 2
8 34 3 7
8 35 6 10
8 37 5 9
8 38 8 3
8 39 5 4
8 40 4 2
8 41 7 3
8 42 6 9
8 46 6 9
8 47 10 2
8 48 9 2
8 49 9 2
8 51 7 8
8 52 9 9
8 54 6 8
8 55 9 7
8 56 1 4
8 57 8 6
8 58 7 4
8 59 10 5
8 60 8 4
8 61 3 2
8 62 1 10
8 63 3 8
8 64 9 9
8 67 3 3
8 68 6 3
8 69 9 8
8 71 8 3
8 73 8 1
8 74 7 10
8 76 9 9
8 77 8 3
8 78 6 6
8 79 5 3
8 80 2 2
8 81 5 6
8 82 9 9
8 83 3 2
8 84 7 7
8 85 10 8
8 87 8 8
8 91 1 8
8 92 6 3
8 93 2 1
8 95 2 4
8 96 10 4
8 98 2 4
8 99 1 4
9 10 7 5
9 11 1 7
9 13 5 2
9 14 6 10
9 15 6 9
9 16 6 2
9 17 5 8
9 18 2 4
9 20 9 4
9 21 5 4
9 22 4 4
9 24 10 8
9 25 9 5
9 26 2 9
9 27 8 4
9 28 3 8
9 29 7 3
9 30 10 8
9 31 5 1
9 32 3 1
9 33 7 6
9 34 6 4
9 35 9 3
9 37 6 6
9 38 4 2
9 39 3 7
9 40 1 4
9 41 1 5
9 42 1 2
9 43 1 8
9 46 7 6
9 47 2 5
9 48 2 4
9 51 8 1
9 52 8 3
9 53 7 6
9 54 8 2
9 55 1 8
9 57 4 1
9 58 5 1
9 59 9 8
9 60 3 2
9 61 5 3
9 63 9 8
9 65 6 2
9 68 1 7
9 69 3 7
9 70 6 4
9 71 3 1
9 72 4 2
9 73 10 7
9 74 10 1
9 75 3 6
9 77 1 9
9 78 6 8
9 79 10 10
9 81 6 10
9 82 8 1
9 83 7 10
9 84 4 2
9 86 9 10
9 89 7 3
9 90 3 6
9 91 6 9
9 92 9 9
9 94 10 2
9 95 10 1
9 96 9 2
9 97 2 1
9 98 7 5
9 99 4 10
9 100 1 2
10 11 3 1
10 12 2 10
10 13 1 7
10 14 9 9
10 15 6 10
10 16 4 5
10 17 7 10
10 18 10 1
10 19 1 2
10 20 3 5
10 22 3 6
10 23 4 10
10 24 8 6
10 26 6 2
10 27 1 7
10 28 2 9
10 29 2 5
10 31 6 8
10 32 5 1
10 33 5 9
10 34 1 8
10 35 2 7
10 37 1 3
10 38 1 6
10 40 1 6
10 42 7 2
10 43 10 2
10 45 8 5
10 46 10 7
10 47 2 8
10 48 10 6
10 49 3 5
10 50 1 2
10 51 6 5
10 54 10 4
10 55 10 10
10 56 9 3
10 57 7 7
10 58 2 7
10 59 2 1
10 61 7 1
10 62 3 2
10 64 9 6
10 65 7 4
10 67 7 2
10 68 10 7
10 70 5 7
10 71 5 2
10 72 3 1
10 73 2 1
10 74 10 1
10 75 5 10
10 76 4 7
10 77 5 7
10 78 8 1
10 79 2 9
10 80 5 5
10 81 3 4
10 82 10 5
10 83 5 5
10 85 2 1
10 86 4 6
10 87 9 10
10 88 10 9
10 89 6 8
10 90 2 9
10 92 9 5
10 93 4 5
10 94 4 6
10 96 9 6
10 98 7 9
10 99 7 9
11 12 9 4
11 13 1 9
11 15 1 2
11 16 1 3
11 17 5 3
11 18 5 10
11 19 9 1
11 20 2 9
11 21 1 10
11 22 9 7
11 23 7 6
11 24 7 6
11 25 7 4
11 26 6 8
11 27 8 8
11 28 6 1
11 29 4 3
11 30 9 7
11 31 7 2
11 32 3 6
11 33 8 6
11 34 2 8
11 35 2 8
11 36 3 4
11 37 5 5
11 39 9 7
11 41 1 3
11 42 8 10
11 43 1 9
11 47 6 4
11 48 4 1
11 50 1 1
11 52 9 4
11 54 10 9
11 55 8 2
11 57 6 5
11 58 3 2
11 59 8 2
11 60 8 8
11 61 1 9
11 62 2 6
11 63 6 5
11 64 4 6
11 65 1 8
11 66 7 2
11 67 1 4
11 68 4 1
11 69 2 3
11 71 5 3
11 72 9 7
11 73 3 10
11 74 2 2
11 75 7 10
11 76 3 5
11 77 3 6
11 78 6 1
11 79 3 1
11 81 1 9
11 83 4 7
11 84 1 6
11 85 3 10
11 86 10 1
11 87 10 4
11 88 6 1
11 89 2 6
11 90 4 9
11 91 5 4
11 92 5 10
11 93 6 1
11 94 4 10
11 95 7 1
11 96 7 4
11 97 9 10
11 98 6 9
11 99 2 5
11 100 9 8
12 13 8 2
12 14 7 4
12 16 7 10
12 18 5 10
12 19 1 10
12 20 3 10
12 21 7 5
12 23 1 6
12 24 6 10
12 25 7 7
12 26 8 10
12 27 9 4
12 28 8 9
12 30 1 7
12 31 1 5
12 33 6 10
12 34 2 6
12 35 4 2
12 36 1 3
12 37 1 1
12 38 8 9
12 39 7 10
12 41 6 3
12 42 4 9
12 44 8 9
12 45 6 2
12 46 1 10
12 48 3 2
12 49 4 7
12 50 7 2
12 53 9 8
12 54 9 1
12 55 9 1
12 57 3 10
12 58 3 1
12 61 8 3
12 62 8 5
12 63 9 10
12 65 3 6
12 67 5 5
12 68 8 7
12 69 1 7
12 70 9 3
12 71 8 2
12 74 6 5
12 75 6 2
12 76 6 10
12 77 1 10
12 78 7 4
12 79 9 3
12 80 7 2
12 81 4 10
12 82 4 4
12 83 1 2
12 85 8 1
12 86 5 4
12 87 2 10
12 88 9 3
12 89 8 2
12 90 4 1
12 92 3 1
12 93 10 10
12 94 3 1
12 95 7 6
12 96 3 1
12 97 1 8
12 98 5 2
13 14 10 4
13 15 3 7
13 16 1 1
13 18 5 10
13 19 2 10
13 21 2 3
13 23 3 10
13 24 3 2
13 25 1 6
13 26 9 2
13 28 8 1
13 29 8 7
13 31 1 1
13 32 9 7
13 33 9 1
13 34 2 10
13 35 3 10
13 36 2 7
13 37 10 5
13 38 2 4
13 39 5 5
13 40 7 5
13 41 3 7
13 43 1 10
13 44 2 9
13 45 10 5
13 46 10 2
13 47 8 6
13 48 3 3
13 49 10 6
13 50 10 7
13 51 3 10
13 52 10 2
13 53 5 9
13 54 8 2
13 55 8 10
13 56 7 6
13 57 2 9
13 58 10 4
13 60 4 8
13 61 6 2
13 62 6 3
13 63 1 1
13 64 7 6
13 67 3 7
13 68 10 10
13 69 6 5
13 70 3 4
13 71 3 9
13 72 7 8
13 75 7 9
13 76 9 6
13 77 10 3
13 79 10 7
13 80 9 9
13 81 2 9
13 82 2 6
13 83 6 7
13 84 8 2
13 85 2 2
13 86 3 1
13 87 1 2
13 89 4 3
13 91 2 2
13 92 5 3
13 94 6 8
13 95 6 6
13 96 6 9
13 97 5 8
13 98 3 8
13 99 2 4
13 100 9 5
14 15 10 7
14 16 3 2
14 17 6 4
14 18 1 9
14 20 4 4
14 21 8 8
14 22 2 6
14 24 5 5
14 25 5 9
14 26 4 2
14 27 7 6
14 29 10 3
14 30 7 1
14 31 1 6
14 33 7 1
14 34 2 4
14 35 3 9
14 36 6 10
14 37 8 2
14 38 4 3
14 40 5 5
14 41 8 7
14 42 8 4
14 43 6 3
14 44 2 5
14 45 8 9
14 46 5 3
14 47 4 7
14 48 6 9
14 49 2 6
14 50 7 4
14 51 4 4
14 52 1 8
14 53 5 2
14 55 10 6
14 56 6 1
14 57 5 3
14 58 2 4
14 60 7 1
14 61 9 1
14 62 2 6
14 63 4 7
14 64 7 10
14 65 8 9
14 66 3 9
14 67 7 1
14 68 7 4
14 69 5 10
14 70 2 9
14 71 8 6
14 73 1 6
14 74 6 6
14 77 3 2
14 79 8 2
14 80 8 1
14 81 4 6
14 82 9 2
14 83 1 9
14 85 3 10
14 87 2 2
14 88 1 10
14 89 4 8
14 90 9 3
14 93 1 4
14 95 4 2
14 96 5 10
14 97 8 6
14 98 10 8
14 100 10 10
15 16 9 7
15 17 4 9
15 18 8 3
15 19 4 7
15 20 9 4
15 21 3 2
15 22 4 2
15 23 10 7
15 24 5 5
15 26 2 5
15 27 10 10
15 28 6 8
15 30 8 7
15 31 9 1
15 33 9 4
15 35 5 4
15 36 8 5
15 37 10 1
15 38 10 2
15 39 6 8
15 40 10 10
15 41 6 6
15 43 2 3
15 44 2 1
15 45 1 7
15 47 6 5
15 48 5 5
15 49 10 9
15 52 6 8
15 54 2 5
15 56 5 2
15 57 2 7
15 58 6 3
15 59 3 5
15 61 5 9
15 62 8 1
15 65 7 7
15 66 9 1
15 67 8 5
15 68 10 6
15 69 9 6
15 70 6 5
15 71 4 6
15 72 3 9
15 73 6 6
15 74 9 4
15 75 8 1
15 76 10 4
15 77 8 5
15 78 1 10
15 80 3 1
15 81 6 1
15 82 4 6
15 83 6 4
15 84 1 10
15 85 4 9
15 86 10 4
15 87 7 9
15 88 8 9
15 89 4 8
15 90 6 10
15 91 10 5
15 92 1 4
15 93 4 4
15 94 8 10
15 95 3 4
15 97 7 5
15 98 10 3
15 99 10 6
15 100 5 2
16 17 3 5
16 18 4 6
16 19 4 4
16 20 8 8
16 21 9 7
16 22 7 6
16 23 8 5
16 27 4 3
16 28 4 1
16 30 1 4
16 31 7 9
16 32 5 9
16 33 8 9
16 34 9 8
16 36 2 9
16 37 4 1
16 38 10 10
16 40 2 8
16 41 3 3
16 42 7 3
16 43 8 8
16 45 7 8
16 46 8 5
16 47 2 2
16 48 7 10
16 49 2 2
16 50 9 8
16 52 6 8
16 53 7 10
16 54 4 7
16 55 6 9
16 56 1 3
16 57 9 7
16 58 6 7
16 59 10 8
16 60 7 9
16 61 8 7
16 62 5 10
16 63 5 9
16 64 10 6
16 65 9 1
16 67 5 1
16 68 10 3
16 70 8 7
16 71 10 2
16 73 4 4
16 74 7 3
16 75 5 6
16 76 3 2
16 77 4 2
16 78 4 3
16 80 6 2
16 81 10 4
16 82 5 10
16 83 3 2
16 84 7 5
16 85 3 1
16 86 5 2
16 87 6 8
16 88 5 5
16 89 10 7
16 90 10 2
16 92 10 8
16 93 9 6
16 94 9 7
16 95 10 10
16 96 4 3
16 98 4 1
16 99 6 7
16 100 10 3
17 18 6 1
17 19 9 7
17 22 8 5
17 23 3 6
17 25 4 2
17 26 8 3
17 27 8 3
17 28 1 8
17 29 3 6
17 31 6 9
17 32 4 10
17 33 7 4
17 34 5 7
17 37 4 6
17 38 2 7
17 39 4 9
17 40 4 6
17 41 7 6
17 42 7 8
17 43 9 7
17 46 5 2
17 47 7 10
17 48 7 10
17 49 3 2
17 51 10 7
17 52 7 9
17 53 9 10
17 55 4 10
17 57 10 1
17 58 3 7
17 59 8 9
17 60 9 1
17 61 5 6
17 63 3 4
17 64 4 1
17 65 9 4
17 67 10 2
17 68 6 2
17 70 7 5
17 71 8 8
17 72 8 5
17 73 4 5
17 74 2 6
17 75 2 7
17 76 7 8
17 79 5 8
17 80 4 2
17 81 9 2
17 82 6 3
17 83 1 3
17 84 2 2
17 86 8 8
17 88 3 2
17 89 10 10
17 90 2 6
17 91 8 6
17 92 10 9
17 93 6 3
17 94 5 4
17 95 6 3
17 96 5 6
17 97 6 10
17 98 7 3
17 99 1 10
17 100 1 9
18 20 6 1
18 22 7 3
18 24 9 10
18 25 5 5
18 27 3 6
18 28 10 3
18 30 9 1
18 31 5 6
18 33 1 4
18 34 10 1
18 35 6 7
18 36 1 7
18 37 1 9
18 40 10 5
18 41 2 2
18 42 2 1
18 44 3 7
18 48 1 7
18 50 1 3
18 51 4 8
18 52 7 3
18 53 9 3
18 55 8 5
18 61 6 8
18 62 8 9
18 63 6 6
18 64 3 8
18 65 6 7
18 66 10 2
18 69 3 6
18 70 5 10
18 71 4 6
18 72 10 5
18 73 8 4
18 75 8 5
18 76 2 7
18 78 6 5
18 81 1 7
18 82 5 1
18 83 3 9
18 84 7 10
18 87 9 8
18 89 6 8
18 90 6 3
18 91 6 2
18 92 1 9
18 94 10 6
18 95 4 4
18 96 1 10
18 98 5 7
18 99 8 4
18 100 9 2
19 20 5 5
19 22 9 2
19 23 7 1
19 24 5 7
19 26 5 7
19 28 4 4
19 29 8 1
19 30 3 5
19 31 5 2
19 34 8 2
19 35 9 10
19 37 1 3
19 39 9 7
19 40 9 2
19 41 8 4
19 42 10 7
19 44 9 2
19 45 1 7
19 46 1 8
19 47 3 7
19 48 3 8
19 50 7 10
19 51 7 4
19 53 6 6
19 54 6 10
19 55 5 8
19 56 8 10
19 59 1 2
19 60 9 1
19 61 8 6
19 63 10 9
19 66 3 10
19 67 8 2
19 68 4 7
19 70 7 3
19 72 7 9
19 73 9 10
19 74 6 9
19 75 1 9
19 76 3 6
19 78 5 9
19 79 6 8
19 81 3 5
19 82 10 1
19 83 8 10
19 84 3 1
19 85 10 10
19 86 4 6
19 88 5 1
19 89 9 4
19 90 10 6
19 93 1 9
19 94 2 10
19 98 3 6
19 100 1 10
20 21 1 3
20 22 10 1
20 23 10 7
20 24 2 8
20 25 1 9
20 26 3 2
20 27 2 9
20 28 9 4
20 29 4 1
20 31 3 1
20 33 7 4
20 34 9 3
20 35 8 10
20 36 10 3
20 37 5 8
20 39 6 8
20 40 4 8
20 42 10 10
20 43 5 2
20 44 8 7
20 45 5 9
20 46 3 3
20 47 9 2
20 49 1 7
20 51 6 10
20 52 6 9
20 53 4 6
20 54 9 6
20 55 7 2
20 56 3 4
20 57 8 7
20 60 7 1
20 62 8 10
20 63 4 8
20 66 4 8
20 67 4 1
20 69 5 2
20 70 7 6
20 71 8 5
20 72 7 1
20 73 2 9
20 74 6 8
20 75 5 1
20 76 10 10
20 80 2 3
20 81 10 7
20 82 1 5
20 83 3 6
20 84 9 5
20 85 2 9
20 86 6 5
20 87 8 2
20 88 5 2
20 89 1 8
20 90 5 5
20 91 2 9
20 93 7 3
20 94 2 6
20 95 2 6
20 96 4 2
20 97 8 1
20 98 9 10
20 99 6 1
20 100 9 10
21 23 10 6
21 24 2 10
21 25 1 5
21 26 5 2
21 27 6 1
21 28 10 3
21 29 7 1
21 30 9 1
21 31 1 8
21 35 1 2
21 36 8 4
21 37 4 4
21 39 5 7
21 40 6 3
21 41 8 8
21 43 10 7
21 44 4 7
21 46 3 9
21 47 8 4
21 48 4 9
21 49 3 6
21 50 6 2
21 52 6 5
21 53 8 3
21 54 9 4
21 55 8 8
21 57 1 7
21 58 3 4
21 60 10 2
21 61 3 8
21 62 5 7
21 63 2 7
21 64 6 3
21 66 5 2
21 67 9 1
21 69 6 7
21 70 8 8
21 71 8 2
21 72 2 1
21 73 9 6
21 74 4 8
21 75 7 7
21 76 2 2
21 77 1 9
21 78 7 1
21 79 3 1
21 80 1 6
21 82 1 9
21 83 5 10
21 85 8 10
21 87 5 7
21 88 4 7
21 89 2 7
21 90 7 3
21 91 4 5
21 92 1 3
21 93 8 3
21 94 3 10
21 95 7 6
21 96 3 10
21 97 3 6
21 98 10 8
21 99 10 7
21 100 3 5
22 24 8 8
22 26 9 6
22 27 8 2
22 28 3 10
22 29 1 4
22 30 9 10
22 31 2 9
22 32 4 4
22 34 2 9
22 35 8 10
22 36 2 1
22 38 8 7
22 39 8 6
22 42 8 10
22 43 10 6
22 44 3 5
22 46 7 7
22 47 3 5
22 48 9 1
22 49 1 3
22 50 8 10
22 51 4 4
22 53 5 3
22 57 6 5
22 58 8 7
22 59 10 9
22 60 3 7
22 62 6 1
22 63 9 7
22 64 6 3
22 66 3 6
22 69 2 5
22 70 7 6
22 72 10 10
22 73 5 2
22 75 10 10
22 76 1 3
22 77 9 3
22 80 10 2
22 81 2 8
22 83 6 6
22 84 9 9
22 85 2 2
22 87 1 6
22 88 6 1
22 89 6 2
22 90 2 6
22 91 8 10
22 92 6 7
22 93 4 9
22 94 3 4
22 95 6 2
22 96 8 8
22 97 4 8
22 98 1 2
22 99 2 1
22 100 4 3
23 24 3 8
23 25 5 7
23 26 5 6
23 28 7 8
23 29 4 5
23 30 6 2
23 31 3 4
23 32 10 2
23 33 1 8
23 35 10 3
23 36 5 2
23 37 1 3
23 38 6 1
23 39 2 7
23 40 3 10
23 41 5 10
23 43 10 8
23 44 10 10
23 45 10 7
23 47 1 5
23 48 10 1
23 50 5 8
23 52 5 1
23 54 4 8
23 55 4 1
23 56 7 9
23 59 3 4
23 60 9 7
23 61 1 7
23 62 1 4
23 63 3 7
23 64 9 2
23 67 6 7
23 68 5 5
23 70 1 4
23 71 1 1
23 72 7 6
23 74 9 3
23 75 7 9
23 76 5 2
23 77 8 4
23 78 4 4
23 80 7 1
23 82 6 2
23 84 7 9
23 85 8 9
23 86 9 1
23 87 9 1
23 88 7 8
23 89 9 9
23 90 5 9
23 91 6 6
23 92 5 9
23 93 4 1
23 94 5 6
23 95 4 5
23 97 6 8
23 98 5 4
23 100 10 4
24 25 5 10
24 26 3 9
24 27 4 10
24 28 9 1
24 29 3 10
24 30 10 3
24 31 1 5
24 32 1 8
24 33 3 4
24 34 3 1
24 35 6 10
24 36 5 6
24 37 8 6
24 39 2 1
24 40 2 9
24 42 8 10
24 43 3 6
24 44 9 6
24 45 5 2
24 46 2 4
24 47 8 5
24 48 3 10
24 50 7 3
24 51 2 1
24 52 4 6
24 53 8 6
24 54 1 5
24 55 5 6
24 58 7 9
24 59 10 9
24 60 8 8
24 61 8 2
24 62 4 2
24 63 5 3
24 64 8 5
24 65 1 2
24 66 2 4
24 68 6 10
24 69 3 4
24 70 5 10
24 71 9 10
24 72 5 3
24 73 9 1
24 74 6 3
24 78 10 7
24 79 1 6
24 80 2 3
24 81 4 6
24 83 9 8
24 84 5 3
24 86 8 7
24 87 1 10
24 88 10 1
24 89 8 1
24 90 8 3
24 92 8 1
24 94 9 10
24 95 9 10
24 96 2 5
24 98 8 2
24 99 3 5
24 100 6 4
25 26 7 7
25 27 1 3
25 28 9 3
25 30 3 6
25 31 7 8
25 32 3 3
25 33 10 1
25 34 10 4
25 35 7 9
25 36 4 5
25 37 4 10
25 38 5 3
25 39 8 10
25 40 6 2
25 42 5 7
25 43 10 7
25 44 1 4
25 46 7 2
25 47 5 2
25 49 7 4
25 51 5 6
25 53 3 5
25 55 2 7
25 56 10 6
25 58 5 6
25 59 4 3
25 60 2 9
25 62 10 9
25 63 7 1
25 64 10 5
25 65 7 10
25 66 4 2
25 67 10 2
25 68 1 1
25 69 5 1
25 70 9 8
25 71 9 8
25 72 7 8
25 73 8 5
25 74 4 10
25 75 4 7
25 76 2 4
25 77 9 1
25 78 2 5
25 79 4 2
25 80 2 2
25 81 4 4
25 82 3 7
25 84 6 4
25 87 10 3
25 88 10 6
25 89 3 2
25 90 4 9
25 91 4 2
25 92 6 3
25 93 5 10
25 94 3 5
25 95 3 10
25 96 4 7
25 97 2 2
25 98 6 1
25 99 10 9
25 100 6 6
26 28 6 7
26 29 4 1
26 30 2 1
26 31 7 7
26 33 1 9
26 34 7 1
26 35 5 8
26 36 9 10
26 37 7 7
26 38 9 5
26 39 9 1
26 40 4 5
26 42 6 8
26 43 2 5
26 45 1 3
26 46 5 5
26 47 2 1
26 48 10 3
26 49 7 9
26 50 10 3
26 51 8 1
26 52 5 1
26 53 1 6
26 54 3 3
26 57 3 2
26 59 7 7
26 60 5 4
26 61 5 2
26 62 5 8
26 63 5 4
26 64 3 3
26 65 9 5
26 66 5 7
26 67 1 3
26 69 8 2
26 70 5 3
26 72 3 3
26 73 2 7
26 74 7 1
26 75 2 6
26 76 4 7
26 77 6 6
26 78 5 5
26 79 9 4
26 81 7 2
26 82 2 10
26 84 4 6
26 85 8 1
26 87 8 6
26 90 5 3
26 91 6 10
26 92 1 4
26 93 4 6
26 95 1 9
26 98 2 8
26 100 5 6
27 28 10 2
27 29 1 7
27 30 2 4
27 33 3 2
27 34 5 4
27 35 10 8
27 37 10 8
27 38 5 7
27 39 6 8
27 40 10 9
27 41 5 5
27 42 8 10
27 44 6 3
27 46 7 5
27 47 9 2
27 48 5 7
27 49 9 6
27 50 10 8
27 51 10 4
27 52 2 10
27 53 3 4
27 56 1 5
27 57 9 8
27 58 4 5
27 59 3 10
27 60 9 10
27 61 9 5
27 62 2 5
27 63 1 7
27 65 8 7
27 66 3 8
27 67 8 2
27 70 1 8
27 71 3 3
27 72 1 9
27 73 4 1
27 74 8 9
27 75 10 6
27 77 4 6
27 80 4 8
27 81 1 2
27 82 9 10
27 83 6 7
27 85 4 4
27 87 9 2
27 88 3 3
27 89 9 9
27 90 2 3
27 91 7 1
27 93 2 9
27 95 10 7
27 96 1 9
27 97 9 4
27 98 7 8
27 99 6 10
27 100 3 9
28 29 10 8
28 31 1 6
28 32 9 7
28 33 4 8
28 35 8 5
28 36 7 10
28 37 3 5
28 38 2 7
28 39 3 5
28 40 5 10
28 41 3 8
28 42 2 7
28 43 1 7
28 45 8 3
28 46 6 7
28 49 5 4
28 51 9 10
28 52 5 3
28 53 4 1
28 55 6 1
28 56 7 1
28 57 10 1
28 58 7 10
28 59 7 10
28 60 5 7
28 61 10 5
28 62 2 2
28 63 4 5
28 64 10 4
28 65 3 2
28 67 5 6
28 68 9 10
28 69 2 1
28 70 7 9
28 71 5 6
28 72 1 10
28 73 6 9
28 74 3 10
28 75 5 4
28 76 1 2
28 77 6 7
28 78 4 1
28 80 1 10
28 82 2 4
28 84 1 6
28 85 2 5
28 87 7 6
28 88 3 8
28 89 4 4
28 91 3 8
28 92 2 8
28 93 2 7
28 94 8 2
28 95 1 10
28 96 3 6
28 97 1 4
28 98 8 5
28 99 3 3
29 30 8 8
29 31 6 1
29 33 4 3
29 38 7 10
29 39 8 4
29 40 4 3
29 41 7 5
29 42 1 3
29 44 10 7
29 45 2 4
29 47 4 3
29 48 7 1
29 49 9 9
29 50 9 6
29 51 3 1
29 52 1 7
29 53 5 10
29 54 7 8
29 55 3 7
29 57 1 7
29 58 8 1
29 59 10 9
29 60 3 7
29 61 10 7
29 62 8 2
29 63 7 6
29 64 7 6
29 65 5 10
29 66 9 5
29 67 7 2
29 69 6 9
29 70 2 8
29 72 4 9
29 73 2 3
29 74 2 5
29 75 2 4
29 76 3 3
29 77 2 4
29 79 6 1
29 82 4 1
29 83 7 10
29 84 5 3
29 85 2 4
29 87 5 9
29 88 10 5
29 89 1 2
29 90 9 1
29 91 9 4
29 93 3 2
29 94 3 4
29 95 4 8
29 97 1 3
29 98 10 8
29 99 2 9
29 100 8 6
30 31 8 7
30 33 10 5
30 35 10 5
30 37 8 9
30 38 10 7
30 39 9 1
30 41 8 8
30 44 7 5
30 45 2 9
30 46 1 8
30 47 8 10
30 48 2 4
30 51 10 2
30 52 9 4
30 53 10 4
30 55 10 5
30 56 6 6
30 58 2 6
30 59 9 7
30 60 3 3
30 62 8 9
30 63 1 10
30 64 9 2
30 65 3 2
30 66 1 2
30 67 10 5
30 68 2 9
30 69 1 7
30 70 4 3
30 71 10 7
30 72 1 8
30 73 3 1
30 74 5 1
30 75 10 8
30 76 6 1
30 77 5 9
30 78 10 3
30 79 4 6
30 80 9 6
30 81 2 1
30 82 3 7
30 83 4 7
30 84 6 6
30 86 10 3
30 87 2 5
30 89 8 10
30 90 1 3
30 91 9 2
30 92 6 5
30 93 10 10
30 94 8 1
30 95 2 2
30 96 5 4
30 98 4 6
30 99 1 2
30 100 8 5
31 33 8 6
31 34 6 2
31 35 6 4
31 36 5 4
31 37 3 9
31 39 6 3
31 40 9 2
31 41 3 2
31 42 1 4
31 43 4 10
31 45 6 9
31 46 8 4
31 47 4 10
31 48 4 10
31 49 7 8
31 50 6 5
31 51 1 1
31 52 4 4
31 53 5 10
31 54 1 2
31 55 2 6
31 56 7 9
31 60 4 7
31 61 2 7
31 63 3 10
31 65 3 8
31 66 6 2
31 67 10 6
31 68 2 3
31 70 10 4
31 71 2 5
31 72 1 3
31 73 4 1
31 74 6 1
31 76 10 4
31 77 1 9
31 78 4 10
31 79 2 3
31 80 5 8
31 81 4 5
31 82 6 10
31 85 3 3
31 87 5 9
31 88 5 4
31 90 1 10
31 91 10 9
31 92 6 8
31 93 9 4
31 94 2 3
31 95 1 8
31 96 8 4
31 97 1 5
31 98 10 3
31 99 8 6
31 100 7 6
32 33 10 10
32 35 9 6
32 36 10 10
32 38 2 7
32 39 7 7
32 40 2 6
32 42 6 9
32 45 4 9
32 46 1 6
32 47 7 8
32 48 8 8
32 49 9 2
32 50 4 1
32 51 4 3
32 52 3 7
32 53 6 10
32 54 1 4
32 55 8 6
32 57 2 2
32 58 8 4
32 59 5 1
32 61 2 9
32 62 7 6
32 63 5 7
32 64 3 5
32 65 2 5
32 66 7 10
32 67 4 8
32 68 8 4
32 69 6 5
32 70 1 1
32 71 6 5
32 72 9 9
32 74 5 7
32 76 1 5
32 77 1 9
32 78 9 4
32 79 5 9
32 80 1 4
32 81 8 9
32 82 5 9
32 83 8 2
32 84 3 2
32 89 4 3
32 90 7 9
32 91 6 5
32 92 1 3
32 94 6 9
32 95 4 6
32 96 10 2
32 97 8 3
32 98 9 4
32 99 6 8
32 100 3 5
33 34 10 7
33 35 10 9
33 36 7 6
33 37 3 5
33 38 7 4
33 39 9 6
33 40 9 9
33 41 1 8
33 42 6 7
33 43 1 6
33 44 3 5
33 45 5 10
33 46 4 10
33 47 2 6
33 48 5 10
33 49 4 9
33 50 2 7
33 51 3 6
33 52 2 10
33 53 6 10
33 55 8 4
33 57 2 10
33 58 1 10
33 61 8 8
33 62 2 2
33 64 6 3
33 66 10 5
33 69 2 5
33 70 7 9
33 71 10 2
33 72 10 5
33 73 10 3
33 74 6 1
33 75 7 1
33 77 7 8
33 78 5 7
33 79 6 1
33 80 3 8
33 82 3 1
33 85 7 8
33 86 3 1
33 87 7 9
33 88 9 5
33 89 6 6
33 90 2 4
33 92 9 3
33 94 10 10
33 96 5 4
33 97 3 3
33 99 4 1
33 100 4 2
34 35 2 7
34 36 3 2
34 37 1 3
34 39 3 5
34 40 6 5
34 41 5 9
34 42 8 3
34 43 1 6
34 44 1 6
34 45 2 4
34 46 8 7
34 47 2 9
34 48 1 1
34 49 8 6
34 50 3 10
34 51 1 3
34 52 4 1
34 53 3 4
34 54 1 7
34 56 4 7
34 58 7 7
34 59 3 4
34 62 3 3
34 63 10 7
34 64 10 10
34 65 2 9
34 67 5 3
34 68 2 6
34 70 3 7
34 71 9 5
34 72 7 3
34 73 10 1
34 74 1 2
34 75 10 2
34 76 7 9
34 77 10 5
34 78 4 8
34 79 1 5
34 80 1 10
34 81 9 3
34 82 1 1
34 83 7 9
34 84 10 3
34 85 5 8
34 86 1 1
34 87 8 4
34 88 3 7
34 90 3 3
34 92 5 8
34 93 7 4
34 94 8 7
34 95 3 4
34 96 1 6
34 100 2 8
35 36 1 4
35 39 8 6
35 40 10 9
35 41 6 6
35 42 10 9
35 43 6 3
35 44 3 5
35 45 3 7
35 46 9 7
35 47 7 9
35 48 5 3
35 49 2 2
35 53 4 1
35 54 10 2
35 55 3 3
35 56 5 8
35 57 10 10
35 58 9 10
35 60 8 3
35 61 3 6
35 62 8 1
35 64 5 6
35 65 6 6
35 66 7 3
35 67 7 7
35 68 6 1
35 69 1 4
35 70 3 10
35 71 8 4
35 72 7 8
35 73 7 6
35 74 10 7
35 76 5 7
35 78 4 3
35 79 3 4
35 80 4 5
35 81 8 3
35 82 3 9
35 83 8 6
35 85 8 10
35 86 3 7
35 87 10 5
35 88 3 8
35 89 9 9
35 90 2 9
35 91 8 4
35 92 3 3
35 93 7 8
35 94 6 2
35 95 3 5
35 96 6 9
35 97 4 4
35 98 1 3
35 99 6 1
35 100 1 7
36 38 8 7
36 39 7 7
36 40 3 8
36 41 4 1
36 43 9 10
36 44 1 9
36 45 3 2
36 46 10 1
36 47 2 1
36 48 5 8
36 49 1 9
36 50 6 3
36 51 7 3
36 52 6 6
36 54 5 1
36 55 5 2
36 56 3 3
36 57 2 4
36 59 8 5
36 60 9 4
36 61 4 6
36 63 6 4
36 64 10 1
36 65 1 5
36 67 5 3
36 68 8 10
36 69 7 8
36 70 9 9
36 72 5 6
36 73 10 7
36 75 2 7
36 76 8 5
36 77 1 8
36 78 9 5
36 79 9 3
36 80 6 8
36 81 1 9
36 82 10 6
36 83 3 6
36 85 8 7
36 86 9 4
36 87 2 5
36 88 6 6
36 89 9 3
36 90 6 8
36 91 8 8
36 92 6 3
36 93 7 6
36 94 7 10
36 97 9 1
36 98 1 7
36 100 7 2
37 38 5 4
37 39 5 2
37 41 2 4
37 42 2 7
37 43 9 7
37 44 7 2
37 45 4 7
37 46 8 10
37 47 9 6
37 48 6 2
37 49 5 10
37 50 9 5
37 52 8 9
37 53 6 6
37 54 4 6
37 55 6 2
37 56 9 4
37 57 9 7
37 58 6 3
37 60 10 2
37 61 6 4
37 62 2 6
37 63 6 7
37 64 7 10
37 65 9 9
37 66 1 7
37 67 6 8
37 68 4 2
37 69 8 6
37 71 7 10
37 72 5 5
37 73 7 10
37 74 5 2
37 76 6 5
37 77 8 10
37 78 4 7
37 79 7 6
37 80 10 3
37 81 5 6
37 82 9 10
37 83 2 8
37 84 8 5
37 85 2 9
37 86 2 1
37 87 1 3
37 89 4 8
37 90 4 3
37 91 8 4
37 92 1 8
37 95 9 2
37 96 4 2
37 97 6 9
37 98 6 9
37 99 7 3
37 100 7 9
38 39 9 5
38 40 10 9
38 41 10 10
38 42 8 1
38 43 7 1
38 44 9 9
38 45 1 4
38 46 9 5
38 47 2 2
38 48 10 7
38 49 6 6
38 50 1 4
38 51 4 6
38 52 6 7
38 53 10 7
38 54 3 1
38 56 10 8
38 57 5 7
38 59 8 5
38 60 4 1
38 61 10 5
38 63 1 8
38 65 9 2
38 66 8 5
38 68 7 9
38 69 2 2
38 70 7 9
38 71 3 2
38 72 2 4
38 76 9 7
38 78 1 10
38 80 9 3
38 83 8 3
38 84 7 6
38 85 2 2
38 86 3 9
38 87 2 6
38 88 2 2
38 89 4 2
38 90 4 6
38 91 1 10
38 92 5 3
38 95 9 10
38 96 5 1
38 97 7 3
38 98 6 1
38 99 4 1
38 100 2 2
39 40 1 10
39 41 2 6
39 42 10 7
39 43 3 7
39 44 7 1
39 46 7 6
39 47 6 6
39 49 6 8
39 50 2 9
39 51 3 1
39 52 4 6
39 53 1 1
39 54 9 9
39 55 9 4
39 56 9 3
39 57 8 3
39 59 8 5
39 62 2 10
39 63 4 2
39 64 5 7
39 65 6 7
39 66 4 3
39 67 4 3
39 68 5 10
39 69 5 1
39 71 5 3
39 73 7 3
39 75 9 1
39 76 4 6
39 77 2 5
39 78 9 8
39 79 3 2
39 80 9 4
39 81 6 10
39 82 10 3
39 83 3 2
39 84 2 3
39 85 7 3
39 86 6 10
39 88 8 9
39 89 9 4
39 90 4 2
39 92 10 4
39 93 7 3
39 94 9 7
39 97 6 10
39 98 1 3
39 99 5 7
39 100 9 5
40 42 2 1
40 44 4 6
40 45 2 6
40 46 9 5
40 48 1 2
40 49 7 5
40 50 3 4
40 51 2 6
40 52 8 6
40 53 1 8
40 54 4 7
40 55 8 8
40 56 10 5
40 57 4 5
40 58 10 7
40 59 9 1
40 60 9 8
40 61 5 1
40 62 4 9
40 63 9 4
40 64 7 6
40 65 7 3
40 67 1 6
40 68 8 3
40 69 5 10
40 70 7 4
40 71 5 4
40 73 4 7
40 74 8 7
40 75 8 8
40 77 8 3
40 78 1 4
40 79 6 4
40 81 7 9
40 82 9 9
40 83 6 5
40 84 2 5
40 85 9 10
40 86 1 10
40 87 1 4
40 89 1 1
40 91 1 10
40 92 10 5
40 93 2 10
40 94 6 8
40 95 6 3
40 98 10 9
40 99 1 7
40 100 1 1
41 42 7 7
41 43 10 4
41 44 5 6
41 45 5 4
41 47 10 4
41 48 5 6
41 50 7 5
41 52 3 10
41 53 8 2
41 54 4 4
41 55 8 5
41 56 5 9
41 57 3 4
41 58 10 9
41 59 5 7
41 61 6 1
41 63 6 6
41 64 9 10
41 66 9 10
41 67 2 1
41 68 10 6
41 69 6 6
41 71 8 5
41 72 6 8
41 73 4 1
41 74 7 7
41 75 5 7
41 76 5 6
41 77 10 4
41 78 7 4
41 79 10 6
41 80 4 1
41 81 8 4
41 82 9 3
41 83 5 8
41 84 10 6
41 85 6 2
41 86 2 10
41 87 2 3
41 88 3 2
41 91 7 9
41 92 7 1
41 93 5 3
41 94 10 8
41 95 1 10
41 97 5 6
41 98 3 9
41 99 5 3
42 43 4 10
42 44 7 2
42 45 2 9
42 47 5 6
42 48 5 2
42 49 9 5
42 50 9 4
42 51 7 9
42 52 4 6
42 53 1 9
42 54 7 7
42 56 7 10
42 57 9 6
42 59 4 10
42 60 4 3
42 65 6 7
42 66 3 4
42 67 9 6
42 68 6 4
42 69 9 4
42 70 6 2
42 71 9 5
42 72 4 5
42 73 1 4
42 74 5 2
42 75 7 2
42 76 8 2
42 77 4 10
42 78 6 10
42 79 6 10
42 80 3 10
42 81 7 10
42 82 9 8
42 83 7 10
42 86 7 9
42 87 6 3
42 88 5 1
42 89 9 10
42 90 4 10
42 95 10 10
42 97 8 2
42 98 4 3
42 99 9 1
42 100 10 6
43 44 10 9
43 45 3 1
43 47 2 4
43 49 9 3
43 50 9 5
43 51 1 5
43 52 6 6
43 53 6 9
43 54 7 10
43 56 9 4
43 57 7 4
43 58 9 2
43 59 2 2
43 60 6 6
43 61 1 9
43 62 7 2
43 63 4 5
43 64 2 7
43 65 10 2
43 66 3 4
43 68 2 5
43 69 6 10
43 71 6 3
43 73 3 6
43 77 3 3
43 79 3 3
43 80 2 9
43 81 8 8
43 82 10 10
43 83 6 4
43 84 1 5
43 85 3 10
43 86 5 1
43 88 10 1
43 89 3 8
43 90 6 6
43 91 6 6
43 92 8 7
43 93 5 7
43 94 7 2
43 95 5 6
43 96 3 7
43 97 2 8
43 98 5 5
43 99 9 1
43 100 10 7
44 45 5 2
44 48 4 10
44 49 4 3
44 50 1 1
44 52 1 8
44 53 6 7
44 54 10 4
44 55 6 8
44 57 7 6
44 58 6 8
44 59 5 5
44 60 8 4
44 62 1 1
44 63 6 2
44 64 8 8
44 65 10 7
44 66 6 3
44 67 7 5
44 68 3 2
44 69 10 3
44 70 4 6
44 72 2 8
44 73 7 7
44 74 1 1
44 75 9 8
44 77 1 2
44 78 10 8
44 79 9 3
44 80 2 7
44 81 10 4
44 82 2 1
44 84 8 2
44 85 4 6
44 86 7 1
44 87 7 5
44 88 3 10
44 89 2 8
44 90 2 1
44 91 3 8
44 92 1 4
44 93 9 2
44 95 1 7
44 96 1 1
44 97 4 3
44 99 10 10
45 46 5 2
45 48 1 1
45 50 9 3
45 51 9 9
45 52 2 7
45 53 4 5
45 55 9 3
45 56 7 7
45 59 1 2
45 60 7 10
45 61 1 8
45 62 6 2
45 63 7 4
45 65 7 4
45 67 1 8
45 68 2 2
45 69 10 6
45 70 1 8
45 71 3 2
45 72 3 6
45 73 4 2
45 74 1 9
45 75 8 7
45 76 7 7
45 77 4 2
45 79 8 1
45 80 2 7
45 82 7 2
45 83 2 9
45 84 10 1
45 85 7 6
45 86 9 5
45 87 10 1
45 88 7 5
45 89 5 10
45 91 9 3
45 92 6 5
45 93 8 1
45 94 1 9
45 95 7 10
45 96 1 7
45 97 3 5
45 98 9 4
45 100 6 1
46 47 9 4
46 49 10 8
46 51 6 7
46 52 2 9
46 54 2 4
46 55 5 5
46 56 8 7
46 58 2 8
46 59 1 6
46 60 8 2
46 61 4 9
46 63 4 10
46 64 2 4
46 65 5 1
46 66 9 3
46 67 6 4
46 69 6 3
46 70 1 3
46 71 8 3
46 72 4 10
46 73 10 1
46 74 5 2
46 76 2 5
46 77 2 2
46 78 2 5
46 79 5 6
46 80 7 6
46 81 4 6
46 82 1 2
46 83 4 1
46 84 2 8
46 85 5 1
46 86 3 7
46 87 6 5
46 88 8 2
46 90 4 5
46 91 6 8
46 92 9 4
46 93 8 5
46 94 7 8
46 95 1 7
46 96 5 9
46 97 4 9
46 99 1 1
47 48 8 10
47 49 10 7
47 50 7 10
47 51 5 4
47 55 2 5
47 56 7 1
47 57 9 6
47 58 1 9
47 59 6 8
47 60 9 8
47 62 10 7
47 63 6 10
47 64 1 10
47 66 10 4
47 67 8 4
47 68 4 5
47 69 4 3
47 70 7 7
47 73 9 4
47 75 9 1
47 76 6 3
47 77 1 9
47 78 7 7
47 79 6 10
47 82 7 5
47 84 8 3
47 85 3 7
47 86 3 5
47 87 7 9
47 88 9 8
47 89 1 7
47 90 1 2
47 91 2 1
47 92 8 10
47 93 9 1
47 94 2 1
47 95 1 1
47 96 2 9
47 97 5 10
47 99 2 3
47 100 5 6
48 50 4 6
48 53 1 9
48 54 9 6
48 55 7 10
48 56 10 1
48 57 9 9
48 58 1 7
48 60 8 4
48 61 10 9
48 62 6 5
48 64 1 6
48 65 8 9
48 66 10 10
48 67 9 8
48 68 6 9
48 72 8 8
48 74 1 2
48 77 8 5
48 78 9 6
48 79 3 10
48 80 6 6
48 82 4 1
48 83 6 9
48 84 8 4
48 85 5 2
48 86 9 2
48 87 6 5
48 88 3 2
48 89 8 8
48 90 9 7
48 91 7 8
48 92 5 6
48 93 2 5
48 94 10 5
48 95 8 9
48 96 2 7
48 97 6 5
48 98 9 4
48 99 6 2
48 100 2 7
49 51 9 7
49 52 8 4
49 53 5 8
49 54 10 2
49 55 1 2
49 56 2 2
49 57 1 7
49 58 2 1
49 59 2 9
49 60 2 1
49 61 4 2
49 63 7 3
49 64 10 9
49 65 4 2
49 66 7 1
49 67 10 4
49 69 1 3
49 71 3 10
49 72 2 9
49 73 8 2
49 74 1 8
49 75 3 6
49 76 8 8
49 78 3 1
49 79 3 1
49 81 7 6
49 82 4 3
49 83 5 8
49 84 8 1
49 87 2 3
49 88 6 5
49 89 2 4
49 90 2 9
49 91 2 1
49 92 10 8
49 93 7 4
49 94 8 2
49 95 8 1
49 96 6 2
49 98 5 2
49 100 10 10
50 51 8 1
50 52 4 6
50 53 5 5
50 55 6 10
50 56 1 9
50 58 3 2
50 59 7 5
50 60 4 1
50 61 10 10
50 62 9 7
50 63 5 7
50 64 5 8
50 65 4 10
50 66 4 10
50 67 10 2
50 68 6 5
50 69 5 4
50 70 10 3
50 71 7 9
50 72 3 10
50 73 8 1
50 75 3 6
50 76 7 9
50 77 2 2
50 78 7 6
50 79 10 10
50 80 2 2
50 81 5 3
50 82 1 5
50 83 5 10
50 84 10 2
50 85 5 9
50 86 9 10
50 87 8 1
50 88 6 6
50 89 9 10
50 90 7 1
50 91 6 4
50 92 2 8
50 93 5 10
50 94 9 4
50 95 1 3
50 96 9 1
50 97 5 6
50 98 8 3
50 99 2 7
50 100 9 4
51 54 4 6
51 56 4 6
51 58 5 6
51 59 9 10
51 60 2 10
51 61 2 4
51 64 2 6
51 65 6 6
51 66 8 9
51 67 1 9
51 68 7 8
51 69 7 3
51 70 5 2
51 71 2 6
51 72 10 9
51 73 9 4
51 75 1 7
51 76 6 7
51 79 5 9
51 82 3 3
51 83 3 1
51 84 1 5
51 86 3 1
51 87 7 1
51 89 9 7
51 90 5 6
51 93 10 1
51 94 6 8
51 96 5 2
51 98 3 7
51 99 4 4
51 100 4 10
52 53 3 3
52 55 1 10
52 56 6 7
52 57 4 1
52 58 7 10
52 59 9 6
52 60 6 6
52 61 1 10
52 62 5 2
52 63 5 8
52 64 7 3
52 65 6 4
52 66 2 10
52 67 5 1
52 68 9 3
52 69 10 9
52 70 9 9
52 72 9 1
52 73 5 10
52 74 4 4
52 75 9 8
52 76 6 4
52 78 9 2
52 79 5 6
52 80 1 10
52 83 6 8
52 84 5 8
52 85 3 4
52 86 9 1
52 87 1 10
52 88 2 8
52 89 5 1
52 90 8 7
52 91 1 9
52 92 5 10
52 93 2 1
52 94 1 3
52 95 7 5
52 96 7 5
52 97 9 9
52 98 8 1
52 99 2 4
53 54 8 1
53 56 9 9
53 57 6 9
53 58 10 1
53 59 5 6
53 60 2 7
53 61 6 5
53 62 4 8
53 63 1 7
53 64 1 2
53 65 4 5
53 66 3 6
53 68 9 9
53 69 9 8
53 74 7 9
53 75 6 5
53 77 5 4
53 78 9 9
53 79 1 3
53 80 7 4
53 81 2 6
53 82 2 8
53 84 4 2
53 85 6 10
53 86 7 10
53 87 3 1
53 88 2 8
53 89 6 5
53 90 7 3
53 91 3 2
53 92 7 1
53 93 6 3
53 97 5 3
53 98 3 2
53 99 5 1
53 100 9 3
54 55 4 8
54 56 7 6
54 58 4 7
54 60 2 6
54 63 3 6
54 65 6 10
54 66 9 3
54 67 5 4
54 68 9 6
54 69 9 8
54 72 4 6
54 73 2 6
54 74 6 5
54 75 2 2
54 76 5 2
54 77 10 10
54 79 6 4
54 80 5 2
54 81 6 9
54 82 1 6
54 83 1 2
54 84 1 5
54 85 10 8
54 86 10 10
54 87 7 8
54 89 4 10
54 90 6 9
54 91 9 6
54 93 1 1
54 94 7 2
54 95 7 5
54 96 10 8
54 97 9 8
54 99 3 9
54 100 8 9
55 56 8 1
55 57 3 4
55 58 2 10
55 59 1 2
55 60 4 8
55 61 6 8
55 62 9 3
55 63 9 8
55 64 1 10
55 65 10 9
55 68 7 5
55 69 7 10
55 70 7 7
55 72 3 4
55 73 8 1
55 74 8 6
55 75 2 8
55 76 1 10
55 77 6 3
55 78 1 4
55 79 5 10
55 80 4 4
55 81 4 5
55 82 2 4
55 83 10 2
55 85 2 6
55 86 9 8
55 88 7 2
55 89 7 7
55 90 3 1
55 92 5 4
55 94 2 4
55 95 9 7
55 96 4 8
55 97 8 6
55 98 4 9
55 99 9 2
56 59 7 7
56 60 1 9
56 61 1 7
56 66 5 4
56 67 6 6
56 68 7 8
56 70 4 5
56 71 6 2
56 73 4 1
56 74 7 6
56 75 6 6
56 76 3 9
56 77 3 8
56 78 3 9
56 79 8 8
56 81 8 5
56 82 10 2
56 83 7 4
56 84 8 10
56 85 5 3
56 86 5 1
56 87 1 4
56 88 6 6
56 89 7 5
56 91 6 5
56 92 7 8
56 94 5 5
56 95 1 3
56 96 1 2
56 97 8 10
56 98 1 2
56 99 4 4
56 100 4 1
57 58 6 9
57 59 10 1
57 60 9 3
57 61 9 3
57 63 4 4
57 64 6 10
57 65 3 5
57 66 5 5
57 67 7 4
57 68 9 8
57 69 4 9
57 70 4 3
57 71 6 3
57 72 1 4
57 73 5 6
57 74 3 5
57 75 8 9
57 76 7 4
57 77 9 3
57 78 4 2
57 80 9 1
57 81 9 4
57 82 3 4
57 83 7 3
57 84 5 9
57 86 10 3
57 87 1 4
57 89 2 4
57 90 10 4
57 91 3 3
57 92 9 2
57 93 1 10
57 96 9 8
57 98 4 5
57 99 5 10
57 100 1 1
58 59 10 8
58 61 6 5
58 62 5 10
58 65 6 5
58 66 9 10
58 67 7 9
58 68 9 6
58 69 2 1
58 70 4 5
58 71 10 7
58 72 3 9
58 73 7 10
58 74 9 3
58 76 7 9
58 77 6 10
58 78 4 2
58 80 9 2
58 81 2 6
58 82 10 10
58 83 1 3
58 84 6 1
58 86 9 10
58 87 1 5
58 88 8 9
58 89 4 8
58 91 7 9
58 92 6 2
58 94 3 2
58 95 6 6
58 96 1 7
58 97 9 7
58 98 4 7
58 99 8 3
59 60 2 2
59 61 2 4
59 62 7 3
59 63 6 9
59 64 6 8
59 66 4 6
59 67 10 3
59 68 7 2
59 69 6 6
59 70 7 1
59 71 7 4
59 72 10 8
59 73 8 2
59 75 8 5
59 76 9 7
59 77 3 4
59 78 5 10
59 79 8 5
59 80 10 6
59 82 4 2
59 83 10 5
59 84 5 3
59 86 9 5
59 87 6 8
59 88 3 3
59 89 10 8
59 90 9 10
59 91 1 3
59 92 1 1
59 93 3 2
59 94 7 1
59 96 9 2
59 97 8 8
59 99 4 5
59 100 2 3
60 61 9 4
60 62 8 7
60 63 9 9
60 64 3 10
60 65 4 10
60 66 7 9
60 68 9 7
60 69 6 8
60 71 9 8
60 72 5 4
60 73 2 10
60 74 9 9
60 75 10 1
60 77 7 1
60 81 5 9
60 82 10 9
60 83 5 2
60 87 7 5
60 88 8 4
60 90 5 9
60 91 7 4
60 92 5 1
60 93 3 1
60 95 4 3
60 96 3 2
60 98 5 4
60 99 1 2
60 100 2 10
61 62 10 6
61 63 7 1
61 65 1 7
61 66 3 2
61 67 6 9
61 68 2 9
61 71 8 1
61 72 3 3
61 73 9 3
61 74 7 6
61 75 8 1
61 76 10 1
61 78 7 5
61 79 5 1
61 81 4 6
61 82 5 8
61 83 1 8
61 84 1 8
61 85 1 8
61 86 10 5
61 88 7 7
61 89 9 5
61 90 9 8
61 91 8 8
61 93 4 5
61 94 8 3
61 95 7 10
61 96 1 5
61 97 10 4
61 99 3 10
61 100 3 5
62 63 9 9
62 64 1 7
62 65 4 4
62 66 5 5
62 67 7 2
62 68 7 6
62 69 5 8
62 70 1 6
62 72 9 5
62 73 10 7
62 74 9 3
62 75 5 2
62 78 5 6
62 80 9 8
62 81 6 9
62 82 10 5
62 84 8 10
62 85 7 10
62 86 7 7
62 87 9 5
62 88 9 8
62 89 7 3
62 90 9 6
62 91 5 6
62 92 10 8
62 93 6 5
62 95 5 6
62 96 10 9
62 97 10 4
62 99 4 7
62 100 6 1
63 65 2 10
63 66 7 4
63 67 3 8
63 68 3 6
63 69 7 5
63 71 8 7
63 72 4 10
63 73 7 10
63 74 6 1
63 75 9 4
63 76 2 2
63 77 5 9
63 78 1 3
63 79 10 9
63 80 10 3
63 82 5 7
63 84 5 8
63 85 9 9
63 86 8 4
63 87 9 5
63 88 9 8
63 89 4 6
63 90 4 5
63 92 4 5
63 93 8 8
63 94 3 8
63 95 10 2
63 96 2 1
63 97 2 7
63 100 2 4
64 66 7 8
64 67 2 6
64 68 10 7
64 69 9 4
64 70 8 2
64 71 9 3
64 72 3 2
64 75 1 2
64 76 9 4
64 77 7 1
64 78 5 2
64 79 7 8
64 81 8 8
64 82 6 2
64 83 6 10
64 85 5 1
64 86 4 3
64 87 10 7
64 88 8 8
64 89 3 5
64 90 9 3
64 91 5 4
64 92 5 10
64 94 7 10
64 95 9 9
64 97 2 8
64 98 6 10
64 99 1 7
64 100 9 1
65 66 9 7
65 67 7 6
65 68 9 5
65 69 10 7
65 70 10 10
65 71 2 2
65 72 1 3
65 73 10 7
65 74 1 10
65 76 5 1
65 77 3 4
65 78 6 9
65 79 7 6
65 80 1 8
65 81 5 9
65 82 8 5
65 83 7 9
65 84 9 4
65 85 2 7
65 86 1 8
65 87 4 1
65 89 9 6
65 90 1 8
65 93 1 9
65 94 10 2
65 95 9 3
65 96 3 10
65 97 9 9
65 99 5 9
65 100 1 2
66 69 1 10
66 70 10 8
66 71 4 4
66 74 8 8
66 75 6 6
66 77 2 9
66 78 8 5
66 79 10 7
66 82 3 5
66 83 1 1
66 84 7 5
66 85 5 2
66 86 7 3
66 87 7 3
66 88 8 5
66 90 4 2
66 91 5 5
66 93 8 10
66 94 8 1
66 95 4 9
66 96 7 4
66 98 5 2
66 99 1 10
67 68 8 5
67 69 8 1
67 71 6 4
67 73 4 8
67 75 1 7
67 77 3 2
67 78 5 8
67 79 8 3
67 80 4 5
67 81 10 8
67 83 6 1
67 85 8 8
67 86 4 3
67 87 9 4
67 88 6 7
67 89 5 8
67 90 4 7
67 91 2 10
67 94 10 1
67 96 8 5
67 97 10 9
67 98 7 5
67 99 8 3
67 100 2 2
68 70 7 10
68 71 3 1
68 72 4 3
68 74 10 5
68 77 4 1
68 78 3 5
68 79 5 6
68 80 7 1
68 81 2 1
68 82 5 6
68 85 4 6
68 86 8 3
68 87 4 10
68 89 3 9
68 95 6 2
68 96 5 1
68 97 6 3
68 98 7 6
68 99 10 10
69 70 3 2
69 72 3 4
69 73 1 6
69 75 2 9
69 76 1 9
69 77 1 3
69 78 8 6
69 80 6 4
69 81 7 9
69 82 8 1
69 84 2 9
69 86 10 9
69 87 10 9
69 88 4 5
69 90 7 8
69 91 9 9
69 93 7 1
69 94 9 10
69 95 7 9
69 96 9 1
69 97 6 4
69 98 6 2
70 71 8 4
70 72 4 6
70 73 8 8
70 74 10 10
70 75 10 4
70 76 1 1
70 77 2 8
70 78 3 5
70 79 10 4
70 80 1 4
70 81 8 2
70 82 5 1
70 83 9 4
70 84 2 3
70 85 3 2
70 86 6 1
70 87 10 1
70 88 9 2
70 90 2 8
70 91 6 8
70 92 5 6
70 93 5 10
70 94 3 7
70 95 2 7
70 97 4 3
70 98 2 7
70 99 2 2
70 100 2 10
71 72 10 9
71 73 7 3
71 74 3 3
71 75 3 7
71 77 6 8
71 79 7 8
71 80 5 7
71 81 2 4
71 82 4 8
71 83 6 4
71 84 6 3
71 86 5 3
71 87 5 10
71 88 1 2
71 89 6 10
71 90 4 5
71 91 1 9
71 93 9 7
71 94 9 9
71 95 6 4
71 96 1 8
71 97 5 3
71 100 8 5
72 73 8 3
72 74 5 7
72 76 2 7
72 77 9 2
72 78 6 3
72 79 7 8
72 81 9 9
72 82 5 6
72 83 6 2
72 85 7 3
72 87 4 6
72 88 1 7
72 89 3 7
72 90 10 3
72 92 8 3
72 93 8 9
72 95 10 8
72 96 2 1
72 97 1 2
72 98 9 1
72 100 4 6
73 74 8 4
73 75 9 7
73 76 7 6
73 77 9 8
73 80 6 2
73 81 7 2
73 82 2 10
73 83 5 2
73 84 2 1
73 85 6 10
73 86 4 3
73 87 1 8
73 88 10 10
73 89 3 3
73 90 1 2
73 92 7 3
73 95 3 3
73 96 10 8
73 97 10 9
73 98 9 3
73 99 4 1
74 75 7 6
74 76 10 1
74 77 3 5
74 78 9 3
74 79 3 2
74 80 7 10
74 81 1 9
74 83 10 9
74 87 7 6
74 88 1 4
74 90 9 9
74 91 6 7
74 92 2 1
74 93 9 4
74 94 4 7
74 95 3 2
74 96 4 5
74 98 3 10
74 99 9 7
75 77 3 8
75 78 7 1
75 79 4 6
75 82 2 1
75 83 7 4
75 84 5 3
75 85 10 2
75 87 4 9
75 88 2 4
75 89 7 6
75 93 10 9
75 94 9 1
75 95 10 5
75 96 4 6
75 98 5 7
75 99 10 5
76 77 6 5
76 78 10 1
76 79 7 7
76 80 8 5
76 81 2 10
76 82 4 2
76 83 7 7
76 85 4 1
76 86 5 7
76 87 6 10
76 89 9 7
76 91 8 10
76 92 10 4
76 94 4 2
76 95 3 5
76 96 2 9
76 97 10 10
76 99 4 8
76 100 3 9
77 78 1 9
77 79 10 9
77 81 10 1
77 82 3 5
77 83 3 4
77 86 1 2
77 87 8 4
77 88 10 8
77 89 3 8
77 90 6 8
77 91 9 5
77 92 7 7
77 94 8 6
77 95 3 3
77 96 3 2
77 98 3 3
77 100 9 8
78 79 4 10
78 81 2 4
78 82 10 4
78 83 10 9
78 84 4 1
78 85 3 2
78 86 1 4
78 91 5 7
78 92 1 6
78 93 8 4
78 94 1 5
78 95 9 4
78 97 2 1
78 98 3 4
78 100 1 8
79 81 6 6
79 83 6 4
79 84 6 1
79 85 7 7
79 86 7 8
79 87 10 1
79 88 7 2
79 89 5 10
79 91 2 3
79 92 2 3
79 93 10 6
79 94 5 5
79 95 6 4
79 96 10 9
79 97 6 1
79 98 5 2
79 99 1 6
79 100 6 9
80 81 6 1
80 82 6 8
80 83 8 9
80 84 10 1
80 85 7 9
80 86 4 7
80 87 4 1
80 88 10 7
80 89 5 7
80 90 3 6
80 91 3 6
80 92 6 7
80 93 2 6
80 94 6 1
80 96 8 7
80 97 3 2
80 98 3 7
80 99 6 3
80 100 1 7
81 82 6 7
81 83 8 9
81 85 6 10
81 87 6 2
81 88 10 5
81 89 9 6
81 90 4 6
81 91 9 10
81 92 10 4
81 94 8 6
81 95 2 1
81 97 9 5
81 98 9 8
81 99 6 6
81 100 7 6
82 83 2 2
82 84 6 1
82 85 2 1
82 86 8 1
82 87 8 5
82 88 1 2
82 89 2 10
82 90 9 8
82 91 9 7
82 92 10 5
82 94 6 2
82 95 2 10
82 96 10 9
82 99 1 5
82 100 6 1
83 84 8 9
83 87 3 8
83 88 8 8
83 89 4 6
83 91 2 3
83 92 1 5
83 93 9 3
83 94 2 1
83 95 7 3
83 96 1 1
83 97 7 9
83 98 8 8
83 99 2 4
83 100 6 2
84 85 2 9
84 86 7 8
84 87 7 4
84 88 1 5
84 90 8 2
84 91 8 2
84 92 9 1
84 93 6 8
84 94 10 7
84 95 3 7
84 96 10 3
84 97 2 5
84 98 8 7
84 99 5 5
84 100 7 4
85 86 7 10
85 88 5 7
85 89 6 7
85 91 10 3
85 92 7 4
85 93 3 10
85 94 6 3
85 95 5 7
85 96 2 6
85 98 2 1
85 99 7 5
85 100 10 8
86 87 5 5
86 88 3 2
86 89 5 10
86 91 6 5
86 92 3 1
86 93 8 8
86 94 9 3
86 95 4 6
86 96 2 8
86 97 9 6
86 98 6 4
86 99 2 1
87 90 7 3
87 91 1 5
87 92 2 2
87 94 5 5
87 95 6 10
87 96 7 7
87 97 6 10
87 98 2 8
87 99 5 3
87 100 6 2
88 89 5 8
88 90 2 5
88 91 3 9
88 92 5 2
88 93 10 6
88 94 5 1
88 95 9 10
88 96 5 1
88 97 2 4
88 99 2 9
88 100 4 5
89 90 2 4
89 91 9 7
89 92 3 9
89 93 10 2
89 94 8 7
89 95 5 7
89 97 6 6
89 98 4 4
89 99 2 9
89 100 9 3
90 91 1 2
90 93 9 1
90 94 2 10
90 95 7 6
90 96 6 1
90 97 3 5
90 99 3 6
90 100 7 4
91 92 3 3
91 94 2 2
91 95 10 1
91 96 9 6
91 97 4 8
91 99 8 1
91 100 10 4
92 94 8 6
92 95 10 5
92 96 10 10
92 98 2 9
92 99 2 1
92 100 10 4
93 94 8 7
93 95 1 4
93 97 5 1
93 98 2 4
93 99 10 8
93 100 6 9
94 95 4 5
94 96 5 4
94 98 7 3
94 99 6 5
94 100 2 4
95 96 7 6
95 97 3 3
95 98 9 9
95 99 9 9
95 100 8 10
96 98 4 8
96 99 1 10
96 100 2 5
97 99 9 3
97 100 7 5
98 100 2 9
99 100 8 7
1
1 2 3 4 5 6 7 8 9 10 11 12 13 14 15 16 17 18 19 20 21 22 23 24 25 26 27 28 29 30 31 32 33 34 35 36 37 38 39 40 41 42 43 44 45 46 47 48 49 50
