3989
1 2 7 9
1 4 8 3
1 5 1 4
1 6 9 1
1 7 7 3
1 10 9 7
1 11 6 3
1 12 9 4
1 13 1 1
1 14 6 9
1 16 3 3
1 17 10 9
1 18 9 1
1 19 3 7
1 21 9 6
1 22 7 1
1 23 9 3
1 24 2 9
1 25 7 9
1 26 5 2
1 27 1 7
1 29 4 6
1 30 9 2
1 31 2 10
1 33 5 6
1 34 3 3
1 35 1 5
1 36 9 1
1 37 1 10
1 38 5 3
1 40 10 7
1 41 1 2
1 42 10 6
1 43 1 8
1 44 6 6
1 45 1 6
1 46 2 1
1 47 6 3
1 48 9 6
1 49 3 10
1 50 10 6
1 51 5 8
1 52 9 8
1 53 6 9
1 57 9 5
1 58 7 9
1 60 1 1
1 61 6 4
1 62 10 4
1 63 5 2
1 64 4 10
1 65 7 9
1 66 7 9
1 68 8 6
1 69 8 10
1 70 8 1
1 71 7 9
1 72 3 4
1 73 1 1
1 74 10 8
1 75 5 8
1 76 8 7
1 77 1 3
1 78 6 10
1 79 1 9
1 80 1 10
1 81 8 9
1 82 1 5
1 83 6 7
1 84 8 2
1 86 6 10
1 87 9 5
1 89 5 2
1 91 8 2
1 92 1 9
1 93 7 1
1 94 1 7
1 95 4 1
1 96 7 8
1 97 1 2
1 98 6 9
1 99 9 4
2 4 4 10
2 5 1 4
2 6 5 6
2 7 1 5
2 8 8 1
2 10 7 8
2 11 8 2
2 12 3 1
2 14 2 6
2 16 6 1
2 17 6 10
2 18 5 9
2 19 4 9
2 20 10 8
2 22 1 2
2 23 6 9
2 24 6 3
2 25 4 9
2 26 3 6
2 27 7 1
2 31 10 6
2 32 4 9
2 33 9 5
2 35 9 2
2 36 8 3
2 37 4 1
2 38 7 5
2 39 8 1
2 42 6 4
2 43 9 9
2 44 5 7
2 45 10 1
2 46 4 8
2 47 2 1
2 50 1 5
2 51 6 5
2 52 5 10
2 53 2 4
2 54 7 1
2 56 5 10
2 57 3 6
2 58 10 2
2 59 3 2
2 60 7 10
2 61 4 1
2 62 5 10
2 63 1 3
2 65 1 7
2 66 3 8
2 67 1 9
2 68 10 6
2 69 9 6
2 71 10 10
2 72 2 10
2 73 2 2
2 74 8 9
2 75 1 2
2 80 1 7
2 81 6 5
2 82 1 9
2 83 7 7
2 84 10 3
2 85 5 8
2 86 2 10
2 87 3 1
2 88 8 3
2 89 6 1
2 90 2 2
2 91 9 10
2 92 1 6
2 93 1 10
2 94 8 5
2 95 3 10
2 96 3 5
2 97 6 6
2 99 4 7
2 100 2 9
3 4 10 3
3 6 2 7
3 7 8 3
3 8 3 7
3 9 4 10
3 10 3 4
3 11 4 8
3 12 9 7
3 13 2 1
3 14 3 6
3 15 9 1
3 18 7 1
3 19 3 8
3 20 7 8
3 21 4 5
3 22 10 3
3 23 3 9
3 24 8 10
3 25 7 10
3 26 9 5
3 27 8 6
3 28 3 5
3 29 2 10
3 30 9 8
3 31 2 1
3 32 4 2
3 33 6 8
3 34 2 9
3 35 10 8
3 36 8 4
3 37 9 7
3 38 5 8
3 39 5 10
3 40 4 3
3 41 6 1
3 42 5 10
3 43 9 3
3 44 3 8
3 45 10 5
3 46 10 4
3 47 10 5
3 48 6 10
3 49 4 10
3 50 4 4
3 51 5 2
3 54 10 4
3 56 1 6
3 57 3 1
3 58 1 5
3 59 3 2
3 60 10 8
3 61 6 2
3 62 5 3
3 63 1 2
3 65 10 9
3 66 5 3
3 67 9 10
3 68 8 3
3 69 2 9
3 70 7 3
3 73 10 4
3 75 1 7
3 77 3 8
3 78 4 2
3 81 5 3
3 82 4 8
3 83 1 5
3 85 3 2
3 86 4 1
3 87 8 6
3 88 4 8
3 89 1 9
3 90 7 10
3 91 6 1
3 92 4 1
3 93 3 5
3 96 8 2
3 97 6 3
3 98 4 10
3 99 7 3
3 100 1 9
4 5 3 7
4 7 8 9
4 9 9 1
4 10 6 10
4 11 6 3
4 12 5 2
4 13 10 6
4 15 5 1
4 16 5 7
4 17 4 6
4 18 5 5
4 19 8 3
4 20 4 1
4 21 3 10
4 24 7 4
4 26 6 5
4 28 1 1
4 29 9 7
4 32 6 10
4 33 10 2
4 34 4 1
4 36 9 10
4 38 6 10
4 39 2 6
4 40 4 8
4 41 8 8
4 42 9 5
4 43 5 4
4 47 5 8
4 48 6 5
4 49 5 10
4 51 4 6
4 52 7 6
4 53 4 3
4 54 1 9
4 55 4 2
4 56 3 9
4 57 7 2
4 58 3 3
4 59 10 1
4 60 2 3
4 61 1 2
4 63 5 2
4 64 1 7
4 66 9 5
4 67 8 3
4 68 1 2
4 69 10 3
4 70 10 8
4 71 5 6
4 72 8 4
4 74 9 2
4 75 1 3
4 76 3 3
4 77 1 1
4 79 1 1
4 80 8 2
4 81 7 9
4 82 10 8
4 83 7 8
4 84 3 4
4 85 4 9
4 86 3 5
4 87 4 5
4 88 3 10
4 89 10 10
4 90 1 3
4 91 9 6
4 92 6 9
4 93 6 10
4 95 4 6
4 96 7 3
4 98 10 10
4 99 9 8
4 100 10 1
5 6 2 7
5 7 9 3
5 8 10 9
5 10 9 1
5 12 4 4
5 14 8 5
5 15 4 3
5 17 9 10
5 18 3 7
5 20 1 10
5 21 7 4
5 23 3 5
5 24 2 3
5 25 9 2
5 28 5 2
5 29 5 7
5 30 1 1
5 31 7 4
5 33 1 1
5 34 1 1
5 35 6 10
5 36 2 10
5 37 6 6
5 38 5 10
5 40 5 7
5 41 5 6
5 42 4 6
5 43 8 8
5 44 2 5
5 46 5 2
5 47 1 7
5 49 8 1
5 50 8 2
5 54 5 7
5 55 7 2
5 56 3 9
5 57 5 10
5 59 6 8
5 61 1 4
5 62 6 9
5 63 10 7
5 64 4 4
5 67 10 3
5 68 4 5
5 69 6 4
5 70 3 2
5 71 10 4
5 72 4 9
5 74 4 1
5 75 4 7
5 77 2 1
5 79 8 6
5 82 8 1
5 83 10 7
5 84 8 3
5 85 7 7
5 86 3 2
5 87 10 8
5 88 3 8
5 90 5 8
5 91 4 8
5 92 3 1
5 93 8 5
5 96 6 5
5 97 6 8
5 98 5 2
5 99 9 10
5 100 5 5
6 7 3 5
6 8 8 5
6 9 3 4
6 11 7 3
6 13 1 6
6 14 6 4
6 16 10 5
6 18 9 5
6 19 9 1
6 20 3 5
6 21 6 4
6 22 7 9
6 23 7 1
6 24 9 5
6 25 10 3
6 26 3 4
6 27 2 10
6 29 10 7
6 30 7 3
6 31 5 7
6 33 9 5
6 34 9 10
6 35 9 9
6 36 5 9
6 37 8 5
6 38 3 6
6 39 9 2
6 42 5 7
6 43 8 4
6 44 5 8
6 46 5 10
6 47 4 8
6 48 5 9
6 49 6 2
6 50 1 2
6 51 6 9
6 53 6 5
6 54 6 9
6 55 9 10
6 56 7 6
6 57 7 4
6 58 9 6
6 60 4 3
6 61 4 7
6 62 6 6
6 63 4 10
6 64 7 10
6 65 9 2
6 67 7 1
6 68 1 5
6 69 2 1
6 70 7 5
6 71 10 8
6 72 7 4
6 74 9 8
6 75 4 5
6 76 9 4
6 78 4 2
6 79 8 8
6 80 6 4
6 81 9 7
6 82 7 5
6 83 7 3
6 84 8 10
6 87 6 9
6 89 9 1
6 90 8 2
6 91 1 8
6 92 7 10
6 95 1 10
6 96 10 2
6 97 1 8
6 99 9 1
6 100 3 6
7 8 4 3
7 9 7 2
7 10 7 5
7 11 2 2
7 12 3 7
7 13 6 8
7 14 2 5
7 15 3 1
7 17 10 5
7 18 2 1
7 20 10 10
7 21 2 10
7 22 7 9
7 23 3 8
7 24 8 4
7 25 4 1
7 26 10 1
7 27 7 7
7 28 1 2
7 29 10 3
7 31 6 6
7 32 6 6
7 33 8 6
7 34 2 2
7 35 9 6
7 36 10 3
7 37 2 6
7 39 1 4
7 40 7 8
7 41 8 5
7 42 3 5
7 44 8 4
7 47 4 4
7 48 8 8
7 49 3 4
7 50 6 3
7 51 7 7
7 52 1 10
7 53 3 9
7 54 10 5
7 55 9 1
7 57 6 3
7 58 3 9
7 59 9 1
7 61 5 8
7 62 10 2
7 63 7 3
7 64 4 8
7 65 10 1
7 66 2 4
7 67 8 9
7 68 2 8
7 69 9 9
7 70 2 6
7 71 7 4
7 72 2 6
7 73 2 4
7 74 7 10
7 75 10 6
7 77 10 7
7 78 2 4
7 79 7 1
7 80 9 1
7 81 4 2
7 82 10 5
7 83 2 4
7 84 6 9
7 86 3 1
7 87 7 4
7 88 3 8
7 89 7 10
7 90 7 9
7 92 8 6
7 93 10 2
7 94 8 5
7 95 2 3
7 96 5 9
7 98 7 3
7 99 8 5
7 100 7 7
8 9 7 3
8 10 7 8
8 11 10 5
8 12 5 9
8 13 9 5
8 15 2 8
8 16 8 6
8 18 6 9
8 20 1 1
8 21 1 3
8 22 8 9
8 23 6 10
8 24 6 2
8 25 9 7
8 26 5 6
8 27 9 3
8 28 2 9
8 29 8 4
8 30 5 7
8 31 10 9
8 33 10 5
8 35 10 4
8 36 6 8
8 37 1 10
8 38 5 1
8 39 10 10
8 40 3 8
8 41 6 7
8 42 3 10
8 43 5 3
8 44 6 3
8 46 4 2
8 47 10 3
8 48 1 10
8 50 1 10
8 51 2 6
8 52 7 7
8 53 8 7
8 54 2 7
8 55 10 10
8 56 3 1
8 59 2 9
8 60 8 3
8 61 9 7
8 62 10 8
8 63 1 1
8 64 2 2
8 65 10 9
8 66 1 6
8 67 10 8
8 69 5 6
8 70 3 7
8 71 3 9
8 73 4 5
8 74 2 8
8 76 4 6
8 77 5 2
8 78 6 10
8 79 1 4
8 80 4 5
8 81 2 5
8 82 2 3
8 83 9 3
8 84 3 3
8 85 7 5
8 86 2 9
8 88 1 3
8 90 8 1
8 91 5 3
8 92 5 3
8 93 9 6
8 94 2 5
8 96 9 9
8 97 2 2
8 98 9 9
8 99 6 8
8 100 9 1
9 10 4 5
9 11 1 7
9 12 3 3
9 13 6 4
9 15 6 5
9 16 7 7
9 19 2 6
9 20 4 7
9 21 8 4
9 22 5 3
9 23 6 2
9 24 4 2
9 25 3 10
9 26 1 7
9 28 7 6
9 32 7 1
9 33 2 6
9 35 10 2
9 36 6 1
9 37 9 3
9 38 9 4
9 39 3 4
9 40 7 8
9 41 7 5
9 43 4 8
9 44 10 5
9 46 2 2
9 47 8 5
9 48 3 10
9 49 6 7
9 53 8 7
9 54 3 5
9 55 9 7
9 56 5 9
9 57 7 10
9 58 4 9
9 59 5 4
9 60 8 7
9 61 9 5
9 62 4 2
9 63 4 7
9 64 8 4
9 65 8 8
9 66 9 3
9 67 9 10
9 68 10 4
9 69 2 1
9 71 2 9
9 74 8 1
9 75 9 1
9 76 10 8
9 78 5 5
9 79 7 9
9 80 2 7
9 81 4 7
9 82 1 4
9 83 3 10
9 84 5 3
9 85 5 5
9 86 9 1
9 87 1 3
9 88 10 10
9 89 7 8
9 90 2 2
9 95 2 1
9 96 10 2
9 97 2 6
9 99 5 10
9 100 3 3
10 12 4 10
10 13 10 7
10 14 4 4
10 15 1 4
10 17 1 8
10 18 9 9
10 19 6 9
10 21 10 7
10 22 1 1
10 23 2 6
10 24 1 2
10 25 10 1
10 26 5 1
10 28 7 10
10 30 6 6
10 32 10 3
10 34 2 3
10 35 10 3
10 36 5 8
10 37 6 4
10 38 7 3
10 40 3 10
10 41 4 10
10 43 3 6
10 44 5 1
10 45 3 9
10 46 9 3
10 48 8 1
10 49 3 5
10 50 7 5
10 51 1 6
10 52 6 3
10 53 9 9
10 55 6 4
10 56 8 4
10 57 3 4
10 58 7 2
10 59 9 4
10 60 3 5
10 62 7 7
10 63 6 9
10 65 1 1
10 68 3 1
10 69 6 5
10 70 3 2
10 71 9 2
10 74 7 10
10 75 9 6
10 76 2 8
10 77 2 4
10 78 7 3
10 79 2 4
10 80 8 9
10 82 8 2
10 83 10 5
10 84 2 1
10 85 8 7
10 86 3 7
10 89 7 1
10 90 3 1
10 91 3 1
10 92 5 2
10 93 6 8
10 95 8 9
10 96 10 8
10 97 4 6
10 98 9 7
10 99 5 5
10 100 1 2
11 12 3 7
11 13 9 3
11 15 6 1
11 16 10 9
11 17 5 7
11 18 5 5
11 19 9 6
11 20 10 8
11 21 6 6
11 22 3 7
11 23 8 5
11 24 3 2
11 27 9 8
11 30 6 1
11 31 10 2
11 32 2 3
11 33 6 10
11 34 9 9
11 35 1 2
11 36 3 2
11 37 9 2
11 38 9 6
11 39 7 10
11 40 9 3
11 41 3 4
11 43 10 10
11 44 8 10
11 45 1 9
11 46 1 7
11 47 1 2
11 49 6 9
11 50 3 1
11 51 1 3
11 52 2 10
11 54 10 1
11 55 7 9
11 56 1 8
11 57 10 4
11 58 6 1
11 59 10 6
11 61 1 2
11 63 3 4
11 64 4 1
11 65 8 10
11 66 6 5
11 67 9 9
11 70 2 3
11 71 10 7
11 72 10 7
11 73 2 7
11 77 7 9
11 78 2 6
11 79 8 6
11 80 4 5
11 81 8 7
11 83 2 4
11 84 10 2
11 85 9 10
11 86 4 4
11 87 8 1
11 88 9 7
11 89 8 5
11 90 7 1
11 91 6 1
11 92 10 4
11 93 4 1
11 94 2 4
11 95 2 10
11 96 9 5
11 97 7 10
11 99 5 9
11 100 7 2
12 14 9 8
12 15 6 1
12 17 9 8
12 18 6 4
12 19 2 10
12 20 8 3
12 21 1 4
12 22 2 6
12 23 3 6
12 24 1 7
12 25 10 3
12 26 4 3
12 27 7 8
12 28 2 7
12 29 6 3
12 30 7 3
12 31 9 5
12 32 5 5
12 33 9 5
12 34 8 5
12 35 5 4
12 37 10 10
12 38 1 2
12 39 10 4
12 41 1 1
12 44 7 1
12 45 1 7
12 47 5 10
12 48 6 1
12 49 9 9
12 50 3 9
12 51 7 9
12 53 2 9
12 54 5 1
12 55 4 2
12 56 7 9
12 57 8 6
12 58 1 1
12 59 2 9
12 60 9 5
12 61 4 7
12 62 4 10
12 63 6 7
12 64 5 2
12 65 6 10
12 66 8 5
12 67 6 5
12 68 1 6
12 69 3 4
12 70 3 7
12 71 4 4
12 73 10 9
12 74 1 8
12 75 6 7
12 76 5 6
12 77 3 3
12 78 6 4
12 79 1 9
12 80 3 7
12 81 4 5
12 82 10 4
12 83 1 7
12 84 5 5
12 85 5 9
12 86 3 9
12 87 2 7
12 88 3 2
12 90 7 9
12 91 5 6
12 92 4 1
12 93 4 7
12 94 4 7
12 96 4 4
12 97 6 5
12 98 6 10
12 99 5 8
12 100 7 1
13 14 1 6
13 16 4 3
13 18 2 5
13 19 5 10
13 20 4 10
13 21 7 4
13 22 2 9
13 23 8 5
13 25 5 4
13 27 1 1
13 28 7 6
13 29 6 8
13 30 6 10
13 31 4 5
13 32 4 8
13 34 8 1
13 35 2 9
13 37 2 8
13 38 3 10
13 39 2 5
13 40 3 8
13 43 10 4
13 44 4 6
13 45 1 10
13 46 4 6
13 47 1 9
13 48 7 4
13 50 4 6
13 53 5 3
13 54 5 2
13 55 7 5
13 57 1 10
13 58 2 9
13 59 8 9
13 60 5 9
13 61 4 10
13 63 9 10
13 64 8 7
13 66 10 2
13 67 2 8
13 68 5 7
13 70 2 9
13 71 4 3
13 72 6 2
13 73 8 1
13 75 4 8
13 76 10 9
13 77 9 4
13 78 10 9
13 79 8 4
13 80 2 7
13 82 1 4
13 83 1 3
13 84 2 9
13 85 2 3
13 86 1 3
13 87 4 3
13 88 2 6
13 89 10 3
13 90 7 4
13 91 7 8
13 92 4 6
13 93 9 4
13 94 9 7
13 95 2 1
13 96 2 2
13 97 3 7
13 98 5 10
13 99 8 10
13 100 1 1
14 15 8 3
14 16 4 10
14 17 7 10
14 18 2 9
14 19 9 3
14 20 10 9
14 21 5 2
14 23 3 8
14 25 5 8
14 28 1 9
14 29 2 6
14 31 10 5
14 32 5 3
14 33 9 10
14 34 9 10
14 36 5 9
14 37 6 9
14 38 2 2
14 39 7 4
14 40 8 5
14 41 1 2
14 42 10 10
14 44 3 1
14 45 9 7
14 46 1 2
14 47 8 9
14 48 10 8
14 49 1 4
14 50 7 10
14 51 3 5
14 53 8 5
14 54 4 3
14 55 1 3
14 56 8 2
14 57 4 4
14 58 4 9
14 59 6 4
14 60 1 6
14 62 1 3
14 63 2 7
14 64 3 9
14 66 1 5
14 67 3 6
14 68 5 4
14 70 9 2
14 71 6 4
14 73 1 7
14 74 7 2
14 75 9 3
14 76 9 6
14 77 4 8
14 79 3 8
14 80 2 6
14 81 7 9
14 82 4 6
14 84 5 2
14 85 2 5
14 87 2 1
14 89 2 7
14 90 5 9
14 91 5 7
14 92 2 6
14 95 5 4
14 97 10 9
14 98 2 7
14 99 8 6
14 100 1 9
15 16 9 8
15 17 6 7
15 18 6 5
15 20 8 9
15 21 9 6
15 22 9 5
15 23 1 5
15 24 10 8
15 26 8 10
15 27 1 10
15 28 2 2
15 29 9 2
15 30 4 6
15 31 6 1
15 33 7 6
15 34 8 10
15 35 1 8
15 37 2 7
15 38 10 7
15 39 6 9
15 40 3 10
15 41 8 2
15 42 1 7
15 43 2 9
15 44 1 2
15 46 4 4
15 47 2 3
15 48 6 4
15 50 7 1
15 51 2 10
15 53 5 1
15 54 8 1
15 56 6 3
15 57 10 6
15 58 9 4
15 59 2 10
15 60 9 3
15 61 4 6
15 62 8 7
15 63 8 2
15 64 1 5
15 65 2 10
15 67 4 10
15 68 1 2
15 69 8 2
15 70 8 1
15 71 4 10
15 72 2 10
15 73 5 4
15 74 6 8
15 76 10 8
15 77 2 4
15 78 1 8
15 82 9 1
15 83 8 7
15 84 4 9
15 85 1 1
15 86 6 2
15 90 8 10
15 91 8 6
15 92 10 4
15 93 2 10
15 94 7 5
15 95 1 3
15 98 10 10
15 100 1 9
16 17 4 7
16 18 6 5
16 21 3 7
16 22 7 1
16 24 10 9
16 25 8 1
16 26 9 8
16 27 5 7
16 28 8 6
16 29 2 2
16 31 8 3
16 32 2 1
16 33 7 9
16 34 7 5
16 36 6 3
16 37 5 6
16 38 7 2
16 39 3 10
16 40 6 6
16 42 1 2
16 43 2 6
16 44 1 6
16 45 3 5
16 46 4 5
16 48 7 1
16 49 9 8
16 50 6 1
16 52 1 9
16 53 1 10
16 54 1 6
16 55 7 2
16 56 8 9
16 57 2 6
16 58 2 7
16 59 3 6
16 61 6 6
16 62 10 5
16 63 5 2
16 65 10 8
16 66 3 4
16 67 6 3
16 68 9 2
16 69 6 6
16 70 6 5
16 71 6 3
16 72 2 4
16 73 2 6
16 74 7 5
16 75 3 10
16 76 3 7
16 77 8 2
16 78 1 8
16 80 4 10
16 82 5 10
16 83 5 3
16 84 2 1
16 85 6 1
16 86 5 4
16 87 7 6
16 88 8 10
16 89 2 4
16 90 7 8
16 91 10 7
16 92 3 3
16 93 10 6
16 94 4 1
16 95 2 7
16 97 8 7
16 98 5 5
16 99 4 2
16 100 1 5
17 18 7 5
17 20 2 7
17 21 9 10
17 23 1 5
17 24 3 8
17 25 9 5
17 29 7 3
17 30 3 4
17 31 7 8
17 32 1 3
17 33 9 8
17 34 5 5
17 35 4 9
17 36 3 3
17 37 4 5
17 38 6 3
17 39 6 6
17 40 1 6
17 42 8 8
17 44 8 6
17 45 9 4
17 47 2 7
17 48 8 5
17 49 6 9
17 50 9 5
17 51 1 6
17 52 10 8
17 53 8 8
17 54 5 10
17 55 7 4
17 56 8 4
17 58 1 5
17 59 5 1
17 60 8 1
17 61 1 3
17 62 9 10
17 63 10 10
17 64 8 3
17 65 5 4
17 66 1 8
17 69 10 9
17 70 1 7
17 73 4 3
17 74 10 1
17 75 8 2
17 76 8 3
17 77 5 5
17 78 1 2
17 79 5 9
17 81 6 8
17 83 3 9
17 84 6 8
17 85 9 1
17 88 9 6
17 89 8 4
17 90 3 9
17 93 9 10
17 94 7 2
17 95 6 8
17 97 5 9
17 98 4 7
17 100 10 10
18 19 1 5
18 20 4 4
18 22 8 1
18 23 10 8
18 25 3 5
18 26 3 5
18 27 4 1
18 28 10 4
18 32 8 10
18 33 5 6
18 34 10 5
18 35 10 2
18 36 4 6
18 37 4 8
18 38 7 4
18 39 9 10
18 40 1 8
18 41 6 5
18 42 10 1
18 43 5 1
18 44 5 4
18 46 2 7
18 47 7 7
18 48 2 7
18 50 3 8
18 51 8 9
18 54 10 6
18 55 5 9
18 56 10 7
18 57 6 4
18 59 8 6
18 60 2 1
18 61 3 8
18 62 7 1
18 63 5 3
18 64 3 1
18 65 10 9
18 66 6 5
18 67 9 4
18 68 5 4
18 70 9 5
18 71 1 10
18 72 1 8
18 73 6 8
18 74 1 1
18 75 3 10
18 76 3 3
18 77 6 2
18 78 9 4
18 79 10 6
18 80 7 9
18 82 10 10
18 83 10 4
18 84 6 6
18 86 6 2
18 87 10 7
18 88 4 3
18 89 7 2
18 90 8 1
18 93 4 1
18 94 7 2
18 95 6 7
18 96 4 4
18 97 9 6
18 98 10 1
18 99 4 10
18 100 3 9
19 20 3 3
19 21 3 8
19 22 8 4
19 23 5 6
19 24 7 8
19 25 2 2
19 26 3 3
19 27 5 5
19 29 2 9
19 30 3 1
19 31 4 3
19 32 4 3
19 33 7 6
19 34 6 10
19 35 4 3
19 36 6 3
19 38 9 5
19 39 10 5
19 43 6 5
19 44 4 10
19 45 4 4
19 47 7 8
19 48 1 8
19 49 3 7
19 50 2 8
19 51 8 5
19 52 5 8
19 53 5 4
19 55 5 9
19 56 1 9
19 57 5 7
19 59 5 6
19 61 6 9
19 63 5 7
19 64 8 1
19 65 7 2
19 66 1 3
19 67 10 5
19 68 9 5
19 69 10 3
19 70 6 6
19 71 3 9
19 72 10 3
19 74 7 2
19 75 3 8
19 76 8 8
19 77 9 2
19 78 9 2
19 79 1 7
19 80 2 2
19 81 8 9
19 82 10 10
19 83 8 1
19 84 6 8
19 85 7 10
19 86 2 10
19 87 1 2
19 88 5 3
19 89 8 3
19 90 8 4
19 92 9 4
19 93 2 5
19 94 3 2
19 95 7 6
19 97 7 10
19 100 4 5
20 21 3 1
20 22 8 10
20 23 10 4
20 24 10 10
20 25 6 8
20 26 10 8
20 28 1 10
20 30 3 5
20 31 1 2
20 33 2 9
20 34 9 7
20 35 8 8
20 36 2 4
20 37 7 5
20 38 4 1
20 39 5 1
20 40 6 8
20 41 4 8
20 43 2 8
20 44 5 4
20 45 3 8
20 47 10 1
20 48 10 6
20 49 8 6
20 50 7 3
20 51 7 8
20 52 3 2
20 53 7 7
20 55 8 2
20 56 10 5
20 58 10 2
20 59 3 10
20 60 8 9
20 61 2 4
20 62 6 7
20 63 2 6
20 64 2 7
20 65 5 7
20 66 1 7
20 67 10 1
20 68 3 2
20 69 2 3
20 70 6 4
20 71 1 2
20 72 5 6
20 73 4 2
20 75 2 9
20 78 7 6
20 79 1 7
20 81 3 4
20 83 7 7
20 84 4 1
20 85 2 2
20 86 4 1
20 87 9 1
20 88 9 5
20 89 2 6
20 91 9 8
20 92 4 8
20 93 9 7
20 94 6 10
20 96 8 8
20 97 4 10
20 99 8 1
20 100 2 5
21 22 2 6
21 23 3 9
21 24 3 7
21 25 3 2
21 26 6 5
21 27 7 10
21 28 2 2
21 29 1 7
21 30 3 8
21 31 3 8
21 32 5 1
21 33 7 10
21 34 8 9
21 35 3 3
21 36 9 3
21 37 5 7
21 39 5 6
21 40 6 9
21 41 9 5
21 42 5 3
21 43 6 1
21 44 7 2
21 45 8 6
21 47 10 3
21 48 7 8
21 49 1 1
21 50 6 2
21 51 5 9
21 52 8 1
21 53 3 4
21 54 9 8
21 55 7 4
21 56 7 3
21 57 5 4
21 58 10 6
21 59 8 4
21 60 7 2
21 61 3 5
21 64 5 5
21 66 8 8
21 67 3 9
21 68 9 9
21 69 4 6
21 70 7 7
21 72 3 1
21 73 5 8
21 75 9 3
21 78 6 9
21 79 5 6
21 80 2 3
21 81 9 9
21 82 4 6
21 83 10 2
21 84 10 10
21 85 1 5
21 86 7 5
21 87 5 8
21 88 9 9
21 91 5 9
21 92 8 9
21 93 1 8
21 94 1 8
21 95 3 10
21 97 5 5
21 98 5 3
21 99 5 10
22 23 10 8
22 24 1 9
22 25 5 2
22 26 10 7
22 28 9 5
22 29 1 4
22 33 1 4
22 34 8 8
22 35 3 2
22 36 5 10
22 37 1 9
22 38 1 5
22 39 8 2
22 40 10 2
22 41 10 4
22 42 3 1
22 44 9 3
22 45 9 8
22 46 9 1
22 47 7 1
22 49 5 6
22 51 2 6
22 54 7 6
22 55 6 4
22 56 4 5
22 57 8 1
22 59 4 6
22 61 6 4
22 65 9 8
22 67 5 8
22 68 1 9
22 69 2 4
22 70 2 9
22 71 5 3
22 72 9 10
22 74 2 4
22 75 1 7
22 76 8 1
22 78 10 9
22 79 8 6
22 80 6 8
22 81 5 10
22 82 9 9
22 83 4 2
22 84 10 5
22 86 10 3
22 87 7 9
22 88 7 6
22 90 4 9
22 91 8 2
22 92 1 1
22 93 5 3
22 94 1 5
22 95 5 7
22 96 2 7
22 97 3 3
22 98 7 8
22 100 10 6
23 24 9 6
23 25 5 7
23 26 7 7
23 31 7 9
23 32 4 9
23 33 3 7
23 35 1 4
23 36 1 8
23 37 1 1
23 39 7 6
23 40 7 6
23 42 7 3
23 44 1 4
23 46 2 6
23 47 9 9
23 48 4 9
23 49 9 9
23 50 2 4
23 51 2 4
23 53 5 7
23 55 2 8
23 56 10 6
23 57 4 3
23 58 1 2
23 59 7 6
23 60 4 9
23 61 3 7
23 62 1 3
23 63 9 8
23 64 3 10
23 65 5 7
23 66 6 8
23 68 10 8
23 70 9 4
23 71 9 1
23 72 7 1
23 73 1 3
23 76 10 2
23 78 4 9
23 79 1 3
23 81 7 6
23 82 7 10
23 83 10 2
23 85 5 4
23 86 10 3
23 88 6 5
23 89 7 7
23 90 2 8
23 91 8 3
23 92 9 1
23 93 5 9
23 94 8 5
23 95 8 10
23 96 8 5
23 97 8 4
23 98 1 10
24 25 8 4
24 26 4 6
24 27 8 3
24 29 3 10
24 30 2 1
24 33 6 10
24 34 4 7
24 35 5 1
24 37 8 4
24 38 10 10
24 39 2 3
24 40 8 1
24 41 1 2
24 42 2 9
24 43 5 2
24 45 3 7
24 46 8 8
24 47 1 1
24 48 2 1
24 49 3 5
24 50 3 5
24 52 3 4
24 53 6 7
24 55 5 1
24 56 2 3
24 57 1 1
24 59 6 9
24 60 6 5
24 61 8 6
24 63 1 8
24 64 1 1
24 65 6 1
24 66 8 10
24 67 8 1
24 68 9 10
24 69 4 7
24 70 8 6
24 71 9 6
24 72 1 8
24 73 1 3
24 74 9 10
24 75 10 5
24 76 5 5
24 77 2 7
24 78 10 4
24 79 6 8
24 80 9 4
24 81 10 1
24 82 5 4
24 83 7 9
24 84 8 9
24 85 7 6
24 86 1 3
24 88 8 6
24 89 5 3
24 90 4 9
24 91 1 6
24 92 9 4
24 93 2 8
24 94 1 2
24 95 1 4
24 96 2 7
24 97 7 10
24 98 1 5
24 100 8 1
25 29 6 4
25 30 6 10
25 31 2 7
25 32 6 9
25 33 1 7
25 34 5 1
25 35 2 4
25 36 8 5
25 37 8 2
25 38 4 4
25 40 2 4
25 41 1 1
25 42 4 7
25 44 9 10
25 46 3 9
25 47 1 4
25 49 7 8
25 50 5 8
25 51 2 3
25 52 6 5
25 53 4 2
25 55 9 4
25 56 1 6
25 57 9 9
25 58 6 2
25 61 5 4
25 62 5 7
25 63 4 3
25 64 10 4
25 65 5 1
25 66 10 2
25 68 8 7
25 69 7 1
25 70 7 10
25 71 7 7
25 72 2 9
25 75 10 1
25 76 6 4
25 77 6 4
25 78 1 10
25 79 6 4
25 80 2 10
25 81 6 2
25 82 7 9
25 83 2 1
25 86 8 4
25 87 2 9
25 88 1 5
25 89 6 5
25 90 2 4
25 91 8 6
25 92 8 5
25 94 1 10
25 95 10 2
25 96 8 1
25 97 1 6
25 98 4 7
25 100 9 7
26 27 6 5
26 28 3 5
26 29 5 3
26 30 3 5
26 31 5 7
26 33 1 2
26 34 8 5
26 35 2 5
26 36 5 8
26 39 9 6
26 40 3 7
26 41 6 6
26 42 7 7
26 43 4 1
26 44 7 10
26 45 4 6
26 46 9 6
26 48 10 1
26 49 2 7
26 50 7 3
26 51 10 5
26 53 10 8
26 55 1 10
26 56 5 10
26 57 2 10
26 58 8 9
26 59 6 7
26 60 1 8
26 61 8 1
26 62 2 1
26 63 8 2
26 64 8 3
26 65 1 1
26 66 7 10
26 67 8 1
26 68 4 3
26 70 6 2
26 71 3 7
26 72 3 2
26 75 3 6
26 76 1 8
26 77 8 8
26 78 2 7
26 79 2 3
26 80 9 10
26 81 4 5
26 82 7 6
26 84 7 5
26 85 9 4
26 86 7 6
26 87 2 10
26 88 2 5
26 89 5 8
26 90 3 10
26 91 4 3
26 92 8 4
26 93 9 7
26 95 10 5
26 96 7 3
26 97 6 10
26 99 9 9
26 100 7 3
27 28 8 10
27 29 8 6
27 30 8 10
27 31 5 1
27 32 8 4
27 35 4 6
27 37 2 4
27 38 7 10
27 39 9 6
27 40 4 4
27 41 7 10
27 42 8 9
27 45 2 6
27 47 4 6
27 48 2 5
27 49 2 2
27 50 5 3
27 52 7 5
27 53 8 9
27 54 7 6
27 55 10 2
27 58 7 4
27 59 7 6
27 60 2 9
27 61 8 4
27 62 8 6
27 63 6 1
27 64 2 3
27 67 10 3
27 68 9 4
27 69 5 10
27 70 4 1
27 72 8 6
27 74 3 2
27 75 7 8
27 76 8 8
27 77 9 9
27 78 10 6
27 79 3 7
27 80 8 1
27 81 1 9
27 82 5 7
27 83 1 4
27 84 4 3
27 86 5 1
27 87 4 10
27 88 8 5
27 89 10 7
27 90 4 4
27 91 4 8
27 92 8 8
27 93 9 2
27 95 8 1
27 96 9 8
27 97 5 2
27 98 1 2
27 99 7 4
27 100 2 7
28 29 8 1
28 30 4 9
28 31 4 5
28 32 5 10
28 33 4 3
28 34 6 1
28 36 1 10
28 37 8 10
28 38 6 9
28 39 4 1
28 40 7 9
28 41 10 4
28 42 3 10
28 44 6 3
28 45 1 5
28 46 3 9
28 47 2 10
28 48 6 1
28 49 2 4
28 50 3 1
28 52 7 10
28 53 6 1
28 54 7 8
28 55 10 3
28 57 3 8
28 58 9 2
28 59 7 4
28 60 2 3
28 61 1 3
28 62 7 1
28 63 6 4
28 64 5 4
28 65 8 7
28 66 10 8
28 68 8 9
28 69 5 8
28 70 7 2
28 73 8 7
28 74 4 1
28 75 7 2
28 76 5 9
28 77 2 1
28 78 7 7
28 79 6 4
28 80 2 4
28 81 10 2
28 82 1 1
28 83 8 2
28 84 2 4
28 85 10 4
28 86 4 10
28 89 10 2
28 90 2 4
28 91 1 5
28 92 5 5
28 93 1 4
28 94 3 4
28 95 4 2
28 96 2 10
28 97 4 7
28 98 1 2
28 99 4 5
28 100 7 9
29 30 2 3
29 32 6 10
29 33 3 2
29 34 2 3
29 36 5 10
29 38 7 9
29 40 5 1
29 41 10 10
29 42 4 10
29 43 10 4
29 44 7 4
29 45 9 8
29 46 6 5
29 48 4 1
29 49 6 10
29 50 6 3
29 51 1 9
29 52 6 5
29 53 9 6
29 54 6 8
29 56 9 5
29 57 7 9
29 58 8 10
29 60 8 7
29 61 9 5
29 62 3 6
29 63 8 2
29 64 9 4
29 65 6 3
29 66 8 9
29 68 4 8
29 69 4 3
29 70 9 8
29 71 1 8
29 72 6 3
29 74 7 4
29 75 10 7
29 76 2 9
29 77 6 3
29 78 5 3
29 79 7 3
29 80 6 6
29 81 10 5
29 82 5 7
29 85 4 7
29 86 5 8
29 87 3 5
29 88 10 2
29 89 2 5
29 92 5 7
29 93 4 1
29 94 3 10
29 95 10 1
29 97 9 10
29 98 10 1
29 99 1 5
29 100 6 9
30 32 8 2
30 33 6 10
30 34 4 10
30 35 3 7
30 37 3 3
30 38 4 7
30 39 8 10
30 41 7 8
30 42 7 1
30 43 9 10
30 44 5 9
30 45 2 3
30 46 4 9
30 48 10 4
30 49 7 3
30 50 6 4
30 51 6 10
30 52 7 5
30 53 1 9
30 54 7 6
30 55 1 1
30 56 1 9
30 57 10 8
30 58 8 1
30 60 4 4
30 61 5 3
30 62 2 3
30 63 7 1
30 64 1 8
30 66 4 10
30 68 2 9
30 69 5 1
30 70 1 10
30 72 3 5
30 73 9 6
30 74 10 3
30 75 2 9
30 76 5 6
30 77 2 2
30 78 3 1
30 80 8 1
30 81 5 9
30 82 7 2
30 83 1 8
30 85 4 6
30 86 7 10
30 87 2 4
30 88 7 7
30 89 4 5
30 90 2 3
30 91 10 2
30 92 7 9
30 93 10 5
30 94 1 8
30 96 5 8
30 97 3 10
30 98 10 8
30 99 1 1
30 100 5 6
31 32 8 7
31 34 2 7
31 35 2 9
31 36 8 1
31 38 2 4
31 39 5 7
31 40 4 5
31 41 10 4
31 42 8 4
31 43 3 8
31 44 2 9
31 45 1 5
31 47 9 5
31 48 7 4
31 49 9 9
31 50 8 5
31 51 7 1
31 52 7 9
31 53 4 6
31 54 9 3
31 56 4 6
31 57 3 3
31 58 2 3
31 59 3 1
31 60 2 1
31 61 10 9
31 63 3 9
31 65 9 1
31 67 10 1
31 68 3 3
31 69 3 5
31 70 2 2
31 71 7 10
31 74 3 3
31 76 6 5
31 78 3 10
31 79 10 7
31 80 2 2
31 81 2 5
31 82 4 1
31 83 3 2
31 84 2 3
31 85 1 7
31 86 3 4
31 87 10 9
31 88 4 4
31 90 4 7
31 91 7 6
31 92 5 7
31 93 3 9
31 94 4 10
31 95 7 7
31 96 1 8
31 97 6 10
31 99 10 10
31 100 4 8
32 33 6 7
32 34 6 8
32 35 3 6
32 36 2 1
32 37 3 5
32 38 8 10
32 39 5 4
32 40 3 6
32 41 9 1
32 42 6 1
32 43 2 7
32 44 4 9
32 45 4 6
32 46 1 3
32 47 7 9
32 48 6 8
32 50 7 3
32 51 1 7
32 52 4 7
32 53 1 3
32 54 9 2
32 55 7 6
32 58 6 2
32 59 10 10
32 60 5 8
32 62 5 8
32 63 5 3
32 65 3 6
32 67 3 3
32 68 9 8
32 70 2 2
32 71 10 1
32 72 4 9
32 73 10 8
32 74 10 7
32 75 5 4
32 76 9 10
32 77 5 2
32 78 1 8
32 79 2 5
32 80 7 10
32 81 8 1
32 84 1 5
32 85 9 9
32 86 5 6
32 87 1 8
32 88 6 8
32 89 10 6
32 91 5 8
32 92 3 1
32 93 8 4
32 95 9 7
32 96 10 5
32 97 5 4
32 98 8 4
32 99 7 8
32 100 7 10
33 34 3 3
33 37 7 1
33 38 7 6
33 40 6 6
33 41 9 4
33 42 5 2
33 43 8 8
33 44 6 5
33 45 8 3
33 46 3 1
33 47 3 10
33 48 10 2
33 49 6 7
33 52 8 3
33 53 10 4
33 55 7 9
33 57 3 10
33 58 2 3
33 59 5 4
33 60 1 7
33 62 8 10
33 63 1 2
33 64 2 10
33 65 8 2
33 66 9 10
33 68 1 6
33 69 9 2
33 71 10 8
33 72 9 4
33 74 8 5
33 75 5 3
33 76 10 1
33 77 6 4
33 78 6 8
33 79 1 8
33 82 3 3
33 83 6 6
33 84 7 8
33 87 9 10
33 88 7 6
33 89 10 6
33 90 6 3
33 91 1 8
33 92 5 3
33 94 7 7
33 96 6 8
33 97 3 5
33 100 7 4
34 35 10 7
34 36 5 4
34 37 3 3
34 38 5 3
34 41 4 10
34 43 9 3
34 44 7 7
34 45 2 9
34 46 5 8
34 47 3 5
34 48 9 3
34 49 5 5
34 50 1 8
34 51 5 7
34 52 7 2
34 53 8 8
34 54 6 2
34 55 10 1
34 57 3 9
34 58 1 7
34 59 3 6
34 60 9 8
34 61 3 4
34 62 10 7
34 63 2 7
34 64 8 2
34 65 3 3
34 66 2 10
34 67 1 2
34 68 6 5
34 70 1 8
34 71 7 6
34 72 10 4
34 74 9 3
34 75 2 4
34 76 9 3
34 77 4 6
34 79 5 4
34 80 6 10
34 82 9 8
34 83 5 5
34 84 3 3
34 85 4 4
34 86 5 7
34 87 8 2
34 88 9 9
34 89 9 7
34 90 5 3
34 91 4 8
34 92 5 5
34 93 7 6
34 96 2 1
34 98 1 4
34 99 4 9
35 37 7 10
35 38 5 4
35 39 6 3
35 40 8 7
35 41 7 2
35 42 1 5
35 43 1 3
35 44 1 6
35 46 1 8
35 47 8 6
35 48 8 10
35 50 10 2
35 51 6 3
35 53 7 1
35 54 4 6
35 55 6 4
35 56 2 5
35 58 4 3
35 59 10 8
35 61 9 10
35 62 1 5
35 63 5 4
35 66 9 2
35 67 10 2
35 68 9 6
35 69 7 1
35 70 10 10
35 71 8 1
35 72 8 2
35 73 8 5
35 74 2 4
35 75 9 8
35 78 3 8
35 79 3 5
35 80 7 6
35 81 8 9
35 82 6 5
35 83 2 1
35 84 4 4
35 85 3 8
35 86 1 6
35 88 6 1
35 90 10 2
35 92 2 4
35 93 4 2
35 94 9 5
35 95 9 7
35 96 5 10
35 97 8 8
35 99 5 1
35 100 2 8
36 38 6 3
36 40 3 2
36 41 7 2
36 43 5 8
36 44 4 8
36 45 1 1
36 46 1 8
36 47 8 4
36 48 2 6
36 49 8 5
36 51 8 4
36 52 3 2
36 53 9 6
36 54 3 2
36 56 3 3
36 57 3 2
36 58 6 8
36 59 3 6
36 61 5 3
36 62 1 10
36 63 4 6
36 64 6 5
36 65 3 2
36 66 6 3
36 67 7 5
36 69 5 9
36 70 10 9
36 71 10 8
36 72 2 8
36 73 4 7
36 74 1 2
36 75 7 8
36 76 5 9
36 77 1 6
36 78 3 8
36 79 9 3
36 80 3 6
36 81 5 3
36 82 7 10
36 83 10 2
36 84 7 1
36 85 9 10
36 86 4 10
36 88 5 8
36 90 10 5
36 91 4 3
36 92 2 9
36 93 5 9
36 94 1 10
36 95 4 9
36 96 8 2
36 97 1 9
36 98 8 4
36 99 1 2
37 38 8 9
37 39 1 7
37 40 10 3
37 41 10 5
37 43 3 4
37 44 6 10
37 45 2 2
37 46 5 1
37 47 10 2
37 48 6 6
37 50 8 4
37 51 4 3
37 52 7 10
37 53 1 1
37 54 2 6
37 55 2 8
37 56 5 10
37 57 7 5
37 59 7 10
37 60 3 10
37 61 1 3
37 62 4 4
37 63 5 7
37 64 5 3
37 67 1 9
37 69 8 6
37 70 6 1
37 72 4 8
37 73 7 1
37 74 10 7
37 75 6 8
37 76 2 6
37 77 8 1
37 78 10 2
37 79 5 3
37 81 3 2
37 82 1 1
37 83 9 3
37 84 1 9
37 86 6 4
37 87 5 4
37 88 9 5
37 89 6 2
37 90 5 8
37 92 4 7
37 93 2 1
37 94 4 7
37 95 2 4
37 96 5 4
37 98 10 2
37 99 4 4
37 100 10 10
38 39 9 3
38 41 8 6
38 43 10 1
38 44 8 1
38 45 10 5
38 46 2 7
38 48 8 2
38 49 8 3
38 50 10 3
38 51 6 6
38 52 5 5
38 54 8 1
38 55 1 1
38 56 5 6
38 57 1 5
38 58 8 5
38 59 1 1
38 60 6 8
38 61 10 3
38 62 3 3
38 63 7 1
38 64 8 3
38 65 1 8
38 66 4 6
38 67 10 1
38 68 1 7
38 71 1 7
38 72 7 5
38 73 5 7
38 74 4 1
38 75 7 7
38 76 10 8
38 77 1 4
38 78 2 8
38 79 1 4
38 80 5 7
38 81 10 8
38 82 6 9
38 83 10 3
38 84 9 6
38 87 8 1
38 88 3 10
38 89 1 5
38 90 5 7
38 91 10 2
38 92 5 10
38 93 7 2
38 94 5 9
38 95 9 4
38 97 7 6
38 98 6 9
38 99 10 9
38 100 9 4
39 41 9 4
39 43 6 10
39 44 3 4
39 45 7 3
39 46 4 9
39 47 4 5
39 48 6 6
39 49 3 9
39 50 5 3
39 51 9 10
39 52 3 10
39 53 7 9
39 55 5 6
39 56 7 9
39 57 9 2
39 58 2 3
39 59 8 4
39 61 7 5
39 62 10 7
39 63 1 6
39 64 7 8
39 65 8 5
39 66 1 3
39 67 8 4
39 68 2 1
39 69 3 2
39 70 4 7
39 71 10 7
39 74 8 8
39 75 2 3
39 76 7 6
39 77 10 5
39 78 3 5
39 79 3 6
39 80 1 7
39 82 6 1
39 83 1 2
39 84 4 2
39 86 3 5
39 87 3 8
39 88 2 2
39 90 8 5
39 91 8 5
39 92 6 4
39 94 3 3
39 95 9 5
39 98 3 4
39 99 5 1
39 100 8 7
40 41 10 3
40 42 2 10
40 43 4 8
40 44 4 10
40 45 1 9
40 46 6 2
40 47 2 4
40 48 9 8
40 50 7 10
40 51 3 4
40 52 8 3
40 54 6 4
40 56 5 4
40 57 8 7
40 59 3 10
40 62 10 6
40 63 10 1
40 64 7 3
40 65 8 2
40 66 2 8
40 67 5 7
40 69 3 3
40 70 3 2
40 71 1 1
40 72 5 2
40 73 8 1
40 74 1 7
40 75 5 1
40 76 7 2
40 77 3 6
40 79 8 8
40 80 8 4
40 81 4 6
40 82 10 6
40 83 7 8
40 84 3 9
40 85 7 7
40 86 10 10
40 87 6 1
40 88 5 2
40 89 3 8
40 91 2 3
40 92 5 3
40 93 2 10
40 96 8 6
40 97 3 8
40 98 5 7
40 99 7 8
40 100 5 4
41 42 4 10
41 43 6 7
41 44 4 8
41 45 10 6
41 46 8 1
41 47 2 5
41 48 2 9
41 49 9 6
41 51 2 8
41 52 1 9
41 53 2 8
41 54 7 1
41 55 7 10
41 56 6 6
41 58 4 2
41 59 4 6
41 60 9 10
41 61 5 1
41 62 6 1
41 63 2 2
41 65 10 4
41 67 10 6
41 68 5 4
41 69 6 1
41 71 4 7
41 72 1 9
41 73 1 6
41 74 7 10
41 75 3 9
41 76 2 4
41 79 7 9
41 80 2 10
41 82 6 6
41 84 9 10
41 85 4 8
41 86 2 9
41 88 5 10
41 91 2 10
41 92 6 6
41 93 6 3
41 94 8 8
41 95 2 3
41 96 1 5
41 97 4 2
41 99 2 9
42 43 5 5
42 44 2 10
42 45 10 4
42 46 7 6
42 47 10 10
42 48 4 8
42 49 10 2
42 50 7 6
42 51 6 3
42 52 3 10
42 53 5 9
42 54 8 8
42 55 6 10
42 56 5 10
42 57 9 2
42 58 3 6
42 59 8 3
42 60 2 4
42 61 6 7
42 62 8 7
42 63 7 7
42 64 10 1
42 65 9 3
42 68 8 4
42 69 5 4
42 71 7 5
42 72 5 2
42 73 1 9
42 74 1 6
42 75 3 3
42 76 2 6
42 77 5 5
42 79 10 10
42 82 10 7
42 83 4 6
42 84 3 5
42 86 2 5
42 92 3 5
42 93 8 3
42 94 4 10
42 95 2 5
42 96 3 2
42 97 8 7
42 98 10 1
42 99 2 4
42 100 3 5
43 45 6 2
43 46 5 1
43 48 9 7
43 49 3 3
43 51 8 6
43 52 7 4
43 53 7 8
43 54 8 1
43 55 5 7
43 56 6 10
43 57 6 9
43 58 1 10
43 59 6 8
43 60 10 8
43 61 6 9
43 62 2 5
43 64 7 3
43 65 3 6
43 66 3 3
43 68 3 7
43 69 10 4
43 70 5 2
43 71 5 9
43 72 7 2
43 73 6 9
43 74 4 8
43 75 9 3
43 76 3 9
43 77 8 1
43 78 5 2
43 80 9 8
43 82 6 8
43 84 4 1
43 85 7 1
43 87 10 2
43 88 9 5
43 89 10 7
43 90 9 8
43 91 3 1
43 94 6 8
43 95 2 7
43 96 10 6
43 97 5 8
43 98 4 10
43 99 1 10
43 100 6 6
44 45 9 7
44 46 6 8
44 47 7 5
44 50 8 2
44 51 3 6
44 53 7 3
44 54 10 8
44 55 9 10
44 56 5 10
44 57 8 7
44 59 4 9
44 61 9 1
44 64 7 3
44 65 3 6
44 66 7 5
44 67 6 10
44 68 5 4
44 69 4 3
44 70 7 6
44 71 1 9
44 72 2 10
44 73 10 5
44 74 5 7
44 76 5 7
44 77 4 8
44 78 8 1
44 79 8 9
44 80 3 7
44 81 1 10
44 83 5 9
44 84 6 10
44 86 10 6
44 87 7 1
44 88 8 8
44 89 3 1
44 90 9 4
44 91 8 10
44 92 9 8
44 93 2 2
44 94 9 4
44 95 7 2
44 96 4 6
44 97 5 2
44 98 7 2
44 99 7 2
44 100 1 3
45 46 2 6
45 47 9 8
45 48 1 3
45 49 5 10
45 50 3 1
45 51 3 8
45 52 5 1
45 53 8 9
45 54 10 8
45 55 5 5
45 58 5 9
45 61 10 7
45 62 7 2
45 63 3 3
45 64 9 4
45 65 3 10
45 66 4 4
45 67 10 10
45 69 2 5
45 70 1 7
45 71 1 6
45 72 10 10
45 73 4 6
45 74 4 6
45 75 8 10
45 76 2 2
45 77 5 4
45 78 4 6
45 81 8 10
45 82 6 9
45 83 10 5
45 84 4 1
45 85 8 6
45 88 10 2
45 89 3 5
45 90 1 2
45 91 4 3
45 92 10 4
45 94 2 2
45 95 3 4
45 96 8 10
45 99 4 2
46 47 6 1
46 49 4 2
46 50 8 1
46 51 3 10
46 52 10 5
46 53 4 3
46 54 8 8
46 55 5 10
46 56 2 1
46 57 4 1
46 58 7 9
46 59 9 9
46 60 6 7
46 61 5 3
46 62 9 9
46 63 2 8
46 64 4 3
46 65 6 6
46 66 5 2
46 68 7 2
46 69 4 9
46 70 7 6
46 72 5 6
46 73 1 4
46 74 9 2
46 75 4 2
46 76 10 8
46 77 1 7
46 78 3 10
46 79 8 4
46 83 3 5
46 84 10 4
46 85 3 9
46 86 7 5
46 87 7 5
46 88 10 5
46 89 6 10
46 90 9 7
46 91 2 3
46 92 10 4
46 93 4 10
46 94 2 7
46 95 7 10
46 98 9 5
46 99 10 9
46 100 10 10
47 48 2 8
47 49 7 4
47 50 1 3
47 51 10 6
47 52 8 4
47 53 2 4
47 55 8 7
47 56 3 5
47 57 4 3
47 58 1 10
47 60 4 6
47 61 3 1
47 62 9 10
47 63 1 8
47 64 9 6
47 65 4 4
47 67 2 2
47 68 10 8
47 69 1 5
47 70 3 10
47 71 4 4
47 72 6 6
47 73 3 2
47 74 10 6
47 75 1 1
47 76 5 3
47 77 9 4
47 78 7 2
47 81 4 1
47 82 4 9
47 83 10 10
47 84 6 6
47 85 1 6
47 86 4 1
47 88 1 8
47 89 9 5
47 90 1 5
47 91 2 4
47 92 6 3
47 93 4 7
47 94 8 10
47 95 7 7
47 96 1 7
47 97 3 2
47 98 5 10
47 99 4 5
47 100 2 5
48 49 5 1
48 50 5 8
48 51 7 2
48 52 8 2
48 53 5 8
48 55 9 9
48 56 8 5
48 57 10 10
48 58 2 8
48 59 1 1
48 60 6 6
48 61 10 3
48 63 5 5
48 64 5 7
48 65 1 7
48 66 7 6
48 67 10 4
48 68 4 10
48 69 6 8
48 70 4 9
48 73 9 6
48 75 10 6
48 76 5 5
48 77 7 3
48 78 1 2
48 80 4 7
48 81 4 4
48 82 9 8
48 87 9 7
48 88 6 4
48 89 3 6
48 91 4 3
48 92 5 10
48 93 9 1
48 94 10 6
48 95 6 5
48 96 6 3
48 98 2 1
48 99 3 6
48 100 2 6
49 50 3 7
49 51 7 6
49 52 5 8
49 53 3 7
49 54 5 7
49 55 6 8
49 56 6 5
49 57 10 3
49 59 5 2
49 60 3 9
49 61 5 5
49 62 3 3
49 63 6 4
49 65 8 7
49 66 8 1
49 67 8 1
49 68 2 6
49 69 3 9
49 70 10 7
49 71 3 9
49 72 10 5
49 73 4 8
49 74 2 1
49 75 5 2
49 78 9 10
49 80 4 1
49 81 5 3
49 83 6 3
49 85 6 4
49 86 8 6
49 87 2 2
49 88 8 8
49 89 2 3
49 90 10 3
49 91 3 4
49 92 9 6
49 93 6 1
49 94 1 7
49 95 2 1
49 96 6 4
49 97 2 3
49 98 10 3
49 99 7 4
49 100 7 3
50 51 8 5
50 52 3 5
50 53 9 4
50 54 7 8
50 55 9 6
50 56 5 6
50 57 8 8
50 58 9 5
50 59 9 8
50 60 2 3
50 61 1 4
50 62 5 1
50 63 3 8
50 64 3 1
50 66 7 10
50 67 1 1
50 68 3 5
50 70 2 3
50 71 5 6
50 72 4 8
50 73 3 2
50 74 10 5
50 75 4 2
50 76 8 10
50 77 3 1
50 78 1 4
50 79 7 10
50 80 10 8
50 81 3 8
50 82 3 2
50 83 8 7
50 86 3 8
50 87 1 7
50 88 7 8
50 89 1 4
50 90 3 7
50 92 1 10
50 93 6 3
50 94 5 8
50 95 4 9
50 96 1 9
50 97 3 3
50 99 1 8
50 100 4 4
51 52 7 5
51 53 7 7
51 54 5 3
51 55 10 8
51 56 6 3
51 57 4 4
51 59 8 8
51 60 8 9
51 61 6 6
51 62 6 3
51 63 7 7
51 65 1 3
51 66 5 8
51 67 5 6
51 68 9 4
51 69 1 5
51 75 4 10
51 78 9 7
51 79 3 10
51 80 5 6
51 81 9 9
51 82 9 10
51 83 3 2
51 84 6 5
51 85 7 7
51 86 7 4
51 87 9 9
51 88 8 3
51 89 4 3
51 90 10 5
51 91 2 5
51 92 9 10
51 94 6 2
51 95 7 2
51 97 8 3
51 98 6 5
51 99 4 4
51 100 3 2
52 53 6 9
52 54 5 2
52 55 2 3
52 56 4 9
52 57 6 9
52 58 8 8
52 59 1 4
52 60 6 6
52 62 10 8
52 63 6 5
52 65 2 10
52 66 4 4
52 67 3 3
52 69 6 10
52 70 2 5
52 71 5 8
52 72 9 3
52 73 9 6
52 74 8 8
52 75 3 2
52 77 4 8
52 78 5 9
52 79 10 7
52 80 7 7
52 81 8 7
52 82 3 7
52 84 7 10
52 85 5 9
52 89 5 10
52 90 6 4
52 91 5 4
52 92 3 4
52 93 9 8
52 95 4 9
52 96 3 7
52 98 9 1
52 99 6 9
53 54 6 1
53 55 8 8
53 57 7 6
53 59 2 1
53 61 3 1
53 62 5 1
53 63 8 8
53 64 10 3
53 65 10 7
53 66 4 6
53 68 2 8
53 69 8 10
53 70 1 2
53 71 8 7
53 72 8 3
53 73 4 6
53 75 10 8
53 76 5 2
53 77 4 5
53 79 6 4
53 81 1 6
53 82 9 8
53 83 4 8
53 84 10 2
53 85 8 6
53 86 4 4
53 87 5 10
53 88 10 6
53 90 2 7
53 91 7 10
53 92 1 5
53 93 2 10
53 94 7 10
53 96 4 10
53 97 10 4
53 98 4 5
53 99 6 4
54 55 5 4
54 57 6 5
54 58 7 1
54 59 2 5
54 60 1 6
54 61 7 5
54 62 4 7
54 63 5 9
54 64 6 9
54 66 5 5
54 67 3 9
54 68 8 4
54 69 9 7
54 70 10 8
54 71 5 3
54 73 8 1
54 74 7 10
54 77 9 10
54 78 4 6
54 79 8 1
54 80 4 5
54 81 7 9
54 83 3 3
54 84 8 7
54 86 4 6
54 87 5 2
54 88 9 7
54 89 3 4
54 90 3 7
54 91 1 1
54 92 7 8
54 93 2 10
54 94 6 7
54 95 1 6
54 96 2 1
54 97 2 3
54 98 7 8
54 99 9 5
55 56 8 3
55 57 3 9
55 59 2 8
55 61 6 6
55 62 3 3
55 63 8 1
55 64 4 9
55 66 1 2
55 67 2 7
55 68 5 9
55 69 9 1
55 74 4 9
55 75 3 5
55 76 3 5
55 77 5 2
55 78 10 1
55 79 1 9
55 80 10 4
55 82 6 3
55 84 9 4
55 85 10 2
55 86 5 3
55 87 2 8
55 88 6 8
55 89 8 3
55 90 8 2
55 91 10 8
55 92 9 8
55 93 5 5
55 94 7 10
55 95 5 5
55 96 4 7
55 97 9 2
55 98 8 8
55 99 10 4
55 100 8 5
56 57 9 5
56 58 8 8
56 59 3 6
56 60 5 9
56 61 4 9
56 62 8 6
56 63 2 2
56 64 9 3
56 66 9 4
56 68 9 7
56 69 7 8
56 71 2 8
56 72 10 9
56 73 7 9
56 74 10 2
56 75 4 1
56 76 6 7
56 77 1 7
56 78 9 1
56 80 7 3
56 81 4 6
56 82 5 1
56 83 9 5
56 84 2 2
56 85 5 2
56 86 7 6
56 87 8 9
56 88 9 3
56 90 8 7
56 91 3 4
56 92 8 9
56 93 6 3
56 94 1 6
56 96 5 8
56 97 2 5
56 98 3 8
56 99 9 5
56 100 8 3
57 58 3 4
57 60 1 3
57 61 6 6
57 62 10 5
57 64 4 8
57 67 3 7
57 69 2 9
57 70 6 6
57 71 6 8
57 72 1 1
57 73 7 5
57 75 2 4
57 76 7 9
57 77 10 1
57 78 9 8
57 79 8 2
57 80 3 1
57 81 4 3
57 82 7 7
57 84 9 3
57 85 4 6
57 87 7 8
57 88 8 6
57 89 4 7
57 90 8 5
57 91 10 6
57 92 8 3
57 93 10 3
57 94 7 6
57 97 6 9
57 98 5 4
57 99 1 7
57 100 6 1
58 59 9 9
58 60 2 9
58 62 5 4
58 63 3 6
58 65 9 2
58 66 4 6
58 67 9 9
58 68 2 8
58 69 9 6
58 70 5 6
58 71 6 2
58 73 7 7
58 76 1 3
58 77 3 9
58 78 10 10
58 79 6 8
58 80 4 4
58 81 7 1
58 82 5 6
58 83 7 9
58 84 1 6
58 85 2 2
58 86 5 6
58 87 10 7
58 88 7 10
58 89 4 9
58 90 5 3
58 91 6 4
58 92 4 10
58 94 10 8
58 95 7 4
58 96 6 2
58 97 4 5
58 98 3 6
58 99 5 1
58 100 2 3
59 60 4 3
59 61 3 8
59 62 7 7
59 63 6 4
59 64 10 4
59 66 5 1
59 67 4 6
59 68 10 9
59 70 3 8
59 72 3 1
59 73 10 8
59 76 4 4
59 77 5 1
59 78 7 1
59 79 6 8
59 80 6 6
59 81 2 8
59 82 3 1
59 83 10 1
59 84 4 9
59 85 8 6
59 88 2 7
59 89 1 9
59 90 9 10
59 91 9 3
59 93 5 7
59 94 7 9
59 95 5 6
59 96 7 1
59 97 3 5
59 98 3 5
59 99 4 10
59 100 9 8
60 61 7 3
60 63 6 3
60 64 6 2
60 65 8 6
60 66 10 4
60 67 2 5
60 68 7 6
60 69 8 9
60 70 10 1
60 71 1 2
60 72 3 2
60 74 5 1
60 75 7 1
60 79 3 5
60 81 4 10
60 82 7 6
60 83 2 10
60 84 1 1
60 85 4 5
60 86 6 1
60 87 10 9
60 88 1 5
60 89 7 10
60 91 7 2
60 92 3 3
60 93 2 4
60 94 8 8
60 98 9 9
60 100 5 9
61 62 2 7
61 63 8 7
61 64 2 4
61 65 8 8
61 66 2 4
61 68 3 9
61 70 6 2
61 71 5 2
61 73 1 7
61 74 6 8
61 77 6 7
61 78 5 3
61 79 7 8
61 80 6 3
61 83 7 9
61 84 9 8
61 85 3 2
61 86 9 10
61 87 6 3
61 88 10 1
61 89 8 4
61 90 2 10
61 92 5 5
61 93 2 8
61 94 6 10
61 95 10 10
61 96 5 3
61 97 8 4
61 98 9 5
61 99 7 3
62 63 10 3
62 64 10 3
62 65 5 1
62 66 6 5
62 67 4 5
62 68 7 1
62 70 7 8
62 72 6 10
62 73 4 10
62 74 6 1
62 75 4 8
62 76 7 2
62 78 9 4
62 79 6 7
62 80 5 9
62 81 1 3
62 82 10 4
62 83 5 5
62 84 2 2
62 85 1 8
62 86 10 8
62 87 1 3
62 88 8 1
62 91 8 8
62 92 9 3
62 93 1 1
62 94 10 6
62 95 6 7
62 96 1 4
62 97 1 9
62 99 5 9
62 100 6 6
63 64 9 3
63 65 1 2
63 66 2 9
63 67 4 6
63 68 2 7
63 69 5 3
63 70 5 5
63 71 3 8
63 72 9 7
63 73 2 9
63 75 9 4
63 76 7 1
63 77 1 8
63 78 2 2
63 79 10 4
63 81 9 7
63 83 10 9
63 84 4 4
63 85 2 7
63 86 4 10
63 88 1 5
63 90 3 10
63 92 9 7
63 93 7 7
63 94 9 7
63 95 7 8
63 96 9 7
63 97 5 6
63 98 9 4
63 99 2 5
63 100 9 8
64 65 3 5
64 66 8 7
64 67 8 2
64 68 2 9
64 69 5 9
64 70 1 8
64 71 5 4
64 72 7 6
64 73 4 10
64 75 3 1
64 78 8 7
64 79 10 7
64 80 10 8
64 81 8 6
64 83 8 5
64 85 1 2
64 87 8 5
64 88 9 5
64 89 8 4
64 91 7 1
64 92 2 2
64 93 8 10
64 95 9 8
64 96 3 5
64 98 9 1
64 99 10 6
64 100 9 10
65 67 8 5
65 68 3 5
65 69 5 8
65 70 9 6
65 71 2 10
65 72 4 10
65 73 8 3
65 74 7 8
65 75 8 10
65 76 3 8
65 77 4 3
65 78 10 8
65 79 3 7
65 80 8 6
65 81 7 4
65 84 2 1
65 86 1 5
65 87 4 5
65 88 10 3
65 89 5 1
65 90 5 1
65 91 5 5
65 92 5 2
65 94 4 8
65 95 7 9
65 96 6 9
65 97 1 3
65 98 9 4
65 99 2 1
65 100 8 8
66 67 5 8
66 68 8 1
66 69 8 2
66 72 10 8
66 74 5 1
66 75 1 5
66 77 2 6
66 78 8 3
66 80 9 2
66 81 4 1
66 82 5 6
66 83 3 1
66 84 2 1
66 85 7 9
66 86 4 1
66 88 1 8
66 89 9 2
66 90 1 5
66 91 10 10
66 92 10 8
66 93 6 8
66 94 4 7
66 96 3 6
66 97 1 3
66 98 10 9
66 99 5 1
66 100 10 6
67 68 1 6
67 69 6 7
67 70 6 10
67 71 9 1
67 72 5 7
67 73 4 4
67 75 7 6
67 76 8 2
67 77 6 7
67 78 4 3
67 80 2 1
67 81 4 5
67 82 3 9
67 83 9 3
67 84 10 1
67 85 6 3
67 86 5 6
67 87 7 10
67 88 3 3
67 89 8 4
67 92 2 1
67 93 8 6
67 94 9 5
67 95 8 6
67 97 6 9
67 98 7 6
68 69 8 10
68 70 6 1
68 72 9 3
68 74 6 1
68 75 2 2
68 76 8 5
68 77 4 3
68 78 9 1
68 79 3 4
68 80 10 5
68 81 4 6
68 82 1 2
68 83 6 6
68 84 1 10
68 85 2 1
68 86 9 1
68 87 5 3
68 88 1 9
68 89 5 5
68 91 3 4
68 93 2 10
68 94 2 10
68 96 4 8
68 97 6 9
68 98 4 3
68 99 3 4
68 100 1 2
69 70 8 8
69 71 10 9
69 72 10 10
69 73 4 1
69 74 3 5
69 75 9 1
69 76 7 3
69 77 6 10
69 78 2 4
69 79 2 5
69 80 3 4
69 81 2 8
69 82 2 4
69 83 6 1
69 84 6 1
69 86 9 9
69 87 1 1
69 88 8 10
69 91 5 9
69 92 5 9
69 93 4 6
69 94 2 6
69 95 7 7
69 96 6 10
69 97 1 5
69 98 9 4
69 99 10 1
69 100 9 9
70 71 8 6
70 73 3 5
70 74 3 2
70 75 7 10
70 76 10 4
70 77 10 7
70 79 10 4
70 80 7 5
70 81 4 8
70 82 6 7
70 83 2 7
70 84 7 2
70 85 9 7
70 86 8 2
70 87 6 6
70 88 2 1
70 89 6 4
70 90 5 7
70 91 6 6
70 92 9 7
70 93 9 6
70 94 9 4
70 96 4 6
70 99 10 4
70 100 6 1
71 72 8 3
71 73 4 3
71 75 6 6
71 76 3 1
71 77 1 2
71 78 1 7
71 79 1 6
71 80 3 2
71 81 10 8
71 82 1 9
71 83 1 9
71 86 3 4
71 87 8 2
71 88 10 2
71 89 7 3
71 91 7 3
71 92 5 10
71 93 9 8
71 96 6 4
71 97 9 9
71 98 3 7
71 99 8 3
72 73 1 6
72 74 10 9
72 75 4 10
72 76 7 6
72 77 2 6
72 78 2 3
72 79 5 1
72 81 5 9
72 82 5 7
72 83 6 4
72 84 3 8
72 85 8 3
72 87 5 7
72 88 9 1
72 89 5 10
72 90 6 3
72 91 2 9
72 92 3 10
72 94 6 2
72 95 3 9
72 97 7 2
72 99 8 8
72 100 9 4
73 74 6 4
73 75 3 6
73 77 7 7
73 78 10 10
73 82 9 2
73 83 4 4
73 84 9 4
73 85 9 5
73 86 10 1
73 87 4 6
73 88 9 10
73 90 9 5
73 91 7 10
73 92 10 4
73 93 6 3
73 94 1 5
73 96 6 3
73 97 7 2
73 98 9 3
73 99 4 1
73 100 10 4
74 75 9 7
74 76 4 5
74 77 6 6
74 78 6 7
74 79 10 2
74 81 9 10
74 82 10 5
74 84 3 5
74 85 1 8
74 86 3 4
74 87 9 8
74 88 10 8
74 89 10 3
74 91 7 2
74 92 7 7
74 94 7 3
74 95 5 3
74 96 5 2
74 97 4 3
74 98 7 10
74 100 7 6
75 76 1 10
75 77 2 4
75 78 5 2
75 79 5 6
75 80 2 7
75 82 1 7
75 83 1 5
75 84 9 4
75 85 4 1
75 87 1 8
75 89 8 4
75 90 6 5
75 91 5 8
75 92 2 8
75 93 2 2
75 94 4 6
75 95 5 8
75 100 5 2
76 77 10 2
76 78 7 5
76 80 7 6
76 81 4 1
76 82 8 2
76 84 5 8
76 85 2 2
76 86 9 8
76 87 5 10
76 88 1 10
76 89 5 9
76 90 5 7
76 92 4 6
76 93 3 1
76 94 7 7
76 95 6 9
76 96 6 9
76 97 4 2
76 99 7 5
76 100 3 3
77 78 7 4
77 79 10 2
77 81 9 7
77 82 2 1
77 83 2 5
77 84 1 8
77 85 10 1
77 86 6 5
77 87 8 2
77 88 2 5
77 89 5 1
77 90 4 9
77 91 8 1
77 92 9 10
77 94 5 7
77 95 6 1
77 96 10 8
77 97 5 9
77 98 5 4
77 99 1 5
78 79 2 3
78 81 2 1
78 83 4 3
78 84 5 10
78 85 3 7
78 86 9 6
78 87 1 6
78 88 6 3
78 89 10 4
78 90 8 1
78 91 3 9
78 92 5 3
78 93 1 8
78 94 2 10
78 96 8 5
78 97 7 1
78 98 7 2
78 100 5 9
79 80 6 2
79 81 4 1
79 82 1 4
79 83 5 4
79 85 10 10
79 86 3 2
79 88 9 9
79 89 7 6
79 90 2 1
79 91 5 1
79 92 2 9
79 93 2 2
79 95 7 10
79 96 2 5
79 97 7 5
79 98 8 9
79 99 3 5
80 82 6 6
80 83 8 2
80 85 7 10
80 86 4 10
80 87 9 2
80 89 8 4
80 91 7 7
80 92 6 8
80 93 6 2
80 94 1 3
80 95 1 5
80 96 5 6
80 97 5 6
80 98 5 4
80 100 2 6
81 83 2 9
81 85 6 5
81 86 8 2
81 88 8 10
81 89 9 4
81 90 10 1
81 91 4 8
81 92 2 6
81 93 5 4
81 94 2 7
81 95 1 3
81 97 10 9
81 98 9 4
81 99 10 7
81 100 8 8
82 83 2 1
82 84 9 5
82 85 4 9
82 87 9 1
82 88 7 1
82 89 2 5
82 90 5 10
82 91 4 8
82 92 1 8
82 93 6 7
82 94 1 2
82 95 4 8
82 96 7 1
82 97 2 5
82 98 7 9
82 100 4 6
83 84 10 7
83 85 6 6
83 87 1 7
83 88 3 9
83 91 2 8
83 92 10 3
83 93 1 6
83 94 10 8
83 95 3 1
83 97 2 7
83 99 7 1
83 100 1 5
84 85 4 5
84 86 10 10
84 87 7 3
84 88 8 1
84 89 4 8
84 93 10 7
84 94 5 1
84 95 1 10
84 96 1 1
84 98 6 1
84 99 1 5
84 100 8 3
85 88 2 4
85 89 2 5
85 90 2 8
85 91 4 8
85 92 2 6
85 93 4 5
85 94 5 8
85 95 3 8
85 96 7 3
85 98 9 10
85 100 10 5
86 87 9 3
86 88 2 7
86 90 8 4
86 91 5 1
86 92 6 1
86 93 5 9
86 94 8 7
86 95 6 9
86 96 7 7
86 97 9 8
86 98 2 10
86 99 8 7
86 100 9 10
87 90 4 3
87 95 6 10
87 96 4 5
87 97 7 2
87 98 7 5
87 99 6 7
87 100 9 2
88 90 3 2
88 91 6 6
88 92 3 4
88 93 7 2
88 94 7 8
88 96 2 1
88 97 10 9
88 98 5 9
88 99 6 3
88 100 1 5
89 90 1 4
89 92 8 2
89 93 3 2
89 94 3 4
89 95 5 7
89 98 8 10
89 99 6 4
89 100 2 9
90 91 2 5
90 92 9 7
90 93 4 10
90 94 7 10
90 95 9 7
90 96 5 4
90 98 6 3
90 99 6 7
90 100 5 7
91 92 5 1
91 94 5 7
91 95 5 7
91 96 7 1
91 97 8 3
91 98 3 6
91 99 8 6
91 100 6 1
92 93 8 3
92 94 8 3
92 95 1 7
92 98 5 7
92 99 4 1
92 100 10 1
93 94 2 8
93 95 3 1
93 96 4 1
93 98 1 6
93 99 10 1
93 100 4 9
94 95 5 2
94 97 4 3
94 98 3 4
94 100 6 1
95 96 3 9
95 97 6 5
95 98 1 3
95 99 7 5
95 100 7 3
96 97 10 6
96 99 9 1
96 100 5 5
97 98 1 3
97 99 10 6
98 99 4 6
98 100 4 1
99 100 1 5
1
1 2 3 4 5 6 7 8 9 10 11 12 13 14 15 16 17 18 19 20 21 22 23 24 25 26 27 28 29 30 31 32 33 34 35 36 37 38 39 40 41 42 43 44 45 46 47 48 49 50
