3966
1 2 3 8
1 3 4 6
1 4 5 7
1 5 3 2
1 6 4 5
1 7 8 4
1 8 10 9
1 9 3 3
1 10 1 9
1 11 7 1
1 12 2 7
1 13 2 5
1 14 8 8
1 15 5 1
1 16 8 8
1 17 7 5
1 20 7 6
1 21 3 2
1 22 9 5
1 23 8 1
1 25 6 6
1 26 4 5
1 28 3 4
1 29 9 9
1 31 3 6
1 32 10 6
1 34 10 4
1 35 8 8
1 36 9 5
1 37 8 5
1 38 3 9
1 39 9 2
1 40 6 6
1 41 2 6
1 42 7 10
1 43 7 9
1 44 4 10
1 45 1 3
1 47 6 4
1 49 2 7
1 52 4 9
1 53 3 9
1 54 7 2
1 56 1 6
1 57 7 4
1 58 2 10
1 59 1 3
1 60 5 10
1 62 7 9
1 64 7 10
1 66 10 8
1 68 2 1
1 69 5 1
1 70 8 5
1 71 4 10
1 72 10 7
1 73 6 7
1 74 8 7
1 75 4 10
1 76 1 7
1 78 9 8
1 79 6 1
1 80 1 9
1 81 6 1
1 82 4 2
1 84 9 2
1 85 4 5
1 86 6 1
1 87 7 2
1 88 2 4
1 89 8 10
1 90 7 2
1 91 7 7
1 92 7 2
1 94 5 7
1 95 3 3
1 96 8 7
1 98 2 7
1 100 6 2
2 3 3 5
2 4 1 7
2 6 5 5
2 7 3 8
2 8 8 9
2 9 3 2
2 10 9 5
2 12 5 6
2 13 7 1
2 14 1 2
2 16 4 1
2 18 9 1
2 19 6 6
2 20 4 10
2 22 3 2
2 23 3 7
2 24 6 4
2 25 10 2
2 26 2 8
2 27 5 10
2 28 2 9
2 30 3 9
2 31 8 10
2 34 10 2
2 35 7 10
2 36 3 6
2 37 1 4
2 39 7 9
2 40 7 1
2 42 7 8
2 43 9 9
2 44 2 1
2 47 5 7
2 48 7 7
2 49 6 5
2 51 3 9
2 52 4 5
2 53 3 9
2 54 1 2
2 55 9 5
2 56 5 3
2 57 8 10
2 58 6 4
2 59 5 10
2 60 6 2
2 61 6 8
2 62 6 1
2 63 9 5
2 64 7 9
2 65 6 9
2 66 5 2
2 68 8 2
2 69 7 4
2 70 9 2
2 71 10 5
2 72 9 2
2 73 9 9
2 74 10 5
2 76 8 8
2 77 6 1
2 78 8 10
2 79 2 9
2 80 2 7
2 81 9 5
2 82 4 10
2 83 7 6
2 84 8 9
2 85 2 2
2 86 10 9
2 88 6 2
2 89 6 5
2 90 3 10
2 91 10 6
2 92 3 6
2 93 4 5
2 95 7 9
2 96 5 9
2 97 2 7
2 100 1 6
3 4 2 7
3 6 10 9
3 7 3 3
3 8 9 2
3 9 9 10
3 10 4 2
3 11 7 5
3 15 4 3
3 16 10 1
3 17 4 8
3 18 9 2
3 21 5 7
3 23 10 2
3 24 6 1
3 25 6 8
3 26 6 1
3 27 3 5
3 28 10 10
3 29 4 2
3 30 1 1
3 31 3 10
3 32 4 7
3 33 8 9
3 34 6 7
3 35 4 10
3 36 4 4
3 37 7 5
3 38 7 6
3 39 3 3
3 40 7 8
3 41 4 4
3 42 10 1
3 43 4 2
3 44 8 9
3 45 8 1
3 47 8 9
3 48 5 7
3 49 2 6
3 50 8 4
3 51 2 5
3 52 3 7
3 53 6 8
3 54 1 1
3 55 2 2
3 56 3 5
3 57 5 3
3 58 6 5
3 59 10 6
3 60 5 10
3 62 5 4
3 64 9 6
3 65 2 5
3 68 4 8
3 69 1 2
3 70 7 6
3 71 7 10
3 73 5 2
3 74 7 2
3 75 1 2
3 76 7 2
3 78 8 4
3 79 4 3
3 80 3 5
3 81 9 10
3 83 4 9
3 84 3 10
3 85 9 10
3 86 9 8
3 87 2 10
3 88 2 3
3 89 8 8
3 90 10 8
3 91 10 7
3 92 3 1
3 93 7 7
3 94 9 6
3 96 5 8
3 97 7 3
3 99 6 6
3 100 7 5
4 5 7 9
4 8 5 3
4 9 7 9
4 10 10 10
4 11 3 6
4 12 3 6
4 13 3 4
4 14 1 5
4 15 2 4
4 17 7 2
4 19 8 1
4 21 5 5
4 22 9 1
4 24 10 10
4 26 8 10
4 27 8 1
4 28 9 8
4 29 7 2
4 30 8 6
4 31 2 7
4 32 8 6
4 33 9 6
4 34 2 9
4 35 1 5
4 36 4 10
4 38 10 5
4 39 10 4
4 40 5 7
4 41 6 3
4 42 7 3
4 46 4 4
4 48 8 10
4 49 2 4
4 51 9 8
4 52 8 10
4 53 8 10
4 54 6 6
4 55 1 3
4 56 2 4
4 58 6 1
4 59 2 5
4 60 6 10
4 62 1 5
4 63 3 3
4 65 2 8
4 66 10 6
4 67 3 9
4 68 7 1
4 69 10 6
4 70 4 5
4 73 10 6
4 76 4 5
4 77 8 3
4 78 1 3
4 79 3 6
4 80 5 1
4 81 2 3
4 82 7 10
4 83 1 3
4 86 7 9
4 87 4 6
4 88 9 8
4 89 3 2
4 91 10 8
4 92 8 1
4 93 4 4
4 94 8 6
4 96 7 1
4 97 2 3
4 99 10 6
4 100 2 9
5 6 10 1
5 8 10 6
5 9 8 9
5 10 6 3
5 11 2 10
5 12 4 6
5 13 8 9
5 15 9 5
5 16 10 4
5 17 7 7
5 18 1 4
5 19 4 2
5 20 4 3
5 21 8 9
5 23 5 7
5 24 9 3
5 25 2 10
5 27 2 6
5 28 1 5
5 30 4 8
5 32 1 4
5 33 4 5
5 34 9 5
5 35 8 6
5 36 7 9
5 38 2 4
5 39 10 3
5 40 5 8
5 43 6 1
5 44 7 3
5 45 4 7
5 46 2 8
5 47 4 8
5 48 7 2
5 49 5 9
5 50 9 10
5 51 9 1
5 53 9 2
5 54 8 2
5 55 5 4
5 56 5 3
5 57 4 9
5 58 8 3
5 59 5 3
5 60 2 6
5 61 1 3
5 62 8 8
5 64 5 1
5 67 7 2
5 68 2 7
5 70 1 3
5 71 9 2
5 72 8 3
5 74 4 3
5 75 1 3
5 76 3 5
5 77 7 8
5 78 3 1
5 79 9 7
5 82 5 6
5 84 8 9
5 85 2 7
5 86 4 4
5 88 2 9
5 89 8 8
5 90 8 8
5 91 1 10
5 93 9 4
5 94 3 1
5 95 8 2
5 96 1 5
5 97 8 3
5 98 9 8
5 99 5 2
5 100 2 7
6 7 3 3
6 10 8 2
6 11 9 2
6 12 10 5
6 13 10 2
6 14 6 5
6 15 6 7
6 16 1 5
6 17 9 2
6 18 4 7
6 25 6 5
6 26 7 6
6 27 6 2
6 28 6 4
6 29 7 2
6 31 3 2
6 32 1 4
6 33 8 7
6 34 10 10
6 35 6 7
6 36 4 8
6 38 1 9
6 39 4 2
6 40 3 2
6 41 1 8
6 42 10 1
6 43 3 4
6 45 1 2
6 46 10 9
6 47 9 3
6 48 3 3
6 50 6 10
6 51 6 8
6 52 9 3
6 53 8 1
6 55 3 5
6 56 6 9
6 57 1 7
6 58 1 5
6 59 10 10
6 60 5 4
6 61 2 3
6 63 5 7
6 64 10 2
6 65 10 10
6 66 5 4
6 67 5 5
6 69 1 9
6 70 2 10
6 71 5 6
6 72 9 9
6 73 4 6
6 74 5 2
6 75 6 5
6 76 6 2
6 78 4 9
6 79 10 6
6 80 10 7
6 81 7 3
6 82 5 4
6 84 6 8
6 85 9 4
6 86 4 7
6 87 10 4
6 88 6 6
6 89 6 4
6 91 4 3
6 92 5 5
6 93 10 2
6 94 3 4
6 97 3 2
6 98 6 3
7 9 3 5
7 10 4 4
7 11 5 1
7 12 7 6
7 13 2 7
7 14 9 2
7 15 7 6
7 16 3 2
7 17 9 3
7 19 9 7
7 20 2 4
7 21 7 8
7 22 6 10
7 23 5 8
7 24 1 4
7 26 4 7
7 27 3 5
7 28 8 2
7 29 2 8
7 30 6 8
7 31 5 8
7 32 2 4
7 33 10 1
7 34 9 5
7 35 6 2
7 36 3 9
7 37 9 2
7 38 2 8
7 39 7 8
7 41 5 4
7 42 1 5
7 43 9 7
7 44 3 5
7 46 3 2
7 47 2 8
7 49 8 3
7 50 2 6
7 51 4 9
7 52 6 5
7 53 8 4
7 54 1 3
7 55 6 5
7 56 5 8
7 59 2 1
7 61 1 6
7 62 8 6
7 63 8 1
7 64 9 7
7 65 8 2
7 66 4 10
7 68 1 1
7 69 2 1
7 70 10 9
7 71 9 10
7 72 10 2
7 73 6 4
7 74 4 9
7 75 7 3
7 76 9 2
7 78 2 2
7 79 4 7
7 80 10 2
7 81 1 4
7 82 5 7
7 84 5 6
7 85 5 10
7 87 8 8
7 88 10 9
7 89 2 10
7 90 4 10
7 91 10 9
7 92 4 1
7 93 9 8
7 94 2 3
7 96 6 1
7 97 9 5
7 98 6 8
7 99 2 1
7 100 1 8
8 9 8 1
8 10 1 7
8 12 1 8
8 13 3 2
8 14 9 8
8 15 8 7
8 16 5 9
8 18 9 6
8 19 8 2
8 23 6 2
8 24 3 10
8 28 6 3
8 29 9 4
8 30 7 9
8 31 10 1
8 32 8 5
8 33 1 1
8 34 9 7
8 35 10 6
8 36 3 3
8 37 1 4
8 38 9 4
8 39 10 6
8 40 8 4
8 41 8 7
8 42 4 9
8 43 1 2
8 44 8 7
8 45 4 1
8 46 8 4
8 47 3 8
8 48 9 8
8 50 8 3
8 51 2 7
8 52 8 7
8 53 8 9
8 55 10 6
8 56 1 9
8 57 2 10
8 58 10 4
8 59 4 9
8 60 7 3
8 61 2 6
8 62 1 7
8 63 1 10
8 66 2 2
8 68 3 4
8 69 4 5
8 70 8 9
8 71 4 2
8 72 7 7
8 73 2 1
8 75 5 7
8 76 1 4
8 77 8 8
8 78 7 6
8 79 10 4
8 80 6 2
8 83 3 4
8 84 1 2
8 85 10 1
8 87 3 1
8 88 5 4
8 89 5 6
8 90 8 4
8 91 8 10
8 92 3 2
8 93 3 9
8 94 6 6
8 95 2 2
8 97 6 2
8 100 3 6
9 11 7 4
9 12 5 4
9 13 2 6
9 14 10 1
9 15 7 10
9 16 6 7
9 18 5 1
9 20 2 4
9 21 6 2
9 23 8 2
9 24 2 10
9 25 9 3
9 29 2 10
9 31 4 7
9 32 7 1
9 33 4 4
9 35 8 3
9 36 10 4
9 37 9 7
9 38 6 1
9 39 7 1
9 41 3 7
9 42 7 6
9 43 8 5
9 46 3 1
9 48 3 7
9 49 10 7
9 50 10 5
9 52 3 5
9 53 10 2
9 54 1 2
9 56 10 8
9 57 5 5
9 58 10 1
9 59 9 2
9 60 5 5
9 61 9 5
9 62 8 5
9 63 2 8
9 65 1 10
9 66 6 7
9 67 8 6
9 70 10 2
9 71 7 3
9 73 2 4
9 74 9 3
9 75 7 10
9 76 7 7
9 78 8 2
9 79 6 1
9 82 10 7
9 83 7 7
9 84 10 2
9 87 10 8
9 88 5 3
9 89 3 1
9 90 4 8
9 91 3 8
9 92 9 7
9 93 6 6
9 94 7 1
9 95 6 6
9 96 9 7
9 99 5 1
10 11 9 7
10 12 2 9
10 13 5 8
10 14 1 7
10 15 10 8
10 17 6 1
10 19 8 10
10 20 4 1
10 21 4 6
10 24 3 10
10 25 10 6
10 26 4 10
10 27 2 7
10 28 7 8
10 29 2 3
10 30 8 3
10 31 4 3
10 32 5 10
10 34 7 6
10 36 2 8
10 37 6 5
10 38 1 2
10 40 10 4
10 41 1 6
10 42 7 1
10 43 2 1
10 44 7 5
10 45 10 6
10 46 7 6
10 47 6 7
10 48 2 1
10 49 1 3
10 50 10 9
10 51 3 2
10 52 10 3
10 55 7 1
10 56 6 1
10 57 9 4
10 58 10 9
10 59 2 8
10 60 7 6
10 61 10 7
10 62 6 1
10 63 1 8
10 64 8 1
10 65 5 1
10 66 2 9
10 67 1 5
10 68 5 7
10 69 7 6
10 70 1 9
10 73 3 10
10 74 8 2
10 75 8 10
10 76 8 3
10 77 1 10
10 79 6 4
10 80 8 8
10 81 5 7
10 82 7 7
10 85 4 5
10 86 3 6
10 87 5 5
10 88 3 6
10 89 9 3
10 90 10 9
10 92 9 9
10 93 2 6
10 94 3 3
10 95 6 5
10 96 2 5
10 97 4 3
10 98 1 6
10 100 10 5
11 12 1 8
11 13 1 7
11 14 4 5
11 15 8 1
11 16 4 1
11 17 3 6
11 18 6 1
11 19 10 2
11 20 2 3
11 21 9 3
11 22 1 9
11 23 5 4
11 25 6 8
11 26 2 4
11 27 9 6
11 28 9 6
11 30 5 1
11 31 2 4
11 32 4 7
11 33 6 1
11 34 10 3
11 36 5 2
11 37 7 2
11 39 1 7
11 40 6 1
11 41 2 1
11 42 10 7
11 43 9 9
11 44 2 8
11 45 5 3
11 46 6 10
11 48 3 4
11 49 9 8
11 50 9 4
11 51 9 4
11 53 8 6
11 54 8 3
11 55 3 10
11 56 8 8
11 57 3 10
11 58 2 7
11 59 1 7
11 60 2 7
11 61 1 6
11 63 6 10
11 64 1 6
11 65 3 2
11 66 1 3
11 67 9 9
11 68 1 6
11 69 5 8
11 70 6 2
11 71 8 9
11 72 5 6
11 74 4 9
11 75 6 4
11 76 7 1
11 77 10 3
11 78 8 2
11 79 6 9
11 80 10 4
11 81 5 10
11 84 2 6
11 86 8 8
11 87 4 5
11 88 7 5
11 89 10 6
11 90 9 6
11 91 8 2
11 92 2 2
11 93 2 1
11 94 7 9
11 95 5 8
11 96 10 5
11 97 2 6
11 98 6 9
11 99 6 3
11 100 6 4
12 14 8 2
12 15 1 1
12 16 7 4
12 17 7 7
12 18 7 5
12 19 1 8
12 22 8 6
12 23 1 7
12 26 8 6
12 28 7 7
12 29 5 9
12 30 6 9
12 32 10 6
12 34 8 9
12 35 10 1
12 36 9 4
12 37 2 10
12 38 2 9
12 39 7 2
12 40 3 5
12 41 2 6
12 42 1 5
12 44 3 3
12 45 7 6
12 46 6 9
12 47 4 6
12 48 9 2
12 49 9 8
12 50 8 9
12 51 5 7
12 53 9 7
12 54 6 2
12 55 6 5
12 57 1 3
12 59 3 4
12 60 3 3
12 61 3 10
12 62 1 1
12 63 4 10
12 65 8 10
12 66 5 7
12 67 1 8
12 68 10 5
12 69 3 9
12 70 3 1
12 71 8 6
12 73 1 8
12 74 5 2
12 75 10 9
12 78 2 5
12 80 9 1
12 81 6 9
12 82 2 6
12 83 8 3
12 84 7 8
12 85 10 6
12 86 1 3
12 88 10 10
12 89 6 1
12 90 10 9
12 91 3 5
12 92 1 10
12 94 7 6
12 96 9 10
12 97 5 7
12 98 1 6
12 99 3 9
12 100 1 8
13 15 2 8
13 17 7 6
13 18 1 10
13 19 1 5
13 20 4 3
13 21 2 1
13 22 6 1
13 23 3 5
13 24 5 9
13 25 2 8
13 27 1 7
13 28 4 4
13 29 7 10
13 30 2 10
13 31 2 7
13 32 6 6
13 33 4 2
13 36 4 7
13 38 3 4
13 39 5 4
13 40 3 5
13 41 9 7
13 43 2 9
13 44 1 8
13 45 4 5
13 47 3 9
13 48 6 7
13 49 3 6
13 50 1 5
13 51 8 7
13 54 3 7
13 55 7 9
13 56 10 10
13 57 5 8
13 59 8 6
13 60 1 10
13 61 8 5
13 62 6 6
13 63 5 6
13 64 8 9
13 66 10 10
13 67 9 6
13 68 1 10
13 69 8 9
13 70 8 2
13 71 5 3
13 72 7 2
13 73 7 1
13 74 9 9
13 75 4 5
13 76 3 9
13 77 1 5
13 78 6 5
13 79 8 2
13 80 7 1
13 81 3 8
13 82 8 5
13 83 9 1
13 84 3 3
13 85 8 1
13 87 1 6
13 88 3 5
13 89 2 7
13 90 5 8
13 91 4 1
13 92 6 6
13 93 3 8
13 94 10 2
13 95 1 10
13 96 3 10
13 97 7 1
13 98 3 9
13 99 4 3
13 100 1 5
14 15 3 2
14 16 4 4
14 17 10 9
14 18 1 4
14 19 2 4
14 20 7 10
14 22 5 9
14 23 6 9
14 24 9 8
14 25 10 2
14 26 2 6
14 27 9 3
14 29 3 5
14 30 2 9
14 31 7 2
14 32 6 4
14 33 6 5
14 35 8 2
14 36 9 4
14 38 9 5
14 39 5 4
14 40 2 2
14 41 6 2
14 42 7 5
14 43 6 7
14 44 8 2
14 45 8 5
14 46 3 7
14 47 5 9
14 48 3 3
14 49 3 9
14 50 10 8
14 51 10 7
14 53 10 9
14 54 1 1
14 55 6 4
14 57 9 8
14 58 4 9
14 59 7 6
14 62 4 6
14 64 1 5
14 65 6 6
14 66 4 4
14 67 4 2
14 68 10 1
14 69 7 10
14 70 2 7
14 71 3 2
14 72 10 9
14 73 4 1
14 74 4 9
14 75 6 9
14 76 7 8
14 77 4 6
14 78 5 2
14 79 1 6
14 80 3 3
14 81 1 10
14 82 9 1
14 83 7 1
14 84 7 9
14 85 1 9
14 86 4 6
14 87 7 1
14 88 4 3
14 89 4 10
14 91 9 9
14 92 7 3
14 93 10 10
14 94 8 8
14 95 6 6
14 96 5 5
14 98 2 1
14 99 1 9
14 100 4 10
15 16 9 10
15 17 4 6
15 18 2 2
15 20 2 1
15 21 9 7
15 22 1 4
15 23 5 5
15 24 4 8
15 28 3 1
15 29 8 4
15 30 9 8
15 31 7 5
15 33 5 6
15 34 4 10
15 36 5 9
15 37 9 1
15 39 6 7
15 40 7 3
15 41 10 9
15 42 7 8
15 43 5 2
15 46 10 8
15 48 6 3
15 49 8 5
15 50 7 1
15 51 7 3
15 52 10 4
15 54 9 5
15 55 8 2
15 57 9 6
15 58 5 4
15 59 2 7
15 60 7 9
15 61 6 3
15 62 4 6
15 63 8 5
15 64 5 4
15 65 2 7
15 66 3 7
15 68 9 4
15 69 6 9
15 70 9 3
15 71 6 7
15 72 1 1
15 73 5 5
15 74 10 7
15 76 8 1
15 77 4 7
15 78 8 7
15 79 2 7
15 80 3 4
15 81 5 9
15 82 9 6
15 83 9 3
15 84 10 5
15 85 4 10
15 86 3 9
15 87 5 8
15 88 10 8
15 89 8 2
15 90 2 7
15 91 1 3
15 92 2 7
15 93 10 1
15 94 6 2
15 95 3 2
15 96 1 5
15 97 5 7
15 98 9 10
15 99 7 3
16 19 5 3
16 20 7 4
16 21 9 4
16 22 2 7
16 23 6 4
16 24 4 9
16 25 9 9
16 26 10 4
16 27 4 6
16 28 8 2
16 29 3 9
16 30 8 7
16 31 10 8
16 33 10 3
16 34 7 8
16 35 4 6
16 36 5 6
16 37 2 10
16 38 9 4
16 40 8 4
16 41 8 1
16 42 6 7
16 44 6 3
16 45 1 3
16 46 1 5
16 47 3 10
16 48 10 2
16 49 7 4
16 51 1 3
16 52 4 7
16 53 10 1
16 54 7 7
16 56 2 9
16 58 9 4
16 59 9 7
16 60 2 9
16 61 10 4
16 62 8 3
16 63 8 8
16 64 1 5
16 65 5 4
16 68 1 7
16 69 6 3
16 70 7 6
16 71 9 8
16 72 3 9
16 74 9 4
16 76 1 4
16 78 3 2
16 79 1 6
16 80 7 9
16 81 1 3
16 82 9 9
16 83 8 9
16 85 3 8
16 86 7 8
16 87 1 2
16 88 4 6
16 90 5 9
16 92 5 7
16 93 5 8
16 94 10 3
16 96 7 6
16 97 3 7
16 99 8 5
16 100 3 6
17 19 4 3
17 20 6 6
17 21 9 6
17 22 6 10
17 23 7 2
17 24 9 4
17 25 8 4
17 26 8 10
17 27 7 1
17 28 9 9
17 29 10 6
17 31 7 3
17 32 2 3
17 33 6 1
17 34 8 9
17 35 10 8
17 36 5 3
17 37 3 5
17 38 9 10
17 39 9 6
17 41 3 10
17 42 8 2
17 43 1 6
17 44 8 2
17 45 2 7
17 46 8 9
17 47 4 6
17 51 1 1
17 52 10 5
17 53 4 7
17 54 1 7
17 55 1 1
17 56 9 10
17 57 6 4
17 58 2 3
17 59 2 4
17 60 4 8
17 61 1 1
17 62 3 8
17 63 4 7
17 64 4 6
17 65 7 4
17 66 2 1
17 68 1 3
17 69 8 9
17 70 8 10
17 71 1 1
17 72 3 3
17 73 2 1
17 74 3 10
17 77 4 10
17 78 2 3
17 79 6 3
17 80 1 5
17 81 5 7
17 82 9 1
17 87 8 10
17 89 5 8
17 90 5 1
17 91 8 2
17 94 4 10
17 95 4 10
17 96 7 8
17 98 9 10
17 99 6 9
18 19 9 10
18 20 6 2
18 21 2 1
18 22 1 1
18 23 1 3
18 24 1 3
18 25 1 5
18 26 7 9
18 27 5 4
18 28 10 4
18 29 10 3
18 30 5 5
18 31 10 3
18 32 10 1
18 33 8 8
18 36 5 10
18 37 4 10
18 38 4 5
18 39 10 9
18 40 7 6
18 41 6 5
18 42 1 7
18 43 6 4
18 45 4 4
18 47 2 2
18 48 4 9
18 49 10 6
18 50 4 10
18 51 9 10
18 52 7 10
18 53 8 8
18 54 1 8
18 55 9 9
18 56 1 4
18 57 10 5
18 58 9 2
18 59 9 10
18 60 2 9
18 61 4 5
18 62 9 4
18 64 5 10
18 65 6 1
18 66 7 2
18 67 10 2
18 68 3 2
18 69 1 10
18 70 10 9
18 71 3 4
18 72 8 4
18 74 8 10
18 76 6 1
18 77 6 3
18 79 9 8
18 81 8 4
18 82 2 1
18 83 10 9
18 84 6 6
18 85 4 6
18 86 7 7
18 87 5 7
18 88 2 8
18 89 4 5
18 93 8 7
18 94 6 3
18 95 3 7
18 96 1 7
18 97 4 7
18 99 1 1
18 100 4 3
19 20 4 9
19 22 2 2
19 23 8 1
19 24 5 7
19 25 8 9
19 26 1 10
19 27 3 9
19 28 10 7
19 29 3 2
19 30 3 5
19 32 3 1
19 33 9 4
19 34 4 3
19 35 6 9
19 36 4 8
19 37 4 10
19 38 6 4
19 39 6 9
19 41 4 9
19 42 8 9
19 43 8 1
19 45 4 2
19 47 10 10
19 48 7 8
19 49 7 5
19 50 3 4
19 52 5 10
19 53 6 1
19 54 9 4
19 55 10 9
19 57 3 2
19 59 3 5
19 60 1 1
19 62 3 8
19 63 1 9
19 66 6 2
19 67 5 5
19 68 7 7
19 69 5 3
19 70 2 4
19 71 4 6
19 73 2 6
19 74 10 9
19 75 1 5
19 76 5 8
19 77 9 1
19 78 4 7
19 79 8 7
19 80 1 7
19 81 3 6
19 82 2 10
19 83 3 7
19 84 8 1
19 85 1 1
19 86 10 8
19 87 1 7
19 88 7 3
19 89 7 3
19 90 1 3
19 91 1 1
19 92 4 3
19 94 6 4
19 95 4 10
19 96 1 5
19 97 7 7
19 98 1 9
19 99 8 1
19 100 10 8
20 21 9 1
20 24 2 3
20 25 5 6
20 26 3 8
20 27 8 1
20 28 4 3
20 29 8 3
20 30 8 4
20 31 5 1
20 32 3 1
20 33 9 2
20 34 1 5
20 35 9 4
20 36 1 7
20 37 6 5
20 38 2 5
20 40 5 9
20 41 3 1
20 42 10 10
20 44 3 2
20 45 3 7
20 46 4 2
20 48 6 8
20 49 8 1
20 50 8 8
20 52 1 9
20 53 2 10
20 54 10 5
20 55 9 7
20 56 10 7
20 57 9 4
20 59 4 4
20 61 9 6
20 62 9 4
20 66 8 4
20 67 5 10
20 68 9 3
20 69 9 8
20 71 8 10
20 72 5 7
20 73 7 10
20 76 10 4
20 77 2 2
20 78 5 10
20 79 7 5
20 82 2 10
20 83 1 6
20 84 9 3
20 85 5 10
20 86 5 5
20 87 1 6
20 88 3 5
20 89 1 5
20 90 8 1
20 91 4 4
20 92 1 4
20 93 1 10
20 94 2 10
20 95 3 2
20 96 4 4
20 97 2 1
20 98 2 2
20 100 2 4
21 22 2 4
21 23 2 5
21 25 4 5
21 27 7 1
21 28 8 8
21 29 1 5
21 31 5 1
21 32 9 6
21 34 1 1
21 35 2 2
21 36 6 2
21 38 4 2
21 39 3 4
21 40 6 2
21 41 7 6
21 42 1 6
21 44 5 1
21 45 9 9
21 46 8 5
21 47 7 10
21 48 10 10
21 49 8 9
21 50 9 5
21 51 7 5
21 52 4 8
21 53 8 8
21 54 8 3
21 55 10 10
21 58 1 2
21 60 3 2
21 61 9 8
21 62 1 1
21 64 6 4
21 67 4 1
21 68 8 3
21 69 9 2
21 70 1 4
21 71 7 4
21 72 4 10
21 73 9 9
21 75 8 5
21 76 5 1
21 77 4 1
21 78 3 5
21 80 5 7
21 81 6 9
21 82 10 7
21 83 7 5
21 84 6 8
21 85 7 1
21 86 8 1
21 87 7 8
21 88 9 2
21 89 5 7
21 91 3 10
21 92 10 4
21 93 4 10
21 94 6 1
21 95 10 1
21 96 10 8
21 97 6 9
21 98 3 9
21 100 2 9
22 23 6 10
22 24 4 6
22 27 2 9
22 29 6 5
22 30 7 6
22 31 8 9
22 33 7 9
22 34 1 8
22 35 2 7
22 37 4 3
22 38 3 5
22 39 9 2
22 40 9 5
22 41 9 1
22 43 6 2
22 44 6 6
22 45 7 2
22 46 9 2
22 47 7 3
22 48 2 3
22 49 4 6
22 50 8 2
22 51 8 8
22 52 6 9
22 53 4 8
22 54 7 2
22 55 7 1
22 57 9 3
22 58 10 9
22 59 10 9
22 61 9 2
22 64 10 7
22 66 8 7
22 67 8 1
22 68 2 8
22 69 10 4
22 70 7 9
22 71 8 5
22 72 6 10
22 74 6 10
22 75 8 2
22 77 10 2
22 78 8 7
22 79 5 6
22 80 7 4
22 81 7 6
22 83 1 2
22 84 10 5
22 85 9 9
22 86 10 5
22 87 2 5
22 88 3 1
22 89 6 4
22 93 5 9
22 94 6 9
22 95 9 3
22 96 5 8
22 97 1 10
22 99 8 2
22 100 7 9
23 25 8 1
23 26 3 6
23 27 4 4
23 28 9 5
23 31 4 5
23 32 7 1
23 33 7 3
23 35 4 10
23 36 9 1
23 37 10 8
23 38 7 6
23 39 3 1
23 40 7 8
23 42 3 6
23 43 3 10
23 44 4 3
23 45 4 5
23 47 4 2
23 48 3 1
23 49 3 7
23 50 2 3
23 51 2 5
23 52 3 6
23 55 3 2
23 56 8 1
23 59 9 2
23 61 1 3
23 62 1 7
23 63 5 1
23 64 6 7
23 65 6 9
23 67 6 10
23 68 10 4
23 70 10 7
23 71 1 8
23 72 8 10
23 73 8 8
23 74 10 9
23 75 5 8
23 77 8 6
23 78 7 10
23 79 1 1
23 80 4 2
23 81 5 2
23 82 4 5
23 83 9 5
23 84 1 2
23 86 7 6
23 88 2 2
23 89 5 9
23 91 1 7
23 92 8 8
23 93 3 9
23 94 10 2
23 95 10 3
23 96 2 6
23 97 1 8
23 98 5 6
23 99 9 6
24 25 8 10
24 26 1 6
24 27 6 2
24 28 2 7
24 30 3 2
24 31 3 6
24 32 2 3
24 34 9 2
24 35 1 3
24 36 2 4
24 37 9 9
24 38 3 2
24 39 6 7
24 41 7 2
24 43 3 10
24 44 8 3
24 46 7 9
24 47 6 5
24 48 5 6
24 49 8 1
24 51 1 6
24 53 4 8
24 54 6 4
24 55 1 9
24 56 10 2
24 57 8 7
24 58 3 10
24 59 4 8
24 60 10 8
24 62 5 4
24 63 6 4
24 64 1 4
24 65 4 4
24 66 8 9
24 67 6 8
24 68 4 8
24 69 8 4
24 70 5 6
24 71 8 8
24 72 10 5
24 73 3 10
24 74 4 1
24 75 3 2
24 76 1 9
24 77 6 10
24 78 7 9
24 80 1 8
24 81 5 4
24 82 6 8
24 83 9 1
24 84 10 8
24 85 5 3
24 86 9 4
24 87 5 3
24 88 4 1
24 89 6 8
24 90 5 8
24 91 5 8
24 92 10 9
24 93 4 1
24 94 4 4
24 95 3 2
24 96 4 4
24 97 3 4
24 98 2 3
24 99 1 6
24 100 8 5
25 26 5 2
25 28 6 3
25 29 6 4
25 30 2 3
25 31 10 1
25 32 10 7
25 33 1 3
25 34 10 7
25 35 2 10
25 37 6 8
25 38 8 2
25 39 1 3
25 40 10 10
25 41 7 8
25 42 7 2
25 43 2 8
25 44 3 1
25 45 6 4
25 47 4 10
25 48 10 5
25 49 10 9
25 50 1 4
25 52 3 1
25 53 4 2
25 55 9 9
25 56 2 10
25 57 1 1
25 59 1 9
25 60 2 3
25 61 4 8
25 62 2 1
25 63 8 7
25 64 6 4
25 66 8 10
25 68 10 8
25 69 2 9
25 70 4 1
25 71 2 8
25 72 5 2
25 73 6 3
25 75 10 8
25 76 5 7
25 78 6 8
25 79 10 9
25 80 6 10
25 81 2 2
25 82 9 8
25 83 5 1
25 84 6 4
25 85 2 5
25 86 5 2
25 90 2 8
25 92 3 9
25 94 3 5
25 95 3 3
25 96 5 3
25 97 7 7
25 98 7 6
25 99 6 4
26 27 8 1
26 28 10 6
26 29 2 4
26 31 1 9
26 32 4 5
26 33 2 1
26 34 1 5
26 35 6 3
26 36 6 2
26 37 6 8
26 38 8 10
26 39 5 3
26 41 10 9
26 43 10 4
26 44 8 6
26 45 10 10
26 46 1 9
26 48 8 3
26 49 2 9
26 50 1 8
26 51 9 5
26 52 7 3
26 53 9 7
26 56 8 1
26 57 4 10
26 58 4 2
26 59 6 9
26 60 8 9
26 61 8 7
26 62 7 1
26 64 8 7
26 65 9 7
26 66 7 6
26 67 10 4
26 68 3 10
26 70 6 5
26 72 6 3
26 74 9 6
26 75 6 6
26 77 1 3
26 80 8 5
26 81 9 8
26 82 5 5
26 83 7 8
26 84 8 3
26 85 6 2
26 87 10 5
26 91 6 5
26 93 5 8
26 94 8 6
26 95 1 7
26 96 4 5
26 97 7 3
26 98 7 10
26 99 4 2
26 100 5 2
27 28 5 9
27 29 4 8
27 30 8 8
27 31 7 2
27 32 4 6
27 33 8 9
27 34 8 3
27 36 9 3
27 37 8 9
27 38 8 7
27 39 9 7
27 40 1 9
27 41 3 6
27 42 7 7
27 43 1 4
27 44 5 1
27 45 4 9
27 46 1 6
27 47 8 10
27 50 1 4
27 51 5 1
27 52 5 7
27 53 9 7
27 54 8 7
27 55 3 2
27 56 4 5
27 57 10 3
27 58 6 7
27 60 6 3
27 61 1 2
27 62 5 3
27 63 10 4
27 64 5 2
27 65 9 3
27 66 5 10
27 68 10 4
27 69 10 6
27 70 2 3
27 71 4 7
27 72 7 9
27 73 2 6
27 74 3 8
27 75 5 3
27 76 6 1
27 77 3 3
27 80 1 6
27 81 9 2
27 83 1 2
27 84 8 6
27 85 7 5
27 86 6 4
27 87 2 7
27 88 5 10
27 89 7 10
27 90 10 1
27 91 6 6
27 92 7 8
27 93 5 5
27 94 1 5
27 97 4 8
27 98 9 4
27 99 3 10
27 100 1 5
28 29 8 7
28 30 10 7
28 31 6 10
28 32 6 4
28 33 2 2
28 35 9 9
28 36 3 3
28 37 7 4
28 38 8 5
28 39 7 7
28 40 8 4
28 41 7 2
28 42 8 6
28 44 4 9
28 45 4 9
28 46 9 7
28 48 5 4
28 49 7 5
28 51 1 2
28 52 10 8
28 53 2 2
28 54 3 1
28 55 7 2
28 56 5 3
28 57 4 2
28 58 2 4
28 59 6 2
28 60 2 1
28 61 4 5
28 62 9 1
28 63 10 9
28 64 3 4
28 65 6 3
28 67 3 5
28 68 8 1
28 69 1 7
28 70 5 7
28 71 2 10
28 72 9 7
28 73 6 9
28 74 10 8
28 75 4 2
28 76 7 6
28 78 7 8
28 79 7 4
28 80 4 2
28 83 3 5
28 84 4 6
28 85 8 7
28 86 7 3
28 87 5 7
28 88 7 4
28 89 4 6
28 90 8 8
28 91 9 8
28 92 8 8
28 93 8 8
28 94 10 9
28 96 7 8
28 97 5 2
28 98 9 1
29 30 5 1
29 31 1 10
29 34 10 4
29 35 5 3
29 36 5 1
29 38 1 3
29 39 5 6
29 41 6 5
29 42 8 9
29 43 8 4
29 44 6 3
29 46 7 9
29 47 8 6
29 48 7 10
29 49 5 10
29 52 3 3
29 53 2 5
29 54 7 5
29 55 3 6
29 56 8 8
29 57 1 1
29 58 9 7
29 59 6 2
29 60 4 3
29 61 6 6
29 63 8 9
29 65 9 10
29 66 9 8
29 68 6 2
29 69 9 5
29 70 9 3
29 71 2 2
29 72 9 1
29 73 6 7
29 74 10 4
29 75 9 1
29 76 2 4
29 77 3 10
29 78 10 9
29 79 7 3
29 80 1 8
29 81 6 7
29 82 2 2
29 83 3 10
29 84 3 9
29 85 4 7
29 86 4 10
29 89 7 10
29 90 10 9
29 91 3 3
29 92 9 3
29 93 4 6
29 95 2 4
29 96 10 1
29 97 1 6
29 98 4 1
29 99 1 4
29 100 1 3
30 31 5 9
30 34 1 4
30 35 10 6
30 36 6 9
30 37 7 6
30 38 8 4
30 39 1 6
30 40 1 5
30 41 9 5
30 42 9 1
30 43 6 9
30 45 4 6
30 46 3 3
30 47 2 2
30 49 5 7
30 50 10 1
30 51 3 10
30 52 8 10
30 53 6 5
30 54 6 7
30 55 2 1
30 56 1 4
30 57 1 9
30 58 8 6
30 59 3 10
30 60 5 5
30 61 8 2
30 62 10 5
30 63 5 9
30 64 2 6
30 66 1 9
30 67 9 1
30 68 1 1
30 70 10 8
30 71 1 6
30 73 8 2
30 74 10 1
30 75 1 4
30 76 3 3
30 77 5 2
30 78 1 6
30 79 3 6
30 80 1 1
30 81 3 9
30 82 8 7
30 83 7 8
30 84 8 7
30 85 9 9
30 86 4 5
30 87 2 6
30 89 7 3
30 90 1 6
30 92 1 4
30 93 9 5
30 94 6 7
30 95 4 3
30 96 3 1
30 97 3 1
30 98 4 10
31 32 10 5
31 33 2 7
31 34 2 7
31 35 3 9
31 36 4 4
31 37 3 4
31 38 6 10
31 39 5 6
31 40 9 3
31 41 9 5
31 42 7 10
31 43 5 5
31 45 6 3
31 46 1 1
31 47 10 4
31 48 5 1
31 49 9 10
31 50 5 8
31 51 8 5
31 52 4 10
31 53 8 5
31 54 4 1
31 55 1 7
31 56 6 1
31 57 7 8
31 58 3 4
31 59 2 4
31 60 7 7
31 61 6 1
31 62 1 6
31 63 9 10
31 64 7 7
31 66 2 4
31 67 1 4
31 68 1 10
31 70 8 1
31 71 1 5
31 72 7 9
31 73 10 9
31 74 4 3
31 75 3 7
31 76 9 9
31 77 9 5
31 78 5 8
31 79 10 5
31 80 6 1
31 81 10 3
31 82 1 2
31 83 10 3
31 84 6 5
31 86 8 3
31 87 4 10
31 88 1 6
31 89 3 7
31 91 7 1
31 92 9 5
31 93 10 6
31 94 4 8
31 95 5 3
31 96 1 6
31 98 10 9
31 99 8 9
31 100 8 9
32 33 4 1
32 34 4 1
32 35 5 3
32 36 1 3
32 37 6 7
32 39 5 7
32 41 4 4
32 42 8 3
32 43 3 1
32 44 2 7
32 45 10 10
32 46 7 6
32 47 7 10
32 49 3 7
32 50 2 4
32 51 2 3
32 52 8 10
32 53 6 9
32 54 5 4
32 55 1 4
32 56 4 1
32 57 6 6
32 58 3 7
32 59 8 2
32 62 1 1
32 64 9 5
32 66 10 9
32 67 8 9
32 69 6 5
32 70 5 9
32 71 10 1
32 72 10 3
32 74 5 4
32 75 8 5
32 76 3 3
32 77 5 8
32 78 3 7
32 79 8 9
32 80 2 9
32 81 6 9
32 84 7 4
32 85 2 4
32 86 7 2
32 88 1 9
32 92 7 10
32 93 5 1
32 94 1 2
32 95 7 6
32 96 6 6
32 97 8 10
32 98 4 2
33 37 5 10
33 38 8 3
33 39 9 5
33 40 10 1
33 42 3 6
33 44 8 5
33 45 4 3
33 46 4 10
33 47 8 3
33 48 4 1
33 49 5 5
33 50 9 9
33 51 3 4
33 52 8 5
33 53 6 10
33 55 8 6
33 56 10 1
33 57 10 8
33 58 10 7
33 59 9 10
33 61 5 2
33 62 8 7
33 64 2 3
33 65 2 6
33 66 2 7
33 67 2 1
33 68 2 6
33 69 6 7
33 71 9 9
33 72 8 2
33 74 7 8
33 75 6 3
33 76 2 2
33 78 2 10
33 79 4 6
33 80 6 9
33 81 3 2
33 82 9 5
33 83 8 2
33 85 2 1
33 86 5 5
33 87 7 9
33 88 9 10
33 91 4 4
33 92 2 10
33 93 1 6
33 95 2 5
33 96 8 10
33 97 4 3
33 99 10 9
33 100 1 6
34 35 8 9
34 36 4 8
34 37 9 2
34 38 9 1
34 39 3 2
34 40 2 6
34 41 2 10
34 42 6 10
34 43 7 4
34 44 9 6
34 45 1 7
34 46 7 1
34 48 8 9
34 49 1 9
34 50 3 3
34 51 1 5
34 52 3 10
34 54 10 5
34 55 8 10
34 56 8 8
34 57 8 5
34 58 4 6
34 61 5 10
34 62 8 1
34 64 3 5
34 65 7 7
34 66 8 7
34 67 3 9
34 68 3 4
34 70 8 1
34 71 8 8
34 72 1 4
34 73 4 3
34 76 10 8
34 77 9 7
34 78 7 8
34 79 10 8
34 81 10 10
34 83 6 6
34 85 1 7
34 86 1 10
34 87 7 1
34 88 3 5
34 89 5 3
34 90 10 3
34 91 3 8
34 92 10 7
34 94 1 9
34 95 10 10
34 96 8 8
34 97 9 4
34 98 10 7
34 99 7 3
34 100 9 6
35 36 10 2
35 37 6 6
35 39 9 6
35 40 7 2
35 41 1 8
35 42 10 7
35 43 5 7
35 45 7 2
35 46 8 8
35 48 10 6
35 49 3 2
35 50 1 6
35 51 10 3
35 54 4 7
35 55 1 5
35 56 2 7
35 59 1 6
35 61 7 7
35 62 9 5
35 63 10 5
35 64 4 8
35 65 10 6
35 66 5 6
35 67 6 9
35 68 5 10
35 70 7 8
35 71 10 7
35 73 8 8
35 74 3 6
35 75 2 9
35 76 10 6
35 77 8 1
35 78 6 4
35 79 8 8
35 80 3 7
35 81 9 2
35 82 10 8
35 83 8 6
35 84 7 10
35 86 8 5
35 88 2 8
35 89 10 5
35 90 1 1
35 91 9 4
35 95 7 2
35 96 2 6
35 97 4 1
35 98 5 7
35 99 9 1
35 100 9 4
36 37 7 8
36 38 10 5
36 39 5 4
36 41 6 5
36 42 7 9
36 43 7 1
36 44 2 1
36 45 2 6
36 46 4 6
36 47 6 3
36 49 4 3
36 50 3 8
36 51 4 7
36 52 3 4
36 53 9 5
36 54 5 8
36 55 8 4
36 58 1 5
36 60 1 7
36 61 2 4
36 63 3 7
36 64 5 1
36 65 4 2
36 66 9 7
36 67 1 2
36 68 6 2
36 69 8 4
36 70 4 8
36 71 1 9
36 72 8 2
36 74 7 10
36 75 8 8
36 76 4 1
36 77 7 10
36 78 7 1
36 79 8 9
36 81 1 5
36 82 2 2
36 83 10 5
36 84 7 9
36 85 4 9
36 86 2 10
36 87 5 10
36 88 6 8
36 89 8 1
36 90 10 4
36 91 7 7
36 93 1 5
36 94 4 1
36 95 4 3
36 96 10 6
36 97 8 10
36 99 9 2
36 100 4 7
37 38 7 7
37 39 3 6
37 40 7 10
37 41 8 5
37 42 10 5
37 43 3 9
37 44 10 3
37 46 7 3
37 47 10 6
37 48 6 2
37 49 10 4
37 52 6 2
37 53 9 2
37 54 2 5
37 56 7 10
37 59 7 2
37 60 6 5
37 61 7 10
37 63 5 10
37 64 7 4
37 66 10 1
37 68 9 10
37 69 3 2
37 71 4 2
37 72 8 10
37 73 1 2
37 75 1 8
37 76 10 6
37 77 5 10
37 80 3 10
37 81 7 1
37 82 9 8
37 83 5 6
37 84 5 1
37 85 3 4
37 86 2 3
37 87 4 10
37 88 6 7
37 89 3 10
37 90 8 5
37 91 6 7
37 92 3 7
37 93 10 2
37 94 10 3
37 95 1 1
37 96 1 8
37 97 10 10
37 98 5 6
37 100 9 6
38 39 7 2
38 41 10 4
38 42 1 10
38 43 3 6
38 44 7 9
38 45 6 4
38 46 8 4
38 47 6 6
38 48 10 7
38 49 6 4
38 50 3 10
38 51 5 4
38 52 7 8
38 53 1 9
38 55 10 7
38 56 8 3
38 57 6 2
38 58 3 7
38 59 5 8
38 60 2 10
38 63 2 6
38 64 4 5
38 65 9 2
38 66 6 10
38 67 10 2
38 69 6 3
38 70 2 5
38 71 4 3
38 72 5 9
38 73 3 8
38 75 4 2
38 76 6 7
38 77 7 2
38 78 1 7
38 79 9 10
38 80 9 2
38 81 3 5
38 82 3 10
38 83 7 5
38 84 5 1
38 85 9 10
38 86 7 9
38 87 1 6
38 88 3 2
38 91 7 1
38 93 10 7
38 94 8 10
38 95 6 8
38 96 1 1
38 97 1 7
38 98 4 1
39 40 4 3
39 41 9 4
39 42 4 1
39 44 6 2
39 45 8 7
39 48 8 2
39 49 3 3
39 50 7 6
39 52 8 5
39 53 7 4
39 54 4 1
39 55 8 2
39 56 7 4
39 57 1 9
39 59 1 5
39 60 10 6
39 62 9 1
39 63 10 9
39 64 8 6
39 65 6 7
39 66 3 1
39 67 8 6
39 68 2 3
39 69 9 2
39 71 1 1
39 72 3 1
39 73 6 4
39 74 9 2
39 75 9 4
39 76 7 4
39 79 1 9
39 80 5 10
39 81 7 9
39 82 9 4
39 83 10 9
39 84 3 8
39 85 7 2
39 87 5 2
39 88 8 5
39 89 6 7
39 90 7 8
39 92 7 8
39 93 5 8
39 94 3 5
39 95 7 8
39 96 2 6
39 97 2 6
39 98 5 2
39 99 10 3
40 41 8 7
40 42 1 7
40 43 7 7
40 44 8 5
40 45 9 6
40 46 6 8
40 49 9 9
40 50 1 6
40 51 6 2
40 52 6 7
40 53 10 10
40 54 7 3
40 55 7 5
40 58 1 5
40 59 4 8
40 61 6 3
40 62 4 4
40 63 6 1
40 64 2 5
40 65 7 6
40 66 2 3
40 67 5 4
40 68 9 2
40 69 5 7
40 70 7 1
40 71 10 6
40 72 6 5
40 73 7 6
40 74 2 2
40 75 6 10
40 76 2 3
40 77 5 6
40 78 4 8
40 79 7 7
40 80 10 10
40 81 5 4
40 82 8 5
40 83 7 4
40 84 10 4
40 87 3 6
40 89 2 9
40 90 8 3
40 91 1 2
40 92 8 9
40 93 7 8
40 94 3 6
40 95 6 1
40 96 2 4
40 98 1 10
40 99 5 2
40 100 4 2
41 42 4 4
41 43 10 9
41 45 2 7
41 46 5 1
41 47 6 4
41 48 9 8
41 49 3 4
41 50 8 8
41 51 7 4
41 54 10 5
41 55 4 6
41 56 2 3
41 57 2 8
41 60 9 3
41 61 8 9
41 62 9 4
41 63 3 3
41 64 1 8
41 65 1 7
41 66 6 4
41 67 5 6
41 68 8 2
41 69 4 5
41 71 5 3
41 72 7 7
41 73 5 8
41 74 10 3
41 75 1 3
41 76 2 5
41 79 3 2
41 80 7 1
41 81 1 1
41 82 7 10
41 83 3 8
41 84 4 4
41 85 5 10
41 87 8 4
41 89 8 7
41 90 3 1
41 91 7 10
41 92 3 8
41 93 10 10
41 94 6 4
41 95 10 2
41 96 2 10
41 97 8 1
41 98 5 8
41 99 10 5
41 100 10 4
42 43 2 4
42 44 6 9
42 46 1 3
42 47 4 9
42 48 7 10
42 49 9 7
42 52 8 4
42 53 2 3
42 55 10 5
42 56 8 3
42 57 2 6
42 59 4 8
42 61 9 2
42 62 6 9
42 63 5 6
42 65 10 1
42 66 4 3
42 67 2 8
42 68 5 2
42 69 8 9
42 70 8 9
42 71 9 1
42 72 8 4
42 74 4 7
42 77 2 3
42 78 3 7
42 82 4 3
42 84 8 5
42 87 9 9
42 89 4 6
42 90 8 4
42 92 3 10
42 93 2 6
42 94 9 6
42 95 2 10
42 96 3 3
42 97 4 1
42 99 8 10
42 100 1 3
43 44 10 4
43 45 2 2
43 46 1 2
43 47 7 10
43 49 9 1
43 50 5 9
43 52 5 9
43 54 7 3
43 55 4 8
43 56 3 7
43 57 6 1
43 58 4 7
43 59 1 7
43 60 3 9
43 61 7 2
43 62 5 9
43 63 3 10
43 64 10 4
43 65 2 10
43 66 5 2
43 67 9 7
43 68 1 6
43 69 4 6
43 70 7 8
43 71 2 2
43 73 10 7
43 74 6 7
43 76 2 9
43 77 2 3
43 78 1 5
43 79 4 3
43 80 3 7
43 82 6 10
43 83 5 7
43 84 9 4
43 85 10 4
43 86 6 2
43 90 2 4
43 91 2 5
43 92 8 10
43 93 4 9
43 94 2 10
43 95 10 9
43 97 5 8
43 98 10 6
43 99 7 9
44 45 4 9
44 46 6 10
44 47 7 3
44 48 3 1
44 49 10 3
44 50 4 3
44 51 10 2
44 52 8 10
44 53 2 3
44 54 9 6
44 59 3 5
44 60 7 1
44 61 3 9
44 62 10 10
44 64 10 9
44 65 5 7
44 66 9 1
44 67 6 3
44 68 5 3
44 70 8 4
44 71 7 7
44 73 9 2
44 74 7 8
44 75 7 5
44 76 2 6
44 77 7 2
44 78 3 4
44 79 7 2
44 80 4 5
44 81 2 8
44 82 1 6
44 83 7 10
44 84 7 1
44 85 2 2
44 86 2 1
44 87 3 1
44 88 1 4
44 90 4 7
44 91 8 4
44 92 3 6
44 93 8 3
44 94 5 9
44 96 4 5
44 97 3 1
44 98 10 8
44 99 5 4
44 100 1 6
45 46 8 4
45 47 1 2
45 48 10 9
45 49 1 3
45 56 7 10
45 59 1 4
45 60 1 8
45 61 2 6
45 62 9 3
45 63 3 5
45 64 6 6
45 66 8 3
45 67 10 7
45 68 2 2
45 69 9 6
45 70 3 7
45 71 4 6
45 72 6 9
45 73 4 10
45 74 9 4
45 75 4 4
45 77 7 3
45 78 9 9
45 82 7 10
45 83 10 4
45 84 8 1
45 86 4 7
45 88 3 2
45 89 8 2
45 91 6 3
45 92 4 10
45 93 5 2
45 95 10 4
45 96 8 3
45 97 3 2
45 98 10 3
45 99 3 3
45 100 3 3
46 48 9 7
46 49 10 2
46 50 8 9
46 51 4 4
46 52 8 10
46 53 4 2
46 54 9 7
46 55 1 4
46 56 8 8
46 57 7 8
46 58 9 5
46 59 2 7
46 60 2 2
46 61 2 10
46 63 6 1
46 65 7 7
46 67 7 4
46 68 7 4
46 69 1 1
46 70 7 3
46 71 4 1
46 73 5 10
46 74 5 9
46 75 8 6
46 76 6 8
46 77 4 8
46 79 9 4
46 82 7 8
46 83 7 10
46 84 10 10
46 86 5 4
46 87 2 9
46 88 7 9
46 89 9 1
46 90 10 7
46 92 7 2
46 93 5 4
46 94 6 3
46 95 5 4
46 97 8 8
46 98 8 7
46 100 1 8
47 48 4 5
47 49 8 9
47 51 5 8
47 53 4 7
47 54 8 4
47 57 4 9
47 58 4 4
47 59 1 4
47 61 10 8
47 62 4 10
47 64 9 4
47 67 5 2
47 68 3 4
47 69 3 5
47 70 4 4
47 71 8 3
47 72 4 6
47 73 8 4
47 74 9 6
47 75 9 1
47 76 3 1
47 77 1 10
47 78 7 4
47 80 5 8
47 81 2 9
47 82 5 10
47 83 9 1
47 84 8 6
47 85 6 10
47 86 1 6
47 87 4 4
47 88 5 6
47 89 7 5
47 91 2 3
47 92 3 8
47 93 8 5
47 94 10 2
47 95 4 4
47 96 1 3
48 49 1 10
48 51 2 5
48 52 9 10
48 53 5 9
48 54 1 1
48 55 9 6
48 58 5 2
48 60 7 6
48 61 2 6
48 62 1 8
48 63 1 4
48 66 8 6
48 68 2 1
48 69 3 1
48 70 3 10
48 71 2 1
48 73 4 4
48 74 2 10
48 76 7 9
48 77 9 4
48 78 7 9
48 80 6 9
48 82 1 2
48 85 4 9
48 86 2 10
48 87 5 7
48 88 10 4
48 89 1 3
48 90 10 5
48 91 1 8
48 92 1 5
48 93 5 6
48 95 10 3
48 96 5 3
48 97 4 4
48 98 4 8
48 99 5 8
48 100 1 6
49 50 9 5
49 51 5 10
49 52 9 10
49 53 3 5
49 55 7 2
49 56 8 6
49 57 3 10
49 58 4 8
49 59 6 4
49 60 9 2
49 61 7 1
49 62 7 7
49 63 10 1
49 64 4 6
49 65 9 7
49 66 6 10
49 67 1 6
49 69 6 7
49 70 4 4
49 71 8 2
49 72 4 4
49 73 8 3
49 74 1 3
49 75 10 2
49 77 9 7
49 78 3 3
49 79 8 6
49 80 1 10
49 82 1 3
49 83 10 10
49 85 2 8
49 86 4 1
49 87 9 3
49 88 3 8
49 89 7 1
49 90 5 10
49 91 2 5
49 92 2 10
49 93 1 5
49 96 7 5
49 97 3 6
49 98 2 3
49 99 2 7
49 100 4 6
50 52 1 6
50 53 9 10
50 54 7 9
50 55 2 8
50 58 3 5
50 59 8 5
50 61 1 4
50 62 3 9
50 63 10 8
50 64 4 7
50 65 10 9
50 66 5 9
50 67 6 5
50 69 4 5
50 70 6 5
50 71 1 1
50 72 7 9
50 76 2 10
50 77 8 3
50 78 1 9
50 79 10 10
50 80 4 3
50 81 4 4
50 82 3 2
50 83 4 6
50 84 9 6
50 85 6 4
50 86 1 3
50 87 10 2
50 88 8 4
50 89 4 2
50 90 5 10
50 91 7 6
50 93 7 3
50 94 4 1
50 96 5 4
50 97 1 8
50 98 10 4
50 100 7 9
51 52 7 5
51 53 7 6
51 54 9 4
51 55 5 1
51 56 10 5
51 57 8 9
51 58 7 5
51 59 3 7
51 60 10 3
51 61 10 8
51 62 5 3
51 63 1 8
51 65 5 9
51 66 7 9
51 67 2 7
51 68 9 9
51 69 7 3
51 70 3 4
51 71 8 6
51 72 9 2
51 73 1 1
51 74 3 10
51 75 9 2
51 76 8 4
51 77 8 2
51 78 1 4
51 79 10 10
51 80 8 2
51 81 7 4
51 82 10 8
51 83 8 5
51 85 10 2
51 86 1 10
51 87 2 1
51 88 10 3
51 89 9 8
51 90 7 7
51 91 5 10
51 93 6 4
51 94 3 6
51 95 2 9
51 96 5 1
51 98 2 9
51 99 8 8
51 100 4 7
52 53 9 8
52 55 5 3
52 56 7 1
52 57 10 2
52 58 2 7
52 59 4 9
52 61 7 7
52 62 10 5
52 63 10 5
52 64 1 8
52 65 1 4
52 66 8 10
52 67 8 3
52 70 1 1
52 71 2 9
52 74 4 7
52 75 10 1
52 76 3 2
52 78 10 9
52 79 9 1
52 80 9 3
52 81 9 10
52 82 10 9
52 85 9 3
52 86 5 1
52 87 1 7
52 88 6 2
52 89 6 4
52 90 6 5
52 91 3 3
52 92 5 4
52 93 9 4
52 94 9 8
52 95 7 1
52 96 8 2
52 97 10 6
52 98 7 8
52 99 5 4
53 54 6 6
53 56 10 6
53 57 4 4
53 58 4 3
53 59 8 1
53 60 6 5
53 61 4 3
53 62 7 2
53 63 8 10
53 64 9 5
53 65 10 4
53 66 5 10
53 67 7 4
53 70 9 7
53 71 5 1
53 72 7 4
53 74 4 7
53 75 7 5
53 76 8 8
53 77 4 3
53 78 8 3
53 79 8 9
53 80 7 3
53 81 1 8
53 84 1 8
53 85 5 4
53 87 5 7
53 88 1 6
53 89 8 5
53 90 6 9
53 91 10 3
53 92 6 1
53 93 10 3
53 94 5 8
53 95 1 10
53 96 7 3
53 97 1 5
53 98 2 4
53 99 9 2
53 100 2 8
54 56 10 4
54 57 5 6
54 58 9 8
54 60 7 4
54 61 6 8
54 64 1 3
54 65 2 5
54 67 9 5
54 69 1 5
54 70 4 3
54 71 1 5
54 72 10 3
54 75 7 6
54 76 4 7
54 78 7 9
54 79 7 2
54 80 9 9
54 81 6 3
54 82 8 4
54 83 7 4
54 85 7 4
54 87 3 9
54 88 2 10
54 89 1 6
54 90 5 2
54 92 6 8
54 93 8 4
54 94 6 2
54 95 2 3
54 96 8 9
54 97 2 3
54 100 7 1
55 56 2 8
55 59 1 2
55 60 5 9
55 61 2 4
55 62 4 3
55 63 9 7
55 64 7 7
55 65 8 1
55 67 6 8
55 69 1 8
55 71 10 8
55 72 4 7
55 73 9 8
55 75 8 10
55 76 3 4
55 77 5 5
55 78 6 1
55 79 9 10
55 80 6 6
55 81 1 6
55 82 2 2
55 83 4 9
55 84 6 3
55 85 5 8
55 86 5 6
55 87 3 7
55 88 9 4
55 89 5 2
55 90 1 2
55 91 3 10
55 92 7 3
55 93 3 9
55 94 2 4
55 95 3 4
55 96 2 1
55 98 5 3
55 99 1 1
55 100 1 8
56 57 8 5
56 59 2 5
56 60 5 6
56 61 2 5
56 62 7 7
56 63 1 10
56 64 8 5
56 65 9 1
56 66 8 9
56 67 10 3
56 68 3 8
56 69 2 6
56 70 4 9
56 72 7 6
56 73 5 5
56 75 1 5
56 76 5 6
56 77 9 3
56 78 7 5
56 79 3 3
56 80 7 7
56 81 6 6
56 82 8 2
56 83 7 9
56 85 2 5
56 86 6 1
56 87 6 9
56 88 8 10
56 89 9 6
56 92 4 8
56 93 8 4
56 94 2 7
56 95 9 4
56 96 9 2
56 97 5 1
56 98 6 5
56 99 8 10
56 100 4 6
57 58 1 4
57 60 5 10
57 61 8 8
57 63 1 5
57 64 8 9
57 65 4 6
57 67 8 9
57 68 1 4
57 69 7 2
57 70 6 1
57 71 3 9
57 72 8 1
57 73 8 5
57 75 10 2
57 76 5 6
57 78 4 10
57 79 3 2
57 82 3 10
57 83 5 5
57 85 1 2
57 86 7 5
57 87 1 3
57 88 10 3
57 89 6 6
57 90 4 3
57 92 10 10
57 93 2 10
57 96 8 4
57 97 7 2
57 98 9 7
57 99 10 1
58 59 6 8
58 61 7 1
58 62 8 5
58 64 4 8
58 65 2 1
58 66 1 2
58 67 1 3
58 68 9 7
58 69 3 7
58 70 1 10
58 71 8 9
58 73 6 4
58 74 6 10
58 75 10 2
58 76 4 5
58 77 10 8
58 78 9 2
58 80 9 3
58 81 10 5
58 83 9 10
58 84 3 6
58 85 6 10
58 86 7 3
58 87 4 7
58 88 6 4
58 90 3 4
58 92 7 10
58 93 3 6
58 95 7 4
58 96 6 10
58 97 10 6
58 98 2 7
58 99 5 1
58 100 3 10
59 60 4 3
59 62 4 5
59 63 8 5
59 65 8 2
59 66 8 6
59 68 2 3
59 70 10 4
59 71 9 9
59 72 2 3
59 74 4 2
59 75 6 2
59 76 7 6
59 77 2 8
59 78 2 4
59 81 7 3
59 82 9 9
59 85 2 3
59 86 9 1
59 87 6 1
59 88 4 3
59 89 2 9
59 90 4 8
59 92 9 1
59 93 10 7
59 94 7 3
59 96 6 4
59 98 1 9
60 62 10 4
60 63 3 6
60 65 9 5
60 66 7 6
60 68 8 10
60 70 5 7
60 71 5 9
60 72 3 1
60 73 9 3
60 74 3 1
60 75 3 5
60 76 4 1
60 77 10 2
60 78 9 3
60 79 8 1
60 80 1 2
60 81 5 6
60 82 1 1
60 83 2 3
60 84 3 4
60 86 9 5
60 87 1 8
60 88 4 7
60 89 8 4
60 90 3 5
60 93 10 9
60 94 5 8
60 95 9 6
60 97 9 5
60 98 2 10
60 99 7 7
61 62 4 6
61 64 4 3
61 65 3 2
61 66 1 6
61 67 9 2
61 68 4 5
61 69 5 3
61 70 4 4
61 71 4 4
61 72 9 3
61 73 8 2
61 74 1 4
61 75 2 6
61 76 2 7
61 77 5 8
61 78 9 8
61 80 3 5
61 83 6 10
61 84 9 5
61 85 1 6
61 86 5 10
61 88 7 6
61 90 9 10
61 92 7 2
61 94 3 3
61 97 8 10
61 98 2 5
61 100 2 4
62 63 7 8
62 64 4 4
62 65 10 6
62 66 7 8
62 69 8 9
62 71 3 9
62 73 7 7
62 74 2 4
62 76 4 4
62 77 9 4
62 78 5 3
62 80 2 6
62 81 2 6
62 82 9 2
62 84 5 7
62 85 6 5
62 86 8 8
62 87 6 8
62 88 5 2
62 90 3 1
62 91 10 9
62 92 10 9
62 93 7 9
62 94 8 9
62 95 5 7
62 97 10 8
62 98 2 4
62 99 4 4
62 100 4 6
63 64 1 1
63 66 6 6
63 68 2 9
63 69 3 10
63 70 1 6
63 72 5 3
63 73 5 8
63 74 2 1
63 75 10 3
63 76 5 9
63 77 3 7
63 79 4 5
63 80 7 1
63 81 10 2
63 82 10 7
63 84 7 10
63 85 10 8
63 87 6 5
63 88 3 4
63 89 2 9
63 92 1 3
63 93 3 1
63 94 6 1
63 95 1 4
63 96 8 3
63 97 1 8
63 99 7 7
63 100 8 9
64 65 6 10
64 66 6 9
64 67 3 7
64 68 5 5
64 69 2 3
64 70 8 3
64 71 10 6
64 72 2 2
64 73 2 9
64 74 5 4
64 75 7 7
64 76 7 3
64 77 1 9
64 79 3 6
64 80 8 7
64 81 4 7
64 82 3 4
64 83 1 10
64 84 3 2
64 85 10 5
64 87 1 3
64 89 8 9
64 90 7 1
64 91 6 5
64 93 8 10
64 94 6 8
64 96 7 5
64 98 4 7
64 99 6 2
64 100 3 9
65 66 9 7
65 67 8 5
65 68 1 3
65 69 5 7
65 70 9 3
65 71 10 10
65 72 1 8
65 73 8 2
65 75 7 2
65 77 9 10
65 78 8 3
65 80 10 4
65 81 5 6
65 83 6 4
65 84 6 9
65 85 7 2
65 87 5 8
65 88 9 2
65 89 4 7
65 90 5 4
65 91 4 4
65 92 5 2
65 93 6 10
65 94 1 9
65 95 8 10
65 96 10 10
65 97 2 6
65 98 10 2
65 99 3 5
65 100 5 4
66 67 5 7
66 68 4 9
66 70 8 1
66 71 9 4
66 72 4 1
66 74 4 6
66 76 9 5
66 77 3 6
66 78 2 8
66 79 2 7
66 81 3 2
66 82 9 10
66 83 9 10
66 84 3 2
66 85 9 4
66 86 10 8
66 87 10 5
66 88 7 9
66 90 2 3
66 91 4 8
66 92 9 6
66 93 6 4
66 94 5 9
66 95 7 7
66 96 9 4
66 97 7 4
66 98 6 3
66 99 2 8
66 100 4 3
67 68 3 1
67 69 1 8
67 70 6 2
67 71 1 2
67 72 6 8
67 73 7 1
67 74 4 1
67 75 1 1
67 76 5 10
67 77 3 9
67 78 1 2
67 79 6 10
67 80 7 9
67 81 5 8
67 82 9 7
67 84 10 6
67 85 3 6
67 86 10 6
67 87 3 10
67 88 8 4
67 89 9 7
67 90 3 1
67 91 4 2
67 94 6 8
67 95 9 10
67 97 7 8
67 99 9 6
67 100 4 3
68 69 9 3
68 70 8 5
68 71 8 9
68 72 10 2
68 74 6 8
68 75 10 8
68 76 2 10
68 77 4 9
68 78 6 8
68 79 1 6
68 80 3 1
68 81 10 8
68 82 4 4
68 84 5 3
68 85 10 3
68 86 1 9
68 87 10 9
68 89 5 5
68 91 9 9
68 92 7 5
68 93 10 4
68 95 10 1
68 96 1 4
68 97 3 6
68 98 1 7
68 100 3 5
69 70 10 7
69 72 10 2
69 73 1 5
69 74 10 10
69 75 3 10
69 76 4 6
69 77 3 1
69 78 10 1
69 79 5 2
69 82 10 7
69 84 3 9
69 86 2 3
69 87 1 4
69 88 2 7
69 89 10 7
69 90 10 8
69 92 9 8
69 94 6 2
69 95 8 6
69 97 10 5
69 98 6 8
69 99 3 7
70 71 3 6
70 72 3 8
70 73 8 9
70 76 4 7
70 77 8 10
70 79 9 1
70 80 7 8
70 81 5 7
70 82 2 4
70 83 6 5
70 85 7 1
70 86 2 9
70 87 8 4
70 90 6 8
70 91 5 5
70 92 8 9
70 93 3 7
70 95 9 5
70 96 4 3
70 97 10 3
70 99 8 10
70 100 7 2
71 72 3 9
71 73 2 10
71 74 10 2
71 75 4 6
71 76 1 8
71 78 3 8
71 79 1 4
71 80 2 8
71 81 6 3
71 82 9 2
71 83 2 2
71 85 10 3
71 86 7 6
71 87 10 8
71 88 8 1
71 89 1 8
71 90 9 10
71 91 3 6
71 92 8 6
71 94 4 6
71 95 7 2
71 97 5 9
71 98 3 4
71 99 6 1
71 100 2 6
72 73 9 4
72 74 9 2
72 75 3 8
72 76 10 9
72 77 2 4
72 78 1 8
72 79 4 5
72 80 5 6
72 83 10 10
72 85 1 6
72 86 1 5
72 88 8 5
72 89 9 1
72 91 9 7
72 92 9 2
72 93 7 5
72 94 1 6
72 96 1 10
72 97 9 8
72 99 4 9
72 100 2 2
73 74 4 1
73 75 3 5
73 76 3 1
73 77 10 5
73 78 5 1
73 81 2 2
73 82 1 6
73 83 5 4
73 85 10 3
73 86 7 9
73 88 10 10
73 89 1 8
73 91 3 6
73 92 10 9
73 94 6 10
73 95 3 3
73 97 3 5
73 98 1 9
73 100 4 9
74 75 4 1
74 77 5 8
74 78 7 3
74 79 1 10
74 80 7 8
74 81 10 8
74 82 1 9
74 83 9 8
74 84 6 3
74 85 6 5
74 86 4 6
74 87 2 8
74 88 6 4
74 89 8 1
74 90 3 1
74 91 3 9
74 92 2 8
74 93 3 8
74 94 5 1
74 95 5 5
74 96 6 1
74 97 8 10
74 98 4 2
74 99 5 7
74 100 5 8
75 76 3 7
75 77 10 5
75 81 3 9
75 82 4 2
75 83 8 9
75 85 6 9
75 86 8 9
75 87 4 4
75 88 1 8
75 89 9 10
75 90 2 2
75 93 1 9
75 94 10 5
75 95 1 8
75 96 6 8
75 97 3 7
75 98 1 2
75 99 1 10
75 100 10 6
76 77 4 9
76 78 7 7
76 79 5 7
76 80 3 7
76 82 5 10
76 83 5 2
76 85 5 10
76 86 10 2
76 87 1 10
76 88 4 5
76 89 8 7
76 90 1 9
76 91 7 10
76 92 2 4
76 93 5 9
76 94 9 5
76 95 9 3
76 96 3 3
76 97 9 9
76 98 3 7
76 99 7 7
76 100 6 9
77 78 1 10
77 79 7 3
77 80 6 4
77 82 2 3
77 83 9 4
77 84 3 10
77 86 8 5
77 87 3 9
77 89 10 9
77 91 5 10
77 92 9 6
77 93 8 3
77 94 9 6
77 95 7 3
77 96 7 5
77 97 8 3
77 98 8 6
77 99 1 5
77 100 2 8
78 79 3 2
78 80 3 1
78 82 10 7
78 83 4 9
78 85 5 4
78 86 4 5
78 87 4 9
78 89 4 2
78 90 7 10
78 91 1 3
78 92 4 2
78 93 6 10
78 94 8 6
78 96 1 1
78 97 8 5
78 98 9 10
78 99 8 5
79 80 2 3
79 81 8 5
79 82 9 5
79 83 8 2
79 84 6 2
79 85 9 8
79 86 8 2
79 87 10 7
79 89 8 4
79 90 2 10
79 92 7 5
79 93 9 6
79 94 5 8
79 95 9 8
79 97 9 4
79 99 9 9
79 100 1 2
80 81 2 10
80 82 1 9
80 83 4 6
80 84 4 7
80 85 7 1
80 86 2 9
80 87 10 8
80 88 10 5
80 89 10 9
80 91 10 1
80 92 6 9
80 94 3 7
80 96 10 9
80 97 6 3
80 98 7 1
80 99 5 9
80 100 7 1
81 83 6 5
81 84 10 8
81 85 5 2
81 86 9 3
81 87 3 9
81 88 1 8
81 89 6 6
81 92 2 7
81 93 5 7
81 95 1 3
81 96 2 6
81 98 5 6
81 99 6 4
82 83 10 2
82 84 8 3
82 85 4 4
82 86 8 9
82 87 4 8
82 88 5 2
82 89 5 6
82 90 4 1
82 92 2 9
82 93 8 5
82 94 4 3
82 95 5 1
82 96 10 5
82 97 7 6
82 98 8 1
82 100 6 9
83 84 9 5
83 85 6 1
83 86 10 3
83 87 9 6
83 89 3 5
83 90 2 8
83 91 9 1
83 92 4 2
83 93 2 2
83 94 4 10
83 95 2 8
83 96 4 10
83 97 8 6
83 98 9 1
83 99 9 8
83 100 10 8
84 85 6 6
84 86 5 4
84 87 5 5
84 88 7 7
84 89 3 7
84 90 2 5
84 91 1 6
84 92 5 10
84 93 10 3
84 96 2 8
84 97 7 4
84 98 7 1
84 99 9 6
84 100 6 8
85 86 5 4
85 87 4 3
85 88 7 6
85 90 6 7
85 91 7 3
85 92 3 4
85 94 9 6
85 95 5 9
85 98 1 8
86 88 2 10
86 89 2 8
86 90 10 9
86 91 4 2
86 92 4 4
86 93 2 8
86 96 4 6
86 97 5 10
86 98 8 5
86 100 4 3
87 88 10 1
87 89 6 9
87 90 2 7
87 91 9 6
87 92 6 10
87 93 7 1
87 94 7 8
87 95 10 3
87 97 1 7
87 98 3 3
87 99 10 7
87 100 10 4
88 91 6 6
88 92 4 6
88 93 6 1
88 95 4 6
88 97 5 5
88 99 9 9
88 100 10 3
89 90 9 9
89 91 10 6
89 92 6 10
89 94 5 4
89 95 3 10
89 96 8 7
89 97 10 1
89 98 1 9
89 99 9 7
90 91 9 7
90 94 6 7
90 95 3 7
90 98 10 7
90 99 4 3
91 92 4 3
91 93 5 1
91 95 1 5
91 96 8 5
91 97 7 3
91 98 3 10
91 99 2 7
91 100 6 3
92 93 3 3
92 94 10 1
92 95 5 10
92 97 7 3
92 98 1 10
92 99 9 3
92 100 1 5
93 95 10 1
93 96 1 5
93 97 1 4
93 98 2 7
93 99 8 1
94 96 8 8
94 97 3 6
94 98 4 1
94 99 6 4
95 96 3 5
95 97 7 2
95 98 10 1
95 100 8 3
96 97 8 1
96 98 8 6
96 99 1 2
96 100 6 6
97 98 10 8
97 99 3 7
97 100 10 6
98 99 9 2
98 100 2 2
99 100 2 10
1
1 2 3 4 5 6 7 8 9 10 11 12 13 14 15 16 17 18 19 20 21 22 23 24 25 26 27 28 29 30 31 32 33 34 35 36 37 38 39 40 41 42 43 44 45 46 47 48 49 50
