3957
1 4 2 7
1 5 7 2
1 6 3 5
1 8 4 2
1 10 4 3
1 12 3 8
1 14 2 2
1 18 6 9
1 20 6 5
1 21 6 2
1 22 2 2
1 23 1 8
1 24 10 8
1 25 4 2
1 27 6 4
1 28 4 5
1 29 8 9
1 30 2 5
1 32 4 6
1 33 3 8
1 34 4 9
1 35 10 9
1 36 1 8
1 37 5 8
1 38 6 2
1 39 6 1
1 40 3 7
1 41 7 2
1 42 1 3
1 43 4 5
1 44 6 9
1 45 3 6
1 46 4 6
1 47 9 10
1 48 3 5
1 49 5 9
1 50 10 3
1 51 1 2
1 52 4 4
1 53 3 7
1 56 2 6
1 57 7 9
1 58 1 7
1 59 2 2
1 63 1 10
1 65 8 2
1 69 3 1
1 72 5 6
1 73 8 3
1 76 1 4
1 78 7 1
1 80 7 2
1 81 7 8
1 82 1 3
1 83 6 8
1 84 10 7
1 85 4 7
1 86 4 4
1 87 2 9
1 88 6 3
1 89 5 10
1 90 4 7
1 91 10 4
1 92 10 7
1 95 8 4
1 96 9 4
1 97 3 3
1 98 3 2
1 99 9 6
1 100 9 7
2 3 2 3
2 4 8 5
2 5 6 5
2 6 2 7
2 7 6 6
2 8 10 5
2 9 3 4
2 11 1 9
2 12 4 9
2 13 4 4
2 15 10 1
2 16 8 3
2 17 9 9
2 18 10 4
2 19 2 9
2 20 8 3
2 21 1 2
2 22 9 7
2 23 4 2
2 25 6 5
2 26 9 7
2 28 1 10
2 30 8 2
2 32 5 7
2 34 1 9
2 35 3 6
2 36 8 4
2 37 1 7
2 38 6 10
2 39 5 3
2 40 7 10
2 41 4 8
2 42 4 5
2 43 7 2
2 44 10 6
2 45 3 6
2 47 4 6
2 48 3 9
2 49 2 7
2 50 4 9
2 52 8 3
2 53 3 7
2 54 9 6
2 55 3 4
2 56 2 9
2 58 4 4
2 59 6 3
2 60 6 8
2 61 8 6
2 63 10 4
2 64 1 4
2 66 10 8
2 68 3 6
2 69 7 6
2 70 5 3
2 71 4 7
2 72 9 7
2 73 9 7
2 78 10 10
2 79 1 6
2 80 7 10
2 81 9 6
2 82 5 2
2 83 8 2
2 87 4 5
2 88 10 7
2 89 7 2
2 90 10 9
2 91 3 5
2 92 1 5
2 93 3 9
2 94 4 4
2 95 3 6
2 96 3 10
2 98 1 3
2 99 8 10
2 100 6 6
3 4 3 9
3 5 1 10
3 6 6 1
3 7 9 4
3 8 9 3
3 10 4 1
3 11 9 2
3 12 1 1
3 14 9 10
3 16 7 3
3 17 9 2
3 18 7 5
3 19 1 8
3 20 5 10
3 22 8 1
3 23 2 9
3 24 4 10
3 25 4 10
3 26 10 6
3 27 4 7
3 28 9 3
3 30 1 2
3 33 7 1
3 34 2 9
3 35 8 9
3 36 10 7
3 37 8 5
3 38 3 3
3 39 4 2
3 40 7 1
3 41 4 4
3 42 9 8
3 43 10 2
3 44 3 5
3 45 5 7
3 46 8 9
3 47 5 6
3 49 3 10
3 50 8 4
3 51 6 7
3 52 8 9
3 54 2 3
3 56 3 6
3 58 10 9
3 59 10 9
3 60 8 8
3 61 7 6
3 62 4 5
3 63 6 1
3 64 3 5
3 65 6 6
3 67 5 2
3 68 9 9
3 69 4 10
3 70 1 8
3 71 1 1
3 72 1 6
3 73 10 2
3 74 7 2
3 77 6 10
3 78 3 6
3 79 2 5
3 80 3 6
3 81 8 2
3 83 8 4
3 85 2 8
3 86 10 7
3 88 10 5
3 89 8 8
3 90 7 5
3 91 3 9
3 92 1 7
3 93 7 1
3 94 3 9
3 95 5 3
3 96 9 1
3 97 5 6
3 99 8 1
3 100 5 1
4 5 3 1
4 7 4 9
4 8 5 9
4 9 7 6
4 10 9 7
4 12 6 1
4 13 10 5
4 15 7 2
4 16 3 5
4 17 2 1
4 18 7 4
4 20 3 8
4 21 8 10
4 23 6 8
4 24 8 7
4 25 8 6
4 27 9 2
4 30 1 8
4 31 8 8
4 34 8 4
4 35 2 10
4 36 2 2
4 37 10 3
4 38 1 1
4 40 6 5
4 41 10 5
4 42 7 8
4 43 2 6
4 44 9 5
4 45 6 4
4 47 5 7
4 48 4 8
4 50 1 8
4 51 1 4
4 53 9 6
4 56 2 8
4 57 8 3
4 58 7 6
4 59 1 2
4 61 6 2
4 62 9 3
4 63 6 3
4 64 7 9
4 65 9 9
4 66 4 1
4 67 4 10
4 68 9 1
4 69 2 1
4 70 7 10
4 71 9 2
4 72 6 1
4 73 10 5
4 74 9 10
4 76 3 7
4 77 8 9
4 78 10 6
4 79 2 8
4 80 8 1
4 82 2 6
4 83 6 6
4 84 6 8
4 86 5 7
4 87 8 7
4 88 7 1
4 89 2 6
4 90 2 1
4 91 1 8
4 94 10 9
4 95 5 10
4 96 6 10
4 97 1 4
4 98 4 5
4 99 7 5
4 100 2 10
5 6 5 8
5 7 8 9
5 8 8 8
5 9 4 4
5 10 10 3
5 11 7 2
5 12 1 6
5 14 2 5
5 16 6 5
5 17 10 5
5 18 3 10
5 20 5 8
5 21 2 9
5 22 8 6
5 23 8 1
5 24 3 10
5 25 2 2
5 27 10 7
5 28 8 1
5 29 3 9
5 31 2 5
5 32 9 3
5 33 8 8
5 34 5 2
5 36 9 5
5 38 5 6
5 39 3 9
5 40 10 3
5 41 5 5
5 42 2 9
5 43 5 4
5 45 9 7
5 46 3 5
5 48 4 10
5 49 8 4
5 50 3 10
5 51 8 7
5 53 6 6
5 54 8 6
5 55 5 7
5 56 1 7
5 57 7 2
5 58 1 4
5 59 1 4
5 60 1 8
5 61 7 1
5 62 9 3
5 63 7 6
5 64 9 6
5 65 5 10
5 66 5 3
5 67 6 3
5 68 4 5
5 69 7 4
5 70 10 8
5 71 1 6
5 72 10 8
5 73 1 10
5 74 1 1
5 75 6 7
5 76 6 10
5 77 10 2
5 78 4 5
5 79 4 3
5 80 1 2
5 81 5 7
5 82 9 1
5 83 4 1
5 84 7 6
5 85 1 5
5 86 9 5
5 87 6 3
5 88 10 2
5 89 10 3
5 90 6 1
5 91 3 8
5 92 3 4
5 94 5 4
5 95 5 8
5 96 8 10
5 97 4 7
5 99 2 1
5 100 10 3
6 7 5 2
6 8 1 8
6 9 1 10
6 11 3 10
6 12 6 8
6 14 5 2
6 15 3 2
6 17 1 8
6 18 1 2
6 19 1 1
6 22 5 9
6 24 9 2
6 25 1 2
6 26 10 4
6 27 2 2
6 29 5 2
6 30 9 7
6 31 1 1
6 32 1 9
6 33 8 1
6 34 2 6
6 36 10 9
6 37 2 3
6 42 9 2
6 43 7 1
6 44 3 2
6 46 1 8
6 47 4 7
6 48 6 5
6 49 10 1
6 51 5 3
6 52 8 2
6 53 6 3
6 54 6 5
6 56 5 5
6 57 2 1
6 58 1 3
6 61 6 5
6 63 2 6
6 64 10 6
6 66 7 6
6 67 1 10
6 68 10 10
6 69 8 3
6 70 4 2
6 71 1 3
6 73 4 4
6 74 2 3
6 75 4 9
6 77 3 7
6 78 4 4
6 79 6 10
6 80 7 8
6 81 3 1
6 82 1 7
6 83 7 3
6 84 5 5
6 85 6 2
6 86 7 6
6 87 6 6
6 88 4 1
6 89 5 10
6 90 5 6
6 91 6 5
6 92 1 5
6 93 9 6
6 95 4 3
6 96 10 6
6 97 7 10
6 99 10 6
6 100 7 10
7 8 6 10
7 9 3 1
7 10 8 10
7 11 9 9
7 12 10 4
7 13 8 8
7 14 8 9
7 15 8 3
7 16 9 10
7 17 4 5
7 18 8 6
7 19 8 3
7 20 3 7
7 21 8 3
7 22 7 6
7 23 10 1
7 24 1 8
7 25 6 5
7 26 10 5
7 27 8 1
7 28 8 7
7 29 5 4
7 30 9 1
7 31 5 9
7 32 7 1
7 33 4 7
7 34 5 8
7 36 10 7
7 37 10 3
7 38 4 2
7 39 5 10
7 40 2 7
7 41 5 1
7 42 4 10
7 43 7 3
7 44 5 2
7 45 9 3
7 47 10 7
7 48 2 4
7 49 9 7
7 50 10 2
7 51 1 9
7 52 9 4
7 53 5 8
7 54 3 10
7 55 7 9
7 56 6 1
7 57 5 3
7 58 10 8
7 59 3 3
7 60 8 4
7 61 1 8
7 62 7 5
7 63 8 1
7 64 1 6
7 65 5 5
7 68 8 1
7 69 6 7
7 70 5 6
7 71 3 7
7 72 1 8
7 74 9 4
7 76 1 2
7 77 9 9
7 78 10 1
7 79 10 9
7 80 7 9
7 82 8 8
7 83 1 1
7 84 5 3
7 86 9 3
7 87 3 2
7 88 6 5
7 89 5 2
7 90 4 7
7 91 4 7
7 92 2 8
7 94 6 4
7 95 3 1
7 98 7 7
7 99 3 9
7 100 6 9
8 9 3 7
8 10 10 5
8 11 8 10
8 13 1 2
8 14 1 6
8 15 9 9
8 16 2 1
8 17 6 9
8 18 3 2
8 19 5 6
8 20 8 6
8 21 5 8
8 23 5 3
8 24 5 7
8 25 10 1
8 26 1 6
8 27 3 8
8 28 1 3
8 31 1 6
8 32 5 4
8 33 7 7
8 34 8 10
8 35 8 9
8 36 10 10
8 37 1 2
8 38 5 4
8 40 7 2
8 41 5 7
8 42 4 9
8 43 4 5
8 45 5 10
8 46 9 6
8 47 7 10
8 49 9 7
8 50 3 10
8 51 4 1
8 52 2 1
8 53 10 3
8 54 9 4
8 55 6 4
8 57 8 1
8 58 8 8
8 60 7 1
8 61 9 6
8 62 1 10
8 64 1 8
8 65 9 3
8 66 2 3
8 67 4 7
8 68 5 5
8 69 7 10
8 70 5 1
8 71 8 9
8 73 8 2
8 74 8 2
8 75 8 3
8 77 6 7
8 78 10 1
8 79 2 8
8 80 8 8
8 81 3 10
8 82 5 7
8 83 3 7
8 84 7 10
8 86 6 9
8 88 2 8
8 89 9 4
8 90 6 10
8 91 6 6
8 93 8 6
8 94 1 4
8 97 4 2
8 99 9 5
8 100 9 9
9 10 5 8
9 11 5 2
9 13 9 7
9 15 4 2
9 16 10 6
9 17 5 8
9 18 10 5
9 19 4 1
9 20 5 4
9 21 1 1
9 22 1 8
9 23 6 4
9 24 5 8
9 27 10 7
9 28 4 5
9 29 6 9
9 30 1 5
9 31 8 5
9 32 5 10
9 33 5 6
9 34 10 4
9 35 10 4
9 36 4 2
9 37 4 10
9 38 2 9
9 39 3 8
9 40 8 7
9 41 9 4
9 42 2 7
9 43 7 10
9 44 1 7
9 45 4 6
9 46 5 8
9 47 5 7
9 48 4 5
9 49 10 10
9 50 7 7
9 52 9 2
9 53 6 8
9 54 10 1
9 56 4 6
9 57 6 10
9 58 4 4
9 59 6 6
9 61 3 2
9 62 8 7
9 65 2 7
9 66 1 5
9 67 9 8
9 68 1 5
9 69 5 7
9 71 7 2
9 72 8 1
9 73 4 3
9 74 1 6
9 75 5 6
9 76 3 10
9 78 2 1
9 79 5 9
9 80 6 1
9 82 5 5
9 83 1 3
9 84 8 6
9 85 9 5
9 86 9 7
9 87 2 10
9 88 9 8
9 89 2 2
9 90 5 7
9 91 1 7
9 93 2 9
9 96 10 4
9 97 9 1
9 98 4 3
9 99 7 10
9 100 7 5
10 11 8 1
10 12 2 7
10 13 6 7
10 14 2 6
10 15 9 1
10 17 2 2
10 18 1 9
10 19 2 3
10 20 8 3
10 21 1 7
10 22 3 7
10 23 2 7
10 24 6 7
10 25 8 1
10 27 10 5
10 28 3 5
10 30 7 8
10 32 8 6
10 33 2 8
10 34 1 10
10 35 10 9
10 40 8 4
10 41 6 3
10 43 3 5
10 44 7 8
10 45 2 10
10 47 2 9
10 48 5 3
10 49 4 1
10 50 7 5
10 51 5 9
10 52 9 9
10 53 6 5
10 54 1 10
10 55 10 10
10 56 9 8
10 57 1 4
10 60 3 10
10 62 4 5
10 63 1 2
10 64 6 6
10 65 10 7
10 66 3 7
10 67 6 10
10 68 9 1
10 69 5 7
10 71 2 2
10 72 6 4
10 73 2 10
10 74 8 1
10 75 4 4
10 76 5 2
10 77 9 8
10 78 10 4
10 79 7 2
10 81 9 1
10 82 4 5
10 83 3 4
10 84 7 8
10 85 10 9
10 86 4 9
10 87 3 7
10 88 9 7
10 89 2 8
10 90 9 10
10 92 4 9
10 94 7 10
10 95 2 10
10 96 5 5
10 97 9 8
10 100 6 2
11 12 2 6
11 13 9 8
11 14 7 2
11 15 3 10
11 16 5 9
11 17 1 10
11 18 3 7
11 19 8 5
11 20 8 8
11 22 2 8
11 23 1 6
11 25 4 6
11 26 4 8
11 27 9 8
11 28 3 5
11 29 6 4
11 31 1 7
11 32 1 6
11 33 6 9
11 34 8 5
11 35 9 7
11 37 5 6
11 38 8 8
11 39 8 10
11 40 6 1
11 41 1 6
11 42 4 1
11 43 7 10
11 44 9 6
11 45 10 2
11 46 5 5
11 47 4 8
11 48 4 4
11 49 8 3
11 50 10 2
11 52 4 10
11 55 3 2
11 56 4 4
11 57 4 4
11 58 7 9
11 59 9 5
11 60 6 2
11 61 8 8
11 62 10 5
11 63 2 3
11 64 2 6
11 65 8 6
11 67 6 6
11 68 3 2
11 69 9 10
11 70 3 4
11 71 1 1
11 73 3 10
11 74 4 3
11 75 1 10
11 77 3 3
11 80 5 9
11 81 10 1
11 82 10 8
11 83 10 8
11 84 10 2
11 85 8 2
11 86 10 1
11 88 7 5
11 90 8 7
11 93 1 2
11 94 6 7
11 95 5 8
11 96 3 4
11 97 6 1
11 98 10 10
11 99 8 8
11 100 9 8
12 13 1 8
12 14 10 8
12 16 8 7
12 17 6 10
12 18 9 9
12 20 6 9
12 22 8 5
12 23 6 2
12 24 5 2
12 25 8 6
12 27 10 6
12 29 9 6
12 30 3 8
12 31 5 3
12 33 9 7
12 35 8 5
12 36 5 7
12 37 6 4
12 38 7 4
12 39 10 2
12 40 6 3
12 41 4 4
12 42 4 4
12 44 6 3
12 46 1 2
12 47 7 8
12 50 9 10
12 51 1 1
12 52 6 5
12 53 8 8
12 54 3 1
12 55 2 5
12 56 7 1
12 57 5 5
12 58 1 6
12 59 5 1
12 60 7 9
12 61 7 10
12 62 8 2
12 64 8 9
12 65 5 4
12 66 7 4
12 67 1 4
12 70 1 10
12 71 8 6
12 72 2 7
12 73 10 4
12 74 2 2
12 75 10 10
12 76 1 9
12 77 9 9
12 80 10 1
12 82 6 5
12 83 4 4
12 84 10 6
12 85 4 9
12 86 9 6
12 87 3 3
12 89 10 2
12 90 2 2
12 91 1 2
12 92 1 6
12 93 3 3
12 94 5 1
12 95 1 1
12 96 8 2
12 97 9 8
12 99 7 7
13 15 3 3
13 16 7 5
13 19 3 10
13 20 5 10
13 21 5 5
13 22 9 4
13 24 1 4
13 25 2 2
13 26 1 8
13 28 9 8
13 29 1 8
13 30 9 3
13 31 9 10
13 32 3 6
13 34 8 1
13 36 3 6
13 37 7 8
13 39 4 10
13 40 7 7
13 41 2 1
13 42 10 8
13 43 10 3
13 44 4 4
13 45 10 9
13 47 8 2
13 48 4 7
13 49 4 10
13 50 5 9
13 51 5 7
13 52 10 5
13 53 1 3
13 54 2 7
13 56 2 8
13 57 2 2
13 58 5 5
13 59 9 4
13 60 2 7
13 62 9 1
13 63 5 2
13 64 7 5
13 65 9 2
13 67 9 2
13 68 2 10
13 69 10 8
13 70 8 6
13 71 5 7
13 72 8 1
13 73 4 1
13 74 9 9
13 75 8 6
13 76 2 5
13 77 10 7
13 78 7 8
13 80 7 2
13 81 6 3
13 82 6 2
13 83 2 6
13 84 5 1
13 85 4 2
13 86 3 10
13 88 5 7
13 89 7 6
13 90 3 1
13 91 6 9
13 92 4 7
13 93 7 9
13 94 9 9
13 95 8 6
13 97 8 7
13 98 2 8
13 99 10 10
14 16 7 7
14 17 7 5
14 18 4 1
14 19 8 8
14 20 5 10
14 21 2 6
14 22 2 5
14 23 5 7
14 24 9 10
14 25 2 4
14 26 4 5
14 28 5 6
14 30 6 6
14 31 1 4
14 32 10 2
14 33 9 3
14 35 10 6
14 38 8 1
14 39 5 6
14 40 9 9
14 41 6 2
14 43 1 1
14 44 8 3
14 45 8 2
14 46 4 1
14 47 6 3
14 48 5 1
14 49 9 1
14 50 8 3
14 51 4 4
14 52 8 4
14 53 7 4
14 54 4 10
14 55 9 7
14 56 6 7
14 57 5 5
14 58 2 3
14 60 1 9
14 63 9 1
14 64 3 3
14 65 3 3
14 66 7 2
14 68 2 3
14 69 3 8
14 70 5 2
14 71 8 9
14 72 3 8
14 73 4 3
14 74 7 5
14 75 8 5
14 76 3 5
14 77 3 7
14 78 9 3
14 79 6 9
14 80 6 2
14 81 5 7
14 83 1 2
14 84 1 6
14 85 2 6
14 86 4 8
14 87 4 5
14 89 9 4
14 92 3 5
14 93 8 2
14 95 2 6
14 96 8 8
14 98 6 3
14 99 9 4
15 16 1 9
15 17 9 6
15 20 8 2
15 22 9 2
15 23 5 6
15 24 1 7
15 25 9 5
15 26 2 9
15 27 8 4
15 28 9 5
15 29 3 10
15 30 4 6
15 31 4 3
15 32 10 10
15 33 9 4
15 34 7 2
15 35 10 8
15 36 5 4
15 37 1 10
15 38 6 8
15 39 3 3
15 40 2 2
15 41 1 5
15 43 2 3
15 44 7 10
15 45 7 8
15 46 10 10
15 47 6 6
15 48 3 2
15 49 7 7
15 50 4 7
15 51 9 1
15 52 1 3
15 53 3 2
15 54 7 3
15 55 6 3
15 56 3 10
15 58 2 7
15 59 8 3
15 60 5 7
15 61 1 9
15 62 3 6
15 63 8 5
15 65 6 9
15 66 2 5
15 67 2 1
15 68 4 4
15 69 9 5
15 70 8 4
15 71 1 7
15 72 10 5
15 73 1 2
15 74 7 1
15 75 3 2
15 76 2 7
15 77 2 6
15 78 1 2
15 79 2 8
15 80 7 9
15 82 1 5
15 83 3 10
15 84 5 7
15 85 8 5
15 87 10 6
15 89 1 5
15 92 10 3
15 93 8 3
15 95 7 2
15 96 6 7
15 97 5 8
15 98 10 9
15 99 7 10
15 100 6 3
16 17 7 10
16 19 3 8
16 20 7 2
16 22 1 4
16 23 3 5
16 24 5 8
16 27 8 4
16 29 9 2
16 30 4 1
16 31 1 5
16 33 10 3
16 34 6 4
16 35 6 3
16 36 7 4
16 37 6 2
16 38 9 10
16 39 4 4
16 40 5 8
16 41 7 10
16 42 8 5
16 43 8 2
16 44 6 5
16 45 9 4
16 46 8 9
16 47 4 8
16 48 3 4
16 49 7 9
16 50 7 7
16 52 4 4
16 53 3 6
16 54 6 9
16 55 9 9
16 56 6 1
16 57 9 2
16 58 5 7
16 59 5 5
16 60 8 1
16 61 2 7
16 62 1 1
16 63 7 2
16 64 3 7
16 65 7 10
16 66 4 7
16 69 2 7
16 70 1 2
16 71 6 7
16 72 5 8
16 73 1 2
16 74 7 9
16 77 5 2
16 79 5 9
16 81 2 6
16 82 8 9
16 83 9 10
16 84 7 5
16 86 8 1
16 87 8 9
16 89 3 5
16 90 7 6
16 91 9 7
16 92 9 4
16 93 10 5
16 94 3 10
16 95 3 7
16 96 10 8
16 98 10 6
16 99 9 10
17 19 8 5
17 20 10 6
17 22 8 1
17 23 9 8
17 24 2 1
17 25 2 1
17 26 6 8
17 27 6 2
17 28 3 5
17 29 3 3
17 30 1 8
17 31 5 9
17 32 1 5
17 35 8 9
17 36 6 1
17 37 3 9
17 38 10 6
17 39 6 7
17 40 5 5
17 41 4 8
17 42 2 8
17 43 5 9
17 45 5 1
17 46 6 4
17 47 3 7
17 48 7 9
17 50 2 7
17 51 8 2
17 53 4 1
17 56 2 10
17 57 2 1
17 59 4 3
17 60 6 5
17 61 2 5
17 62 6 5
17 63 4 8
17 64 10 10
17 65 9 1
17 66 5 6
17 67 9 4
17 68 10 2
17 69 6 1
17 70 1 10
17 71 6 5
17 72 10 9
17 73 5 5
17 75 10 8
17 76 10 2
17 77 3 2
17 78 2 8
17 79 1 1
17 80 5 7
17 81 4 4
17 82 10 10
17 83 2 4
17 85 8 2
17 87 7 5
17 88 7 10
17 90 2 3
17 91 7 6
17 92 4 6
17 93 7 2
17 94 10 3
17 95 9 7
17 98 4 4
17 100 1 1
18 19 6 8
18 20 9 6
18 21 9 8
18 22 4 4
18 23 1 8
18 24 3 7
18 25 4 8
18 26 7 3
18 29 5 1
18 30 5 3
18 31 4 6
18 32 4 10
18 33 2 7
18 34 9 9
18 36 3 5
18 37 7 6
18 38 6 10
18 39 6 6
18 40 9 10
18 41 1 3
18 42 2 4
18 43 9 8
18 44 10 7
18 45 1 2
18 47 9 9
18 48 3 6
18 49 7 6
18 50 5 10
18 51 7 3
18 52 10 4
18 54 3 9
18 55 6 8
18 56 3 4
18 58 4 5
18 59 2 7
18 60 5 1
18 62 10 6
18 64 3 4
18 65 10 9
18 66 4 2
18 67 9 9
18 68 5 10
18 69 3 7
18 70 2 9
18 71 5 6
18 72 7 5
18 73 7 3
18 76 6 7
18 77 9 5
18 78 2 2
18 79 5 5
18 80 7 10
18 81 2 6
18 84 1 9
18 85 2 3
18 86 2 5
18 88 5 1
18 90 4 8
18 92 1 1
18 93 10 8
18 94 7 10
18 95 7 7
18 96 8 5
18 97 6 4
18 98 4 3
18 99 1 10
18 100 7 7
19 21 7 8
19 23 9 7
19 24 7 3
19 25 2 5
19 26 4 7
19 27 3 5
19 28 1 9
19 29 8 3
19 30 9 7
19 31 1 3
19 32 9 5
19 33 5 1
19 34 8 1
19 35 9 6
19 36 9 9
19 37 6 7
19 38 1 10
19 39 10 2
19 41 4 6
19 42 7 6
19 43 3 8
19 44 1 4
19 45 6 9
19 46 10 3
19 47 3 6
19 48 10 1
19 49 1 2
19 51 10 4
19 53 1 10
19 54 7 7
19 55 10 2
19 57 1 5
19 58 3 2
19 59 3 7
19 60 7 2
19 61 10 5
19 62 8 4
19 63 5 5
19 64 2 6
19 65 6 9
19 66 6 5
19 67 9 9
19 68 5 10
19 72 5 4
19 74 2 5
19 75 2 7
19 76 6 9
19 79 9 5
19 81 1 1
19 82 6 2
19 83 10 8
19 85 4 2
19 87 2 7
19 88 2 2
19 89 4 8
19 91 1 7
19 92 5 7
19 95 6 9
19 97 7 1
19 98 10 1
19 99 2 6
19 100 4 10
20 21 9 6
20 22 9 6
20 23 5 8
20 24 4 1
20 28 10 1
20 30 7 2
20 31 4 10
20 33 10 3
20 34 6 7
20 35 9 1
20 36 7 7
20 37 10 4
20 38 8 4
20 39 1 3
20 41 1 3
20 43 4 7
20 44 1 6
20 45 8 1
20 46 3 2
20 48 7 10
20 49 8 7
20 50 5 6
20 51 9 1
20 52 6 4
20 53 2 3
20 54 2 7
20 56 3 6
20 57 4 2
20 58 8 2
20 59 3 8
20 60 3 2
20 62 6 1
20 64 2 7
20 65 2 5
20 66 5 6
20 67 1 6
20 68 5 6
20 70 3 4
20 71 5 2
20 72 9 5
20 73 6 7
20 74 7 8
20 75 4 1
20 76 3 1
20 77 4 2
20 78 5 3
20 79 2 2
20 80 10 8
20 81 3 6
20 82 8 10
20 83 2 9
20 84 3 9
20 85 1 9
20 86 7 2
20 87 7 6
20 88 6 5
20 89 9 5
20 90 2 9
20 91 6 3
20 94 1 8
20 95 10 2
20 96 7 9
20 99 5 4
20 100 4 3
21 22 9 8
21 23 10 9
21 24 2 8
21 25 8 1
21 26 2 1
21 27 7 5
21 29 9 1
21 31 10 2
21 32 3 6
21 34 2 2
21 35 7 2
21 36 3 6
21 37 7 2
21 39 6 10
21 40 4 3
21 41 3 10
21 42 3 5
21 44 4 1
21 45 7 1
21 46 9 4
21 47 6 1
21 50 6 6
21 51 9 10
21 53 10 5
21 54 6 6
21 55 6 3
21 56 9 10
21 57 5 3
21 59 7 8
21 60 2 9
21 62 5 7
21 63 10 4
21 64 4 1
21 65 9 10
21 66 10 1
21 67 7 4
21 68 1 9
21 69 5 3
21 70 3 1
21 71 3 2
21 72 6 3
21 73 9 5
21 74 6 4
21 75 3 5
21 76 5 9
21 79 2 3
21 80 10 6
21 82 5 4
21 85 2 6
21 87 5 8
21 89 4 9
21 92 4 4
21 93 1 9
21 94 1 2
21 95 2 10
21 96 8 4
21 97 8 7
21 98 9 2
21 100 10 10
22 23 6 10
22 24 4 3
22 25 8 9
22 26 1 4
22 28 2 3
22 29 4 7
22 30 6 7
22 31 10 5
22 32 4 3
22 33 9 7
22 34 3 3
22 35 2 8
22 36 6 3
22 37 8 2
22 38 4 4
22 40 8 3
22 41 7 2
22 42 5 7
22 43 5 7
22 45 4 6
22 46 3 9
22 47 9 1
22 48 8 6
22 49 9 7
22 50 8 1
22 51 7 5
22 52 10 7
22 53 2 7
22 54 9 7
22 55 2 1
22 56 1 4
22 58 4 6
22 59 8 2
22 60 5 9
22 61 10 10
22 63 9 5
22 64 9 10
22 66 4 6
22 67 10 4
22 68 10 5
22 69 8 9
22 72 4 5
22 73 5 4
22 74 4 1
22 75 6 5
22 76 7 4
22 79 6 3
22 80 5 8
22 82 7 1
22 83 6 4
22 85 3 8
22 87 8 4
22 88 5 10
22 89 5 4
22 90 6 5
22 91 9 6
22 93 8 3
22 95 2 7
22 96 4 9
22 97 9 9
22 98 4 6
22 99 3 3
22 100 1 5
23 24 1 8
23 25 9 4
23 26 9 5
23 27 2 10
23 28 9 10
23 29 10 9
23 30 8 4
23 31 8 5
23 33 9 9
23 34 6 5
23 35 1 4
23 36 2 5
23 38 6 10
23 42 4 7
23 44 8 1
23 45 7 8
23 46 3 2
23 47 4 3
23 48 10 9
23 49 4 5
23 50 2 9
23 52 10 6
23 54 9 2
23 55 5 10
23 56 3 6
23 57 9 10
23 58 9 4
23 60 7 2
23 62 7 1
23 64 7 6
23 65 8 10
23 66 2 1
23 67 6 6
23 68 1 6
23 70 10 2
23 71 2 6
23 72 4 7
23 74 9 10
23 76 9 7
23 77 8 7
23 78 9 3
23 79 10 10
23 80 10 4
23 81 1 10
23 83 10 4
23 84 8 2
23 85 4 5
23 87 7 8
23 88 3 1
23 89 6 9
23 90 1 3
23 92 4 2
23 93 9 1
23 94 4 3
23 95 5 2
23 96 8 4
23 97 10 5
23 99 7 8
23 100 2 4
24 25 10 5
24 26 3 10
24 27 5 7
24 28 1 8
24 29 3 5
24 30 1 5
24 32 8 2
24 33 10 6
24 34 9 2
24 35 5 5
24 36 6 7
24 37 9 2
24 38 7 1
24 39 9 10
24 40 10 9
24 42 2 8
24 43 2 6
24 44 5 6
24 45 8 8
24 46 4 8
24 48 3 6
24 50 3 3
24 51 7 8
24 52 3 7
24 53 5 1
24 56 8 3
24 57 9 1
24 58 4 7
24 59 1 8
24 60 1 7
24 61 3 6
24 62 4 2
24 63 6 9
24 64 3 4
24 65 7 1
24 66 6 2
24 67 3 1
24 68 10 2
24 69 1 8
24 70 7 5
24 71 2 5
24 72 3 10
24 73 5 3
24 74 4 5
24 76 4 5
24 77 10 2
24 78 9 9
24 79 1 9
24 81 10 2
24 82 4 7
24 83 5 9
24 84 2 5
24 85 3 9
24 86 8 2
24 87 3 9
24 88 7 8
24 89 7 10
24 90 7 9
24 91 8 2
24 92 9 9
24 93 6 1
24 94 6 3
24 95 5 4
24 96 1 6
24 97 9 10
24 98 5 2
24 100 2 5
25 26 10 9
25 27 8 6
25 28 8 4
25 29 3 4
25 30 7 10
25 31 6 9
25 32 8 9
25 33 10 5
25 34 1 6
25 37 1 8
25 38 10 5
25 39 9 8
25 40 2 2
25 41 8 8
25 44 2 3
25 45 9 8
25 48 6 3
25 50 9 9
25 51 4 7
25 52 6 3
25 53 3 9
25 54 6 2
25 55 7 8
25 56 2 9
25 57 2 5
25 58 5 6
25 61 1 9
25 62 5 9
25 63 2 7
25 64 3 9
25 65 9 4
25 66 7 1
25 67 5 2
25 68 5 3
25 69 10 3
25 70 6 10
25 71 3 8
25 72 8 6
25 73 1 8
25 74 9 6
25 76 6 10
25 77 3 2
25 78 8 4
25 79 6 8
25 80 5 5
25 81 7 4
25 82 5 9
25 83 2 10
25 84 3 10
25 85 3 1
25 86 6 6
25 88 10 1
25 89 7 2
25 90 1 1
25 91 7 3
25 92 10 2
25 94 10 5
25 95 9 7
25 96 4 7
25 97 9 1
25 98 3 4
25 99 4 9
25 100 8 6
26 27 4 1
26 28 2 8
26 29 1 6
26 30 6 9
26 31 4 10
26 32 9 2
26 34 8 10
26 35 8 7
26 36 3 7
26 37 8 5
26 38 2 4
26 39 6 6
26 40 5 8
26 43 9 7
26 44 7 3
26 45 2 10
26 46 9 7
26 49 9 2
26 50 3 9
26 51 3 3
26 53 6 5
26 54 6 1
26 56 1 6
26 57 9 6
26 58 8 2
26 59 4 4
26 61 5 5
26 62 9 2
26 63 6 3
26 64 1 4
26 67 9 6
26 68 4 1
26 69 9 10
26 70 9 7
26 71 6 4
26 72 8 3
26 73 2 7
26 74 2 8
26 75 5 5
26 77 10 5
26 78 3 5
26 79 4 2
26 81 2 9
26 82 1 9
26 83 5 6
26 84 9 4
26 86 8 1
26 88 7 4
26 89 9 3
26 90 8 5
26 91 6 3
26 92 10 8
26 94 8 5
26 95 3 1
26 96 1 5
26 97 2 10
26 98 8 8
26 99 5 2
26 100 8 2
27 28 7 6
27 29 6 2
27 31 4 5
27 32 3 3
27 33 3 3
27 34 9 4
27 36 8 4
27 37 3 8
27 38 2 9
27 39 8 6
27 40 2 3
27 41 7 5
27 42 1 8
27 44 4 10
27 46 4 4
27 47 3 6
27 48 2 5
27 49 3 9
27 50 4 8
27 51 8 10
27 53 2 2
27 57 1 4
27 58 4 4
27 59 3 4
27 61 7 5
27 62 10 3
27 63 8 4
27 65 7 10
27 66 9 2
27 68 4 4
27 69 10 9
27 70 7 2
27 71 6 3
27 75 4 9
27 77 1 3
27 78 4 3
27 79 3 7
27 82 8 2
27 84 5 1
27 85 10 2
27 86 10 10
27 87 10 6
27 88 7 4
27 89 4 5
27 90 9 1
27 91 5 5
27 92 1 4
27 93 1 8
27 94 9 6
27 96 7 5
27 97 3 10
27 98 6 10
27 99 7 4
27 100 7 2
28 30 2 5
28 31 10 1
28 32 8 2
28 33 8 2
28 35 5 2
28 36 8 5
28 37 9 5
28 38 2 6
28 39 6 1
28 40 8 1
28 42 7 7
28 43 2 7
28 44 7 2
28 46 8 3
28 47 4 2
28 48 7 4
28 49 4 3
28 50 4 10
28 52 9 7
28 53 8 9
28 54 1 2
28 55 6 9
28 57 1 1
28 58 5 1
28 60 7 7
28 61 7 2
28 62 4 6
28 63 9 5
28 65 5 5
28 66 8 2
28 67 4 6
28 68 5 10
28 69 2 10
28 70 10 9
28 71 2 2
28 72 8 2
28 73 10 5
28 75 4 5
28 77 9 5
28 78 4 3
28 79 6 6
28 80 10 3
28 84 3 2
28 85 6 5
28 86 2 5
28 87 7 3
28 90 5 6
28 91 7 7
28 92 4 9
28 95 1 6
28 96 2 8
28 97 10 2
28 98 3 8
28 99 1 8
28 100 7 5
29 30 4 7
29 31 9 4
29 33 6 1
29 35 6 9
29 38 7 4
29 39 10 6
29 40 7 5
29 41 3 2
29 43 8 8
29 44 5 5
29 45 8 10
29 46 4 10
29 47 2 3
29 48 8 9
29 49 8 4
29 50 1 2
29 52 8 2
29 53 10 8
29 55 1 10
29 57 9 2
29 58 8 1
29 59 2 7
29 60 6 3
29 61 5 9
29 62 2 9
29 63 10 7
29 64 4 8
29 65 3 1
29 66 6 7
29 67 10 5
29 69 1 4
29 71 6 1
29 73 3 9
29 74 8 4
29 75 6 8
29 78 3 8
29 79 3 1
29 80 6 2
29 83 2 1
29 84 7 4
29 85 8 4
29 86 7 6
29 87 4 3
29 89 4 10
29 90 5 2
29 91 6 1
29 92 7 9
29 94 8 6
29 95 1 9
29 96 2 3
29 97 8 4
29 98 7 5
29 100 7 4
30 31 10 2
30 32 10 1
30 33 7 2
30 35 4 1
30 36 10 7
30 37 9 9
30 38 2 1
30 39 6 6
30 40 7 4
30 41 7 2
30 42 5 1
30 43 2 4
30 44 7 4
30 46 1 10
30 47 9 9
30 48 9 9
30 50 1 3
30 51 10 5
30 53 9 8
30 55 4 3
30 56 8 8
30 57 1 1
30 58 6 2
30 59 3 3
30 60 8 8
30 61 9 3
30 62 5 3
30 63 6 4
30 64 3 7
30 65 6 6
30 66 4 1
30 68 1 3
30 69 4 4
30 70 1 5
30 71 6 7
30 73 4 10
30 75 2 4
30 77 8 10
30 78 2 8
30 79 5 7
30 84 10 10
30 85 4 4
30 86 4 10
30 87 2 9
30 88 3 9
30 89 7 10
30 90 4 1
30 91 3 3
30 92 5 3
30 94 10 1
30 95 9 1
30 97 2 8
30 98 3 3
30 99 2 7
31 35 7 7
31 36 6 1
31 37 6 3
31 38 9 4
31 40 6 5
31 41 3 4
31 42 6 10
31 43 5 6
31 44 4 6
31 45 7 2
31 46 9 1
31 47 5 5
31 48 4 3
31 49 4 4
31 50 7 5
31 53 1 9
31 54 5 1
31 55 1 10
31 56 5 6
31 57 9 10
31 58 1 5
31 59 10 1
31 62 10 8
31 63 1 3
31 64 7 9
31 65 7 8
31 66 4 6
31 67 8 2
31 68 10 6
31 69 7 9
31 71 6 1
31 72 9 5
31 73 10 10
31 74 8 10
31 75 7 9
31 76 3 8
31 77 5 8
31 79 8 5
31 80 8 3
31 82 5 7
31 84 9 8
31 85 4 4
31 86 8 7
31 87 2 4
31 89 9 1
31 90 6 6
31 91 10 4
31 92 7 4
31 95 7 10
31 97 8 10
31 98 6 1
31 99 6 10
31 100 8 3
32 33 7 1
32 34 1 8
32 36 2 6
32 37 6 6
32 38 4 8
32 39 1 1
32 40 5 10
32 41 2 6
32 42 9 6
32 44 7 10
32 45 6 3
32 46 8 9
32 47 4 9
32 48 10 2
32 49 7 7
32 52 1 8
32 53 2 6
32 54 10 5
32 55 8 6
32 56 9 1
32 58 3 1
32 59 2 8
32 60 3 2
32 61 10 4
32 62 8 8
32 63 4 9
32 64 10 5
32 65 10 1
32 66 10 2
32 68 6 1
32 69 4 9
32 70 2 6
32 71 8 10
32 72 6 10
32 73 5 2
32 74 7 7
32 75 3 5
32 76 4 3
32 77 1 7
32 78 6 10
32 79 2 10
32 80 6 7
32 81 3 2
32 82 7 3
32 83 9 2
32 84 7 5
32 85 1 6
32 87 5 3
32 88 2 6
32 89 5 7
32 90 4 8
32 91 9 7
32 92 3 8
32 93 7 2
32 94 10 1
32 95 10 2
32 98 3 2
32 100 2 6
33 34 1 6
33 37 2 7
33 38 9 10
33 39 5 1
33 40 1 8
33 42 4 3
33 43 9 6
33 44 8 4
33 45 5 6
33 46 6 10
33 47 9 7
33 48 2 1
33 49 5 2
33 50 10 8
33 52 10 7
33 54 7 9
33 55 6 3
33 56 10 3
33 58 5 4
33 59 10 7
33 61 4 6
33 62 8 3
33 63 8 9
33 64 5 4
33 65 2 7
33 66 9 10
33 69 7 10
33 71 7 4
33 72 8 7
33 73 1 6
33 75 2 9
33 76 3 2
33 77 7 1
33 79 6 1
33 80 9 9
33 81 4 9
33 82 6 1
33 83 5 6
33 84 6 9
33 85 2 7
33 86 5 1
33 87 2 5
33 88 5 9
33 89 1 5
33 90 1 4
33 92 10 7
33 94 4 1
33 95 2 4
33 96 6 1
33 97 9 6
33 98 6 10
33 99 7 1
33 100 9 10
34 35 4 3
34 36 9 4
34 37 7 6
34 38 5 5
34 39 6 5
34 40 8 1
34 41 3 4
34 42 3 8
34 43 9 7
34 44 3 4
34 45 5 4
34 46 1 7
34 49 3 10
34 50 5 9
34 52 4 9
34 54 9 6
34 56 7 10
34 57 1 3
34 58 9 3
34 59 3 9
34 60 6 7
34 61 5 1
34 62 6 7
34 63 2 5
34 64 9 9
34 65 8 3
34 66 5 8
34 67 1 10
34 68 7 6
34 69 6 2
34 70 8 1
34 71 3 3
34 72 8 3
34 73 5 2
34 74 4 2
34 75 1 1
34 76 5 3
34 79 6 2
34 80 7 2
34 81 1 4
34 82 9 9
34 83 8 4
34 84 4 7
34 85 4 8
34 86 9 9
34 88 4 9
34 89 6 3
34 90 4 9
34 91 2 1
34 92 4 3
34 93 1 3
34 94 10 4
34 95 5 9
34 96 1 2
34 97 3 10
34 100 10 2
35 36 9 7
35 37 10 9
35 38 9 2
35 39 1 6
35 40 5 9
35 41 8 5
35 45 6 8
35 46 4 2
35 47 9 9
35 48 5 9
35 49 2 9
35 50 5 5
35 52 3 6
35 54 4 1
35 55 5 4
35 56 5 1
35 57 7 7
35 59 3 8
35 60 9 3
35 61 3 2
35 62 5 7
35 63 9 9
35 64 10 6
35 65 9 6
35 66 3 6
35 67 7 5
35 68 3 3
35 69 4 10
35 70 8 7
35 71 5 7
35 72 2 5
35 73 6 3
35 74 9 7
35 75 4 4
35 76 9 9
35 77 5 10
35 78 4 8
35 79 3 9
35 80 4 10
35 81 5 6
35 82 5 10
35 83 1 8
35 85 9 6
35 86 1 4
35 87 1 5
35 88 4 3
35 89 1 10
35 90 1 3
35 91 2 6
35 93 3 10
35 94 4 8
35 95 10 7
35 96 5 10
35 97 5 1
35 99 5 10
35 100 10 1
36 37 4 2
36 38 2 8
36 39 4 10
36 41 5 3
36 42 7 3
36 44 8 1
36 45 5 10
36 46 4 3
36 47 6 7
36 48 9 4
36 49 3 8
36 50 1 9
36 51 6 8
36 52 5 6
36 53 10 9
36 54 1 7
36 55 10 6
36 56 9 9
36 57 7 4
36 59 10 6
36 60 1 2
36 61 8 7
36 62 3 3
36 63 6 10
36 64 2 8
36 65 1 1
36 67 7 1
36 68 6 1
36 70 9 5
36 71 8 5
36 72 1 8
36 73 3 6
36 74 1 1
36 75 6 8
36 77 7 9
36 78 5 3
36 79 8 9
36 81 8 6
36 82 5 2
36 83 8 7
36 84 9 10
36 85 7 4
36 86 8 5
36 87 4 9
36 88 3 9
36 89 2 5
36 90 7 2
36 91 4 1
36 92 7 7
36 93 8 7
36 94 7 7
36 95 4 6
36 96 1 4
36 97 4 6
36 98 9 7
36 100 5 2
37 38 5 2
37 39 3 5
37 40 10 7
37 41 7 9
37 43 5 7
37 44 4 4
37 45 7 7
37 46 3 10
37 47 4 10
37 48 1 6
37 49 5 8
37 51 5 1
37 52 3 2
37 53 10 10
37 54 7 7
37 56 1 1
37 57 8 8
37 58 5 9
37 60 8 7
37 61 5 8
37 62 9 7
37 63 8 9
37 65 4 8
37 66 10 1
37 67 6 6
37 69 2 7
37 71 10 7
37 73 9 5
37 74 3 10
37 75 6 4
37 78 4 10
37 79 2 2
37 81 5 6
37 82 3 6
37 83 2 5
37 84 2 3
37 85 8 2
37 86 8 10
37 87 3 9
37 88 5 10
37 90 4 5
37 91 2 4
37 92 3 7
37 93 2 6
37 94 9 9
37 95 2 7
37 96 5 6
37 97 1 5
37 98 4 7
37 99 1 5
37 100 4 8
38 39 6 8
38 40 6 1
38 41 5 3
38 43 5 3
38 45 5 3
38 46 3 4
38 49 3 10
38 50 6 10
38 51 8 2
38 52 2 10
38 53 7 7
38 55 4 1
38 56 4 5
38 57 1 7
38 58 5 7
38 59 6 5
38 60 8 3
38 61 8 2
38 62 5 6
38 63 10 9
38 65 9 7
38 66 4 3
38 67 9 6
38 68 4 9
38 69 4 3
38 71 5 9
38 74 4 2
38 75 8 3
38 76 4 1
38 78 4 4
38 79 2 4
38 80 7 7
38 81 9 2
38 82 6 8
38 83 8 5
38 84 7 3
38 85 7 3
38 86 9 7
38 87 3 10
38 88 6 3
38 89 3 5
38 90 6 5
38 91 4 4
38 92 7 6
38 94 1 1
38 96 5 5
38 97 2 10
38 98 1 7
38 99 3 2
39 40 4 1
39 41 10 7
39 42 5 4
39 43 8 6
39 44 1 6
39 45 6 3
39 46 4 5
39 47 9 2
39 48 2 8
39 49 6 1
39 50 9 5
39 51 3 8
39 53 7 6
39 54 1 6
39 55 8 4
39 56 9 4
39 58 3 5
39 59 9 8
39 60 8 8
39 61 9 5
39 62 2 5
39 63 7 9
39 64 10 7
39 66 10 4
39 67 5 9
39 68 1 1
39 69 6 5
39 70 7 10
39 71 8 2
39 72 5 7
39 73 8 10
39 74 3 2
39 76 4 4
39 79 7 4
39 80 10 1
39 81 8 7
39 82 10 4
39 83 3 2
39 84 6 1
39 85 4 4
39 86 9 1
39 87 5 1
39 88 7 10
39 89 7 3
39 90 2 4
39 91 10 4
39 92 9 9
39 93 7 8
39 94 6 2
39 95 3 4
39 96 7 10
39 97 3 6
39 98 9 3
39 99 2 10
39 100 2 1
40 41 10 8
40 42 10 6
40 43 6 2
40 44 5 7
40 45 4 4
40 46 10 8
40 47 5 8
40 48 2 3
40 50 9 1
40 51 7 4
40 53 8 8
40 54 6 4
40 56 8 3
40 57 6 1
40 59 3 10
40 61 4 3
40 62 6 9
40 63 4 4
40 66 1 6
40 69 9 7
40 70 10 10
40 71 10 7
40 72 4 1
40 73 4 2
40 74 1 5
40 75 8 6
40 76 8 10
40 78 3 5
40 79 1 5
40 81 4 2
40 82 9 5
40 83 10 8
40 85 2 7
40 86 1 1
40 87 9 1
40 90 8 8
40 91 10 2
40 92 3 8
40 93 9 2
40 94 7 9
40 95 4 4
40 96 2 6
40 97 4 7
40 98 4 6
40 99 6 10
41 42 10 4
41 43 10 4
41 44 4 10
41 47 10 2
41 48 8 8
41 49 8 6
41 51 10 6
41 52 4 9
41 53 8 7
41 54 6 2
41 55 10 10
41 56 2 9
41 57 1 2
41 58 4 8
41 59 4 3
41 60 7 4
41 61 1 5
41 62 3 3
41 66 2 7
41 68 3 7
41 70 2 3
41 71 10 4
41 72 7 2
41 73 7 1
41 74 10 3
41 75 3 4
41 76 2 8
41 77 3 1
41 78 2 6
41 79 10 1
41 80 4 10
41 82 7 8
41 83 6 3
41 85 3 7
41 86 10 6
41 87 4 4
41 88 10 6
41 89 9 5
41 90 2 9
41 91 2 9
41 92 7 10
41 93 3 5
41 94 10 5
41 95 1 1
41 96 7 1
41 97 6 10
41 98 5 4
41 99 5 2
41 100 10 9
42 43 5 6
42 44 10 9
42 47 9 2
42 48 1 7
42 49 1 2
42 50 5 7
42 51 1 4
42 52 7 10
42 53 8 3
42 54 2 10
42 55 9 7
42 56 1 6
42 57 5 4
42 58 9 5
42 59 10 9
42 60 5 1
42 61 3 8
42 62 4 4
42 63 7 9
42 64 4 1
42 65 8 10
42 66 6 10
42 67 2 3
42 70 8 8
42 71 7 2
42 73 9 9
42 74 6 10
42 75 3 10
42 76 1 2
42 77 2 8
42 78 3 5
42 79 10 1
42 82 7 3
42 84 4 6
42 85 2 9
42 88 10 7
42 89 7 8
42 90 9 4
42 91 7 7
42 94 5 2
42 95 6 6
42 96 7 10
42 97 3 5
42 98 9 2
42 99 1 7
43 45 2 4
43 46 3 8
43 47 2 1
43 48 8 9
43 49 3 4
43 50 1 5
43 51 10 9
43 52 6 5
43 53 7 5
43 54 8 7
43 55 8 5
43 56 8 7
43 57 3 8
43 59 9 9
43 60 6 7
43 61 8 7
43 62 10 6
43 63 8 1
43 65 2 2
43 66 5 6
43 67 8 1
43 68 5 8
43 69 9 6
43 70 10 10
43 71 6 10
43 75 8 1
43 76 2 9
43 77 5 9
43 78 7 5
43 79 10 10
43 80 3 8
43 81 9 10
43 82 3 7
43 83 9 4
43 84 7 7
43 86 10 4
43 87 4 10
43 88 9 6
43 91 7 5
43 92 2 6
43 93 9 1
43 94 5 5
43 95 1 10
43 96 7 2
43 97 5 2
43 98 5 9
43 99 2 6
43 100 1 4
44 45 5 8
44 46 2 6
44 47 3 4
44 48 7 6
44 49 1 5
44 50 5 8
44 51 3 3
44 52 6 6
44 55 10 2
44 56 4 8
44 57 8 5
44 61 10 9
44 62 3 10
44 67 8 3
44 68 10 2
44 69 2 6
44 70 10 7
44 71 3 8
44 72 6 1
44 73 8 8
44 76 2 4
44 77 5 2
44 78 2 8
44 79 6 7
44 80 8 2
44 81 9 7
44 82 5 8
44 83 3 8
44 85 6 4
44 86 4 5
44 88 6 3
44 90 8 9
44 91 8 10
44 92 3 9
44 93 10 9
44 94 2 4
44 97 8 2
44 98 4 3
44 99 3 7
45 47 1 5
45 48 7 9
45 49 5 3
45 51 1 8
45 52 2 8
45 53 8 1
45 54 8 5
45 56 9 8
45 57 3 5
45 58 7 3
45 59 10 10
45 60 10 10
45 61 4 1
45 63 1 2
45 65 5 4
45 66 4 9
45 68 6 5
45 69 1 10
45 70 4 6
45 71 9 3
45 72 6 8
45 73 3 2
45 74 7 6
45 76 10 5
45 77 8 6
45 79 9 8
45 80 2 8
45 81 6 6
45 82 5 8
45 83 5 5
45 84 9 5
45 88 6 6
45 90 9 6
45 93 9 1
45 95 9 2
45 96 1 9
45 97 9 10
45 98 3 2
45 99 9 3
45 100 5 4
46 47 10 5
46 48 4 3
46 49 5 10
46 50 8 8
46 53 1 1
46 56 7 1
46 57 3 1
46 59 3 1
46 60 1 3
46 61 7 8
46 63 8 1
46 64 7 8
46 65 2 10
46 68 2 3
46 69 2 4
46 70 4 5
46 71 7 9
46 73 3 1
46 74 4 8
46 75 1 10
46 76 8 5
46 78 8 5
46 79 8 6
46 80 1 10
46 81 9 2
46 82 8 7
46 83 6 10
46 84 8 7
46 85 5 7
46 86 10 8
46 88 1 7
46 89 8 4
46 90 8 3
46 91 7 4
46 92 6 3
46 93 7 1
46 95 8 10
46 96 4 9
46 98 5 7
46 100 1 9
47 48 4 3
47 49 3 1
47 50 4 10
47 51 5 9
47 52 3 1
47 53 2 4
47 54 6 6
47 55 1 5
47 56 8 9
47 57 10 4
47 59 2 5
47 60 8 9
47 62 4 9
47 63 9 3
47 64 7 8
47 65 8 10
47 66 7 7
47 68 6 4
47 69 6 7
47 71 5 7
47 72 7 10
47 73 9 1
47 75 4 3
47 77 4 1
47 80 5 2
47 81 6 2
47 82 5 9
47 84 1 10
47 85 4 7
47 86 8 1
47 87 2 1
47 88 7 1
47 89 2 4
47 90 9 9
47 91 8 2
47 92 5 3
47 93 10 8
47 95 8 10
47 96 6 4
47 97 4 7
47 98 5 1
47 99 9 6
47 100 9 6
48 49 2 5
48 50 9 9
48 54 1 2
48 55 10 5
48 57 6 7
48 59 2 3
48 60 10 8
48 61 8 10
48 62 10 9
48 64 8 5
48 65 8 7
48 69 4 6
48 70 2 5
48 71 9 8
48 72 1 10
48 73 6 10
48 75 4 4
48 76 8 8
48 77 8 4
48 78 6 9
48 79 8 9
48 80 9 2
48 81 5 6
48 82 6 5
48 83 7 4
48 84 5 3
48 85 5 4
48 86 1 9
48 87 1 1
48 88 3 5
48 89 6 3
48 90 5 1
48 92 5 10
48 93 9 1
48 94 5 9
48 95 7 10
48 96 2 1
48 97 5 8
48 99 5 10
48 100 6 10
49 50 3 10
49 51 8 7
49 52 5 9
49 53 10 9
49 54 1 9
49 55 4 3
49 56 5 3
49 57 7 5
49 60 8 4
49 61 9 6
49 62 7 10
49 64 8 8
49 65 10 3
49 68 5 2
49 69 6 7
49 71 9 3
49 72 6 5
49 73 4 2
49 74 5 5
49 75 10 10
49 76 9 3
49 77 1 3
49 78 4 10
49 79 5 2
49 81 7 3
49 82 6 6
49 83 6 1
49 84 6 8
49 85 5 6
49 86 4 7
49 88 4 2
49 89 2 4
49 90 3 6
49 92 3 9
49 93 9 10
49 94 9 3
49 96 9 9
49 97 8 1
49 98 4 7
49 99 9 2
50 51 5 6
50 52 6 8
50 53 8 9
50 54 1 4
50 56 10 8
50 57 4 10
50 58 5 1
50 59 5 7
50 60 9 10
50 61 3 9
50 62 8 8
50 63 5 1
50 64 1 5
50 65 4 10
50 66 4 5
50 67 8 4
50 68 6 5
50 69 8 6
50 70 7 6
50 71 6 4
50 72 4 4
50 73 2 9
50 74 9 4
50 75 7 8
50 76 3 2
50 77 7 8
50 78 5 2
50 79 5 10
50 80 1 2
50 81 3 8
50 82 10 4
50 83 9 2
50 84 3 10
50 85 6 10
50 86 8 1
50 87 3 8
50 88 10 8
50 89 4 4
50 90 6 3
50 91 10 3
50 92 10 2
50 93 9 8
50 94 6 6
50 95 8 4
50 96 3 3
50 97 3 6
50 98 5 1
50 99 2 7
50 100 1 10
51 55 2 5
51 56 7 3
51 57 2 1
51 58 9 10
51 59 2 3
51 60 9 2
51 61 4 7
51 62 10 5
51 63 6 9
51 65 2 4
51 66 10 1
51 68 2 7
51 69 6 4
51 72 2 7
51 73 9 9
51 74 4 10
51 75 3 3
51 76 7 7
51 77 1 7
51 78 6 1
51 80 5 1
51 81 3 2
51 84 2 1
51 85 3 2
51 86 6 10
51 87 3 6
51 90 3 6
51 91 10 8
51 92 2 9
51 93 3 1
51 94 7 4
51 95 3 3
51 96 1 4
51 97 9 8
51 98 4 10
51 100 10 10
52 53 1 2
52 54 2 3
52 56 3 4
52 57 9 2
52 58 2 5
52 59 8 2
52 60 9 7
52 61 5 4
52 62 3 9
52 64 9 3
52 65 5 7
52 66 9 6
52 68 6 1
52 69 9 4
52 70 2 6
52 71 7 7
52 72 6 2
52 73 10 1
52 74 3 8
52 75 8 5
52 76 7 4
52 77 9 10
52 78 9 7
52 79 1 1
52 81 1 1
52 82 8 2
52 83 9 9
52 84 4 8
52 85 9 5
52 86 8 2
52 87 7 3
52 88 4 9
52 89 9 10
52 90 5 9
52 91 2 7
52 92 4 9
52 93 1 5
52 95 1 9
52 96 1 2
52 97 4 7
52 99 2 2
52 100 8 6
53 54 2 4
53 55 2 10
53 56 6 6
53 58 6 8
53 59 3 8
53 60 5 10
53 61 6 9
53 62 6 6
53 64 1 7
53 65 4 1
53 66 10 9
53 68 8 5
53 69 8 9
53 70 8 7
53 71 6 9
53 72 5 8
53 73 8 9
53 74 10 10
53 75 4 7
53 76 1 8
53 77 9 9
53 78 2 2
53 79 9 7
53 80 5 1
53 81 6 8
53 83 3 2
53 85 4 6
53 86 9 2
53 87 8 10
53 88 3 6
53 90 8 6
53 91 4 9
53 93 7 8
53 95 5 9
53 96 10 9
53 97 1 8
53 98 4 2
53 99 3 4
53 100 3 5
54 55 4 7
54 56 4 2
54 57 5 10
54 58 6 7
54 59 6 6
54 60 2 7
54 62 5 3
54 64 7 3
54 65 8 2
54 66 2 6
54 67 5 10
54 69 8 5
54 70 1 2
54 71 7 4
54 72 6 7
54 73 5 8
54 74 2 3
54 75 8 10
54 76 6 1
54 77 3 1
54 78 2 8
54 79 9 4
54 80 7 10
54 81 9 7
54 83 2 1
54 84 6 6
54 85 3 8
54 86 7 7
54 87 1 1
54 88 7 8
54 93 7 1
54 94 8 8
54 96 4 6
54 98 8 8
54 99 3 6
54 100 8 10
55 57 7 6
55 59 1 9
55 60 1 10
55 61 7 8
55 62 4 5
55 63 10 8
55 64 7 1
55 66 2 2
55 67 6 3
55 68 3 2
55 70 7 7
55 73 4 2
55 75 7 9
55 76 8 4
55 77 7 1
55 78 4 8
55 80 4 7
55 81 2 2
55 82 8 10
55 83 9 3
55 84 4 3
55 86 8 2
55 87 1 1
55 90 5 9
55 91 9 2
55 92 4 8
55 93 3 2
55 94 6 9
55 95 9 8
55 96 2 6
55 97 10 6
55 99 7 9
55 100 6 2
56 57 2 5
56 58 3 3
56 60 5 6
56 62 8 3
56 64 1 6
56 65 3 7
56 66 5 4
56 67 2 9
56 68 4 8
56 71 3 10
56 72 6 8
56 73 10 5
56 75 2 4
56 76 2 2
56 77 10 5
56 78 3 10
56 79 2 2
56 80 4 7
56 81 2 10
56 83 10 1
56 86 3 6
56 87 7 10
56 88 4 7
56 89 9 6
56 90 1 1
56 91 7 7
56 92 3 2
56 94 1 5
56 95 8 4
56 96 6 5
56 97 9 8
56 98 6 7
56 99 8 10
56 100 3 6
57 58 10 7
57 59 7 1
57 60 3 10
57 61 4 3
57 62 5 9
57 63 3 1
57 64 3 3
57 67 10 4
57 68 1 10
57 69 6 9
57 71 2 5
57 72 5 5
57 75 10 2
57 76 1 8
57 77 6 3
57 78 6 3
57 79 7 9
57 81 6 3
57 82 2 7
57 85 6 8
57 86 8 8
57 87 3 4
57 88 4 1
57 89 3 3
57 90 4 6
57 91 6 5
57 93 2 6
57 94 2 9
57 95 5 5
57 96 7 9
57 98 7 10
57 99 10 1
57 100 4 1
58 59 4 8
58 62 2 5
58 63 4 8
58 64 7 4
58 67 4 9
58 68 8 2
58 69 7 6
58 73 10 4
58 76 10 1
58 77 3 10
58 78 7 7
58 79 2 1
58 80 5 7
58 83 3 9
58 84 4 8
58 85 1 1
58 86 10 7
58 87 6 10
58 88 7 4
58 89 3 1
58 90 6 8
58 92 4 4
58 93 9 1
58 94 10 6
58 95 1 2
58 96 8 10
58 97 8 7
58 98 2 4
58 99 3 3
59 60 9 2
59 61 4 10
59 63 9 1
59 64 6 5
59 65 5 10
59 67 7 3
59 68 1 5
59 69 5 5
59 70 2 8
59 71 5 5
59 72 6 9
59 73 3 7
59 74 3 1
59 75 10 1
59 76 8 1
59 77 4 10
59 78 1 3
59 79 4 1
59 80 4 4
59 81 6 10
59 82 9 1
59 83 10 3
59 84 9 10
59 85 7 8
59 86 4 8
59 87 10 4
59 89 6 5
59 90 5 6
59 91 5 10
59 92 6 8
59 94 7 1
59 95 9 10
59 96 7 7
59 97 1 6
59 98 8 1
59 99 3 6
60 61 6 5
60 62 1 4
60 63 6 1
60 64 1 3
60 65 6 9
60 67 9 5
60 68 7 6
60 69 3 6
60 70 3 7
60 71 10 3
60 73 3 2
60 75 7 7
60 76 4 4
60 77 3 6
60 78 4 6
60 79 6 6
60 80 4 4
60 81 6 3
60 82 6 4
60 84 3 1
60 85 9 8
60 86 7 3
60 87 10 8
60 88 8 10
60 90 5 3
60 91 5 6
60 93 3 5
60 95 2 6
60 96 10 3
60 97 9 2
60 98 10 4
60 99 2 6
60 100 5 2
61 62 2 1
61 63 2 6
61 64 1 7
61 65 4 5
61 66 3 9
61 67 1 7
61 68 4 8
61 69 2 10
61 71 6 5
61 72 9 1
61 73 6 4
61 74 8 6
61 75 3 7
61 78 3 5
61 80 6 6
61 81 7 5
61 83 6 1
61 84 7 1
61 85 8 3
61 86 3 10
61 87 2 4
61 88 2 7
61 90 1 1
61 91 2 4
61 92 3 9
61 93 9 2
61 94 5 3
61 95 10 8
61 96 9 3
61 97 4 1
61 98 9 4
62 63 5 6
62 64 9 6
62 67 7 9
62 68 7 4
62 69 1 4
62 70 10 9
62 71 4 3
62 73 2 8
62 74 9 2
62 75 10 7
62 80 10 8
62 81 3 8
62 82 7 9
62 83 10 7
62 84 9 6
62 85 7 5
62 86 6 8
62 87 8 1
62 88 3 4
62 89 1 2
62 90 2 4
62 91 9 3
62 93 4 1
62 94 2 2
62 95 4 1
62 96 1 7
62 97 3 1
62 99 2 6
62 100 2 1
63 64 7 5
63 65 4 8
63 66 2 2
63 67 2 9
63 69 5 6
63 70 6 3
63 71 5 1
63 72 4 4
63 73 7 1
63 74 8 7
63 75 3 7
63 76 6 6
63 77 7 3
63 78 9 9
63 79 5 1
63 80 7 5
63 81 4 10
63 83 2 6
63 84 9 3
63 85 7 6
63 86 8 8
63 88 6 1
63 89 8 8
63 90 7 7
63 91 5 9
63 92 4 5
63 94 5 6
63 95 10 1
63 96 6 8
63 98 7 2
63 100 9 9
64 65 3 4
64 66 4 2
64 67 1 8
64 69 10 2
64 70 3 10
64 71 8 2
64 74 7 7
64 75 10 7
64 76 6 5
64 77 3 5
64 78 4 5
64 80 1 5
64 81 8 3
64 82 2 8
64 83 7 2
64 84 10 6
64 85 4 2
64 86 1 4
64 87 3 10
64 89 10 4
64 90 8 2
64 91 2 1
64 92 5 3
64 93 9 1
64 94 9 5
64 95 7 3
64 96 8 4
64 97 10 3
64 98 7 10
65 66 10 8
65 68 2 8
65 70 1 4
65 71 10 9
65 72 7 10
65 73 3 4
65 74 9 9
65 75 6 6
65 76 9 7
65 77 4 5
65 78 5 3
65 79 4 8
65 80 6 10
65 81 5 7
65 82 4 10
65 84 10 10
65 85 1 8
65 86 2 4
65 87 6 8
65 88 2 10
65 90 9 9
65 91 7 6
65 92 4 6
65 93 10 6
65 94 3 2
65 95 10 3
65 96 3 8
65 97 3 5
65 99 3 2
65 100 2 6
66 67 3 8
66 68 1 3
66 69 10 4
66 70 1 9
66 71 8 3
66 72 7 7
66 73 10 10
66 75 5 5
66 76 6 9
66 78 8 10
66 79 3 7
66 80 5 10
66 81 3 9
66 82 6 9
66 83 10 2
66 86 6 3
66 87 9 6
66 88 2 1
66 89 9 8
66 90 10 4
66 92 3 3
66 93 10 10
66 94 1 9
66 95 4 3
66 96 8 2
66 97 8 2
66 98 9 6
67 68 1 4
67 70 9 6
67 71 7 10
67 72 7 6
67 73 1 9
67 74 9 5
67 75 9 8
67 76 9 3
67 77 8 3
67 78 10 10
67 79 9 4
67 80 1 5
67 81 6 9
67 82 7 9
67 83 5 5
67 84 4 2
67 85 9 6
67 86 3 4
67 87 9 5
67 88 4 8
67 89 2 6
67 90 9 2
67 91 3 6
67 92 2 7
67 93 6 8
67 94 6 2
67 95 9 2
67 96 6 4
67 99 8 2
67 100 5 9
68 70 8 10
68 71 2 9
68 72 2 10
68 73 5 6
68 74 8 5
68 76 5 6
68 78 4 2
68 79 2 8
68 80 7 10
68 81 5 1
68 82 8 9
68 86 2 8
68 88 10 10
68 89 6 2
68 90 7 4
68 92 8 8
68 93 9 6
68 94 7 2
68 95 9 4
68 96 1 10
68 97 8 5
68 98 9 3
68 100 4 2
69 70 1 1
69 71 5 6
69 72 5 6
69 73 9 10
69 74 8 7
69 75 9 2
69 76 9 9
69 78 4 5
69 79 3 8
69 81 4 3
69 82 5 4
69 83 10 1
69 84 9 10
69 85 5 4
69 86 10 4
69 88 7 5
69 89 9 8
69 90 4 7
69 91 3 3
69 92 5 2
69 93 9 7
69 94 8 1
69 95 2 5
69 97 5 7
69 99 9 7
70 71 8 4
70 72 10 9
70 73 1 2
70 74 10 1
70 75 9 1
70 77 10 5
70 79 5 4
70 80 5 10
70 81 6 7
70 83 7 10
70 84 1 8
70 87 4 10
70 89 9 3
70 90 7 1
70 93 2 7
70 94 2 10
70 95 1 7
70 96 4 1
70 97 2 9
70 98 8 5
70 99 8 1
70 100 1 3
71 72 1 4
71 73 2 8
71 75 2 3
71 77 9 9
71 78 5 3
71 79 3 1
71 80 7 3
71 81 7 4
71 82 9 5
71 83 10 3
71 84 10 2
71 87 9 4
71 89 9 7
71 91 8 1
71 92 5 2
71 94 2 2
71 95 9 9
71 97 10 3
71 99 1 9
71 100 5 6
72 73 6 9
72 75 9 9
72 77 9 6
72 78 9 5
72 79 3 6
72 80 4 6
72 81 5 3
72 82 1 8
72 85 8 3
72 86 10 10
72 88 1 10
72 89 5 2
72 90 5 9
72 91 10 6
72 92 3 5
72 93 3 2
72 94 6 7
72 95 1 10
72 96 3 10
72 98 2 2
72 99 2 6
72 100 6 10
73 74 8 5
73 75 4 8
73 76 1 7
73 78 1 9
73 79 5 7
73 80 7 1
73 81 3 6
73 82 7 4
73 85 9 9
73 86 1 9
73 87 2 9
73 88 9 7
73 90 2 6
73 91 5 8
73 92 1 5
73 93 5 4
73 94 8 9
73 96 2 4
73 97 7 9
73 98 8 8
73 99 8 9
73 100 4 2
74 76 2 3
74 77 1 1
74 78 9 9
74 79 7 9
74 80 8 2
74 81 2 4
74 82 3 8
74 84 6 8
74 85 10 1
74 86 10 3
74 87 8 5
74 88 8 4
74 89 10 4
74 90 10 1
74 91 1 5
74 92 8 8
74 93 3 2
74 94 9 5
74 96 1 8
74 99 3 1
74 100 8 6
75 77 8 3
75 78 4 9
75 81 5 5
75 82 8 5
75 83 6 6
75 84 4 8
75 85 7 4
75 89 8 8
75 90 1 7
75 91 3 5
75 92 5 5
75 94 5 7
75 95 10 1
75 96 3 5
75 99 1 8
75 100 5 2
76 77 9 2
76 78 4 1
76 79 8 9
76 80 3 7
76 81 2 8
76 82 4 3
76 83 10 4
76 86 1 5
76 87 6 3
76 88 2 8
76 89 10 1
76 90 4 8
76 91 4 5
76 92 4 9
76 94 10 5
76 95 6 4
76 96 2 4
76 97 9 10
76 98 10 3
76 99 5 1
76 100 8 9
77 78 4 9
77 79 2 10
77 80 8 9
77 82 10 7
77 83 7 2
77 84 5 6
77 86 1 8
77 87 5 7
77 88 6 3
77 89 4 9
77 90 5 10
77 91 4 2
77 92 1 9
77 95 9 5
77 96 1 4
77 97 6 9
77 98 5 1
77 100 4 10
78 79 3 6
78 80 1 2
78 82 8 10
78 83 6 8
78 84 4 1
78 87 2 6
78 88 7 9
78 89 2 3
78 90 8 7
78 91 10 2
78 92 8 10
78 94 5 2
78 95 3 10
78 96 5 5
78 97 10 1
78 98 6 9
78 99 2 1
78 100 6 6
79 81 5 7
79 82 9 3
79 83 8 2
79 84 3 6
79 85 6 3
79 86 10 5
79 88 9 8
79 89 3 10
79 92 7 3
79 93 5 1
79 94 1 3
79 95 3 6
79 96 1 7
79 97 5 3
79 98 7 5
79 99 8 8
79 100 8 5
80 81 8 10
80 82 7 9
80 83 6 5
80 84 3 6
80 85 5 7
80 86 7 3
80 87 6 3
80 88 5 6
80 89 10 2
80 91 4 9
80 93 7 7
80 94 2 3
80 95 9 1
80 96 5 2
80 97 4 3
80 98 1 9
80 99 10 4
80 100 7 2
81 82 9 6
81 83 1 5
81 84 3 8
81 85 6 7
81 86 4 7
81 87 2 8
81 88 9 3
81 89 6 1
81 92 7 10
81 95 6 7
81 96 3 6
81 97 5 8
81 98 7 4
81 100 5 3
82 84 3 8
82 85 8 2
82 86 10 4
82 91 3 4
82 92 4 10
82 93 2 5
82 94 10 7
82 95 2 1
82 98 3 5
82 99 6 5
82 100 3 5
83 84 10 10
83 85 8 1
83 86 3 3
83 87 5 10
83 88 3 9
83 89 1 3
83 92 2 9
83 93 8 3
83 94 2 2
83 96 2 6
83 99 2 2
83 100 7 7
84 85 5 3
84 86 9 6
84 88 6 3
84 90 5 5
84 91 1 4
84 92 1 6
84 93 10 6
84 94 6 7
84 95 3 2
84 96 7 10
84 97 4 7
84 99 2 2
84 100 10 1
85 86 9 5
85 87 6 9
85 88 4 10
85 89 1 8
85 90 9 2
85 91 9 5
85 92 8 2
85 93 3 1
85 94 8 10
85 95 9 8
85 96 9 8
85 97 9 3
85 98 4 1
85 99 6 6
85 100 4 10
86 87 7 6
86 88 3 2
86 90 2 4
86 91 10 10
86 92 5 4
86 93 10 6
86 94 7 6
86 96 6 9
86 97 6 5
86 100 5 10
87 88 9 8
87 89 6 8
87 90 5 3
87 91 1 4
87 92 7 9
87 93 2 5
87 94 7 9
87 95 5 2
87 96 8 6
87 99 3 7
88 91 7 7
88 93 9 3
88 94 10 9
88 95 4 1
88 96 8 7
88 97 1 7
88 98 4 6
88 99 3 7
88 100 1 5
89 90 10 9
89 91 2 6
89 93 10 9
89 94 5 6
89 95 9 2
89 96 6 2
89 97 3 7
89 98 4 4
89 100 5 8
90 91 1 3
90 92 8 10
90 93 1 8
90 94 3 1
90 95 8 3
90 96 2 3
90 98 4 1
90 99 8 6
90 100 3 8
91 92 4 2
91 93 7 10
91 95 3 8
91 96 6 8
91 97 9 10
91 98 3 2
91 99 7 2
91 100 7 4
92 93 10 9
92 94 7 5
92 97 5 9
92 98 7 8
92 99 6 5
92 100 8 2
93 94 9 2
93 95 10 7
93 97 4 7
93 98 6 10
94 95 1 10
94 96 6 8
94 97 3 5
94 98 3 3
94 99 7 2
95 96 8 4
95 97 2 4
95 98 6 2
95 99 10 3
95 100 10 10
96 97 9 10
96 98 9 5
96 99 8 6
96 100 5 8
97 98 7 10
97 99 3 3
97 100 2 10
98 99 5 2
99 100 6 5
1
1 2 3 4 5 6 7 8 9 10 11 12 13 14 15 16 17 18 19 20 21 22 23 24 25 26 27 28 29 30 31 32 33 34 35 36 37 38 39 40 41 42 43 44 45 46 47 48 49 50
