3971
1 2 1 9
1 3 4 5
1 4 8 9
1 5 3 7
1 7 3 8
1 8 8 8
1 11 1 3
1 12 7 1
1 14 8 1
1 15 10 3
1 16 6 6
1 17 9 3
1 18 10 10
1 19 1 6
1 20 4 5
1 21 6 10
1 22 2 4
1 24 2 4
1 26 3 8
1 27 4 4
1 28 5 3
1 29 4 6
1 30 6 7
1 31 1 10
1 32 4 7
1 33 4 3
1 35 9 2
1 36 8 7
1 37 1 4
1 40 2 5
1 41 3 4
1 42 4 9
1 43 5 2
1 44 9 7
1 45 5 2
1 46 2 7
1 47 4 5
1 48 9 5
1 49 3 6
1 52 2 2
1 53 6 8
1 55 10 2
1 56 2 4
1 58 3 5
1 60 10 8
1 61 9 9
1 62 9 7
1 63 8 10
1 65 9 9
1 66 8 4
1 67 2 9
1 69 9 2
1 71 8 3
1 72 9 4
1 74 4 8
1 75 5 3
1 76 2 8
1 77 7 5
1 78 1 8
1 79 4 3
1 80 9 5
1 82 9 10
1 83 4 5
1 85 5 2
1 86 8 4
1 87 5 8
1 88 2 10
1 89 6 3
1 90 1 9
1 91 2 3
1 92 3 10
1 93 9 7
1 96 6 4
1 97 9 8
1 98 1 9
1 99 5 10
2 3 5 7
2 4 7 1
2 5 4 5
2 6 4 5
2 7 7 1
2 8 4 8
2 9 10 9
2 10 10 1
2 11 9 6
2 12 5 1
2 13 10 6
2 16 7 10
2 17 2 4
2 18 10 4
2 19 1 6
2 20 3 7
2 21 8 7
2 22 9 8
2 23 9 4
2 24 1 3
2 25 1 5
2 26 6 8
2 27 10 2
2 29 4 6
2 31 4 1
2 33 4 6
2 34 10 8
2 35 10 7
2 36 10 5
2 38 1 8
2 39 8 10
2 40 1 3
2 42 6 10
2 43 2 5
2 45 7 6
2 47 1 2
2 48 4 3
2 49 4 7
2 52 4 9
2 54 6 8
2 55 1 3
2 56 3 5
2 57 4 3
2 58 1 2
2 59 8 6
2 60 4 3
2 62 8 4
2 63 8 3
2 64 7 5
2 65 9 1
2 66 1 6
2 67 7 7
2 68 2 9
2 69 4 6
2 70 1 9
2 71 9 9
2 72 5 7
2 74 9 4
2 78 1 10
2 80 6 4
2 82 7 2
2 83 6 2
2 84 8 10
2 85 7 3
2 86 10 1
2 89 5 10
2 90 8 9
2 91 2 7
2 92 10 4
2 93 1 9
2 95 8 8
2 96 7 1
2 97 2 10
2 98 6 4
2 99 7 7
2 100 3 9
3 4 1 8
3 5 8 4
3 6 9 2
3 7 8 8
3 8 4 10
3 9 8 5
3 10 7 9
3 11 9 3
3 12 5 5
3 14 8 1
3 15 10 5
3 16 9 5
3 17 7 1
3 18 3 1
3 20 10 7
3 22 1 2
3 23 1 8
3 26 7 8
3 27 4 4
3 28 9 10
3 29 6 7
3 31 3 3
3 32 4 1
3 33 10 1
3 35 4 4
3 36 5 2
3 38 7 4
3 39 8 5
3 40 8 3
3 41 5 7
3 43 7 9
3 45 6 6
3 46 10 1
3 47 5 4
3 48 10 4
3 49 8 1
3 50 7 8
3 51 7 8
3 52 6 8
3 53 8 6
3 55 8 5
3 57 5 5
3 59 9 9
3 60 4 6
3 62 8 5
3 64 4 10
3 65 7 10
3 66 7 10
3 67 2 4
3 68 1 10
3 69 10 1
3 70 8 10
3 71 6 4
3 74 5 8
3 76 6 6
3 77 4 5
3 78 10 9
3 80 7 2
3 81 4 8
3 83 2 1
3 84 1 7
3 85 1 6
3 86 3 8
3 88 3 10
3 89 10 1
3 90 2 6
3 91 10 4
3 92 1 5
3 93 3 5
3 94 6 2
3 95 10 5
3 96 9 6
3 98 9 9
3 100 10 2
4 5 1 2
4 6 5 10
4 7 2 5
4 8 6 4
4 9 3 5
4 13 1 7
4 14 8 1
4 16 2 8
4 18 3 5
4 19 9 8
4 21 4 2
4 25 10 4
4 26 4 6
4 27 5 2
4 28 5 1
4 31 3 3
4 33 8 10
4 36 9 8
4 37 3 8
4 38 1 9
4 39 10 6
4 41 3 8
4 42 7 7
4 44 8 9
4 45 1 3
4 46 1 9
4 47 5 2
4 48 3 6
4 49 7 8
4 50 7 6
4 51 2 1
4 53 6 6
4 54 10 10
4 55 4 4
4 56 1 8
4 57 4 7
4 58 10 3
4 62 4 7
4 64 2 1
4 65 1 10
4 66 1 1
4 67 2 2
4 68 1 10
4 69 6 5
4 70 2 7
4 71 8 2
4 72 8 2
4 73 7 3
4 74 2 1
4 75 8 10
4 76 7 9
4 77 2 6
4 78 6 10
4 79 4 6
4 80 4 2
4 81 10 9
4 83 6 5
4 84 10 3
4 85 6 4
4 86 2 5
4 87 10 2
4 89 3 5
4 90 6 1
4 91 4 3
4 95 5 5
4 96 8 9
4 97 10 2
4 98 1 2
4 100 1 2
5 6 5 10
5 7 2 9
5 8 2 6
5 10 4 1
5 11 1 10
5 12 2 9
5 13 3 2
5 14 9 6
5 15 8 1
5 16 2 9
5 17 9 9
5 18 10 4
5 20 9 8
5 22 2 6
5 23 9 8
5 24 7 7
5 25 3 10
5 26 9 10
5 27 5 9
5 28 1 6
5 30 3 4
5 31 7 9
5 32 4 3
5 33 8 7
5 34 2 8
5 35 4 1
5 36 7 5
5 37 1 2
5 38 4 9
5 39 2 4
5 40 6 6
5 41 10 7
5 43 7 1
5 44 10 1
5 45 1 7
5 46 10 3
5 47 2 3
5 48 3 4
5 49 7 8
5 51 10 9
5 52 1 9
5 54 5 7
5 56 6 7
5 59 8 10
5 60 1 1
5 61 2 10
5 63 9 4
5 64 1 5
5 65 2 5
5 66 9 2
5 67 1 2
5 68 7 7
5 69 7 9
5 71 2 3
5 72 4 8
5 73 6 9
5 74 7 4
5 75 6 2
5 76 4 5
5 77 10 5
5 78 9 6
5 79 6 4
5 80 1 5
5 81 3 3
5 82 1 10
5 83 1 2
5 84 1 1
5 85 7 8
5 86 2 5
5 87 7 1
5 88 1 6
5 89 4 9
5 91 2 6
5 92 1 1
5 93 9 1
5 94 1 5
5 95 9 3
5 96 5 9
5 97 7 9
5 98 6 2
5 99 3 2
5 100 8 10
6 7 6 10
6 8 9 6
6 9 3 3
6 10 6 7
6 11 6 1
6 12 8 9
6 13 3 5
6 14 8 3
6 15 9 9
6 17 10 2
6 18 1 8
6 19 2 3
6 20 2 10
6 21 8 2
6 22 8 8
6 23 10 3
6 24 10 3
6 25 2 7
6 26 1 10
6 27 1 9
6 28 6 5
6 29 1 8
6 30 4 5
6 32 4 2
6 33 4 6
6 34 6 2
6 35 5 8
6 36 4 8
6 37 3 10
6 38 3 2
6 39 6 8
6 40 1 3
6 42 10 5
6 43 10 9
6 44 5 6
6 45 10 7
6 46 4 8
6 47 5 2
6 52 4 3
6 54 1 1
6 55 1 7
6 56 5 10
6 57 1 9
6 58 1 4
6 59 5 8
6 60 7 6
6 61 1 6
6 62 5 10
6 63 9 10
6 64 5 4
6 65 4 1
6 66 7 4
6 67 9 8
6 68 5 2
6 69 10 1
6 70 9 9
6 72 10 8
6 73 5 10
6 74 10 6
6 75 6 10
6 78 2 1
6 79 8 2
6 80 7 6
6 81 2 3
6 82 2 10
6 83 7 5
6 84 10 3
6 87 8 3
6 89 5 1
6 90 8 7
6 91 9 6
6 92 4 7
6 93 9 3
6 94 8 10
6 95 10 8
6 96 9 6
6 97 6 10
6 98 9 8
6 99 3 1
7 8 10 9
7 9 1 5
7 10 6 2
7 11 5 5
7 12 8 1
7 13 4 5
7 14 5 6
7 15 3 2
7 16 7 6
7 17 4 10
7 19 7 9
7 20 8 7
7 21 1 9
7 23 7 1
7 24 3 5
7 27 6 4
7 28 6 7
7 29 10 6
7 30 1 2
7 32 4 4
7 33 2 10
7 34 7 6
7 35 5 3
7 36 5 4
7 37 9 10
7 38 2 9
7 39 9 8
7 40 7 10
7 41 1 7
7 43 7 9
7 44 7 4
7 45 5 9
7 46 1 7
7 47 10 7
7 48 2 9
7 49 10 6
7 50 4 6
7 51 5 3
7 52 2 8
7 53 9 9
7 54 7 8
7 55 7 8
7 56 2 4
7 57 10 10
7 58 3 1
7 60 10 6
7 61 8 2
7 62 1 2
7 63 8 2
7 64 6 7
7 65 8 6
7 66 2 9
7 67 10 1
7 69 2 10
7 70 10 4
7 72 6 2
7 73 3 5
7 75 9 8
7 76 4 6
7 77 1 1
7 80 3 1
7 81 9 3
7 82 10 10
7 83 6 2
7 84 9 6
7 85 7 3
7 87 1 3
7 88 7 2
7 89 1 6
7 91 5 5
7 92 5 1
7 93 8 6
7 94 6 4
7 95 6 4
7 97 8 4
7 98 4 4
7 99 9 8
7 100 10 3
8 9 8 1
8 10 9 7
8 11 8 2
8 12 5 3
8 13 2 10
8 14 1 7
8 15 5 5
8 16 3 6
8 17 1 10
8 18 4 5
8 19 9 1
8 20 6 7
8 21 9 6
8 22 2 7
8 23 10 8
8 24 8 7
8 25 3 9
8 26 9 9
8 27 2 7
8 28 5 3
8 29 8 9
8 30 6 1
8 31 2 1
8 32 4 2
8 33 6 4
8 34 9 5
8 35 4 10
8 36 6 5
8 37 4 9
8 38 7 5
8 39 4 4
8 40 5 8
8 41 8 8
8 42 4 6
8 43 7 8
8 44 8 3
8 45 7 9
8 46 4 7
8 47 9 4
8 48 1 10
8 51 2 3
8 52 2 6
8 53 5 2
8 54 1 3
8 55 5 9
8 57 9 3
8 58 1 5
8 59 3 7
8 60 9 9
8 62 5 10
8 63 4 7
8 64 5 10
8 65 2 8
8 66 10 8
8 67 1 6
8 68 8 8
8 69 7 9
8 71 10 5
8 72 9 3
8 74 3 4
8 75 10 7
8 76 3 8
8 77 5 8
8 78 9 10
8 79 8 3
8 80 4 7
8 81 10 6
8 83 8 1
8 84 10 2
8 85 4 9
8 87 1 1
8 88 3 2
8 89 3 9
8 90 2 4
8 92 4 8
8 93 9 6
8 94 9 7
8 95 6 5
8 98 4 4
8 99 6 9
8 100 7 3
9 10 5 4
9 11 7 1
9 12 9 10
9 13 9 7
9 14 2 10
9 15 1 9
9 16 6 9
9 17 3 1
9 19 1 5
9 20 7 6
9 21 8 2
9 22 2 9
9 23 3 2
9 26 7 10
9 27 5 4
9 28 4 8
9 31 10 4
9 33 10 7
9 34 3 3
9 37 2 2
9 38 8 7
9 39 2 3
9 40 4 5
9 41 3 1
9 42 3 1
9 43 3 6
9 44 7 6
9 45 3 4
9 46 10 4
9 47 8 7
9 48 3 4
9 51 9 5
9 52 6 6
9 53 10 10
9 54 10 10
9 55 4 4
9 56 7 10
9 57 4 3
9 58 3 9
9 59 8 10
9 60 3 7
9 61 3 1
9 62 5 10
9 63 7 7
9 66 5 2
9 67 9 2
9 69 2 5
9 70 8 3
9 72 4 10
9 73 10 7
9 74 3 3
9 75 8 8
9 76 8 5
9 77 9 5
9 78 2 4
9 79 10 9
9 80 10 8
9 81 9 9
9 82 6 1
9 84 10 10
9 85 9 10
9 86 5 5
9 87 8 9
9 88 6 7
9 89 5 3
9 90 9 6
9 91 2 1
9 93 6 4
9 94 9 3
9 95 8 8
9 96 2 8
9 97 1 5
9 98 5 1
9 99 7 8
9 100 2 2
10 11 4 4
10 13 6 4
10 14 7 2
10 15 6 7
10 16 10 9
10 17 3 4
10 18 9 3
10 21 6 2
10 22 4 10
10 23 6 6
10 24 1 7
10 25 5 8
10 26 4 1
10 27 1 10
10 28 1 5
10 30 8 5
10 31 5 9
10 32 1 8
10 33 7 3
10 34 1 9
10 36 10 8
10 37 2 3
10 38 6 8
10 39 3 4
10 40 7 6
10 41 1 8
10 42 5 4
10 43 6 10
10 44 4 2
10 46 4 7
10 47 2 8
10 48 3 4
10 49 7 7
10 50 8 3
10 51 3 2
10 52 3 10
10 53 6 2
10 54 5 6
10 55 9 7
10 56 9 8
10 57 1 4
10 58 1 3
10 59 8 3
10 60 4 1
10 61 9 2
10 62 1 1
10 63 3 3
10 64 2 2
10 65 4 10
10 66 4 7
10 67 10 2
10 68 6 4
10 69 7 9
10 70 3 4
10 71 9 10
10 72 8 6
10 73 9 1
10 74 2 1
10 75 2 7
10 76 4 10
10 78 7 9
10 79 6 10
10 80 4 10
10 81 1 6
10 82 8 9
10 83 2 8
10 84 4 3
10 85 5 5
10 88 6 8
10 89 2 6
10 92 4 6
10 93 10 2
10 94 4 2
10 95 1 9
10 96 3 6
10 97 4 5
10 98 8 6
10 99 1 7
10 100 1 10
11 12 6 4
11 13 7 4
11 14 3 2
11 15 1 5
11 16 4 4
11 19 7 8
11 20 1 5
11 21 3 3
11 23 3 2
11 24 4 5
11 25 9 3
11 27 10 6
11 28 5 10
11 29 3 9
11 30 5 5
11 31 5 9
11 32 8 2
11 33 1 2
11 34 9 2
11 36 8 10
11 37 2 9
11 38 2 3
11 39 6 6
11 40 10 10
11 41 9 7
11 42 3 2
11 43 7 6
11 44 1 9
11 45 10 10
11 46 7 6
11 47 2 3
11 48 10 6
11 50 6 4
11 51 2 3
11 52 8 9
11 53 8 5
11 54 8 7
11 56 4 7
11 57 10 4
11 61 10 1
11 62 7 6
11 63 7 8
11 64 9 5
11 65 2 5
11 66 8 7
11 67 1 5
11 68 1 3
11 69 9 1
11 70 10 6
11 71 2 8
11 72 2 10
11 73 2 1
11 74 9 7
11 76 1 2
11 77 2 3
11 78 1 7
11 80 5 8
11 82 8 9
11 83 7 2
11 85 1 7
11 87 6 9
11 89 2 10
11 90 7 8
11 91 7 7
11 92 3 8
11 93 10 10
11 94 4 8
11 96 2 8
11 97 8 4
11 98 9 3
11 99 7 1
11 100 10 1
12 13 4 3
12 14 5 8
12 15 4 8
12 16 4 5
12 17 1 1
12 18 4 3
12 19 9 5
12 20 3 5
12 21 5 5
12 22 5 5
12 23 3 7
12 24 8 4
12 25 4 6
12 26 7 4
12 28 4 5
12 29 5 6
12 30 7 8
12 31 6 9
12 32 4 10
12 33 4 9
12 34 2 9
12 35 3 5
12 36 8 5
12 37 7 1
12 38 6 8
12 41 10 3
12 42 4 9
12 43 7 8
12 44 2 4
12 45 9 2
12 46 6 10
12 48 9 2
12 49 6 10
12 50 6 2
12 51 9 7
12 54 5 5
12 56 1 6
12 57 1 5
12 58 9 5
12 59 5 4
12 60 7 5
12 61 8 10
12 62 9 6
12 63 3 3
12 64 1 2
12 65 8 8
12 66 6 6
12 67 8 3
12 68 1 7
12 69 4 2
12 70 5 10
12 71 10 4
12 72 6 4
12 73 1 10
12 75 8 5
12 76 1 7
12 79 5 6
12 80 7 7
12 81 5 2
12 82 7 5
12 83 7 4
12 84 5 7
12 85 8 6
12 86 9 8
12 87 9 6
12 88 6 10
12 89 2 4
12 90 9 2
12 92 3 9
12 93 9 9
12 94 5 7
12 95 4 9
12 97 9 4
12 98 9 6
12 99 1 3
12 100 4 4
13 14 7 9
13 15 9 3
13 16 10 3
13 17 1 7
13 18 6 9
13 19 2 3
13 20 2 9
13 21 8 5
13 22 9 8
13 24 3 7
13 25 5 8
13 26 6 9
13 27 9 3
13 28 10 5
13 29 6 7
13 30 2 7
13 32 7 9
13 33 10 8
13 34 9 2
13 36 5 5
13 37 10 8
13 38 9 5
13 39 1 4
13 40 1 6
13 41 4 2
13 42 9 4
13 43 5 10
13 44 2 7
13 46 3 6
13 47 1 2
13 48 7 6
13 49 4 9
13 50 5 5
13 54 7 1
13 55 2 4
13 57 7 10
13 58 5 8
13 59 5 6
13 61 8 6
13 62 1 4
13 63 9 4
13 64 8 7
13 65 4 9
13 66 7 1
13 67 3 3
13 69 2 10
13 70 10 1
13 71 2 5
13 72 3 5
13 74 10 5
13 75 1 1
13 76 5 2
13 77 1 8
13 78 2 6
13 79 5 4
13 80 4 3
13 81 6 5
13 82 5 7
13 83 10 9
13 85 4 7
13 87 2 3
13 88 6 10
13 89 2 7
13 90 9 10
13 91 9 8
13 93 8 6
13 94 6 7
13 95 1 8
13 96 4 8
13 97 4 4
13 98 1 5
13 99 1 9
14 15 9 9
14 16 6 2
14 18 10 3
14 19 4 5
14 20 7 10
14 21 9 9
14 22 1 5
14 23 4 6
14 24 8 6
14 25 4 6
14 26 5 6
14 28 9 1
14 29 7 10
14 31 7 7
14 33 9 3
14 34 3 2
14 36 2 10
14 37 8 5
14 39 9 4
14 40 5 5
14 41 3 5
14 42 6 2
14 43 8 3
14 44 4 5
14 45 8 7
14 46 5 3
14 49 1 9
14 50 4 4
14 52 8 5
14 53 2 2
14 55 7 9
14 57 2 3
14 58 8 7
14 59 8 3
14 60 2 7
14 61 2 10
14 62 9 9
14 63 8 6
14 65 10 5
14 66 2 7
14 68 8 6
14 69 6 10
14 70 7 5
14 72 9 5
14 73 2 4
14 74 5 4
14 75 8 7
14 77 4 7
14 78 3 1
14 80 5 3
14 81 3 2
14 82 7 1
14 83 1 10
14 84 5 2
14 85 2 8
14 86 10 1
14 87 7 3
14 88 7 1
14 89 8 7
14 90 4 2
14 91 7 2
14 92 6 2
14 93 10 4
14 94 2 4
14 95 3 2
14 96 7 9
14 97 10 4
14 98 7 1
14 99 10 5
14 100 4 6
15 16 10 6
15 17 3 5
15 18 3 1
15 19 6 2
15 20 10 8
15 21 8 2
15 23 10 6
15 24 6 5
15 25 2 4
15 28 10 1
15 29 1 10
15 30 1 1
15 33 6 5
15 34 10 1
15 35 4 1
15 36 5 9
15 37 1 10
15 38 2 1
15 39 3 6
15 40 1 6
15 41 3 7
15 42 3 9
15 43 7 5
15 45 4 2
15 46 4 5
15 47 1 3
15 48 3 9
15 49 8 8
15 51 7 1
15 52 5 10
15 54 10 2
15 55 2 6
15 56 9 2
15 57 9 3
15 58 2 2
15 59 2 9
15 60 10 6
15 61 4 1
15 62 5 7
15 63 3 9
15 64 3 4
15 65 2 7
15 66 4 2
15 67 8 8
15 68 7 4
15 69 1 1
15 71 4 8
15 73 1 9
15 74 6 7
15 75 1 3
15 76 1 1
15 78 7 9
15 79 10 5
15 80 1 9
15 83 7 10
15 84 3 4
15 85 1 8
15 86 4 2
15 87 10 9
15 88 5 1
15 89 2 2
15 90 1 8
15 91 4 6
15 92 9 5
15 93 5 9
15 94 1 3
15 95 2 5
15 96 10 5
15 98 6 3
15 99 4 1
15 100 10 9
16 19 9 5
16 21 2 9
16 22 3 10
16 23 6 1
16 24 10 4
16 25 5 3
16 27 3 8
16 28 9 1
16 29 7 8
16 30 9 10
16 31 8 3
16 32 7 4
16 33 7 1
16 34 4 3
16 35 7 2
16 36 4 8
16 37 1 7
16 38 3 6
16 41 7 3
16 43 9 9
16 44 10 6
16 45 9 5
16 46 7 1
16 47 6 3
16 49 4 7
16 50 7 10
16 51 6 4
16 52 10 7
16 56 1 1
16 57 5 7
16 58 3 4
16 59 4 10
16 60 3 9
16 62 6 5
16 63 2 10
16 64 8 7
16 65 5 1
16 66 6 10
16 67 10 3
16 68 2 3
16 69 5 2
16 72 6 8
16 73 7 4
16 74 1 1
16 75 10 9
16 77 8 4
16 78 10 6
16 79 3 1
16 81 9 1
16 82 5 3
16 83 3 4
16 84 2 5
16 85 4 9
16 87 5 7
16 88 1 9
16 90 6 9
16 91 5 5
16 92 3 9
16 93 5 5
16 94 4 4
16 98 6 2
16 100 7 5
17 18 6 1
17 19 6 4
17 20 3 3
17 21 5 1
17 23 9 8
17 24 10 4
17 27 7 8
17 28 2 1
17 29 10 3
17 30 7 10
17 31 5 3
17 32 6 8
17 33 3 4
17 36 8 8
17 38 10 2
17 39 2 3
17 40 9 4
17 41 2 9
17 42 6 6
17 46 7 4
17 47 7 7
17 49 6 5
17 50 6 10
17 51 4 3
17 52 3 3
17 53 10 10
17 54 10 9
17 56 5 8
17 58 3 1
17 60 6 7
17 61 10 2
17 62 3 3
17 63 9 6
17 64 9 1
17 65 5 8
17 66 8 9
17 67 3 10
17 68 8 6
17 69 9 7
17 70 5 4
17 71 9 5
17 72 5 5
17 73 4 7
17 74 3 4
17 75 7 1
17 76 10 3
17 77 8 3
17 78 9 1
17 79 6 6
17 80 10 6
17 81 5 2
17 82 5 1
17 84 4 4
17 85 7 3
17 86 6 1
17 87 7 6
17 88 4 9
17 89 3 5
17 90 5 10
17 91 9 7
17 92 8 6
17 93 7 8
17 95 6 6
17 96 3 2
17 97 10 2
17 98 8 7
17 99 7 1
18 19 6 8
18 20 6 10
18 22 2 3
18 23 7 9
18 24 9 8
18 25 9 9
18 26 3 7
18 27 2 6
18 28 10 3
18 29 1 4
18 30 9 3
18 32 2 9
18 33 5 1
18 34 2 6
18 35 7 6
18 36 8 8
18 37 9 9
18 39 7 5
18 40 6 4
18 43 2 3
18 45 6 6
18 46 3 3
18 47 2 5
18 49 9 3
18 50 3 10
18 51 7 5
18 52 2 2
18 53 8 10
18 54 8 2
18 55 2 9
18 56 3 4
18 59 10 7
18 60 10 6
18 61 4 2
18 62 5 1
18 63 7 5
18 64 9 4
18 65 7 8
18 66 6 10
18 67 9 2
18 68 5 7
18 69 1 2
18 70 8 10
18 71 10 5
18 73 4 3
18 74 9 1
18 75 3 4
18 79 1 6
18 80 1 7
18 81 8 3
18 83 5 6
18 84 2 5
18 85 7 7
18 86 10 7
18 89 9 2
18 90 7 6
18 91 3 2
18 92 1 5
18 93 7 4
18 94 10 10
18 96 9 9
18 97 9 2
18 98 7 8
18 99 2 10
18 100 1 1
19 20 5 6
19 21 9 4
19 22 2 9
19 23 2 10
19 24 5 3
19 25 3 2
19 26 1 2
19 27 8 7
19 28 4 4
19 29 10 4
19 30 6 7
19 31 3 5
19 32 4 3
19 33 3 8
19 34 9 6
19 35 7 4
19 36 8 2
19 37 7 7
19 38 4 4
19 39 7 1
19 40 7 10
19 41 7 9
19 43 3 8
19 44 7 8
19 45 10 8
19 46 8 3
19 47 3 6
19 48 6 6
19 49 8 4
19 50 9 1
19 51 10 10
19 52 3 6
19 53 9 6
19 54 3 1
19 55 4 4
19 56 10 10
19 57 2 1
19 58 5 1
19 59 10 1
19 62 6 4
19 64 9 3
19 65 2 3
19 66 2 5
19 69 9 1
19 70 3 2
19 71 8 10
19 73 10 9
19 74 2 3
19 75 4 10
19 77 5 1
19 78 8 9
19 80 3 3
19 82 10 7
19 83 6 7
19 84 3 4
19 86 7 10
19 87 2 8
19 91 3 3
19 93 6 9
19 94 9 6
19 95 8 3
19 97 3 4
19 98 4 4
19 100 6 9
20 21 8 5
20 22 3 10
20 23 5 6
20 24 10 7
20 25 1 9
20 26 6 10
20 28 10 1
20 29 1 4
20 30 4 4
20 31 7 5
20 32 3 8
20 35 8 8
20 36 5 3
20 37 6 2
20 38 7 8
20 41 6 4
20 42 7 5
20 43 1 5
20 44 6 9
20 45 8 7
20 46 8 6
20 47 6 2
20 48 5 1
20 49 3 7
20 50 7 6
20 51 1 3
20 52 2 9
20 54 6 5
20 56 7 5
20 58 7 10
20 59 4 6
20 60 8 8
20 61 3 2
20 62 5 10
20 64 2 7
20 65 4 2
20 66 4 4
20 67 8 1
20 68 6 1
20 69 9 5
20 70 9 7
20 71 7 2
20 72 5 1
20 73 6 10
20 74 9 8
20 76 9 2
20 77 8 1
20 78 6 10
20 81 1 4
20 82 3 2
20 83 2 2
20 85 8 10
20 86 3 7
20 87 10 7
20 88 1 7
20 89 3 7
20 90 8 10
20 91 9 3
20 92 2 9
20 93 6 7
20 94 7 2
20 97 1 8
20 98 9 2
21 22 3 7
21 24 5 2
21 25 4 2
21 26 3 8
21 27 10 9
21 28 9 7
21 29 5 2
21 30 7 1
21 31 6 1
21 33 5 2
21 35 8 10
21 37 8 3
21 38 10 4
21 39 4 2
21 40 3 4
21 41 4 6
21 42 5 2
21 43 7 10
21 44 4 8
21 45 2 5
21 47 1 8
21 49 9 7
21 50 9 6
21 51 8 2
21 52 1 5
21 54 5 5
21 55 4 1
21 56 4 3
21 57 7 8
21 58 8 7
21 59 10 4
21 60 4 3
21 62 5 6
21 63 9 7
21 64 1 10
21 66 7 4
21 67 8 2
21 68 10 2
21 69 4 10
21 70 2 6
21 71 7 4
21 72 10 9
21 74 10 8
21 75 8 7
21 76 9 3
21 77 8 2
21 78 4 7
21 79 5 3
21 80 6 10
21 81 2 8
21 82 2 7
21 83 6 10
21 84 3 8
21 86 4 8
21 87 7 5
21 88 5 3
21 89 2 2
21 90 5 5
21 91 1 9
21 92 5 5
21 93 3 5
21 94 3 2
21 95 3 1
21 96 6 3
21 98 4 1
21 99 4 2
21 100 6 10
22 23 9 5
22 25 3 6
22 26 8 6
22 28 2 9
22 30 5 7
22 31 5 2
22 33 6 8
22 34 8 6
22 36 5 10
22 38 1 8
22 39 5 3
22 40 6 8
22 41 9 3
22 44 10 2
22 45 5 6
22 46 10 6
22 47 3 1
22 49 10 9
22 50 5 1
22 51 8 4
22 53 8 8
22 54 5 5
22 55 5 7
22 56 4 3
22 57 5 1
22 58 3 3
22 59 8 7
22 60 6 6
22 61 9 2
22 62 8 2
22 63 4 6
22 65 3 7
22 66 5 10
22 67 10 2
22 69 8 6
22 70 6 2
22 71 1 3
22 72 10 3
22 73 4 6
22 75 3 3
22 76 4 1
22 77 4 1
22 78 3 5
22 80 2 6
22 81 1 8
22 83 1 1
22 84 8 4
22 86 8 7
22 87 1 3
22 88 10 7
22 89 6 9
22 90 2 6
22 91 9 1
22 93 3 2
22 94 2 10
22 95 7 2
22 96 9 1
22 97 1 7
22 100 5 5
23 24 10 8
23 25 10 9
23 27 3 4
23 28 1 10
23 30 5 4
23 31 3 7
23 32 2 10
23 33 6 10
23 34 7 3
23 35 6 10
23 36 2 6
23 37 2 5
23 38 8 3
23 39 8 8
23 40 3 6
23 41 2 5
23 42 6 9
23 44 5 3
23 46 8 3
23 48 7 1
23 49 10 2
23 50 3 1
23 51 10 8
23 52 9 2
23 53 6 8
23 54 1 6
23 55 4 1
23 57 4 10
23 58 7 4
23 59 7 6
23 60 8 1
23 61 9 6
23 62 7 5
23 63 7 5
23 64 8 5
23 65 3 8
23 66 1 3
23 69 5 2
23 70 7 7
23 71 6 4
23 72 7 5
23 73 1 3
23 74 7 3
23 75 9 5
23 76 2 5
23 77 8 7
23 78 8 7
23 79 7 4
23 82 2 4
23 83 4 2
23 84 5 4
23 86 8 3
23 87 5 2
23 88 6 2
23 90 2 10
23 91 7 10
23 92 9 2
23 93 3 9
23 95 3 4
23 96 8 5
23 98 6 8
23 99 6 3
23 100 7 3
24 27 5 7
24 28 1 3
24 29 6 7
24 30 2 5
24 31 5 3
24 32 9 1
24 34 2 9
24 35 3 10
24 36 3 7
24 38 3 7
24 39 9 9
24 40 5 5
24 42 7 4
24 43 2 7
24 45 2 2
24 46 6 1
24 47 2 9
24 48 3 5
24 49 1 5
24 50 9 6
24 51 7 5
24 52 2 1
24 53 4 4
24 55 3 5
24 56 9 4
24 57 3 5
24 59 1 7
24 60 2 3
24 61 10 4
24 62 5 8
24 63 3 9
24 64 7 3
24 65 10 7
24 66 9 2
24 67 6 9
24 68 3 7
24 69 4 10
24 70 3 8
24 72 7 10
24 73 3 2
24 75 2 2
24 77 6 7
24 80 1 7
24 82 9 5
24 83 2 10
24 85 7 8
24 86 8 7
24 88 8 1
24 90 10 1
24 91 9 10
24 92 5 6
24 93 3 4
24 94 3 3
24 95 2 2
24 96 2 3
24 97 1 9
24 98 10 8
24 99 2 5
24 100 5 10
25 26 5 6
25 27 1 10
25 28 10 7
25 30 3 9
25 31 10 9
25 32 2 10
25 33 5 4
25 34 2 6
25 37 5 2
25 38 4 6
25 39 7 7
25 40 8 10
25 41 6 7
25 42 7 8
25 43 10 4
25 48 2 4
25 49 2 10
25 50 10 4
25 51 3 1
25 52 8 7
25 53 5 8
25 54 3 3
25 55 10 3
25 56 3 4
25 57 1 6
25 58 6 6
25 59 10 6
25 60 2 8
25 61 7 10
25 62 2 6
25 63 6 10
25 64 10 1
25 65 5 3
25 68 2 4
25 69 4 4
25 70 8 5
25 71 5 10
25 72 10 4
25 73 10 4
25 74 9 10
25 75 7 6
25 76 6 4
25 77 6 8
25 79 4 5
25 80 5 4
25 81 3 9
25 82 1 6
25 83 3 7
25 84 8 2
25 85 10 3
25 88 5 10
25 89 7 8
25 90 5 1
25 91 3 5
25 92 6 10
25 94 6 2
25 95 4 5
25 97 1 9
25 98 7 10
25 99 9 7
25 100 7 9
26 28 9 4
26 29 5 6
26 31 4 6
26 33 10 5
26 35 5 10
26 36 7 1
26 38 10 9
26 39 3 5
26 40 4 8
26 44 9 6
26 46 10 9
26 47 10 7
26 48 4 7
26 49 9 2
26 51 3 5
26 52 8 9
26 53 7 1
26 54 2 8
26 55 5 2
26 56 6 7
26 57 5 1
26 58 3 7
26 60 5 6
26 61 10 2
26 62 7 4
26 63 5 1
26 64 8 8
26 65 9 2
26 66 6 4
26 67 4 10
26 68 9 1
26 69 1 10
26 70 2 4
26 71 10 10
26 72 9 7
26 73 3 6
26 74 7 10
26 77 5 6
26 78 1 8
26 79 3 5
26 80 10 8
26 81 4 6
26 82 7 3
26 83 3 1
26 84 3 7
26 85 9 2
26 86 8 10
26 87 4 7
26 88 9 1
26 89 7 1
26 91 7 9
26 93 9 8
26 95 8 3
26 96 7 3
26 97 6 3
26 98 5 8
26 100 1 6
27 28 2 10
27 29 10 10
27 30 1 6
27 31 8 2
27 33 5 1
27 34 10 2
27 35 3 2
27 36 3 5
27 37 4 4
27 38 8 9
27 39 2 7
27 40 6 8
27 41 3 3
27 42 2 3
27 43 4 10
27 45 6 3
27 46 2 8
27 47 1 4
27 48 7 8
27 49 3 1
27 50 6 4
27 51 2 2
27 52 5 10
27 53 7 10
27 54 1 6
27 55 8 3
27 56 4 9
27 57 10 3
27 58 5 6
27 59 8 6
27 60 3 4
27 61 9 4
27 62 8 2
27 63 8 7
27 66 6 6
27 67 8 4
27 70 10 7
27 71 5 3
27 72 6 5
27 74 7 9
27 75 10 9
27 76 5 8
27 77 3 6
27 78 9 2
27 79 5 3
27 80 6 4
27 81 4 5
27 82 2 6
27 83 1 5
27 85 2 6
27 86 3 10
27 87 3 2
27 88 2 3
27 89 6 7
27 90 3 4
27 91 2 5
27 92 4 10
27 93 4 9
27 94 5 5
27 95 10 7
27 96 1 4
27 97 1 8
27 98 10 9
27 99 7 1
27 100 8 4
28 29 3 5
28 30 5 6
28 31 2 9
28 32 9 3
28 33 2 9
28 34 2 1
28 35 5 10
28 37 2 9
28 38 9 3
28 39 4 9
28 40 7 3
28 41 6 6
28 42 4 7
28 43 3 5
28 44 6 2
28 46 9 3
28 47 10 6
28 51 7 3
28 52 1 9
28 53 7 3
28 54 10 3
28 56 5 4
28 57 5 6
28 58 9 1
28 59 6 8
28 60 9 3
28 61 6 8
28 62 7 2
28 63 9 5
28 64 4 2
28 65 8 9
28 66 8 3
28 67 9 1
28 69 1 6
28 70 1 9
28 71 8 7
28 73 2 7
28 74 2 3
28 75 5 6
28 76 6 2
28 77 3 4
28 78 6 1
28 79 9 8
28 80 1 3
28 82 6 6
28 84 1 7
28 85 6 5
28 86 3 2
28 87 10 5
28 92 5 8
28 93 1 5
28 96 7 1
28 97 3 8
28 98 7 8
28 99 9 8
28 100 3 1
29 30 9 1
29 31 2 3
29 32 4 6
29 33 5 7
29 34 8 8
29 35 10 10
29 36 6 8
29 37 7 3
29 38 4 7
29 40 4 2
29 41 1 9
29 43 6 5
29 44 5 2
29 45 9 2
29 47 6 6
29 49 5 7
29 50 1 4
29 51 7 1
29 52 8 3
29 54 5 1
29 55 5 5
29 56 1 4
29 58 10 9
29 59 10 10
29 60 5 1
29 61 6 2
29 63 9 4
29 64 9 3
29 65 1 9
29 70 1 9
29 71 1 2
29 72 4 8
29 73 7 4
29 74 10 9
29 76 1 7
29 77 9 5
29 78 1 8
29 79 3 7
29 80 9 5
29 81 10 9
29 83 5 8
29 84 5 1
29 86 1 10
29 88 10 4
29 89 10 3
29 90 2 6
29 92 2 2
29 93 10 9
29 94 2 9
29 95 9 6
29 96 1 5
29 97 6 7
29 100 10 2
30 31 5 1
30 32 4 2
30 33 9 10
30 34 5 3
30 35 2 10
30 36 6 8
30 37 2 1
30 38 7 9
30 39 4 3
30 40 2 5
30 42 8 7
30 43 2 8
30 44 8 6
30 45 9 3
30 46 4 1
30 47 4 6
30 49 6 7
30 50 1 8
30 52 9 7
30 53 8 8
30 54 9 7
30 55 1 4
30 56 6 1
30 57 6 7
30 59 5 7
30 60 9 7
30 61 7 9
30 62 1 7
30 63 7 6
30 65 4 8
30 66 4 5
30 67 6 5
30 68 1 6
30 69 4 8
30 70 10 2
30 71 3 5
30 72 7 4
30 73 7 1
30 74 6 8
30 75 3 8
30 76 3 1
30 77 3 7
30 78 6 3
30 80 7 3
30 81 8 10
30 82 4 10
30 83 2 2
30 85 6 7
30 86 2 2
30 87 9 4
30 90 5 1
30 91 9 6
30 94 2 10
30 95 2 4
30 96 5 3
30 98 1 2
30 99 8 1
31 32 10 2
31 33 9 10
31 34 8 6
31 35 7 7
31 36 3 9
31 37 5 1
31 39 9 10
31 40 1 10
31 41 4 1
31 42 6 9
31 44 1 1
31 45 6 8
31 46 2 8
31 47 10 4
31 48 5 8
31 49 1 2
31 50 5 5
31 51 7 10
31 53 10 4
31 54 6 2
31 55 2 6
31 56 2 1
31 57 4 9
31 58 8 9
31 59 9 2
31 61 9 10
31 64 5 10
31 65 1 3
31 66 8 10
31 67 7 8
31 68 7 2
31 69 4 1
31 70 9 6
31 71 4 10
31 72 7 7
31 73 10 5
31 74 7 9
31 75 7 6
31 76 1 6
31 78 3 6
31 81 9 3
31 82 3 7
31 86 9 5
31 87 1 9
31 89 6 3
31 90 3 8
31 91 1 7
31 92 3 3
31 93 3 8
31 94 5 10
31 95 5 7
31 96 8 5
31 97 8 8
31 99 6 3
31 100 3 9
32 33 3 3
32 34 4 9
32 35 9 7
32 36 3 10
32 37 3 8
32 38 10 5
32 42 9 3
32 43 7 6
32 44 9 9
32 45 7 2
32 46 3 4
32 47 3 9
32 48 1 8
32 50 2 3
32 51 2 1
32 52 10 8
32 55 3 1
32 56 1 1
32 57 7 5
32 58 6 8
32 59 6 3
32 62 9 8
32 63 6 10
32 64 10 9
32 66 5 1
32 67 5 7
32 68 9 6
32 69 1 8
32 71 2 9
32 73 8 6
32 75 5 3
32 76 4 3
32 78 9 8
32 79 2 2
32 80 7 5
32 81 9 9
32 82 7 4
32 83 4 2
32 84 4 7
32 85 9 4
32 87 2 5
32 88 4 9
32 89 3 1
32 90 9 4
32 91 1 9
32 92 10 3
32 93 10 10
32 94 1 4
32 95 1 8
32 97 9 10
32 100 7 8
33 34 10 10
33 35 4 6
33 36 8 6
33 37 7 9
33 39 2 10
33 41 6 4
33 42 6 2
33 43 8 3
33 44 3 1
33 45 4 4
33 46 8 6
33 47 10 5
33 48 6 4
33 50 8 1
33 51 2 1
33 52 2 2
33 53 1 6
33 54 1 6
33 55 5 4
33 56 1 6
33 57 9 3
33 58 6 9
33 59 8 10
33 60 3 6
33 61 10 6
33 62 2 8
33 63 2 2
33 64 3 1
33 65 3 9
33 66 3 6
33 67 8 10
33 68 5 5
33 69 9 1
33 70 7 8
33 73 6 4
33 74 5 7
33 75 9 4
33 76 10 5
33 77 9 5
33 78 7 1
33 80 2 4
33 81 3 8
33 82 3 2
33 83 4 2
33 84 1 8
33 85 9 4
33 87 5 3
33 88 2 6
33 89 7 3
33 90 3 2
33 91 9 2
33 93 1 10
33 94 10 10
33 95 1 3
33 96 4 8
33 97 7 10
33 98 10 10
33 99 9 2
34 35 9 8
34 36 10 2
34 37 10 4
34 38 4 6
34 39 3 6
34 40 4 3
34 42 7 6
34 43 9 1
34 45 2 10
34 46 9 9
34 48 9 3
34 50 1 9
34 51 5 6
34 53 7 7
34 56 7 2
34 57 10 3
34 58 1 5
34 60 10 5
34 61 2 10
34 62 10 10
34 63 3 7
34 64 6 7
34 65 3 9
34 66 7 3
34 67 6 6
34 68 10 8
34 71 9 9
34 72 8 6
34 73 7 5
34 74 10 6
34 75 1 4
34 76 7 5
34 77 5 1
34 78 3 5
34 79 6 4
34 81 7 8
34 82 8 6
34 84 4 9
34 85 3 1
34 86 5 9
34 87 8 1
34 88 8 6
34 90 3 1
34 91 2 1
34 92 7 7
34 93 6 10
34 94 3 3
34 96 9 8
34 97 5 5
34 98 1 5
34 99 6 3
34 100 2 8
35 36 8 2
35 37 9 6
35 38 6 9
35 39 3 8
35 40 4 2
35 41 2 1
35 42 9 1
35 43 4 5
35 44 7 6
35 45 4 2
35 46 5 8
35 47 5 9
35 48 7 9
35 51 6 6
35 52 4 5
35 54 8 9
35 55 1 6
35 56 1 8
35 57 8 7
35 58 1 8
35 59 3 4
35 60 4 6
35 61 7 2
35 62 1 6
35 63 4 4
35 64 6 1
35 65 5 9
35 66 10 7
35 67 9 2
35 68 9 6
35 69 4 1
35 70 7 8
35 71 4 6
35 72 7 5
35 73 3 7
35 74 9 10
35 77 10 10
35 78 8 6
35 79 3 7
35 80 10 1
35 81 10 4
35 83 2 10
35 85 2 3
35 86 9 2
35 87 9 6
35 88 5 9
35 89 6 1
35 90 8 6
35 91 5 2
35 92 8 4
35 93 9 10
35 94 2 9
35 95 1 4
35 98 1 2
35 99 2 10
35 100 5 9
36 37 8 4
36 38 4 9
36 39 4 2
36 40 4 7
36 42 3 5
36 43 9 1
36 44 6 3
36 45 4 3
36 46 7 3
36 47 6 9
36 48 1 8
36 49 9 4
36 50 9 1
36 52 7 7
36 53 8 2
36 54 6 2
36 55 8 2
36 56 3 2
36 57 6 9
36 58 6 8
36 59 3 9
36 60 6 8
36 61 1 2
36 62 7 10
36 63 9 9
36 64 7 4
36 65 8 2
36 66 10 2
36 68 9 10
36 69 9 6
36 71 4 6
36 73 8 8
36 74 8 8
36 75 5 5
36 76 1 1
36 77 3 2
36 78 5 8
36 79 9 2
36 81 7 7
36 82 1 4
36 83 9 8
36 86 7 2
36 88 3 8
36 89 2 7
36 90 4 6
36 91 9 3
36 96 10 1
36 97 7 4
36 98 8 2
36 99 4 1
36 100 3 1
37 38 3 4
37 39 3 8
37 40 1 6
37 41 4 7
37 42 5 5
37 43 5 8
37 44 6 4
37 45 10 4
37 46 3 7
37 47 2 1
37 48 10 1
37 52 9 3
37 53 4 2
37 57 5 3
37 59 6 9
37 62 10 6
37 63 9 4
37 64 10 10
37 65 5 10
37 67 4 4
37 68 9 6
37 69 3 1
37 71 4 5
37 72 6 2
37 73 10 2
37 74 3 10
37 75 4 10
37 76 5 1
37 77 10 1
37 78 10 9
37 79 1 4
37 80 9 9
37 81 6 4
37 82 5 1
37 83 8 1
37 84 1 1
37 85 5 4
37 87 8 4
37 89 1 10
37 90 9 6
37 91 8 1
37 92 7 9
37 93 8 1
37 94 3 3
37 95 1 7
37 96 2 1
37 99 9 3
37 100 1 3
38 39 2 6
38 40 3 6
38 41 3 2
38 42 7 2
38 44 10 7
38 46 1 1
38 47 8 6
38 48 6 5
38 49 1 9
38 51 2 6
38 52 10 10
38 53 7 4
38 54 8 9
38 55 4 5
38 56 7 7
38 57 3 10
38 58 1 1
38 59 9 1
38 60 7 2
38 61 9 7
38 62 9 4
38 64 6 1
38 65 8 6
38 66 9 4
38 67 9 5
38 68 6 6
38 69 2 5
38 70 10 1
38 71 2 10
38 73 2 4
38 74 9 1
38 75 4 4
38 77 1 3
38 81 2 3
38 82 1 6
38 83 2 5
38 84 3 5
38 85 2 8
38 86 4 2
38 88 9 5
38 89 7 7
38 90 9 2
38 91 10 3
38 92 6 8
38 93 2 6
38 96 3 9
38 98 6 10
38 99 2 10
38 100 7 3
39 41 7 7
39 42 4 10
39 44 8 2
39 45 3 10
39 46 4 1
39 47 2 5
39 48 4 9
39 49 1 1
39 51 8 6
39 52 7 10
39 54 1 6
39 55 6 6
39 56 6 4
39 58 9 4
39 59 9 9
39 61 4 4
39 62 4 7
39 63 6 2
39 64 10 3
39 69 9 7
39 70 3 1
39 71 8 6
39 72 10 2
39 73 3 8
39 74 2 6
39 75 8 2
39 76 1 4
39 77 9 8
39 78 2 7
39 79 8 7
39 80 6 5
39 81 7 1
39 82 6 2
39 83 8 2
39 85 6 7
39 86 3 9
39 87 3 4
39 88 4 8
39 89 5 3
39 90 4 2
39 91 8 10
39 93 8 1
39 94 1 10
39 95 10 6
39 96 3 6
39 100 3 9
40 41 7 2
40 43 2 4
40 44 10 6
40 45 7 2
40 46 10 1
40 49 7 3
40 50 4 5
40 53 6 6
40 55 6 3
40 56 1 1
40 57 8 7
40 58 7 1
40 59 1 4
40 60 9 8
40 61 4 4
40 62 2 4
40 63 6 1
40 64 6 5
40 65 5 8
40 66 4 10
40 67 2 9
40 69 2 8
40 70 2 7
40 71 7 5
40 72 10 3
40 73 3 3
40 74 9 2
40 75 5 6
40 76 9 8
40 78 9 8
40 79 2 4
40 80 1 6
40 81 6 3
40 82 4 5
40 84 10 8
40 85 4 8
40 87 8 9
40 88 7 8
40 89 6 8
40 90 8 7
40 91 6 10
40 92 8 2
40 93 4 1
40 94 8 10
40 97 5 7
40 98 7 9
40 99 10 1
40 100 4 6
41 43 1 8
41 44 9 1
41 47 7 10
41 48 7 1
41 49 6 1
41 50 3 9
41 51 5 2
41 52 7 2
41 54 10 2
41 55 1 6
41 56 6 5
41 58 8 5
41 61 4 7
41 62 7 10
41 63 3 2
41 64 9 2
41 65 9 3
41 66 2 4
41 67 8 5
41 70 5 3
41 71 4 5
41 72 7 10
41 73 1 6
41 74 9 8
41 76 10 4
41 77 4 4
41 78 1 9
41 80 6 6
41 81 3 9
41 82 10 7
41 83 4 8
41 84 10 8
41 85 7 8
41 86 10 6
41 87 8 4
41 88 1 5
41 89 8 3
41 91 9 2
41 92 6 8
41 93 3 5
41 94 7 6
41 96 5 6
41 97 5 9
41 98 1 3
41 99 4 4
41 100 2 10
42 48 6 6
42 49 10 10
42 50 3 2
42 51 4 3
42 52 10 1
42 53 2 2
42 54 8 5
42 56 4 10
42 57 5 5
42 58 3 5
42 59 10 6
42 60 9 6
42 61 5 1
42 62 6 9
42 63 8 7
42 64 3 2
42 65 1 7
42 68 10 2
42 69 6 9
42 70 4 9
42 71 1 5
42 72 8 9
42 74 8 9
42 75 2 3
42 76 4 8
42 77 7 2
42 78 9 3
42 79 7 1
42 80 7 7
42 81 9 3
42 82 6 7
42 83 5 5
42 84 3 2
42 85 7 2
42 88 10 6
42 89 4 9
42 90 8 1
42 91 5 2
42 92 7 9
42 93 1 10
42 94 4 6
42 96 10 5
42 97 9 7
42 99 1 6
42 100 7 3
43 44 4 1
43 47 3 8
43 48 4 2
43 49 1 6
43 50 8 3
43 52 10 2
43 53 10 2
43 55 1 10
43 56 1 8
43 58 4 8
43 59 8 8
43 60 2 10
43 62 5 1
43 63 6 5
43 65 8 6
43 66 4 5
43 67 9 1
43 68 1 6
43 69 9 3
43 71 6 2
43 72 10 5
43 73 7 4
43 74 1 10
43 75 6 9
43 77 4 10
43 79 4 7
43 80 8 5
43 82 9 6
43 83 5 2
43 84 2 7
43 85 4 10
43 86 2 5
43 87 7 4
43 88 4 9
43 89 6 6
43 90 6 5
43 91 3 7
43 92 10 7
43 93 7 8
43 94 5 2
43 95 3 2
43 98 6 5
43 99 4 7
43 100 5 3
44 46 3 8
44 47 10 8
44 48 4 7
44 49 5 8
44 50 1 1
44 51 1 1
44 52 2 4
44 53 4 7
44 55 7 3
44 56 6 1
44 57 2 4
44 58 4 4
44 59 7 1
44 60 6 3
44 61 5 1
44 63 8 7
44 64 6 3
44 65 3 9
44 67 10 10
44 68 6 1
44 69 7 6
44 70 8 6
44 72 5 2
44 73 3 6
44 75 9 10
44 76 8 4
44 77 3 4
44 78 8 6
44 79 7 6
44 80 8 9
44 82 4 8
44 83 9 7
44 84 8 6
44 85 6 6
44 86 10 9
44 87 9 1
44 88 9 6
44 91 2 7
44 92 5 7
44 95 2 3
44 96 6 7
44 97 3 3
44 98 1 9
44 100 1 8
45 46 9 5
45 47 10 7
45 48 1 7
45 49 4 1
45 52 6 6
45 53 7 9
45 54 7 2
45 55 7 4
45 57 5 5
45 58 1 9
45 59 1 5
45 60 10 3
45 62 10 5
45 63 9 9
45 64 4 6
45 66 8 8
45 67 8 9
45 68 6 3
45 69 9 3
45 70 7 3
45 71 3 6
45 72 2 10
45 73 5 4
45 74 5 10
45 75 8 2
45 76 5 8
45 77 10 10
45 78 4 7
45 79 7 8
45 80 1 1
45 82 4 4
45 83 8 4
45 85 1 3
45 86 10 8
45 87 9 7
45 88 4 7
45 90 5 9
45 94 1 1
45 95 2 3
45 96 9 5
45 97 1 5
45 98 10 1
45 99 6 9
45 100 4 7
46 47 8 3
46 48 5 7
46 49 5 10
46 51 9 8
46 52 5 3
46 53 6 8
46 54 8 3
46 55 6 8
46 58 10 6
46 59 3 3
46 60 2 5
46 63 2 3
46 64 7 9
46 65 5 8
46 66 4 4
46 67 1 3
46 68 4 5
46 69 6 1
46 70 8 4
46 71 1 1
46 72 3 3
46 74 7 4
46 76 2 7
46 77 6 5
46 79 10 5
46 80 7 8
46 81 3 10
46 82 8 9
46 83 9 4
46 84 3 5
46 85 5 5
46 86 10 2
46 87 5 2
46 88 3 9
46 90 7 1
46 91 8 6
46 93 10 4
46 94 4 7
46 95 5 6
46 96 10 4
46 97 4 6
46 99 7 10
46 100 7 3
47 48 1 4
47 49 4 1
47 50 4 6
47 51 3 9
47 52 3 5
47 53 6 8
47 54 4 5
47 56 7 10
47 59 5 6
47 60 9 7
47 61 8 7
47 62 8 9
47 63 8 9
47 65 8 3
47 66 9 7
47 67 1 8
47 68 5 7
47 69 1 8
47 70 7 4
47 71 8 3
47 72 8 5
47 73 10 6
47 74 5 6
47 76 4 9
47 77 4 1
47 78 9 8
47 79 1 5
47 80 9 3
47 81 4 8
47 82 10 1
47 83 3 3
47 84 9 2
47 85 8 4
47 86 3 8
47 87 4 6
47 88 7 9
47 89 2 6
47 90 1 7
47 91 3 6
47 92 4 8
47 93 5 9
47 94 10 7
47 95 5 4
47 97 4 7
47 98 7 6
47 99 6 6
47 100 1 5
48 49 3 7
48 52 5 7
48 53 4 9
48 54 3 7
48 57 4 8
48 58 9 3
48 59 8 5
48 60 7 2
48 61 4 6
48 62 10 10
48 63 8 2
48 65 8 6
48 67 6 6
48 68 2 2
48 70 4 5
48 71 1 3
48 72 2 3
48 73 1 10
48 76 7 4
48 77 9 5
48 78 9 3
48 79 5 5
48 80 2 9
48 81 4 3
48 82 2 2
48 83 1 3
48 84 1 5
48 87 1 10
48 88 4 2
48 89 5 6
48 90 9 9
48 92 2 9
48 93 2 4
48 95 3 2
48 96 5 3
48 97 4 1
48 98 4 1
48 99 9 10
48 100 6 3
49 51 1 10
49 52 1 7
49 53 2 7
49 54 5 4
49 55 10 4
49 56 3 2
49 57 9 4
49 58 3 4
49 59 6 9
49 60 9 9
49 61 8 10
49 62 10 7
49 63 9 8
49 64 4 5
49 65 9 9
49 68 1 1
49 70 3 5
49 71 1 7
49 72 6 4
49 73 8 9
49 74 3 3
49 76 9 10
49 77 8 4
49 78 8 5
49 79 10 4
49 80 4 2
49 81 4 7
49 82 8 5
49 83 9 9
49 84 9 6
49 85 2 10
49 86 10 3
49 87 3 7
49 88 6 10
49 89 5 10
49 90 10 5
49 91 8 8
49 93 7 7
49 94 1 10
49 95 2 6
49 96 5 6
49 97 7 8
49 98 2 10
49 100 9 8
50 51 3 8
50 53 10 2
50 54 10 4
50 55 7 4
50 56 4 3
50 57 3 1
50 58 2 9
50 59 9 5
50 61 3 10
50 62 10 5
50 64 1 2
50 65 10 5
50 66 7 1
50 67 6 5
50 68 3 5
50 69 2 8
50 70 10 8
50 71 2 4
50 72 8 8
50 73 6 3
50 74 5 8
50 75 7 1
50 76 2 1
50 78 10 1
50 79 8 2
50 80 1 3
50 81 1 9
50 82 2 6
50 83 9 6
50 85 10 8
50 86 6 7
50 87 10 7
50 88 2 6
50 89 2 6
50 91 9 5
50 94 10 5
50 95 3 3
50 96 8 9
50 98 7 6
50 99 3 1
50 100 6 2
51 52 6 7
51 53 9 6
51 54 10 5
51 55 7 2
51 56 9 9
51 57 5 6
51 59 5 1
51 60 6 3
51 61 10 9
51 62 8 8
51 63 3 5
51 64 9 5
51 67 5 9
51 68 8 1
51 69 8 5
51 72 5 6
51 74 5 2
51 76 3 1
51 77 10 2
51 78 6 4
51 79 3 9
51 80 6 10
51 81 8 7
51 82 8 6
51 84 10 4
51 85 2 4
51 86 3 8
51 88 4 10
51 89 5 1
51 90 6 8
51 91 6 4
51 92 9 1
51 93 8 1
51 95 5 2
51 97 6 6
51 98 4 3
51 99 3 6
51 100 10 2
52 53 6 8
52 54 3 7
52 57 8 3
52 58 8 10
52 59 8 8
52 60 3 6
52 61 9 8
52 62 9 1
52 63 8 3
52 64 2 3
52 65 9 10
52 66 5 1
52 68 6 2
52 71 7 5
52 74 10 9
52 75 3 10
52 76 6 10
52 77 9 4
52 78 5 5
52 79 1 10
52 80 3 6
52 81 7 7
52 83 4 1
52 86 8 3
52 87 7 9
52 88 2 1
52 89 4 10
52 91 5 1
52 93 2 7
52 94 7 10
52 96 4 9
52 97 8 5
52 98 4 4
52 99 2 1
52 100 10 1
53 54 9 5
53 55 4 9
53 56 4 2
53 57 2 6
53 58 6 7
53 60 1 7
53 61 3 1
53 62 6 10
53 64 9 10
53 65 10 8
53 67 8 7
53 68 9 7
53 69 3 5
53 70 9 6
53 71 1 10
53 72 8 3
53 73 7 4
53 75 8 7
53 76 6 2
53 77 9 5
53 78 6 4
53 79 1 7
53 81 6 9
53 83 1 1
53 84 9 8
53 85 8 9
53 86 6 6
53 88 5 2
53 89 8 6
53 90 3 9
53 91 3 3
53 92 7 2
53 93 2 10
53 94 9 1
53 96 2 3
53 97 6 9
53 98 4 1
53 99 10 9
53 100 10 10
54 55 10 1
54 56 10 6
54 57 7 1
54 59 8 10
54 60 8 1
54 61 1 6
54 62 8 9
54 66 10 8
54 67 2 7
54 68 2 2
54 69 8 9
54 71 6 8
54 72 7 5
54 74 9 3
54 75 9 7
54 76 1 7
54 77 7 2
54 78 3 4
54 79 10 9
54 80 4 10
54 83 2 5
54 84 6 5
54 85 6 1
54 86 3 10
54 87 3 8
54 88 2 4
54 90 7 5
54 91 7 3
54 93 8 3
54 94 10 4
54 96 8 2
54 97 9 3
54 99 9 5
54 100 6 6
55 61 4 6
55 62 3 5
55 63 2 5
55 64 6 8
55 65 7 4
55 66 4 10
55 67 9 10
55 69 10 9
55 72 8 3
55 74 2 3
55 75 3 1
55 76 2 10
55 77 1 6
55 78 6 8
55 79 1 6
55 80 5 6
55 81 8 4
55 82 8 10
55 83 7 7
55 84 5 8
55 85 8 10
55 86 7 1
55 87 7 9
55 88 3 6
55 90 4 8
55 92 6 5
55 93 5 4
55 95 2 2
55 96 7 5
55 97 7 4
55 98 5 5
55 99 9 10
55 100 8 3
56 57 8 2
56 58 6 10
56 59 6 1
56 60 2 7
56 61 2 10
56 62 2 4
56 63 9 9
56 64 9 6
56 65 7 7
56 66 1 4
56 67 6 9
56 70 10 3
56 71 1 5
56 72 8 6
56 73 2 8
56 74 8 7
56 75 1 7
56 76 8 4
56 77 6 10
56 78 8 4
56 79 6 9
56 80 4 5
56 81 3 4
56 84 8 10
56 86 10 8
56 87 8 9
56 88 4 3
56 89 9 3
56 90 10 10
56 91 5 8
56 92 9 10
56 93 7 8
56 94 10 7
56 95 5 1
56 96 3 1
56 97 5 5
56 98 7 3
56 99 7 2
56 100 1 9
57 58 3 5
57 59 9 4
57 60 2 2
57 62 9 9
57 63 3 2
57 64 1 5
57 65 6 4
57 67 10 2
57 68 1 3
57 69 6 2
57 70 7 7
57 71 8 10
57 73 1 10
57 74 2 2
57 77 5 5
57 78 9 10
57 81 9 8
57 83 8 7
57 84 3 4
57 85 7 5
57 86 8 9
57 88 4 1
57 89 6 6
57 91 7 9
57 92 9 4
57 93 1 10
57 94 6 3
57 95 5 9
57 96 8 10
57 97 5 1
57 98 4 5
57 99 2 5
57 100 1 2
58 59 1 4
58 60 9 9
58 61 6 6
58 62 9 3
58 64 5 4
58 65 7 9
58 66 6 5
58 67 3 6
58 68 7 8
58 71 8 9
58 72 4 1
58 73 4 10
58 74 1 5
58 75 7 6
58 77 5 3
58 78 2 9
58 79 7 6
58 82 8 3
58 83 8 6
58 84 7 4
58 85 9 2
58 88 4 4
58 89 6 6
58 90 8 8
58 91 10 6
58 92 3 6
58 93 1 5
58 94 3 6
58 95 10 5
58 96 8 5
58 97 4 1
58 98 6 9
58 100 3 7
59 60 4 9
59 61 1 6
59 62 6 8
59 64 3 8
59 65 2 5
59 66 2 1
59 67 8 4
59 69 7 1
59 70 10 2
59 72 1 9
59 73 4 9
59 74 2 5
59 75 7 1
59 76 9 10
59 77 4 10
59 79 6 2
59 80 2 7
59 81 6 2
59 82 6 5
59 83 2 10
59 84 8 5
59 85 1 4
59 86 9 2
59 87 6 10
59 88 3 10
59 89 6 3
59 91 3 9
59 92 9 2
59 93 2 4
59 94 8 10
59 95 5 5
59 96 10 10
59 97 4 6
59 98 1 5
59 100 3 3
60 61 8 8
60 62 6 8
60 63 7 8
60 64 7 1
60 66 1 1
60 68 2 3
60 69 6 9
60 70 4 6
60 71 4 10
60 72 10 9
60 73 5 10
60 74 2 5
60 75 4 7
60 76 1 1
60 77 5 9
60 78 7 3
60 79 9 7
60 80 8 5
60 81 8 9
60 83 2 4
60 84 10 9
60 85 1 4
60 86 7 1
60 87 4 9
60 88 6 1
60 89 6 9
60 90 7 5
60 91 2 8
60 92 9 2
60 93 5 5
60 94 10 2
60 96 3 2
60 97 9 8
60 100 10 4
61 62 6 2
61 63 9 8
61 65 6 2
61 66 7 7
61 68 10 3
61 69 6 4
61 71 1 6
61 72 7 9
61 73 8 4
61 74 4 3
61 75 7 4
61 76 7 5
61 77 4 4
61 79 3 9
61 80 7 10
61 83 8 5
61 84 5 9
61 85 3 2
61 86 8 4
61 88 4 6
61 89 4 1
61 90 8 4
61 91 5 6
61 93 6 8
61 94 6 3
61 95 4 10
61 96 5 8
61 97 1 2
61 99 9 3
61 100 10 8
62 64 4 5
62 65 3 10
62 66 8 4
62 67 10 7
62 68 10 6
62 69 7 3
62 70 7 8
62 71 3 3
62 72 5 7
62 73 5 3
62 74 4 4
62 75 4 2
62 76 9 6
62 77 3 9
62 78 3 8
62 79 1 10
62 80 7 7
62 81 7 5
62 82 4 4
62 83 6 5
62 84 8 2
62 85 6 7
62 86 7 3
62 87 10 7
62 88 5 2
62 89 2 10
62 90 5 3
62 92 7 7
62 93 3 6
62 94 6 1
62 95 8 8
62 96 10 2
62 97 6 7
62 98 3 6
62 100 2 8
63 64 4 4
63 66 5 5
63 67 1 1
63 68 8 3
63 69 9 7
63 71 9 8
63 72 1 3
63 73 1 1
63 74 6 6
63 75 2 1
63 76 4 2
63 77 8 10
63 78 5 1
63 79 9 3
63 81 1 2
63 82 8 9
63 83 6 6
63 84 5 1
63 85 4 6
63 86 3 10
63 87 6 5
63 88 8 4
63 89 5 2
63 90 7 1
63 91 4 2
63 92 9 4
63 93 6 5
63 94 5 4
63 96 7 7
63 97 3 1
63 98 3 4
63 99 7 1
63 100 1 8
64 65 2 7
64 66 1 5
64 68 5 9
64 70 4 10
64 72 4 10
64 73 6 7
64 74 1 6
64 75 4 10
64 76 2 4
64 78 10 6
64 81 6 5
64 82 3 6
64 83 4 4
64 85 2 8
64 86 4 1
64 87 5 9
64 88 8 10
64 89 7 7
64 91 1 5
64 93 9 1
64 94 5 7
64 95 4 7
64 96 2 5
64 97 2 8
64 99 2 7
64 100 1 5
65 66 9 5
65 69 8 8
65 71 1 10
65 72 9 4
65 73 7 4
65 74 6 3
65 75 9 8
65 77 1 9
65 78 2 4
65 79 6 3
65 80 10 1
65 83 9 10
65 84 5 10
65 85 4 8
65 86 3 2
65 88 10 9
65 89 3 8
65 91 10 7
65 92 10 9
65 93 7 1
65 94 9 3
65 96 2 8
65 97 9 5
65 98 6 9
66 68 9 2
66 69 5 1
66 70 2 6
66 71 8 6
66 72 10 8
66 73 9 5
66 74 9 6
66 75 1 10
66 76 6 10
66 77 1 9
66 78 7 4
66 79 7 7
66 80 7 10
66 82 7 6
66 83 2 5
66 84 5 9
66 87 8 4
66 88 7 9
66 90 10 9
66 91 3 1
66 92 4 2
66 93 5 5
66 94 1 10
66 95 7 6
66 97 10 1
66 98 5 8
66 100 10 9
67 69 6 2
67 70 2 3
67 71 7 6
67 72 9 7
67 74 8 5
67 76 7 8
67 77 6 10
67 78 10 10
67 79 8 1
67 80 3 1
67 81 9 3
67 82 10 10
67 83 7 8
67 84 1 7
67 85 2 4
67 86 8 2
67 87 5 2
67 88 1 9
67 90 9 8
67 91 9 8
67 93 8 2
67 95 8 9
67 96 6 4
67 98 10 6
67 99 6 7
67 100 4 1
68 70 10 10
68 72 7 8
68 74 10 10
68 75 1 3
68 76 10 3
68 77 2 10
68 78 9 8
68 79 6 8
68 81 6 5
68 82 2 6
68 84 10 2
68 86 4 3
68 87 6 2
68 88 7 6
68 89 5 2
68 90 3 8
68 91 4 4
68 92 4 4
68 93 7 7
68 95 8 4
68 97 5 8
68 98 1 10
68 99 10 5
69 70 2 1
69 71 1 8
69 72 2 3
69 74 8 5
69 75 9 9
69 76 9 5
69 78 10 5
69 79 2 8
69 80 10 8
69 81 10 2
69 82 4 3
69 83 7 10
69 84 4 10
69 85 8 7
69 86 10 10
69 88 7 9
69 90 3 2
69 91 3 8
69 92 4 4
69 93 8 1
69 94 8 4
69 95 1 6
69 96 4 6
69 97 2 4
69 98 2 3
69 99 2 2
69 100 5 6
70 73 10 5
70 74 1 1
70 75 8 8
70 76 5 1
70 77 2 3
70 78 1 2
70 79 8 3
70 80 3 1
70 81 8 5
70 82 10 6
70 85 8 7
70 86 8 7
70 88 4 3
70 89 1 5
70 90 7 10
70 93 6 4
70 94 3 5
70 95 3 7
70 96 10 6
70 97 2 5
70 98 8 1
70 99 9 9
70 100 4 9
71 74 7 3
71 75 6 4
71 76 1 1
71 77 2 8
71 78 1 5
71 79 1 10
71 80 6 4
71 81 10 10
71 82 10 4
71 83 4 6
71 84 8 4
71 85 8 1
71 86 2 9
71 87 2 1
71 89 5 10
71 90 1 2
71 91 1 3
71 92 3 8
71 93 2 4
71 95 10 10
71 97 10 3
71 98 6 1
71 99 10 1
72 73 5 3
72 76 7 5
72 78 9 4
72 79 10 6
72 80 4 2
72 81 8 2
72 82 5 6
72 83 8 4
72 84 9 7
72 85 4 5
72 87 3 10
72 88 9 3
72 89 10 6
72 90 1 3
72 91 8 6
72 92 1 7
72 93 9 9
72 94 3 7
72 95 6 7
72 96 8 5
72 97 4 9
72 98 2 9
72 99 5 5
72 100 9 7
73 74 2 7
73 75 2 3
73 76 2 5
73 78 10 8
73 79 10 4
73 80 9 1
73 81 8 7
73 82 9 4
73 83 2 4
73 84 5 1
73 85 8 3
73 89 5 6
73 90 10 6
73 91 9 7
73 92 3 6
73 95 5 9
73 96 5 8
73 97 4 9
73 98 8 6
73 99 6 7
73 100 10 4
74 75 4 9
74 76 6 5
74 77 9 9
74 78 6 2
74 79 7 9
74 80 9 6
74 81 2 1
74 83 1 7
74 86 9 10
74 87 4 9
74 90 9 10
74 91 2 8
74 92 2 8
74 93 5 8
74 94 10 1
74 95 10 10
74 97 8 4
74 98 6 3
74 99 9 7
74 100 1 4
75 76 2 2
75 77 1 10
75 78 7 5
75 79 7 1
75 80 7 3
75 83 7 6
75 84 5 5
75 85 6 1
75 90 9 9
75 91 2 8
75 92 9 10
75 93 2 2
75 94 9 5
75 95 5 4
75 96 9 2
75 97 7 4
75 98 9 5
75 99 2 2
75 100 9 7
76 77 7 4
76 78 8 10
76 81 5 1
76 82 8 9
76 83 2 1
76 84 5 7
76 85 9 2
76 86 4 10
76 87 1 8
76 88 6 10
76 89 10 1
76 91 8 10
76 93 1 9
76 94 5 6
76 95 8 1
76 96 7 8
76 97 2 10
76 99 10 5
76 100 9 6
77 78 5 1
77 79 9 7
77 80 8 7
77 81 10 6
77 82 3 8
77 83 2 2
77 84 3 7
77 85 10 2
77 86 1 7
77 87 1 4
77 88 1 1
77 89 5 9
77 91 6 8
77 92 4 4
77 93 2 9
77 95 9 3
77 96 8 8
77 97 3 1
77 98 5 1
77 99 7 8
77 100 7 9
78 80 4 6
78 81 1 3
78 82 3 10
78 83 3 8
78 84 5 7
78 85 4 7
78 86 5 6
78 87 3 9
78 89 2 6
78 90 7 4
78 91 7 3
78 92 6 1
78 93 10 6
78 94 1 10
78 95 4 6
78 96 3 1
78 97 2 3
78 98 3 6
78 99 1 7
78 100 10 4
79 80 1 3
79 81 6 3
79 82 7 1
79 84 6 7
79 86 10 6
79 87 10 1
79 88 8 10
79 89 2 3
79 90 4 6
79 91 5 7
79 96 6 7
79 97 1 5
79 98 7 1
79 99 5 4
80 83 3 4
80 84 4 4
80 85 4 10
80 86 8 2
80 89 6 10
80 91 10 3
80 92 4 2
80 94 1 3
80 95 4 1
80 97 5 9
80 98 6 4
80 99 9 1
80 100 1 5
81 83 1 4
81 84 1 6
81 85 3 6
81 86 5 8
81 88 7 10
81 89 5 2
81 90 6 6
81 91 4 2
81 92 4 1
81 93 6 1
81 94 8 2
81 95 5 7
81 96 6 2
81 97 10 4
81 98 4 9
81 99 7 3
81 100 10 2
82 83 4 1
82 84 1 5
82 86 7 8
82 87 3 10
82 88 4 5
82 93 9 6
82 94 10 1
82 95 1 3
82 96 6 10
82 97 4 7
82 98 5 6
82 100 9 3
83 85 2 7
83 86 10 10
83 87 7 5
83 88 1 9
83 89 10 4
83 92 10 7
83 93 4 10
83 94 7 4
83 95 6 8
83 97 7 2
83 98 7 4
83 99 4 6
83 100 10 4
84 85 6 6
84 86 7 10
84 91 4 4
84 92 2 1
84 93 7 2
84 95 7 8
84 96 8 8
84 98 5 7
84 99 2 6
84 100 1 5
85 86 6 10
85 87 2 2
85 88 4 9
85 89 7 10
85 90 8 3
85 91 2 9
85 92 9 7
85 93 3 1
85 94 3 10
85 95 1 10
85 96 4 4
85 97 8 3
85 98 1 5
85 99 5 3
85 100 8 6
86 87 5 8
86 88 5 2
86 89 5 6
86 90 7 10
86 91 1 1
86 92 10 7
86 93 9 1
86 94 4 3
86 95 10 6
86 96 7 9
86 97 9 9
86 98 1 4
86 99 1 2
86 100 10 2
87 88 8 4
87 89 6 2
87 91 6 6
87 92 2 3
87 94 5 9
87 95 3 2
87 96 9 2
87 97 9 10
87 99 1 5
87 100 3 9
88 90 7 6
88 91 8 3
88 92 1 6
88 93 6 10
88 94 2 3
88 97 2 3
88 99 1 5
88 100 2 3
89 90 10 5
89 94 5 6
89 95 1 4
89 96 3 3
89 98 10 7
89 99 5 6
89 100 4 7
90 91 3 5
90 92 5 8
90 93 5 5
90 94 3 6
90 95 5 5
90 96 8 2
90 97 3 10
90 98 4 5
90 100 3 3
91 92 7 10
91 93 8 6
91 94 7 7
91 95 9 1
91 96 6 2
91 97 7 5
91 98 6 1
91 100 10 2
92 93 5 1
92 94 8 3
92 97 1 10
92 98 10 4
92 99 2 7
92 100 9 9
93 94 5 5
93 95 3 7
93 96 2 6
93 98 6 10
93 99 8 7
93 100 2 6
94 96 4 5
94 98 8 1
94 100 9 4
95 96 7 3
95 97 6 5
95 98 6 9
96 97 8 3
96 98 6 8
96 99 9 5
96 100 3 10
97 98 9 3
97 99 2 1
97 100 10 8
98 99 10 7
98 100 10 3
99 100 2 3
1
1 2 3 4 5 6 7 8 9 10 11 12 13 14 15 16 17 18 19 20 21 22 23 24 25 26 27 28 29 30 31 32 33 34 35 36 37 38 39 40 41 42 43 44 45 46 47 48 49 50
