3967
1 2 4 3
1 3 4 8
1 6 3 1
1 7 7 8
1 8 4 5
1 10 3 5
1 12 2 8
1 13 10 8
1 14 4 2
1 15 8 6
1 16 6 4
1 17 2 9
1 18 8 2
1 19 7 6
1 20 10 8
1 21 5 9
1 22 5 3
1 23 4 1
1 25 2 9
1 26 9 7
1 27 6 7
1 28 2 10
1 31 6 3
1 32 3 9
1 33 2 6
1 34 10 10
1 35 7 10
1 37 3 7
1 38 3 4
1 39 4 7
1 40 2 6
1 41 4 1
1 43 3 8
1 44 1 8
1 45 5 6
1 47 5 9
1 48 4 8
1 49 5 2
1 50 4 9
1 51 9 4
1 52 7 2
1 53 7 5
1 54 3 7
1 55 7 8
1 56 1 4
1 59 7 10
1 61 1 6
1 62 4 6
1 63 3 3
1 64 7 5
1 65 9 2
1 67 2 5
1 68 3 1
1 69 6 8
1 71 10 8
1 72 10 5
1 73 5 5
1 75 8 1
1 77 9 9
1 78 3 8
1 79 3 1
1 81 2 7
1 82 6 7
1 83 5 5
1 84 7 8
1 85 5 2
1 86 5 2
1 87 8 6
1 88 4 7
1 89 5 3
1 90 8 7
1 91 2 9
1 92 6 9
1 93 7 8
1 94 3 4
1 95 2 3
1 96 6 4
1 97 2 8
1 98 8 2
1 100 8 9
2 3 7 9
2 5 5 7
2 6 2 5
2 7 8 3
2 9 2 3
2 10 8 5
2 11 10 1
2 12 6 10
2 13 3 9
2 15 5 6
2 16 1 2
2 17 4 3
2 19 2 3
2 20 7 6
2 22 9 10
2 23 10 8
2 24 10 5
2 25 4 2
2 27 5 8
2 28 4 10
2 30 3 3
2 31 1 10
2 34 1 6
2 36 3 8
2 37 6 3
2 39 10 4
2 40 2 9
2 41 7 2
2 42 4 7
2 43 6 6
2 44 9 4
2 45 9 3
2 46 4 9
2 47 6 1
2 48 7 3
2 50 7 4
2 52 4 3
2 53 4 3
2 54 2 5
2 55 7 2
2 56 2 10
2 57 1 8
2 60 5 3
2 62 9 5
2 63 3 3
2 64 2 3
2 66 7 7
2 67 9 6
2 68 1 8
2 69 3 3
2 71 10 2
2 72 2 6
2 73 6 7
2 74 8 9
2 75 4 5
2 76 7 2
2 77 5 9
2 79 9 4
2 80 9 8
2 81 2 5
2 82 3 7
2 84 2 6
2 88 4 9
2 89 2 5
2 90 2 8
2 91 7 5
2 92 3 7
2 93 4 6
2 95 2 6
2 96 7 3
2 97 7 10
2 98 6 8
2 100 5 8
3 4 4 4
3 7 2 4
3 8 3 4
3 9 8 6
3 10 9 9
3 11 9 7
3 12 9 7
3 13 4 8
3 14 3 4
3 15 1 8
3 16 6 5
3 17 4 2
3 18 7 2
3 19 2 4
3 20 8 10
3 21 8 1
3 22 2 3
3 23 10 7
3 24 9 4
3 25 8 5
3 26 2 4
3 27 7 9
3 28 6 7
3 29 5 5
3 30 7 1
3 31 3 6
3 32 8 4
3 33 7 6
3 34 9 6
3 35 5 3
3 36 9 2
3 37 10 3
3 38 10 8
3 39 8 7
3 40 10 9
3 41 4 10
3 42 3 1
3 45 6 8
3 46 3 6
3 47 4 2
3 48 1 6
3 51 3 5
3 53 6 2
3 55 7 4
3 57 6 4
3 58 1 10
3 59 7 9
3 60 4 4
3 62 10 3
3 63 2 7
3 64 5 2
3 65 4 7
3 67 10 7
3 68 3 1
3 69 5 5
3 71 6 4
3 72 2 8
3 73 10 8
3 74 2 5
3 75 1 1
3 76 1 7
3 78 6 9
3 79 7 8
3 80 1 7
3 81 4 9
3 82 7 10
3 83 1 2
3 84 4 7
3 85 5 9
3 86 1 7
3 87 10 4
3 89 1 4
3 90 5 9
3 91 4 9
3 92 7 4
3 94 6 7
3 95 3 9
3 96 9 9
3 97 7 9
3 98 6 7
3 99 9 2
3 100 6 1
4 5 2 6
4 6 9 10
4 7 1 7
4 8 4 8
4 9 4 10
4 10 8 5
4 11 2 9
4 14 2 2
4 15 2 8
4 16 3 10
4 17 6 2
4 18 8 6
4 19 10 4
4 20 8 4
4 21 8 3
4 22 3 2
4 23 5 5
4 24 2 8
4 25 7 1
4 27 2 6
4 28 8 4
4 29 3 6
4 30 4 4
4 31 1 2
4 33 3 5
4 34 6 6
4 36 5 7
4 37 5 5
4 39 10 9
4 40 3 5
4 41 2 3
4 42 3 9
4 43 4 9
4 45 6 10
4 46 1 10
4 47 6 6
4 48 10 5
4 49 8 2
4 50 2 3
4 51 5 3
4 52 7 7
4 54 7 2
4 55 1 2
4 56 3 4
4 58 6 3
4 59 5 7
4 60 7 5
4 61 1 1
4 62 7 8
4 63 3 4
4 64 6 4
4 65 8 5
4 66 8 5
4 67 9 4
4 68 3 6
4 69 1 6
4 70 8 5
4 71 3 1
4 72 10 1
4 74 7 2
4 76 7 9
4 77 10 6
4 78 4 2
4 79 8 6
4 80 10 3
4 81 3 1
4 82 7 10
4 86 1 6
4 88 3 8
4 89 8 4
4 90 1 5
4 91 3 10
4 93 1 6
4 94 2 10
4 95 8 10
4 97 1 8
4 98 5 7
4 100 1 10
5 6 4 9
5 9 8 7
5 10 5 7
5 12 6 10
5 13 6 5
5 14 4 10
5 16 1 7
5 18 2 2
5 21 7 6
5 22 2 4
5 23 9 5
5 24 2 6
5 25 10 1
5 27 9 3
5 28 4 2
5 29 10 8
5 30 2 10
5 31 8 6
5 32 8 2
5 33 6 4
5 34 8 8
5 35 8 9
5 37 3 6
5 38 8 1
5 39 2 8
5 40 10 3
5 42 4 7
5 43 9 10
5 44 3 3
5 45 7 10
5 46 5 4
5 48 7 8
5 50 3 8
5 51 4 6
5 52 2 10
5 53 1 6
5 54 3 7
5 55 8 4
5 56 5 6
5 57 7 6
5 58 9 3
5 59 10 5
5 60 5 9
5 61 8 7
5 63 5 9
5 64 2 2
5 65 10 3
5 66 5 1
5 68 2 7
5 69 7 4
5 70 9 10
5 72 2 9
5 73 5 8
5 75 7 1
5 76 5 1
5 78 8 4
5 79 8 3
5 81 1 1
5 83 6 4
5 84 2 4
5 85 3 7
5 88 10 9
5 89 6 10
5 90 5 6
5 91 5 4
5 92 4 9
5 93 2 6
5 94 4 3
5 95 6 9
5 96 9 3
5 97 6 2
5 98 1 6
5 99 1 9
5 100 2 2
6 7 10 4
6 9 5 10
6 10 8 9
6 11 3 1
6 12 10 3
6 13 10 9
6 14 5 4
6 15 6 4
6 16 10 9
6 19 4 8
6 20 5 1
6 22 8 4
6 23 10 8
6 24 4 4
6 25 4 9
6 26 4 7
6 28 3 3
6 29 2 3
6 33 8 8
6 34 7 4
6 36 5 5
6 37 8 8
6 39 8 9
6 41 4 4
6 42 6 1
6 43 9 5
6 44 4 7
6 45 4 8
6 47 3 8
6 48 7 7
6 49 6 6
6 51 9 4
6 52 10 7
6 54 9 4
6 55 5 5
6 56 1 5
6 57 4 5
6 58 7 10
6 59 5 1
6 60 9 9
6 61 10 7
6 62 5 9
6 63 2 5
6 64 1 9
6 65 4 8
6 66 10 4
6 67 7 8
6 68 3 2
6 69 5 3
6 70 5 3
6 71 5 3
6 72 9 7
6 73 2 4
6 74 10 8
6 76 5 10
6 77 5 3
6 78 9 6
6 80 6 3
6 81 2 6
6 82 2 7
6 83 7 7
6 85 4 8
6 86 2 9
6 88 4 10
6 90 2 10
6 91 1 5
6 92 3 3
6 94 1 1
6 95 3 6
6 96 10 5
6 97 2 4
6 100 4 4
7 9 1 8
7 11 5 2
7 12 7 8
7 13 2 9
7 14 6 4
7 15 6 4
7 17 3 3
7 18 7 2
7 19 8 6
7 20 4 3
7 23 5 2
7 24 5 7
7 26 3 6
7 27 8 9
7 28 4 1
7 29 7 10
7 30 9 7
7 32 6 9
7 33 6 9
7 34 8 1
7 35 3 3
7 36 9 3
7 37 9 6
7 40 3 5
7 41 6 2
7 42 1 8
7 43 5 5
7 44 8 9
7 45 3 4
7 46 6 9
7 47 1 6
7 49 10 4
7 50 7 1
7 51 3 9
7 52 4 6
7 54 5 8
7 55 4 3
7 56 9 9
7 58 2 5
7 59 6 4
7 60 8 4
7 61 3 8
7 62 9 9
7 63 2 10
7 65 5 5
7 68 5 5
7 69 10 1
7 71 5 7
7 72 2 7
7 73 7 9
7 74 2 5
7 76 7 4
7 77 10 6
7 78 2 3
7 79 1 1
7 80 10 5
7 81 7 7
7 82 3 3
7 83 10 2
7 85 4 2
7 86 2 5
7 87 4 9
7 88 5 5
7 89 3 8
7 90 7 9
7 91 1 3
7 92 9 4
7 94 10 5
7 95 3 1
7 96 5 5
7 97 8 8
7 99 10 10
7 100 10 9
8 13 4 8
8 14 8 6
8 15 5 8
8 16 7 7
8 17 7 7
8 19 1 2
8 20 7 5
8 21 2 1
8 22 3 5
8 23 1 1
8 24 6 1
8 25 4 3
8 26 8 10
8 28 2 1
8 29 10 2
8 30 6 8
8 31 1 7
8 32 8 7
8 33 6 6
8 34 8 1
8 35 9 6
8 37 2 1
8 38 8 5
8 39 2 7
8 40 1 9
8 41 3 7
8 42 8 8
8 44 5 9
8 46 1 8
8 48 8 7
8 49 9 4
8 50 1 7
8 51 3 5
8 54 4 7
8 55 10 7
8 56 6 8
8 58 1 2
8 59 8 9
8 60 10 10
8 62 5 6
8 63 1 9
8 64 10 2
8 66 3 1
8 67 1 2
8 68 9 7
8 69 4 9
8 70 10 9
8 71 2 5
8 72 5 6
8 73 8 1
8 74 2 8
8 75 3 6
8 76 3 2
8 77 10 10
8 78 1 8
8 79 5 1
8 81 9 8
8 83 3 10
8 84 6 3
8 85 1 3
8 86 6 5
8 87 3 9
8 88 7 1
8 89 2 6
8 90 7 7
8 91 1 2
8 92 5 2
8 93 9 7
8 94 9 3
8 95 4 9
8 96 10 9
8 97 8 9
8 98 1 2
8 99 6 3
8 100 7 8
9 10 1 2
9 11 4 1
9 12 1 7
9 13 5 7
9 15 1 4
9 16 8 6
9 19 2 10
9 20 1 10
9 21 1 2
9 22 1 10
9 23 4 4
9 24 4 5
9 25 7 6
9 26 9 5
9 28 6 2
9 31 1 3
9 32 4 9
9 33 10 2
9 34 2 8
9 35 10 4
9 36 2 4
9 37 8 4
9 38 9 2
9 40 5 1
9 41 8 4
9 43 4 5
9 44 9 4
9 45 3 1
9 46 9 10
9 47 7 10
9 48 1 5
9 49 9 3
9 50 3 7
9 51 6 9
9 52 1 1
9 53 4 6
9 54 1 3
9 55 10 1
9 56 2 6
9 57 9 5
9 58 10 3
9 59 8 4
9 60 3 5
9 61 5 6
9 62 10 10
9 63 5 4
9 64 8 2
9 65 2 7
9 67 3 3
9 68 6 2
9 69 4 7
9 72 4 3
9 74 3 9
9 75 10 2
9 76 5 5
9 77 10 9
9 78 5 4
9 79 2 2
9 80 9 3
9 81 7 5
9 82 1 4
9 83 1 10
9 84 10 6
9 85 1 6
9 86 7 4
9 87 9 6
9 88 6 7
9 89 6 4
9 90 6 8
9 91 7 10
9 92 3 1
9 93 2 2
9 96 7 5
9 97 1 8
9 98 9 8
9 99 5 10
10 11 2 8
10 13 5 4
10 14 7 3
10 15 2 7
10 16 10 5
10 17 5 3
10 18 4 6
10 19 8 4
10 20 3 7
10 22 9 3
10 23 10 3
10 24 8 8
10 25 2 7
10 26 6 7
10 27 2 8
10 28 6 5
10 31 2 2
10 32 3 8
10 33 7 8
10 34 9 3
10 35 2 5
10 36 9 4
10 37 5 1
10 38 5 4
10 39 6 7
10 40 5 8
10 42 9 10
10 43 4 8
10 44 3 7
10 45 10 5
10 46 4 1
10 47 7 2
10 48 5 10
10 51 7 2
10 53 1 5
10 54 3 2
10 56 7 2
10 57 9 8
10 61 7 10
10 62 8 5
10 63 9 3
10 64 9 2
10 65 7 10
10 66 7 6
10 67 8 1
10 68 9 2
10 69 4 7
10 70 4 1
10 73 8 2
10 74 4 5
10 75 8 8
10 76 10 2
10 77 3 3
10 78 10 3
10 80 1 10
10 81 6 3
10 82 7 5
10 83 5 2
10 84 9 5
10 86 1 2
10 87 9 3
10 88 6 5
10 89 6 10
10 90 4 4
10 92 8 7
10 94 1 5
10 95 1 3
10 96 9 9
10 97 5 4
10 99 1 1
10 100 1 6
11 12 9 8
11 13 1 8
11 15 6 8
11 16 5 10
11 17 9 6
11 18 5 6
11 19 8 9
11 20 10 2
11 21 8 5
11 22 5 4
11 23 8 6
11 24 1 4
11 26 4 7
11 27 10 8
11 28 2 7
11 29 6 6
11 30 4 9
11 33 2 6
11 35 7 3
11 36 3 1
11 37 5 7
11 38 4 5
11 40 4 6
11 41 4 6
11 43 6 9
11 44 8 2
11 45 5 6
11 48 3 7
11 49 9 7
11 50 8 2
11 51 2 2
11 52 5 8
11 54 4 10
11 55 4 4
11 56 9 2
11 57 8 3
11 58 7 3
11 59 8 1
11 61 3 3
11 62 6 2
11 63 7 9
11 64 7 10
11 66 10 3
11 67 7 6
11 68 8 1
11 69 4 9
11 70 4 7
11 71 6 6
11 72 1 1
11 74 6 5
11 75 5 2
11 76 3 1
11 78 6 1
11 79 1 1
11 80 1 9
11 81 7 4
11 82 4 4
11 83 10 6
11 85 9 7
11 86 4 1
11 88 9 2
11 89 10 6
11 90 9 6
11 91 3 1
11 94 7 10
11 95 3 1
11 96 9 8
11 98 4 2
11 99 2 9
12 14 2 4
12 15 8 2
12 16 5 7
12 17 5 6
12 18 7 10
12 19 9 5
12 20 9 3
12 22 4 3
12 23 10 10
12 27 2 6
12 29 8 3
12 30 10 1
12 32 6 1
12 33 1 10
12 34 4 4
12 35 8 9
12 36 1 8
12 37 4 3
12 38 8 10
12 39 2 6
12 40 7 6
12 41 7 5
12 42 8 9
12 43 9 4
12 45 6 3
12 47 6 5
12 49 4 8
12 50 2 6
12 51 7 1
12 52 10 10
12 53 4 7
12 54 5 1
12 55 7 5
12 56 3 4
12 58 7 5
12 59 5 2
12 62 9 7
12 63 10 4
12 64 5 10
12 65 7 8
12 66 9 8
12 68 9 10
12 69 5 4
12 70 2 10
12 71 8 7
12 73 3 2
12 74 5 4
12 76 8 10
12 77 10 4
12 78 5 9
12 79 3 8
12 81 8 10
12 82 5 3
12 83 5 2
12 85 1 9
12 86 10 2
12 87 6 1
12 88 1 1
12 89 3 1
12 91 3 1
12 92 9 3
12 93 8 8
12 94 9 2
12 95 1 7
12 97 7 6
12 98 5 10
12 99 3 9
12 100 4 3
13 16 9 5
13 19 1 10
13 20 5 1
13 21 7 7
13 22 9 5
13 23 1 8
13 24 4 10
13 25 10 3
13 26 10 4
13 27 5 3
13 28 3 7
13 30 1 4
13 31 5 9
13 32 7 4
13 33 2 8
13 35 3 9
13 36 5 2
13 37 4 5
13 38 5 7
13 39 1 5
13 40 10 8
13 42 1 6
13 43 6 9
13 45 7 7
13 46 5 7
13 47 3 4
13 48 2 4
13 49 5 7
13 51 6 7
13 52 2 10
13 53 1 3
13 54 3 1
13 55 8 10
13 56 2 2
13 57 2 4
13 59 2 8
13 60 8 1
13 61 5 8
13 62 7 1
13 63 5 7
13 64 5 1
13 65 9 8
13 67 3 1
13 68 8 6
13 69 2 6
13 70 2 2
13 73 3 10
13 74 7 10
13 75 6 9
13 76 4 1
13 77 7 9
13 78 8 5
13 79 4 8
13 80 7 10
13 82 9 5
13 83 4 2
13 84 9 9
13 85 4 7
13 86 7 10
13 87 8 2
13 88 6 2
13 89 3 10
13 90 1 8
13 91 3 1
13 92 10 9
13 93 6 5
13 95 2 9
13 97 9 10
13 98 3 7
13 99 10 7
13 100 5 6
14 15 2 3
14 16 10 1
14 17 3 8
14 18 8 4
14 20 6 4
14 23 4 2
14 24 9 5
14 25 1 3
14 27 3 2
14 28 5 6
14 29 9 5
14 30 7 3
14 31 7 1
14 32 8 2
14 33 2 8
14 34 1 3
14 36 5 1
14 37 5 6
14 38 6 10
14 40 8 5
14 41 6 6
14 43 9 10
14 44 10 10
14 45 7 3
14 46 7 3
14 47 9 3
14 49 1 7
14 50 9 10
14 52 6 10
14 53 5 8
14 55 1 6
14 56 8 8
14 57 6 8
14 58 4 6
14 60 6 5
14 62 2 1
14 67 3 6
14 68 9 2
14 70 1 2
14 71 8 1
14 72 4 7
14 73 6 4
14 75 3 8
14 76 6 6
14 77 4 6
14 78 6 2
14 80 4 9
14 81 4 2
14 82 10 5
14 83 5 2
14 85 5 7
14 86 7 6
14 87 8 7
14 88 2 5
14 89 9 8
14 90 10 8
14 91 9 2
14 92 5 10
14 93 1 1
14 94 10 1
14 95 4 7
14 96 4 10
14 97 3 5
14 98 1 7
14 100 10 6
15 16 10 8
15 17 10 2
15 18 3 4
15 19 6 2
15 21 8 6
15 22 3 10
15 23 7 5
15 25 5 1
15 26 1 1
15 27 6 6
15 29 10 10
15 30 7 7
15 33 5 5
15 34 5 6
15 35 4 6
15 36 4 7
15 37 2 1
15 40 7 8
15 41 7 2
15 42 4 7
15 43 1 3
15 44 8 8
15 45 10 1
15 46 5 5
15 47 6 1
15 48 2 4
15 49 10 7
15 50 6 3
15 51 6 10
15 52 5 7
15 53 4 5
15 54 3 6
15 55 7 10
15 57 4 8
15 58 2 7
15 60 5 5
15 61 4 3
15 62 8 9
15 63 8 5
15 64 3 7
15 65 9 8
15 66 4 2
15 67 6 2
15 68 5 3
15 69 5 6
15 70 6 8
15 72 10 2
15 73 1 2
15 74 4 9
15 75 9 8
15 76 3 6
15 77 4 3
15 78 4 8
15 79 10 1
15 81 4 3
15 82 1 8
15 83 3 6
15 86 8 7
15 87 1 2
15 88 1 5
15 89 6 1
15 91 5 1
15 92 5 7
15 93 2 3
15 94 5 2
15 95 5 2
15 96 6 8
15 97 8 2
15 99 7 4
16 18 8 8
16 19 2 9
16 21 6 3
16 22 5 4
16 23 4 9
16 24 8 5
16 25 1 8
16 26 10 3
16 27 10 2
16 28 4 9
16 30 10 2
16 31 8 7
16 34 9 1
16 35 7 4
16 36 5 9
16 37 1 5
16 39 6 10
16 40 1 4
16 41 2 3
16 42 6 4
16 44 8 3
16 47 5 6
16 48 10 8
16 49 5 9
16 50 4 10
16 51 2 7
16 52 6 7
16 53 7 6
16 55 6 4
16 58 4 2
16 59 1 6
16 61 9 5
16 62 10 8
16 65 10 4
16 66 4 4
16 67 9 3
16 68 5 2
16 69 9 8
16 70 2 10
16 72 8 2
16 73 2 3
16 74 3 5
16 75 1 1
16 77 8 5
16 78 10 1
16 79 10 10
16 80 5 4
16 81 6 10
16 82 4 1
16 83 3 2
16 84 1 5
16 86 6 1
16 87 4 9
16 88 9 1
16 89 1 5
16 90 4 7
16 91 3 4
16 93 8 1
16 94 1 6
16 96 6 10
16 97 5 8
16 98 6 1
16 99 9 1
17 18 3 10
17 19 8 2
17 20 3 9
17 21 5 6
17 22 4 6
17 23 8 2
17 24 2 9
17 26 2 3
17 27 9 4
17 28 9 8
17 29 10 5
17 30 6 8
17 31 2 5
17 33 4 8
17 34 2 4
17 35 4 10
17 36 5 8
17 37 10 9
17 38 4 8
17 39 1 9
17 41 1 2
17 42 2 5
17 43 8 8
17 44 4 6
17 47 10 3
17 48 9 9
17 50 7 1
17 51 5 10
17 52 8 8
17 53 10 5
17 54 10 10
17 55 6 6
17 56 8 9
17 57 3 8
17 59 7 8
17 60 9 2
17 61 2 3
17 62 10 8
17 64 1 2
17 66 1 7
17 67 1 1
17 68 2 1
17 69 2 6
17 71 2 2
17 72 6 1
17 73 10 9
17 74 6 5
17 75 8 10
17 78 2 2
17 79 4 4
17 80 4 4
17 81 5 5
17 82 2 2
17 83 7 10
17 84 7 1
17 85 5 4
17 86 10 4
17 87 5 3
17 88 4 5
17 90 5 3
17 91 9 2
17 93 5 1
17 94 2 8
17 95 3 8
17 96 4 5
17 97 9 5
17 98 5 10
17 100 10 4
18 20 10 3
18 21 10 8
18 23 2 2
18 24 5 6
18 25 7 3
18 26 7 9
18 28 7 8
18 29 2 1
18 31 6 9
18 34 10 6
18 35 1 6
18 36 9 10
18 37 7 4
18 38 10 7
18 39 8 10
18 40 5 9
18 41 6 5
18 42 5 5
18 44 4 9
18 45 3 4
18 46 6 10
18 47 6 3
18 48 1 3
18 49 9 10
18 50 7 1
18 51 10 1
18 52 5 10
18 53 3 9
18 55 6 3
18 56 10 8
18 59 8 9
18 60 3 4
18 61 5 2
18 62 3 10
18 63 5 2
18 64 8 9
18 65 3 5
18 66 7 5
18 68 2 5
18 69 6 7
18 70 4 3
18 71 6 1
18 72 10 7
18 73 10 8
18 74 3 5
18 75 3 2
18 76 10 4
18 79 4 2
18 80 1 4
18 81 5 9
18 82 2 10
18 83 7 6
18 84 9 3
18 85 1 4
18 87 6 3
18 92 5 8
18 93 5 9
18 94 4 1
18 95 1 1
18 96 7 5
18 100 4 5
19 20 5 1
19 21 3 9
19 22 5 4
19 23 8 8
19 24 10 1
19 25 7 7
19 26 2 1
19 27 2 7
19 28 9 7
19 29 4 2
19 31 5 7
19 33 8 2
19 35 8 9
19 37 1 8
19 38 7 5
19 39 2 6
19 40 2 8
19 41 3 1
19 42 2 9
19 43 6 1
19 44 9 9
19 46 5 6
19 47 2 7
19 48 9 4
19 51 6 5
19 52 9 3
19 53 9 5
19 54 6 6
19 55 5 3
19 56 3 5
19 58 4 5
19 60 4 8
19 61 10 1
19 62 4 3
19 63 9 1
19 64 8 1
19 65 2 9
19 66 5 7
19 69 4 5
19 72 1 6
19 74 10 6
19 75 9 10
19 77 6 5
19 78 8 7
19 79 1 1
19 80 3 10
19 81 1 2
19 82 4 5
19 83 9 8
19 84 8 10
19 85 5 5
19 87 1 9
19 88 3 3
19 91 9 8
19 92 7 10
19 93 7 1
19 94 10 6
19 95 1 5
19 96 5 6
19 97 9 9
19 98 1 2
19 99 2 8
19 100 1 5
20 21 2 2
20 22 2 6
20 23 10 9
20 24 8 9
20 25 9 7
20 26 6 1
20 29 10 6
20 30 10 4
20 31 1 3
20 32 8 1
20 33 9 7
20 34 5 4
20 35 7 7
20 36 2 5
20 37 3 3
20 38 5 2
20 39 5 3
20 40 4 10
20 41 3 6
20 42 1 3
20 43 9 1
20 45 6 1
20 46 4 1
20 47 1 2
20 48 7 2
20 49 7 7
20 50 1 3
20 51 4 6
20 52 8 7
20 53 8 10
20 54 6 2
20 55 2 2
20 56 8 2
20 57 8 9
20 58 6 9
20 59 8 3
20 60 8 3
20 61 6 7
20 62 1 10
20 63 2 6
20 64 9 5
20 65 3 3
20 66 8 9
20 67 10 6
20 68 8 10
20 69 6 2
20 70 3 2
20 71 2 6
20 72 9 9
20 73 4 10
20 74 2 8
20 75 7 2
20 76 6 8
20 77 7 6
20 78 9 10
20 79 5 6
20 80 9 9
20 81 5 4
20 82 9 5
20 83 7 2
20 84 2 8
20 85 6 2
20 86 7 8
20 87 5 8
20 88 3 9
20 89 6 8
20 90 9 7
20 91 10 2
20 94 3 1
20 95 2 5
20 96 6 3
20 97 9 8
20 98 6 1
20 99 3 4
20 100 2 7
21 23 3 3
21 26 6 7
21 27 4 4
21 28 7 10
21 29 5 2
21 30 2 9
21 32 8 7
21 34 4 6
21 35 10 5
21 37 9 2
21 38 3 5
21 39 2 3
21 40 6 9
21 41 6 2
21 42 1 6
21 43 1 4
21 45 5 1
21 46 2 10
21 47 7 8
21 48 2 3
21 50 9 9
21 51 2 9
21 52 1 2
21 53 7 4
21 55 2 8
21 56 7 8
21 58 2 8
21 59 7 8
21 60 10 8
21 61 2 3
21 62 8 1
21 63 5 1
21 65 4 6
21 67 9 10
21 68 4 2
21 69 5 1
21 70 8 6
21 71 5 9
21 72 8 10
21 73 4 1
21 74 7 2
21 75 6 4
21 76 4 10
21 77 9 1
21 78 7 5
21 79 3 8
21 80 6 3
21 81 10 4
21 84 3 6
21 86 3 2
21 87 4 9
21 88 5 3
21 89 7 4
21 90 4 3
21 91 10 7
21 92 5 1
21 93 2 1
21 94 3 5
21 95 6 8
21 96 4 6
21 97 4 6
21 99 2 4
21 100 9 5
22 23 1 4
22 24 7 2
22 25 6 10
22 26 9 3
22 27 2 5
22 28 3 9
22 29 4 8
22 31 2 7
22 32 6 4
22 33 2 8
22 35 7 4
22 36 8 3
22 37 2 9
22 38 5 10
22 39 6 5
22 40 10 7
22 41 5 9
22 42 8 7
22 43 3 4
22 44 2 8
22 46 5 2
22 48 5 7
22 49 8 5
22 50 1 7
22 51 10 9
22 52 6 7
22 53 7 6
22 55 8 5
22 57 3 5
22 58 10 6
22 59 5 4
22 60 7 4
22 63 10 5
22 68 4 7
22 69 8 7
22 71 6 6
22 73 6 3
22 74 9 7
22 75 6 9
22 76 5 2
22 77 7 9
22 78 3 6
22 79 1 10
22 80 6 7
22 81 8 6
22 82 1 3
22 83 10 1
22 84 2 10
22 85 3 2
22 90 4 10
22 91 10 6
22 92 4 1
22 93 2 2
22 94 5 5
22 97 4 9
22 98 2 9
22 99 6 6
23 26 10 9
23 27 5 6
23 28 6 10
23 30 9 2
23 31 8 5
23 33 1 5
23 34 4 5
23 35 10 8
23 36 8 8
23 37 6 7
23 39 6 4
23 40 8 3
23 41 7 9
23 44 7 8
23 45 5 1
23 46 8 7
23 47 9 10
23 48 7 3
23 49 2 6
23 52 6 7
23 53 9 2
23 55 10 9
23 56 3 3
23 57 8 10
23 58 1 10
23 59 7 3
23 62 9 9
23 63 10 4
23 64 9 7
23 65 7 8
23 66 2 9
23 68 5 10
23 69 10 7
23 70 3 1
23 71 10 2
23 72 10 1
23 73 7 1
23 74 1 10
23 75 10 7
23 76 6 1
23 77 3 8
23 79 2 7
23 80 1 2
23 81 2 1
23 82 5 8
23 84 8 6
23 86 10 6
23 88 10 5
23 90 3 1
23 92 7 10
23 93 1 10
23 94 3 6
23 95 8 10
23 96 9 7
23 97 3 6
23 99 1 9
24 26 8 9
24 27 4 1
24 29 10 5
24 30 5 3
24 31 5 7
24 32 1 6
24 33 9 10
24 34 3 6
24 35 4 7
24 36 9 5
24 37 1 3
24 38 4 5
24 40 8 6
24 41 3 4
24 43 1 10
24 44 8 7
24 45 9 9
24 46 3 6
24 47 6 1
24 48 3 8
24 49 10 3
24 50 3 2
24 52 9 2
24 53 9 9
24 54 6 8
24 55 9 10
24 56 8 4
24 58 6 3
24 59 9 2
24 60 7 5
24 61 6 7
24 62 10 9
24 63 2 8
24 67 9 10
24 68 6 5
24 69 7 10
24 73 4 4
24 74 3 8
24 75 2 8
24 76 6 5
24 77 10 1
24 78 4 9
24 79 8 3
24 80 3 1
24 81 5 10
24 82 6 3
24 84 10 1
24 85 9 10
24 86 7 3
24 87 3 5
24 88 5 4
24 89 7 8
24 90 3 1
24 91 7 4
24 92 10 9
24 93 3 7
24 96 2 8
24 97 8 10
24 98 2 9
24 99 9 6
24 100 5 7
25 26 5 2
25 27 10 8
25 28 3 1
25 29 9 5
25 30 8 4
25 31 3 3
25 34 3 8
25 36 6 4
25 37 4 9
25 38 9 6
25 40 9 7
25 41 2 8
25 42 10 5
25 43 7 5
25 44 6 10
25 45 7 4
25 46 6 7
25 48 4 1
25 49 4 1
25 50 2 9
25 51 5 8
25 52 2 5
25 53 5 2
25 54 4 5
25 55 4 10
25 56 3 4
25 57 6 6
25 58 5 6
25 60 4 5
25 63 7 6
25 67 3 5
25 69 4 2
25 70 1 8
25 72 4 6
25 73 3 3
25 74 4 10
25 75 6 5
25 76 10 2
25 77 5 2
25 79 5 10
25 80 8 1
25 81 9 3
25 82 4 1
25 83 6 9
25 84 4 2
25 86 2 2
25 89 10 9
25 90 8 10
25 91 9 9
25 92 9 8
25 93 1 7
25 94 3 8
25 95 6 6
25 96 8 9
25 97 3 1
25 98 9 3
25 99 4 9
26 27 9 3
26 28 3 6
26 29 5 10
26 31 6 1
26 32 5 9
26 33 9 9
26 34 6 9
26 35 4 8
26 36 6 2
26 38 4 7
26 39 5 6
26 40 10 9
26 42 6 9
26 43 4 8
26 44 9 10
26 46 10 3
26 47 8 1
26 48 9 2
26 49 1 10
26 50 2 6
26 51 6 1
26 52 4 4
26 53 4 2
26 54 4 6
26 55 10 7
26 57 9 1
26 58 5 4
26 59 4 7
26 60 1 8
26 61 3 7
26 62 1 2
26 63 1 9
26 64 9 10
26 65 8 1
26 66 4 8
26 67 3 2
26 68 6 4
26 69 7 3
26 70 7 2
26 71 8 8
26 72 8 6
26 73 9 10
26 75 5 9
26 76 3 6
26 77 3 1
26 78 4 3
26 80 7 6
26 82 1 2
26 83 6 2
26 84 2 10
26 85 10 9
26 86 3 10
26 87 6 5
26 88 10 3
26 89 9 4
26 91 7 2
26 92 8 7
26 95 10 10
26 96 3 3
26 97 6 8
26 98 6 10
26 99 1 5
26 100 10 4
27 30 6 3
27 31 4 4
27 32 7 5
27 37 10 9
27 38 4 4
27 39 4 2
27 40 7 7
27 41 6 5
27 42 3 3
27 43 3 3
27 44 2 5
27 45 9 6
27 46 6 9
27 48 6 7
27 49 6 1
27 50 10 4
27 51 3 5
27 52 4 10
27 53 1 1
27 54 3 5
27 55 7 6
27 56 2 4
27 57 8 1
27 58 6 10
27 59 3 2
27 60 3 2
27 63 8 5
27 64 3 10
27 67 4 1
27 68 9 3
27 69 7 3
27 70 8 2
27 71 6 4
27 72 3 5
27 73 4 3
27 74 10 2
27 76 9 9
27 77 9 2
27 78 4 10
27 79 5 4
27 80 4 3
27 81 1 10
27 82 1 9
27 83 2 10
27 84 6 10
27 85 4 8
27 86 8 2
27 88 5 10
27 89 6 2
27 90 9 5
27 91 6 6
27 92 8 6
27 93 1 5
27 94 8 7
27 95 9 7
27 98 1 9
27 99 8 1
27 100 4 10
28 29 2 3
28 30 10 1
28 31 8 7
28 32 7 9
28 33 1 7
28 34 9 3
28 35 3 8
28 36 9 9
28 37 1 3
28 39 3 3
28 42 5 8
28 43 4 9
28 44 1 5
28 45 5 10
28 46 4 6
28 47 2 6
28 48 2 8
28 49 5 10
28 50 4 10
28 52 7 1
28 53 10 3
28 54 6 10
28 55 9 4
28 56 2 3
28 57 5 2
28 58 6 4
28 59 10 7
28 60 10 10
28 61 8 6
28 62 8 10
28 63 4 2
28 64 2 7
28 65 4 4
28 66 4 4
28 67 1 9
28 69 4 8
28 70 2 7
28 71 5 2
28 72 10 10
28 73 9 6
28 74 5 4
28 75 2 10
28 76 2 5
28 77 10 8
28 78 6 10
28 79 5 5
28 81 10 8
28 82 3 6
28 84 2 6
28 86 4 2
28 87 1 7
28 88 6 2
28 89 2 3
28 90 1 5
28 91 10 6
28 92 9 6
28 93 5 8
28 94 7 1
28 95 9 8
28 96 6 7
28 97 9 6
28 98 1 2
28 99 8 10
28 100 4 4
29 30 6 3
29 31 3 2
29 32 3 6
29 33 7 1
29 35 4 10
29 36 6 4
29 37 2 4
29 38 2 1
29 39 9 1
29 41 3 3
29 43 10 8
29 44 9 10
29 46 5 6
29 47 5 3
29 48 4 4
29 49 5 5
29 50 9 9
29 51 4 6
29 52 6 4
29 53 5 8
29 54 9 9
29 55 3 6
29 56 9 7
29 57 9 8
29 58 3 7
29 59 2 7
29 60 3 1
29 62 4 6
29 65 10 8
29 66 9 5
29 67 5 4
29 68 3 3
29 69 5 10
29 70 2 7
29 72 4 4
29 74 1 10
29 75 10 10
29 76 8 5
29 77 1 10
29 78 9 3
29 79 8 6
29 80 2 8
29 82 5 7
29 83 6 7
29 85 8 7
29 86 8 2
29 87 10 10
29 88 5 9
29 89 5 9
29 90 7 6
29 91 4 8
29 93 3 5
29 94 9 1
29 95 10 2
29 96 10 6
29 97 5 10
29 98 3 3
29 100 2 10
30 31 7 8
30 32 3 6
30 33 9 10
30 34 1 5
30 35 2 7
30 36 6 6
30 37 3 4
30 38 7 1
30 40 8 10
30 41 6 1
30 42 10 1
30 45 8 10
30 46 5 10
30 47 4 7
30 48 10 4
30 49 5 6
30 51 1 1
30 53 1 9
30 55 8 3
30 56 5 8
30 58 8 4
30 59 4 4
30 61 5 6
30 62 9 4
30 63 7 8
30 64 6 8
30 65 6 4
30 66 10 10
30 68 6 8
30 71 2 5
30 74 9 3
30 75 6 6
30 76 5 7
30 77 7 9
30 78 10 4
30 79 3 5
30 81 7 10
30 82 8 9
30 83 9 5
30 85 2 4
30 86 3 5
30 87 2 5
30 88 4 8
30 89 1 8
30 90 7 3
30 91 7 8
30 92 9 10
30 94 8 2
30 95 7 3
30 96 7 10
30 97 6 3
30 98 1 4
30 99 9 10
31 33 10 1
31 35 2 4
31 36 8 2
31 37 8 6
31 38 3 9
31 39 1 6
31 40 2 6
31 41 2 10
31 42 4 7
31 43 2 1
31 45 4 1
31 46 8 10
31 49 3 4
31 50 4 3
31 51 2 1
31 53 8 6
31 54 8 3
31 57 10 8
31 58 9 3
31 59 4 8
31 60 2 9
31 63 6 10
31 64 4 2
31 65 8 7
31 66 6 2
31 67 8 4
31 68 8 7
31 69 8 3
31 70 4 3
31 71 3 6
31 72 2 1
31 73 6 2
31 76 9 9
31 78 7 4
31 79 8 7
31 80 3 7
31 81 5 4
31 82 6 3
31 83 6 5
31 84 9 7
31 85 5 7
31 86 8 1
31 90 9 3
31 91 2 10
31 92 5 8
31 93 3 7
31 94 8 1
31 95 5 6
31 96 3 10
31 98 1 10
31 99 9 3
31 100 4 7
32 33 3 9
32 34 4 5
32 36 4 9
32 37 1 5
32 38 6 6
32 39 8 5
32 40 4 1
32 41 2 10
32 42 1 4
32 43 7 7
32 44 6 8
32 47 9 2
32 49 1 2
32 50 8 4
32 51 8 8
32 52 1 3
32 53 6 3
32 55 10 1
32 56 3 7
32 57 4 10
32 58 10 5
32 59 7 1
32 60 10 2
32 62 3 6
32 63 9 7
32 64 9 8
32 65 8 8
32 66 9 3
32 67 2 6
32 68 2 2
32 69 5 7
32 71 2 3
32 72 6 3
32 73 5 7
32 75 2 8
32 76 7 9
32 79 4 7
32 80 8 10
32 81 3 3
32 82 3 10
32 84 10 8
32 85 3 6
32 87 3 6
32 88 7 4
32 89 3 1
32 90 7 9
32 91 6 6
32 92 1 4
32 93 4 8
32 94 2 1
32 96 10 2
32 97 10 10
32 98 8 8
32 100 6 3
33 35 2 2
33 36 9 1
33 37 4 2
33 38 4 2
33 40 7 2
33 41 8 5
33 42 7 2
33 43 10 2
33 44 5 9
33 46 5 5
33 47 4 9
33 49 6 10
33 50 7 1
33 51 10 7
33 53 6 6
33 54 9 5
33 56 5 9
33 57 6 3
33 58 7 10
33 59 2 10
33 60 1 1
33 62 8 10
33 63 6 1
33 64 10 10
33 66 10 4
33 67 4 4
33 68 9 5
33 70 7 7
33 72 2 6
33 73 3 10
33 74 6 9
33 76 3 9
33 79 5 4
33 81 9 5
33 82 4 1
33 83 9 8
33 84 5 1
33 85 9 5
33 86 10 6
33 87 8 7
33 88 10 4
33 89 2 7
33 93 4 2
33 94 8 3
33 95 8 6
33 96 6 7
33 97 5 9
33 98 3 7
33 99 8 9
33 100 10 9
34 35 1 8
34 36 9 9
34 37 7 1
34 38 2 8
34 39 10 6
34 40 8 1
34 43 5 7
34 44 9 4
34 45 7 1
34 47 7 3
34 48 9 10
34 51 7 8
34 53 9 7
34 54 9 4
34 55 6 7
34 56 6 4
34 57 9 4
34 58 1 4
34 62 4 10
34 63 4 2
34 64 7 6
34 65 3 8
34 66 9 4
34 67 8 2
34 68 5 5
34 69 6 10
34 70 10 8
34 71 1 3
34 72 2 10
34 73 9 1
34 75 5 5
34 76 7 7
34 77 2 8
34 78 9 1
34 79 9 3
34 80 2 6
34 81 5 5
34 82 10 6
34 83 8 8
34 84 10 2
34 85 6 1
34 86 7 7
34 87 6 4
34 88 10 9
34 89 4 5
34 90 7 5
34 91 9 4
34 92 8 9
34 93 5 8
34 95 5 4
34 96 9 8
34 97 5 10
34 98 3 9
35 37 3 6
35 38 9 7
35 40 9 3
35 41 2 6
35 42 7 10
35 43 3 6
35 44 10 6
35 45 4 2
35 46 6 3
35 47 10 2
35 48 3 1
35 49 6 8
35 50 10 6
35 52 1 6
35 54 4 9
35 56 4 7
35 60 7 1
35 61 9 2
35 63 3 6
35 64 7 5
35 66 2 5
35 67 6 8
35 68 4 7
35 69 4 1
35 70 10 7
35 71 4 6
35 72 4 2
35 73 7 7
35 74 9 7
35 75 8 7
35 76 10 7
35 77 6 8
35 78 1 8
35 79 5 3
35 80 4 2
35 82 10 10
35 83 8 1
35 84 10 3
35 85 7 10
35 86 9 2
35 87 8 5
35 88 6 7
35 89 8 5
35 90 3 4
35 91 5 1
35 92 10 3
35 94 1 2
35 95 10 5
35 96 9 3
35 97 7 6
35 98 6 8
35 100 7 10
36 37 3 3
36 38 1 2
36 39 6 4
36 40 8 9
36 41 3 2
36 42 6 6
36 43 1 2
36 44 10 1
36 45 8 1
36 46 10 4
36 47 1 8
36 48 8 6
36 51 10 3
36 52 3 8
36 53 2 6
36 55 1 1
36 56 7 3
36 57 7 6
36 58 3 6
36 59 9 8
36 60 4 10
36 61 4 10
36 63 2 10
36 64 7 2
36 65 7 3
36 66 4 5
36 67 8 8
36 68 2 2
36 69 2 8
36 71 1 8
36 72 9 10
36 74 7 3
36 75 9 1
36 76 5 3
36 77 9 1
36 78 1 8
36 79 8 4
36 83 9 10
36 85 8 1
36 86 5 4
36 87 8 1
36 88 2 5
36 89 3 4
36 90 10 7
36 91 5 6
36 92 4 10
36 94 3 3
36 96 1 5
36 97 9 2
36 98 6 1
36 99 5 3
36 100 8 9
37 39 9 2
37 40 7 2
37 42 10 1
37 43 4 7
37 44 4 10
37 45 5 5
37 46 6 5
37 48 7 6
37 49 8 8
37 50 10 6
37 52 10 10
37 53 8 4
37 54 7 8
37 55 8 1
37 57 2 3
37 58 10 1
37 59 8 9
37 60 10 3
37 61 9 9
37 63 1 6
37 65 8 10
37 67 5 8
37 68 9 7
37 69 2 2
37 70 9 8
37 71 8 7
37 72 8 9
37 74 2 5
37 75 1 5
37 76 8 4
37 77 8 9
37 78 9 2
37 79 9 9
37 80 4 2
37 81 6 1
37 82 10 10
37 83 1 8
37 84 10 10
37 85 5 8
37 86 6 2
37 87 10 10
37 88 2 8
37 89 10 8
37 91 10 1
37 92 10 5
37 93 4 1
37 94 5 10
37 95 7 3
37 96 7 2
37 97 8 5
37 98 4 3
37 100 6 5
38 40 2 4
38 41 4 5
38 42 6 4
38 43 2 9
38 44 8 1
38 45 10 7
38 46 1 4
38 48 3 10
38 51 5 2
38 52 6 10
38 53 8 3
38 54 6 6
38 55 4 9
38 56 4 9
38 58 3 5
38 59 7 4
38 60 9 9
38 61 3 7
38 63 6 10
38 64 2 5
38 65 3 3
38 66 1 8
38 67 10 1
38 70 4 1
38 71 7 1
38 72 9 2
38 73 4 3
38 74 1 10
38 75 5 6
38 76 1 6
38 77 10 4
38 79 4 5
38 80 2 6
38 82 7 7
38 83 9 6
38 84 2 10
38 85 2 8
38 86 4 1
38 87 9 4
38 89 7 3
38 90 3 8
38 91 2 9
38 92 9 7
38 93 5 8
38 94 6 10
38 95 2 8
38 96 4 5
38 97 7 3
38 98 9 1
38 99 1 1
38 100 2 7
39 40 7 8
39 42 8 4
39 43 9 2
39 44 7 7
39 45 9 10
39 48 7 8
39 49 9 5
39 50 2 2
39 51 6 1
39 52 3 2
39 54 4 2
39 55 10 10
39 56 3 9
39 57 5 4
39 58 7 8
39 59 4 7
39 60 9 6
39 61 2 5
39 63 2 8
39 66 7 6
39 67 8 9
39 68 5 4
39 69 5 6
39 70 7 2
39 72 9 5
39 73 2 3
39 74 4 6
39 75 6 4
39 76 2 10
39 77 10 5
39 78 4 5
39 80 8 7
39 81 4 7
39 82 8 1
39 83 3 3
39 84 2 5
39 85 4 1
39 86 7 8
39 87 9 10
39 90 7 5
39 91 10 4
39 92 1 2
39 94 8 6
39 95 8 7
39 97 7 4
39 98 6 2
40 41 5 8
40 42 2 7
40 44 8 5
40 45 7 8
40 46 10 10
40 47 4 8
40 49 7 9
40 50 4 8
40 51 9 3
40 52 4 10
40 54 6 3
40 55 1 10
40 56 8 4
40 57 10 9
40 58 4 7
40 59 8 7
40 60 10 6
40 61 2 5
40 62 9 5
40 63 6 2
40 64 5 5
40 65 2 9
40 67 2 9
40 68 6 2
40 69 5 8
40 70 4 7
40 71 1 8
40 74 2 8
40 75 3 6
40 78 1 4
40 79 3 1
40 80 10 4
40 81 7 9
40 84 7 9
40 86 9 7
40 87 10 10
40 88 8 7
40 89 2 10
40 90 3 5
40 91 7 6
40 92 9 4
40 94 10 6
40 95 6 5
40 96 8 5
40 97 5 8
40 98 7 5
40 100 7 7
41 42 1 5
41 43 8 5
41 44 8 10
41 46 6 2
41 47 4 2
41 48 1 3
41 50 9 2
41 51 9 2
41 52 9 1
41 55 5 3
41 56 5 1
41 57 9 7
41 60 3 1
41 61 7 1
41 62 10 10
41 63 3 2
41 64 2 9
41 65 4 1
41 66 3 4
41 69 10 6
41 70 6 1
41 71 6 10
41 72 6 10
41 73 10 10
41 74 7 5
41 76 4 1
41 78 1 10
41 79 2 3
41 80 7 10
41 81 3 9
41 82 5 8
41 83 2 5
41 84 6 7
41 85 10 3
41 86 5 6
41 87 2 9
41 88 3 10
41 90 8 9
41 91 7 3
41 92 10 5
41 94 9 7
41 95 1 3
41 97 4 4
41 98 9 3
41 99 7 5
41 100 6 1
42 44 1 9
42 45 9 4
42 46 4 7
42 48 1 2
42 49 4 9
42 50 7 5
42 51 1 8
42 52 3 2
42 53 6 7
42 54 8 7
42 56 7 2
42 57 2 3
42 58 7 4
42 59 8 10
42 60 5 6
42 61 8 8
42 62 8 3
42 64 5 1
42 65 6 1
42 66 10 6
42 67 3 10
42 68 2 8
42 69 1 8
42 70 2 4
42 71 5 1
42 72 2 2
42 73 10 3
42 75 6 7
42 76 10 8
42 77 10 6
42 79 5 6
42 80 10 7
42 81 5 9
42 82 5 5
42 84 8 3
42 85 1 6
42 86 2 6
42 87 8 5
42 88 10 1
42 89 3 2
42 90 10 10
42 91 10 3
42 92 6 10
42 93 10 2
42 94 1 8
42 95 5 3
42 96 1 8
42 97 3 9
42 98 5 10
42 99 9 7
42 100 5 2
43 44 9 2
43 45 3 6
43 47 4 8
43 48 2 9
43 49 7 3
43 50 8 10
43 51 4 2
43 52 8 3
43 53 8 3
43 54 4 1
43 55 10 1
43 56 2 2
43 57 3 1
43 58 7 3
43 59 7 5
43 60 2 8
43 62 1 7
43 63 10 9
43 64 5 8
43 65 4 7
43 66 7 1
43 67 5 5
43 68 9 5
43 69 6 7
43 70 7 4
43 72 7 1
43 73 5 7
43 74 10 2
43 75 7 7
43 76 7 10
43 77 6 2
43 78 4 1
43 79 3 5
43 80 8 5
43 81 9 4
43 82 6 10
43 83 8 10
43 85 4 3
43 86 2 4
43 87 2 2
43 88 1 9
43 89 4 9
43 90 8 5
43 91 3 2
43 92 10 4
43 93 1 10
43 94 10 1
43 96 6 7
43 97 9 9
43 98 6 7
43 99 9 4
44 45 2 7
44 46 5 7
44 47 10 8
44 48 2 3
44 49 7 8
44 50 3 4
44 51 8 10
44 52 2 10
44 53 1 10
44 54 1 3
44 56 6 8
44 58 6 4
44 59 8 1
44 60 5 9
44 61 8 2
44 62 7 10
44 63 6 2
44 65 10 7
44 66 7 10
44 67 7 2
44 68 8 5
44 69 8 6
44 70 4 9
44 71 3 9
44 72 9 4
44 74 5 2
44 75 3 7
44 76 9 4
44 77 4 4
44 78 10 9
44 81 10 3
44 82 10 4
44 83 3 5
44 84 2 9
44 85 3 3
44 86 7 7
44 88 10 4
44 89 4 9
44 90 9 3
44 91 7 2
44 92 4 7
44 94 1 1
44 95 9 6
44 98 3 9
44 100 10 2
45 46 8 5
45 47 7 8
45 48 8 4
45 50 6 7
45 52 5 8
45 53 1 9
45 54 4 2
45 55 9 8
45 56 6 4
45 57 5 8
45 59 8 7
45 62 10 4
45 63 7 6
45 64 2 5
45 67 3 6
45 69 3 4
45 71 4 4
45 73 10 4
45 74 2 7
45 76 1 1
45 77 3 3
45 80 8 5
45 81 5 1
45 82 4 5
45 83 1 8
45 84 6 2
45 85 6 6
45 87 2 1
45 88 4 8
45 89 6 2
45 90 7 4
45 92 3 3
45 93 6 9
45 94 7 1
45 95 7 10
45 96 9 6
45 97 4 2
45 98 2 2
45 99 10 9
45 100 3 4
46 47 4 10
46 48 7 3
46 49 9 3
46 50 9 8
46 51 3 9
46 52 4 5
46 53 6 8
46 54 9 5
46 55 9 2
46 56 10 3
46 59 10 3
46 60 10 3
46 61 3 9
46 63 2 4
46 64 6 7
46 65 9 5
46 66 3 8
46 67 4 1
46 68 3 1
46 70 6 1
46 71 7 2
46 72 8 8
46 73 9 8
46 74 5 5
46 75 2 5
46 77 2 8
46 78 3 2
46 79 8 7
46 80 7 6
46 81 10 1
46 82 7 7
46 83 3 4
46 84 9 3
46 85 1 6
46 86 5 6
46 87 8 6
46 88 1 4
46 90 10 3
46 91 8 8
46 92 10 2
46 93 2 7
46 94 4 10
46 95 1 10
46 96 4 1
46 97 6 2
46 99 1 8
46 100 6 2
47 48 4 4
47 49 6 1
47 50 3 3
47 52 6 1
47 53 3 7
47 54 4 7
47 55 10 8
47 56 5 8
47 57 1 6
47 58 2 7
47 59 3 8
47 60 9 4
47 61 3 7
47 62 1 5
47 64 9 8
47 65 9 10
47 68 7 2
47 69 5 8
47 70 1 8
47 71 5 9
47 72 8 1
47 75 6 8
47 76 2 10
47 77 7 4
47 78 4 1
47 79 1 2
47 80 10 1
47 81 3 1
47 84 1 8
47 85 2 8
47 86 4 10
47 87 6 9
47 88 8 9
47 90 4 10
47 92 8 6
47 93 2 1
47 94 8 4
47 95 6 7
47 96 9 9
47 98 6 10
47 99 1 8
47 100 3 8
48 50 9 7
48 52 1 3
48 53 4 5
48 54 1 5
48 55 10 2
48 56 9 4
48 57 3 5
48 60 8 3
48 61 4 10
48 62 5 3
48 63 3 5
48 64 1 4
48 65 6 2
48 67 1 3
48 69 5 7
48 72 1 10
48 73 2 4
48 75 3 2
48 76 8 10
48 77 9 9
48 78 4 1
48 80 10 2
48 81 7 4
48 83 3 1
48 84 5 3
48 86 8 4
48 87 9 2
48 88 10 2
48 89 5 5
48 90 9 4
48 91 5 6
48 93 1 10
48 94 8 9
48 96 6 5
48 97 3 8
48 98 8 2
48 99 7 4
49 50 3 10
49 52 5 4
49 53 2 6
49 54 3 1
49 55 8 9
49 57 7 2
49 58 4 3
49 59 3 4
49 60 10 8
49 61 3 9
49 62 5 5
49 64 6 8
49 66 1 6
49 67 1 3
49 68 6 2
49 70 6 8
49 71 1 7
49 73 8 7
49 74 9 6
49 75 10 3
49 76 9 10
49 78 3 3
49 79 4 8
49 80 9 8
49 81 7 3
49 82 2 4
49 83 9 6
49 85 10 6
49 88 2 4
49 89 10 7
49 90 2 7
49 91 9 10
49 92 7 3
49 93 2 6
49 95 4 1
49 96 1 3
49 97 4 8
49 98 4 3
49 99 2 1
49 100 8 1
50 51 4 1
50 52 2 4
50 53 4 10
50 54 3 6
50 55 7 3
50 56 9 4
50 57 4 2
50 60 2 9
50 62 1 8
50 63 8 3
50 64 2 4
50 65 1 6
50 66 4 9
50 67 8 1
50 68 5 7
50 69 2 1
50 70 10 5
50 71 9 10
50 72 4 6
50 73 6 5
50 75 8 2
50 76 4 8
50 77 3 3
50 78 6 2
50 79 6 9
50 80 5 6
50 81 9 6
50 82 7 3
50 83 3 6
50 84 8 6
50 85 2 9
50 86 9 2
50 87 7 5
50 90 10 10
50 91 8 1
50 92 2 6
50 94 2 2
50 95 1 1
50 97 10 4
50 98 10 6
50 99 7 5
50 100 3 1
51 52 3 8
51 53 6 3
51 55 9 6
51 56 7 2
51 57 8 8
51 58 3 1
51 59 9 4
51 60 1 3
51 61 4 8
51 62 7 6
51 63 4 5
51 64 4 7
51 66 4 5
51 67 1 5
51 68 1 5
51 69 3 10
51 70 9 3
51 71 7 2
51 72 1 1
51 73 1 7
51 74 2 3
51 75 10 4
51 76 6 6
51 78 8 6
51 79 10 7
51 80 2 4
51 81 1 10
51 82 3 8
51 83 2 8
51 84 8 9
51 86 4 6
51 87 2 8
51 88 10 3
51 89 8 8
51 90 10 5
51 91 8 9
51 92 6 5
51 93 4 5
51 95 9 10
51 96 4 5
51 97 3 1
51 99 5 3
52 53 6 5
52 54 4 2
52 55 5 8
52 56 6 5
52 58 1 10
52 59 1 9
52 60 7 3
52 61 4 7
52 62 3 4
52 63 9 1
52 65 1 1
52 66 2 3
52 67 5 9
52 68 2 9
52 69 10 8
52 70 8 6
52 71 6 3
52 72 6 5
52 73 3 1
52 74 7 2
52 75 7 2
52 77 3 4
52 78 2 8
52 79 9 5
52 80 1 2
52 82 6 1
52 83 5 10
52 84 9 2
52 85 9 2
52 86 2 9
52 88 4 10
52 89 10 3
52 90 9 9
52 91 5 9
52 92 10 8
52 93 9 9
52 94 4 8
52 95 9 9
52 96 2 2
52 97 10 3
52 98 1 7
52 99 3 6
52 100 3 1
53 54 4 7
53 55 6 2
53 56 4 3
53 57 9 10
53 58 9 8
53 59 5 6
53 60 10 4
53 61 2 10
53 62 3 10
53 65 7 1
53 67 4 2
53 69 2 8
53 70 8 1
53 71 5 1
53 72 2 8
53 73 8 1
53 74 5 6
53 75 7 8
53 76 7 8
53 77 8 8
53 78 7 6
53 79 10 9
53 80 4 5
53 82 8 5
53 83 8 10
53 84 1 8
53 85 1 8
53 86 10 5
53 87 5 6
53 88 8 7
53 89 7 3
53 91 8 10
53 93 10 9
53 94 6 10
53 95 1 6
53 97 9 2
53 100 3 6
54 55 10 8
54 56 10 6
54 57 10 3
54 58 9 3
54 59 3 8
54 60 5 4
54 61 1 6
54 62 8 7
54 63 3 6
54 66 4 6
54 67 6 1
54 68 10 7
54 70 10 6
54 71 8 2
54 72 7 4
54 73 8 8
54 74 1 1
54 75 2 4
54 76 4 7
54 77 3 5
54 80 9 5
54 82 9 5
54 83 2 3
54 84 3 3
54 85 6 2
54 86 7 8
54 87 5 5
54 88 6 2
54 91 6 2
54 93 8 8
54 94 6 8
54 95 6 5
54 97 6 2
54 99 3 1
54 100 2 8
55 57 8 3
55 58 1 8
55 59 2 4
55 60 7 6
55 61 1 1
55 63 6 5
55 65 7 3
55 66 6 5
55 67 7 1
55 68 10 8
55 69 5 9
55 70 9 8
55 71 9 9
55 73 3 6
55 74 5 10
55 75 1 5
55 77 3 9
55 78 10 5
55 79 8 3
55 80 5 3
55 81 2 2
55 82 8 3
55 83 1 9
55 84 3 3
55 85 6 6
55 86 5 9
55 88 10 2
55 89 2 10
55 90 8 8
55 94 6 1
55 95 9 6
55 97 9 6
55 98 1 6
55 99 8 7
55 100 6 5
56 57 8 3
56 58 2 7
56 59 7 8
56 60 9 6
56 62 1 4
56 63 4 9
56 64 2 7
56 65 9 7
56 66 7 3
56 67 3 7
56 68 9 10
56 69 5 1
56 72 4 3
56 73 8 5
56 74 2 1
56 75 8 7
56 77 1 10
56 78 3 9
56 79 8 8
56 80 2 5
56 81 4 5
56 82 8 10
56 83 8 8
56 84 9 5
56 85 1 8
56 86 10 4
56 87 9 7
56 88 2 1
56 89 4 10
56 90 1 6
56 91 2 10
56 92 10 4
56 93 9 8
56 94 2 8
56 95 7 1
56 96 1 1
56 99 2 6
57 58 7 7
57 60 2 2
57 61 3 5
57 62 10 1
57 63 1 8
57 65 2 7
57 66 7 8
57 67 10 8
57 68 10 4
57 69 4 10
57 70 2 7
57 71 5 5
57 72 10 6
57 73 1 8
57 75 1 8
57 76 4 1
57 77 1 5
57 79 8 1
57 82 10 8
57 84 2 2
57 85 8 1
57 86 1 5
57 87 2 4
57 88 2 3
57 94 2 10
57 95 6 2
57 97 9 8
57 98 1 7
57 99 10 9
57 100 3 10
58 59 9 2
58 60 3 4
58 61 6 7
58 63 8 4
58 64 7 6
58 65 5 7
58 68 4 1
58 69 4 5
58 70 7 5
58 71 7 1
58 72 1 1
58 73 6 8
58 74 7 9
58 75 10 5
58 76 6 2
58 77 4 6
58 79 6 9
58 80 2 10
58 81 10 3
58 83 6 5
58 84 1 3
58 85 6 9
58 86 2 7
58 88 5 6
58 89 7 2
58 90 6 1
58 91 1 2
58 92 1 2
58 95 3 2
58 96 5 2
58 98 2 3
58 99 10 6
58 100 7 3
59 61 1 1
59 62 4 5
59 63 8 6
59 65 3 3
59 66 10 3
59 69 5 8
59 70 4 1
59 71 2 8
59 72 5 1
59 73 7 10
59 74 4 5
59 75 5 10
59 76 4 9
59 77 8 4
59 78 4 8
59 79 2 5
59 80 2 7
59 82 10 7
59 83 6 4
59 84 7 8
59 85 1 5
59 86 9 9
59 87 4 6
59 88 3 1
59 89 3 9
59 90 7 2
59 92 3 8
59 93 4 4
59 94 4 3
59 95 6 1
59 96 7 5
59 98 9 2
59 99 2 7
59 100 7 10
60 61 5 2
60 62 5 10
60 63 10 3
60 65 3 7
60 66 4 5
60 67 2 7
60 68 7 5
60 69 7 7
60 71 9 4
60 73 4 3
60 74 6 7
60 75 3 6
60 78 10 1
60 79 1 2
60 80 9 2
60 81 3 6
60 82 6 5
60 83 1 10
60 84 9 1
60 85 10 10
60 86 3 3
60 89 2 3
60 91 7 1
60 92 3 6
60 93 2 9
60 94 9 4
60 95 4 3
60 96 5 7
60 98 4 2
60 99 9 8
61 62 7 8
61 63 2 4
61 64 1 9
61 66 3 2
61 67 9 5
61 69 7 5
61 70 10 6
61 71 4 8
61 73 5 6
61 74 2 7
61 75 1 4
61 76 5 2
61 77 9 2
61 78 2 9
61 79 8 10
61 80 1 7
61 81 6 2
61 82 8 4
61 83 1 5
61 84 4 3
61 86 2 9
61 87 4 6
61 88 3 5
61 90 1 2
61 91 5 4
61 93 4 1
61 94 5 9
61 96 8 8
61 97 4 6
61 98 2 9
61 99 6 10
61 100 2 9
62 63 4 9
62 64 8 9
62 65 4 8
62 67 2 3
62 68 3 8
62 69 5 9
62 70 7 2
62 71 4 3
62 72 6 6
62 73 7 8
62 74 6 9
62 75 6 10
62 76 2 6
62 78 10 1
62 79 6 10
62 80 4 8
62 81 2 6
62 83 1 6
62 84 3 3
62 85 8 9
62 86 6 8
62 88 2 7
62 89 2 10
62 90 10 5
62 91 8 9
62 92 8 9
62 94 8 6
62 95 10 3
62 96 8 3
62 97 5 9
62 99 1 2
62 100 9 10
63 64 3 3
63 65 4 2
63 66 9 4
63 67 3 6
63 70 5 7
63 73 2 2
63 74 5 2
63 75 3 10
63 76 3 5
63 77 1 1
63 78 9 8
63 79 5 5
63 80 2 2
63 81 8 8
63 82 3 8
63 83 2 2
63 84 1 7
63 85 8 4
63 86 5 9
63 87 4 3
63 88 3 8
63 89 7 4
63 90 6 1
63 92 10 3
63 93 3 7
63 95 8 5
63 96 1 6
63 97 1 5
63 98 3 1
63 100 7 3
64 65 10 6
64 66 5 8
64 67 7 1
64 68 4 7
64 69 5 7
64 70 1 7
64 71 9 2
64 72 5 9
64 73 1 4
64 74 9 5
64 75 6 9
64 76 4 6
64 77 5 6
64 78 2 8
64 79 1 8
64 80 3 9
64 81 8 5
64 82 6 1
64 83 2 10
64 84 7 10
64 85 6 5
64 88 6 6
64 89 5 4
64 90 5 10
64 91 10 6
64 92 5 2
64 93 5 9
64 94 7 4
64 95 9 4
64 96 10 5
64 97 1 9
64 98 4 10
64 99 9 9
64 100 7 4
65 68 9 3
65 69 4 6
65 70 2 5
65 71 2 7
65 73 9 4
65 74 10 1
65 75 1 3
65 77 9 10
65 78 3 1
65 79 7 6
65 80 2 3
65 81 5 2
65 82 4 5
65 83 4 7
65 84 6 2
65 85 2 2
65 86 2 1
65 87 4 10
65 88 2 9
65 89 9 8
65 91 9 6
65 93 8 3
65 94 9 2
65 96 9 4
65 97 7 8
65 98 6 4
65 99 8 7
66 67 6 10
66 70 8 4
66 71 5 4
66 72 4 9
66 73 5 6
66 74 2 3
66 75 1 10
66 76 5 9
66 77 6 8
66 78 2 10
66 79 4 4
66 80 10 4
66 81 1 9
66 82 7 4
66 84 6 6
66 85 10 6
66 86 7 2
66 88 10 2
66 89 2 8
66 90 2 5
66 91 2 5
66 92 4 10
66 94 3 10
66 95 1 9
66 96 2 4
66 97 4 3
66 98 2 8
66 99 2 7
67 68 5 8
67 69 2 3
67 70 9 4
67 71 1 3
67 72 10 2
67 73 8 3
67 74 9 5
67 75 4 7
67 76 10 6
67 77 4 7
67 78 10 9
67 80 10 8
67 81 5 1
67 82 3 10
67 83 10 8
67 84 1 5
67 86 7 1
67 89 6 1
67 90 8 2
67 93 2 9
67 95 2 8
67 96 6 6
67 97 6 10
67 98 9 2
67 99 8 9
67 100 9 6
68 69 9 3
68 70 10 7
68 71 6 8
68 73 8 8
68 75 2 9
68 77 5 5
68 79 6 2
68 80 6 1
68 81 4 1
68 82 4 1
68 84 2 2
68 85 1 7
68 86 8 7
68 87 1 1
68 88 6 8
68 89 9 8
68 90 7 2
68 91 10 1
68 92 2 7
68 93 1 7
68 94 8 6
68 95 6 1
68 96 9 3
68 97 6 9
68 98 4 1
68 100 5 2
69 70 7 4
69 71 5 2
69 73 10 2
69 74 4 6
69 75 5 4
69 76 5 8
69 77 8 1
69 78 6 4
69 79 4 5
69 80 4 1
69 81 3 9
69 83 8 8
69 84 4 10
69 85 5 4
69 86 10 10
69 87 7 7
69 90 4 3
69 91 7 6
69 92 9 1
69 94 10 7
69 95 2 4
69 96 10 1
69 97 2 7
69 99 6 6
69 100 5 2
70 72 8 2
70 73 4 2
70 74 3 10
70 76 5 6
70 77 5 3
70 78 7 10
70 79 10 9
70 81 2 7
70 82 9 4
70 83 9 10
70 84 10 2
70 85 8 9
70 86 7 2
70 87 6 2
70 88 8 8
70 90 8 6
70 91 5 4
70 92 1 8
70 93 9 3
70 94 3 1
70 96 4 10
70 98 3 2
70 99 10 8
70 100 3 7
71 72 5 3
71 73 5 1
71 74 5 6
71 75 7 4
71 76 2 6
71 78 9 2
71 80 3 2
71 81 10 10
71 82 10 8
71 83 1 6
71 84 3 8
71 86 3 9
71 87 2 2
71 88 5 3
71 90 2 8
71 91 7 3
71 92 1 2
71 94 1 2
71 95 8 5
71 96 1 5
71 97 8 1
71 98 8 6
72 73 6 4
72 74 3 2
72 75 3 3
72 76 10 3
72 77 2 7
72 78 9 10
72 80 2 7
72 81 9 8
72 82 6 10
72 83 8 5
72 84 5 10
72 85 9 3
72 86 7 3
72 88 9 2
72 89 3 9
72 90 4 2
72 91 4 5
72 92 5 1
72 93 6 5
72 94 1 8
72 95 1 10
72 96 2 1
72 97 6 4
72 98 3 3
72 99 9 6
72 100 1 3
73 74 1 9
73 77 5 10
73 79 8 1
73 80 3 7
73 81 9 7
73 82 8 7
73 83 8 6
73 84 5 7
73 85 4 5
73 86 10 7
73 88 10 4
73 89 3 8
73 90 4 8
73 91 10 1
73 92 2 7
73 93 5 7
73 94 4 6
73 95 9 2
73 96 7 2
73 98 6 1
73 99 3 5
73 100 5 1
74 76 2 7
74 77 1 10
74 78 6 2
74 79 9 10
74 80 2 2
74 82 7 6
74 85 10 10
74 86 1 1
74 87 10 9
74 88 10 6
74 90 2 1
74 93 9 3
74 94 4 4
74 95 9 6
74 96 2 10
74 97 10 9
74 98 1 8
74 99 4 5
74 100 5 8
75 76 4 5
75 78 1 3
75 79 8 2
75 80 4 5
75 81 5 4
75 82 2 2
75 83 2 10
75 84 10 2
75 85 6 4
75 87 6 7
75 89 10 4
75 91 7 2
75 92 10 9
75 93 1 2
75 94 3 3
75 95 3 3
75 96 9 5
75 97 5 2
75 98 9 5
75 99 2 9
75 100 9 9
76 77 5 3
76 78 1 10
76 79 8 7
76 80 9 7
76 81 6 3
76 82 7 7
76 83 3 5
76 85 9 9
76 86 10 3
76 87 4 3
76 88 1 7
76 89 4 8
76 90 2 1
76 91 2 10
76 94 3 6
76 95 1 6
76 96 5 4
76 97 6 5
76 98 2 2
76 99 1 9
76 100 8 3
77 78 4 7
77 79 1 7
77 80 3 9
77 81 10 1
77 82 2 8
77 83 8 8
77 84 7 2
77 85 7 10
77 86 7 3
77 87 4 7
77 89 8 10
77 90 4 9
77 91 3 4
77 92 2 4
77 95 7 10
77 96 5 9
77 99 5 6
77 100 9 9
78 79 8 1
78 80 7 10
78 81 3 5
78 82 9 5
78 83 5 9
78 84 4 4
78 86 2 3
78 87 3 1
78 88 6 9
78 89 2 9
78 90 5 8
78 92 3 3
78 93 7 2
78 94 4 7
78 95 8 10
78 96 2 3
78 97 9 6
78 98 8 1
78 99 10 1
78 100 5 7
79 80 8 4
79 81 3 10
79 82 7 2
79 84 4 8
79 85 7 7
79 86 6 5
79 87 9 9
79 88 8 5
79 89 3 3
79 90 5 3
79 91 1 6
79 92 10 10
79 93 7 7
79 94 2 1
79 95 5 8
79 96 6 3
79 98 6 5
79 99 7 5
79 100 7 5
80 81 2 2
80 82 4 1
80 83 1 8
80 84 9 4
80 85 6 5
80 86 10 1
80 87 8 4
80 89 8 4
80 90 10 4
80 91 3 5
80 92 6 7
80 93 2 3
80 94 3 9
80 95 1 4
80 97 6 1
80 98 5 1
80 99 2 1
80 100 3 3
81 82 6 9
81 84 7 2
81 86 7 8
81 88 9 2
81 89 8 8
81 90 1 1
81 91 5 6
81 92 10 9
81 93 6 6
81 95 2 9
81 96 4 7
81 97 10 1
81 98 9 7
81 99 10 3
82 83 10 4
82 84 7 3
82 85 3 1
82 86 3 5
82 89 10 7
82 90 9 4
82 91 7 9
82 92 4 8
82 93 1 8
82 94 5 4
82 95 5 8
82 96 7 7
82 97 7 6
82 99 9 9
82 100 4 7
83 84 8 4
83 85 3 9
83 86 8 3
83 88 4 9
83 90 1 6
83 91 3 3
83 92 3 8
83 95 10 3
83 96 4 4
83 97 6 1
83 98 3 8
83 99 8 6
83 100 7 10
84 85 6 4
84 86 4 5
84 87 9 9
84 88 3 2
84 89 2 1
84 90 8 4
84 91 8 7
84 92 6 4
84 93 1 10
84 94 10 3
84 96 1 1
84 97 10 10
84 99 4 1
84 100 10 8
85 86 9 8
85 87 9 6
85 88 9 10
85 89 8 8
85 90 3 8
85 91 2 9
85 92 5 9
85 96 2 7
85 97 8 3
85 98 8 7
85 99 7 8
85 100 6 10
86 87 1 2
86 88 1 10
86 89 1 10
86 90 4 4
86 91 2 10
86 92 7 2
86 93 9 7
86 95 7 1
86 96 2 5
86 97 6 2
86 98 4 9
86 99 10 9
87 88 9 8
87 89 2 7
87 90 1 5
87 91 5 4
87 92 1 8
87 93 2 9
87 94 7 7
87 95 9 4
87 96 3 6
87 98 10 7
87 99 3 6
87 100 4 5
88 90 5 10
88 91 1 5
88 92 9 2
88 94 6 9
88 95 2 5
88 96 6 8
88 98 8 7
88 99 7 1
88 100 9 10
89 90 4 8
89 91 7 9
89 92 1 8
89 93 4 6
89 94 9 7
89 95 10 9
89 96 3 7
89 97 10 1
89 98 3 10
89 99 5 4
89 100 2 7
90 91 2 6
90 92 9 10
90 93 10 3
90 96 6 9
90 97 3 8
90 98 4 6
90 99 5 5
90 100 8 9
91 92 3 6
91 94 6 7
91 95 3 7
91 96 5 4
91 97 1 10
91 98 8 4
91 100 8 7
92 93 1 7
92 94 8 2
92 95 9 4
92 96 8 2
92 98 4 6
92 99 8 4
92 100 7 3
93 94 5 6
93 95 10 4
93 96 10 8
93 97 4 8
93 98 2 9
93 99 9 9
94 95 1 4
94 97 3 7
94 98 3 4
94 99 9 6
94 100 6 3
95 96 5 10
95 98 8 7
95 99 7 8
96 97 4 3
96 99 10 7
96 100 6 4
97 98 2 4
97 99 6 10
98 99 6 5
98 100 7 5
1
1 2 3 4 5 6 7 8 9 10 11 12 13 14 15 16 17 18 19 20 21 22 23 24 25 26 27 28 29 30 31 32 33 34 35 36 37 38 39 40 41 42 43 44 45 46 47 48 49 50
