3976
1 5 9 6
1 6 6 5
1 7 3 1
1 8 3 5
1 9 1 8
1 10 6 4
1 11 4 7
1 12 2 1
1 13 7 1
1 14 8 4
1 16 6 3
1 17 10 7
1 18 3 4
1 19 9 8
1 20 3 1
1 21 1 2
1 22 3 8
1 23 7 8
1 24 1 2
1 25 5 4
1 27 1 3
1 28 1 8
1 29 1 8
1 30 1 9
1 31 9 3
1 33 4 7
1 35 10 1
1 37 3 9
1 38 6 8
1 39 1 4
1 40 2 7
1 41 1 7
1 42 8 7
1 43 9 2
1 44 2 8
1 45 8 10
1 46 4 9
1 48 6 2
1 50 10 10
1 51 3 2
1 52 1 9
1 53 7 7
1 55 3 8
1 56 1 5
1 57 2 4
1 58 3 6
1 59 10 1
1 60 4 3
1 61 9 9
1 62 9 7
1 64 9 1
1 65 2 2
1 66 4 1
1 67 4 7
1 68 9 6
1 70 1 10
1 71 1 3
1 73 2 5
1 74 9 8
1 75 8 1
1 76 7 4
1 77 7 8
1 78 5 9
1 79 8 3
1 80 8 6
1 82 5 4
1 83 5 7
1 84 6 5
1 85 1 4
1 86 4 4
1 87 10 6
1 88 1 2
1 89 5 5
1 90 4 9
1 91 9 2
1 92 1 2
1 94 2 10
1 95 9 8
1 97 5 6
1 98 2 3
1 99 1 7
2 4 6 6
2 5 4 4
2 6 3 4
2 7 8 3
2 8 4 3
2 9 1 4
2 10 7 1
2 11 2 1
2 12 7 4
2 13 1 1
2 15 9 4
2 16 7 8
2 17 7 6
2 18 8 3
2 20 8 4
2 21 5 4
2 22 7 8
2 23 6 9
2 24 4 7
2 25 5 7
2 26 10 6
2 27 4 8
2 28 8 2
2 29 9 9
2 30 1 4
2 31 7 5
2 32 5 9
2 33 2 3
2 34 3 5
2 35 7 1
2 36 9 3
2 37 10 2
2 38 7 8
2 39 8 1
2 40 6 9
2 41 10 10
2 42 3 6
2 43 4 3
2 44 3 4
2 45 3 8
2 46 8 4
2 47 10 8
2 49 8 8
2 50 8 1
2 52 5 7
2 54 1 8
2 55 6 10
2 56 4 7
2 57 10 3
2 58 8 4
2 59 8 7
2 60 4 2
2 62 5 1
2 63 9 2
2 64 5 10
2 65 8 4
2 67 1 5
2 68 6 3
2 69 4 3
2 70 2 8
2 72 2 1
2 73 2 6
2 74 5 4
2 75 10 7
2 76 10 7
2 77 6 8
2 78 1 8
2 79 8 5
2 82 8 1
2 83 9 9
2 85 10 9
2 86 10 7
2 87 9 1
2 88 2 10
2 90 4 10
2 91 6 3
2 92 3 6
2 93 9 4
2 94 10 7
2 95 3 8
2 96 1 8
2 97 8 10
2 98 8 3
2 99 10 2
2 100 2 1
3 4 10 4
3 5 2 1
3 6 1 9
3 7 8 9
3 8 7 7
3 9 5 6
3 10 9 5
3 11 7 1
3 12 8 9
3 13 3 1
3 14 8 4
3 15 3 8
3 16 9 7
3 17 9 5
3 19 3 8
3 20 1 8
3 21 5 6
3 22 6 2
3 23 4 7
3 24 2 6
3 25 8 3
3 26 1 10
3 27 6 9
3 28 1 4
3 29 7 9
3 30 3 6
3 31 5 3
3 33 8 1
3 34 9 9
3 35 4 2
3 36 8 6
3 37 6 9
3 38 4 9
3 40 7 10
3 41 7 8
3 42 3 9
3 43 5 6
3 44 8 7
3 45 6 5
3 46 6 8
3 47 1 3
3 48 1 2
3 49 5 3
3 50 7 4
3 51 6 8
3 53 3 5
3 55 10 2
3 56 10 10
3 57 5 7
3 58 8 4
3 59 9 9
3 60 3 6
3 61 5 4
3 62 9 9
3 63 5 8
3 64 4 2
3 65 9 1
3 66 9 8
3 68 10 10
3 69 8 9
3 70 7 9
3 72 8 10
3 73 6 6
3 74 8 10
3 75 1 5
3 76 9 10
3 77 6 2
3 78 7 6
3 79 1 1
3 80 4 6
3 82 5 10
3 83 8 8
3 85 8 4
3 86 9 7
3 87 7 8
3 88 8 5
3 89 8 10
3 90 7 1
3 91 6 1
3 92 2 8
3 95 8 3
3 96 3 4
3 97 10 10
3 99 6 3
3 100 6 2
4 5 6 10
4 6 10 7
4 7 10 8
4 8 1 7
4 9 1 5
4 10 2 8
4 12 2 10
4 14 6 6
4 15 7 4
4 16 2 6
4 17 9 6
4 18 2 7
4 21 6 3
4 22 7 10
4 24 1 10
4 25 4 5
4 26 8 8
4 27 10 7
4 28 9 4
4 29 8 2
4 30 2 4
4 31 9 7
4 32 7 9
4 33 2 10
4 35 8 3
4 36 6 4
4 37 10 8
4 38 8 5
4 39 1 9
4 40 6 5
4 41 4 3
4 42 7 5
4 43 4 3
4 44 4 6
4 45 2 6
4 46 7 8
4 47 5 2
4 48 5 9
4 49 3 4
4 50 2 3
4 51 3 3
4 52 3 3
4 53 2 4
4 54 7 7
4 55 2 9
4 56 10 8
4 57 10 1
4 58 9 2
4 60 10 10
4 62 5 2
4 63 7 3
4 65 2 7
4 67 1 8
4 68 6 2
4 69 8 9
4 70 5 8
4 71 5 3
4 72 5 5
4 73 6 1
4 74 7 2
4 75 5 2
4 76 8 9
4 77 10 6
4 78 4 1
4 79 3 9
4 80 8 8
4 82 6 1
4 83 6 6
4 84 5 1
4 85 2 9
4 86 7 2
4 87 3 6
4 88 3 8
4 89 4 6
4 90 8 4
4 91 8 7
4 92 6 7
4 93 5 2
4 94 10 2
4 95 6 6
4 96 2 4
4 97 8 2
4 98 3 1
5 6 7 5
5 7 4 6
5 8 8 8
5 9 1 4
5 10 7 1
5 12 8 10
5 13 9 8
5 14 5 6
5 15 6 5
5 16 9 1
5 17 7 7
5 18 2 9
5 19 8 8
5 20 9 4
5 21 5 4
5 22 8 9
5 23 4 6
5 24 4 9
5 25 1 8
5 27 9 8
5 28 6 5
5 29 2 6
5 30 3 5
5 31 3 8
5 32 8 7
5 34 3 9
5 35 5 6
5 36 3 5
5 37 9 2
5 38 2 8
5 41 8 4
5 43 5 5
5 44 3 8
5 46 2 5
5 47 1 1
5 48 9 5
5 49 1 10
5 50 9 1
5 51 7 4
5 52 6 4
5 53 2 1
5 55 8 6
5 56 8 10
5 57 7 8
5 58 6 9
5 59 1 1
5 60 3 4
5 63 8 9
5 64 9 5
5 66 7 6
5 67 1 3
5 68 6 5
5 69 5 5
5 70 4 6
5 71 10 5
5 72 2 5
5 73 10 9
5 74 1 9
5 75 10 10
5 76 4 4
5 78 4 3
5 80 10 2
5 81 9 9
5 82 1 9
5 84 7 4
5 85 8 2
5 87 8 1
5 88 7 5
5 89 9 10
5 90 4 10
5 91 5 7
5 92 2 1
5 93 9 3
5 94 9 7
5 95 9 4
5 96 5 7
5 98 4 6
5 99 5 1
5 100 9 7
6 7 1 9
6 8 5 8
6 9 4 8
6 10 5 3
6 11 2 7
6 12 9 4
6 13 10 2
6 14 10 7
6 15 10 3
6 17 3 4
6 18 10 1
6 19 6 2
6 21 3 1
6 23 3 8
6 24 4 8
6 25 2 9
6 26 4 3
6 27 4 9
6 28 8 4
6 29 9 3
6 30 5 6
6 31 10 4
6 32 2 3
6 33 1 10
6 34 2 8
6 35 7 4
6 36 6 3
6 37 6 6
6 38 1 4
6 41 4 9
6 42 5 7
6 43 4 5
6 44 8 3
6 45 8 3
6 46 6 8
6 47 5 8
6 48 5 7
6 49 2 6
6 50 3 2
6 51 10 8
6 52 5 4
6 53 3 3
6 54 8 2
6 58 6 3
6 59 7 3
6 60 1 4
6 61 2 7
6 62 3 5
6 63 10 3
6 64 9 9
6 65 9 7
6 66 10 8
6 68 2 3
6 69 10 5
6 70 7 3
6 71 10 3
6 72 4 1
6 73 10 2
6 74 6 5
6 75 8 6
6 76 7 7
6 77 1 9
6 78 3 6
6 79 10 5
6 81 5 10
6 82 6 9
6 83 8 4
6 85 1 1
6 86 6 9
6 87 10 10
6 89 7 6
6 90 2 6
6 91 2 6
6 92 5 4
6 93 7 9
6 96 1 2
6 97 8 6
6 98 4 6
6 99 2 9
7 8 9 4
7 10 5 6
7 11 10 7
7 13 5 1
7 14 3 9
7 15 7 10
7 17 3 2
7 19 6 2
7 20 10 7
7 21 6 4
7 22 5 1
7 24 3 2
7 25 10 1
7 26 3 10
7 27 5 10
7 28 1 10
7 29 7 2
7 31 10 8
7 32 5 3
7 33 1 5
7 34 3 7
7 35 2 9
7 36 7 5
7 37 3 8
7 38 2 8
7 40 2 8
7 41 3 9
7 43 5 10
7 44 3 1
7 45 9 6
7 46 5 8
7 47 3 6
7 48 1 5
7 49 6 3
7 50 6 7
7 51 5 3
7 52 1 10
7 53 8 4
7 54 4 4
7 55 6 5
7 56 6 9
7 57 7 10
7 58 5 2
7 59 7 4
7 60 6 7
7 61 10 3
7 62 3 10
7 63 1 2
7 64 4 1
7 65 2 10
7 66 10 2
7 67 7 7
7 68 8 6
7 71 8 9
7 73 4 5
7 74 9 7
7 75 8 4
7 76 8 2
7 77 3 9
7 78 8 2
7 80 9 9
7 81 10 1
7 82 2 2
7 84 4 9
7 85 1 1
7 86 2 9
7 87 1 9
7 88 10 7
7 91 1 7
7 92 4 1
7 93 5 6
7 94 10 2
7 95 2 7
7 96 3 1
7 97 8 3
7 98 3 7
7 99 5 7
7 100 8 9
8 9 7 10
8 10 4 10
8 11 8 4
8 12 6 4
8 13 8 9
8 14 3 9
8 15 6 4
8 16 9 3
8 17 3 4
8 18 4 8
8 19 6 6
8 21 1 1
8 24 5 7
8 25 8 8
8 26 10 5
8 27 9 2
8 29 8 3
8 30 10 8
8 31 6 10
8 32 7 6
8 33 4 6
8 34 3 4
8 35 10 4
8 36 3 7
8 37 9 10
8 39 5 7
8 40 8 3
8 41 6 8
8 42 5 1
8 43 1 10
8 44 7 9
8 45 1 8
8 46 7 4
8 48 3 3
8 49 8 8
8 51 4 9
8 52 6 8
8 53 10 3
8 54 3 3
8 55 8 9
8 56 7 5
8 58 7 1
8 59 9 10
8 61 4 3
8 62 5 1
8 63 3 7
8 65 10 7
8 66 3 6
8 68 1 1
8 69 8 1
8 70 9 2
8 71 5 2
8 72 7 7
8 73 3 2
8 76 9 5
8 77 6 5
8 78 1 6
8 79 2 4
8 80 6 2
8 81 5 8
8 82 6 4
8 84 4 4
8 85 1 3
8 86 8 1
8 87 8 9
8 88 4 6
8 90 10 5
8 91 5 9
8 94 1 5
8 95 2 8
8 98 2 2
8 99 4 9
8 100 3 2
9 12 4 6
9 13 9 7
9 15 1 8
9 16 5 8
9 17 6 9
9 18 4 9
9 19 4 4
9 20 3 2
9 21 1 8
9 22 4 2
9 23 8 9
9 24 6 5
9 25 2 9
9 26 10 6
9 28 7 5
9 29 2 4
9 30 6 7
9 31 8 10
9 32 8 5
9 33 10 1
9 34 4 8
9 35 4 7
9 36 7 10
9 37 9 2
9 38 1 8
9 39 2 8
9 41 5 10
9 42 5 1
9 43 7 9
9 44 3 9
9 45 1 6
9 46 4 1
9 47 1 7
9 48 4 2
9 49 1 2
9 51 1 1
9 52 3 6
9 53 9 9
9 54 2 9
9 56 7 3
9 57 5 3
9 58 10 1
9 59 6 4
9 61 6 5
9 62 3 2
9 64 3 4
9 65 9 1
9 67 6 1
9 68 9 3
9 69 7 2
9 70 8 8
9 71 2 9
9 72 7 1
9 73 4 7
9 74 8 4
9 75 7 4
9 76 3 2
9 77 10 6
9 78 4 10
9 79 5 2
9 80 9 4
9 81 2 10
9 82 9 4
9 83 8 4
9 84 3 4
9 85 9 7
9 86 3 3
9 87 4 4
9 88 4 1
9 89 9 3
9 90 9 9
9 91 8 7
9 92 6 7
9 94 7 4
9 95 6 5
9 96 6 4
9 97 3 10
9 98 2 10
9 99 10 8
9 100 6 1
10 11 7 1
10 12 1 3
10 13 3 7
10 14 4 6
10 15 3 8
10 16 4 4
10 17 10 2
10 18 3 10
10 19 1 5
10 21 5 10
10 22 6 7
10 23 1 2
10 24 8 3
10 25 6 6
10 26 9 10
10 27 9 8
10 28 5 3
10 29 7 9
10 30 8 4
10 31 9 8
10 32 8 3
10 33 10 6
10 34 8 1
10 35 3 9
10 36 6 2
10 37 1 8
10 38 5 7
10 39 9 9
10 40 8 9
10 41 3 2
10 42 9 8
10 45 1 10
10 46 8 2
10 47 6 7
10 48 2 3
10 50 5 2
10 51 9 7
10 53 4 5
10 55 4 1
10 56 5 2
10 57 5 2
10 58 2 3
10 59 9 1
10 60 9 10
10 61 5 1
10 62 7 1
10 63 6 8
10 64 3 10
10 65 3 8
10 66 10 3
10 67 3 3
10 68 4 3
10 70 9 9
10 71 9 1
10 72 2 4
10 75 8 4
10 76 8 3
10 77 6 5
10 79 5 3
10 80 10 9
10 81 10 1
10 82 7 6
10 83 10 5
10 84 1 5
10 85 2 10
10 86 10 10
10 87 4 7
10 88 9 4
10 89 10 8
10 90 9 3
10 91 2 3
10 93 8 5
10 94 7 4
10 95 6 3
10 96 7 2
10 97 4 1
10 99 2 8
10 100 3 2
11 12 8 5
11 13 6 1
11 14 2 5
11 15 8 5
11 17 6 5
11 18 5 2
11 19 5 9
11 21 7 10
11 23 9 7
11 25 5 1
11 26 4 1
11 27 4 5
11 28 8 9
11 29 6 4
11 30 9 2
11 32 7 10
11 33 9 7
11 35 6 10
11 39 2 3
11 40 7 3
11 41 2 4
11 42 8 8
11 43 2 5
11 44 6 5
11 45 10 8
11 46 10 1
11 47 8 1
11 48 9 1
11 50 7 7
11 51 3 3
11 52 4 1
11 53 6 6
11 54 9 10
11 55 4 3
11 56 9 5
11 57 1 1
11 59 10 1
11 60 7 2
11 62 6 10
11 63 7 4
11 64 4 7
11 65 2 7
11 66 3 5
11 67 5 4
11 68 8 1
11 69 9 5
11 70 4 5
11 71 3 4
11 72 9 5
11 73 6 7
11 74 8 10
11 75 8 6
11 76 9 7
11 77 9 4
11 78 10 3
11 80 6 7
11 81 6 9
11 83 9 4
11 84 10 1
11 85 1 4
11 86 2 8
11 87 6 3
11 89 10 9
11 90 7 9
11 91 5 1
11 92 7 7
11 94 10 8
11 95 10 6
11 96 6 1
11 98 8 6
11 99 1 1
11 100 9 10
12 13 7 9
12 14 9 10
12 15 4 3
12 16 3 6
12 17 2 9
12 18 10 5
12 19 3 7
12 20 3 1
12 21 3 8
12 22 7 1
12 23 9 5
12 24 5 3
12 25 9 5
12 26 2 1
12 27 10 6
12 28 3 5
12 29 2 10
12 30 3 7
12 31 7 5
12 34 2 9
12 35 6 2
12 36 5 3
12 37 3 3
12 39 6 2
12 40 4 9
12 42 1 3
12 43 9 2
12 44 2 8
12 45 1 7
12 46 10 10
12 47 1 6
12 48 2 3
12 50 8 5
12 51 2 10
12 52 2 6
12 55 6 2
12 56 5 7
12 58 2 10
12 59 2 7
12 60 3 2
12 62 2 7
12 63 5 3
12 65 4 1
12 66 2 9
12 67 6 1
12 69 8 8
12 71 2 7
12 73 10 2
12 74 9 1
12 76 1 10
12 77 1 2
12 78 4 4
12 80 10 10
12 81 7 2
12 82 3 1
12 84 8 2
12 85 5 7
12 86 1 3
12 87 5 1
12 88 6 4
12 89 4 3
12 90 5 9
12 91 7 5
12 92 2 1
12 94 8 10
12 95 2 6
12 96 9 6
12 97 9 5
12 98 8 5
12 100 7 9
13 14 10 1
13 15 9 9
13 16 1 7
13 17 9 7
13 20 10 1
13 21 5 7
13 22 4 5
13 23 4 6
13 24 8 3
13 26 5 3
13 28 3 2
13 30 8 4
13 32 1 7
13 33 10 10
13 35 9 8
13 36 10 5
13 37 6 5
13 38 10 7
13 39 9 7
13 40 10 6
13 41 6 7
13 43 1 7
13 44 8 4
13 45 2 4
13 46 4 3
13 47 5 6
13 49 7 1
13 50 3 1
13 51 6 9
13 52 10 7
13 53 6 6
13 54 5 7
13 55 5 10
13 57 5 10
13 58 3 4
13 59 1 10
13 60 10 9
13 61 8 5
13 63 5 3
13 64 10 8
13 65 3 3
13 67 10 9
13 68 5 10
13 69 2 1
13 70 10 4
13 72 2 10
13 73 10 3
13 75 2 6
13 80 4 3
13 81 9 1
13 82 10 9
13 83 2 8
13 84 5 5
13 86 4 9
13 87 10 1
13 88 5 5
13 89 6 2
13 91 4 3
13 92 5 7
13 93 7 9
13 94 2 6
13 95 5 6
13 97 8 2
13 98 4 7
13 99 3 3
14 16 10 7
14 18 5 7
14 19 7 1
14 20 4 3
14 21 5 5
14 22 6 4
14 24 1 1
14 26 2 9
14 27 7 2
14 28 5 2
14 30 2 8
14 31 4 2
14 32 3 2
14 33 5 3
14 34 1 7
14 35 7 1
14 37 4 4
14 38 4 9
14 39 7 10
14 40 7 6
14 41 10 4
14 42 10 2
14 45 4 8
14 46 5 8
14 48 1 1
14 49 4 1
14 50 2 1
14 51 6 10
14 52 10 2
14 54 10 10
14 57 10 7
14 58 4 6
14 59 6 10
14 60 3 6
14 61 1 6
14 62 6 6
14 63 2 5
14 64 5 2
14 65 7 2
14 67 9 9
14 68 7 4
14 70 9 8
14 71 3 9
14 72 9 6
14 73 9 6
14 74 1 5
14 75 1 3
14 76 7 7
14 77 7 1
14 78 2 6
14 79 6 7
14 80 4 4
14 81 5 9
14 82 1 1
14 83 4 2
14 84 4 1
14 85 8 2
14 86 3 4
14 87 1 10
14 88 7 6
14 89 10 4
14 90 4 10
14 91 2 9
14 92 10 6
14 93 8 5
14 94 9 2
14 95 6 1
14 96 5 7
14 97 2 3
14 98 6 10
14 99 6 3
14 100 3 1
15 16 8 8
15 17 2 7
15 18 1 5
15 21 4 5
15 24 5 1
15 25 9 9
15 27 7 5
15 28 5 6
15 29 6 9
15 30 10 5
15 31 5 6
15 32 8 5
15 33 2 8
15 34 7 6
15 35 4 5
15 36 8 3
15 37 1 7
15 38 9 10
15 39 6 8
15 40 6 7
15 41 5 7
15 44 9 7
15 45 4 1
15 46 10 9
15 47 7 10
15 48 10 4
15 49 8 6
15 50 7 6
15 51 7 1
15 52 8 1
15 53 2 1
15 54 6 2
15 56 5 9
15 58 4 6
15 59 8 5
15 60 2 1
15 63 3 5
15 64 9 7
15 66 8 8
15 67 4 3
15 68 6 6
15 70 9 3
15 73 10 8
15 76 10 10
15 78 4 1
15 79 3 1
15 81 2 7
15 82 9 1
15 84 5 4
15 85 4 7
15 87 3 6
15 88 7 4
15 89 5 4
15 90 7 8
15 91 10 7
15 92 1 4
15 93 1 6
15 96 2 4
15 97 3 7
15 98 8 5
15 99 3 6
15 100 4 6
16 17 3 7
16 18 3 8
16 19 6 6
16 20 4 2
16 23 2 2
16 24 2 8
16 25 7 8
16 26 9 4
16 29 5 8
16 30 1 10
16 31 4 9
16 33 4 9
16 34 8 10
16 35 3 5
16 36 4 7
16 38 8 8
16 40 1 8
16 41 7 4
16 42 10 5
16 44 6 2
16 45 10 3
16 46 7 4
16 47 5 4
16 48 10 9
16 49 6 8
16 50 7 5
16 51 8 6
16 53 3 6
16 55 7 3
16 57 7 8
16 58 1 5
16 60 8 7
16 61 3 8
16 62 7 6
16 63 3 7
16 64 1 3
16 65 7 5
16 66 5 2
16 67 9 8
16 68 1 3
16 69 1 9
16 70 2 9
16 71 1 1
16 72 7 4
16 73 3 9
16 75 2 1
16 77 3 2
16 78 2 3
16 80 9 2
16 81 4 3
16 82 3 5
16 83 2 9
16 84 5 9
16 85 7 8
16 90 8 6
16 91 8 4
16 92 1 2
16 94 2 7
16 95 4 7
16 98 4 3
16 99 5 10
16 100 4 3
17 18 6 6
17 19 1 3
17 20 8 2
17 21 1 6
17 22 6 10
17 23 9 7
17 24 6 9
17 25 9 2
17 26 7 10
17 27 7 6
17 28 8 6
17 29 3 6
17 30 9 9
17 31 5 8
17 32 2 3
17 33 4 7
17 34 4 3
17 35 9 2
17 36 5 2
17 37 10 3
17 38 3 8
17 40 5 8
17 41 9 6
17 42 4 7
17 43 1 7
17 45 5 5
17 46 8 3
17 47 1 5
17 49 7 10
17 50 7 7
17 53 1 3
17 54 4 3
17 56 8 10
17 57 5 9
17 58 7 6
17 60 8 8
17 61 4 7
17 62 1 1
17 63 8 4
17 64 3 3
17 65 10 1
17 66 7 6
17 67 6 9
17 68 8 8
17 69 8 4
17 70 10 9
17 71 4 10
17 72 8 9
17 73 6 1
17 75 9 10
17 76 2 4
17 77 5 1
17 79 4 6
17 80 10 2
17 81 10 10
17 82 2 2
17 83 4 1
17 84 4 1
17 85 3 4
17 87 1 3
17 88 1 5
17 89 2 5
17 90 1 9
17 91 4 5
17 92 6 5
17 94 6 8
17 96 4 7
17 97 4 7
17 98 6 6
17 99 5 8
18 19 2 2
18 22 9 3
18 23 7 4
18 24 6 8
18 25 6 1
18 26 8 4
18 27 9 7
18 28 1 1
18 29 6 9
18 30 8 5
18 31 4 10
18 32 8 6
18 35 7 4
18 36 5 4
18 37 4 1
18 38 3 8
18 39 1 6
18 41 5 6
18 42 9 4
18 43 6 8
18 44 9 5
18 46 7 4
18 47 4 8
18 48 2 10
18 49 7 4
18 50 7 8
18 51 9 9
18 52 4 8
18 53 9 5
18 55 2 7
18 59 9 9
18 60 3 10
18 61 8 2
18 62 2 4
18 64 5 5
18 66 10 6
18 69 7 7
18 71 3 2
18 72 5 1
18 73 9 8
18 74 7 5
18 75 4 4
18 76 2 2
18 77 4 4
18 78 4 5
18 79 7 7
18 80 1 5
18 81 9 8
18 82 8 8
18 83 3 5
18 84 1 7
18 85 10 3
18 86 2 9
18 88 9 8
18 89 1 10
18 91 6 5
18 92 2 8
18 93 8 7
18 94 3 2
18 95 4 6
18 96 4 6
18 98 8 4
18 99 10 3
18 100 8 9
19 20 2 1
19 21 5 7
19 22 1 2
19 23 7 1
19 25 9 8
19 27 2 3
19 28 4 10
19 30 10 10
19 31 3 1
19 32 8 9
19 34 2 4
19 35 5 10
19 36 9 4
19 37 8 6
19 38 6 5
19 39 10 4
19 40 7 6
19 42 1 2
19 44 5 2
19 48 10 2
19 49 2 8
19 50 3 2
19 51 3 10
19 52 1 10
19 53 4 8
19 54 9 6
19 55 8 7
19 56 5 7
19 57 2 6
19 58 5 9
19 59 9 9
19 61 1 6
19 62 10 1
19 65 4 10
19 66 4 2
19 67 3 1
19 68 2 1
19 69 5 7
19 70 2 9
19 71 5 2
19 72 4 10
19 73 1 10
19 74 10 7
19 75 7 9
19 77 4 3
19 78 7 3
19 79 7 1
19 80 7 9
19 81 7 8
19 84 6 3
19 85 3 7
19 86 3 5
19 87 10 3
19 89 7 9
19 90 10 6
19 93 1 9
19 94 3 10
19 95 9 9
19 96 2 7
19 97 9 7
19 98 5 7
19 99 10 4
19 100 2 8
20 21 1 3
20 22 6 8
20 23 6 10
20 24 4 10
20 25 8 2
20 26 9 9
20 27 10 2
20 28 1 5
20 29 5 5
20 30 7 8
20 31 4 1
20 34 6 2
20 35 10 8
20 36 4 7
20 37 4 9
20 38 6 10
20 39 7 4
20 41 3 2
20 42 9 8
20 43 2 1
20 44 5 2
20 45 8 8
20 46 10 3
20 47 3 4
20 48 6 4
20 50 6 1
20 51 7 3
20 52 2 5
20 53 9 10
20 54 10 4
20 56 7 8
20 57 1 2
20 58 7 1
20 59 5 5
20 61 5 6
20 62 7 5
20 64 3 8
20 65 6 9
20 66 8 6
20 68 3 4
20 69 2 1
20 70 1 10
20 71 6 4
20 72 9 5
20 73 4 1
20 74 9 9
20 75 1 9
20 76 1 1
20 77 6 7
20 79 5 3
20 80 7 4
20 82 7 6
20 83 9 2
20 84 4 5
20 86 6 8
20 87 9 1
20 88 9 5
20 89 3 4
20 94 8 4
20 96 8 9
20 97 9 8
20 99 10 9
21 22 3 1
21 23 5 4
21 24 7 5
21 25 6 10
21 26 3 10
21 27 8 1
21 29 3 1
21 32 7 10
21 33 9 7
21 34 1 7
21 35 3 5
21 36 2 10
21 39 10 3
21 40 7 7
21 41 10 4
21 42 9 8
21 43 2 3
21 44 1 9
21 45 5 7
21 46 8 9
21 47 7 6
21 48 6 7
21 50 2 4
21 51 2 7
21 52 5 6
21 53 10 3
21 54 9 3
21 55 9 9
21 56 5 8
21 57 9 1
21 60 1 8
21 61 2 7
21 62 8 3
21 63 6 7
21 65 10 9
21 66 1 8
21 67 9 9
21 68 8 10
21 69 9 2
21 70 4 5
21 71 1 9
21 72 7 10
21 73 1 8
21 74 10 7
21 75 2 3
21 76 2 7
21 77 4 10
21 79 9 1
21 80 10 1
21 83 8 10
21 84 10 5
21 85 7 5
21 86 4 7
21 87 7 6
21 88 9 6
21 91 4 5
21 92 5 6
21 93 6 1
21 94 4 9
21 96 9 8
21 98 5 4
21 99 2 9
21 100 10 4
22 23 5 9
22 24 7 1
22 25 1 2
22 26 1 4
22 27 2 8
22 29 2 2
22 31 8 3
22 32 10 1
22 34 3 9
22 35 7 4
22 36 7 1
22 37 7 10
22 39 6 8
22 40 4 4
22 41 9 6
22 42 7 7
22 43 7 5
22 44 5 1
22 46 1 10
22 48 7 6
22 49 7 9
22 50 9 9
22 51 4 5
22 52 2 5
22 53 5 8
22 55 7 6
22 56 9 2
22 57 9 4
22 58 2 2
22 59 1 2
22 61 3 6
22 62 8 10
22 63 8 5
22 65 5 6
22 66 10 4
22 67 10 8
22 69 5 1
22 72 5 5
22 73 7 2
22 74 6 4
22 75 6 1
22 76 7 7
22 77 10 10
22 79 3 9
22 81 10 5
22 82 9 1
22 83 2 9
22 86 6 10
22 87 1 7
22 88 3 8
22 89 2 2
22 90 3 2
22 92 5 6
22 93 2 7
22 96 2 8
22 98 6 1
22 99 6 5
22 100 7 9
23 24 7 9
23 26 4 7
23 28 1 2
23 29 1 4
23 30 6 8
23 31 9 3
23 32 3 7
23 33 1 6
23 34 9 3
23 35 2 2
23 36 9 9
23 37 5 4
23 38 3 3
23 39 6 5
23 40 3 10
23 41 2 4
23 42 2 8
23 45 4 2
23 47 8 2
23 48 6 9
23 49 2 6
23 50 2 4
23 51 8 1
23 52 6 1
23 53 8 5
23 55 4 7
23 56 4 9
23 57 2 4
23 58 8 8
23 60 3 4
23 61 10 10
23 62 2 3
23 64 10 6
23 65 5 9
23 66 5 6
23 67 7 3
23 69 8 7
23 72 6 1
23 73 9 4
23 74 3 7
23 75 10 2
23 76 3 4
23 77 4 8
23 79 6 1
23 81 9 3
23 84 10 10
23 85 3 10
23 86 8 4
23 88 10 9
23 89 8 1
23 90 6 1
23 91 1 7
23 92 10 10
23 93 7 4
23 94 9 9
23 95 6 1
23 96 1 4
23 97 9 1
23 98 3 2
23 99 4 3
23 100 7 3
24 25 9 8
24 26 8 3
24 27 4 9
24 28 7 9
24 29 8 5
24 30 7 8
24 31 7 6
24 33 7 8
24 34 2 2
24 36 3 3
24 37 3 1
24 38 8 8
24 41 4 5
24 42 7 9
24 45 4 4
24 46 2 10
24 47 8 3
24 48 6 2
24 49 5 7
24 51 5 5
24 52 3 1
24 53 4 8
24 54 5 7
24 55 7 5
24 56 3 7
24 57 7 5
24 58 7 6
24 59 10 10
24 60 7 1
24 61 7 3
24 62 4 9
24 63 1 5
24 64 1 3
24 65 7 7
24 66 5 6
24 67 8 1
24 68 1 5
24 69 1 10
24 71 5 6
24 73 4 10
24 74 10 6
24 76 10 5
24 77 5 6
24 79 6 6
24 81 1 3
24 84 9 5
24 86 2 1
24 87 10 3
24 88 1 6
24 89 10 5
24 91 9 8
24 92 9 6
24 93 6 1
24 94 9 9
24 95 4 10
24 96 8 2
24 97 8 7
25 26 5 1
25 28 3 3
25 30 4 10
25 31 8 2
25 32 1 5
25 33 8 5
25 35 4 6
25 36 4 4
25 37 6 2
25 40 5 4
25 41 1 4
25 42 6 4
25 45 5 6
25 46 1 6
25 47 3 5
25 48 5 10
25 49 3 2
25 50 10 8
25 51 4 10
25 52 10 1
25 53 9 7
25 55 3 8
25 57 7 1
25 58 7 7
25 59 6 5
25 60 1 7
25 61 9 2
25 63 3 6
25 64 6 7
25 65 8 5
25 66 10 3
25 71 4 8
25 72 8 3
25 73 4 9
25 74 9 7
25 76 7 7
25 77 2 8
25 78 1 7
25 79 6 6
25 80 3 8
25 81 6 7
25 82 3 7
25 83 5 5
25 84 5 5
25 85 3 8
25 86 5 10
25 87 3 10
25 88 1 1
25 90 8 3
25 92 4 4
25 94 2 5
25 95 9 1
25 96 5 4
25 97 3 1
25 98 4 5
25 99 1 7
25 100 7 9
26 27 3 8
26 28 5 6
26 29 6 9
26 30 10 2
26 31 7 5
26 32 7 8
26 33 6 3
26 34 10 1
26 35 10 5
26 36 2 7
26 37 10 9
26 38 2 3
26 39 5 7
26 40 3 4
26 41 6 3
26 42 8 9
26 43 7 7
26 44 9 5
26 46 10 4
26 47 8 4
26 48 7 3
26 49 5 4
26 50 6 2
26 51 2 5
26 52 5 7
26 53 4 4
26 54 5 1
26 55 9 7
26 56 9 9
26 57 6 8
26 60 8 8
26 61 4 8
26 62 9 9
26 64 1 5
26 65 2 8
26 66 4 2
26 69 1 2
26 70 7 7
26 71 5 7
26 72 5 8
26 73 3 3
26 75 8 7
26 77 2 7
26 78 1 7
26 80 1 6
26 81 1 8
26 82 3 8
26 83 9 3
26 84 8 5
26 85 6 8
26 86 6 3
26 87 9 7
26 88 2 1
26 89 8 6
26 90 2 2
26 91 10 3
26 92 3 9
26 93 3 9
26 94 9 10
26 95 8 9
26 96 9 3
26 97 10 5
26 99 10 1
26 100 9 3
27 28 7 6
27 29 7 9
27 30 8 10
27 32 4 7
27 33 6 2
27 34 1 8
27 35 5 4
27 36 4 3
27 37 8 3
27 38 5 8
27 39 4 4
27 41 3 5
27 42 8 1
27 43 9 1
27 44 2 6
27 45 8 1
27 46 6 4
27 48 2 10
27 49 6 10
27 50 1 7
27 51 9 8
27 52 6 1
27 53 3 8
27 55 5 4
27 56 4 9
27 58 4 8
27 59 5 5
27 60 2 10
27 61 1 3
27 62 3 4
27 64 7 7
27 65 1 6
27 66 5 3
27 67 2 3
27 68 7 10
27 70 9 1
27 71 5 3
27 72 9 9
27 73 5 7
27 74 5 2
27 75 7 7
27 76 6 10
27 79 4 5
27 80 4 8
27 81 4 4
27 82 7 10
27 83 5 9
27 84 5 7
27 85 6 10
27 86 3 8
27 87 8 2
27 88 10 10
27 89 10 7
27 92 7 1
27 93 4 2
27 95 1 7
27 96 8 4
27 99 9 4
28 29 10 6
28 30 8 4
28 31 5 5
28 32 10 4
28 33 6 3
28 35 7 6
28 36 9 1
28 37 6 1
28 38 8 9
28 39 3 4
28 40 5 10
28 42 1 6
28 44 7 2
28 45 3 4
28 46 8 2
28 47 3 9
28 48 6 4
28 49 9 8
28 50 1 3
28 51 3 10
28 52 5 5
28 53 7 8
28 54 6 4
28 55 1 7
28 56 2 10
28 57 2 7
28 58 2 6
28 62 10 2
28 63 2 6
28 65 6 10
28 66 5 9
28 67 1 3
28 68 8 2
28 69 6 5
28 70 8 10
28 71 2 10
28 72 8 5
28 73 10 8
28 74 8 6
28 76 3 7
28 77 8 7
28 78 7 6
28 79 9 10
28 80 1 6
28 81 10 7
28 83 4 7
28 84 1 8
28 85 6 8
28 88 4 3
28 89 2 9
28 90 10 9
28 91 2 6
28 93 10 2
28 94 4 3
28 95 8 10
28 96 1 7
28 97 8 2
28 99 7 7
28 100 5 1
29 30 5 3
29 32 10 2
29 33 2 10
29 34 1 4
29 35 6 1
29 36 6 9
29 37 9 2
29 38 1 2
29 39 2 5
29 40 2 2
29 41 2 7
29 42 6 5
29 44 10 6
29 45 2 1
29 46 9 6
29 47 7 10
29 48 5 2
29 49 3 6
29 50 8 10
29 51 10 3
29 52 9 9
29 53 6 2
29 54 8 1
29 55 8 8
29 56 7 8
29 57 7 5
29 59 7 6
29 60 2 9
29 61 8 2
29 62 7 7
29 64 5 3
29 67 7 7
29 68 6 1
29 69 10 2
29 70 9 8
29 71 1 7
29 73 1 1
29 74 1 5
29 75 2 3
29 76 8 3
29 77 4 1
29 78 7 8
29 79 6 9
29 80 6 1
29 81 10 3
29 82 9 3
29 85 3 2
29 86 6 9
29 87 10 7
29 88 10 10
29 89 8 9
29 90 8 2
29 92 8 8
29 93 4 2
29 94 4 7
29 95 9 1
29 96 4 2
29 97 2 4
29 98 4 2
29 99 1 4
30 31 5 4
30 32 8 4
30 33 5 1
30 34 3 8
30 35 9 10
30 36 4 10
30 37 10 3
30 38 6 10
30 40 4 9
30 41 6 7
30 42 3 7
30 43 8 7
30 44 2 10
30 46 4 9
30 47 3 2
30 48 3 1
30 49 6 8
30 50 5 9
30 51 2 6
30 52 4 2
30 53 4 3
30 54 2 6
30 55 1 5
30 56 8 2
30 58 7 2
30 59 9 9
30 60 3 2
30 61 6 8
30 62 2 10
30 63 2 10
30 64 5 9
30 65 5 5
30 66 8 6
30 68 3 5
30 69 8 7
30 70 9 9
30 71 6 10
30 72 6 7
30 76 4 5
30 77 5 8
30 78 1 8
30 79 3 7
30 80 7 5
30 82 1 1
30 83 9 10
30 84 9 6
30 85 6 5
30 88 9 5
30 89 7 2
30 90 7 7
30 91 4 1
30 92 8 2
30 93 2 4
30 95 3 7
30 96 9 9
30 97 8 3
30 100 4 7
31 32 2 8
31 33 5 4
31 35 7 6
31 36 8 4
31 37 6 3
31 39 6 2
31 40 2 6
31 41 2 8
31 42 10 2
31 43 5 4
31 44 1 10
31 46 3 3
31 47 4 10
31 49 6 8
31 50 10 10
31 52 8 1
31 53 6 3
31 54 9 5
31 56 4 10
31 57 1 7
31 58 6 1
31 59 3 2
31 61 2 5
31 62 6 8
31 63 6 9
31 64 5 8
31 65 1 3
31 66 5 1
31 67 7 9
31 68 9 5
31 69 3 8
31 70 5 7
31 71 8 4
31 74 6 5
31 75 1 10
31 76 2 7
31 77 7 1
31 79 1 5
31 80 5 10
31 81 6 9
31 82 7 4
31 83 3 5
31 84 5 5
31 85 3 6
31 86 7 5
31 87 2 6
31 89 9 6
31 90 2 7
31 91 9 8
31 92 6 1
31 93 2 10
31 94 8 4
31 95 7 4
31 96 9 1
31 97 8 4
31 98 4 6
31 99 5 7
32 33 8 9
32 34 7 4
32 35 4 2
32 36 2 5
32 39 3 5
32 40 7 4
32 42 4 7
32 43 7 5
32 44 4 7
32 45 9 4
32 46 6 9
32 47 3 1
32 48 1 9
32 49 8 8
32 50 8 8
32 51 1 5
32 52 1 5
32 53 6 3
32 54 1 6
32 55 1 8
32 56 7 3
32 57 10 8
32 58 2 7
32 59 8 10
32 61 5 4
32 62 5 8
32 65 9 7
32 67 7 4
32 68 8 9
32 69 10 10
32 70 3 3
32 72 3 9
32 73 5 1
32 76 10 3
32 77 8 9
32 78 5 10
32 79 4 5
32 81 6 1
32 82 4 5
32 83 6 10
32 86 3 4
32 87 2 2
32 89 10 10
32 90 9 7
32 92 3 8
32 93 2 6
32 94 5 3
32 96 2 7
32 98 7 3
32 99 2 1
32 100 8 3
33 34 7 1
33 35 2 7
33 37 2 3
33 39 8 10
33 40 5 2
33 41 4 7
33 42 1 5
33 43 5 3
33 44 7 4
33 45 9 3
33 46 7 2
33 47 10 1
33 48 2 8
33 49 8 3
33 52 2 8
33 53 1 2
33 54 1 10
33 55 7 4
33 57 5 7
33 58 5 6
33 59 5 1
33 60 2 5
33 61 3 1
33 62 7 6
33 63 5 5
33 64 5 6
33 65 3 10
33 67 10 6
33 68 3 5
33 69 7 5
33 70 6 10
33 72 5 6
33 73 10 5
33 74 7 4
33 75 9 2
33 76 1 8
33 77 6 4
33 79 1 3
33 80 8 3
33 81 5 6
33 82 5 5
33 83 1 9
33 84 4 3
33 85 5 7
33 86 5 7
33 88 3 6
33 89 10 10
33 91 3 2
33 92 1 9
33 93 4 8
33 94 2 7
33 95 5 2
33 96 4 5
33 97 9 4
33 100 9 7
34 35 1 2
34 36 2 5
34 37 4 2
34 38 2 4
34 39 9 9
34 40 6 8
34 41 7 2
34 42 9 8
34 43 7 8
34 44 10 6
34 46 3 4
34 48 10 8
34 50 10 7
34 52 4 8
34 53 8 6
34 55 9 5
34 56 8 4
34 57 10 8
34 58 5 1
34 59 9 9
34 60 3 10
34 64 1 6
34 67 5 2
34 69 7 2
34 70 4 7
34 72 8 9
34 73 3 9
34 74 7 5
34 76 7 2
34 77 5 4
34 78 9 3
34 80 9 7
34 82 6 10
34 84 6 8
34 85 10 5
34 86 3 6
34 88 8 3
34 90 9 5
34 92 8 1
34 93 2 4
34 94 2 3
34 95 7 10
34 96 1 2
34 97 6 5
34 98 6 3
34 100 8 6
35 37 4 9
35 38 5 3
35 39 4 4
35 40 2 10
35 41 5 10
35 43 6 8
35 45 1 5
35 46 9 2
35 47 1 4
35 48 3 3
35 49 6 3
35 52 1 8
35 53 9 2
35 54 6 6
35 55 1 5
35 56 10 1
35 57 4 4
35 58 4 1
35 59 2 7
35 60 3 10
35 61 3 3
35 62 2 6
35 63 10 1
35 64 6 6
35 65 9 9
35 66 1 7
35 67 4 10
35 69 8 6
35 71 2 9
35 72 10 4
35 77 6 9
35 78 4 3
35 79 8 6
35 80 9 1
35 82 9 4
35 84 10 1
35 86 9 3
35 87 5 3
35 88 7 3
35 89 7 6
35 90 5 8
35 91 8 10
35 92 8 10
35 93 8 5
35 95 7 4
35 97 4 6
35 98 5 2
35 99 7 7
35 100 6 1
36 37 9 1
36 38 3 3
36 40 7 7
36 41 6 3
36 42 6 7
36 43 9 2
36 45 10 1
36 46 1 7
36 47 8 4
36 48 4 6
36 49 3 1
36 50 2 9
36 51 7 10
36 52 3 2
36 53 1 4
36 54 8 9
36 55 8 5
36 56 2 1
36 57 10 5
36 58 9 1
36 59 8 4
36 60 10 1
36 61 4 8
36 62 10 7
36 63 2 1
36 64 9 10
36 65 8 2
36 67 5 6
36 69 7 10
36 72 4 1
36 73 4 7
36 75 1 3
36 77 3 6
36 78 10 8
36 79 8 9
36 80 9 1
36 81 4 2
36 82 2 6
36 83 10 8
36 84 4 6
36 85 10 1
36 86 7 10
36 87 2 8
36 88 4 4
36 89 5 3
36 90 6 7
36 91 2 3
36 92 4 2
36 93 3 2
36 94 1 9
36 95 4 4
36 96 1 5
36 97 5 7
36 98 4 1
36 100 7 9
37 38 1 2
37 39 5 8
37 40 10 5
37 41 4 6
37 42 5 5
37 43 2 10
37 44 8 9
37 45 1 2
37 46 5 2
37 48 6 5
37 50 1 1
37 51 7 6
37 52 4 8
37 53 2 9
37 54 3 7
37 55 3 8
37 56 3 4
37 57 3 3
37 58 8 1
37 59 7 6
37 60 5 3
37 64 6 6
37 65 1 3
37 66 2 8
37 67 1 8
37 68 2 9
37 69 5 2
37 70 7 3
37 71 8 2
37 72 10 3
37 73 7 10
37 74 5 2
37 75 2 1
37 76 7 3
37 77 2 10
37 78 9 2
37 81 6 7
37 82 1 8
37 83 9 2
37 85 6 1
37 86 8 6
37 87 6 1
37 88 2 3
37 89 5 4
37 90 8 8
37 92 10 2
37 93 5 9
37 94 3 5
37 95 7 8
37 97 6 10
37 98 5 2
37 99 2 4
37 100 7 1
38 39 9 5
38 40 8 5
38 41 1 1
38 42 1 8
38 43 1 5
38 44 7 10
38 45 9 5
38 47 2 8
38 48 5 7
38 49 7 4
38 52 10 5
38 53 6 2
38 54 9 2
38 55 1 3
38 56 9 3
38 58 2 4
38 59 4 1
38 60 5 5
38 62 3 5
38 63 2 9
38 64 4 9
38 65 6 5
38 67 1 7
38 69 8 3
38 70 1 1
38 71 10 9
38 72 5 6
38 74 2 9
38 76 10 2
38 77 5 7
38 78 8 10
38 79 1 4
38 80 2 8
38 81 4 10
38 82 7 10
38 83 4 3
38 85 8 6
38 86 1 10
38 87 3 9
38 88 1 6
38 89 4 3
38 92 4 5
38 93 8 4
38 94 8 8
38 95 9 10
38 96 4 9
38 97 5 8
38 98 2 1
38 99 3 7
38 100 5 1
39 40 9 7
39 41 2 1
39 42 2 10
39 44 5 4
39 45 8 3
39 46 3 2
39 47 2 4
39 49 1 9
39 50 7 7
39 51 10 10
39 53 9 5
39 55 3 10
39 56 5 9
39 57 8 8
39 58 2 9
39 59 6 1
39 61 8 5
39 62 5 7
39 63 10 6
39 64 5 4
39 66 10 10
39 67 5 7
39 69 9 7
39 70 10 4
39 71 4 10
39 73 3 4
39 74 7 10
39 77 3 5
39 79 3 6
39 80 7 8
39 81 3 8
39 82 4 5
39 83 1 9
39 84 2 7
39 86 1 5
39 87 5 10
39 89 1 2
39 90 10 9
39 91 9 4
39 92 6 3
39 93 7 1
39 94 9 2
39 95 4 2
39 96 9 3
39 97 2 3
39 99 10 1
39 100 10 9
40 41 2 6
40 42 7 4
40 43 5 2
40 44 8 6
40 45 2 3
40 46 2 5
40 48 2 2
40 50 2 8
40 51 9 1
40 52 3 3
40 53 10 4
40 55 5 8
40 56 4 3
40 57 2 1
40 58 2 2
40 59 6 6
40 60 7 5
40 61 6 7
40 62 4 2
40 63 9 6
40 64 5 9
40 65 3 1
40 66 6 2
40 67 10 4
40 68 8 9
40 70 6 2
40 71 1 7
40 72 2 4
40 73 9 7
40 75 3 1
40 76 7 5
40 77 8 8
40 78 10 3
40 79 2 9
40 80 5 7
40 81 7 9
40 82 6 8
40 83 3 1
40 84 3 1
40 85 7 3
40 86 1 7
40 87 4 2
40 88 8 10
40 90 7 2
40 91 7 5
40 93 6 6
40 94 3 2
40 95 5 7
40 96 1 4
40 98 9 10
40 99 7 7
41 42 2 2
41 43 3 1
41 44 6 10
41 45 6 4
41 46 9 10
41 47 9 8
41 48 7 1
41 49 9 2
41 51 8 2
41 52 7 9
41 53 10 2
41 54 10 2
41 55 3 7
41 56 2 6
41 59 1 6
41 60 1 4
41 61 2 1
41 63 4 9
41 64 10 6
41 65 7 3
41 66 9 3
41 67 8 4
41 68 8 2
41 69 4 9
41 71 6 3
41 72 10 2
41 75 3 5
41 76 2 4
41 77 2 10
41 78 5 4
41 79 10 7
41 81 5 1
41 82 2 8
41 83 5 3
41 85 5 7
41 86 1 3
41 87 9 8
41 88 9 6
41 89 1 9
41 90 7 8
41 92 4 5
41 93 6 4
41 94 3 8
41 95 10 5
41 96 6 5
41 97 8 5
41 98 3 5
41 99 9 1
41 100 4 2
42 45 9 8
42 46 6 2
42 47 8 2
42 48 2 7
42 49 10 8
42 50 3 6
42 51 3 4
42 52 8 4
42 53 6 9
42 57 8 10
42 58 4 9
42 60 8 2
42 61 4 10
42 62 8 9
42 65 9 8
42 66 3 7
42 67 5 5
42 68 1 2
42 69 7 10
42 70 9 9
42 71 6 9
42 73 6 10
42 75 6 5
42 78 8 10
42 79 5 4
42 80 8 4
42 81 7 4
42 82 2 1
42 83 10 9
42 84 9 1
42 86 8 3
42 87 2 1
42 88 3 3
42 89 3 9
42 90 6 2
42 93 8 9
42 94 9 4
42 95 6 8
42 96 9 4
42 97 3 6
42 98 2 6
42 99 10 10
42 100 8 6
43 44 4 10
43 45 7 3
43 47 3 6
43 49 1 7
43 50 4 7
43 52 3 4
43 53 9 9
43 54 9 3
43 55 5 3
43 56 3 3
43 57 4 9
43 58 6 8
43 59 9 5
43 60 10 5
43 61 8 4
43 62 10 4
43 63 2 8
43 64 3 9
43 65 2 6
43 66 4 4
43 67 1 5
43 68 3 4
43 69 7 4
43 71 6 9
43 72 4 8
43 75 9 6
43 76 3 2
43 82 4 6
43 83 2 10
43 85 1 10
43 86 8 2
43 89 3 5
43 90 5 6
43 92 7 8
43 93 10 5
43 94 1 1
43 95 8 9
43 96 1 3
43 97 6 2
43 98 1 3
43 99 2 7
43 100 3 2
44 45 8 6
44 46 10 10
44 47 8 8
44 49 6 9
44 50 7 6
44 51 4 7
44 52 3 9
44 55 7 6
44 56 3 7
44 57 2 5
44 58 10 5
44 59 1 2
44 60 4 6
44 62 6 1
44 63 8 3
44 64 2 5
44 65 5 4
44 66 9 2
44 67 9 9
44 68 4 3
44 69 3 3
44 70 8 2
44 71 2 1
44 72 8 8
44 73 6 1
44 75 3 1
44 76 6 6
44 79 1 4
44 80 1 5
44 81 1 8
44 82 2 6
44 83 1 1
44 85 3 5
44 86 1 1
44 87 9 4
44 88 8 5
44 89 5 4
44 90 10 7
44 91 7 4
44 93 6 8
44 94 1 4
44 95 6 1
44 96 1 8
44 97 5 9
44 98 2 8
44 99 5 5
44 100 4 4
45 47 6 2
45 48 8 10
45 49 8 6
45 51 10 9
45 53 10 10
45 54 9 1
45 55 4 3
45 56 3 8
45 57 9 1
45 58 7 3
45 59 1 9
45 60 6 2
45 61 4 5
45 63 3 1
45 64 1 4
45 66 2 5
45 67 1 9
45 68 8 6
45 69 4 8
45 70 4 1
45 71 2 7
45 72 7 2
45 73 9 5
45 74 6 8
45 75 5 5
45 76 10 8
45 77 4 2
45 78 9 2
45 80 7 9
45 81 4 5
45 82 1 8
45 83 2 3
45 84 6 3
45 85 5 10
45 86 1 4
45 87 4 4
45 88 7 5
45 91 8 3
45 92 4 10
45 93 6 8
45 94 9 9
45 95 8 6
45 96 9 7
45 97 1 2
45 98 2 4
45 99 5 5
45 100 8 4
46 47 6 5
46 49 4 5
46 50 8 7
46 51 10 2
46 52 9 5
46 53 8 4
46 54 1 8
46 56 7 1
46 57 2 7
46 58 2 7
46 59 2 8
46 60 1 5
46 61 9 1
46 62 9 9
46 64 1 3
46 65 8 10
46 66 5 7
46 67 6 10
46 68 7 8
46 69 4 9
46 70 2 6
46 71 3 4
46 72 6 6
46 73 3 3
46 74 7 7
46 75 5 2
46 76 5 4
46 77 2 5
46 78 3 1
46 80 5 5
46 82 1 6
46 83 6 5
46 85 1 7
46 87 4 6
46 88 9 2
46 89 5 7
46 90 2 5
46 92 9 8
46 93 3 5
46 94 3 7
46 96 4 7
46 97 1 5
46 99 5 3
47 48 10 4
47 50 2 10
47 51 1 6
47 52 1 7
47 53 3 8
47 54 1 8
47 55 9 4
47 56 4 7
47 57 3 2
47 59 5 2
47 60 7 4
47 61 4 4
47 63 2 3
47 65 1 3
47 66 1 9
47 67 2 5
47 68 1 9
47 69 3 6
47 70 8 8
47 72 1 2
47 73 1 3
47 74 3 2
47 76 3 5
47 79 10 9
47 80 2 3
47 81 3 6
47 82 4 6
47 83 4 9
47 84 6 1
47 85 1 5
47 86 9 6
47 87 6 7
47 88 1 5
47 89 3 4
47 90 8 5
47 91 4 1
47 93 4 1
47 94 6 3
47 95 3 4
47 97 1 10
47 100 2 1
48 49 4 8
48 50 3 5
48 51 5 2
48 52 9 3
48 53 5 1
48 54 7 2
48 55 1 7
48 56 6 6
48 57 5 3
48 58 6 3
48 59 7 5
48 60 1 4
48 62 5 6
48 63 9 4
48 64 8 1
48 67 10 2
48 68 10 6
48 69 9 7
48 70 6 5
48 71 10 6
48 72 4 8
48 73 2 1
48 74 5 10
48 75 8 4
48 76 6 7
48 77 8 10
48 78 3 9
48 79 1 7
48 80 3 5
48 81 3 9
48 82 3 2
48 84 8 7
48 86 2 8
48 87 10 1
48 88 4 5
48 89 8 4
48 90 9 1
48 91 9 9
48 92 5 3
48 93 7 2
48 94 4 8
48 95 4 7
48 96 9 8
48 99 5 9
48 100 2 9
49 51 9 8
49 52 6 7
49 53 3 9
49 54 9 3
49 55 7 3
49 56 4 1
49 57 6 9
49 59 5 2
49 60 4 5
49 61 6 7
49 62 4 8
49 64 1 5
49 66 4 4
49 68 8 2
49 69 2 6
49 70 10 7
49 71 4 9
49 72 9 6
49 73 8 9
49 75 9 4
49 76 5 3
49 77 6 9
49 78 10 7
49 79 5 10
49 80 1 8
49 81 2 2
49 82 4 1
49 83 4 7
49 85 9 5
49 86 6 4
49 87 8 2
49 88 8 4
49 92 9 3
49 93 7 5
49 98 2 4
49 100 7 9
50 51 9 6
50 53 8 1
50 54 10 3
50 55 1 6
50 56 2 9
50 57 5 8
50 58 6 8
50 59 8 5
50 60 3 8
50 61 9 2
50 62 2 4
50 63 9 10
50 64 10 1
50 65 9 4
50 66 3 2
50 67 6 9
50 68 1 7
50 69 5 7
50 70 4 9
50 71 5 7
50 73 2 1
50 74 10 10
50 75 2 1
50 76 10 7
50 77 8 7
50 78 4 9
50 79 8 10
50 80 6 5
50 81 6 2
50 85 6 10
50 86 10 6
50 87 4 4
50 89 2 9
50 90 4 9
50 91 6 2
50 92 2 10
50 93 2 3
50 94 6 10
50 95 6 7
50 96 8 5
50 97 2 10
50 99 3 4
50 100 3 6
51 53 7 9
51 54 2 4
51 55 4 2
51 57 2 10
51 58 3 5
51 59 6 7
51 60 9 7
51 61 3 4
51 62 6 1
51 63 8 10
51 64 2 9
51 65 9 3
51 66 9 8
51 67 5 2
51 69 7 6
51 70 6 6
51 71 10 10
51 72 1 5
51 75 6 3
51 76 1 8
51 77 9 4
51 78 1 3
51 79 2 8
51 80 3 2
51 81 8 10
51 82 1 7
51 83 10 5
51 85 1 9
51 86 7 6
51 88 2 7
51 89 6 7
51 90 6 10
51 91 6 1
51 92 9 7
51 94 4 1
51 95 5 3
51 96 10 3
51 97 4 5
51 98 6 5
51 100 4 6
52 53 10 4
52 55 10 7
52 56 4 8
52 57 2 8
52 58 1 6
52 59 3 8
52 62 9 10
52 63 3 2
52 64 5 1
52 66 7 4
52 67 7 8
52 68 8 8
52 69 10 10
52 70 3 7
52 74 10 9
52 75 4 10
52 76 3 10
52 78 1 10
52 83 1 4
52 85 1 4
52 87 3 5
52 89 5 7
52 91 10 1
52 94 1 10
52 95 7 7
52 96 6 5
52 97 3 10
52 99 2 3
52 100 1 8
53 54 2 10
53 55 10 6
53 56 1 6
53 57 4 1
53 58 5 10
53 62 6 8
53 63 8 7
53 64 6 9
53 66 10 2
53 67 8 9
53 68 1 3
53 69 3 6
53 70 1 9
53 72 1 3
53 73 2 3
53 74 4 5
53 76 3 6
53 77 8 10
53 78 3 6
53 81 8 3
53 82 3 8
53 83 9 1
53 84 1 6
53 85 8 1
53 87 8 3
53 88 5 6
53 89 10 9
53 90 5 1
53 91 1 10
53 94 5 5
53 95 8 1
53 96 6 4
53 97 8 2
53 98 9 3
53 99 10 2
53 100 4 2
54 55 3 2
54 58 10 5
54 60 7 6
54 61 5 1
54 62 3 2
54 63 7 4
54 64 10 5
54 65 8 5
54 66 7 6
54 68 6 1
54 69 9 9
54 72 4 1
54 73 1 9
54 76 8 3
54 77 4 4
54 78 5 5
54 79 4 7
54 81 3 6
54 83 7 8
54 84 2 1
54 85 5 6
54 86 1 7
54 87 6 4
54 88 1 8
54 89 3 10
54 90 3 2
54 91 1 3
54 96 3 7
54 98 8 6
54 99 2 5
54 100 10 1
55 56 8 4
55 57 7 4
55 58 8 6
55 59 4 8
55 60 7 1
55 62 4 8
55 63 9 2
55 64 4 1
55 65 2 4
55 67 1 6
55 68 4 1
55 69 8 8
55 70 7 3
55 73 3 8
55 74 6 4
55 75 3 1
55 76 9 1
55 77 8 3
55 78 6 9
55 79 7 8
55 80 7 9
55 81 5 2
55 82 10 2
55 83 4 6
55 84 7 6
55 85 6 6
55 87 8 8
55 88 9 8
55 89 2 6
55 90 9 8
55 91 4 8
55 93 10 1
55 95 5 1
55 96 10 2
55 98 9 1
55 99 2 2
56 57 2 1
56 58 6 2
56 59 9 3
56 60 6 2
56 61 3 5
56 64 6 1
56 66 10 6
56 67 7 3
56 69 10 6
56 70 6 4
56 71 1 9
56 73 7 10
56 74 3 4
56 75 9 6
56 76 3 8
56 77 9 5
56 78 3 10
56 79 7 7
56 80 10 3
56 81 10 9
56 82 1 4
56 84 10 2
56 88 2 8
56 89 9 6
56 90 7 2
56 91 6 6
56 92 5 1
56 93 4 5
56 94 9 9
56 95 7 8
56 96 1 3
56 97 4 2
56 98 8 2
56 99 9 8
56 100 10 4
57 58 2 6
57 59 5 1
57 61 2 3
57 62 2 9
57 64 4 10
57 65 7 6
57 66 8 4
57 67 7 10
57 68 4 4
57 69 6 5
57 70 6 5
57 71 4 5
57 72 4 7
57 75 5 10
57 76 2 4
57 77 8 3
57 78 2 10
57 79 6 6
57 80 2 9
57 81 6 4
57 82 8 2
57 84 1 6
57 85 3 10
57 86 5 6
57 87 7 4
57 88 7 7
57 89 10 9
57 90 2 5
57 91 7 1
57 92 6 6
57 93 4 5
57 94 1 3
57 95 8 10
57 97 6 8
57 98 4 2
57 100 7 4
58 59 7 10
58 61 1 10
58 62 3 10
58 63 6 10
58 65 5 8
58 66 8 8
58 67 8 3
58 69 1 3
58 70 8 4
58 71 2 5
58 72 10 7
58 73 9 1
58 74 4 5
58 75 6 6
58 76 1 1
58 78 6 3
58 79 5 10
58 80 2 4
58 82 4 9
58 83 7 6
58 84 2 5
58 85 3 4
58 87 7 9
58 88 1 3
58 89 3 8
58 90 3 1
58 92 4 1
58 93 6 6
58 94 8 5
58 96 3 4
58 97 10 1
58 99 1 1
58 100 2 7
59 60 8 8
59 61 5 5
59 62 8 5
59 63 2 4
59 64 6 6
59 66 3 1
59 67 5 2
59 68 8 2
59 70 10 6
59 71 8 10
59 73 4 9
59 74 8 6
59 75 6 4
59 76 10 1
59 77 3 6
59 78 7 6
59 80 1 7
59 81 5 2
59 83 9 10
59 84 2 8
59 85 9 4
59 86 5 10
59 87 2 4
59 88 7 8
59 89 5 6
59 91 6 10
59 92 9 6
59 94 5 4
59 95 9 7
59 96 5 3
59 98 3 2
59 99 4 6
59 100 8 7
60 61 7 6
60 64 1 6
60 65 4 4
60 66 10 6
60 68 2 5
60 69 8 5
60 70 10 9
60 71 10 6
60 72 1 10
60 73 4 5
60 75 6 5
60 76 4 3
60 80 1 9
60 81 3 6
60 82 1 1
60 84 3 2
60 85 9 5
60 86 9 3
60 88 8 4
60 89 10 2
60 90 4 10
60 91 5 2
60 93 3 10
60 94 10 1
60 95 10 3
60 96 4 1
60 97 9 9
60 98 10 4
60 100 6 1
61 62 1 7
61 64 7 5
61 65 3 7
61 66 4 6
61 68 3 9
61 71 7 2
61 72 3 8
61 73 9 7
61 76 4 10
61 77 10 4
61 78 2 9
61 80 7 1
61 81 6 4
61 82 5 4
61 83 10 3
61 84 2 3
61 85 5 3
61 86 4 2
61 87 9 6
61 88 7 8
61 89 1 10
61 90 5 3
61 92 8 10
61 93 2 9
61 94 8 7
61 95 3 10
61 96 6 3
61 98 7 2
61 99 3 4
61 100 7 3
62 63 8 2
62 64 1 1
62 65 10 9
62 67 2 7
62 68 2 7
62 69 6 1
62 70 6 3
62 71 6 5
62 72 4 4
62 74 3 6
62 75 7 6
62 76 2 2
62 77 5 10
62 78 7 1
62 80 4 10
62 81 8 1
62 82 7 3
62 84 2 7
62 85 1 3
62 86 3 5
62 87 7 4
62 88 10 1
62 89 5 4
62 90 1 9
62 91 8 8
62 92 3 2
62 94 5 9
62 96 1 3
62 98 2 3
62 99 9 7
62 100 2 2
63 64 7 3
63 65 4 9
63 66 10 5
63 68 3 4
63 69 10 10
63 70 1 2
63 71 4 1
63 72 8 10
63 73 1 4
63 74 9 2
63 75 6 2
63 76 4 9
63 77 4 4
63 78 10 8
63 80 8 6
63 81 9 6
63 82 9 5
63 83 7 7
63 84 4 2
63 86 7 7
63 88 6 3
63 89 2 6
63 90 6 5
63 91 4 4
63 92 2 7
63 93 9 4
63 94 5 3
63 95 8 2
63 96 7 5
63 98 2 7
63 99 7 3
63 100 9 8
64 65 2 6
64 66 10 6
64 67 8 4
64 68 10 4
64 69 3 6
64 71 9 1
64 73 10 1
64 75 5 4
64 76 1 2
64 77 8 2
64 78 9 1
64 79 9 7
64 81 10 5
64 82 4 7
64 83 4 9
64 84 1 9
64 85 6 3
64 86 5 4
64 88 10 4
64 89 2 4
64 91 9 9
64 92 4 5
64 93 1 7
64 94 7 2
64 95 8 5
64 96 1 3
64 97 5 7
64 98 4 6
64 99 2 10
65 66 1 2
65 67 5 8
65 69 2 7
65 71 8 9
65 72 1 9
65 73 8 7
65 74 2 1
65 75 9 4
65 76 3 7
65 77 6 4
65 78 7 3
65 79 3 10
65 81 7 8
65 82 5 8
65 83 1 3
65 84 7 2
65 86 4 5
65 87 9 1
65 88 3 6
65 89 3 5
65 92 3 5
65 94 2 2
65 95 7 10
65 96 4 6
65 97 10 2
65 99 8 10
65 100 9 10
66 68 7 2
66 69 10 7
66 71 5 5
66 72 9 7
66 73 1 3
66 74 8 4
66 75 2 3
66 76 9 6
66 77 4 8
66 78 9 5
66 79 3 10
66 80 2 5
66 81 6 1
66 82 9 3
66 83 7 7
66 84 1 6
66 85 9 6
66 86 1 10
66 88 8 6
66 89 7 4
66 90 1 9
66 91 8 3
66 92 8 1
66 93 6 2
66 94 5 6
66 95 3 5
66 96 8 1
66 97 5 9
66 98 6 8
66 99 2 6
66 100 10 1
67 68 9 7
67 69 3 4
67 70 4 2
67 71 8 5
67 72 4 10
67 73 1 10
67 74 6 3
67 75 2 7
67 78 4 1
67 79 9 8
67 81 3 9
67 82 5 9
67 84 6 5
67 85 3 3
67 86 10 8
67 87 10 1
67 90 1 5
67 91 6 6
67 93 4 3
67 94 7 5
67 95 3 10
67 96 9 2
67 98 1 8
67 99 3 3
67 100 1 5
68 69 4 9
68 70 6 9
68 72 3 3
68 73 8 3
68 74 6 2
68 75 9 10
68 76 4 2
68 79 9 8
68 80 1 10
68 81 2 3
68 82 8 1
68 83 1 4
68 84 8 6
68 87 4 4
68 88 8 6
68 89 2 9
68 90 9 8
68 91 1 9
68 92 10 7
68 93 7 5
68 94 1 5
68 95 6 4
68 96 2 9
68 97 3 4
68 98 3 2
68 99 4 7
68 100 6 6
69 71 3 5
69 72 10 6
69 73 5 8
69 74 2 8
69 76 6 7
69 78 4 8
69 79 6 7
69 81 5 1
69 82 2 9
69 83 6 6
69 84 3 2
69 85 9 1
69 86 3 9
69 87 1 7
69 88 4 8
69 89 1 6
69 90 5 1
69 91 7 10
69 92 10 6
69 93 2 10
69 94 9 7
69 95 7 7
69 96 3 3
69 97 10 7
69 98 10 2
69 99 2 7
69 100 7 3
70 71 3 6
70 72 7 3
70 73 10 9
70 74 4 3
70 75 9 2
70 76 10 2
70 81 10 4
70 82 6 3
70 83 10 1
70 84 8 10
70 85 9 9
70 86 4 2
70 87 5 9
70 88 3 2
70 89 8 1
70 90 5 7
70 91 7 1
70 93 8 4
70 94 3 7
70 96 3 4
70 97 5 10
70 98 7 3
70 99 3 10
70 100 3 4
71 72 3 6
71 73 6 9
71 74 8 2
71 75 2 9
71 76 3 5
71 77 9 4
71 78 2 10
71 79 1 4
71 81 9 8
71 82 2 2
71 83 6 1
71 85 10 9
71 86 4 9
71 87 7 1
71 88 7 7
71 90 10 1
71 91 3 10
71 93 2 7
71 95 5 2
71 98 9 2
71 99 10 6
71 100 9 8
72 73 9 1
72 74 5 7
72 75 8 8
72 76 3 7
72 78 8 4
72 79 3 3
72 80 9 8
72 82 5 1
72 83 1 1
72 84 6 1
72 85 2 6
72 87 1 7
72 88 1 4
72 89 5 1
72 92 1 4
72 93 9 7
72 94 8 10
72 95 8 7
72 96 7 3
72 97 4 9
72 98 6 6
72 99 3 5
72 100 1 6
73 74 1 6
73 75 7 8
73 77 5 9
73 78 4 3
73 79 7 10
73 80 3 10
73 81 7 3
73 82 1 4
73 84 1 10
73 85 5 4
73 86 1 9
73 87 5 8
73 88 6 7
73 90 9 1
73 91 4 9
73 92 5 3
73 93 1 2
73 96 6 4
73 97 8 4
73 98 10 8
73 99 1 3
73 100 1 7
74 75 9 7
74 76 6 10
74 77 10 4
74 79 2 9
74 80 6 3
74 82 9 3
74 83 8 3
74 84 1 2
74 85 4 3
74 86 1 5
74 87 3 9
74 88 7 4
74 90 7 5
74 91 2 7
74 92 7 9
74 93 9 1
74 94 9 3
74 96 3 2
74 97 10 8
74 98 9 1
74 99 3 3
75 76 10 7
75 77 3 4
75 78 8 5
75 79 8 4
75 81 2 1
75 82 4 10
75 83 1 4
75 84 5 10
75 85 3 4
75 87 4 2
75 90 5 3
75 91 5 2
75 92 10 2
75 93 1 10
75 94 7 4
75 95 6 2
75 97 7 5
75 98 1 2
75 99 1 1
76 78 10 1
76 80 2 6
76 82 7 6
76 83 9 4
76 85 5 1
76 86 10 8
76 88 8 10
76 89 4 3
76 92 4 1
76 93 9 8
76 94 4 3
76 95 8 7
76 96 8 10
76 97 8 9
76 98 3 8
76 100 6 5
77 78 4 10
77 79 2 3
77 80 9 1
77 81 6 7
77 83 6 2
77 84 9 7
77 85 9 3
77 86 2 2
77 87 2 9
77 88 10 10
77 89 6 10
77 90 6 9
77 91 4 5
77 92 6 10
77 93 1 10
77 94 6 8
77 95 3 5
77 96 2 5
77 97 8 3
77 98 3 2
77 99 9 8
78 79 7 10
78 80 2 3
78 82 4 10
78 83 4 6
78 84 10 8
78 85 6 9
78 86 6 2
78 87 8 4
78 88 3 2
78 89 5 2
78 90 5 4
78 91 7 9
78 92 1 9
78 93 8 3
78 94 4 10
78 95 3 2
78 96 2 7
78 97 5 2
78 99 6 5
78 100 1 10
79 80 8 9
79 81 3 7
79 82 10 3
79 83 5 3
79 84 5 1
79 85 4 9
79 86 1 4
79 88 1 10
79 89 2 10
79 90 1 3
79 91 5 3
79 93 1 5
79 94 2 5
79 96 4 4
79 97 3 10
79 98 9 4
79 99 1 4
79 100 4 6
80 81 9 9
80 82 10 5
80 83 5 4
80 84 9 1
80 85 7 9
80 87 10 9
80 88 7 3
80 92 9 4
80 93 1 3
80 94 7 2
80 95 5 6
80 97 5 6
80 98 5 8
81 82 10 2
81 83 8 2
81 84 4 8
81 85 6 5
81 86 7 7
81 87 5 6
81 88 1 3
81 89 10 7
81 91 7 2
81 92 8 9
81 93 4 2
81 94 9 5
81 95 9 3
81 97 7 9
81 98 3 7
81 99 6 8
81 100 9 1
82 83 10 7
82 87 3 9
82 88 2 2
82 89 4 9
82 90 5 5
82 91 4 7
82 92 8 4
82 93 9 7
82 94 6 7
82 95 8 6
82 98 8 7
82 99 1 1
82 100 6 4
83 84 2 4
83 85 7 5
83 86 1 4
83 87 10 10
83 88 4 5
83 89 7 5
83 90 6 6
83 91 1 4
83 92 3 8
83 93 1 2
83 94 6 6
83 95 10 4
83 96 6 9
83 97 3 1
83 98 6 10
83 100 3 4
84 85 5 2
84 86 5 6
84 87 10 1
84 89 5 10
84 90 7 1
84 91 9 4
84 92 9 10
84 93 9 6
84 94 10 1
84 96 2 8
84 97 6 6
84 98 5 4
84 99 1 3
84 100 3 4
85 86 8 1
85 89 5 4
85 90 4 5
85 91 1 6
85 93 3 2
85 94 4 7
85 95 5 5
85 97 10 4
85 99 6 9
85 100 3 6
86 88 9 7
86 89 1 2
86 90 3 10
86 91 7 9
86 92 2 10
86 93 2 8
86 94 5 6
86 95 1 9
86 97 7 1
86 98 6 5
86 99 8 1
86 100 5 1
87 88 5 10
87 89 8 10
87 91 6 10
87 92 7 10
87 93 4 3
87 94 8 1
87 96 10 10
87 98 10 10
87 99 3 3
87 100 7 9
88 89 3 3
88 90 2 1
88 91 3 10
88 92 8 9
88 94 2 8
88 97 6 2
88 98 1 2
88 99 9 6
88 100 9 2
89 91 10 10
89 92 5 2
89 94 7 2
89 95 2 2
89 96 6 6
89 97 3 4
89 98 3 5
89 100 9 2
90 91 6 1
90 92 1 9
90 93 1 6
90 94 7 9
90 95 4 5
90 96 5 6
90 97 8 2
90 98 6 6
90 100 5 4
91 93 6 3
91 94 9 10
91 95 6 10
91 96 4 10
91 97 6 2
91 99 10 6
91 100 7 2
92 93 6 4
92 94 9 1
92 95 5 3
92 96 10 6
92 97 4 3
92 98 9 5
92 99 10 7
92 100 5 4
93 94 3 3
93 96 1 10
93 97 4 4
93 99 8 8
93 100 1 10
94 95 1 9
94 96 7 9
94 97 8 9
94 98 7 2
94 99 4 4
94 100 3 5
95 98 5 4
95 99 2 4
95 100 3 1
96 97 1 5
96 98 2 1
96 100 8 2
97 98 4 8
97 99 1 3
99 100 9 9
1
1 2 3 4 5 6 7 8 9 10 11 12 13 14 15 16 17 18 19 20 21 22 23 24 25 26 27 28 29 30 31 32 33 34 35 36 37 38 39 40 41 42 43 44 45 46 47 48 49 50
